09:00:08,59.80,9,9,59.80_59.90_60.00_60.10_60.20_,2_2_8_1_4_,59.50_59.30_59.20_59.10_59.00_,8_1_3_3_1_
09:00:14,59.80,9,9,59.70_59.80_59.90_60.00_60.10_,4_3_2_8_1_,59.50_59.40_59.30_59.20_59.10_,8_2_1_3_3_
09:00:19,59.70,2,11,59.70_59.80_59.90_60.00_60.10_,3_3_2_8_1_,59.60_59.50_59.30_59.20_59.10_,1_8_1_3_3_
09:00:24,59.70,2,11,59.70_59.80_59.90_60.00_60.10_,3_3_2_8_3_,59.60_59.50_59.30_59.20_59.10_,1_8_1_3_3_
09:01:10,59.70,2,11,59.70_59.80_59.90_60.00_60.10_,13_3_2_8_3_,59.60_59.50_59.30_59.20_59.10_,1_8_1_3_4_
09:01:15,59.60,1,12,59.70_59.80_59.90_60.00_60.10_,13_3_2_8_27_,59.50_59.30_59.20_59.10_59.00_,7_1_4_5_4_
09:01:20,59.50,7,19,59.50_59.70_59.80_59.90_60.00_,16_13_3_2_34_,59.30_59.20_59.10_59.00_58.80_,1_4_13_4_1_
09:01:25,59.50,7,19,59.50_59.60_59.70_59.80_59.90_,16_1_14_29_40_,59.30_59.20_59.10_59.00_58.90_,1_3_4_5_9_
09:01:30,59.50,7,19,59.50_59.60_59.70_59.80_59.90_,17_1_14_29_40_,59.30_59.20_59.10_59.00_58.90_,1_3_4_5_9_
09:01:36,59.50,7,19,59.50_59.60_59.70_59.80_59.90_,8_1_14_29_57_,59.30_59.20_59.10_59.00_58.90_,1_3_4_5_9_
09:01:46,59.50,7,19,59.50_59.70_59.80_59.90_60.00_,8_14_29_57_8_,59.30_59.20_59.10_59.00_58.90_,1_3_4_5_9_
09:02:06,59.50,7,19,59.40_59.50_59.70_59.80_59.90_,5_3_14_29_57_,59.30_59.20_59.10_59.00_58.90_,2_3_4_5_9_
09:02:12,59.50,7,19,59.40_59.50_59.70_59.80_59.90_,6_3_13_27_57_,59.30_59.20_59.10_59.00_58.90_,2_3_4_4_1_
09:02:17,59.30,2,21,59.40_59.50_59.70_59.80_59.90_,6_3_13_27_57_,59.20_59.10_59.00_58.90_58.80_,3_4_4_9_1_
09:02:22,59.30,2,21,59.40_59.50_59.70_59.80_59.90_,8_3_13_63_19_,59.20_59.10_59.00_58.90_58.80_,3_4_4_1_9_
09:02:27,59.20,4,25,59.40_59.50_59.70_59.80_59.90_,9_3_13_63_19_,59.10_59.00_58.90_58.80_58.60_,4_4_1_9_11_
09:02:32,59.20,4,25,59.40_59.50_59.70_59.80_59.90_,9_3_36_57_2_,59.10_59.00_58.80_58.70_58.60_,4_4_2_8_11_
09:02:37,59.20,4,25,59.40_59.50_59.70_59.80_59.90_,9_3_36_57_2_,59.20_59.10_59.00_58.80_58.70_,1_4_4_2_8_
09:02:42,59.20,4,25,59.40_59.50_59.70_59.80_59.90_,9_3_13_63_19_,59.20_59.10_59.00_58.90_58.80_,1_3_4_2_10_
09:02:47,59.20,4,25,59.40_59.50_59.70_59.80_59.90_,9_3_13_63_19_,59.20_59.10_59.00_58.90_58.80_,2_4_4_2_10_
09:02:53,59.20,4,25,59.40_59.50_59.70_59.80_59.90_,9_3_13_63_19_,59.20_59.10_59.00_58.90_58.80_,3_4_4_2_10_
09:03:03,59.20,4,25,59.40_59.50_59.70_59.80_59.90_,9_3_13_63_19_,59.20_59.10_59.00_58.90_58.80_,4_4_4_2_10_
09:03:08,59.20,4,25,59.40_59.50_59.70_59.80_59.90_,9_3_13_63_19_,59.20_59.10_59.00_58.90_58.80_,5_4_4_2_10_
09:03:13,59.40,1,26,59.40_59.50_59.70_59.80_59.90_,8_3_13_63_19_,59.20_59.10_59.00_58.90_58.80_,5_4_4_2_10_
09:03:18,59.40,1,26,59.40_59.50_59.70_59.80_59.90_,8_3_36_40_19_,59.20_59.10_59.00_58.90_58.80_,5_4_4_1_10_
09:03:23,59.40,1,26,59.40_59.50_59.70_59.80_59.90_,8_3_36_40_19_,59.20_59.10_59.00_58.90_58.80_,7_4_4_1_10_
09:03:28,59.20,2,28,59.40_59.50_59.70_59.80_59.90_,8_3_36_40_19_,59.20_59.10_59.00_58.90_58.80_,5_4_4_1_10_
09:03:34,59.20,2,30,59.40_59.50_59.70_59.80_59.90_,8_3_13_63_19_,59.20_59.10_59.00_58.90_58.80_,4_4_4_1_10_
09:03:39,59.20,2,30,59.40_59.50_59.70_59.80_59.90_,8_3_13_63_19_,59.20_59.10_59.00_58.90_58.80_,3_4_4_1_10_
09:03:44,59.20,1,31,59.40_59.50_59.70_59.80_59.90_,8_3_13_63_19_,59.20_59.10_59.00_58.90_58.80_,2_5_5_1_10_
09:03:49,59.20,1,32,59.40_59.50_59.70_59.80_59.90_,8_3_13_63_19_,59.20_59.10_59.00_58.90_58.80_,2_5_5_1_10_
09:03:54,59.20,1,32,59.40_59.50_59.70_59.80_59.90_,8_3_13_63_19_,59.20_59.10_59.00_58.90_58.80_,2_2_5_1_10_
09:03:59,59.20,1,32,59.30_59.40_59.50_59.70_59.80_,1_8_3_13_63_,59.20_59.10_59.00_58.90_58.80_,1_2_6_4_10_
09:04:04,59.20,1,32,59.30_59.40_59.50_59.70_59.80_,2_8_3_35_57_,59.20_59.10_59.00_58.90_58.80_,1_2_5_4_9_
09:04:09,59.20,1,33,59.30_59.40_59.50_59.70_59.80_,2_8_3_35_57_,59.20_59.10_59.00_58.90_58.80_,1_2_5_4_9_
09:04:30,59.20,1,33,59.30_59.40_59.50_59.70_59.80_,2_8_3_35_57_,59.20_59.10_59.00_58.90_58.80_,2_2_5_6_9_
09:04:35,59.20,2,35,59.30_59.40_59.50_59.70_59.80_,2_8_3_35_57_,59.10_59.00_58.90_58.80_58.70_,2_6_6_9_1_
09:04:40,59.20,2,35,59.30_59.40_59.50_59.60_59.70_,4_6_3_2_71_,59.10_59.00_58.90_58.80_58.70_,2_6_6_1_10_
09:04:45,59.20,2,35,59.30_59.40_59.50_59.60_59.70_,4_6_3_2_88_,59.10_59.00_58.90_58.80_58.70_,4_6_6_1_10_
09:05:16,59.20,2,35,59.30_59.40_59.50_59.60_59.70_,4_6_3_2_88_,59.20_59.10_59.00_58.90_58.80_,7_5_5_6_1_
09:05:21,59.20,2,35,59.30_59.40_59.50_59.70_59.80_,4_6_3_90_2_,59.20_59.10_59.00_58.90_58.80_,8_4_5_7_10_
09:05:26,59.20,2,35,59.30_59.40_59.50_59.70_59.80_,4_6_3_35_57_,59.20_59.10_59.00_58.90_58.80_,8_4_5_7_10_
09:05:31,59.20,2,35,59.30_59.40_59.50_59.70_59.80_,4_6_3_35_57_,59.20_59.10_59.00_58.90_58.80_,8_4_7_7_10_
09:05:37,59.20,2,35,59.30_59.40_59.50_59.70_59.80_,5_6_3_35_57_,59.20_59.10_59.00_58.90_58.80_,9_4_7_7_10_
09:05:42,59.20,2,35,59.30_59.40_59.50_59.70_59.80_,5_6_3_35_57_,59.20_59.10_59.00_58.90_58.80_,10_4_7_7_10_
09:05:47,59.30,3,38,59.30_59.40_59.50_59.70_59.80_,2_6_3_35_57_,59.20_59.10_59.00_58.90_58.80_,12_4_7_6_10_
09:05:57,59.30,1,39,59.30_59.40_59.50_59.70_59.80_,1_6_3_35_57_,59.20_59.10_59.00_58.90_58.80_,12_4_7_6_10_
09:06:02,59.30,1,40,59.40_59.50_59.70_59.80_59.90_,6_3_35_57_2_,59.20_59.10_59.00_58.90_58.80_,11_4_7_6_10_
09:06:07,59.30,1,40,59.40_59.50_59.70_59.80_59.90_,6_3_37_40_19_,59.30_59.20_59.10_59.00_58.90_,1_11_4_7_6_
09:06:13,59.30,1,41,59.40_59.50_59.70_59.80_59.90_,6_3_12_27_57_,59.30_59.20_59.10_59.00_58.90_,1_9_4_8_14_
09:06:38,59.30,1,41,59.40_59.50_59.70_59.80_59.90_,6_3_12_27_57_,59.30_59.20_59.10_59.00_58.90_,1_10_4_8_14_
09:06:43,59.30,1,41,59.40_59.50_59.70_59.80_59.90_,6_3_12_27_57_,59.30_59.20_59.10_59.00_58.90_,3_10_4_8_14_
09:06:48,59.30,1,41,59.40_59.50_59.70_59.80_59.90_,6_6_12_27_57_,59.30_59.20_59.10_59.00_58.90_,3_10_4_8_14_
09:06:53,59.30,1,41,59.40_59.50_59.70_59.80_59.90_,6_6_12_27_57_,59.30_59.20_59.10_59.00_58.90_,2_10_4_8_14_
09:07:24,59.40,2,43,59.40_59.50_59.70_59.80_59.90_,4_6_12_27_57_,59.30_59.20_59.10_59.00_58.90_,2_10_4_8_14_
09:07:29,59.40,2,43,59.40_59.50_59.70_59.80_59.90_,4_6_12_65_19_,59.30_59.20_59.10_59.00_58.90_,3_10_4_8_14_
09:07:40,59.40,2,43,59.40_59.50_59.70_59.80_59.90_,4_11_12_65_19_,59.30_59.20_59.10_59.00_58.90_,3_10_4_8_14_
09:07:50,59.40,2,43,59.40_59.50_59.70_59.80_59.90_,4_11_12_65_19_,59.30_59.20_59.10_59.00_58.90_,4_10_4_8_14_
09:07:55,59.40,2,43,59.40_59.50_59.70_59.80_59.90_,4_11_12_27_57_,59.30_59.20_59.10_59.00_58.90_,4_10_4_8_14_
09:08:05,59.40,2,43,59.40_59.50_59.70_59.80_59.90_,7_11_12_27_57_,59.30_59.20_59.10_59.00_58.90_,5_10_4_8_14_
09:08:10,59.40,2,43,59.40_59.50_59.70_59.80_59.90_,7_11_12_27_57_,59.30_59.20_59.10_59.00_58.90_,5_19_4_8_14_
09:08:15,59.40,1,44,59.40_59.50_59.70_59.80_59.90_,6_11_12_27_57_,59.30_59.20_59.10_59.00_58.90_,5_19_4_8_14_
09:08:21,59.40,1,44,59.40_59.50_59.70_59.80_59.90_,6_11_12_27_57_,59.30_59.20_59.10_59.00_58.90_,6_20_4_8_14_
09:08:26,59.40,1,44,59.40_59.50_59.70_59.80_59.90_,6_11_12_27_57_,59.30_59.20_59.10_59.00_58.90_,7_20_4_8_14_
09:08:36,59.40,1,45,59.40_59.50_59.70_59.80_59.90_,5_11_12_27_57_,59.30_59.20_59.10_59.00_58.90_,7_20_4_8_14_
09:08:51,59.40,1,46,59.40_59.50_59.70_59.80_59.90_,9_11_12_27_57_,59.30_59.20_59.10_59.00_58.90_,7_20_4_8_14_
09:08:57,59.40,1,47,59.40_59.50_59.70_59.80_59.90_,8_12_12_27_57_,59.30_59.20_59.10_59.00_58.90_,6_20_4_8_14_
09:09:02,59.40,1,47,59.40_59.50_59.70_59.80_59.90_,9_11_12_27_57_,59.30_59.20_59.10_59.00_58.90_,6_20_4_8_14_
09:09:07,59.40,1,47,59.40_59.50_59.70_59.80_59.90_,9_12_12_27_57_,59.30_59.20_59.10_59.00_58.90_,6_20_4_8_14_
09:09:27,59.40,2,49,59.40_59.50_59.70_59.80_59.90_,7_12_12_27_57_,59.30_59.20_59.10_59.00_58.90_,6_20_4_8_14_
09:09:32,59.40,2,49,59.40_59.50_59.70_59.80_59.90_,9_11_12_27_57_,59.30_59.20_59.10_59.00_58.90_,8_20_4_8_14_
09:09:38,59.40,2,49,59.40_59.50_59.70_59.80_59.90_,9_12_12_27_57_,59.30_59.20_59.10_59.00_58.90_,8_20_4_8_14_
09:09:43,59.40,2,49,59.40_59.50_59.70_59.80_59.90_,9_12_12_27_57_,59.30_59.20_59.10_59.00_58.90_,9_20_4_8_14_
09:09:48,59.30,3,52,59.40_59.50_59.70_59.80_59.90_,9_12_12_27_57_,59.30_59.20_59.10_59.00_58.90_,6_21_4_8_14_
09:09:53,59.40,1,53,59.40_59.50_59.70_59.80_59.90_,8_12_12_27_57_,59.30_59.20_59.10_59.00_58.90_,7_20_4_8_14_
09:09:58,59.40,1,53,59.40_59.50_59.70_59.80_59.90_,8_11_12_27_57_,59.30_59.20_59.10_59.00_58.90_,8_20_4_8_14_
09:10:18,59.40,1,53,59.40_59.50_59.70_59.80_59.90_,8_11_12_27_57_,59.30_59.20_59.10_59.00_58.90_,8_21_4_9_14_
09:10:54,59.30,5,58,59.40_59.50_59.70_59.80_59.90_,8_11_12_27_57_,59.30_59.20_59.10_59.00_58.90_,3_21_4_9_14_
09:10:59,59.30,1,59,59.40_59.50_59.70_59.80_59.90_,8_11_12_27_57_,59.30_59.20_59.10_59.00_58.90_,3_22_4_8_14_
09:11:05,59.30,1,60,59.40_59.50_59.70_59.80_59.90_,8_11_12_27_57_,59.30_59.20_59.10_59.00_58.90_,2_23_4_8_14_
09:11:15,59.30,1,60,59.40_59.50_59.70_59.80_59.90_,8_11_12_27_57_,59.30_59.20_59.10_59.00_58.90_,3_23_4_8_14_
09:11:20,59.30,1,61,59.40_59.50_59.70_59.80_59.90_,8_11_12_27_57_,59.30_59.20_59.10_59.00_58.90_,3_23_4_8_14_
09:11:46,59.30,3,64,59.40_59.50_59.70_59.80_59.90_,8_11_12_31_57_,59.20_59.10_59.00_58.90_58.80_,23_4_8_14_2_
09:11:51,59.30,3,64,59.40_59.50_59.70_59.80_59.90_,8_11_37_44_19_,59.20_59.10_59.00_58.90_58.80_,23_4_8_6_10_
09:12:06,59.30,3,64,59.40_59.50_59.70_59.80_59.90_,8_11_38_44_19_,59.20_59.10_59.00_58.90_58.80_,23_4_8_6_10_
09:12:22,59.40,3,67,59.40_59.50_59.70_59.80_59.90_,5_11_38_44_19_,59.20_59.10_59.00_58.90_58.80_,23_4_8_3_10_
09:12:27,59.30,1,68,59.40_59.50_59.70_59.80_59.90_,5_11_38_44_19_,59.20_59.10_59.00_58.90_58.80_,23_4_8_3_10_
09:12:47,59.30,1,68,59.40_59.50_59.70_59.80_59.90_,5_11_38_45_19_,59.20_59.10_59.00_58.90_58.80_,23_4_8_3_10_
09:12:52,59.30,1,68,59.40_59.50_59.70_59.80_59.90_,5_11_38_45_20_,59.20_59.10_59.00_58.90_58.80_,23_4_8_3_10_
09:12:57,59.30,1,68,59.40_59.50_59.70_59.80_59.90_,5_11_38_45_20_,59.20_59.10_59.00_58.90_58.80_,23_5_8_3_10_
09:13:18,59.30,1,68,59.40_59.50_59.70_59.80_59.90_,5_11_38_45_20_,59.30_59.20_59.10_59.00_58.90_,3_23_5_8_3_
09:13:23,59.40,1,69,59.40_59.50_59.70_59.80_59.90_,4_11_13_32_58_,59.30_59.20_59.10_59.00_58.90_,3_23_5_8_12_
09:13:38,59.40,1,69,59.40_59.50_59.70_59.80_59.90_,4_11_13_32_58_,59.30_59.20_59.10_59.00_58.90_,7_23_5_8_12_
09:13:44,59.40,1,69,59.40_59.50_59.70_59.80_59.90_,4_11_13_32_58_,59.30_59.20_59.10_59.00_58.90_,8_23_5_8_12_
09:13:49,59.40,1,69,59.40_59.50_59.70_59.80_59.90_,4_11_13_32_58_,59.30_59.20_59.10_59.00_58.90_,9_23_5_8_12_
09:13:54,59.40,1,69,59.40_59.50_59.70_59.80_59.90_,4_11_13_32_59_,59.30_59.20_59.10_59.00_58.90_,14_23_5_5_12_
09:13:59,59.40,1,69,59.40_59.50_59.70_59.80_59.90_,4_11_13_32_59_,59.30_59.20_59.10_59.00_58.90_,15_22_5_5_12_
09:14:04,59.40,1,69,59.40_59.50_59.70_59.80_59.90_,5_11_14_32_59_,59.30_59.20_59.10_59.00_58.90_,15_22_5_5_12_
09:15:06,59.40,1,69,59.40_59.50_59.70_59.80_59.90_,5_11_14_32_59_,59.30_59.20_59.10_59.00_58.90_,15_17_5_5_12_
09:15:16,59.40,1,69,59.40_59.50_59.70_59.80_59.90_,5_11_14_32_59_,59.30_59.20_59.10_59.00_58.90_,16_17_5_5_12_
09:15:21,59.40,1,69,59.40_59.50_59.70_59.80_59.90_,5_11_14_32_59_,59.30_59.20_59.10_59.00_58.90_,17_17_5_5_12_
09:15:42,59.40,5,74,59.50_59.70_59.80_59.90_60.00_,11_14_32_59_21_,59.30_59.20_59.10_59.00_58.90_,17_17_5_5_12_
09:15:47,59.40,1,75,59.50_59.70_59.80_59.90_60.00_,11_14_32_41_38_,59.30_59.20_59.10_59.00_58.90_,20_16_5_5_11_
09:15:52,59.40,1,76,59.40_59.50_59.70_59.80_59.90_,3_11_14_34_41_,59.30_59.20_59.10_59.00_58.90_,20_16_5_5_11_
09:15:57,59.40,1,76,59.40_59.50_59.70_59.80_59.90_,4_11_14_32_58_,59.30_59.20_59.10_59.00_58.90_,20_16_5_5_11_
09:16:02,59.40,1,76,59.40_59.50_59.70_59.80_59.90_,4_11_23_32_58_,59.30_59.20_59.10_59.00_58.90_,20_16_5_5_11_
09:16:07,59.40,1,76,59.40_59.50_59.70_59.80_59.90_,4_11_23_32_58_,59.30_59.20_59.10_59.00_58.90_,18_16_5_5_11_
09:16:23,59.40,1,76,59.40_59.50_59.70_59.80_59.90_,10_11_23_32_58_,59.30_59.20_59.10_59.00_58.90_,18_16_5_5_11_
09:16:28,59.40,3,79,59.40_59.50_59.70_59.80_59.90_,7_11_23_32_58_,59.30_59.20_59.10_59.00_58.90_,18_16_5_5_11_
09:16:33,59.40,1,80,59.40_59.50_59.70_59.80_59.90_,7_11_23_32_58_,59.30_59.20_59.10_59.00_58.90_,16_16_5_5_11_
09:16:38,59.40,1,81,59.40_59.50_59.70_59.80_59.90_,7_11_23_32_58_,59.30_59.20_59.10_59.00_58.90_,16_16_5_5_11_
09:16:53,59.40,1,81,59.40_59.50_59.70_59.80_59.90_,7_11_23_32_57_,59.30_59.20_59.10_59.00_58.90_,16_16_5_5_11_
09:16:58,59.40,1,81,59.40_59.50_59.70_59.80_59.90_,7_11_23_32_57_,59.30_59.20_59.10_59.00_58.90_,16_16_6_5_11_
09:17:04,59.40,1,81,59.40_59.50_59.70_59.80_59.90_,9_9_23_32_57_,59.30_59.20_59.10_59.00_58.90_,16_16_6_5_11_
09:17:09,59.40,1,82,59.40_59.50_59.70_59.80_59.90_,8_9_23_32_57_,59.30_59.20_59.10_59.00_58.90_,16_16_6_7_11_
09:17:14,59.40,1,82,59.40_59.50_59.70_59.80_59.90_,8_9_23_31_57_,59.30_59.20_59.10_59.00_58.90_,16_16_6_7_11_
09:18:05,59.40,1,82,59.40_59.50_59.70_59.80_59.90_,11_9_23_31_57_,59.30_59.20_59.10_59.00_58.90_,21_16_6_7_11_
09:18:15,59.40,1,82,59.40_59.50_59.70_59.80_59.90_,11_9_23_31_57_,59.30_59.20_59.10_59.00_58.90_,22_16_6_7_11_
09:18:41,59.40,2,84,59.40_59.50_59.70_59.80_59.90_,9_9_23_31_57_,59.30_59.20_59.10_59.00_58.90_,22_16_6_7_11_
09:18:51,59.40,1,85,59.40_59.50_59.70_59.80_59.90_,8_9_23_31_57_,59.30_59.20_59.10_59.00_58.90_,22_16_6_7_11_
09:18:56,59.40,8,93,59.50_59.70_59.80_59.90_60.00_,9_23_31_57_21_,59.40_59.30_59.20_59.10_59.00_,3_23_16_6_7_
09:19:01,59.40,8,93,59.50_59.70_59.80_59.90_60.00_,9_23_7_27_76_,59.40_59.30_59.20_59.10_59.00_,4_20_16_6_15_
09:19:06,59.50,1,94,59.50_59.70_59.80_59.90_60.00_,8_23_7_27_76_,59.40_59.30_59.20_59.10_59.00_,5_20_16_6_15_
09:19:11,59.50,1,94,59.50_59.70_59.80_59.90_60.00_,8_23_7_67_38_,59.40_59.30_59.20_59.10_59.00_,6_20_16_6_15_
09:19:17,59.50,1,94,59.50_59.70_59.80_59.90_60.00_,8_23_7_69_38_,59.40_59.30_59.20_59.10_59.00_,6_20_16_6_15_
09:19:22,59.50,1,94,59.50_59.70_59.80_59.90_60.00_,8_23_7_69_38_,59.40_59.30_59.20_59.10_59.00_,5_20_16_6_15_
09:19:37,59.50,1,95,59.50_59.70_59.80_59.90_60.00_,7_23_7_69_38_,59.40_59.30_59.20_59.10_59.00_,5_20_16_6_15_
09:19:52,59.50,1,95,59.50_59.70_59.80_59.90_60.00_,7_23_7_70_38_,59.40_59.30_59.20_59.10_59.00_,5_20_16_6_15_
09:19:57,59.50,1,95,59.50_59.70_59.80_59.90_60.00_,7_23_7_70_38_,59.40_59.30_59.20_59.10_59.00_,8_20_6_6_15_
09:20:03,59.50,2,97,59.50_59.70_59.80_59.90_60.00_,5_23_7_70_38_,59.40_59.30_59.20_59.10_59.00_,8_20_6_6_15_
09:20:13,59.50,2,97,59.50_59.70_59.80_59.90_60.00_,5_23_7_70_38_,59.40_59.30_59.20_59.10_59.00_,10_20_6_6_15_
09:20:28,59.50,2,97,59.50_59.70_59.80_59.90_60.00_,5_23_7_70_38_,59.40_59.30_59.20_59.10_59.00_,20_20_6_6_15_
09:20:39,59.50,2,97,59.50_59.70_59.80_59.90_60.00_,5_23_7_70_38_,59.40_59.30_59.20_59.10_59.00_,21_20_6_6_15_
09:20:44,59.50,1,98,59.50_59.70_59.80_59.90_60.00_,4_23_7_70_38_,59.40_59.30_59.20_59.10_59.00_,21_20_6_6_15_
09:20:54,59.50,1,99,59.50_59.70_59.80_59.90_60.00_,3_23_7_70_38_,59.40_59.30_59.20_59.10_59.00_,21_20_6_6_15_
09:21:04,59.50,3,102,59.70_59.80_59.90_60.00_60.10_,23_7_70_38_14_,59.40_59.30_59.20_59.10_59.00_,21_20_6_6_15_
09:21:09,59.50,3,102,59.70_59.80_59.90_60.00_60.10_,23_7_7_46_69_,59.40_59.30_59.20_59.10_59.00_,21_20_6_6_15_
09:21:14,59.50,3,102,59.70_59.80_59.90_60.00_60.10_,23_7_7_46_70_,59.40_59.30_59.20_59.10_59.00_,21_20_6_6_15_
09:21:50,59.50,3,102,59.70_59.80_59.90_60.00_60.10_,23_7_7_46_70_,59.40_59.30_59.20_59.10_59.00_,21_20_11_6_15_
09:22:06,59.50,3,102,59.70_59.80_59.90_60.00_60.10_,23_7_8_46_70_,59.40_59.30_59.20_59.10_59.00_,21_20_11_6_15_
09:22:26,59.50,3,102,59.70_59.80_59.90_60.00_60.10_,23_7_8_46_70_,59.40_59.30_59.20_59.10_59.00_,21_20_11_7_15_
09:22:47,59.70,1,103,59.70_59.80_59.90_60.00_60.10_,22_7_8_46_70_,59.40_59.30_59.20_59.10_59.00_,21_20_11_7_15_
09:22:52,59.70,1,103,59.60_59.70_59.80_59.90_60.00_,2_22_7_8_84_,59.40_59.30_59.20_59.10_59.00_,21_20_11_7_15_
09:22:57,59.60,1,104,59.60_59.70_59.80_59.90_60.00_,2_22_7_28_76_,59.40_59.30_59.20_59.10_59.00_,21_20_11_7_14_
09:23:38,59.60,1,104,59.60_59.70_59.80_59.90_60.00_,2_22_7_28_76_,59.40_59.30_59.20_59.10_59.00_,20_20_11_7_14_
09:23:53,59.60,1,104,59.60_59.70_59.80_59.90_60.00_,3_22_7_28_76_,59.40_59.30_59.20_59.10_59.00_,20_20_11_7_14_
09:23:58,59.60,1,104,59.60_59.70_59.80_59.90_60.00_,3_22_7_28_76_,59.40_59.30_59.20_59.10_59.00_,22_20_11_7_14_
09:24:09,59.60,1,104,59.60_59.70_59.80_59.90_60.00_,4_22_7_28_76_,59.40_59.30_59.20_59.10_59.00_,22_20_12_7_14_
09:24:45,59.60,1,104,59.60_59.70_59.80_59.90_60.00_,5_22_7_28_76_,59.40_59.30_59.20_59.10_59.00_,22_20_12_7_14_
09:24:50,59.60,1,104,59.60_59.70_59.80_59.90_60.00_,5_22_7_28_76_,59.40_59.30_59.20_59.10_59.00_,22_20_13_7_14_
09:25:00,59.60,1,104,59.60_59.70_59.80_59.90_60.00_,6_22_7_28_76_,59.40_59.30_59.20_59.10_59.00_,22_20_13_7_14_
09:25:41,59.60,1,104,59.60_59.70_59.80_59.90_60.00_,7_22_7_28_76_,59.40_59.30_59.20_59.10_59.00_,22_20_13_7_14_
09:25:51,59.60,1,104,59.60_59.70_59.80_59.90_60.00_,7_22_7_28_76_,59.40_59.30_59.20_59.10_59.00_,21_20_13_7_14_
09:25:56,59.60,1,104,59.60_59.70_59.80_59.90_60.00_,7_22_7_28_76_,59.40_59.30_59.20_59.10_59.00_,21_17_13_7_14_
09:26:01,59.60,1,104,59.60_59.70_59.80_59.90_60.00_,7_22_7_28_76_,59.40_59.30_59.20_59.10_59.00_,20_17_13_7_14_
09:26:06,59.60,1,104,59.50_59.60_59.70_59.80_59.90_,2_7_22_4_28_,59.40_59.30_59.20_59.10_59.00_,20_17_13_7_14_
09:26:12,59.50,3,107,59.50_59.60_59.70_59.80_59.90_,1_7_22_4_83_,59.40_59.30_59.20_59.10_59.00_,21_17_13_7_15_
09:26:17,59.50,1,108,59.60_59.70_59.80_59.90_60.00_,7_22_4_83_21_,59.40_59.30_59.20_59.10_59.00_,21_17_7_7_15_
09:26:22,59.50,1,108,59.60_59.70_59.80_59.90_60.00_,7_22_4_35_76_,59.50_59.40_59.30_59.20_59.10_,1_22_17_7_7_
09:26:27,59.50,1,109,59.60_59.70_59.80_59.90_60.00_,7_22_4_10_101_,59.50_59.40_59.30_59.20_59.10_,1_19_18_6_14_
09:26:37,59.50,1,109,59.60_59.70_59.80_59.90_60.00_,7_22_4_10_101_,59.50_59.40_59.30_59.20_59.10_,1_20_18_6_14_
09:26:42,59.50,1,110,59.60_59.70_59.80_59.90_60.00_,7_22_4_10_101_,59.50_59.40_59.30_59.20_59.10_,2_20_15_6_14_
09:26:47,59.60,1,111,59.60_59.70_59.80_59.90_60.00_,6_21_4_10_101_,59.50_59.40_59.30_59.20_59.10_,4_20_15_6_14_
09:26:52,59.50,2,113,59.60_59.70_59.80_59.90_60.00_,6_22_4_10_101_,59.50_59.40_59.30_59.20_59.10_,2_20_15_6_14_
09:27:03,59.50,2,113,59.60_59.70_59.80_59.90_60.00_,8_22_4_10_101_,59.50_59.40_59.30_59.20_59.10_,2_20_15_6_14_
09:27:08,59.50,2,115,59.50_59.60_59.70_59.80_59.90_,1_10_22_4_9_,59.40_59.30_59.20_59.10_59.00_,20_15_6_14_7_
09:27:13,59.50,2,115,59.50_59.60_59.70_59.80_59.90_,1_13_22_4_83_,59.40_59.30_59.20_59.10_59.00_,20_15_6_7_14_
09:27:18,59.50,2,115,59.50_59.60_59.70_59.80_59.90_,1_15_22_4_83_,59.40_59.30_59.20_59.10_59.00_,10_15_6_7_14_
09:27:23,59.40,1,116,59.50_59.60_59.70_59.80_59.90_,1_23_22_4_83_,59.40_59.30_59.20_59.10_59.00_,9_14_6_7_14_
09:27:28,59.40,1,116,59.50_59.60_59.70_59.80_59.90_,1_26_22_4_83_,59.40_59.30_59.20_59.10_59.00_,9_14_6_7_14_
09:27:34,59.40,9,125,59.50_59.60_59.70_59.80_59.90_,1_26_22_4_83_,59.30_59.20_59.10_59.00_58.90_,14_6_7_14_4_
09:27:39,59.40,9,125,59.50_59.60_59.70_59.80_59.90_,1_26_22_29_58_,59.30_59.20_59.10_59.00_58.90_,13_6_7_7_11_
09:27:44,59.40,9,125,59.50_59.60_59.70_59.80_59.90_,1_26_22_29_58_,59.30_59.20_59.10_59.00_58.90_,14_6_7_7_11_
09:27:59,59.40,9,125,59.50_59.60_59.70_59.80_59.90_,13_26_22_29_58_,59.30_59.20_59.10_59.00_58.90_,12_6_7_7_11_
09:28:09,59.40,9,125,59.50_59.60_59.70_59.80_59.90_,13_26_22_29_58_,59.30_59.20_59.10_59.00_58.90_,22_6_7_7_11_
09:30:02,59.30,1,126,59.50_59.60_59.70_59.80_59.90_,13_26_22_29_58_,59.30_59.20_59.10_59.00_58.90_,21_7_7_7_11_
09:30:12,59.30,5,131,59.50_59.60_59.70_59.80_59.90_,13_26_22_29_58_,59.30_59.20_59.10_59.00_58.90_,16_7_7_7_11_
09:30:17,59.30,5,131,59.50_59.60_59.70_59.80_59.90_,14_27_22_29_58_,59.30_59.20_59.10_59.00_58.90_,16_8_7_7_11_
09:30:28,59.30,15,146,59.50_59.60_59.70_59.80_59.90_,14_27_22_29_58_,59.30_59.20_59.10_59.00_58.90_,1_8_7_7_11_
09:30:38,59.30,1,147,59.50_59.60_59.70_59.80_59.90_,14_27_22_29_58_,59.20_59.10_59.00_58.90_58.80_,8_7_7_11_3_
09:30:43,59.30,1,147,59.50_59.60_59.70_59.80_59.90_,14_27_22_67_20_,59.30_59.20_59.10_59.00_58.90_,2_8_7_7_4_
09:30:48,59.30,2,149,59.30_59.50_59.60_59.70_59.80_,1_14_27_22_29_,59.20_59.10_59.00_58.90_58.80_,8_7_7_11_3_
09:30:53,59.20,1,150,59.30_59.50_59.60_59.70_59.80_,1_2_27_82_21_,59.20_59.10_59.00_58.90_58.80_,7_7_7_4_10_
09:30:58,59.20,1,150,59.30_59.50_59.60_59.70_59.80_,1_2_27_44_59_,59.20_59.10_59.00_58.90_58.80_,7_7_7_4_10_
09:31:29,59.20,1,150,59.30_59.50_59.60_59.70_59.80_,1_2_27_44_59_,59.20_59.10_59.00_58.90_58.80_,8_7_7_4_10_
09:31:55,59.20,1,150,59.30_59.50_59.60_59.70_59.80_,1_2_27_44_59_,59.20_59.10_59.00_58.90_58.80_,8_6_7_4_10_
09:32:00,59.20,1,150,59.30_59.50_59.60_59.70_59.80_,5_4_27_44_59_,59.20_59.10_59.00_58.90_58.80_,8_6_7_4_10_
09:32:05,59.20,1,150,59.30_59.50_59.60_59.70_59.80_,5_4_27_44_59_,59.20_59.10_59.00_58.90_58.80_,8_6_7_5_10_
09:33:17,59.20,1,150,59.30_59.50_59.60_59.70_59.80_,5_4_27_44_59_,59.20_59.10_59.00_58.90_58.80_,8_6_6_5_10_
09:33:22,59.20,1,150,59.30_59.50_59.60_59.70_59.80_,6_4_27_44_59_,59.20_59.10_59.00_58.90_58.80_,8_6_6_5_10_
09:33:32,59.30,2,152,59.30_59.50_59.60_59.70_59.80_,4_8_27_44_59_,59.20_59.10_59.00_58.90_58.80_,8_6_6_5_10_
09:33:37,59.30,2,152,59.30_59.50_59.60_59.70_59.80_,4_8_27_82_21_,59.20_59.10_59.00_58.90_58.80_,8_6_6_5_10_
09:33:53,59.30,2,152,59.30_59.50_59.60_59.70_59.80_,4_8_27_82_21_,59.20_59.10_59.00_58.90_58.80_,11_6_6_5_10_
09:33:58,59.30,2,152,59.30_59.50_59.60_59.70_59.80_,1_8_27_82_21_,59.20_59.10_59.00_58.90_58.80_,11_6_6_5_10_
09:34:08,59.30,2,152,59.30_59.50_59.60_59.70_59.80_,1_8_27_82_21_,59.20_59.10_59.00_58.90_58.80_,12_6_6_5_10_
09:34:23,59.30,2,152,59.30_59.50_59.60_59.70_59.80_,2_8_27_82_21_,59.20_59.10_59.00_58.90_58.80_,12_6_6_5_10_
09:34:44,59.30,2,152,59.30_59.50_59.60_59.70_59.80_,2_8_27_82_21_,59.20_59.10_59.00_58.90_58.80_,12_7_6_5_10_
09:34:49,59.30,2,152,59.30_59.50_59.60_59.70_59.80_,2_8_26_82_21_,59.20_59.10_59.00_58.90_58.80_,12_7_6_5_10_
09:34:59,59.40,3,155,59.50_59.60_59.70_59.80_59.90_,8_26_82_21_3_,59.40_59.20_59.10_59.00_58.90_,7_12_7_6_5_
09:35:04,59.40,3,155,59.50_59.60_59.70_59.80_59.90_,8_26_25_4_83_,59.40_59.20_59.10_59.00_58.90_,9_10_7_6_13_
09:35:30,59.40,3,155,59.50_59.60_59.70_59.80_59.90_,8_26_25_4_83_,59.40_59.20_59.10_59.00_58.90_,9_11_7_6_13_
09:35:35,59.50,1,156,59.50_59.60_59.70_59.80_59.90_,7_26_25_4_83_,59.40_59.20_59.10_59.00_58.90_,9_12_7_6_13_
09:35:40,59.50,1,157,59.50_59.60_59.70_59.80_59.90_,6_26_25_4_83_,59.40_59.20_59.10_59.00_58.90_,10_12_7_6_13_
09:35:45,59.50,1,157,59.50_59.60_59.70_59.80_59.90_,7_26_24_4_83_,59.40_59.20_59.10_59.00_58.90_,10_12_7_6_13_
09:35:50,59.50,1,157,59.50_59.60_59.70_59.80_59.90_,7_26_24_4_83_,59.40_59.20_59.10_59.00_58.90_,10_13_7_6_13_
09:35:55,59.50,1,157,59.50_59.60_59.70_59.80_59.90_,7_26_24_4_83_,59.40_59.20_59.10_59.00_58.90_,18_13_7_6_13_
09:36:01,59.50,1,158,59.50_59.60_59.70_59.80_59.90_,6_26_24_4_83_,59.40_59.20_59.10_59.00_58.90_,19_13_7_6_13_
09:36:06,59.50,1,159,59.50_59.60_59.70_59.80_59.90_,5_26_24_4_83_,59.40_59.20_59.10_59.00_58.90_,19_13_7_6_13_
09:36:11,59.50,1,160,59.50_59.60_59.70_59.80_59.90_,4_26_24_4_83_,59.40_59.30_59.20_59.10_59.00_,19_1_13_7_6_
09:36:16,59.50,1,161,59.50_59.60_59.70_59.80_59.90_,3_26_24_4_83_,59.40_59.30_59.20_59.10_59.00_,19_1_13_7_14_
09:36:21,59.50,3,164,59.60_59.70_59.80_59.90_60.00_,26_24_4_83_22_,59.50_59.40_59.30_59.20_59.10_,5_11_1_13_7_
09:36:26,59.60,1,165,59.60_59.70_59.80_59.90_60.00_,25_24_4_3_102_,59.50_59.40_59.30_59.20_59.10_,9_9_3_13_15_
09:36:31,59.60,1,165,59.60_59.70_59.80_59.90_60.00_,25_24_4_3_102_,59.50_59.40_59.30_59.20_59.10_,11_9_3_13_15_
09:36:36,59.60,1,165,59.60_59.70_59.80_59.90_60.00_,25_24_4_3_102_,59.50_59.40_59.30_59.20_59.10_,11_10_3_13_15_
09:36:47,59.50,2,167,59.60_59.70_59.80_59.90_60.00_,25_24_4_3_102_,59.50_59.40_59.30_59.20_59.10_,9_10_3_13_15_
09:36:52,59.60,1,168,59.60_59.70_59.80_59.90_60.00_,24_24_4_3_102_,59.50_59.40_59.30_59.20_59.10_,10_10_3_13_15_
09:36:57,59.60,1,168,59.60_59.70_59.80_59.90_60.00_,24_24_4_3_103_,59.50_59.40_59.30_59.20_59.10_,10_11_3_13_15_
09:37:07,59.60,1,169,59.60_59.70_59.80_59.90_60.00_,23_24_4_3_103_,59.50_59.40_59.30_59.20_59.10_,10_11_3_13_15_
09:37:17,59.60,2,171,59.60_59.70_59.80_59.90_60.00_,21_24_4_3_103_,59.50_59.40_59.30_59.20_59.10_,10_11_3_13_15_
09:37:27,59.60,2,171,59.60_59.70_59.80_59.90_60.00_,21_24_4_3_103_,59.50_59.40_59.30_59.20_59.10_,10_10_3_13_15_
09:37:38,59.60,2,171,59.60_59.70_59.80_59.90_60.00_,21_24_4_3_103_,59.50_59.40_59.30_59.20_59.10_,8_10_3_13_15_
09:37:43,59.60,2,171,59.60_59.70_59.80_59.90_60.00_,21_24_4_3_103_,59.50_59.40_59.30_59.20_59.10_,4_10_3_13_15_
09:37:48,59.50,3,174,59.60_59.70_59.80_59.90_60.00_,21_24_4_3_103_,59.50_59.40_59.30_59.20_59.10_,1_9_3_13_15_
09:37:53,59.50,1,175,59.60_59.70_59.80_59.90_60.00_,21_24_4_3_103_,59.40_59.30_59.20_59.10_59.00_,9_3_13_15_6_
09:37:58,59.50,1,175,59.50_59.60_59.70_59.80_59.90_,2_19_24_4_28_,59.40_59.30_59.20_59.10_59.00_,9_3_13_7_14_
09:38:03,59.50,1,175,59.50_59.60_59.70_59.80_59.90_,2_20_24_4_83_,59.40_59.30_59.20_59.10_59.00_,9_3_13_7_14_
09:38:19,59.50,1,175,59.50_59.60_59.70_59.80_59.90_,2_20_24_4_83_,59.40_59.30_59.20_59.10_59.00_,9_3_13_7_15_
09:38:34,59.50,1,175,59.50_59.60_59.70_59.80_59.90_,2_21_23_4_83_,59.40_59.30_59.20_59.10_59.00_,9_3_13_7_15_
09:38:39,59.50,1,175,59.50_59.60_59.70_59.80_59.90_,7_21_23_4_83_,59.40_59.30_59.20_59.10_59.00_,9_3_13_7_15_
09:38:44,59.40,4,179,59.50_59.60_59.70_59.80_59.90_,7_21_23_4_83_,59.40_59.30_59.20_59.10_59.00_,5_3_13_7_15_
09:39:00,59.40,4,179,59.50_59.60_59.70_59.80_59.90_,7_21_23_4_83_,59.40_59.30_59.20_59.10_59.00_,5_3_13_6_15_
09:39:20,59.40,4,179,59.50_59.60_59.70_59.80_59.90_,7_21_23_4_84_,59.40_59.30_59.20_59.10_59.00_,5_3_13_6_15_
09:39:46,59.40,4,183,59.50_59.60_59.70_59.80_59.90_,7_21_23_4_84_,59.40_59.30_59.20_59.10_59.00_,1_3_13_6_15_
09:39:51,59.40,1,184,59.50_59.60_59.70_59.80_59.90_,7_21_23_4_84_,59.30_59.20_59.10_59.00_58.90_,3_13_6_15_5_
09:39:56,59.40,1,184,59.50_59.60_59.70_59.80_59.90_,8_21_23_29_58_,59.30_59.20_59.10_59.00_58.90_,4_13_6_7_13_
09:40:16,59.40,1,184,59.50_59.60_59.70_59.80_59.90_,8_21_23_29_58_,59.30_59.20_59.10_59.00_58.90_,4_12_6_7_13_
09:40:32,59.50,1,185,59.50_59.60_59.70_59.80_59.90_,12_21_23_29_58_,59.30_59.20_59.10_59.00_58.90_,4_12_6_7_13_
09:40:37,59.50,1,185,59.50_59.60_59.70_59.80_59.90_,12_21_23_29_58_,59.30_59.20_59.10_59.00_58.90_,5_12_6_7_13_
09:40:42,59.50,1,185,59.50_59.60_59.70_59.80_59.90_,13_21_23_29_58_,59.30_59.20_59.10_59.00_58.90_,5_12_6_7_13_
09:41:28,59.50,1,185,59.50_59.60_59.70_59.80_59.90_,13_21_23_29_58_,59.30_59.20_59.10_59.00_58.90_,6_12_6_7_13_
09:41:33,59.50,1,185,59.50_59.60_59.70_59.80_59.90_,12_21_23_29_58_,59.30_59.20_59.10_59.00_58.90_,6_12_6_7_13_
09:41:54,59.50,1,185,59.50_59.60_59.70_59.80_59.90_,13_21_23_29_58_,59.30_59.20_59.10_59.00_58.90_,6_12_6_7_13_
09:42:09,59.50,1,185,59.50_59.60_59.70_59.80_59.90_,13_21_23_29_58_,59.30_59.20_59.10_59.00_58.90_,6_13_6_7_13_
09:42:19,59.50,1,185,59.50_59.60_59.70_59.80_59.90_,13_21_23_29_58_,59.30_59.20_59.10_59.00_58.90_,6_13_6_8_13_
09:43:00,59.50,1,185,59.50_59.60_59.70_59.80_59.90_,13_21_23_29_58_,59.30_59.20_59.10_59.00_58.90_,6_13_6_8_14_
09:43:26,59.50,1,185,59.50_59.60_59.70_59.80_59.90_,13_21_23_29_58_,59.30_59.20_59.10_59.00_58.90_,6_13_6_9_14_
09:43:31,59.50,1,186,59.50_59.60_59.70_59.80_59.90_,12_21_23_29_58_,59.30_59.20_59.10_59.00_58.90_,6_13_6_9_14_
09:44:12,59.50,1,186,59.50_59.60_59.70_59.80_59.90_,12_21_23_29_58_,59.40_59.30_59.20_59.10_59.00_,1_7_13_6_9_
09:44:17,59.50,1,186,59.50_59.60_59.70_59.80_59.90_,12_21_23_4_83_,59.40_59.30_59.20_59.10_59.00_,3_5_12_6_18_
09:44:22,59.50,1,186,59.50_59.60_59.70_59.80_59.90_,12_21_23_4_83_,59.40_59.30_59.20_59.10_59.00_,4_5_12_6_18_
09:44:53,59.50,1,186,59.50_59.60_59.70_59.80_59.90_,12_21_23_4_83_,59.40_59.30_59.20_59.10_59.00_,4_5_12_7_18_
09:45:14,59.50,1,187,59.50_59.60_59.70_59.80_59.90_,11_21_23_4_83_,59.40_59.30_59.20_59.10_59.00_,4_5_12_7_18_
09:45:19,59.50,1,188,59.50_59.60_59.70_59.80_59.90_,10_21_23_4_83_,59.40_59.30_59.20_59.10_59.00_,4_5_12_7_18_
09:45:34,59.50,1,189,59.50_59.60_59.70_59.80_59.90_,9_21_23_4_83_,59.40_59.30_59.20_59.10_59.00_,3_5_12_7_18_
09:45:54,59.50,1,190,59.50_59.60_59.70_59.80_59.90_,8_21_23_4_83_,59.40_59.30_59.20_59.10_59.00_,3_5_12_7_18_
09:46:05,59.50,1,191,59.50_59.60_59.70_59.80_59.90_,7_21_23_4_83_,59.40_59.30_59.20_59.10_59.00_,3_5_12_7_18_
09:46:10,59.50,1,192,59.50_59.60_59.70_59.80_59.90_,6_21_23_4_83_,59.40_59.30_59.20_59.10_59.00_,3_5_12_7_18_
09:46:20,59.50,2,194,59.50_59.60_59.70_59.80_59.90_,4_21_23_4_83_,59.40_59.30_59.20_59.10_59.00_,3_5_12_7_18_
09:46:25,59.50,1,195,59.50_59.60_59.70_59.80_59.90_,3_21_23_4_83_,59.40_59.30_59.20_59.10_59.00_,3_4_12_7_18_
09:46:40,59.50,1,196,59.50_59.60_59.70_59.80_59.90_,2_21_23_4_83_,59.40_59.30_59.20_59.10_59.00_,3_4_12_7_18_
09:46:56,59.50,1,197,59.50_59.60_59.70_59.80_59.90_,1_21_23_4_83_,59.40_59.30_59.20_59.10_59.00_,3_4_13_7_17_
09:47:01,59.50,1,198,59.60_59.70_59.80_59.90_60.00_,21_23_4_83_22_,59.40_59.30_59.20_59.10_59.00_,9_4_13_7_17_
09:47:06,59.50,1,198,59.60_59.70_59.80_59.90_60.00_,21_23_4_7_100_,59.40_59.30_59.20_59.10_59.00_,10_4_13_7_17_
09:47:11,59.50,1,198,59.60_59.70_59.80_59.90_60.00_,21_23_4_30_77_,59.50_59.40_59.30_59.20_59.10_,6_4_4_13_7_
09:47:16,59.60,1,199,59.60_59.70_59.80_59.90_60.00_,20_23_4_5_102_,59.50_59.40_59.30_59.20_59.10_,9_2_3_13_16_
09:47:21,59.60,1,199,59.60_59.70_59.80_59.90_60.00_,20_23_4_5_102_,59.50_59.40_59.30_59.20_59.10_,10_1_4_13_16_
09:47:32,59.60,1,200,59.60_59.70_59.80_59.90_60.00_,19_23_4_5_102_,59.50_59.40_59.30_59.20_59.10_,10_1_4_13_16_
09:48:07,59.60,1,200,59.60_59.70_59.80_59.90_60.00_,19_23_4_5_102_,59.50_59.40_59.30_59.20_59.10_,11_1_4_13_16_
09:48:13,59.60,1,200,59.60_59.70_59.80_59.90_60.00_,19_23_4_5_102_,59.50_59.40_59.30_59.20_59.10_,11_3_4_13_16_
09:48:28,59.60,1,201,59.60_59.70_59.80_59.90_60.00_,18_23_4_5_102_,59.50_59.40_59.30_59.20_59.10_,11_3_4_13_16_
09:48:48,59.60,1,201,59.60_59.70_59.80_59.90_60.00_,18_23_4_5_102_,59.50_59.40_59.30_59.20_59.10_,12_3_4_13_16_
09:48:54,59.60,1,202,59.60_59.70_59.80_59.90_60.00_,17_23_4_5_102_,59.50_59.40_59.30_59.20_59.10_,12_3_4_13_15_
09:48:59,59.60,1,202,59.60_59.70_59.80_59.90_60.00_,17_23_4_5_102_,59.50_59.40_59.30_59.20_59.10_,12_4_4_13_15_
09:49:04,59.50,5,207,59.60_59.70_59.80_59.90_60.00_,17_23_4_6_112_,59.50_59.40_59.30_59.20_59.10_,8_4_4_13_15_
09:49:09,59.50,5,212,59.60_59.70_59.80_59.90_60.00_,17_23_4_6_112_,59.50_59.40_59.30_59.20_59.10_,6_4_4_13_15_
09:49:14,59.50,5,212,59.60_59.70_59.80_59.90_60.00_,17_23_4_6_112_,59.50_59.40_59.30_59.20_59.10_,9_4_4_13_15_
09:49:19,59.50,5,212,59.60_59.70_59.80_59.90_60.00_,17_23_4_6_112_,59.50_59.40_59.30_59.20_59.10_,10_4_4_13_15_
09:49:29,59.50,5,212,59.60_59.70_59.80_59.90_60.00_,17_23_4_6_112_,59.50_59.40_59.30_59.20_59.10_,10_4_3_12_15_
09:49:34,59.50,1,213,59.60_59.70_59.80_59.90_60.00_,17_23_4_6_112_,59.50_59.40_59.30_59.20_59.10_,9_3_3_12_15_
09:49:45,59.50,1,213,59.60_59.70_59.80_59.90_60.00_,17_23_4_6_112_,59.50_59.40_59.30_59.20_59.10_,3_3_3_12_15_
09:50:10,59.50,4,217,59.50_59.60_59.70_59.80_59.90_,4_17_23_4_6_,59.40_59.30_59.20_59.10_59.00_,3_3_12_15_9_
09:50:15,59.50,4,217,59.50_59.60_59.70_59.80_59.90_,5_17_23_4_84_,59.40_59.30_59.20_59.10_59.00_,3_3_11_6_17_
09:50:26,59.20,8,225,59.50_59.60_59.70_59.80_59.90_,5_17_23_4_84_,59.20_59.10_59.00_58.90_58.80_,9_5_17_5_5_
09:50:31,59.20,8,225,59.50_59.60_59.70_59.80_59.90_,5_17_23_29_59_,59.20_59.10_59.00_58.90_58.80_,9_5_9_5_13_
09:50:41,59.20,8,225,59.50_59.60_59.70_59.80_59.90_,10_17_23_29_59_,59.20_59.10_59.00_58.90_58.80_,9_5_9_5_13_
09:50:46,59.20,8,225,59.50_59.60_59.70_59.80_59.90_,11_17_23_29_59_,59.20_59.10_59.00_58.90_58.80_,9_5_9_5_13_
09:50:51,59.20,8,225,59.50_59.60_59.70_59.80_59.90_,16_17_23_29_59_,59.20_59.10_59.00_58.90_58.80_,9_5_9_5_13_
09:50:56,59.20,1,226,59.50_59.60_59.70_59.80_59.90_,17_17_23_29_59_,59.20_59.10_59.00_58.90_58.80_,8_5_9_5_13_
09:51:17,59.20,1,226,59.50_59.60_59.70_59.80_59.90_,17_17_23_29_59_,59.20_59.10_59.00_58.90_58.80_,5_5_9_5_13_
09:51:22,59.20,3,229,59.50_59.60_59.70_59.80_59.90_,17_17_23_29_59_,59.20_59.10_59.00_58.90_58.80_,2_5_9_5_13_
09:51:27,59.20,2,231,59.50_59.60_59.70_59.80_59.90_,17_17_23_29_59_,59.10_59.00_58.90_58.80_58.70_,5_9_5_13_1_
09:51:32,59.20,2,231,59.50_59.60_59.70_59.80_59.90_,17_17_25_65_21_,59.10_59.00_58.90_58.80_58.70_,6_10_5_13_1_
09:51:37,59.20,2,231,59.50_59.60_59.70_59.80_59.90_,17_17_25_65_21_,59.20_59.10_59.00_58.90_58.80_,1_6_10_5_13_
09:51:43,59.20,2,231,59.50_59.60_59.70_59.80_59.90_,17_17_23_29_59_,59.20_59.10_59.00_58.90_58.80_,4_6_10_5_13_
09:51:48,59.20,2,231,59.50_59.60_59.70_59.80_59.90_,18_17_23_29_59_,59.20_59.10_59.00_58.90_58.80_,5_6_10_5_13_
09:51:58,59.20,2,231,59.50_59.60_59.70_59.80_59.90_,18_17_23_29_59_,59.20_59.10_59.00_58.90_58.80_,6_6_10_5_13_
09:52:08,59.20,2,231,59.50_59.60_59.70_59.80_59.90_,18_17_23_29_59_,59.20_59.10_59.00_58.90_58.80_,6_6_10_5_15_
09:52:19,59.20,2,231,59.50_59.60_59.70_59.80_59.90_,18_17_23_29_59_,59.20_59.10_59.00_58.90_58.80_,6_6_10_5_16_
09:53:00,59.20,2,231,59.50_59.60_59.70_59.80_59.90_,18_17_23_29_59_,59.30_59.20_59.10_59.00_58.90_,1_6_6_10_5_
09:53:05,59.20,2,231,59.50_59.60_59.70_59.80_59.90_,18_17_23_6_82_,59.30_59.20_59.10_59.00_58.90_,2_5_6_10_13_
09:53:10,59.30,1,232,59.50_59.60_59.70_59.80_59.90_,18_17_23_6_82_,59.30_59.20_59.10_59.00_58.90_,1_5_6_10_13_
09:53:20,59.30,1,232,59.50_59.60_59.70_59.80_59.90_,18_17_23_6_82_,59.30_59.20_59.10_59.00_58.90_,2_5_6_10_13_
09:53:25,59.30,1,232,59.50_59.60_59.70_59.80_59.90_,18_17_23_6_82_,59.30_59.20_59.10_59.00_58.90_,3_4_6_10_13_
09:53:30,59.30,1,232,59.50_59.60_59.70_59.80_59.90_,18_17_23_6_82_,59.30_59.20_59.10_59.00_58.90_,4_4_6_11_13_
09:53:35,59.30,1,233,59.50_59.60_59.70_59.80_59.90_,18_17_23_6_82_,59.30_59.20_59.10_59.00_58.90_,3_4_6_11_14_
09:53:41,59.30,1,233,59.50_59.60_59.70_59.80_59.90_,18_17_23_6_82_,59.30_59.20_59.10_59.00_58.90_,4_4_6_11_14_
09:53:46,59.30,1,233,59.50_59.60_59.70_59.80_59.90_,13_17_23_6_82_,59.30_59.20_59.10_59.00_58.90_,4_4_6_11_14_
09:53:51,59.30,1,233,59.50_59.60_59.70_59.80_59.90_,13_17_23_6_82_,59.30_59.20_59.10_59.00_58.90_,4_5_6_11_14_
09:53:56,59.30,1,233,59.50_59.60_59.70_59.80_59.90_,13_17_23_6_82_,59.30_59.20_59.10_59.00_58.90_,4_6_6_11_14_
09:54:01,59.30,1,233,59.50_59.60_59.70_59.80_59.90_,13_17_23_6_83_,59.30_59.20_59.10_59.00_58.90_,4_6_6_11_14_
09:54:22,59.30,1,233,59.50_59.60_59.70_59.80_59.90_,13_17_23_6_83_,59.30_59.20_59.10_59.00_58.90_,4_9_6_11_14_
09:54:32,59.30,1,233,59.50_59.60_59.70_59.80_59.90_,13_17_23_6_83_,59.30_59.20_59.10_59.00_58.90_,5_9_6_11_14_
09:55:08,59.50,1,234,59.50_59.60_59.70_59.80_59.90_,12_17_23_6_83_,59.30_59.20_59.10_59.00_58.90_,5_9_6_11_14_
09:55:13,59.50,1,234,59.50_59.60_59.70_59.80_59.90_,12_17_23_29_60_,59.30_59.20_59.10_59.00_58.90_,5_9_6_11_14_
09:55:33,59.50,1,235,59.50_59.60_59.70_59.80_59.90_,11_17_23_29_60_,59.30_59.20_59.10_59.00_58.90_,5_9_6_11_14_
09:55:44,59.50,1,235,59.50_59.60_59.70_59.80_59.90_,13_17_23_29_60_,59.30_59.20_59.10_59.00_58.90_,5_9_6_11_14_
09:56:15,59.50,1,236,59.50_59.60_59.70_59.80_59.90_,12_17_23_29_60_,59.30_59.20_59.10_59.00_58.90_,7_9_6_11_14_
09:56:25,59.50,1,236,59.50_59.60_59.70_59.80_59.90_,12_17_23_29_60_,59.30_59.20_59.10_59.00_58.90_,7_9_7_11_14_
09:56:30,59.50,1,236,59.50_59.60_59.70_59.80_59.90_,12_17_23_29_60_,59.30_59.20_59.10_59.00_58.90_,8_9_7_11_14_
09:56:35,59.50,1,236,59.50_59.60_59.70_59.80_59.90_,12_17_23_29_60_,59.30_59.20_59.10_59.00_58.90_,9_10_7_11_14_
09:56:40,59.50,1,236,59.50_59.60_59.70_59.80_59.90_,10_17_23_29_60_,59.30_59.20_59.10_59.00_58.90_,9_10_7_11_14_
09:56:55,59.50,1,236,59.50_59.60_59.70_59.80_59.90_,10_17_23_29_60_,59.30_59.20_59.10_59.00_58.90_,10_10_8_11_14_
09:57:01,59.50,1,236,59.50_59.60_59.70_59.80_59.90_,10_17_23_29_60_,59.30_59.20_59.10_59.00_58.90_,11_10_8_11_14_
09:57:26,59.50,1,237,59.50_59.60_59.70_59.80_59.90_,9_17_23_29_60_,59.30_59.20_59.10_59.00_58.90_,11_10_8_11_14_
09:57:36,59.50,1,238,59.50_59.60_59.70_59.80_59.90_,8_17_23_29_60_,59.30_59.20_59.10_59.00_58.90_,11_10_8_11_14_
09:57:42,59.50,1,238,59.50_59.60_59.70_59.80_59.90_,8_17_23_29_60_,59.30_59.20_59.10_59.00_58.90_,10_10_8_11_14_
09:57:47,59.50,1,238,59.50_59.60_59.70_59.80_59.90_,8_17_23_29_60_,59.30_59.20_59.10_59.00_58.90_,11_10_8_11_14_
09:58:02,59.50,1,239,59.50_59.60_59.70_59.80_59.90_,7_17_23_29_60_,59.30_59.20_59.10_59.00_58.90_,11_10_8_11_14_
09:58:07,59.50,1,239,59.50_59.60_59.70_59.80_59.90_,7_17_23_29_60_,59.30_59.20_59.10_59.00_58.90_,12_10_8_11_14_
09:58:33,59.50,1,240,59.50_59.60_59.70_59.80_59.90_,6_17_23_29_60_,59.30_59.20_59.10_59.00_58.90_,12_10_8_11_14_
09:59:29,59.50,1,241,59.50_59.60_59.70_59.80_59.90_,5_17_23_29_60_,59.30_59.20_59.10_59.00_58.90_,12_10_8_11_14_
09:59:55,59.50,1,242,59.50_59.60_59.70_59.80_59.90_,4_17_23_29_59_,59.30_59.20_59.10_59.00_58.90_,12_10_8_11_14_
10:00:00,59.50,1,242,59.50_59.60_59.70_59.80_59.90_,9_17_23_29_59_,59.30_59.20_59.10_59.00_58.90_,11_10_8_11_14_
10:00:20,59.50,1,242,59.50_59.60_59.70_59.80_59.90_,9_17_24_29_59_,59.30_59.20_59.10_59.00_58.90_,11_10_8_11_14_
10:00:26,59.50,1,242,59.50_59.60_59.70_59.80_59.90_,14_17_24_29_59_,59.30_59.20_59.10_59.00_58.90_,11_10_8_11_14_
10:00:31,59.50,1,242,59.50_59.60_59.70_59.80_59.90_,15_17_24_29_59_,59.30_59.20_59.10_59.00_58.90_,11_10_8_11_14_
10:00:36,59.50,1,242,59.50_59.60_59.70_59.80_59.90_,15_17_24_29_59_,59.30_59.20_59.10_59.00_58.90_,10_10_8_11_14_
10:00:51,59.50,1,243,59.50_59.60_59.70_59.80_59.90_,14_17_24_29_59_,59.30_59.20_59.10_59.00_58.90_,9_10_8_11_14_
10:00:56,59.50,1,243,59.50_59.60_59.70_59.80_59.90_,14_17_24_29_59_,59.30_59.20_59.10_59.00_58.90_,9_7_8_11_14_
10:01:07,59.50,1,243,59.50_59.60_59.70_59.80_59.90_,14_17_24_29_59_,59.30_59.20_59.10_59.00_58.90_,8_7_8_11_14_
10:01:27,59.50,1,243,59.50_59.60_59.70_59.80_59.90_,14_17_24_29_59_,59.30_59.20_59.10_59.00_58.90_,8_8_8_11_14_
10:01:43,59.50,1,243,59.50_59.60_59.70_59.80_59.90_,14_17_24_29_59_,59.30_59.20_59.10_59.00_58.90_,8_8_8_12_14_
10:01:48,59.50,1,243,59.40_59.50_59.60_59.70_59.80_,2_14_17_24_29_,59.30_59.20_59.10_59.00_58.90_,8_8_8_12_14_
10:01:53,59.40,1,244,59.40_59.50_59.60_59.70_59.80_,3_14_17_19_84_,59.30_59.20_59.10_59.00_58.90_,8_8_8_12_14_
10:02:29,59.40,1,244,59.40_59.50_59.60_59.70_59.80_,3_14_17_19_84_,59.30_59.20_59.10_59.00_58.90_,9_8_8_12_14_
10:02:34,59.40,1,245,59.40_59.50_59.60_59.70_59.80_,2_14_17_19_84_,59.30_59.20_59.10_59.00_58.90_,9_8_8_12_14_
10:02:49,59.40,1,245,59.40_59.50_59.60_59.70_59.80_,7_14_17_19_84_,59.30_59.20_59.10_59.00_58.90_,9_8_8_12_19_
10:03:00,59.40,1,245,59.40_59.50_59.60_59.70_59.80_,8_14_17_19_84_,59.30_59.20_59.10_59.00_58.90_,9_8_8_12_19_
10:03:05,59.40,1,246,59.40_59.50_59.60_59.70_59.80_,7_14_17_19_84_,59.30_59.20_59.10_59.00_58.90_,9_8_8_12_19_
10:03:10,59.40,1,246,59.40_59.50_59.60_59.70_59.80_,8_14_17_19_84_,59.30_59.20_59.10_59.00_58.90_,9_8_8_12_19_
10:03:15,59.40,1,246,59.40_59.50_59.60_59.70_59.80_,18_14_17_20_84_,59.30_59.20_59.10_59.00_58.90_,9_8_8_12_19_
10:03:20,59.40,1,246,59.40_59.50_59.60_59.70_59.80_,21_14_17_20_84_,59.30_59.20_59.10_59.00_58.90_,9_8_8_12_19_
10:03:30,59.40,1,247,59.40_59.50_59.60_59.70_59.80_,20_14_17_20_84_,59.30_59.20_59.10_59.00_58.90_,9_8_8_12_19_
10:03:35,59.40,1,247,59.40_59.50_59.60_59.70_59.80_,21_14_17_20_84_,59.30_59.20_59.10_59.00_58.90_,9_8_8_12_19_
10:03:41,59.40,1,247,59.40_59.50_59.60_59.70_59.80_,21_14_17_20_84_,59.30_59.20_59.10_59.00_58.90_,9_8_8_13_19_
10:03:46,59.30,2,249,59.40_59.50_59.60_59.70_59.80_,21_14_17_20_84_,59.30_59.20_59.10_59.00_58.90_,8_8_8_13_19_
10:04:01,59.30,5,254,59.40_59.50_59.60_59.70_59.80_,21_14_17_20_84_,59.30_59.20_59.10_59.00_58.90_,3_8_8_13_19_
10:04:06,59.30,3,257,59.30_59.40_59.50_59.60_59.70_,3_21_14_17_20_,59.20_59.10_59.00_58.90_58.80_,8_8_13_19_8_
10:04:11,59.30,3,257,59.30_59.40_59.50_59.60_59.70_,1_21_14_14_100_,59.20_59.10_59.00_58.90_58.80_,10_8_13_11_16_
10:04:22,59.30,3,257,59.30_59.40_59.50_59.60_59.70_,1_21_14_14_100_,59.20_59.10_59.00_58.90_58.80_,9_8_13_11_17_
10:04:37,59.30,3,257,59.30_59.40_59.50_59.60_59.70_,4_15_14_14_100_,59.20_59.10_59.00_58.90_58.80_,9_8_13_11_17_
10:05:03,59.30,3,257,59.30_59.40_59.50_59.60_59.70_,4_15_14_14_100_,59.20_59.10_59.00_58.90_58.80_,12_8_13_11_17_
10:05:13,59.30,3,257,59.30_59.40_59.50_59.60_59.70_,4_15_14_12_100_,59.20_59.10_59.00_58.90_58.80_,12_8_13_11_17_
10:05:18,59.30,3,257,59.30_59.40_59.50_59.60_59.70_,7_15_14_12_100_,59.20_59.10_59.00_58.90_58.80_,12_8_13_11_17_
10:05:23,59.30,3,257,59.30_59.40_59.50_59.60_59.70_,10_15_14_12_100_,59.20_59.10_59.00_58.90_58.80_,13_8_13_11_17_
10:06:09,59.30,1,258,59.30_59.40_59.50_59.60_59.70_,9_15_14_12_100_,59.20_59.10_59.00_58.90_58.80_,13_8_13_11_17_
10:06:14,59.30,1,258,59.30_59.40_59.50_59.60_59.70_,10_15_14_12_100_,59.20_59.10_59.00_58.90_58.80_,13_8_13_11_17_
10:06:30,59.30,1,258,59.30_59.40_59.50_59.60_59.70_,10_15_14_17_100_,59.20_59.10_59.00_58.90_58.80_,13_8_13_11_17_
10:07:00,59.30,1,258,59.30_59.40_59.50_59.60_59.70_,10_15_14_17_100_,59.20_59.10_59.00_58.90_58.80_,13_8_14_11_17_
10:07:21,59.30,1,258,59.30_59.40_59.50_59.60_59.70_,11_15_14_17_100_,59.20_59.10_59.00_58.90_58.80_,13_8_14_11_17_
10:07:26,59.30,1,258,59.30_59.40_59.50_59.60_59.70_,12_15_14_17_100_,59.20_59.10_59.00_58.90_58.80_,14_8_14_11_17_
10:07:31,59.30,1,259,59.30_59.40_59.50_59.60_59.70_,11_15_14_17_100_,59.20_59.10_59.00_58.90_58.80_,14_8_14_11_17_
10:08:12,59.30,1,260,59.30_59.40_59.50_59.60_59.70_,10_15_14_17_100_,59.20_59.10_59.00_58.90_58.80_,14_8_14_11_17_
10:08:58,59.30,1,260,59.30_59.40_59.50_59.60_59.70_,10_15_14_17_100_,59.20_59.10_59.00_58.90_58.80_,18_8_14_11_17_
10:09:14,59.30,1,260,59.30_59.40_59.50_59.60_59.70_,10_15_14_17_100_,59.20_59.10_59.00_58.90_58.80_,19_8_14_11_17_
10:09:24,59.30,1,260,59.30_59.40_59.50_59.60_59.70_,10_15_14_17_100_,59.20_59.10_59.00_58.90_58.80_,20_8_14_11_17_
10:09:29,59.30,1,260,59.30_59.40_59.50_59.60_59.70_,10_15_14_17_100_,59.20_59.10_59.00_58.90_58.80_,20_8_15_11_17_
10:10:15,59.30,1,260,59.30_59.40_59.50_59.60_59.70_,10_15_14_17_100_,59.20_59.10_59.00_58.90_58.80_,21_8_15_11_17_
10:10:46,59.30,1,261,59.30_59.40_59.50_59.60_59.70_,9_15_14_17_100_,59.20_59.10_59.00_58.90_58.80_,21_8_15_11_17_
10:10:56,59.20,12,273,59.30_59.40_59.50_59.60_59.70_,9_15_14_17_100_,59.20_59.10_59.00_58.90_58.80_,9_8_15_11_17_
10:11:01,59.20,2,275,59.30_59.40_59.50_59.60_59.70_,9_15_13_17_100_,59.20_59.10_59.00_58.90_58.80_,8_8_15_11_17_
10:11:06,59.20,1,276,59.30_59.40_59.50_59.60_59.70_,9_15_12_17_100_,59.20_59.10_59.00_58.90_58.80_,8_8_15_11_17_
10:11:11,59.20,1,277,59.30_59.40_59.50_59.60_59.70_,9_15_12_17_100_,59.20_59.10_59.00_58.90_58.80_,7_8_15_11_17_
10:11:16,59.20,1,277,59.30_59.40_59.50_59.60_59.70_,9_15_12_18_100_,59.20_59.10_59.00_58.90_58.80_,9_8_15_11_17_
10:11:27,59.20,1,277,59.30_59.40_59.50_59.60_59.70_,9_15_12_18_100_,59.20_59.10_59.00_58.90_58.80_,8_8_15_11_17_
10:11:32,59.20,1,277,59.30_59.40_59.50_59.60_59.70_,9_15_13_18_100_,59.20_59.10_59.00_58.90_58.80_,7_8_15_11_17_
10:11:47,59.20,7,284,59.30_59.40_59.50_59.60_59.70_,9_15_8_18_100_,59.10_59.00_58.90_58.80_58.70_,8_15_11_17_2_
10:11:52,59.20,7,284,59.20_59.30_59.40_59.50_59.60_,5_9_15_8_20_,59.10_59.00_58.90_58.80_58.70_,9_15_11_9_11_
10:11:58,59.20,5,289,59.20_59.30_59.40_59.50_59.60_,1_9_15_6_98_,59.10_59.00_58.90_58.80_58.70_,9_16_11_9_11_
10:12:08,59.10,1,290,59.20_59.30_59.40_59.50_59.60_,6_9_15_1_98_,59.10_59.00_58.90_58.80_58.70_,8_16_11_9_11_
10:12:18,59.10,1,290,59.20_59.30_59.40_59.50_59.60_,7_8_15_1_98_,59.10_59.00_58.90_58.80_58.70_,8_16_11_9_11_
10:12:23,59.10,1,290,59.20_59.30_59.40_59.50_59.60_,8_8_15_1_98_,59.10_59.00_58.90_58.80_58.70_,9_16_11_9_11_
10:12:33,59.10,1,290,59.20_59.30_59.40_59.50_59.60_,8_8_15_2_98_,59.10_59.00_58.90_58.80_58.70_,9_16_11_9_11_
10:12:49,59.10,1,290,59.20_59.30_59.40_59.50_59.60_,8_8_15_2_98_,59.10_59.00_58.90_58.80_58.70_,10_16_11_9_11_
10:13:09,59.10,1,290,59.20_59.30_59.40_59.50_59.60_,8_8_15_2_98_,59.10_59.00_58.90_58.80_58.70_,10_15_11_9_11_
10:13:45,59.10,1,290,59.20_59.30_59.40_59.50_59.60_,8_8_15_2_98_,59.10_59.00_58.90_58.80_58.70_,11_15_11_9_11_
10:14:01,59.10,1,290,59.20_59.30_59.40_59.50_59.60_,8_8_15_2_98_,59.10_59.00_58.90_58.80_58.70_,12_15_11_10_11_
10:14:06,59.10,1,290,59.20_59.30_59.40_59.50_59.60_,8_9_15_2_98_,59.10_59.00_58.90_58.80_58.70_,12_15_11_10_11_
10:14:16,59.10,1,290,59.20_59.30_59.40_59.50_59.60_,8_9_15_2_98_,59.10_59.00_58.90_58.80_58.70_,14_15_14_10_11_
10:14:21,59.10,1,290,59.20_59.30_59.40_59.50_59.60_,8_9_15_2_98_,59.10_59.00_58.90_58.80_58.70_,14_15_15_10_11_
10:14:31,59.10,1,290,59.20_59.30_59.40_59.50_59.60_,8_9_15_2_98_,59.10_59.00_58.90_58.80_58.70_,15_15_15_10_11_
10:14:37,59.10,1,290,59.20_59.30_59.40_59.50_59.60_,9_9_15_2_98_,59.10_59.00_58.90_58.80_58.70_,15_16_15_10_11_
10:14:52,59.10,1,290,59.20_59.30_59.40_59.50_59.60_,9_9_15_2_98_,59.10_59.00_58.90_58.80_58.70_,25_17_15_10_11_
10:14:57,59.20,1,291,59.20_59.30_59.40_59.50_59.60_,8_9_15_2_98_,59.10_59.00_58.90_58.80_58.70_,26_17_15_10_11_
10:15:02,59.20,1,291,59.20_59.30_59.40_59.50_59.60_,9_9_15_2_98_,59.10_59.00_58.90_58.80_58.70_,26_17_15_10_11_
10:15:07,59.20,1,291,59.20_59.30_59.40_59.50_59.60_,9_9_15_2_98_,59.10_59.00_58.90_58.80_58.70_,27_17_15_10_11_
10:15:28,59.20,1,292,59.20_59.30_59.40_59.50_59.60_,8_9_15_2_98_,59.10_59.00_58.90_58.80_58.70_,28_17_15_10_11_
10:15:38,59.20,5,297,59.20_59.30_59.40_59.50_59.60_,3_9_15_2_98_,59.10_59.00_58.90_58.80_58.70_,28_17_15_10_11_
10:15:43,59.20,3,300,59.30_59.40_59.50_59.60_59.70_,9_15_2_98_20_,59.10_59.00_58.90_58.80_58.70_,28_17_15_10_11_
10:15:48,59.20,3,300,59.30_59.40_59.50_59.60_59.70_,9_15_2_20_98_,59.10_59.00_58.90_58.80_58.70_,28_17_15_10_12_
10:16:04,59.20,3,300,59.30_59.40_59.50_59.60_59.70_,9_15_2_20_98_,59.20_59.10_59.00_58.90_58.80_,5_28_17_15_10_
10:16:09,59.20,3,300,59.30_59.40_59.50_59.60_59.70_,9_15_2_18_100_,59.20_59.10_59.00_58.90_58.80_,9_27_16_15_20_
10:16:14,59.20,3,300,59.30_59.40_59.50_59.60_59.70_,9_15_2_18_100_,59.20_59.10_59.00_58.90_58.80_,10_27_16_15_20_
10:16:55,59.20,3,300,59.30_59.40_59.50_59.60_59.70_,9_15_2_18_100_,59.20_59.10_59.00_58.90_58.80_,5_27_16_15_20_
10:17:05,59.30,5,305,59.30_59.40_59.50_59.60_59.70_,4_15_2_18_100_,59.20_59.10_59.00_58.90_58.80_,4_27_16_15_20_
10:17:10,59.30,5,305,59.30_59.40_59.50_59.60_59.70_,4_15_2_19_100_,59.20_59.10_59.00_58.90_58.80_,4_27_16_15_20_
10:17:15,59.30,5,305,59.30_59.40_59.50_59.60_59.70_,4_15_2_19_100_,59.20_59.10_59.00_58.90_58.80_,5_27_16_15_20_
10:17:20,59.30,1,306,59.30_59.40_59.50_59.60_59.70_,3_15_2_19_100_,59.20_59.10_59.00_58.90_58.80_,5_27_16_15_20_
10:17:46,59.30,1,307,59.30_59.40_59.50_59.60_59.70_,2_15_2_19_100_,59.20_59.10_59.00_58.90_58.80_,5_28_16_15_20_
10:18:01,59.30,1,307,59.30_59.40_59.50_59.60_59.70_,2_15_2_19_100_,59.20_59.10_59.00_58.90_58.80_,6_28_16_15_20_
10:18:07,59.30,2,309,59.40_59.50_59.60_59.70_59.80_,15_2_19_100_10_,59.20_59.10_59.00_58.90_58.80_,6_28_16_15_20_
10:18:12,59.30,2,309,59.40_59.50_59.60_59.70_59.80_,15_2_19_22_88_,59.20_59.10_59.00_58.90_58.80_,6_28_16_15_20_
10:18:32,59.30,2,309,59.40_59.50_59.60_59.70_59.80_,15_2_19_22_88_,59.30_59.20_59.10_59.00_58.90_,1_6_28_16_15_
10:18:37,59.30,2,309,59.40_59.50_59.60_59.70_59.80_,15_2_19_20_90_,59.30_59.20_59.10_59.00_58.90_,3_7_27_16_25_
10:18:42,59.30,2,309,59.40_59.50_59.60_59.70_59.80_,15_2_19_20_90_,59.30_59.20_59.10_59.00_58.90_,3_8_27_16_25_
10:18:48,59.40,1,310,59.40_59.50_59.60_59.70_59.80_,15_2_19_20_90_,59.30_59.20_59.10_59.00_58.90_,3_8_26_16_25_
10:19:08,59.40,1,310,59.40_59.50_59.60_59.70_59.80_,15_2_19_20_90_,59.30_59.20_59.10_59.00_58.90_,3_9_26_16_25_
10:19:23,59.40,1,310,59.40_59.50_59.60_59.70_59.80_,15_2_19_20_90_,59.30_59.20_59.10_59.00_58.90_,3_9_27_14_25_
10:19:34,59.40,1,310,59.40_59.50_59.60_59.70_59.80_,15_2_19_20_90_,59.30_59.20_59.10_59.00_58.90_,3_12_27_14_25_
10:20:04,59.40,1,310,59.40_59.50_59.60_59.70_59.80_,15_2_20_20_90_,59.30_59.20_59.10_59.00_58.90_,3_12_27_14_25_
10:20:15,59.40,1,310,59.40_59.50_59.60_59.70_59.80_,15_2_20_20_90_,59.30_59.20_59.10_59.00_58.90_,3_13_27_14_25_
10:20:40,59.30,2,312,59.40_59.50_59.60_59.70_59.80_,15_2_20_20_90_,59.30_59.20_59.10_59.00_58.90_,1_12_27_14_25_
10:20:50,59.30,2,312,59.40_59.50_59.60_59.70_59.80_,15_2_20_20_90_,59.30_59.20_59.10_59.00_58.90_,2_12_27_14_25_
10:21:26,59.40,1,313,59.40_59.50_59.60_59.70_59.80_,14_2_20_20_90_,59.30_59.20_59.10_59.00_58.90_,2_12_26_14_25_
10:21:47,59.40,1,313,59.40_59.50_59.60_59.70_59.80_,14_2_20_20_90_,59.30_59.20_59.10_59.00_58.90_,3_13_26_14_25_
10:22:07,59.40,1,314,59.40_59.50_59.60_59.70_59.80_,13_2_20_20_90_,59.30_59.20_59.10_59.00_58.90_,2_13_26_14_25_
10:22:23,59.40,1,314,59.40_59.50_59.60_59.70_59.80_,13_2_20_20_90_,59.30_59.20_59.10_59.00_58.90_,3_13_27_14_25_
10:22:28,59.40,1,314,59.40_59.50_59.60_59.70_59.80_,14_2_20_20_90_,59.30_59.20_59.10_59.00_58.90_,3_13_27_14_25_
10:23:04,59.40,1,314,59.40_59.50_59.60_59.70_59.80_,14_2_21_20_90_,59.30_59.20_59.10_59.00_58.90_,3_13_27_14_25_
10:23:14,59.40,1,314,59.40_59.50_59.60_59.70_59.80_,14_2_18_20_90_,59.30_59.20_59.10_59.00_58.90_,3_13_27_14_25_
10:23:19,59.30,3,317,59.40_59.50_59.60_59.70_59.80_,14_2_18_20_90_,59.20_59.10_59.00_58.90_58.80_,13_27_14_25_9_
10:23:24,59.40,1,318,59.40_59.50_59.60_59.70_59.80_,13_2_10_22_88_,59.20_59.10_59.00_58.90_58.80_,13_27_14_15_19_
10:23:29,59.40,1,318,59.30_59.40_59.50_59.60_59.70_,8_13_2_10_22_,59.20_59.10_59.00_58.90_58.80_,13_27_14_15_19_
10:23:35,59.40,1,318,59.30_59.40_59.50_59.60_59.70_,10_13_2_8_100_,59.20_59.10_59.00_58.90_58.80_,12_27_14_15_19_
10:23:40,59.40,1,318,59.30_59.40_59.50_59.60_59.70_,11_12_2_8_100_,59.20_59.10_59.00_58.90_58.80_,12_27_14_15_19_
10:23:45,59.40,1,318,59.30_59.40_59.50_59.60_59.70_,11_12_2_8_100_,59.20_59.10_59.00_58.90_58.80_,12_27_14_15_20_
10:23:55,59.40,1,318,59.30_59.40_59.50_59.60_59.70_,13_11_2_7_100_,59.20_59.10_59.00_58.90_58.80_,12_27_14_15_20_
10:24:16,59.40,1,318,59.30_59.40_59.50_59.60_59.70_,19_11_2_6_100_,59.20_59.10_59.00_58.90_58.80_,13_27_14_15_20_
10:24:31,59.40,1,318,59.30_59.40_59.50_59.60_59.70_,19_11_4_6_100_,59.20_59.10_59.00_58.90_58.80_,13_27_14_15_20_
10:25:32,59.40,1,318,59.30_59.40_59.50_59.60_59.70_,19_11_4_6_100_,59.20_59.10_59.00_58.90_58.80_,14_27_14_15_20_
10:25:38,59.30,3,321,59.30_59.40_59.50_59.60_59.70_,16_11_4_6_100_,59.20_59.10_59.00_58.90_58.80_,14_27_14_15_20_
10:25:43,59.30,3,321,59.30_59.40_59.50_59.60_59.70_,16_11_4_6_100_,59.20_59.10_59.00_58.90_58.80_,16_36_14_15_20_
10:25:48,59.30,3,321,59.30_59.40_59.50_59.60_59.70_,16_11_4_6_100_,59.20_59.10_59.00_58.90_58.80_,17_36_14_15_20_
10:26:03,59.30,3,321,59.30_59.40_59.50_59.60_59.70_,16_11_5_6_100_,59.20_59.10_59.00_58.90_58.80_,17_36_14_15_20_
10:26:49,59.30,3,321,59.30_59.40_59.50_59.60_59.70_,17_11_4_6_100_,59.20_59.10_59.00_58.90_58.80_,17_36_14_15_20_
10:26:59,59.30,2,323,59.30_59.40_59.50_59.60_59.70_,15_11_4_6_100_,59.20_59.10_59.00_58.90_58.80_,17_36_14_15_20_
10:27:04,59.30,1,324,59.30_59.40_59.50_59.60_59.70_,14_11_4_6_100_,59.20_59.10_59.00_58.90_58.80_,17_36_14_15_20_
10:27:40,59.30,1,324,59.30_59.40_59.50_59.60_59.70_,14_11_4_6_100_,59.20_59.10_59.00_58.90_58.80_,19_35_14_15_20_
10:27:51,59.30,1,324,59.30_59.40_59.50_59.60_59.70_,14_11_4_6_100_,59.20_59.10_59.00_58.90_58.80_,20_35_14_15_20_
10:28:37,59.30,1,324,59.30_59.40_59.50_59.60_59.70_,14_11_4_6_100_,59.20_59.10_59.00_58.90_58.80_,20_37_14_15_20_
10:28:42,59.30,1,324,59.30_59.40_59.50_59.60_59.70_,14_11_4_6_100_,59.20_59.10_59.00_58.90_58.80_,20_38_14_15_20_
10:29:02,59.30,1,324,59.30_59.40_59.50_59.60_59.70_,14_11_4_6_100_,59.20_59.10_59.00_58.90_58.80_,19_38_14_15_20_
10:29:08,59.30,1,324,59.30_59.40_59.50_59.60_59.70_,14_11_5_6_100_,59.20_59.10_59.00_58.90_58.80_,19_38_14_15_20_
10:29:23,59.30,3,327,59.30_59.40_59.50_59.60_59.70_,11_11_5_6_100_,59.20_59.10_59.00_58.90_58.80_,19_37_14_15_20_
10:29:28,59.30,3,327,59.30_59.40_59.50_59.60_59.70_,11_11_5_6_100_,59.20_59.10_59.00_58.90_58.80_,19_38_14_15_20_
10:29:43,59.30,3,327,59.30_59.40_59.50_59.60_59.70_,12_11_5_6_100_,59.20_59.10_59.00_58.90_58.80_,21_36_14_15_20_
10:29:49,59.30,1,328,59.30_59.40_59.50_59.60_59.70_,11_11_5_6_100_,59.20_59.10_59.00_58.90_58.80_,21_36_14_15_20_
10:29:59,59.30,1,328,59.30_59.40_59.50_59.60_59.70_,11_11_5_6_100_,59.20_59.10_59.00_58.90_58.80_,21_36_15_15_20_
10:31:00,59.30,2,330,59.30_59.40_59.50_59.60_59.70_,9_11_5_6_100_,59.20_59.10_59.00_58.90_58.80_,21_34_15_15_20_
10:31:06,59.30,1,331,59.30_59.40_59.50_59.60_59.70_,8_11_5_6_100_,59.20_59.10_59.00_58.90_58.80_,21_34_15_15_20_
10:31:16,59.20,1,332,59.30_59.40_59.50_59.60_59.70_,8_11_5_6_100_,59.20_59.10_59.00_58.90_58.80_,20_34_15_15_20_
10:31:21,59.20,10,342,59.30_59.40_59.50_59.60_59.70_,8_11_5_6_100_,59.20_59.10_59.00_58.90_58.80_,11_33_15_15_20_
10:31:26,59.20,10,342,59.30_59.40_59.50_59.60_59.70_,8_11_5_6_100_,59.20_59.10_59.00_58.90_58.80_,11_34_15_15_20_
10:31:57,59.30,1,343,59.30_59.40_59.50_59.60_59.70_,7_11_5_6_100_,59.20_59.10_59.00_58.90_58.80_,11_34_15_15_20_
10:32:02,59.30,1,343,59.30_59.40_59.50_59.60_59.70_,8_11_4_6_100_,59.20_59.10_59.00_58.90_58.80_,11_34_15_15_20_
10:32:07,59.30,1,343,59.30_59.40_59.50_59.60_59.70_,8_11_5_6_100_,59.20_59.10_59.00_58.90_58.80_,12_34_15_15_20_
10:32:28,59.30,2,345,59.30_59.40_59.50_59.60_59.70_,6_11_5_6_100_,59.20_59.10_59.00_58.90_58.80_,12_33_15_15_20_
10:32:33,59.30,2,345,59.30_59.40_59.50_59.60_59.70_,6_11_5_7_100_,59.20_59.10_59.00_58.90_58.80_,12_33_15_15_20_
10:32:38,59.30,1,346,59.30_59.40_59.50_59.60_59.70_,5_11_5_7_100_,59.20_59.10_59.00_58.90_58.80_,12_32_15_15_20_
10:32:43,59.30,2,348,59.30_59.40_59.50_59.60_59.70_,3_11_5_7_100_,59.20_59.10_59.00_58.90_58.80_,12_32_15_15_20_
10:33:04,59.30,1,349,59.30_59.40_59.50_59.60_59.70_,2_11_5_7_100_,59.20_59.10_59.00_58.90_58.80_,12_32_15_15_20_
10:33:29,59.30,1,349,59.30_59.40_59.50_59.60_59.70_,2_11_5_7_100_,59.20_59.10_59.00_58.90_58.80_,13_32_15_15_20_
10:33:50,59.30,1,349,59.30_59.40_59.50_59.60_59.70_,2_11_5_8_100_,59.20_59.10_59.00_58.90_58.80_,13_32_15_15_20_
10:34:15,59.30,1,349,59.30_59.40_59.50_59.60_59.70_,3_11_5_8_100_,59.20_59.10_59.00_58.90_58.80_,13_32_15_15_20_
10:34:36,59.30,1,349,59.30_59.40_59.50_59.60_59.70_,3_11_5_8_100_,59.20_59.10_59.00_58.90_58.80_,13_33_15_15_20_
10:35:01,59.30,1,349,59.30_59.40_59.50_59.60_59.70_,3_11_5_8_100_,59.20_59.10_59.00_58.90_58.80_,14_33_15_15_20_
10:35:07,59.30,1,350,59.30_59.40_59.50_59.60_59.70_,2_11_5_8_100_,59.20_59.10_59.00_58.90_58.80_,14_33_15_15_20_
10:35:12,59.30,1,351,59.30_59.40_59.50_59.60_59.70_,1_11_5_8_100_,59.20_59.10_59.00_58.90_58.80_,14_35_15_15_20_
10:35:17,59.30,1,352,59.30_59.40_59.50_59.60_59.70_,1_11_5_8_100_,59.20_59.10_59.00_58.90_58.80_,14_35_15_15_20_
10:36:13,59.30,1,352,59.30_59.40_59.50_59.60_59.70_,15_11_5_8_100_,59.20_59.10_59.00_58.90_58.80_,14_35_15_15_20_
10:36:18,59.20,14,366,59.30_59.40_59.50_59.60_59.70_,16_11_4_8_100_,59.10_59.00_58.90_58.80_58.70_,35_15_15_20_3_
10:36:23,59.30,1,367,59.30_59.40_59.50_59.60_59.70_,15_11_4_10_98_,59.10_59.00_58.90_58.80_58.70_,35_15_15_10_13_
10:36:39,59.30,1,367,59.30_59.40_59.50_59.60_59.70_,1_11_4_10_98_,59.10_59.00_58.90_58.80_58.70_,35_15_15_10_13_
10:36:44,59.30,1,367,59.20_59.30_59.40_59.50_59.60_,10_1_11_4_10_,59.10_59.00_58.90_58.80_58.70_,35_15_15_10_13_
10:36:49,59.30,1,367,59.20_59.30_59.40_59.50_59.60_,11_1_10_4_88_,59.10_59.00_58.90_58.80_58.70_,35_15_15_10_13_
10:36:59,59.30,1,367,59.20_59.30_59.40_59.50_59.60_,11_1_10_4_88_,59.10_59.00_58.90_58.80_58.70_,35_15_15_10_14_
10:37:09,59.30,1,367,59.20_59.30_59.40_59.50_59.60_,12_1_10_4_88_,59.10_59.00_58.90_58.80_58.70_,35_15_15_10_14_
10:37:20,59.30,1,367,59.20_59.30_59.40_59.50_59.60_,12_1_10_4_88_,59.10_59.00_58.90_58.80_58.70_,45_15_15_10_14_
10:37:25,59.30,1,367,59.20_59.30_59.40_59.50_59.60_,12_1_10_4_88_,59.10_59.00_58.90_58.80_58.70_,45_17_15_10_14_
10:37:56,59.30,1,367,59.20_59.30_59.40_59.50_59.60_,13_1_9_4_88_,59.10_59.00_58.90_58.80_58.70_,46_17_15_10_14_
10:39:38,59.30,1,367,59.20_59.30_59.40_59.50_59.60_,3_1_9_4_88_,59.10_59.00_58.90_58.80_58.70_,46_17_15_10_14_
10:39:43,59.10,20,387,59.20_59.30_59.40_59.50_59.60_,3_1_9_4_88_,59.10_59.00_58.90_58.80_58.70_,25_17_15_10_14_
10:39:48,59.10,20,387,59.20_59.30_59.40_59.50_59.60_,3_1_9_4_88_,59.10_59.00_58.90_58.80_58.70_,25_19_15_10_14_
10:39:59,59.10,20,387,59.20_59.30_59.40_59.50_59.60_,3_1_9_4_88_,59.10_59.00_58.90_58.80_58.70_,26_19_15_10_14_
10:40:09,59.10,20,387,59.20_59.30_59.40_59.50_59.60_,3_1_9_4_88_,59.10_59.00_58.90_58.80_58.70_,26_18_15_10_14_
10:40:24,59.20,2,389,59.20_59.30_59.40_59.50_59.60_,1_1_9_4_88_,59.10_59.00_58.90_58.80_58.70_,27_17_15_10_14_
10:40:35,59.20,2,389,59.20_59.30_59.40_59.50_59.60_,1_1_10_4_88_,59.10_59.00_58.90_58.80_58.70_,27_17_15_10_14_
10:41:31,59.20,1,390,59.30_59.40_59.50_59.60_59.70_,1_10_4_88_20_,59.10_59.00_58.90_58.80_58.70_,27_17_15_10_14_
10:41:36,59.20,1,390,59.30_59.40_59.50_59.60_59.70_,1_10_5_10_98_,59.10_59.00_58.90_58.80_58.70_,27_17_15_10_14_
10:41:41,59.20,1,390,59.30_59.40_59.50_59.60_59.70_,1_10_5_10_98_,59.10_59.00_58.90_58.80_58.70_,27_19_15_10_14_
10:42:28,59.20,1,390,59.30_59.40_59.50_59.60_59.70_,2_10_5_10_98_,59.10_59.00_58.90_58.80_58.70_,27_19_15_10_14_
10:42:43,59.20,1,390,59.30_59.40_59.50_59.60_59.70_,2_10_5_12_98_,59.10_59.00_58.90_58.80_58.70_,27_19_15_10_14_
10:43:14,59.30,1,391,59.30_59.40_59.50_59.60_59.70_,1_10_5_12_98_,59.20_59.10_59.00_58.90_58.80_,1_27_19_15_10_
10:43:19,59.30,1,391,59.30_59.40_59.50_59.60_59.70_,1_10_5_11_100_,59.20_59.10_59.00_58.90_58.80_,7_23_18_15_21_
10:43:24,59.30,1,391,59.30_59.40_59.50_59.60_59.70_,2_10_5_10_100_,59.20_59.10_59.00_58.90_58.80_,7_23_18_15_21_
10:43:39,59.30,1,392,59.30_59.40_59.50_59.60_59.70_,1_10_5_10_100_,59.20_59.10_59.00_58.90_58.80_,7_23_18_15_21_
10:43:45,59.30,1,392,59.30_59.40_59.50_59.60_59.70_,2_10_5_10_100_,59.20_59.10_59.00_58.90_58.80_,7_23_18_15_21_
10:44:05,59.30,1,392,59.30_59.40_59.50_59.60_59.70_,2_10_5_10_100_,59.20_59.10_59.00_58.90_58.80_,6_23_18_15_21_
10:44:10,59.30,1,392,59.30_59.40_59.50_59.60_59.70_,2_10_5_10_100_,59.20_59.10_59.00_58.90_58.80_,8_23_18_15_21_
10:44:21,59.30,1,392,59.30_59.40_59.50_59.60_59.70_,2_10_5_10_100_,59.20_59.10_59.00_58.90_58.80_,8_23_18_12_21_
10:44:31,59.30,1,392,59.30_59.40_59.50_59.60_59.70_,2_10_5_10_100_,59.20_59.10_59.00_58.90_58.80_,9_23_18_12_21_
10:45:02,59.30,1,393,59.30_59.40_59.50_59.60_59.70_,1_10_5_10_100_,59.20_59.10_59.00_58.90_58.80_,9_23_18_12_21_
10:45:07,59.30,1,394,59.40_59.50_59.60_59.70_59.80_,10_5_11_100_6_,59.30_59.20_59.10_59.00_58.90_,1_7_23_20_12_
10:45:12,59.30,1,394,59.40_59.50_59.60_59.70_59.80_,10_5_11_20_86_,59.30_59.20_59.10_59.00_58.90_,7_4_23_14_22_
10:45:17,59.30,1,394,59.40_59.50_59.60_59.70_59.80_,10_5_11_20_86_,59.30_59.20_59.10_59.00_58.90_,8_4_23_14_22_
10:45:22,59.30,5,399,59.40_59.50_59.60_59.70_59.80_,10_5_11_20_86_,59.30_59.20_59.10_59.00_58.90_,3_4_23_14_22_
10:45:27,59.30,5,399,59.40_59.50_59.60_59.70_59.80_,10_5_11_20_86_,59.30_59.20_59.10_59.00_58.90_,6_4_23_14_22_
10:45:48,59.40,2,401,59.40_59.50_59.60_59.70_59.80_,8_5_11_20_86_,59.30_59.20_59.10_59.00_58.90_,6_4_23_14_22_
10:45:53,59.40,2,401,59.40_59.50_59.60_59.70_59.80_,8_5_11_20_86_,59.30_59.20_59.10_59.00_58.90_,8_4_23_14_22_
10:46:03,59.40,2,401,59.40_59.50_59.60_59.70_59.80_,8_5_11_20_86_,59.30_59.20_59.10_59.00_58.90_,7_4_23_14_22_
10:46:08,59.40,2,401,59.40_59.50_59.60_59.70_59.80_,8_5_11_20_86_,59.30_59.20_59.10_59.00_58.90_,8_4_23_14_22_
10:46:39,59.40,2,403,59.40_59.50_59.60_59.70_59.80_,7_5_11_20_86_,59.30_59.20_59.10_59.00_58.90_,8_4_23_14_22_
10:46:44,59.40,1,404,59.40_59.50_59.60_59.70_59.80_,6_5_11_20_86_,59.30_59.20_59.10_59.00_58.90_,8_4_23_14_22_
10:46:59,59.40,1,404,59.40_59.50_59.60_59.70_59.80_,6_5_11_20_86_,59.30_59.20_59.10_59.00_58.90_,9_4_23_14_22_
10:47:15,59.40,1,405,59.40_59.50_59.60_59.70_59.80_,5_5_11_20_86_,59.30_59.20_59.10_59.00_58.90_,9_4_23_14_22_
10:47:30,59.40,1,406,59.40_59.50_59.60_59.70_59.80_,4_5_11_20_86_,59.30_59.20_59.10_59.00_58.90_,9_4_23_14_22_
10:47:51,59.40,1,406,59.40_59.50_59.60_59.70_59.80_,4_5_12_20_86_,59.30_59.20_59.10_59.00_58.90_,9_4_23_14_22_
10:47:56,59.40,1,407,59.40_59.50_59.60_59.70_59.80_,3_5_12_20_86_,59.30_59.20_59.10_59.00_58.90_,9_4_22_14_22_
10:48:11,59.40,1,408,59.40_59.50_59.60_59.70_59.80_,2_5_12_20_86_,59.30_59.20_59.10_59.00_58.90_,9_4_22_14_22_
10:48:16,59.40,1,408,59.40_59.50_59.60_59.70_59.80_,2_5_12_20_86_,59.30_59.20_59.10_59.00_58.90_,10_4_22_14_22_
10:48:21,59.40,1,409,59.40_59.50_59.60_59.70_59.80_,1_5_12_20_86_,59.30_59.20_59.10_59.00_58.90_,12_4_21_14_22_
10:49:53,59.40,1,410,59.50_59.60_59.70_59.80_59.90_,5_12_20_86_3_,59.30_59.20_59.10_59.00_58.90_,12_4_21_14_22_
10:49:59,59.40,1,410,59.50_59.60_59.70_59.80_59.90_,5_12_20_30_58_,59.30_59.20_59.10_59.00_58.90_,16_4_21_14_22_
10:50:04,59.40,1,410,59.50_59.60_59.70_59.80_59.90_,5_12_20_30_58_,59.40_59.30_59.20_59.10_59.00_,1_16_4_21_14_
10:50:09,59.40,1,410,59.50_59.60_59.70_59.80_59.90_,5_12_20_5_83_,59.40_59.30_59.20_59.10_59.00_,16_4_3_16_24_
10:50:14,59.40,1,410,59.50_59.60_59.70_59.80_59.90_,5_12_20_5_83_,59.40_59.30_59.20_59.10_59.00_,20_4_3_16_24_
10:50:40,59.40,1,410,59.50_59.60_59.70_59.80_59.90_,7_12_20_5_83_,59.40_59.30_59.20_59.10_59.00_,20_4_3_16_24_
10:51:16,59.40,1,410,59.50_59.60_59.70_59.80_59.90_,7_12_21_5_83_,59.40_59.30_59.20_59.10_59.00_,20_4_3_16_24_
10:51:41,59.50,2,412,59.50_59.60_59.70_59.80_59.90_,5_12_21_5_83_,59.40_59.30_59.20_59.10_59.00_,20_4_3_16_24_
10:52:02,59.50,2,412,59.50_59.60_59.70_59.80_59.90_,5_11_21_5_83_,59.40_59.30_59.20_59.10_59.00_,20_4_3_16_24_
10:52:27,59.50,2,412,59.50_59.60_59.70_59.80_59.90_,5_11_21_6_83_,59.40_59.30_59.20_59.10_59.00_,20_4_3_16_24_
10:52:43,59.50,1,413,59.50_59.60_59.70_59.80_59.90_,4_11_21_6_83_,59.40_59.30_59.20_59.10_59.00_,20_4_3_16_24_
10:52:48,59.40,1,414,59.50_59.60_59.70_59.80_59.90_,4_11_21_6_83_,59.40_59.30_59.20_59.10_59.00_,19_4_3_16_24_
10:52:58,59.40,1,414,59.50_59.60_59.70_59.80_59.90_,5_11_21_6_83_,59.40_59.30_59.20_59.10_59.00_,19_4_3_16_24_
10:53:08,59.40,1,414,59.50_59.60_59.70_59.80_59.90_,5_11_26_6_83_,59.40_59.30_59.20_59.10_59.00_,19_4_3_16_24_
10:53:13,59.40,1,414,59.50_59.60_59.70_59.80_59.90_,5_11_26_6_83_,59.40_59.30_59.20_59.10_59.00_,21_4_3_16_24_
10:53:19,59.50,2,416,59.50_59.60_59.70_59.80_59.90_,3_11_26_6_83_,59.40_59.30_59.20_59.10_59.00_,21_4_3_16_24_
10:53:24,59.50,3,419,59.60_59.70_59.80_59.90_60.00_,11_26_6_83_41_,59.50_59.40_59.30_59.20_59.10_,11_9_4_3_16_
10:53:29,59.50,2,421,59.60_59.70_59.80_59.90_60.00_,11_26_6_3_121_,59.50_59.40_59.30_59.20_59.10_,19_7_1_1_26_
10:53:34,59.50,2,421,59.60_59.70_59.80_59.90_60.00_,11_26_6_3_121_,59.50_59.40_59.30_59.20_59.10_,20_7_1_1_26_
10:54:05,59.50,2,421,59.60_59.70_59.80_59.90_60.00_,11_26_6_3_121_,59.50_59.40_59.30_59.20_59.10_,8_7_1_1_26_
10:54:20,59.60,1,422,59.60_59.70_59.80_59.90_60.00_,10_26_6_3_121_,59.50_59.40_59.30_59.20_59.10_,8_7_1_1_26_
10:54:25,59.60,1,422,59.60_59.70_59.80_59.90_60.00_,10_27_6_3_122_,59.50_59.40_59.30_59.20_59.10_,8_7_1_1_26_
10:54:30,59.50,2,424,59.60_59.70_59.80_59.90_60.00_,10_27_6_3_122_,59.50_59.40_59.30_59.20_59.10_,6_7_1_1_26_
10:54:46,59.60,1,425,59.60_59.70_59.80_59.90_60.00_,9_27_6_3_122_,59.50_59.40_59.30_59.20_59.10_,7_7_1_1_26_
10:54:51,59.60,1,425,59.60_59.70_59.80_59.90_60.00_,9_27_6_3_122_,59.50_59.40_59.30_59.20_59.10_,8_7_1_1_26_
10:55:11,59.60,2,427,59.60_59.70_59.80_59.90_60.00_,7_27_6_3_122_,59.50_59.40_59.20_59.10_59.00_,9_7_1_26_14_
10:55:17,59.60,2,427,59.60_59.70_59.80_59.90_60.00_,7_27_6_3_122_,59.50_59.40_59.20_59.10_59.00_,9_7_1_16_24_
10:55:22,59.60,1,428,59.60_59.70_59.80_59.90_60.00_,6_27_6_3_122_,59.50_59.40_59.20_59.10_59.00_,9_6_1_16_24_
10:55:27,59.60,1,428,59.60_59.70_59.80_59.90_60.00_,6_27_6_3_122_,59.50_59.40_59.20_59.10_59.00_,10_6_1_16_24_
10:55:32,59.60,1,428,59.60_59.70_59.80_59.90_60.00_,14_27_6_3_122_,59.50_59.40_59.20_59.10_59.00_,10_6_1_16_24_
10:56:54,59.50,2,430,59.60_59.70_59.80_59.90_60.00_,14_27_6_3_122_,59.50_59.40_59.20_59.10_59.00_,9_6_1_16_24_
10:56:59,59.50,2,430,59.60_59.70_59.80_59.90_60.00_,14_27_6_3_122_,59.50_59.40_59.20_59.10_59.00_,9_6_1_18_24_
10:57:30,59.50,2,430,59.60_59.70_59.80_59.90_60.00_,10_28_6_3_122_,59.50_59.40_59.20_59.10_59.00_,9_6_1_18_24_
10:58:01,59.60,1,431,59.60_59.70_59.80_59.90_60.00_,9_28_6_3_122_,59.50_59.40_59.20_59.10_59.00_,8_6_1_18_24_
10:58:31,59.60,1,431,59.60_59.70_59.80_59.90_60.00_,7_28_6_3_122_,59.50_59.40_59.20_59.10_59.00_,8_6_1_18_24_
10:58:47,59.60,1,431,59.60_59.70_59.80_59.90_60.00_,7_28_6_3_122_,59.50_59.40_59.20_59.10_59.00_,8_6_3_18_24_
10:58:52,59.60,1,431,59.60_59.70_59.80_59.90_60.00_,7_28_6_3_122_,59.50_59.40_59.20_59.10_59.00_,8_6_3_19_24_
10:58:57,59.60,1,431,59.60_59.70_59.80_59.90_60.00_,7_28_6_3_122_,59.50_59.40_59.20_59.10_59.00_,7_6_3_19_24_
10:59:12,59.60,1,432,59.60_59.70_59.80_59.90_60.00_,6_28_6_3_122_,59.50_59.40_59.20_59.10_59.00_,7_6_3_19_24_
10:59:17,59.60,1,432,59.60_59.70_59.80_59.90_60.00_,6_28_6_3_122_,59.50_59.40_59.20_59.10_59.00_,8_6_3_19_24_
10:59:28,59.60,1,432,59.60_59.70_59.80_59.90_60.00_,4_28_6_3_122_,59.50_59.40_59.20_59.10_59.00_,8_6_3_19_24_
10:59:33,59.60,1,432,59.60_59.70_59.80_59.90_60.00_,4_28_6_3_122_,59.50_59.40_59.20_59.10_59.00_,8_6_3_21_24_
11:00:14,59.60,1,432,59.60_59.70_59.80_59.90_60.00_,4_28_6_3_122_,59.50_59.40_59.20_59.10_59.00_,7_6_3_21_24_
11:00:45,59.60,1,432,59.60_59.70_59.80_59.90_60.00_,5_29_6_3_122_,59.50_59.40_59.20_59.10_59.00_,6_6_3_21_24_
11:00:50,59.60,1,433,59.60_59.70_59.80_59.90_60.00_,4_29_6_3_122_,59.50_59.40_59.20_59.10_59.00_,6_6_3_21_24_
11:01:00,59.60,1,433,59.60_59.70_59.80_59.90_60.00_,4_29_6_3_122_,59.50_59.40_59.20_59.10_59.00_,6_6_3_21_25_
11:01:25,59.60,1,433,59.60_59.70_59.80_59.90_60.00_,4_29_6_3_122_,59.50_59.40_59.20_59.10_59.00_,11_6_3_21_25_
11:01:31,59.60,2,435,59.60_59.70_59.80_59.90_60.00_,2_29_6_3_122_,59.50_59.40_59.20_59.10_59.00_,11_6_3_21_25_
11:01:36,59.60,2,437,59.70_59.80_59.90_60.00_60.10_,29_6_3_122_20_,59.60_59.50_59.40_59.20_59.10_,3_7_6_3_21_
11:01:41,59.60,2,437,59.70_59.80_59.90_60.00_60.10_,29_6_3_42_100_,59.60_59.50_59.40_59.20_59.10_,8_5_5_3_28_
11:01:46,59.60,2,437,59.70_59.80_59.90_60.00_60.10_,29_6_3_42_100_,59.60_59.50_59.40_59.20_59.10_,10_5_5_3_28_
11:01:51,59.60,2,437,59.70_59.80_59.90_60.00_60.10_,29_6_3_42_100_,59.60_59.50_59.40_59.20_59.10_,13_5_5_3_28_
11:02:01,59.60,2,437,59.70_59.80_59.90_60.00_60.10_,29_6_3_42_100_,59.60_59.50_59.40_59.20_59.10_,13_5_5_3_33_
11:02:07,59.70,1,438,59.70_59.80_59.90_60.00_60.10_,28_6_3_42_100_,59.60_59.50_59.40_59.20_59.10_,13_5_4_3_33_
11:02:22,59.70,1,439,59.70_59.80_59.90_60.00_60.10_,27_6_3_42_100_,59.60_59.50_59.40_59.20_59.10_,13_5_3_3_33_
11:02:48,59.70,1,439,59.70_59.80_59.90_60.00_60.10_,27_6_3_42_100_,59.60_59.50_59.40_59.20_59.10_,14_5_3_3_33_
11:02:53,59.70,1,440,59.70_59.80_59.90_60.00_60.10_,26_6_3_42_100_,59.60_59.50_59.40_59.20_59.10_,15_5_3_3_33_
11:03:18,59.70,1,440,59.70_59.80_59.90_60.00_60.10_,26_6_3_42_100_,59.60_59.50_59.40_59.20_59.10_,16_5_3_4_33_
11:03:34,59.70,1,440,59.70_59.80_59.90_60.00_60.10_,26_6_3_42_100_,59.60_59.50_59.40_59.20_59.10_,15_5_3_4_33_
11:03:39,59.70,1,441,59.70_59.80_59.90_60.00_60.10_,25_6_3_42_100_,59.60_59.50_59.40_59.20_59.10_,15_5_3_4_35_
11:03:54,59.70,1,442,59.70_59.80_59.90_60.00_60.10_,24_6_4_42_100_,59.60_59.50_59.40_59.20_59.10_,15_5_3_4_35_
11:04:15,59.70,1,442,59.70_59.80_59.90_60.00_60.10_,25_7_4_42_100_,59.60_59.50_59.40_59.20_59.10_,15_5_3_4_35_
11:04:46,59.70,1,442,59.70_59.80_59.90_60.00_60.10_,25_7_4_42_100_,59.60_59.50_59.40_59.20_59.10_,16_5_3_4_35_
11:04:51,59.70,1,442,59.70_59.80_59.90_60.00_60.10_,25_7_4_42_100_,59.60_59.50_59.40_59.20_59.10_,18_5_2_4_35_
11:04:56,59.70,1,443,59.70_59.80_59.90_60.00_60.10_,24_7_4_42_100_,59.60_59.50_59.40_59.20_59.10_,18_5_2_4_35_
11:05:06,59.70,1,443,59.70_59.80_59.90_60.00_60.10_,24_7_4_42_100_,59.60_59.50_59.40_59.20_59.10_,19_5_2_4_35_
11:05:21,59.70,1,443,59.70_59.80_59.90_60.00_60.10_,24_7_4_42_100_,59.60_59.50_59.40_59.20_59.10_,18_5_2_4_35_
11:05:37,59.70,1,443,59.70_59.80_59.90_60.00_60.10_,24_7_4_42_100_,59.60_59.50_59.40_59.20_59.10_,21_5_2_4_35_
11:05:42,59.70,1,444,59.70_59.80_59.90_60.00_60.10_,23_7_4_42_100_,59.60_59.50_59.40_59.20_59.10_,21_5_2_4_35_
11:05:57,59.70,1,445,59.70_59.80_59.90_60.00_60.10_,22_7_4_42_100_,59.60_59.50_59.40_59.20_59.10_,21_5_2_4_35_
11:06:07,59.70,1,445,59.70_59.80_59.90_60.00_60.10_,22_7_5_42_100_,59.60_59.50_59.40_59.20_59.10_,20_5_2_4_35_
11:06:13,59.70,1,446,59.70_59.80_59.90_60.00_60.10_,21_7_5_42_100_,59.60_59.50_59.40_59.20_59.10_,20_5_2_4_35_
11:06:23,59.70,1,446,59.70_59.80_59.90_60.00_60.10_,21_7_5_42_100_,59.60_59.50_59.40_59.20_59.10_,17_5_2_4_35_
11:06:28,59.70,1,447,59.70_59.80_59.90_60.00_60.10_,20_7_5_42_100_,59.60_59.50_59.40_59.20_59.10_,17_5_2_4_35_
11:06:33,59.70,1,447,59.70_59.80_59.90_60.00_60.10_,20_7_5_42_102_,59.60_59.50_59.40_59.20_59.10_,17_5_2_4_35_
11:06:43,59.70,1,448,59.70_59.80_59.90_60.00_60.10_,20_7_5_42_102_,59.60_59.50_59.40_59.20_59.10_,17_5_2_4_35_
11:06:59,59.70,1,449,59.70_59.80_59.90_60.00_60.10_,19_7_5_42_102_,59.60_59.50_59.40_59.20_59.10_,17_5_2_4_35_
11:07:19,59.70,1,449,59.70_59.80_59.90_60.00_60.10_,19_7_6_42_102_,59.60_59.50_59.40_59.20_59.10_,17_5_2_4_35_
11:07:29,59.70,1,449,59.70_59.80_59.90_60.00_60.10_,19_7_6_42_102_,59.60_59.50_59.40_59.20_59.10_,18_5_2_4_35_
11:07:55,59.70,1,449,59.70_59.80_59.90_60.00_60.10_,19_7_6_43_102_,59.60_59.50_59.40_59.20_59.10_,18_5_2_4_35_
11:08:10,59.70,3,452,59.70_59.80_59.90_60.00_60.10_,16_7_6_43_102_,59.60_59.50_59.40_59.20_59.10_,17_5_2_4_35_
11:08:21,59.70,3,452,59.70_59.80_59.90_60.00_60.10_,15_7_6_43_102_,59.60_59.50_59.40_59.20_59.10_,17_5_2_4_35_
11:09:22,59.70,2,454,59.70_59.80_59.90_60.00_60.10_,13_7_6_43_102_,59.60_59.50_59.40_59.20_59.10_,17_5_2_4_35_
11:09:27,59.70,2,454,59.70_59.80_59.90_60.00_60.10_,13_7_6_43_102_,59.60_59.50_59.40_59.20_59.10_,16_5_2_4_35_
11:09:43,59.70,2,454,59.70_59.80_59.90_60.00_60.10_,13_7_6_43_101_,59.60_59.50_59.40_59.20_59.10_,16_5_2_4_35_
11:09:58,59.70,2,454,59.70_59.80_59.90_60.00_60.10_,14_7_6_43_101_,59.60_59.50_59.40_59.20_59.10_,16_5_2_4_35_
11:10:03,59.70,1,455,59.70_59.80_59.90_60.00_60.10_,13_8_6_43_101_,59.60_59.50_59.40_59.20_59.10_,16_5_1_4_35_
11:10:08,59.70,1,455,59.70_59.80_59.90_60.00_60.10_,13_8_6_43_101_,59.60_59.50_59.40_59.20_59.10_,17_5_1_4_35_
11:10:13,59.70,1,456,59.70_59.80_59.90_60.00_60.10_,12_8_6_43_101_,59.60_59.50_59.40_59.20_59.10_,17_5_1_4_35_
11:10:29,59.70,2,458,59.70_59.80_59.90_60.00_60.10_,10_8_6_43_101_,59.60_59.50_59.40_59.20_59.10_,17_5_1_4_35_
11:11:15,59.70,1,459,59.70_59.80_59.90_60.00_60.10_,9_8_6_43_101_,59.60_59.50_59.40_59.20_59.10_,17_5_1_4_35_
11:11:20,59.70,1,460,59.70_59.80_59.90_60.00_60.10_,8_8_6_43_101_,59.60_59.50_59.40_59.20_59.10_,17_5_1_4_35_
11:11:30,59.70,1,460,59.70_59.80_59.90_60.00_60.10_,8_8_6_43_101_,59.60_59.50_59.40_59.20_59.10_,18_5_1_4_35_
11:11:36,59.60,1,461,59.70_59.80_59.90_60.00_60.10_,8_8_6_43_101_,59.60_59.50_59.40_59.20_59.10_,17_5_1_4_35_
11:12:22,59.60,2,463,59.70_59.80_59.90_60.00_60.10_,8_8_6_43_101_,59.60_59.50_59.40_59.20_59.10_,15_5_1_4_35_
11:12:27,59.60,2,463,59.70_59.80_59.90_60.00_60.10_,8_8_6_43_101_,59.60_59.50_59.40_59.20_59.10_,16_5_1_4_35_
11:12:32,59.70,1,464,59.70_59.80_59.90_60.00_60.10_,7_8_6_43_101_,59.60_59.50_59.40_59.20_59.10_,16_5_1_4_35_
11:12:53,59.70,1,465,59.70_59.80_59.90_60.00_60.10_,6_8_6_43_101_,59.60_59.50_59.40_59.20_59.10_,16_5_1_4_35_
11:12:58,59.70,1,465,59.70_59.80_59.90_60.00_60.10_,6_8_6_49_101_,59.60_59.50_59.40_59.20_59.10_,16_5_1_4_35_
11:13:34,59.70,1,465,59.70_59.80_59.90_60.00_60.10_,6_8_6_49_101_,59.60_59.50_59.40_59.20_59.10_,17_5_1_4_35_
11:14:35,59.70,1,466,59.70_59.80_59.90_60.00_60.10_,5_8_6_49_101_,59.60_59.50_59.40_59.20_59.10_,17_5_1_4_35_
11:15:37,59.70,3,469,59.70_59.80_59.90_60.00_60.10_,2_8_6_49_101_,59.60_59.50_59.40_59.20_59.10_,17_5_1_4_35_
11:15:42,59.70,3,472,59.80_59.90_60.00_60.10_60.20_,8_6_49_101_11_,59.60_59.50_59.40_59.20_59.10_,14_5_1_4_35_
11:15:47,59.70,3,472,59.80_59.90_60.00_60.10_60.20_,8_6_50_84_28_,59.60_59.50_59.40_59.20_59.10_,23_5_1_16_24_
11:15:52,59.70,3,472,59.80_59.90_60.00_60.10_60.20_,8_6_50_84_28_,59.60_59.50_59.40_59.20_59.10_,24_5_1_16_24_
11:16:03,59.70,3,472,59.80_59.90_60.00_60.10_60.20_,8_6_49_84_28_,59.60_59.50_59.40_59.20_59.10_,24_5_1_16_24_
11:16:13,59.70,3,472,59.80_59.90_60.00_60.10_60.20_,8_6_49_84_28_,59.70_59.60_59.50_59.40_59.20_,1_24_5_1_16_
11:16:18,59.70,1,473,59.80_59.90_60.00_60.10_60.20_,8_6_49_21_91_,59.70_59.60_59.50_59.20_59.10_,15_9_4_16_24_
11:16:23,59.70,1,473,59.80_59.90_60.00_60.10_60.20_,8_6_49_21_91_,59.70_59.60_59.50_59.20_59.10_,23_7_2_16_24_
11:16:28,59.70,1,473,59.80_59.90_60.00_60.10_60.20_,8_6_49_21_91_,59.70_59.60_59.50_59.20_59.10_,25_5_2_16_24_
11:16:43,59.80,2,475,59.80_59.90_60.00_60.10_60.20_,6_6_49_21_91_,59.70_59.60_59.50_59.20_59.10_,25_4_2_16_24_
11:16:49,59.70,5,480,59.80_59.90_60.00_60.10_60.20_,6_6_49_44_68_,59.70_59.60_59.50_59.20_59.10_,20_4_2_16_24_
11:16:54,59.70,5,480,59.80_59.90_60.00_60.10_60.20_,6_6_49_21_91_,59.70_59.60_59.50_59.20_59.10_,20_4_2_16_24_
11:17:09,59.70,5,480,59.80_59.90_60.00_60.10_60.20_,6_6_50_21_91_,59.70_59.60_59.50_59.20_59.10_,20_4_2_16_24_
11:17:24,59.70,5,480,59.80_59.90_60.00_60.10_60.20_,6_6_50_16_91_,59.70_59.60_59.50_59.20_59.10_,20_4_2_16_24_
11:17:30,59.80,1,481,59.80_59.90_60.00_60.10_60.20_,5_6_50_16_91_,59.70_59.60_59.50_59.20_59.10_,20_3_2_16_24_
11:17:45,59.80,1,482,59.80_59.90_60.00_60.10_60.20_,4_6_50_16_91_,59.70_59.60_59.50_59.20_59.10_,20_2_2_16_24_
11:17:50,59.80,1,483,59.80_59.90_60.00_60.10_60.20_,3_6_50_16_91_,59.70_59.60_59.50_59.20_59.10_,20_2_2_16_24_
11:17:55,59.80,3,486,59.90_60.00_60.10_60.20_60.30_,6_50_16_91_2_,59.80_59.70_59.60_59.50_59.20_,2_15_2_2_16_
11:18:00,59.80,3,486,59.90_60.00_60.10_60.20_60.30_,6_50_16_11_82_,59.80_59.70_59.50_59.30_59.20_,8_8_2_12_4_
11:18:05,59.90,1,487,59.90_60.00_60.10_60.20_60.30_,5_50_16_11_82_,59.80_59.70_59.50_59.30_59.20_,11_7_2_12_4_
11:18:11,59.90,1,487,59.90_60.00_60.10_60.20_60.30_,5_50_16_72_21_,59.80_59.70_59.50_59.30_59.20_,14_5_2_12_4_
11:18:16,59.90,1,487,59.90_60.00_60.10_60.20_60.30_,6_50_16_72_21_,59.80_59.70_59.50_59.30_59.20_,14_5_2_12_4_
11:18:36,59.90,1,487,59.90_60.00_60.10_60.20_60.30_,7_50_16_72_21_,59.80_59.70_59.50_59.30_59.20_,14_5_2_12_4_
11:18:57,59.90,1,487,59.90_60.00_60.10_60.20_60.30_,12_50_16_72_21_,59.80_59.70_59.50_59.30_59.20_,14_5_2_12_4_
11:19:02,59.90,1,487,59.90_60.00_60.10_60.20_60.30_,11_50_16_72_21_,59.80_59.70_59.50_59.30_59.20_,14_5_2_12_4_
11:19:07,59.90,1,487,59.90_60.00_60.10_60.20_60.30_,11_50_14_72_21_,59.80_59.70_59.50_59.30_59.20_,14_5_2_12_4_
11:19:33,59.90,1,487,59.90_60.00_60.10_60.20_60.30_,11_50_14_74_21_,59.80_59.70_59.50_59.30_59.20_,14_5_2_12_4_
11:19:38,59.90,1,487,59.90_60.00_60.10_60.20_60.30_,11_50_14_74_21_,59.80_59.70_59.50_59.30_59.20_,14_5_2_12_5_
11:19:53,59.90,1,487,59.90_60.00_60.10_60.20_60.30_,12_50_14_74_21_,59.80_59.70_59.50_59.30_59.20_,14_5_2_12_5_
11:19:58,59.90,1,487,59.90_60.00_60.10_60.20_60.30_,12_50_14_74_21_,59.80_59.70_59.50_59.30_59.20_,12_5_2_12_5_
11:20:08,59.90,1,487,59.90_60.00_60.10_60.20_60.30_,12_53_14_74_21_,59.80_59.70_59.50_59.30_59.20_,12_5_2_12_5_
11:20:14,59.90,1,487,59.90_60.00_60.10_60.20_60.30_,12_53_14_74_21_,59.80_59.70_59.50_59.30_59.20_,12_5_2_14_5_
11:20:19,59.90,1,488,59.90_60.00_60.10_60.20_60.30_,11_53_14_75_21_,59.80_59.70_59.50_59.30_59.20_,12_5_2_14_5_
11:20:24,59.90,1,488,59.90_60.00_60.10_60.20_60.30_,11_53_14_75_21_,59.80_59.70_59.50_59.30_59.20_,12_5_2_14_6_
11:20:29,59.90,1,488,59.90_60.00_60.10_60.20_60.30_,11_54_14_75_21_,59.80_59.70_59.50_59.30_59.20_,12_5_2_14_6_
11:20:49,59.80,1,489,59.90_60.00_60.10_60.20_60.30_,11_54_14_75_21_,59.80_59.70_59.50_59.30_59.20_,11_5_2_14_6_
11:20:55,59.80,1,489,59.90_60.00_60.10_60.20_60.30_,11_54_14_14_82_,59.80_59.70_59.50_59.30_59.20_,11_5_2_14_6_
11:21:00,59.80,9,498,59.90_60.00_60.10_60.20_60.30_,12_54_14_14_82_,59.80_59.70_59.50_59.30_59.20_,2_5_2_14_6_
11:21:05,59.80,2,500,59.80_59.90_60.00_60.10_60.20_,1_12_54_14_14_,59.70_59.50_59.30_59.20_59.10_,5_2_14_6_25_
11:21:10,59.80,2,500,59.80_59.90_60.00_60.10_60.20_,1_14_52_14_94_,59.70_59.50_59.30_59.20_59.10_,5_2_2_18_25_
11:21:15,59.80,2,500,59.80_59.90_60.00_60.10_60.20_,3_14_52_14_94_,59.70_59.50_59.30_59.20_59.10_,5_2_2_18_25_
11:21:30,59.80,2,500,59.80_59.90_60.00_60.10_60.20_,4_13_52_14_94_,59.70_59.50_59.30_59.20_59.10_,5_2_2_18_25_
11:21:56,59.70,2,502,59.80_59.90_60.00_60.10_60.20_,4_8_52_14_94_,59.70_59.50_59.30_59.20_59.10_,3_2_2_18_25_
11:22:07,59.70,2,502,59.80_59.90_60.00_60.10_60.20_,4_9_52_14_94_,59.70_59.60_59.50_59.30_59.20_,3_1_2_2_18_
11:22:22,59.70,2,502,59.80_59.90_60.00_60.10_60.20_,4_9_52_14_94_,59.70_59.60_59.50_59.30_59.20_,3_1_2_2_20_
11:22:27,59.70,2,502,59.80_59.90_60.00_60.10_60.20_,4_9_53_14_94_,59.70_59.60_59.50_59.30_59.20_,3_1_2_2_20_
11:22:48,59.70,2,502,59.80_59.90_60.00_60.10_60.20_,4_9_53_14_95_,59.70_59.60_59.50_59.30_59.20_,3_1_2_2_20_
11:22:58,59.70,1,503,59.80_59.90_60.00_60.10_60.20_,4_9_53_15_95_,59.70_59.60_59.50_59.30_59.20_,2_1_2_2_20_
11:23:03,59.70,2,505,59.80_59.90_60.00_60.10_60.20_,4_9_53_15_95_,59.60_59.50_59.30_59.20_59.10_,1_2_2_20_25_
11:23:08,59.70,2,505,59.80_59.90_60.00_60.10_60.20_,4_8_53_78_32_,59.60_59.50_59.30_59.20_59.10_,1_4_2_18_25_
11:23:13,59.70,2,505,59.80_59.90_60.00_60.10_60.20_,4_8_53_78_32_,59.60_59.50_59.30_59.20_59.10_,2_7_2_18_25_
11:23:34,59.70,2,505,59.80_59.90_60.00_60.10_60.20_,4_9_53_78_32_,59.60_59.50_59.30_59.20_59.10_,2_7_2_18_25_
11:23:49,59.70,2,505,59.80_59.90_60.00_60.10_60.20_,4_9_54_78_32_,59.60_59.50_59.30_59.20_59.10_,2_7_2_18_25_
11:23:54,59.70,2,505,59.80_59.90_60.00_60.10_60.20_,6_9_54_78_32_,59.60_59.50_59.30_59.20_59.10_,2_7_2_18_25_
11:24:40,59.70,2,505,59.80_59.90_60.00_60.10_60.20_,6_9_54_78_32_,59.60_59.50_59.30_59.20_59.10_,2_7_2_20_25_
11:25:11,59.70,2,505,59.80_59.90_60.00_60.10_60.20_,6_9_54_78_34_,59.60_59.50_59.30_59.20_59.10_,2_7_2_20_25_
11:25:37,59.70,2,505,59.80_59.90_60.00_60.10_60.20_,6_9_54_80_34_,59.60_59.50_59.30_59.20_59.10_,2_7_2_20_25_
11:26:23,59.70,2,505,59.80_59.90_60.00_60.10_60.20_,6_9_54_80_34_,59.60_59.50_59.30_59.20_59.10_,3_7_2_20_25_
11:26:43,59.70,2,505,59.80_59.90_60.00_60.10_60.20_,6_9_54_80_34_,59.60_59.50_59.30_59.20_59.10_,3_7_2_20_26_
11:26:49,59.70,2,505,59.80_59.90_60.00_60.10_60.20_,6_9_54_80_34_,59.60_59.50_59.30_59.20_59.10_,3_7_2_23_26_
11:27:04,59.70,2,505,59.80_59.90_60.00_60.10_60.20_,5_9_54_80_34_,59.60_59.50_59.30_59.20_59.10_,3_7_2_23_26_
11:27:09,59.70,2,505,59.80_59.90_60.00_60.10_60.20_,5_9_54_80_34_,59.60_59.50_59.30_59.20_59.10_,3_7_3_23_26_
11:28:31,59.70,2,505,59.80_59.90_60.00_60.10_60.20_,5_9_54_80_34_,59.60_59.50_59.30_59.20_59.10_,3_7_3_24_26_
11:28:36,59.70,2,505,59.80_59.90_60.00_60.10_60.20_,5_9_54_80_34_,59.60_59.50_59.30_59.20_59.10_,4_7_3_24_26_
11:28:41,59.70,2,505,59.80_59.90_60.00_60.10_60.20_,5_9_54_80_34_,59.60_59.50_59.30_59.20_59.10_,5_7_3_24_26_
11:28:57,59.70,2,505,59.80_59.90_60.00_60.10_60.20_,5_9_54_80_34_,59.60_59.50_59.30_59.20_59.10_,5_7_3_26_26_
11:29:27,59.80,1,506,59.80_59.90_60.00_60.10_60.20_,4_9_54_80_34_,59.60_59.50_59.30_59.20_59.10_,5_7_3_26_26_
11:29:32,59.80,1,506,59.80_59.90_60.00_60.10_60.20_,4_9_54_80_34_,59.60_59.50_59.30_59.20_59.10_,6_7_3_26_26_
11:29:53,59.80,1,506,59.80_59.90_60.00_60.10_60.20_,4_9_54_80_34_,59.60_59.50_59.30_59.20_59.10_,9_7_3_20_26_
11:30:13,59.80,1,506,59.80_59.90_60.00_60.10_60.20_,4_9_54_80_34_,59.60_59.50_59.30_59.20_59.10_,10_7_3_20_26_
11:30:24,59.80,1,506,59.80_59.90_60.00_60.10_60.20_,4_9_54_80_34_,59.70_59.60_59.50_59.30_59.20_,1_10_7_3_20_
11:30:29,59.80,1,506,59.80_59.90_60.00_60.10_60.20_,4_9_55_40_74_,59.70_59.60_59.50_59.30_59.20_,5_6_7_1_20_
11:30:34,59.80,1,506,59.80_59.90_60.00_60.10_60.20_,5_9_55_40_74_,59.70_59.60_59.50_59.30_59.20_,7_6_7_1_20_
11:30:39,59.80,1,506,59.80_59.90_60.00_60.10_60.20_,5_9_55_40_74_,59.70_59.60_59.50_59.30_59.20_,7_6_7_2_20_
11:31:20,59.80,1,506,59.80_59.90_60.00_60.10_60.20_,5_9_55_40_74_,59.70_59.60_59.50_59.30_59.20_,6_6_7_2_20_
11:31:25,59.80,1,506,59.80_59.90_60.00_60.10_60.20_,5_9_55_78_36_,59.70_59.60_59.50_59.30_59.20_,6_6_7_2_20_
11:31:30,59.80,1,506,59.80_59.90_60.00_60.10_60.20_,5_9_55_78_36_,59.70_59.60_59.50_59.30_59.20_,7_6_7_2_20_
11:31:35,59.80,1,507,59.80_59.90_60.00_60.10_60.20_,5_9_55_78_36_,59.70_59.60_59.50_59.30_59.20_,7_6_7_2_20_
11:31:41,59.80,1,508,59.80_59.90_60.00_60.10_60.20_,4_9_55_78_36_,59.70_59.60_59.50_59.30_59.20_,8_6_7_2_20_
11:31:46,59.80,1,509,59.80_59.90_60.00_60.10_60.20_,3_9_55_40_74_,59.70_59.60_59.50_59.30_59.20_,8_6_7_2_20_
11:31:51,59.80,1,509,59.80_59.90_60.00_60.10_60.20_,3_9_55_40_74_,59.70_59.60_59.50_59.30_59.20_,7_6_7_2_20_
11:31:56,59.80,1,510,59.80_59.90_60.00_60.10_60.20_,2_9_55_78_36_,59.70_59.60_59.50_59.30_59.20_,7_6_7_2_20_
11:32:01,59.80,1,510,59.80_59.90_60.00_60.10_60.20_,3_9_54_78_36_,59.70_59.60_59.50_59.30_59.20_,7_6_7_2_20_
11:32:06,59.80,1,511,59.80_59.90_60.00_60.10_60.20_,2_9_54_78_36_,59.70_59.60_59.50_59.30_59.20_,7_6_7_2_20_
11:32:22,59.80,1,512,59.80_59.90_60.00_60.10_60.20_,1_9_54_78_36_,59.70_59.60_59.50_59.30_59.20_,7_6_7_2_20_
11:32:27,59.80,1,512,59.80_59.90_60.00_60.10_60.20_,1_9_54_40_74_,59.70_59.60_59.50_59.30_59.20_,8_6_7_2_20_
11:32:32,59.80,1,513,59.90_60.00_60.10_60.20_60.30_,9_54_17_97_2_,59.70_59.60_59.50_59.40_59.30_,8_6_7_1_2_
11:32:37,59.80,1,513,59.80_59.90_60.00_60.10_60.20_,1_9_53_17_80_,59.70_59.60_59.50_59.40_59.30_,8_6_7_1_14_
11:32:42,59.80,1,513,59.80_59.90_60.00_60.10_60.20_,1_9_53_17_97_,59.70_59.60_59.50_59.40_59.30_,8_6_7_1_13_
11:32:58,59.80,1,514,59.90_60.00_60.10_60.20_60.30_,9_53_17_97_2_,59.70_59.60_59.50_59.40_59.30_,8_6_8_1_13_
11:33:03,59.80,1,514,59.90_60.00_60.10_60.20_60.30_,9_53_17_80_19_,59.70_59.60_59.50_59.40_59.30_,8_6_8_1_13_
11:33:18,59.80,1,514,59.90_60.00_60.10_60.20_60.30_,9_53_17_80_19_,59.70_59.60_59.50_59.40_59.30_,8_7_8_1_13_
11:33:28,59.80,1,514,59.90_60.00_60.10_60.20_60.30_,9_53_17_81_19_,59.70_59.60_59.50_59.40_59.30_,8_7_8_1_13_
11:33:49,59.80,1,514,59.90_60.00_60.10_60.20_60.30_,9_53_18_81_19_,59.70_59.60_59.50_59.40_59.30_,9_7_8_1_13_
11:33:54,59.80,1,514,59.90_60.00_60.10_60.20_60.30_,9_54_18_81_19_,59.70_59.60_59.50_59.40_59.30_,9_7_8_1_13_
11:33:59,59.80,1,514,59.90_60.00_60.10_60.20_60.30_,9_54_18_81_19_,59.70_59.60_59.50_59.40_59.30_,8_7_8_1_13_
11:35:06,59.80,1,514,59.90_60.00_60.10_60.20_60.30_,9_54_18_81_19_,59.70_59.60_59.50_59.40_59.30_,8_7_9_1_13_
11:35:26,59.80,1,514,59.90_60.00_60.10_60.20_60.30_,8_54_18_81_19_,59.70_59.60_59.50_59.40_59.30_,8_7_9_1_13_
11:35:32,59.80,1,514,59.80_59.90_60.00_60.10_60.20_,1_8_54_18_81_,59.70_59.60_59.50_59.40_59.30_,8_7_9_1_13_
11:35:37,59.80,1,515,59.80_59.90_60.00_60.10_60.20_,1_8_53_56_60_,59.70_59.60_59.50_59.40_59.30_,8_7_9_1_13_
11:36:07,59.80,1,516,59.90_60.00_60.10_60.20_60.30_,8_53_56_60_2_,59.70_59.60_59.50_59.40_59.30_,7_7_9_1_13_
11:36:13,59.80,1,517,59.80_59.90_60.00_60.10_60.20_,4_8_53_18_81_,59.70_59.60_59.50_59.40_59.30_,7_7_9_1_13_
11:36:18,59.80,1,517,59.80_59.90_60.00_60.10_60.20_,5_8_52_41_75_,59.70_59.60_59.50_59.40_59.30_,7_7_9_1_13_
11:36:28,59.80,1,517,59.80_59.90_60.00_60.10_60.20_,6_8_53_41_75_,59.70_59.60_59.50_59.40_59.30_,7_7_9_1_13_
11:36:33,59.80,1,517,59.80_59.90_60.00_60.10_60.20_,6_8_53_79_37_,59.70_59.60_59.50_59.40_59.30_,7_7_9_1_13_
11:36:38,59.80,1,517,59.80_59.90_60.00_60.10_60.20_,9_8_53_79_37_,59.70_59.60_59.50_59.40_59.30_,7_7_9_1_13_
11:36:43,59.80,1,517,59.80_59.90_60.00_60.10_60.20_,10_7_53_79_37_,59.70_59.60_59.50_59.40_59.30_,7_7_9_1_13_
11:37:14,59.80,1,517,59.80_59.90_60.00_60.10_60.20_,10_7_54_79_37_,59.70_59.60_59.50_59.40_59.30_,7_7_9_1_13_
11:38:00,59.70,2,519,59.80_59.90_60.00_60.10_60.20_,10_7_54_79_37_,59.70_59.60_59.50_59.40_59.30_,5_7_9_1_13_
11:38:05,59.70,2,519,59.80_59.90_60.00_60.10_60.20_,10_7_54_18_98_,59.70_59.60_59.50_59.40_59.30_,5_7_9_1_13_
11:38:36,59.80,2,521,59.80_59.90_60.00_60.10_60.20_,8_7_54_18_98_,59.70_59.60_59.50_59.40_59.30_,5_7_9_1_13_
11:38:41,59.70,5,526,59.70_59.80_59.90_60.00_60.10_,5_8_7_54_79_,59.60_59.50_59.40_59.30_59.20_,7_9_1_13_8_
11:38:46,59.70,5,526,59.70_59.80_59.90_60.00_60.10_,10_8_7_53_98_,59.60_59.50_59.40_59.30_59.20_,7_9_1_6_19_
11:38:52,59.70,5,526,59.70_59.80_59.90_60.00_60.10_,11_8_6_53_98_,59.60_59.50_59.40_59.30_59.20_,7_9_1_6_19_
11:39:38,59.70,1,527,59.70_59.80_59.90_60.00_60.10_,10_8_6_53_98_,59.60_59.50_59.40_59.30_59.20_,7_9_1_6_19_
11:39:43,59.70,1,527,59.70_59.80_59.90_60.00_60.10_,10_8_9_53_98_,59.60_59.50_59.40_59.30_59.20_,7_9_1_6_19_
11:39:58,59.70,1,528,59.70_59.80_59.90_60.00_60.10_,9_8_9_53_98_,59.60_59.50_59.40_59.30_59.20_,7_9_1_5_19_
11:41:05,59.60,1,529,59.70_59.80_59.90_60.00_60.10_,9_8_9_53_98_,59.60_59.50_59.40_59.30_59.20_,6_9_1_5_19_
11:41:20,59.60,1,529,59.70_59.80_59.90_60.00_60.10_,10_8_9_53_98_,59.60_59.50_59.40_59.30_59.20_,6_9_1_5_19_
11:41:31,59.60,1,529,59.70_59.80_59.90_60.00_60.10_,11_8_9_53_98_,59.60_59.50_59.40_59.30_59.20_,6_9_1_5_19_
11:41:41,59.60,1,529,59.70_59.80_59.90_60.00_60.10_,11_8_8_53_98_,59.60_59.50_59.40_59.30_59.20_,6_9_1_5_19_
11:42:22,59.60,2,531,59.70_59.80_59.90_60.00_60.10_,11_9_8_53_98_,59.60_59.50_59.40_59.30_59.20_,4_9_1_5_19_
11:42:32,59.60,1,532,59.70_59.80_59.90_60.00_60.10_,10_9_8_53_98_,59.60_59.50_59.40_59.30_59.20_,3_9_1_5_19_
11:42:43,59.60,1,532,59.70_59.80_59.90_60.00_60.10_,10_9_8_53_98_,59.60_59.50_59.40_59.30_59.20_,3_8_1_5_19_
11:43:03,59.60,1,532,59.70_59.80_59.90_60.00_60.10_,10_9_8_53_98_,59.60_59.50_59.40_59.30_59.20_,3_9_1_5_19_
11:43:08,59.60,1,532,59.70_59.80_59.90_60.00_60.10_,10_9_8_53_98_,59.60_59.50_59.40_59.30_59.20_,4_9_1_5_19_
11:44:25,59.60,1,532,59.70_59.80_59.90_60.00_60.10_,10_9_10_53_98_,59.60_59.50_59.40_59.30_59.20_,4_9_1_5_19_
11:44:30,59.60,1,532,59.70_59.80_59.90_60.00_60.10_,10_9_11_53_98_,59.60_59.50_59.40_59.30_59.20_,4_9_1_5_19_
11:44:35,59.60,1,532,59.70_59.80_59.90_60.00_60.10_,10_9_11_53_98_,59.60_59.50_59.40_59.30_59.20_,5_9_1_5_19_
11:45:01,59.60,1,532,59.70_59.80_59.90_60.00_60.10_,10_9_11_53_98_,59.60_59.50_59.40_59.30_59.20_,6_9_1_5_19_
11:45:27,59.60,4,536,59.70_59.80_59.90_60.00_60.10_,10_9_11_53_98_,59.60_59.50_59.40_59.30_59.20_,2_9_1_5_19_
11:45:32,59.60,1,537,59.70_59.80_59.90_60.00_60.10_,10_9_11_53_98_,59.60_59.50_59.40_59.30_59.20_,3_9_1_5_19_
11:46:03,59.60,1,537,59.70_59.80_59.90_60.00_60.10_,10_9_11_53_98_,59.60_59.50_59.40_59.30_59.20_,3_9_1_5_18_
11:46:38,59.70,2,539,59.70_59.80_59.90_60.00_60.10_,8_9_11_53_98_,59.60_59.50_59.40_59.30_59.20_,3_9_1_5_18_
11:47:09,59.70,1,540,59.70_59.80_59.90_60.00_60.10_,7_9_11_53_98_,59.60_59.50_59.40_59.30_59.20_,3_9_1_5_18_
11:47:25,59.70,1,541,59.70_59.80_59.90_60.00_60.10_,6_9_11_53_98_,59.60_59.50_59.40_59.30_59.20_,3_9_1_5_18_
11:47:55,59.70,1,542,59.70_59.80_59.90_60.00_60.10_,5_9_11_53_98_,59.60_59.50_59.40_59.30_59.20_,3_9_1_5_18_
11:48:57,59.70,2,544,59.70_59.80_59.90_60.00_60.10_,3_9_11_53_98_,59.60_59.50_59.40_59.30_59.20_,3_9_1_5_18_
11:49:02,59.70,2,544,59.70_59.80_59.90_60.00_60.10_,3_9_11_53_98_,59.60_59.50_59.40_59.30_59.20_,4_9_1_5_18_
11:50:09,59.70,1,545,59.70_59.80_59.90_60.00_60.10_,2_9_11_53_98_,59.60_59.50_59.40_59.30_59.20_,4_9_1_5_18_
11:51:56,59.70,1,545,59.70_59.80_59.90_60.00_60.10_,3_9_11_53_98_,59.60_59.50_59.40_59.30_59.20_,4_9_1_5_18_
11:52:32,59.70,1,545,59.70_59.80_59.90_60.00_60.10_,4_9_11_53_98_,59.60_59.50_59.40_59.30_59.20_,4_9_1_5_18_
11:52:48,59.70,1,545,59.70_59.80_59.90_60.00_60.10_,4_9_11_53_98_,59.60_59.50_59.40_59.30_59.20_,6_9_1_5_18_
11:52:53,59.70,1,545,59.70_59.80_59.90_60.00_60.10_,4_9_11_63_98_,59.60_59.50_59.40_59.30_59.20_,7_9_1_5_18_
11:53:08,59.70,1,545,59.70_59.80_59.90_60.00_60.10_,4_9_11_63_98_,59.60_59.50_59.40_59.30_59.20_,6_9_1_5_18_
11:53:13,59.70,2,547,59.70_59.80_59.90_60.00_60.10_,2_9_11_63_98_,59.60_59.50_59.40_59.30_59.20_,6_7_1_5_17_
11:53:18,59.70,2,549,59.80_59.90_60.00_60.10_60.20_,9_11_63_98_28_,59.70_59.60_59.50_59.40_59.30_,1_6_7_1_5_
11:53:24,59.80,2,551,59.80_59.90_60.00_60.10_60.20_,7_11_64_18_108_,59.70_59.60_59.50_59.40_59.30_,6_2_6_1_12_
11:53:29,59.80,2,551,59.80_59.90_60.00_60.10_60.20_,7_11_64_79_47_,59.70_59.60_59.50_59.40_59.30_,8_2_6_1_12_
11:53:44,59.80,2,551,59.80_59.90_60.00_60.10_60.20_,7_11_64_79_47_,59.70_59.60_59.50_59.40_59.30_,8_2_7_1_12_
11:54:00,59.80,2,553,59.80_59.90_60.00_60.10_60.20_,5_11_64_79_47_,59.70_59.60_59.50_59.40_59.30_,8_2_7_1_12_
11:54:05,59.80,1,554,59.80_59.90_60.00_60.10_60.20_,4_11_64_79_47_,59.70_59.60_59.50_59.40_59.30_,8_2_7_1_12_
11:54:10,59.80,2,556,59.80_59.90_60.00_60.10_60.20_,4_11_64_79_47_,59.70_59.60_59.50_59.40_59.30_,8_2_7_1_12_
11:54:15,59.80,1,557,59.80_59.90_60.00_60.10_60.20_,3_11_64_79_47_,59.70_59.60_59.50_59.40_59.30_,8_2_7_1_12_
11:54:20,59.80,1,557,59.80_59.90_60.00_60.10_60.20_,4_11_63_79_47_,59.70_59.60_59.50_59.40_59.30_,8_2_7_1_12_
11:54:30,59.80,2,559,59.80_59.90_60.00_60.10_60.20_,2_11_63_79_47_,59.70_59.60_59.50_59.40_59.30_,8_2_7_1_12_
11:54:36,59.80,1,560,59.80_59.90_60.00_60.10_60.20_,1_11_63_79_47_,59.70_59.60_59.50_59.40_59.30_,8_2_7_1_12_
11:54:41,59.80,1,560,59.80_59.90_60.00_60.10_60.20_,3_11_63_80_47_,59.70_59.60_59.50_59.40_59.30_,8_2_7_1_12_
11:54:51,59.80,1,560,59.80_59.90_60.00_60.10_60.20_,4_11_63_80_47_,59.70_59.60_59.50_59.40_59.30_,8_2_7_1_12_
11:54:56,59.80,1,561,59.80_59.90_60.00_60.10_60.20_,3_11_64_80_47_,59.70_59.60_59.50_59.40_59.30_,8_2_7_1_12_
11:55:01,59.80,1,561,59.80_59.90_60.00_60.10_60.20_,4_11_63_80_47_,59.70_59.60_59.50_59.40_59.30_,8_2_7_1_12_
11:55:11,59.80,1,562,59.80_59.90_60.00_60.10_60.20_,3_11_63_80_47_,59.70_59.60_59.50_59.40_59.30_,8_2_7_1_12_
11:55:17,59.80,1,563,59.80_59.90_60.00_60.10_60.20_,2_11_63_80_47_,59.70_59.60_59.50_59.40_59.30_,8_2_7_1_12_
11:55:22,59.80,1,563,59.80_59.90_60.00_60.10_60.20_,3_11_63_80_47_,59.70_59.60_59.50_59.40_59.30_,8_2_7_1_12_
11:55:37,59.80,1,564,59.80_59.90_60.00_60.10_60.20_,2_11_63_80_47_,59.70_59.60_59.50_59.40_59.30_,7_2_7_1_12_
11:55:42,59.80,1,564,59.80_59.90_60.00_60.10_60.20_,2_11_63_57_70_,59.70_59.60_59.50_59.40_59.30_,7_2_7_1_12_
11:56:49,59.80,1,564,59.80_59.90_60.00_60.10_60.20_,2_11_62_56_69_,59.70_59.60_59.50_59.40_59.30_,7_2_7_1_12_
11:56:54,59.80,1,565,59.80_59.90_60.00_60.10_60.20_,1_11_62_56_69_,59.70_59.60_59.50_59.40_59.30_,7_2_7_1_12_
11:57:04,59.80,1,565,59.80_59.90_60.00_60.10_60.20_,1_11_65_56_69_,59.70_59.60_59.50_59.40_59.30_,7_2_7_1_12_
11:57:09,59.80,1,565,59.80_59.90_60.00_60.10_60.20_,1_11_66_56_69_,59.70_59.60_59.50_59.40_59.30_,7_3_7_1_12_
11:57:19,59.80,1,565,59.80_59.90_60.00_60.10_60.20_,1_11_66_56_69_,59.70_59.60_59.50_59.40_59.30_,7_3_7_1_13_
11:57:25,59.80,1,566,59.90_60.00_60.10_60.20_60.30_,11_66_56_69_3_,59.70_59.60_59.50_59.40_59.30_,7_3_7_1_13_
11:57:30,59.80,1,566,59.90_60.00_60.10_60.20_60.30_,11_66_18_90_20_,59.70_59.60_59.50_59.40_59.30_,7_3_7_1_13_
11:57:40,59.80,1,566,59.80_59.90_60.00_60.10_60.20_,2_11_66_18_90_,59.70_59.60_59.50_59.40_59.30_,7_3_7_1_13_
11:57:45,59.80,1,566,59.80_59.90_60.00_60.10_60.20_,2_11_66_56_69_,59.70_59.60_59.50_59.40_59.30_,7_3_7_1_13_
11:58:16,59.80,1,566,59.80_59.90_60.00_60.10_60.20_,2_11_67_56_69_,59.70_59.60_59.50_59.40_59.30_,20_3_7_1_13_
11:58:21,59.80,1,566,59.80_59.90_60.00_60.10_60.20_,2_11_67_56_69_,59.70_59.60_59.50_59.40_59.30_,26_3_5_1_13_
11:58:26,59.80,1,566,59.80_59.90_60.00_60.10_60.20_,2_11_67_56_69_,59.70_59.60_59.50_59.40_59.30_,13_3_5_1_13_
11:58:31,59.80,1,567,59.80_59.90_60.00_60.10_60.20_,1_11_67_56_69_,59.70_59.60_59.50_59.40_59.30_,28_3_5_1_13_
11:58:36,59.80,1,567,59.80_59.90_60.00_60.10_60.20_,2_11_67_56_69_,59.70_59.60_59.50_59.40_59.30_,28_3_5_1_13_
11:58:42,59.80,1,567,59.80_59.90_60.00_60.10_60.20_,1_11_67_56_69_,59.70_59.60_59.50_59.40_59.30_,28_23_5_1_13_
11:58:47,59.80,1,567,59.80_59.90_60.00_60.10_60.20_,1_11_67_56_69_,59.70_59.60_59.50_59.40_59.30_,28_3_5_1_13_
11:58:52,59.80,1,567,59.90_60.00_60.10_60.20_60.30_,11_67_56_69_3_,59.70_59.60_59.50_59.40_59.30_,28_3_5_1_13_
11:58:57,59.80,1,567,59.90_60.00_60.10_60.20_60.30_,11_67_18_90_20_,59.70_59.60_59.50_59.40_59.30_,28_3_5_1_13_
11:59:17,59.80,1,567,59.80_59.90_60.00_60.10_60.20_,1_11_67_18_90_,59.70_59.60_59.50_59.40_59.30_,28_3_5_1_13_
11:59:23,59.80,1,568,59.90_60.00_60.10_60.20_60.30_,11_67_56_69_3_,59.70_59.60_59.50_59.40_59.30_,28_3_5_1_13_
11:59:28,59.80,1,568,59.90_60.00_60.10_60.20_60.30_,11_67_18_90_20_,59.70_59.60_59.50_59.40_59.30_,28_3_5_1_13_
11:59:38,59.80,1,568,59.90_60.00_60.10_60.20_60.30_,11_67_18_90_20_,59.70_59.60_59.50_59.40_59.30_,28_4_5_1_13_
11:59:53,59.80,1,568,59.90_60.00_60.10_60.20_60.30_,11_67_18_90_20_,59.70_59.60_59.50_59.40_59.30_,30_3_5_1_13_
12:00:14,59.80,1,568,59.90_60.00_60.10_60.20_60.30_,11_67_18_90_20_,59.80_59.70_59.60_59.50_59.40_,3_29_2_5_1_
12:00:19,59.80,1,568,59.90_60.00_60.10_60.20_60.30_,11_67_18_65_45_,59.80_59.70_59.60_59.50_59.40_,5_25_2_5_11_
12:00:24,59.80,1,568,59.90_60.00_60.10_60.20_60.30_,11_67_18_88_22_,59.80_59.70_59.60_59.50_59.40_,5_25_2_5_11_
12:00:39,59.90,2,570,59.90_60.00_60.10_60.20_60.30_,9_67_18_88_22_,59.80_59.70_59.60_59.50_59.40_,6_24_2_5_11_
12:00:45,59.90,1,571,59.90_60.00_60.10_60.20_60.30_,8_67_18_88_22_,59.80_59.70_59.60_59.50_59.40_,7_24_2_5_11_
12:00:50,59.90,1,571,59.90_60.00_60.10_60.20_60.30_,8_67_18_88_22_,59.80_59.70_59.60_59.50_59.40_,9_24_2_5_11_
12:01:10,59.90,1,571,59.90_60.00_60.10_60.20_60.30_,8_67_18_88_22_,59.80_59.70_59.60_59.50_59.40_,11_22_2_5_11_
12:01:15,59.90,1,571,59.90_60.00_60.10_60.20_60.30_,9_67_18_88_22_,59.80_59.70_59.60_59.50_59.40_,11_22_2_5_11_
12:01:36,59.90,2,573,59.90_60.00_60.10_60.20_60.30_,7_67_18_88_22_,59.80_59.70_59.60_59.50_59.40_,11_21_2_5_11_
12:01:41,59.90,2,573,59.90_60.00_60.10_60.20_60.30_,7_68_18_88_22_,59.80_59.70_59.60_59.50_59.40_,11_22_2_5_11_
12:01:51,59.90,1,574,59.90_60.00_60.10_60.20_60.30_,6_68_18_88_22_,59.80_59.70_59.60_59.50_59.40_,11_22_2_5_11_
12:01:56,59.90,1,574,59.90_60.00_60.10_60.20_60.30_,6_68_18_88_22_,59.80_59.70_59.60_59.50_59.40_,11_22_2_5_10_
12:02:02,59.90,1,574,59.90_60.00_60.10_60.20_60.30_,6_69_18_88_22_,59.80_59.70_59.60_59.50_59.40_,12_22_2_5_10_
12:02:07,59.90,1,575,59.90_60.00_60.10_60.20_60.30_,5_69_18_88_22_,59.80_59.70_59.60_59.50_59.30_,12_21_2_5_13_
12:02:12,59.90,1,575,59.90_60.00_60.10_60.20_60.30_,5_69_18_88_22_,59.80_59.70_59.60_59.50_59.40_,12_21_2_5_5_
12:02:27,59.90,1,576,59.90_60.00_60.10_60.20_60.30_,4_69_18_88_22_,59.80_59.70_59.60_59.50_59.40_,12_20_2_5_5_
12:02:32,59.90,1,576,59.90_60.00_60.10_60.20_60.30_,4_69_18_88_22_,59.80_59.70_59.60_59.50_59.40_,12_20_2_5_15_
12:02:37,59.90,1,576,59.90_60.00_60.10_60.20_60.30_,5_69_18_88_22_,59.80_59.70_59.60_59.50_59.40_,12_20_2_5_15_
12:02:43,59.90,1,577,59.90_60.00_60.10_60.20_60.30_,4_69_18_88_22_,59.80_59.70_59.60_59.50_59.40_,12_20_2_5_15_
12:02:53,59.90,1,577,59.90_60.00_60.10_60.20_60.30_,5_69_18_88_22_,59.80_59.70_59.60_59.50_59.40_,12_20_2_5_15_
12:03:03,59.90,1,577,59.90_60.00_60.10_60.20_60.30_,7_69_18_88_22_,59.80_59.70_59.60_59.50_59.40_,12_20_2_5_15_
12:03:08,59.90,1,577,59.90_60.00_60.10_60.20_60.30_,7_69_18_88_22_,59.80_59.70_59.60_59.50_59.40_,12_20_2_4_15_
12:03:34,59.90,1,578,59.90_60.00_60.10_60.20_60.30_,6_69_18_88_22_,59.80_59.70_59.60_59.50_59.40_,12_20_2_9_15_
12:03:49,59.90,1,578,59.90_60.00_60.10_60.20_60.30_,6_69_17_88_22_,59.80_59.70_59.60_59.50_59.40_,12_20_2_9_15_
12:04:00,59.90,2,580,59.90_60.00_60.10_60.20_60.30_,4_69_17_88_22_,59.80_59.70_59.60_59.50_59.40_,12_20_2_9_15_
12:04:20,59.90,2,580,59.90_60.00_60.10_60.20_60.30_,4_69_17_88_22_,59.80_59.70_59.60_59.50_59.40_,11_20_2_9_15_
12:04:46,59.80,5,585,59.90_60.00_60.10_60.20_60.30_,4_69_17_88_22_,59.80_59.70_59.60_59.50_59.40_,6_20_6_9_15_
12:04:51,59.80,5,585,59.90_60.00_60.10_60.20_60.30_,4_70_17_88_22_,59.80_59.70_59.60_59.50_59.40_,6_20_6_9_15_
12:04:56,59.80,5,585,59.90_60.00_60.10_60.20_60.30_,4_70_17_88_22_,59.80_59.70_59.60_59.50_59.40_,6_22_6_9_15_
12:05:12,59.90,1,586,59.90_60.00_60.10_60.20_60.30_,4_70_17_88_22_,59.80_59.70_59.60_59.50_59.40_,6_22_6_9_15_
12:05:17,59.90,1,586,59.90_60.00_60.10_60.20_60.30_,4_70_17_88_23_,59.80_59.70_59.60_59.50_59.40_,6_22_6_9_15_
12:05:37,59.90,1,586,59.90_60.00_60.10_60.20_60.30_,4_70_17_88_23_,59.80_59.70_59.60_59.50_59.40_,6_23_6_9_15_
12:06:08,59.90,1,587,59.90_60.00_60.10_60.20_60.30_,3_70_17_88_23_,59.80_59.70_59.60_59.50_59.40_,6_23_6_9_15_
12:06:44,59.90,1,588,59.90_60.00_60.10_60.20_60.30_,2_70_17_88_23_,59.80_59.70_59.60_59.50_59.40_,5_23_6_9_15_
12:06:49,59.90,1,589,59.90_60.00_60.10_60.20_60.30_,1_70_17_88_23_,59.80_59.70_59.60_59.50_59.40_,5_23_6_9_15_
12:06:54,59.90,1,590,60.00_60.10_60.20_60.30_60.40_,70_17_88_23_7_,59.80_59.70_59.60_59.50_59.40_,5_23_6_9_15_
12:06:59,59.90,1,590,60.00_60.10_60.20_60.30_60.40_,70_17_27_66_24_,59.80_59.70_59.60_59.50_59.40_,6_23_6_9_10_
12:07:20,59.90,1,590,60.00_60.10_60.20_60.30_60.40_,70_17_27_66_24_,59.80_59.70_59.60_59.50_59.40_,6_25_6_14_10_
12:07:35,59.90,1,590,59.90_60.00_60.10_60.20_60.30_,1_70_17_27_66_,59.80_59.70_59.60_59.50_59.40_,6_25_6_14_10_
12:07:40,59.90,1,590,59.90_60.00_60.10_60.20_60.30_,1_70_17_88_22_,59.80_59.70_59.60_59.50_59.30_,6_25_6_14_12_
12:07:55,59.90,1,590,59.90_60.00_60.10_60.20_60.30_,1_71_17_88_22_,59.80_59.70_59.60_59.50_59.30_,6_25_6_14_12_
12:08:00,59.90,1,590,59.90_60.00_60.10_60.20_60.30_,1_71_17_88_22_,59.80_59.70_59.60_59.50_59.40_,6_25_6_14_10_
12:08:31,59.90,1,591,60.00_60.10_60.20_60.30_60.40_,71_17_88_22_7_,59.80_59.70_59.60_59.50_59.40_,6_25_6_14_10_
12:08:36,59.90,1,591,60.00_60.10_60.20_60.30_60.40_,71_17_27_66_24_,59.80_59.70_59.60_59.50_59.40_,6_25_6_14_20_
12:08:41,59.90,1,591,60.00_60.10_60.20_60.30_60.40_,71_17_27_66_24_,59.90_59.80_59.70_59.60_59.50_,2_6_24_6_14_
12:08:47,59.90,1,591,60.00_60.10_60.20_60.30_60.40_,71_17_27_64_26_,59.90_59.80_59.70_59.60_59.50_,18_5_8_6_24_
12:08:52,59.90,10,601,60.00_60.10_60.20_60.30_60.40_,71_17_27_64_26_,59.90_59.80_59.70_59.60_59.50_,17_3_2_6_24_
12:08:57,59.90,10,601,60.00_60.10_60.20_60.30_60.40_,71_17_27_64_26_,59.90_59.80_59.70_59.60_59.50_,18_3_2_6_24_
12:09:02,59.90,10,601,60.00_60.10_60.20_60.30_60.40_,71_17_27_64_26_,59.90_59.80_59.70_59.60_59.50_,18_3_2_6_34_
12:09:17,59.90,10,601,60.00_60.10_60.20_60.30_60.40_,71_17_27_64_26_,59.90_59.80_59.70_59.60_59.50_,19_3_2_6_34_
12:09:38,59.90,4,605,60.00_60.10_60.20_60.30_60.40_,71_17_27_64_26_,59.90_59.80_59.70_59.60_59.50_,15_3_2_6_34_
12:09:48,59.90,4,605,60.00_60.10_60.20_60.30_60.40_,72_17_27_64_26_,59.90_59.80_59.70_59.60_59.50_,15_3_2_6_34_
12:10:09,60.00,1,606,60.00_60.10_60.20_60.30_60.40_,71_17_27_64_27_,59.90_59.80_59.70_59.60_59.50_,15_3_2_6_34_
12:10:19,60.00,1,606,60.00_60.10_60.20_60.30_60.40_,71_17_27_64_27_,59.90_59.80_59.70_59.60_59.50_,16_3_2_6_34_
12:10:55,59.90,16,622,59.90_60.00_60.10_60.20_60.30_,4_71_17_27_64_,59.80_59.70_59.60_59.50_59.30_,3_2_6_34_2_
12:11:00,59.90,16,622,59.90_60.00_60.10_60.20_60.30_,5_71_17_88_22_,59.80_59.70_59.60_59.50_59.30_,3_2_6_24_12_
12:11:25,59.90,16,622,59.90_60.00_60.10_60.20_60.30_,5_71_17_88_22_,59.80_59.70_59.60_59.50_59.30_,3_1_1_4_12_
12:11:41,59.90,16,622,59.90_60.00_60.10_60.20_60.30_,5_71_17_88_22_,59.80_59.70_59.60_59.50_59.30_,3_1_3_4_12_
12:11:46,59.90,16,622,59.90_60.00_60.10_60.20_60.30_,7_71_17_88_22_,59.80_59.70_59.60_59.50_59.30_,3_1_3_4_12_
12:12:07,59.90,16,622,59.90_60.00_60.10_60.20_60.30_,8_71_17_88_22_,59.80_59.70_59.60_59.50_59.30_,3_1_3_4_12_
12:12:12,59.80,2,624,59.90_60.00_60.10_60.20_60.30_,10_70_17_88_22_,59.80_59.70_59.60_59.50_59.30_,1_1_3_4_12_
12:12:17,59.80,2,624,59.90_60.00_60.10_60.20_60.30_,10_70_17_88_22_,59.80_59.70_59.60_59.50_59.30_,1_3_1_4_12_
12:12:53,59.80,1,625,59.90_60.00_60.10_60.20_60.30_,10_70_17_88_22_,59.70_59.60_59.50_59.30_59.20_,3_1_4_12_8_
12:12:58,59.80,1,625,59.90_60.00_60.10_60.20_60.30_,10_70_17_90_20_,59.70_59.60_59.50_59.30_59.20_,3_1_4_12_8_
12:13:18,59.80,1,625,59.90_60.00_60.10_60.20_60.30_,10_70_17_90_20_,59.70_59.60_59.50_59.30_59.20_,3_1_4_13_8_
12:13:44,59.80,1,625,59.90_60.00_60.10_60.20_60.30_,11_70_17_90_20_,59.70_59.60_59.50_59.30_59.20_,3_1_4_13_8_
12:13:49,59.80,1,625,59.80_59.90_60.00_60.10_60.20_,3_11_70_17_90_,59.70_59.60_59.50_59.30_59.20_,3_1_4_13_8_
12:13:54,59.80,1,625,59.80_59.90_60.00_60.10_60.20_,4_11_69_78_46_,59.70_59.60_59.50_59.30_59.20_,4_1_4_3_18_
12:13:59,59.80,1,625,59.80_59.90_60.00_60.10_60.20_,4_11_70_78_46_,59.70_59.60_59.50_59.30_59.20_,4_1_4_3_20_
12:14:15,59.80,1,625,59.80_59.90_60.00_60.10_60.20_,5_10_70_78_46_,59.70_59.60_59.50_59.30_59.20_,4_1_4_3_20_
12:14:30,59.80,1,626,59.80_59.90_60.00_60.10_60.20_,4_10_90_78_46_,59.70_59.60_59.50_59.30_59.20_,4_1_4_3_20_
12:14:51,59.80,1,626,59.80_59.90_60.00_60.10_60.20_,2_10_90_78_46_,59.70_59.60_59.50_59.30_59.20_,4_1_4_3_20_
12:15:27,59.80,1,626,59.80_59.90_60.00_60.10_60.20_,2_10_89_78_46_,59.70_59.60_59.50_59.30_59.20_,4_1_4_3_20_
12:15:47,59.80,1,626,59.80_59.90_60.00_60.10_60.20_,2_10_89_78_46_,59.70_59.60_59.50_59.30_59.20_,3_2_4_3_20_
12:15:52,59.80,1,627,59.80_59.90_60.00_60.10_60.20_,1_11_89_78_46_,59.70_59.60_59.50_59.30_59.20_,3_2_4_3_20_
12:15:57,59.80,1,627,59.80_59.90_60.00_60.10_60.20_,2_11_88_78_46_,59.70_59.60_59.50_59.30_59.20_,3_2_4_3_20_
12:16:02,59.80,1,628,59.80_59.90_60.00_60.10_60.20_,1_11_89_78_46_,59.70_59.60_59.50_59.30_59.20_,3_2_4_3_20_
12:16:18,59.80,1,628,59.80_59.90_60.00_60.10_60.20_,1_11_89_78_46_,59.70_59.60_59.50_59.30_59.20_,3_2_4_3_22_
12:16:28,59.80,1,628,59.80_59.90_60.00_60.10_60.20_,1_11_90_78_46_,59.70_59.60_59.50_59.30_59.20_,3_2_4_3_22_
12:16:59,59.80,1,628,59.80_59.90_60.00_60.10_60.20_,1_11_91_78_46_,59.70_59.60_59.50_59.30_59.20_,3_2_4_3_22_
12:17:04,59.80,1,628,59.80_59.90_60.00_60.10_60.20_,1_11_91_78_46_,59.70_59.60_59.50_59.30_59.20_,4_2_4_3_22_
12:17:29,59.80,1,628,59.80_59.90_60.00_60.10_60.20_,1_12_91_78_46_,59.70_59.60_59.50_59.30_59.20_,3_2_4_3_22_
12:17:34,59.80,1,629,59.90_60.00_60.10_60.20_60.30_,12_91_78_46_3_,59.70_59.60_59.50_59.30_59.20_,3_2_4_3_22_
12:17:40,59.80,1,629,59.90_60.00_60.10_60.20_60.30_,12_91_17_90_20_,59.70_59.60_59.50_59.30_59.20_,3_2_4_13_12_
12:17:45,59.80,1,629,59.90_60.00_60.10_60.20_60.30_,12_91_17_90_20_,59.70_59.60_59.50_59.30_59.20_,3_2_4_17_8_
12:17:50,59.80,1,629,59.90_60.00_60.10_60.20_60.30_,12_91_17_90_20_,59.80_59.70_59.60_59.50_59.30_,2_3_2_4_15_
12:17:55,59.80,2,631,59.90_60.00_60.10_60.20_60.30_,12_91_17_88_22_,59.80_59.70_59.60_59.50_59.30_,1_3_1_4_15_
12:18:00,59.80,1,632,59.90_60.00_60.10_60.20_60.30_,12_91_17_88_22_,59.80_59.70_59.60_59.50_59.30_,2_3_1_4_13_
12:18:21,59.80,1,632,59.90_60.00_60.10_60.20_60.30_,12_91_17_88_22_,59.80_59.70_59.60_59.50_59.30_,3_3_1_4_13_
12:18:46,59.80,1,632,59.90_60.00_60.10_60.20_60.30_,12_101_17_88_22_,59.80_59.70_59.60_59.50_59.30_,3_3_1_4_13_
12:18:51,59.80,1,632,59.90_60.00_60.10_60.20_60.30_,12_101_17_88_22_,59.80_59.70_59.60_59.50_59.40_,3_3_1_4_1_
12:19:02,59.80,1,632,59.90_60.00_60.10_60.20_60.30_,12_101_17_88_22_,59.80_59.70_59.60_59.50_59.40_,4_3_1_4_11_
12:19:07,59.80,1,633,59.90_60.00_60.10_60.20_60.30_,13_101_17_88_22_,59.80_59.70_59.60_59.50_59.40_,3_3_1_4_11_
12:19:12,59.80,1,633,59.90_60.00_60.10_60.20_60.30_,13_101_17_88_22_,59.80_59.70_59.60_59.50_59.40_,2_3_1_4_11_
12:19:17,59.80,1,634,59.90_60.00_60.10_60.20_60.30_,13_100_17_87_22_,59.80_59.70_59.60_59.50_59.40_,1_3_1_4_11_
12:19:48,59.80,1,634,59.90_60.00_60.10_60.20_60.30_,13_99_17_87_22_,59.80_59.70_59.60_59.50_59.40_,1_3_1_4_11_
12:19:53,59.80,1,634,59.90_60.00_60.10_60.20_60.30_,14_100_17_87_22_,59.80_59.70_59.60_59.50_59.40_,1_3_1_4_13_
12:20:18,59.80,1,634,59.90_60.00_60.10_60.20_60.30_,14_100_17_87_22_,59.80_59.70_59.60_59.50_59.40_,1_3_1_4_14_
12:20:23,59.80,1,634,59.90_60.00_60.10_60.20_60.30_,14_100_18_87_22_,59.80_59.70_59.60_59.50_59.40_,1_3_1_4_14_
12:20:39,59.80,2,636,59.90_60.00_60.10_60.20_60.30_,14_100_18_87_22_,59.70_59.60_59.50_59.40_59.30_,3_1_4_14_3_
12:20:44,59.80,2,636,59.90_60.00_60.10_60.20_60.30_,14_100_18_89_20_,59.70_59.60_59.50_59.40_59.30_,3_1_4_4_13_
12:21:04,59.80,2,636,59.80_59.90_60.00_60.10_60.20_,10_14_100_18_89_,59.70_59.60_59.50_59.40_59.30_,3_1_4_4_13_
12:21:15,59.70,1,637,59.80_59.90_60.00_60.10_60.20_,12_14_98_79_45_,59.70_59.60_59.50_59.40_59.30_,2_1_4_4_13_
12:21:20,59.70,1,638,59.80_59.90_60.00_60.10_60.20_,12_12_98_56_68_,59.70_59.60_59.50_59.40_59.30_,1_1_4_4_13_
12:21:25,59.70,1,639,59.80_59.90_60.00_60.10_60.20_,12_12_98_56_68_,59.60_59.50_59.40_59.30_59.20_,1_6_3_13_8_
12:21:30,59.70,1,639,59.80_59.90_60.00_60.10_60.20_,12_12_98_81_43_,59.60_59.50_59.40_59.30_59.20_,1_6_3_3_18_
12:22:16,59.70,1,639,59.80_59.90_60.00_60.10_60.20_,12_12_98_81_43_,59.60_59.50_59.40_59.30_59.20_,2_6_3_3_18_
12:22:37,59.70,1,639,59.80_59.90_60.00_60.10_60.20_,13_12_98_81_43_,59.60_59.50_59.40_59.30_59.20_,2_6_3_3_18_
12:22:42,59.70,1,639,59.80_59.90_60.00_60.10_60.20_,14_11_98_81_43_,59.60_59.50_59.40_59.30_59.20_,2_6_3_3_18_
12:22:58,59.70,1,639,59.80_59.90_60.00_60.10_60.20_,14_12_98_81_43_,59.60_59.50_59.40_59.30_59.20_,2_6_3_3_18_
12:23:03,59.70,1,639,59.80_59.90_60.00_60.10_60.20_,14_12_98_81_43_,59.60_59.50_59.40_59.30_59.20_,3_6_3_3_18_
12:23:08,59.70,1,639,59.80_59.90_60.00_60.10_60.20_,14_12_98_81_43_,59.60_59.50_59.40_59.30_59.20_,3_6_3_3_20_
12:23:54,59.70,1,639,59.80_59.90_60.00_60.10_60.20_,14_12_98_81_43_,59.60_59.50_59.40_59.30_59.20_,4_6_3_4_20_
12:23:59,59.70,1,639,59.80_59.90_60.00_60.10_60.20_,14_12_98_81_43_,59.60_59.50_59.40_59.30_59.20_,4_6_2_4_20_
12:24:15,59.70,1,639,59.80_59.90_60.00_60.10_60.20_,14_12_98_81_43_,59.60_59.50_59.40_59.30_59.20_,4_7_2_4_20_
12:24:30,59.70,1,639,59.80_59.90_60.00_60.10_60.20_,14_12_98_81_43_,59.60_59.50_59.40_59.30_59.20_,4_7_2_4_18_
12:24:35,59.70,1,639,59.70_59.80_59.90_60.00_60.10_,2_14_12_98_81_,59.60_59.50_59.40_59.30_59.20_,6_7_2_4_18_
12:24:40,59.70,1,639,59.70_59.80_59.90_60.00_60.10_,3_14_11_136_60_,59.60_59.50_59.40_59.30_59.20_,6_7_2_4_18_
12:24:56,59.70,1,639,59.70_59.80_59.90_60.00_60.10_,4_14_11_136_60_,59.60_59.50_59.40_59.30_59.20_,6_7_2_4_18_
12:25:01,59.70,1,640,59.70_59.80_59.90_60.00_60.10_,3_14_11_136_60_,59.60_59.50_59.40_59.30_59.20_,6_7_2_4_18_
12:25:06,59.70,1,640,59.70_59.80_59.90_60.00_60.10_,4_13_11_136_60_,59.60_59.50_59.40_59.30_59.20_,7_7_2_4_18_
12:25:21,59.70,1,641,59.70_59.80_59.90_60.00_60.10_,3_13_11_136_60_,59.60_59.50_59.40_59.30_59.20_,7_7_2_4_18_
12:25:26,59.60,1,642,59.70_59.80_59.90_60.00_60.10_,3_13_11_136_60_,59.60_59.50_59.40_59.30_59.20_,6_7_2_4_18_
12:25:31,59.60,1,642,59.70_59.80_59.90_60.00_60.10_,3_13_11_98_98_,59.60_59.50_59.40_59.30_59.20_,5_7_2_4_18_
12:25:37,59.70,1,643,59.70_59.80_59.90_60.00_60.10_,2_13_11_98_98_,59.60_59.50_59.40_59.30_59.20_,5_7_2_4_18_
12:25:42,59.70,1,643,59.70_59.80_59.90_60.00_60.10_,3_13_10_136_60_,59.60_59.50_59.40_59.30_59.20_,6_7_2_4_18_
12:25:57,59.70,1,643,59.70_59.80_59.90_60.00_60.10_,3_13_11_136_60_,59.60_59.50_59.40_59.30_59.20_,6_7_2_4_18_
12:26:02,59.70,1,643,59.70_59.80_59.90_60.00_60.10_,3_13_11_136_60_,59.60_59.50_59.40_59.30_59.20_,5_7_2_4_18_
12:26:23,59.70,1,643,59.70_59.80_59.90_60.00_60.10_,3_16_11_136_60_,59.60_59.50_59.40_59.30_59.20_,5_7_2_4_18_
12:26:38,59.60,2,645,59.70_59.80_59.90_60.00_60.10_,3_16_11_98_98_,59.60_59.50_59.40_59.30_59.20_,3_7_2_4_18_
12:27:14,59.60,2,645,59.70_59.80_59.90_60.00_60.10_,3_16_11_99_98_,59.60_59.50_59.40_59.30_59.20_,3_7_2_4_18_
12:27:39,59.60,2,645,59.70_59.80_59.90_60.00_60.10_,3_16_11_99_98_,59.60_59.50_59.40_59.30_59.20_,4_7_2_4_18_
12:27:50,59.60,2,645,59.70_59.80_59.90_60.00_60.10_,3_16_11_99_98_,59.60_59.50_59.40_59.30_59.20_,5_7_2_4_18_
12:28:25,59.60,5,650,59.70_59.80_59.90_60.00_60.10_,3_16_11_99_98_,59.50_59.40_59.30_59.20_59.10_,7_2_4_18_10_
12:28:31,59.50,5,655,59.70_59.80_59.90_60.00_60.10_,3_16_11_162_35_,59.50_59.40_59.30_59.20_59.10_,2_2_4_9_20_
12:29:01,59.50,5,655,59.70_59.80_59.90_60.00_60.10_,4_16_11_162_35_,59.50_59.40_59.30_59.20_59.10_,2_2_4_9_20_
12:29:06,59.50,5,655,59.70_59.80_59.90_60.00_60.10_,6_16_11_162_35_,59.50_59.40_59.30_59.20_59.10_,2_2_4_9_20_
12:29:22,59.50,5,655,59.60_59.70_59.80_59.90_60.00_,1_5_16_11_162_,59.50_59.40_59.30_59.20_59.10_,2_2_4_9_20_
12:29:27,59.50,5,655,59.60_59.70_59.80_59.90_60.00_,3_5_15_10_179_,59.50_59.40_59.30_59.20_59.10_,2_2_4_9_21_
12:30:08,59.50,5,655,59.60_59.70_59.80_59.90_60.00_,3_3_15_10_179_,59.50_59.40_59.30_59.20_59.10_,2_2_4_9_21_
12:30:49,59.50,5,655,59.60_59.70_59.80_59.90_60.00_,3_3_15_10_179_,59.50_59.40_59.30_59.20_59.10_,3_2_4_9_21_
12:31:09,59.50,5,655,59.60_59.70_59.80_59.90_60.00_,3_3_15_10_179_,59.50_59.40_59.30_59.20_59.10_,4_2_4_9_21_
12:31:14,59.50,5,655,59.60_59.70_59.80_59.90_60.00_,3_3_15_10_179_,59.50_59.40_59.30_59.20_59.10_,5_2_4_9_21_
12:31:19,59.60,1,656,59.60_59.70_59.80_59.90_60.00_,2_3_15_10_179_,59.50_59.40_59.30_59.20_59.10_,5_2_4_9_21_
12:31:25,59.60,1,656,59.60_59.70_59.80_59.90_60.00_,3_3_14_10_179_,59.50_59.40_59.30_59.20_59.10_,5_2_4_9_21_
12:32:01,59.60,1,657,59.60_59.70_59.80_59.90_60.00_,2_3_15_10_179_,59.50_59.40_59.30_59.20_59.10_,5_2_4_9_21_
12:32:06,59.60,1,658,59.60_59.70_59.80_59.90_60.00_,1_3_15_10_179_,59.50_59.40_59.30_59.20_59.10_,5_2_4_9_21_
12:32:11,59.60,1,659,59.70_59.80_59.90_60.00_60.10_,3_15_10_179_18_,59.50_59.40_59.30_59.20_59.10_,4_2_4_9_21_
12:32:16,59.60,1,659,59.70_59.80_59.90_60.00_60.10_,3_15_10_162_35_,59.60_59.50_59.40_59.30_59.20_,1_4_2_4_9_
12:32:21,59.60,1,659,59.70_59.80_59.90_60.00_60.10_,3_15_10_99_98_,59.60_59.50_59.40_59.30_59.20_,3_2_2_4_17_
12:32:26,59.60,1,659,59.70_59.80_59.90_60.00_60.10_,3_15_10_99_98_,59.60_59.50_59.40_59.30_59.20_,4_2_2_4_17_
12:32:31,59.60,1,660,59.70_59.80_59.90_60.00_60.10_,3_15_10_99_98_,59.60_59.50_59.40_59.30_59.20_,5_2_2_4_17_
12:32:36,59.60,1,660,59.70_59.80_59.90_60.00_60.10_,3_15_10_99_98_,59.60_59.50_59.40_59.30_59.20_,4_2_2_5_17_
12:32:42,59.60,1,660,59.70_59.80_59.90_60.00_60.10_,3_15_10_100_98_,59.60_59.50_59.40_59.30_59.20_,5_2_2_5_17_
12:32:47,59.60,1,660,59.70_59.80_59.90_60.00_60.10_,3_15_10_100_100_,59.60_59.50_59.40_59.30_59.20_,5_2_2_5_17_
12:32:52,59.60,1,660,59.70_59.80_59.90_60.00_60.10_,3_15_11_100_100_,59.60_59.50_59.40_59.30_59.20_,5_2_2_5_17_
12:33:07,59.70,1,661,59.70_59.80_59.90_60.00_60.10_,2_15_11_100_100_,59.60_59.50_59.40_59.30_59.20_,5_2_2_5_17_
12:33:12,59.70,1,661,59.70_59.80_59.90_60.00_60.10_,2_15_11_138_62_,59.60_59.50_59.40_59.30_59.20_,4_2_2_5_17_
12:33:18,59.70,1,661,59.70_59.80_59.90_60.00_60.10_,2_15_11_138_62_,59.60_59.50_59.40_59.30_59.20_,5_2_2_5_17_
12:33:38,59.70,1,661,59.70_59.80_59.90_60.00_60.10_,3_15_11_138_62_,59.60_59.50_59.40_59.30_59.20_,5_2_2_5_17_
12:33:48,59.70,1,661,59.70_59.80_59.90_60.00_60.10_,3_15_11_137_60_,59.60_59.50_59.40_59.30_59.20_,4_2_2_5_17_
12:33:59,59.60,2,663,59.70_59.80_59.90_60.00_60.10_,3_15_11_137_60_,59.60_59.50_59.40_59.30_59.20_,2_2_2_5_17_
12:34:04,59.60,2,663,59.70_59.80_59.90_60.00_60.10_,3_15_11_99_98_,59.60_59.50_59.40_59.30_59.20_,3_2_2_5_17_
12:34:09,59.60,2,663,59.70_59.80_59.90_60.00_60.10_,3_15_11_99_98_,59.60_59.50_59.40_59.30_59.20_,3_2_2_5_16_
12:34:45,59.60,2,663,59.70_59.80_59.90_60.00_60.10_,3_15_11_99_98_,59.60_59.50_59.40_59.30_59.20_,3_1_2_5_16_
12:35:00,59.60,2,663,59.70_59.80_59.90_60.00_60.10_,3_16_11_99_98_,59.60_59.50_59.40_59.30_59.20_,3_1_2_5_16_
12:35:10,59.60,2,663,59.70_59.80_59.90_60.00_60.10_,5_16_11_99_98_,59.60_59.50_59.40_59.30_59.20_,3_1_2_5_16_
12:35:15,59.60,2,663,59.70_59.80_59.90_60.00_60.10_,5_16_11_137_60_,59.60_59.50_59.40_59.30_59.20_,3_1_2_5_16_
12:35:26,59.60,2,663,59.70_59.80_59.90_60.00_60.10_,5_16_11_137_60_,59.60_59.50_59.40_59.30_59.20_,4_1_2_6_16_
12:35:51,59.60,1,664,59.70_59.80_59.90_60.00_60.10_,5_16_11_137_60_,59.60_59.50_59.40_59.30_59.20_,3_1_2_6_16_
12:36:12,59.60,1,665,59.70_59.80_59.90_60.00_60.10_,5_16_11_137_60_,59.60_59.50_59.40_59.30_59.20_,2_1_2_6_16_
12:36:17,59.70,1,666,59.70_59.80_59.90_60.00_60.10_,4_16_11_137_60_,59.60_59.50_59.40_59.30_59.20_,2_1_2_6_16_
12:38:04,59.70,1,666,59.70_59.80_59.90_60.00_60.10_,4_16_12_137_60_,59.60_59.50_59.40_59.30_59.20_,2_1_2_6_16_
12:39:06,59.70,2,668,59.70_59.80_59.90_60.00_60.10_,3_16_11_137_60_,59.60_59.50_59.40_59.30_59.20_,2_1_2_6_16_
12:39:26,59.70,2,668,59.70_59.80_59.90_60.00_60.10_,4_16_11_137_60_,59.60_59.50_59.40_59.30_59.20_,2_1_2_6_16_
12:39:32,59.70,2,668,59.70_59.80_59.90_60.00_60.10_,4_16_11_160_37_,59.60_59.50_59.40_59.30_59.20_,3_1_2_6_16_
12:39:37,59.70,1,669,59.70_59.80_59.90_60.00_60.10_,3_16_11_160_37_,59.60_59.50_59.40_59.30_59.20_,3_1_2_6_16_
12:39:47,59.60,1,670,59.70_59.80_59.90_60.00_60.10_,3_16_11_160_37_,59.60_59.50_59.40_59.30_59.20_,2_1_2_6_16_
12:39:52,59.60,1,670,59.70_59.80_59.90_60.00_60.10_,3_16_11_137_60_,59.60_59.50_59.40_59.30_59.20_,4_1_2_6_16_
12:40:53,59.70,3,673,59.80_59.90_60.00_60.10_60.20_,16_11_137_60_26_,59.60_59.50_59.40_59.30_59.20_,4_1_2_6_16_
12:40:59,59.70,3,673,59.80_59.90_60.00_60.10_60.20_,16_11_99_81_43_,59.70_59.60_59.50_59.40_59.30_,3_4_1_2_7_
12:41:04,59.80,1,674,59.80_59.90_60.00_60.10_60.20_,15_11_99_79_45_,59.70_59.60_59.50_59.40_59.30_,6_2_1_1_17_
12:41:19,59.80,1,674,59.80_59.90_60.00_60.10_60.20_,15_11_99_79_45_,59.70_59.60_59.50_59.40_59.30_,7_2_1_1_16_
12:41:24,59.80,1,674,59.80_59.90_60.00_60.10_60.20_,15_12_99_79_45_,59.70_59.60_59.50_59.40_59.30_,7_2_1_1_16_
12:41:45,59.80,1,674,59.80_59.90_60.00_60.10_60.20_,15_12_99_79_45_,59.70_59.60_59.50_59.40_59.30_,7_3_1_1_16_
12:41:55,59.80,1,674,59.80_59.90_60.00_60.10_60.20_,16_12_99_79_45_,59.70_59.60_59.50_59.40_59.30_,7_3_1_1_16_
12:42:05,59.80,5,679,59.80_59.90_60.00_60.10_60.20_,11_12_99_79_45_,59.70_59.60_59.50_59.40_59.30_,7_3_1_1_16_
12:42:10,59.80,15,694,59.90_60.00_60.10_60.20_60.30_,12_99_79_45_3_,59.80_59.70_59.60_59.50_59.40_,5_7_3_1_1_
12:42:16,59.80,15,694,59.90_60.00_60.10_60.20_60.30_,12_99_18_87_22_,59.80_59.70_59.60_59.40_59.30_,8_7_2_11_6_
12:42:21,59.80,15,694,59.90_60.00_60.10_60.20_60.30_,12_103_18_83_22_,59.80_59.70_59.60_59.40_59.30_,8_7_2_1_16_
12:43:07,59.80,15,694,59.90_60.00_60.10_60.20_60.30_,12_103_18_83_22_,59.80_59.70_59.60_59.40_59.30_,8_6_2_1_16_
12:43:12,59.80,1,695,59.90_60.00_60.10_60.20_60.30_,12_105_18_83_22_,59.80_59.70_59.60_59.40_59.30_,7_6_2_1_16_
12:43:17,59.80,1,695,59.90_60.00_60.10_60.20_60.30_,12_105_18_83_22_,59.80_59.70_59.60_59.40_59.30_,8_6_2_1_16_
12:43:53,59.80,3,698,59.90_60.00_60.10_60.20_60.30_,12_105_18_83_22_,59.80_59.70_59.60_59.40_59.30_,5_6_2_1_16_
12:44:19,59.80,2,700,59.90_60.00_60.10_60.20_60.30_,12_105_18_83_22_,59.80_59.70_59.60_59.40_59.30_,4_6_2_1_16_
12:44:24,59.80,2,700,59.90_60.00_60.10_60.20_60.30_,12_106_18_83_22_,59.80_59.70_59.60_59.40_59.30_,4_6_2_1_16_
12:45:10,59.80,2,700,59.90_60.00_60.10_60.20_60.30_,12_107_18_83_22_,59.80_59.70_59.60_59.40_59.30_,4_6_2_1_16_
12:45:15,59.80,1,701,59.90_60.00_60.10_60.20_60.30_,12_107_18_83_22_,59.80_59.70_59.60_59.40_59.30_,3_6_2_1_16_
12:45:20,59.90,2,703,59.90_60.00_60.10_60.20_60.30_,11_106_18_83_22_,59.80_59.70_59.60_59.40_59.30_,3_7_2_1_16_
12:46:22,59.90,1,704,59.90_60.00_60.10_60.20_60.30_,11_106_18_83_22_,59.80_59.70_59.60_59.40_59.30_,3_7_2_1_16_
12:46:42,59.90,1,704,59.90_60.00_60.10_60.20_60.30_,11_106_18_83_22_,59.80_59.70_59.60_59.40_59.30_,4_7_2_1_16_
12:46:47,59.90,1,705,59.90_60.00_60.10_60.20_60.30_,10_106_18_83_22_,59.80_59.70_59.60_59.40_59.30_,4_7_2_1_16_
12:47:08,59.90,1,706,59.90_60.00_60.10_60.20_60.30_,9_106_18_84_22_,59.80_59.70_59.60_59.40_59.30_,4_7_1_1_16_
12:47:23,59.90,1,707,59.90_60.00_60.10_60.20_60.30_,8_107_18_84_22_,59.80_59.70_59.60_59.40_59.30_,4_7_1_1_16_
12:48:09,59.80,1,708,59.90_60.00_60.10_60.20_60.30_,8_107_18_84_22_,59.80_59.70_59.40_59.30_59.20_,5_6_1_16_5_
12:48:19,59.80,1,708,59.90_60.00_60.10_60.20_60.30_,8_107_18_84_22_,59.80_59.70_59.40_59.30_59.20_,4_6_1_16_5_
12:48:29,59.80,1,708,59.90_60.00_60.10_60.20_60.30_,8_107_18_84_22_,59.80_59.70_59.40_59.30_59.20_,4_3_1_16_5_
12:49:00,59.90,1,709,59.90_60.00_60.10_60.20_60.30_,7_107_18_84_22_,59.80_59.70_59.40_59.30_59.20_,4_3_1_16_5_
12:49:05,59.90,1,710,59.90_60.00_60.10_60.20_60.30_,6_107_18_84_22_,59.80_59.70_59.40_59.30_59.20_,4_3_1_16_5_
12:49:36,59.90,1,710,59.90_60.00_60.10_60.20_60.30_,6_107_18_84_22_,59.80_59.70_59.40_59.30_59.20_,4_3_1_18_5_
12:50:02,59.80,2,712,59.90_60.00_60.10_60.20_60.30_,6_108_18_84_22_,59.80_59.70_59.40_59.30_59.20_,2_3_1_18_5_
12:50:07,59.80,1,713,59.90_60.00_60.10_60.20_60.30_,6_107_18_84_22_,59.80_59.70_59.40_59.30_59.20_,1_3_1_18_5_
12:50:12,59.80,1,713,59.90_60.00_60.10_60.20_60.30_,6_107_18_84_22_,59.80_59.70_59.40_59.30_59.20_,2_3_1_18_5_
12:50:27,59.80,1,713,59.90_60.00_60.10_60.20_60.30_,6_108_18_84_22_,59.80_59.70_59.40_59.30_59.20_,2_3_1_18_5_
12:50:43,59.90,1,714,59.90_60.00_60.10_60.20_60.30_,5_108_18_84_22_,59.80_59.70_59.40_59.30_59.20_,2_3_1_18_5_
12:50:53,59.90,1,714,59.90_60.00_60.10_60.20_60.30_,5_108_18_84_22_,59.80_59.70_59.40_59.30_59.20_,2_3_2_18_5_
12:50:58,59.80,1,715,59.90_60.00_60.10_60.20_60.30_,5_108_18_84_22_,59.80_59.70_59.40_59.30_59.20_,1_3_2_18_5_
12:51:03,59.80,1,715,59.90_60.00_60.10_60.20_60.30_,5_108_18_84_22_,59.80_59.70_59.40_59.30_59.20_,3_3_2_17_5_
12:51:19,59.80,1,715,59.90_60.00_60.10_60.20_60.30_,5_108_18_84_22_,59.80_59.70_59.40_59.30_59.20_,3_3_2_17_4_
12:51:24,59.80,1,715,59.90_60.00_60.10_60.20_60.30_,6_108_18_84_22_,59.80_59.70_59.40_59.30_59.20_,3_3_2_17_4_
12:51:44,59.80,1,715,59.90_60.00_60.10_60.20_60.30_,6_107_18_84_22_,59.80_59.70_59.40_59.30_59.20_,4_3_2_17_4_
12:51:55,59.80,1,716,59.90_60.00_60.10_60.20_60.30_,6_107_18_84_22_,59.80_59.70_59.40_59.30_59.20_,3_3_2_17_4_
12:52:00,59.80,1,717,59.90_60.00_60.10_60.20_60.30_,6_107_18_84_22_,59.80_59.70_59.40_59.30_59.20_,2_3_2_17_4_
12:52:05,59.80,1,718,59.90_60.00_60.10_60.20_60.30_,6_106_18_84_22_,59.80_59.70_59.40_59.30_59.20_,1_3_2_17_4_
12:52:10,59.80,1,718,59.90_60.00_60.10_60.20_60.30_,6_106_18_84_22_,59.80_59.70_59.40_59.30_59.20_,3_3_2_16_4_
12:52:15,59.80,3,721,59.80_59.90_60.00_60.10_60.20_,3_6_106_18_84_,59.70_59.40_59.30_59.20_59.10_,3_2_16_4_10_
12:52:26,59.80,3,721,59.80_59.90_60.00_60.10_60.20_,5_4_106_79_42_,59.70_59.40_59.30_59.20_59.10_,3_2_6_14_10_
12:52:36,59.80,3,721,59.80_59.90_60.00_60.10_60.20_,5_5_106_79_42_,59.70_59.40_59.30_59.20_59.10_,3_2_6_14_10_
12:53:07,59.70,3,724,59.70_59.80_59.90_60.00_60.10_,3_5_5_106_79_,59.40_59.30_59.20_59.10_59.00_,2_6_14_10_23_
12:53:12,59.70,3,724,59.70_59.80_59.90_60.00_60.10_,4_5_65_108_35_,59.40_59.30_59.20_59.10_59.00_,2_6_3_10_33_
12:53:22,59.70,3,724,59.70_59.80_59.90_60.00_60.10_,5_4_65_108_35_,59.40_59.30_59.20_59.10_59.00_,2_6_3_10_33_
12:53:27,59.70,3,724,59.70_59.80_59.90_60.00_60.10_,2_4_65_108_35_,59.40_59.30_59.20_59.10_59.00_,2_6_3_10_33_
12:53:43,59.70,3,724,59.60_59.70_59.80_59.90_60.00_,1_2_4_66_108_,59.40_59.30_59.20_59.10_59.00_,2_6_3_10_33_
12:53:48,59.70,3,724,59.60_59.70_59.80_59.90_60.00_,3_3_4_67_123_,59.40_59.30_59.20_59.10_59.00_,2_6_3_10_33_
12:53:53,59.70,3,724,59.50_59.60_59.70_59.80_59.90_,1_2_3_4_67_,59.40_59.30_59.20_59.10_59.00_,2_6_3_10_33_
12:53:58,59.70,3,724,59.50_59.60_59.70_59.80_59.90_,2_2_3_64_23_,59.40_59.30_59.20_59.10_59.00_,2_6_3_10_33_
12:54:08,59.70,3,724,59.50_59.60_59.70_59.80_59.90_,1_2_3_64_23_,59.40_59.30_59.20_59.10_59.00_,2_6_3_10_33_
12:54:13,59.70,3,724,59.50_59.60_59.70_59.80_59.90_,1_2_3_64_33_,59.40_59.30_59.20_59.10_59.00_,2_8_3_10_33_
12:54:18,59.50,1,725,59.50_59.60_59.70_59.80_59.90_,1_1_3_64_33_,59.40_59.30_59.20_59.10_59.00_,2_8_3_10_33_
12:54:24,59.50,1,725,59.50_59.60_59.70_59.80_59.90_,2_1_2_64_33_,59.40_59.30_59.20_59.10_59.00_,2_8_3_10_33_
12:54:29,59.50,1,725,59.50_59.60_59.70_59.80_59.90_,2_1_2_3_94_,59.40_59.30_59.20_59.10_59.00_,2_8_3_10_33_
12:54:39,59.50,1,725,59.50_59.60_59.70_59.80_59.90_,12_1_2_3_94_,59.40_59.30_59.20_59.10_59.00_,2_8_3_10_33_
12:54:44,59.50,1,725,59.50_59.70_59.80_59.90_60.00_,13_2_3_94_106_,59.40_59.30_59.20_59.10_59.00_,2_8_3_10_33_
12:54:49,59.50,1,725,59.50_59.70_59.80_59.90_60.00_,13_2_3_77_123_,59.40_59.30_59.20_59.10_59.00_,2_8_3_10_33_
12:54:54,59.50,1,725,59.50_59.70_59.80_59.90_60.00_,3_2_4_77_123_,59.40_59.30_59.20_59.10_59.00_,2_8_3_10_33_
12:55:05,59.50,1,725,59.50_59.60_59.70_59.80_59.90_,3_1_2_4_77_,59.40_59.30_59.20_59.10_59.00_,2_8_3_10_33_
12:55:10,59.50,1,725,59.50_59.60_59.70_59.80_59.90_,3_1_2_4_77_,59.40_59.30_59.20_59.10_59.00_,3_8_3_10_33_
12:55:15,59.50,1,725,59.50_59.60_59.70_59.80_59.90_,3_1_2_4_94_,59.40_59.30_59.20_59.10_59.00_,3_8_3_10_33_
12:55:46,59.50,1,725,59.50_59.60_59.70_59.80_59.90_,3_1_2_4_94_,59.40_59.30_59.20_59.10_59.00_,5_7_3_10_33_
12:55:56,59.40,1,726,59.50_59.60_59.70_59.80_59.90_,3_1_2_4_94_,59.40_59.30_59.20_59.10_59.00_,4_7_3_10_33_
12:56:16,59.40,4,730,59.40_59.50_59.60_59.70_59.80_,3_3_1_2_4_,59.30_59.20_59.10_59.00_58.90_,7_3_10_33_13_
12:56:22,59.40,4,730,59.40_59.50_59.60_59.70_59.80_,4_3_1_2_84_,59.30_59.20_59.10_59.00_58.90_,7_3_10_23_23_
12:56:27,59.40,4,730,59.40_59.50_59.60_59.70_59.80_,4_3_1_2_85_,59.30_59.20_59.10_59.00_58.90_,6_3_10_23_23_
12:56:32,59.40,4,730,59.40_59.50_59.60_59.70_59.80_,4_3_1_2_85_,59.30_59.20_59.10_59.00_58.90_,6_4_10_23_23_
12:56:42,59.40,4,730,59.40_59.50_59.60_59.70_59.80_,5_2_1_2_85_,59.30_59.20_59.10_59.00_58.90_,6_5_10_23_23_
12:56:47,59.40,4,730,59.40_59.50_59.60_59.70_59.80_,5_2_1_2_86_,59.30_59.20_59.10_59.00_58.90_,6_5_10_23_23_
12:56:52,59.40,1,731,59.40_59.50_59.60_59.70_59.80_,4_2_1_2_86_,59.30_59.20_59.10_59.00_58.90_,6_5_10_23_23_
12:56:57,59.40,1,731,59.40_59.50_59.60_59.70_59.80_,4_2_1_3_86_,59.30_59.20_59.10_59.00_58.90_,6_5_10_23_23_
12:57:03,59.40,1,731,59.40_59.50_59.60_59.70_59.80_,4_2_1_3_83_,59.30_59.20_59.10_59.00_58.90_,6_5_10_23_23_
12:57:08,59.30,6,737,59.30_59.40_59.50_59.60_59.70_,2_4_2_1_3_,59.20_59.10_59.00_58.90_58.80_,5_10_23_23_5_
12:57:13,59.30,6,737,59.30_59.40_59.50_59.60_59.70_,4_4_2_1_83_,59.20_59.10_59.00_58.90_58.80_,5_10_23_11_16_
12:57:28,59.30,6,737,59.30_59.40_59.50_59.60_59.70_,5_4_2_1_83_,59.20_59.10_59.00_58.90_58.80_,5_10_23_11_16_
12:57:49,59.30,6,737,59.30_59.40_59.50_59.60_59.70_,5_4_2_1_83_,59.20_59.10_59.00_58.90_58.80_,5_12_23_11_16_
12:57:59,59.30,1,738,59.30_59.40_59.50_59.60_59.70_,4_4_2_1_83_,59.20_59.10_59.00_58.90_58.80_,4_12_23_11_16_
12:58:09,59.30,3,741,59.30_59.40_59.50_59.60_59.70_,1_4_2_1_83_,59.20_59.10_59.00_58.90_58.80_,4_12_23_11_16_
12:58:14,59.20,4,745,59.20_59.30_59.40_59.50_59.60_,4_2_4_1_1_,59.10_59.00_58.90_58.80_58.70_,12_23_11_16_2_
12:58:19,59.20,4,745,59.20_59.30_59.40_59.50_59.60_,5_2_3_1_81_,59.10_59.00_58.90_58.80_58.70_,12_23_11_5_12_
12:58:30,59.10,12,757,59.10_59.20_59.30_59.40_59.50_,2_5_2_3_1_,59.00_58.90_58.80_58.70_58.60_,23_11_5_12_16_
12:58:35,59.10,12,757,59.10_59.20_59.30_59.40_59.50_,5_5_1_3_81_,59.00_58.90_58.80_58.70_58.60_,23_11_5_2_26_
12:58:50,59.10,12,757,59.10_59.20_59.30_59.40_59.50_,3_1_1_3_81_,59.00_58.90_58.80_58.70_58.60_,23_11_5_2_26_
12:58:55,59.10,12,757,59.10_59.20_59.30_59.40_59.50_,3_1_1_3_81_,59.00_58.90_58.80_58.70_58.60_,24_11_5_2_26_
12:59:00,59.00,1,758,59.10_59.20_59.30_59.40_59.50_,3_1_1_3_81_,59.00_58.90_58.80_58.70_58.60_,22_11_6_2_26_
12:59:06,59.10,1,759,59.10_59.20_59.30_59.40_59.50_,2_1_1_3_81_,59.00_58.90_58.80_58.70_58.60_,23_11_6_2_26_
12:59:11,59.10,1,760,59.10_59.30_59.40_59.50_59.60_,7_1_3_81_1_,59.00_58.90_58.80_58.70_58.60_,23_11_6_2_26_
12:59:16,59.10,1,760,59.10_59.20_59.30_59.40_59.50_,7_1_1_3_64_,59.00_58.90_58.80_58.70_58.60_,23_11_6_2_26_
12:59:21,59.10,1,761,59.10_59.20_59.30_59.40_59.50_,6_1_1_3_65_,59.00_58.90_58.80_58.70_58.60_,23_11_6_2_26_
12:59:26,59.10,1,761,59.10_59.20_59.30_59.40_59.50_,6_1_1_3_82_,59.00_58.90_58.80_58.70_58.60_,23_11_6_2_26_
12:59:31,59.10,3,764,59.10_59.20_59.30_59.40_59.50_,3_1_1_4_82_,59.00_58.90_58.80_58.70_58.60_,23_11_6_2_26_
12:59:36,59.20,1,765,59.20_59.30_59.40_59.50_59.60_,1_1_2_81_1_,59.10_59.00_58.90_58.80_58.70_,1_23_11_6_2_
12:59:41,59.60,22,787,59.60_59.70_59.80_59.90_60.00_,64_3_2_14_106_,59.30_59.10_59.00_58.90_58.80_,5_23_22_11_6_
12:59:46,60.00,30,817,60.00_60.10_60.20_60.30_60.40_,93_18_24_2_8_,59.60_59.30_59.20_59.10_59.00_,10_7_11_22_24_
12:59:52,60.00,20,837,60.00_60.10_60.20_60.30_60.40_,72_39_48_2_25_,59.70_59.60_59.30_59.20_59.10_,10_22_17_11_22_
12:59:57,60.00,20,837,60.00_60.10_60.20_60.30_60.40_,72_18_67_4_25_,59.70_59.60_59.30_59.20_59.10_,11_21_18_11_22_
13:00:02,60.00,25,862,60.00_60.10_60.20_60.30_60.40_,48_28_67_4_26_,59.70_59.60_59.30_59.20_59.10_,11_24_13_11_22_
13:00:07,60.00,25,862,59.90_60.00_60.10_60.20_60.30_,8_48_28_67_4_,59.70_59.60_59.30_59.20_59.10_,12_24_13_11_21_
13:00:12,60.00,25,862,59.90_60.00_60.10_60.20_60.30_,8_48_49_58_19_,59.70_59.60_59.30_59.20_59.10_,12_14_13_11_21_
13:00:17,60.00,25,862,59.90_60.00_60.10_60.20_60.30_,8_48_49_58_19_,59.70_59.60_59.30_59.20_59.10_,12_14_13_1_21_
13:00:22,60.00,27,889,60.00_60.10_60.20_60.30_60.40_,30_49_58_19_9_,59.90_59.70_59.60_59.30_59.20_,26_12_14_13_1_
13:00:27,60.00,15,904,60.00_60.10_60.20_60.30_60.40_,18_28_33_46_28_,59.90_59.70_59.60_59.40_59.30_,28_13_12_12_2_
13:00:33,60.00,10,914,60.00_60.10_60.20_60.30_60.40_,9_28_33_56_28_,59.90_59.70_59.60_59.40_59.30_,28_13_12_12_1_
13:00:38,60.00,1,915,60.00_60.10_60.20_60.30_60.40_,9_28_33_56_38_,59.90_59.70_59.60_59.40_59.30_,2_13_12_12_1_
13:00:43,60.00,2,917,60.00_60.10_60.20_60.30_60.40_,7_28_33_56_38_,59.90_59.70_59.60_59.40_59.30_,3_13_12_12_1_
13:00:48,60.00,2,917,60.00_60.10_60.20_60.30_60.40_,7_38_33_56_38_,59.90_59.70_59.60_59.40_59.30_,3_13_12_12_1_
13:00:53,60.00,2,917,60.00_60.10_60.20_60.30_60.40_,7_38_33_56_39_,59.90_59.70_59.60_59.40_59.30_,3_13_12_12_1_
13:00:58,59.90,3,920,60.00_60.10_60.20_60.30_60.40_,7_49_33_56_39_,59.70_59.60_59.40_59.30_59.20_,13_12_12_1_1_
13:01:03,59.90,3,920,59.90_60.00_60.10_60.20_60.30_,1_7_49_77_14_,59.70_59.60_59.30_59.20_59.10_,13_12_13_1_22_
13:01:08,59.90,3,920,59.90_60.00_60.10_60.20_60.30_,1_7_49_69_19_,59.80_59.70_59.60_59.50_59.30_,1_3_13_10_13_
13:01:14,59.90,3,920,59.90_60.00_60.10_60.20_60.30_,1_7_49_67_21_,59.80_59.70_59.60_59.50_59.30_,2_3_13_10_13_
13:01:19,59.90,1,921,59.90_60.00_60.10_60.20_60.30_,1_7_49_67_21_,59.80_59.70_59.60_59.50_59.30_,3_3_3_10_14_
13:01:24,59.90,1,921,59.90_60.00_60.10_60.20_60.30_,1_7_49_67_21_,59.80_59.70_59.60_59.50_59.40_,3_3_3_10_5_
13:01:29,59.90,1,921,59.90_60.00_60.10_60.20_60.30_,1_17_49_67_21_,59.80_59.70_59.60_59.50_59.40_,3_3_3_10_6_
13:01:34,59.90,1,922,60.00_60.10_60.20_60.30_60.40_,17_49_67_121_11_,59.80_59.70_59.60_59.50_59.40_,3_3_11_10_6_
13:01:39,59.90,1,922,60.00_60.10_60.20_60.30_60.40_,17_49_23_148_28_,59.80_59.70_59.60_59.50_59.40_,3_3_11_10_18_
13:01:44,59.90,1,922,60.00_60.10_60.20_60.30_60.40_,28_49_23_148_28_,59.80_59.70_59.60_59.50_59.40_,5_2_11_10_18_
13:01:50,59.90,1,922,60.00_60.10_60.20_60.30_60.40_,38_49_23_148_28_,59.80_59.70_59.60_59.50_59.40_,5_1_11_10_19_
13:01:55,59.90,1,922,59.90_60.00_60.10_60.20_60.30_,4_38_49_23_148_,59.80_59.70_59.60_59.50_59.40_,5_1_11_10_19_
13:02:00,59.90,1,922,59.90_60.00_60.10_60.20_60.30_,4_38_49_67_121_,59.80_59.70_59.60_59.50_59.40_,5_1_11_10_19_
13:02:05,59.80,4,926,59.90_60.00_60.10_60.20_60.30_,4_38_49_67_21_,59.80_59.70_59.60_59.50_59.40_,1_1_11_10_19_
13:02:10,59.80,4,926,59.90_60.00_60.10_60.20_60.30_,4_39_149_67_21_,59.80_59.70_59.60_59.50_59.40_,2_1_11_10_20_
13:02:15,59.80,2,928,59.90_60.00_60.10_60.20_60.30_,4_39_49_167_21_,59.70_59.60_59.50_59.40_59.30_,1_11_10_20_3_
13:02:20,59.80,2,928,59.90_60.00_60.10_60.20_60.30_,4_39_49_169_19_,59.70_59.60_59.50_59.40_59.30_,3_11_10_7_15_
13:02:25,59.80,2,928,59.90_60.00_60.10_60.20_60.30_,4_39_49_169_19_,59.70_59.60_59.50_59.40_59.30_,3_11_10_7_16_
13:02:31,59.80,2,928,59.90_60.00_60.10_60.20_60.30_,4_39_39_169_19_,59.70_59.60_59.50_59.40_59.30_,3_11_10_7_16_
13:02:36,59.80,2,928,59.90_60.00_60.10_60.20_60.30_,5_38_30_169_19_,59.70_59.60_59.50_59.40_59.30_,3_11_10_7_17_
13:02:41,59.80,2,928,59.90_60.00_60.10_60.20_60.30_,5_78_20_69_19_,59.70_59.60_59.50_59.40_59.30_,3_11_10_7_17_
13:02:46,59.80,2,928,59.90_60.00_60.10_60.20_60.30_,4_78_20_69_19_,59.70_59.60_59.50_59.40_59.30_,3_11_10_7_18_
13:02:51,59.80,2,928,59.80_59.90_60.00_60.10_60.20_,1_4_79_20_69_,59.70_59.60_59.50_59.40_59.30_,3_11_10_7_18_
13:02:56,59.80,2,928,59.80_59.90_60.00_60.10_60.20_,1_4_79_114_42_,59.70_59.60_59.50_59.40_59.30_,5_11_10_7_18_
13:03:12,59.80,1,929,59.90_60.00_60.10_60.20_60.30_,4_79_114_42_2_,59.70_59.60_59.50_59.40_59.30_,5_11_10_7_18_
13:03:17,59.80,1,929,59.90_60.00_60.10_60.20_60.30_,4_79_70_69_19_,59.70_59.60_59.50_59.40_59.30_,4_11_10_7_18_
13:03:27,59.80,1,929,59.90_60.00_60.10_60.20_60.30_,4_79_70_69_19_,59.70_59.60_59.50_59.40_59.30_,5_11_10_7_17_
13:03:32,59.80,1,929,59.90_60.00_60.10_60.20_60.30_,9_78_70_69_19_,59.70_59.60_59.50_59.40_59.30_,5_11_10_7_17_
13:03:37,59.90,1,930,59.90_60.00_60.10_60.20_60.30_,8_78_70_69_19_,59.70_59.60_59.50_59.40_59.30_,5_13_10_7_17_
13:03:42,59.90,1,930,59.90_60.00_60.10_60.20_60.30_,8_78_70_69_19_,59.80_59.70_59.60_59.50_59.40_,1_5_13_11_7_
13:03:47,59.90,1,930,59.90_60.00_60.10_60.20_60.30_,8_78_70_67_21_,59.80_59.70_59.60_59.50_59.40_,5_4_12_11_19_
13:04:03,59.90,1,930,59.90_60.00_60.10_60.20_60.30_,8_78_70_67_21_,59.80_59.70_59.60_59.50_59.40_,6_4_12_11_19_
13:04:18,59.90,1,930,59.90_60.00_60.10_60.20_60.30_,8_78_70_67_21_,59.80_59.70_59.60_59.50_59.40_,6_5_12_11_19_
13:04:28,59.90,1,930,59.90_60.00_60.10_60.20_60.30_,8_78_70_67_21_,59.80_59.70_59.60_59.50_59.40_,7_5_12_11_19_
13:04:49,59.90,1,930,59.90_60.00_60.10_60.20_60.30_,9_78_70_67_21_,59.80_59.70_59.60_59.50_59.40_,8_5_12_11_19_
13:04:54,59.90,1,930,59.90_60.00_60.10_60.20_60.30_,10_77_70_67_21_,59.80_59.70_59.60_59.50_59.40_,9_5_12_11_19_
13:05:15,59.90,1,930,59.90_60.00_60.10_60.20_60.30_,10_78_70_67_21_,59.80_59.70_59.60_59.50_59.40_,9_5_12_11_19_
13:05:20,59.90,1,930,59.90_60.00_60.10_60.20_60.30_,10_78_70_67_21_,59.80_59.70_59.60_59.50_59.40_,9_5_12_12_19_
13:05:45,59.90,1,930,59.90_60.00_60.10_60.20_60.30_,10_78_70_67_21_,59.80_59.70_59.60_59.50_59.40_,10_5_12_12_19_
13:05:50,59.90,1,930,59.90_60.00_60.10_60.20_60.30_,10_78_70_67_21_,59.80_59.70_59.60_59.50_59.40_,12_4_12_12_19_
13:06:06,59.90,1,930,59.90_60.00_60.10_60.20_60.30_,10_77_70_67_21_,59.80_59.70_59.60_59.50_59.40_,12_4_12_12_19_
13:06:21,59.90,1,931,59.90_60.00_60.10_60.20_60.30_,9_77_70_67_21_,59.80_59.70_59.60_59.50_59.40_,12_4_12_12_19_
13:07:07,59.90,1,931,59.90_60.00_60.10_60.20_60.30_,9_77_70_67_21_,59.80_59.70_59.60_59.50_59.40_,12_4_14_12_19_
13:07:48,59.90,1,931,59.90_60.00_60.10_60.20_60.30_,10_77_70_67_21_,59.80_59.70_59.60_59.50_59.40_,12_4_14_12_19_
13:07:53,59.90,1,932,59.90_60.00_60.10_60.20_60.30_,9_78_70_67_21_,59.80_59.70_59.60_59.50_59.40_,12_4_14_12_19_
13:08:09,59.90,1,933,59.90_60.00_60.10_60.20_60.30_,8_78_70_67_21_,59.80_59.70_59.60_59.50_59.40_,12_4_13_12_19_
13:08:14,59.90,2,935,59.90_60.00_60.10_60.20_60.30_,6_78_70_67_21_,59.80_59.70_59.60_59.50_59.40_,12_4_13_12_19_
13:08:19,59.90,1,936,59.90_60.00_60.10_60.20_60.30_,5_78_70_67_21_,59.80_59.70_59.60_59.50_59.40_,12_4_12_12_19_
13:08:44,59.90,2,938,59.90_60.00_60.10_60.20_60.30_,3_78_70_67_21_,59.80_59.70_59.60_59.50_59.40_,12_4_12_12_19_
13:09:00,59.90,1,939,59.90_60.00_60.10_60.20_60.30_,2_78_70_67_21_,59.80_59.70_59.60_59.50_59.40_,12_4_12_12_19_
13:09:05,59.90,1,940,59.90_60.00_60.10_60.20_60.30_,3_87_70_67_21_,59.80_59.70_59.60_59.50_59.40_,11_4_12_12_19_
13:09:10,59.90,1,941,59.90_60.00_60.10_60.20_60.30_,2_88_70_67_21_,59.80_59.70_59.60_59.50_59.40_,10_4_12_12_19_
13:09:25,59.80,5,946,59.90_60.00_60.10_60.20_60.30_,2_88_70_67_21_,59.80_59.70_59.60_59.50_59.40_,5_4_12_12_19_
13:09:31,59.80,1,947,59.90_60.00_60.10_60.20_60.30_,2_87_70_67_21_,59.80_59.70_59.60_59.50_59.40_,5_4_12_12_19_
13:09:36,59.80,1,948,59.90_60.00_60.10_60.20_60.30_,2_87_70_67_22_,59.80_59.70_59.60_59.50_59.40_,4_4_12_12_19_
13:10:01,59.80,1,948,59.90_60.00_60.10_60.20_60.30_,6_87_70_67_22_,59.80_59.70_59.60_59.50_59.40_,4_4_12_12_19_
13:10:06,59.80,1,948,59.90_60.00_60.10_60.20_60.30_,6_88_70_67_22_,59.80_59.70_59.60_59.50_59.40_,4_4_12_12_19_
13:10:12,59.90,1,949,59.90_60.00_60.10_60.20_60.30_,5_88_70_67_22_,59.80_59.70_59.60_59.50_59.40_,4_4_12_12_19_
13:10:27,59.90,1,949,59.90_60.00_60.10_60.20_60.30_,5_88_70_67_22_,59.80_59.70_59.60_59.50_59.40_,5_4_12_12_19_
13:11:08,59.90,1,950,59.90_60.00_60.10_60.20_60.30_,4_88_70_67_22_,59.80_59.70_59.60_59.50_59.40_,5_4_12_12_19_
13:11:13,59.90,1,950,59.90_60.00_60.10_60.20_60.30_,6_88_70_67_22_,59.80_59.70_59.60_59.50_59.40_,5_4_12_12_19_
13:11:28,59.90,1,950,59.90_60.00_60.10_60.20_60.30_,6_88_70_67_22_,59.80_59.70_59.60_59.50_59.40_,6_3_11_12_19_
13:11:34,59.90,1,950,59.90_60.00_60.10_60.20_60.30_,7_87_70_67_22_,59.80_59.70_59.60_59.50_59.40_,7_3_11_12_19_
13:11:39,59.90,1,950,59.90_60.00_60.10_60.20_60.30_,7_87_70_67_22_,59.80_59.70_59.60_59.50_59.40_,9_3_11_12_19_
13:11:49,59.90,1,950,59.90_60.00_60.10_60.20_60.30_,8_87_70_67_22_,59.80_59.70_59.60_59.50_59.40_,9_3_11_12_19_
13:12:09,59.90,1,950,59.90_60.00_60.10_60.20_60.30_,8_88_70_67_22_,59.80_59.70_59.60_59.50_59.40_,9_3_11_12_19_
13:12:15,59.90,1,951,59.90_60.00_60.10_60.20_60.30_,7_88_70_67_22_,59.80_59.70_59.60_59.50_59.40_,9_3_11_12_19_
13:12:30,59.90,1,952,59.90_60.00_60.10_60.20_60.30_,6_88_70_67_22_,59.80_59.70_59.60_59.50_59.40_,9_3_11_12_19_
13:13:01,59.80,9,961,59.90_60.00_60.10_60.20_60.30_,6_88_70_67_22_,59.70_59.60_59.50_59.40_59.30_,3_11_12_19_4_
13:13:06,59.60,5,966,59.90_60.00_60.10_60.20_60.30_,6_88_70_69_20_,59.60_59.50_59.40_59.30_59.20_,9_12_8_16_9_
13:13:11,59.60,5,966,59.90_60.00_60.10_60.20_60.30_,6_88_91_48_20_,59.60_59.50_59.40_59.30_59.20_,9_12_8_4_21_
13:13:31,59.60,5,966,59.80_59.90_60.00_60.10_60.20_,1_6_88_91_48_,59.60_59.50_59.40_59.30_59.20_,1_12_8_4_21_
13:13:37,59.60,5,966,59.80_59.90_60.00_60.10_60.20_,2_6_87_116_40_,59.60_59.50_59.40_59.30_59.20_,1_13_7_4_21_
13:13:57,59.60,5,966,59.80_59.90_60.00_60.10_60.20_,2_6_87_116_40_,59.60_59.50_59.40_59.30_59.20_,3_13_7_4_21_
13:14:12,59.60,5,966,59.80_59.90_60.00_60.10_60.20_,5_4_87_116_40_,59.60_59.50_59.40_59.30_59.20_,3_13_7_4_21_
13:14:18,59.60,5,966,59.80_59.90_60.00_60.10_60.20_,5_4_88_116_40_,59.60_59.50_59.40_59.30_59.20_,3_13_7_4_21_
13:14:23,59.60,5,966,59.80_59.90_60.00_60.10_60.20_,5_4_88_116_40_,59.60_59.50_59.40_59.30_59.20_,4_13_7_4_22_
13:14:33,59.60,5,966,59.80_59.90_60.00_60.10_60.20_,5_4_88_116_40_,59.60_59.50_59.40_59.30_59.20_,4_18_7_4_22_
13:14:38,59.60,5,966,59.80_59.90_60.00_60.10_60.20_,6_4_97_116_40_,59.60_59.50_59.40_59.30_59.20_,4_18_7_4_22_
13:14:43,59.60,5,966,59.70_59.80_59.90_60.00_60.10_,2_5_3_97_116_,59.60_59.50_59.40_59.30_59.20_,4_18_12_4_22_
13:14:48,59.60,5,966,59.70_59.80_59.90_60.00_60.10_,2_6_3_141_89_,59.60_59.50_59.40_59.30_59.20_,4_18_12_9_22_
13:14:53,59.60,5,966,59.70_59.80_59.90_60.00_60.10_,2_6_3_141_89_,59.60_59.50_59.40_59.30_59.20_,4_18_12_9_21_
13:15:09,59.60,5,966,59.70_59.80_59.90_60.00_60.10_,2_3_3_141_89_,59.60_59.50_59.40_59.30_59.20_,4_18_12_9_21_
13:15:14,59.60,5,966,59.70_59.80_59.90_60.00_60.10_,2_3_3_142_88_,59.60_59.50_59.40_59.30_59.20_,4_18_12_9_21_
13:15:19,59.60,1,967,59.70_59.80_59.90_60.00_60.10_,2_3_4_142_88_,59.60_59.50_59.40_59.30_59.20_,3_18_12_9_21_
13:16:05,59.60,1,967,59.70_59.80_59.90_60.00_60.10_,2_3_5_142_88_,59.60_59.50_59.40_59.30_59.20_,4_18_12_9_21_
13:16:21,59.60,1,967,59.70_59.80_59.90_60.00_60.10_,2_3_5_142_88_,59.60_59.50_59.40_59.30_59.20_,4_19_12_9_21_
13:16:26,59.60,4,971,59.70_59.80_59.90_60.00_60.10_,1_2_5_142_88_,59.50_59.40_59.30_59.20_59.10_,21_12_9_21_24_
13:16:31,59.60,4,971,59.70_59.80_59.90_60.00_60.10_,1_2_5_144_86_,59.50_59.40_59.30_59.20_59.10_,21_12_9_8_37_
13:17:07,59.60,4,971,59.70_59.80_59.90_60.00_60.10_,1_2_5_144_86_,59.60_59.50_59.40_59.30_59.20_,1_21_12_9_8_
13:17:12,59.60,4,971,59.70_59.80_59.90_60.00_60.10_,1_2_5_142_88_,59.60_59.50_59.40_59.30_59.20_,4_19_12_9_21_
13:17:17,59.60,4,971,59.70_59.80_59.90_60.00_60.10_,1_2_5_142_88_,59.60_59.50_59.40_59.30_59.20_,5_19_12_9_21_
13:17:42,59.60,4,971,59.70_59.80_59.90_60.00_60.10_,1_2_5_142_88_,59.60_59.50_59.40_59.30_59.20_,25_19_12_9_21_
13:17:47,59.70,1,972,59.80_59.90_60.00_60.10_60.20_,2_5_142_88_23_,59.60_59.50_59.40_59.30_59.20_,26_18_12_9_21_
13:17:53,59.70,1,972,59.80_59.90_60.00_60.10_60.20_,2_5_98_115_40_,59.60_59.50_59.40_59.30_59.20_,26_18_12_9_21_
13:17:58,59.70,1,972,59.80_59.90_60.00_60.10_60.20_,1_5_99_115_40_,59.60_59.50_59.40_59.30_59.20_,26_18_12_9_21_
13:18:03,59.60,4,976,59.80_59.90_60.00_60.10_60.20_,1_5_99_115_40_,59.60_59.50_59.40_59.30_59.20_,22_18_12_9_21_
13:18:08,59.60,4,976,59.80_59.90_60.00_60.10_60.20_,1_5_100_115_40_,59.60_59.50_59.40_59.30_59.20_,22_18_12_9_21_
13:18:23,59.60,4,976,59.80_59.90_60.00_60.10_60.20_,2_5_100_115_40_,59.60_59.50_59.40_59.30_59.20_,22_18_12_9_21_
13:18:39,59.60,4,976,59.80_59.90_60.00_60.10_60.20_,2_5_100_115_40_,59.60_59.50_59.40_59.30_59.20_,24_18_12_9_21_
13:18:44,59.60,4,976,59.80_59.90_60.00_60.10_60.20_,2_5_100_115_40_,59.60_59.50_59.40_59.30_59.20_,25_18_12_9_21_
13:19:04,59.60,4,976,59.80_59.90_60.00_60.10_60.20_,2_5_100_114_40_,59.60_59.50_59.40_59.30_59.20_,25_18_12_9_21_
13:19:20,59.80,1,977,59.80_59.90_60.00_60.10_60.20_,1_5_100_114_40_,59.60_59.50_59.40_59.30_59.20_,25_18_12_9_21_
13:19:25,59.80,1,977,59.80_59.90_60.00_60.10_60.20_,1_5_100_114_40_,59.60_59.50_59.40_59.30_59.20_,24_18_12_9_21_
13:19:40,59.80,1,977,59.80_59.90_60.00_60.10_60.20_,1_5_100_114_40_,59.60_59.50_59.40_59.30_59.20_,25_18_12_9_21_
13:19:45,59.80,1,977,59.80_59.90_60.00_60.10_60.20_,1_5_100_114_40_,59.70_59.60_59.50_59.40_59.30_,12_25_18_12_9_
13:19:50,59.80,1,977,59.80_59.90_60.00_60.10_60.20_,1_5_100_112_42_,59.70_59.60_59.50_59.40_59.30_,17_21_18_12_22_
13:19:56,59.80,1,977,59.80_59.90_60.00_60.10_60.20_,1_5_100_112_42_,59.70_59.60_59.50_59.40_59.30_,18_21_18_12_22_
13:20:01,59.80,1,977,59.80_59.90_60.00_60.10_60.20_,1_5_101_112_42_,59.70_59.60_59.50_59.40_59.30_,18_21_18_12_22_
13:20:06,59.80,1,977,59.80_59.90_60.00_60.10_60.20_,1_5_100_112_42_,59.70_59.60_59.50_59.40_59.30_,18_21_18_12_22_
13:20:37,59.70,1,978,59.80_59.90_60.00_60.10_60.20_,1_5_99_112_42_,59.70_59.60_59.50_59.40_59.30_,17_21_18_12_22_
13:20:47,59.70,1,978,59.80_59.90_60.00_60.10_60.20_,1_5_99_112_42_,59.70_59.60_59.50_59.40_59.30_,17_21_18_12_21_
13:20:52,59.80,1,979,59.90_60.00_60.10_60.20_60.30_,5_99_112_42_3_,59.70_59.60_59.50_59.40_59.30_,17_21_18_12_21_
13:20:57,59.80,1,979,59.90_60.00_60.10_60.20_60.30_,5_99_68_69_20_,59.70_59.60_59.50_59.40_59.30_,17_21_18_12_22_
13:21:12,59.80,1,979,59.90_60.00_60.10_60.20_60.30_,5_99_68_69_20_,59.80_59.70_59.60_59.50_59.40_,2_16_21_18_12_
13:21:18,59.80,1,979,59.90_60.00_60.10_60.20_60.30_,5_99_68_67_22_,59.80_59.70_59.60_59.50_59.40_,5_13_21_18_26_
13:21:38,59.90,2,981,59.90_60.00_60.10_60.20_60.30_,3_99_68_67_22_,59.80_59.70_59.60_59.50_59.40_,5_11_21_18_26_
13:21:43,59.90,2,981,59.90_60.00_60.10_60.20_60.30_,4_99_68_67_22_,59.80_59.70_59.60_59.50_59.40_,5_12_21_18_26_
13:21:48,59.90,1,982,59.90_60.00_60.10_60.20_60.30_,4_99_68_67_22_,59.80_59.70_59.60_59.50_59.40_,5_12_21_18_26_
13:21:54,59.90,1,982,59.90_60.00_60.10_60.20_60.30_,4_99_68_67_22_,59.80_59.70_59.60_59.50_59.40_,5_12_21_8_26_
13:21:59,59.90,1,982,59.90_60.00_60.10_60.20_60.30_,5_99_68_67_22_,59.80_59.70_59.60_59.50_59.40_,5_12_21_8_26_
13:22:14,59.90,1,982,59.90_60.00_60.10_60.20_60.30_,5_99_68_67_22_,59.80_59.70_59.60_59.50_59.40_,7_12_21_8_26_
13:22:35,59.90,1,983,59.90_60.00_60.10_60.20_60.30_,4_99_68_67_22_,59.80_59.70_59.60_59.50_59.40_,8_12_21_8_26_
13:22:40,59.90,1,984,59.90_60.00_60.10_60.20_60.30_,3_99_68_67_22_,59.80_59.70_59.60_59.50_59.40_,7_12_21_8_26_
13:22:45,59.80,5,989,59.90_60.00_60.10_60.20_60.30_,3_99_68_67_22_,59.80_59.70_59.60_59.50_59.40_,2_12_21_8_26_
13:22:55,59.80,5,989,59.90_60.00_60.10_60.20_60.30_,4_99_68_67_22_,59.80_59.70_59.60_59.50_59.40_,2_12_21_8_26_
13:23:00,59.80,5,989,59.90_60.00_60.10_60.20_60.30_,6_99_68_67_22_,59.80_59.70_59.60_59.50_59.40_,2_12_21_8_26_
13:23:05,59.80,5,989,59.90_60.00_60.10_60.20_60.30_,6_100_68_67_21_,59.80_59.70_59.60_59.50_59.40_,2_12_22_8_26_
13:23:26,59.80,5,989,59.90_60.00_60.10_60.20_60.30_,6_100_68_67_21_,59.80_59.70_59.60_59.50_59.40_,2_11_22_8_26_
13:23:36,59.80,5,989,59.90_60.00_60.10_60.20_60.30_,7_100_68_67_21_,59.80_59.70_59.60_59.50_59.40_,2_11_22_8_26_
13:23:57,59.80,1,990,59.90_60.00_60.10_60.20_60.30_,7_100_68_67_21_,59.80_59.70_59.60_59.50_59.40_,1_11_22_8_26_
13:24:02,59.80,1,991,59.90_60.00_60.10_60.20_60.30_,7_100_68_67_21_,59.70_59.60_59.50_59.40_59.30_,11_22_8_26_7_
13:24:07,59.80,1,991,59.90_60.00_60.10_60.20_60.30_,7_100_68_69_22_,59.70_59.60_59.50_59.40_59.30_,11_22_8_12_21_
13:24:17,59.80,1,991,59.80_59.90_60.00_60.10_60.20_,12_6_100_68_69_,59.70_59.60_59.50_59.40_59.30_,11_22_8_12_21_
13:24:22,59.80,1,991,59.80_59.90_60.00_60.10_60.20_,22_6_100_112_42_,59.70_59.60_59.50_59.40_59.30_,11_22_8_12_21_
13:24:32,59.80,1,991,59.80_59.90_60.00_60.10_60.20_,32_6_100_112_42_,59.70_59.60_59.50_59.40_59.30_,11_22_8_12_21_
13:24:43,59.80,5,996,59.80_59.90_60.00_60.10_60.20_,27_6_100_112_42_,59.70_59.60_59.50_59.40_59.30_,11_22_8_12_21_
13:25:09,59.80,5,996,59.80_,0_,59.70_,0_
13:25:14,59.80,5,996,59.80_,0_,59.60_,0_
13:25:24,59.80,5,996,59.80_,0_,59.60_,0_
13:25:29,59.80,5,996,59.80_,0_,59.60_,0_
13:25:39,59.80,5,996,59.70_,0_,59.60_,0_
13:25:44,59.80,5,996,59.70_,0_,59.60_,0_
13:25:49,59.80,5,996,59.70_,0_,59.60_,0_
13:25:55,59.80,5,996,59.70_,0_,59.60_,0_
13:26:00,59.80,5,996,59.70_,0_,59.60_,0_
13:26:05,59.80,5,996,59.70_,0_,59.60_,0_
13:26:10,59.80,5,996,59.70_,0_,59.60_,0_
13:26:25,59.80,5,996,59.70_,0_,59.60_,0_
13:26:30,59.80,5,996,59.70_,0_,59.60_,0_
13:26:40,59.80,5,996,59.80_,0_,59.60_,0_
13:27:01,59.80,5,996,59.80_,0_,59.60_,0_
13:27:06,59.80,5,996,59.80_,0_,59.60_,0_
13:27:11,59.80,5,996,59.90_,0_,59.80_,0_
13:27:16,59.80,5,996,59.90_,0_,59.80_,0_
13:27:21,59.80,5,996,60.00_,0_,59.90_,0_
13:27:32,59.80,5,996,60.00_,0_,59.90_,0_
13:27:42,59.80,5,996,60.00_,0_,59.90_,0_
13:27:47,59.80,5,996,60.00_,0_,59.90_,0_
13:28:02,59.80,5,996,60.00_,0_,59.90_,0_
13:28:07,59.80,5,996,60.00_,0_,59.90_,0_
13:28:13,59.80,5,996,60.00_,0_,59.90_,0_
13:28:18,59.80,5,996,59.90_,0_,59.80_,0_
13:28:23,59.80,5,996,59.90_,0_,59.80_,0_
13:28:33,59.80,5,996,60.00_,0_,59.90_,0_
13:28:43,59.80,5,996,59.80_,0_,59.70_,0_
13:28:48,59.80,5,996,60.00_,0_,59.90_,0_
13:28:54,59.80,5,996,60.00_,0_,59.90_,0_
13:29:04,59.80,5,996,59.80_,0_,59.60_,0_
13:29:09,59.80,5,996,59.80_,0_,59.60_,0_
13:29:14,59.80,5,996,59.80_,0_,59.70_,0_
13:29:29,59.80,5,996,59.80_,0_,59.70_,0_
13:29:45,59.80,5,996,59.80_,0_,59.70_,0_
13:29:55,59.80,5,996,59.80_,0_,59.70_,0_
13:30:00,59.70,54,1050,59.80_59.90_60.00_60.10_60.20_,32_19_347_245_29_,59.70_59.60_59.50_59.40_59.30_,6_29_39_11_20_
