09:02:23,113.50,1,197,113.50_114.00_114.50_115.00_115.50_,63_775_389_608_33_,113.00_112.50_112.00_111.50_111.00_,251_440_386_140_153_
09:02:28,113.50,1,197,113.50_114.00_114.50_115.00_115.50_,63_775_389_609_33_,113.00_112.50_112.00_111.50_111.00_,261_440_386_140_153_
09:02:43,113.50,1,197,113.50_114.00_114.50_115.00_115.50_,63_785_389_609_33_,113.00_112.50_112.00_111.50_111.00_,261_440_386_140_153_
09:04:46,113.50,3,205,113.50_114.00_114.50_115.00_115.50_,61_789_394_620_46_,113.00_112.50_112.00_111.50_111.00_,277_435_391_153_177_
09:05:53,113.50,1,224,113.50_114.00_114.50_115.00_115.50_,28_791_394_622_46_,113.00_112.50_112.00_111.50_111.00_,330_452_390_153_174_
09:06:34,113.00,1,225,113.50_114.00_114.50_115.00_115.50_,30_791_394_624_46_,113.00_112.50_112.00_111.50_111.00_,331_453_390_153_175_
09:07:30,113.50,4,244,113.50_114.00_114.50_115.00_115.50_,10_791_393_624_44_,113.00_112.50_112.00_111.50_111.00_,336_452_391_153_180_
09:08:27,113.50,10,276,114.00_114.50_115.00_115.50_116.00_,838_429_624_35_102_,113.50_113.00_112.50_112.00_111.50_,51_296_477_351_153_
09:08:47,114.00,1,288,114.00_114.50_115.00_115.50_116.00_,840_429_626_35_102_,113.50_113.00_112.50_112.00_111.50_,54_299_477_351_153_
09:09:33,114.00,1,288,114.00_114.50_115.00_115.50_116.00_,849_434_626_35_103_,113.50_113.00_112.50_112.00_111.50_,61_295_481_351_153_
09:09:43,114.00,1,288,114.00_114.50_115.00_115.50_116.00_,842_434_626_35_103_,113.50_113.00_112.50_112.00_111.50_,61_295_481_351_153_
09:09:49,114.00,1,288,114.00_114.50_115.00_115.50_116.00_,842_434_626_35_103_,113.50_113.00_112.50_112.00_111.50_,61_285_481_351_153_
09:10:09,114.00,1,292,114.00_114.50_115.00_115.50_116.00_,1240_434_626_35_103_,113.50_113.00_112.50_112.00_111.50_,63_285_481_351_153_
09:10:14,114.00,1,292,114.00_114.50_115.00_115.50_116.00_,1240_434_626_35_103_,113.50_113.00_112.50_112.00_111.50_,59_285_481_351_153_
09:10:19,114.00,1,292,114.00_114.50_115.00_115.50_116.00_,1240_434_626_35_103_,113.50_113.00_112.50_112.00_111.50_,68_279_480_351_153_
09:10:24,114.00,1,293,114.00_114.50_115.00_115.50_116.00_,1239_434_626_35_103_,113.50_113.00_112.50_112.00_111.50_,67_279_480_351_153_
09:10:30,114.00,1,294,114.00_114.50_115.00_115.50_116.00_,1238_434_626_35_103_,113.50_113.00_112.50_112.00_111.50_,67_279_480_351_153_
09:10:35,114.00,1,294,114.00_114.50_115.00_115.50_116.00_,1243_434_626_35_103_,113.50_113.00_112.50_112.00_111.50_,68_279_480_348_153_
09:11:46,113.50,2,300,114.00_114.50_115.00_115.50_116.00_,1361_423_626_35_105_,113.50_113.00_112.50_112.00_111.50_,70_235_476_353_153_
09:13:24,114.00,1,322,114.00_114.50_115.00_115.50_116.00_,1361_422_628_34_455_,113.50_113.00_112.50_112.00_111.50_,55_229_491_354_153_
09:18:10,113.50,101,545,113.50_114.00_114.50_115.00_115.50_,23_1137_404_629_31_,113.00_112.50_112.00_111.50_111.00_,299_464_384_161_178_
09:18:47,114.00,1,600,114.00_114.50_115.00_115.50_116.00_,1054_439_629_31_938_,113.50_113.00_112.50_112.00_111.50_,43_237_509_335_157_
09:18:57,114.00,1,600,114.00_114.50_115.00_115.50_116.00_,1051_439_629_31_938_,113.50_113.00_112.50_112.00_111.50_,46_239_509_335_157_
09:19:02,114.00,1,601,114.00_114.50_115.00_115.50_116.00_,1036_439_629_31_938_,113.50_113.00_112.50_112.00_111.50_,52_238_503_335_157_
09:19:07,114.00,2,603,114.00_114.50_115.00_115.50_116.00_,1125_439_630_31_938_,113.50_113.00_112.50_112.00_111.50_,65_238_493_335_157_
09:19:12,114.00,2,603,114.00_114.50_115.00_115.50_116.00_,1125_439_631_31_938_,113.50_113.00_112.50_112.00_111.50_,68_240_491_335_157_
09:19:17,114.00,2,603,114.00_114.50_115.00_115.50_116.00_,1129_439_631_31_938_,113.50_113.00_112.50_112.00_111.50_,68_240_491_335_157_
09:20:50,114.00,1,610,114.00_114.50_115.00_115.50_116.00_,1122_438_631_35_946_,113.50_113.00_112.50_112.00_111.50_,97_231_488_335_157_
09:21:30,114.00,2,621,114.00_114.50_115.00_115.50_116.00_,1116_438_632_35_946_,113.50_113.00_112.50_112.00_111.50_,107_234_484_332_157_
09:21:51,114.00,3,630,114.00_114.50_115.00_115.50_116.00_,1108_438_632_35_946_,113.50_113.00_112.50_112.00_111.50_,130_242_481_333_157_
09:24:30,114.00,3,652,114.00_114.50_115.00_115.50_116.00_,1056_438_658_37_1036_,113.50_113.00_112.50_112.00_111.50_,158_241_474_333_157_
09:24:45,114.00,3,652,114.00_114.50_115.00_115.50_116.00_,1058_438_658_37_1036_,113.50_113.00_112.50_112.00_111.50_,158_246_474_333_157_
09:24:55,113.50,1,653,114.00_114.50_115.00_115.50_116.00_,1058_438_658_37_1036_,113.50_113.00_112.50_112.00_111.50_,157_246_474_333_157_
09:25:00,114.00,1,654,114.00_114.50_115.00_115.50_116.00_,1057_438_658_37_1036_,113.50_113.00_112.50_112.00_111.50_,152_254_466_333_157_
09:25:05,114.00,1,654,114.00_114.50_115.00_115.50_116.00_,1057_438_658_37_1036_,113.50_113.00_112.50_112.00_111.50_,152_246_474_333_157_
09:25:46,114.00,1,671,114.00_114.50_115.00_115.50_116.00_,1050_438_658_37_1037_,113.50_113.00_112.50_112.00_111.50_,142_264_467_334_157_
09:28:56,114.00,2,690,114.00_114.50_115.00_115.50_116.00_,1046_440_665_37_1037_,113.50_113.00_112.50_112.00_111.50_,138_256_471_335_157_
09:30:49,114.00,2,702,114.00_114.50_115.00_115.50_116.00_,1049_441_657_37_1037_,113.50_113.00_112.50_112.00_111.50_,153_258_472_334_157_
09:33:22,113.50,1,783,114.00_114.50_115.00_115.50_116.00_,1306_538_633_36_965_,113.50_113.00_112.50_112.00_111.50_,116_239_485_334_150_
09:33:48,113.50,1,783,114.00_114.50_115.00_115.50_116.00_,1306_538_633_36_965_,113.50_113.00_112.50_112.00_111.50_,96_240_484_334_150_
09:35:15,114.00,1,789,114.00_114.50_115.00_115.50_116.00_,1343_548_633_36_962_,113.50_113.00_112.50_112.00_111.50_,107_242_494_336_150_
09:35:20,114.00,1,789,114.00_114.50_115.00_115.50_116.00_,1343_548_633_36_962_,113.50_113.00_112.50_112.00_111.50_,107_242_495_336_150_
09:35:25,114.00,1,789,114.00_114.50_115.00_115.50_116.00_,1343_548_633_36_962_,113.50_113.00_112.50_112.00_111.50_,107_242_497_336_150_
09:35:30,114.00,1,790,114.00_114.50_115.00_115.50_116.00_,1342_548_633_36_962_,113.50_113.00_112.50_112.00_111.50_,107_242_497_336_150_
09:35:56,114.00,1,791,114.00_114.50_115.00_115.50_116.00_,1342_548_633_36_962_,113.50_113.00_112.50_112.00_111.50_,107_246_497_336_150_
09:36:47,114.00,1,793,114.00_114.50_115.00_115.50_116.00_,1344_549_633_37_962_,113.50_113.00_112.50_112.00_111.50_,108_246_498_336_150_
09:38:45,113.50,1,798,114.00_114.50_115.00_115.50_116.00_,1343_549_634_37_962_,113.50_113.00_112.50_112.00_111.50_,117_243_494_336_150_
09:38:50,113.50,1,798,114.00_114.50_115.00_115.50_116.00_,1343_549_634_37_962_,113.50_113.00_112.50_112.00_111.50_,113_247_491_336_150_
09:39:41,114.00,2,804,114.00_114.50_115.00_115.50_116.00_,1342_549_634_36_962_,113.50_113.00_112.50_112.00_111.50_,118_234_495_336_150_
09:40:28,114.00,3,810,114.00_114.50_115.00_115.50_116.00_,1336_549_634_36_962_,113.50_113.00_112.50_112.00_111.50_,122_230_494_336_150_
09:42:21,114.00,1,820,114.00_114.50_115.00_115.50_116.00_,1353_549_635_36_962_,113.50_113.00_112.50_112.00_111.50_,160_226_494_336_150_
09:42:46,114.00,1,822,114.00_114.50_115.00_115.50_116.00_,1351_549_635_36_962_,113.50_113.00_112.50_112.00_111.50_,169_226_494_336_150_
09:43:17,114.00,1,827,114.00_114.50_115.00_115.50_116.00_,1347_549_635_36_962_,113.50_113.00_112.50_112.00_111.50_,176_233_494_336_150_
09:45:45,113.50,4,849,114.00_114.50_115.00_115.50_116.00_,1337_550_636_36_963_,113.50_113.00_112.50_112.00_111.50_,198_236_490_335_150_
09:47:12,113.50,4,870,114.00_114.50_115.00_115.50_116.00_,1324_551_636_36_963_,113.50_113.00_112.50_112.00_111.50_,193_232_490_335_150_
09:47:17,113.50,5,875,114.00_114.50_115.00_115.50_116.00_,1324_551_636_36_963_,113.50_113.00_112.50_112.00_111.50_,189_233_490_335_150_
09:47:23,114.00,5,880,114.00_114.50_115.00_115.50_116.00_,1519_551_636_36_963_,113.50_113.00_112.50_112.00_111.50_,190_234_490_335_150_
09:47:28,114.00,5,880,114.00_114.50_115.00_115.50_116.00_,1519_551_636_36_963_,113.50_113.00_112.50_112.00_111.50_,181_230_494_335_150_
09:47:33,114.00,5,880,114.00_114.50_115.00_115.50_116.00_,1519_551_636_36_963_,113.50_113.00_112.50_112.00_111.50_,181_229_494_335_150_
09:47:43,114.00,1,881,114.00_114.50_115.00_115.50_116.00_,1519_551_636_36_965_,113.50_113.00_112.50_112.00_111.50_,182_229_494_335_150_
09:47:53,113.50,4,885,114.00_114.50_115.00_115.50_116.00_,1517_551_636_36_965_,113.50_113.00_112.50_112.00_111.50_,178_229_494_335_150_
09:50:07,114.00,1,930,114.00_114.50_115.00_115.50_116.00_,1502_550_638_36_964_,113.50_113.00_112.50_112.00_111.50_,184_224_495_336_150_
09:52:20,114.00,1,968,114.00_114.50_115.00_115.50_116.00_,1497_550_642_36_968_,113.50_113.00_112.50_112.00_111.50_,170_228_495_336_151_
09:52:41,113.50,50,1020,114.00_114.50_115.00_115.50_116.00_,1597_550_642_36_968_,113.50_113.00_112.50_112.00_111.50_,127_232_492_336_151_
09:53:01,114.00,10,1035,114.00_114.50_115.00_115.50_116.00_,1590_551_642_36_968_,113.50_113.00_112.50_112.00_111.50_,95_235_495_437_151_
09:53:32,114.00,1,1041,114.00_114.50_115.00_115.50_116.00_,1588_551_642_36_968_,113.50_113.00_112.50_112.00_111.50_,95_240_495_437_151_
09:54:49,113.50,2,1059,114.00_114.50_115.00_115.50_116.00_,1585_551_643_36_968_,113.50_113.00_112.50_112.00_111.50_,104_245_480_437_151_
09:56:01,114.00,5,1087,114.00_114.50_115.00_115.50_116.00_,1580_551_643_36_968_,113.50_113.00_112.50_112.00_111.50_,107_248_480_437_151_
09:57:17,113.50,2,1107,114.00_114.50_115.00_115.50_116.00_,1616_551_646_36_968_,113.50_113.00_112.50_112.00_111.50_,110_267_484_437_151_
09:58:34,114.00,3,1139,114.00_114.50_115.00_115.50_116.00_,1600_550_647_36_974_,113.50_113.00_112.50_112.00_111.50_,109_279_484_437_151_
09:58:50,114.00,1,1144,114.00_114.50_115.00_115.50_116.00_,1597_550_647_36_974_,113.50_113.00_112.50_112.00_111.50_,110_279_480_437_151_
09:58:55,114.00,1,1144,114.00_114.50_115.00_115.50_116.00_,1597_550_647_36_974_,113.50_113.00_112.50_112.00_111.50_,111_274_484_437_151_
09:59:00,114.00,1,1144,114.00_114.50_115.00_115.50_116.00_,1597_550_647_36_974_,113.50_113.00_112.50_112.00_111.50_,114_274_484_437_151_
09:59:05,113.50,2,1146,114.00_114.50_115.00_115.50_116.00_,1597_550_647_36_974_,113.50_113.00_112.50_112.00_111.50_,113_273_484_437_151_
09:59:10,114.00,1,1147,114.00_114.50_115.00_115.50_116.00_,1599_550_647_36_974_,113.50_113.00_112.50_112.00_111.50_,113_279_480_437_151_
09:59:15,114.00,1,1147,114.00_114.50_115.00_115.50_116.00_,1599_550_647_36_974_,113.50_113.00_112.50_112.00_111.50_,113_275_484_437_151_
09:59:20,113.50,5,1152,114.00_114.50_115.00_115.50_116.00_,1600_550_647_36_974_,113.50_113.00_112.50_112.00_111.50_,108_275_484_437_151_
09:59:26,114.00,3,1155,114.00_114.50_115.00_115.50_116.00_,1599_550_647_36_974_,113.50_113.00_112.50_112.00_111.50_,123_279_480_437_151_
09:59:31,114.00,3,1155,114.00_114.50_115.00_115.50_116.00_,1600_550_647_36_974_,113.50_113.00_112.50_112.00_111.50_,127_275_484_437_151_
09:59:36,114.00,3,1155,114.00_114.50_115.00_115.50_116.00_,1600_550_647_36_974_,113.50_113.00_112.50_112.00_111.50_,127_277_484_437_151_
09:59:41,114.00,1,1156,114.00_114.50_115.00_115.50_116.00_,1599_550_647_36_974_,113.50_113.00_112.50_112.00_111.50_,127_277_484_437_151_
09:59:46,114.00,1,1156,114.00_114.50_115.00_115.50_116.00_,1600_550_647_36_974_,113.50_113.00_112.50_112.00_111.50_,131_277_484_437_151_
10:00:22,114.00,1,1162,114.00_114.50_115.00_115.50_116.00_,1607_555_643_36_966_,113.50_113.00_112.50_112.00_111.50_,169_293_485_433_151_
10:00:37,114.00,2,1176,114.00_114.50_115.00_115.50_116.00_,1601_555_651_36_966_,113.50_113.00_112.50_112.00_111.50_,163_287_489_433_151_
10:03:42,113.50,25,1243,114.00_114.50_115.00_115.50_116.00_,1743_555_658_52_967_,113.50_113.00_112.50_112.00_111.50_,147_296_451_447_151_
10:03:52,114.00,10,1259,114.00_114.50_115.00_115.50_116.00_,1729_555_658_52_967_,113.50_113.00_112.50_112.00_111.50_,151_291_455_447_151_
10:03:57,114.00,2,1261,114.00_114.50_115.00_115.50_116.00_,1727_555_658_52_967_,113.50_113.00_112.50_112.00_111.50_,149_291_455_447_151_
10:04:02,114.00,5,1266,114.00_114.50_115.00_115.50_116.00_,1724_555_656_52_967_,113.50_113.00_112.50_112.00_111.50_,149_291_455_447_151_
10:04:08,114.00,1,1267,114.00_114.50_115.00_115.50_116.00_,1723_555_656_52_967_,113.50_113.00_112.50_112.00_111.50_,149_290_455_447_151_
10:04:13,114.00,12,1279,114.00_114.50_115.00_115.50_116.00_,1713_555_656_52_967_,113.50_113.00_112.50_112.00_111.50_,138_290_455_447_151_
10:07:02,113.50,6,1326,114.00_114.50_115.00_115.50_116.00_,1715_555_657_52_946_,113.50_113.00_112.50_112.00_111.50_,160_290_452_443_151_
10:07:12,113.50,2,1328,114.00_114.50_115.00_115.50_116.00_,1715_555_636_52_946_,113.50_113.00_112.50_112.00_111.50_,161_293_448_443_151_
10:07:17,113.50,1,1329,114.00_114.50_115.00_115.50_116.00_,1715_555_636_52_946_,113.50_113.00_112.50_112.00_111.50_,160_293_448_443_151_
10:07:22,113.50,1,1329,114.00_114.50_115.00_115.50_116.00_,1715_555_636_52_946_,113.50_113.00_112.50_112.00_111.50_,161_292_448_443_151_
10:09:46,113.50,2,1374,114.00_114.50_115.00_115.50_116.00_,1792_637_643_73_946_,113.50_113.00_112.50_112.00_111.50_,174_290_449_443_151_
10:09:56,113.50,2,1376,114.00_114.50_115.00_115.50_116.00_,1792_638_643_73_946_,113.50_113.00_112.50_112.00_111.50_,175_290_449_443_151_
10:10:42,113.50,4,1528,114.00_114.50_115.00_115.50_116.00_,1871_638_643_73_946_,113.50_113.00_112.50_112.00_111.50_,75_289_454_443_151_
10:11:54,113.50,2,1553,114.00_114.50_115.00_115.50_116.00_,1870_638_643_73_946_,113.50_113.00_112.50_112.00_111.50_,40_293_449_443_151_
10:13:57,113.50,2,1609,114.00_114.50_115.00_115.50_116.00_,1872_633_643_73_946_,113.50_113.00_112.50_112.00_111.50_,6_295_449_443_151_
10:14:02,113.50,1,1610,114.00_114.50_115.00_115.50_116.00_,1872_633_643_73_946_,113.50_113.00_112.50_112.00_111.50_,10_291_449_443_151_
10:14:07,113.50,1,1610,114.00_114.50_115.00_115.50_116.00_,1873_632_643_73_946_,113.50_113.00_112.50_112.00_111.50_,12_291_449_443_151_
10:14:12,113.50,1,1610,114.00_114.50_115.00_115.50_116.00_,1876_632_643_73_946_,113.50_113.00_112.50_112.00_111.50_,13_291_449_443_151_
10:14:17,113.50,2,1612,114.00_114.50_115.00_115.50_116.00_,1875_632_643_73_946_,113.50_113.00_112.50_112.00_111.50_,12_291_449_443_151_
10:14:22,113.50,2,1612,114.00_114.50_115.00_115.50_116.00_,1875_632_643_73_946_,113.50_113.00_112.50_112.00_111.50_,13_291_449_443_151_
10:14:27,114.00,2,1614,114.00_114.50_115.00_115.50_116.00_,1873_632_643_73_946_,113.50_113.00_112.50_112.00_111.50_,13_291_450_443_151_
10:14:33,114.00,2,1614,114.00_114.50_115.00_115.50_116.00_,1873_632_643_73_946_,113.50_113.00_112.50_112.00_111.50_,13_287_455_443_151_
10:17:37,113.00,2,1682,113.50_114.00_114.50_115.00_115.50_,72_1835_598_636_73_,113.00_112.50_112.00_111.50_111.00_,337_414_502_151_181_
10:21:33,113.00,2,1766,113.50_114.00_114.50_115.00_115.50_,180_1838_599_637_73_,113.00_112.50_112.00_111.50_111.00_,313_440_503_151_183_
10:21:43,113.50,2,1769,113.50_114.00_114.50_115.00_115.50_,182_1838_599_637_73_,113.00_112.50_112.00_111.50_111.00_,317_440_503_151_183_
10:21:48,113.50,2,1769,113.50_114.00_114.50_115.00_115.50_,184_1837_599_637_73_,113.00_112.50_112.00_111.50_111.00_,318_440_503_151_183_
10:21:59,113.50,2,1773,113.50_114.00_114.50_115.00_115.50_,182_1837_599_637_73_,113.00_112.50_112.00_111.50_111.00_,318_439_503_151_183_
10:22:04,113.50,2,1773,113.50_114.00_114.50_115.00_115.50_,182_1837_599_637_73_,113.00_112.50_112.00_111.50_111.00_,330_444_503_151_183_
10:22:09,113.50,2,1773,113.50_114.00_114.50_115.00_115.50_,185_1837_599_637_73_,113.00_112.50_112.00_111.50_111.00_,330_444_503_151_183_
10:22:14,113.00,1,1774,113.50_114.00_114.50_115.00_115.50_,184_1837_599_637_73_,113.00_112.50_112.00_111.50_111.00_,329_444_503_151_183_
10:22:19,113.00,7,1781,113.50_114.00_114.50_115.00_115.50_,184_1837_599_637_73_,113.00_112.50_112.00_111.50_111.00_,328_451_496_151_183_
10:22:24,113.50,2,1783,113.50_114.00_114.50_115.00_115.50_,182_1837_599_637_73_,113.00_112.50_112.00_111.50_111.00_,328_452_496_151_183_
10:24:27,113.50,1,1817,113.50_114.00_114.50_115.00_115.50_,167_1838_599_638_73_,113.00_112.50_112.00_111.50_111.00_,363_451_496_151_183_
10:24:32,113.00,7,1824,113.50_114.00_114.50_115.00_115.50_,167_1838_599_638_73_,113.00_112.50_112.00_111.50_111.00_,361_454_503_151_183_
10:24:37,113.50,4,1828,113.50_114.00_114.50_115.00_115.50_,163_1838_599_638_73_,113.00_112.50_112.00_111.50_111.00_,362_460_496_151_183_
10:24:42,113.50,1,1829,113.50_114.00_114.50_115.00_115.50_,162_1838_599_638_73_,113.00_112.50_112.00_111.50_111.00_,361_454_503_151_183_
10:24:47,113.50,25,1854,113.50_114.00_114.50_115.00_115.50_,137_1838_599_638_73_,113.00_112.50_112.00_111.50_111.00_,337_453_503_151_183_
10:25:34,113.50,2,1893,113.50_114.00_114.50_115.00_115.50_,99_1838_599_638_73_,113.00_112.50_112.00_111.50_111.00_,377_452_503_151_183_
10:25:39,113.00,5,1898,113.50_114.00_114.50_115.00_115.50_,99_1838_599_638_73_,113.00_112.50_112.00_111.50_111.00_,372_453_503_151_183_
10:25:44,113.50,1,1899,113.50_114.00_114.50_115.00_115.50_,98_1838_599_638_73_,113.00_112.50_112.00_111.50_111.00_,372_459_496_151_183_
10:25:49,113.50,3,1902,113.50_114.00_114.50_115.00_115.50_,101_1838_599_638_73_,113.00_112.50_112.00_111.50_111.00_,371_452_503_151_183_
10:28:58,113.50,1,1969,113.50_114.00_114.50_115.00_115.50_,170_1841_599_639_73_,113.00_112.50_112.00_111.50_111.00_,366_439_517_152_183_
10:29:03,113.50,5,1974,113.50_114.00_114.50_115.00_115.50_,165_1841_599_639_73_,113.00_112.50_112.00_111.50_111.00_,365_436_517_151_183_
10:29:09,113.50,1,1975,113.50_114.00_114.50_115.00_115.50_,164_1842_599_639_73_,113.00_112.50_112.00_111.50_111.00_,364_437_517_151_183_
10:29:14,113.00,2,1977,113.50_114.00_114.50_115.00_115.50_,164_1842_599_639_73_,113.00_112.50_112.00_111.50_111.00_,363_436_517_151_183_
10:29:19,113.00,2,1977,113.50_114.00_114.50_115.00_115.50_,226_1842_599_639_73_,113.00_112.50_112.00_111.50_111.00_,363_437_517_151_183_
10:30:31,113.50,1,2001,113.50_114.00_114.50_115.00_115.50_,228_1842_594_629_73_,113.00_112.50_112.00_111.50_111.00_,368_433_525_152_183_
10:31:01,113.00,2,2006,113.50_114.00_114.50_115.00_115.50_,230_1842_594_629_73_,113.00_112.50_112.00_111.50_111.00_,363_440_518_152_183_
10:31:06,113.00,5,2011,113.50_114.00_114.50_115.00_115.50_,230_1842_594_629_73_,113.00_112.50_112.00_111.50_111.00_,360_439_518_152_183_
10:31:12,113.50,1,2012,113.50_114.00_114.50_115.00_115.50_,249_1842_594_629_73_,113.00_112.50_112.00_111.50_111.00_,361_439_518_152_183_
10:31:17,113.50,1,2012,113.50_114.00_114.50_115.00_115.50_,249_1842_594_629_73_,113.00_112.50_112.00_111.50_111.00_,361_432_525_152_183_
10:31:22,113.00,2,2014,113.50_114.00_114.50_115.00_115.50_,249_1842_594_629_73_,113.00_112.50_112.00_111.50_111.00_,359_432_525_152_183_
10:31:32,113.50,3,2017,113.50_114.00_114.50_115.00_115.50_,247_1842_594_629_73_,113.00_112.50_112.00_111.50_111.00_,361_439_518_152_183_
10:31:58,113.50,1,2021,113.50_114.00_114.50_115.00_115.50_,348_1842_594_629_73_,113.00_112.50_112.00_111.50_111.00_,358_443_518_152_183_
10:32:08,113.00,3,2030,113.50_114.00_114.50_115.00_115.50_,341_1842_594_629_73_,113.00_112.50_112.00_111.50_111.00_,363_439_518_152_183_
10:32:13,113.00,5,2035,113.50_114.00_114.50_115.00_115.50_,342_1843_594_629_73_,113.00_112.50_112.00_111.50_111.00_,358_438_518_152_183_
10:32:18,113.50,3,2038,113.50_114.00_114.50_115.00_115.50_,340_1843_594_629_73_,113.00_112.50_112.00_111.50_111.00_,358_428_518_152_183_
10:32:23,113.50,3,2038,113.50_114.00_114.50_115.00_115.50_,340_1843_594_629_73_,113.00_112.50_112.00_111.50_111.00_,358_421_525_152_183_
10:32:34,113.50,3,2043,113.50_114.00_114.50_115.00_115.50_,498_1822_594_629_73_,113.00_112.50_112.00_111.50_111.00_,352_428_518_152_183_
10:33:56,113.00,2,2068,113.50_114.00_114.50_115.00_115.50_,514_1818_594_579_73_,113.00_112.50_112.00_111.50_111.00_,362_430_518_152_183_
10:34:01,113.00,2,2068,113.50_114.00_114.50_115.00_115.50_,514_1818_594_579_73_,113.00_112.50_112.00_111.50_111.00_,363_430_518_152_183_
10:34:16,113.00,2,2070,113.50_114.00_114.50_115.00_115.50_,514_1824_594_579_73_,113.00_112.50_112.00_111.50_111.00_,356_430_518_152_183_
10:34:21,113.00,5,2075,113.50_114.00_114.50_115.00_115.50_,515_1823_594_579_73_,113.00_112.50_112.00_111.50_111.00_,353_429_518_152_183_
10:36:50,113.50,3,2149,113.50_114.00_114.50_115.00_115.50_,771_1837_493_579_73_,113.00_112.50_112.00_111.50_111.00_,351_439_527_152_184_
10:37:51,113.50,1,2169,113.50_114.00_114.50_115.00_115.50_,963_1838_493_379_73_,113.00_112.50_112.00_111.50_111.00_,453_464_523_152_184_
10:38:43,113.50,3,2180,113.50_114.00_114.50_115.00_115.50_,958_1838_473_379_73_,113.00_112.50_112.00_111.50_111.00_,454_466_521_152_184_
10:38:48,113.00,6,2186,113.50_114.00_114.50_115.00_115.50_,957_1838_453_379_73_,113.00_112.50_112.00_111.50_111.00_,449_466_521_152_184_
10:39:18,113.50,1,2201,113.50_114.00_114.50_115.00_115.50_,944_1838_452_379_73_,113.00_112.50_112.00_111.50_111.00_,447_465_522_152_184_
10:41:11,113.50,3,2358,113.50_114.00_114.50_115.00_115.50_,795_1843_452_392_73_,113.00_112.50_112.00_111.50_111.00_,392_459_522_152_202_
10:41:42,113.50,3,2376,113.50_114.00_114.50_115.00_115.50_,824_1843_452_389_73_,113.00_112.50_112.00_111.50_111.00_,393_458_522_152_202_
10:41:47,113.50,2,2378,113.50_114.00_114.50_115.00_115.50_,822_1843_452_389_73_,113.00_112.50_112.00_111.50_111.00_,394_458_521_152_202_
10:42:08,113.50,2,2389,113.50_114.00_114.50_115.00_115.50_,818_1843_452_389_73_,113.00_112.50_112.00_111.50_111.00_,389_459_521_152_202_
10:45:28,113.50,1,2466,113.50_114.00_114.50_115.00_115.50_,805_1845_452_381_74_,113.00_112.50_112.00_111.50_111.00_,407_460_513_152_206_
10:47:41,113.50,152,3413,114.00_114.50_115.00_115.50_116.00_,1929_490_394_75_1023_,113.50_113.00_112.50_112.00_111.50_,110_305_438_474_152_
10:49:34,114.00,2,3443,114.00_114.50_115.00_115.50_116.00_,1933_486_394_75_1012_,113.50_113.00_112.50_112.00_111.50_,191_341_422_474_152_
10:49:39,114.00,1,3444,114.00_114.50_115.00_115.50_116.00_,1932_486_394_75_1012_,113.50_113.00_112.50_112.00_111.50_,190_334_429_474_152_
10:49:44,113.50,5,3449,114.00_114.50_115.00_115.50_116.00_,1932_486_394_75_1012_,113.50_113.00_112.50_112.00_111.50_,203_333_427_473_152_
10:49:49,114.00,1,3450,114.00_114.50_115.00_115.50_116.00_,1931_486_394_75_1012_,113.50_113.00_112.50_112.00_111.50_,203_340_420_473_152_
10:49:54,113.50,2,3452,114.00_114.50_115.00_115.50_116.00_,1931_486_394_75_1012_,113.50_113.00_112.50_112.00_111.50_,246_333_427_473_152_
10:50:00,114.00,1,3453,114.00_114.50_115.00_115.50_116.00_,1930_486_394_75_1012_,113.50_113.00_112.50_112.00_111.50_,268_331_415_471_152_
10:50:05,114.00,2,3455,114.00_114.50_115.00_115.50_116.00_,1928_486_394_75_1012_,113.50_113.00_112.50_112.00_111.50_,268_324_412_471_152_
10:50:20,113.50,2,3457,114.00_114.50_115.00_115.50_116.00_,1928_486_394_75_1012_,113.50_113.00_112.50_112.00_111.50_,268_330_405_471_152_
10:52:08,113.50,1,3488,114.00_114.50_115.00_115.50_116.00_,1923_486_396_75_1012_,113.50_113.00_112.50_112.00_111.50_,232_332_405_474_152_
10:52:28,113.50,2,3490,114.00_114.50_115.00_115.50_116.00_,1921_486_396_75_1014_,113.50_113.00_112.50_112.00_111.50_,239_332_405_474_152_
10:52:38,113.50,2,3490,114.00_114.50_115.00_115.50_116.00_,1924_486_396_75_1014_,113.50_113.00_112.50_112.00_111.50_,241_332_405_474_152_
10:53:19,114.00,2,3508,114.00_114.50_115.00_115.50_116.00_,1918_486_396_75_1014_,113.50_113.00_112.50_112.00_111.50_,287_311_412_473_152_
10:53:25,113.50,1,3509,114.00_114.50_115.00_115.50_116.00_,1918_486_396_75_1014_,113.50_113.00_112.50_112.00_111.50_,286_313_412_473_152_
10:53:30,113.50,2,3511,114.00_114.50_115.00_115.50_116.00_,1918_486_396_75_1014_,113.50_113.00_112.50_112.00_111.50_,284_320_405_473_152_
10:53:35,114.00,1,3512,114.00_114.50_115.00_115.50_116.00_,1917_486_396_75_1014_,113.50_113.00_112.50_112.00_111.50_,284_320_405_473_152_
10:53:40,114.00,1,3512,114.00_114.50_115.00_115.50_116.00_,1917_486_396_75_1014_,113.50_113.00_112.50_112.00_111.50_,284_313_412_473_152_
10:56:39,113.50,1,3564,114.00_114.50_115.00_115.50_116.00_,1915_486_396_76_1014_,113.50_113.00_112.50_112.00_111.50_,246_318_414_473_152_
10:56:44,113.50,2,3566,114.00_114.50_115.00_115.50_116.00_,1915_486_396_76_1014_,113.50_113.00_112.50_112.00_111.50_,244_325_407_473_152_
10:57:15,114.00,3,3574,114.00_114.50_115.00_115.50_116.00_,1914_486_396_76_1014_,113.50_113.00_112.50_112.00_111.50_,242_318_414_473_152_
10:57:51,113.50,2,3588,114.00_114.50_115.00_115.50_116.00_,1910_486_396_76_1014_,113.50_113.00_112.50_112.00_111.50_,230_318_414_473_152_
11:01:11,113.50,4,3649,114.00_114.50_115.00_115.50_116.00_,1904_520_396_76_1014_,113.50_113.00_112.50_112.00_111.50_,217_342_406_473_152_
11:01:26,113.50,2,3651,114.00_114.50_115.00_115.50_116.00_,1904_510_396_76_1014_,113.50_113.00_112.50_112.00_111.50_,217_343_406_473_152_
11:03:19,113.50,2,3684,114.00_114.50_115.00_115.50_116.00_,1912_510_396_76_1014_,113.50_113.00_112.50_112.00_111.50_,212_345_405_473_152_
11:05:42,113.50,2,3724,114.00_114.50_115.00_115.50_116.00_,1946_508_394_76_1015_,113.50_113.00_112.50_112.00_111.50_,189_340_406_473_152_
11:06:13,113.50,2,3739,114.00_114.50_115.00_115.50_116.00_,1845_508_394_76_1015_,113.50_113.00_112.50_112.00_111.50_,191_339_405_473_152_
11:06:34,113.50,12,3856,114.00_114.50_115.00_115.50_116.00_,1844_508_394_76_1015_,113.50_113.00_112.50_112.00_111.50_,69_329_412_473_152_
11:06:39,113.50,12,3856,114.00_114.50_115.00_115.50_116.00_,1844_508_394_76_1015_,113.50_113.00_112.50_112.00_111.50_,68_337_406_473_152_
11:06:54,113.50,2,3858,114.00_114.50_115.00_115.50_116.00_,1844_508_394_76_1015_,113.50_113.00_112.50_112.00_111.50_,66_337_406_473_152_
11:07:50,113.50,50,3926,114.00_114.50_115.00_115.50_116.00_,1848_508_394_76_1015_,113.50_113.00_112.50_112.00_111.50_,2_336_411_473_152_
11:08:21,113.00,7,3956,113.50_114.00_114.50_115.00_115.50_,81_1780_473_394_76_,113.00_112.50_112.00_111.50_111.00_,360_382_512_152_207_
11:08:26,113.50,3,3959,113.50_114.00_114.50_115.00_115.50_,85_1780_473_394_76_,113.00_112.50_112.00_111.50_111.00_,360_392_521_152_207_
11:08:31,113.50,1,3960,113.50_114.00_114.50_115.00_115.50_,87_1780_473_394_76_,113.00_112.50_112.00_111.50_111.00_,360_392_521_152_207_
11:08:42,113.50,1,3961,113.50_114.00_114.50_115.00_115.50_,88_1779_473_394_76_,113.00_112.50_112.00_111.50_111.00_,361_392_521_152_207_
11:08:47,113.00,2,3963,113.50_114.00_114.50_115.00_115.50_,108_1779_473_394_76_,113.00_112.50_112.00_111.50_111.00_,359_392_521_152_207_
11:09:02,113.00,1,3966,113.50_114.00_114.50_115.00_115.50_,109_1777_473_390_76_,113.00_112.50_112.00_111.50_111.00_,322_397_521_152_207_
11:09:07,113.00,3,3969,113.50_114.00_114.50_115.00_115.50_,109_1777_473_390_76_,113.00_112.50_112.00_111.50_111.00_,319_397_521_152_207_
11:09:33,113.00,2,3971,113.50_114.00_114.50_115.00_115.50_,111_1777_473_390_76_,113.00_112.50_112.00_111.50_111.00_,317_397_521_152_207_
11:09:43,113.00,1,3972,113.50_114.00_114.50_115.00_115.50_,111_1777_473_390_76_,113.00_112.50_112.00_111.50_111.00_,317_397_521_152_207_
11:09:49,113.00,2,3974,113.50_114.00_114.50_115.00_115.50_,111_1777_473_390_76_,113.00_112.50_112.00_111.50_111.00_,316_398_521_152_207_
11:11:00,113.00,1,3983,113.50_114.00_114.50_115.00_115.50_,114_1776_473_390_76_,113.00_112.50_112.00_111.50_111.00_,328_398_521_152_207_
11:11:36,113.50,3,3997,113.50_114.00_114.50_115.00_115.50_,103_1776_473_390_76_,113.00_112.50_112.00_111.50_111.00_,320_398_521_152_207_
11:12:17,113.50,3,4006,113.50_114.00_114.50_115.00_115.50_,105_1777_473_390_76_,113.00_112.50_112.00_111.50_111.00_,315_400_521_152_207_
11:12:22,113.50,4,4010,113.50_114.00_114.50_115.00_115.50_,81_1777_473_390_76_,113.00_112.50_112.00_111.50_111.00_,312_401_521_152_207_
11:12:28,113.50,4,4010,113.50_114.00_114.50_115.00_115.50_,80_1777_473_394_76_,113.00_112.50_112.00_111.50_111.00_,313_401_521_152_207_
11:12:33,113.50,1,4011,113.50_114.00_114.50_115.00_115.50_,79_1777_473_394_76_,113.00_112.50_112.00_111.50_111.00_,313_401_521_152_207_
11:13:14,113.50,1,4018,113.50_114.00_114.50_115.00_115.50_,80_1777_473_394_76_,113.00_112.50_112.00_111.50_111.00_,311_419_521_152_207_
11:13:49,113.00,3,4028,113.50_114.00_114.50_115.00_115.50_,87_1777_473_394_76_,113.00_112.50_112.00_111.50_111.00_,301_420_521_152_207_
11:13:54,113.50,4,4032,113.50_114.00_114.50_115.00_115.50_,83_1777_473_394_76_,113.00_112.50_112.00_111.50_111.00_,299_419_521_152_207_
11:15:11,113.50,2,4058,113.50_114.00_114.50_115.00_115.50_,96_1777_473_394_76_,113.00_112.50_112.00_111.50_111.00_,286_426_522_152_207_
11:16:59,113.50,1,4083,113.50_114.00_114.50_115.00_115.50_,185_1776_473_390_76_,113.00_112.50_112.00_111.50_111.00_,241_428_525_152_207_
11:18:57,113.50,2,4108,113.50_114.00_114.50_115.00_115.50_,177_1777_473_390_76_,113.00_112.50_112.00_111.50_111.00_,203_469_525_152_207_
11:19:18,113.00,3,4113,113.50_114.00_114.50_115.00_115.50_,175_1777_473_390_76_,113.00_112.50_112.00_111.50_111.00_,226_469_525_152_207_
11:21:31,113.50,2,4155,113.50_114.00_114.50_115.00_115.50_,163_1777_473_390_76_,113.00_112.50_112.00_111.50_111.00_,264_479_527_152_207_
11:25:21,113.50,1,4229,113.50_114.00_114.50_115.00_115.50_,297_1777_473_390_76_,113.00_112.50_112.00_111.50_111.00_,250_488_527_152_207_
11:25:32,113.50,22,4253,113.50_114.00_114.50_115.00_115.50_,275_1777_473_390_76_,113.00_112.50_112.00_111.50_111.00_,251_487_527_152_207_
11:25:42,113.50,6,4259,113.50_114.00_114.50_115.00_115.50_,269_1777_473_390_76_,113.00_112.50_112.00_111.50_111.00_,251_488_527_152_207_
11:25:47,113.00,2,4261,113.50_114.00_114.50_115.00_115.50_,264_1777_473_390_76_,113.00_112.50_112.00_111.50_111.00_,251_488_527_152_207_
11:26:28,113.00,2,4277,113.50_114.00_114.50_115.00_115.50_,262_1774_473_390_76_,113.00_112.50_112.00_111.50_111.00_,248_503_527_152_207_
11:26:33,113.00,1,4278,113.50_114.00_114.50_115.00_115.50_,262_1774_473_390_76_,113.00_112.50_112.00_111.50_111.00_,247_504_527_152_207_
11:26:43,113.50,1,4281,113.50_114.00_114.50_115.00_115.50_,260_1774_473_390_76_,113.00_112.50_112.00_111.50_111.00_,247_508_527_152_207_
11:27:30,113.50,1,4297,113.50_114.00_114.50_115.00_115.50_,255_1774_473_390_76_,113.00_112.50_112.00_111.50_111.00_,317_514_527_152_207_
11:29:53,113.50,2,4340,113.50_114.00_114.50_115.00_115.50_,263_1774_473_390_76_,113.00_112.50_112.00_111.50_111.00_,317_510_519_152_207_
11:30:34,113.50,2,4354,113.50_114.00_114.50_115.00_115.50_,264_1773_473_389_76_,113.00_112.50_112.00_111.50_111.00_,309_507_528_152_207_
11:31:36,113.00,2,4369,113.50_114.00_114.50_115.00_115.50_,263_1783_473_389_76_,113.00_112.50_112.00_111.50_111.00_,301_512_528_152_207_
11:31:46,113.50,1,4370,113.50_114.00_114.50_115.00_115.50_,267_1783_473_389_76_,113.00_112.50_112.00_111.50_111.00_,301_512_528_152_207_
11:31:51,113.50,1,4370,113.50_114.00_114.50_115.00_115.50_,267_1783_473_389_76_,113.00_112.50_112.00_111.50_111.00_,301_513_528_152_207_
11:32:58,113.50,6,4397,113.50_114.00_114.50_115.00_115.50_,476_1481_473_380_76_,113.00_112.50_112.00_111.50_111.00_,307_512_528_152_207_
11:35:16,113.50,2,4450,113.50_114.00_114.50_115.00_115.50_,473_1482_473_381_76_,113.00_112.50_112.00_111.50_111.00_,343_510_529_152_207_
11:36:02,113.00,2,4465,113.50_114.00_114.50_115.00_115.50_,542_1482_473_381_76_,113.00_112.50_112.00_111.50_111.00_,336_513_528_152_207_
11:37:08,113.50,6,4485,113.50_114.00_114.50_115.00_115.50_,537_1480_473_381_76_,113.00_112.50_112.00_111.50_111.00_,320_514_528_152_207_
11:38:10,113.00,2,4501,113.50_114.00_114.50_115.00_115.50_,532_1480_473_381_76_,113.00_112.50_112.00_111.50_111.00_,340_525_529_152_207_
11:38:25,113.50,3,4514,113.50_114.00_114.50_115.00_115.50_,522_1480_473_381_76_,113.00_112.50_112.00_111.50_111.00_,340_522_529_152_207_
11:42:21,113.00,7,4582,113.50_114.00_114.50_115.00_115.50_,677_1479_473_381_76_,113.00_112.50_112.00_111.50_111.00_,348_503_528_152_208_
11:42:31,113.00,2,4584,113.50_114.00_114.50_115.00_115.50_,677_1479_473_381_76_,113.00_112.50_112.00_111.50_111.00_,346_503_528_152_208_
11:42:36,113.00,2,4584,113.50_114.00_114.50_115.00_115.50_,877_1479_273_381_76_,113.00_112.50_112.00_111.50_111.00_,347_503_528_152_208_
11:42:42,113.00,2,4586,113.50_114.00_114.50_115.00_115.50_,882_1479_270_381_76_,113.00_112.50_112.00_111.50_111.00_,336_503_528_161_208_
11:46:01,113.00,1,4649,113.50_114.00_114.50_115.00_115.50_,882_1480_274_381_76_,113.00_112.50_112.00_111.50_111.00_,302_509_528_161_211_
11:46:06,113.50,11,4660,113.50_114.00_114.50_115.00_115.50_,873_1480_274_381_76_,113.00_112.50_112.00_111.50_111.00_,302_498_528_161_211_
11:46:12,113.00,2,4662,113.50_114.00_114.50_115.00_115.50_,874_1479_274_381_76_,113.00_112.50_112.00_111.50_111.00_,300_501_528_161_211_
11:46:17,113.00,2,4662,113.50_114.00_114.50_115.00_115.50_,874_1479_274_381_76_,113.00_112.50_112.00_111.50_111.00_,300_501_529_161_211_
11:46:27,113.00,3,4665,113.50_114.00_114.50_115.00_115.50_,974_1378_274_381_76_,113.00_112.50_112.00_111.50_111.00_,297_501_529_161_211_
11:48:14,113.00,5,4764,113.50_114.00_114.50_115.00_115.50_,957_1375_239_380_76_,113.00_112.50_112.00_111.50_111.00_,201_508_531_161_211_
11:48:25,113.50,1,4765,113.50_114.00_114.50_115.00_115.50_,956_1375_239_380_76_,113.00_112.50_112.00_111.50_111.00_,202_507_533_161_211_
11:48:30,113.50,1,4765,113.50_114.00_114.50_115.00_115.50_,958_1375_239_380_76_,113.00_112.50_112.00_111.50_111.00_,200_507_533_161_211_
11:48:45,113.00,2,4773,113.50_114.00_114.50_115.00_115.50_,958_1375_239_380_76_,113.00_112.50_112.00_111.50_111.00_,188_511_531_161_211_
11:48:50,113.00,7,4780,113.50_114.00_114.50_115.00_115.50_,958_1375_239_380_76_,113.00_112.50_112.00_111.50_111.00_,181_511_531_161_211_
11:50:48,112.50,2,4969,113.00_113.50_114.00_114.50_115.00_,35_937_1357_175_373_,112.50_112.00_111.50_111.00_110.50_,657_491_200_226_19_
11:52:16,112.50,2,4992,113.00_113.50_114.00_114.50_115.00_,66_809_1360_175_373_,112.50_112.00_111.50_111.00_110.50_,668_484_211_226_19_
11:52:46,112.50,1,4996,113.00_113.50_114.00_114.50_115.00_,66_809_1360_175_373_,112.50_112.00_111.50_111.00_110.50_,673_491_209_227_19_
11:53:32,113.00,1,5014,113.00_113.50_114.00_114.50_115.00_,64_818_1351_175_372_,112.50_112.00_111.50_111.00_110.50_,660_493_212_230_19_
11:56:01,113.00,1,5049,113.00_113.50_114.00_114.50_115.00_,60_939_1265_175_372_,112.50_112.00_111.50_111.00_110.50_,636_516_206_220_19_
11:57:44,112.50,2,5090,113.00_113.50_114.00_114.50_115.00_,63_943_1268_175_372_,112.50_112.00_111.50_111.00_110.50_,631_512_204_220_19_
11:57:49,113.00,1,5091,113.00_113.50_114.00_114.50_115.00_,63_943_1268_175_372_,112.50_112.00_111.50_111.00_110.50_,631_512_204_220_19_
11:58:04,112.50,3,5099,113.00_113.50_114.00_114.50_115.00_,108_943_1268_175_372_,112.50_112.00_111.50_111.00_110.50_,624_516_202_220_19_
11:59:57,112.50,2,5123,113.00_113.50_114.00_114.50_115.00_,106_939_1270_174_372_,112.50_112.00_111.50_111.00_110.50_,607_519_206_220_19_
12:00:02,112.50,2,5123,113.00_113.50_114.00_114.50_115.00_,106_939_1270_174_372_,112.50_112.00_111.50_111.00_110.50_,630_519_206_220_19_
12:00:12,112.50,2,5125,113.00_113.50_114.00_114.50_115.00_,106_940_1270_174_371_,112.50_112.00_111.50_111.00_110.50_,629_519_206_220_19_
12:00:38,112.50,2,5129,113.00_113.50_114.00_114.50_115.00_,106_939_1271_174_371_,112.50_112.00_111.50_111.00_110.50_,628_519_206_220_19_
12:01:09,112.50,4,5139,113.00_113.50_114.00_114.50_115.00_,96_939_1271_174_371_,112.50_112.00_111.50_111.00_110.50_,622_531_203_221_19_
12:01:14,113.00,1,5140,113.00_113.50_114.00_114.50_115.00_,95_939_1271_174_371_,112.50_112.00_111.50_111.00_110.50_,623_531_204_221_19_
12:01:19,112.50,2,5142,113.00_113.50_114.00_114.50_115.00_,95_949_1261_174_371_,112.50_112.00_111.50_111.00_110.50_,621_527_207_222_19_
12:01:24,113.00,3,5145,113.00_113.50_114.00_114.50_115.00_,92_939_1271_174_371_,112.50_112.00_111.50_111.00_110.50_,621_531_204_221_19_
12:02:15,113.00,1,5160,113.00_113.50_114.00_114.50_115.00_,83_951_1261_175_371_,112.50_112.00_111.50_111.00_110.50_,624_532_209_221_19_
12:02:21,113.00,1,5160,113.00_113.50_114.00_114.50_115.00_,83_951_1261_175_371_,112.50_112.00_111.50_111.00_110.50_,624_532_209_222_19_
12:02:26,113.00,2,5162,113.00_113.50_114.00_114.50_115.00_,83_951_1261_175_371_,112.50_112.00_111.50_111.00_110.50_,624_532_209_222_19_
12:02:31,113.00,2,5162,113.00_113.50_114.00_114.50_115.00_,83_951_1261_175_371_,112.50_112.00_111.50_111.00_110.50_,624_532_213_222_19_
12:02:41,112.50,4,5166,113.00_113.50_114.00_114.50_115.00_,84_954_1261_175_371_,112.50_112.00_111.50_111.00_110.50_,621_531_213_222_19_
12:02:46,113.00,34,5200,113.00_113.50_114.00_114.50_115.00_,52_944_1271_175_370_,112.50_112.00_111.50_111.00_110.50_,611_518_202_222_19_
12:02:51,113.00,1,5201,113.00_113.50_114.00_114.50_115.00_,51_954_1261_175_370_,112.50_112.00_111.50_111.00_110.50_,612_514_205_222_19_
12:04:13,112.50,5,5223,113.00_113.50_114.00_114.50_115.00_,24_954_1262_175_370_,112.50_112.00_111.50_111.00_110.50_,637_516_206_223_19_
12:05:30,112.50,2,5263,113.00_113.50_114.00_114.50_115.00_,104_944_1170_174_369_,112.50_112.00_111.50_111.00_110.50_,638_522_208_223_19_
12:07:23,112.50,5,5309,113.00_113.50_114.00_114.50_115.00_,137_944_1164_160_369_,112.50_112.00_111.50_111.00_110.50_,662_526_195_208_19_
12:07:28,112.50,2,5311,113.00_113.50_114.00_114.50_115.00_,136_944_1164_160_369_,112.50_112.00_111.50_111.00_110.50_,660_527_195_208_19_
12:07:33,112.50,1,5312,113.00_113.50_114.00_114.50_115.00_,137_944_1164_160_369_,112.50_112.00_111.50_111.00_110.50_,660_527_196_208_19_
12:07:38,112.50,1,5312,113.00_113.50_114.00_114.50_115.00_,137_944_1164_160_369_,112.50_112.00_111.50_111.00_110.50_,661_527_196_208_19_
12:10:38,113.00,1,5369,113.00_113.50_114.00_114.50_115.00_,123_944_1166_160_367_,112.50_112.00_111.50_111.00_110.50_,658_543_196_209_19_
12:11:49,112.50,7,5395,113.00_113.50_114.00_114.50_115.00_,86_959_1156_160_367_,112.50_112.00_111.50_111.00_110.50_,644_538_203_209_19_
12:11:55,113.00,45,5440,113.00_113.50_114.00_114.50_115.00_,42_949_1166_160_367_,112.50_112.00_111.50_111.00_110.50_,625_525_196_209_19_
12:14:33,113.00,1,5505,113.00_113.50_114.00_114.50_115.00_,18_938_1182_161_367_,112.50_112.00_111.50_111.00_110.50_,636_572_174_210_19_
12:14:38,113.00,4,5509,113.00_113.50_114.00_114.50_115.00_,14_938_1182_161_367_,112.50_112.00_111.50_111.00_110.50_,636_572_174_210_19_
12:16:00,113.00,1,5553,113.00_113.50_114.00_114.50_115.00_,37_939_1183_161_367_,112.50_112.00_111.50_111.00_110.50_,642_567_177_208_19_
12:16:05,113.00,1,5554,113.00_113.50_114.00_114.50_115.00_,36_939_1183_161_367_,112.50_112.00_111.50_111.00_110.50_,642_567_177_208_19_
12:16:10,112.50,2,5556,113.00_113.50_114.00_114.50_115.00_,36_939_1183_161_367_,112.50_112.00_111.50_111.00_110.50_,641_567_177_208_19_
12:16:16,113.00,1,5557,113.00_113.50_114.00_114.50_115.00_,35_929_1193_161_367_,112.50_112.00_111.50_111.00_110.50_,641_570_174_208_19_
12:16:21,113.00,3,5560,113.00_113.50_114.00_114.50_115.00_,32_939_1183_161_367_,112.50_112.00_111.50_111.00_110.50_,641_566_177_208_19_
12:17:27,113.50,1,5619,113.50_114.00_114.50_115.00_115.50_,920_1169_188_367_60_,113.00_112.50_112.00_111.50_111.00_,249_508_513_156_208_
12:17:37,113.00,2,5622,113.50_114.00_114.50_115.00_115.50_,918_1169_188_367_60_,113.00_112.50_112.00_111.50_111.00_,267_495_513_156_208_
12:18:13,113.00,4,5630,113.50_114.00_114.50_115.00_115.50_,1001_1169_177_367_60_,113.00_112.50_112.00_111.50_111.00_,272_478_508_156_208_
12:18:29,113.00,1,5639,113.50_114.00_114.50_115.00_115.50_,1003_1169_177_367_60_,113.00_112.50_112.00_111.50_111.00_,263_484_508_156_208_
12:18:44,113.00,2,5642,113.50_114.00_114.50_115.00_115.50_,1102_1170_177_367_60_,113.00_112.50_112.00_111.50_111.00_,277_479_508_156_208_
12:18:49,113.50,1,5643,113.50_114.00_114.50_115.00_115.50_,1101_1170_177_367_60_,113.00_112.50_112.00_111.50_111.00_,267_479_509_156_208_
12:18:55,113.50,1,5643,113.50_114.00_114.50_115.00_115.50_,1098_1170_177_367_60_,113.00_112.50_112.00_111.50_111.00_,268_479_509_156_208_
12:19:05,113.00,2,5646,113.50_114.00_114.50_115.00_115.50_,1100_1170_177_367_60_,113.00_112.50_112.00_111.50_111.00_,266_479_510_156_208_
12:21:23,113.00,1,5684,113.50_114.00_114.50_115.00_115.50_,1095_1171_177_367_60_,113.00_112.50_112.00_111.50_111.00_,276_473_509_156_208_
12:21:54,113.00,7,5691,113.50_114.00_114.50_115.00_115.50_,1096_1171_177_367_60_,113.00_112.50_112.00_111.50_111.00_,253_472_509_156_208_
12:22:30,113.00,2,5698,113.50_114.00_114.50_115.00_115.50_,1092_1171_177_367_60_,113.00_112.50_112.00_111.50_111.00_,246_474_509_154_208_
12:23:01,113.50,12,5722,113.50_114.00_114.50_115.00_115.50_,1090_1171_177_366_59_,113.00_112.50_112.00_111.50_111.00_,243_472_509_154_208_
12:23:16,113.00,1,5725,113.50_114.00_114.50_115.00_115.50_,1095_1171_177_366_59_,113.00_112.50_112.00_111.50_111.00_,244_472_509_154_208_
12:27:27,113.00,7,5801,113.50_114.00_114.50_115.00_115.50_,1073_1194_177_366_59_,113.00_112.50_112.00_111.50_111.00_,220_495_511_154_208_
12:27:47,113.00,2,5803,113.50_114.00_114.50_115.00_115.50_,1074_1193_177_366_59_,113.00_112.50_112.00_111.50_111.00_,246_495_511_155_208_
12:28:49,113.50,1,5818,113.50_114.00_114.50_115.00_115.50_,1067_1192_177_366_59_,113.00_112.50_112.00_111.50_111.00_,234_494_510_154_208_
12:29:45,113.00,2,5839,113.50_114.00_114.50_115.00_115.50_,1068_1173_177_366_59_,113.00_112.50_112.00_111.50_111.00_,235_497_511_154_208_
12:31:43,113.00,1,5880,113.50_114.00_114.50_115.00_115.50_,1046_1174_177_366_59_,113.00_112.50_112.00_111.50_111.00_,215_488_511_154_208_
12:33:51,113.00,5,5945,113.50_114.00_114.50_115.00_115.50_,1008_837_177_365_59_,113.00_112.50_112.00_111.50_111.00_,268_415_510_154_208_
12:33:56,113.00,2,5947,113.50_114.00_114.50_115.00_115.50_,1009_837_177_365_59_,113.00_112.50_112.00_111.50_111.00_,266_415_510_154_208_
12:34:02,113.00,2,5947,113.50_114.00_114.50_115.00_115.50_,1009_837_177_365_59_,113.00_112.50_112.00_111.50_111.00_,267_414_510_154_208_
12:34:12,113.50,1,5952,113.50_114.00_114.50_115.00_115.50_,1005_837_177_365_59_,113.00_112.50_112.00_111.50_111.00_,280_412_510_154_208_
12:34:22,113.00,7,5959,113.50_114.00_114.50_115.00_115.50_,1003_837_177_365_59_,113.00_112.50_112.00_111.50_111.00_,274_412_510_154_208_
12:35:13,113.00,3,5979,113.50_114.00_114.50_115.00_115.50_,1001_839_177_365_59_,113.00_112.50_112.00_111.50_111.00_,319_369_510_155_208_
12:39:35,113.50,1,6129,113.50_114.00_114.50_115.00_115.50_,954_980_178_369_59_,113.00_112.50_112.00_111.50_111.00_,278_376_511_144_208_
12:40:01,113.00,5,6140,113.50_114.00_114.50_115.00_115.50_,954_980_178_369_59_,113.00_112.50_112.00_111.50_111.00_,271_375_511_145_208_
12:40:06,113.00,1,6141,113.50_114.00_114.50_115.00_115.50_,954_980_178_369_59_,113.00_112.50_112.00_111.50_111.00_,275_375_511_145_208_
12:40:11,113.00,2,6143,113.50_114.00_114.50_115.00_115.50_,954_981_178_369_59_,113.00_112.50_112.00_111.50_111.00_,276_375_511_145_208_
12:40:36,113.00,7,6156,113.50_114.00_114.50_115.00_115.50_,954_981_178_369_59_,113.00_112.50_112.00_111.50_111.00_,261_375_515_145_208_
12:40:52,113.00,2,6159,113.50_114.00_114.50_115.00_115.50_,954_981_178_369_59_,113.00_112.50_112.00_111.50_111.00_,208_426_515_145_208_
12:41:07,113.00,5,6164,113.50_114.00_114.50_115.00_115.50_,954_981_178_369_59_,113.00_112.50_112.00_111.50_111.00_,197_426_515_145_208_
12:41:43,113.00,7,6182,113.50_114.00_114.50_115.00_115.50_,952_980_178_369_59_,113.00_112.50_112.00_111.50_111.00_,201_426_515_145_209_
12:41:59,113.00,2,6185,113.50_114.00_114.50_115.00_115.50_,952_980_186_384_59_,113.00_112.50_112.00_111.50_111.00_,202_431_522_158_209_
12:46:30,112.50,1,6481,113.00_113.50_114.00_114.50_115.00_,415_698_923_159_372_,112.50_112.00_111.50_111.00_110.50_,404_561_190_211_21_
12:50:21,112.50,3,6563,113.00_113.50_114.00_114.50_115.00_,398_688_925_159_359_,112.50_112.00_111.50_111.00_110.50_,454_571_194_211_22_
12:51:17,113.00,1,6597,113.00_113.50_114.00_114.50_115.00_,390_678_935_159_359_,112.50_112.00_111.50_111.00_110.50_,449_572_193_211_22_
12:51:23,112.50,2,6599,113.00_113.50_114.00_114.50_115.00_,390_688_925_159_359_,112.50_112.00_111.50_111.00_110.50_,454_566_194_211_22_
12:51:48,113.00,8,6610,113.00_113.50_114.00_114.50_115.00_,382_688_925_159_357_,112.50_112.00_111.50_111.00_110.50_,447_566_193_211_22_
12:55:44,112.50,2,6738,113.00_113.50_114.00_114.50_115.00_,336_687_940_159_357_,112.50_112.00_111.50_111.00_110.50_,392_573_189_212_23_
12:57:11,112.50,2,6792,113.00_113.50_114.00_114.50_115.00_,374_687_789_150_357_,112.50_112.00_111.50_111.00_110.50_,363_676_191_213_23_
12:57:37,112.50,1,6805,113.00_113.50_114.00_114.50_115.00_,365_697_779_150_357_,112.50_112.00_111.50_111.00_110.50_,358_671_192_212_23_
13:00:05,112.50,5,6860,113.00_113.50_114.00_114.50_115.00_,355_698_791_150_357_,112.50_112.00_111.50_111.00_110.50_,368_678_183_213_23_
13:01:58,113.00,1,6919,113.00_113.50_114.00_114.50_115.00_,317_698_801_150_357_,112.50_112.00_111.50_111.00_110.50_,368_678_193_213_23_
13:02:09,112.50,5,6926,113.00_113.50_114.00_114.50_115.00_,416_598_801_150_357_,112.50_112.00_111.50_111.00_110.50_,368_682_192_213_23_
13:03:00,113.00,2,6947,113.00_113.50_114.00_114.50_115.00_,405_599_812_150_357_,112.50_112.00_111.50_111.00_110.50_,354_687_193_222_23_
13:03:05,113.00,1,6948,113.00_113.50_114.00_114.50_115.00_,404_599_812_150_357_,112.50_112.00_111.50_111.00_110.50_,358_684_194_222_23_
13:03:15,112.50,5,6954,113.00_113.50_114.00_114.50_115.00_,403_599_822_150_357_,112.50_112.00_111.50_111.00_110.50_,361_683_194_222_23_
13:03:20,113.00,10,6964,113.00_113.50_114.00_114.50_115.00_,395_589_832_150_357_,112.50_112.00_111.50_111.00_110.50_,361_680_189_222_23_
13:04:26,112.50,2,6990,113.00_113.50_114.00_114.50_115.00_,384_588_842_150_357_,112.50_112.00_111.50_111.00_110.50_,354_683_191_222_23_
13:04:32,113.00,4,6994,113.00_113.50_114.00_114.50_115.00_,380_588_842_150_357_,112.50_112.00_111.50_111.00_110.50_,350_683_191_222_23_
13:05:53,112.50,2,7052,113.00_113.50_114.00_114.50_115.00_,430_648_843_150_357_,112.50_112.00_111.50_111.00_110.50_,315_684_215_222_23_
13:05:58,113.00,1,7053,113.00_113.50_114.00_114.50_115.00_,427_638_853_150_357_,112.50_112.00_111.50_111.00_110.50_,314_692_208_222_23_
13:06:34,112.50,5,7065,113.00_113.50_114.00_114.50_115.00_,422_638_863_150_357_,112.50_112.00_111.50_111.00_110.50_,321_693_210_222_23_
13:06:39,112.50,2,7067,113.00_113.50_114.00_114.50_115.00_,422_638_863_150_357_,112.50_112.00_111.50_111.00_110.50_,319_693_210_222_23_
13:06:50,112.50,2,7067,113.00_113.50_114.00_114.50_115.00_,422_638_863_150_357_,112.50_112.00_111.50_111.00_110.50_,320_693_210_222_23_
13:08:06,113.00,3,7110,113.00_113.50_114.00_114.50_115.00_,384_648_863_150_357_,112.50_112.00_111.50_111.00_110.50_,321_691_203_222_23_
13:08:17,113.00,3,7110,113.00_113.50_114.00_114.50_115.00_,384_648_862_150_357_,112.50_112.00_111.50_111.00_110.50_,326_691_203_222_23_
13:08:22,113.00,4,7114,113.00_113.50_114.00_114.50_115.00_,380_648_862_150_357_,112.50_112.00_111.50_111.00_110.50_,322_691_203_222_23_
13:08:27,113.00,2,7116,113.00_113.50_114.00_114.50_115.00_,380_648_862_150_357_,112.50_112.00_111.50_111.00_110.50_,322_691_205_222_23_
13:08:37,113.00,2,7116,113.00_113.50_114.00_114.50_115.00_,379_648_872_150_357_,112.50_112.00_111.50_111.00_110.50_,331_691_205_213_23_
13:11:16,112.50,1,7189,113.00_113.50_114.00_114.50_115.00_,341_637_903_150_357_,112.50_112.00_111.50_111.00_110.50_,351_664_198_213_23_
13:11:21,112.50,2,7191,113.00_113.50_114.00_114.50_115.00_,341_637_903_150_357_,112.50_112.00_111.50_111.00_110.50_,348_664_199_213_23_
13:12:02,112.50,7,7289,113.00_113.50_114.00_114.50_115.00_,340_540_914_150_357_,112.50_112.00_111.50_111.00_110.50_,261_665_201_213_23_
13:13:03,112.50,5,7303,113.00_113.50_114.00_114.50_115.00_,337_541_924_150_357_,112.50_112.00_111.50_111.00_110.50_,304_666_199_213_23_
13:13:08,113.00,10,7313,113.00_113.50_114.00_114.50_115.00_,329_541_924_150_357_,112.50_112.00_111.50_111.00_110.50_,295_666_199_213_23_
13:13:19,113.00,5,7318,113.00_113.50_114.00_114.50_115.00_,324_551_814_150_357_,112.50_112.00_111.50_111.00_110.50_,298_662_202_213_23_
13:13:24,113.00,1,7319,113.00_113.50_114.00_114.50_115.00_,323_551_813_150_357_,112.50_112.00_111.50_111.00_110.50_,302_662_202_213_23_
13:13:29,112.50,2,7321,113.00_113.50_114.00_114.50_115.00_,322_551_813_150_357_,112.50_112.00_111.50_111.00_110.50_,300_662_202_213_23_
13:13:44,113.00,1,7330,113.00_113.50_114.00_114.50_115.00_,314_550_813_150_357_,112.50_112.00_111.50_111.00_110.50_,301_662_202_213_23_
13:14:15,113.00,5,7347,113.00_113.50_114.00_114.50_115.00_,306_540_833_150_357_,112.50_112.00_111.50_111.00_110.50_,343_572_188_213_23_
13:15:32,113.00,3,7385,113.00_113.50_114.00_114.50_115.00_,276_550_833_159_357_,112.50_112.00_111.50_111.00_110.50_,398_841_192_213_23_
13:15:42,112.50,2,7387,113.00_113.50_114.00_114.50_115.00_,276_550_833_159_357_,112.50_112.00_111.50_111.00_110.50_,397_841_193_213_23_
13:15:47,112.50,2,7387,113.00_113.50_114.00_114.50_115.00_,276_540_843_159_357_,112.50_112.00_111.50_111.00_110.50_,397_844_190_213_23_
13:15:57,112.50,2,7387,113.00_113.50_114.00_114.50_115.00_,274_540_843_159_357_,112.50_112.00_111.50_111.00_110.50_,397_844_190_213_23_
13:16:18,113.00,2,7393,113.00_113.50_114.00_114.50_115.00_,270_550_833_159_357_,112.50_112.00_111.50_111.00_110.50_,386_844_191_213_23_
13:16:28,112.50,7,7400,113.00_113.50_114.00_114.50_115.00_,270_540_843_159_357_,112.50_112.00_111.50_111.00_110.50_,391_841_188_213_23_
13:17:09,112.50,2,7439,113.00_113.50_114.00_114.50_115.00_,268_550_833_159_357_,112.50_112.00_111.50_111.00_110.50_,376_843_193_213_23_
13:17:14,113.00,4,7443,113.00_113.50_114.00_114.50_115.00_,264_540_843_159_357_,112.50_112.00_111.50_111.00_110.50_,377_846_190_213_23_
13:18:00,113.00,4,7465,113.00_113.50_114.00_114.50_115.00_,251_540_843_159_357_,112.50_112.00_111.50_111.00_110.50_,366_851_189_213_23_
13:18:10,112.50,2,7468,113.00_113.50_114.00_114.50_115.00_,252_550_833_159_357_,112.50_112.00_111.50_111.00_110.50_,381_835_191_213_23_
13:19:27,113.00,1,7510,113.00_113.50_114.00_114.50_115.00_,223_550_833_159_357_,112.50_112.00_111.50_111.00_110.50_,309_847_197_213_23_
13:20:08,113.00,6,7656,113.00_113.50_114.00_114.50_115.00_,297_348_833_150_357_,112.50_112.00_111.50_111.00_110.50_,275_829_198_213_23_
13:20:13,113.00,1,7657,113.00_113.50_114.00_114.50_115.00_,299_348_833_150_357_,112.50_112.00_111.50_111.00_110.50_,279_830_198_213_23_
13:20:18,113.00,1,7658,113.00_113.50_114.00_114.50_115.00_,299_348_833_150_357_,112.50_112.00_111.50_111.00_110.50_,278_831_198_213_23_
13:21:15,113.00,1,7680,113.00_113.50_114.00_114.50_115.00_,321_349_832_150_357_,112.50_112.00_111.50_111.00_110.50_,268_832_203_213_23_
13:25:25,113.00,3,8090,113.50_114.00_114.50_115.00_115.50_,65_936_257_516_39_,113.00_112.50_112.00_111.50_111.00_,84_310_838_193_367_
13:26:51,113.00,3,8090,113.50_114.00_114.50_115.00_115.50_,32_977_257_516_39_,113.00_112.50_112.00_111.50_111.00_,192_309_1114_189_367_
13:27:43,113.00,3,8090,113.50_114.00_114.50_115.00_115.50_,44_974_257_516_39_,113.00_112.50_112.00_111.50_111.00_,192_327_1114_183_367_
13:30:00,113.50,501,8591,113.50_114.00_114.50_115.00_115.50_,139_972_249_518_39_,113.00_112.50_112.00_111.50_111.00_,207_396_1116_174_366_
