13:04:47,18.80,4,11136,18.85_18.90_18.95_19.00_19.05_,45_113_231_303_142_,18.80_18.75_18.70_18.65_18.60_,426_732_1314_749_670_
13:04:58,18.80,3,11139,18.85_18.90_18.95_19.00_19.05_,47_113_231_303_142_,18.80_18.75_18.70_18.65_18.60_,423_733_1314_749_670_
13:08:38,18.80,3,11409,18.85_18.90_18.95_19.00_19.05_,32_165_173_304_136_,18.80_18.75_18.70_18.65_18.60_,204_658_1234_740_665_
13:08:43,18.80,3,11409,18.85_18.90_18.95_19.00_19.05_,44_165_173_304_136_,18.80_18.75_18.70_18.65_18.60_,205_658_1234_740_665_
13:08:49,18.80,2,11411,18.85_18.90_18.95_19.00_19.05_,46_165_173_304_136_,18.80_18.75_18.70_18.65_18.60_,204_658_1235_740_665_
13:11:07,18.85,1,11471,18.85_18.90_18.95_19.00_19.05_,103_165_362_154_137_,18.80_18.75_18.70_18.65_18.60_,206_658_1234_740_665_
13:12:24,18.85,3,11526,18.85_18.90_18.95_19.00_19.05_,86_166_361_154_137_,18.80_18.75_18.70_18.65_18.60_,247_676_1218_750_664_
13:14:58,18.85,3,11734,18.90_18.95_19.00_19.05_19.10_,151_118_471_147_197_,18.85_18.80_18.75_18.70_18.65_,10_207_919_1163_530_
13:15:23,18.90,3,11758,18.90_18.95_19.00_19.05_19.10_,148_118_471_147_197_,18.85_18.80_18.75_18.70_18.65_,15_205_919_1168_530_
13:15:33,18.90,6,11767,18.90_18.95_19.00_19.05_19.10_,143_118_471_147_197_,18.85_18.80_18.75_18.70_18.65_,19_205_919_1168_530_
13:15:59,18.85,5,11795,18.90_18.95_19.00_19.05_19.10_,138_120_471_147_198_,18.85_18.80_18.75_18.70_18.65_,19_227_919_1168_530_
13:16:20,18.90,9,11813,18.90_18.95_19.00_19.05_19.10_,131_120_471_147_198_,18.85_18.80_18.75_18.70_18.65_,9_231_919_1168_530_
13:17:21,18.85,2,11856,18.90_18.95_19.00_19.05_19.10_,188_118_519_113_166_,18.85_18.80_18.75_18.70_18.65_,13_238_1285_812_530_
13:18:53,18.80,3,11939,18.85_18.90_18.95_19.00_19.05_,15_230_181_417_113_,18.80_18.75_18.70_18.65_18.60_,233_657_1229_740_664_
13:18:59,18.80,2,11941,18.85_18.90_18.95_19.00_19.05_,15_230_181_417_113_,18.80_18.75_18.70_18.65_18.60_,241_657_1229_740_664_
13:20:20,18.80,3,12050,18.85_18.90_18.95_19.00_19.05_,44_172_155_422_113_,18.80_18.75_18.70_18.65_18.60_,248_654_1230_739_664_
13:20:26,18.80,2,12052,18.85_18.90_18.95_19.00_19.05_,44_172_155_422_113_,18.80_18.75_18.70_18.65_18.60_,247_654_1230_739_664_
13:20:41,18.85,10,12064,18.85_18.90_18.95_19.00_19.05_,39_172_155_422_113_,18.80_18.75_18.70_18.65_18.60_,249_654_1230_739_664_
13:23:56,18.85,2,12303,18.90_18.95_19.00_19.05_19.10_,35_131_517_108_163_,18.85_18.80_18.75_18.70_18.65_,50_228_967_1400_790_
13:24:16,18.90,25,12338,18.90_18.95_19.00_19.05_19.10_,3_131_517_108_163_,18.85_18.80_18.75_18.70_18.65_,49_238_990_1400_790_
13:24:52,18.90,10,12365,18.95_19.00_19.05_19.10_19.15_,106_257_362_161_400_,18.90_18.85_18.80_18.75_18.70_,46_47_485_1208_836_
13:24:57,18.95,11,12376,18.95_19.00_19.05_19.10_19.15_,95_257_362_161_400_,18.90_18.85_18.80_18.75_18.70_,46_50_485_1178_836_
13:25:10,18.95,11,12376,19.00_19.05_19.10_19.15_19.20_,186_362_161_400_613_,18.90_18.85_18.80_18.75_18.70_,37_50_485_1178_836_
13:27:54,18.95,11,12376,18.95_19.00_19.05_19.10_19.15_,50_245_367_167_413_,18.90_18.85_18.80_18.75_18.70_,45_36_480_2450_1380_
13:29:27,18.95,11,12376,18.95_19.00_19.05_19.10_19.15_,227_244_367_169_586_,18.90_18.85_18.80_18.75_18.70_,48_37_593_2736_1701_
13:30:00,19.00,917,13293,19.05_19.10_19.15_19.20_19.25_,367_169_586_833_114_,19.00_18.95_18.90_18.85_18.80_,75_19_48_135_656_
09:00:17,19.10,4,210,19.15_19.20_19.25_19.30_19.35_,36_114_49_120_96_,19.10_19.05_19.00_18.95_18.90_,39_88_71_17_52_
09:00:28,19.15,5,217,19.15_19.20_19.25_19.30_19.35_,83_114_49_126_96_,19.10_19.05_19.00_18.95_18.90_,39_86_71_17_52_
09:00:58,19.10,5,258,19.15_19.20_19.25_19.30_19.35_,82_116_49_127_96_,19.10_19.05_19.00_18.95_18.90_,54_86_71_16_52_
09:01:03,19.10,5,258,19.15_19.20_19.25_19.30_19.35_,85_116_49_127_96_,19.10_19.05_19.00_18.95_18.90_,64_86_71_16_52_
09:01:09,19.10,1,259,19.15_19.20_19.25_19.30_19.35_,90_115_57_126_96_,19.10_19.05_19.00_18.95_18.90_,63_86_169_16_52_
09:01:14,19.10,4,263,19.15_19.20_19.25_19.30_19.35_,91_116_57_126_96_,19.10_19.05_19.00_18.95_18.90_,59_86_169_16_52_
09:02:56,19.05,4,413,19.10_19.15_19.20_19.25_19.30_,152_108_340_60_122_,19.05_19.00_18.95_18.90_18.85_,48_71_131_300_45_
09:03:12,19.05,8,444,19.10_19.15_19.20_19.25_19.30_,154_108_340_60_128_,19.05_19.00_18.95_18.90_18.85_,20_73_163_300_49_
09:04:03,19.00,6,555,19.05_19.10_19.15_19.20_19.25_,2_138_417_122_52_,19.00_18.95_18.90_18.85_18.80_,112_42_176_315_303_
09:04:18,19.05,10,576,19.05_19.10_19.15_19.20_19.25_,121_128_417_122_56_,19.00_18.95_18.90_18.85_18.80_,109_36_180_319_303_
09:04:23,19.00,5,581,19.05_19.10_19.15_19.20_19.25_,122_128_417_122_56_,19.00_18.95_18.90_18.85_18.80_,134_36_180_319_303_
09:04:29,19.00,5,581,19.05_19.10_19.15_19.20_19.25_,122_133_417_122_56_,19.00_18.95_18.90_18.85_18.80_,134_36_180_319_305_
09:04:34,19.00,5,581,19.05_19.10_19.15_19.20_19.25_,122_133_417_122_56_,19.00_18.95_18.90_18.85_18.80_,134_46_180_319_305_
09:04:39,19.05,29,610,19.05_19.10_19.15_19.20_19.25_,95_133_417_122_56_,19.00_18.95_18.90_18.85_18.80_,106_49_180_319_305_
09:04:44,19.05,29,610,19.05_19.10_19.15_19.20_19.25_,95_133_417_123_56_,19.00_18.95_18.90_18.85_18.80_,106_49_180_319_306_
09:07:12,19.10,16,768,19.10_19.15_19.20_19.25_19.30_,165_225_354_91_157_,19.05_19.00_18.95_18.90_18.85_,7_165_172_331_54_
09:07:43,19.00,2,826,19.05_19.10_19.15_19.20_19.25_,77_133_424_137_100_,19.00_18.95_18.90_18.85_18.80_,155_72_189_336_303_
09:07:53,19.00,4,842,19.05_19.10_19.15_19.20_19.25_,68_134_425_138_101_,19.00_18.95_18.90_18.85_18.80_,151_72_189_336_303_
09:09:00,19.05,2,936,19.05_19.10_19.15_19.20_19.25_,37_184_424_138_151_,19.00_18.95_18.90_18.85_18.80_,101_89_189_336_303_
09:09:15,19.05,11,959,19.05_19.10_19.15_19.20_19.25_,60_184_424_138_151_,19.00_18.95_18.90_18.85_18.80_,101_91_189_336_313_
09:09:26,19.00,2,961,19.05_19.10_19.15_19.20_19.25_,82_184_424_138_151_,19.00_18.95_18.90_18.85_18.80_,100_90_189_336_313_
09:10:12,19.05,2,1098,19.10_19.15_19.20_19.25_19.30_,246_227_347_159_188_,19.05_19.00_18.95_18.90_18.85_,81_111_210_333_54_
09:10:48,19.05,6,1146,19.10_19.15_19.20_19.25_19.30_,188_226_347_159_188_,19.05_19.00_18.95_18.90_18.85_,65_132_210_333_54_
09:11:29,19.00,2,1230,19.05_19.10_19.15_19.20_19.25_,117_143_420_154_151_,19.00_18.95_18.90_18.85_18.80_,114_90_189_328_316_
09:12:15,19.05,92,1362,19.05_19.10_19.15_19.20_19.25_,3_142_420_146_151_,19.00_18.95_18.90_18.85_18.80_,137_92_185_328_815_
09:12:20,19.00,36,1398,19.05_19.10_19.15_19.20_19.25_,3_128_420_146_151_,19.00_18.95_18.90_18.85_18.80_,105_92_185_328_815_
09:12:25,19.05,3,1401,19.10_19.15_19.20_19.25_19.30_,128_420_146_151_188_,19.00_18.95_18.90_18.85_18.80_,104_92_185_328_815_
09:14:02,19.05,2,1444,19.10_19.15_19.20_19.25_19.30_,187_207_379_161_188_,19.05_19.00_18.95_18.90_18.85_,61_172_212_359_54_
09:14:38,19.05,2,1452,19.10_19.15_19.20_19.25_19.30_,189_207_384_162_190_,19.05_19.00_18.95_18.90_18.85_,56_172_214_359_54_
09:14:43,19.05,2,1454,19.10_19.15_19.20_19.25_19.30_,191_207_384_162_190_,19.05_19.00_18.95_18.90_18.85_,54_172_214_359_54_
09:14:43,19.05,2,1454,19.10_19.15_19.20_19.25_19.30_,191_207_384_162_190_,19.05_19.00_18.95_18.90_18.85_,54_172_214_359_54_
09:15:09,19.10,1,1467,19.10_19.15_19.20_19.25_19.30_,269_207_401_154_181_,19.05_19.00_18.95_18.90_18.85_,45_172_214_359_54_
09:15:30,19.05,2,1490,19.10_19.15_19.20_19.25_19.30_,316_203_393_159_180_,19.05_19.00_18.95_18.90_18.85_,24_172_214_359_54_
09:15:35,19.05,2,1490,19.10_19.15_19.20_19.25_19.30_,319_204_393_156_181_,19.05_19.00_18.95_18.90_18.85_,24_172_214_359_54_
09:15:40,19.05,19,1509,19.10_19.15_19.20_19.25_19.30_,319_204_393_156_186_,19.05_19.00_18.95_18.90_18.85_,8_172_214_359_54_
09:16:46,19.00,2,1614,19.10_19.15_19.20_19.25_19.30_,342_247_399_124_187_,19.00_18.95_18.90_18.85_18.80_,151_127_275_222_806_
09:18:08,19.00,2,1635,19.05_19.10_19.15_19.20_19.25_,105_346_422_186_124_,19.00_18.95_18.90_18.85_18.80_,98_94_197_329_794_
09:18:08,19.00,2,1635,19.05_19.10_19.15_19.20_19.25_,105_346_422_186_124_,19.00_18.95_18.90_18.85_18.80_,98_94_197_329_794_
09:18:19,19.00,2,1637,19.05_19.10_19.15_19.20_19.25_,115_346_422_186_124_,19.00_18.95_18.90_18.85_18.80_,111_94_197_329_794_
09:18:29,19.00,5,1644,19.05_19.10_19.15_19.20_19.25_,131_346_422_186_124_,19.00_18.95_18.90_18.85_18.80_,107_94_197_329_794_
09:19:40,19.00,18,1823,19.00_19.05_19.10_19.15_19.20_,3_130_355_422_177_,18.95_18.90_18.85_18.80_18.75_,85_227_339_794_559_
09:19:46,18.95,13,1836,19.00_19.05_19.10_19.15_19.20_,36_108_473_207_168_,18.95_18.90_18.85_18.80_18.75_,76_107_184_1084_559_
09:19:51,19.00,5,1841,19.00_19.05_19.10_19.15_19.20_,42_108_503_207_168_,18.95_18.90_18.85_18.80_18.75_,76_98_196_1081_559_
09:20:16,18.95,2,1901,19.00_19.05_19.10_19.15_19.20_,61_56_503_207_168_,18.95_18.90_18.85_18.80_18.75_,54_101_191_1094_561_
09:22:20,18.95,2,1936,19.00_19.05_19.10_19.15_19.20_,73_59_524_195_163_,18.95_18.90_18.85_18.80_18.75_,65_119_221_1089_562_
09:24:17,18.95,2,2107,19.05_19.10_19.15_19.20_19.25_,85_456_415_169_119_,18.95_18.90_18.85_18.80_18.75_,8_155_328_989_562_
09:24:38,18.95,2,2109,19.05_19.10_19.15_19.20_19.25_,159_456_415_169_119_,18.95_18.90_18.85_18.80_18.75_,27_162_328_989_572_
09:24:58,18.95,2,2111,19.05_19.10_19.15_19.20_19.25_,173_413_420_177_119_,18.95_18.90_18.85_18.80_18.75_,34_272_397_803_575_
09:25:04,18.95,2,2113,19.05_19.10_19.15_19.20_19.25_,182_413_419_169_124_,18.95_18.90_18.85_18.80_18.75_,33_162_328_992_575_
09:25:09,18.95,2,2113,19.00_19.05_19.10_19.15_19.20_,3_182_413_419_169_,18.95_18.90_18.85_18.80_18.75_,33_162_328_992_575_
09:25:14,18.95,12,2125,19.00_19.05_19.10_19.15_19.20_,14_146_548_201_169_,18.95_18.90_18.85_18.80_18.75_,31_140_251_1092_575_
09:25:14,18.95,12,2125,19.00_19.05_19.10_19.15_19.20_,14_146_548_201_169_,18.95_18.90_18.85_18.80_18.75_,31_140_251_1092_575_
09:25:24,18.95,7,2134,19.00_19.05_19.10_19.15_19.20_,32_144_549_201_169_,18.95_18.90_18.85_18.80_18.75_,22_140_251_1092_575_
09:25:29,18.95,1,2135,19.00_19.05_19.10_19.15_19.20_,32_146_549_201_169_,18.95_18.90_18.85_18.80_18.75_,20_140_251_1092_575_
09:25:34,18.95,2,2137,19.00_19.05_19.10_19.15_19.20_,32_146_546_198_168_,18.95_18.90_18.85_18.80_18.75_,18_140_251_1092_575_
09:26:15,18.95,2,2204,19.00_19.05_19.10_19.15_19.20_,31_181_546_199_168_,18.95_18.90_18.85_18.80_18.75_,59_139_244_1093_575_
09:26:31,18.95,2,2206,19.00_19.05_19.10_19.15_19.20_,31_181_546_199_168_,18.95_18.90_18.85_18.80_18.75_,52_141_246_1093_575_
09:27:58,19.00,64,2320,19.00_19.05_19.10_19.15_19.20_,17_255_398_399_186_,18.95_18.90_18.85_18.80_18.75_,58_260_400_804_575_
09:28:03,18.95,17,2337,19.00_19.05_19.10_19.15_19.20_,50_268_554_198_178_,18.95_18.90_18.85_18.80_18.75_,41_140_234_1094_575_
09:28:13,18.95,2,2339,19.00_19.05_19.10_19.15_19.20_,63_266_554_198_178_,18.95_18.90_18.85_18.80_18.75_,49_140_246_1082_575_
09:29:25,18.95,5,2359,19.00_19.05_19.10_19.15_19.20_,65_252_550_200_178_,18.95_18.90_18.85_18.80_18.75_,37_145_246_1082_576_
09:29:25,18.95,5,2359,19.00_19.05_19.10_19.15_19.20_,65_252_550_200_178_,18.95_18.90_18.85_18.80_18.75_,37_145_246_1082_576_
09:29:35,18.95,2,2361,19.00_19.05_19.10_19.15_19.20_,67_252_550_200_178_,18.95_18.90_18.85_18.80_18.75_,35_145_246_1082_576_
09:29:35,18.95,2,2361,19.00_19.05_19.10_19.15_19.20_,67_252_550_200_178_,18.95_18.90_18.85_18.80_18.75_,35_145_246_1082_576_
09:29:45,18.95,2,2361,19.00_19.05_19.10_19.15_19.20_,87_252_550_200_178_,18.95_18.90_18.85_18.80_18.75_,35_145_246_1082_576_
09:30:52,18.95,2,2382,19.00_19.05_19.10_19.15_19.20_,102_249_472_200_178_,18.95_18.90_18.85_18.80_18.75_,18_155_367_1082_576_
09:31:59,18.95,15,2408,19.00_19.05_19.10_19.15_19.20_,119_192_467_200_178_,18.95_18.90_18.85_18.80_18.75_,93_167_394_1082_576_
09:32:04,18.95,15,2423,19.00_19.05_19.10_19.15_19.20_,136_182_467_200_178_,18.95_18.90_18.85_18.80_18.75_,78_173_394_1082_576_
09:32:09,18.95,5,2428,19.00_19.05_19.10_19.15_19.20_,136_177_467_200_178_,18.95_18.90_18.85_18.80_18.75_,73_173_394_1082_576_
09:32:19,18.95,2,2430,19.00_19.05_19.10_19.15_19.20_,134_177_467_200_178_,18.95_18.90_18.85_18.80_18.75_,71_173_394_1082_576_
09:32:24,18.95,2,2432,19.00_19.05_19.10_19.15_19.20_,134_177_467_200_178_,18.95_18.90_18.85_18.80_18.75_,69_173_394_1082_576_
09:33:15,18.95,2,2472,19.00_19.05_19.10_19.15_19.20_,121_177_467_200_178_,18.95_18.90_18.85_18.80_18.75_,40_163_395_1082_576_
09:33:46,18.95,4,2481,19.00_19.05_19.10_19.15_19.20_,119_179_467_200_178_,18.95_18.90_18.85_18.80_18.75_,33_163_395_1082_576_
09:33:51,18.95,4,2481,19.00_19.05_19.10_19.15_19.20_,117_179_467_205_178_,18.95_18.90_18.85_18.80_18.75_,33_163_395_1082_576_
09:34:01,18.95,2,2483,19.00_19.05_19.10_19.15_19.20_,117_179_467_205_178_,18.95_18.90_18.85_18.80_18.75_,37_159_395_1082_576_
09:38:18,18.90,2,2645,18.95_19.00_19.05_19.10_19.15_,47_194_376_304_199_,18.90_18.85_18.80_18.75_18.70_,91_168_551_853_633_
09:40:10,18.85,3,2873,18.90_18.95_19.00_19.05_19.10_,24_77_347_171_300_,18.85_18.80_18.75_18.70_18.65_,184_623_717_931_522_
09:41:02,18.85,2,2924,18.90_18.95_19.00_19.05_19.10_,59_124_357_177_300_,18.85_18.80_18.75_18.70_18.65_,185_429_818_931_522_
09:42:13,18.90,1,2936,18.90_18.95_19.00_19.05_19.10_,75_115_361_183_295_,18.85_18.80_18.75_18.70_18.65_,197_432_910_932_527_
09:42:54,18.85,4,2966,18.90_18.95_19.00_19.05_19.10_,63_120_358_186_297_,18.85_18.80_18.75_18.70_18.65_,204_434_910_943_527_
09:43:00,18.85,4,2966,18.90_18.95_19.00_19.05_19.10_,63_120_358_191_297_,18.85_18.80_18.75_18.70_18.65_,204_434_910_943_527_
09:43:05,18.85,2,2968,18.90_18.95_19.00_19.05_19.10_,63_120_358_191_297_,18.85_18.80_18.75_18.70_18.65_,202_434_910_943_527_
09:43:05,18.85,2,2968,18.90_18.95_19.00_19.05_19.10_,63_120_358_191_297_,18.85_18.80_18.75_18.70_18.65_,202_434_910_943_527_
09:43:05,18.85,2,2968,18.90_18.95_19.00_19.05_19.10_,63_120_358_191_297_,18.85_18.80_18.75_18.70_18.65_,202_434_910_943_527_
09:44:27,18.85,2,3006,18.90_18.95_19.00_19.05_19.10_,59_120_363_193_292_,18.85_18.80_18.75_18.70_18.65_,183_455_909_942_527_
09:44:37,18.85,2,3006,18.90_18.95_19.00_19.05_19.10_,59_120_363_193_292_,18.85_18.80_18.75_18.70_18.65_,188_455_909_942_527_
09:44:47,18.85,2,3008,18.90_18.95_19.00_19.05_19.10_,59_103_363_212_292_,18.85_18.80_18.75_18.70_18.65_,188_455_909_942_527_
09:44:52,18.85,1,3009,18.90_18.95_19.00_19.05_19.10_,59_103_363_212_292_,18.85_18.80_18.75_18.70_18.65_,187_455_909_942_527_
09:44:57,18.85,3,3012,18.90_18.95_19.00_19.05_19.10_,59_75_363_212_292_,18.85_18.80_18.75_18.70_18.65_,184_455_909_942_527_
09:45:03,18.85,3,3012,18.90_18.95_19.00_19.05_19.10_,87_75_363_212_292_,18.85_18.80_18.75_18.70_18.65_,185_455_909_942_527_
09:45:13,18.85,12,3024,18.90_18.95_19.00_19.05_19.10_,87_75_363_212_297_,18.85_18.80_18.75_18.70_18.65_,173_456_911_942_529_
09:45:18,18.85,1,3025,18.90_18.95_19.00_19.05_19.10_,87_75_363_212_297_,18.85_18.80_18.75_18.70_18.65_,173_456_911_942_529_
09:45:23,18.85,6,3031,18.90_18.95_19.00_19.05_19.10_,87_75_363_212_297_,18.85_18.80_18.75_18.70_18.65_,167_456_911_942_529_
09:48:43,18.85,1,3089,18.90_18.95_19.00_19.05_19.10_,95_84_359_200_328_,18.85_18.80_18.75_18.70_18.65_,131_426_921_962_531_
09:48:58,18.85,1,3092,18.90_18.95_19.00_19.05_19.10_,95_84_359_200_328_,18.85_18.80_18.75_18.70_18.65_,128_426_921_962_531_
09:50:05,18.85,5,3112,18.90_18.95_19.00_19.05_19.10_,81_84_360_200_329_,18.85_18.80_18.75_18.70_18.65_,125_427_921_962_532_
09:52:23,18.85,3,3162,18.90_18.95_19.00_19.05_19.10_,66_85_363_197_339_,18.85_18.80_18.75_18.70_18.65_,154_426_921_963_530_
09:53:09,18.85,2,3173,18.90_18.95_19.00_19.05_19.10_,123_106_360_200_339_,18.85_18.80_18.75_18.70_18.65_,149_426_921_963_531_
09:53:09,18.85,2,3173,18.90_18.95_19.00_19.05_19.10_,123_106_360_200_339_,18.85_18.80_18.75_18.70_18.65_,149_426_921_963_531_
09:54:36,18.85,2,3207,18.90_18.95_19.00_19.05_19.10_,118_106_361_201_340_,18.85_18.80_18.75_18.70_18.65_,165_426_921_963_532_
09:54:47,18.85,3,3210,18.90_18.95_19.00_19.05_19.10_,118_106_361_201_340_,18.85_18.80_18.75_18.70_18.65_,162_426_921_963_532_
09:54:47,18.85,3,3210,18.90_18.95_19.00_19.05_19.10_,118_106_361_201_340_,18.85_18.80_18.75_18.70_18.65_,162_426_921_963_532_
09:54:57,18.85,3,3210,18.90_18.95_19.00_19.05_19.10_,118_106_361_201_340_,18.85_18.80_18.75_18.70_18.65_,162_426_921_964_532_
09:55:22,18.90,4,3220,18.90_18.95_19.00_19.05_19.10_,115_106_361_201_340_,18.85_18.80_18.75_18.70_18.65_,167_426_921_966_532_
09:56:34,18.85,2,3257,18.90_18.95_19.00_19.05_19.10_,93_106_361_201_340_,18.85_18.80_18.75_18.70_18.65_,155_426_914_976_532_
09:56:34,18.85,2,3257,18.90_18.95_19.00_19.05_19.10_,93_106_361_201_340_,18.85_18.80_18.75_18.70_18.65_,155_426_914_976_532_
09:56:44,18.90,17,3274,18.90_18.95_19.00_19.05_19.10_,76_106_368_201_340_,18.85_18.80_18.75_18.70_18.65_,155_426_914_976_532_
09:56:49,18.90,8,3282,18.90_18.95_19.00_19.05_19.10_,71_106_371_198_340_,18.85_18.80_18.75_18.70_18.65_,156_436_914_976_532_
09:56:55,18.90,8,3282,18.90_18.95_19.00_19.05_19.10_,71_106_371_198_340_,18.85_18.80_18.75_18.70_18.65_,167_436_914_976_532_
09:57:30,18.90,3,3311,18.90_18.95_19.00_19.05_19.10_,42_106_371_198_340_,18.85_18.80_18.75_18.70_18.65_,166_445_916_981_534_
09:57:35,18.90,3,3314,18.90_18.95_19.00_19.05_19.10_,39_106_371_198_340_,18.85_18.80_18.75_18.70_18.65_,168_445_916_981_534_
09:57:41,18.85,2,3316,18.90_18.95_19.00_19.05_19.10_,39_106_371_198_340_,18.85_18.80_18.75_18.70_18.65_,166_445_916_981_534_
09:57:46,18.85,2,3316,18.90_18.95_19.00_19.05_19.10_,39_106_368_201_340_,18.85_18.80_18.75_18.70_18.65_,157_445_916_981_534_
09:58:06,18.90,4,3327,18.90_18.95_19.00_19.05_19.10_,11_111_371_198_340_,18.85_18.80_18.75_18.70_18.65_,164_448_916_983_534_
09:58:32,18.90,1,3339,18.90_18.95_19.00_19.05_19.10_,7_116_371_198_340_,18.85_18.80_18.75_18.70_18.65_,167_449_916_983_534_
09:58:37,18.95,19,3358,18.95_19.00_19.05_19.10_19.15_,104_371_198_340_211_,18.90_18.85_18.80_18.75_18.70_,2_166_449_916_983_
09:58:42,18.85,7,3365,18.95_19.00_19.05_19.10_19.15_,104_213_400_348_211_,18.85_18.80_18.75_18.70_18.65_,164_569_1091_688_534_
09:58:47,18.85,1,3366,18.95_19.00_19.05_19.10_19.15_,95_213_417_340_211_,18.85_18.80_18.75_18.70_18.65_,154_569_895_894_534_
09:58:52,18.95,1,3367,18.95_19.00_19.05_19.10_19.15_,94_213_417_340_211_,18.85_18.80_18.75_18.70_18.65_,154_569_895_894_534_
09:58:57,18.90,20,3387,18.90_18.95_19.00_19.05_19.10_,12_94_213_417_340_,18.85_18.80_18.75_18.70_18.65_,135_471_993_894_534_
09:58:57,18.90,20,3387,18.90_18.95_19.00_19.05_19.10_,12_94_213_417_340_,18.85_18.80_18.75_18.70_18.65_,135_471_993_894_534_
09:59:28,18.85,3,3395,18.90_18.95_19.00_19.05_19.10_,10_108_417_198_343_,18.85_18.80_18.75_18.70_18.65_,115_450_925_992_534_
09:59:38,18.90,5,3400,18.90_18.95_19.00_19.05_19.10_,7_108_417_198_343_,18.85_18.80_18.75_18.70_18.65_,115_450_925_992_534_
09:59:43,18.90,1,3401,18.90_18.95_19.00_19.05_19.10_,6_108_417_198_343_,18.85_18.80_18.75_18.70_18.65_,124_450_925_992_534_
09:59:49,18.85,3,3404,18.90_18.95_19.00_19.05_19.10_,6_108_417_198_343_,18.85_18.80_18.75_18.70_18.65_,121_450_925_992_534_
09:59:54,18.85,3,3404,18.90_18.95_19.00_19.05_19.10_,6_108_414_201_343_,18.85_18.80_18.75_18.70_18.65_,113_450_925_992_534_
09:59:54,18.85,3,3404,18.90_18.95_19.00_19.05_19.10_,6_108_414_201_343_,18.85_18.80_18.75_18.70_18.65_,113_450_925_992_534_
10:00:09,18.85,1,3407,18.90_18.95_19.00_19.05_19.10_,6_108_414_201_343_,18.85_18.80_18.75_18.70_18.65_,110_451_925_992_534_
10:00:55,18.85,3,3416,18.90_18.95_19.00_19.05_19.10_,5_125_405_202_343_,18.85_18.80_18.75_18.70_18.65_,102_468_921_992_534_
10:03:04,18.85,2,3458,18.90_18.95_19.00_19.05_19.10_,13_126_411_202_343_,18.85_18.80_18.75_18.70_18.65_,95_572_921_994_534_
10:04:36,18.90,3,3525,18.95_19.00_19.05_19.10_19.15_,95_227_366_353_212_,18.90_18.85_18.80_18.75_18.70_,23_90_695_1082_690_
10:05:07,18.85,17,3550,18.95_19.00_19.05_19.10_19.15_,95_232_366_356_212_,18.85_18.80_18.75_18.70_18.65_,87_695_1082_688_535_
10:05:17,18.85,1,3553,18.90_18.95_19.00_19.05_19.10_,3_101_436_209_348_,18.85_18.80_18.75_18.70_18.65_,96_563_921_992_535_
10:05:22,18.85,2,3555,18.90_18.95_19.00_19.05_19.10_,3_118_433_195_348_,18.85_18.80_18.75_18.70_18.65_,84_563_921_992_535_
10:05:32,18.85,2,3555,18.90_18.95_19.00_19.05_19.10_,3_118_433_195_350_,18.85_18.80_18.75_18.70_18.65_,84_563_921_992_535_
10:05:43,18.85,3,3558,18.90_18.95_19.00_19.05_19.10_,3_118_433_195_350_,18.85_18.80_18.75_18.70_18.65_,89_564_921_992_535_
10:05:58,18.85,1,3561,18.90_18.95_19.00_19.05_19.10_,3_118_433_195_350_,18.85_18.80_18.75_18.70_18.65_,87_564_921_993_535_
10:05:58,18.85,1,3561,18.90_18.95_19.00_19.05_19.10_,3_118_433_195_350_,18.85_18.80_18.75_18.70_18.65_,87_564_921_993_535_
10:06:08,18.85,2,3563,18.90_18.95_19.00_19.05_19.10_,25_119_433_195_350_,18.85_18.80_18.75_18.70_18.65_,85_564_921_993_535_
10:06:13,18.90,9,3572,18.90_18.95_19.00_19.05_19.10_,101_119_433_195_350_,18.85_18.80_18.75_18.70_18.65_,68_566_938_993_535_
10:06:19,18.85,1,3573,18.90_18.95_19.00_19.05_19.10_,101_124_437_192_350_,18.85_18.80_18.75_18.70_18.65_,77_566_938_993_535_
10:06:24,18.85,2,3575,18.90_18.95_19.00_19.05_19.10_,101_124_434_195_350_,18.85_18.80_18.75_18.70_18.65_,65_566_938_993_535_
10:08:16,18.80,10,3644,18.90_18.95_19.00_19.05_19.10_,106_124_434_200_350_,18.80_18.75_18.70_18.65_18.60_,565_938_993_535_674_
10:08:47,18.85,2,3649,18.90_18.95_19.00_19.05_19.10_,108_124_430_202_350_,18.85_18.80_18.75_18.70_18.65_,11_603_938_998_535_
10:09:53,18.80,2,3672,18.85_18.90_18.95_19.00_19.05_,28_110_326_238_191_,18.80_18.75_18.70_18.65_18.60_,610_804_820_855_676_
10:11:05,18.85,1,3745,18.90_18.95_19.00_19.05_19.10_,7_123_437_202_352_,18.85_18.80_18.75_18.70_18.65_,71_568_936_993_535_
10:11:10,18.85,2,3747,18.90_18.95_19.00_19.05_19.10_,43_123_437_202_352_,18.85_18.80_18.75_18.70_18.65_,69_569_936_993_535_
10:11:21,18.85,1,3748,18.90_18.95_19.00_19.05_19.10_,43_123_437_202_352_,18.85_18.80_18.75_18.70_18.65_,68_569_936_993_535_
10:11:26,18.85,2,3750,18.90_18.95_19.00_19.05_19.10_,43_123_437_202_352_,18.85_18.80_18.75_18.70_18.65_,67_569_936_993_535_
10:11:31,18.85,2,3750,18.90_18.95_19.00_19.05_19.10_,43_123_437_202_352_,18.85_18.80_18.75_18.70_18.65_,68_650_936_993_535_
10:11:31,18.85,2,3750,18.90_18.95_19.00_19.05_19.10_,43_123_437_202_352_,18.85_18.80_18.75_18.70_18.65_,68_650_936_993_535_
10:11:31,18.85,2,3750,18.90_18.95_19.00_19.05_19.10_,43_123_437_202_352_,18.85_18.80_18.75_18.70_18.65_,68_650_936_993_535_
10:11:41,18.85,3,3753,18.90_18.95_19.00_19.05_19.10_,43_123_440_202_352_,18.85_18.80_18.75_18.70_18.65_,65_650_936_993_535_
10:12:53,18.85,3,3787,18.90_18.95_19.00_19.05_19.10_,33_123_440_202_355_,18.85_18.80_18.75_18.70_18.65_,43_661_936_993_534_
10:13:08,18.85,3,3790,18.90_18.95_19.00_19.05_19.10_,35_123_440_202_355_,18.85_18.80_18.75_18.70_18.65_,40_671_936_993_534_
10:14:36,18.85,1,3804,18.90_18.95_19.00_19.05_19.10_,39_123_440_202_355_,18.85_18.80_18.75_18.70_18.65_,11_670_954_993_534_
10:16:28,18.85,3,3831,18.90_18.95_19.00_19.05_19.10_,41_123_400_202_356_,18.85_18.80_18.75_18.70_18.65_,14_675_1053_886_534_
10:16:34,18.85,3,3831,18.90_18.95_19.00_19.05_19.10_,41_123_442_202_356_,18.85_18.80_18.75_18.70_18.65_,15_675_954_985_534_
10:16:34,18.85,3,3831,18.90_18.95_19.00_19.05_19.10_,41_123_442_202_356_,18.85_18.80_18.75_18.70_18.65_,15_675_954_985_534_
10:16:44,18.85,2,3833,18.90_18.95_19.00_19.05_19.10_,41_123_442_202_356_,18.85_18.80_18.75_18.70_18.65_,13_675_954_985_534_
10:17:30,18.80,1,3854,18.85_18.90_18.95_19.00_19.05_,13_82_320_228_191_,18.80_18.75_18.70_18.65_18.60_,700_824_921_733_677_
10:18:11,18.80,1,3862,18.85_18.90_18.95_19.00_19.05_,40_78_320_228_191_,18.80_18.75_18.70_18.65_18.60_,697_824_921_733_677_
10:18:31,18.85,5,3870,18.85_18.90_18.95_19.00_19.05_,35_78_350_228_190_,18.80_18.75_18.70_18.65_18.60_,691_824_921_733_677_
10:20:19,18.85,11,3903,18.85_18.90_18.95_19.00_19.05_,30_61_350_245_190_,18.80_18.75_18.70_18.65_18.60_,690_824_824_834_680_
10:21:05,18.80,1,3914,18.85_18.90_18.95_19.00_19.05_,34_62_303_246_190_,18.80_18.75_18.70_18.65_18.60_,665_824_933_735_657_
10:21:36,18.90,2,3949,18.90_18.95_19.00_19.05_19.10_,54_148_412_190_405_,18.80_18.75_18.70_18.65_18.60_,662_944_814_747_657_
10:22:27,18.80,2,3960,18.90_18.95_19.00_19.05_19.10_,54_148_416_190_405_,18.80_18.75_18.70_18.65_18.60_,584_928_816_746_658_
10:22:32,18.80,6,3966,18.90_18.95_19.00_19.05_19.10_,54_148_416_190_405_,18.80_18.75_18.70_18.65_18.60_,578_928_816_746_658_
10:22:37,18.80,2,3968,18.90_18.95_19.00_19.05_19.10_,56_148_416_190_405_,18.80_18.75_18.70_18.65_18.60_,577_927_816_746_658_
10:22:43,18.80,5,3973,18.90_18.95_19.00_19.05_19.10_,56_148_416_190_405_,18.80_18.75_18.70_18.65_18.60_,572_927_816_746_658_
10:23:24,18.80,2,3985,18.90_18.95_19.00_19.05_19.10_,56_158_448_201_405_,18.80_18.75_18.70_18.65_18.60_,580_1037_903_534_674_
10:24:25,18.85,2,4003,18.90_18.95_19.00_19.05_19.10_,56_158_399_201_405_,18.85_18.80_18.75_18.70_18.65_,9_593_968_1040_534_
10:25:37,18.85,1,4020,18.90_18.95_19.00_19.05_19.10_,146_158_402_198_402_,18.85_18.80_18.75_18.70_18.65_,106_594_998_1040_720_
10:25:37,18.85,1,4020,18.90_18.95_19.00_19.05_19.10_,146_158_402_198_402_,18.85_18.80_18.75_18.70_18.65_,106_594_998_1040_720_
10:25:57,18.85,1,4023,18.90_18.95_19.00_19.05_19.10_,146_158_402_198_402_,18.85_18.80_18.75_18.70_18.65_,103_594_998_1040_720_
10:26:38,18.85,10,4067,18.90_18.95_19.00_19.05_19.10_,147_158_402_198_402_,18.85_18.80_18.75_18.70_18.65_,62_594_998_1041_720_
10:26:49,18.85,2,4069,18.90_18.95_19.00_19.05_19.10_,147_158_402_198_402_,18.85_18.80_18.75_18.70_18.65_,60_597_998_1041_720_
10:26:49,18.85,2,4069,18.90_18.95_19.00_19.05_19.10_,147_158_402_198_402_,18.85_18.80_18.75_18.70_18.65_,60_597_998_1041_720_
10:26:59,18.85,1,4070,18.90_18.95_19.00_19.05_19.10_,147_158_402_198_403_,18.85_18.80_18.75_18.70_18.65_,59_597_998_1041_720_
10:27:04,18.85,33,4103,18.90_18.95_19.00_19.05_19.10_,147_158_403_198_403_,18.85_18.80_18.75_18.70_18.65_,24_597_998_1041_720_
10:27:09,18.85,2,4105,18.90_18.95_19.00_19.05_19.10_,149_158_403_200_403_,18.85_18.80_18.75_18.70_18.65_,22_597_998_1041_720_
10:27:14,18.85,2,4105,18.90_18.95_19.00_19.05_19.10_,149_158_403_200_402_,18.85_18.80_18.75_18.70_18.65_,42_597_998_1041_720_
10:27:19,18.85,4,4109,18.90_18.95_19.00_19.05_19.10_,149_158_403_200_402_,18.85_18.80_18.75_18.70_18.65_,38_607_998_1041_720_
10:27:24,18.85,2,4111,18.90_18.95_19.00_19.05_19.10_,149_158_403_200_404_,18.85_18.80_18.75_18.70_18.65_,36_609_998_1041_720_
10:27:24,18.85,2,4111,18.90_18.95_19.00_19.05_19.10_,149_158_403_200_404_,18.85_18.80_18.75_18.70_18.65_,36_609_998_1041_720_
10:27:24,18.85,2,4111,18.90_18.95_19.00_19.05_19.10_,149_158_403_200_404_,18.85_18.80_18.75_18.70_18.65_,36_609_998_1041_720_
10:27:40,18.85,12,4124,18.90_18.95_19.00_19.05_19.10_,149_158_403_200_404_,18.85_18.80_18.75_18.70_18.65_,23_609_998_1041_720_
10:29:17,18.80,1,4152,18.90_18.95_19.00_19.05_19.10_,61_158_412_192_404_,18.80_18.75_18.70_18.65_18.60_,619_986_847_945_675_
10:29:32,18.80,2,4158,18.90_18.95_19.00_19.05_19.10_,61_158_414_192_404_,18.80_18.75_18.70_18.65_18.60_,613_986_847_945_675_
10:30:03,18.80,2,4195,18.85_18.90_18.95_19.00_19.05_,50_69_361_254_192_,18.80_18.75_18.70_18.65_18.60_,575_866_868_1044_675_
10:30:29,18.80,3,4198,18.85_18.90_18.95_19.00_19.05_,56_78_361_247_192_,18.80_18.75_18.70_18.65_18.60_,564_866_885_1044_675_
10:31:04,18.80,2,4211,18.85_18.90_18.95_19.00_19.05_,56_78_361_247_192_,18.80_18.75_18.70_18.65_18.60_,571_868_885_1044_675_
10:32:57,18.85,2,4300,18.90_18.95_19.00_19.05_19.10_,65_159_461_203_404_,18.85_18.80_18.75_18.70_18.65_,54_580_1000_1051_717_
10:33:54,18.85,3,4314,18.90_18.95_19.00_19.05_19.10_,55_159_464_200_404_,18.85_18.80_18.75_18.70_18.65_,43_1569_1001_1051_717_
10:34:24,18.85,1,4320,18.90_18.95_19.00_19.05_19.10_,57_159_464_200_404_,18.85_18.80_18.75_18.70_18.65_,71_1561_984_1051_717_
10:34:50,18.85,2,4325,18.90_18.95_19.00_19.05_19.10_,57_159_464_200_404_,18.85_18.80_18.75_18.70_18.65_,66_1561_985_1051_717_
10:35:05,18.90,8,4333,18.90_18.95_19.00_19.05_19.10_,52_159_469_200_405_,18.85_18.80_18.75_18.70_18.65_,59_1561_985_1051_717_
10:35:36,18.85,2,4349,18.90_18.95_19.00_19.05_19.10_,51_159_477_192_405_,18.85_18.80_18.75_18.70_18.65_,13_1560_1018_1051_717_
10:36:07,18.85,3,4361,18.90_18.95_19.00_19.05_19.10_,51_159_469_200_405_,18.80_18.75_18.70_18.65_18.60_,1559_1018_1077_717_659_
10:36:27,18.85,1,4364,18.90_18.95_19.00_19.05_19.10_,51_159_477_192_405_,18.85_18.80_18.75_18.70_18.65_,49_1558_1006_847_960_
10:36:38,18.85,2,4366,18.90_18.95_19.00_19.05_19.10_,51_159_469_200_405_,18.85_18.80_18.75_18.70_18.65_,47_1558_1018_1067_717_
10:39:37,18.85,5,4418,18.90_18.95_19.00_19.05_19.10_,87_158_470_200_406_,18.85_18.80_18.75_18.70_18.65_,8_1562_1018_1067_718_
10:39:47,18.85,3,4423,18.90_18.95_19.00_19.05_19.10_,87_158_470_200_406_,18.85_18.80_18.75_18.70_18.65_,3_1762_1018_1067_718_
10:41:55,18.85,2,4475,18.90_18.95_19.00_19.05_19.10_,65_158_470_200_406_,18.85_18.80_18.75_18.70_18.65_,63_1769_1018_1064_718_
10:43:43,18.85,3,4527,18.90_18.95_19.00_19.05_19.10_,35_163_470_200_416_,18.85_18.80_18.75_18.70_18.65_,54_1767_1018_1064_718_
10:45:41,18.85,2,4563,18.90_18.95_19.00_19.05_19.10_,35_163_470_200_416_,18.85_18.80_18.75_18.70_18.65_,18_1766_1018_1063_718_
10:46:02,18.85,3,4568,18.90_18.95_19.00_19.05_19.10_,35_163_471_200_416_,18.85_18.80_18.75_18.70_18.65_,14_1766_1018_1063_718_
10:46:42,18.80,9,4590,18.90_18.95_19.00_19.05_19.10_,35_163_471_200_416_,18.80_18.75_18.70_18.65_18.60_,1759_1018_1063_718_659_
10:47:34,18.85,3,4599,18.90_18.95_19.00_19.05_19.10_,35_163_471_200_416_,18.85_18.80_18.75_18.70_18.65_,4_1829_1020_1050_718_
10:48:15,18.85,3,4607,18.90_18.95_19.00_19.05_19.10_,40_163_479_192_416_,18.85_18.80_18.75_18.70_18.65_,50_1826_1020_1052_718_
10:48:40,18.85,3,4642,18.90_18.95_19.00_19.05_19.10_,2_168_479_192_416_,18.85_18.80_18.75_18.70_18.65_,66_1826_1020_1052_718_
10:49:06,18.90,2,4650,18.95_19.00_19.05_19.10_19.15_,178_266_408_416_244_,18.90_18.85_18.80_18.75_18.70_,19_52_1946_1236_736_
10:49:06,18.90,2,4650,18.95_19.00_19.05_19.10_19.15_,178_266_408_416_244_,18.90_18.85_18.80_18.75_18.70_,19_52_1946_1236_736_
10:49:16,18.85,1,4664,18.95_19.00_19.05_19.10_19.15_,178_266_408_416_244_,18.85_18.80_18.75_18.70_18.65_,45_1946_999_974_718_
10:49:21,18.85,7,4671,18.95_19.00_19.05_19.10_19.15_,178_276_408_416_244_,18.85_18.80_18.75_18.70_18.65_,38_1946_999_974_718_
10:53:43,18.85,1,4741,18.90_18.95_19.00_19.05_19.10_,19_294_445_193_416_,18.85_18.80_18.75_18.70_18.65_,312_1760_1021_1073_718_
10:55:10,18.85,1,4766,18.90_18.95_19.00_19.05_19.10_,27_294_445_194_416_,18.85_18.80_18.75_18.70_18.65_,411_1764_1029_1081_718_
10:56:32,18.85,2,4800,18.90_18.95_19.00_19.05_19.10_,19_264_491_194_416_,18.85_18.80_18.75_18.70_18.65_,396_1764_1029_1088_718_
10:56:32,18.85,2,4800,18.90_18.95_19.00_19.05_19.10_,19_264_491_194_416_,18.85_18.80_18.75_18.70_18.65_,396_1764_1029_1088_718_
10:56:42,18.85,1,4801,18.90_18.95_19.00_19.05_19.10_,21_264_491_194_416_,18.85_18.80_18.75_18.70_18.65_,395_1764_1029_1088_718_
10:56:47,18.85,3,4804,18.90_18.95_19.00_19.05_19.10_,21_264_491_194_416_,18.85_18.80_18.75_18.70_18.65_,397_1764_1029_1088_718_
10:56:47,18.85,3,4804,18.90_18.95_19.00_19.05_19.10_,21_264_491_194_416_,18.85_18.80_18.75_18.70_18.65_,397_1764_1029_1088_718_
10:56:47,18.85,3,4804,18.90_18.95_19.00_19.05_19.10_,21_264_491_194_416_,18.85_18.80_18.75_18.70_18.65_,397_1764_1029_1088_718_
10:57:54,18.85,2,4820,18.90_18.95_19.00_19.05_19.10_,21_264_491_194_418_,18.85_18.80_18.75_18.70_18.65_,381_1764_1029_1088_718_
11:00:12,18.90,1,4853,18.95_19.00_19.05_19.10_19.15_,258_279_364_418_244_,18.85_18.80_18.75_18.70_18.65_,383_1901_1000_1036_718_
11:00:22,18.85,2,4855,18.95_19.00_19.05_19.10_19.15_,258_279_364_418_244_,18.85_18.80_18.75_18.70_18.65_,382_1901_901_1066_718_
11:01:49,18.85,3,4882,18.95_19.00_19.05_19.10_19.15_,248_279_365_423_244_,18.85_18.80_18.75_18.70_18.65_,369_1898_903_1066_718_
11:01:55,18.85,6,4888,18.95_19.00_19.05_19.10_19.15_,248_279_365_423_244_,18.85_18.80_18.75_18.70_18.65_,363_1898_903_1066_718_
11:01:55,18.85,6,4888,18.95_19.00_19.05_19.10_19.15_,248_279_365_423_244_,18.85_18.80_18.75_18.70_18.65_,363_1898_903_1066_718_
11:02:51,18.90,1,4911,18.95_19.00_19.05_19.10_19.15_,249_279_365_423_254_,18.90_18.85_18.80_18.75_18.70_,10_410_1898_1135_794_
11:02:56,18.90,2,4913,18.95_19.00_19.05_19.10_19.15_,249_279_365_423_254_,18.90_18.85_18.80_18.75_18.70_,8_410_1898_1135_794_
11:03:02,18.90,2,4913,18.95_19.00_19.05_19.10_19.15_,249_279_365_423_252_,18.90_18.85_18.80_18.75_18.70_,8_411_1898_1135_794_
11:03:02,18.90,2,4913,18.95_19.00_19.05_19.10_19.15_,249_279_365_423_252_,18.90_18.85_18.80_18.75_18.70_,8_411_1898_1135_794_
11:03:12,18.90,3,4916,18.95_19.00_19.05_19.10_19.15_,249_279_365_423_252_,18.90_18.85_18.80_18.75_18.70_,5_411_1898_1135_794_
11:03:12,18.90,3,4916,18.95_19.00_19.05_19.10_19.15_,249_279_365_423_252_,18.90_18.85_18.80_18.75_18.70_,5_411_1898_1135_794_
11:03:32,18.90,1,4922,18.95_19.00_19.05_19.10_19.15_,249_279_365_423_252_,18.90_18.85_18.80_18.75_18.70_,1_411_1898_1135_794_
11:03:53,18.85,1,4925,18.95_19.00_19.05_19.10_19.15_,249_279_365_423_252_,18.85_18.80_18.75_18.70_18.65_,408_1898_903_1042_718_
11:04:49,18.85,1,4936,18.95_19.00_19.05_19.10_19.15_,251_279_366_473_254_,18.85_18.80_18.75_18.70_18.65_,398_1958_933_1044_718_
11:04:49,18.85,1,4936,18.95_19.00_19.05_19.10_19.15_,251_279_366_473_254_,18.85_18.80_18.75_18.70_18.65_,398_1958_933_1044_718_
11:05:51,18.85,3,4954,18.95_19.00_19.05_19.10_19.15_,235_279_365_473_254_,18.85_18.80_18.75_18.70_18.65_,375_1939_915_1015_718_
11:05:56,18.85,3,4954,18.95_19.00_19.05_19.10_19.15_,237_279_382_473_254_,18.85_18.80_18.75_18.70_18.65_,375_1939_915_1015_718_
11:06:01,18.85,3,4954,18.95_19.00_19.05_19.10_19.15_,237_279_382_473_254_,18.85_18.80_18.75_18.70_18.65_,380_1945_915_1015_718_
11:06:06,18.85,2,4956,18.95_19.00_19.05_19.10_19.15_,237_279_382_473_254_,18.85_18.80_18.75_18.70_18.65_,378_1945_915_1015_718_
11:06:06,18.85,2,4956,18.95_19.00_19.05_19.10_19.15_,237_279_382_473_254_,18.85_18.80_18.75_18.70_18.65_,378_1945_915_1015_718_
11:06:16,18.85,1,4957,18.95_19.00_19.05_19.10_19.15_,237_279_382_473_254_,18.85_18.80_18.75_18.70_18.65_,377_1945_921_1015_718_
11:07:43,18.85,2,4978,18.95_19.00_19.05_19.10_19.15_,239_278_382_473_296_,18.85_18.80_18.75_18.70_18.65_,352_1945_921_1021_719_
11:09:05,18.90,2,4997,18.95_19.00_19.05_19.10_19.15_,239_278_382_473_296_,18.90_18.85_18.80_18.75_18.70_,19_338_1928_1157_764_
11:10:12,18.90,2,5010,18.95_19.00_19.05_19.10_19.15_,241_278_382_473_296_,18.90_18.85_18.80_18.75_18.70_,24_342_1930_1157_764_
11:11:54,18.85,2,5034,18.90_18.95_19.00_19.05_19.10_,29_218_491_210_473_,18.85_18.80_18.75_18.70_18.65_,338_1827_942_1116_719_
11:13:01,18.85,3,5067,18.90_18.95_19.00_19.05_19.10_,2_218_491_210_473_,18.85_18.80_18.75_18.70_18.65_,333_1734_949_1110_719_
11:13:17,18.85,2,5069,18.90_18.95_19.00_19.05_19.10_,6_218_491_210_473_,18.85_18.80_18.75_18.70_18.65_,331_1734_949_1122_719_
11:16:21,18.85,1,5174,18.90_18.95_19.00_19.05_19.10_,45_218_486_209_474_,18.85_18.80_18.75_18.70_18.65_,311_1733_912_1054_718_
11:16:26,18.85,2,5176,18.90_18.95_19.00_19.05_19.10_,45_218_486_209_474_,18.85_18.80_18.75_18.70_18.65_,309_1733_912_1054_718_
11:16:26,18.85,2,5176,18.90_18.95_19.00_19.05_19.10_,45_218_486_209_474_,18.85_18.80_18.75_18.70_18.65_,309_1733_912_1054_718_
11:17:02,18.85,1,5182,18.90_18.95_19.00_19.05_19.10_,45_218_486_209_474_,18.85_18.80_18.75_18.70_18.65_,303_1733_924_1042_718_
11:17:43,18.85,1,5189,18.90_18.95_19.00_19.05_19.10_,45_218_486_209_474_,18.85_18.80_18.75_18.70_18.65_,301_1733_924_1042_718_
11:17:48,18.85,2,5191,18.90_18.95_19.00_19.05_19.10_,45_218_486_209_474_,18.85_18.80_18.75_18.70_18.65_,299_1733_924_1042_718_
11:17:48,18.85,2,5191,18.90_18.95_19.00_19.05_19.10_,45_218_486_209_474_,18.85_18.80_18.75_18.70_18.65_,299_1733_924_1042_718_
11:17:59,18.85,2,5191,18.90_18.95_19.00_19.05_19.10_,45_235_486_192_474_,18.85_18.80_18.75_18.70_18.65_,299_1733_924_1042_718_
11:18:04,18.85,3,5194,18.90_18.95_19.00_19.05_19.10_,145_235_486_192_474_,18.85_18.80_18.75_18.70_18.65_,296_1733_924_1042_718_
11:18:09,18.85,50,5244,18.90_18.95_19.00_19.05_19.10_,145_235_486_192_474_,18.85_18.80_18.75_18.70_18.65_,246_1733_924_1042_718_
11:18:24,18.85,1,5247,18.90_18.95_19.00_19.05_19.10_,147_235_486_192_474_,18.85_18.80_18.75_18.70_18.65_,326_1733_941_1042_718_
11:20:17,18.85,2,5273,18.90_18.95_19.00_19.05_19.10_,147_235_486_192_474_,18.85_18.80_18.75_18.70_18.65_,472_1754_968_1064_718_
11:23:06,18.85,3,5311,18.90_18.95_19.00_19.05_19.10_,150_235_489_192_474_,18.85_18.80_18.75_18.70_18.65_,346_1754_868_1064_718_
11:25:55,18.85,1,5350,18.90_18.95_19.00_19.05_19.10_,153_238_491_192_474_,18.85_18.80_18.75_18.70_18.65_,299_1720_828_1031_718_
11:26:21,18.85,2,5355,18.90_18.95_19.00_19.05_19.10_,153_238_491_192_471_,18.85_18.80_18.75_18.70_18.65_,350_1763_828_1031_718_
11:26:26,18.85,2,5355,18.90_18.95_19.00_19.05_19.10_,153_238_491_192_471_,18.85_18.80_18.75_18.70_18.65_,350_1763_872_1031_718_
11:26:31,18.85,3,5358,18.90_18.95_19.00_19.05_19.10_,153_238_491_192_471_,18.85_18.80_18.75_18.70_18.65_,347_1763_872_1031_718_
11:26:42,18.85,5,5363,18.90_18.95_19.00_19.05_19.10_,153_238_491_192_471_,18.85_18.80_18.75_18.70_18.65_,352_1763_872_1078_718_
11:26:47,18.85,2,5365,18.90_18.95_19.00_19.05_19.10_,153_238_491_192_471_,18.85_18.80_18.75_18.70_18.65_,350_1763_872_1078_718_
11:27:43,18.90,1,5378,18.90_18.95_19.00_19.05_19.10_,152_238_491_192_471_,18.85_18.80_18.75_18.70_18.65_,338_1763_872_1078_718_
11:30:32,18.85,2,5415,18.90_18.95_19.00_19.05_19.10_,172_219_491_192_471_,18.85_18.80_18.75_18.70_18.65_,400_1704_783_1078_720_
11:30:37,18.85,1,5416,18.90_18.95_19.00_19.05_19.10_,172_219_491_192_471_,18.85_18.80_18.75_18.70_18.65_,399_1704_783_1078_720_
11:33:27,18.85,2,5505,18.90_18.95_19.00_19.05_19.10_,271_219_491_192_471_,18.85_18.80_18.75_18.70_18.65_,320_1759_783_1076_720_
11:35:04,18.85,3,5533,18.90_18.95_19.00_19.05_19.10_,271_219_492_195_471_,18.85_18.80_18.75_18.70_18.65_,183_1759_783_1076_720_
11:35:30,18.85,1,5536,18.90_18.95_19.00_19.05_19.10_,271_219_492_195_471_,18.85_18.80_18.75_18.70_18.65_,184_1759_783_1076_720_
11:35:35,18.85,2,5538,18.90_18.95_19.00_19.05_19.10_,271_222_492_195_471_,18.85_18.80_18.75_18.70_18.65_,182_1759_783_1076_720_
11:35:40,18.85,3,5541,18.90_18.95_19.00_19.05_19.10_,269_222_492_195_471_,18.85_18.80_18.75_18.70_18.65_,179_1759_783_1076_720_
11:35:40,18.85,3,5541,18.90_18.95_19.00_19.05_19.10_,269_222_492_195_471_,18.85_18.80_18.75_18.70_18.65_,179_1759_783_1076_720_
11:35:50,18.85,2,5543,18.90_18.95_19.00_19.05_19.10_,269_222_492_195_471_,18.85_18.80_18.75_18.70_18.65_,167_1759_783_1076_720_
11:35:50,18.85,2,5543,18.90_18.95_19.00_19.05_19.10_,269_222_492_195_471_,18.85_18.80_18.75_18.70_18.65_,167_1759_783_1076_720_
11:36:00,18.85,1,5544,18.90_18.95_19.00_19.05_19.10_,269_222_492_195_471_,18.85_18.80_18.75_18.70_18.65_,166_1759_783_1076_720_
11:36:47,18.85,130,5684,18.90_18.95_19.00_19.05_19.10_,269_222_492_195_471_,18.85_18.80_18.75_18.70_18.65_,21_1759_783_1076_720_
11:36:47,18.85,130,5684,18.90_18.95_19.00_19.05_19.10_,269_222_492_195_471_,18.85_18.80_18.75_18.70_18.65_,21_1759_783_1076_720_
11:36:52,18.85,2,5686,18.90_18.95_19.00_19.05_19.10_,271_222_492_195_471_,18.85_18.80_18.75_18.70_18.65_,44_1759_783_1076_720_
11:37:22,18.85,8,5715,18.90_18.95_19.00_19.05_19.10_,288_222_475_195_471_,18.85_18.80_18.75_18.70_18.65_,20_1759_783_1076_720_
11:38:08,18.85,1,5729,18.90_18.95_19.00_19.05_19.10_,288_222_475_195_471_,18.80_18.75_18.70_18.65_18.60_,1759_783_1076_720_595_
11:40:06,18.80,1,5765,18.85_18.90_18.95_19.00_19.05_,79_267_427_265_197_,18.80_18.75_18.70_18.65_18.60_,1873_956_839_1051_596_
11:40:16,18.80,2,5767,18.85_18.90_18.95_19.00_19.05_,79_267_427_265_197_,18.80_18.75_18.70_18.65_18.60_,1871_956_979_1051_596_
11:40:27,18.80,1,5768,18.85_18.90_18.95_19.00_19.05_,79_267_427_265_197_,18.80_18.75_18.70_18.65_18.60_,1870_956_979_1051_596_
11:40:37,18.80,2,5772,18.85_18.90_18.95_19.00_19.05_,89_267_427_265_197_,18.80_18.75_18.70_18.65_18.60_,1866_956_979_1051_596_
11:40:37,18.80,2,5772,18.85_18.90_18.95_19.00_19.05_,89_267_427_265_197_,18.80_18.75_18.70_18.65_18.60_,1866_956_979_1051_596_
11:40:52,18.80,2,5775,18.85_18.90_18.95_19.00_19.05_,89_267_427_265_197_,18.80_18.75_18.70_18.65_18.60_,1863_956_979_1051_596_
11:41:03,18.85,1,5776,18.85_18.90_18.95_19.00_19.05_,88_267_430_262_197_,18.80_18.75_18.70_18.65_18.60_,1866_956_979_1051_596_
11:42:09,18.80,2,5790,18.85_18.90_18.95_19.00_19.05_,194_267_427_265_197_,18.80_18.75_18.70_18.65_18.60_,1838_940_979_1051_596_
11:42:09,18.80,2,5790,18.85_18.90_18.95_19.00_19.05_,194_267_427_265_197_,18.80_18.75_18.70_18.65_18.60_,1838_940_979_1051_596_
11:42:14,18.80,2,5790,18.85_18.90_18.95_19.00_19.05_,194_267_427_265_197_,18.80_18.75_18.70_18.65_18.60_,1839_940_979_1051_596_
11:42:14,18.80,2,5790,18.85_18.90_18.95_19.00_19.05_,194_267_427_265_197_,18.80_18.75_18.70_18.65_18.60_,1839_940_979_1051_596_
11:42:25,18.80,3,5793,18.85_18.90_18.95_19.00_19.05_,194_267_427_265_197_,18.80_18.75_18.70_18.65_18.60_,1836_940_979_1051_596_
11:42:25,18.80,3,5793,18.85_18.90_18.95_19.00_19.05_,194_267_427_265_197_,18.80_18.75_18.70_18.65_18.60_,1836_940_979_1051_596_
11:44:38,18.80,50,5883,18.85_18.90_18.95_19.00_19.05_,200_265_427_260_192_,18.80_18.75_18.70_18.65_18.60_,1776_942_841_1051_612_
11:47:07,18.80,4,5924,18.85_18.90_18.95_19.00_19.05_,207_272_427_270_192_,18.80_18.75_18.70_18.65_18.60_,1734_1017_841_1051_612_
11:47:37,18.85,1,5931,18.85_18.90_18.95_19.00_19.05_,206_273_427_271_192_,18.80_18.75_18.70_18.65_18.60_,1728_1017_841_1051_612_
11:47:43,18.80,2,5933,18.85_18.90_18.95_19.00_19.05_,206_273_430_268_192_,18.80_18.75_18.70_18.65_18.60_,1730_1017_841_1051_612_
11:47:48,18.80,2,5933,18.85_18.90_18.95_19.00_19.05_,206_273_427_271_192_,18.80_18.75_18.70_18.65_18.60_,1726_1017_841_1051_612_
11:47:53,18.80,1,5934,18.85_18.90_18.95_19.00_19.05_,206_273_427_271_192_,18.80_18.75_18.70_18.65_18.60_,1725_1017_841_1051_612_
11:48:59,18.80,10,5962,18.85_18.90_18.95_19.00_19.05_,206_273_427_271_192_,18.80_18.75_18.70_18.65_18.60_,1695_1027_841_1051_612_
11:53:16,18.80,1,6045,18.85_18.90_18.95_19.00_19.05_,212_279_424_271_192_,18.80_18.75_18.70_18.65_18.60_,1645_879_843_1050_612_
11:56:05,18.80,6,6122,18.85_18.90_18.95_19.00_19.05_,225_288_424_271_192_,18.80_18.75_18.70_18.65_18.60_,1741_730_948_1050_920_
11:56:05,18.80,6,6122,18.85_18.90_18.95_19.00_19.05_,225_288_424_271_192_,18.80_18.75_18.70_18.65_18.60_,1741_730_948_1050_920_
11:58:38,18.80,2,6209,18.85_18.90_18.95_19.00_19.05_,220_288_424_271_192_,18.80_18.75_18.70_18.65_18.60_,1658_730_948_1050_920_
12:01:07,18.80,1,6252,18.85_18.90_18.95_19.00_19.05_,219_283_424_271_199_,18.80_18.75_18.70_18.65_18.60_,1526_735_953_1050_612_
12:03:41,18.80,2,6289,18.85_18.90_18.95_19.00_19.05_,231_283_427_271_199_,18.80_18.75_18.70_18.65_18.60_,1508_735_954_1050_613_
12:04:12,18.80,4,6302,18.85_18.90_18.95_19.00_19.05_,231_283_424_274_199_,18.80_18.75_18.70_18.65_18.60_,1490_735_954_1050_613_
12:04:27,18.80,3,6306,18.85_18.90_18.95_19.00_19.05_,231_283_424_274_199_,18.80_18.75_18.70_18.65_18.60_,1486_735_954_1050_613_
12:11:38,18.85,8,6585,18.85_18.90_18.95_19.00_19.05_,72_283_428_305_199_,18.80_18.75_18.70_18.65_18.60_,1391_732_860_1050_616_
12:11:48,18.85,8,6585,18.85_18.90_18.95_19.00_19.05_,72_283_428_305_199_,18.80_18.75_18.70_18.65_18.60_,1397_732_860_1050_616_
12:11:53,18.85,5,6590,18.85_18.90_18.95_19.00_19.05_,70_283_428_305_199_,18.80_18.75_18.70_18.65_18.60_,1397_732_860_1050_616_
12:12:09,18.85,2,6614,18.85_18.90_18.95_19.00_19.05_,53_283_428_305_199_,18.80_18.75_18.70_18.65_18.60_,1397_732_860_1050_616_
12:12:14,18.80,1,6615,18.85_18.90_18.95_19.00_19.05_,53_283_428_305_199_,18.80_18.75_18.70_18.65_18.60_,1396_732_860_1050_616_
12:12:19,18.80,1,6615,18.85_18.90_18.95_19.00_19.05_,53_283_425_309_199_,18.80_18.75_18.70_18.65_18.60_,1396_732_860_1050_616_
12:12:24,18.80,2,6617,18.85_18.90_18.95_19.00_19.05_,53_283_425_309_199_,18.80_18.75_18.70_18.65_18.60_,1394_732_860_1050_616_
12:12:24,18.80,2,6617,18.85_18.90_18.95_19.00_19.05_,53_283_425_309_199_,18.80_18.75_18.70_18.65_18.60_,1394_732_860_1050_616_
12:12:34,18.80,1,6618,18.85_18.90_18.95_19.00_19.05_,55_283_425_309_200_,18.80_18.75_18.70_18.65_18.60_,1393_732_860_1050_616_
12:12:45,18.80,2,6620,18.85_18.90_18.95_19.00_19.05_,57_283_425_309_200_,18.80_18.75_18.70_18.65_18.60_,1391_732_860_1050_614_
12:12:55,18.80,3,6623,18.85_18.90_18.95_19.00_19.05_,57_283_425_309_200_,18.80_18.75_18.70_18.65_18.60_,1389_732_860_1050_614_
12:13:15,18.80,1,6631,18.85_18.90_18.95_19.00_19.05_,52_283_425_309_200_,18.80_18.75_18.70_18.65_18.60_,1387_732_860_1050_614_
12:13:15,18.80,1,6631,18.85_18.90_18.95_19.00_19.05_,52_283_425_309_200_,18.80_18.75_18.70_18.65_18.60_,1387_732_860_1050_614_
12:14:32,18.80,2,6666,18.85_18.90_18.95_19.00_19.05_,50_286_428_306_200_,18.80_18.75_18.70_18.65_18.60_,1376_732_860_1050_614_
12:16:41,18.80,3,6715,18.85_18.90_18.95_19.00_19.05_,152_286_425_309_200_,18.80_18.75_18.70_18.65_18.60_,1333_732_859_1050_614_
12:22:08,18.80,1,6792,18.85_18.90_18.95_19.00_19.05_,158_286_425_308_203_,18.80_18.75_18.70_18.65_18.60_,1186_607_860_1066_597_
12:22:29,18.80,2,6805,18.85_18.90_18.95_19.00_19.05_,158_286_425_308_203_,18.80_18.75_18.70_18.65_18.60_,1173_698_762_1066_597_
12:23:36,18.80,2,6891,18.85_18.90_18.95_19.00_19.05_,158_287_425_258_203_,18.80_18.75_18.70_18.65_18.60_,91_672_803_1066_587_
12:23:36,18.80,2,6891,18.85_18.90_18.95_19.00_19.05_,158_287_425_258_203_,18.80_18.75_18.70_18.65_18.60_,91_672_803_1066_587_
12:23:41,18.80,25,6916,18.85_18.90_18.95_19.00_19.05_,175_287_408_258_203_,18.80_18.75_18.70_18.65_18.60_,66_672_803_1066_587_
12:23:46,18.80,1,6917,18.85_18.90_18.95_19.00_19.05_,175_287_408_258_203_,18.80_18.75_18.70_18.65_18.60_,65_672_803_1066_587_
12:24:42,18.80,4,7003,18.80_18.85_18.90_18.95_19.00_,1_160_281_308_235_,18.75_18.70_18.65_18.60_18.55_,169_807_1033_591_23_
12:25:28,18.80,1,7043,18.85_18.90_18.95_19.00_19.05_,172_281_308_235_203_,18.80_18.75_18.70_18.65_18.60_,17_170_807_1032_591_
12:25:39,18.80,2,7045,18.85_18.90_18.95_19.00_19.05_,172_281_308_235_203_,18.80_18.75_18.70_18.65_18.60_,15_170_807_1032_591_
12:25:44,18.80,2,7047,18.85_18.90_18.95_19.00_19.05_,172_281_308_235_203_,18.80_18.75_18.70_18.65_18.60_,13_170_807_1032_591_
12:25:49,18.80,10,7057,18.85_18.90_18.95_19.00_19.05_,170_281_308_235_203_,18.80_18.75_18.70_18.65_18.60_,3_170_807_1032_591_
12:26:30,18.75,1,7063,18.80_18.85_18.90_18.95_19.00_,19_167_485_95_232_,18.75_18.70_18.65_18.60_18.55_,204_744_823_888_23_
12:29:39,18.75,1,7088,18.80_18.85_18.90_18.95_19.00_,96_148_469_96_234_,18.75_18.70_18.65_18.60_18.55_,167_811_914_812_29_
12:33:05,18.75,2,7347,18.80_18.85_18.90_18.95_19.00_,188_138_369_50_236_,18.75_18.70_18.65_18.60_18.55_,50_403_918_820_528_
12:35:28,18.75,8,7450,18.80_18.85_18.90_18.95_19.00_,203_158_369_50_236_,18.75_18.70_18.65_18.60_18.55_,1_466_918_820_528_
12:40:46,18.75,2,7509,18.80_18.85_18.90_18.95_19.00_,319_163_287_110_237_,18.75_18.70_18.65_18.60_18.55_,95_981_921_832_528_
12:41:27,18.75,6,7521,18.80_18.85_18.90_18.95_19.00_,324_163_326_71_237_,18.75_18.70_18.65_18.60_18.55_,86_982_921_832_528_
12:41:42,18.75,1,7522,18.80_18.85_18.90_18.95_19.00_,326_163_326_71_237_,18.75_18.70_18.65_18.60_18.55_,85_982_921_832_528_
12:41:53,18.75,2,7524,18.80_18.85_18.90_18.95_19.00_,328_163_336_71_237_,18.75_18.70_18.65_18.60_18.55_,84_982_921_832_528_
12:44:37,18.75,1,7629,18.80_18.85_18.90_18.95_19.00_,365_165_302_71_247_,18.75_18.70_18.65_18.60_18.55_,63_999_921_832_528_
12:44:47,18.75,1,7630,18.80_18.85_18.90_18.95_19.00_,367_165_302_71_247_,18.75_18.70_18.65_18.60_18.55_,62_999_921_832_528_
12:45:02,18.75,1,7631,18.80_18.85_18.90_18.95_19.00_,370_165_303_71_248_,18.75_18.70_18.65_18.60_18.55_,61_999_921_832_528_
12:45:13,18.75,10,7641,18.80_18.85_18.90_18.95_19.00_,367_165_303_71_248_,18.75_18.70_18.65_18.60_18.55_,88_999_921_832_528_
12:45:28,18.75,1,7642,18.80_18.85_18.90_18.95_19.00_,369_165_303_71_248_,18.75_18.70_18.65_18.60_18.55_,87_999_921_832_528_
12:47:21,18.75,1,7669,18.80_18.85_18.90_18.95_19.00_,378_165_264_110_248_,18.75_18.70_18.65_18.60_18.55_,63_1002_921_832_530_
12:48:17,18.75,2,7693,18.80_18.85_18.90_18.95_19.00_,369_165_270_110_248_,18.75_18.70_18.65_18.60_18.55_,81_1012_921_832_531_
12:50:10,18.75,6,7741,18.80_18.85_18.90_18.95_19.00_,379_165_309_71_248_,18.75_18.70_18.65_18.60_18.55_,48_1012_921_832_531_
12:50:36,18.75,2,7751,18.80_18.85_18.90_18.95_19.00_,384_165_309_71_248_,18.75_18.70_18.65_18.60_18.55_,64_1014_923_832_531_
12:50:56,18.75,3,7756,18.80_18.85_18.90_18.95_19.00_,383_165_309_71_248_,18.75_18.70_18.65_18.60_18.55_,59_1014_923_832_531_
12:51:32,18.75,1,7765,18.80_18.85_18.90_18.95_19.00_,382_164_309_71_247_,18.75_18.70_18.65_18.60_18.55_,50_1014_923_832_531_
12:51:52,18.75,2,7769,18.80_18.85_18.90_18.95_19.00_,382_164_309_71_247_,18.75_18.70_18.65_18.60_18.55_,46_1014_923_832_531_
12:52:34,18.75,1,7786,18.80_18.85_18.90_18.95_19.00_,382_164_309_71_247_,18.75_18.70_18.65_18.60_18.55_,38_1024_923_832_531_
12:52:44,18.75,2,7788,18.80_18.85_18.90_18.95_19.00_,384_164_309_71_247_,18.75_18.70_18.65_18.60_18.55_,36_1024_923_832_531_
12:53:56,18.75,21,7878,18.80_18.85_18.90_18.95_19.00_,381_164_270_110_247_,18.75_18.70_18.65_18.60_18.55_,30_1021_921_832_531_
12:55:28,18.75,1,7955,18.75_18.80_18.85_18.90_18.95_,36_367_370_138_68_,18.70_18.65_18.60_18.55_18.50_,939_886_782_739_665_
12:56:04,18.75,1,7976,18.75_18.80_18.85_18.90_18.95_,20_367_370_138_68_,18.70_18.65_18.60_18.55_18.50_,1002_886_765_739_667_
12:57:10,18.70,2,8014,18.75_18.80_18.85_18.90_18.95_,59_357_169_303_68_,18.70_18.65_18.60_18.55_18.50_,989_889_782_739_667_
12:58:22,18.70,3,8033,18.75_18.80_18.85_18.90_18.95_,60_357_169_303_68_,18.70_18.65_18.60_18.55_18.50_,1087_861_757_739_667_
12:58:22,18.70,3,8033,18.75_18.80_18.85_18.90_18.95_,60_357_169_303_68_,18.70_18.65_18.60_18.55_18.50_,1087_861_757_739_667_
12:59:23,18.75,5,8054,18.75_18.80_18.85_18.90_18.95_,65_357_164_303_68_,18.70_18.65_18.60_18.55_18.50_,1081_862_757_739_667_
12:59:44,18.75,10,8071,18.75_18.80_18.85_18.90_18.95_,51_357_164_303_68_,18.70_18.65_18.60_18.55_18.50_,1074_862_757_739_667_
