09:00:28,15.90,1,75,15.90_15.95_16.00_16.05_16.10_,11_72_209_19_108_,15.85_15.80_15.75_15.70_15.65_,17_56_31_46_2_
09:00:39,15.90,1,75,15.90_15.95_16.00_16.05_16.10_,12_71_209_21_108_,15.85_15.80_15.75_15.70_15.65_,16_56_31_48_3_
09:00:54,15.85,1,76,15.90_15.95_16.00_16.05_16.10_,12_71_209_21_108_,15.85_15.80_15.75_15.70_15.65_,15_56_31_48_3_
09:01:04,15.85,13,94,15.90_15.95_16.00_16.05_16.10_,10_71_209_21_108_,15.80_15.75_15.70_15.65_15.60_,56_31_48_3_130_
09:01:35,15.85,4,100,15.90_15.95_16.00_16.05_16.10_,21_71_268_24_108_,15.85_15.80_15.75_15.70_15.65_,5_120_28_96_3_
09:01:56,15.85,4,100,15.90_15.95_16.00_16.05_16.10_,21_71_269_24_108_,15.85_15.80_15.75_15.70_15.65_,5_120_28_96_3_
09:02:16,15.85,5,105,15.90_15.95_16.00_16.05_16.10_,26_71_272_24_108_,15.80_15.75_15.70_15.65_15.60_,122_28_97_3_130_
09:02:21,15.85,5,105,15.90_15.95_16.00_16.05_16.10_,26_71_272_24_108_,15.80_15.75_15.70_15.65_15.60_,123_28_97_3_130_
09:02:31,15.85,5,105,15.90_15.95_16.00_16.05_16.10_,27_71_272_24_108_,15.80_15.75_15.70_15.65_15.60_,123_28_97_3_130_
09:04:14,15.85,2,122,15.85_15.90_15.95_16.00_16.05_,18_33_138_212_21_,15.80_15.75_15.70_15.65_15.60_,46_90_48_56_130_
09:05:26,15.80,31,157,15.85_15.90_15.95_16.00_16.05_,16_33_138_212_21_,15.80_15.75_15.70_15.65_15.60_,17_90_68_56_130_
09:05:31,15.80,11,168,15.85_15.90_15.95_16.00_16.05_,15_33_138_212_21_,15.80_15.75_15.70_15.65_15.60_,18_89_68_56_130_
09:05:36,15.80,11,168,15.85_15.90_15.95_16.00_16.05_,15_33_138_212_21_,15.80_15.75_15.70_15.65_15.60_,24_88_68_56_130_
09:05:41,15.80,11,168,15.85_15.90_15.95_16.00_16.05_,15_43_138_212_21_,15.80_15.75_15.70_15.65_15.60_,25_87_68_56_130_
09:05:46,15.80,11,168,15.85_15.90_15.95_16.00_16.05_,16_43_138_212_21_,15.80_15.75_15.70_15.65_15.60_,26_87_68_56_130_
09:05:51,15.80,11,168,15.85_15.90_15.95_16.00_16.05_,16_43_138_212_21_,15.80_15.75_15.70_15.65_15.60_,26_111_68_56_130_
09:06:58,15.80,3,171,15.85_15.90_15.95_16.00_16.05_,28_43_138_212_21_,15.80_15.75_15.70_15.65_15.60_,24_110_68_56_130_
09:07:08,15.80,3,171,15.85_15.90_15.95_16.00_16.05_,29_43_138_212_21_,15.80_15.75_15.70_15.65_15.60_,24_120_79_66_130_
09:09:58,15.75,3,220,15.80_15.85_15.90_15.95_16.00_,47_11_119_79_210_,15.75_15.70_15.65_15.60_15.55_,62_125_19_208_46_
09:10:34,15.75,4,237,15.80_15.85_15.90_15.95_16.00_,42_12_119_79_210_,15.75_15.70_15.65_15.60_15.55_,62_125_19_208_46_
09:10:39,15.75,4,237,15.80_15.85_15.90_15.95_16.00_,39_12_119_79_210_,15.75_15.70_15.65_15.60_15.55_,48_125_19_208_46_
09:10:44,15.75,4,237,15.80_15.85_15.90_15.95_16.00_,42_12_119_79_210_,15.75_15.70_15.65_15.60_15.55_,48_125_19_208_46_
09:10:54,15.75,4,237,15.80_15.85_15.90_15.95_16.00_,55_12_119_79_210_,15.75_15.70_15.65_15.60_15.55_,48_125_19_208_47_
09:11:30,15.75,1,238,15.80_15.85_15.90_15.95_16.00_,60_12_120_79_210_,15.75_15.70_15.65_15.60_15.55_,48_126_19_208_47_
09:12:16,15.80,5,245,15.80_15.85_15.90_15.95_16.00_,39_12_120_81_212_,15.75_15.70_15.65_15.60_15.55_,59_126_19_204_49_
09:13:38,15.75,3,252,15.80_15.85_15.90_15.95_16.00_,47_24_120_81_212_,15.75_15.70_15.65_15.60_15.55_,51_136_19_215_49_
09:14:24,15.75,3,252,15.80_15.85_15.90_15.95_16.00_,43_24_120_81_212_,15.75_15.70_15.65_15.60_15.55_,55_136_19_215_49_
09:15:05,15.80,2,254,15.80_15.85_15.90_15.95_16.00_,47_24_120_81_212_,15.75_15.70_15.65_15.60_15.55_,58_136_19_215_49_
09:15:21,15.80,2,254,15.80_15.85_15.90_15.95_16.00_,47_24_120_81_212_,15.75_15.70_15.65_15.60_15.55_,101_136_19_215_49_
09:17:03,15.75,5,273,15.80_15.85_15.90_15.95_16.00_,35_23_120_81_212_,15.75_15.70_15.65_15.60_15.55_,118_136_19_205_49_
09:19:47,15.80,1,282,15.80_15.85_15.90_15.95_16.00_,27_24_120_81_212_,15.75_15.70_15.65_15.60_15.55_,94_136_49_215_49_
09:20:07,15.80,1,282,15.80_15.85_15.90_15.95_16.00_,27_29_120_81_212_,15.75_15.70_15.65_15.60_15.55_,94_136_49_215_49_
09:20:12,15.80,2,284,15.80_15.85_15.90_15.95_16.00_,25_29_120_81_212_,15.75_15.70_15.65_15.60_15.55_,94_136_49_215_49_
09:21:09,15.80,3,295,15.80_15.85_15.90_15.95_16.00_,19_29_120_81_212_,15.75_15.70_15.65_15.60_15.55_,88_136_49_215_49_
09:21:14,15.80,3,295,15.80_15.85_15.90_15.95_16.00_,19_29_120_81_212_,15.75_15.70_15.65_15.60_15.55_,92_136_49_215_49_
09:23:07,15.75,1,334,15.80_15.85_15.90_15.95_16.00_,26_29_122_91_212_,15.75_15.70_15.65_15.60_15.55_,87_136_49_205_49_
09:25:04,15.75,1,357,15.80_15.85_15.90_15.95_16.00_,25_29_122_91_212_,15.75_15.70_15.65_15.60_15.55_,76_138_52_207_49_
09:25:25,15.85,50,407,15.85_15.90_15.95_16.00_16.05_,4_122_91_212_20_,15.75_15.70_15.65_15.60_15.55_,76_138_52_207_49_
09:26:37,15.80,13,426,15.85_15.90_15.95_16.00_16.05_,16_60_150_215_20_,15.80_15.75_15.70_15.65_15.60_,64_112_80_95_154_
09:27:23,15.80,1,430,15.85_15.90_15.95_16.00_16.05_,13_61_155_215_20_,15.80_15.75_15.70_15.65_15.60_,66_112_82_95_154_
09:28:24,15.80,1,442,15.85_15.90_15.95_16.00_16.05_,9_61_155_215_20_,15.80_15.75_15.70_15.65_15.60_,60_112_82_96_154_
09:28:50,15.85,13,466,15.90_15.95_16.00_16.05_16.10_,64_92_271_25_110_,15.85_15.80_15.75_15.70_15.65_,1_106_54_120_53_
09:29:41,15.85,7,482,15.90_15.95_16.00_16.05_16.10_,62_86_271_25_110_,15.85_15.80_15.75_15.70_15.65_,33_70_54_120_53_
09:31:13,15.80,3,551,15.85_15.90_15.95_16.00_16.05_,38_66_159_217_22_,15.80_15.75_15.70_15.65_15.60_,18_112_89_92_154_
09:32:56,15.80,1,552,15.85_15.90_15.95_16.00_16.05_,34_66_159_217_22_,15.80_15.75_15.70_15.65_15.60_,23_112_89_92_154_
09:33:01,15.80,1,552,15.85_15.90_15.95_16.00_16.05_,34_66_159_217_22_,15.80_15.75_15.70_15.65_15.60_,23_119_82_92_154_
09:33:11,15.80,1,552,15.85_15.90_15.95_16.00_16.05_,36_66_159_217_22_,15.80_15.75_15.70_15.65_15.60_,23_119_82_92_154_
09:33:27,15.80,1,552,15.85_15.90_15.95_16.00_16.05_,36_66_150_217_22_,15.80_15.75_15.70_15.65_15.60_,26_119_82_92_154_
09:33:32,15.80,1,552,15.85_15.90_15.95_16.00_16.05_,37_66_150_217_22_,15.80_15.75_15.70_15.65_15.60_,26_119_82_92_154_
09:34:03,15.80,1,552,15.85_15.90_15.95_16.00_16.05_,49_75_150_218_22_,15.80_15.75_15.70_15.65_15.60_,30_119_82_92_154_
09:34:29,15.80,1,552,15.85_15.90_15.95_16.00_16.05_,53_75_150_218_22_,15.80_15.75_15.70_15.65_15.60_,32_119_82_92_154_
09:34:34,15.80,1,552,15.85_15.90_15.95_16.00_16.05_,53_75_150_218_22_,15.80_15.75_15.70_15.65_15.60_,34_119_82_92_154_
09:34:54,15.80,1,552,15.85_15.90_15.95_16.00_16.05_,49_75_150_218_22_,15.80_15.75_15.70_15.65_15.60_,35_119_82_92_154_
09:35:04,15.80,4,556,15.85_15.90_15.95_16.00_16.05_,50_75_150_218_22_,15.80_15.75_15.70_15.65_15.60_,38_112_82_92_154_
09:35:30,15.85,3,559,15.85_15.90_15.95_16.00_16.05_,47_75_150_218_22_,15.80_15.75_15.70_15.65_15.60_,37_112_82_92_154_
09:35:35,15.85,3,559,15.85_15.90_15.95_16.00_16.05_,47_75_150_218_22_,15.80_15.75_15.70_15.65_15.60_,34_112_82_92_154_
09:36:47,15.80,32,593,15.80_15.85_15.90_15.95_16.00_,6_76_75_150_288_,15.75_15.70_15.65_15.60_15.55_,112_82_92_154_49_
09:37:13,15.75,4,617,15.80_15.85_15.90_15.95_16.00_,10_62_135_87_285_,15.75_15.70_15.65_15.60_15.55_,40_141_53_205_49_
09:37:28,15.75,4,617,15.80_15.85_15.90_15.95_16.00_,10_62_135_87_285_,15.75_15.70_15.65_15.60_15.55_,43_141_53_205_49_
09:39:47,15.75,2,623,15.80_15.85_15.90_15.95_16.00_,41_61_136_99_287_,15.75_15.70_15.65_15.60_15.55_,99_145_53_195_49_
09:40:02,15.75,1,624,15.80_15.85_15.90_15.95_16.00_,41_61_136_99_287_,15.75_15.70_15.65_15.60_15.55_,99_145_53_195_49_
09:40:07,15.75,1,624,15.80_15.85_15.90_15.95_16.00_,46_61_136_99_287_,15.75_15.70_15.65_15.60_15.55_,99_145_53_195_49_
09:40:22,15.75,1,624,15.80_15.85_15.90_15.95_16.00_,46_61_136_99_287_,15.75_15.70_15.65_15.60_15.55_,46_145_53_205_49_
09:41:44,15.80,13,683,15.85_15.90_15.95_16.00_16.05_,76_75_157_290_30_,15.80_15.75_15.70_15.65_15.60_,39_89_87_99_154_
09:42:15,15.80,1,684,15.85_15.90_15.95_16.00_16.05_,76_75_157_290_30_,15.80_15.75_15.70_15.65_15.60_,38_89_87_99_154_
09:43:01,15.80,7,717,15.85_15.90_15.95_16.00_16.05_,77_75_157_291_30_,15.80_15.75_15.70_15.65_15.60_,18_138_87_99_154_
09:43:17,15.80,7,717,15.85_15.90_15.95_16.00_16.05_,77_75_157_291_30_,15.80_15.75_15.70_15.65_15.60_,20_138_136_99_154_
09:44:08,15.80,4,725,15.85_15.90_15.95_16.00_16.05_,77_75_157_291_30_,15.80_15.75_15.70_15.65_15.60_,16_138_136_99_154_
09:44:18,15.80,4,725,15.85_15.90_15.95_16.00_16.05_,77_75_157_291_30_,15.80_15.75_15.70_15.65_15.60_,17_138_136_99_154_
09:44:54,15.80,10,750,15.80_15.85_15.90_15.95_16.00_,126_78_75_157_291_,15.75_15.70_15.65_15.60_15.55_,138_136_99_154_49_
09:45:25,15.75,9,767,15.80_15.85_15.90_15.95_16.00_,128_76_136_99_288_,15.75_15.70_15.65_15.60_15.55_,6_145_53_206_49_
09:45:35,15.75,14,781,15.75_15.80_15.85_15.90_15.95_,5_128_76_136_99_,15.70_15.65_15.60_15.55_15.50_,145_53_206_49_193_
09:45:50,15.70,4,788,15.75_15.80_15.85_15.90_15.95_,5_128_118_78_96_,15.70_15.65_15.60_15.55_15.50_,88_111_164_91_193_
09:46:57,15.75,7,795,15.80_15.85_15.90_15.95_16.00_,140_57_147_108_287_,15.75_15.70_15.65_15.60_15.55_,19_145_53_212_50_
09:47:02,15.75,7,795,15.80_15.85_15.90_15.95_16.00_,140_57_147_108_287_,15.75_15.70_15.65_15.60_15.55_,20_147_53_212_50_
09:48:14,15.75,2,797,15.80_15.85_15.90_15.95_16.00_,140_57_158_108_287_,15.75_15.70_15.65_15.60_15.55_,23_147_53_213_50_
09:49:00,15.75,4,803,15.80_15.85_15.90_15.95_16.00_,139_58_158_108_287_,15.75_15.70_15.65_15.60_15.55_,18_147_53_213_50_
09:49:05,15.75,4,807,15.80_15.85_15.90_15.95_16.00_,139_58_158_108_287_,15.75_15.70_15.65_15.60_15.55_,16_147_53_213_50_
09:49:10,15.75,4,807,15.80_15.85_15.90_15.95_16.00_,139_58_158_108_287_,15.75_15.70_15.65_15.60_15.55_,19_147_53_213_50_
09:49:16,15.75,4,807,15.80_15.85_15.90_15.95_16.00_,139_58_158_108_287_,15.75_15.70_15.65_15.60_15.55_,20_147_53_213_50_
09:51:19,15.75,2,813,15.80_15.85_15.90_15.95_16.00_,170_58_158_108_287_,15.75_15.70_15.65_15.60_15.55_,18_148_53_213_50_
09:51:24,15.75,1,814,15.80_15.85_15.90_15.95_16.00_,170_58_158_108_287_,15.75_15.70_15.65_15.60_15.55_,16_148_53_213_50_
09:52:05,15.80,2,816,15.80_15.85_15.90_15.95_16.00_,169_58_158_108_287_,15.75_15.70_15.65_15.60_15.55_,18_148_53_213_50_
09:54:34,15.80,2,818,15.80_15.85_15.90_15.95_16.00_,219_58_158_108_287_,15.75_15.70_15.65_15.60_15.55_,23_149_53_213_50_
09:58:08,15.75,1,868,15.75_15.80_15.85_15.90_15.95_,7_214_118_99_105_,15.70_15.65_15.60_15.55_15.50_,103_54_172_96_194_
09:58:19,15.75,1,869,15.75_15.80_15.85_15.90_15.95_,6_214_118_99_105_,15.70_15.65_15.60_15.55_15.50_,103_54_172_96_194_
09:58:39,15.70,1,870,15.75_15.80_15.85_15.90_15.95_,6_214_118_99_105_,15.70_15.65_15.60_15.55_15.50_,106_56_172_96_194_
09:58:49,15.70,1,870,15.75_15.80_15.85_15.90_15.95_,6_214_118_99_105_,15.70_15.65_15.60_15.55_15.50_,107_56_172_96_194_
10:01:03,15.75,3,885,15.75_15.80_15.85_15.90_15.95_,3_214_118_100_105_,15.70_15.65_15.60_15.55_15.50_,95_73_177_96_204_
10:04:07,15.75,12,938,15.80_15.85_15.90_15.95_16.00_,228_115_103_106_291_,15.70_15.65_15.60_15.55_15.50_,124_71_214_67_204_
10:04:12,15.70,4,942,15.80_15.85_15.90_15.95_16.00_,228_115_100_109_291_,15.70_15.65_15.60_15.55_15.50_,120_71_214_67_204_
10:07:06,15.70,5,989,15.75_15.80_15.85_15.90_15.95_,7_253_119_99_104_,15.70_15.65_15.60_15.55_15.50_,36_70_180_107_204_
10:07:32,15.70,24,1033,15.75_15.80_15.85_15.90_15.95_,17_283_60_91_104_,15.65_15.60_15.55_15.50_15.45_,80_180_110_204_61_
10:07:52,15.70,1,1037,15.75_15.80_15.85_15.90_15.95_,17_224_119_91_104_,15.70_15.65_15.60_15.55_15.50_,3_79_180_110_209_
10:07:57,15.70,1,1037,15.75_15.80_15.85_15.90_15.95_,17_224_119_91_104_,15.70_15.65_15.60_15.55_15.50_,9_74_180_110_209_
10:08:33,15.65,1,1049,15.70_15.75_15.80_15.85_15.90_,12_14_284_60_89_,15.65_15.60_15.55_15.50_15.45_,77_238_67_254_61_
10:08:44,15.65,5,1054,15.70_15.75_15.80_15.85_15.90_,12_14_284_60_89_,15.65_15.60_15.55_15.50_15.45_,72_238_67_254_61_
10:09:25,15.70,8,1113,15.70_15.75_15.80_15.85_15.90_,5_18_285_60_91_,15.65_15.60_15.55_15.50_15.45_,39_238_67_254_61_
10:10:36,15.65,20,1133,15.70_15.75_15.80_15.85_15.90_,6_18_285_60_91_,15.65_15.60_15.55_15.50_15.45_,51_240_50_254_61_
10:10:41,15.65,20,1133,15.70_15.75_15.80_15.85_15.90_,6_18_285_60_91_,15.65_15.60_15.55_15.50_15.45_,52_240_50_254_61_
10:10:52,15.65,1,1134,15.70_15.75_15.80_15.85_15.90_,6_18_285_60_91_,15.65_15.60_15.55_15.50_15.45_,51_240_60_254_61_
10:13:10,15.65,4,1216,15.70_15.75_15.80_15.85_15.90_,13_19_285_60_88_,15.65_15.60_15.55_15.50_15.45_,35_244_70_254_61_
10:13:20,15.65,4,1216,15.70_15.75_15.80_15.85_15.90_,12_19_285_60_88_,15.65_15.60_15.55_15.50_15.45_,35_244_70_254_61_
10:13:30,15.70,1,1217,15.70_15.75_15.80_15.85_15.90_,11_19_285_60_88_,15.65_15.60_15.55_15.50_15.45_,38_244_70_254_61_
10:13:36,15.65,8,1225,15.70_15.75_15.80_15.85_15.90_,16_19_285_60_88_,15.65_15.60_15.55_15.50_15.45_,31_244_70_254_61_
10:13:41,15.65,8,1225,15.70_15.75_15.80_15.85_15.90_,16_19_285_60_88_,15.65_15.60_15.55_15.50_15.45_,32_244_87_254_61_
10:15:08,15.60,8,1265,15.65_15.70_15.75_15.80_15.85_,4_17_80_228_58_,15.60_15.55_15.50_15.45_15.40_,183_146_224_110_160_
10:15:33,15.60,8,1275,15.65_15.70_15.75_15.80_15.85_,5_17_80_228_58_,15.60_15.55_15.50_15.45_15.40_,174_149_224_110_160_
10:16:04,15.60,2,1286,15.65_15.70_15.75_15.80_15.85_,12_17_80_228_58_,15.60_15.55_15.50_15.45_15.40_,172_149_224_110_161_
10:17:51,15.65,1,1293,15.65_15.70_15.75_15.80_15.85_,12_13_80_230_60_,15.60_15.55_15.50_15.45_15.40_,175_152_224_111_162_
10:18:22,15.75,2,1358,15.75_15.80_15.85_15.90_15.95_,4_207_64_101_104_,15.70_15.65_15.60_15.55_15.50_,51_132_152_129_208_
10:18:27,15.70,3,1361,15.75_15.80_15.85_15.90_15.95_,4_207_64_101_104_,15.70_15.65_15.60_15.55_15.50_,72_120_152_129_208_
10:18:37,15.70,3,1361,15.75_15.80_15.85_15.90_15.95_,4_206_64_101_104_,15.70_15.65_15.60_15.55_15.50_,75_116_152_129_208_
10:18:43,15.70,3,1361,15.75_15.80_15.85_15.90_15.95_,4_206_64_101_104_,15.70_15.65_15.60_15.55_15.50_,75_116_154_129_208_
10:18:48,15.75,4,1365,15.80_15.85_15.90_15.95_16.00_,208_64_101_104_226_,15.75_15.70_15.65_15.60_15.55_,17_54_116_154_129_
10:18:53,15.75,4,1365,15.80_15.85_15.90_15.95_16.00_,208_62_158_107_228_,15.75_15.70_15.65_15.60_15.55_,20_92_58_205_74_
10:19:29,15.75,45,1410,15.80_15.85_15.90_15.95_16.00_,213_112_160_109_230_,15.75_15.70_15.65_15.60_15.55_,14_75_58_205_76_
10:21:58,15.75,30,1440,15.80_15.85_15.90_15.95_16.00_,224_108_160_109_230_,15.75_15.70_15.65_15.60_15.55_,4_77_59_205_76_
10:22:13,15.75,30,1440,15.80_15.85_15.90_15.95_16.00_,219_108_160_109_230_,15.75_15.70_15.65_15.60_15.55_,4_77_59_210_76_
10:22:28,15.75,30,1440,15.80_15.85_15.90_15.95_16.00_,219_108_160_109_230_,15.75_15.70_15.65_15.60_15.55_,7_77_64_211_76_
10:23:09,15.75,9,1449,15.80_15.85_15.90_15.95_16.00_,224_108_160_109_230_,15.75_15.70_15.65_15.60_15.55_,3_77_64_211_76_
10:23:45,15.75,4,1453,15.80_15.85_15.90_15.95_16.00_,225_108_160_109_230_,15.75_15.70_15.65_15.60_15.55_,3_75_64_214_76_
10:24:21,15.70,4,1465,15.80_15.85_15.90_15.95_16.00_,228_167_104_106_230_,15.70_15.65_15.60_15.55_15.50_,58_64_209_93_208_
10:24:26,15.70,4,1465,15.75_15.80_15.85_15.90_15.95_,3_225_167_104_106_,15.70_15.65_15.60_15.55_15.50_,58_64_209_93_208_
10:24:31,15.70,4,1465,15.75_15.80_15.85_15.90_15.95_,3_225_170_104_106_,15.70_15.65_15.60_15.55_15.50_,21_66_159_124_208_
10:24:36,15.70,6,1471,15.75_15.80_15.85_15.90_15.95_,2_223_170_104_106_,15.65_15.60_15.55_15.50_15.45_,66_159_141_208_62_
10:24:42,15.70,6,1471,15.75_15.80_15.85_15.90_15.95_,2_282_117_98_106_,15.65_15.60_15.55_15.50_15.45_,121_159_142_208_62_
10:24:52,15.70,6,1471,15.75_15.80_15.85_15.90_15.95_,22_281_117_98_107_,15.65_15.60_15.55_15.50_15.45_,122_159_142_208_62_
10:25:28,15.65,6,1477,15.70_15.75_15.80_15.85_15.90_,20_22_285_114_98_,15.65_15.60_15.55_15.50_15.45_,25_264_103_257_62_
10:25:38,15.65,4,1481,15.70_15.75_15.80_15.85_15.90_,22_20_285_114_98_,15.65_15.60_15.55_15.50_15.45_,22_266_103_257_62_
10:26:50,15.65,4,1495,15.70_15.75_15.80_15.85_15.90_,23_20_285_114_100_,15.65_15.60_15.55_15.50_15.45_,44_265_86_257_62_
10:28:27,15.65,3,1509,15.70_15.75_15.80_15.85_15.90_,18_20_285_115_100_,15.65_15.60_15.55_15.50_15.45_,41_267_103_257_62_
10:28:37,15.65,3,1509,15.70_15.75_15.80_15.85_15.90_,19_20_285_115_100_,15.65_15.60_15.55_15.50_15.45_,43_265_103_257_62_
10:28:42,15.65,3,1509,15.70_15.75_15.80_15.85_15.90_,19_20_285_115_100_,15.65_15.60_15.55_15.50_15.45_,42_265_103_257_62_
10:28:47,15.65,7,1516,15.70_15.75_15.80_15.85_15.90_,19_20_285_115_100_,15.65_15.60_15.55_15.50_15.45_,35_265_103_257_62_
10:28:53,15.65,7,1516,15.70_15.75_15.80_15.85_15.90_,19_20_285_115_100_,15.65_15.60_15.55_15.50_15.45_,35_265_103_257_63_
10:29:54,15.65,2,1559,15.70_15.75_15.80_15.85_15.90_,19_20_236_115_100_,15.65_15.60_15.55_15.50_15.45_,6_263_103_277_63_
10:29:59,15.65,2,1559,15.70_15.75_15.80_15.85_15.90_,19_20_236_115_100_,15.65_15.60_15.55_15.50_15.45_,8_265_103_275_63_
10:30:15,15.65,2,1559,15.70_15.75_15.80_15.85_15.90_,19_20_236_115_100_,15.65_15.60_15.55_15.50_15.45_,69_265_103_258_63_
10:31:52,15.65,1,1560,15.70_15.75_15.80_15.85_15.90_,22_32_235_115_100_,15.65_15.60_15.55_15.50_15.45_,88_292_103_258_63_
10:32:02,15.65,1,1560,15.70_15.75_15.80_15.85_15.90_,22_32_235_115_100_,15.65_15.60_15.55_15.50_15.45_,91_292_103_258_63_
10:32:18,15.65,1,1560,15.70_15.75_15.80_15.85_15.90_,22_32_235_115_100_,15.65_15.60_15.55_15.50_15.45_,96_292_103_258_63_
10:33:35,15.65,1,1570,15.70_15.75_15.80_15.85_15.90_,13_32_235_115_100_,15.65_15.60_15.55_15.50_15.45_,121_267_103_258_63_
10:35:02,15.70,5,1586,15.70_15.75_15.80_15.85_15.90_,25_52_235_115_100_,15.65_15.60_15.55_15.50_15.45_,108_265_103_266_63_
10:35:22,15.65,8,1598,15.70_15.75_15.80_15.85_15.90_,25_52_235_115_100_,15.65_15.60_15.55_15.50_15.45_,95_266_103_266_63_
10:35:48,15.65,8,1606,15.70_15.75_15.80_15.85_15.90_,25_52_235_115_100_,15.65_15.60_15.55_15.50_15.45_,90_271_103_266_63_
10:36:50,15.70,5,1657,15.75_15.80_15.85_15.90_15.95_,31_173_170_106_106_,15.70_15.65_15.60_15.55_15.50_,31_92_216_145_201_
10:38:32,15.70,5,1680,15.75_15.80_15.85_15.90_15.95_,26_173_170_106_106_,15.70_15.65_15.60_15.55_15.50_,22_96_218_145_201_
10:39:44,15.70,1,1690,15.75_15.80_15.85_15.90_15.95_,60_173_170_106_106_,15.70_15.65_15.60_15.55_15.50_,20_94_218_146_201_
10:39:59,15.70,1,1690,15.75_15.80_15.85_15.90_15.95_,60_173_170_106_106_,15.70_15.65_15.60_15.55_15.50_,20_96_218_146_201_
10:40:09,15.70,1,1690,15.75_15.80_15.85_15.90_15.95_,59_173_171_106_106_,15.70_15.65_15.60_15.55_15.50_,23_96_218_146_201_
10:41:21,15.75,2,1694,15.75_15.80_15.85_15.90_15.95_,57_173_171_106_106_,15.70_15.65_15.60_15.55_15.50_,30_94_218_146_201_
10:41:42,15.75,2,1694,15.75_15.80_15.85_15.90_15.95_,57_173_171_104_106_,15.70_15.65_15.60_15.55_15.50_,31_94_218_146_201_
10:42:07,15.75,2,1694,15.75_15.80_15.85_15.90_15.95_,60_173_171_104_106_,15.70_15.65_15.60_15.55_15.50_,31_94_218_146_201_
10:42:28,15.75,2,1694,15.75_15.80_15.85_15.90_15.95_,60_185_171_104_106_,15.70_15.65_15.60_15.55_15.50_,32_94_218_146_201_
10:43:55,15.70,2,1698,15.75_15.80_15.85_15.90_15.95_,71_185_171_104_106_,15.70_15.65_15.60_15.55_15.50_,33_94_218_146_202_
10:44:36,15.70,2,1698,15.75_15.80_15.85_15.90_15.95_,72_185_171_104_106_,15.70_15.65_15.60_15.55_15.50_,35_94_218_146_202_
10:44:41,15.75,2,1700,15.75_15.80_15.85_15.90_15.95_,70_185_171_104_106_,15.70_15.65_15.60_15.55_15.50_,37_94_218_146_202_
10:44:46,15.75,1,1701,15.75_15.80_15.85_15.90_15.95_,69_185_171_104_106_,15.70_15.65_15.60_15.55_15.50_,35_94_218_146_202_
10:46:13,15.70,3,1704,15.75_15.80_15.85_15.90_15.95_,74_185_171_104_106_,15.70_15.65_15.60_15.55_15.50_,45_94_218_146_202_
10:46:34,15.70,1,1709,15.75_15.80_15.85_15.90_15.95_,72_186_171_104_106_,15.70_15.65_15.60_15.55_15.50_,41_94_218_146_202_
10:46:49,15.70,4,1713,15.75_15.80_15.85_15.90_15.95_,72_186_171_104_106_,15.70_15.65_15.60_15.55_15.50_,37_94_218_146_202_
10:47:05,15.70,4,1717,15.75_15.80_15.85_15.90_15.95_,72_186_171_104_106_,15.70_15.65_15.60_15.55_15.50_,32_94_218_146_202_
10:47:10,15.70,4,1717,15.75_15.80_15.85_15.90_15.95_,72_186_171_104_106_,15.70_15.65_15.60_15.55_15.50_,35_94_218_146_202_
10:47:15,15.70,2,1719,15.75_15.80_15.85_15.90_15.95_,72_186_171_104_106_,15.70_15.65_15.60_15.55_15.50_,32_94_218_146_202_
10:47:56,15.70,1,1723,15.75_15.80_15.85_15.90_15.95_,72_186_171_104_106_,15.70_15.65_15.60_15.55_15.50_,32_96_218_146_202_
10:48:42,15.70,1,1723,15.75_15.80_15.85_15.90_15.95_,72_186_171_104_106_,15.70_15.65_15.60_15.55_15.50_,37_96_218_146_202_
10:50:25,15.75,2,1736,15.75_15.80_15.85_15.90_15.95_,70_186_171_104_106_,15.70_15.65_15.60_15.55_15.50_,60_96_218_129_202_
10:51:06,15.75,2,1736,15.75_15.80_15.85_15.90_15.95_,70_186_171_104_106_,15.70_15.65_15.60_15.55_15.50_,60_96_218_129_202_
10:51:16,15.75,2,1736,15.75_15.80_15.85_15.90_15.95_,70_186_171_104_106_,15.70_15.65_15.60_15.55_15.50_,61_96_218_129_202_
10:51:21,15.75,2,1736,15.75_15.80_15.85_15.90_15.95_,70_186_171_104_106_,15.70_15.65_15.60_15.55_15.50_,62_96_218_129_202_
10:52:12,15.75,11,1807,15.80_15.85_15.90_15.95_16.00_,186_171_104_106_228_,15.75_15.70_15.65_15.60_15.55_,1_65_96_218_129_
10:53:34,15.75,2,1877,15.80_15.85_15.90_15.95_16.00_,186_171_102_106_230_,15.75_15.70_15.65_15.60_15.55_,3_37_87_218_139_
10:57:45,15.70,1,1916,15.75_15.80_15.85_15.90_15.95_,37_205_172_103_106_,15.70_15.65_15.60_15.55_15.50_,24_97_221_147_207_
10:57:56,15.70,1,1916,15.75_15.80_15.85_15.90_15.95_,37_205_172_103_106_,15.70_15.65_15.60_15.55_15.50_,25_97_221_147_207_
10:58:06,15.70,1,1916,15.75_15.80_15.85_15.90_15.95_,38_205_172_103_106_,15.70_15.65_15.60_15.55_15.50_,25_97_221_147_207_
10:58:11,15.75,5,1921,15.75_15.80_15.85_15.90_15.95_,35_205_172_103_106_,15.70_15.65_15.60_15.55_15.50_,35_97_221_147_207_
11:00:29,15.75,2,1923,15.75_15.80_15.85_15.90_15.95_,36_220_172_103_106_,15.70_15.65_15.60_15.55_15.50_,39_97_223_147_207_
11:02:33,15.70,42,1987,15.70_15.75_15.80_15.85_15.90_,44_17_271_115_97_,15.65_15.60_15.55_15.50_15.45_,60_276_94_255_64_
11:02:58,15.70,20,2008,15.70_15.75_15.80_15.85_15.90_,24_17_271_115_97_,15.65_15.60_15.55_15.50_15.45_,58_276_94_255_64_
11:03:03,15.70,20,2008,15.70_15.75_15.80_15.85_15.90_,24_17_271_115_97_,15.65_15.60_15.55_15.50_15.45_,62_276_94_255_64_
11:05:47,15.65,5,2035,15.70_15.75_15.80_15.85_15.90_,46_49_270_115_99_,15.65_15.60_15.55_15.50_15.45_,52_278_94_256_64_
11:05:58,15.65,5,2035,15.70_15.75_15.80_15.85_15.90_,46_49_270_115_99_,15.65_15.60_15.55_15.50_15.45_,50_278_94_257_64_
11:06:03,15.70,1,2036,15.70_15.75_15.80_15.85_15.90_,45_49_270_115_99_,15.65_15.60_15.55_15.50_15.45_,57_278_94_257_64_
11:06:18,15.70,1,2036,15.70_15.75_15.80_15.85_15.90_,46_49_270_115_99_,15.65_15.60_15.55_15.50_15.45_,57_278_94_257_64_
11:06:23,15.70,1,2036,15.70_15.75_15.80_15.85_15.90_,46_50_270_115_99_,15.65_15.60_15.55_15.50_15.45_,57_278_94_257_64_
11:06:39,15.70,1,2036,15.70_15.75_15.80_15.85_15.90_,46_50_270_115_99_,15.65_15.60_15.55_15.50_15.45_,62_278_94_257_64_
11:07:09,15.70,2,2038,15.70_15.75_15.80_15.85_15.90_,45_50_270_115_99_,15.65_15.60_15.55_15.50_15.45_,62_278_94_258_64_
11:08:11,15.70,8,2050,15.70_15.75_15.80_15.85_15.90_,37_50_270_115_99_,15.65_15.60_15.55_15.50_15.45_,60_278_94_258_64_
11:10:55,15.70,1,2065,15.70_15.75_15.80_15.85_15.90_,34_48_271_114_99_,15.65_15.60_15.55_15.50_15.45_,64_278_94_258_64_
11:11:52,15.70,13,2088,15.70_15.75_15.80_15.85_15.90_,18_48_271_114_99_,15.65_15.60_15.55_15.50_15.45_,69_281_94_258_64_
11:11:57,15.70,13,2088,15.70_15.75_15.80_15.85_15.90_,18_48_271_114_99_,15.65_15.60_15.55_15.50_15.45_,70_281_94_258_64_
11:12:02,15.70,13,2088,15.70_15.75_15.80_15.85_15.90_,18_48_271_114_99_,15.65_15.60_15.55_15.50_15.45_,80_281_94_258_64_
11:12:07,15.70,13,2088,15.70_15.75_15.80_15.85_15.90_,19_48_271_114_99_,15.65_15.60_15.55_15.50_15.45_,80_281_94_258_64_
11:14:00,15.65,4,2121,15.70_15.75_15.80_15.85_15.90_,28_48_272_112_99_,15.65_15.60_15.55_15.50_15.45_,82_281_77_258_64_
11:14:10,15.70,3,2124,15.70_15.75_15.80_15.85_15.90_,25_48_272_112_99_,15.65_15.60_15.55_15.50_15.45_,86_281_77_258_64_
11:15:37,15.70,10,2196,15.75_15.80_15.85_15.90_15.95_,32_216_169_105_106_,15.70_15.65_15.60_15.55_15.50_,96_88_226_139_212_
11:17:40,15.80,1,2286,15.80_15.85_15.90_15.95_16.00_,228_116_160_112_230_,15.75_15.70_15.65_15.60_15.55_,83_110_33_271_77_
11:18:31,15.80,2,2294,15.80_15.85_15.90_15.95_16.00_,224_116_160_112_230_,15.75_15.70_15.65_15.60_15.55_,81_112_33_270_77_
11:18:46,15.80,2,2294,15.80_15.85_15.90_15.95_16.00_,225_116_160_112_230_,15.75_15.70_15.65_15.60_15.55_,81_112_33_272_77_
11:19:33,15.80,3,2300,15.80_15.85_15.90_15.95_16.00_,251_116_160_112_230_,15.75_15.70_15.65_15.60_15.55_,83_110_33_272_79_
11:19:48,15.80,3,2300,15.80_15.85_15.90_15.95_16.00_,301_116_160_112_230_,15.75_15.70_15.65_15.60_15.55_,84_110_33_272_79_
11:20:14,15.80,2,2305,15.80_15.85_15.90_15.95_16.00_,297_117_160_112_230_,15.75_15.70_15.65_15.60_15.55_,81_110_33_282_79_
11:22:07,15.80,3,2316,15.80_15.85_15.90_15.95_16.00_,326_117_160_112_230_,15.75_15.70_15.65_15.60_15.55_,80_110_33_282_79_
11:23:03,15.80,3,2319,15.80_15.85_15.90_15.95_16.00_,325_117_160_112_230_,15.75_15.70_15.65_15.60_15.55_,78_110_33_282_79_
11:23:08,15.80,1,2320,15.80_15.85_15.90_15.95_16.00_,324_117_160_112_230_,15.75_15.70_15.65_15.60_15.55_,78_110_33_282_79_
11:23:13,15.80,1,2320,15.80_15.85_15.90_15.95_16.00_,324_117_160_112_230_,15.75_15.70_15.65_15.60_15.55_,79_110_33_282_79_
11:23:18,15.80,1,2320,15.80_15.85_15.90_15.95_16.00_,324_117_160_112_230_,15.75_15.70_15.65_15.60_15.55_,81_110_33_282_79_
11:23:59,15.75,10,2335,15.80_15.85_15.90_15.95_16.00_,325_117_158_113_237_,15.75_15.70_15.65_15.60_15.55_,68_110_33_362_79_
11:24:15,15.75,10,2345,15.80_15.85_15.90_15.95_16.00_,326_117_158_113_239_,15.75_15.70_15.65_15.60_15.55_,61_110_33_362_79_
11:25:47,15.75,1,2357,15.80_15.85_15.90_15.95_16.00_,338_117_151_113_239_,15.75_15.70_15.65_15.60_15.55_,60_110_33_362_79_
11:25:57,15.75,1,2357,15.80_15.85_15.90_15.95_16.00_,338_117_151_113_239_,15.75_15.70_15.65_15.60_15.55_,61_110_33_362_79_
11:26:48,15.80,3,2368,15.80_15.85_15.90_15.95_16.00_,337_117_151_113_239_,15.75_15.70_15.65_15.60_15.55_,60_110_33_362_79_
11:26:59,15.80,3,2368,15.80_15.85_15.90_15.95_16.00_,337_117_151_113_239_,15.75_15.70_15.65_15.60_15.55_,70_110_33_362_79_
11:27:04,15.80,3,2368,15.80_15.85_15.90_15.95_16.00_,336_117_151_113_239_,15.75_15.70_15.65_15.60_15.55_,70_110_33_362_79_
11:27:14,15.75,1,2369,15.80_15.85_15.90_15.95_16.00_,335_117_151_113_239_,15.75_15.70_15.65_15.60_15.55_,69_110_33_362_79_
11:28:31,15.80,3,2375,15.80_15.85_15.90_15.95_16.00_,330_117_151_113_239_,15.75_15.70_15.65_15.60_15.55_,71_110_35_362_79_
11:28:41,15.80,2,2377,15.80_15.85_15.90_15.95_16.00_,329_117_151_113_239_,15.75_15.70_15.65_15.60_15.55_,71_110_35_362_79_
11:29:12,15.80,3,2380,15.80_15.85_15.90_15.95_16.00_,326_117_151_113_243_,15.75_15.70_15.65_15.60_15.55_,69_110_35_362_79_
11:30:08,15.80,1,2386,15.80_15.85_15.90_15.95_16.00_,320_117_152_113_243_,15.75_15.70_15.65_15.60_15.55_,67_110_36_362_79_
11:30:14,15.75,2,2388,15.80_15.85_15.90_15.95_16.00_,320_117_152_113_243_,15.75_15.70_15.65_15.60_15.55_,65_110_36_362_79_
11:30:39,15.75,2,2388,15.80_15.85_15.90_15.95_16.00_,326_117_162_113_243_,15.75_15.70_15.65_15.60_15.55_,66_110_36_362_79_
11:31:05,15.80,3,2391,15.80_15.85_15.90_15.95_16.00_,322_117_162_113_243_,15.75_15.70_15.65_15.60_15.55_,66_110_36_302_79_
11:31:51,15.80,3,2398,15.80_15.85_15.90_15.95_16.00_,327_117_162_113_243_,15.75_15.70_15.65_15.60_15.55_,64_110_36_302_79_
11:32:11,15.80,2,2400,15.80_15.85_15.90_15.95_16.00_,327_117_162_113_243_,15.75_15.70_15.65_15.60_15.55_,62_110_36_302_79_
11:32:47,15.75,2,2402,15.80_15.85_15.90_15.95_16.00_,326_117_164_112_243_,15.75_15.70_15.65_15.60_15.55_,66_110_36_302_79_
11:35:16,15.75,1,2418,15.80_15.85_15.90_15.95_16.00_,317_118_164_112_243_,15.75_15.70_15.65_15.60_15.55_,64_110_36_302_79_
11:35:47,15.75,1,2419,15.80_15.85_15.90_15.95_16.00_,351_118_164_112_243_,15.75_15.70_15.65_15.60_15.55_,66_110_36_302_79_
11:36:02,15.75,2,2421,15.80_15.85_15.90_15.95_16.00_,351_118_164_112_243_,15.75_15.70_15.65_15.60_15.55_,64_110_36_302_79_
11:36:28,15.75,1,2422,15.80_15.85_15.90_15.95_16.00_,356_118_164_112_243_,15.75_15.70_15.65_15.60_15.55_,67_110_36_302_79_
11:36:33,15.80,3,2425,15.80_15.85_15.90_15.95_16.00_,353_118_164_112_243_,15.75_15.70_15.65_15.60_15.55_,66_110_36_302_79_
11:36:38,15.75,1,2426,15.80_15.85_15.90_15.95_16.00_,353_118_164_112_243_,15.75_15.70_15.65_15.60_15.55_,63_110_36_302_79_
11:36:43,15.75,1,2427,15.80_15.85_15.90_15.95_16.00_,353_118_164_112_243_,15.75_15.70_15.65_15.60_15.55_,62_110_36_302_79_
11:37:19,15.75,2,2430,15.80_15.85_15.90_15.95_16.00_,314_151_164_112_243_,15.75_15.70_15.65_15.60_15.55_,66_110_36_312_79_
11:37:40,15.75,1,2431,15.80_15.85_15.90_15.95_16.00_,314_151_164_112_243_,15.75_15.70_15.65_15.60_15.55_,65_110_36_312_79_
11:39:07,15.80,3,2449,15.80_15.85_15.90_15.95_16.00_,261_182_164_112_243_,15.75_15.70_15.65_15.60_15.55_,72_110_36_295_79_
11:39:12,15.75,1,2450,15.80_15.85_15.90_15.95_16.00_,261_184_164_112_243_,15.75_15.70_15.65_15.60_15.55_,71_110_36_295_79_
11:39:27,15.75,1,2451,15.80_15.85_15.90_15.95_16.00_,260_184_164_112_243_,15.75_15.70_15.65_15.60_15.55_,71_110_36_295_79_
11:40:14,15.75,1,2456,15.80_15.85_15.90_15.95_16.00_,260_184_164_112_243_,15.75_15.70_15.65_15.60_15.55_,69_110_37_295_79_
11:40:24,15.75,1,2456,15.80_15.85_15.90_15.95_16.00_,260_184_164_112_243_,15.75_15.70_15.65_15.60_15.55_,52_110_37_312_79_
11:40:34,15.75,10,2466,15.80_15.85_15.90_15.95_16.00_,258_185_165_112_243_,15.75_15.70_15.65_15.60_15.55_,42_110_37_312_79_
11:42:11,15.75,1,2475,15.80_15.85_15.90_15.95_16.00_,255_186_164_112_243_,15.75_15.70_15.65_15.60_15.55_,42_115_37_312_79_
11:43:03,15.75,3,2483,15.80_15.85_15.90_15.95_16.00_,254_186_164_112_243_,15.75_15.70_15.65_15.60_15.55_,38_115_37_312_79_
11:44:20,15.75,1,2492,15.80_15.85_15.90_15.95_16.00_,250_186_164_112_243_,15.75_15.70_15.65_15.60_15.55_,33_115_37_312_79_
11:44:25,15.75,2,2494,15.80_15.85_15.90_15.95_16.00_,252_186_164_112_243_,15.75_15.70_15.65_15.60_15.55_,32_115_37_312_79_
11:44:45,15.75,2,2494,15.80_15.85_15.90_15.95_16.00_,253_186_164_112_243_,15.75_15.70_15.65_15.60_15.55_,35_115_37_312_79_
11:46:12,15.80,5,2517,15.80_15.85_15.90_15.95_16.00_,243_186_164_112_243_,15.75_15.70_15.65_15.60_15.55_,26_125_47_312_79_
11:47:34,15.75,2,2523,15.80_15.85_15.90_15.95_16.00_,244_185_164_112_243_,15.75_15.70_15.65_15.60_15.55_,25_125_47_312_79_
11:48:25,15.75,2,2526,15.80_15.85_15.90_15.95_16.00_,243_185_164_112_243_,15.75_15.70_15.65_15.60_15.55_,27_125_47_312_79_
11:48:30,15.75,2,2526,15.80_15.85_15.90_15.95_16.00_,243_185_164_112_243_,15.75_15.70_15.65_15.60_15.55_,28_125_47_312_79_
11:49:42,15.75,2,2530,15.80_15.85_15.90_15.95_16.00_,242_184_164_112_243_,15.75_15.70_15.65_15.60_15.55_,26_125_47_312_79_
11:50:08,15.75,1,2531,15.80_15.85_15.90_15.95_16.00_,255_185_164_112_243_,15.75_15.70_15.65_15.60_15.55_,30_125_47_312_79_
11:51:10,15.75,1,2534,15.80_15.85_15.90_15.95_16.00_,254_185_164_112_243_,15.75_15.70_15.65_15.60_15.55_,32_125_47_312_79_
11:52:42,15.75,1,2542,15.80_15.85_15.90_15.95_16.00_,252_184_164_112_243_,15.75_15.70_15.65_15.60_15.55_,29_125_47_312_79_
11:52:57,15.75,1,2542,15.80_15.85_15.90_15.95_16.00_,252_184_164_112_243_,15.75_15.70_15.65_15.60_15.55_,31_125_47_312_79_
11:53:38,15.75,6,2551,15.80_15.85_15.90_15.95_16.00_,253_184_164_112_243_,15.75_15.70_15.65_15.60_15.55_,22_125_47_312_79_
11:53:43,15.75,6,2551,15.80_15.85_15.90_15.95_16.00_,253_184_164_112_243_,15.75_15.70_15.65_15.60_15.55_,24_125_47_312_79_
11:55:21,15.75,3,2558,15.80_15.85_15.90_15.95_16.00_,252_184_164_112_243_,15.75_15.70_15.65_15.60_15.55_,24_125_47_312_79_
11:57:13,15.75,1,2567,15.80_15.85_15.90_15.95_16.00_,250_184_164_112_243_,15.75_15.70_15.65_15.60_15.55_,20_125_47_312_79_
11:57:39,15.75,1,2567,15.80_15.85_15.90_15.95_16.00_,250_174_164_112_243_,15.75_15.70_15.65_15.60_15.55_,20_125_47_312_79_
11:57:44,15.75,10,2577,15.80_15.85_15.90_15.95_16.00_,250_174_164_112_243_,15.75_15.70_15.65_15.60_15.55_,11_125_47_312_79_
11:57:54,15.75,2,2579,15.80_15.85_15.90_15.95_16.00_,250_174_164_112_243_,15.75_15.70_15.65_15.60_15.55_,14_125_47_312_79_
12:00:39,15.75,1,2590,15.80_15.85_15.90_15.95_16.00_,250_174_164_112_243_,15.75_15.70_15.65_15.60_15.55_,13_125_48_312_79_
12:00:49,15.75,1,2590,15.80_15.85_15.90_15.95_16.00_,250_174_164_112_243_,15.75_15.70_15.65_15.60_15.55_,15_125_48_312_79_
12:02:06,15.75,1,2596,15.80_15.85_15.90_15.95_16.00_,246_175_164_112_243_,15.75_15.70_15.65_15.60_15.55_,11_125_48_312_79_
12:02:11,15.75,1,2596,15.80_15.85_15.90_15.95_16.00_,246_175_164_112_243_,15.75_15.70_15.65_15.60_15.55_,12_125_48_312_79_
12:02:16,15.75,1,2597,15.80_15.85_15.90_15.95_16.00_,246_175_164_112_243_,15.75_15.70_15.65_15.60_15.55_,11_125_48_312_79_
12:02:26,15.75,11,2608,15.80_15.85_15.90_15.95_16.00_,246_175_164_112_243_,15.70_15.65_15.60_15.55_15.50_,125_48_312_79_211_
12:02:47,15.75,11,2608,15.75_15.80_15.85_15.90_15.95_,51_204_230_107_106_,15.70_15.65_15.60_15.55_15.50_,77_99_267_128_211_
12:03:38,15.70,1,2610,15.75_15.80_15.85_15.90_15.95_,53_203_231_108_106_,15.70_15.65_15.60_15.55_15.50_,80_99_267_128_211_
12:04:39,15.70,1,2610,15.75_15.80_15.85_15.90_15.95_,57_207_231_108_106_,15.70_15.65_15.60_15.55_15.50_,80_99_270_128_211_
12:05:00,15.70,1,2610,15.75_15.80_15.85_15.90_15.95_,57_207_231_108_106_,15.70_15.65_15.60_15.55_15.50_,81_99_270_128_211_
12:05:05,15.70,1,2610,15.75_15.80_15.85_15.90_15.95_,57_207_231_108_106_,15.70_15.65_15.60_15.55_15.50_,82_98_270_128_211_
12:06:12,15.70,1,2615,15.75_15.80_15.85_15.90_15.95_,56_207_231_108_106_,15.70_15.65_15.60_15.55_15.50_,81_99_270_128_211_
12:08:46,15.70,2,2623,15.75_15.80_15.85_15.90_15.95_,54_207_231_108_106_,15.70_15.65_15.60_15.55_15.50_,95_99_269_128_211_
12:09:27,15.70,2,2623,15.75_15.80_15.85_15.90_15.95_,56_207_231_108_106_,15.70_15.65_15.60_15.55_15.50_,97_99_269_128_214_
12:10:59,15.75,1,2629,15.75_15.80_15.85_15.90_15.95_,56_207_232_107_106_,15.70_15.65_15.60_15.55_15.50_,107_48_269_128_214_
12:11:20,15.75,1,2629,15.75_15.80_15.85_15.90_15.95_,56_207_232_107_106_,15.70_15.65_15.60_15.55_15.50_,107_48_274_128_209_
12:11:56,15.70,1,2632,15.75_15.80_15.85_15.90_15.95_,63_206_232_107_106_,15.70_15.65_15.60_15.55_15.50_,85_48_274_145_209_
12:13:02,15.75,2,2636,15.75_15.80_15.85_15.90_15.95_,65_206_232_107_106_,15.70_15.65_15.60_15.55_15.50_,91_48_274_145_209_
12:13:49,15.75,8,2650,15.75_15.80_15.85_15.90_15.95_,58_205_232_107_106_,15.70_15.65_15.60_15.55_15.50_,96_99_274_128_209_
12:14:09,15.70,1,2651,15.75_15.80_15.85_15.90_15.95_,58_205_232_107_106_,15.70_15.65_15.60_15.55_15.50_,98_99_274_128_209_
12:14:14,15.70,1,2651,15.75_15.80_15.85_15.90_15.95_,58_205_232_107_106_,15.70_15.65_15.60_15.55_15.50_,150_48_274_128_209_
12:15:21,15.75,2,2656,15.75_15.80_15.85_15.90_15.95_,54_205_232_107_106_,15.70_15.65_15.60_15.55_15.50_,79_48_274_145_209_
12:15:36,15.75,2,2656,15.75_15.80_15.85_15.90_15.95_,54_205_232_107_106_,15.70_15.65_15.60_15.55_15.50_,80_48_274_145_209_
12:16:27,15.75,2,2662,15.75_15.80_15.85_15.90_15.95_,64_205_232_107_106_,15.70_15.65_15.60_15.55_15.50_,84_99_274_145_209_
12:16:48,15.75,2,2662,15.75_15.80_15.85_15.90_15.95_,64_205_232_107_106_,15.70_15.65_15.60_15.55_15.50_,83_99_274_145_209_
12:17:08,15.70,1,2665,15.75_15.80_15.85_15.90_15.95_,63_205_232_107_106_,15.70_15.65_15.60_15.55_15.50_,81_94_274_145_209_
12:20:03,15.70,1,2674,15.75_15.80_15.85_15.90_15.95_,72_200_232_107_106_,15.70_15.65_15.60_15.55_15.50_,143_43_274_145_209_
12:23:43,15.75,1,2697,15.75_15.80_15.85_15.90_15.95_,67_196_226_109_108_,15.70_15.65_15.60_15.55_15.50_,153_43_275_145_209_
12:24:34,15.70,1,2703,15.75_15.80_15.85_15.90_15.95_,67_201_226_109_108_,15.70_15.65_15.60_15.55_15.50_,152_43_275_145_220_
12:24:45,15.70,1,2703,15.75_15.80_15.85_15.90_15.95_,68_201_226_109_108_,15.70_15.65_15.60_15.55_15.50_,154_43_275_145_220_
12:24:55,15.70,1,2704,15.75_15.80_15.85_15.90_15.95_,68_231_226_109_108_,15.70_15.65_15.60_15.55_15.50_,155_43_275_145_220_
12:25:00,15.70,1,2704,15.75_15.80_15.85_15.90_15.95_,68_231_226_109_108_,15.70_15.65_15.60_15.55_15.50_,154_43_275_145_220_
12:25:05,15.75,3,2707,15.75_15.80_15.85_15.90_15.95_,65_231_226_109_108_,15.70_15.65_15.60_15.55_15.50_,156_43_275_145_220_
12:25:10,15.75,2,2709,15.75_15.80_15.85_15.90_15.95_,64_231_226_109_108_,15.70_15.65_15.60_15.55_15.50_,108_94_275_145_220_
12:25:20,15.70,1,2710,15.75_15.80_15.85_15.90_15.95_,64_231_226_109_108_,15.70_15.65_15.60_15.55_15.50_,107_94_275_145_220_
12:25:25,15.70,1,2710,15.75_15.80_15.85_15.90_15.95_,65_230_226_109_108_,15.70_15.65_15.60_15.55_15.50_,169_43_275_128_220_
12:26:47,15.75,2,2714,15.75_15.80_15.85_15.90_15.95_,63_230_226_109_108_,15.70_15.65_15.60_15.55_15.50_,173_44_275_128_220_
12:26:53,15.75,2,2714,15.75_15.80_15.85_15.90_15.95_,63_230_226_109_108_,15.70_15.65_15.60_15.55_15.50_,126_95_275_128_220_
12:27:13,15.70,1,2715,15.75_15.80_15.85_15.90_15.95_,63_230_226_109_108_,15.70_15.65_15.60_15.55_15.50_,169_44_275_128_220_
12:27:34,15.75,3,2718,15.75_15.80_15.85_15.90_15.95_,60_230_226_109_108_,15.70_15.65_15.60_15.55_15.50_,169_44_275_128_220_
12:27:44,15.75,1,2719,15.75_15.80_15.85_15.90_15.95_,61_223_226_109_108_,15.70_15.65_15.60_15.55_15.50_,124_95_275_128_220_
12:28:30,15.75,2,2723,15.75_15.80_15.85_15.90_15.95_,57_221_226_109_108_,15.70_15.65_15.60_15.55_15.50_,124_97_275_128_220_
12:28:50,15.75,1,2724,15.75_15.80_15.85_15.90_15.95_,58_221_226_109_108_,15.70_15.65_15.60_15.55_15.50_,126_95_275_128_220_
12:31:35,15.75,3,2732,15.75_15.80_15.85_15.90_15.95_,62_225_226_109_108_,15.70_15.65_15.60_15.55_15.50_,128_96_275_128_220_
12:31:40,15.75,3,2732,15.75_15.80_15.85_15.90_15.95_,62_225_226_109_108_,15.70_15.65_15.60_15.55_15.50_,130_96_275_128_220_
12:33:28,15.75,2,2769,15.75_15.80_15.85_15.90_15.95_,35_259_192_109_108_,15.70_15.65_15.60_15.55_15.50_,129_96_275_128_220_
12:35:10,15.75,5,2801,15.75_15.80_15.85_15.90_15.95_,4_260_196_109_108_,15.70_15.65_15.60_15.55_15.50_,134_96_275_128_220_
12:35:36,15.75,5,2801,15.75_15.80_15.85_15.90_15.95_,4_260_196_109_108_,15.70_15.65_15.60_15.55_15.50_,137_96_275_128_220_
12:35:41,15.75,2,2803,15.75_15.80_15.85_15.90_15.95_,4_259_196_109_108_,15.70_15.65_15.60_15.55_15.50_,135_96_275_128_220_
12:35:56,15.75,3,2806,15.75_15.80_15.85_15.90_15.95_,2_259_196_109_108_,15.70_15.65_15.60_15.55_15.50_,140_96_275_128_220_
12:36:01,15.75,3,2806,15.75_15.80_15.85_15.90_15.95_,6_259_196_109_108_,15.70_15.65_15.60_15.55_15.50_,138_96_275_128_220_
12:36:22,15.75,5,2811,15.75_15.80_15.85_15.90_15.95_,1_259_196_109_108_,15.70_15.65_15.60_15.55_15.50_,137_96_276_128_220_
12:36:32,15.75,1,2812,15.80_15.85_15.90_15.95_16.00_,259_196_109_108_241_,15.75_15.70_15.65_15.60_15.55_,9_137_96_276_128_
12:39:31,15.75,10,2869,15.80_15.85_15.90_15.95_16.00_,279_142_166_114_241_,15.75_15.70_15.65_15.60_15.55_,29_84_45_324_79_
12:39:36,15.75,10,2869,15.80_15.85_15.90_15.95_16.00_,280_142_166_114_241_,15.75_15.70_15.65_15.60_15.55_,32_84_45_324_79_
12:39:47,15.75,10,2869,15.80_15.85_15.90_15.95_16.00_,281_142_166_114_241_,15.75_15.70_15.65_15.60_15.55_,32_84_45_324_79_
12:41:04,15.75,3,2904,15.80_15.85_15.90_15.95_16.00_,281_143_166_114_241_,15.75_15.70_15.65_15.60_15.55_,57_84_45_324_79_
12:41:29,15.75,3,2904,15.80_15.85_15.90_15.95_16.00_,283_143_166_114_241_,15.75_15.70_15.65_15.60_15.55_,60_84_45_324_79_
12:41:34,15.75,3,2904,15.80_15.85_15.90_15.95_16.00_,283_143_166_114_241_,15.75_15.70_15.65_15.60_15.55_,63_84_45_324_79_
12:42:00,15.75,3,2904,15.80_15.85_15.90_15.95_16.00_,283_143_198_114_241_,15.75_15.70_15.65_15.60_15.55_,63_84_45_324_79_
12:43:12,15.75,3,2909,15.80_15.85_15.90_15.95_16.00_,294_143_203_114_241_,15.75_15.70_15.65_15.60_15.55_,67_84_45_334_79_
12:46:16,15.75,1,2949,15.75_15.80_15.85_15.90_15.95_,54_251_198_160_108_,15.70_15.65_15.60_15.55_15.50_,183_46_296_128_220_
12:49:05,15.70,1,3091,15.75_15.80_15.85_15.90_15.95_,52_257_198_161_108_,15.70_15.65_15.60_15.55_15.50_,114_46_297_128_220_
12:50:17,15.75,1,3095,15.75_15.80_15.85_15.90_15.95_,52_257_198_161_108_,15.70_15.65_15.60_15.55_15.50_,151_46_297_128_220_
12:50:43,15.70,1,3099,15.75_15.80_15.85_15.90_15.95_,51_257_198_161_108_,15.70_15.65_15.60_15.55_15.50_,147_46_297_128_220_
12:52:00,15.75,2,3129,15.75_15.80_15.85_15.90_15.95_,26_257_198_161_108_,15.70_15.65_15.60_15.55_15.50_,205_46_295_125_220_
12:53:01,15.75,5,3134,15.75_15.80_15.85_15.90_15.95_,23_261_198_161_108_,15.70_15.65_15.60_15.55_15.50_,215_46_295_125_220_
12:54:38,15.75,7,3146,15.75_15.80_15.85_15.90_15.95_,27_291_198_161_108_,15.70_15.65_15.60_15.55_15.50_,211_46_295_125_220_
12:54:54,15.75,2,3148,15.75_15.80_15.85_15.90_15.95_,27_291_198_161_108_,15.70_15.65_15.60_15.55_15.50_,211_46_295_125_220_
12:55:45,15.75,3,3155,15.75_15.80_15.85_15.90_15.95_,23_291_198_161_108_,15.70_15.65_15.60_15.55_15.50_,213_46_295_125_220_
12:56:05,15.75,3,3158,15.75_15.80_15.85_15.90_15.95_,20_291_198_161_108_,15.70_15.65_15.60_15.55_15.50_,211_46_295_125_200_
12:56:41,15.75,3,3162,15.75_15.80_15.85_15.90_15.95_,18_291_198_161_108_,15.70_15.65_15.60_15.55_15.50_,208_46_295_125_200_
12:56:51,15.75,1,3163,15.75_15.80_15.85_15.90_15.95_,18_291_198_161_108_,15.70_15.65_15.60_15.55_15.50_,208_66_295_125_200_
12:58:08,15.75,3,3178,15.75_15.80_15.85_15.90_15.95_,8_290_198_161_108_,15.70_15.65_15.60_15.55_15.50_,207_66_295_125_200_
12:58:13,15.75,3,3178,15.75_15.80_15.85_15.90_15.95_,10_290_198_161_108_,15.70_15.65_15.60_15.55_15.50_,208_66_295_125_200_
12:58:19,15.75,1,3179,15.75_15.80_15.85_15.90_15.95_,9_290_198_161_108_,15.70_15.65_15.60_15.55_15.50_,207_66_295_125_200_
12:59:10,15.75,2,3189,15.80_15.85_15.90_15.95_16.00_,290_195_165_108_241_,15.75_15.70_15.65_15.60_15.55_,4_201_66_344_75_
13:00:47,15.80,1,3205,15.80_15.85_15.90_15.95_16.00_,280_137_265_108_241_,15.75_15.70_15.65_15.60_15.55_,130_111_66_344_75_
13:04:18,15.80,7,3245,15.80_15.85_15.90_15.95_16.00_,301_141_263_108_243_,15.75_15.70_15.65_15.60_15.55_,162_111_66_327_75_
13:04:33,15.80,7,3245,15.80_15.85_15.90_15.95_16.00_,301_141_263_108_243_,15.75_15.70_15.65_15.60_15.55_,163_111_66_327_75_
13:08:18,15.80,10,3276,15.80_15.85_15.90_15.95_16.00_,302_145_263_108_243_,15.75_15.70_15.65_15.60_15.55_,87_116_70_329_75_
13:08:29,15.80,1,3277,15.80_15.85_15.90_15.95_16.00_,301_145_263_108_243_,15.75_15.70_15.65_15.60_15.55_,82_116_70_329_75_
13:08:44,15.80,1,3277,15.80_15.85_15.90_15.95_16.00_,301_145_263_108_243_,15.75_15.70_15.65_15.60_15.55_,84_116_70_329_75_
13:09:20,15.75,1,3282,15.80_15.85_15.90_15.95_16.00_,301_145_202_169_243_,15.75_15.70_15.65_15.60_15.55_,158_116_70_329_75_
13:09:46,15.75,1,3282,15.80_15.85_15.90_15.95_16.00_,302_145_202_169_243_,15.75_15.70_15.65_15.60_15.55_,160_116_70_329_75_
13:09:51,15.75,1,3282,15.80_15.85_15.90_15.95_16.00_,302_145_202_169_243_,15.75_15.70_15.65_15.60_15.55_,162_116_70_329_75_
13:10:11,15.75,2,3284,15.80_15.85_15.90_15.95_16.00_,303_138_202_169_243_,15.75_15.70_15.65_15.60_15.55_,160_120_70_329_75_
13:10:42,15.75,2,3284,15.80_15.85_15.90_15.95_16.00_,306_138_202_169_243_,15.75_15.70_15.65_15.60_15.55_,160_120_70_329_75_
13:16:10,15.75,1,3404,15.80_15.85_15.90_15.95_16.00_,360_107_202_169_243_,15.75_15.70_15.65_15.60_15.55_,123_121_70_474_220_
13:16:26,15.80,2,3406,15.80_15.85_15.90_15.95_16.00_,358_166_204_108_243_,15.75_15.70_15.65_15.60_15.55_,124_121_70_474_220_
13:16:31,15.75,2,3408,15.80_15.85_15.90_15.95_16.00_,358_166_204_108_243_,15.75_15.70_15.65_15.60_15.55_,122_121_70_474_220_
13:16:36,15.75,2,3408,15.80_15.85_15.90_15.95_16.00_,358_107_202_169_243_,15.75_15.70_15.65_15.60_15.55_,122_121_73_474_220_
13:16:41,15.75,3,3411,15.80_15.85_15.90_15.95_16.00_,358_107_202_169_243_,15.75_15.70_15.65_15.60_15.55_,119_121_73_474_220_
13:16:46,15.75,1,3412,15.80_15.85_15.90_15.95_16.00_,358_107_202_169_243_,15.75_15.70_15.65_15.60_15.55_,118_121_73_474_220_
13:16:51,15.80,4,3416,15.80_15.85_15.90_15.95_16.00_,354_107_202_169_243_,15.75_15.70_15.65_15.60_15.55_,122_121_70_474_220_
13:23:47,15.75,5,3541,15.80_15.85_15.90_15.95_16.00_,265_152_263_138_273_,15.75_15.70_15.65_15.60_15.55_,22_175_70_469_220_
13:23:52,15.75,3,3544,15.80_15.85_15.90_15.95_16.00_,262_152_263_138_273_,15.75_15.70_15.65_15.60_15.55_,28_171_70_469_220_
13:24:18,15.75,1,3549,15.80_15.85_15.90_15.95_16.00_,262_152_263_207_342_,15.75_15.70_15.65_15.60_15.55_,29_172_70_502_220_
13:24:38,15.75,1,3552,15.80_15.85_15.90_15.95_16.00_,260_152_263_207_338_,15.75_15.70_15.65_15.60_15.55_,29_172_70_500_218_
13:25:18,15.80,1,3557,15.80_15.85_15.90_15.95_16.00_,112_206_214_207_338_,15.75_15.70_15.65_15.60_15.55_,41_324_53_483_218_
13:26:35,15.80,1,3557,15.80_15.85_15.90_15.95_16.00_,113_209_214_393_338_,15.75_15.70_15.65_15.60_15.55_,27_511_216_483_218_
13:28:12,15.80,1,3557,15.85_15.90_15.95_16.00_16.05_,209_423_393_338_95_,15.80_15.75_15.70_15.65_15.60_,125_66_821_406_483_
13:29:19,15.80,1,3557,15.85_15.90_15.95_16.00_16.05_,208_423_393_338_95_,15.80_15.75_15.70_15.65_15.60_,128_66_888_470_548_
13:30:00,15.80,909,4466,15.85_15.90_15.95_16.00_16.05_,208_423_393_338_95_,15.80_15.75_15.70_15.65_15.60_,21_66_1169_470_548_
