09:00:23,22.85,10,44,22.90_23.00_23.05_23.10_23.15_,3_12_1_3_10_,22.85_22.80_22.70_22.65_22.60_,9_1_3_2_6_
09:00:39,22.85,10,44,22.90_23.00_23.05_23.10_23.15_,3_12_1_3_10_,22.85_22.80_22.70_22.65_22.60_,14_1_3_2_6_
09:00:44,22.85,10,44,22.90_23.00_23.05_23.10_23.15_,3_12_1_3_10_,22.85_22.80_22.70_22.65_22.60_,19_1_3_2_6_
09:01:10,22.85,3,47,22.90_22.95_23.00_23.10_23.15_,3_1_12_3_10_,22.85_22.80_22.70_22.65_22.60_,16_1_3_2_6_
09:01:46,22.90,1,51,22.90_22.95_23.00_23.10_23.15_,1_1_12_3_10_,22.85_22.80_22.70_22.65_22.60_,15_2_3_2_6_
09:01:56,22.90,1,52,22.95_23.00_23.05_23.10_23.15_,1_13_1_3_10_,22.85_22.80_22.70_22.65_22.60_,16_2_3_2_6_
09:02:11,22.90,1,53,22.95_23.00_23.10_23.15_23.20_,21_13_4_10_10_,22.90_22.85_22.80_22.70_22.65_,5_12_3_3_3_
09:02:16,22.90,1,53,22.95_23.00_23.10_23.15_23.20_,21_16_4_10_10_,22.90_22.85_22.80_22.70_22.65_,6_13_3_3_3_
09:02:26,22.90,1,53,22.95_23.00_23.10_23.15_23.20_,21_16_4_10_10_,22.90_22.85_22.80_22.70_22.65_,7_12_3_3_3_
09:02:37,22.90,7,60,22.90_22.95_23.00_23.10_23.15_,3_21_16_4_10_,22.85_22.80_22.70_22.65_22.60_,12_3_3_3_6_
09:04:14,22.85,5,86,22.90_22.95_23.00_23.10_23.15_,28_22_8_3_10_,22.80_22.70_22.65_22.60_22.50_,3_3_3_6_77_
09:05:26,22.70,2,191,22.75_22.80_22.85_22.90_22.95_,1_19_5_30_20_,22.65_22.50_22.40_22.30_22.25_,1_8_3_17_2_
09:05:31,22.65,1,192,22.65_22.80_22.85_22.90_22.95_,1_19_6_30_20_,22.50_22.40_22.30_22.25_22.20_,8_3_17_2_25_
09:05:36,22.50,2,194,22.65_22.75_22.80_22.85_22.90_,1_1_19_5_30_,22.50_22.45_22.40_22.35_22.30_,6_1_3_1_17_
09:05:41,22.65,1,195,22.75_22.80_22.85_22.90_22.95_,1_19_5_30_20_,22.50_22.45_22.40_22.35_22.30_,6_1_3_1_17_
09:05:46,22.50,6,201,22.50_22.80_22.85_22.90_22.95_,3_20_5_30_20_,22.45_22.40_22.30_22.25_22.20_,1_4_18_2_25_
09:05:51,22.50,2,203,22.50_22.75_22.80_22.85_22.90_,1_1_19_9_30_,22.45_22.40_22.30_22.25_22.20_,1_3_18_3_25_
09:07:03,22.40,2,215,22.40_22.45_22.50_22.55_22.75_,11_8_1_1_6_,22.30_22.25_22.20_22.15_22.10_,22_4_30_5_27_
09:07:13,22.40,2,215,22.40_22.45_22.55_22.75_22.80_,11_8_2_6_10_,22.35_22.30_22.25_22.20_22.15_,1_22_4_30_7_
09:10:02,22.45,10,300,22.55_22.65_22.70_22.75_22.85_,4_6_7_6_9_,22.45_22.40_22.35_22.30_22.25_,1_17_19_31_5_
09:10:33,22.55,1,317,22.55_22.65_22.70_22.75_22.85_,2_6_7_6_9_,22.50_22.40_22.35_22.30_22.25_,10_16_19_31_5_
09:10:38,22.40,11,328,22.55_22.60_22.65_22.70_22.75_,2_5_5_8_6_,22.40_22.35_22.30_22.25_22.20_,18_19_32_4_30_
09:10:43,22.40,11,328,22.55_22.60_22.65_22.70_22.75_,2_5_6_7_6_,22.45_22.40_22.35_22.30_22.25_,1_18_19_34_5_
09:10:59,22.40,5,334,22.45_22.50_22.55_22.60_22.65_,4_3_2_6_5_,22.40_22.35_22.30_22.25_22.20_,14_19_34_4_31_
09:11:35,22.40,2,340,22.50_22.55_22.60_22.65_22.70_,3_8_5_6_1_,22.45_22.40_22.35_22.30_22.25_,16_23_19_33_6_
09:12:21,22.55,8,351,22.60_22.65_22.70_22.75_22.80_,5_5_2_7_1_,22.50_22.45_22.40_22.35_22.30_,5_20_31_16_37_
09:13:43,22.60,2,373,22.60_22.65_22.70_22.75_22.80_,4_5_2_6_8_,22.55_22.50_22.45_22.40_22.35_,1_3_28_38_17_
09:14:29,22.60,1,377,22.60_22.65_22.70_22.75_22.80_,5_5_2_6_8_,22.55_22.50_22.45_22.40_22.35_,2_4_28_42_18_
09:15:04,22.55,7,397,22.55_22.65_22.70_22.75_22.80_,28_5_9_5_2_,22.50_22.45_22.40_22.35_22.30_,8_28_34_17_34_
09:15:10,22.55,7,397,22.55_22.65_22.70_22.75_22.80_,28_5_9_5_2_,22.50_22.45_22.40_22.35_22.30_,16_28_34_17_34_
09:15:25,22.55,10,414,22.55_22.65_22.70_22.75_22.80_,18_5_9_5_2_,22.50_22.45_22.40_22.35_22.30_,12_28_34_17_34_
09:17:07,22.60,1,455,22.65_22.70_22.75_22.80_22.85_,24_8_5_3_11_,22.60_22.55_22.50_22.45_22.40_,9_21_21_31_34_
09:19:46,22.65,1,499,22.65_22.70_22.75_22.80_22.85_,1_2_6_9_9_,22.60_22.55_22.50_22.45_22.40_,17_21_30_32_39_
09:19:56,22.70,3,502,22.75_22.80_22.85_22.90_22.95_,6_8_9_2_22_,22.65_22.60_22.55_22.50_22.45_,2_23_21_30_33_
09:20:02,22.70,3,502,22.75_22.80_22.85_22.90_22.95_,6_8_9_2_22_,22.65_22.60_22.55_22.50_22.45_,2_23_21_30_25_
09:20:07,22.70,3,502,22.75_22.80_22.85_22.90_22.95_,26_8_9_2_2_,22.65_22.60_22.55_22.50_22.45_,2_20_21_30_25_
09:20:12,22.70,3,502,22.70_22.75_22.80_22.85_22.90_,1_26_8_9_2_,22.65_22.60_22.55_22.50_22.45_,2_20_21_30_25_
09:21:08,22.65,1,516,22.65_22.75_22.80_22.85_22.90_,1_26_8_9_2_,22.60_22.55_22.50_22.45_22.40_,20_21_30_25_39_
09:21:13,22.65,1,516,22.65_22.75_22.80_22.85_22.90_,1_26_9_8_2_,22.60_22.55_22.50_22.45_22.40_,20_21_30_24_40_
09:23:11,22.65,1,546,22.65_22.70_22.75_22.80_22.85_,10_33_7_3_6_,22.60_22.55_22.50_22.45_22.40_,25_21_36_24_40_
09:25:19,22.60,3,575,22.60_22.65_22.70_22.75_22.80_,3_25_33_2_2_,22.55_22.50_22.45_22.40_22.35_,21_36_24_39_20_
09:25:29,22.60,3,575,22.60_22.65_22.70_22.75_22.80_,4_25_33_2_2_,22.55_22.50_22.45_22.40_22.35_,21_36_24_40_20_
09:26:51,22.60,1,583,22.60_22.65_22.70_22.75_22.80_,18_25_27_2_3_,22.55_22.50_22.45_22.40_22.35_,22_36_24_42_20_
09:27:22,22.60,1,597,22.60_22.65_22.70_22.75_22.80_,10_26_27_2_3_,22.55_22.50_22.45_22.40_22.35_,19_36_24_42_20_
09:28:23,22.60,10,608,22.65_22.70_22.75_22.80_22.85_,20_27_1_10_3_,22.60_22.55_22.50_22.45_22.40_,14_18_37_25_42_
09:28:44,22.60,1,610,22.65_22.70_22.75_22.80_22.85_,20_27_1_10_3_,22.60_22.55_22.50_22.45_22.40_,14_20_37_25_42_
09:29:20,22.60,2,622,22.60_22.65_22.70_22.75_22.80_,2_20_27_2_9_,22.55_22.50_22.45_22.40_22.35_,19_38_25_41_20_
09:31:28,22.55,1,642,22.60_22.65_22.70_22.75_22.80_,6_20_34_3_5_,22.55_22.50_22.45_22.40_22.35_,13_37_24_44_20_
09:32:55,22.60,5,665,22.60_22.65_22.70_22.75_22.80_,9_17_29_3_3_,22.55_22.50_22.45_22.40_22.35_,2_37_24_38_20_
09:34:12,22.55,5,670,22.60_22.65_22.70_22.75_22.80_,9_19_27_3_3_,22.55_22.50_22.45_22.40_22.35_,17_38_24_38_20_
09:34:32,22.55,5,670,22.60_22.65_22.70_22.75_22.80_,9_19_27_3_2_,22.55_22.50_22.45_22.40_22.35_,17_38_24_38_20_
09:34:37,22.60,2,672,22.60_22.65_22.70_22.75_22.80_,7_19_27_3_2_,22.55_22.50_22.45_22.40_22.35_,17_38_24_38_20_
09:35:08,22.60,2,672,22.60_22.65_22.70_22.75_22.80_,9_19_25_3_2_,22.55_22.50_22.45_22.40_22.35_,17_38_22_38_20_
09:35:23,22.55,5,677,22.60_22.65_22.70_22.75_22.80_,9_19_25_3_2_,22.55_22.50_22.45_22.40_22.35_,12_38_22_38_20_
09:36:35,22.55,5,677,22.60_22.65_22.70_22.75_22.80_,60_17_25_3_2_,22.55_22.50_22.45_22.40_22.35_,19_38_22_37_20_
09:37:06,22.55,10,687,22.60_22.65_22.70_22.75_22.80_,60_17_25_3_2_,22.55_22.50_22.45_22.40_22.35_,9_38_22_36_21_
09:37:26,22.55,1,688,22.60_22.65_22.70_22.75_22.80_,60_17_25_3_2_,22.55_22.50_22.45_22.40_22.35_,8_38_22_36_21_
09:39:50,22.55,1,716,22.60_22.65_22.70_22.75_22.85_,9_17_27_3_4_,22.55_22.50_22.45_22.40_22.35_,50_50_24_36_21_
09:39:55,22.60,2,718,22.60_22.65_22.70_22.75_22.85_,7_17_27_3_4_,22.55_22.50_22.45_22.40_22.35_,50_50_24_36_21_
09:40:21,22.60,2,718,22.60_22.65_22.70_22.75_22.85_,7_7_27_3_4_,22.55_22.50_22.45_22.40_22.35_,50_50_24_36_21_
09:41:53,22.65,1,732,22.70_22.75_22.80_22.85_22.90_,27_2_8_4_4_,22.60_22.55_22.50_22.45_22.40_,20_40_48_24_37_
09:41:58,22.65,1,732,22.70_22.75_22.80_22.85_22.90_,29_2_8_4_4_,22.60_22.55_22.50_22.45_22.40_,30_40_48_24_37_
09:42:24,22.65,1,732,22.70_22.75_22.80_22.85_22.90_,29_2_8_4_4_,22.65_22.60_22.55_22.50_22.45_,1_30_40_48_24_
09:42:54,22.65,1,732,22.70_22.75_22.80_22.85_22.90_,29_2_7_5_4_,22.65_22.60_22.55_22.50_22.45_,6_28_40_48_25_
09:43:20,22.65,1,732,22.70_22.75_22.80_22.85_22.90_,29_2_7_5_4_,22.65_22.60_22.55_22.50_22.45_,10_28_46_48_25_
09:43:56,22.65,1,732,22.70_22.75_22.80_22.85_22.90_,29_3_7_5_4_,22.65_22.60_22.55_22.50_22.45_,13_23_41_48_25_
09:44:21,22.70,10,742,22.70_22.75_22.80_22.85_22.90_,19_3_7_5_4_,22.65_22.60_22.55_22.50_22.45_,18_23_41_49_25_
09:44:57,22.70,5,747,22.70_22.75_22.80_22.85_22.90_,17_3_7_5_4_,22.65_22.60_22.55_22.50_22.45_,18_43_41_37_25_
09:45:28,22.70,5,755,22.70_22.75_22.80_22.85_22.90_,9_3_7_5_4_,22.65_22.60_22.55_22.50_22.45_,18_58_26_30_25_
09:45:33,22.70,5,755,22.70_22.75_22.80_22.85_22.90_,9_8_7_4_4_,22.65_22.60_22.55_22.50_22.45_,18_58_26_30_25_
09:47:00,22.75,5,775,22.75_22.80_22.85_22.90_22.95_,8_7_4_4_7_,22.70_22.65_22.60_22.55_22.50_,2_42_58_26_31_
09:47:10,22.75,1,776,22.75_22.80_22.85_22.90_22.95_,7_7_4_4_7_,22.70_22.65_22.60_22.55_22.50_,7_42_58_26_31_
09:47:15,22.75,1,777,22.75_22.80_22.85_22.90_22.95_,6_7_4_4_7_,22.70_22.65_22.60_22.55_22.50_,7_42_58_26_31_
09:48:53,22.70,7,784,22.70_22.75_22.80_22.85_22.90_,25_6_15_5_3_,22.65_22.60_22.55_22.50_22.45_,36_58_26_35_25_
09:49:03,22.70,1,785,22.70_22.75_22.80_22.85_22.90_,31_6_8_5_3_,22.65_22.60_22.55_22.50_22.45_,36_58_26_36_25_
09:49:08,22.70,1,785,22.70_22.75_22.80_22.85_22.90_,31_6_8_5_3_,22.65_22.60_22.55_22.50_22.45_,36_59_26_36_25_
09:49:18,22.70,2,787,22.70_22.75_22.80_22.85_22.90_,29_6_8_5_3_,22.65_22.60_22.55_22.50_22.45_,36_59_26_36_25_
09:51:21,22.65,1,800,22.70_22.75_22.80_22.85_22.90_,29_12_8_5_3_,22.65_22.60_22.55_22.50_22.45_,25_58_26_38_25_
09:51:26,22.65,2,802,22.70_22.75_22.80_22.85_22.90_,29_12_8_7_3_,22.65_22.60_22.55_22.50_22.45_,23_43_26_38_25_
09:52:02,22.70,2,831,22.75_22.80_22.85_22.90_22.95_,12_8_6_4_7_,22.70_22.65_22.60_22.55_22.50_,12_23_21_26_39_
09:55:02,22.70,10,856,22.75_22.80_22.85_22.90_22.95_,2_22_7_7_8_,22.70_22.65_22.60_22.55_22.50_,23_23_24_30_39_
09:58:01,22.70,3,862,22.75_22.80_22.85_22.90_22.95_,7_22_7_13_8_,22.70_22.65_22.60_22.55_22.50_,40_23_24_30_39_
09:58:37,22.75,2,864,22.75_22.80_22.85_22.90_22.95_,5_17_7_13_11_,22.70_22.65_22.60_22.55_22.50_,40_23_24_30_39_
09:59:02,22.75,2,864,22.75_22.80_22.85_22.90_22.95_,5_23_7_7_11_,22.70_22.65_22.60_22.55_22.50_,40_23_24_30_39_
09:59:23,22.75,2,864,22.75_22.80_22.85_22.90_22.95_,10_23_7_7_11_,22.70_22.65_22.60_22.55_22.50_,40_24_24_30_39_
10:01:06,22.75,8,883,22.80_22.85_22.90_22.95_23.00_,23_7_7_10_12_,22.75_22.70_22.65_22.60_22.55_,12_59_24_24_30_
10:04:10,22.70,5,907,22.75_22.80_22.85_22.90_22.95_,15_13_7_7_10_,22.70_22.65_22.60_22.55_22.50_,52_24_24_30_43_
10:04:15,22.70,2,909,22.75_22.80_22.85_22.90_22.95_,15_13_7_7_10_,22.70_22.65_22.60_22.55_22.50_,50_24_24_30_43_
10:07:09,22.70,3,921,22.75_22.80_22.85_22.90_22.95_,26_16_6_6_10_,22.70_22.65_22.60_22.55_22.50_,40_23_24_30_43_
10:07:14,22.70,3,921,22.75_22.80_22.85_22.90_22.95_,26_16_6_6_10_,22.70_22.65_22.60_22.55_22.50_,40_24_24_30_43_
10:07:55,22.70,3,924,22.75_22.80_22.85_22.90_22.95_,32_26_6_6_10_,22.70_22.65_22.60_22.55_22.50_,37_24_24_30_43_
10:08:36,22.70,1,944,22.75_22.80_22.85_22.90_22.95_,32_26_6_6_10_,22.70_22.65_22.60_22.55_22.50_,17_24_24_30_43_
10:08:47,22.70,4,948,22.75_22.80_22.85_22.90_22.95_,32_26_6_6_10_,22.70_22.65_22.60_22.55_22.50_,14_24_24_30_43_
10:09:28,22.70,4,970,22.75_22.80_22.85_22.90_22.95_,32_32_6_6_7_,22.70_22.65_22.60_22.55_22.50_,2_34_24_30_43_
10:10:29,22.65,5,994,22.70_22.75_22.80_22.85_22.90_,14_27_25_13_5_,22.65_22.60_22.55_22.50_22.45_,14_24_30_42_15_
10:10:39,22.65,1,995,22.70_22.75_22.80_22.85_22.90_,14_27_25_13_5_,22.65_22.60_22.55_22.50_22.45_,13_24_30_42_15_
10:10:44,22.65,1,995,22.70_22.75_22.80_22.85_22.90_,15_27_25_13_5_,22.65_22.60_22.55_22.50_22.45_,13_25_30_42_15_
10:12:42,22.65,11,1013,22.70_22.75_22.80_22.85_22.90_,15_27_27_7_5_,22.65_22.60_22.55_22.50_22.45_,10_25_30_42_15_
10:15:00,22.60,1,1025,22.65_22.70_22.75_22.80_22.85_,12_3_27_34_6_,22.60_22.55_22.50_22.45_22.40_,29_30_42_14_29_
10:15:41,22.60,1,1025,22.65_22.70_22.75_22.80_22.85_,22_3_27_24_6_,22.60_22.55_22.50_22.45_22.40_,29_40_52_23_49_
10:16:17,22.60,8,1039,22.65_22.70_22.75_22.80_22.85_,22_4_27_18_6_,22.60_22.55_22.50_22.45_22.40_,16_40_52_23_49_
10:17:44,22.55,20,1084,22.65_22.70_22.75_22.80_22.85_,22_3_26_17_6_,22.55_22.50_22.45_22.40_22.35_,17_52_23_47_10_
10:18:20,22.55,20,1084,22.60_22.65_22.70_22.75_22.80_,6_22_3_26_17_,22.55_22.50_22.45_22.40_22.35_,27_52_23_47_10_
10:18:30,22.55,20,1084,22.60_22.65_22.70_22.75_22.80_,6_22_3_26_17_,22.55_22.50_22.45_22.40_22.35_,32_52_23_47_10_
10:18:35,22.55,20,1084,22.60_22.65_22.70_22.75_22.80_,6_22_3_26_17_,22.55_22.50_22.45_22.40_22.35_,42_52_23_47_10_
10:18:40,22.55,1,1085,22.60_22.65_22.70_22.75_22.80_,6_22_3_26_17_,22.55_22.50_22.45_22.40_22.35_,42_52_23_47_10_
10:18:51,22.60,5,1090,22.60_22.65_22.70_22.75_22.80_,1_22_3_26_17_,22.55_22.50_22.45_22.40_22.35_,42_52_23_47_10_
10:18:56,22.60,7,1097,22.65_22.70_22.75_22.80_22.85_,10_3_32_17_6_,22.60_22.55_22.50_22.45_22.40_,3_42_52_23_47_
10:19:32,22.60,3,1104,22.60_22.70_22.75_22.80_22.85_,2_3_32_17_6_,22.55_22.50_22.45_22.40_22.35_,48_62_23_47_15_
10:22:06,22.65,1,1108,22.70_22.75_22.80_22.85_22.90_,3_31_18_6_7_,22.60_22.55_22.50_22.45_22.40_,19_44_74_23_48_
10:22:26,22.65,1,1108,22.70_22.75_22.80_22.85_22.90_,3_31_18_6_7_,22.60_22.55_22.50_22.45_22.40_,19_54_74_23_48_
10:23:12,22.60,1,1109,22.70_22.75_22.80_22.85_22.90_,3_31_18_12_7_,22.60_22.55_22.50_22.45_22.40_,13_54_74_23_48_
10:23:43,22.60,1,1109,22.70_22.75_22.80_22.85_22.90_,3_31_18_12_7_,22.60_22.55_22.50_22.45_22.40_,17_54_74_23_48_
10:23:53,22.60,1,1109,22.70_22.75_22.80_22.85_22.90_,3_31_18_12_7_,22.60_22.55_22.50_22.45_22.40_,17_54_74_23_46_
10:24:14,22.60,1,1109,22.70_22.75_22.80_22.85_22.90_,9_31_18_6_7_,22.60_22.55_22.50_22.45_22.40_,18_54_75_23_45_
10:24:34,22.60,1,1109,22.70_22.75_22.80_22.85_22.90_,9_31_18_6_7_,22.60_22.55_22.50_22.45_22.40_,19_54_75_23_45_
10:24:44,22.60,1,1109,22.70_22.75_22.80_22.85_22.90_,9_31_18_6_7_,22.60_22.55_22.50_22.45_22.40_,27_54_75_23_45_
10:25:25,22.65,1,1110,22.65_22.70_22.75_22.80_22.85_,5_3_24_24_6_,22.60_22.55_22.50_22.45_22.40_,28_49_75_23_45_
10:26:32,22.60,1,1111,22.65_22.70_22.75_22.80_22.85_,6_13_20_18_6_,22.60_22.55_22.50_22.45_22.40_,26_43_75_23_45_
10:28:04,22.60,1,1111,22.65_22.70_22.75_22.80_22.85_,13_13_20_18_6_,22.60_22.55_22.50_22.45_22.40_,27_43_75_23_45_
10:28:40,22.60,1,1111,22.65_22.70_22.75_22.80_22.85_,13_13_20_18_6_,22.60_22.55_22.50_22.45_22.40_,27_43_76_23_45_
10:28:45,22.60,1,1111,22.65_22.70_22.75_22.80_22.85_,13_12_20_18_6_,22.60_22.55_22.50_22.45_22.40_,27_43_76_23_45_
10:29:57,22.65,1,1117,22.65_22.70_22.75_22.80_22.85_,9_12_20_18_6_,22.60_22.55_22.50_22.45_22.40_,38_43_76_23_45_
10:30:08,22.65,1,1117,22.65_22.70_22.75_22.80_22.85_,9_12_20_18_6_,22.60_22.55_22.50_22.45_22.40_,34_43_77_23_45_
10:30:13,22.65,1,1117,22.65_22.70_22.75_22.80_22.85_,10_12_20_18_6_,22.60_22.55_22.50_22.45_22.40_,34_43_77_23_48_
10:31:50,22.65,10,1140,22.70_22.75_22.80_22.85_22.90_,13_20_18_12_7_,22.60_22.55_22.50_22.45_22.40_,64_44_77_24_50_
10:32:16,22.65,10,1140,22.70_22.75_22.80_22.85_22.90_,13_20_19_12_7_,22.65_22.60_22.55_22.50_22.45_,2_64_44_77_24_
10:33:48,22.60,5,1147,22.65_22.70_22.75_22.80_22.85_,13_19_20_18_6_,22.60_22.55_22.50_22.45_22.40_,59_43_82_24_50_
10:35:00,22.65,2,1151,22.65_22.70_22.75_22.80_22.85_,9_19_20_18_6_,22.60_22.55_22.50_22.45_22.40_,77_43_77_24_50_
10:35:25,22.65,4,1155,22.65_22.70_22.75_22.80_22.85_,6_19_20_18_6_,22.60_22.55_22.50_22.45_22.40_,77_43_77_24_50_
10:35:41,22.60,1,1161,22.65_22.70_22.75_22.80_22.85_,1_19_20_18_6_,22.60_22.55_22.50_22.45_22.40_,76_43_77_24_50_
10:36:42,22.65,10,1172,22.70_22.75_22.80_22.85_22.90_,19_20_18_12_7_,22.60_22.55_22.50_22.45_22.40_,75_43_77_24_55_
10:38:30,22.65,10,1172,22.70_22.75_22.80_22.85_22.90_,19_21_17_13_7_,22.65_22.60_22.55_22.50_22.45_,20_75_43_79_27_
10:39:42,22.65,10,1172,22.70_22.75_22.80_22.85_22.90_,19_21_12_13_7_,22.65_22.60_22.55_22.50_22.45_,20_75_43_79_26_
10:40:02,22.65,10,1172,22.70_22.75_22.80_22.85_22.90_,19_27_12_7_7_,22.65_22.60_22.55_22.50_22.45_,20_75_43_79_26_
10:40:18,22.65,10,1172,22.70_22.75_22.80_22.85_22.90_,19_27_12_7_7_,22.65_22.60_22.55_22.50_22.45_,20_75_43_87_26_
10:41:24,22.65,2,1174,22.70_22.75_22.80_22.85_22.90_,19_33_12_7_7_,22.65_22.60_22.55_22.50_22.45_,18_72_43_87_26_
10:41:55,22.70,4,1178,22.70_22.75_22.80_22.85_22.90_,15_33_12_7_7_,22.65_22.60_22.55_22.50_22.45_,18_72_43_87_26_
10:42:11,22.70,4,1178,22.70_22.75_22.80_22.85_22.90_,21_27_12_7_7_,22.65_22.60_22.55_22.50_22.45_,19_72_42_87_26_
10:42:21,22.70,4,1178,22.70_22.75_22.80_22.85_22.90_,21_27_12_7_7_,22.65_22.60_22.55_22.50_22.45_,20_72_42_87_26_
10:44:34,22.70,5,1198,22.75_22.80_22.85_22.90_22.95_,24_12_12_6_9_,22.65_22.60_22.55_22.50_22.45_,20_74_44_88_26_
10:46:17,22.70,5,1198,22.75_22.80_22.85_22.90_22.95_,24_12_11_14_7_,22.70_22.65_22.60_22.55_22.50_,4_20_74_44_92_
10:46:37,22.70,5,1198,22.75_22.80_22.85_22.90_22.95_,24_12_11_14_7_,22.70_22.65_22.60_22.55_22.50_,4_30_74_44_92_
10:47:03,22.70,5,1198,22.75_22.80_22.85_22.90_22.95_,24_12_11_14_7_,22.70_22.65_22.60_22.55_22.50_,4_30_76_44_92_
10:48:20,22.70,5,1198,22.75_22.80_22.85_22.90_22.95_,24_12_11_14_7_,22.70_22.65_22.60_22.55_22.50_,4_30_77_44_92_
10:48:50,22.70,5,1198,22.75_22.80_22.85_22.90_22.95_,24_13_11_14_7_,22.70_22.65_22.60_22.55_22.50_,4_30_77_44_92_
10:49:57,22.70,5,1198,22.75_22.80_22.85_22.90_22.95_,24_20_11_7_7_,22.70_22.65_22.60_22.55_22.50_,4_30_77_45_92_
10:51:04,22.65,6,1208,22.70_22.75_22.80_22.85_22.90_,8_23_13_12_6_,22.65_22.60_22.55_22.50_22.45_,24_75_45_91_26_
10:51:14,22.70,8,1216,22.75_22.80_22.85_22.90_22.95_,23_13_12_6_7_,22.65_22.60_22.55_22.50_22.45_,19_75_45_91_26_
10:51:29,22.70,8,1216,22.75_22.80_22.85_22.90_22.95_,23_13_12_5_6_,22.65_22.60_22.55_22.50_22.45_,19_75_45_91_26_
10:51:35,22.70,8,1216,22.75_22.80_22.85_22.90_22.95_,23_13_12_5_6_,22.65_22.60_22.55_22.50_22.45_,19_77_45_91_26_
10:51:40,22.70,8,1216,22.75_22.80_22.85_22.90_22.95_,23_13_12_5_6_,22.70_22.65_22.60_22.55_22.50_,6_19_77_45_91_
10:51:45,22.70,8,1216,22.75_22.80_22.85_22.90_22.95_,23_14_11_6_6_,22.70_22.65_22.60_22.55_22.50_,6_19_77_45_92_
10:53:32,22.75,5,1222,22.75_22.80_22.85_22.90_22.95_,17_14_11_6_6_,22.70_22.65_22.60_22.55_22.50_,24_14_62_45_105_
10:57:48,22.90,1,1281,22.90_22.95_23.00_23.05_23.10_,14_11_16_3_2_,22.85_22.80_22.75_22.70_22.65_,1_23_11_23_17_
10:58:04,22.85,2,1283,22.90_22.95_23.00_23.05_23.10_,14_11_16_3_2_,22.85_22.80_22.75_22.70_22.65_,9_20_11_23_17_
10:58:14,22.85,2,1283,22.90_22.95_23.00_23.05_23.10_,24_11_16_3_2_,22.85_22.80_22.75_22.70_22.65_,9_20_11_23_17_
11:00:38,22.95,1,1317,23.00_23.05_23.10_23.15_23.20_,13_2_9_7_20_,22.90_22.85_22.80_22.75_22.70_,8_23_36_21_24_
11:02:40,23.05,1,1355,23.05_23.10_23.15_23.20_23.25_,19_8_19_19_13_,23.00_22.95_22.90_22.85_22.80_,7_3_5_22_37_
11:02:51,23.05,10,1365,23.05_23.10_23.15_23.20_23.25_,9_9_7_19_13_,23.00_22.95_22.90_22.85_22.80_,7_3_5_22_37_
11:03:06,23.05,10,1375,23.10_23.15_23.20_23.25_23.30_,9_7_19_13_28_,23.00_22.95_22.90_22.85_22.80_,6_3_8_22_37_
11:05:50,22.90,1,1398,22.95_23.00_23.05_23.10_23.15_,2_20_14_8_6_,22.90_22.85_22.80_22.75_22.70_,4_18_37_21_24_
11:06:00,22.90,1,1398,22.95_23.00_23.05_23.10_23.15_,8_20_8_8_6_,22.90_22.85_22.80_22.75_22.70_,4_18_37_21_24_
11:06:26,22.90,1,1398,22.95_23.00_23.05_23.10_23.15_,9_20_8_8_6_,22.90_22.85_22.80_22.75_22.70_,4_18_37_21_24_
11:06:41,22.90,1,1399,22.95_23.00_23.05_23.10_23.15_,9_20_8_8_6_,22.90_22.85_22.80_22.75_22.70_,3_18_37_21_24_
11:07:22,22.90,2,1403,22.95_23.00_23.05_23.10_23.15_,7_20_7_8_6_,22.85_22.80_22.75_22.70_22.65_,18_38_21_24_13_
11:08:13,22.90,1,1405,22.95_23.00_23.05_23.10_23.15_,7_18_7_8_6_,22.90_22.85_22.80_22.75_22.70_,1_16_39_21_24_
11:10:47,23.00,4,1420,23.00_23.05_23.10_23.15_23.20_,14_5_8_20_19_,22.95_22.85_22.80_22.75_22.70_,3_30_43_21_25_
11:11:49,23.00,2,1428,23.00_23.05_23.10_23.15_23.20_,6_5_8_20_20_,22.95_22.85_22.80_22.75_22.70_,61_30_44_21_25_
11:11:59,23.00,5,1433,23.00_23.05_23.10_23.15_23.20_,1_5_8_20_20_,22.95_22.85_22.80_22.75_22.70_,61_30_44_21_25_
11:12:04,23.00,1,1434,23.05_23.10_23.15_23.20_23.25_,5_13_20_20_17_,23.00_22.95_22.90_22.85_22.80_,2_61_2_30_44_
11:12:09,23.00,1,1434,23.05_23.10_23.15_23.20_23.25_,5_13_19_23_17_,23.00_22.95_22.90_22.85_22.80_,7_61_2_30_45_
11:14:02,23.05,1,1437,23.05_23.10_23.15_23.20_23.25_,2_18_19_23_15_,23.00_22.95_22.90_22.85_22.80_,19_61_2_28_44_
11:15:34,23.05,1,1448,23.10_23.15_23.20_23.25_23.30_,18_19_23_15_30_,23.00_22.95_22.90_22.85_22.80_,12_64_2_28_44_
11:17:42,23.05,5,1456,23.05_23.10_23.15_23.20_23.25_,7_18_13_25_15_,23.00_22.95_22.90_22.85_22.80_,9_64_2_27_44_
11:18:28,23.00,1,1471,23.05_23.10_23.15_23.20_23.25_,12_18_14_24_15_,22.95_22.90_22.85_22.80_22.75_,61_2_27_43_22_
11:18:53,23.00,1,1471,23.05_23.10_23.15_23.20_23.25_,12_18_15_24_15_,22.95_22.90_22.85_22.80_22.75_,61_8_37_53_22_
11:19:35,23.05,5,1477,23.05_23.10_23.15_23.20_23.25_,10_18_15_24_15_,22.95_22.90_22.85_22.80_22.75_,66_7_37_53_22_
11:19:45,23.05,5,1477,23.05_23.10_23.15_23.20_23.25_,10_18_15_25_15_,22.95_22.90_22.85_22.80_22.75_,66_7_37_53_22_
11:20:16,23.00,1,1478,23.00_23.05_23.10_23.15_23.20_,5_11_13_15_24_,22.95_22.90_22.85_22.80_22.75_,66_7_37_53_22_
11:22:03,23.00,1,1478,23.00_23.05_23.10_23.15_23.20_,12_13_12_15_24_,22.95_22.90_22.85_22.80_22.75_,66_7_37_53_22_
11:23:00,22.95,1,1479,23.00_23.05_23.10_23.15_23.20_,13_19_12_15_24_,22.95_22.90_22.85_22.80_22.75_,65_7_37_53_22_
11:24:01,22.95,5,1494,23.00_23.05_23.10_23.15_23.20_,19_13_12_15_24_,22.95_22.90_22.85_22.80_22.75_,51_7_37_53_22_
11:24:21,22.95,5,1494,23.00_23.05_23.10_23.15_23.20_,19_12_12_15_24_,22.95_22.90_22.85_22.80_22.75_,51_7_37_53_22_
11:25:38,22.95,2,1504,23.00_23.05_23.10_23.15_23.20_,20_7_12_27_24_,22.95_22.90_22.85_22.80_22.75_,42_7_37_53_22_
11:26:45,22.95,2,1517,23.00_23.05_23.10_23.15_23.20_,20_7_12_27_24_,22.95_22.90_22.85_22.80_22.75_,29_7_37_54_22_
11:27:05,22.95,2,1517,23.00_23.05_23.10_23.15_23.20_,20_7_12_26_24_,22.95_22.90_22.85_22.80_22.75_,29_7_37_54_22_
11:28:22,22.95,1,1518,23.00_23.05_23.10_23.15_23.20_,20_8_12_32_24_,22.95_22.90_22.85_22.80_22.75_,28_7_37_54_22_
11:29:03,22.95,1,1518,23.00_23.05_23.10_23.15_23.20_,23_8_12_32_21_,22.95_22.90_22.85_22.80_22.75_,28_7_37_54_22_
11:30:10,22.95,10,1546,23.00_23.05_23.10_23.15_23.20_,24_8_12_26_21_,22.95_22.90_22.85_22.80_22.75_,3_7_57_54_22_
11:30:15,22.95,2,1548,23.00_23.05_23.10_23.15_23.20_,24_8_12_26_21_,22.95_22.90_22.85_22.80_22.75_,1_7_57_54_22_
11:30:30,22.95,1,1550,23.00_23.05_23.10_23.15_23.20_,24_6_13_24_24_,22.90_22.85_22.80_22.75_22.70_,7_57_54_21_19_
11:31:11,23.00,1,1552,23.00_23.05_23.10_23.15_23.20_,22_6_13_24_24_,22.90_22.85_22.80_22.75_22.70_,7_57_54_21_19_
11:32:02,22.90,7,1559,22.90_22.95_23.00_23.05_23.10_,6_9_13_7_12_,22.85_22.80_22.75_22.70_22.65_,55_54_21_21_18_
11:32:18,22.85,10,1569,22.90_22.95_23.00_23.05_23.10_,6_10_13_6_12_,22.85_22.80_22.75_22.70_22.65_,45_54_21_21_18_
11:35:07,22.95,1,1586,23.00_23.05_23.10_23.15_23.20_,10_5_9_24_24_,22.90_22.85_22.80_22.75_22.70_,8_54_55_21_22_
11:35:27,22.95,1,1586,23.00_23.05_23.10_23.15_23.20_,10_5_9_24_24_,22.90_22.85_22.80_22.75_22.70_,8_56_55_21_22_
11:36:23,22.95,1,1586,23.00_23.05_23.10_23.15_23.20_,10_5_9_31_24_,22.90_22.85_22.80_22.75_22.70_,9_56_56_21_22_
11:36:39,23.00,1,1587,23.00_23.05_23.10_23.15_23.20_,9_5_9_31_24_,22.90_22.85_22.80_22.75_22.70_,9_56_56_21_22_
11:36:49,23.00,1,1587,23.00_23.05_23.10_23.15_23.20_,9_5_9_31_24_,22.90_22.85_22.80_22.75_22.70_,10_56_56_21_22_
11:37:04,23.00,1,1587,22.95_23.00_23.05_23.10_23.15_,1_9_5_9_31_,22.90_22.85_22.80_22.75_22.70_,10_56_56_21_22_
11:39:12,23.00,1,1600,23.05_23.10_23.15_23.20_23.25_,12_11_24_21_18_,22.90_22.85_22.80_22.75_22.70_,14_56_46_23_23_
11:39:18,23.00,1,1600,23.05_23.10_23.15_23.20_23.25_,12_10_25_21_18_,22.90_22.85_22.80_22.75_22.70_,13_56_47_23_23_
11:39:33,23.00,1,1600,23.05_23.10_23.15_23.20_23.25_,12_10_24_22_14_,23.00_22.95_22.90_22.85_22.80_,10_10_28_56_48_
11:39:38,23.00,2,1602,23.05_23.10_23.15_23.20_23.25_,12_10_24_22_14_,23.00_22.95_22.90_22.85_22.80_,8_10_30_56_48_
11:40:14,23.00,2,1604,23.05_23.10_23.15_23.20_23.25_,12_8_24_22_14_,23.00_22.95_22.90_22.85_22.80_,7_11_30_56_48_
11:40:29,23.00,2,1606,23.05_23.10_23.15_23.20_23.25_,12_9_24_22_14_,23.00_22.95_22.90_22.85_22.80_,5_11_30_56_48_
11:42:22,23.00,4,1612,23.00_23.05_23.10_23.15_23.20_,3_12_14_24_28_,22.95_22.90_22.85_22.80_22.75_,12_30_56_48_24_
11:43:03,23.00,1,1615,23.00_23.05_23.10_23.15_23.20_,6_12_15_25_21_,22.95_22.90_22.85_22.80_22.75_,12_30_56_47_25_
11:44:41,23.00,5,1620,23.05_23.10_23.15_23.20_23.25_,13_15_25_21_13_,22.95_22.90_22.85_22.80_22.75_,12_30_56_47_25_
11:46:18,23.00,5,1620,23.00_23.05_23.10_23.15_23.20_,11_5_15_32_21_,22.95_22.90_22.85_22.80_22.75_,13_30_56_47_25_
11:47:35,23.05,5,1632,23.05_23.10_23.15_23.20_23.25_,4_15_31_22_9_,23.00_22.95_22.90_22.85_22.80_,2_12_30_56_47_
11:48:21,23.05,4,1641,23.10_23.15_23.20_23.25_23.30_,15_31_22_9_31_,23.00_22.95_22.90_22.85_22.80_,3_17_31_56_47_
11:48:31,23.05,4,1641,23.10_23.15_23.20_23.25_23.30_,15_31_22_9_31_,23.00_22.95_22.90_22.85_22.80_,8_17_31_56_47_
11:49:43,23.05,4,1641,23.05_23.10_23.15_23.20_23.25_,12_17_31_20_11_,23.00_22.95_22.90_22.85_22.80_,9_27_31_56_47_
11:50:24,23.05,1,1643,23.05_23.10_23.15_23.20_23.25_,10_17_31_20_11_,23.00_22.95_22.90_22.85_22.80_,15_28_31_56_47_
11:51:10,23.05,3,1656,23.05_23.10_23.15_23.20_23.25_,1_23_31_19_12_,23.00_22.95_22.90_22.85_22.80_,15_28_31_57_47_
11:52:48,23.00,1,1663,23.05_23.10_23.15_23.20_23.25_,6_17_12_27_23_,23.00_22.95_22.90_22.85_22.80_,10_33_36_56_48_
11:52:53,23.00,1,1663,23.05_23.10_23.15_23.20_23.25_,6_17_12_25_23_,23.00_22.95_22.90_22.85_22.80_,10_33_36_56_48_
11:53:49,23.00,1,1663,23.05_23.10_23.15_23.20_23.25_,6_17_12_25_23_,23.00_22.95_22.90_22.85_22.80_,11_33_37_56_48_
11:55:31,23.05,5,1671,23.05_23.10_23.15_23.20_23.25_,2_23_12_25_23_,23.00_22.95_22.90_22.85_22.80_,13_34_38_56_44_
11:57:29,23.05,2,1676,23.10_23.15_23.20_23.25_23.30_,23_12_24_24_31_,23.05_23.00_22.95_22.90_22.85_,10_33_34_38_57_
11:57:50,23.05,2,1676,23.10_23.15_23.20_23.25_23.30_,23_12_24_24_31_,23.05_23.00_22.95_22.90_22.85_,10_34_34_38_57_
11:57:55,23.05,5,1681,23.10_23.15_23.20_23.25_23.30_,23_12_24_24_31_,23.05_23.00_22.95_22.90_22.85_,5_34_34_38_57_
12:00:39,23.10,1,1692,23.10_23.15_23.20_23.25_23.30_,21_12_24_24_31_,23.05_23.00_22.95_22.90_22.85_,22_36_36_38_57_
12:02:06,23.05,2,1700,23.10_23.15_23.20_23.25_23.30_,21_12_18_24_31_,23.05_23.00_22.95_22.90_22.85_,13_36_36_38_57_
12:02:32,23.05,2,1700,23.10_23.15_23.20_23.25_23.30_,21_12_18_23_31_,23.05_23.00_22.95_22.90_22.85_,13_36_36_38_57_
12:03:28,23.05,1,1714,23.10_23.15_23.20_23.25_23.30_,21_12_19_22_31_,23.00_22.95_22.90_22.85_22.80_,31_34_38_56_45_
12:04:04,23.05,1,1714,23.05_23.10_23.15_23.20_23.25_,6_15_12_19_22_,23.00_22.95_22.90_22.85_22.80_,31_34_38_56_45_
12:04:45,23.05,1,1714,23.05_23.10_23.15_23.20_23.25_,6_16_12_19_22_,23.00_22.95_22.90_22.85_22.80_,31_34_38_56_45_
12:04:50,23.05,6,1720,23.10_23.15_23.20_23.25_23.30_,16_12_19_22_31_,23.05_23.00_22.95_22.90_22.85_,2_31_34_38_56_
12:04:55,23.05,6,1720,23.10_23.15_23.20_23.25_23.30_,16_12_18_29_31_,23.05_23.00_22.95_22.90_22.85_,2_31_34_38_57_
12:05:05,23.05,6,1720,23.10_23.15_23.20_23.25_23.30_,16_12_18_29_31_,23.05_23.00_22.95_22.90_22.85_,2_29_34_38_57_
12:06:07,23.10,1,1722,23.10_23.15_23.20_23.25_23.30_,17_12_18_29_31_,23.05_23.00_22.95_22.90_22.85_,6_27_34_38_57_
12:08:46,23.05,1,1724,23.10_23.15_23.20_23.25_23.30_,17_18_18_23_31_,23.05_23.00_22.95_22.90_22.85_,3_30_34_38_57_
12:09:17,23.05,1,1724,23.10_23.15_23.20_23.25_23.30_,17_24_18_23_31_,23.05_23.00_22.95_22.90_22.85_,4_30_34_38_57_
12:10:29,23.05,1,1734,23.10_23.15_23.20_23.25_23.30_,19_6_19_22_31_,23.00_22.95_22.90_22.85_22.80_,30_34_38_56_45_
12:11:10,23.05,1,1734,23.05_23.10_23.15_23.20_23.25_,1_19_6_19_22_,23.00_22.95_22.90_22.85_22.80_,30_34_38_56_45_
12:11:20,23.05,1,1734,23.05_23.10_23.15_23.20_23.25_,2_19_6_19_22_,23.00_22.95_22.90_22.85_22.80_,30_34_38_56_45_
12:13:03,23.05,5,1739,23.10_23.15_23.20_23.25_23.30_,16_6_18_23_31_,23.05_23.00_22.95_22.90_22.85_,3_34_34_37_57_
12:13:44,23.05,2,1744,23.10_23.15_23.20_23.25_23.30_,15_7_19_27_31_,23.00_22.95_22.90_22.85_22.80_,34_34_36_56_47_
12:14:04,23.05,2,1744,23.10_23.15_23.20_23.25_23.30_,15_7_19_27_31_,23.00_22.95_22.90_22.85_22.80_,34_34_36_56_48_
12:15:26,23.05,2,1744,23.10_23.15_23.20_23.25_23.30_,17_7_19_27_31_,23.00_22.95_22.90_22.85_22.80_,34_34_36_56_48_
12:16:08,23.05,5,1749,23.10_23.15_23.20_23.25_23.30_,17_7_19_22_31_,23.00_22.95_22.90_22.85_22.80_,34_34_36_56_48_
12:16:49,23.05,1,1750,23.05_23.10_23.15_23.20_23.25_,3_18_6_19_22_,23.00_22.95_22.90_22.85_22.80_,34_34_36_56_48_
12:17:14,23.05,3,1753,23.10_23.15_23.20_23.25_23.30_,18_6_18_23_31_,23.05_23.00_22.95_22.90_22.85_,2_34_34_36_57_
12:20:03,23.05,5,1765,23.10_23.15_23.20_23.25_23.30_,21_6_35_23_31_,23.00_22.95_22.90_22.85_22.80_,33_34_35_57_47_
12:23:44,23.20,2,1796,23.20_23.25_23.30_23.35_23.40_,33_28_30_5_15_,23.10_23.05_23.00_22.95_22.90_,50_28_50_14_27_
12:24:35,23.20,3,1838,23.20_23.25_23.30_23.35_23.40_,2_13_29_3_12_,23.10_23.05_23.00_22.95_22.90_,55_28_50_14_27_
12:24:46,23.20,3,1838,23.20_23.25_23.30_23.35_23.40_,2_13_29_4_11_,23.15_23.10_23.05_23.00_22.95_,4_55_28_50_13_
12:24:56,23.20,3,1838,23.20_23.25_23.30_23.35_23.40_,2_13_29_16_11_,23.15_23.10_23.05_23.00_22.95_,4_55_28_50_14_
12:25:01,23.20,2,1840,23.25_23.30_23.35_23.40_23.45_,13_29_16_11_10_,23.20_23.15_23.10_23.05_23.00_,4_4_55_28_50_
12:25:06,23.20,2,1840,23.25_23.30_23.35_23.40_23.45_,13_29_15_12_10_,23.20_23.15_23.10_23.05_23.00_,4_4_55_28_51_
12:25:16,23.20,2,1840,23.25_23.30_23.35_23.40_23.45_,13_29_15_12_10_,23.20_23.15_23.10_23.05_23.00_,4_14_55_28_51_
12:25:32,23.25,10,1850,23.25_23.30_23.35_23.40_23.45_,3_29_15_12_10_,23.20_23.15_23.10_23.05_23.00_,4_14_55_28_51_
12:26:43,23.25,5,1870,23.25_23.30_23.35_23.40_23.45_,6_29_15_13_12_,23.20_23.15_23.10_23.05_23.00_,31_18_55_28_52_
12:27:09,23.25,5,1881,23.25_23.30_23.35_23.40_23.45_,5_29_15_13_12_,23.20_23.15_23.10_23.05_23.00_,31_18_55_28_52_
12:27:35,23.25,5,1886,23.25_23.30_23.35_23.40_23.45_,3_29_15_13_12_,23.20_23.15_23.10_23.05_23.00_,11_18_55_28_52_
12:27:45,23.25,4,1890,23.30_23.35_23.40_23.45_23.50_,29_15_13_12_28_,23.25_23.20_23.15_23.10_23.05_,6_11_38_55_28_
12:27:55,23.25,9,1899,23.30_23.35_23.40_23.45_23.50_,29_15_12_13_28_,23.20_23.15_23.10_23.05_23.00_,17_38_55_29_51_
12:28:36,23.25,1,1900,23.25_23.30_23.35_23.40_23.45_,3_29_15_13_12_,23.20_23.15_23.10_23.05_23.00_,18_38_55_28_53_
12:29:02,23.25,1,1900,23.25_23.30_23.35_23.40_23.45_,3_35_15_13_6_,23.20_23.15_23.10_23.05_23.00_,19_38_55_28_53_
12:31:36,23.25,1,1927,23.30_23.35_23.40_23.45_23.50_,35_16_12_13_25_,23.25_23.20_23.15_23.10_23.05_,1_13_24_52_22_
12:31:41,23.25,1,1928,23.25_23.30_23.35_23.40_23.45_,3_35_16_12_13_,23.20_23.15_23.10_23.05_23.00_,13_24_52_22_31_
12:33:08,23.25,1,1931,23.25_23.30_23.35_23.40_23.45_,10_35_14_11_7_,23.20_23.15_23.10_23.05_23.00_,13_25_52_21_32_
12:35:16,23.25,1,1938,23.25_23.30_23.35_23.40_23.45_,46_35_2_11_4_,23.20_23.15_23.10_23.05_23.00_,13_21_52_21_31_
12:35:32,23.25,1,1938,23.25_23.30_23.35_23.40_23.45_,46_35_2_11_4_,23.20_23.15_23.10_23.05_23.00_,13_21_52_21_35_
12:36:03,23.20,1,1939,23.25_23.30_23.35_23.40_23.45_,46_35_2_11_4_,23.20_23.15_23.10_23.05_23.00_,12_21_52_21_35_
12:36:28,23.20,1,1940,23.25_23.30_23.35_23.40_23.45_,46_35_2_11_6_,23.20_23.15_23.10_23.05_23.00_,11_21_52_21_35_
12:39:18,23.20,8,1987,23.20_23.25_23.30_23.35_23.40_,12_29_33_3_15_,23.15_23.10_23.05_23.00_22.95_,18_52_6_34_8_
12:39:38,23.20,5,1992,23.20_23.25_23.30_23.35_23.40_,7_29_33_3_15_,23.15_23.10_23.05_23.00_22.95_,18_52_6_34_8_
12:41:06,23.20,7,2004,23.25_23.30_23.35_23.40_23.45_,29_28_2_16_9_,23.15_23.10_23.05_23.00_22.95_,18_52_6_34_8_
12:41:31,23.20,7,2004,23.20_23.25_23.30_23.35_23.40_,1_29_28_3_15_,23.15_23.10_23.05_23.00_22.95_,18_52_6_34_9_
12:41:42,23.20,1,2005,23.25_23.30_23.35_23.40_23.45_,29_28_3_15_9_,23.20_23.15_23.10_23.05_23.00_,3_18_52_6_34_
12:41:47,23.20,1,2005,23.25_23.30_23.35_23.40_23.45_,29_28_2_16_9_,23.20_23.15_23.10_23.05_23.00_,3_18_52_6_31_
12:41:57,23.20,1,2005,23.25_23.30_23.35_23.40_23.45_,29_28_2_16_9_,23.20_23.15_23.10_23.05_23.00_,4_18_52_6_31_
12:43:14,23.20,1,2007,23.25_23.30_23.35_23.40_23.45_,29_28_2_16_9_,23.20_23.15_23.10_23.05_23.00_,3_19_65_6_32_
12:46:18,23.25,1,2043,23.30_23.35_23.40_23.45_23.50_,27_2_21_7_25_,23.25_23.20_23.15_23.10_23.05_,3_58_18_69_12_
12:49:02,23.25,1,2058,23.30_23.35_23.40_23.45_23.50_,28_23_21_10_27_,23.25_23.20_23.15_23.10_23.05_,5_62_18_71_14_
12:49:54,23.25,1,2058,23.30_23.35_23.40_23.45_23.50_,30_23_21_10_27_,23.25_23.20_23.15_23.10_23.05_,5_62_18_71_14_
12:50:45,23.25,5,2063,23.30_23.35_23.40_23.45_23.50_,30_23_21_10_27_,23.20_23.15_23.10_23.05_23.00_,62_18_58_13_29_
12:52:02,23.25,2,2066,23.30_23.35_23.40_23.45_23.50_,36_23_15_10_27_,23.25_23.20_23.15_23.10_23.05_,10_62_31_58_14_
12:52:48,23.30,2,2076,23.30_23.35_23.40_23.45_23.50_,36_23_15_10_27_,23.25_23.20_23.15_23.10_23.05_,3_62_31_58_14_
12:54:25,23.25,1,2083,23.25_23.30_23.35_23.40_23.45_,16_30_24_16_9_,23.20_23.15_23.10_23.05_23.00_,61_34_58_13_29_
12:55:01,23.25,2,2088,23.25_23.30_23.35_23.40_23.45_,11_30_24_16_9_,23.20_23.15_23.10_23.05_23.00_,62_34_58_13_29_
12:55:52,23.25,2,2088,23.25_23.30_23.35_23.40_23.45_,13_31_29_16_9_,23.20_23.15_23.10_23.05_23.00_,61_34_58_13_29_
12:55:57,23.25,2,2088,23.25_23.30_23.35_23.40_23.45_,14_31_29_16_9_,23.20_23.15_23.10_23.05_23.00_,61_34_58_13_29_
12:56:03,23.25,2,2088,23.25_23.30_23.35_23.40_23.45_,14_31_29_16_9_,23.20_23.15_23.10_23.05_23.00_,61_34_58_13_32_
12:56:44,23.25,1,2089,23.25_23.30_23.35_23.40_23.45_,13_31_29_23_9_,23.20_23.15_23.10_23.05_23.00_,61_35_58_12_32_
12:58:00,23.25,1,2089,23.25_23.30_23.35_23.40_23.45_,21_31_29_16_9_,23.20_23.15_23.10_23.05_23.00_,60_35_58_12_34_
12:58:11,23.25,1,2089,23.25_23.30_23.35_23.40_23.45_,21_30_29_16_7_,23.20_23.15_23.10_23.05_23.00_,60_35_58_12_34_
12:58:16,23.20,2,2091,23.25_23.30_23.35_23.40_23.45_,21_28_29_16_7_,23.20_23.15_23.10_23.05_23.00_,58_35_58_12_34_
12:59:07,23.25,15,2106,23.25_23.30_23.35_23.40_23.45_,6_28_29_16_7_,23.20_23.15_23.10_23.05_23.00_,58_35_58_12_34_
13:00:55,23.30,5,2130,23.30_23.35_23.40_23.45_23.50_,26_29_15_8_27_,23.25_23.20_23.15_23.10_23.05_,15_50_35_58_13_
13:04:05,23.25,5,2159,23.30_23.35_23.40_23.45_23.50_,19_29_16_8_27_,23.25_23.20_23.15_23.10_23.05_,7_60_34_58_13_
13:08:16,23.30,1,2188,23.35_23.40_23.45_23.50_23.55_,40_11_7_26_5_,23.30_23.25_23.20_23.15_23.10_,5_15_59_32_61_
13:08:26,23.30,1,2188,23.35_23.40_23.45_23.50_23.55_,40_11_7_26_5_,23.30_23.25_23.20_23.15_23.10_,4_20_59_32_61_
13:08:47,23.30,2,2193,23.35_23.40_23.45_23.50_23.55_,38_11_7_26_5_,23.30_23.25_23.20_23.15_23.10_,4_20_59_32_61_
13:09:28,23.30,1,2204,23.35_23.40_23.45_23.50_23.55_,38_11_7_26_5_,23.30_23.25_23.20_23.15_23.10_,3_33_60_19_61_
13:09:43,23.30,3,2207,23.35_23.40_23.45_23.50_23.55_,38_11_7_26_5_,23.30_23.25_23.20_23.15_23.10_,5_33_60_19_60_
13:09:48,23.30,3,2207,23.35_23.40_23.45_23.50_23.55_,38_11_7_26_5_,23.30_23.25_23.20_23.15_23.10_,5_33_61_19_61_
13:10:19,23.30,3,2207,23.35_23.40_23.45_23.50_23.55_,38_11_7_30_5_,23.30_23.25_23.20_23.15_23.10_,5_33_61_19_61_
13:10:45,23.30,1,2213,23.30_23.35_23.40_23.45_23.50_,1_38_11_8_29_,23.25_23.20_23.15_23.10_23.05_,32_61_19_60_13_
13:16:18,23.30,1,2246,23.30_23.35_23.40_23.45_23.50_,8_28_16_11_23_,23.25_23.20_23.15_23.10_23.05_,16_63_19_60_13_
13:16:28,23.30,2,2248,23.30_23.35_23.40_23.45_23.50_,6_28_16_11_23_,23.25_23.20_23.15_23.10_23.05_,16_63_19_60_13_
13:16:44,23.30,2,2248,23.30_23.35_23.40_23.45_23.50_,7_28_16_11_23_,23.25_23.20_23.15_23.10_23.05_,16_63_19_60_13_
13:16:49,23.30,5,2253,23.30_23.35_23.40_23.45_23.50_,2_28_16_11_23_,23.25_23.20_23.15_23.10_23.05_,16_63_19_60_13_
13:16:59,23.30,5,2253,23.30_23.35_23.40_23.45_23.50_,3_28_16_11_23_,23.25_23.20_23.15_23.10_23.05_,16_63_19_60_13_
13:23:34,23.20,1,2299,23.25_23.30_23.35_23.40_23.45_,2_8_27_12_7_,23.20_23.15_23.10_23.05_23.00_,62_21_61_62_36_
13:23:55,23.20,1,2299,23.25_23.30_23.35_23.40_23.45_,2_11_27_12_7_,23.20_23.15_23.10_23.05_23.00_,62_21_61_62_36_
13:24:20,23.20,1,2301,23.25_23.30_23.35_23.40_23.45_,2_10_27_11_39_,23.20_23.15_23.10_23.05_23.00_,63_21_61_63_68_
13:24:46,23.25,2,2303,23.25_23.30_23.35_23.40_23.45_,2_10_27_11_39_,23.20_23.15_23.10_23.05_23.00_,63_19_61_63_68_
13:25:29,23.20,1,2304,23.25_23.30_23.35_23.40_23.45_,2_9_27_11_39_,23.20_23.15_23.10_23.05_23.00_,30_17_59_92_98_
13:26:45,23.20,1,2304,23.35_23.40_23.45_23.50_23.55_,14_11_39_55_35_,23.30_23.25_23.20_23.15_23.10_,5_2_63_4_59_
13:28:38,23.20,1,2304,23.35_23.40_23.45_23.50_23.55_,4_11_39_55_35_,23.30_23.25_23.20_23.15_23.10_,37_2_64_4_59_
13:29:19,23.20,1,2304,23.35_23.40_23.45_23.50_23.55_,4_11_39_55_35_,23.30_23.25_23.20_23.15_23.10_,37_2_64_4_97_
13:29:25,23.20,1,2304,23.35_23.40_23.45_23.50_23.55_,5_11_39_55_35_,23.30_23.25_23.20_23.15_23.10_,37_2_64_4_97_
13:29:30,23.20,1,2304,23.40_23.45_23.50_23.55_23.60_,11_39_55_35_42_,23.35_23.30_23.25_23.20_23.15_,5_37_2_64_4_
13:30:00,23.40,126,2430,23.40_23.45_23.50_23.55_23.60_,9_39_55_35_42_,23.35_23.30_23.25_23.20_23.15_,10_37_2_64_4_
