09:00:03,202.00,164,164,202.50_203.00_203.50_204.00_204.50_,22_58_10_34_10_,202.00_201.50_201.00_200.50_200.00_,10_1_1_28_28_
09:00:08,202.50,37,201,202.50_203.00_203.50_204.00_204.50_,10_58_10_34_10_,202.00_201.50_201.00_200.50_200.00_,13_1_1_16_28_
09:00:13,202.00,15,216,202.00_202.50_203.00_203.50_204.00_,15_10_58_10_35_,201.50_201.00_200.50_200.00_199.50_,1_1_16_28_7_
09:00:18,202.00,6,222,202.00_202.50_203.00_203.50_204.00_,13_10_58_10_35_,201.50_201.00_200.50_200.00_199.50_,5_1_18_28_7_
09:00:23,202.00,2,224,202.00_202.50_203.00_203.50_204.00_,34_10_58_10_35_,201.50_201.00_200.50_200.00_199.50_,8_1_16_30_7_
09:00:28,202.00,2,226,202.00_202.50_203.00_203.50_204.00_,38_10_58_10_35_,201.50_201.00_200.50_200.00_199.50_,6_1_16_29_6_
09:00:34,202.00,1,227,202.00_202.50_203.00_203.50_204.00_,51_11_58_10_35_,201.50_201.00_200.50_200.00_199.50_,6_1_16_29_6_
09:00:39,202.00,22,249,202.00_202.50_203.00_203.50_204.00_,48_32_58_11_35_,201.50_201.00_200.50_200.00_199.50_,9_1_16_29_6_
09:00:44,202.00,11,260,202.00_202.50_203.00_203.50_204.00_,48_32_59_11_36_,201.50_201.00_200.50_200.00_199.50_,8_2_16_30_6_
09:00:49,202.00,24,284,202.00_202.50_203.00_203.50_204.00_,43_32_58_12_36_,201.50_201.00_200.50_200.00_199.50_,8_2_17_30_6_
09:00:54,202.00,12,296,202.00_202.50_203.00_203.50_204.00_,32_33_59_12_37_,201.50_201.00_200.50_200.00_199.50_,18_7_17_31_5_
09:00:59,202.00,11,307,202.00_202.50_203.00_203.50_204.00_,28_43_60_12_38_,201.50_201.00_200.50_200.00_199.50_,25_7_17_31_5_
09:01:04,202.00,7,314,202.00_202.50_203.00_203.50_204.00_,30_43_60_12_38_,201.50_201.00_200.50_200.00_199.50_,36_7_17_31_5_
09:01:10,202.00,17,331,202.00_202.50_203.00_203.50_204.00_,34_43_60_12_38_,201.50_201.00_200.50_200.00_199.50_,41_7_16_31_5_
09:01:15,202.00,14,345,202.00_202.50_203.00_203.50_204.00_,33_44_60_13_38_,201.50_201.00_200.50_200.00_199.50_,41_8_16_33_5_
09:01:20,202.00,4,349,202.00_202.50_203.00_203.50_204.00_,39_44_60_13_38_,201.50_201.00_200.50_200.00_199.50_,41_8_17_33_5_
09:01:25,202.00,4,353,202.00_202.50_203.00_203.50_204.00_,35_44_61_13_41_,201.50_201.00_200.50_200.00_199.50_,50_8_17_32_5_
09:01:30,202.00,6,359,202.00_202.50_203.00_203.50_204.00_,34_49_61_13_41_,201.50_201.00_200.50_200.00_199.50_,50_8_17_32_5_
09:01:35,202.00,6,365,202.00_202.50_203.00_203.50_204.00_,29_49_61_23_41_,201.50_201.00_200.50_200.00_199.50_,50_8_17_32_5_
09:01:46,202.00,6,383,202.00_202.50_203.00_203.50_204.00_,28_50_62_33_41_,201.50_201.00_200.50_200.00_199.50_,51_8_17_32_2_
09:01:51,202.00,1,384,202.00_202.50_203.00_203.50_204.00_,44_51_62_33_41_,201.50_201.00_200.50_200.00_199.50_,52_8_17_31_2_
09:01:56,202.00,5,389,202.00_202.50_203.00_203.50_204.00_,60_51_63_33_41_,201.50_201.00_200.50_200.00_199.50_,54_9_17_30_2_
09:02:01,201.50,4,393,202.00_202.50_203.00_203.50_204.00_,63_56_62_33_41_,201.50_201.00_200.50_200.00_199.50_,41_9_20_29_2_
09:02:06,202.00,11,404,202.00_202.50_203.00_203.50_204.00_,53_56_62_33_41_,201.50_201.00_200.50_200.00_199.50_,42_9_17_25_2_
09:02:11,201.50,5,409,202.00_202.50_203.00_203.50_204.00_,56_56_62_33_41_,201.50_201.00_200.50_200.00_199.50_,37_29_17_28_2_
09:02:16,201.50,4,413,202.00_202.50_203.00_203.50_204.00_,65_56_62_34_41_,201.50_201.00_200.50_200.00_199.50_,34_35_15_28_2_
09:02:21,201.50,13,426,202.00_202.50_203.00_203.50_204.00_,66_56_62_33_41_,201.50_201.00_200.50_200.00_199.50_,24_35_15_28_2_
09:02:32,201.50,17,468,202.00_202.50_203.00_203.50_204.00_,65_58_62_33_42_,201.50_201.00_200.50_200.00_199.50_,3_35_15_44_2_
09:02:37,201.00,3,471,201.50_202.00_202.50_203.00_203.50_,15_116_58_64_33_,201.00_200.50_200.00_199.50_199.00_,41_15_44_3_40_
09:02:42,201.00,3,471,201.50_202.00_202.50_203.00_203.50_,25_114_59_74_33_,201.00_200.50_200.00_199.50_199.00_,41_15_29_23_40_
09:02:47,201.00,7,478,201.50_202.00_202.50_203.00_203.50_,62_120_59_73_33_,201.00_200.50_200.00_199.50_199.00_,34_15_29_23_39_
09:02:52,201.00,21,499,201.50_202.00_202.50_203.00_203.50_,62_121_59_72_33_,201.00_200.50_200.00_199.50_199.00_,16_15_29_23_39_
09:02:57,201.00,15,514,201.50_202.00_202.50_203.00_203.50_,62_122_59_72_33_,201.00_200.50_200.00_199.50_199.00_,1_15_29_23_39_
09:03:02,201.00,3,517,201.00_201.50_202.00_202.50_203.00_,6_63_122_59_72_,200.50_200.00_199.50_199.00_198.50_,23_30_23_39_29_
09:03:08,201.00,5,522,201.00_201.50_202.00_202.50_203.00_,7_61_122_68_62_,200.50_200.00_199.50_199.00_198.50_,23_30_3_59_29_
09:03:13,201.00,2,524,201.00_201.50_202.00_202.50_203.00_,10_62_123_69_61_,200.50_200.00_199.50_199.00_198.50_,23_29_18_59_29_
09:03:18,201.00,1,525,201.00_201.50_202.00_202.50_203.00_,13_66_123_69_61_,200.50_200.00_199.50_199.00_198.50_,23_30_18_59_29_
09:03:23,201.00,2,527,201.00_201.50_202.00_202.50_203.00_,14_68_123_69_61_,200.50_200.00_199.50_199.00_198.50_,23_29_18_59_29_
09:03:28,201.00,5,532,201.00_201.50_202.00_202.50_203.00_,19_68_125_69_61_,200.50_200.00_199.50_199.00_198.50_,23_29_18_59_29_
09:03:33,201.00,3,535,201.00_201.50_202.00_202.50_203.00_,19_68_128_69_61_,200.50_200.00_199.50_199.00_198.50_,32_29_19_59_29_
09:03:38,201.00,11,546,201.00_201.50_202.00_202.50_203.00_,11_68_132_69_61_,200.50_200.00_199.50_199.00_198.50_,32_31_19_59_29_
09:03:43,201.00,1,547,201.00_201.50_202.00_202.50_203.00_,12_68_132_69_61_,200.50_200.00_199.50_199.00_198.50_,33_32_19_59_29_
09:03:49,201.00,16,563,201.50_202.00_202.50_203.00_203.50_,68_133_69_62_34_,201.00_200.50_200.00_199.50_199.00_,3_31_29_20_59_
09:03:54,201.50,4,567,201.50_202.00_202.50_203.00_203.50_,64_132_60_72_34_,201.00_200.50_200.00_199.50_199.00_,22_24_29_40_39_
09:03:59,201.00,2,569,201.50_202.00_202.50_203.00_203.50_,64_133_60_72_34_,201.00_200.50_200.00_199.50_199.00_,26_16_29_24_56_
09:04:04,201.00,12,581,201.50_202.00_202.50_203.00_203.50_,64_133_60_72_34_,201.00_200.50_200.00_199.50_199.00_,20_16_29_40_40_
09:04:09,201.00,1,582,201.50_202.00_202.50_203.00_203.50_,66_134_63_72_34_,201.00_200.50_200.00_199.50_199.00_,21_16_29_40_40_
09:04:14,201.00,2,584,201.50_202.00_202.50_203.00_203.50_,66_130_63_72_34_,201.00_200.50_200.00_199.50_199.00_,20_16_29_40_40_
09:04:19,201.00,4,588,201.50_202.00_202.50_203.00_203.50_,67_129_63_72_34_,201.00_200.50_200.00_199.50_199.00_,14_16_28_40_40_
09:04:24,201.00,21,609,201.50_202.00_202.50_203.00_203.50_,70_132_63_72_34_,200.50_200.00_199.50_199.00_198.50_,16_28_40_40_28_
09:04:30,201.00,3,612,201.00_201.50_202.00_202.50_203.00_,1_70_131_73_62_,200.50_200.00_199.50_199.00_198.50_,24_28_22_59_28_
09:04:35,201.00,1,613,201.00_201.50_202.00_202.50_203.00_,3_69_132_72_62_,200.50_200.00_199.50_199.00_198.50_,24_28_20_61_28_
09:04:40,201.00,4,617,201.50_202.00_202.50_203.00_203.50_,69_133_73_62_34_,201.00_200.50_200.00_199.50_199.00_,4_24_28_20_61_
09:04:45,201.00,5,622,201.00_201.50_202.00_202.50_203.00_,3_71_133_64_74_,200.50_200.00_199.50_199.00_198.50_,18_28_41_41_28_
09:04:50,201.00,5,622,201.00_201.50_202.00_202.50_203.00_,20_79_138_78_64_,200.50_200.00_199.50_199.00_198.50_,24_28_20_62_33_
09:04:55,200.50,1,623,201.00_201.50_202.00_202.50_203.00_,21_79_138_78_68_,200.50_200.00_199.50_199.00_198.50_,23_28_20_62_33_
09:05:00,200.50,3,626,201.00_201.50_202.00_202.50_203.00_,31_76_139_78_68_,200.50_200.00_199.50_199.00_198.50_,20_28_20_63_33_
09:05:05,200.50,1,627,201.00_201.50_202.00_202.50_203.00_,35_77_140_79_68_,200.50_200.00_199.50_199.00_198.50_,19_28_20_63_33_
09:05:11,200.50,2,629,201.00_201.50_202.00_202.50_203.00_,35_77_140_79_69_,200.50_200.00_199.50_199.00_198.50_,18_29_20_63_33_
09:05:16,200.50,4,633,201.00_201.50_202.00_202.50_203.00_,38_88_143_78_69_,200.50_200.00_199.50_199.00_198.50_,14_31_20_63_33_
09:05:21,200.50,4,637,201.00_201.50_202.00_202.50_203.00_,40_88_143_81_68_,200.50_200.00_199.50_199.00_198.50_,15_31_20_63_33_
09:05:26,200.50,1,638,201.00_201.50_202.00_202.50_203.00_,43_88_143_81_69_,200.50_200.00_199.50_199.00_198.50_,14_31_20_63_33_
09:05:31,201.00,70,708,201.50_202.00_202.50_203.00_203.50_,91_143_81_69_34_,201.00_200.50_200.00_199.50_199.00_,1_15_31_20_63_
09:05:36,201.00,70,708,201.50_202.00_202.50_203.00_203.50_,92_145_72_79_34_,201.00_200.50_200.00_199.50_199.00_,1_6_31_41_42_
09:05:41,201.50,10,718,201.50_202.00_202.50_203.00_203.50_,88_145_76_82_34_,201.00_200.50_200.00_199.50_199.00_,7_14_30_41_42_
09:05:46,201.50,10,718,201.50_202.00_202.50_203.00_203.50_,88_148_89_100_34_,201.00_200.50_200.00_199.50_199.00_,18_15_29_25_58_
09:05:52,201.00,6,724,201.50_202.00_202.50_203.00_203.50_,90_151_89_100_34_,201.00_200.50_200.00_199.50_199.00_,14_15_29_25_58_
09:05:57,201.00,4,728,201.50_202.00_202.50_203.00_203.50_,91_152_79_112_34_,201.00_200.50_200.00_199.50_199.00_,33_15_30_41_43_
09:06:02,201.00,2,730,201.50_202.00_202.50_203.00_203.50_,90_154_82_206_37_,201.00_200.50_200.00_199.50_199.00_,31_15_30_41_43_
09:06:07,201.00,2,732,201.50_202.00_202.50_203.00_203.50_,92_154_129_304_42_,201.00_200.50_200.00_199.50_199.00_,30_17_30_41_43_
09:06:12,201.50,2,734,201.50_202.00_202.50_203.00_203.50_,94_154_271_304_42_,201.00_200.50_200.00_199.50_199.00_,30_17_33_41_43_
09:06:17,201.00,12,746,201.50_202.00_202.50_203.00_203.50_,97_154_281_298_42_,201.00_200.50_200.00_199.50_199.00_,18_17_33_25_59_
09:06:22,201.50,6,752,201.50_202.00_202.50_203.00_203.50_,95_158_271_307_42_,201.00_200.50_200.00_199.50_199.00_,18_18_33_41_43_
09:06:27,201.00,5,757,201.50_202.00_202.50_203.00_203.50_,94_161_283_296_42_,201.00_200.50_200.00_199.50_199.00_,16_18_32_25_59_
09:06:32,201.00,2,759,201.50_202.00_202.50_203.00_203.50_,98_161_274_309_47_,201.00_200.50_200.00_199.50_199.00_,21_18_33_41_43_
09:06:37,201.00,2,759,201.50_202.00_202.50_203.00_203.50_,98_163_274_310_47_,201.00_200.50_200.00_199.50_199.00_,22_18_33_41_43_
09:06:43,201.00,1,760,201.50_202.00_202.50_203.00_203.50_,100_167_274_310_47_,201.00_200.50_200.00_199.50_199.00_,24_18_32_41_43_
09:06:48,201.00,1,761,201.50_202.00_202.50_203.00_203.50_,107_167_274_310_47_,201.00_200.50_200.00_199.50_199.00_,25_18_33_41_45_
09:06:53,201.00,23,784,201.50_202.00_202.50_203.00_203.50_,123_187_274_310_52_,201.00_200.50_200.00_199.50_199.00_,4_18_33_25_61_
09:06:58,201.00,4,788,201.00_201.50_202.00_202.50_203.00_,37_130_193_275_310_,200.50_200.00_199.50_199.00_198.50_,18_33_25_61_33_
09:07:03,200.50,2,790,201.00_201.50_202.00_202.50_203.00_,41_130_196_289_300_,200.50_200.00_199.50_199.00_198.50_,16_33_20_50_48_
09:07:08,200.50,1,791,201.00_201.50_202.00_202.50_203.00_,42_129_196_289_300_,200.50_200.00_199.50_199.00_198.50_,15_32_22_66_32_
09:07:13,200.50,2,793,201.00_201.50_202.00_202.50_203.00_,42_129_196_289_305_,200.50_200.00_199.50_199.00_198.50_,13_32_22_66_32_
09:07:18,201.00,1,794,201.00_201.50_202.00_202.50_203.00_,42_130_196_284_305_,200.50_200.00_199.50_199.00_198.50_,13_32_22_66_32_
09:07:24,200.50,1,795,201.00_201.50_202.00_202.50_203.00_,48_142_201_284_305_,200.50_200.00_199.50_199.00_198.50_,12_32_22_66_32_
09:07:29,200.50,1,795,201.00_201.50_202.00_202.50_203.00_,49_143_202_284_305_,200.50_200.00_199.50_199.00_198.50_,12_32_22_66_32_
09:07:34,200.50,1,795,201.00_201.50_202.00_202.50_203.00_,47_144_203_284_305_,200.50_200.00_199.50_199.00_198.50_,13_32_22_66_32_
09:07:39,200.50,8,803,201.00_201.50_202.00_202.50_203.00_,58_144_214_237_258_,200.50_200.00_199.50_199.00_198.50_,6_33_22_66_32_
09:07:44,200.50,7,810,200.50_201.00_201.50_202.00_202.50_,3_59_144_214_97_,200.00_199.50_199.00_198.50_198.00_,33_22_66_32_23_
09:07:49,200.00,1,811,200.50_201.00_201.50_202.00_202.50_,6_67_141_205_88_,200.00_199.50_199.00_198.50_198.00_,32_22_45_53_23_
09:07:54,200.50,1,812,200.50_201.00_201.50_202.00_202.50_,18_66_140_205_88_,200.00_199.50_199.00_198.50_198.00_,30_22_45_53_23_
09:07:59,200.50,1,813,200.50_201.00_201.50_202.00_202.50_,19_86_140_205_88_,200.00_199.50_199.00_198.50_198.00_,34_22_46_53_27_
09:08:05,200.50,1,813,200.50_201.00_201.50_202.00_202.50_,17_86_140_205_89_,200.00_199.50_199.00_198.50_198.00_,34_22_46_53_27_
09:08:10,200.50,10,823,200.50_201.00_201.50_202.00_202.50_,7_84_128_205_90_,200.00_199.50_199.00_198.50_198.00_,33_22_46_53_27_
09:08:15,200.50,3,826,200.50_201.00_201.50_202.00_202.50_,5_84_128_206_91_,200.00_199.50_199.00_198.50_198.00_,33_22_46_53_27_
09:08:20,200.50,2,828,200.50_201.00_201.50_202.00_202.50_,2_86_128_216_91_,200.00_199.50_199.00_198.50_198.00_,34_22_47_53_27_
09:08:25,200.00,1,829,200.50_201.00_201.50_202.00_202.50_,2_86_127_216_97_,200.00_199.50_199.00_198.50_198.00_,33_22_47_53_27_
09:08:30,200.50,2,831,201.00_201.50_202.00_202.50_203.00_,87_129_215_98_124_,200.50_200.00_199.50_199.00_198.50_,2_34_22_49_101_
09:08:35,200.50,8,839,200.50_201.00_201.50_202.00_202.50_,7_88_126_207_103_,200.00_199.50_199.00_198.50_198.00_,33_22_70_221_26_
09:08:40,200.50,8,839,200.50_201.00_201.50_202.00_202.50_,7_88_127_216_93_,200.00_199.50_199.00_198.50_198.00_,33_22_237_242_26_
09:08:45,200.50,2,841,200.50_201.00_201.50_202.00_202.50_,5_88_127_217_93_,200.00_199.50_199.00_198.50_198.00_,33_22_237_242_26_
09:08:51,200.50,2,841,200.50_201.00_201.50_202.00_202.50_,5_90_125_217_93_,200.00_199.50_199.00_198.50_198.00_,33_22_237_242_26_
09:08:56,200.50,6,847,200.50_201.00_201.50_202.00_202.50_,1_94_125_217_93_,200.00_199.50_199.00_198.50_198.00_,33_22_237_240_26_
09:09:01,200.50,2,849,201.00_201.50_202.00_202.50_203.00_,95_125_217_93_125_,200.50_200.00_199.50_199.00_198.50_,5_33_22_237_240_
09:09:06,201.00,5,854,201.00_201.50_202.00_202.50_203.00_,92_125_208_103_125_,200.50_200.00_199.50_199.00_198.50_,6_33_22_259_219_
09:09:11,201.00,5,854,201.00_201.50_202.00_202.50_203.00_,92_126_208_103_125_,200.50_200.00_199.50_199.00_198.50_,7_34_22_244_235_
09:09:16,200.50,3,857,201.00_201.50_202.00_202.50_203.00_,92_127_209_103_125_,200.50_200.00_199.50_199.00_198.50_,4_34_22_244_235_
09:09:21,200.50,3,857,201.00_201.50_202.00_202.50_203.00_,92_130_210_103_125_,200.50_200.00_199.50_199.00_198.50_,4_34_22_260_218_
09:09:26,200.50,3,857,201.00_201.50_202.00_202.50_203.00_,90_130_210_104_125_,200.50_200.00_199.50_199.00_198.50_,4_34_23_260_218_
09:09:31,201.00,2,859,201.00_201.50_202.00_202.50_203.00_,89_130_210_104_125_,200.50_200.00_199.50_199.00_198.50_,4_34_23_260_218_
09:09:37,201.00,2,859,201.00_201.50_202.00_202.50_203.00_,90_130_208_104_126_,200.50_200.00_199.50_199.00_198.50_,5_36_23_244_234_
09:09:42,201.00,2,859,201.00_201.50_202.00_202.50_203.00_,90_130_208_105_126_,200.50_200.00_199.50_199.00_198.50_,6_36_23_245_234_
09:09:52,200.50,2,861,201.00_201.50_202.00_202.50_203.00_,93_127_210_106_126_,200.50_200.00_199.50_199.00_198.50_,9_37_23_261_218_
09:09:57,200.50,6,867,201.00_201.50_202.00_202.50_203.00_,93_127_210_106_126_,200.50_200.00_199.50_199.00_198.50_,3_37_23_261_218_
09:10:02,200.50,3,870,201.00_201.50_202.00_202.50_203.00_,93_127_210_107_126_,200.50_200.00_199.50_199.00_198.50_,1_37_23_261_218_
09:10:07,200.50,1,871,201.00_201.50_202.00_202.50_203.00_,94_127_210_107_126_,200.00_199.50_199.00_198.50_198.00_,39_23_261_218_26_
09:10:12,200.50,1,871,200.50_201.00_201.50_202.00_202.50_,2_94_127_220_97_,200.00_199.50_199.00_198.50_198.00_,39_23_242_237_26_
09:10:18,200.50,1,872,200.50_201.00_201.50_202.00_202.50_,1_94_128_221_97_,200.00_199.50_199.00_198.50_198.00_,39_23_240_239_26_
09:10:23,200.50,1,872,200.50_201.00_201.50_202.00_202.50_,1_94_128_221_97_,200.00_199.50_199.00_198.50_198.00_,39_23_193_192_26_
09:10:28,200.50,1,873,201.00_201.50_202.00_202.50_203.00_,94_128_221_97_126_,200.50_200.00_199.50_199.00_198.50_,9_39_34_193_192_
09:10:33,200.50,1,873,201.00_201.50_202.00_202.50_203.00_,94_127_212_107_126_,200.50_200.00_199.50_199.00_198.50_,9_39_34_214_171_
09:10:38,200.50,1,873,201.00_201.50_202.00_202.50_203.00_,94_127_212_107_126_,200.50_200.00_199.50_199.00_198.50_,9_40_35_214_171_
09:10:43,200.50,2,875,201.00_201.50_202.00_202.50_203.00_,94_127_212_107_126_,200.50_200.00_199.50_199.00_198.50_,7_40_35_214_171_
09:10:48,200.50,2,875,201.00_201.50_202.00_202.50_203.00_,94_127_222_107_127_,200.50_200.00_199.50_199.00_198.50_,7_40_36_214_171_
09:10:53,200.50,2,875,201.00_201.50_202.00_202.50_203.00_,94_127_221_106_127_,200.50_200.00_199.50_199.00_198.50_,7_40_36_214_171_
09:10:59,200.50,2,875,201.00_201.50_202.00_202.50_203.00_,94_127_221_106_127_,200.50_200.00_199.50_199.00_198.50_,7_40_36_167_171_
09:11:04,200.50,2,875,201.00_201.50_202.00_202.50_203.00_,94_127_220_106_127_,200.50_200.00_199.50_199.00_198.50_,7_41_36_119_124_
09:11:14,200.50,1,876,201.00_201.50_202.00_202.50_203.00_,94_127_220_106_127_,200.50_200.00_199.50_199.00_198.50_,9_43_36_119_124_
09:11:19,200.50,1,876,201.00_201.50_202.00_202.50_203.00_,94_127_220_106_127_,200.50_200.00_199.50_199.00_198.50_,10_43_36_119_124_
09:11:29,200.50,2,878,201.00_201.50_202.00_202.50_203.00_,94_127_220_106_127_,200.50_200.00_199.50_199.00_198.50_,8_43_36_119_124_
09:11:35,200.50,2,878,201.00_201.50_202.00_202.50_203.00_,94_127_220_106_127_,200.50_200.00_199.50_199.00_198.50_,18_43_36_119_124_
09:11:40,200.50,10,888,201.00_201.50_202.00_202.50_203.00_,94_127_220_106_127_,200.50_200.00_199.50_199.00_198.50_,10_43_36_139_124_
09:11:45,201.00,1,889,201.00_201.50_202.00_202.50_203.00_,93_127_221_106_127_,200.50_200.00_199.50_199.00_198.50_,11_41_36_159_124_
09:11:55,201.00,1,889,201.00_201.50_202.00_202.50_203.00_,99_127_221_106_127_,200.50_200.00_199.50_199.00_198.50_,1_41_36_143_140_
09:12:00,201.00,1,889,201.00_201.50_202.00_202.50_203.00_,99_127_221_103_127_,200.50_200.00_199.50_199.00_198.50_,2_49_36_143_140_
09:12:05,201.00,1,890,201.00_201.50_202.00_202.50_203.00_,103_127_221_103_127_,200.50_200.00_199.50_199.00_198.50_,15_49_36_143_140_
09:12:11,201.00,1,891,201.00_201.50_202.00_202.50_203.00_,102_127_221_103_127_,200.50_200.00_199.50_199.00_198.50_,16_53_36_143_140_
09:12:16,200.50,2,893,201.00_201.50_202.00_202.50_203.00_,100_127_221_103_127_,200.50_200.00_199.50_199.00_198.50_,14_49_36_143_140_
09:12:21,200.50,2,893,201.00_201.50_202.00_202.50_203.00_,103_127_221_103_127_,200.50_200.00_199.50_199.00_198.50_,14_48_36_160_124_
09:12:26,200.50,2,893,201.00_201.50_202.00_202.50_203.00_,104_127_219_103_127_,200.50_200.00_199.50_199.00_198.50_,15_48_224_160_124_
09:12:31,200.50,2,895,201.00_201.50_202.00_202.50_203.00_,104_127_219_103_127_,200.50_200.00_199.50_199.00_198.50_,14_48_224_301_124_
09:12:36,200.50,2,895,201.00_201.50_202.00_202.50_203.00_,104_127_219_103_127_,200.50_200.00_199.50_199.00_198.50_,16_47_224_348_124_
09:12:41,201.00,1,896,201.00_201.50_202.00_202.50_203.00_,103_127_219_103_127_,200.50_200.00_199.50_199.00_198.50_,30_46_224_348_124_
09:12:46,201.00,1,897,201.00_201.50_202.00_202.50_203.00_,100_127_219_103_127_,200.50_200.00_199.50_199.00_198.50_,31_46_224_332_140_
09:12:52,201.00,1,898,201.00_201.50_202.00_202.50_203.00_,100_127_219_103_127_,200.50_200.00_199.50_199.00_198.50_,32_46_225_332_150_
09:13:02,201.00,1,898,201.00_201.50_202.00_202.50_203.00_,100_130_219_103_127_,200.50_200.00_199.50_199.00_198.50_,32_45_225_332_150_
09:13:07,201.00,1,899,201.00_201.50_202.00_202.50_203.00_,99_135_219_103_126_,200.50_200.00_199.50_199.00_198.50_,32_45_225_332_150_
09:13:12,201.00,1,899,201.00_201.50_202.00_202.50_203.00_,99_135_219_103_126_,200.50_200.00_199.50_199.00_198.50_,32_40_225_332_150_
09:13:17,201.00,1,899,201.00_201.50_202.00_202.50_203.00_,98_135_219_103_126_,200.50_200.00_199.50_199.00_198.50_,33_40_225_332_150_
09:13:22,200.50,2,901,201.00_201.50_202.00_202.50_203.00_,98_135_219_103_127_,200.50_200.00_199.50_199.00_198.50_,31_40_225_332_150_
09:13:27,200.50,2,901,201.00_201.50_202.00_202.50_203.00_,98_136_219_103_127_,200.50_200.00_199.50_199.00_198.50_,31_40_225_348_134_
09:13:38,200.50,2,901,201.00_201.50_202.00_202.50_203.00_,98_136_219_103_127_,200.50_200.00_199.50_199.00_198.50_,33_40_225_348_134_
09:13:48,200.50,2,903,201.00_201.50_202.00_202.50_203.00_,98_136_219_103_127_,200.50_200.00_199.50_199.00_198.50_,31_41_226_350_134_
09:13:53,201.00,5,908,201.00_201.50_202.00_202.50_203.00_,93_136_219_103_127_,200.50_200.00_199.50_199.00_198.50_,31_41_226_350_134_
09:13:58,201.00,5,908,201.00_201.50_202.00_202.50_203.00_,93_136_219_103_127_,200.50_200.00_199.50_199.00_198.50_,32_41_226_334_150_
09:14:03,201.00,5,908,201.00_201.50_202.00_202.50_203.00_,94_136_219_103_127_,200.50_200.00_199.50_199.00_198.50_,32_41_226_334_150_
09:14:08,201.00,5,908,201.00_201.50_202.00_202.50_203.00_,100_136_219_103_127_,200.50_200.00_199.50_199.00_198.50_,35_41_226_335_150_
09:14:14,201.00,1,909,201.00_201.50_202.00_202.50_203.00_,99_136_219_103_127_,200.50_200.00_199.50_199.00_198.50_,35_41_226_334_150_
09:14:19,201.00,1,909,201.00_201.50_202.00_202.50_203.00_,100_137_218_103_127_,200.50_200.00_199.50_199.00_198.50_,35_41_226_333_150_
09:14:24,201.00,1,909,201.00_201.50_202.00_202.50_203.00_,101_137_218_103_127_,200.50_200.00_199.50_199.00_198.50_,35_41_226_333_150_
09:14:29,201.00,1,909,201.00_201.50_202.00_202.50_203.00_,101_138_218_103_127_,200.50_200.00_199.50_199.00_198.50_,40_43_226_333_150_
09:14:34,201.00,5,914,201.00_201.50_202.00_202.50_203.00_,96_137_218_104_127_,200.50_200.00_199.50_199.00_198.50_,40_43_226_334_150_
09:14:39,201.00,1,915,201.00_201.50_202.00_202.50_203.00_,97_138_218_104_127_,200.50_200.00_199.50_199.00_198.50_,42_42_226_334_151_
09:14:50,201.00,1,916,201.00_201.50_202.00_202.50_203.00_,91_138_218_105_126_,200.50_200.00_199.50_199.00_198.50_,42_42_226_334_151_
09:14:55,201.00,1,917,201.00_201.50_202.00_202.50_203.00_,89_138_218_107_126_,200.50_200.00_199.50_199.00_198.50_,43_42_226_334_151_
09:15:00,201.00,1,917,201.00_201.50_202.00_202.50_203.00_,89_138_218_107_126_,200.50_200.00_199.50_199.00_198.50_,43_231_226_334_151_
09:15:05,201.00,1,917,201.00_201.50_202.00_202.50_203.00_,94_138_219_107_126_,200.50_200.00_199.50_199.00_198.50_,43_232_226_334_151_
09:15:10,201.00,1,918,201.00_201.50_202.00_202.50_203.00_,93_138_219_107_126_,200.50_200.00_199.50_199.00_198.50_,43_239_226_334_151_
09:15:15,201.00,1,918,201.00_201.50_202.00_202.50_203.00_,94_138_220_107_126_,200.50_200.00_199.50_199.00_198.50_,43_239_226_334_151_
09:15:20,201.00,1,918,201.00_201.50_202.00_202.50_203.00_,94_138_221_107_126_,200.50_200.00_199.50_199.00_198.50_,43_239_226_334_151_
09:15:25,201.00,1,919,201.00_201.50_202.00_202.50_203.00_,93_138_222_107_126_,200.50_200.00_199.50_199.00_198.50_,44_239_226_334_151_
09:15:31,201.00,20,939,201.00_201.50_202.00_202.50_203.00_,73_138_222_109_126_,200.50_200.00_199.50_199.00_198.50_,44_239_226_334_151_
09:15:36,201.00,2,941,201.00_201.50_202.00_202.50_203.00_,73_138_222_109_126_,200.50_200.00_199.50_199.00_198.50_,43_240_226_334_151_
09:15:41,201.00,14,955,201.00_201.50_202.00_202.50_203.00_,61_138_222_114_126_,200.50_200.00_199.50_199.00_198.50_,43_240_226_334_151_
09:15:46,201.00,23,978,201.00_201.50_202.00_202.50_203.00_,38_138_222_114_126_,200.50_200.00_199.50_199.00_198.50_,43_240_226_334_151_
09:15:51,201.00,17,995,201.00_201.50_202.00_202.50_203.00_,21_136_222_114_126_,200.50_200.00_199.50_199.00_198.50_,45_240_226_334_151_
09:15:56,201.00,21,1016,201.50_202.00_202.50_203.00_203.50_,136_222_114_130_67_,201.00_200.50_200.00_199.50_199.00_,5_43_240_226_334_
09:16:01,201.50,21,1037,201.50_202.00_202.50_203.00_203.50_,114_235_105_140_67_,201.00_200.50_200.00_199.50_199.00_,26_41_240_230_345_
09:16:06,201.00,3,1040,201.50_202.00_202.50_203.00_203.50_,111_243_115_130_67_,201.00_200.50_200.00_199.50_199.00_,28_41_240_231_345_
09:16:11,201.00,1,1041,201.50_202.00_202.50_203.00_203.50_,110_242_105_140_67_,201.00_200.50_200.00_199.50_199.00_,31_44_239_231_345_
09:16:17,201.00,2,1043,201.50_202.00_202.50_203.00_203.50_,110_242_105_140_67_,201.00_200.50_200.00_199.50_199.00_,31_44_239_231_345_
09:16:22,201.00,2,1045,201.50_202.00_202.50_203.00_203.50_,110_242_105_140_67_,201.00_200.50_200.00_199.50_199.00_,31_44_239_231_345_
09:16:27,201.00,1,1046,201.50_202.00_202.50_203.00_203.50_,110_243_105_140_67_,201.00_200.50_200.00_199.50_199.00_,32_44_239_231_343_
09:16:32,201.50,20,1066,201.50_202.00_202.50_203.00_203.50_,96_244_106_140_67_,201.00_200.50_200.00_199.50_199.00_,32_44_240_231_343_
09:16:37,201.50,7,1073,201.50_202.00_202.50_203.00_203.50_,90_244_116_132_67_,201.00_200.50_200.00_199.50_199.00_,27_45_240_231_343_
09:16:42,201.50,3,1076,201.50_202.00_202.50_203.00_203.50_,87_245_116_132_67_,201.00_200.50_200.00_199.50_199.00_,28_45_240_232_343_
09:16:47,201.50,4,1080,201.50_202.00_202.50_203.00_203.50_,85_240_111_143_68_,201.00_200.50_200.00_199.50_199.00_,30_46_240_232_343_
09:16:52,201.50,3,1083,201.50_202.00_202.50_203.00_203.50_,85_240_122_133_69_,201.00_200.50_200.00_199.50_199.00_,30_45_240_232_343_
09:16:57,201.00,3,1086,201.50_202.00_202.50_203.00_203.50_,86_240_122_132_69_,201.00_200.50_200.00_199.50_199.00_,28_45_240_232_343_
09:17:03,201.50,2,1088,201.50_202.00_202.50_203.00_203.50_,84_240_112_183_70_,201.00_200.50_200.00_199.50_199.00_,28_44_244_230_344_
09:17:08,201.00,5,1093,201.50_202.00_202.50_203.00_203.50_,86_238_123_173_70_,201.00_200.50_200.00_199.50_199.00_,26_46_244_228_344_
09:17:13,201.00,5,1093,201.50_202.00_202.50_203.00_203.50_,87_238_115_183_71_,201.00_200.50_200.00_199.50_199.00_,26_46_244_228_344_
09:17:18,201.50,1,1094,201.50_202.00_202.50_203.00_203.50_,90_235_116_183_71_,201.00_200.50_200.00_199.50_199.00_,27_46_244_228_344_
09:17:23,201.50,1,1094,201.50_202.00_202.50_203.00_203.50_,91_235_126_173_71_,201.00_200.50_200.00_199.50_199.00_,35_49_244_228_344_
09:17:28,201.00,1,1095,201.50_202.00_202.50_203.00_203.50_,91_235_126_173_71_,201.00_200.50_200.00_199.50_199.00_,29_50_244_228_344_
09:17:33,201.50,1,1096,201.50_202.00_202.50_203.00_203.50_,90_235_116_183_71_,201.00_200.50_200.00_199.50_199.00_,32_50_244_228_344_
09:17:38,201.50,1,1097,201.50_202.00_202.50_203.00_203.50_,89_235_121_173_71_,201.00_200.50_200.00_199.50_199.00_,33_51_244_228_344_
09:17:44,201.50,1,1097,201.50_202.00_202.50_203.00_203.50_,92_235_121_173_71_,201.00_200.50_200.00_199.50_199.00_,33_50_244_228_344_
09:17:49,201.50,1,1097,201.50_202.00_202.50_203.00_203.50_,91_235_121_173_71_,201.00_200.50_200.00_199.50_199.00_,38_50_244_228_344_
09:17:54,201.50,6,1103,201.50_202.00_202.50_203.00_203.50_,86_240_121_173_71_,201.00_200.50_200.00_199.50_199.00_,41_50_241_229_344_
09:17:59,201.50,11,1114,201.50_202.00_202.50_203.00_203.50_,75_240_121_173_71_,201.00_200.50_200.00_199.50_199.00_,41_50_241_229_344_
09:18:04,201.00,3,1117,201.50_202.00_202.50_203.00_203.50_,75_240_122_174_71_,201.00_200.50_200.00_199.50_199.00_,38_50_241_229_344_
09:18:09,201.00,10,1127,201.50_202.00_202.50_203.00_203.50_,75_240_112_184_71_,201.00_200.50_200.00_199.50_199.00_,30_50_241_229_344_
09:18:14,201.00,12,1139,201.50_202.00_202.50_203.00_203.50_,75_240_112_184_71_,201.00_200.50_200.00_199.50_199.00_,22_50_241_229_344_
09:18:19,201.00,13,1152,201.50_202.00_202.50_203.00_203.50_,78_240_112_184_71_,201.00_200.50_200.00_199.50_199.00_,7_49_241_229_344_
09:18:25,201.00,6,1158,201.50_202.00_202.50_203.00_203.50_,78_240_112_184_71_,201.00_200.50_200.00_199.50_199.00_,6_49_241_229_342_
09:18:30,201.00,2,1160,201.50_202.00_202.50_203.00_203.50_,78_240_112_184_71_,201.00_200.50_200.00_199.50_199.00_,2_46_241_229_338_
09:18:35,201.00,7,1167,201.50_202.00_202.50_203.00_203.50_,88_230_112_184_71_,201.00_200.50_200.00_199.50_199.00_,1_46_243_229_328_
09:18:40,200.50,2,1169,201.00_201.50_202.00_202.50_203.00_,1_88_230_112_184_,200.50_200.00_199.50_199.00_198.50_,45_243_229_328_136_
09:18:45,200.50,2,1169,201.00_201.50_202.00_202.50_203.00_,2_89_232_120_174_,200.50_200.00_199.50_199.00_198.50_,44_243_225_332_136_
09:18:50,200.50,25,1194,201.00_201.50_202.00_202.50_203.00_,4_89_224_121_175_,200.50_200.00_199.50_199.00_198.50_,21_243_225_332_136_
09:18:55,200.50,25,1194,201.00_201.50_202.00_202.50_203.00_,4_99_214_121_175_,200.50_200.00_199.50_199.00_198.50_,21_53_225_332_136_
09:19:00,200.50,25,1194,201.00_201.50_202.00_202.50_203.00_,4_99_214_121_175_,200.50_200.00_199.50_199.00_198.50_,21_53_178_285_136_
09:19:11,200.50,5,1199,201.00_201.50_202.00_202.50_203.00_,11_99_215_121_175_,200.50_200.00_199.50_199.00_198.50_,18_53_178_285_136_
09:19:16,200.00,37,1236,201.00_201.50_202.00_202.50_203.00_,12_98_217_121_175_,200.00_199.50_199.00_198.50_198.00_,34_178_285_136_29_
09:19:21,200.00,37,1236,201.00_201.50_202.00_202.50_203.00_,12_98_227_111_175_,200.00_199.50_199.00_198.50_198.00_,32_179_267_154_29_
09:19:26,200.00,37,1236,200.50_201.00_201.50_202.00_202.50_,2_12_98_227_111_,200.00_199.50_199.00_198.50_198.00_,32_134_267_154_29_
09:19:31,200.50,1,1237,200.50_201.00_201.50_202.00_202.50_,2_12_100_227_111_,200.00_199.50_199.00_198.50_198.00_,24_138_217_156_30_
09:19:36,200.00,25,1262,200.00_200.50_201.00_201.50_202.00_,2_4_12_100_227_,199.50_199.00_198.50_198.00_197.50_,91_170_156_30_8_
09:19:42,199.50,3,1265,200.00_200.50_201.00_201.50_202.00_,2_4_15_108_218_,199.50_199.00_198.50_198.00_197.50_,42_76_88_50_8_
09:19:47,199.50,5,1270,200.00_200.50_201.00_201.50_202.00_,4_4_17_108_211_,199.50_199.00_198.50_198.00_197.50_,37_76_87_50_8_
09:19:52,199.50,1,1271,200.00_200.50_201.00_201.50_202.00_,4_4_17_108_211_,199.50_199.00_198.50_198.00_197.50_,36_77_88_53_10_
09:19:57,199.50,14,1285,200.00_200.50_201.00_201.50_202.00_,4_4_17_108_211_,199.50_199.00_198.50_198.00_197.50_,20_77_88_53_10_
09:20:02,200.00,5,1290,200.00_200.50_201.00_201.50_202.00_,2_9_17_108_211_,199.50_199.00_198.50_198.00_197.50_,19_77_88_53_10_
09:20:07,199.50,1,1291,200.00_200.50_201.00_201.50_202.00_,2_10_17_108_211_,199.50_199.00_198.50_198.00_197.50_,19_77_88_53_10_
09:20:12,199.50,3,1294,200.00_200.50_201.00_201.50_202.00_,4_10_17_108_210_,199.50_199.00_198.50_198.00_197.50_,17_77_88_53_10_
09:20:17,199.50,2,1296,200.00_200.50_201.00_201.50_202.00_,4_10_27_108_210_,199.50_199.00_198.50_198.00_197.50_,17_78_88_53_10_
09:20:23,199.50,2,1296,200.00_200.50_201.00_201.50_202.00_,7_10_29_108_210_,199.50_199.00_198.50_198.00_197.50_,17_79_89_53_10_
09:20:28,199.50,7,1303,200.00_200.50_201.00_201.50_202.00_,8_10_29_108_211_,199.50_199.00_198.50_198.00_197.50_,12_79_88_53_10_
09:20:33,199.50,1,1304,200.00_200.50_201.00_201.50_202.00_,8_9_34_108_211_,199.50_199.00_198.50_198.00_197.50_,13_90_88_53_10_
09:20:38,199.50,6,1310,200.00_200.50_201.00_201.50_202.00_,8_9_34_108_211_,199.50_199.00_198.50_198.00_197.50_,15_91_88_53_10_
09:20:43,199.50,1,1311,200.00_200.50_201.00_201.50_202.00_,8_9_34_108_211_,199.50_199.00_198.50_198.00_197.50_,13_91_71_52_10_
09:20:48,200.00,2,1313,200.00_200.50_201.00_201.50_202.00_,8_9_45_108_212_,199.50_199.00_198.50_198.00_197.50_,23_93_71_52_10_
09:20:53,200.00,2,1313,200.00_200.50_201.00_201.50_202.00_,8_9_45_108_212_,199.50_199.00_198.50_198.00_197.50_,26_93_71_82_10_
09:20:58,200.00,9,1322,200.50_201.00_201.50_202.00_202.50_,9_45_108_213_113_,200.00_199.50_199.00_198.50_198.00_,2_31_96_71_83_
09:21:04,200.50,1,1323,200.50_201.00_201.50_202.00_202.50_,8_44_99_223_113_,200.00_199.50_199.00_198.50_198.00_,7_33_96_91_63_
09:21:14,200.50,1,1324,200.50_201.00_201.50_202.00_202.50_,9_45_99_224_113_,200.00_199.50_199.00_198.50_198.00_,13_35_96_91_63_
09:21:19,200.50,1,1324,200.50_201.00_201.50_202.00_202.50_,10_47_99_224_113_,200.00_199.50_199.00_198.50_198.00_,15_35_95_91_63_
09:21:24,200.50,1,1324,200.50_201.00_201.50_202.00_202.50_,10_47_99_224_114_,200.00_199.50_199.00_198.50_198.00_,15_35_95_91_64_
09:21:29,200.50,1,1324,200.50_201.00_201.50_202.00_202.50_,10_47_99_224_114_,200.00_199.50_199.00_198.50_198.00_,16_35_95_91_65_
09:21:34,200.00,1,1325,200.50_201.00_201.50_202.00_202.50_,10_49_99_224_114_,200.00_199.50_199.00_198.50_198.00_,15_35_96_91_65_
09:21:40,200.00,1,1326,200.50_201.00_201.50_202.00_202.50_,11_49_99_224_114_,200.00_199.50_199.00_198.50_198.00_,16_35_96_92_65_
09:21:45,200.50,2,1328,200.50_201.00_201.50_202.00_202.50_,9_50_99_224_114_,200.00_199.50_199.00_198.50_198.00_,16_35_96_92_65_
09:21:50,200.50,2,1328,200.50_201.00_201.50_202.00_202.50_,9_50_99_225_114_,200.00_199.50_199.00_198.50_198.00_,17_35_96_92_66_
09:21:55,200.50,2,1328,200.50_201.00_201.50_202.00_202.50_,11_51_99_225_114_,200.00_199.50_199.00_198.50_198.00_,12_35_96_92_66_
09:22:00,200.50,2,1328,200.50_201.00_201.50_202.00_202.50_,11_43_99_225_115_,200.00_199.50_199.00_198.50_198.00_,12_35_96_92_66_
09:22:05,200.50,2,1328,200.50_201.00_201.50_202.00_202.50_,11_43_100_225_115_,200.00_199.50_199.00_198.50_198.00_,15_36_96_92_66_
09:22:10,200.50,2,1328,200.50_201.00_201.50_202.00_202.50_,12_53_100_225_115_,200.00_199.50_199.00_198.50_198.00_,16_36_96_82_66_
09:22:15,200.00,15,1343,200.50_201.00_201.50_202.00_202.50_,22_53_100_225_116_,200.00_199.50_199.00_198.50_198.00_,2_36_96_83_66_
09:22:21,200.00,3,1346,200.00_200.50_201.00_201.50_202.00_,8_22_53_100_225_,199.50_199.00_198.50_198.00_197.50_,36_96_83_66_36_
09:22:26,200.00,3,1346,200.00_200.50_201.00_201.50_202.00_,11_23_53_112_213_,199.50_199.00_198.50_198.00_197.50_,36_96_63_86_36_
09:22:31,200.00,3,1346,200.00_200.50_201.00_201.50_202.00_,11_23_53_112_213_,199.50_199.00_198.50_198.00_197.50_,36_96_63_87_36_
09:22:36,200.00,3,1346,200.00_200.50_201.00_201.50_202.00_,11_23_53_112_213_,199.50_199.00_198.50_198.00_197.50_,36_97_63_87_36_
09:22:41,199.50,1,1347,200.00_200.50_201.00_201.50_202.00_,16_23_53_112_213_,199.50_199.00_198.50_198.00_197.50_,35_97_58_87_36_
09:22:46,199.50,1,1347,200.00_200.50_201.00_201.50_202.00_,16_43_55_113_214_,199.50_199.00_198.50_198.00_197.50_,35_97_58_87_36_
09:22:57,200.00,1,1348,200.00_200.50_201.00_201.50_202.00_,15_43_55_113_214_,199.50_199.00_198.50_198.00_197.50_,35_97_58_87_36_
09:23:02,200.00,1,1348,200.00_200.50_201.00_201.50_202.00_,15_43_55_113_214_,199.50_199.00_198.50_198.00_197.50_,35_96_58_87_36_
09:23:07,200.00,1,1349,200.00_200.50_201.00_201.50_202.00_,19_43_55_113_213_,199.50_199.00_198.50_198.00_197.50_,36_96_58_87_36_
09:23:17,200.00,2,1351,200.00_200.50_201.00_201.50_202.00_,18_43_55_115_213_,199.50_199.00_198.50_198.00_197.50_,38_96_58_87_36_
09:23:22,199.50,20,1371,200.00_200.50_201.00_201.50_202.00_,18_23_55_115_213_,199.50_199.00_198.50_198.00_197.50_,18_96_58_86_36_
09:23:27,200.00,5,1376,200.00_200.50_201.00_201.50_202.00_,13_23_55_115_215_,199.50_199.00_198.50_198.00_197.50_,17_96_58_86_36_
09:23:32,199.50,12,1388,200.00_200.50_201.00_201.50_202.00_,14_23_55_115_215_,199.50_199.00_198.50_198.00_197.50_,14_96_58_86_36_
09:23:38,199.50,12,1388,200.00_200.50_201.00_201.50_202.00_,14_23_56_115_215_,199.50_199.00_198.50_198.00_197.50_,15_97_58_86_36_
09:23:43,199.50,12,1388,200.00_200.50_201.00_201.50_202.00_,14_23_56_115_215_,199.50_199.00_198.50_198.00_197.50_,15_97_59_86_36_
09:23:48,199.50,1,1389,200.00_200.50_201.00_201.50_202.00_,14_23_56_115_215_,199.50_199.00_198.50_198.00_197.50_,15_97_59_86_36_
09:23:53,199.50,1,1389,200.00_200.50_201.00_201.50_202.00_,21_23_56_115_215_,199.50_199.00_198.50_198.00_197.50_,13_97_50_86_36_
09:24:03,199.50,8,1397,200.00_200.50_201.00_201.50_202.00_,23_23_56_115_160_,199.50_199.00_198.50_198.00_197.50_,5_97_50_86_36_
09:24:08,199.50,4,1401,200.00_200.50_201.00_201.50_202.00_,26_23_106_116_160_,199.50_199.00_198.50_198.00_197.50_,3_97_50_86_36_
09:24:13,200.00,1,1402,200.00_200.50_201.00_201.50_202.00_,25_23_106_116_160_,199.50_199.00_198.50_198.00_197.50_,3_97_52_86_36_
09:24:19,200.00,1,1402,200.00_200.50_201.00_201.50_202.00_,25_23_106_116_160_,199.50_199.00_198.50_198.00_197.50_,3_97_52_86_37_
09:24:24,200.00,1,1403,200.00_200.50_201.00_201.50_202.00_,24_23_106_116_160_,199.50_199.00_198.50_198.00_197.50_,3_97_52_86_37_
09:24:29,200.00,5,1408,200.00_200.50_201.00_201.50_202.00_,21_23_107_115_160_,199.50_199.00_198.50_198.00_197.50_,3_97_52_86_37_
09:24:34,199.50,1,1409,200.00_200.50_201.00_201.50_202.00_,21_23_107_115_160_,199.50_199.00_198.50_198.00_197.50_,6_97_52_86_37_
09:24:39,200.00,1,1410,200.00_200.50_201.00_201.50_202.00_,20_23_107_115_160_,199.50_199.00_198.50_198.00_197.50_,7_97_52_86_37_
09:24:44,200.00,1,1411,200.00_200.50_201.00_201.50_202.00_,19_23_107_115_160_,199.50_199.00_198.50_198.00_197.50_,7_97_52_86_37_
09:24:49,200.00,1,1411,200.00_200.50_201.00_201.50_202.00_,19_26_107_115_161_,199.50_199.00_198.50_198.00_197.50_,5_97_57_86_37_
09:25:05,200.00,1,1411,200.00_200.50_201.00_201.50_202.00_,24_26_107_115_161_,199.50_199.00_198.50_198.00_197.50_,6_97_59_86_37_
09:25:10,200.00,1,1411,200.00_200.50_201.00_201.50_202.00_,24_26_107_116_161_,199.50_199.00_198.50_198.00_197.50_,6_97_59_86_37_
09:25:15,199.50,2,1413,200.00_200.50_201.00_201.50_202.00_,24_26_107_116_161_,199.50_199.00_198.50_198.00_197.50_,4_97_59_86_37_
09:25:20,199.50,3,1416,200.00_200.50_201.00_201.50_202.00_,25_25_107_117_161_,199.50_199.00_198.50_198.00_197.50_,1_95_59_86_37_
09:25:25,200.00,1,1417,200.00_200.50_201.00_201.50_202.00_,24_25_107_117_161_,199.50_199.00_198.50_198.00_197.50_,1_95_59_86_38_
09:25:30,200.00,10,1427,200.00_200.50_201.00_201.50_202.00_,14_25_107_117_161_,199.50_199.00_198.50_198.00_197.50_,1_96_59_86_38_
09:25:35,199.50,1,1428,200.00_200.50_201.00_201.50_202.00_,14_25_107_117_160_,199.50_199.00_198.50_198.00_197.50_,2_96_59_86_38_
09:25:41,199.50,1,1429,200.00_200.50_201.00_201.50_202.00_,14_25_107_117_160_,199.50_199.00_198.50_198.00_197.50_,1_96_59_86_38_
09:25:46,199.50,1,1429,200.00_200.50_201.00_201.50_202.00_,24_25_107_117_160_,199.50_199.00_198.50_198.00_197.50_,2_96_59_86_38_
09:25:51,199.50,1,1430,200.00_200.50_201.00_201.50_202.00_,26_25_107_117_160_,199.50_199.00_198.50_198.00_197.50_,5_96_61_86_38_
09:25:56,199.50,1,1430,200.00_200.50_201.00_201.50_202.00_,29_25_107_117_160_,199.50_199.00_198.50_198.00_197.50_,7_96_61_86_38_
09:26:01,200.00,1,1431,200.00_200.50_201.00_201.50_202.00_,28_25_107_117_161_,199.50_199.00_198.50_198.00_197.50_,7_96_62_84_38_
09:26:11,200.00,1,1431,200.00_200.50_201.00_201.50_202.00_,28_26_107_117_161_,199.50_199.00_198.50_198.00_197.50_,8_96_62_84_38_
09:26:16,200.00,1,1431,200.00_200.50_201.00_201.50_202.00_,28_26_107_117_161_,199.50_199.00_198.50_198.00_197.50_,9_95_62_84_38_
09:26:21,199.50,1,1432,200.00_200.50_201.00_201.50_202.00_,28_26_107_117_163_,199.50_199.00_198.50_198.00_197.50_,8_94_62_84_38_
09:26:27,199.50,1,1432,200.00_200.50_201.00_201.50_202.00_,28_26_107_114_163_,199.50_199.00_198.50_198.00_197.50_,8_94_62_84_38_
09:26:32,199.50,1,1432,200.00_200.50_201.00_201.50_202.00_,30_26_107_114_163_,199.50_199.00_198.50_198.00_197.50_,9_94_62_84_38_
09:26:37,200.00,1,1433,200.00_200.50_201.00_201.50_202.00_,29_26_107_115_163_,199.50_199.00_198.50_198.00_197.50_,15_94_62_84_38_
09:26:42,200.00,1,1433,200.00_200.50_201.00_201.50_202.00_,29_26_107_115_163_,199.50_199.00_198.50_198.00_197.50_,15_94_61_84_38_
09:26:47,199.50,1,1434,200.00_200.50_201.00_201.50_202.00_,29_26_107_115_163_,199.50_199.00_198.50_198.00_197.50_,14_94_61_84_38_
09:26:52,199.50,1,1434,200.00_200.50_201.00_201.50_202.00_,40_26_107_115_164_,199.50_199.00_198.50_198.00_197.50_,14_94_61_84_39_
09:26:57,199.50,1,1434,200.00_200.50_201.00_201.50_202.00_,40_26_107_115_164_,199.50_199.00_198.50_198.00_197.50_,13_94_61_84_39_
09:27:02,199.50,1,1434,200.00_200.50_201.00_201.50_202.00_,40_26_107_115_164_,199.50_199.00_198.50_198.00_197.50_,14_94_60_84_39_
09:27:07,199.50,1,1435,200.00_200.50_201.00_201.50_202.00_,40_26_107_113_164_,199.50_199.00_198.50_198.00_197.50_,13_94_60_84_39_
09:27:13,199.50,2,1437,200.00_200.50_201.00_201.50_202.00_,40_26_110_113_168_,199.50_199.00_198.50_198.00_197.50_,11_94_60_84_39_
09:27:18,199.50,3,1440,200.00_200.50_201.00_201.50_202.00_,40_26_110_113_168_,199.50_199.00_198.50_198.00_197.50_,9_94_60_84_39_
09:27:28,199.50,3,1443,200.00_200.50_201.00_201.50_202.00_,40_26_110_113_168_,199.50_199.00_198.50_198.00_197.50_,8_94_60_84_39_
09:27:33,200.00,1,1444,200.00_200.50_201.00_201.50_202.00_,39_31_110_113_168_,199.50_199.00_198.50_198.00_197.50_,8_95_60_84_39_
09:27:38,200.00,1,1444,200.00_200.50_201.00_201.50_202.00_,41_32_113_114_172_,199.50_199.00_198.50_198.00_197.50_,8_95_60_84_39_
09:27:43,200.00,1,1444,200.00_200.50_201.00_201.50_202.00_,41_32_113_115_172_,199.50_199.00_198.50_198.00_197.50_,8_95_60_83_39_
09:27:48,200.00,1,1444,200.00_200.50_201.00_201.50_202.00_,47_32_113_115_173_,199.50_199.00_198.50_198.00_197.50_,8_95_60_83_34_
09:27:53,200.00,1,1445,200.00_200.50_201.00_201.50_202.00_,46_32_113_115_173_,199.50_199.00_198.50_198.00_197.50_,8_95_60_83_34_
09:27:59,200.00,1,1445,200.00_200.50_201.00_201.50_202.00_,46_33_113_114_173_,199.50_199.00_198.50_198.00_197.50_,8_95_60_84_34_
09:28:04,200.00,1,1445,200.00_200.50_201.00_201.50_202.00_,47_33_113_114_173_,199.50_199.00_198.50_198.00_197.50_,8_95_60_84_34_
09:28:09,200.00,1,1445,200.00_200.50_201.00_201.50_202.00_,47_33_113_114_173_,199.50_199.00_198.50_198.00_197.50_,8_95_60_84_35_
09:28:24,200.00,1,1445,200.00_200.50_201.00_201.50_202.00_,48_33_113_115_174_,199.50_199.00_198.50_198.00_197.50_,8_95_60_84_35_
09:28:29,200.00,1,1446,200.00_200.50_201.00_201.50_202.00_,47_33_113_115_174_,199.50_199.00_198.50_198.00_197.50_,9_95_60_84_35_
09:28:35,200.00,1,1447,200.00_200.50_201.00_201.50_202.00_,47_33_113_115_175_,199.50_199.00_198.50_198.00_197.50_,15_95_60_84_35_
09:28:55,200.00,1,1447,200.00_200.50_201.00_201.50_202.00_,47_33_113_115_175_,199.50_199.00_198.50_198.00_197.50_,16_96_60_84_35_
09:29:00,199.50,3,1450,200.00_200.50_201.00_201.50_202.00_,47_34_115_115_175_,199.50_199.00_198.50_198.00_197.50_,14_96_60_84_35_
09:29:05,200.00,1,1451,200.00_200.50_201.00_201.50_202.00_,46_34_114_115_175_,199.50_199.00_198.50_198.00_197.50_,14_96_60_84_35_
09:29:15,200.00,1,1451,200.00_200.50_201.00_201.50_202.00_,46_34_114_115_176_,199.50_199.00_198.50_198.00_197.50_,14_96_60_84_35_
09:29:21,200.00,1,1451,200.00_200.50_201.00_201.50_202.00_,47_34_114_115_176_,199.50_199.00_198.50_198.00_197.50_,14_96_60_84_35_
09:29:31,200.00,1,1451,200.00_200.50_201.00_201.50_202.00_,48_35_114_115_175_,199.50_199.00_198.50_198.00_197.50_,14_96_60_84_34_
09:29:41,200.00,1,1451,200.00_200.50_201.00_201.50_202.00_,48_35_114_115_175_,199.50_199.00_198.50_198.00_197.50_,14_96_60_85_34_
09:29:46,200.00,1,1452,200.00_200.50_201.00_201.50_202.00_,47_35_113_114_175_,199.50_199.00_198.50_198.00_197.50_,14_98_60_85_34_
09:29:56,200.00,2,1454,200.00_200.50_201.00_201.50_202.00_,45_35_113_114_175_,199.50_199.00_198.50_198.00_197.50_,14_96_61_85_34_
09:30:01,200.00,2,1454,200.00_200.50_201.00_201.50_202.00_,45_35_113_114_176_,199.50_199.00_198.50_198.00_197.50_,9_96_61_85_34_
09:30:07,200.00,2,1454,200.00_200.50_201.00_201.50_202.00_,46_35_113_114_176_,199.50_199.00_198.50_198.00_197.50_,9_96_60_85_34_
09:30:12,200.00,2,1454,200.00_200.50_201.00_201.50_202.00_,46_35_113_114_176_,199.50_199.00_198.50_198.00_197.50_,10_95_60_85_34_
09:30:17,200.00,2,1454,200.00_200.50_201.00_201.50_202.00_,46_35_113_114_176_,199.50_199.00_198.50_198.00_197.50_,9_94_60_85_34_
09:30:22,199.50,2,1456,200.00_200.50_201.00_201.50_202.00_,46_35_113_114_176_,199.50_199.00_198.50_198.00_197.50_,13_94_60_85_34_
09:30:27,199.50,2,1456,200.00_200.50_201.00_201.50_202.00_,46_35_113_114_176_,199.50_199.00_198.50_198.00_197.50_,15_94_60_85_34_
09:30:32,200.00,1,1457,200.00_200.50_201.00_201.50_202.00_,45_35_113_114_176_,199.50_199.00_198.50_198.00_197.50_,16_95_60_85_34_
09:30:37,199.50,2,1459,200.00_200.50_201.00_201.50_202.00_,45_35_113_114_176_,199.50_199.00_198.50_198.00_197.50_,14_95_60_85_34_
09:30:42,199.50,1,1460,200.00_200.50_201.00_201.50_202.00_,44_35_113_114_175_,199.50_199.00_198.50_198.00_197.50_,13_95_60_85_34_
09:30:48,199.50,1,1460,200.00_200.50_201.00_201.50_202.00_,44_35_120_114_175_,199.50_199.00_198.50_198.00_197.50_,14_95_60_85_34_
09:30:58,200.00,1,1461,200.00_200.50_201.00_201.50_202.00_,43_36_120_114_175_,199.50_199.00_198.50_198.00_197.50_,14_95_60_85_34_
09:31:03,200.00,1,1461,200.00_200.50_201.00_201.50_202.00_,43_36_120_114_175_,199.50_199.00_198.50_198.00_197.50_,15_95_60_85_34_
09:31:08,199.50,1,1462,200.00_200.50_201.00_201.50_202.00_,47_35_120_114_176_,199.50_199.00_198.50_198.00_197.50_,14_95_60_85_34_
09:31:13,199.50,1,1462,200.00_200.50_201.00_201.50_202.00_,46_35_121_114_176_,199.50_199.00_198.50_198.00_197.50_,14_95_60_85_34_
09:31:18,199.50,1,1462,200.00_200.50_201.00_201.50_202.00_,47_35_121_114_177_,199.50_199.00_198.50_198.00_197.50_,15_95_60_85_34_
09:31:24,199.50,1,1462,200.00_200.50_201.00_201.50_202.00_,51_35_121_114_177_,199.50_199.00_198.50_198.00_197.50_,17_95_60_85_34_
09:31:29,199.50,1,1462,200.00_200.50_201.00_201.50_202.00_,51_35_121_114_176_,199.50_199.00_198.50_198.00_197.50_,17_95_60_85_34_
09:31:34,200.00,1,1463,200.00_200.50_201.00_201.50_202.00_,50_36_121_114_177_,199.50_199.00_198.50_198.00_197.50_,17_95_60_85_34_
09:31:39,200.00,1,1463,200.00_200.50_201.00_201.50_202.00_,50_36_122_114_177_,199.50_199.00_198.50_198.00_197.50_,17_95_60_85_34_
09:31:49,200.00,1,1463,200.00_200.50_201.00_201.50_202.00_,46_36_122_114_177_,199.50_199.00_198.50_198.00_197.50_,17_95_60_85_34_
09:32:05,200.00,1,1463,200.00_200.50_201.00_201.50_202.00_,49_36_122_114_177_,199.50_199.00_198.50_198.00_197.50_,19_95_59_85_34_
09:32:10,200.00,1,1464,200.00_200.50_201.00_201.50_202.00_,48_36_122_114_177_,199.50_199.00_198.50_198.00_197.50_,20_95_59_85_34_
09:32:15,200.00,1,1465,200.00_200.50_201.00_201.50_202.00_,50_36_120_114_178_,199.50_199.00_198.50_198.00_197.50_,20_95_58_85_34_
09:32:20,200.00,1,1465,200.00_200.50_201.00_201.50_202.00_,50_36_120_114_178_,199.50_199.00_198.50_198.00_197.50_,21_95_58_85_34_
09:32:25,200.00,1,1466,200.00_200.50_201.00_201.50_202.00_,55_26_119_107_178_,199.50_199.00_198.50_198.00_197.50_,21_95_58_85_34_
09:32:30,200.00,1,1466,200.00_200.50_201.00_201.50_202.00_,56_26_118_107_178_,199.50_199.00_198.50_198.00_197.50_,21_95_58_85_34_
09:32:35,200.00,1,1466,200.00_200.50_201.00_201.50_202.00_,57_26_117_107_178_,199.50_199.00_198.50_198.00_197.50_,21_95_58_85_34_
09:32:41,200.00,1,1466,200.00_200.50_201.00_201.50_202.00_,58_26_116_107_178_,199.50_199.00_198.50_198.00_197.50_,20_95_58_85_34_
09:32:46,199.50,1,1467,200.00_200.50_201.00_201.50_202.00_,58_26_116_107_178_,199.50_199.00_198.50_198.00_197.50_,19_95_58_85_34_
09:32:51,200.00,1,1468,200.00_200.50_201.00_201.50_202.00_,57_26_116_106_178_,199.50_199.00_198.50_198.00_197.50_,19_95_58_85_34_
09:32:56,200.00,1,1469,200.00_200.50_201.00_201.50_202.00_,56_26_116_106_178_,199.50_199.00_198.50_198.00_197.50_,19_95_58_85_34_
09:33:01,200.00,1,1469,200.00_200.50_201.00_201.50_202.00_,56_26_116_106_178_,199.50_199.00_198.50_198.00_197.50_,17_94_58_85_34_
09:33:06,200.00,1,1469,200.00_200.50_201.00_201.50_202.00_,61_26_116_106_177_,199.50_199.00_198.50_198.00_197.50_,17_94_58_85_34_
09:33:11,200.00,1,1469,200.00_200.50_201.00_201.50_202.00_,60_26_116_107_178_,199.50_199.00_198.50_198.00_197.50_,17_94_58_85_34_
09:33:22,200.00,1,1469,200.00_200.50_201.00_201.50_202.00_,60_26_116_107_178_,199.50_199.00_198.50_198.00_197.50_,18_94_58_85_34_
09:33:27,200.00,3,1472,200.00_200.50_201.00_201.50_202.00_,57_26_116_107_178_,199.50_199.00_198.50_198.00_197.50_,18_94_58_85_34_
09:33:32,200.00,3,1472,200.00_200.50_201.00_201.50_202.00_,58_26_116_107_178_,199.50_199.00_198.50_198.00_197.50_,18_94_58_85_34_
09:33:37,200.00,3,1472,200.00_200.50_201.00_201.50_202.00_,59_26_116_107_178_,199.50_199.00_198.50_198.00_197.50_,18_94_58_85_34_
09:33:42,200.00,3,1472,200.00_200.50_201.00_201.50_202.00_,61_26_116_107_179_,199.50_199.00_198.50_198.00_197.50_,18_94_58_85_34_
09:33:47,200.00,3,1472,200.00_200.50_201.00_201.50_202.00_,62_26_115_107_179_,199.50_199.00_198.50_198.00_197.50_,18_94_58_85_34_
09:33:52,200.00,3,1472,200.00_200.50_201.00_201.50_202.00_,62_26_115_107_179_,199.50_199.00_198.50_198.00_197.50_,23_94_58_85_34_
09:34:03,200.00,3,1472,200.00_200.50_201.00_201.50_202.00_,62_26_115_107_179_,199.50_199.00_198.50_198.00_197.50_,24_94_58_85_34_
09:34:08,200.00,1,1473,200.00_200.50_201.00_201.50_202.00_,61_26_115_107_179_,199.50_199.00_198.50_198.00_197.50_,29_94_58_85_34_
09:34:13,200.00,1,1474,200.00_200.50_201.00_201.50_202.00_,60_26_115_107_179_,199.50_199.00_198.50_198.00_197.50_,28_94_58_85_34_
09:34:18,200.00,1,1474,200.00_200.50_201.00_201.50_202.00_,60_27_115_107_178_,199.50_199.00_198.50_198.00_197.50_,28_94_58_85_34_
09:34:23,200.00,1,1474,200.00_200.50_201.00_201.50_202.00_,60_27_115_107_178_,199.50_199.00_198.50_198.00_197.50_,28_94_58_85_36_
09:34:28,200.00,1,1474,200.00_200.50_201.00_201.50_202.00_,61_27_115_107_178_,199.50_199.00_198.50_198.00_197.50_,28_94_58_85_36_
09:34:33,200.00,1,1474,200.00_200.50_201.00_201.50_202.00_,60_27_115_107_178_,199.50_199.00_198.50_198.00_197.50_,28_94_58_85_36_
09:34:44,200.00,1,1475,200.00_200.50_201.00_201.50_202.00_,60_27_115_107_178_,199.50_199.00_198.50_198.00_197.50_,28_94_58_85_36_
09:34:49,200.00,1,1475,200.00_200.50_201.00_201.50_202.00_,60_27_114_107_178_,199.50_199.00_198.50_198.00_197.50_,29_94_58_85_36_
09:34:54,200.00,1,1475,200.00_200.50_201.00_201.50_202.00_,61_27_114_107_178_,199.50_199.00_198.50_198.00_197.50_,30_94_58_85_36_
09:34:59,199.50,3,1478,200.00_200.50_201.00_201.50_202.00_,61_27_114_107_178_,199.50_199.00_198.50_198.00_197.50_,27_94_58_85_36_
09:35:04,199.50,3,1478,200.00_200.50_201.00_201.50_202.00_,60_27_115_107_178_,199.50_199.00_198.50_198.00_197.50_,27_94_58_85_36_
09:35:09,200.00,1,1479,200.00_200.50_201.00_201.50_202.00_,59_27_115_107_178_,199.50_199.00_198.50_198.00_197.50_,27_94_58_85_36_
09:35:20,200.00,1,1480,200.00_200.50_201.00_201.50_202.00_,58_27_115_107_178_,199.50_199.00_198.50_198.00_197.50_,27_94_58_85_36_
09:35:35,200.00,1,1481,200.00_200.50_201.00_201.50_202.00_,59_27_115_107_178_,199.50_199.00_198.50_198.00_197.50_,27_94_58_85_36_
09:35:40,200.00,1,1481,200.00_200.50_201.00_201.50_202.00_,59_27_115_107_179_,199.50_199.00_198.50_198.00_197.50_,27_94_58_85_36_
09:35:45,200.00,1,1482,200.00_200.50_201.00_201.50_202.00_,59_27_115_107_179_,199.50_199.00_198.50_198.00_197.50_,27_94_58_85_36_
09:35:50,200.00,1,1482,200.00_200.50_201.00_201.50_202.00_,59_27_114_107_179_,199.50_199.00_198.50_198.00_197.50_,27_94_59_85_36_
09:35:55,200.00,2,1484,200.00_200.50_201.00_201.50_202.00_,57_27_114_107_179_,199.50_199.00_198.50_198.00_197.50_,27_94_59_85_36_
09:36:01,200.00,1,1485,200.00_200.50_201.00_201.50_202.00_,56_27_114_107_180_,199.50_199.00_198.50_198.00_197.50_,30_94_59_85_36_
09:36:06,200.00,1,1485,200.00_200.50_201.00_201.50_202.00_,60_27_115_107_180_,199.50_199.00_198.50_198.00_197.50_,39_94_59_85_36_
09:36:26,200.00,1,1485,200.00_200.50_201.00_201.50_202.00_,60_28_115_107_180_,199.50_199.00_198.50_198.00_197.50_,39_94_59_85_36_
09:36:36,200.00,1,1486,200.00_200.50_201.00_201.50_202.00_,59_28_115_107_180_,199.50_199.00_198.50_198.00_197.50_,39_94_59_85_36_
09:36:41,200.00,1,1486,200.00_200.50_201.00_201.50_202.00_,59_28_115_107_180_,199.50_199.00_198.50_198.00_197.50_,39_94_60_85_36_
09:36:47,200.00,1,1486,200.00_200.50_201.00_201.50_202.00_,59_27_115_107_180_,199.50_199.00_198.50_198.00_197.50_,39_94_60_85_36_
09:37:02,200.00,1,1486,200.00_200.50_201.00_201.50_202.00_,59_25_115_107_180_,199.50_199.00_198.50_198.00_197.50_,39_94_60_85_36_
09:37:07,200.00,1,1486,200.00_200.50_201.00_201.50_202.00_,60_27_115_107_180_,199.50_199.00_198.50_198.00_197.50_,39_94_60_85_36_
09:37:12,200.00,11,1497,200.00_200.50_201.00_201.50_202.00_,49_27_115_107_180_,199.50_199.00_198.50_198.00_197.50_,39_94_60_85_36_
09:37:17,200.00,10,1507,200.00_200.50_201.00_201.50_202.00_,40_27_112_107_180_,199.50_199.00_198.50_198.00_197.50_,39_94_60_85_36_
09:37:22,200.00,11,1518,200.00_200.50_201.00_201.50_202.00_,28_26_111_107_180_,199.50_199.00_198.50_198.00_197.50_,40_94_60_85_36_
09:37:27,200.00,3,1521,200.00_200.50_201.00_201.50_202.00_,25_29_108_107_180_,199.50_199.00_198.50_198.00_197.50_,40_94_61_85_36_
09:37:33,200.00,2,1523,200.00_200.50_201.00_201.50_202.00_,21_29_108_107_180_,199.50_199.00_198.50_198.00_197.50_,40_94_61_85_36_
09:37:38,200.00,2,1525,200.00_200.50_201.00_201.50_202.00_,21_28_109_107_180_,199.50_199.00_198.50_198.00_197.50_,40_94_61_85_36_
09:37:43,200.00,1,1526,200.00_200.50_201.00_201.50_202.00_,20_26_109_106_180_,199.50_199.00_198.50_198.00_197.50_,40_94_61_85_36_
09:37:48,200.00,7,1533,200.00_200.50_201.00_201.50_202.00_,13_26_109_106_180_,199.50_199.00_198.50_198.00_197.50_,41_94_61_85_36_
09:37:53,200.00,4,1537,200.00_200.50_201.00_201.50_202.00_,10_25_109_104_180_,199.50_199.00_198.50_198.00_197.50_,43_94_62_85_36_
09:37:58,200.00,1,1538,200.00_200.50_201.00_201.50_202.00_,8_26_109_104_180_,199.50_199.00_198.50_198.00_197.50_,43_94_62_85_36_
09:38:03,200.00,1,1538,200.00_200.50_201.00_201.50_202.00_,9_31_109_104_180_,199.50_199.00_198.50_198.00_197.50_,43_94_62_85_36_
09:38:08,200.00,1,1539,200.00_200.50_201.00_201.50_202.00_,8_31_109_104_180_,199.50_199.00_198.50_198.00_197.50_,43_94_62_85_36_
09:38:19,200.00,3,1542,200.00_200.50_201.00_201.50_202.00_,5_31_109_104_180_,199.50_199.00_198.50_198.00_197.50_,52_94_62_85_36_
09:38:24,200.00,1,1543,200.00_200.50_201.00_201.50_202.00_,4_31_108_104_180_,199.50_199.00_198.50_198.00_197.50_,54_94_62_85_36_
09:38:29,200.00,1,1544,200.00_200.50_201.00_201.50_202.00_,3_32_108_104_180_,199.50_199.00_198.50_198.00_197.50_,54_94_62_85_36_
09:38:34,200.00,1,1545,200.00_200.50_201.00_201.50_202.00_,2_32_108_104_180_,199.50_199.00_198.50_198.00_197.50_,54_94_61_85_36_
09:38:39,200.00,2,1547,200.50_201.00_201.50_202.00_202.50_,32_110_104_182_139_,200.00_199.50_199.00_198.50_198.00_,1_54_94_61_85_
09:38:44,200.00,2,1547,200.50_201.00_201.50_202.00_202.50_,32_110_95_192_139_,200.00_199.50_199.00_198.50_198.00_,5_53_94_129_65_
09:38:49,200.00,1,1548,200.50_201.00_201.50_202.00_202.50_,32_110_95_192_139_,200.00_199.50_199.00_198.50_198.00_,4_53_94_223_66_
09:38:54,200.00,1,1548,200.50_201.00_201.50_202.00_202.50_,32_110_95_192_139_,200.00_199.50_199.00_198.50_198.00_,6_53_94_223_66_
09:39:05,200.00,1,1549,200.50_201.00_201.50_202.00_202.50_,32_60_95_192_139_,200.00_199.50_199.00_198.50_198.00_,6_53_94_223_66_
09:39:10,200.00,1,1550,200.50_201.00_201.50_202.00_202.50_,32_60_95_192_139_,200.00_199.50_199.00_198.50_198.00_,4_53_94_223_66_
09:39:15,200.00,1,1550,200.50_201.00_201.50_202.00_202.50_,37_60_95_192_138_,200.00_199.50_199.00_198.50_198.00_,4_53_94_223_66_
09:39:20,200.00,1,1550,200.50_201.00_201.50_202.00_202.50_,36_60_95_192_138_,200.00_199.50_199.00_198.50_198.00_,5_53_94_223_66_
09:39:25,200.00,1,1550,200.50_201.00_201.50_202.00_202.50_,31_60_95_192_138_,200.00_199.50_199.00_198.50_198.00_,6_53_94_223_66_
09:39:40,200.00,1,1550,200.50_201.00_201.50_202.00_202.50_,31_60_95_192_138_,200.00_199.50_199.00_198.50_198.00_,6_53_95_223_66_
09:39:46,200.00,1,1550,200.50_201.00_201.50_202.00_202.50_,31_60_92_186_138_,200.00_199.50_199.00_198.50_198.00_,9_53_95_223_66_
09:39:51,200.00,1,1551,200.50_201.00_201.50_202.00_202.50_,34_60_92_186_138_,200.00_199.50_199.00_198.50_198.00_,12_41_95_223_66_
09:39:56,200.00,1,1551,200.50_201.00_201.50_202.00_202.50_,34_60_92_186_138_,200.00_199.50_199.00_198.50_198.00_,24_41_93_223_66_
09:40:01,200.00,1,1551,200.50_201.00_201.50_202.00_202.50_,34_60_92_186_138_,200.00_199.50_199.00_198.50_198.00_,24_47_98_222_66_
09:40:11,200.00,1,1551,200.50_201.00_201.50_202.00_202.50_,34_60_92_186_138_,200.00_199.50_199.00_198.50_198.00_,25_47_98_222_66_
09:40:16,200.00,1,1551,200.50_201.00_201.50_202.00_202.50_,34_60_92_186_138_,200.00_199.50_199.00_198.50_198.00_,23_47_98_222_66_
09:40:21,200.00,5,1556,200.50_201.00_201.50_202.00_202.50_,34_59_92_186_138_,200.00_199.50_199.00_198.50_198.00_,19_47_98_222_66_
09:40:27,200.00,5,1556,200.50_201.00_201.50_202.00_202.50_,35_60_94_185_138_,200.00_199.50_199.00_198.50_198.00_,21_47_97_222_66_
09:40:32,200.00,5,1556,200.50_201.00_201.50_202.00_202.50_,35_60_94_185_138_,200.00_199.50_199.00_198.50_198.00_,24_47_97_222_66_
09:40:37,200.00,5,1556,200.50_201.00_201.50_202.00_202.50_,35_60_94_185_139_,200.00_199.50_199.00_198.50_198.00_,24_47_97_223_66_
09:40:42,200.00,5,1556,200.50_201.00_201.50_202.00_202.50_,35_60_95_185_139_,200.00_199.50_199.00_198.50_198.00_,27_47_97_223_66_
09:40:47,200.00,5,1556,200.50_201.00_201.50_202.00_202.50_,35_60_96_185_139_,200.00_199.50_199.00_198.50_198.00_,27_48_97_223_66_
09:40:57,200.00,5,1556,200.50_201.00_201.50_202.00_202.50_,35_60_96_185_139_,200.00_199.50_199.00_198.50_198.00_,27_48_238_223_66_
09:41:02,200.00,5,1556,200.50_201.00_201.50_202.00_202.50_,35_60_96_185_139_,200.00_199.50_199.00_198.50_198.00_,28_48_285_223_66_
09:41:13,200.00,5,1556,200.50_201.00_201.50_202.00_202.50_,36_62_99_185_139_,200.00_199.50_199.00_198.50_198.00_,28_48_285_223_66_
09:41:18,200.00,5,1556,200.50_201.00_201.50_202.00_202.50_,37_62_99_185_139_,200.00_199.50_199.00_198.50_198.00_,28_49_285_223_66_
09:41:28,200.00,5,1556,200.50_201.00_201.50_202.00_202.50_,37_63_99_185_139_,200.00_199.50_199.00_198.50_198.00_,28_49_285_223_66_
09:41:33,200.00,1,1557,200.50_201.00_201.50_202.00_202.50_,37_63_99_185_144_,200.00_199.50_199.00_198.50_198.00_,27_50_285_223_66_
09:41:38,200.00,1,1557,200.50_201.00_201.50_202.00_202.50_,37_63_99_185_144_,200.00_199.50_199.00_198.50_198.00_,28_50_285_223_67_
09:41:44,200.00,1,1557,200.50_201.00_201.50_202.00_202.50_,37_63_99_186_144_,200.00_199.50_199.00_198.50_198.00_,28_50_285_223_67_
09:41:49,200.00,28,1585,200.00_200.50_201.00_201.50_202.00_,2_37_63_99_186_,199.50_199.00_198.50_198.00_197.50_,50_285_223_67_36_
09:41:54,199.50,2,1587,200.00_200.50_201.00_201.50_202.00_,3_38_64_107_176_,199.50_199.00_198.50_198.00_197.50_,47_285_202_88_36_
09:41:59,199.50,2,1587,200.00_200.50_201.00_201.50_202.00_,6_36_64_104_176_,199.50_199.00_198.50_198.00_197.50_,47_191_155_88_36_
09:42:04,199.50,2,1587,200.00_200.50_201.00_201.50_202.00_,7_36_64_104_176_,199.50_199.00_198.50_198.00_197.50_,47_144_108_88_36_
09:42:09,199.50,2,1587,200.00_200.50_201.00_201.50_202.00_,7_35_63_104_176_,199.50_199.00_198.50_198.00_197.50_,47_97_108_88_36_
09:42:14,200.00,1,1588,200.00_200.50_201.00_201.50_202.00_,6_35_63_104_176_,199.50_199.00_198.50_198.00_197.50_,45_98_98_88_36_
09:42:19,200.00,1,1588,200.00_200.50_201.00_201.50_202.00_,6_35_63_104_176_,199.50_199.00_198.50_198.00_197.50_,35_98_91_88_36_
09:42:25,200.00,1,1588,200.00_200.50_201.00_201.50_202.00_,8_35_62_104_176_,199.50_199.00_198.50_198.00_197.50_,35_98_91_88_36_
09:42:30,200.00,1,1588,200.00_200.50_201.00_201.50_202.00_,9_35_62_104_176_,199.50_199.00_198.50_198.00_197.50_,35_98_91_88_36_
09:42:35,200.00,1,1588,200.00_200.50_201.00_201.50_202.00_,10_38_62_104_176_,199.50_199.00_198.50_198.00_197.50_,35_98_91_88_36_
09:42:40,200.00,1,1588,200.00_200.50_201.00_201.50_202.00_,21_38_62_104_176_,199.50_199.00_198.50_198.00_197.50_,36_98_91_88_36_
09:42:45,200.00,1,1588,200.00_200.50_201.00_201.50_202.00_,21_39_62_104_176_,199.50_199.00_198.50_198.00_197.50_,34_98_91_88_36_
09:42:50,200.00,1,1588,200.00_200.50_201.00_201.50_202.00_,24_39_61_104_176_,199.50_199.00_198.50_198.00_197.50_,34_98_81_88_36_
09:42:55,200.00,1,1589,200.00_200.50_201.00_201.50_202.00_,28_40_61_104_176_,199.50_199.00_198.50_198.00_197.50_,34_98_81_88_36_
09:43:01,200.00,1,1590,200.00_200.50_201.00_201.50_202.00_,29_40_62_104_177_,199.50_199.00_198.50_198.00_197.50_,34_98_71_88_36_
09:43:06,200.00,1,1590,200.00_200.50_201.00_201.50_202.00_,28_40_62_107_177_,199.50_199.00_198.50_198.00_197.50_,34_98_71_88_36_
09:43:11,200.00,1,1590,200.00_200.50_201.00_201.50_202.00_,28_40_62_107_177_,199.50_199.00_198.50_198.00_197.50_,36_98_71_88_36_
09:43:16,200.00,1,1590,200.00_200.50_201.00_201.50_202.00_,30_40_62_107_177_,199.50_199.00_198.50_198.00_197.50_,36_98_71_88_36_
09:43:21,200.00,1,1590,200.00_200.50_201.00_201.50_202.00_,30_40_62_107_177_,199.50_199.00_198.50_198.00_197.50_,36_98_76_88_36_
09:43:26,200.00,1,1591,200.00_200.50_201.00_201.50_202.00_,29_40_61_107_176_,199.50_199.00_198.50_198.00_197.50_,37_98_75_88_36_
09:43:31,200.00,1,1592,200.00_200.50_201.00_201.50_202.00_,29_40_61_107_176_,199.50_199.00_198.50_198.00_197.50_,37_98_75_88_36_
09:43:36,200.00,1,1593,200.00_200.50_201.00_201.50_202.00_,28_40_61_107_176_,199.50_199.00_198.50_198.00_197.50_,37_98_75_88_36_
09:43:41,200.00,1,1594,200.00_200.50_201.00_201.50_202.00_,25_40_61_107_177_,199.50_199.00_198.50_198.00_197.50_,37_98_75_88_36_
09:43:47,200.00,1,1594,200.00_200.50_201.00_201.50_202.00_,25_40_61_107_177_,199.50_199.00_198.50_198.00_197.50_,38_98_65_88_36_
09:43:52,200.00,1,1594,200.00_200.50_201.00_201.50_202.00_,24_40_61_107_177_,199.50_199.00_198.50_198.00_197.50_,38_98_65_88_36_
09:43:57,200.00,1,1594,200.00_200.50_201.00_201.50_202.00_,26_40_61_107_177_,199.50_199.00_198.50_198.00_197.50_,38_98_65_88_36_
09:44:07,200.00,1,1594,200.00_200.50_201.00_201.50_202.00_,26_40_61_107_177_,199.50_199.00_198.50_198.00_197.50_,38_78_85_88_36_
09:44:12,200.00,1,1595,200.00_200.50_201.00_201.50_202.00_,23_40_61_107_177_,199.50_199.00_198.50_198.00_197.50_,40_78_85_88_36_
09:44:17,200.00,1,1595,200.00_200.50_201.00_201.50_202.00_,28_39_62_107_167_,199.50_199.00_198.50_198.00_197.50_,40_58_105_88_36_
09:44:22,200.00,1,1595,200.00_200.50_201.00_201.50_202.00_,29_39_62_104_167_,199.50_199.00_198.50_198.00_197.50_,40_58_105_88_36_
09:44:38,200.00,1,1595,200.00_200.50_201.00_201.50_202.00_,29_39_63_104_167_,199.50_199.00_198.50_198.00_197.50_,40_59_105_88_36_
09:44:48,200.00,1,1596,200.00_200.50_201.00_201.50_202.00_,28_39_63_104_167_,199.50_199.00_198.50_198.00_197.50_,40_59_105_88_36_
09:44:58,200.00,1,1596,200.00_200.50_201.00_201.50_202.00_,28_39_63_96_167_,199.50_199.00_198.50_198.00_197.50_,40_59_105_88_36_
09:45:09,200.00,1,1596,200.00_200.50_201.00_201.50_202.00_,36_39_63_96_167_,199.50_199.00_198.50_198.00_197.50_,40_59_105_88_36_
09:45:19,200.00,1,1597,200.00_200.50_201.00_201.50_202.00_,35_39_63_96_167_,199.50_199.00_198.50_198.00_197.50_,40_59_105_88_36_
09:45:24,200.00,1,1597,200.00_200.50_201.00_201.50_202.00_,35_38_62_96_167_,199.50_199.00_198.50_198.00_197.50_,40_59_105_88_36_
09:45:29,200.00,1,1598,200.00_200.50_201.00_201.50_202.00_,36_38_63_96_167_,199.50_199.00_198.50_198.00_197.50_,40_59_105_88_36_
09:45:34,200.00,1,1598,200.00_200.50_201.00_201.50_202.00_,36_38_69_96_167_,199.50_199.00_198.50_198.00_197.50_,40_59_105_88_36_
09:45:39,200.00,1,1598,200.00_200.50_201.00_201.50_202.00_,37_38_69_96_167_,199.50_199.00_198.50_198.00_197.50_,40_59_105_88_36_
09:45:44,200.00,1,1598,200.00_200.50_201.00_201.50_202.00_,37_37_69_96_167_,199.50_199.00_198.50_198.00_197.50_,40_59_105_88_36_
09:45:50,200.00,1,1598,200.00_200.50_201.00_201.50_202.00_,39_37_68_96_167_,199.50_199.00_198.50_198.00_197.50_,40_59_105_88_36_
09:46:05,200.00,1,1599,200.00_200.50_201.00_201.50_202.00_,39_37_68_96_167_,199.50_199.00_198.50_198.00_197.50_,40_59_105_88_36_
09:46:10,200.00,1,1599,200.00_200.50_201.00_201.50_202.00_,36_37_69_96_167_,199.50_199.00_198.50_198.00_197.50_,40_59_105_88_36_
09:46:20,200.00,2,1601,200.00_200.50_201.00_201.50_202.00_,34_37_69_96_167_,199.50_199.00_198.50_198.00_197.50_,40_59_105_88_36_
09:46:36,200.00,2,1601,200.00_200.50_201.00_201.50_202.00_,34_37_69_96_168_,199.50_199.00_198.50_198.00_197.50_,40_59_105_88_36_
09:46:46,200.00,1,1602,200.00_200.50_201.00_201.50_202.00_,33_37_69_96_168_,199.50_199.00_198.50_198.00_197.50_,40_59_105_88_36_
09:46:56,200.00,1,1602,200.00_200.50_201.00_201.50_202.00_,33_37_69_96_168_,199.50_199.00_198.50_198.00_197.50_,40_59_105_89_36_
09:47:01,200.00,1,1602,200.00_200.50_201.00_201.50_202.00_,35_37_69_96_168_,199.50_199.00_198.50_198.00_197.50_,40_59_105_89_36_
09:47:11,200.00,1,1603,200.00_200.50_201.00_201.50_202.00_,35_37_69_96_168_,199.50_199.00_198.50_198.00_197.50_,40_59_105_89_36_
09:47:22,200.00,1,1604,200.00_200.50_201.00_201.50_202.00_,34_38_69_96_168_,199.50_199.00_198.50_198.00_197.50_,40_59_105_89_36_
09:47:27,200.00,1,1604,200.00_200.50_201.00_201.50_202.00_,34_39_63_96_169_,199.50_199.00_198.50_198.00_197.50_,40_59_105_89_36_
09:47:52,200.00,1,1605,200.00_200.50_201.00_201.50_202.00_,33_39_63_96_169_,199.50_199.00_198.50_198.00_197.50_,40_59_105_89_36_
09:47:57,200.00,1,1606,200.00_200.50_201.00_201.50_202.00_,33_39_63_96_169_,199.50_199.00_198.50_198.00_197.50_,40_59_105_89_36_
09:48:03,200.00,10,1616,200.00_200.50_201.00_201.50_202.00_,23_39_63_96_169_,199.50_199.00_198.50_198.00_197.50_,42_59_105_89_36_
09:48:08,200.00,5,1621,200.00_200.50_201.00_201.50_202.00_,17_39_63_96_169_,199.50_199.00_198.50_198.00_197.50_,47_59_105_89_36_
09:48:13,200.00,1,1622,200.00_200.50_201.00_201.50_202.00_,16_40_62_96_169_,199.50_199.00_198.50_198.00_197.50_,47_59_105_89_36_
09:48:18,200.00,1,1623,200.00_200.50_201.00_201.50_202.00_,15_40_62_99_169_,199.50_199.00_198.50_198.00_197.50_,46_59_105_89_36_
09:48:23,200.00,1,1624,200.00_200.50_201.00_201.50_202.00_,14_40_62_99_169_,199.50_199.00_198.50_198.00_197.50_,46_59_105_89_36_
09:48:28,200.00,1,1625,200.00_200.50_201.00_201.50_202.00_,13_40_62_99_169_,199.50_199.00_198.50_198.00_197.50_,46_59_105_89_36_
09:48:33,200.00,2,1627,200.00_200.50_201.00_201.50_202.00_,11_40_62_99_169_,199.50_199.00_198.50_198.00_197.50_,46_59_105_89_36_
09:48:38,200.00,2,1629,200.00_200.50_201.00_201.50_202.00_,9_40_62_99_169_,199.50_199.00_198.50_198.00_197.50_,46_59_105_89_36_
09:48:44,200.00,10,1639,200.50_201.00_201.50_202.00_202.50_,40_62_99_169_146_,200.00_199.50_199.00_198.50_198.00_,1_45_59_105_89_
09:48:49,200.00,10,1639,200.50_201.00_201.50_202.00_202.50_,41_67_90_179_146_,200.00_199.50_199.00_198.50_198.00_,1_45_60_126_68_
09:48:54,200.00,10,1639,200.50_201.00_201.50_202.00_202.50_,41_67_89_179_146_,200.00_199.50_199.00_198.50_198.00_,1_45_60_126_68_
09:48:59,200.00,1,1640,200.50_201.00_201.50_202.00_202.50_,41_67_89_179_146_,200.00_199.50_199.00_198.50_198.00_,1_45_60_126_68_
09:49:04,200.00,1,1640,200.50_201.00_201.50_202.00_202.50_,41_67_89_179_146_,200.00_199.50_199.00_198.50_198.00_,2_44_60_126_68_
09:49:09,200.00,1,1641,200.50_201.00_201.50_202.00_202.50_,41_67_89_179_146_,200.00_199.50_199.00_198.50_198.00_,1_43_60_126_68_
09:49:14,200.00,1,1642,200.50_201.00_201.50_202.00_202.50_,43_67_89_180_146_,200.00_199.50_199.00_198.50_198.00_,3_44_61_126_68_
09:49:19,200.00,1,1642,200.50_201.00_201.50_202.00_202.50_,43_67_89_180_146_,200.00_199.50_199.00_198.50_198.00_,13_55_61_126_68_
09:49:24,200.00,15,1657,200.00_200.50_201.00_201.50_202.00_,7_41_67_89_180_,199.50_199.00_198.50_198.00_197.50_,65_71_126_68_36_
09:49:30,200.00,15,1657,200.00_200.50_201.00_201.50_202.00_,8_40_68_96_170_,199.50_199.00_198.50_198.00_197.50_,65_71_105_89_36_
09:49:35,200.00,15,1657,200.00_200.50_201.00_201.50_202.00_,10_40_68_96_170_,199.50_199.00_198.50_198.00_197.50_,65_71_105_89_36_
09:49:40,200.00,1,1658,200.00_200.50_201.00_201.50_202.00_,9_40_68_96_170_,199.50_199.00_198.50_198.00_197.50_,65_71_105_89_36_
09:49:45,200.00,1,1658,200.00_200.50_201.00_201.50_202.00_,10_40_68_96_170_,199.50_199.00_198.50_198.00_197.50_,65_71_105_89_36_
09:49:50,200.00,3,1661,200.00_200.50_201.00_201.50_202.00_,9_40_68_96_170_,199.50_199.00_198.50_198.00_197.50_,65_71_105_89_36_
09:49:55,200.00,1,1662,200.00_200.50_201.00_201.50_202.00_,8_40_68_96_170_,199.50_199.00_198.50_198.00_197.50_,65_71_105_89_36_
09:50:00,199.50,1,1663,200.00_200.50_201.00_201.50_202.00_,8_40_68_96_172_,199.50_199.00_198.50_198.00_197.50_,64_71_105_89_36_
09:50:05,200.00,1,1664,200.00_200.50_201.00_201.50_202.00_,7_40_68_96_172_,199.50_199.00_198.50_198.00_197.50_,65_71_105_89_36_
09:50:11,200.00,3,1667,200.00_200.50_201.00_201.50_202.00_,4_40_68_96_172_,199.50_199.00_198.50_198.00_197.50_,65_71_105_89_36_
09:50:16,200.00,1,1668,200.00_200.50_201.00_201.50_202.00_,26_42_92_99_172_,199.50_199.00_198.50_198.00_197.50_,65_71_105_89_36_
09:50:21,200.00,1,1668,200.00_200.50_201.00_201.50_202.00_,28_42_104_99_172_,199.50_199.00_198.50_198.00_197.50_,65_71_105_89_36_
09:50:26,200.00,1,1668,200.00_200.50_201.00_201.50_202.00_,38_40_107_99_172_,199.50_199.00_198.50_198.00_197.50_,65_71_105_89_36_
09:50:31,200.00,3,1671,200.00_200.50_201.00_201.50_202.00_,36_40_107_100_172_,199.50_199.00_198.50_198.00_197.50_,65_71_105_89_36_
09:50:41,200.00,3,1671,200.00_200.50_201.00_201.50_202.00_,36_40_107_100_172_,199.50_199.00_198.50_198.00_197.50_,65_71_105_90_36_
09:50:47,200.00,3,1671,200.00_200.50_201.00_201.50_202.00_,36_39_96_100_172_,199.50_199.00_198.50_198.00_197.50_,65_71_105_90_36_
09:50:52,200.00,2,1673,200.00_200.50_201.00_201.50_202.00_,34_49_96_100_172_,199.50_199.00_198.50_198.00_197.50_,65_71_105_90_36_
09:50:57,200.00,1,1674,200.00_200.50_201.00_201.50_202.00_,33_48_93_97_172_,199.50_199.00_198.50_198.00_197.50_,65_71_105_90_36_
09:51:07,200.00,1,1674,200.00_200.50_201.00_201.50_202.00_,33_48_93_97_171_,199.50_199.00_198.50_198.00_197.50_,65_71_105_90_36_
09:51:12,200.00,1,1675,200.00_200.50_201.00_201.50_202.00_,33_48_92_97_171_,199.50_199.00_198.50_198.00_197.50_,65_71_105_90_36_
09:51:17,200.00,1,1675,200.00_200.50_201.00_201.50_202.00_,35_48_92_97_171_,199.50_199.00_198.50_198.00_197.50_,65_71_106_90_36_
09:51:22,200.00,1,1675,200.00_200.50_201.00_201.50_202.00_,35_48_92_97_171_,199.50_199.00_198.50_198.00_197.50_,67_71_106_90_36_
09:51:28,200.00,1,1675,200.00_200.50_201.00_201.50_202.00_,35_50_90_97_171_,199.50_199.00_198.50_198.00_197.50_,67_71_106_90_36_
09:51:33,200.00,1,1675,200.00_200.50_201.00_201.50_202.00_,35_50_91_97_171_,199.50_199.00_198.50_198.00_197.50_,67_71_106_90_36_
09:51:38,200.00,1,1675,200.00_200.50_201.00_201.50_202.00_,35_45_91_97_171_,199.50_199.00_198.50_198.00_197.50_,67_70_106_90_36_
09:51:43,200.00,1,1676,200.00_200.50_201.00_201.50_202.00_,34_45_91_97_171_,199.50_199.00_198.50_198.00_197.50_,66_70_106_90_36_
09:51:48,200.00,3,1679,200.00_200.50_201.00_201.50_202.00_,31_45_94_97_171_,199.50_199.00_198.50_198.00_197.50_,66_70_106_90_36_
09:51:53,199.50,4,1683,200.00_200.50_201.00_201.50_202.00_,31_45_94_97_171_,199.50_199.00_198.50_198.00_197.50_,62_70_106_90_36_
09:51:58,200.00,2,1685,200.00_200.50_201.00_201.50_202.00_,29_45_94_97_171_,199.50_199.00_198.50_198.00_197.50_,60_70_106_90_36_
09:52:03,200.00,6,1691,200.00_200.50_201.00_201.50_202.00_,23_50_94_97_171_,199.50_199.00_198.50_198.00_197.50_,59_70_106_90_36_
09:52:09,200.00,6,1691,200.00_200.50_201.00_201.50_202.00_,23_50_94_97_171_,199.50_199.00_198.50_198.00_197.50_,63_80_106_90_36_
09:52:14,199.50,1,1692,200.00_200.50_201.00_201.50_202.00_,24_50_94_97_171_,199.50_199.00_198.50_198.00_197.50_,62_80_106_90_36_
09:52:19,199.50,1,1692,200.00_200.50_201.00_201.50_202.00_,24_50_95_97_171_,199.50_199.00_198.50_198.00_197.50_,63_80_106_90_36_
09:52:24,200.00,1,1693,200.00_200.50_201.00_201.50_202.00_,24_50_95_97_171_,199.50_199.00_198.50_198.00_197.50_,63_80_106_90_36_
09:52:39,200.00,1,1693,200.00_200.50_201.00_201.50_202.00_,25_50_95_97_171_,199.50_199.00_198.50_198.00_197.50_,63_80_106_90_36_
09:52:44,200.00,1,1694,200.00_200.50_201.00_201.50_202.00_,25_50_94_97_171_,199.50_199.00_198.50_198.00_197.50_,64_80_106_90_36_
09:52:50,200.00,1,1694,200.00_200.50_201.00_201.50_202.00_,30_50_94_97_171_,199.50_199.00_198.50_198.00_197.50_,64_80_106_90_36_
09:52:55,200.00,1,1694,200.00_200.50_201.00_201.50_202.00_,30_50_94_97_170_,199.50_199.00_198.50_198.00_197.50_,64_80_106_90_36_
09:53:00,200.00,1,1695,200.00_200.50_201.00_201.50_202.00_,29_50_94_97_170_,199.50_199.00_198.50_198.00_197.50_,64_80_106_90_36_
09:53:05,200.00,1,1696,200.00_200.50_201.00_201.50_202.00_,28_50_94_97_170_,199.50_199.00_198.50_198.00_197.50_,64_80_107_90_36_
09:53:10,200.00,1,1696,200.00_200.50_201.00_201.50_202.00_,29_50_94_97_170_,199.50_199.00_198.50_198.00_197.50_,64_80_107_90_36_
09:53:25,199.50,2,1698,200.00_200.50_201.00_201.50_202.00_,30_50_94_97_170_,199.50_199.00_198.50_198.00_197.50_,62_80_107_90_36_
09:53:31,199.50,2,1698,200.00_200.50_201.00_201.50_202.00_,31_50_95_97_170_,199.50_199.00_198.50_198.00_197.50_,62_80_107_90_36_
09:53:36,199.50,2,1698,200.00_200.50_201.00_201.50_202.00_,30_50_95_97_170_,199.50_199.00_198.50_198.00_197.50_,62_80_107_90_36_
09:53:41,200.00,1,1699,200.00_200.50_201.00_201.50_202.00_,29_50_95_97_170_,199.50_199.00_198.50_198.00_197.50_,63_80_107_90_36_
09:53:51,200.00,1,1699,200.00_200.50_201.00_201.50_202.00_,29_50_95_97_170_,199.50_199.00_198.50_198.00_197.50_,63_82_107_90_36_
09:53:56,200.00,1,1699,200.00_200.50_201.00_201.50_202.00_,30_50_95_97_170_,199.50_199.00_198.50_198.00_197.50_,63_83_107_90_36_
09:54:07,200.00,1,1699,200.00_200.50_201.00_201.50_202.00_,32_50_95_97_170_,199.50_199.00_198.50_198.00_197.50_,63_83_107_90_36_
09:54:12,200.00,1,1699,200.00_200.50_201.00_201.50_202.00_,32_50_95_97_170_,199.50_199.00_198.50_198.00_197.50_,63_83_106_90_36_
09:54:22,200.00,2,1701,200.00_200.50_201.00_201.50_202.00_,31_50_95_97_170_,199.50_199.00_198.50_198.00_197.50_,63_83_106_90_36_
09:54:27,200.00,2,1701,200.00_200.50_201.00_201.50_202.00_,34_49_95_97_170_,199.50_199.00_198.50_198.00_197.50_,63_83_106_90_36_
09:54:32,200.00,2,1701,200.00_200.50_201.00_201.50_202.00_,33_49_95_97_170_,199.50_199.00_198.50_198.00_197.50_,63_83_106_90_36_
09:54:48,200.00,2,1701,200.00_200.50_201.00_201.50_202.00_,33_49_94_97_170_,199.50_199.00_198.50_198.00_197.50_,63_83_106_90_36_
09:54:53,199.50,1,1702,200.00_200.50_201.00_201.50_202.00_,33_49_94_97_170_,199.50_199.00_198.50_198.00_197.50_,52_83_106_90_36_
09:54:58,200.00,1,1703,200.00_200.50_201.00_201.50_202.00_,32_49_94_97_170_,199.50_199.00_198.50_198.00_197.50_,52_73_106_90_36_
09:55:03,200.00,20,1723,200.00_200.50_201.00_201.50_202.00_,12_49_94_97_170_,199.50_199.00_198.50_198.00_197.50_,52_73_106_90_36_
09:55:08,200.00,20,1723,200.00_200.50_201.00_201.50_202.00_,17_49_94_97_170_,199.50_199.00_198.50_198.00_197.50_,52_73_106_90_36_
09:55:13,200.00,1,1724,200.00_200.50_201.00_201.50_202.00_,15_49_94_97_170_,199.50_199.00_198.50_198.00_197.50_,54_73_106_90_36_
09:55:23,200.00,9,1733,200.00_200.50_201.00_201.50_202.00_,6_49_94_97_170_,199.50_199.00_198.50_198.00_197.50_,66_73_106_90_36_
09:55:29,200.00,1,1734,200.00_200.50_201.00_201.50_202.00_,5_49_94_97_170_,199.50_199.00_198.50_198.00_197.50_,66_73_111_95_36_
09:55:34,200.00,1,1734,200.50_201.00_201.50_202.00_202.50_,50_100_97_170_146_,200.00_199.50_199.00_198.50_198.00_,2_66_73_111_95_
09:55:39,200.50,1,1735,200.50_201.00_201.50_202.00_202.50_,49_99_88_180_146_,200.00_199.50_199.00_198.50_198.00_,6_65_72_132_74_
09:55:44,200.50,1,1735,200.50_201.00_201.50_202.00_202.50_,49_99_98_170_146_,200.00_199.50_199.00_198.50_198.00_,7_65_71_132_74_
09:55:49,200.50,1,1735,200.50_201.00_201.50_202.00_202.50_,49_99_98_170_146_,200.00_199.50_199.00_198.50_198.00_,8_65_71_132_74_
09:55:54,200.50,1,1735,200.50_201.00_201.50_202.00_202.50_,49_99_98_170_146_,200.00_199.50_199.00_198.50_198.00_,7_65_71_132_74_
09:56:04,200.50,1,1735,200.50_201.00_201.50_202.00_202.50_,49_99_98_170_146_,200.00_199.50_199.00_198.50_198.00_,10_65_61_131_74_
09:56:10,200.50,1,1735,200.50_201.00_201.50_202.00_202.50_,49_100_98_170_144_,200.00_199.50_199.00_198.50_198.00_,21_65_61_131_74_
09:56:15,200.50,1,1735,200.50_201.00_201.50_202.00_202.50_,49_101_98_170_144_,200.00_199.50_199.00_198.50_198.00_,30_65_61_131_74_
09:56:20,200.50,1,1735,200.50_201.00_201.50_202.00_202.50_,48_101_88_180_144_,200.00_199.50_199.00_198.50_198.00_,31_65_61_131_74_
09:56:25,200.50,1,1735,200.50_201.00_201.50_202.00_202.50_,48_101_88_180_144_,200.00_199.50_199.00_198.50_198.00_,32_65_61_131_74_
09:56:30,200.50,1,1736,200.50_201.00_201.50_202.00_202.50_,46_101_88_180_144_,200.00_199.50_199.00_198.50_198.00_,31_65_61_131_74_
09:56:35,200.50,1,1736,200.50_201.00_201.50_202.00_202.50_,45_101_88_181_144_,200.00_199.50_199.00_198.50_198.00_,41_65_63_131_74_
09:56:40,200.50,1,1736,200.50_201.00_201.50_202.00_202.50_,45_101_88_181_144_,200.00_199.50_199.00_198.50_198.00_,41_66_66_131_74_
09:56:50,200.50,1,1736,200.50_201.00_201.50_202.00_202.50_,46_101_88_181_144_,200.00_199.50_199.00_198.50_198.00_,51_66_66_131_74_
09:56:56,200.50,1,1737,200.50_201.00_201.50_202.00_202.50_,44_101_88_181_144_,200.00_199.50_199.00_198.50_198.00_,52_66_66_131_74_
09:57:06,200.50,1,1737,200.50_201.00_201.50_202.00_202.50_,42_101_88_181_144_,200.00_199.50_199.00_198.50_198.00_,52_66_66_131_74_
09:57:16,200.50,1,1738,200.50_201.00_201.50_202.00_202.50_,40_101_88_181_144_,200.00_199.50_199.00_198.50_198.00_,52_66_207_131_74_
09:57:21,200.50,1,1738,200.50_201.00_201.50_202.00_202.50_,40_101_88_181_144_,200.00_199.50_199.00_198.50_198.00_,52_66_255_272_74_
09:57:26,200.50,1,1738,200.50_201.00_201.50_202.00_202.50_,40_101_88_181_144_,200.00_199.50_199.00_198.50_198.00_,52_160_255_319_74_
09:57:31,200.50,1,1738,200.50_201.00_201.50_202.00_202.50_,40_101_89_181_144_,200.00_199.50_199.00_198.50_198.00_,53_255_255_319_73_
09:57:37,200.00,3,1741,200.50_201.00_201.50_202.00_202.50_,40_101_89_181_144_,200.00_199.50_199.00_198.50_198.00_,50_255_255_319_73_
09:57:42,200.50,1,1742,200.50_201.00_201.50_202.00_202.50_,41_101_89_181_144_,200.00_199.50_199.00_198.50_198.00_,50_255_255_319_73_
09:57:47,200.50,1,1743,200.50_201.00_201.50_202.00_202.50_,40_101_89_181_144_,200.00_199.50_199.00_198.50_198.00_,50_254_255_319_73_
09:57:52,200.50,1,1744,200.50_201.00_201.50_202.00_202.50_,39_101_89_181_144_,200.00_199.50_199.00_198.50_198.00_,56_254_390_319_73_
09:57:57,200.50,1,1744,200.50_201.00_201.50_202.00_202.50_,39_99_88_181_144_,200.00_199.50_199.00_198.50_198.00_,56_254_437_319_73_
09:58:07,200.50,30,1774,200.50_201.00_201.50_202.00_202.50_,8_99_88_181_145_,200.00_199.50_199.00_198.50_198.00_,56_254_437_319_73_
09:58:12,200.50,9,1783,200.50_201.00_201.50_202.00_202.50_,2_100_87_179_145_,200.00_199.50_199.00_198.50_198.00_,48_301_437_319_73_
09:58:18,200.50,3,1786,201.00_201.50_202.00_202.50_203.00_,99_87_179_145_143_,200.50_200.00_199.50_199.00_198.50_,2_46_348_437_319_
09:58:23,200.50,3,1786,201.00_201.50_202.00_202.50_203.00_,97_103_170_155_143_,200.50_200.00_199.50_199.00_198.50_,3_93_348_458_298_
09:58:28,200.50,1,1787,201.00_201.50_202.00_202.50_203.00_,97_103_170_155_143_,200.50_200.00_199.50_199.00_198.50_,3_140_348_458_298_
09:58:33,200.50,1,1787,201.00_201.50_202.00_202.50_203.00_,87_103_170_154_143_,200.50_200.00_199.50_199.00_198.50_,3_326_348_458_298_
09:58:38,201.00,1,1788,201.00_201.50_202.00_202.50_203.00_,86_103_170_154_143_,200.50_200.00_199.50_199.00_198.50_,3_329_348_458_298_
09:58:43,200.50,1,1789,201.00_201.50_202.00_202.50_203.00_,86_103_179_144_143_,200.50_200.00_199.50_199.00_198.50_,3_329_348_458_298_
09:58:48,201.00,2,1791,201.00_201.50_202.00_202.50_203.00_,84_103_179_144_143_,200.50_200.00_199.50_199.00_198.50_,4_329_348_458_298_
09:58:53,201.00,2,1791,201.00_201.50_202.00_202.50_203.00_,83_103_179_144_143_,200.50_200.00_199.50_199.00_198.50_,3_339_348_458_298_
09:58:59,201.00,2,1791,201.00_201.50_202.00_202.50_203.00_,83_103_179_144_143_,200.50_200.00_199.50_199.00_198.50_,4_339_348_458_298_
09:59:04,201.00,2,1791,201.00_201.50_202.00_202.50_203.00_,88_103_179_144_143_,200.50_200.00_199.50_199.00_198.50_,11_339_348_458_298_
09:59:09,201.00,2,1791,201.00_201.50_202.00_202.50_203.00_,88_103_179_144_143_,200.50_200.00_199.50_199.00_198.50_,13_341_348_458_298_
09:59:14,201.00,1,1792,201.00_201.50_202.00_202.50_203.00_,88_103_179_144_143_,200.50_200.00_199.50_199.00_198.50_,107_341_346_457_297_
09:59:19,201.00,1,1792,201.00_201.50_202.00_202.50_203.00_,88_103_180_144_143_,200.50_200.00_199.50_199.00_198.50_,107_435_346_457_297_
09:59:24,201.00,1,1792,201.00_201.50_202.00_202.50_203.00_,88_104_180_144_144_,200.50_200.00_199.50_199.00_198.50_,116_435_346_457_297_
09:59:29,201.00,1,1792,201.00_201.50_202.00_202.50_203.00_,88_104_179_145_144_,200.50_200.00_199.50_199.00_198.50_,116_436_346_457_297_
09:59:34,201.00,1,1793,201.00_201.50_202.00_202.50_203.00_,87_104_180_145_145_,200.50_200.00_199.50_199.00_198.50_,117_437_346_457_297_
09:59:39,200.50,1,1794,201.00_201.50_202.00_202.50_203.00_,87_104_180_145_145_,200.50_200.00_199.50_199.00_198.50_,116_437_346_457_297_
09:59:45,200.50,1,1794,201.00_201.50_202.00_202.50_203.00_,87_104_170_155_145_,200.50_200.00_199.50_199.00_198.50_,116_438_346_457_297_
09:59:50,201.00,11,1805,201.00_201.50_202.00_202.50_203.00_,76_104_170_155_145_,200.50_200.00_199.50_199.00_198.50_,119_428_346_457_297_
09:59:55,201.00,5,1810,201.00_201.50_202.00_202.50_203.00_,66_104_180_145_145_,200.50_200.00_199.50_199.00_198.50_,122_429_346_457_297_
10:00:00,201.00,13,1823,201.00_201.50_202.00_202.50_203.00_,53_104_180_145_145_,200.50_200.00_199.50_199.00_198.50_,262_429_346_462_297_
10:00:05,201.00,27,1850,201.00_201.50_202.00_202.50_203.00_,27_104_185_145_145_,200.50_200.00_199.50_199.00_198.50_,267_430_340_462_297_
10:00:10,201.00,17,1867,201.00_201.50_202.00_202.50_203.00_,16_104_185_145_144_,200.50_200.00_199.50_199.00_198.50_,264_430_340_462_297_
10:00:15,201.00,11,1878,201.50_202.00_202.50_203.00_203.50_,104_188_145_144_72_,201.00_200.50_200.00_199.50_199.00_,6_309_430_340_462_
10:00:21,201.00,1,1879,201.50_202.00_202.50_203.00_203.50_,104_182_156_144_72_,201.00_200.50_200.00_199.50_199.00_,12_309_430_361_441_
10:00:26,201.50,13,1892,201.50_202.00_202.50_203.00_203.50_,92_182_155_144_72_,201.00_200.50_200.00_199.50_199.00_,13_308_430_361_441_
10:00:31,201.50,1,1893,201.50_202.00_202.50_203.00_203.50_,92_178_155_144_72_,201.00_200.50_200.00_199.50_199.00_,14_308_430_345_457_
10:00:36,201.50,3,1896,201.50_202.00_202.50_203.00_203.50_,89_178_155_144_72_,201.00_200.50_200.00_199.50_199.00_,60_308_430_345_457_
10:00:41,201.50,1,1897,201.50_202.00_202.50_203.00_203.50_,90_178_155_144_72_,201.00_200.50_200.00_199.50_199.00_,111_310_430_345_457_
10:00:46,201.50,11,1908,201.50_202.00_202.50_203.00_203.50_,80_183_155_145_72_,201.00_200.50_200.00_199.50_199.00_,109_307_432_345_457_
10:00:51,201.50,8,1916,201.50_202.00_202.50_203.00_203.50_,72_178_155_147_72_,201.00_200.50_200.00_199.50_199.00_,108_307_433_345_457_
10:00:56,201.00,7,1923,201.50_202.00_202.50_203.00_203.50_,79_178_155_147_72_,201.00_200.50_200.00_199.50_199.00_,198_307_434_345_457_
10:01:01,201.50,3,1926,201.50_202.00_202.50_203.00_203.50_,76_178_155_147_72_,201.00_200.50_200.00_199.50_199.00_,200_306_435_361_440_
10:01:07,201.50,3,1926,201.50_202.00_202.50_203.00_203.50_,76_178_154_147_72_,201.00_200.50_200.00_199.50_199.00_,199_306_435_345_456_
10:01:12,201.50,4,1930,201.50_202.00_202.50_203.00_203.50_,73_178_154_147_73_,201.00_200.50_200.00_199.50_199.00_,199_305_434_345_456_
10:01:17,201.50,4,1930,201.50_202.00_202.50_203.00_203.50_,74_178_154_148_73_,201.00_200.50_200.00_199.50_199.00_,200_305_435_345_456_
10:01:22,201.50,4,1930,201.50_202.00_202.50_203.00_203.50_,75_178_154_148_73_,201.00_200.50_200.00_199.50_199.00_,200_305_436_345_456_
10:01:27,201.50,1,1931,201.50_202.00_202.50_203.00_203.50_,74_178_159_148_73_,201.00_200.50_200.00_199.50_199.00_,294_305_436_345_456_
10:01:32,201.50,3,1934,201.50_202.00_202.50_203.00_203.50_,71_178_159_148_73_,201.00_200.50_200.00_199.50_199.00_,294_305_436_345_456_
10:01:38,201.50,1,1935,201.50_202.00_202.50_203.00_203.50_,71_178_159_147_73_,201.00_200.50_200.00_199.50_199.00_,296_305_436_345_456_
10:01:43,201.50,2,1937,201.50_202.00_202.50_203.00_203.50_,70_178_159_147_73_,201.00_200.50_200.00_199.50_199.00_,296_305_436_346_456_
10:01:48,201.50,2,1939,201.50_202.00_202.50_203.00_203.50_,69_177_159_147_85_,201.00_200.50_200.00_199.50_199.00_,296_305_437_346_456_
10:01:53,201.50,3,1942,201.50_202.00_202.50_203.00_203.50_,69_177_159_147_85_,201.00_200.50_200.00_199.50_199.00_,296_305_437_346_456_
10:01:58,201.50,8,1950,201.50_202.00_202.50_203.00_203.50_,62_177_159_147_85_,201.00_200.50_200.00_199.50_199.00_,297_305_435_340_456_
10:02:03,201.50,3,1953,201.50_202.00_202.50_203.00_203.50_,64_177_164_147_85_,201.00_200.50_200.00_199.50_199.00_,297_305_435_340_456_
10:02:08,201.50,9,1962,201.50_202.00_202.50_203.00_203.50_,61_177_164_147_85_,201.00_200.50_200.00_199.50_199.00_,296_305_438_340_456_
10:02:14,201.50,50,2012,201.50_202.00_202.50_203.00_203.50_,13_178_164_147_85_,201.00_200.50_200.00_199.50_199.00_,295_305_438_340_456_
10:02:19,201.00,12,2024,201.50_202.00_202.50_203.00_203.50_,13_178_164_147_85_,201.00_200.50_200.00_199.50_199.00_,294_305_438_340_456_
10:02:24,201.50,8,2032,201.50_202.00_202.50_203.00_203.50_,6_178_176_147_85_,201.00_200.50_200.00_199.50_199.00_,13_305_438_356_440_
10:02:29,201.50,1,2033,201.50_202.00_202.50_203.00_203.50_,10_179_176_147_85_,201.00_200.50_200.00_199.50_199.00_,13_305_438_340_456_
10:02:34,201.50,2,2035,201.50_202.00_202.50_203.00_203.50_,21_185_176_147_88_,201.00_200.50_200.00_199.50_199.00_,16_305_437_340_456_
10:02:39,201.50,1,2036,201.50_202.00_202.50_203.00_203.50_,30_186_175_147_88_,201.00_200.50_200.00_199.50_199.00_,17_305_437_340_456_
10:02:44,201.00,2,2038,201.50_202.00_202.50_203.00_203.50_,34_186_175_146_88_,201.00_200.50_200.00_199.50_199.00_,16_305_437_340_456_
10:02:49,201.00,2,2040,201.50_202.00_202.50_203.00_203.50_,35_186_176_146_88_,201.00_200.50_200.00_199.50_199.00_,16_305_437_356_440_
10:02:55,201.00,10,2050,201.50_202.00_202.50_203.00_203.50_,35_187_176_146_88_,201.00_200.50_200.00_199.50_199.00_,6_305_437_356_440_
10:03:00,201.00,6,2056,201.50_202.00_202.50_203.00_203.50_,34_187_176_146_98_,200.50_200.00_199.50_199.00_198.50_,117_390_309_393_103_
10:03:05,201.00,6,2056,201.00_201.50_202.00_202.50_203.00_,2_34_186_176_146_,200.50_200.00_199.50_199.00_198.50_,23_296_291_412_103_
10:03:10,201.00,6,2056,201.00_201.50_202.00_202.50_203.00_,2_35_197_165_145_,200.50_200.00_199.50_199.00_198.50_,23_62_148_273_103_
10:03:15,201.00,6,2056,201.00_201.50_202.00_202.50_203.00_,4_34_197_165_145_,200.50_200.00_199.50_199.00_198.50_,24_63_54_85_103_
10:03:20,201.00,1,2057,201.00_201.50_202.00_202.50_203.00_,4_39_198_165_145_,200.50_200.00_199.50_199.00_198.50_,24_62_54_85_103_
10:03:25,201.00,1,2057,201.00_201.50_202.00_202.50_203.00_,11_40_198_159_145_,200.50_200.00_199.50_199.00_198.50_,21_62_54_85_103_
10:03:30,200.50,2,2059,201.00_201.50_202.00_202.50_203.00_,14_40_198_159_155_,200.50_200.00_199.50_199.00_198.50_,19_62_54_85_103_
10:03:36,200.50,2,2059,201.00_201.50_202.00_202.50_203.00_,14_43_188_169_155_,200.50_200.00_199.50_199.00_198.50_,19_62_54_85_103_
10:03:41,201.00,1,2060,201.00_201.50_202.00_202.50_203.00_,14_43_188_168_155_,200.50_200.00_199.50_199.00_198.50_,19_66_54_85_103_
10:03:46,200.50,1,2061,201.00_201.50_202.00_202.50_203.00_,16_45_188_168_155_,200.50_200.00_199.50_199.00_198.50_,22_66_54_85_103_
10:03:51,200.50,1,2061,201.00_201.50_202.00_202.50_203.00_,16_45_188_168_145_,200.50_200.00_199.50_199.00_198.50_,20_66_54_85_103_
10:03:56,200.50,1,2061,201.00_201.50_202.00_202.50_203.00_,17_45_188_168_145_,200.50_200.00_199.50_199.00_198.50_,21_66_54_85_103_
10:04:01,201.00,1,2062,201.00_201.50_202.00_202.50_203.00_,17_45_188_168_145_,200.50_200.00_199.50_199.00_198.50_,21_66_56_85_103_
10:04:06,201.00,1,2062,201.00_201.50_202.00_202.50_203.00_,17_46_188_168_145_,200.50_200.00_199.50_199.00_198.50_,21_66_56_85_103_
10:04:11,201.00,1,2062,201.00_201.50_202.00_202.50_203.00_,27_46_188_168_145_,200.50_200.00_199.50_199.00_198.50_,21_63_56_85_103_
10:04:17,201.00,1,2062,201.00_201.50_202.00_202.50_203.00_,28_46_198_158_145_,200.50_200.00_199.50_199.00_198.50_,16_62_56_85_103_
10:04:22,201.00,1,2062,201.00_201.50_202.00_202.50_203.00_,28_46_198_158_146_,200.50_200.00_199.50_199.00_198.50_,16_62_56_85_103_
10:04:27,201.00,3,2065,201.00_201.50_202.00_202.50_203.00_,29_48_194_152_146_,200.50_200.00_199.50_199.00_198.50_,16_62_56_86_103_
10:04:32,201.00,1,2066,201.00_201.50_202.00_202.50_203.00_,29_48_194_152_146_,200.50_200.00_199.50_199.00_198.50_,16_62_56_86_103_
10:04:37,201.00,1,2067,201.00_201.50_202.00_202.50_203.00_,28_48_194_152_146_,200.50_200.00_199.50_199.00_198.50_,16_62_56_86_103_
10:04:42,201.00,1,2067,201.00_201.50_202.00_202.50_203.00_,28_48_194_152_146_,200.50_200.00_199.50_199.00_198.50_,15_62_56_86_103_
10:04:47,200.50,1,2068,201.00_201.50_202.00_202.50_203.00_,27_48_194_152_146_,200.50_200.00_199.50_199.00_198.50_,14_62_56_86_103_
10:04:52,200.50,1,2068,201.00_201.50_202.00_202.50_203.00_,27_48_185_163_146_,200.50_200.00_199.50_199.00_198.50_,14_63_56_86_103_
10:05:08,200.50,1,2068,201.00_201.50_202.00_202.50_203.00_,27_48_185_163_146_,200.50_200.00_199.50_199.00_198.50_,15_63_55_86_103_
10:05:13,200.50,1,2069,201.00_201.50_202.00_202.50_203.00_,27_48_185_163_146_,200.50_200.00_199.50_199.00_198.50_,14_63_55_86_103_
10:05:18,201.00,1,2070,201.00_201.50_202.00_202.50_203.00_,26_48_185_164_146_,200.50_200.00_199.50_199.00_198.50_,14_63_55_86_103_
10:05:23,201.00,1,2070,201.00_201.50_202.00_202.50_203.00_,26_47_196_154_146_,200.50_200.00_199.50_199.00_198.50_,14_63_55_86_103_
10:05:28,201.00,1,2070,201.00_201.50_202.00_202.50_203.00_,28_47_196_154_146_,200.50_200.00_199.50_199.00_198.50_,14_63_55_86_103_
10:05:33,201.00,1,2070,201.00_201.50_202.00_202.50_203.00_,28_48_196_154_146_,200.50_200.00_199.50_199.00_198.50_,13_63_55_86_103_
10:05:49,200.50,12,2082,201.00_201.50_202.00_202.50_203.00_,29_48_196_154_147_,200.50_200.00_199.50_199.00_198.50_,1_63_55_86_103_
10:05:54,201.00,1,2083,201.00_201.50_202.00_202.50_203.00_,28_48_196_154_147_,200.50_200.00_199.50_199.00_198.50_,1_61_55_86_103_
10:05:59,201.00,2,2085,201.00_201.50_202.00_202.50_203.00_,26_49_196_154_147_,200.50_200.00_199.50_199.00_198.50_,1_61_55_86_103_
10:06:04,200.50,1,2086,200.50_201.00_201.50_202.00_202.50_,1_26_50_197_154_,200.00_199.50_199.00_198.50_198.00_,62_55_86_101_70_
10:06:09,200.50,1,2086,200.50_201.00_201.50_202.00_202.50_,1_27_62_185_154_,200.00_199.50_199.00_198.50_198.00_,62_55_65_122_70_
10:06:14,200.50,1,2086,200.50_201.00_201.50_202.00_202.50_,1_28_62_185_154_,200.00_199.50_199.00_198.50_198.00_,62_55_65_122_70_
10:06:19,200.50,1,2087,201.00_201.50_202.00_202.50_203.00_,28_62_185_154_147_,200.50_200.00_199.50_199.00_198.50_,1_62_55_65_122_
10:06:25,200.50,1,2088,201.00_201.50_202.00_202.50_203.00_,30_52_183_164_147_,200.50_200.00_199.50_199.00_198.50_,4_62_55_86_101_
10:06:30,200.50,1,2088,201.00_201.50_202.00_202.50_203.00_,30_52_192_153_147_,200.50_200.00_199.50_199.00_198.50_,4_62_55_86_101_
10:06:35,201.00,1,2089,201.00_201.50_202.00_202.50_203.00_,29_52_192_153_147_,200.50_200.00_199.50_199.00_198.50_,4_62_55_86_102_
10:06:40,201.00,1,2089,201.00_201.50_202.00_202.50_203.00_,29_52_191_153_148_,200.50_200.00_199.50_199.00_198.50_,4_63_56_87_102_
10:06:45,201.00,1,2089,201.00_201.50_202.00_202.50_203.00_,30_52_191_153_148_,200.50_200.00_199.50_199.00_198.50_,4_63_56_87_102_
10:07:00,201.00,1,2089,201.00_201.50_202.00_202.50_203.00_,30_53_191_153_148_,200.50_200.00_199.50_199.00_198.50_,4_63_57_87_102_
10:07:06,201.00,1,2090,201.00_201.50_202.00_202.50_203.00_,29_53_191_153_148_,200.50_200.00_199.50_199.00_198.50_,4_63_57_87_102_
10:07:16,201.00,1,2091,201.00_201.50_202.00_202.50_203.00_,28_54_191_153_148_,200.50_200.00_199.50_199.00_198.50_,4_63_57_87_102_
10:07:21,201.00,1,2092,201.00_201.50_202.00_202.50_203.00_,27_54_191_153_148_,200.50_200.00_199.50_199.00_198.50_,4_63_57_87_102_
10:07:26,201.00,1,2092,201.00_201.50_202.00_202.50_203.00_,27_54_191_153_148_,200.50_200.00_199.50_199.00_198.50_,5_63_57_87_102_
10:07:31,200.50,1,2093,201.00_201.50_202.00_202.50_203.00_,27_54_191_153_148_,200.50_200.00_199.50_199.00_198.50_,4_63_57_87_102_
10:07:36,200.50,1,2093,201.00_201.50_202.00_202.50_203.00_,27_55_191_153_148_,200.50_200.00_199.50_199.00_198.50_,4_63_57_92_102_
10:07:52,201.00,1,2094,201.00_201.50_202.00_202.50_203.00_,26_55_191_153_148_,200.50_200.00_199.50_199.00_198.50_,4_63_57_92_102_
10:08:07,201.00,1,2095,201.00_201.50_202.00_202.50_203.00_,25_55_191_153_148_,200.50_200.00_199.50_199.00_198.50_,4_63_57_92_102_
10:08:22,201.00,1,2095,201.00_201.50_202.00_202.50_203.00_,25_55_191_153_146_,200.50_200.00_199.50_199.00_198.50_,4_63_57_93_102_
10:08:33,201.00,1,2096,201.00_201.50_202.00_202.50_203.00_,24_55_191_153_149_,200.50_200.00_199.50_199.00_198.50_,4_63_57_93_102_
10:08:38,200.50,1,2097,201.00_201.50_202.00_202.50_203.00_,24_55_191_153_149_,200.50_200.00_199.50_199.00_198.50_,3_63_57_93_102_
10:08:48,200.50,1,2098,201.00_201.50_202.00_202.50_203.00_,24_57_191_153_149_,200.50_200.00_199.50_199.00_198.50_,2_63_57_93_102_
10:08:53,200.50,1,2098,201.00_201.50_202.00_202.50_203.00_,24_57_181_163_149_,200.50_200.00_199.50_199.00_198.50_,2_63_57_93_102_
10:09:03,200.50,1,2098,201.00_201.50_202.00_202.50_203.00_,24_57_181_163_149_,200.50_200.00_199.50_199.00_198.50_,2_63_58_93_102_
10:09:09,201.00,1,2099,201.00_201.50_202.00_202.50_203.00_,24_57_182_163_149_,200.50_200.00_199.50_199.00_198.50_,2_63_58_93_102_
10:09:19,201.00,2,2101,201.00_201.50_202.00_202.50_203.00_,22_57_182_163_149_,200.50_200.00_199.50_199.00_198.50_,2_63_58_93_102_
10:09:24,201.00,2,2101,201.00_201.50_202.00_202.50_203.00_,22_58_192_154_149_,200.50_200.00_199.50_199.00_198.50_,2_63_58_93_102_
10:09:34,201.00,2,2101,201.00_201.50_202.00_202.50_203.00_,22_58_194_154_149_,200.50_200.00_199.50_199.00_198.50_,2_63_58_93_102_
10:09:39,201.00,1,2102,201.00_201.50_202.00_202.50_203.00_,21_58_194_154_149_,200.50_200.00_199.50_199.00_198.50_,2_63_58_93_102_
10:09:44,201.00,1,2103,201.00_201.50_202.00_202.50_203.00_,22_58_194_154_149_,200.50_200.00_199.50_199.00_198.50_,2_63_58_93_102_
10:09:49,201.00,1,2104,201.00_201.50_202.00_202.50_203.00_,21_58_194_154_149_,200.50_200.00_199.50_199.00_198.50_,2_63_58_93_102_
10:09:55,200.50,1,2105,201.00_201.50_202.00_202.50_203.00_,21_59_196_134_149_,200.50_200.00_199.50_199.00_198.50_,1_63_58_93_102_
10:10:00,200.50,1,2105,201.00_201.50_202.00_202.50_203.00_,21_59_196_134_149_,200.50_200.00_199.50_199.00_198.50_,3_63_57_93_102_
10:10:05,200.50,1,2105,201.00_201.50_202.00_202.50_203.00_,22_59_196_134_149_,200.50_200.00_199.50_199.00_198.50_,3_63_57_93_102_
10:10:10,200.50,1,2105,201.00_201.50_202.00_202.50_203.00_,22_58_196_134_149_,200.50_200.00_199.50_199.00_198.50_,3_63_57_93_102_
10:10:20,200.50,1,2106,201.00_201.50_202.00_202.50_203.00_,22_58_196_134_149_,200.50_200.00_199.50_199.00_198.50_,2_63_57_93_102_
10:10:25,200.50,1,2106,201.00_201.50_202.00_202.50_203.00_,22_60_196_134_149_,200.50_200.00_199.50_199.00_198.50_,2_63_57_93_102_
10:10:30,201.00,1,2107,201.00_201.50_202.00_202.50_203.00_,21_60_196_134_149_,200.50_200.00_199.50_199.00_198.50_,2_63_57_93_102_
10:10:46,201.00,1,2107,201.00_201.50_202.00_202.50_203.00_,20_60_195_134_149_,200.50_200.00_199.50_199.00_198.50_,2_63_56_93_102_
10:10:51,201.00,1,2107,201.00_201.50_202.00_202.50_203.00_,20_59_195_134_149_,200.50_200.00_199.50_199.00_198.50_,3_63_56_93_102_
10:10:56,201.00,1,2107,201.00_201.50_202.00_202.50_203.00_,21_59_195_134_149_,200.50_200.00_199.50_199.00_198.50_,3_63_56_93_102_
10:11:01,201.00,1,2107,201.00_201.50_202.00_202.50_203.00_,21_59_195_134_149_,200.50_200.00_199.50_199.00_198.50_,4_63_56_93_102_
10:11:06,201.00,1,2108,201.00_201.50_202.00_202.50_203.00_,20_59_195_134_149_,200.50_200.00_199.50_199.00_198.50_,4_62_56_93_102_
10:11:11,201.00,1,2108,201.00_201.50_202.00_202.50_203.00_,20_59_195_134_148_,200.50_200.00_199.50_199.00_198.50_,4_62_56_93_102_
10:11:17,201.00,3,2111,201.00_201.50_202.00_202.50_203.00_,18_59_195_134_148_,200.50_200.00_199.50_199.00_198.50_,4_62_56_93_102_
10:11:22,200.50,1,2112,201.00_201.50_202.00_202.50_203.00_,18_59_195_134_148_,200.50_200.00_199.50_199.00_198.50_,3_62_56_93_102_
10:11:27,200.50,1,2112,201.00_201.50_202.00_202.50_203.00_,19_59_195_134_148_,200.50_200.00_199.50_199.00_198.50_,3_62_56_93_102_
10:11:37,201.00,1,2113,201.00_201.50_202.00_202.50_203.00_,18_59_195_134_148_,200.50_200.00_199.50_199.00_198.50_,3_62_56_93_102_
10:11:47,201.00,1,2113,201.00_201.50_202.00_202.50_203.00_,18_59_195_134_148_,200.50_200.00_199.50_199.00_198.50_,5_62_56_93_102_
10:11:53,201.00,1,2113,201.00_201.50_202.00_202.50_203.00_,18_59_195_134_148_,200.50_200.00_199.50_199.00_198.50_,5_63_56_92_102_
10:11:58,200.50,1,2114,201.00_201.50_202.00_202.50_203.00_,18_59_195_134_149_,200.50_200.00_199.50_199.00_198.50_,4_64_56_92_102_
10:12:13,200.50,2,2116,201.00_201.50_202.00_202.50_203.00_,18_59_195_134_149_,200.50_200.00_199.50_199.00_198.50_,2_64_56_92_102_
10:12:18,200.50,2,2116,201.00_201.50_202.00_202.50_203.00_,19_59_198_134_149_,200.50_200.00_199.50_199.00_198.50_,2_64_56_92_102_
10:12:23,200.50,2,2116,201.00_201.50_202.00_202.50_203.00_,20_59_198_136_149_,200.50_200.00_199.50_199.00_198.50_,2_64_56_92_102_
10:12:29,200.50,2,2116,201.00_201.50_202.00_202.50_203.00_,20_59_198_136_149_,200.50_200.00_199.50_199.00_198.50_,3_64_56_92_102_
10:12:34,200.50,2,2116,201.00_201.50_202.00_202.50_203.00_,20_59_197_136_149_,200.50_200.00_199.50_199.00_198.50_,3_64_56_92_102_
10:12:49,200.50,2,2116,201.00_201.50_202.00_202.50_203.00_,20_59_197_137_149_,200.50_200.00_199.50_199.00_198.50_,3_63_56_92_102_
10:13:04,200.50,2,2116,201.00_201.50_202.00_202.50_203.00_,20_59_197_136_149_,200.50_200.00_199.50_199.00_198.50_,4_63_56_92_102_
10:13:10,200.50,2,2116,201.00_201.50_202.00_202.50_203.00_,22_59_197_136_149_,200.50_200.00_199.50_199.00_198.50_,4_63_56_92_102_
10:13:15,200.50,2,2116,201.00_201.50_202.00_202.50_203.00_,22_59_197_136_149_,200.50_200.00_199.50_199.00_198.50_,4_63_56_93_102_
10:13:20,200.50,2,2116,201.00_201.50_202.00_202.50_203.00_,23_59_197_136_149_,200.50_200.00_199.50_199.00_198.50_,4_64_56_93_102_
10:13:25,201.00,1,2117,201.00_201.50_202.00_202.50_203.00_,26_59_193_136_149_,200.50_200.00_199.50_199.00_198.50_,4_64_56_93_102_
10:13:30,201.00,1,2117,201.00_201.50_202.00_202.50_203.00_,26_59_194_136_149_,200.50_200.00_199.50_199.00_198.50_,4_64_56_93_102_
10:13:40,201.00,1,2117,201.00_201.50_202.00_202.50_203.00_,36_59_194_136_149_,200.50_200.00_199.50_199.00_198.50_,4_64_56_93_102_
10:13:45,201.00,1,2117,201.00_201.50_202.00_202.50_203.00_,36_62_194_136_149_,200.50_200.00_199.50_199.00_198.50_,5_64_56_93_102_
10:13:51,201.00,1,2117,201.00_201.50_202.00_202.50_203.00_,37_64_194_136_149_,200.50_200.00_199.50_199.00_198.50_,5_64_56_93_102_
10:14:01,200.50,1,2118,201.00_201.50_202.00_202.50_203.00_,37_64_194_136_149_,200.50_200.00_199.50_199.00_198.50_,4_64_56_93_102_
10:14:06,200.50,1,2119,201.00_201.50_202.00_202.50_203.00_,37_64_194_136_149_,200.50_200.00_199.50_199.00_198.50_,3_64_56_93_102_
10:14:11,200.50,1,2119,201.00_201.50_202.00_202.50_203.00_,36_64_194_136_149_,200.50_200.00_199.50_199.00_198.50_,3_64_56_93_102_
10:14:16,200.50,1,2120,201.00_201.50_202.00_202.50_203.00_,36_64_193_136_151_,200.50_200.00_199.50_199.00_198.50_,2_64_56_93_102_
10:14:21,200.50,1,2120,201.00_201.50_202.00_202.50_203.00_,37_64_193_136_151_,200.50_200.00_199.50_199.00_198.50_,3_64_56_93_102_
10:14:27,200.50,1,2120,201.00_201.50_202.00_202.50_203.00_,38_62_193_136_151_,200.50_200.00_199.50_199.00_198.50_,3_64_56_93_102_
10:14:32,200.50,1,2120,201.00_201.50_202.00_202.50_203.00_,38_63_193_136_151_,200.50_200.00_199.50_199.00_198.50_,3_64_56_93_102_
10:14:37,200.50,2,2122,201.00_201.50_202.00_202.50_203.00_,38_62_193_136_152_,200.50_200.00_199.50_199.00_198.50_,1_64_56_93_102_
10:14:42,200.50,1,2123,201.00_201.50_202.00_202.50_203.00_,38_62_193_136_152_,200.50_200.00_199.50_199.00_198.50_,1_63_56_93_102_
10:14:47,200.50,1,2123,201.00_201.50_202.00_202.50_203.00_,39_62_193_136_152_,200.00_199.50_199.00_198.50_198.00_,63_56_93_102_72_
10:14:52,200.50,1,2123,201.00_201.50_202.00_202.50_203.00_,39_65_193_136_157_,200.00_199.50_199.00_198.50_198.00_,64_56_74_122_72_
10:14:57,200.50,1,2123,201.00_201.50_202.00_202.50_203.00_,38_65_193_136_157_,200.00_199.50_199.00_198.50_198.00_,64_56_74_122_72_
10:15:02,200.50,1,2123,201.00_201.50_202.00_202.50_203.00_,38_63_193_136_157_,200.50_200.00_199.50_199.00_198.50_,1_64_56_74_122_
10:15:08,200.50,1,2123,201.00_201.50_202.00_202.50_203.00_,38_65_194_136_157_,200.50_200.00_199.50_199.00_198.50_,1_63_56_94_104_
10:15:13,200.50,1,2123,201.00_201.50_202.00_202.50_203.00_,38_65_194_136_158_,200.50_200.00_199.50_199.00_198.50_,1_63_56_94_104_
10:15:18,200.50,1,2123,201.00_201.50_202.00_202.50_203.00_,38_66_194_136_157_,200.50_200.00_199.50_199.00_198.50_,1_63_56_94_104_
10:15:23,200.50,1,2124,201.00_201.50_202.00_202.50_203.00_,38_66_194_136_157_,200.00_199.50_199.00_198.50_198.00_,63_56_94_104_74_
10:15:28,200.50,1,2124,201.00_201.50_202.00_202.50_203.00_,38_66_194_136_157_,200.00_199.50_199.00_198.50_198.00_,63_56_74_124_74_
10:15:33,200.50,1,2124,201.00_201.50_202.00_202.50_203.00_,38_66_195_136_157_,200.00_199.50_199.00_198.50_198.00_,63_56_74_124_74_
10:15:38,200.50,1,2124,201.00_201.50_202.00_202.50_203.00_,38_66_197_136_157_,200.00_199.50_199.00_198.50_198.00_,63_56_74_124_74_
10:15:43,200.50,1,2124,201.00_201.50_202.00_202.50_203.00_,38_66_197_136_156_,200.50_200.00_199.50_199.00_198.50_,1_63_56_74_124_
10:15:49,200.50,1,2125,201.00_201.50_202.00_202.50_203.00_,38_67_197_136_156_,200.00_199.50_199.00_198.50_198.00_,63_56_94_104_74_
10:15:54,200.50,1,2125,201.00_201.50_202.00_202.50_203.00_,38_67_197_136_156_,200.00_199.50_199.00_198.50_198.00_,63_56_74_124_74_
10:15:59,200.50,1,2125,200.50_201.00_201.50_202.00_202.50_,1_38_67_197_136_,200.00_199.50_199.00_198.50_198.00_,63_56_74_124_74_
10:16:04,200.50,1,2125,200.50_201.00_201.50_202.00_202.50_,1_39_77_186_136_,200.00_199.50_199.00_198.50_198.00_,63_56_72_126_74_
10:16:09,200.50,1,2126,201.00_201.50_202.00_202.50_203.00_,39_77_186_136_156_,200.00_199.50_199.00_198.50_198.00_,63_56_72_126_74_
10:16:14,200.50,1,2126,201.00_201.50_202.00_202.50_203.00_,39_66_197_136_156_,200.00_199.50_199.00_198.50_198.00_,63_56_74_124_74_
10:16:19,200.50,1,2126,201.00_201.50_202.00_202.50_203.00_,39_66_199_136_156_,200.50_200.00_199.50_199.00_198.50_,1_63_56_74_124_
10:16:24,200.50,1,2126,201.00_201.50_202.00_202.50_203.00_,39_66_199_136_156_,200.50_200.00_199.50_199.00_198.50_,1_63_56_94_104_
10:16:29,200.50,1,2126,201.00_201.50_202.00_202.50_203.00_,39_66_199_136_156_,200.50_200.00_199.50_199.00_198.50_,2_63_56_94_104_
10:16:35,200.50,1,2127,201.00_201.50_202.00_202.50_203.00_,39_66_199_136_156_,200.50_200.00_199.50_199.00_198.50_,1_63_56_94_104_
10:16:40,200.50,1,2127,201.00_201.50_202.00_202.50_203.00_,40_66_199_136_156_,200.50_200.00_199.50_199.00_198.50_,1_63_56_94_104_
10:16:45,200.50,1,2127,201.00_201.50_202.00_202.50_203.00_,41_70_199_136_156_,200.50_200.00_199.50_199.00_198.50_,2_63_56_94_104_
10:16:55,200.50,1,2127,201.00_201.50_202.00_202.50_203.00_,41_70_199_136_157_,200.50_200.00_199.50_199.00_198.50_,1_63_56_94_104_
10:17:00,200.50,1,2127,201.00_201.50_202.00_202.50_203.00_,41_70_199_136_157_,200.50_200.00_199.50_199.00_198.50_,2_63_56_94_104_
10:17:05,200.50,1,2127,201.00_201.50_202.00_202.50_203.00_,41_75_199_136_160_,200.50_200.00_199.50_199.00_198.50_,2_63_56_94_104_
10:17:16,200.50,1,2127,201.00_201.50_202.00_202.50_203.00_,42_75_199_136_160_,200.50_200.00_199.50_199.00_198.50_,2_63_56_94_104_
10:17:26,200.50,2,2129,201.00_201.50_202.00_202.50_203.00_,40_75_199_136_160_,200.00_199.50_199.00_198.50_198.00_,63_56_94_104_74_
10:17:31,200.50,2,2129,201.00_201.50_202.00_202.50_203.00_,43_77_198_136_160_,200.00_199.50_199.00_198.50_198.00_,63_56_74_124_74_
10:17:41,200.50,2,2129,201.00_201.50_202.00_202.50_203.00_,43_77_198_136_160_,200.50_200.00_199.50_199.00_198.50_,1_64_56_74_124_
10:17:46,200.50,2,2129,201.00_201.50_202.00_202.50_203.00_,43_77_188_146_160_,200.50_200.00_199.50_199.00_198.50_,1_64_56_93_104_
10:17:57,200.50,2,2129,201.00_201.50_202.00_202.50_203.00_,43_77_188_146_160_,200.50_200.00_199.50_199.00_198.50_,1_64_56_93_103_
10:18:02,200.50,2,2129,201.00_201.50_202.00_202.50_203.00_,43_76_188_146_160_,200.50_200.00_199.50_199.00_198.50_,2_64_56_93_103_
10:18:07,200.50,2,2131,201.00_201.50_202.00_202.50_203.00_,43_76_198_136_160_,200.00_199.50_199.00_198.50_198.00_,64_56_93_103_74_
10:18:12,200.50,2,2131,200.50_201.00_201.50_202.00_202.50_,1_43_76_198_136_,200.00_199.50_199.00_198.50_198.00_,64_56_73_123_74_
10:18:17,200.50,1,2132,201.00_201.50_202.00_202.50_203.00_,44_77_196_136_160_,200.50_200.00_199.50_199.00_198.50_,1_64_56_71_125_
10:18:22,200.00,4,2136,201.00_201.50_202.00_202.50_203.00_,44_76_187_146_160_,200.00_199.50_199.00_198.50_198.00_,63_56_93_103_74_
10:18:27,200.00,4,2136,201.00_201.50_202.00_202.50_203.00_,44_76_197_136_160_,200.00_199.50_199.00_198.50_198.00_,63_56_73_123_74_
10:18:38,200.00,4,2136,200.50_201.00_201.50_202.00_202.50_,1_44_76_197_136_,200.00_199.50_199.00_198.50_198.00_,64_56_73_123_74_
10:18:43,200.00,4,2136,200.50_201.00_201.50_202.00_202.50_,1_43_77_196_136_,200.00_199.50_199.00_198.50_198.00_,64_56_71_125_74_
10:18:48,200.00,4,2136,200.50_201.00_201.50_202.00_202.50_,1_43_77_196_136_,200.00_199.50_199.00_198.50_198.00_,66_56_71_125_74_
10:18:58,200.50,1,2137,201.00_201.50_202.00_202.50_203.00_,43_77_196_136_161_,200.00_199.50_199.00_198.50_198.00_,66_56_71_125_74_
10:19:03,200.50,1,2137,201.00_201.50_202.00_202.50_203.00_,44_76_197_136_161_,200.00_199.50_199.00_198.50_198.00_,67_56_73_123_74_
10:19:08,200.50,1,2137,201.00_201.50_202.00_202.50_203.00_,44_76_198_136_161_,200.00_199.50_199.00_198.50_198.00_,67_56_73_123_75_
10:19:13,200.50,1,2137,200.50_201.00_201.50_202.00_202.50_,1_44_76_202_136_,200.00_199.50_199.00_198.50_198.00_,67_56_73_123_75_
10:19:18,200.50,1,2137,200.50_201.00_201.50_202.00_202.50_,2_45_87_190_136_,200.00_199.50_199.00_198.50_198.00_,67_56_71_125_75_
10:19:29,200.50,1,2137,200.50_201.00_201.50_202.00_202.50_,7_45_83_190_136_,200.00_199.50_199.00_198.50_198.00_,67_56_71_125_75_
10:19:34,200.50,1,2137,200.50_201.00_201.50_202.00_202.50_,7_45_85_190_136_,200.00_199.50_199.00_198.50_198.00_,67_56_71_125_75_
10:19:39,200.50,2,2139,200.50_201.00_201.50_202.00_202.50_,5_45_85_190_136_,200.00_199.50_199.00_198.50_198.00_,67_56_71_125_75_
10:19:49,200.50,1,2140,200.50_201.00_201.50_202.00_202.50_,4_47_85_190_136_,200.00_199.50_199.00_198.50_198.00_,67_56_71_125_75_
10:19:54,200.50,1,2140,200.50_201.00_201.50_202.00_202.50_,5_48_85_190_136_,200.00_199.50_199.00_198.50_198.00_,67_56_70_125_75_
10:20:05,200.50,1,2140,200.50_201.00_201.50_202.00_202.50_,5_48_85_188_136_,200.00_199.50_199.00_198.50_198.00_,67_56_70_125_75_
10:20:15,200.50,1,2141,200.50_201.00_201.50_202.00_202.50_,4_48_86_188_136_,200.00_199.50_199.00_198.50_198.00_,67_56_70_125_75_
10:20:20,200.50,1,2141,200.50_201.00_201.50_202.00_202.50_,7_48_87_190_136_,200.00_199.50_199.00_198.50_198.00_,67_56_70_125_75_
10:20:25,200.50,1,2141,200.50_201.00_201.50_202.00_202.50_,7_50_86_190_136_,200.00_199.50_199.00_198.50_198.00_,67_56_70_125_75_
10:20:30,200.50,1,2141,200.50_201.00_201.50_202.00_202.50_,7_50_85_190_136_,200.00_199.50_199.00_198.50_198.00_,67_56_70_125_75_
10:20:35,200.50,1,2141,200.50_201.00_201.50_202.00_202.50_,7_50_87_190_136_,200.00_199.50_199.00_198.50_198.00_,69_56_70_125_75_
10:20:41,200.50,1,2141,200.50_201.00_201.50_202.00_202.50_,7_50_87_190_136_,200.00_199.50_199.00_198.50_198.00_,70_56_70_125_75_
10:20:46,200.50,1,2141,200.50_201.00_201.50_202.00_202.50_,7_53_87_186_136_,200.00_199.50_199.00_198.50_198.00_,70_56_70_125_75_
10:20:51,200.50,1,2141,200.50_201.00_201.50_202.00_202.50_,6_53_87_186_136_,200.00_199.50_199.00_198.50_198.00_,70_56_70_125_75_
10:20:56,200.50,1,2142,200.50_201.00_201.50_202.00_202.50_,5_53_87_186_136_,200.00_199.50_199.00_198.50_198.00_,70_56_70_125_75_
10:21:01,200.50,1,2142,200.50_201.00_201.50_202.00_202.50_,5_53_87_186_136_,200.00_199.50_199.00_198.50_198.00_,70_56_70_125_76_
10:21:06,200.50,1,2142,200.50_201.00_201.50_202.00_202.50_,5_53_88_186_136_,200.00_199.50_199.00_198.50_198.00_,70_56_70_125_76_
10:21:11,200.50,1,2142,200.50_201.00_201.50_202.00_202.50_,5_53_88_186_136_,200.00_199.50_199.00_198.50_198.00_,71_56_70_125_76_
10:21:22,200.50,1,2142,200.50_201.00_201.50_202.00_202.50_,6_53_88_186_136_,200.00_199.50_199.00_198.50_198.00_,71_56_70_125_76_
10:21:27,200.00,1,2143,200.50_201.00_201.50_202.00_202.50_,4_52_88_186_136_,200.00_199.50_199.00_198.50_198.00_,70_56_70_125_76_
10:21:32,200.00,1,2143,200.50_201.00_201.50_202.00_202.50_,4_52_82_196_136_,200.00_199.50_199.00_198.50_198.00_,70_56_70_125_76_
10:21:37,200.50,2,2145,200.50_201.00_201.50_202.00_202.50_,2_52_81_196_136_,200.00_199.50_199.00_198.50_198.00_,69_56_70_125_76_
10:21:42,200.50,2,2145,200.50_201.00_201.50_202.00_202.50_,2_52_91_186_136_,200.00_199.50_199.00_198.50_198.00_,69_56_70_125_76_
10:21:47,200.50,1,2146,200.50_201.00_201.50_202.00_202.50_,1_52_91_190_136_,200.00_199.50_199.00_198.50_198.00_,69_56_70_125_76_
10:21:52,200.50,1,2146,200.50_201.00_201.50_202.00_202.50_,2_52_91_190_136_,200.00_199.50_199.00_198.50_198.00_,69_57_70_125_76_
10:22:03,200.50,1,2146,200.50_201.00_201.50_202.00_202.50_,2_53_91_190_126_,200.00_199.50_199.00_198.50_198.00_,69_57_70_125_76_
10:22:13,200.00,5,2151,200.50_201.00_201.50_202.00_202.50_,2_53_91_190_126_,200.00_199.50_199.00_198.50_198.00_,65_57_70_125_76_
10:22:18,200.00,5,2151,200.50_201.00_201.50_202.00_202.50_,2_54_80_200_126_,200.00_199.50_199.00_198.50_198.00_,65_57_71_125_76_
10:22:23,200.00,5,2151,200.50_201.00_201.50_202.00_202.50_,3_54_80_204_126_,200.00_199.50_199.00_198.50_198.00_,60_58_71_125_76_
10:22:28,200.00,5,2151,200.50_201.00_201.50_202.00_202.50_,4_54_76_204_127_,200.00_199.50_199.00_198.50_198.00_,60_58_71_125_76_
10:22:54,200.50,1,2152,200.50_201.00_201.50_202.00_202.50_,3_54_76_204_127_,200.00_199.50_199.00_198.50_198.00_,60_58_71_125_76_
10:22:59,200.50,1,2152,200.50_201.00_201.50_202.00_202.50_,4_54_86_192_127_,200.00_199.50_199.00_198.50_198.00_,60_58_71_125_76_
10:23:04,200.50,1,2152,200.50_201.00_201.50_202.00_202.50_,4_54_86_192_129_,200.00_199.50_199.00_198.50_198.00_,60_58_71_125_76_
10:23:09,200.50,1,2152,200.50_201.00_201.50_202.00_202.50_,4_56_86_192_129_,200.00_199.50_199.00_198.50_198.00_,60_58_72_125_76_
10:23:20,200.50,1,2152,200.50_201.00_201.50_202.00_202.50_,4_56_86_192_129_,200.00_199.50_199.00_198.50_198.00_,61_58_72_125_76_
10:23:25,200.00,1,2153,200.50_201.00_201.50_202.00_202.50_,3_56_85_191_129_,200.00_199.50_199.00_198.50_198.00_,60_58_72_125_76_
10:23:30,200.00,5,2158,200.50_201.00_201.50_202.00_202.50_,3_56_79_201_129_,200.00_199.50_199.00_198.50_198.00_,56_58_72_125_76_
10:23:35,200.50,2,2160,200.50_201.00_201.50_202.00_202.50_,1_56_79_201_129_,200.00_199.50_199.00_198.50_198.00_,56_58_72_125_76_
10:23:40,200.50,2,2160,201.00_201.50_202.00_202.50_203.00_,56_89_191_129_160_,200.00_199.50_199.00_198.50_198.00_,56_58_72_125_76_
10:23:45,200.50,2,2160,201.00_201.50_202.00_202.50_203.00_,56_78_202_129_160_,200.00_199.50_199.00_198.50_198.00_,57_58_74_123_76_
10:24:01,200.50,2,2160,200.50_201.00_201.50_202.00_202.50_,1_56_78_202_129_,200.00_199.50_199.00_198.50_198.00_,57_58_74_123_76_
10:24:06,200.50,1,2161,201.00_201.50_202.00_202.50_203.00_,56_89_191_129_160_,200.00_199.50_199.00_198.50_198.00_,57_58_73_125_76_
10:24:11,200.50,1,2161,201.00_201.50_202.00_202.50_203.00_,56_78_202_129_161_,200.50_200.00_199.50_199.00_198.50_,1_57_58_75_123_
10:24:16,200.50,1,2162,200.50_201.00_201.50_202.00_202.50_,1_56_79_202_129_,200.00_199.50_199.00_198.50_198.00_,57_58_95_103_76_
10:24:21,200.00,2,2164,201.00_201.50_202.00_202.50_203.00_,56_90_191_129_161_,200.00_199.50_199.00_198.50_198.00_,55_58_73_125_76_
10:24:26,200.00,24,2188,200.50_201.00_201.50_202.00_202.50_,4_55_79_202_129_,200.00_199.50_199.00_198.50_198.00_,31_58_75_123_76_
10:24:31,200.00,22,2210,200.50_201.00_201.50_202.00_202.50_,17_57_75_201_129_,200.00_199.50_199.00_198.50_198.00_,9_58_73_125_76_
10:24:37,200.00,1,2211,200.50_201.00_201.50_202.00_202.50_,21_57_75_201_129_,200.00_199.50_199.00_198.50_198.00_,8_58_73_125_76_
10:24:42,200.00,9,2220,200.00_200.50_201.00_201.50_202.00_,2_21_56_75_201_,199.50_199.00_198.50_198.00_197.50_,58_73_125_76_36_
10:24:47,200.00,3,2223,200.00_200.50_201.00_201.50_202.00_,10_21_57_84_191_,199.50_199.00_198.50_198.00_197.50_,58_74_102_98_37_
10:24:52,200.00,3,2223,200.00_200.50_201.00_201.50_202.00_,11_22_57_84_191_,199.50_199.00_198.50_198.00_197.50_,58_74_102_98_37_
10:24:57,200.00,3,2223,200.00_200.50_201.00_201.50_202.00_,11_22_57_83_191_,199.50_199.00_198.50_198.00_197.50_,58_68_102_98_37_
10:25:02,200.00,3,2223,200.00_200.50_201.00_201.50_202.00_,11_24_57_83_192_,199.50_199.00_198.50_198.00_197.50_,59_67_102_98_37_
10:25:07,200.00,3,2223,200.00_200.50_201.00_201.50_202.00_,6_24_57_83_192_,199.50_199.00_198.50_198.00_197.50_,59_67_102_98_37_
10:25:12,200.00,3,2223,200.00_200.50_201.00_201.50_202.00_,6_24_57_84_192_,199.50_199.00_198.50_198.00_197.50_,59_67_102_98_37_
10:25:23,200.00,1,2224,200.00_200.50_201.00_201.50_202.00_,5_24_57_84_192_,199.50_199.00_198.50_198.00_197.50_,59_67_102_98_37_
10:25:28,200.00,3,2227,200.00_200.50_201.00_201.50_202.00_,4_24_55_84_192_,199.50_199.00_198.50_198.00_197.50_,59_67_102_98_37_
10:25:33,200.00,3,2227,200.00_200.50_201.00_201.50_202.00_,4_23_55_84_192_,199.50_199.00_198.50_198.00_197.50_,59_67_102_98_37_
10:25:43,200.00,3,2227,200.00_200.50_201.00_201.50_202.00_,8_24_55_84_192_,199.50_199.00_198.50_198.00_197.50_,59_67_102_98_37_
10:25:48,200.00,3,2227,200.00_200.50_201.00_201.50_202.00_,8_34_60_84_192_,199.50_199.00_198.50_198.00_197.50_,59_67_102_98_37_
10:25:53,200.00,1,2228,200.00_200.50_201.00_201.50_202.00_,7_35_59_84_193_,199.50_199.00_198.50_198.00_197.50_,59_67_102_98_37_
10:25:59,200.00,5,2233,200.00_200.50_201.00_201.50_202.00_,2_35_59_84_193_,199.50_199.00_198.50_198.00_197.50_,59_77_102_98_37_
10:26:04,200.00,5,2233,200.00_200.50_201.00_201.50_202.00_,7_32_62_84_193_,199.50_199.00_198.50_198.00_197.50_,59_77_102_98_37_
10:26:09,200.00,1,2234,200.00_200.50_201.00_201.50_202.00_,6_32_62_84_193_,199.50_199.00_198.50_198.00_197.50_,48_77_102_98_37_
10:26:19,200.00,7,2241,200.50_201.00_201.50_202.00_202.50_,32_61_84_193_129_,200.00_199.50_199.00_198.50_198.00_,10_48_77_102_98_
10:26:24,200.00,7,2241,200.50_201.00_201.50_202.00_202.50_,33_63_75_203_129_,200.00_199.50_199.00_198.50_198.00_,10_49_77_124_76_
10:26:29,200.00,7,2241,200.50_201.00_201.50_202.00_202.50_,32_64_75_203_129_,200.00_199.50_199.00_198.50_198.00_,10_49_77_124_76_
10:26:39,200.00,7,2241,200.50_201.00_201.50_202.00_202.50_,32_64_75_203_129_,200.00_199.50_199.00_198.50_198.00_,11_49_77_124_76_
10:26:44,200.50,1,2242,200.50_201.00_201.50_202.00_202.50_,31_64_75_203_129_,200.00_199.50_199.00_198.50_198.00_,11_49_77_124_76_
10:26:50,200.50,1,2242,200.50_201.00_201.50_202.00_202.50_,31_64_85_193_129_,200.00_199.50_199.00_198.50_198.00_,11_49_77_124_76_
10:27:00,200.50,1,2242,200.50_201.00_201.50_202.00_202.50_,31_64_85_193_129_,200.00_199.50_199.00_198.50_198.00_,13_48_77_124_76_
10:27:05,200.50,1,2242,200.50_201.00_201.50_202.00_202.50_,35_64_85_193_129_,200.00_199.50_199.00_198.50_198.00_,13_48_77_124_76_
10:27:10,200.00,2,2244,200.50_201.00_201.50_202.00_202.50_,35_64_85_194_129_,200.00_199.50_199.00_198.50_198.00_,11_48_77_124_76_
10:27:15,200.00,2,2244,200.50_201.00_201.50_202.00_202.50_,35_64_77_204_129_,200.00_199.50_199.00_198.50_198.00_,11_48_77_124_76_
10:27:20,200.50,5,2249,200.50_201.00_201.50_202.00_202.50_,30_64_77_204_129_,200.00_199.50_199.00_198.50_198.00_,11_48_77_124_76_
10:27:25,200.50,1,2250,200.50_201.00_201.50_202.00_202.50_,30_64_87_194_129_,200.00_199.50_199.00_198.50_198.00_,11_48_77_124_76_
10:27:56,200.50,1,2250,200.50_201.00_201.50_202.00_202.50_,30_64_87_194_129_,200.00_199.50_199.00_198.50_198.00_,14_48_77_124_76_
10:28:06,200.50,1,2251,200.50_201.00_201.50_202.00_202.50_,29_63_87_194_129_,200.00_199.50_199.00_198.50_198.00_,14_48_77_124_76_
10:28:27,200.50,2,2253,200.50_201.00_201.50_202.00_202.50_,27_63_87_194_129_,200.00_199.50_199.00_198.50_198.00_,15_48_77_124_76_
10:28:42,200.50,1,2254,200.50_201.00_201.50_202.00_202.50_,27_63_87_194_129_,200.00_199.50_199.00_198.50_198.00_,15_48_77_124_76_
10:28:47,200.50,1,2254,200.50_201.00_201.50_202.00_202.50_,28_63_87_194_129_,200.00_199.50_199.00_198.50_198.00_,17_48_77_124_76_
10:28:58,200.50,1,2254,200.50_201.00_201.50_202.00_202.50_,28_63_87_194_129_,200.00_199.50_199.00_198.50_198.00_,18_48_77_124_76_
10:29:03,200.50,1,2254,200.50_201.00_201.50_202.00_202.50_,29_63_87_194_129_,200.00_199.50_199.00_198.50_198.00_,19_48_77_124_76_
10:29:08,200.00,1,2255,200.50_201.00_201.50_202.00_202.50_,29_63_86_194_129_,200.00_199.50_199.00_198.50_198.00_,18_48_77_124_76_
10:29:13,200.00,1,2255,200.50_201.00_201.50_202.00_202.50_,29_73_76_204_129_,200.00_199.50_199.00_198.50_198.00_,18_48_77_124_76_
10:29:23,200.50,1,2256,200.50_201.00_201.50_202.00_202.50_,28_73_76_204_129_,200.00_199.50_199.00_198.50_198.00_,18_48_77_124_76_
10:29:28,200.50,1,2256,200.50_201.00_201.50_202.00_202.50_,28_73_86_195_129_,200.00_199.50_199.00_198.50_198.00_,18_48_77_124_76_
10:29:39,200.50,1,2256,200.50_201.00_201.50_202.00_202.50_,28_73_86_195_129_,200.00_199.50_199.00_198.50_198.00_,18_48_77_125_76_
10:29:49,200.50,1,2256,200.50_201.00_201.50_202.00_202.50_,29_73_86_195_129_,200.00_199.50_199.00_198.50_198.00_,18_48_77_125_76_
10:29:54,200.50,1,2256,200.50_201.00_201.50_202.00_202.50_,33_73_87_195_129_,200.00_199.50_199.00_198.50_198.00_,18_48_77_125_76_
10:30:04,200.50,1,2257,200.50_201.00_201.50_202.00_202.50_,32_73_87_195_129_,200.00_199.50_199.00_198.50_198.00_,18_48_77_125_77_
10:30:20,200.50,1,2258,200.50_201.00_201.50_202.00_202.50_,31_73_87_195_129_,200.00_199.50_199.00_198.50_198.00_,18_48_77_125_77_
10:30:35,200.50,1,2259,200.50_201.00_201.50_202.00_202.50_,30_73_87_195_129_,200.00_199.50_199.00_198.50_198.00_,18_48_77_125_77_
10:30:40,200.50,1,2260,200.50_201.00_201.50_202.00_202.50_,28_73_87_195_129_,200.00_199.50_199.00_198.50_198.00_,20_47_77_125_77_
10:31:06,200.50,1,2260,200.50_201.00_201.50_202.00_202.50_,28_73_87_195_129_,200.00_199.50_199.00_198.50_198.00_,21_47_77_125_47_
10:31:21,200.50,2,2262,200.50_201.00_201.50_202.00_202.50_,26_73_87_195_129_,200.00_199.50_199.00_198.50_198.00_,21_47_77_125_47_
10:31:32,200.50,2,2262,200.50_201.00_201.50_202.00_202.50_,27_73_87_195_129_,200.00_199.50_199.00_198.50_198.00_,21_47_77_125_47_
10:31:37,200.50,5,2267,200.50_201.00_201.50_202.00_202.50_,22_73_87_195_129_,200.00_199.50_199.00_198.50_198.00_,21_47_77_125_47_
10:31:42,200.50,1,2268,200.50_201.00_201.50_202.00_202.50_,19_73_87_195_129_,200.00_199.50_199.00_198.50_198.00_,21_47_77_125_47_
10:31:47,200.50,1,2268,200.50_201.00_201.50_202.00_202.50_,19_75_87_195_129_,200.00_199.50_199.00_198.50_198.00_,22_47_77_125_47_
10:31:57,200.50,1,2269,200.50_201.00_201.50_202.00_202.50_,18_75_87_195_129_,200.00_199.50_199.00_198.50_198.00_,22_47_77_125_47_
10:32:02,200.50,1,2269,200.50_201.00_201.50_202.00_202.50_,18_75_88_196_129_,200.00_199.50_199.00_198.50_198.00_,22_47_77_125_47_
10:32:08,200.50,1,2269,200.50_201.00_201.50_202.00_202.50_,16_75_88_196_129_,200.00_199.50_199.00_198.50_198.00_,22_47_77_125_47_
10:32:18,200.50,1,2269,200.50_201.00_201.50_202.00_202.50_,16_75_87_196_129_,200.00_199.50_199.00_198.50_198.00_,22_47_77_125_47_
10:32:28,200.50,1,2269,200.50_201.00_201.50_202.00_202.50_,17_75_87_196_129_,200.00_199.50_199.00_198.50_198.00_,22_47_77_125_47_
10:32:38,200.50,1,2270,200.50_201.00_201.50_202.00_202.50_,16_75_87_196_129_,200.00_199.50_199.00_198.50_198.00_,22_47_77_125_47_
10:32:59,200.50,1,2270,200.50_201.00_201.50_202.00_202.50_,16_75_87_196_129_,200.00_199.50_199.00_198.50_198.00_,22_47_77_127_47_
10:33:04,200.50,1,2270,200.50_201.00_201.50_202.00_202.50_,16_75_87_196_129_,200.00_199.50_199.00_198.50_198.00_,21_47_77_127_47_
10:33:14,200.50,1,2270,200.50_201.00_201.50_202.00_202.50_,17_75_87_196_129_,200.00_199.50_199.00_198.50_198.00_,21_47_77_127_47_
10:33:19,200.50,1,2271,200.50_201.00_201.50_202.00_202.50_,17_75_87_196_129_,200.00_199.50_199.00_198.50_198.00_,21_47_77_127_47_
10:33:30,200.50,1,2271,200.50_201.00_201.50_202.00_202.50_,12_75_87_196_129_,200.00_199.50_199.00_198.50_198.00_,21_47_77_127_47_
10:33:45,200.50,1,2272,200.50_201.00_201.50_202.00_202.50_,11_75_87_196_129_,200.00_199.50_199.00_198.50_198.00_,22_47_77_127_47_
10:33:50,200.00,1,2273,200.50_201.00_201.50_202.00_202.50_,11_75_87_196_129_,200.00_199.50_199.00_198.50_198.00_,21_47_77_127_47_
10:33:55,200.50,5,2278,200.50_201.00_201.50_202.00_202.50_,6_75_77_206_129_,200.00_199.50_199.00_198.50_198.00_,18_47_77_127_47_
10:34:00,200.50,5,2278,200.50_201.00_201.50_202.00_202.50_,6_75_87_196_129_,200.00_199.50_199.00_198.50_198.00_,18_47_77_127_47_
10:34:05,200.50,5,2278,200.50_201.00_201.50_202.00_202.50_,7_75_87_196_129_,200.00_199.50_199.00_198.50_198.00_,18_47_77_127_47_
10:34:21,200.50,3,2281,200.50_201.00_201.50_202.00_202.50_,4_75_87_197_129_,200.00_199.50_199.00_198.50_198.00_,18_47_77_127_47_
10:34:26,200.50,3,2281,200.50_201.00_201.50_202.00_202.50_,4_75_91_197_129_,200.00_199.50_199.00_198.50_198.00_,19_47_77_127_47_
10:34:31,200.50,3,2281,200.50_201.00_201.50_202.00_202.50_,4_75_91_196_129_,200.00_199.50_199.00_198.50_198.00_,19_47_77_127_47_
10:34:36,200.50,1,2282,200.50_201.00_201.50_202.00_202.50_,3_75_91_196_129_,200.00_199.50_199.00_198.50_198.00_,19_47_77_127_47_
10:34:41,200.50,1,2283,200.50_201.00_201.50_202.00_202.50_,2_75_91_196_129_,200.00_199.50_199.00_198.50_198.00_,21_47_77_127_47_
10:34:52,200.50,1,2284,200.50_201.00_201.50_202.00_202.50_,1_75_91_196_129_,200.00_199.50_199.00_198.50_198.00_,21_47_77_127_47_
10:35:02,200.50,1,2284,200.50_201.00_201.50_202.00_202.50_,1_75_91_196_129_,200.00_199.50_199.00_198.50_198.00_,21_47_77_127_48_
10:35:17,200.50,1,2285,201.00_201.50_202.00_202.50_203.00_,75_91_196_129_164_,200.00_199.50_199.00_198.50_198.00_,21_47_77_127_48_
10:35:22,200.50,1,2285,201.00_201.50_202.00_202.50_203.00_,75_80_207_129_164_,200.00_199.50_199.00_198.50_198.00_,21_47_79_125_48_
10:35:53,200.50,1,2285,201.00_201.50_202.00_202.50_203.00_,75_80_207_130_164_,200.50_200.00_199.50_199.00_198.50_,1_21_47_79_125_
10:35:58,200.50,1,2286,201.00_201.50_202.00_202.50_203.00_,75_80_207_130_164_,200.00_199.50_199.00_198.50_198.00_,20_47_99_105_48_
10:36:03,200.50,1,2286,200.50_201.00_201.50_202.00_202.50_,1_75_80_210_130_,200.00_199.50_199.00_198.50_198.00_,20_47_79_125_48_
10:36:09,200.00,1,2287,200.50_201.00_201.50_202.00_202.50_,1_76_91_198_130_,200.00_199.50_199.00_198.50_198.00_,19_47_77_127_48_
10:36:14,200.00,1,2287,200.50_201.00_201.50_202.00_202.50_,1_76_81_208_130_,200.00_199.50_199.00_198.50_198.00_,19_46_77_127_48_
10:36:19,200.00,1,2287,200.50_201.00_201.50_202.00_202.50_,1_76_81_208_131_,200.00_199.50_199.00_198.50_198.00_,19_46_77_127_49_
10:36:24,200.00,1,2287,200.50_201.00_201.50_202.00_202.50_,1_76_81_208_131_,200.00_199.50_199.00_198.50_198.00_,19_44_78_127_49_
10:36:29,200.00,1,2287,200.50_201.00_201.50_202.00_202.50_,1_76_81_208_131_,200.00_199.50_199.00_198.50_198.00_,19_44_78_126_49_
10:36:34,200.50,1,2288,201.00_201.50_202.00_202.50_203.00_,76_81_208_131_163_,200.50_200.00_199.50_199.00_198.50_,3_19_44_78_126_
10:36:39,200.50,3,2291,201.00_201.50_202.00_202.50_203.00_,76_80_209_131_163_,200.00_199.50_199.00_198.50_198.00_,22_44_100_104_49_
10:36:44,200.50,3,2291,200.50_201.00_201.50_202.00_202.50_,2_76_80_209_131_,200.00_199.50_199.00_198.50_198.00_,22_44_80_124_49_
10:36:49,200.50,3,2291,200.50_201.00_201.50_202.00_202.50_,2_76_91_198_131_,200.00_199.50_199.00_198.50_198.00_,22_45_78_126_49_
10:36:55,200.50,3,2291,200.50_201.00_201.50_202.00_202.50_,2_77_91_198_131_,200.00_199.50_199.00_198.50_198.00_,22_45_78_126_49_
10:37:10,200.50,1,2292,200.50_201.00_201.50_202.00_202.50_,1_77_91_198_131_,200.00_199.50_199.00_198.50_198.00_,22_45_78_126_49_
10:37:15,200.50,1,2292,200.50_201.00_201.50_202.00_202.50_,2_77_91_198_131_,200.00_199.50_199.00_198.50_198.00_,22_45_78_126_49_
10:37:20,200.50,1,2293,200.50_201.00_201.50_202.00_202.50_,5_77_91_198_131_,200.00_199.50_199.00_198.50_198.00_,22_45_78_126_49_
10:37:25,200.50,1,2293,200.50_201.00_201.50_202.00_202.50_,6_77_89_199_131_,200.00_199.50_199.00_198.50_198.00_,22_45_78_126_49_
10:37:30,200.50,1,2293,200.50_201.00_201.50_202.00_202.50_,10_77_89_199_131_,200.00_199.50_199.00_198.50_198.00_,22_45_78_126_49_
10:37:35,200.50,1,2293,200.50_201.00_201.50_202.00_202.50_,11_77_89_198_131_,200.00_199.50_199.00_198.50_198.00_,22_45_78_126_49_
10:37:46,200.00,1,2294,200.50_201.00_201.50_202.00_202.50_,11_77_89_198_131_,200.00_199.50_199.00_198.50_198.00_,21_43_78_124_49_
10:37:51,200.50,1,2295,200.50_201.00_201.50_202.00_202.50_,10_77_79_208_131_,200.00_199.50_199.00_198.50_198.00_,21_43_78_124_49_
10:37:56,200.50,1,2295,200.50_201.00_201.50_202.00_202.50_,6_77_89_198_131_,200.00_199.50_199.00_198.50_198.00_,21_43_78_124_49_
10:38:01,200.50,1,2295,200.50_201.00_201.50_202.00_202.50_,6_77_89_198_131_,200.00_199.50_199.00_198.50_198.00_,21_44_78_124_49_
10:38:11,200.50,1,2295,200.50_201.00_201.50_202.00_202.50_,10_77_89_198_131_,200.00_199.50_199.00_198.50_198.00_,21_44_78_124_49_
10:38:16,200.50,1,2295,200.50_201.00_201.50_202.00_202.50_,10_77_89_198_131_,200.00_199.50_199.00_198.50_198.00_,22_44_78_124_49_
10:38:22,200.50,1,2295,200.50_201.00_201.50_202.00_202.50_,10_77_88_198_131_,200.00_199.50_199.00_198.50_198.00_,22_44_78_124_49_
10:38:27,200.50,1,2295,200.50_201.00_201.50_202.00_202.50_,11_77_86_198_131_,200.00_199.50_199.00_198.50_198.00_,22_44_78_124_49_
10:38:32,200.50,2,2297,200.50_201.00_201.50_202.00_202.50_,9_77_86_198_131_,200.00_199.50_199.00_198.50_198.00_,22_44_78_124_49_
10:38:47,200.50,2,2297,200.50_201.00_201.50_202.00_202.50_,9_77_86_199_131_,200.00_199.50_199.00_198.50_198.00_,22_44_78_124_49_
10:39:03,200.50,2,2297,200.50_201.00_201.50_202.00_202.50_,9_77_86_199_131_,200.00_199.50_199.00_198.50_198.00_,24_43_77_124_49_
10:39:08,200.50,1,2298,200.50_201.00_201.50_202.00_202.50_,8_78_86_199_131_,200.00_199.50_199.00_198.50_198.00_,25_43_77_124_49_
10:39:13,200.50,1,2298,200.50_201.00_201.50_202.00_202.50_,9_78_86_199_131_,200.00_199.50_199.00_198.50_198.00_,24_43_77_124_49_
10:39:28,200.50,1,2298,200.50_201.00_201.50_202.00_202.50_,9_78_86_200_131_,200.00_199.50_199.00_198.50_198.00_,24_43_77_124_49_
10:39:38,200.50,1,2298,200.50_201.00_201.50_202.00_202.50_,9_78_87_200_131_,200.00_199.50_199.00_198.50_198.00_,24_43_77_124_49_
10:39:49,200.50,1,2299,200.50_201.00_201.50_202.00_202.50_,12_78_87_200_130_,200.00_199.50_199.00_198.50_198.00_,24_43_77_124_49_
10:40:09,200.00,1,2300,200.50_201.00_201.50_202.00_202.50_,12_78_86_200_130_,200.00_199.50_199.00_198.50_198.00_,23_43_77_124_49_
10:40:14,200.00,1,2300,200.50_201.00_201.50_202.00_202.50_,17_78_86_200_130_,200.00_199.50_199.00_198.50_198.00_,23_43_77_124_49_
10:40:19,200.00,1,2300,200.50_201.00_201.50_202.00_202.50_,17_77_86_200_130_,200.00_199.50_199.00_198.50_198.00_,23_43_77_124_49_
10:40:24,200.00,1,2300,200.50_201.00_201.50_202.00_202.50_,17_78_89_200_130_,200.00_199.50_199.00_198.50_198.00_,23_43_77_124_49_
10:40:29,200.50,1,2301,200.50_201.00_201.50_202.00_202.50_,16_78_90_200_130_,200.00_199.50_199.00_198.50_198.00_,23_43_77_124_49_
10:40:35,200.50,1,2301,200.50_201.00_201.50_202.00_202.50_,17_78_90_200_130_,200.00_199.50_199.00_198.50_198.00_,23_43_77_124_49_
10:40:40,200.50,1,2301,200.50_201.00_201.50_202.00_202.50_,17_78_89_200_130_,200.00_199.50_199.00_198.50_198.00_,23_43_77_124_49_
10:40:45,200.50,10,2311,200.50_201.00_201.50_202.00_202.50_,7_78_89_200_130_,200.00_199.50_199.00_198.50_198.00_,23_43_77_124_49_
10:40:50,200.50,10,2311,200.50_201.00_201.50_202.00_202.50_,8_78_89_200_130_,200.00_199.50_199.00_198.50_198.00_,23_43_77_124_49_
10:40:55,200.50,1,2312,200.50_201.00_201.50_202.00_202.50_,7_77_87_200_130_,200.00_199.50_199.00_198.50_198.00_,24_43_77_124_49_
10:41:00,200.50,1,2312,200.50_201.00_201.50_202.00_202.50_,7_77_87_205_130_,200.00_199.50_199.00_198.50_198.00_,24_43_77_124_49_
10:41:05,200.50,2,2314,200.50_201.00_201.50_202.00_202.50_,8_77_87_205_130_,200.00_199.50_199.00_198.50_198.00_,24_43_77_124_49_
10:41:10,200.50,2,2314,200.50_201.00_201.50_202.00_202.50_,9_77_87_205_130_,200.00_199.50_199.00_198.50_198.00_,24_43_76_124_49_
10:41:16,200.50,5,2319,200.50_201.00_201.50_202.00_202.50_,4_77_87_205_130_,200.00_199.50_199.00_198.50_198.00_,24_43_76_124_49_
10:41:21,200.50,5,2319,200.50_201.00_201.50_202.00_202.50_,5_79_87_205_130_,200.00_199.50_199.00_198.50_198.00_,29_43_76_124_49_
10:41:26,200.50,5,2319,200.50_201.00_201.50_202.00_202.50_,4_79_87_205_130_,200.00_199.50_199.00_198.50_198.00_,29_43_76_124_49_
10:41:47,200.50,1,2320,200.50_201.00_201.50_202.00_202.50_,3_79_87_205_130_,200.00_199.50_199.00_198.50_198.00_,29_43_76_124_49_
10:41:52,200.50,1,2321,200.50_201.00_201.50_202.00_202.50_,2_79_87_205_130_,200.00_199.50_199.00_198.50_198.00_,29_43_76_124_49_
10:41:57,200.50,1,2322,200.50_201.00_201.50_202.00_202.50_,1_79_91_205_130_,200.00_199.50_199.00_198.50_198.00_,29_43_75_124_49_
10:42:02,200.50,1,2322,200.50_201.00_201.50_202.00_202.50_,2_79_91_205_130_,200.00_199.50_199.00_198.50_198.00_,29_43_75_124_49_
10:42:12,200.50,1,2322,200.50_201.00_201.50_202.00_202.50_,5_79_91_205_130_,200.00_199.50_199.00_198.50_198.00_,29_43_75_124_49_
10:42:22,200.50,1,2323,200.50_201.00_201.50_202.00_202.50_,4_79_91_205_130_,200.00_199.50_199.00_198.50_198.00_,29_43_75_124_49_
10:42:38,200.50,1,2324,200.50_201.00_201.50_202.00_202.50_,5_79_91_205_130_,200.00_199.50_199.00_198.50_198.00_,29_43_75_124_49_
10:42:48,200.50,1,2324,200.50_201.00_201.50_202.00_202.50_,6_79_91_205_130_,200.00_199.50_199.00_198.50_198.00_,29_43_75_124_49_
10:43:03,200.50,2,2326,200.50_201.00_201.50_202.00_202.50_,4_79_91_205_130_,200.00_199.50_199.00_198.50_198.00_,28_43_75_124_49_
10:43:19,200.50,2,2326,200.50_201.00_201.50_202.00_202.50_,4_79_91_205_130_,200.00_199.50_199.00_198.50_198.00_,29_43_74_124_49_
10:43:24,200.50,2,2326,200.50_201.00_201.50_202.00_202.50_,13_79_91_205_130_,200.00_199.50_199.00_198.50_198.00_,29_43_74_124_49_
10:43:34,200.50,2,2326,200.50_201.00_201.50_202.00_202.50_,13_79_89_205_130_,200.00_199.50_199.00_198.50_198.00_,29_43_74_124_49_
10:43:44,200.00,2,2328,200.50_201.00_201.50_202.00_202.50_,15_79_89_205_129_,200.00_199.50_199.00_198.50_198.00_,28_43_74_124_49_
10:43:50,200.00,2,2328,200.50_201.00_201.50_202.00_202.50_,14_76_88_205_129_,200.00_199.50_199.00_198.50_198.00_,28_43_74_124_49_
10:43:55,200.00,2,2328,200.50_201.00_201.50_202.00_202.50_,14_76_88_205_129_,200.00_199.50_199.00_198.50_198.00_,25_43_74_124_49_
10:44:05,200.00,2,2328,200.50_201.00_201.50_202.00_202.50_,17_76_88_205_129_,200.00_199.50_199.00_198.50_198.00_,25_43_74_124_49_
10:44:15,200.00,2,2328,200.50_201.00_201.50_202.00_202.50_,20_76_88_205_129_,200.00_199.50_199.00_198.50_198.00_,25_43_74_124_49_
10:44:20,200.50,1,2329,200.50_201.00_201.50_202.00_202.50_,20_76_89_205_129_,200.00_199.50_199.00_198.50_198.00_,25_43_74_124_49_
10:44:26,200.50,1,2329,200.50_201.00_201.50_202.00_202.50_,23_76_85_205_129_,200.00_199.50_199.00_198.50_198.00_,25_43_74_124_49_
10:44:46,200.50,1,2329,200.50_201.00_201.50_202.00_202.50_,23_76_86_205_129_,200.00_199.50_199.00_198.50_198.00_,25_43_74_124_49_
10:44:51,200.50,1,2329,200.50_201.00_201.50_202.00_202.50_,23_79_86_205_129_,200.00_199.50_199.00_198.50_198.00_,27_43_74_124_49_
10:44:56,200.50,1,2330,200.50_201.00_201.50_202.00_202.50_,22_79_86_205_129_,200.00_199.50_199.00_198.50_198.00_,27_43_74_124_49_
10:45:02,200.50,1,2331,200.50_201.00_201.50_202.00_202.50_,35_79_86_205_129_,200.00_199.50_199.00_198.50_198.00_,27_43_74_124_49_
10:45:12,200.50,1,2331,200.50_201.00_201.50_202.00_202.50_,35_80_86_205_129_,200.00_199.50_199.00_198.50_198.00_,27_43_74_124_49_
10:45:17,200.50,3,2334,200.50_201.00_201.50_202.00_202.50_,32_80_86_205_129_,200.00_199.50_199.00_198.50_198.00_,27_43_74_124_49_
10:45:22,200.50,3,2334,200.50_201.00_201.50_202.00_202.50_,32_80_86_205_129_,200.00_199.50_199.00_198.50_198.00_,26_43_74_124_49_
10:45:27,200.00,1,2335,200.50_201.00_201.50_202.00_202.50_,33_77_86_205_129_,200.00_199.50_199.00_198.50_198.00_,24_43_74_124_49_
10:45:32,200.00,1,2335,200.50_201.00_201.50_202.00_202.50_,34_82_85_205_129_,200.00_199.50_199.00_198.50_198.00_,24_43_80_124_49_
10:45:37,200.00,1,2335,200.50_201.00_201.50_202.00_202.50_,34_80_85_205_129_,200.00_199.50_199.00_198.50_198.00_,24_43_80_124_49_
10:45:43,200.50,1,2336,200.50_201.00_201.50_202.00_202.50_,33_80_85_205_129_,200.00_199.50_199.00_198.50_198.00_,24_43_80_124_49_
10:45:48,200.50,1,2336,200.50_201.00_201.50_202.00_202.50_,35_80_85_205_129_,200.00_199.50_199.00_198.50_198.00_,24_43_80_124_49_
10:45:58,200.50,1,2337,200.50_201.00_201.50_202.00_202.50_,35_80_86_205_129_,200.00_199.50_199.00_198.50_198.00_,24_43_80_124_49_
10:46:03,200.50,1,2337,200.50_201.00_201.50_202.00_202.50_,35_81_86_205_129_,200.00_199.50_199.00_198.50_198.00_,24_43_80_124_49_
10:46:08,200.50,1,2337,200.50_201.00_201.50_202.00_202.50_,37_82_85_206_129_,200.00_199.50_199.00_198.50_198.00_,24_43_80_124_49_
10:46:18,200.00,2,2339,200.50_201.00_201.50_202.00_202.50_,38_83_85_206_129_,200.00_199.50_199.00_198.50_198.00_,23_43_80_124_49_
10:46:24,200.00,2,2339,200.50_201.00_201.50_202.00_202.50_,39_83_85_206_129_,200.00_199.50_199.00_198.50_198.00_,23_43_80_124_49_
10:46:29,200.00,1,2340,200.50_201.00_201.50_202.00_202.50_,39_83_85_206_129_,200.00_199.50_199.00_198.50_198.00_,22_43_80_124_49_
10:46:39,200.00,1,2340,200.50_201.00_201.50_202.00_202.50_,39_85_85_206_129_,200.00_199.50_199.00_198.50_198.00_,25_43_80_124_49_
10:46:54,200.00,1,2340,200.50_201.00_201.50_202.00_202.50_,39_85_85_206_129_,200.00_199.50_199.00_198.50_198.00_,25_43_81_124_49_
10:46:59,200.50,1,2341,200.50_201.00_201.50_202.00_202.50_,38_85_85_206_129_,200.00_199.50_199.00_198.50_198.00_,25_43_81_124_49_
10:47:25,200.00,1,2342,200.50_201.00_201.50_202.00_202.50_,38_85_85_206_129_,200.00_199.50_199.00_198.50_198.00_,24_43_81_124_49_
10:47:30,200.00,1,2342,200.50_201.00_201.50_202.00_202.50_,38_85_85_206_129_,200.00_199.50_199.00_198.50_198.00_,24_44_81_124_49_
10:47:35,200.00,1,2342,200.50_201.00_201.50_202.00_202.50_,38_86_85_206_129_,200.00_199.50_199.00_198.50_198.00_,24_44_81_124_49_
10:47:40,200.50,1,2343,200.50_201.00_201.50_202.00_202.50_,37_86_85_206_129_,200.00_199.50_199.00_198.50_198.00_,24_44_81_124_49_
10:47:45,200.50,1,2343,200.50_201.00_201.50_202.00_202.50_,37_86_85_206_129_,200.00_199.50_199.00_198.50_198.00_,25_44_81_124_49_
10:48:01,200.50,1,2343,200.50_201.00_201.50_202.00_202.50_,37_86_85_206_129_,200.00_199.50_199.00_198.50_198.00_,25_43_81_124_49_
10:48:06,200.50,1,2343,200.50_201.00_201.50_202.00_202.50_,37_86_85_207_130_,200.00_199.50_199.00_198.50_198.00_,25_43_81_124_49_
10:48:16,200.50,1,2344,200.50_201.00_201.50_202.00_202.50_,36_86_85_207_130_,200.00_199.50_199.00_198.50_198.00_,25_43_81_124_49_
10:48:32,200.50,1,2344,200.50_201.00_201.50_202.00_202.50_,36_84_85_207_130_,200.00_199.50_199.00_198.50_198.00_,25_43_81_124_49_
10:48:37,200.50,1,2344,200.50_201.00_201.50_202.00_202.50_,37_84_85_207_130_,200.00_199.50_199.00_198.50_198.00_,25_43_81_124_49_
10:48:42,200.50,1,2344,200.50_201.00_201.50_202.00_202.50_,37_85_85_207_130_,200.00_199.50_199.00_198.50_198.00_,25_43_81_124_49_
10:48:47,200.50,1,2344,200.50_201.00_201.50_202.00_202.50_,37_85_85_207_131_,200.00_199.50_199.00_198.50_198.00_,25_43_81_124_49_
10:48:52,200.50,1,2345,200.50_201.00_201.50_202.00_202.50_,36_85_85_207_131_,200.00_199.50_199.00_198.50_198.00_,25_43_81_124_49_
10:48:57,200.50,1,2346,200.50_201.00_201.50_202.00_202.50_,35_84_85_207_131_,200.00_199.50_199.00_198.50_198.00_,26_43_81_124_49_
10:49:08,200.00,1,2347,200.50_201.00_201.50_202.00_202.50_,35_84_85_207_131_,200.00_199.50_199.00_198.50_198.00_,25_43_81_124_49_
10:49:13,200.00,1,2347,200.50_201.00_201.50_202.00_202.50_,34_84_85_207_131_,200.00_199.50_199.00_198.50_198.00_,25_42_81_124_49_
10:49:18,200.00,1,2348,200.50_201.00_201.50_202.00_202.50_,34_84_85_207_131_,200.00_199.50_199.00_198.50_198.00_,24_42_81_124_49_
10:49:23,200.00,1,2348,200.50_201.00_201.50_202.00_202.50_,34_84_85_207_131_,200.00_199.50_199.00_198.50_198.00_,23_42_81_124_49_
10:49:28,200.00,2,2350,200.50_201.00_201.50_202.00_202.50_,34_81_85_207_131_,200.00_199.50_199.00_198.50_198.00_,21_42_81_124_49_
10:49:33,200.50,1,2351,200.50_201.00_201.50_202.00_202.50_,33_82_85_207_131_,200.00_199.50_199.00_198.50_198.00_,21_42_81_124_49_
10:49:38,200.00,1,2352,200.50_201.00_201.50_202.00_202.50_,33_84_85_207_131_,200.00_199.50_199.00_198.50_198.00_,25_42_81_124_49_
10:49:43,200.00,1,2352,200.50_201.00_201.50_202.00_202.50_,33_84_86_207_131_,200.00_199.50_199.00_198.50_198.00_,25_42_81_124_49_
10:49:49,200.00,1,2352,200.50_201.00_201.50_202.00_202.50_,34_84_86_207_131_,200.00_199.50_199.00_198.50_198.00_,25_42_81_124_49_
10:49:54,200.00,1,2352,200.50_201.00_201.50_202.00_202.50_,34_84_86_207_131_,200.00_199.50_199.00_198.50_198.00_,26_42_81_124_49_
10:49:59,200.00,2,2354,200.50_201.00_201.50_202.00_202.50_,34_86_86_207_131_,200.00_199.50_199.00_198.50_198.00_,24_42_81_124_49_
10:50:09,200.00,1,2355,200.50_201.00_201.50_202.00_202.50_,34_86_86_207_131_,200.00_199.50_199.00_198.50_198.00_,23_42_81_124_49_
10:50:14,200.00,1,2356,200.50_201.00_201.50_202.00_202.50_,34_86_86_207_131_,200.00_199.50_199.00_198.50_198.00_,23_42_81_124_49_
10:50:19,200.00,1,2356,200.50_201.00_201.50_202.00_202.50_,34_86_86_207_131_,200.00_199.50_199.00_198.50_198.00_,22_42_81_124_49_
10:50:35,200.00,2,2358,200.50_201.00_201.50_202.00_202.50_,34_86_86_207_131_,200.00_199.50_199.00_198.50_198.00_,20_42_81_124_48_
10:50:40,200.00,2,2358,200.50_201.00_201.50_202.00_202.50_,39_86_86_207_131_,200.00_199.50_199.00_198.50_198.00_,20_42_81_104_48_
10:50:45,200.00,2,2358,200.50_201.00_201.50_202.00_202.50_,44_86_86_207_131_,200.00_199.50_199.00_198.50_198.00_,20_42_81_103_48_
10:50:50,200.00,2,2360,200.50_201.00_201.50_202.00_202.50_,48_86_86_207_131_,200.00_199.50_199.00_198.50_198.00_,19_42_102_103_48_
10:50:55,200.00,2,2360,200.50_201.00_201.50_202.00_202.50_,49_86_77_207_131_,200.00_199.50_199.00_198.50_198.00_,19_43_123_103_48_
10:51:00,200.00,2,2360,200.50_201.00_201.50_202.00_202.50_,64_86_77_207_131_,200.00_199.50_199.00_198.50_198.00_,19_43_123_102_48_
10:51:06,200.00,2,2360,200.50_201.00_201.50_202.00_202.50_,64_86_77_208_131_,200.00_199.50_199.00_198.50_198.00_,19_43_123_82_48_
10:51:11,200.00,1,2361,200.50_201.00_201.50_202.00_202.50_,66_87_77_208_131_,200.00_199.50_199.00_198.50_198.00_,18_43_123_82_48_
10:51:16,200.00,1,2361,200.50_201.00_201.50_202.00_202.50_,66_88_83_208_131_,200.00_199.50_199.00_198.50_198.00_,18_43_123_82_48_
10:51:21,200.00,1,2361,200.50_201.00_201.50_202.00_202.50_,69_88_83_208_131_,200.00_199.50_199.00_198.50_198.00_,18_43_123_82_48_
10:51:26,200.00,1,2362,200.50_201.00_201.50_202.00_202.50_,72_88_83_208_131_,200.00_199.50_199.00_198.50_198.00_,17_43_123_82_48_
10:51:31,200.50,1,2363,200.50_201.00_201.50_202.00_202.50_,72_88_83_208_131_,200.00_199.50_199.00_198.50_198.00_,28_43_123_82_48_
10:51:36,200.50,1,2363,200.50_201.00_201.50_202.00_202.50_,74_88_84_208_131_,200.00_199.50_199.00_198.50_198.00_,28_43_123_82_48_
10:51:42,200.50,1,2363,200.50_201.00_201.50_202.00_202.50_,74_88_84_208_131_,200.00_199.50_199.00_198.50_198.00_,30_43_123_82_48_
10:51:47,200.50,1,2363,200.50_201.00_201.50_202.00_202.50_,74_88_83_208_131_,200.00_199.50_199.00_198.50_198.00_,30_43_123_82_48_
10:51:57,200.00,1,2364,200.50_201.00_201.50_202.00_202.50_,74_88_83_208_131_,200.00_199.50_199.00_198.50_198.00_,29_43_123_82_48_
10:52:02,200.00,1,2364,200.50_201.00_201.50_202.00_202.50_,74_88_83_208_131_,200.00_199.50_199.00_198.50_198.00_,29_44_123_82_53_
10:52:07,200.00,1,2364,200.50_201.00_201.50_202.00_202.50_,74_90_83_208_131_,200.00_199.50_199.00_198.50_198.00_,29_44_123_82_53_
10:52:12,200.50,1,2365,200.50_201.00_201.50_202.00_202.50_,74_90_83_208_131_,200.00_199.50_199.00_198.50_198.00_,29_44_123_82_53_
10:52:28,200.50,1,2366,200.50_201.00_201.50_202.00_202.50_,73_90_83_208_131_,200.00_199.50_199.00_198.50_198.00_,29_44_123_82_53_
10:52:33,200.50,1,2366,200.50_201.00_201.50_202.00_202.50_,73_90_83_208_131_,200.00_199.50_199.00_198.50_198.00_,29_44_123_81_53_
10:52:38,200.00,1,2367,200.50_201.00_201.50_202.00_202.50_,72_90_83_208_131_,200.00_199.50_199.00_198.50_198.00_,28_44_123_81_53_
10:52:43,200.00,1,2367,200.50_201.00_201.50_202.00_202.50_,73_90_83_208_131_,200.00_199.50_199.00_198.50_198.00_,28_44_123_81_53_
10:52:48,200.50,1,2368,200.50_201.00_201.50_202.00_202.50_,73_90_83_208_131_,200.00_199.50_199.00_198.50_198.00_,28_44_123_81_53_
10:52:59,200.50,1,2368,200.50_201.00_201.50_202.00_202.50_,72_90_83_208_131_,200.00_199.50_199.00_198.50_198.00_,28_44_123_81_53_
10:53:04,200.00,2,2370,200.50_201.00_201.50_202.00_202.50_,72_90_83_208_131_,200.00_199.50_199.00_198.50_198.00_,26_44_123_81_53_
10:53:09,200.00,2,2370,200.50_201.00_201.50_202.00_202.50_,72_90_83_208_131_,200.00_199.50_199.00_198.50_198.00_,26_45_123_81_53_
10:53:19,200.00,2,2370,200.50_201.00_201.50_202.00_202.50_,72_90_83_208_130_,200.00_199.50_199.00_198.50_198.00_,26_45_123_81_53_
10:53:24,200.50,1,2371,200.50_201.00_201.50_202.00_202.50_,71_90_83_208_130_,200.00_199.50_199.00_198.50_198.00_,26_45_123_81_53_
10:53:29,200.50,1,2372,200.50_201.00_201.50_202.00_202.50_,70_90_83_208_130_,200.00_199.50_199.00_198.50_198.00_,25_45_123_81_53_
10:53:40,200.50,1,2372,200.50_201.00_201.50_202.00_202.50_,100_90_83_208_130_,200.00_199.50_199.00_198.50_198.00_,25_45_123_81_53_
10:53:45,200.00,1,2373,200.50_201.00_201.50_202.00_202.50_,101_89_82_208_130_,200.00_199.50_199.00_198.50_198.00_,25_45_123_81_53_
10:53:50,200.00,1,2374,200.50_201.00_201.50_202.00_202.50_,101_89_82_208_130_,200.00_199.50_199.00_198.50_198.00_,24_45_123_81_53_
10:53:55,200.00,1,2374,200.50_201.00_201.50_202.00_202.50_,101_89_82_208_130_,200.00_199.50_199.00_198.50_198.00_,25_45_123_81_53_
10:54:00,200.00,1,2374,200.50_201.00_201.50_202.00_202.50_,96_89_82_208_130_,200.00_199.50_199.00_198.50_198.00_,25_44_123_81_53_
10:54:10,200.50,1,2375,200.50_201.00_201.50_202.00_202.50_,95_89_82_208_130_,200.00_199.50_199.00_198.50_198.00_,25_44_123_81_53_
10:54:16,200.50,1,2375,200.50_201.00_201.50_202.00_202.50_,95_89_81_208_130_,200.00_199.50_199.00_198.50_198.00_,25_44_123_81_53_
10:54:21,200.50,1,2375,200.50_201.00_201.50_202.00_202.50_,90_89_81_208_130_,200.00_199.50_199.00_198.50_198.00_,25_44_123_81_53_
10:54:26,200.50,1,2375,200.50_201.00_201.50_202.00_202.50_,89_89_81_208_130_,200.00_199.50_199.00_198.50_198.00_,25_44_123_81_53_
10:54:31,200.00,2,2377,200.50_201.00_201.50_202.00_202.50_,88_89_81_208_128_,200.00_199.50_199.00_198.50_198.00_,23_44_123_81_53_
10:54:41,200.00,2,2377,200.50_201.00_201.50_202.00_202.50_,85_89_81_208_128_,200.00_199.50_199.00_198.50_198.00_,23_44_123_81_53_
10:54:46,200.50,1,2378,200.50_201.00_201.50_202.00_202.50_,84_89_81_208_128_,200.00_199.50_199.00_198.50_198.00_,23_44_123_81_53_
10:54:51,200.50,1,2379,200.50_201.00_201.50_202.00_202.50_,92_89_81_208_128_,200.00_199.50_199.00_198.50_198.00_,23_44_123_81_53_
10:54:57,200.50,1,2379,200.50_201.00_201.50_202.00_202.50_,88_89_81_208_128_,200.00_199.50_199.00_198.50_198.00_,23_44_123_81_53_
10:55:12,200.50,1,2379,200.50_201.00_201.50_202.00_202.50_,88_90_81_208_127_,200.00_199.50_199.00_198.50_198.00_,23_44_123_81_53_
10:55:17,200.50,1,2379,200.50_201.00_201.50_202.00_202.50_,78_91_81_208_127_,200.00_199.50_199.00_198.50_198.00_,23_44_123_81_53_
10:55:22,200.50,1,2379,200.50_201.00_201.50_202.00_202.50_,78_91_81_208_127_,200.00_199.50_199.00_198.50_198.00_,24_44_123_81_53_
10:55:27,200.50,2,2381,200.50_201.00_201.50_202.00_202.50_,77_91_81_208_127_,200.00_199.50_199.00_198.50_198.00_,24_44_123_80_53_
10:55:43,200.50,2,2381,200.50_201.00_201.50_202.00_202.50_,78_91_81_208_127_,200.00_199.50_199.00_198.50_198.00_,24_44_123_80_53_
10:55:53,200.50,2,2381,200.50_201.00_201.50_202.00_202.50_,79_91_81_207_127_,200.00_199.50_199.00_198.50_198.00_,24_44_123_80_53_
10:56:03,200.50,2,2381,200.50_201.00_201.50_202.00_202.50_,79_91_81_207_127_,200.00_199.50_199.00_198.50_198.00_,24_44_122_80_53_
10:56:08,200.50,1,2382,200.50_201.00_201.50_202.00_202.50_,79_91_81_207_127_,200.00_199.50_199.00_198.50_198.00_,27_44_122_80_53_
10:56:14,200.50,1,2382,200.50_201.00_201.50_202.00_202.50_,80_91_81_207_127_,200.00_199.50_199.00_198.50_198.00_,27_44_122_80_53_
10:56:19,200.50,1,2382,200.50_201.00_201.50_202.00_202.50_,80_92_81_207_127_,200.00_199.50_199.00_198.50_198.00_,27_44_122_80_53_
10:56:24,200.50,1,2382,200.50_201.00_201.50_202.00_202.50_,80_92_81_208_127_,200.00_199.50_199.00_198.50_198.00_,27_44_122_80_53_
10:56:29,200.50,1,2382,200.50_201.00_201.50_202.00_202.50_,81_91_81_208_127_,200.00_199.50_199.00_198.50_198.00_,28_44_122_80_53_
10:56:44,200.50,1,2383,200.50_201.00_201.50_202.00_202.50_,80_91_81_208_127_,200.00_199.50_199.00_198.50_198.00_,28_44_122_80_53_
10:56:49,200.50,1,2383,200.50_201.00_201.50_202.00_202.50_,80_95_81_208_127_,200.00_199.50_199.00_198.50_198.00_,28_44_122_80_53_
10:56:54,200.50,1,2383,200.50_201.00_201.50_202.00_202.50_,80_95_81_208_127_,200.00_199.50_199.00_198.50_198.00_,28_44_124_80_53_
10:57:05,200.50,1,2383,200.50_201.00_201.50_202.00_202.50_,80_95_81_208_127_,200.00_199.50_199.00_198.50_198.00_,29_44_124_80_53_
10:57:10,200.00,1,2384,200.50_201.00_201.50_202.00_202.50_,80_95_81_208_127_,200.00_199.50_199.00_198.50_198.00_,28_44_124_80_53_
10:57:25,200.00,5,2389,200.50_201.00_201.50_202.00_202.50_,80_95_81_208_127_,200.00_199.50_199.00_198.50_198.00_,24_44_124_80_53_
10:57:41,200.00,5,2389,200.50_201.00_201.50_202.00_202.50_,80_95_81_208_127_,200.00_199.50_199.00_198.50_198.00_,25_44_124_80_53_
10:58:01,200.50,1,2390,200.50_201.00_201.50_202.00_202.50_,79_95_81_208_127_,200.00_199.50_199.00_198.50_198.00_,26_44_124_80_53_
10:58:22,200.50,1,2390,200.50_201.00_201.50_202.00_202.50_,79_95_81_208_127_,200.00_199.50_199.00_198.50_198.00_,27_44_124_80_53_
10:58:27,200.50,1,2390,200.50_201.00_201.50_202.00_202.50_,79_95_81_208_127_,200.00_199.50_199.00_198.50_198.00_,28_44_124_80_53_
10:58:32,200.50,1,2390,200.50_201.00_201.50_202.00_202.50_,79_95_81_208_127_,200.00_199.50_199.00_198.50_198.00_,29_43_124_80_53_
10:58:37,200.00,2,2392,200.50_201.00_201.50_202.00_202.50_,79_95_81_208_128_,200.00_199.50_199.00_198.50_198.00_,27_43_124_80_53_
10:58:42,200.50,1,2393,200.50_201.00_201.50_202.00_202.50_,78_95_81_208_128_,200.00_199.50_199.00_198.50_198.00_,27_43_124_80_53_
10:58:57,200.50,1,2393,200.50_201.00_201.50_202.00_202.50_,82_95_81_208_128_,200.00_199.50_199.00_198.50_198.00_,27_43_124_80_53_
10:59:03,200.50,1,2393,200.50_201.00_201.50_202.00_202.50_,82_95_81_208_128_,200.00_199.50_199.00_198.50_198.00_,27_43_124_83_53_
10:59:18,200.00,3,2396,200.50_201.00_201.50_202.00_202.50_,82_95_81_208_128_,200.00_199.50_199.00_198.50_198.00_,24_44_124_83_53_
10:59:23,200.50,1,2397,200.50_201.00_201.50_202.00_202.50_,81_95_81_208_128_,200.00_199.50_199.00_198.50_198.00_,24_44_124_83_53_
10:59:28,200.50,1,2397,200.50_201.00_201.50_202.00_202.50_,82_95_81_208_128_,200.00_199.50_199.00_198.50_198.00_,24_44_124_83_53_
10:59:33,200.00,2,2399,200.50_201.00_201.50_202.00_202.50_,82_95_83_208_128_,200.00_199.50_199.00_198.50_198.00_,22_44_124_83_53_
10:59:38,200.00,2,2399,200.50_201.00_201.50_202.00_202.50_,82_95_83_208_128_,200.00_199.50_199.00_198.50_198.00_,21_44_124_83_53_
10:59:43,200.00,2,2399,200.50_201.00_201.50_202.00_202.50_,83_95_83_208_128_,200.00_199.50_199.00_198.50_198.00_,21_44_124_83_53_
10:59:54,200.00,2,2399,200.50_201.00_201.50_202.00_202.50_,93_95_83_208_128_,200.00_199.50_199.00_198.50_198.00_,21_44_124_83_53_
10:59:59,200.00,1,2400,200.50_201.00_201.50_202.00_202.50_,93_94_83_208_128_,200.00_199.50_199.00_198.50_198.00_,21_44_124_83_53_
11:00:14,200.00,1,2400,200.50_201.00_201.50_202.00_202.50_,94_94_83_208_128_,200.00_199.50_199.00_198.50_198.00_,21_44_124_83_53_
11:00:19,200.00,2,2402,200.50_201.00_201.50_202.00_202.50_,94_94_83_208_128_,200.00_199.50_199.00_198.50_198.00_,19_44_124_83_53_
11:00:24,200.00,2,2402,200.50_201.00_201.50_202.00_202.50_,96_94_83_208_128_,200.00_199.50_199.00_198.50_198.00_,19_44_124_83_53_
11:00:30,200.00,9,2411,200.50_201.00_201.50_202.00_202.50_,96_94_83_208_128_,200.00_199.50_199.00_198.50_198.00_,7_43_124_83_53_
11:00:35,200.00,7,2418,200.00_200.50_201.00_201.50_202.00_,2_96_95_83_208_,199.50_199.00_198.50_198.00_197.50_,43_124_86_53_39_
11:00:40,200.00,1,2419,200.00_200.50_201.00_201.50_202.00_,38_56_104_72_208_,199.50_199.00_198.50_198.00_197.50_,43_124_64_75_39_
11:00:45,200.00,1,2419,200.00_200.50_201.00_201.50_202.00_,52_55_104_72_208_,199.50_199.00_198.50_198.00_197.50_,43_124_64_75_39_
11:00:55,200.00,1,2420,200.00_200.50_201.00_201.50_202.00_,51_60_104_72_208_,199.50_199.00_198.50_198.00_197.50_,44_124_64_75_39_
11:01:00,200.00,1,2420,200.00_200.50_201.00_201.50_202.00_,52_60_104_72_208_,199.50_199.00_198.50_198.00_197.50_,44_124_65_75_39_
11:01:05,200.00,1,2420,200.00_200.50_201.00_201.50_202.00_,53_60_104_73_208_,199.50_199.00_198.50_198.00_197.50_,44_124_65_75_39_
11:01:16,200.00,1,2421,200.00_200.50_201.00_201.50_202.00_,52_60_104_73_208_,199.50_199.00_198.50_198.00_197.50_,44_124_65_75_39_
11:01:21,200.00,1,2421,200.00_200.50_201.00_201.50_202.00_,52_59_104_73_208_,199.50_199.00_198.50_198.00_197.50_,44_124_64_75_39_
11:01:26,200.00,1,2421,200.00_200.50_201.00_201.50_202.00_,61_51_96_73_208_,199.50_199.00_198.50_198.00_197.50_,44_124_65_75_39_
11:01:31,200.00,1,2421,200.00_200.50_201.00_201.50_202.00_,61_51_97_73_208_,199.50_199.00_198.50_198.00_197.50_,44_124_65_75_39_
11:01:36,199.50,2,2423,200.00_200.50_201.00_201.50_202.00_,61_51_97_73_208_,199.50_199.00_198.50_198.00_197.50_,42_124_65_75_39_
11:01:41,200.00,1,2424,200.00_200.50_201.00_201.50_202.00_,59_51_97_73_208_,199.50_199.00_198.50_198.00_197.50_,42_124_65_75_39_
11:01:47,200.00,1,2424,200.00_200.50_201.00_201.50_202.00_,60_51_97_73_208_,199.50_199.00_198.50_198.00_197.50_,42_124_65_75_39_
11:01:52,200.00,1,2424,200.00_200.50_201.00_201.50_202.00_,59_51_97_73_208_,199.50_199.00_198.50_198.00_197.50_,42_124_64_75_39_
11:01:57,200.00,1,2425,200.00_200.50_201.00_201.50_202.00_,58_51_97_73_208_,199.50_199.00_198.50_198.00_197.50_,43_124_65_75_39_
11:02:02,199.50,2,2427,200.00_200.50_201.00_201.50_202.00_,60_49_97_73_213_,199.50_199.00_198.50_198.00_197.50_,42_123_65_75_39_
11:02:12,200.00,2,2429,200.00_200.50_201.00_201.50_202.00_,57_49_97_73_213_,199.50_199.00_198.50_198.00_197.50_,42_123_65_75_39_
11:02:17,200.00,2,2429,200.00_200.50_201.00_201.50_202.00_,57_50_98_73_213_,199.50_199.00_198.50_198.00_197.50_,32_123_65_75_39_
11:02:33,199.50,2,2431,200.00_200.50_201.00_201.50_202.00_,53_50_98_73_213_,199.50_199.00_198.50_198.00_197.50_,30_123_64_75_39_
11:02:38,200.00,1,2432,200.00_200.50_201.00_201.50_202.00_,52_50_98_73_213_,199.50_199.00_198.50_198.00_197.50_,30_123_64_75_39_
11:02:43,200.00,1,2432,200.00_200.50_201.00_201.50_202.00_,52_50_98_73_213_,199.50_199.00_198.50_198.00_197.50_,31_123_64_75_39_
11:02:48,200.00,1,2432,200.00_200.50_201.00_201.50_202.00_,52_50_98_73_212_,199.50_199.00_198.50_198.00_197.50_,31_123_64_75_39_
11:03:04,200.00,1,2432,200.00_200.50_201.00_201.50_202.00_,52_50_98_73_212_,199.50_199.00_198.50_198.00_197.50_,31_123_65_75_39_
11:03:14,200.00,1,2433,200.00_200.50_201.00_201.50_202.00_,51_49_99_73_212_,199.50_199.00_198.50_198.00_197.50_,31_123_65_75_39_
11:03:24,200.00,1,2433,200.00_200.50_201.00_201.50_202.00_,53_49_99_73_212_,199.50_199.00_198.50_198.00_197.50_,32_123_65_75_39_
11:03:29,200.00,1,2433,200.00_200.50_201.00_201.50_202.00_,50_49_99_73_212_,199.50_199.00_198.50_198.00_197.50_,34_123_64_75_39_
11:03:50,200.00,1,2433,200.00_200.50_201.00_201.50_202.00_,50_49_98_73_212_,199.50_199.00_198.50_198.00_197.50_,34_123_64_75_39_
11:03:55,200.00,1,2434,200.00_200.50_201.00_201.50_202.00_,49_49_98_73_212_,199.50_199.00_198.50_198.00_197.50_,34_123_64_75_39_
11:04:00,200.00,1,2434,200.00_200.50_201.00_201.50_202.00_,49_50_98_73_212_,199.50_199.00_198.50_198.00_197.50_,34_123_64_75_39_
11:04:05,200.00,1,2434,200.00_200.50_201.00_201.50_202.00_,49_50_98_73_213_,199.50_199.00_198.50_198.00_197.50_,34_124_64_75_39_
11:04:10,200.00,1,2434,200.00_200.50_201.00_201.50_202.00_,48_50_98_74_213_,199.50_199.00_198.50_198.00_197.50_,34_124_64_75_39_
11:04:31,200.00,1,2434,200.00_200.50_201.00_201.50_202.00_,50_50_98_74_213_,199.50_199.00_198.50_198.00_197.50_,34_124_64_75_39_
11:04:36,200.00,1,2435,200.00_200.50_201.00_201.50_202.00_,48_52_98_74_213_,199.50_199.00_198.50_198.00_197.50_,34_125_64_75_39_
11:04:41,200.00,1,2435,200.00_200.50_201.00_201.50_202.00_,47_52_98_74_213_,199.50_199.00_198.50_198.00_197.50_,34_125_64_75_39_
11:04:56,200.00,1,2435,200.00_200.50_201.00_201.50_202.00_,47_52_98_74_213_,199.50_199.00_198.50_198.00_197.50_,36_125_64_75_39_
11:05:01,200.00,1,2435,200.00_200.50_201.00_201.50_202.00_,46_52_98_74_213_,199.50_199.00_198.50_198.00_197.50_,41_125_64_75_39_
11:05:06,200.00,1,2435,200.00_200.50_201.00_201.50_202.00_,46_52_99_74_213_,199.50_199.00_198.50_198.00_197.50_,41_125_64_75_39_
11:05:12,200.00,1,2436,200.00_200.50_201.00_201.50_202.00_,46_52_99_74_209_,199.50_199.00_198.50_198.00_197.50_,41_126_64_75_39_
11:05:17,200.00,1,2436,200.00_200.50_201.00_201.50_202.00_,46_53_99_74_209_,199.50_199.00_198.50_198.00_197.50_,42_126_65_75_39_
11:05:22,200.00,1,2436,200.00_200.50_201.00_201.50_202.00_,48_53_99_74_209_,199.50_199.00_198.50_198.00_197.50_,42_124_65_75_39_
11:05:27,200.00,1,2436,200.00_200.50_201.00_201.50_202.00_,40_54_98_74_209_,199.50_199.00_198.50_198.00_197.50_,42_123_65_75_39_
11:05:32,200.00,1,2436,200.00_200.50_201.00_201.50_202.00_,48_54_98_74_209_,199.50_199.00_198.50_198.00_197.50_,42_123_65_75_39_
11:05:37,200.00,1,2436,200.00_200.50_201.00_201.50_202.00_,50_54_98_78_209_,199.50_199.00_198.50_198.00_197.50_,42_123_65_75_39_
11:05:53,200.00,1,2437,200.00_200.50_201.00_201.50_202.00_,49_54_98_78_209_,199.50_199.00_198.50_198.00_197.50_,42_123_65_75_39_
11:05:58,200.00,1,2437,200.00_200.50_201.00_201.50_202.00_,49_54_98_78_209_,199.50_199.00_198.50_198.00_197.50_,41_124_65_75_39_
11:06:03,200.00,1,2437,200.00_200.50_201.00_201.50_202.00_,49_54_98_78_205_,199.50_199.00_198.50_198.00_197.50_,42_123_65_75_39_
11:06:08,200.00,1,2437,200.00_200.50_201.00_201.50_202.00_,50_54_99_78_205_,199.50_199.00_198.50_198.00_197.50_,42_123_65_75_39_
11:06:13,200.00,1,2437,200.00_200.50_201.00_201.50_202.00_,50_54_99_78_205_,199.50_199.00_198.50_198.00_197.50_,43_123_65_75_39_
11:06:18,200.00,1,2437,200.00_200.50_201.00_201.50_202.00_,50_54_99_78_205_,199.50_199.00_198.50_198.00_197.50_,43_124_65_75_39_
11:06:23,200.00,1,2437,200.00_200.50_201.00_201.50_202.00_,50_54_99_82_205_,199.50_199.00_198.50_198.00_197.50_,43_124_65_75_39_
11:06:28,200.00,1,2437,200.00_200.50_201.00_201.50_202.00_,51_54_99_82_205_,199.50_199.00_198.50_198.00_197.50_,43_125_65_75_39_
11:06:33,200.00,1,2438,200.00_200.50_201.00_201.50_202.00_,50_53_108_82_205_,199.50_199.00_198.50_198.00_197.50_,43_125_65_75_39_
11:06:49,200.00,1,2438,200.00_200.50_201.00_201.50_202.00_,51_55_108_83_205_,199.50_199.00_198.50_198.00_197.50_,43_125_65_75_39_
11:06:54,200.00,1,2438,200.00_200.50_201.00_201.50_202.00_,52_55_108_83_205_,199.50_199.00_198.50_198.00_197.50_,43_124_65_75_39_
11:06:59,200.00,1,2438,200.00_200.50_201.00_201.50_202.00_,52_55_108_83_206_,199.50_199.00_198.50_198.00_197.50_,43_124_65_75_39_
11:07:09,200.00,1,2439,200.00_200.50_201.00_201.50_202.00_,51_55_108_83_206_,199.50_199.00_198.50_198.00_197.50_,43_124_65_75_39_
11:07:14,199.50,1,2440,200.00_200.50_201.00_201.50_202.00_,51_55_108_83_206_,199.50_199.00_198.50_198.00_197.50_,42_124_65_75_39_
11:07:20,200.00,1,2441,200.00_200.50_201.00_201.50_202.00_,50_54_108_83_206_,199.50_199.00_198.50_198.00_197.50_,42_125_65_75_39_
11:07:25,199.50,1,2442,200.00_200.50_201.00_201.50_202.00_,50_54_108_83_206_,199.50_199.00_198.50_198.00_197.50_,40_125_65_75_39_
11:07:40,199.50,1,2443,200.00_200.50_201.00_201.50_202.00_,50_54_108_83_206_,199.50_199.00_198.50_198.00_197.50_,39_125_65_75_39_
11:07:45,199.50,1,2444,200.00_200.50_201.00_201.50_202.00_,50_54_108_83_206_,199.50_199.00_198.50_198.00_197.50_,38_125_65_75_39_
11:07:50,200.00,1,2445,200.00_200.50_201.00_201.50_202.00_,49_54_108_83_206_,199.50_199.00_198.50_198.00_197.50_,38_125_65_75_39_
11:07:55,200.00,1,2445,200.00_200.50_201.00_201.50_202.00_,49_54_108_83_206_,199.50_199.00_198.50_198.00_197.50_,38_126_65_75_39_
11:08:00,199.50,1,2446,200.00_200.50_201.00_201.50_202.00_,49_54_108_83_206_,199.50_199.00_198.50_198.00_197.50_,38_124_64_75_39_
11:08:06,199.50,1,2446,200.00_200.50_201.00_201.50_202.00_,55_54_108_83_206_,199.50_199.00_198.50_198.00_197.50_,36_124_64_75_39_
11:08:11,199.50,1,2446,200.00_200.50_201.00_201.50_202.00_,55_54_108_83_206_,199.50_199.00_198.50_198.00_197.50_,36_126_64_75_39_
11:08:16,199.50,1,2446,200.00_200.50_201.00_201.50_202.00_,55_54_108_83_206_,199.50_199.00_198.50_198.00_197.50_,37_126_64_75_39_
11:08:21,199.50,1,2447,200.00_200.50_201.00_201.50_202.00_,55_54_108_83_206_,199.50_199.00_198.50_198.00_197.50_,36_126_64_75_39_
11:08:26,200.00,1,2448,200.00_200.50_201.00_201.50_202.00_,54_54_108_83_206_,199.50_199.00_198.50_198.00_197.50_,36_127_64_74_39_
11:08:36,200.00,1,2448,200.00_200.50_201.00_201.50_202.00_,54_54_108_83_206_,199.50_199.00_198.50_198.00_197.50_,56_127_64_74_39_
11:08:41,200.00,1,2449,200.00_200.50_201.00_201.50_202.00_,54_54_109_83_206_,199.50_199.00_198.50_198.00_197.50_,58_126_64_74_39_
11:08:57,200.00,1,2449,200.00_200.50_201.00_201.50_202.00_,56_54_109_83_206_,199.50_199.00_198.50_198.00_197.50_,58_126_64_74_39_
11:09:02,199.50,1,2450,200.00_200.50_201.00_201.50_202.00_,57_54_109_83_206_,199.50_199.00_198.50_198.00_197.50_,58_127_64_74_39_
11:09:07,200.00,1,2451,200.00_200.50_201.00_201.50_202.00_,56_54_109_83_206_,199.50_199.00_198.50_198.00_197.50_,57_125_64_74_39_
11:09:22,199.50,1,2452,200.00_200.50_201.00_201.50_202.00_,56_54_109_83_206_,199.50_199.00_198.50_198.00_197.50_,56_125_64_74_39_
11:09:27,199.50,1,2452,200.00_200.50_201.00_201.50_202.00_,57_54_109_83_206_,199.50_199.00_198.50_198.00_197.50_,56_125_64_74_39_
11:09:33,199.50,1,2452,200.00_200.50_201.00_201.50_202.00_,57_54_109_83_206_,199.50_199.00_198.50_198.00_197.50_,57_125_65_72_39_
11:09:38,199.50,1,2452,200.00_200.50_201.00_201.50_202.00_,57_54_109_88_206_,199.50_199.00_198.50_198.00_197.50_,59_125_65_72_40_
11:09:43,199.50,1,2453,200.00_200.50_201.00_201.50_202.00_,57_54_109_88_206_,199.50_199.00_198.50_198.00_197.50_,57_125_65_72_40_
11:09:48,200.00,1,2454,200.00_200.50_201.00_201.50_202.00_,56_54_109_88_206_,199.50_199.00_198.50_198.00_197.50_,57_125_65_72_40_
11:10:03,199.50,1,2455,200.00_200.50_201.00_201.50_202.00_,56_54_110_89_206_,199.50_199.00_198.50_198.00_197.50_,56_125_65_72_40_
11:10:13,199.50,1,2455,200.00_200.50_201.00_201.50_202.00_,56_55_110_89_206_,199.50_199.00_198.50_198.00_197.50_,56_125_65_72_40_
11:10:19,199.50,1,2455,200.00_200.50_201.00_201.50_202.00_,56_55_110_89_206_,199.50_199.00_198.50_198.00_197.50_,56_126_65_72_40_
11:10:24,199.50,1,2456,200.00_200.50_201.00_201.50_202.00_,48_55_110_89_206_,199.50_199.00_198.50_198.00_197.50_,56_126_65_72_40_
11:10:29,199.50,1,2456,200.00_200.50_201.00_201.50_202.00_,48_55_110_89_206_,199.50_199.00_198.50_198.00_197.50_,56_127_65_72_40_
11:10:34,199.50,1,2456,200.00_200.50_201.00_201.50_202.00_,56_55_110_89_206_,199.50_199.00_198.50_198.00_197.50_,57_127_65_72_40_
11:10:44,199.50,1,2457,200.00_200.50_201.00_201.50_202.00_,56_55_110_89_206_,199.50_199.00_198.50_198.00_197.50_,56_127_65_72_40_
11:10:49,199.50,1,2457,200.00_200.50_201.00_201.50_202.00_,56_55_110_89_206_,199.50_199.00_198.50_198.00_197.50_,56_128_65_72_40_
11:10:54,199.50,10,2467,200.00_200.50_201.00_201.50_202.00_,56_55_110_89_206_,199.50_199.00_198.50_198.00_197.50_,46_128_65_72_40_
11:11:00,199.50,1,2468,200.00_200.50_201.00_201.50_202.00_,56_54_111_89_207_,199.50_199.00_198.50_198.00_197.50_,43_126_65_72_40_
11:11:05,200.00,1,2469,200.00_200.50_201.00_201.50_202.00_,55_54_111_89_207_,199.50_199.00_198.50_198.00_197.50_,43_126_65_72_40_
11:11:20,199.50,1,2470,200.00_200.50_201.00_201.50_202.00_,55_54_111_89_207_,199.50_199.00_198.50_198.00_197.50_,42_126_65_72_40_
11:11:25,199.50,1,2470,200.00_200.50_201.00_201.50_202.00_,55_54_112_89_207_,199.50_199.00_198.50_198.00_197.50_,42_126_65_72_40_
11:11:30,199.50,1,2470,200.00_200.50_201.00_201.50_202.00_,55_54_111_89_208_,199.50_199.00_198.50_198.00_197.50_,38_127_65_72_40_
11:11:36,199.50,2,2472,200.00_200.50_201.00_201.50_202.00_,55_54_111_89_208_,199.50_199.00_198.50_198.00_197.50_,36_127_65_72_40_
11:11:41,199.50,1,2473,200.00_200.50_201.00_201.50_202.00_,55_54_112_89_208_,199.50_199.00_198.50_198.00_197.50_,33_127_65_72_40_
11:11:46,200.00,1,2474,200.00_200.50_201.00_201.50_202.00_,55_54_112_89_208_,199.50_199.00_198.50_198.00_197.50_,33_126_65_72_40_
11:11:51,199.50,2,2476,200.00_200.50_201.00_201.50_202.00_,55_54_112_89_208_,199.50_199.00_198.50_198.00_197.50_,32_126_65_72_42_
11:11:56,199.50,2,2476,200.00_200.50_201.00_201.50_202.00_,56_54_112_89_208_,199.50_199.00_198.50_198.00_197.50_,32_126_65_72_42_
11:12:01,199.50,1,2477,200.00_200.50_201.00_201.50_202.00_,56_54_112_89_208_,199.50_199.00_198.50_198.00_197.50_,32_126_65_72_42_
11:12:06,199.50,1,2477,200.00_200.50_201.00_201.50_202.00_,57_54_112_89_208_,199.50_199.00_198.50_198.00_197.50_,33_126_64_71_42_
11:12:11,199.50,1,2477,200.00_200.50_201.00_201.50_202.00_,57_54_112_89_208_,199.50_199.00_198.50_198.00_197.50_,33_127_64_71_42_
11:12:17,199.50,1,2477,200.00_200.50_201.00_201.50_202.00_,57_54_112_84_208_,199.50_199.00_198.50_198.00_197.50_,33_127_64_71_43_
11:12:22,199.50,1,2478,200.00_200.50_201.00_201.50_202.00_,57_54_112_84_208_,199.50_199.00_198.50_198.00_197.50_,33_127_64_71_43_
11:12:27,199.50,1,2478,200.00_200.50_201.00_201.50_202.00_,62_54_113_84_208_,199.50_199.00_198.50_198.00_197.50_,33_127_64_71_43_
11:12:32,199.50,5,2483,200.00_200.50_201.00_201.50_202.00_,62_54_113_84_208_,199.50_199.00_198.50_198.00_197.50_,27_127_64_71_43_
11:12:37,199.50,3,2486,200.00_200.50_201.00_201.50_202.00_,62_54_113_84_208_,199.50_199.00_198.50_198.00_197.50_,24_127_64_71_43_
11:12:42,199.50,6,2492,200.00_200.50_201.00_201.50_202.00_,62_54_113_84_208_,199.50_199.00_198.50_198.00_197.50_,18_127_64_71_43_
11:12:47,199.50,14,2506,200.00_200.50_201.00_201.50_202.00_,62_54_113_84_208_,199.50_199.00_198.50_198.00_197.50_,4_128_64_71_43_
11:12:52,199.50,4,2510,199.50_200.00_200.50_201.00_201.50_,4_61_54_113_84_,199.00_198.50_198.00_197.50_197.00_,128_64_71_43_58_
11:12:58,199.50,4,2510,199.50_200.00_200.50_201.00_201.50_,17_34_65_102_84_,199.00_198.50_198.00_197.50_197.00_,128_64_49_65_58_
11:13:03,199.50,1,2511,199.50_200.00_200.50_201.00_201.50_,34_36_63_102_84_,199.00_198.50_198.00_197.50_197.00_,128_64_49_65_58_
11:13:08,199.50,1,2511,199.50_200.00_200.50_201.00_201.50_,35_36_63_102_84_,199.00_198.50_198.00_197.50_197.00_,127_64_49_65_58_
11:13:13,199.50,1,2512,199.50_200.00_200.50_201.00_201.50_,34_36_63_102_84_,199.00_198.50_198.00_197.50_197.00_,127_64_49_65_58_
11:13:18,199.50,1,2512,199.50_200.00_200.50_201.00_201.50_,34_36_63_102_84_,199.00_198.50_198.00_197.50_197.00_,128_64_49_65_58_
11:13:23,199.50,1,2513,199.50_200.00_200.50_201.00_201.50_,35_36_63_102_84_,199.00_198.50_198.00_197.50_197.00_,128_64_49_65_58_
11:13:28,199.50,1,2513,199.50_200.00_200.50_201.00_201.50_,34_36_63_102_84_,199.00_198.50_198.00_197.50_197.00_,129_64_49_65_58_
11:13:34,199.50,1,2513,199.50_200.00_200.50_201.00_201.50_,32_37_63_102_84_,199.00_198.50_198.00_197.50_197.00_,129_64_49_65_58_
11:13:39,199.50,1,2513,199.50_200.00_200.50_201.00_201.50_,32_37_63_102_84_,199.00_198.50_198.00_197.50_197.00_,125_64_49_65_58_
11:13:44,199.50,1,2514,199.50_200.00_200.50_201.00_201.50_,32_37_63_102_84_,199.00_198.50_198.00_197.50_197.00_,125_64_49_65_58_
11:13:49,199.50,22,2536,199.50_200.00_200.50_201.00_201.50_,10_40_63_102_84_,199.00_198.50_198.00_197.50_197.00_,104_64_49_65_58_
11:13:54,199.50,1,2537,199.50_200.00_200.50_201.00_201.50_,10_40_63_102_84_,199.00_198.50_198.00_197.50_197.00_,83_64_50_65_58_
11:13:59,199.50,10,2547,200.00_200.50_201.00_201.50_202.00_,40_63_102_84_209_,199.50_199.00_198.50_198.00_197.50_,17_83_64_50_65_
11:14:04,199.50,1,2548,200.00_200.50_201.00_201.50_202.00_,40_52_113_75_199_,199.50_199.00_198.50_198.00_197.50_,17_83_65_71_43_
11:14:09,200.00,1,2549,200.00_200.50_201.00_201.50_202.00_,42_52_113_74_199_,199.50_199.00_198.50_198.00_197.50_,17_83_65_71_43_
11:14:15,199.50,1,2550,200.00_200.50_201.00_201.50_202.00_,42_52_113_74_199_,199.50_199.00_198.50_198.00_197.50_,16_85_64_71_42_
11:14:20,200.00,1,2551,200.00_200.50_201.00_201.50_202.00_,41_52_113_74_199_,199.50_199.00_198.50_198.00_197.50_,16_85_64_71_42_
11:14:25,200.00,1,2551,200.00_200.50_201.00_201.50_202.00_,42_52_113_74_199_,199.50_199.00_198.50_198.00_197.50_,15_85_64_71_42_
11:14:30,200.00,1,2551,200.00_200.50_201.00_201.50_202.00_,42_52_114_74_199_,199.50_199.00_198.50_198.00_197.50_,18_85_64_71_42_
11:14:35,200.00,1,2551,200.00_200.50_201.00_201.50_202.00_,42_52_114_74_199_,199.50_199.00_198.50_198.00_197.50_,19_85_64_71_42_
11:14:40,200.00,1,2552,200.00_200.50_201.00_201.50_202.00_,42_43_114_74_199_,199.50_199.00_198.50_198.00_197.50_,16_84_64_71_42_
11:14:45,200.00,1,2552,200.00_200.50_201.00_201.50_202.00_,52_44_114_74_199_,199.50_199.00_198.50_198.00_197.50_,17_85_64_71_42_
11:14:50,200.00,1,2552,200.00_200.50_201.00_201.50_202.00_,52_44_115_74_197_,199.50_199.00_198.50_198.00_197.50_,17_85_64_71_42_
11:14:55,200.00,1,2552,200.00_200.50_201.00_201.50_202.00_,52_44_115_74_198_,199.50_199.00_198.50_198.00_197.50_,17_85_64_71_42_
11:15:01,199.50,15,2567,200.00_200.50_201.00_201.50_202.00_,52_44_115_74_198_,199.50_199.00_198.50_198.00_197.50_,3_85_64_71_42_
11:15:06,199.50,15,2567,200.00_200.50_201.00_201.50_202.00_,52_44_115_74_204_,199.50_199.00_198.50_198.00_197.50_,5_84_64_71_42_
11:15:11,199.50,5,2572,200.00_200.50_201.00_201.50_202.00_,54_44_115_74_204_,199.00_198.50_198.00_197.50_197.00_,84_64_71_42_60_
11:15:16,199.50,5,2572,200.00_200.50_201.00_201.50_202.00_,55_44_115_74_204_,199.00_198.50_198.00_197.50_197.00_,85_64_51_62_60_
11:15:26,199.50,5,2572,200.00_200.50_201.00_201.50_202.00_,55_44_115_74_204_,199.00_198.50_198.00_197.50_197.00_,84_64_51_62_60_
11:15:31,199.50,5,2572,200.00_200.50_201.00_201.50_202.00_,55_44_115_74_204_,199.00_198.50_198.00_197.50_197.00_,85_64_51_62_60_
11:15:36,200.00,1,2573,200.00_200.50_201.00_201.50_202.00_,54_44_115_74_204_,199.00_198.50_198.00_197.50_197.00_,85_65_51_62_60_
11:15:42,200.00,1,2573,200.00_200.50_201.00_201.50_202.00_,54_44_115_75_204_,199.50_199.00_198.50_198.00_197.50_,1_85_64_51_62_
11:15:47,200.00,1,2573,200.00_200.50_201.00_201.50_202.00_,54_44_115_75_204_,199.50_199.00_198.50_198.00_197.50_,1_86_64_71_42_
11:15:52,200.00,1,2573,200.00_200.50_201.00_201.50_202.00_,54_44_116_75_204_,199.50_199.00_198.50_198.00_197.50_,1_86_64_71_40_
11:15:57,200.00,1,2573,200.00_200.50_201.00_201.50_202.00_,53_44_116_75_204_,199.50_199.00_198.50_198.00_197.50_,3_86_65_71_40_
11:16:02,200.00,1,2573,200.00_200.50_201.00_201.50_202.00_,53_44_116_75_204_,199.50_199.00_198.50_198.00_197.50_,4_86_65_71_40_
11:16:07,199.50,4,2577,199.50_200.00_200.50_201.00_201.50_,9_53_44_116_75_,199.00_198.50_198.00_197.50_197.00_,86_64_71_40_60_
11:16:12,199.50,1,2578,199.50_200.00_200.50_201.00_201.50_,9_52_55_105_75_,199.00_198.50_198.00_197.50_197.00_,86_64_49_62_60_
11:16:17,199.50,1,2579,199.50_200.00_200.50_201.00_201.50_,8_52_55_105_75_,199.00_198.50_198.00_197.50_197.00_,88_64_49_62_60_
11:16:23,199.50,1,2580,199.50_200.00_200.50_201.00_201.50_,7_52_54_105_75_,199.00_198.50_198.00_197.50_197.00_,89_64_49_62_60_
11:16:28,199.50,1,2581,199.50_200.00_200.50_201.00_201.50_,6_52_54_105_75_,199.00_198.50_198.00_197.50_197.00_,89_64_49_62_60_
11:16:33,199.50,1,2582,199.50_200.00_200.50_201.00_201.50_,4_53_54_105_75_,199.00_198.50_198.00_197.50_197.00_,89_64_49_62_60_
11:16:38,199.50,1,2582,199.50_200.00_200.50_201.00_201.50_,4_53_54_105_78_,199.00_198.50_198.00_197.50_197.00_,89_65_49_62_60_
11:16:43,199.50,2,2584,199.50_200.00_200.50_201.00_201.50_,2_53_54_105_76_,199.00_198.50_198.00_197.50_197.00_,89_64_49_62_60_
11:16:53,199.50,2,2584,199.50_200.00_200.50_201.00_201.50_,2_55_54_105_76_,199.00_198.50_198.00_197.50_197.00_,89_64_49_62_60_
11:16:58,199.50,2,2586,200.00_200.50_201.00_201.50_202.00_,55_54_105_76_204_,199.00_198.50_198.00_197.50_197.00_,89_64_49_62_61_
11:17:04,199.50,2,2586,200.00_200.50_201.00_201.50_202.00_,55_43_116_76_204_,199.50_199.00_198.50_198.00_197.50_,1_89_65_51_60_
11:17:09,199.50,2,2586,200.00_200.50_201.00_201.50_202.00_,55_43_116_76_204_,199.50_199.00_198.50_198.00_197.50_,4_88_64_71_40_
11:17:14,199.50,2,2586,200.00_200.50_201.00_201.50_202.00_,55_43_116_76_204_,199.50_199.00_198.50_198.00_197.50_,4_89_64_71_40_
11:17:19,199.50,2,2586,200.00_200.50_201.00_201.50_202.00_,55_43_116_76_204_,199.50_199.00_198.50_198.00_197.50_,4_90_64_71_40_
11:17:24,199.50,2,2586,200.00_200.50_201.00_201.50_202.00_,56_43_116_76_204_,199.50_199.00_198.50_198.00_197.50_,4_89_64_71_40_
11:17:34,199.50,5,2591,199.50_200.00_200.50_201.00_201.50_,6_57_43_116_76_,199.00_198.50_198.00_197.50_197.00_,89_64_71_40_61_
11:17:39,199.50,5,2591,199.50_200.00_200.50_201.00_201.50_,7_56_54_105_76_,199.00_198.50_198.00_197.50_197.00_,88_64_49_62_61_
11:17:45,199.50,5,2591,199.50_200.00_200.50_201.00_201.50_,7_55_54_105_76_,199.00_198.50_198.00_197.50_197.00_,88_64_49_62_61_
11:17:50,199.50,5,2591,199.50_200.00_200.50_201.00_201.50_,8_55_54_105_76_,199.00_198.50_198.00_197.50_197.00_,88_64_49_62_61_
11:17:55,199.50,5,2591,199.50_200.00_200.50_201.00_201.50_,8_55_54_105_76_,199.00_198.50_198.00_197.50_197.00_,89_65_49_62_61_
11:18:00,199.50,2,2593,199.50_200.00_200.50_201.00_201.50_,6_55_54_105_76_,199.00_198.50_198.00_197.50_197.00_,89_64_49_62_61_
11:18:05,199.50,1,2594,199.50_200.00_200.50_201.00_201.50_,4_66_54_105_76_,199.00_198.50_198.00_197.50_197.00_,89_64_49_62_61_
11:18:15,199.50,1,2595,199.50_200.00_200.50_201.00_201.50_,3_66_54_105_76_,199.00_198.50_198.00_197.50_197.00_,89_64_52_62_61_
11:18:20,199.50,1,2596,199.50_200.00_200.50_201.00_201.50_,2_66_54_105_76_,199.00_198.50_198.00_197.50_197.00_,89_64_52_62_61_
11:18:26,199.50,1,2596,199.50_200.00_200.50_201.00_201.50_,2_66_54_105_76_,199.00_198.50_198.00_197.50_197.00_,89_65_52_62_61_
11:18:31,199.50,1,2597,199.50_200.00_200.50_201.00_201.50_,2_65_54_105_76_,199.00_198.50_198.00_197.50_197.00_,89_64_52_62_61_
11:18:46,199.50,2,2599,200.00_200.50_201.00_201.50_202.00_,65_54_105_76_204_,199.00_198.50_198.00_197.50_197.00_,89_64_52_62_61_
11:18:51,199.50,2,2599,200.00_200.50_201.00_201.50_202.00_,65_44_116_76_204_,199.00_198.50_198.00_197.50_197.00_,89_64_54_60_61_
11:18:56,200.00,1,2600,200.00_200.50_201.00_201.50_202.00_,64_44_116_76_204_,199.00_198.50_198.00_197.50_197.00_,89_64_54_60_61_
11:19:01,200.00,1,2600,200.00_200.50_201.00_201.50_202.00_,63_44_116_76_204_,199.50_199.00_198.50_198.00_197.50_,5_89_65_54_60_
11:19:06,200.00,1,2600,200.00_200.50_201.00_201.50_202.00_,63_44_116_76_204_,199.50_199.00_198.50_198.00_197.50_,6_89_64_74_40_
11:19:12,200.00,3,2603,200.00_200.50_201.00_201.50_202.00_,60_44_116_76_204_,199.50_199.00_198.50_198.00_197.50_,7_86_64_74_40_
11:19:17,200.00,3,2603,200.00_200.50_201.00_201.50_202.00_,64_42_122_76_204_,199.50_199.00_198.50_198.00_197.50_,7_85_64_74_40_
11:19:22,200.00,3,2603,200.00_200.50_201.00_201.50_202.00_,65_42_122_76_204_,199.50_199.00_198.50_198.00_197.50_,7_85_64_74_40_
11:19:27,200.00,3,2603,200.00_200.50_201.00_201.50_202.00_,65_42_122_76_204_,199.50_199.00_198.50_198.00_197.50_,7_85_65_74_41_
11:19:32,200.00,1,2604,200.00_200.50_201.00_201.50_202.00_,64_42_122_76_204_,199.50_199.00_198.50_198.00_197.50_,7_85_65_74_41_
11:19:37,200.00,1,2604,200.00_200.50_201.00_201.50_202.00_,65_42_122_76_204_,199.50_199.00_198.50_198.00_197.50_,7_85_65_74_41_
11:19:42,200.00,1,2604,200.00_200.50_201.00_201.50_202.00_,66_42_122_76_204_,199.50_199.00_198.50_198.00_197.50_,8_85_64_74_41_
11:19:48,200.00,1,2604,200.00_200.50_201.00_201.50_202.00_,66_42_122_76_204_,199.50_199.00_198.50_198.00_197.50_,8_86_64_74_41_
11:19:58,200.00,1,2604,200.00_200.50_201.00_201.50_202.00_,68_42_123_76_204_,199.50_199.00_198.50_198.00_197.50_,8_86_64_74_41_
11:20:03,200.00,2,2606,200.00_200.50_201.00_201.50_202.00_,67_42_123_76_204_,199.50_199.00_198.50_198.00_197.50_,9_86_65_74_41_
11:20:13,199.50,2,2608,200.00_200.50_201.00_201.50_202.00_,67_42_123_76_204_,199.50_199.00_198.50_198.00_197.50_,8_86_65_74_41_
11:20:18,199.50,2,2610,200.00_200.50_201.00_201.50_202.00_,67_42_123_76_204_,199.50_199.00_198.50_198.00_197.50_,6_90_64_74_41_
11:20:34,199.50,2,2610,200.00_200.50_201.00_201.50_202.00_,67_42_123_76_204_,199.50_199.00_198.50_198.00_197.50_,7_90_64_74_41_
11:20:39,199.50,2,2610,200.00_200.50_201.00_201.50_202.00_,67_42_123_76_204_,199.50_199.00_198.50_198.00_197.50_,7_91_64_74_41_
11:20:49,200.00,1,2611,200.00_200.50_201.00_201.50_202.00_,66_42_123_76_204_,199.50_199.00_198.50_198.00_197.50_,7_91_64_74_41_
11:20:54,200.00,1,2611,200.00_200.50_201.00_201.50_202.00_,66_42_123_76_199_,199.50_199.00_198.50_198.00_197.50_,7_91_64_74_41_
11:20:59,200.00,1,2611,200.00_200.50_201.00_201.50_202.00_,66_42_123_76_199_,199.50_199.00_198.50_198.00_197.50_,7_90_64_74_41_
11:21:10,200.00,1,2611,200.00_200.50_201.00_201.50_202.00_,67_42_123_76_199_,199.50_199.00_198.50_198.00_197.50_,7_90_64_74_41_
11:21:15,200.00,1,2611,200.00_200.50_201.00_201.50_202.00_,67_42_124_76_199_,199.50_199.00_198.50_198.00_197.50_,7_92_64_74_41_
11:21:20,200.00,1,2611,200.00_200.50_201.00_201.50_202.00_,68_42_124_76_199_,199.50_199.00_198.50_198.00_197.50_,7_92_64_74_41_
11:21:30,200.00,1,2612,200.00_200.50_201.00_201.50_202.00_,67_42_124_76_199_,199.50_199.00_198.50_198.00_197.50_,17_92_64_74_41_
11:21:46,200.00,1,2612,200.00_200.50_201.00_201.50_202.00_,68_42_124_76_199_,199.50_199.00_198.50_198.00_197.50_,19_92_64_74_41_
11:21:51,200.00,1,2612,200.00_200.50_201.00_201.50_202.00_,68_42_124_76_199_,199.50_199.00_198.50_198.00_197.50_,19_93_64_74_41_
11:22:01,200.00,1,2612,200.00_200.50_201.00_201.50_202.00_,67_42_124_76_197_,199.50_199.00_198.50_198.00_197.50_,20_92_64_74_41_
11:22:06,200.00,1,2612,200.00_200.50_201.00_201.50_202.00_,66_42_124_76_197_,199.50_199.00_198.50_198.00_197.50_,30_91_64_74_41_
11:22:11,200.00,1,2613,200.00_200.50_201.00_201.50_202.00_,65_42_124_76_197_,199.50_199.00_198.50_198.00_197.50_,31_91_64_74_41_
11:22:16,200.00,1,2613,200.00_200.50_201.00_201.50_202.00_,67_43_124_76_197_,199.50_199.00_198.50_198.00_197.50_,31_91_64_74_41_
11:22:22,200.00,1,2613,200.00_200.50_201.00_201.50_202.00_,67_43_124_76_197_,199.50_199.00_198.50_198.00_197.50_,42_91_64_74_41_
11:22:27,200.00,1,2613,200.00_200.50_201.00_201.50_202.00_,69_43_123_76_197_,199.50_199.00_198.50_198.00_197.50_,44_91_64_74_41_
11:22:32,200.00,1,2613,200.00_200.50_201.00_201.50_202.00_,70_43_123_76_197_,199.50_199.00_198.50_198.00_197.50_,44_91_64_74_41_
11:22:37,200.00,1,2613,200.00_200.50_201.00_201.50_202.00_,71_43_122_76_197_,199.50_199.00_198.50_198.00_197.50_,44_91_64_74_41_
11:22:42,200.00,1,2613,200.00_200.50_201.00_201.50_202.00_,71_43_122_76_197_,199.50_199.00_198.50_198.00_197.50_,46_91_67_74_41_
11:22:47,200.00,1,2614,200.00_200.50_201.00_201.50_202.00_,70_43_122_76_197_,199.50_199.00_198.50_198.00_197.50_,46_89_67_74_41_
11:22:52,200.00,1,2614,200.00_200.50_201.00_201.50_202.00_,70_43_131_76_197_,199.50_199.00_198.50_198.00_197.50_,46_89_67_74_41_
11:22:57,200.00,1,2614,200.00_200.50_201.00_201.50_202.00_,69_43_131_76_197_,199.50_199.00_198.50_198.00_197.50_,46_89_67_74_41_
11:23:03,200.00,1,2614,200.00_200.50_201.00_201.50_202.00_,70_43_131_76_197_,199.50_199.00_198.50_198.00_197.50_,46_89_67_74_41_
11:23:08,200.00,1,2614,200.00_200.50_201.00_201.50_202.00_,70_43_131_76_197_,199.50_199.00_198.50_198.00_197.50_,46_90_67_74_41_
11:23:28,200.00,1,2615,200.00_200.50_201.00_201.50_202.00_,68_43_131_76_197_,199.50_199.00_198.50_198.00_197.50_,46_90_67_74_41_
11:23:39,199.50,1,2616,200.00_200.50_201.00_201.50_202.00_,68_43_131_76_198_,199.50_199.00_198.50_198.00_197.50_,45_90_67_71_41_
11:23:49,199.50,1,2616,200.00_200.50_201.00_201.50_202.00_,67_43_131_76_198_,199.50_199.00_198.50_198.00_197.50_,45_90_67_72_41_
11:23:54,199.50,1,2616,200.00_200.50_201.00_201.50_202.00_,67_43_131_76_198_,199.50_199.00_198.50_198.00_197.50_,45_91_67_72_41_
11:23:59,199.50,1,2616,200.00_200.50_201.00_201.50_202.00_,67_43_131_76_198_,199.50_199.00_198.50_198.00_197.50_,44_91_67_72_41_
11:24:04,199.50,1,2616,200.00_200.50_201.00_201.50_202.00_,67_43_131_75_198_,199.50_199.00_198.50_198.00_197.50_,44_91_67_72_41_
11:24:09,200.00,1,2617,200.00_200.50_201.00_201.50_202.00_,66_43_131_75_198_,199.50_199.00_198.50_198.00_197.50_,44_89_67_72_41_
11:24:14,199.50,1,2618,200.00_200.50_201.00_201.50_202.00_,67_43_131_75_198_,199.50_199.00_198.50_198.00_197.50_,43_89_67_72_41_
11:24:30,199.50,1,2618,200.00_200.50_201.00_201.50_202.00_,67_43_131_75_198_,199.50_199.00_198.50_198.00_197.50_,43_90_67_72_41_
11:24:40,199.50,1,2618,200.00_200.50_201.00_201.50_202.00_,67_44_131_75_201_,199.50_199.00_198.50_198.00_197.50_,43_90_67_72_41_
11:24:45,199.50,1,2619,200.00_200.50_201.00_201.50_202.00_,68_44_131_75_201_,199.50_199.00_198.50_198.00_197.50_,43_90_67_72_41_
11:25:01,199.50,1,2620,200.00_200.50_201.00_201.50_202.00_,68_44_131_73_201_,199.50_199.00_198.50_198.00_197.50_,42_90_67_72_41_
11:25:11,199.50,1,2621,200.00_200.50_201.00_201.50_202.00_,69_44_133_73_201_,199.50_199.00_198.50_198.00_197.50_,41_90_67_72_41_
11:25:16,199.50,2,2623,200.00_200.50_201.00_201.50_202.00_,70_43_132_73_201_,199.50_199.00_198.50_198.00_197.50_,38_90_67_72_41_
11:25:21,199.50,2,2623,200.00_200.50_201.00_201.50_202.00_,68_43_132_73_201_,199.50_199.00_198.50_198.00_197.50_,38_90_67_72_41_
11:25:26,200.00,1,2624,200.00_200.50_201.00_201.50_202.00_,67_43_132_73_201_,199.50_199.00_198.50_198.00_197.50_,28_90_67_72_41_
11:25:31,200.00,1,2624,200.00_200.50_201.00_201.50_202.00_,67_43_132_73_201_,199.50_199.00_198.50_198.00_197.50_,29_90_67_72_41_
11:25:37,200.00,1,2624,200.00_200.50_201.00_201.50_202.00_,67_43_132_73_200_,199.50_199.00_198.50_198.00_197.50_,29_90_67_72_41_
11:25:42,200.00,1,2624,200.00_200.50_201.00_201.50_202.00_,69_43_132_73_200_,199.50_199.00_198.50_198.00_197.50_,29_90_67_72_41_
11:25:52,200.00,1,2624,200.00_200.50_201.00_201.50_202.00_,69_43_132_73_200_,199.50_199.00_198.50_198.00_197.50_,30_90_67_72_41_
11:25:57,200.00,1,2624,200.00_200.50_201.00_201.50_202.00_,70_43_132_73_200_,199.50_199.00_198.50_198.00_197.50_,30_91_67_72_41_
11:26:02,200.00,1,2625,200.00_200.50_201.00_201.50_202.00_,69_44_131_73_200_,199.50_199.00_198.50_198.00_197.50_,30_91_67_72_41_
11:26:07,200.00,1,2625,200.00_200.50_201.00_201.50_202.00_,69_44_131_73_200_,199.50_199.00_198.50_198.00_197.50_,30_91_66_72_41_
11:26:17,200.00,1,2625,200.00_200.50_201.00_201.50_202.00_,68_44_131_73_200_,199.50_199.00_198.50_198.00_197.50_,30_91_66_72_41_
11:26:23,200.00,1,2625,200.00_200.50_201.00_201.50_202.00_,68_44_132_73_200_,199.50_199.00_198.50_198.00_197.50_,30_91_66_72_41_
11:26:28,200.00,1,2626,200.00_200.50_201.00_201.50_202.00_,67_44_132_73_200_,199.50_199.00_198.50_198.00_197.50_,30_90_66_72_41_
11:26:33,200.00,1,2626,200.00_200.50_201.00_201.50_202.00_,67_44_134_73_200_,199.50_199.00_198.50_198.00_197.50_,30_90_66_72_41_
11:26:38,200.00,1,2626,200.00_200.50_201.00_201.50_202.00_,68_44_133_73_200_,199.50_199.00_198.50_198.00_197.50_,30_90_66_72_41_
11:26:43,200.00,1,2627,200.00_200.50_201.00_201.50_202.00_,67_44_133_73_200_,199.50_199.00_198.50_198.00_197.50_,30_91_66_72_41_
11:26:48,200.00,1,2627,200.00_200.50_201.00_201.50_202.00_,69_44_133_73_198_,199.50_199.00_198.50_198.00_197.50_,30_91_66_72_41_
11:27:09,200.00,1,2627,200.00_200.50_201.00_201.50_202.00_,69_43_133_73_198_,199.50_199.00_198.50_198.00_197.50_,30_91_66_72_41_
11:27:14,200.00,1,2628,200.00_200.50_201.00_201.50_202.00_,69_43_133_73_198_,199.50_199.00_198.50_198.00_197.50_,30_90_66_72_41_
11:27:19,200.00,1,2628,200.00_200.50_201.00_201.50_202.00_,69_43_133_73_198_,199.50_199.00_198.50_198.00_197.50_,30_91_66_72_41_
11:27:24,200.00,1,2629,200.00_200.50_201.00_201.50_202.00_,69_43_133_73_198_,199.50_199.00_198.50_198.00_197.50_,30_91_66_72_41_
11:27:29,200.00,1,2629,200.00_200.50_201.00_201.50_202.00_,68_43_133_73_198_,199.50_199.00_198.50_198.00_197.50_,30_92_66_72_41_
11:27:39,200.00,1,2629,200.00_200.50_201.00_201.50_202.00_,68_43_133_73_198_,199.50_199.00_198.50_198.00_197.50_,30_91_66_72_41_
11:27:49,200.00,1,2629,200.00_200.50_201.00_201.50_202.00_,70_43_134_73_198_,199.50_199.00_198.50_198.00_197.50_,30_91_66_72_41_
11:28:00,200.00,1,2630,200.00_200.50_201.00_201.50_202.00_,69_43_133_73_193_,199.50_199.00_198.50_198.00_197.50_,42_91_66_72_41_
11:28:05,200.00,1,2631,200.00_200.50_201.00_201.50_202.00_,68_42_132_73_193_,199.50_199.00_198.50_198.00_197.50_,42_90_66_72_41_
11:28:10,200.00,1,2631,200.00_200.50_201.00_201.50_202.00_,68_42_132_73_192_,199.50_199.00_198.50_198.00_197.50_,42_90_66_72_41_
11:28:15,200.00,1,2631,200.00_200.50_201.00_201.50_202.00_,70_42_132_73_192_,199.50_199.00_198.50_198.00_197.50_,42_91_67_72_41_
11:28:20,200.00,1,2631,200.00_200.50_201.00_201.50_202.00_,72_42_132_74_192_,199.50_199.00_198.50_198.00_197.50_,42_91_67_72_41_
11:28:30,200.00,1,2631,200.00_200.50_201.00_201.50_202.00_,72_42_133_74_192_,199.50_199.00_198.50_198.00_197.50_,42_91_67_72_40_
11:28:36,199.50,1,2632,200.00_200.50_201.00_201.50_202.00_,72_43_133_74_192_,199.50_199.00_198.50_198.00_197.50_,41_91_67_72_40_
11:28:41,200.00,1,2633,200.00_200.50_201.00_201.50_202.00_,71_43_133_74_192_,199.50_199.00_198.50_198.00_197.50_,41_91_67_72_40_
11:28:46,200.00,1,2633,200.00_200.50_201.00_201.50_202.00_,71_43_133_75_192_,199.50_199.00_198.50_198.00_197.50_,41_91_67_72_40_
11:28:51,200.00,1,2633,200.00_200.50_201.00_201.50_202.00_,72_43_133_75_192_,199.50_199.00_198.50_198.00_197.50_,41_89_67_72_40_
11:29:01,200.00,1,2633,200.00_200.50_201.00_201.50_202.00_,71_43_133_75_192_,199.50_199.00_198.50_198.00_197.50_,42_89_67_72_40_
11:29:11,200.00,1,2634,200.00_200.50_201.00_201.50_202.00_,70_43_133_75_192_,199.50_199.00_198.50_198.00_197.50_,42_89_67_72_40_
11:29:17,200.00,1,2634,200.00_200.50_201.00_201.50_202.00_,71_43_133_75_192_,199.50_199.00_198.50_198.00_197.50_,42_89_67_72_40_
11:29:22,200.00,1,2635,200.00_200.50_201.00_201.50_202.00_,70_43_133_75_192_,199.50_199.00_198.50_198.00_197.50_,42_90_67_72_40_
11:29:27,200.00,1,2636,200.00_200.50_201.00_201.50_202.00_,69_43_133_75_192_,199.50_199.00_198.50_198.00_197.50_,42_90_67_72_40_
11:29:42,200.00,1,2637,200.00_200.50_201.00_201.50_202.00_,68_43_133_75_192_,199.50_199.00_198.50_198.00_197.50_,43_90_67_72_40_
11:29:47,200.00,1,2637,200.00_200.50_201.00_201.50_202.00_,67_43_133_75_192_,199.50_199.00_198.50_198.00_197.50_,43_90_67_72_40_
11:29:52,200.00,1,2637,200.00_200.50_201.00_201.50_202.00_,67_43_133_75_193_,199.50_199.00_198.50_198.00_197.50_,43_90_67_72_40_
11:29:58,200.00,1,2638,200.00_200.50_201.00_201.50_202.00_,67_43_133_75_193_,199.50_199.00_198.50_198.00_197.50_,43_90_67_72_40_
11:30:03,200.00,1,2638,200.00_200.50_201.00_201.50_202.00_,67_43_132_76_193_,199.50_199.00_198.50_198.00_197.50_,43_89_67_72_40_
11:30:08,200.00,1,2638,200.00_200.50_201.00_201.50_202.00_,67_43_132_76_194_,199.50_199.00_198.50_198.00_197.50_,43_89_67_72_40_
11:30:13,200.00,1,2638,200.00_200.50_201.00_201.50_202.00_,67_42_132_76_195_,199.50_199.00_198.50_198.00_197.50_,43_89_67_72_40_
11:30:23,200.00,1,2639,200.00_200.50_201.00_201.50_202.00_,66_42_132_76_195_,199.50_199.00_198.50_198.00_197.50_,43_89_67_72_40_
11:30:39,200.00,1,2640,200.00_200.50_201.00_201.50_202.00_,66_42_132_76_195_,199.50_199.00_198.50_198.00_197.50_,43_89_67_72_40_
11:30:44,200.00,1,2640,200.00_200.50_201.00_201.50_202.00_,66_42_132_76_195_,199.50_199.00_198.50_198.00_197.50_,43_90_67_72_40_
11:30:49,200.00,1,2640,200.00_200.50_201.00_201.50_202.00_,65_42_132_76_195_,199.50_199.00_198.50_198.00_197.50_,43_90_67_72_40_
11:30:54,200.00,1,2640,200.00_200.50_201.00_201.50_202.00_,66_42_132_76_195_,199.50_199.00_198.50_198.00_197.50_,43_90_67_72_40_
11:31:09,200.00,1,2640,200.00_200.50_201.00_201.50_202.00_,66_42_132_76_195_,199.50_199.00_198.50_198.00_197.50_,43_91_67_72_40_
11:31:20,200.00,1,2641,200.00_200.50_201.00_201.50_202.00_,65_42_132_76_197_,199.50_199.00_198.50_198.00_197.50_,43_91_67_72_40_
11:31:25,200.00,1,2642,200.00_200.50_201.00_201.50_202.00_,64_42_133_76_197_,199.50_199.00_198.50_198.00_197.50_,43_91_67_72_40_
11:31:30,200.00,1,2642,200.00_200.50_201.00_201.50_202.00_,64_43_133_76_197_,199.50_199.00_198.50_198.00_197.50_,43_91_67_72_40_
11:31:40,200.00,1,2642,200.00_200.50_201.00_201.50_202.00_,64_43_133_76_197_,199.50_199.00_198.50_198.00_197.50_,43_91_67_71_40_
11:31:45,200.00,1,2642,200.00_200.50_201.00_201.50_202.00_,65_43_133_77_197_,199.50_199.00_198.50_198.00_197.50_,43_92_67_71_40_
11:31:56,200.00,2,2644,200.00_200.50_201.00_201.50_202.00_,63_43_133_77_197_,199.50_199.00_198.50_198.00_197.50_,43_92_67_71_40_
11:32:01,200.00,2,2644,200.00_200.50_201.00_201.50_202.00_,64_43_133_77_197_,199.50_199.00_198.50_198.00_197.50_,53_92_67_71_40_
11:32:06,200.00,2,2644,200.00_200.50_201.00_201.50_202.00_,64_43_133_77_197_,199.50_199.00_198.50_198.00_197.50_,54_91_67_71_40_
11:32:26,200.00,1,2645,200.00_200.50_201.00_201.50_202.00_,63_43_133_77_197_,199.50_199.00_198.50_198.00_197.50_,54_91_67_71_40_
11:32:31,200.00,1,2646,200.00_200.50_201.00_201.50_202.00_,62_43_131_77_197_,199.50_199.00_198.50_198.00_197.50_,53_90_67_71_40_
11:32:37,200.00,1,2647,200.00_200.50_201.00_201.50_202.00_,61_43_131_77_197_,199.50_199.00_198.50_198.00_197.50_,53_90_67_71_40_
11:32:42,200.00,1,2647,200.00_200.50_201.00_201.50_202.00_,60_43_131_77_197_,199.50_199.00_198.50_198.00_197.50_,53_90_67_71_40_
11:32:47,200.00,1,2648,200.00_200.50_201.00_201.50_202.00_,57_43_131_77_197_,199.50_199.00_198.50_198.00_197.50_,53_90_67_71_41_
11:32:52,200.00,1,2648,200.00_200.50_201.00_201.50_202.00_,57_43_131_77_197_,199.50_199.00_198.50_198.00_197.50_,55_90_67_71_41_
11:32:57,200.00,1,2648,200.00_200.50_201.00_201.50_202.00_,57_43_131_77_197_,199.50_199.00_198.50_198.00_197.50_,55_91_67_71_41_
11:33:07,200.00,1,2648,200.00_200.50_201.00_201.50_202.00_,57_45_131_77_207_,199.50_199.00_198.50_198.00_197.50_,55_91_67_71_16_
11:33:13,200.00,1,2649,200.00_200.50_201.00_201.50_202.00_,56_45_131_77_207_,199.50_199.00_198.50_198.00_197.50_,55_91_67_71_16_
11:33:33,200.00,1,2649,200.00_200.50_201.00_201.50_202.00_,56_47_131_77_207_,199.50_199.00_198.50_198.00_197.50_,55_91_67_71_16_
11:33:38,200.00,1,2649,200.00_200.50_201.00_201.50_202.00_,55_47_131_77_207_,199.50_199.00_198.50_198.00_197.50_,55_91_67_71_16_
11:33:43,199.50,1,2650,200.00_200.50_201.00_201.50_202.00_,55_47_133_77_207_,199.50_199.00_198.50_198.00_197.50_,54_91_67_70_16_
11:33:48,199.50,1,2650,200.00_200.50_201.00_201.50_202.00_,55_47_133_77_207_,199.50_199.00_198.50_198.00_197.50_,54_90_67_70_16_
11:33:54,200.00,1,2651,200.00_200.50_201.00_201.50_202.00_,54_47_133_77_207_,199.50_199.00_198.50_198.00_197.50_,54_90_67_70_16_
11:34:04,200.00,1,2652,200.00_200.50_201.00_201.50_202.00_,53_47_133_77_207_,199.50_199.00_198.50_198.00_197.50_,54_90_67_70_16_
11:34:09,200.00,1,2652,200.00_200.50_201.00_201.50_202.00_,54_47_133_77_207_,199.50_199.00_198.50_198.00_197.50_,54_90_67_70_16_
11:34:24,200.00,1,2652,200.00_200.50_201.00_201.50_202.00_,54_47_133_77_207_,199.50_199.00_198.50_198.00_197.50_,54_91_67_70_16_
11:34:29,200.00,1,2653,200.00_200.50_201.00_201.50_202.00_,53_47_133_77_207_,199.50_199.00_198.50_198.00_197.50_,55_91_67_70_16_
11:34:45,200.00,1,2653,200.00_200.50_201.00_201.50_202.00_,53_47_132_77_207_,199.50_199.00_198.50_198.00_197.50_,55_91_67_70_16_
11:34:50,200.00,1,2653,200.00_200.50_201.00_201.50_202.00_,53_47_132_77_207_,199.50_199.00_198.50_198.00_197.50_,55_90_67_70_16_
11:35:10,200.00,1,2654,200.00_200.50_201.00_201.50_202.00_,52_47_132_77_207_,199.50_199.00_198.50_198.00_197.50_,55_90_67_70_16_
11:35:26,200.00,1,2654,200.00_200.50_201.00_201.50_202.00_,52_48_123_77_206_,199.50_199.00_198.50_198.00_197.50_,56_90_67_70_16_
11:35:41,200.00,1,2654,200.00_200.50_201.00_201.50_202.00_,51_48_123_77_206_,199.50_199.00_198.50_198.00_197.50_,56_90_67_70_16_
11:35:46,200.00,1,2654,200.00_200.50_201.00_201.50_202.00_,51_48_123_77_206_,199.50_199.00_198.50_198.00_197.50_,56_91_67_70_16_
11:35:51,200.00,1,2655,200.00_200.50_201.00_201.50_202.00_,50_47_123_78_206_,199.50_199.00_198.50_198.00_197.50_,56_91_67_70_16_
11:35:57,199.50,1,2656,200.00_200.50_201.00_201.50_202.00_,50_47_123_78_206_,199.50_199.00_198.50_198.00_197.50_,55_91_67_70_16_
11:36:02,199.50,1,2656,200.00_200.50_201.00_201.50_202.00_,50_47_123_78_206_,199.50_199.00_198.50_198.00_197.50_,56_91_67_70_16_
11:36:12,199.50,1,2656,200.00_200.50_201.00_201.50_202.00_,49_47_123_78_207_,199.50_199.00_198.50_198.00_197.50_,56_91_67_70_16_
11:36:17,199.50,1,2656,200.00_200.50_201.00_201.50_202.00_,50_47_123_78_207_,199.50_199.00_198.50_198.00_197.50_,56_89_67_70_16_
11:36:22,199.50,1,2656,200.00_200.50_201.00_201.50_202.00_,50_47_124_78_207_,199.50_199.00_198.50_198.00_197.50_,56_89_67_70_16_
11:36:27,200.00,1,2657,200.00_200.50_201.00_201.50_202.00_,49_47_124_78_207_,199.50_199.00_198.50_198.00_197.50_,56_89_67_70_16_
11:36:32,200.00,1,2657,200.00_200.50_201.00_201.50_202.00_,49_47_124_78_208_,199.50_199.00_198.50_198.00_197.50_,56_89_67_70_16_
11:37:03,200.00,1,2657,200.00_200.50_201.00_201.50_202.00_,50_47_124_78_208_,199.50_199.00_198.50_198.00_197.50_,57_89_67_70_16_
11:37:08,200.00,1,2658,200.00_200.50_201.00_201.50_202.00_,49_47_124_78_208_,199.50_199.00_198.50_198.00_197.50_,57_89_67_70_16_
11:37:18,200.00,1,2658,200.00_200.50_201.00_201.50_202.00_,50_47_124_78_208_,199.50_199.00_198.50_198.00_197.50_,57_89_67_70_16_
11:37:23,200.00,1,2658,200.00_200.50_201.00_201.50_202.00_,51_47_124_78_208_,199.50_199.00_198.50_198.00_197.50_,57_89_67_70_16_
11:37:44,200.00,1,2658,200.00_200.50_201.00_201.50_202.00_,52_51_124_78_208_,199.50_199.00_198.50_198.00_197.50_,57_89_67_70_16_
11:37:49,200.00,1,2659,200.00_200.50_201.00_201.50_202.00_,51_52_123_78_208_,199.50_199.00_198.50_198.00_197.50_,57_89_67_70_16_
11:37:54,200.00,1,2660,200.00_200.50_201.00_201.50_202.00_,50_52_123_78_208_,199.50_199.00_198.50_198.00_197.50_,58_89_67_70_16_
11:38:10,200.00,1,2660,200.00_200.50_201.00_201.50_202.00_,49_52_123_78_208_,199.50_199.00_198.50_198.00_197.50_,58_84_67_70_16_
11:38:15,200.00,1,2660,200.00_200.50_201.00_201.50_202.00_,49_52_123_78_208_,199.50_199.00_198.50_198.00_197.50_,58_82_67_70_16_
11:38:25,200.00,1,2661,200.00_200.50_201.00_201.50_202.00_,48_53_122_78_208_,199.50_199.00_198.50_198.00_197.50_,58_83_67_70_16_
11:38:40,200.00,1,2662,200.00_200.50_201.00_201.50_202.00_,47_53_122_78_208_,199.50_199.00_198.50_198.00_197.50_,58_84_67_70_16_
11:38:51,199.50,1,2663,200.00_200.50_201.00_201.50_202.00_,47_53_121_78_208_,199.50_199.00_198.50_198.00_197.50_,57_84_67_70_16_
11:38:56,199.50,1,2663,200.00_200.50_201.00_201.50_202.00_,47_53_121_78_208_,199.50_199.00_198.50_198.00_197.50_,57_83_67_70_16_
11:39:01,200.00,1,2664,200.00_200.50_201.00_201.50_202.00_,46_58_121_88_208_,199.50_199.00_198.50_198.00_197.50_,56_83_67_70_16_
11:39:06,200.00,1,2665,200.00_200.50_201.00_201.50_202.00_,45_58_121_88_208_,199.50_199.00_198.50_198.00_197.50_,56_83_67_70_16_
11:39:11,200.00,1,2665,200.00_200.50_201.00_201.50_202.00_,45_59_121_88_208_,199.50_199.00_198.50_198.00_197.50_,56_83_67_70_16_
11:39:21,200.00,1,2665,200.00_200.50_201.00_201.50_202.00_,45_59_121_88_208_,199.50_199.00_198.50_198.00_197.50_,57_83_67_70_16_
11:39:37,200.00,1,2665,200.00_200.50_201.00_201.50_202.00_,45_59_121_87_208_,199.50_199.00_198.50_198.00_197.50_,57_83_67_70_16_
11:39:42,200.00,1,2665,200.00_200.50_201.00_201.50_202.00_,45_58_121_87_208_,199.50_199.00_198.50_198.00_197.50_,58_83_67_70_16_
11:39:47,200.00,1,2666,200.00_200.50_201.00_201.50_202.00_,44_58_121_87_208_,199.50_199.00_198.50_198.00_197.50_,58_83_67_70_16_
11:39:52,200.00,3,2669,200.00_200.50_201.00_201.50_202.00_,41_58_121_87_208_,199.50_199.00_198.50_198.00_197.50_,58_83_67_70_16_
11:40:07,200.00,26,2695,200.00_200.50_201.00_201.50_202.00_,15_58_121_87_208_,199.50_199.00_198.50_198.00_197.50_,58_83_67_70_16_
11:40:13,200.00,26,2695,200.00_200.50_201.00_201.50_202.00_,16_58_121_87_208_,199.50_199.00_198.50_198.00_197.50_,59_83_67_70_16_
11:40:18,200.00,2,2697,200.00_200.50_201.00_201.50_202.00_,14_58_121_87_208_,199.50_199.00_198.50_198.00_197.50_,59_84_67_70_16_
11:40:23,200.00,1,2698,200.00_200.50_201.00_201.50_202.00_,13_58_120_87_208_,199.50_199.00_198.50_198.00_197.50_,59_84_67_70_16_
11:40:38,200.00,1,2699,200.00_200.50_201.00_201.50_202.00_,12_58_120_87_208_,199.50_199.00_198.50_198.00_197.50_,59_84_67_70_16_
11:40:48,200.00,1,2699,200.00_200.50_201.00_201.50_202.00_,12_58_118_87_208_,199.50_199.00_198.50_198.00_197.50_,59_84_67_70_16_
11:40:54,200.00,1,2700,200.00_200.50_201.00_201.50_202.00_,10_58_118_87_208_,199.50_199.00_198.50_198.00_197.50_,59_83_67_70_16_
11:40:59,200.00,3,2703,200.00_200.50_201.00_201.50_202.00_,7_58_118_87_208_,199.50_199.00_198.50_198.00_197.50_,57_83_67_70_16_
11:41:04,200.00,2,2705,200.00_200.50_201.00_201.50_202.00_,4_58_118_87_208_,199.50_199.00_198.50_198.00_197.50_,57_83_67_70_16_
11:41:09,200.00,4,2709,200.50_201.00_201.50_202.00_202.50_,58_118_87_208_140_,200.00_199.50_199.00_198.50_198.00_,1_57_83_67_70_
11:41:14,200.00,4,2709,200.50_201.00_201.50_202.00_202.50_,59_117_98_208_140_,200.00_199.50_199.00_198.50_198.00_,3_56_82_89_48_
11:41:19,200.00,3,2712,200.00_200.50_201.00_201.50_202.00_,7_59_117_98_208_,199.50_199.00_198.50_198.00_197.50_,54_82_89_48_16_
11:41:25,200.00,1,2713,200.00_200.50_201.00_201.50_202.00_,8_58_123_87_208_,199.50_199.00_198.50_198.00_197.50_,54_82_64_70_16_
11:41:30,200.00,1,2713,200.00_200.50_201.00_201.50_202.00_,9_58_123_87_208_,199.50_199.00_198.50_198.00_197.50_,54_82_64_70_16_
11:41:35,200.00,1,2714,200.00_200.50_201.00_201.50_202.00_,8_56_123_87_208_,199.50_199.00_198.50_198.00_197.50_,54_82_64_70_16_
11:41:40,200.00,1,2715,200.00_200.50_201.00_201.50_202.00_,7_56_123_87_208_,199.50_199.00_198.50_198.00_197.50_,54_82_64_70_16_
11:41:45,200.00,1,2715,200.00_200.50_201.00_201.50_202.00_,8_56_123_87_208_,199.50_199.00_198.50_198.00_197.50_,54_82_64_70_16_
11:41:55,200.00,1,2715,200.00_200.50_201.00_201.50_202.00_,8_56_123_87_208_,199.50_199.00_198.50_198.00_197.50_,53_82_64_70_16_
11:42:01,200.00,2,2717,200.00_200.50_201.00_201.50_202.00_,6_56_123_87_208_,199.50_199.00_198.50_198.00_197.50_,53_82_64_70_16_
11:42:06,200.00,2,2717,200.00_200.50_201.00_201.50_202.00_,7_56_123_87_208_,199.50_199.00_198.50_198.00_197.50_,53_82_64_70_16_
11:42:11,200.00,1,2718,200.00_200.50_201.00_201.50_202.00_,6_56_123_87_208_,199.50_199.00_198.50_198.00_197.50_,53_82_64_70_16_
11:42:21,200.00,1,2719,200.00_200.50_201.00_201.50_202.00_,5_56_123_87_208_,199.50_199.00_198.50_198.00_197.50_,53_82_64_70_16_
11:42:26,200.00,1,2719,200.00_200.50_201.00_201.50_202.00_,8_56_118_87_208_,199.50_199.00_198.50_198.00_197.50_,54_82_64_70_16_
11:42:31,200.00,1,2719,200.00_200.50_201.00_201.50_202.00_,8_55_118_87_208_,199.50_199.00_198.50_198.00_197.50_,54_82_64_70_16_
11:42:36,200.00,1,2719,200.00_200.50_201.00_201.50_202.00_,13_55_118_87_208_,199.50_199.00_198.50_198.00_197.50_,54_82_64_70_16_
11:42:47,200.00,1,2719,200.00_200.50_201.00_201.50_202.00_,13_60_118_87_208_,199.50_199.00_198.50_198.00_197.50_,54_82_64_70_16_
11:42:52,200.00,1,2719,200.00_200.50_201.00_201.50_202.00_,13_60_119_87_208_,199.50_199.00_198.50_198.00_197.50_,54_82_65_70_16_
11:43:02,200.00,1,2720,200.00_200.50_201.00_201.50_202.00_,12_60_119_87_208_,199.50_199.00_198.50_198.00_197.50_,54_82_65_70_16_
11:43:07,200.00,1,2720,200.00_200.50_201.00_201.50_202.00_,9_60_119_87_207_,199.50_199.00_198.50_198.00_197.50_,54_82_65_70_16_
11:43:12,200.00,3,2723,200.00_200.50_201.00_201.50_202.00_,6_60_119_87_207_,199.50_199.00_198.50_198.00_197.50_,54_82_65_70_16_
11:43:18,200.00,3,2723,200.00_200.50_201.00_201.50_202.00_,6_63_119_87_207_,199.50_199.00_198.50_198.00_197.50_,54_82_65_70_16_
11:43:28,200.00,3,2726,200.00_200.50_201.00_201.50_202.00_,3_63_119_87_207_,199.50_199.00_198.50_198.00_197.50_,54_82_65_70_16_
11:43:33,200.00,3,2726,200.00_200.50_201.00_201.50_202.00_,3_63_119_87_207_,199.50_199.00_198.50_198.00_197.50_,54_82_65_71_16_
11:43:38,200.00,1,2727,200.00_200.50_201.00_201.50_202.00_,2_63_119_87_207_,199.50_199.00_198.50_198.00_197.50_,54_82_65_71_16_
11:43:43,200.00,1,2727,200.00_200.50_201.00_201.50_202.00_,3_63_129_89_207_,199.50_199.00_198.50_198.00_197.50_,54_82_65_71_16_
11:43:59,200.00,1,2727,200.00_200.50_201.00_201.50_202.00_,3_63_129_89_207_,199.50_199.00_198.50_198.00_197.50_,55_82_65_71_16_
11:44:09,199.50,2,2729,200.00_200.50_201.00_201.50_202.00_,3_63_129_89_207_,199.50_199.00_198.50_198.00_197.50_,53_82_65_72_16_
11:44:19,200.00,1,2730,200.00_200.50_201.00_201.50_202.00_,2_63_129_89_207_,199.50_199.00_198.50_198.00_197.50_,53_82_65_72_16_
11:44:24,200.00,1,2731,200.00_200.50_201.00_201.50_202.00_,1_64_129_89_207_,199.50_199.00_198.50_198.00_197.50_,54_82_65_72_16_
11:44:29,200.00,1,2731,200.00_200.50_201.00_201.50_202.00_,1_64_129_89_207_,199.50_199.00_198.50_198.00_197.50_,54_83_65_72_16_
11:44:34,200.00,1,2732,200.50_201.00_201.50_202.00_202.50_,64_129_89_207_140_,199.50_199.00_198.50_198.00_197.50_,54_83_65_72_16_
11:44:40,200.00,1,2732,200.50_201.00_201.50_202.00_202.50_,64_118_100_207_140_,199.50_199.00_198.50_198.00_197.50_,53_83_67_70_16_
11:44:45,199.50,1,2733,200.50_201.00_201.50_202.00_202.50_,64_118_100_207_140_,199.50_199.00_198.50_198.00_197.50_,52_83_67_70_16_
11:44:50,199.50,1,2733,200.00_200.50_201.00_201.50_202.00_,1_64_118_100_207_,199.50_199.00_198.50_198.00_197.50_,52_83_67_70_16_
11:44:55,199.50,1,2733,200.00_200.50_201.00_201.50_202.00_,1_64_129_89_207_,199.50_199.00_198.50_198.00_197.50_,53_83_64_72_16_
11:45:05,200.00,1,2734,200.50_201.00_201.50_202.00_202.50_,64_109_100_207_140_,200.00_199.50_199.00_198.50_198.00_,2_52_83_86_50_
11:45:10,200.00,1,2734,200.50_201.00_201.50_202.00_202.50_,65_109_100_207_140_,200.00_199.50_199.00_198.50_198.00_,2_52_83_86_50_
11:45:15,200.00,1,2734,200.50_201.00_201.50_202.00_202.50_,65_111_100_207_140_,200.00_199.50_199.00_198.50_198.00_,2_52_83_86_50_
11:45:26,200.00,2,2736,200.50_201.00_201.50_202.00_202.50_,64_111_100_207_140_,199.50_199.00_198.50_198.00_197.50_,52_83_86_50_16_
11:45:31,200.00,2,2736,200.00_200.50_201.00_201.50_202.00_,1_69_111_100_207_,199.50_199.00_198.50_198.00_197.50_,52_83_66_70_16_
11:45:36,200.00,1,2737,200.50_201.00_201.50_202.00_202.50_,68_122_89_207_140_,199.50_199.00_198.50_198.00_197.50_,52_83_64_72_16_
11:45:41,200.00,1,2737,200.50_201.00_201.50_202.00_202.50_,78_111_100_207_139_,199.50_199.00_198.50_198.00_197.50_,52_83_66_70_16_
11:45:46,200.00,1,2737,200.00_200.50_201.00_201.50_202.00_,1_78_111_100_207_,199.50_199.00_198.50_198.00_197.50_,52_83_66_70_16_
11:45:51,200.00,1,2737,200.00_200.50_201.00_201.50_202.00_,1_76_122_89_207_,199.50_199.00_198.50_198.00_197.50_,52_83_64_72_16_
11:45:57,200.00,1,2737,200.00_200.50_201.00_201.50_202.00_,4_76_122_89_207_,199.50_199.00_198.50_198.00_197.50_,52_83_64_72_16_
11:46:02,200.00,1,2737,200.00_200.50_201.00_201.50_202.00_,42_76_122_89_207_,199.50_199.00_198.50_198.00_197.50_,52_83_64_72_16_
11:46:07,200.00,1,2737,200.00_200.50_201.00_201.50_202.00_,43_75_122_89_207_,199.50_199.00_198.50_198.00_197.50_,52_83_64_72_16_
11:46:12,200.00,1,2737,200.00_200.50_201.00_201.50_202.00_,43_66_122_89_207_,199.50_199.00_198.50_198.00_197.50_,52_83_64_72_16_
11:46:17,200.00,1,2738,200.00_200.50_201.00_201.50_202.00_,42_66_122_89_207_,199.50_199.00_198.50_198.00_197.50_,52_83_64_72_16_
11:46:22,200.00,1,2738,200.00_200.50_201.00_201.50_202.00_,43_66_122_89_207_,199.50_199.00_198.50_198.00_197.50_,52_83_64_72_16_
11:46:27,200.00,1,2738,200.00_200.50_201.00_201.50_202.00_,57_60_123_89_207_,199.50_199.00_198.50_198.00_197.50_,52_83_64_72_16_
11:46:32,199.50,2,2740,200.00_200.50_201.00_201.50_202.00_,57_60_123_89_207_,199.50_199.00_198.50_198.00_197.50_,50_83_64_72_16_
11:46:42,199.50,2,2740,200.00_200.50_201.00_201.50_202.00_,58_60_123_89_207_,199.50_199.00_198.50_198.00_197.50_,50_83_64_72_16_
11:46:48,199.50,2,2740,200.00_200.50_201.00_201.50_202.00_,58_60_123_89_207_,199.50_199.00_198.50_198.00_197.50_,40_84_64_72_16_
11:46:53,200.00,1,2741,200.00_200.50_201.00_201.50_202.00_,57_56_123_89_207_,199.50_199.00_198.50_198.00_197.50_,40_84_64_72_16_
11:47:08,200.00,1,2741,200.00_200.50_201.00_201.50_202.00_,57_56_124_89_207_,199.50_199.00_198.50_198.00_197.50_,40_84_64_72_16_
11:47:13,200.00,1,2741,200.00_200.50_201.00_201.50_202.00_,58_56_124_89_207_,199.50_199.00_198.50_198.00_197.50_,40_85_64_72_16_
11:47:18,199.50,5,2746,200.00_200.50_201.00_201.50_202.00_,58_56_124_89_207_,199.50_199.00_198.50_198.00_197.50_,35_85_64_72_16_
11:47:23,199.50,20,2766,200.00_200.50_201.00_201.50_202.00_,58_56_124_89_207_,199.50_199.00_198.50_198.00_197.50_,15_85_64_72_16_
11:47:29,199.50,20,2766,200.00_200.50_201.00_201.50_202.00_,59_55_119_89_207_,199.50_199.00_198.50_198.00_197.50_,15_85_64_72_16_
11:47:34,199.50,2,2768,200.00_200.50_201.00_201.50_202.00_,59_52_119_89_207_,199.50_199.00_198.50_198.00_197.50_,13_85_64_72_16_
11:47:39,199.50,2,2768,200.00_200.50_201.00_201.50_202.00_,60_52_119_89_207_,199.50_199.00_198.50_198.00_197.50_,10_85_64_72_16_
11:47:44,199.50,1,2769,200.00_200.50_201.00_201.50_202.00_,60_52_119_89_206_,199.50_199.00_198.50_198.00_197.50_,9_85_64_72_16_
11:47:49,199.50,1,2769,200.00_200.50_201.00_201.50_202.00_,63_52_119_89_206_,199.50_199.00_198.50_198.00_197.50_,9_85_64_72_16_
11:47:54,199.50,2,2771,200.00_200.50_201.00_201.50_202.00_,62_52_118_89_206_,199.50_199.00_198.50_198.00_197.50_,7_85_64_72_16_
11:48:04,199.50,2,2773,200.00_200.50_201.00_201.50_202.00_,62_52_118_89_206_,199.50_199.00_198.50_198.00_197.50_,5_85_64_72_16_
11:48:10,199.50,1,2774,200.00_200.50_201.00_201.50_202.00_,62_52_118_109_206_,199.50_199.00_198.50_198.00_197.50_,4_85_64_72_16_
11:48:15,200.00,1,2775,200.00_200.50_201.00_201.50_202.00_,61_53_118_109_206_,199.50_199.00_198.50_198.00_197.50_,4_85_64_72_16_
11:48:20,199.50,1,2776,200.00_200.50_201.00_201.50_202.00_,61_53_118_109_206_,199.50_199.00_198.50_198.00_197.50_,4_85_64_72_16_
11:48:25,199.50,1,2776,200.00_200.50_201.00_201.50_202.00_,62_53_118_109_206_,199.50_199.00_198.50_198.00_197.50_,4_85_64_72_16_
11:48:30,199.50,4,2780,200.00_200.50_201.00_201.50_202.00_,63_53_118_109_206_,199.00_198.50_198.00_197.50_197.00_,86_64_72_16_59_
11:48:35,199.50,4,2780,200.00_200.50_201.00_201.50_202.00_,62_53_118_109_212_,199.00_198.50_198.00_197.50_197.00_,86_64_52_36_59_
11:48:40,199.50,4,2780,200.00_200.50_201.00_201.50_202.00_,64_53_118_109_212_,199.00_198.50_198.00_197.50_197.00_,86_64_52_36_59_
11:48:45,199.50,4,2780,200.00_200.50_201.00_201.50_202.00_,65_53_118_109_212_,199.00_198.50_198.00_197.50_197.00_,86_64_52_36_59_
11:48:51,200.00,1,2781,200.00_200.50_201.00_201.50_202.00_,64_53_118_109_212_,199.00_198.50_198.00_197.50_197.00_,86_64_52_36_59_
11:48:56,200.00,1,2782,200.00_200.50_201.00_201.50_202.00_,64_53_118_109_213_,199.00_198.50_198.00_197.50_197.00_,86_64_52_36_59_
11:49:01,200.00,1,2782,200.00_200.50_201.00_201.50_202.00_,63_53_119_109_213_,199.00_198.50_198.00_197.50_197.00_,86_64_52_36_59_
11:49:11,200.00,1,2782,200.00_200.50_201.00_201.50_202.00_,67_53_119_109_213_,199.50_199.00_198.50_198.00_197.50_,5_86_64_52_36_
11:49:16,199.50,5,2787,200.00_200.50_201.00_201.50_202.00_,73_48_119_109_213_,199.50_199.00_198.50_198.00_197.50_,2_86_64_72_16_
11:49:26,199.50,1,2788,200.00_200.50_201.00_201.50_202.00_,73_48_119_109_213_,199.50_199.00_198.50_198.00_197.50_,1_87_64_72_16_
11:49:32,200.00,1,2789,200.00_200.50_201.00_201.50_202.00_,72_48_119_109_213_,199.50_199.00_198.50_198.00_197.50_,2_87_64_72_16_
11:49:37,200.00,1,2789,200.00_200.50_201.00_201.50_202.00_,72_48_119_109_213_,199.50_199.00_198.50_198.00_197.50_,1_87_64_72_16_
11:49:52,200.00,1,2789,200.00_200.50_201.00_201.50_202.00_,75_48_119_109_213_,199.50_199.00_198.50_198.00_197.50_,1_87_64_72_16_
11:50:02,200.00,1,2789,200.00_200.50_201.00_201.50_202.00_,75_48_118_109_213_,199.50_199.00_198.50_198.00_197.50_,1_87_64_72_16_
11:50:07,200.00,1,2790,200.00_200.50_201.00_201.50_202.00_,75_48_118_109_213_,199.50_199.00_198.50_198.00_197.50_,1_87_64_72_16_
11:50:12,200.00,1,2791,200.00_200.50_201.00_201.50_202.00_,74_48_118_109_213_,199.50_199.00_198.50_198.00_197.50_,1_87_64_72_16_
11:50:18,199.50,2,2793,200.00_200.50_201.00_201.50_202.00_,76_48_118_109_213_,199.50_199.00_198.50_198.00_197.50_,1_87_64_72_16_
11:50:23,200.00,1,2794,200.00_200.50_201.00_201.50_202.00_,75_48_118_109_213_,199.50_199.00_198.50_198.00_197.50_,2_86_64_72_16_
11:50:38,199.50,1,2795,200.00_200.50_201.00_201.50_202.00_,75_48_118_109_213_,199.50_199.00_198.50_198.00_197.50_,1_86_62_72_16_
11:50:43,199.50,1,2795,200.00_200.50_201.00_201.50_202.00_,75_48_118_109_213_,199.50_199.00_198.50_198.00_197.50_,1_87_62_72_16_
11:50:48,200.00,1,2796,200.00_200.50_201.00_201.50_202.00_,74_48_118_109_213_,199.50_199.00_198.50_198.00_197.50_,1_87_62_72_16_
11:50:53,200.00,1,2796,200.00_200.50_201.00_201.50_202.00_,74_49_118_109_213_,199.50_199.00_198.50_198.00_197.50_,1_87_62_72_16_
11:51:09,200.00,1,2796,200.00_200.50_201.00_201.50_202.00_,74_48_118_109_213_,199.00_198.50_198.00_197.50_197.00_,86_62_72_16_59_
11:51:14,200.00,1,2796,200.00_200.50_201.00_201.50_202.00_,75_48_118_109_213_,199.50_199.00_198.50_198.00_197.50_,3_86_62_52_36_
11:51:19,200.00,1,2796,200.00_200.50_201.00_201.50_202.00_,75_48_118_109_213_,199.50_199.00_198.50_198.00_197.50_,3_86_62_72_16_
11:51:29,200.00,2,2798,200.00_200.50_201.00_201.50_202.00_,73_48_118_109_214_,199.50_199.00_198.50_198.00_197.50_,3_86_62_72_16_
11:51:34,200.00,2,2798,200.00_200.50_201.00_201.50_202.00_,73_48_118_109_214_,199.50_199.00_198.50_198.00_197.50_,4_86_62_72_16_
11:51:40,200.00,2,2798,200.00_200.50_201.00_201.50_202.00_,75_48_118_109_214_,199.50_199.00_198.50_198.00_197.50_,4_86_62_72_16_
11:51:45,200.00,2,2800,200.00_200.50_201.00_201.50_202.00_,74_48_118_109_214_,199.50_199.00_198.50_198.00_197.50_,4_87_62_72_16_
11:51:50,200.00,2,2800,200.00_200.50_201.00_201.50_202.00_,74_48_118_109_214_,199.50_199.00_198.50_198.00_197.50_,9_87_62_72_16_
11:52:05,200.00,1,2801,200.00_200.50_201.00_201.50_202.00_,73_48_118_109_214_,199.50_199.00_198.50_198.00_197.50_,9_87_62_72_16_
11:52:21,200.00,1,2801,200.00_200.50_201.00_201.50_202.00_,72_48_118_109_214_,199.50_199.00_198.50_198.00_197.50_,9_86_62_72_16_
11:52:26,199.50,1,2802,200.00_200.50_201.00_201.50_202.00_,72_48_118_109_214_,199.50_199.00_198.50_198.00_197.50_,8_86_62_72_16_
11:52:36,199.50,1,2802,200.00_200.50_201.00_201.50_202.00_,72_48_119_109_214_,199.50_199.00_198.50_198.00_197.50_,8_86_62_72_16_
11:52:41,200.00,1,2803,200.00_200.50_201.00_201.50_202.00_,72_48_119_109_214_,199.50_199.00_198.50_198.00_197.50_,8_86_62_72_16_
11:52:46,200.00,1,2804,200.00_200.50_201.00_201.50_202.00_,71_48_119_109_214_,199.50_199.00_198.50_198.00_197.50_,8_86_62_72_16_
11:52:52,200.00,1,2804,200.00_200.50_201.00_201.50_202.00_,71_47_119_109_214_,199.50_199.00_198.50_198.00_197.50_,8_87_62_72_16_
11:53:07,200.00,1,2804,200.00_200.50_201.00_201.50_202.00_,71_47_119_109_214_,199.50_199.00_198.50_198.00_197.50_,8_87_57_72_16_
11:53:17,200.00,1,2805,200.00_200.50_201.00_201.50_202.00_,70_47_119_109_214_,199.50_199.00_198.50_198.00_197.50_,9_87_57_72_16_
11:53:27,200.00,1,2806,200.00_200.50_201.00_201.50_202.00_,69_47_119_109_214_,199.50_199.00_198.50_198.00_197.50_,9_87_57_72_16_
11:53:32,200.00,1,2806,200.00_200.50_201.00_201.50_202.00_,69_47_119_109_214_,199.50_199.00_198.50_198.00_197.50_,9_86_57_72_16_
11:53:38,200.00,1,2806,200.00_200.50_201.00_201.50_202.00_,69_47_119_104_214_,199.50_199.00_198.50_198.00_197.50_,9_86_57_72_16_
11:53:48,199.50,5,2811,200.00_200.50_201.00_201.50_202.00_,69_47_119_104_209_,199.50_199.00_198.50_198.00_197.50_,4_86_57_72_16_
11:54:03,199.50,2,2813,200.00_200.50_201.00_201.50_202.00_,69_47_119_102_209_,199.50_199.00_198.50_198.00_197.50_,3_87_57_72_16_
11:54:08,199.50,2,2813,200.00_200.50_201.00_201.50_202.00_,68_47_119_102_209_,199.50_199.00_198.50_198.00_197.50_,3_87_57_72_16_
11:54:13,199.50,2,2813,200.00_200.50_201.00_201.50_202.00_,68_47_119_102_209_,199.50_199.00_198.50_198.00_197.50_,8_87_57_72_16_
11:54:19,199.50,2,2813,200.00_200.50_201.00_201.50_202.00_,69_47_119_102_209_,199.50_199.00_198.50_198.00_197.50_,8_87_57_72_16_
11:54:24,199.50,2,2813,200.00_200.50_201.00_201.50_202.00_,69_47_109_102_209_,199.50_199.00_198.50_198.00_197.50_,8_87_57_72_16_
11:54:34,199.50,2,2813,200.00_200.50_201.00_201.50_202.00_,80_47_109_102_209_,199.50_199.00_198.50_198.00_197.50_,8_87_57_72_16_
11:54:39,199.50,2,2813,200.00_200.50_201.00_201.50_202.00_,81_47_109_102_209_,199.50_199.00_198.50_198.00_197.50_,8_86_57_72_16_
11:54:44,200.00,1,2814,200.00_200.50_201.00_201.50_202.00_,80_47_109_102_209_,199.50_199.00_198.50_198.00_197.50_,8_86_57_72_16_
11:54:54,200.00,1,2814,200.00_200.50_201.00_201.50_202.00_,81_47_109_102_210_,199.50_199.00_198.50_198.00_197.50_,8_86_57_72_16_
11:55:10,200.00,1,2814,200.00_200.50_201.00_201.50_202.00_,82_47_109_102_210_,199.50_199.00_198.50_198.00_197.50_,8_86_57_72_16_
11:55:15,200.00,1,2814,200.00_200.50_201.00_201.50_202.00_,82_47_109_102_211_,199.50_199.00_198.50_198.00_197.50_,8_87_57_72_16_
11:55:20,200.00,1,2814,200.00_200.50_201.00_201.50_202.00_,82_47_110_102_211_,199.50_199.00_198.50_198.00_197.50_,8_87_57_72_16_
11:55:25,200.00,1,2815,200.00_200.50_201.00_201.50_202.00_,81_47_110_102_211_,199.50_199.00_198.50_198.00_197.50_,8_87_57_72_16_
11:55:46,200.00,1,2815,200.00_200.50_201.00_201.50_202.00_,81_47_110_102_211_,199.50_199.00_198.50_198.00_197.50_,8_86_57_72_16_
11:55:56,200.00,1,2815,200.00_200.50_201.00_201.50_202.00_,81_47_110_87_211_,199.50_199.00_198.50_198.00_197.50_,8_86_57_72_16_
11:56:01,200.00,2,2817,200.00_200.50_201.00_201.50_202.00_,79_47_110_87_211_,199.50_199.00_198.50_198.00_197.50_,8_86_57_72_16_
11:56:06,200.00,2,2817,200.00_200.50_201.00_201.50_202.00_,80_47_110_87_211_,199.50_199.00_198.50_198.00_197.50_,8_86_57_72_16_
11:56:27,200.00,2,2817,200.00_200.50_201.00_201.50_202.00_,80_48_108_87_211_,199.50_199.00_198.50_198.00_197.50_,8_87_57_72_16_
11:56:32,200.00,2,2817,200.00_200.50_201.00_201.50_202.00_,81_48_108_87_211_,199.50_199.00_198.50_198.00_197.50_,8_87_57_72_16_
11:56:37,200.00,2,2817,200.00_200.50_201.00_201.50_202.00_,80_48_108_87_211_,199.50_199.00_198.50_198.00_197.50_,8_87_57_72_16_
11:56:42,200.00,1,2818,200.00_200.50_201.00_201.50_202.00_,79_48_108_87_211_,199.50_199.00_198.50_198.00_197.50_,8_87_57_72_16_
11:56:57,200.00,1,2818,200.00_200.50_201.00_201.50_202.00_,79_48_108_87_211_,199.50_199.00_198.50_198.00_197.50_,7_86_57_72_16_
11:57:02,200.00,1,2818,200.00_200.50_201.00_201.50_202.00_,79_48_108_86_211_,199.50_199.00_198.50_198.00_197.50_,13_86_57_72_16_
11:57:23,200.00,1,2819,200.00_200.50_201.00_201.50_202.00_,78_48_108_86_211_,199.50_199.00_198.50_198.00_197.50_,13_86_57_72_16_
11:57:28,200.00,1,2819,200.00_200.50_201.00_201.50_202.00_,78_48_108_86_211_,199.50_199.00_198.50_198.00_197.50_,13_87_57_72_16_
11:57:38,200.00,1,2820,200.00_200.50_201.00_201.50_202.00_,77_48_108_86_211_,199.50_199.00_198.50_198.00_197.50_,13_88_57_72_16_
11:57:43,200.00,1,2820,200.00_200.50_201.00_201.50_202.00_,76_48_108_86_211_,199.50_199.00_198.50_198.00_197.50_,13_88_57_72_16_
11:57:59,200.00,1,2821,200.00_200.50_201.00_201.50_202.00_,76_48_108_86_211_,199.50_199.00_198.50_198.00_197.50_,14_87_57_72_16_
11:58:04,200.00,10,2831,200.00_200.50_201.00_201.50_202.00_,66_48_108_86_211_,199.50_199.00_198.50_198.00_197.50_,14_87_57_72_16_
11:58:14,200.00,1,2832,200.00_200.50_201.00_201.50_202.00_,65_48_108_86_211_,199.50_199.00_198.50_198.00_197.50_,15_87_57_72_16_
11:58:19,200.00,1,2832,200.00_200.50_201.00_201.50_202.00_,65_48_108_86_211_,199.50_199.00_198.50_198.00_197.50_,42_87_57_72_16_
11:58:24,200.00,1,2832,200.00_200.50_201.00_201.50_202.00_,65_49_103_86_211_,199.50_199.00_198.50_198.00_197.50_,43_86_57_72_16_
11:58:29,200.00,1,2832,200.00_200.50_201.00_201.50_202.00_,64_49_103_86_211_,199.50_199.00_198.50_198.00_197.50_,43_86_57_72_16_
11:58:35,200.00,1,2832,200.00_200.50_201.00_201.50_202.00_,64_49_103_86_211_,199.50_199.00_198.50_198.00_197.50_,43_87_57_72_16_
11:58:40,200.00,1,2833,200.00_200.50_201.00_201.50_202.00_,63_49_103_86_211_,199.50_199.00_198.50_198.00_197.50_,43_87_57_72_16_
11:58:45,200.00,1,2833,200.00_200.50_201.00_201.50_202.00_,63_49_103_86_211_,199.50_199.00_198.50_198.00_197.50_,48_87_57_72_16_
11:58:50,200.00,1,2833,200.00_200.50_201.00_201.50_202.00_,63_49_103_86_211_,199.50_199.00_198.50_198.00_197.50_,49_87_57_72_16_
11:59:05,200.00,1,2833,200.00_200.50_201.00_201.50_202.00_,62_49_103_86_211_,199.50_199.00_198.50_198.00_197.50_,49_87_57_72_16_
11:59:10,200.00,1,2833,200.00_200.50_201.00_201.50_202.00_,62_49_103_86_211_,199.50_199.00_198.50_198.00_197.50_,50_87_57_72_16_
11:59:16,200.00,2,2835,200.00_200.50_201.00_201.50_202.00_,60_49_103_86_211_,199.50_199.00_198.50_198.00_197.50_,50_86_57_72_16_
11:59:26,200.00,2,2835,200.00_200.50_201.00_201.50_202.00_,59_49_103_86_211_,199.50_199.00_198.50_198.00_197.50_,50_86_57_72_16_
11:59:31,200.00,2,2835,200.00_200.50_201.00_201.50_202.00_,59_49_103_88_211_,199.50_199.00_198.50_198.00_197.50_,50_86_54_72_16_
11:59:36,200.00,2,2835,200.00_200.50_201.00_201.50_202.00_,58_49_103_88_211_,199.50_199.00_198.50_198.00_197.50_,50_87_54_72_16_
11:59:41,200.00,2,2835,200.00_200.50_201.00_201.50_202.00_,59_49_103_88_211_,199.50_199.00_198.50_198.00_197.50_,50_87_54_72_16_
11:59:46,200.00,2,2835,200.00_200.50_201.00_201.50_202.00_,59_49_103_88_211_,199.50_199.00_198.50_198.00_197.50_,50_88_54_70_16_
11:59:52,200.00,1,2836,200.00_200.50_201.00_201.50_202.00_,58_48_103_88_211_,199.50_199.00_198.50_198.00_197.50_,50_88_54_70_16_
11:59:57,200.00,1,2837,200.00_200.50_201.00_201.50_202.00_,56_48_103_88_211_,199.50_199.00_198.50_198.00_197.50_,50_88_54_68_16_
12:00:12,200.00,1,2837,200.00_200.50_201.00_201.50_202.00_,56_48_103_88_211_,199.50_199.00_198.50_198.00_197.50_,50_87_54_68_16_
12:00:17,200.00,1,2838,200.00_200.50_201.00_201.50_202.00_,55_48_103_86_211_,199.50_199.00_198.50_198.00_197.50_,50_87_54_68_16_
12:00:22,200.00,1,2838,200.00_200.50_201.00_201.50_202.00_,54_48_103_86_211_,199.50_199.00_198.50_198.00_197.50_,50_87_54_68_16_
12:00:27,200.00,1,2838,200.00_200.50_201.00_201.50_202.00_,54_48_103_86_211_,199.50_199.00_198.50_198.00_197.50_,50_86_54_68_16_
12:00:32,200.00,1,2838,200.00_200.50_201.00_201.50_202.00_,54_48_103_86_210_,199.50_199.00_198.50_198.00_197.50_,50_87_54_68_16_
12:00:38,200.00,1,2839,200.00_200.50_201.00_201.50_202.00_,54_48_103_86_210_,199.50_199.00_198.50_198.00_197.50_,50_87_54_68_16_
12:00:43,200.00,1,2839,200.00_200.50_201.00_201.50_202.00_,54_48_105_86_210_,199.50_199.00_198.50_198.00_197.50_,50_87_54_68_16_
12:00:53,200.00,1,2839,200.00_200.50_201.00_201.50_202.00_,54_48_104_86_210_,199.50_199.00_198.50_198.00_197.50_,50_87_54_68_16_
12:01:03,200.00,1,2839,200.00_200.50_201.00_201.50_202.00_,55_48_104_86_210_,199.50_199.00_198.50_198.00_197.50_,50_87_54_68_16_
12:01:08,200.00,1,2840,200.00_200.50_201.00_201.50_202.00_,54_48_104_86_210_,199.50_199.00_198.50_198.00_197.50_,50_86_54_68_16_
12:01:14,200.00,1,2841,200.00_200.50_201.00_201.50_202.00_,53_48_103_86_210_,199.50_199.00_198.50_198.00_197.50_,50_86_54_68_16_
12:01:29,200.00,1,2842,200.00_200.50_201.00_201.50_202.00_,52_48_103_86_210_,199.50_199.00_198.50_198.00_197.50_,50_87_54_68_16_
12:01:34,200.00,1,2842,200.00_200.50_201.00_201.50_202.00_,52_48_103_86_210_,199.50_199.00_198.50_198.00_197.50_,50_87_54_68_15_
12:01:39,200.00,2,2844,200.00_200.50_201.00_201.50_202.00_,50_48_103_86_210_,199.50_199.00_198.50_198.00_197.50_,50_87_54_68_15_
12:01:44,200.00,2,2844,200.00_200.50_201.00_201.50_202.00_,55_46_105_86_210_,199.50_199.00_198.50_198.00_197.50_,50_87_54_68_15_
12:01:49,200.00,2,2844,200.00_200.50_201.00_201.50_202.00_,56_46_105_86_210_,199.50_199.00_198.50_198.00_197.50_,49_87_54_68_15_
12:01:55,200.00,2,2846,200.00_200.50_201.00_201.50_202.00_,54_46_105_86_210_,199.50_199.00_198.50_198.00_197.50_,49_86_54_68_15_
12:02:00,200.00,1,2847,200.00_200.50_201.00_201.50_202.00_,53_46_105_86_210_,199.50_199.00_198.50_198.00_197.50_,49_86_54_68_15_
12:02:10,200.00,1,2847,200.00_200.50_201.00_201.50_202.00_,53_46_105_88_210_,199.50_199.00_198.50_198.00_197.50_,49_86_54_68_15_
12:02:15,200.00,1,2847,200.00_200.50_201.00_201.50_202.00_,53_46_105_88_210_,199.50_199.00_198.50_198.00_197.50_,49_87_54_68_15_
12:02:30,200.00,1,2847,200.00_200.50_201.00_201.50_202.00_,55_46_106_88_210_,199.50_199.00_198.50_198.00_197.50_,49_87_54_68_15_
12:02:36,200.00,1,2848,200.00_200.50_201.00_201.50_202.00_,53_46_106_88_210_,199.50_199.00_198.50_198.00_197.50_,49_87_54_68_15_
12:02:56,200.00,1,2849,200.00_200.50_201.00_201.50_202.00_,52_46_106_88_210_,199.50_199.00_198.50_198.00_197.50_,49_86_54_68_15_
12:03:01,200.00,1,2849,200.00_200.50_201.00_201.50_202.00_,52_46_106_88_210_,199.50_199.00_198.50_198.00_197.50_,49_87_54_68_15_
12:03:11,200.00,1,2850,200.00_200.50_201.00_201.50_202.00_,51_46_106_88_210_,199.50_199.00_198.50_198.00_197.50_,49_87_54_68_15_
12:03:17,200.00,1,2851,200.00_200.50_201.00_201.50_202.00_,50_46_106_88_210_,199.50_199.00_198.50_198.00_197.50_,49_87_54_68_15_
12:03:32,200.00,1,2851,200.00_200.50_201.00_201.50_202.00_,50_47_106_88_210_,199.50_199.00_198.50_198.00_197.50_,49_87_54_68_15_
12:03:37,200.00,1,2852,200.00_200.50_201.00_201.50_202.00_,49_47_106_88_210_,199.50_199.00_198.50_198.00_197.50_,49_86_54_68_15_
12:03:42,200.00,1,2852,200.00_200.50_201.00_201.50_202.00_,51_47_106_88_210_,199.50_199.00_198.50_198.00_197.50_,49_86_54_68_15_
12:03:47,200.00,1,2853,200.00_200.50_201.00_201.50_202.00_,50_47_106_88_210_,199.50_199.00_198.50_198.00_197.50_,49_86_54_68_15_
12:03:52,200.00,1,2854,200.00_200.50_201.00_201.50_202.00_,49_47_106_88_210_,199.50_199.00_198.50_198.00_197.50_,49_87_54_68_15_
12:03:58,200.00,1,2854,200.00_200.50_201.00_201.50_202.00_,50_47_107_88_210_,199.50_199.00_198.50_198.00_197.50_,49_87_54_68_15_
12:04:13,200.00,1,2854,200.00_200.50_201.00_201.50_202.00_,50_47_107_88_210_,199.50_199.00_198.50_198.00_197.50_,47_87_54_68_15_
12:04:18,200.00,1,2854,200.00_200.50_201.00_201.50_202.00_,50_47_107_88_210_,199.50_199.00_198.50_198.00_197.50_,49_85_54_68_15_
12:04:23,200.00,1,2854,200.00_200.50_201.00_201.50_202.00_,50_47_107_88_209_,199.50_199.00_198.50_198.00_197.50_,49_85_54_68_15_
12:04:28,200.00,1,2855,200.00_200.50_201.00_201.50_202.00_,49_47_107_88_209_,199.50_199.00_198.50_198.00_197.50_,49_85_54_68_15_
12:04:33,200.00,1,2855,200.00_200.50_201.00_201.50_202.00_,50_47_107_88_209_,199.50_199.00_198.50_198.00_197.50_,49_85_54_68_15_
12:04:39,200.00,1,2855,200.00_200.50_201.00_201.50_202.00_,50_47_107_87_209_,199.50_199.00_198.50_198.00_197.50_,49_85_54_68_15_
12:04:49,200.00,1,2855,200.00_200.50_201.00_201.50_202.00_,48_47_106_87_209_,199.50_199.00_198.50_198.00_197.50_,49_85_54_68_15_
12:04:54,200.00,1,2855,200.00_200.50_201.00_201.50_202.00_,48_47_107_87_209_,199.50_199.00_198.50_198.00_197.50_,49_85_54_68_15_
12:05:04,200.00,1,2855,200.00_200.50_201.00_201.50_202.00_,49_47_107_87_209_,199.50_199.00_198.50_198.00_197.50_,49_85_54_68_15_
12:05:09,200.00,1,2856,200.00_200.50_201.00_201.50_202.00_,48_47_106_87_209_,199.50_199.00_198.50_198.00_197.50_,49_85_54_68_15_
12:05:15,200.00,1,2857,200.00_200.50_201.00_201.50_202.00_,47_47_106_87_209_,199.50_199.00_198.50_198.00_197.50_,49_86_54_68_15_
12:05:20,200.00,1,2857,200.00_200.50_201.00_201.50_202.00_,47_47_105_87_209_,199.50_199.00_198.50_198.00_197.50_,49_86_54_68_15_
12:05:25,200.00,1,2857,200.00_200.50_201.00_201.50_202.00_,46_47_105_87_209_,199.50_199.00_198.50_198.00_197.50_,49_86_54_69_15_
12:05:30,200.00,1,2857,200.00_200.50_201.00_201.50_202.00_,47_47_105_87_209_,199.50_199.00_198.50_198.00_197.50_,49_86_54_69_15_
12:05:35,200.00,1,2857,200.00_200.50_201.00_201.50_202.00_,47_47_105_87_208_,199.50_199.00_198.50_198.00_197.50_,49_86_54_69_15_
12:05:45,200.00,1,2857,200.00_200.50_201.00_201.50_202.00_,46_47_105_87_208_,199.50_199.00_198.50_198.00_197.50_,49_86_54_69_15_
12:05:50,200.00,1,2858,200.00_200.50_201.00_201.50_202.00_,45_47_104_87_208_,199.50_199.00_198.50_198.00_197.50_,48_86_54_69_15_
12:06:01,200.00,1,2858,200.00_200.50_201.00_201.50_202.00_,46_47_104_87_208_,199.50_199.00_198.50_198.00_197.50_,49_85_54_69_15_
12:06:06,200.00,1,2858,200.00_200.50_201.00_201.50_202.00_,47_47_104_87_208_,199.50_199.00_198.50_198.00_197.50_,49_85_54_69_15_
12:06:16,200.00,1,2858,200.00_200.50_201.00_201.50_202.00_,47_47_104_87_208_,199.50_199.00_198.50_198.00_197.50_,49_85_53_69_15_
12:06:26,200.00,1,2859,200.00_200.50_201.00_201.50_202.00_,47_47_104_87_208_,199.50_199.00_198.50_198.00_197.50_,49_85_53_69_15_
12:06:41,200.00,1,2859,200.00_200.50_201.00_201.50_202.00_,49_47_104_87_208_,199.50_199.00_198.50_198.00_197.50_,49_85_53_69_15_
12:06:47,200.00,1,2859,200.00_200.50_201.00_201.50_202.00_,49_45_104_87_208_,199.50_199.00_198.50_198.00_197.50_,49_85_53_69_15_
12:06:52,200.00,1,2860,200.00_200.50_201.00_201.50_202.00_,49_45_104_87_208_,199.50_199.00_198.50_198.00_197.50_,48_85_53_69_15_
12:06:57,200.00,2,2862,200.00_200.50_201.00_201.50_202.00_,47_45_104_87_208_,199.50_199.00_198.50_198.00_197.50_,48_85_52_69_15_
12:07:07,200.00,1,2863,200.00_200.50_201.00_201.50_202.00_,46_45_104_87_208_,199.50_199.00_198.50_198.00_197.50_,48_85_52_69_15_
12:07:17,200.00,1,2863,200.00_200.50_201.00_201.50_202.00_,47_45_104_87_208_,199.50_199.00_198.50_198.00_197.50_,48_85_52_69_15_
12:07:28,200.00,1,2863,200.00_200.50_201.00_201.50_202.00_,48_45_104_87_208_,199.50_199.00_198.50_198.00_197.50_,48_85_52_69_15_
12:07:33,199.50,1,2864,200.00_200.50_201.00_201.50_202.00_,48_45_104_87_208_,199.50_199.00_198.50_198.00_197.50_,47_85_53_69_15_
12:07:43,200.00,1,2865,200.00_200.50_201.00_201.50_202.00_,47_45_104_87_208_,199.50_199.00_198.50_198.00_197.50_,47_85_53_69_15_
12:07:48,200.00,1,2866,200.00_200.50_201.00_201.50_202.00_,46_45_104_87_208_,199.50_199.00_198.50_198.00_197.50_,47_85_53_69_15_
12:07:53,200.00,1,2866,200.00_200.50_201.00_201.50_202.00_,48_45_104_87_208_,199.50_199.00_198.50_198.00_197.50_,47_85_53_69_15_
12:07:58,200.00,1,2866,200.00_200.50_201.00_201.50_202.00_,48_45_105_87_208_,199.50_199.00_198.50_198.00_197.50_,47_85_53_69_15_
12:08:03,200.00,1,2866,200.00_200.50_201.00_201.50_202.00_,48_46_105_87_208_,199.50_199.00_198.50_198.00_197.50_,47_85_53_69_15_
12:08:09,199.50,1,2867,200.00_200.50_201.00_201.50_202.00_,48_46_105_87_208_,199.50_199.00_198.50_198.00_197.50_,46_85_53_69_15_
12:08:19,199.50,1,2867,200.00_200.50_201.00_201.50_202.00_,48_46_105_101_208_,199.50_199.00_198.50_198.00_197.50_,46_85_53_69_15_
12:08:24,200.00,1,2868,200.00_200.50_201.00_201.50_202.00_,46_46_105_101_208_,199.50_199.00_198.50_198.00_197.50_,46_85_53_69_15_
12:08:29,199.50,1,2869,200.00_200.50_201.00_201.50_202.00_,47_46_105_101_208_,199.50_199.00_198.50_198.00_197.50_,45_85_53_69_15_
12:08:39,199.50,1,2869,200.00_200.50_201.00_201.50_202.00_,46_46_105_101_208_,199.50_199.00_198.50_198.00_197.50_,45_85_53_69_15_
12:08:55,200.00,1,2870,200.00_200.50_201.00_201.50_202.00_,46_46_105_101_208_,199.50_199.00_198.50_198.00_197.50_,45_85_53_69_15_
12:09:05,200.00,1,2871,200.00_200.50_201.00_201.50_202.00_,45_46_105_101_208_,199.50_199.00_198.50_198.00_197.50_,45_85_53_69_15_
12:09:10,200.00,1,2871,200.00_200.50_201.00_201.50_202.00_,46_46_104_101_208_,199.50_199.00_198.50_198.00_197.50_,44_85_53_70_15_
12:09:15,200.00,1,2871,200.00_200.50_201.00_201.50_202.00_,46_46_104_101_208_,199.50_199.00_198.50_198.00_197.50_,44_86_53_70_15_
12:09:20,200.00,1,2871,200.00_200.50_201.00_201.50_202.00_,47_46_104_101_208_,199.50_199.00_198.50_198.00_197.50_,44_86_53_70_15_
12:09:25,200.00,1,2871,200.00_200.50_201.00_201.50_202.00_,47_47_103_101_208_,199.50_199.00_198.50_198.00_197.50_,44_86_53_70_15_
12:09:30,200.00,1,2871,200.00_200.50_201.00_201.50_202.00_,48_47_102_101_208_,199.50_199.00_198.50_198.00_197.50_,44_86_53_70_15_
12:09:41,200.00,1,2872,200.00_200.50_201.00_201.50_202.00_,47_47_102_101_208_,199.50_199.00_198.50_198.00_197.50_,44_86_53_70_15_
12:09:56,199.50,1,2873,200.00_200.50_201.00_201.50_202.00_,48_47_102_101_208_,199.50_199.00_198.50_198.00_197.50_,43_86_53_70_15_
12:10:01,199.50,1,2873,200.00_200.50_201.00_201.50_202.00_,48_47_102_101_208_,199.50_199.00_198.50_198.00_197.50_,44_86_53_70_15_
12:10:06,199.50,1,2873,200.00_200.50_201.00_201.50_202.00_,49_47_102_101_208_,199.50_199.00_198.50_198.00_197.50_,44_86_53_70_15_
12:10:17,199.50,1,2873,200.00_200.50_201.00_201.50_202.00_,49_47_102_101_208_,199.50_199.00_198.50_198.00_197.50_,45_86_53_70_15_
12:10:22,200.00,1,2874,200.00_200.50_201.00_201.50_202.00_,49_47_102_101_208_,199.50_199.00_198.50_198.00_197.50_,45_86_53_70_15_
12:10:27,200.00,1,2874,200.00_200.50_201.00_201.50_202.00_,49_47_102_101_208_,199.50_199.00_198.50_198.00_197.50_,46_86_53_70_15_
12:11:03,200.00,1,2875,200.00_200.50_201.00_201.50_202.00_,49_47_102_101_208_,199.50_199.00_198.50_198.00_197.50_,46_86_53_70_15_
12:11:08,200.00,1,2876,200.00_200.50_201.00_201.50_202.00_,47_47_102_101_208_,199.50_199.00_198.50_198.00_197.50_,46_86_53_70_15_
12:11:23,199.50,1,2877,200.00_200.50_201.00_201.50_202.00_,47_47_102_101_208_,199.50_199.00_198.50_198.00_197.50_,45_86_53_70_15_
12:11:39,200.00,2,2879,200.00_200.50_201.00_201.50_202.00_,48_47_102_101_210_,199.50_199.00_198.50_198.00_197.50_,45_86_53_70_15_
12:11:44,199.50,1,2880,200.00_200.50_201.00_201.50_202.00_,47_47_102_101_210_,199.50_199.00_198.50_198.00_197.50_,44_86_53_70_15_
12:12:04,200.00,1,2881,200.00_200.50_201.00_201.50_202.00_,46_47_102_101_210_,199.50_199.00_198.50_198.00_197.50_,44_86_54_70_15_
12:12:15,200.00,1,2881,200.00_200.50_201.00_201.50_202.00_,45_47_102_101_210_,199.50_199.00_198.50_198.00_197.50_,44_86_54_70_15_
12:12:20,200.00,1,2882,200.00_200.50_201.00_201.50_202.00_,44_47_102_101_210_,199.50_199.00_198.50_198.00_197.50_,44_86_54_70_15_
12:12:25,200.00,1,2882,200.00_200.50_201.00_201.50_202.00_,44_48_101_101_210_,199.50_199.00_198.50_198.00_197.50_,44_86_54_70_15_
12:12:30,200.00,1,2882,200.00_200.50_201.00_201.50_202.00_,44_48_101_101_210_,199.50_199.00_198.50_198.00_197.50_,46_86_54_70_15_
12:12:40,200.00,1,2883,200.00_200.50_201.00_201.50_202.00_,43_48_101_101_210_,199.50_199.00_198.50_198.00_197.50_,46_86_54_70_15_
12:12:45,200.00,1,2883,200.00_200.50_201.00_201.50_202.00_,45_48_101_101_210_,199.50_199.00_198.50_198.00_197.50_,46_86_54_70_15_
12:12:51,200.00,1,2883,200.00_200.50_201.00_201.50_202.00_,47_48_101_101_210_,199.50_199.00_198.50_198.00_197.50_,46_86_54_70_15_
12:13:01,200.00,1,2884,200.00_200.50_201.00_201.50_202.00_,46_48_101_101_210_,199.50_199.00_198.50_198.00_197.50_,46_86_54_70_15_
12:13:16,200.00,1,2885,200.00_200.50_201.00_201.50_202.00_,45_48_101_101_210_,199.50_199.00_198.50_198.00_197.50_,46_86_54_70_15_
12:13:21,200.00,1,2885,200.00_200.50_201.00_201.50_202.00_,45_48_106_101_210_,199.50_199.00_198.50_198.00_197.50_,46_86_54_70_15_
12:13:26,200.00,1,2885,200.00_200.50_201.00_201.50_202.00_,45_48_106_101_210_,199.50_199.00_198.50_198.00_197.50_,46_85_54_70_15_
12:13:37,200.00,1,2886,200.00_200.50_201.00_201.50_202.00_,45_48_106_101_210_,199.50_199.00_198.50_198.00_197.50_,46_85_54_70_15_
12:13:52,199.50,2,2888,200.00_200.50_201.00_201.50_202.00_,45_48_106_101_210_,199.50_199.00_198.50_198.00_197.50_,44_85_54_70_15_
12:13:57,199.50,2,2888,200.00_200.50_201.00_201.50_202.00_,45_48_106_101_212_,199.50_199.00_198.50_198.00_197.50_,44_85_54_70_15_
12:14:02,200.00,1,2889,200.00_200.50_201.00_201.50_202.00_,44_48_106_101_212_,199.50_199.00_198.50_198.00_197.50_,44_85_54_70_15_
12:14:07,200.00,1,2890,200.00_200.50_201.00_201.50_202.00_,43_48_106_101_212_,199.50_199.00_198.50_198.00_197.50_,44_85_54_70_15_
12:14:13,200.00,1,2891,200.00_200.50_201.00_201.50_202.00_,42_48_106_101_212_,199.50_199.00_198.50_198.00_197.50_,44_85_54_70_15_
12:14:18,200.00,2,2893,200.00_200.50_201.00_201.50_202.00_,40_48_106_101_212_,199.50_199.00_198.50_198.00_197.50_,44_85_54_70_15_
12:14:23,200.00,1,2894,200.00_200.50_201.00_201.50_202.00_,39_48_106_101_212_,199.50_199.00_198.50_198.00_197.50_,44_85_54_70_15_
12:14:38,200.00,1,2894,200.00_200.50_201.00_201.50_202.00_,40_48_106_101_212_,199.50_199.00_198.50_198.00_197.50_,44_85_54_70_15_
12:14:48,200.00,1,2894,200.00_200.50_201.00_201.50_202.00_,39_48_106_101_212_,199.50_199.00_198.50_198.00_197.50_,44_85_54_70_15_
12:14:54,200.00,1,2894,200.00_200.50_201.00_201.50_202.00_,41_48_106_101_212_,199.50_199.00_198.50_198.00_197.50_,44_85_54_70_15_
12:14:59,200.00,1,2895,200.00_200.50_201.00_201.50_202.00_,39_48_106_101_212_,199.50_199.00_198.50_198.00_197.50_,44_85_54_70_15_
12:15:04,200.00,1,2895,200.00_200.50_201.00_201.50_202.00_,40_48_106_101_212_,199.50_199.00_198.50_198.00_197.50_,44_85_54_70_15_
12:15:09,200.00,1,2895,200.00_200.50_201.00_201.50_202.00_,39_48_106_101_212_,199.50_199.00_198.50_198.00_197.50_,44_85_54_70_15_
12:15:14,200.00,1,2895,200.00_200.50_201.00_201.50_202.00_,39_48_106_101_212_,199.50_199.00_198.50_198.00_197.50_,45_85_54_70_15_
12:15:35,200.00,1,2896,200.00_200.50_201.00_201.50_202.00_,38_48_106_101_212_,199.50_199.00_198.50_198.00_197.50_,45_85_54_70_15_
12:15:40,200.00,1,2897,200.00_200.50_201.00_201.50_202.00_,38_48_106_101_212_,199.50_199.00_198.50_198.00_197.50_,45_85_54_70_15_
12:15:50,200.00,1,2897,200.00_200.50_201.00_201.50_202.00_,37_48_106_101_212_,199.50_199.00_198.50_198.00_197.50_,45_85_54_70_15_
12:16:05,200.00,1,2897,200.00_200.50_201.00_201.50_202.00_,37_48_106_101_212_,199.50_199.00_198.50_198.00_197.50_,45_84_55_70_15_
12:16:16,200.00,1,2898,200.00_200.50_201.00_201.50_202.00_,36_48_106_101_212_,199.50_199.00_198.50_198.00_197.50_,45_84_55_70_15_
12:16:26,200.00,1,2898,200.00_200.50_201.00_201.50_202.00_,36_48_106_101_212_,199.50_199.00_198.50_198.00_197.50_,46_84_55_70_15_
12:16:31,200.00,1,2899,200.00_200.50_201.00_201.50_202.00_,35_48_106_101_212_,199.50_199.00_198.50_198.00_197.50_,47_84_55_70_15_
12:16:36,199.50,1,2900,200.00_200.50_201.00_201.50_202.00_,35_48_106_101_212_,199.50_199.00_198.50_198.00_197.50_,46_84_55_70_15_
12:16:51,200.00,1,2901,200.00_200.50_201.00_201.50_202.00_,35_48_106_101_212_,199.50_199.00_198.50_198.00_197.50_,46_84_55_70_15_
12:16:56,200.00,1,2901,200.00_200.50_201.00_201.50_202.00_,34_53_106_101_212_,199.50_199.00_198.50_198.00_197.50_,46_84_55_70_16_
12:17:07,200.00,1,2901,200.00_200.50_201.00_201.50_202.00_,33_53_106_106_212_,199.50_199.00_198.50_198.00_197.50_,46_84_55_70_16_
12:17:22,200.00,1,2901,200.00_200.50_201.00_201.50_202.00_,34_53_106_106_212_,199.50_199.00_198.50_198.00_197.50_,46_84_55_70_16_
12:17:27,200.00,1,2901,200.00_200.50_201.00_201.50_202.00_,37_53_106_106_212_,199.50_199.00_198.50_198.00_197.50_,46_84_55_70_16_
12:17:32,200.00,1,2902,200.00_200.50_201.00_201.50_202.00_,36_53_106_106_212_,199.50_199.00_198.50_198.00_197.50_,46_84_55_70_16_
12:17:37,200.00,1,2903,200.00_200.50_201.00_201.50_202.00_,35_53_106_106_212_,199.50_199.00_198.50_198.00_197.50_,45_84_55_70_16_
12:17:43,200.00,1,2903,200.00_200.50_201.00_201.50_202.00_,37_53_106_106_212_,199.50_199.00_198.50_198.00_197.50_,45_84_55_70_16_
12:17:48,200.00,1,2903,200.00_200.50_201.00_201.50_202.00_,37_53_106_106_214_,199.50_199.00_198.50_198.00_197.50_,45_84_55_70_16_
12:17:58,200.00,1,2904,200.00_200.50_201.00_201.50_202.00_,41_53_106_106_214_,199.50_199.00_198.50_198.00_197.50_,45_84_55_70_16_
12:18:03,200.00,1,2904,200.00_200.50_201.00_201.50_202.00_,41_55_106_106_214_,199.50_199.00_198.50_198.00_197.50_,46_84_54_70_16_
12:18:08,200.00,1,2904,200.00_200.50_201.00_201.50_202.00_,41_55_106_106_214_,199.50_199.00_198.50_198.00_197.50_,47_84_54_70_16_
12:18:13,200.00,1,2905,200.00_200.50_201.00_201.50_202.00_,39_55_106_106_214_,199.50_199.00_198.50_198.00_197.50_,47_84_54_70_16_
12:18:23,200.00,1,2905,200.00_200.50_201.00_201.50_202.00_,39_54_106_106_214_,199.50_199.00_198.50_198.00_197.50_,47_84_54_70_16_
12:18:29,200.00,2,2907,200.00_200.50_201.00_201.50_202.00_,38_54_106_106_214_,199.50_199.00_198.50_198.00_197.50_,47_84_54_70_16_
12:18:34,200.00,2,2907,200.00_200.50_201.00_201.50_202.00_,38_54_116_106_214_,199.50_199.00_198.50_198.00_197.50_,47_84_54_70_16_
12:18:44,200.00,20,2927,200.00_200.50_201.00_201.50_202.00_,18_54_116_106_214_,199.50_199.00_198.50_198.00_197.50_,47_84_54_70_16_
12:18:49,200.00,1,2928,200.00_200.50_201.00_201.50_202.00_,20_54_116_106_214_,199.50_199.00_198.50_198.00_197.50_,47_85_54_70_16_
12:18:54,200.00,3,2931,200.00_200.50_201.00_201.50_202.00_,18_54_116_106_214_,199.50_199.00_198.50_198.00_197.50_,47_85_54_70_16_
12:19:05,200.00,1,2932,200.00_200.50_201.00_201.50_202.00_,18_54_116_106_214_,199.50_199.00_198.50_198.00_197.50_,47_85_54_70_16_
12:19:25,200.00,1,2933,200.00_200.50_201.00_201.50_202.00_,17_54_116_106_214_,199.50_199.00_198.50_198.00_197.50_,47_85_54_70_16_
12:19:30,200.00,2,2935,200.00_200.50_201.00_201.50_202.00_,16_54_116_106_214_,199.50_199.00_198.50_198.00_197.50_,47_85_54_70_16_
12:19:35,200.00,1,2936,200.00_200.50_201.00_201.50_202.00_,15_54_116_106_214_,199.50_199.00_198.50_198.00_197.50_,47_85_54_70_16_
12:19:40,200.00,1,2936,200.00_200.50_201.00_201.50_202.00_,15_54_116_106_214_,199.50_199.00_198.50_198.00_197.50_,48_85_54_70_16_
12:19:45,200.00,1,2936,200.00_200.50_201.00_201.50_202.00_,15_54_116_106_214_,199.50_199.00_198.50_198.00_197.50_,48_86_54_70_16_
12:20:06,200.00,1,2937,200.00_200.50_201.00_201.50_202.00_,14_54_116_106_214_,199.50_199.00_198.50_198.00_197.50_,47_86_54_70_16_
12:20:11,200.00,1,2938,200.00_200.50_201.00_201.50_202.00_,13_54_116_106_214_,199.50_199.00_198.50_198.00_197.50_,49_86_54_70_16_
12:20:16,200.00,1,2939,200.00_200.50_201.00_201.50_202.00_,12_54_116_106_214_,199.50_199.00_198.50_198.00_197.50_,49_86_54_70_16_
12:20:21,200.00,1,2939,200.00_200.50_201.00_201.50_202.00_,13_54_116_106_214_,199.50_199.00_198.50_198.00_197.50_,49_86_54_70_16_
12:20:26,200.00,1,2939,200.00_200.50_201.00_201.50_202.00_,12_54_116_106_214_,199.50_199.00_198.50_198.00_197.50_,49_86_55_70_16_
12:20:32,200.00,1,2939,200.00_200.50_201.00_201.50_202.00_,14_54_116_106_214_,199.50_199.00_198.50_198.00_197.50_,49_86_55_70_16_
12:20:37,200.00,1,2939,200.00_200.50_201.00_201.50_202.00_,15_54_116_106_215_,199.50_199.00_198.50_198.00_197.50_,49_86_55_70_16_
12:20:47,200.00,1,2940,200.00_200.50_201.00_201.50_202.00_,14_54_116_106_215_,199.50_199.00_198.50_198.00_197.50_,49_86_55_70_16_
12:20:57,200.00,1,2940,200.00_200.50_201.00_201.50_202.00_,14_54_116_106_215_,199.50_199.00_198.50_198.00_197.50_,49_86_52_70_15_
12:21:02,200.00,1,2941,200.00_200.50_201.00_201.50_202.00_,13_54_116_106_215_,199.50_199.00_198.50_198.00_197.50_,48_86_52_70_15_
12:21:18,199.50,1,2942,200.00_200.50_201.00_201.50_202.00_,14_54_117_106_215_,199.50_199.00_198.50_198.00_197.50_,48_86_52_70_15_
12:21:28,200.00,1,2943,200.00_200.50_201.00_201.50_202.00_,13_54_117_106_215_,199.50_199.00_198.50_198.00_197.50_,48_86_52_71_15_
12:21:44,200.00,1,2943,200.00_200.50_201.00_201.50_202.00_,13_54_117_106_216_,199.50_199.00_198.50_198.00_197.50_,48_86_52_71_15_
12:21:59,200.00,1,2943,200.00_200.50_201.00_201.50_202.00_,13_54_117_107_216_,199.50_199.00_198.50_198.00_197.50_,48_86_52_71_15_
12:22:04,200.00,1,2944,200.00_200.50_201.00_201.50_202.00_,12_54_117_107_216_,199.50_199.00_198.50_198.00_197.50_,48_86_52_71_15_
12:22:09,199.50,1,2945,200.00_200.50_201.00_201.50_202.00_,12_54_117_107_213_,199.50_199.00_198.50_198.00_197.50_,48_86_52_71_15_
12:22:14,199.50,1,2945,200.00_200.50_201.00_201.50_202.00_,13_54_117_107_213_,199.50_199.00_198.50_198.00_197.50_,48_86_52_71_15_
12:22:19,199.50,1,2945,200.00_200.50_201.00_201.50_202.00_,13_56_117_107_213_,199.50_199.00_198.50_198.00_197.50_,48_86_52_71_15_
12:22:25,199.50,1,2945,200.00_200.50_201.00_201.50_202.00_,13_56_117_107_213_,199.50_199.00_198.50_198.00_197.50_,49_86_52_71_15_
12:22:45,200.00,1,2946,200.00_200.50_201.00_201.50_202.00_,13_56_117_107_213_,199.50_199.00_198.50_198.00_197.50_,49_86_52_71_15_
12:22:55,200.00,1,2946,200.00_200.50_201.00_201.50_202.00_,12_56_117_107_213_,199.50_199.00_198.50_198.00_197.50_,49_86_52_71_15_
12:23:26,200.00,1,2947,200.00_200.50_201.00_201.50_202.00_,12_56_117_107_213_,199.50_199.00_198.50_198.00_197.50_,49_86_52_71_15_
12:23:31,200.00,1,2947,200.00_200.50_201.00_201.50_202.00_,12_56_117_107_213_,199.50_199.00_198.50_198.00_197.50_,48_86_52_71_15_
12:23:36,200.00,1,2947,200.00_200.50_201.00_201.50_202.00_,12_56_117_107_214_,199.50_199.00_198.50_198.00_197.50_,48_86_52_71_15_
12:23:41,199.50,3,2950,200.00_200.50_201.00_201.50_202.00_,13_56_117_107_214_,199.50_199.00_198.50_198.00_197.50_,45_86_52_71_15_
12:23:47,199.50,3,2950,200.00_200.50_201.00_201.50_202.00_,13_56_117_107_214_,199.50_199.00_198.50_198.00_197.50_,46_86_52_71_15_
12:23:52,199.50,3,2950,200.00_200.50_201.00_201.50_202.00_,12_56_117_107_214_,199.50_199.00_198.50_198.00_197.50_,46_86_52_71_15_
12:24:02,200.00,1,2951,200.00_200.50_201.00_201.50_202.00_,11_56_117_107_214_,199.50_199.00_198.50_198.00_197.50_,47_86_52_71_15_
12:24:07,200.00,1,2951,200.00_200.50_201.00_201.50_202.00_,15_56_117_107_214_,199.50_199.00_198.50_198.00_197.50_,48_86_52_71_15_
12:24:12,200.00,1,2951,200.00_200.50_201.00_201.50_202.00_,17_56_117_107_214_,199.50_199.00_198.50_198.00_197.50_,49_86_52_71_15_
12:24:43,200.00,1,2952,200.00_200.50_201.00_201.50_202.00_,16_56_117_107_214_,199.50_199.00_198.50_198.00_197.50_,49_86_52_71_15_
12:25:04,200.00,1,2952,200.00_200.50_201.00_201.50_202.00_,16_57_117_107_214_,199.50_199.00_198.50_198.00_197.50_,49_86_52_71_15_
12:25:09,200.00,1,2952,200.00_200.50_201.00_201.50_202.00_,17_57_117_107_214_,199.50_199.00_198.50_198.00_197.50_,49_86_52_71_15_
12:25:14,200.00,5,2957,200.00_200.50_201.00_201.50_202.00_,12_57_117_107_214_,199.50_199.00_198.50_198.00_197.50_,49_86_52_71_15_
12:25:19,200.00,2,2959,200.00_200.50_201.00_201.50_202.00_,10_57_117_106_214_,199.50_199.00_198.50_198.00_197.50_,49_86_52_71_15_
12:25:24,200.00,2,2959,200.00_200.50_201.00_201.50_202.00_,10_56_116_106_214_,199.50_199.00_198.50_198.00_197.50_,49_86_52_71_15_
12:25:34,200.00,2,2959,200.00_200.50_201.00_201.50_202.00_,13_56_116_106_214_,199.50_199.00_198.50_198.00_197.50_,49_86_52_71_15_
12:25:55,200.00,2,2959,200.00_200.50_201.00_201.50_202.00_,15_56_116_106_214_,199.50_199.00_198.50_198.00_197.50_,49_86_52_71_15_
12:26:00,200.00,1,2960,200.00_200.50_201.00_201.50_202.00_,14_56_116_106_214_,199.50_199.00_198.50_198.00_197.50_,49_86_52_71_15_
12:26:15,200.00,1,2960,200.00_200.50_201.00_201.50_202.00_,15_57_116_106_214_,199.50_199.00_198.50_198.00_197.50_,48_86_52_71_15_
12:26:20,200.00,1,2960,200.00_200.50_201.00_201.50_202.00_,15_57_116_106_213_,199.50_199.00_198.50_198.00_197.50_,48_86_52_71_15_
12:26:36,200.00,1,2960,200.00_200.50_201.00_201.50_202.00_,15_57_115_106_213_,199.50_199.00_198.50_198.00_197.50_,48_86_52_71_15_
12:26:41,200.00,1,2961,200.00_200.50_201.00_201.50_202.00_,15_57_115_106_213_,199.50_199.00_198.50_198.00_197.50_,48_86_52_71_15_
12:26:46,200.00,1,2961,200.00_200.50_201.00_201.50_202.00_,16_57_115_106_213_,199.50_199.00_198.50_198.00_197.50_,48_86_52_71_15_
12:27:01,200.00,1,2961,200.00_200.50_201.00_201.50_202.00_,17_57_115_106_213_,199.50_199.00_198.50_198.00_197.50_,48_86_52_71_15_
12:27:06,200.00,1,2961,200.00_200.50_201.00_201.50_202.00_,17_57_116_106_214_,199.50_199.00_198.50_198.00_197.50_,48_86_52_71_15_
12:27:17,200.00,1,2962,200.00_200.50_201.00_201.50_202.00_,16_57_116_106_214_,199.50_199.00_198.50_198.00_197.50_,49_86_52_71_15_
12:27:22,200.00,1,2962,200.00_200.50_201.00_201.50_202.00_,17_57_116_106_214_,199.50_199.00_198.50_198.00_197.50_,49_86_52_71_15_
12:27:27,200.00,1,2962,200.00_200.50_201.00_201.50_202.00_,18_57_116_106_214_,199.50_199.00_198.50_198.00_197.50_,49_86_52_71_15_
12:27:32,200.00,1,2963,200.00_200.50_201.00_201.50_202.00_,18_57_116_106_214_,199.50_199.00_198.50_198.00_197.50_,49_86_52_71_15_
12:27:42,200.00,1,2964,200.00_200.50_201.00_201.50_202.00_,18_57_116_106_214_,199.50_199.00_198.50_198.00_197.50_,49_86_52_71_15_
12:27:47,200.00,1,2964,200.00_200.50_201.00_201.50_202.00_,18_67_116_106_204_,199.50_199.00_198.50_198.00_197.50_,49_86_52_71_15_
12:27:52,199.50,1,2965,200.00_200.50_201.00_201.50_202.00_,18_67_116_106_204_,199.50_199.00_198.50_198.00_197.50_,48_86_52_71_15_
12:27:58,200.00,2,2967,200.00_200.50_201.00_201.50_202.00_,16_67_116_106_204_,199.50_199.00_198.50_198.00_197.50_,48_86_52_71_15_
12:28:03,200.00,2,2967,200.00_200.50_201.00_201.50_202.00_,17_67_116_106_204_,199.50_199.00_198.50_198.00_197.50_,48_86_52_71_15_
12:28:08,199.50,1,2968,200.00_200.50_201.00_201.50_202.00_,19_67_116_106_204_,199.50_199.00_198.50_198.00_197.50_,47_86_52_71_15_
12:28:13,200.00,2,2970,200.00_200.50_201.00_201.50_202.00_,17_67_116_106_204_,199.50_199.00_198.50_198.00_197.50_,47_86_52_71_15_
12:28:39,200.00,1,2971,200.00_200.50_201.00_201.50_202.00_,16_67_116_106_204_,199.50_199.00_198.50_198.00_197.50_,47_86_52_71_15_
12:28:44,200.00,1,2971,200.00_200.50_201.00_201.50_202.00_,17_67_116_106_204_,199.50_199.00_198.50_198.00_197.50_,47_86_52_71_15_
12:28:49,200.00,1,2971,200.00_200.50_201.00_201.50_202.00_,17_67_116_111_204_,199.50_199.00_198.50_198.00_197.50_,47_87_52_71_15_
12:28:59,200.00,1,2971,200.00_200.50_201.00_201.50_202.00_,18_67_116_111_204_,199.50_199.00_198.50_198.00_197.50_,47_87_52_71_15_
12:29:04,200.00,1,2971,200.00_200.50_201.00_201.50_202.00_,30_57_116_111_204_,199.50_199.00_198.50_198.00_197.50_,47_87_52_71_15_
12:29:09,200.00,2,2973,200.00_200.50_201.00_201.50_202.00_,28_57_116_111_204_,199.50_199.00_198.50_198.00_197.50_,47_87_52_71_15_
12:29:14,200.00,1,2974,200.00_200.50_201.00_201.50_202.00_,29_57_116_111_204_,199.50_199.00_198.50_198.00_197.50_,47_77_52_72_17_
12:29:20,200.00,1,2974,200.00_200.50_201.00_201.50_202.00_,31_57_116_111_204_,199.50_199.00_198.50_198.00_197.50_,47_77_52_72_17_
12:29:25,200.00,1,2974,200.00_200.50_201.00_201.50_202.00_,31_57_120_111_204_,199.50_199.00_198.50_198.00_197.50_,47_77_52_72_17_
12:29:30,200.00,1,2975,200.00_200.50_201.00_201.50_202.00_,29_56_120_111_204_,199.50_199.00_198.50_198.00_197.50_,47_77_52_72_17_
12:29:40,200.00,1,2975,200.00_200.50_201.00_201.50_202.00_,29_56_120_111_204_,199.50_199.00_198.50_198.00_197.50_,47_77_53_72_17_
12:29:50,200.00,1,2975,200.00_200.50_201.00_201.50_202.00_,34_51_119_111_204_,199.50_199.00_198.50_198.00_197.50_,47_77_53_72_17_
12:29:55,200.00,1,2976,200.00_200.50_201.00_201.50_202.00_,33_53_119_111_204_,199.50_199.00_198.50_198.00_197.50_,47_77_53_72_17_
12:30:11,200.00,1,2976,200.00_200.50_201.00_201.50_202.00_,34_53_119_111_204_,199.50_199.00_198.50_198.00_197.50_,47_77_53_72_17_
12:30:21,199.50,1,2977,200.00_200.50_201.00_201.50_202.00_,36_53_119_111_204_,199.50_199.00_198.50_198.00_197.50_,46_77_53_72_17_
12:30:26,199.50,1,2977,200.00_200.50_201.00_201.50_202.00_,38_53_119_111_204_,199.50_199.00_198.50_198.00_197.50_,46_77_53_72_17_
12:30:36,200.00,1,2978,200.00_200.50_201.00_201.50_202.00_,37_53_119_111_204_,199.50_199.00_198.50_198.00_197.50_,46_77_53_72_17_
12:30:42,200.00,1,2978,200.00_200.50_201.00_201.50_202.00_,38_53_119_111_204_,199.50_199.00_198.50_198.00_197.50_,46_77_53_72_17_
12:30:52,200.00,1,2978,200.00_200.50_201.00_201.50_202.00_,39_53_117_111_204_,199.50_199.00_198.50_198.00_197.50_,46_77_53_72_17_
12:31:02,200.00,1,2978,200.00_200.50_201.00_201.50_202.00_,39_52_117_111_204_,199.50_199.00_198.50_198.00_197.50_,46_76_53_72_17_
12:31:07,200.00,1,2979,200.00_200.50_201.00_201.50_202.00_,38_52_117_111_204_,199.50_199.00_198.50_198.00_197.50_,46_76_53_72_17_
12:31:12,200.00,1,2980,200.00_200.50_201.00_201.50_202.00_,39_52_117_111_204_,199.50_199.00_198.50_198.00_197.50_,46_76_53_72_17_
12:31:23,200.00,1,2980,200.00_200.50_201.00_201.50_202.00_,39_52_117_111_205_,199.50_199.00_198.50_198.00_197.50_,47_76_53_72_17_
12:31:33,200.00,2,2982,200.00_200.50_201.00_201.50_202.00_,38_52_117_111_205_,199.50_199.00_198.50_198.00_197.50_,47_76_53_72_17_
12:31:38,200.00,2,2982,200.00_200.50_201.00_201.50_202.00_,43_51_118_111_205_,199.50_199.00_198.50_198.00_197.50_,47_76_53_72_17_
12:31:48,200.00,2,2982,200.00_200.50_201.00_201.50_202.00_,43_46_118_111_205_,199.50_199.00_198.50_198.00_197.50_,47_76_53_72_17_
12:31:53,200.00,1,2983,200.00_200.50_201.00_201.50_202.00_,42_46_118_111_205_,199.50_199.00_198.50_198.00_197.50_,47_76_53_72_17_
12:31:59,200.00,1,2983,200.00_200.50_201.00_201.50_202.00_,43_46_118_109_205_,199.50_199.00_198.50_198.00_197.50_,47_76_53_72_17_
12:32:09,200.00,1,2983,200.00_200.50_201.00_201.50_202.00_,48_46_118_109_205_,199.50_199.00_198.50_198.00_197.50_,47_76_53_72_17_
12:32:14,200.00,1,2983,200.00_200.50_201.00_201.50_202.00_,51_46_118_109_205_,199.50_199.00_198.50_198.00_197.50_,47_76_53_72_17_
12:32:19,199.50,2,2985,200.00_200.50_201.00_201.50_202.00_,51_46_118_109_205_,199.50_199.00_198.50_198.00_197.50_,45_76_53_72_17_
12:32:24,199.50,2,2985,200.00_200.50_201.00_201.50_202.00_,51_47_119_109_205_,199.50_199.00_198.50_198.00_197.50_,45_76_53_72_17_
12:32:29,200.00,2,2987,200.00_200.50_201.00_201.50_202.00_,49_47_117_109_205_,199.50_199.00_198.50_198.00_197.50_,45_76_53_72_17_
12:32:34,200.00,2,2987,200.00_200.50_201.00_201.50_202.00_,49_47_117_109_205_,199.50_199.00_198.50_198.00_197.50_,45_76_53_72_18_
12:32:40,200.00,1,2988,200.00_200.50_201.00_201.50_202.00_,49_47_117_109_205_,199.50_199.00_198.50_198.00_197.50_,45_76_53_72_18_
12:32:45,200.00,1,2988,200.00_200.50_201.00_201.50_202.00_,49_47_118_109_205_,199.50_199.00_198.50_198.00_197.50_,45_76_53_72_18_
12:32:50,200.00,1,2988,200.00_200.50_201.00_201.50_202.00_,49_47_118_105_205_,199.50_199.00_198.50_198.00_197.50_,45_76_53_72_18_
12:33:00,200.00,1,2989,200.00_200.50_201.00_201.50_202.00_,48_47_118_105_205_,199.50_199.00_198.50_198.00_197.50_,44_76_53_72_18_
12:33:10,200.00,1,2990,200.00_200.50_201.00_201.50_202.00_,51_47_118_105_205_,199.50_199.00_198.50_198.00_197.50_,44_76_53_72_18_
12:33:21,200.00,1,2990,200.00_200.50_201.00_201.50_202.00_,53_47_118_105_205_,199.50_199.00_198.50_198.00_197.50_,44_76_53_72_18_
12:33:26,200.00,1,2990,200.00_200.50_201.00_201.50_202.00_,57_48_116_101_204_,199.50_199.00_198.50_198.00_197.50_,44_76_53_72_18_
12:33:31,200.00,1,2990,200.00_200.50_201.00_201.50_202.00_,62_48_116_101_204_,199.50_199.00_198.50_198.00_197.50_,44_76_53_72_18_
12:33:36,200.00,1,2990,200.00_200.50_201.00_201.50_202.00_,63_48_116_101_204_,199.50_199.00_198.50_198.00_197.50_,44_76_53_72_18_
12:33:41,200.00,1,2990,200.00_200.50_201.00_201.50_202.00_,67_48_116_101_204_,199.50_199.00_198.50_198.00_197.50_,44_76_53_72_18_
12:33:51,200.00,1,2991,200.00_200.50_201.00_201.50_202.00_,66_48_116_101_204_,199.50_199.00_198.50_198.00_197.50_,44_76_53_72_18_
12:34:27,200.00,1,2992,200.00_200.50_201.00_201.50_202.00_,67_48_116_101_204_,199.50_199.00_198.50_198.00_197.50_,45_76_53_72_18_
12:34:32,200.00,1,2992,200.00_200.50_201.00_201.50_202.00_,67_48_116_101_204_,199.50_199.00_198.50_198.00_197.50_,45_74_53_72_18_
12:34:43,200.00,1,2992,200.00_200.50_201.00_201.50_202.00_,67_48_116_101_204_,199.50_199.00_198.50_198.00_197.50_,45_74_54_72_18_
12:34:48,199.50,1,2993,200.00_200.50_201.00_201.50_202.00_,68_48_116_101_204_,199.50_199.00_198.50_198.00_197.50_,44_74_54_72_18_
12:34:58,199.50,1,2993,200.00_200.50_201.00_201.50_202.00_,70_49_116_101_204_,199.50_199.00_198.50_198.00_197.50_,44_74_54_72_18_
12:35:03,199.50,1,2994,200.00_200.50_201.00_201.50_202.00_,70_49_116_101_204_,199.50_199.00_198.50_198.00_197.50_,43_74_54_72_18_
12:35:08,200.00,1,2995,200.00_200.50_201.00_201.50_202.00_,70_49_116_101_204_,199.50_199.00_198.50_198.00_197.50_,43_74_54_72_18_
12:35:13,200.00,1,2995,200.00_200.50_201.00_201.50_202.00_,72_49_116_101_204_,199.50_199.00_198.50_198.00_197.50_,42_74_54_72_18_
12:35:19,200.00,1,2995,200.00_200.50_201.00_201.50_202.00_,72_59_116_101_204_,199.50_199.00_198.50_198.00_197.50_,42_74_54_72_18_
12:35:24,199.50,3,2998,200.00_200.50_201.00_201.50_202.00_,72_59_116_101_204_,199.50_199.00_198.50_198.00_197.50_,39_74_54_72_18_
12:35:29,199.50,3,2998,200.00_200.50_201.00_201.50_202.00_,70_60_115_101_204_,199.50_199.00_198.50_198.00_197.50_,39_74_54_72_18_
12:35:34,199.50,3,2998,200.00_200.50_201.00_201.50_202.00_,70_61_115_101_204_,199.50_199.00_198.50_198.00_197.50_,39_74_54_72_18_
12:35:39,199.50,3,2998,200.00_200.50_201.00_201.50_202.00_,70_61_115_101_204_,199.50_199.00_198.50_198.00_197.50_,38_74_54_72_18_
12:35:44,199.50,1,2999,200.00_200.50_201.00_201.50_202.00_,70_61_115_101_204_,199.50_199.00_198.50_198.00_197.50_,37_74_54_72_18_
12:35:49,200.00,1,3000,200.00_200.50_201.00_201.50_202.00_,69_61_115_101_204_,199.50_199.00_198.50_198.00_197.50_,38_74_54_72_18_
12:36:00,200.00,1,3000,200.00_200.50_201.00_201.50_202.00_,69_61_115_101_204_,199.50_199.00_198.50_198.00_197.50_,38_75_54_72_18_
12:36:05,200.00,1,3000,200.00_200.50_201.00_201.50_202.00_,70_61_115_101_204_,199.50_199.00_198.50_198.00_197.50_,38_75_54_72_18_
12:36:15,200.00,1,3000,200.00_200.50_201.00_201.50_202.00_,70_61_115_101_204_,199.50_199.00_198.50_198.00_197.50_,48_75_54_72_18_
12:36:25,200.00,1,3001,200.00_200.50_201.00_201.50_202.00_,70_61_115_101_204_,199.50_199.00_198.50_198.00_197.50_,48_75_54_72_18_
12:36:30,200.00,1,3001,200.00_200.50_201.00_201.50_202.00_,71_61_115_101_205_,199.50_199.00_198.50_198.00_197.50_,48_75_54_72_18_
12:36:35,200.00,1,3001,200.00_200.50_201.00_201.50_202.00_,71_61_115_99_205_,199.50_199.00_198.50_198.00_197.50_,48_75_54_72_18_
12:36:46,200.00,1,3001,200.00_200.50_201.00_201.50_202.00_,72_61_115_99_205_,199.50_199.00_198.50_198.00_197.50_,48_75_54_72_18_
12:36:56,199.50,1,3002,200.00_200.50_201.00_201.50_202.00_,72_61_115_99_205_,199.50_199.00_198.50_198.00_197.50_,47_75_54_72_18_
12:37:01,199.50,1,3002,200.00_200.50_201.00_201.50_202.00_,73_61_115_99_205_,199.50_199.00_198.50_198.00_197.50_,47_75_54_72_18_
12:37:06,200.00,1,3003,200.00_200.50_201.00_201.50_202.00_,72_61_115_99_205_,199.50_199.00_198.50_198.00_197.50_,46_75_54_72_18_
12:37:11,200.00,1,3003,200.00_200.50_201.00_201.50_202.00_,72_61_115_100_205_,199.50_199.00_198.50_198.00_197.50_,47_75_54_72_18_
12:37:21,200.00,1,3003,200.00_200.50_201.00_201.50_202.00_,73_61_114_100_205_,199.50_199.00_198.50_198.00_197.50_,49_75_54_72_18_
12:37:32,200.00,1,3003,200.00_200.50_201.00_201.50_202.00_,74_61_114_100_205_,199.50_199.00_198.50_198.00_197.50_,49_75_54_72_18_
12:37:42,200.00,1,3004,200.00_200.50_201.00_201.50_202.00_,73_61_114_100_205_,199.50_199.00_198.50_198.00_197.50_,49_75_54_72_18_
12:37:47,200.00,1,3004,200.00_200.50_201.00_201.50_202.00_,73_60_114_100_205_,199.50_199.00_198.50_198.00_197.50_,49_75_54_72_18_
12:37:52,200.00,1,3004,200.00_200.50_201.00_201.50_202.00_,69_61_114_100_205_,199.50_199.00_198.50_198.00_197.50_,49_75_54_72_18_
12:37:57,200.00,1,3004,200.00_200.50_201.00_201.50_202.00_,69_61_115_100_205_,199.50_199.00_198.50_198.00_197.50_,49_75_54_72_18_
12:38:02,200.00,1,3004,200.00_200.50_201.00_201.50_202.00_,69_61_115_100_205_,199.50_199.00_198.50_198.00_197.50_,49_76_54_72_18_
12:38:07,200.00,1,3004,200.00_200.50_201.00_201.50_202.00_,68_61_115_100_205_,199.50_199.00_198.50_198.00_197.50_,49_76_54_72_18_
12:38:13,200.00,1,3004,200.00_200.50_201.00_201.50_202.00_,68_62_118_100_205_,199.50_199.00_198.50_198.00_197.50_,49_76_54_72_18_
12:38:18,199.50,4,3008,200.00_200.50_201.00_201.50_202.00_,69_62_117_100_205_,199.50_199.00_198.50_198.00_197.50_,45_76_54_72_18_
12:38:23,200.00,1,3009,200.00_200.50_201.00_201.50_202.00_,68_62_117_100_205_,199.50_199.00_198.50_198.00_197.50_,45_76_54_72_18_
12:38:28,200.00,1,3009,200.00_200.50_201.00_201.50_202.00_,68_62_120_100_205_,199.50_199.00_198.50_198.00_197.50_,45_76_54_72_18_
12:38:33,200.00,1,3009,200.00_200.50_201.00_201.50_202.00_,69_62_120_100_205_,199.50_199.00_198.50_198.00_197.50_,45_76_54_72_18_
12:38:38,200.00,1,3010,200.00_200.50_201.00_201.50_202.00_,69_62_120_100_205_,199.50_199.00_198.50_198.00_197.50_,45_76_54_72_18_
12:38:48,200.00,1,3010,200.00_200.50_201.00_201.50_202.00_,70_61_120_100_205_,199.50_199.00_198.50_198.00_197.50_,45_75_54_72_18_
12:38:54,200.00,1,3010,200.00_200.50_201.00_201.50_202.00_,71_61_120_100_205_,199.50_199.00_198.50_198.00_197.50_,46_75_54_72_18_
12:38:59,200.00,1,3010,200.00_200.50_201.00_201.50_202.00_,72_61_120_100_205_,199.50_199.00_198.50_198.00_197.50_,47_75_54_72_18_
12:39:04,200.00,1,3011,200.00_200.50_201.00_201.50_202.00_,73_61_120_100_205_,199.50_199.00_198.50_198.00_197.50_,47_75_54_72_18_
12:39:09,200.00,1,3011,200.00_200.50_201.00_201.50_202.00_,71_61_119_100_205_,199.50_199.00_198.50_198.00_197.50_,47_75_54_72_18_
12:39:14,200.00,1,3011,200.00_200.50_201.00_201.50_202.00_,72_61_119_100_205_,199.50_199.00_198.50_198.00_197.50_,47_75_54_72_18_
12:39:24,200.00,1,3011,200.00_200.50_201.00_201.50_202.00_,72_61_119_100_205_,199.50_199.00_198.50_198.00_197.50_,47_76_54_72_18_
12:39:29,199.50,4,3015,200.00_200.50_201.00_201.50_202.00_,72_61_119_100_205_,199.50_199.00_198.50_198.00_197.50_,43_76_54_72_18_
12:39:35,199.50,4,3015,200.00_200.50_201.00_201.50_202.00_,72_61_120_100_205_,199.50_199.00_198.50_198.00_197.50_,43_76_54_72_18_
12:39:40,200.00,1,3016,200.00_200.50_201.00_201.50_202.00_,71_61_120_100_205_,199.50_199.00_198.50_198.00_197.50_,43_76_54_72_18_
12:39:45,200.00,1,3016,200.00_200.50_201.00_201.50_202.00_,71_59_120_100_205_,199.50_199.00_198.50_198.00_197.50_,43_76_54_72_18_
12:40:05,199.50,1,3017,200.00_200.50_201.00_201.50_202.00_,71_59_120_100_205_,199.50_199.00_198.50_198.00_197.50_,42_76_54_72_18_
12:40:10,200.00,1,3018,200.00_200.50_201.00_201.50_202.00_,71_49_119_100_205_,199.50_199.00_198.50_198.00_197.50_,42_76_54_72_18_
12:40:21,200.00,1,3019,200.00_200.50_201.00_201.50_202.00_,72_49_119_100_205_,199.50_199.00_198.50_198.00_197.50_,42_76_54_72_18_
12:40:26,200.00,1,3019,200.00_200.50_201.00_201.50_202.00_,71_49_119_100_205_,199.50_199.00_198.50_198.00_197.50_,42_76_54_72_18_
12:40:41,199.50,4,3023,200.00_200.50_201.00_201.50_202.00_,72_49_119_100_205_,199.50_199.00_198.50_198.00_197.50_,38_76_54_72_18_
12:40:57,199.50,4,3023,200.00_200.50_201.00_201.50_202.00_,73_49_119_100_205_,199.50_199.00_198.50_198.00_197.50_,38_76_54_72_18_
12:41:02,199.50,5,3028,200.00_200.50_201.00_201.50_202.00_,74_48_119_100_205_,199.50_199.00_198.50_198.00_197.50_,34_76_54_72_18_
12:41:07,199.50,2,3030,200.00_200.50_201.00_201.50_202.00_,75_48_119_100_205_,199.50_199.00_198.50_198.00_197.50_,31_76_54_72_18_
12:41:12,200.00,1,3031,200.00_200.50_201.00_201.50_202.00_,74_48_119_100_205_,199.50_199.00_198.50_198.00_197.50_,31_76_54_72_18_
12:41:17,199.50,1,3032,200.00_200.50_201.00_201.50_202.00_,77_48_120_100_205_,199.50_199.00_198.50_198.00_197.50_,30_76_54_72_18_
12:41:22,199.50,1,3032,200.00_200.50_201.00_201.50_202.00_,76_48_120_100_205_,199.50_199.00_198.50_198.00_197.50_,30_76_54_72_18_
12:41:27,200.00,1,3033,200.00_200.50_201.00_201.50_202.00_,75_48_120_100_205_,199.50_199.00_198.50_198.00_197.50_,31_76_54_72_18_
12:41:32,200.00,1,3033,200.00_200.50_201.00_201.50_202.00_,76_48_120_100_205_,199.50_199.00_198.50_198.00_197.50_,31_76_54_72_18_
12:41:38,200.00,1,3034,200.00_200.50_201.00_201.50_202.00_,78_46_118_100_205_,199.50_199.00_198.50_198.00_197.50_,31_76_54_72_18_
12:41:43,200.00,1,3034,200.00_200.50_201.00_201.50_202.00_,84_44_119_100_205_,199.50_199.00_198.50_198.00_197.50_,31_76_54_72_18_
12:41:48,200.00,1,3034,200.00_200.50_201.00_201.50_202.00_,85_43_120_100_205_,199.50_199.00_198.50_198.00_197.50_,31_75_54_72_18_
12:41:53,200.00,1,3034,200.00_200.50_201.00_201.50_202.00_,85_44_120_100_205_,199.50_199.00_198.50_198.00_197.50_,31_75_54_72_18_
12:41:58,200.00,1,3034,200.00_200.50_201.00_201.50_202.00_,86_44_120_100_205_,199.50_199.00_198.50_198.00_197.50_,31_75_54_72_18_
12:42:08,200.00,1,3034,200.00_200.50_201.00_201.50_202.00_,86_44_120_100_205_,199.50_199.00_198.50_198.00_197.50_,31_75_54_71_18_
12:42:14,200.00,1,3035,200.00_200.50_201.00_201.50_202.00_,86_46_120_100_205_,199.50_199.00_198.50_198.00_197.50_,31_75_54_71_18_
12:42:19,200.00,1,3036,200.00_200.50_201.00_201.50_202.00_,85_46_120_100_205_,199.50_199.00_198.50_198.00_197.50_,31_75_54_71_18_
12:42:29,200.00,1,3036,200.00_200.50_201.00_201.50_202.00_,85_46_120_100_205_,199.50_199.00_198.50_198.00_197.50_,31_75_55_71_18_
12:42:34,200.00,1,3036,200.00_200.50_201.00_201.50_202.00_,87_46_120_100_205_,199.50_199.00_198.50_198.00_197.50_,31_75_55_71_18_
12:42:39,200.00,1,3036,200.00_200.50_201.00_201.50_202.00_,87_46_120_100_205_,199.50_199.00_198.50_198.00_197.50_,32_75_53_71_18_
12:42:55,200.00,1,3037,200.00_200.50_201.00_201.50_202.00_,86_46_120_100_205_,199.50_199.00_198.50_198.00_197.50_,32_75_53_71_18_
12:43:05,200.00,1,3037,200.00_200.50_201.00_201.50_202.00_,87_46_120_100_205_,199.50_199.00_198.50_198.00_197.50_,33_75_53_71_18_
12:43:10,200.00,1,3037,200.00_200.50_201.00_201.50_202.00_,87_46_120_100_205_,199.50_199.00_198.50_198.00_197.50_,33_76_53_71_18_
12:43:20,199.50,2,3039,200.00_200.50_201.00_201.50_202.00_,87_46_120_100_205_,199.50_199.00_198.50_198.00_197.50_,31_76_53_71_18_
12:43:36,200.00,1,3040,200.00_200.50_201.00_201.50_202.00_,87_46_120_100_205_,199.50_199.00_198.50_198.00_197.50_,31_76_53_71_18_
12:43:41,200.00,1,3040,200.00_200.50_201.00_201.50_202.00_,86_46_120_100_205_,199.50_199.00_198.50_198.00_197.50_,31_76_53_71_18_
12:43:46,199.50,1,3041,200.00_200.50_201.00_201.50_202.00_,84_46_120_100_205_,199.50_199.00_198.50_198.00_197.50_,30_76_53_71_18_
12:43:56,199.50,1,3041,200.00_200.50_201.00_201.50_202.00_,84_46_120_100_207_,199.50_199.00_198.50_198.00_197.50_,30_76_53_71_18_
12:44:06,199.50,1,3041,200.00_200.50_201.00_201.50_202.00_,94_46_120_100_207_,199.50_199.00_198.50_198.00_197.50_,30_76_53_71_18_
12:44:17,200.00,1,3042,200.00_200.50_201.00_201.50_202.00_,94_44_120_100_207_,199.50_199.00_198.50_198.00_197.50_,30_76_53_71_18_
12:44:27,200.00,1,3042,200.00_200.50_201.00_201.50_202.00_,95_44_120_100_207_,199.50_199.00_198.50_198.00_197.50_,30_76_53_71_18_
12:44:32,200.00,1,3042,200.00_200.50_201.00_201.50_202.00_,95_44_120_99_207_,199.50_199.00_198.50_198.00_197.50_,30_76_53_71_18_
12:44:37,200.00,1,3042,200.00_200.50_201.00_201.50_202.00_,94_44_120_99_207_,199.50_199.00_198.50_198.00_197.50_,30_76_53_71_18_
12:44:47,200.00,1,3042,200.00_200.50_201.00_201.50_202.00_,95_44_120_99_207_,199.50_199.00_198.50_198.00_197.50_,30_76_53_71_18_
12:44:52,200.00,1,3043,200.00_200.50_201.00_201.50_202.00_,94_44_120_99_207_,199.50_199.00_198.50_198.00_197.50_,30_76_53_71_18_
12:44:58,199.50,2,3045,200.00_200.50_201.00_201.50_202.00_,94_44_122_100_207_,199.50_199.00_198.50_198.00_197.50_,28_76_53_71_18_
12:45:03,199.50,2,3045,200.00_200.50_201.00_201.50_202.00_,95_44_122_99_207_,199.50_199.00_198.50_198.00_197.50_,28_76_53_71_18_
12:45:08,199.50,2,3045,200.00_200.50_201.00_201.50_202.00_,96_44_122_99_207_,199.50_199.00_198.50_198.00_197.50_,28_76_53_71_18_
12:45:18,200.00,1,3046,200.00_200.50_201.00_201.50_202.00_,95_44_122_99_207_,199.50_199.00_198.50_198.00_197.50_,28_76_53_71_18_
12:45:23,200.00,1,3046,200.00_200.50_201.00_201.50_202.00_,94_44_122_99_207_,199.50_199.00_198.50_198.00_197.50_,27_76_53_71_18_
12:45:28,200.00,1,3046,200.00_200.50_201.00_201.50_202.00_,95_44_122_99_207_,199.50_199.00_198.50_198.00_197.50_,27_76_53_71_18_
12:45:33,200.00,1,3047,200.00_200.50_201.00_201.50_202.00_,94_44_122_99_207_,199.50_199.00_198.50_198.00_197.50_,27_76_53_71_18_
12:45:39,200.00,1,3048,200.00_200.50_201.00_201.50_202.00_,93_44_122_99_207_,199.50_199.00_198.50_198.00_197.50_,27_77_53_71_18_
12:45:54,199.50,1,3049,200.00_200.50_201.00_201.50_202.00_,91_44_122_99_207_,199.50_199.00_198.50_198.00_197.50_,26_77_53_71_18_
12:45:59,199.50,1,3049,200.00_200.50_201.00_201.50_202.00_,93_44_122_99_207_,199.50_199.00_198.50_198.00_197.50_,27_77_53_71_18_
12:46:09,199.50,3,3052,200.00_200.50_201.00_201.50_202.00_,93_44_122_100_207_,199.50_199.00_198.50_198.00_197.50_,24_77_53_71_18_
12:46:14,200.00,1,3053,200.00_200.50_201.00_201.50_202.00_,92_44_122_100_207_,199.50_199.00_198.50_198.00_197.50_,23_77_53_71_18_
12:46:20,199.50,1,3054,200.00_200.50_201.00_201.50_202.00_,93_44_121_100_207_,199.50_199.00_198.50_198.00_197.50_,22_77_53_71_18_
12:46:25,199.50,1,3055,200.00_200.50_201.00_201.50_202.00_,93_44_120_100_207_,199.50_199.00_198.50_198.00_197.50_,21_77_53_71_18_
12:46:30,199.50,1,3055,200.00_200.50_201.00_201.50_202.00_,93_44_121_100_207_,199.50_199.00_198.50_198.00_197.50_,21_77_53_71_18_
12:46:35,199.50,1,3055,200.00_200.50_201.00_201.50_202.00_,90_44_121_100_208_,199.50_199.00_198.50_198.00_197.50_,21_77_53_71_18_
12:46:40,199.50,1,3055,200.00_200.50_201.00_201.50_202.00_,90_44_122_100_208_,199.50_199.00_198.50_198.00_197.50_,21_77_53_71_18_
12:46:45,199.50,1,3056,200.00_200.50_201.00_201.50_202.00_,90_44_122_100_208_,199.50_199.00_198.50_198.00_197.50_,20_77_53_71_18_
12:46:50,200.00,1,3057,200.00_200.50_201.00_201.50_202.00_,89_44_122_100_208_,199.50_199.00_198.50_198.00_197.50_,20_77_53_71_18_
12:46:55,200.00,1,3057,200.00_200.50_201.00_201.50_202.00_,89_44_122_86_208_,199.50_199.00_198.50_198.00_197.50_,20_77_53_71_18_
12:47:00,200.00,1,3058,200.00_200.50_201.00_201.50_202.00_,89_44_122_86_208_,199.50_199.00_198.50_198.00_197.50_,19_77_53_72_18_
12:47:11,200.00,1,3059,200.00_200.50_201.00_201.50_202.00_,88_59_122_86_208_,199.50_199.00_198.50_198.00_197.50_,19_77_53_72_18_
12:47:16,200.00,1,3059,200.00_200.50_201.00_201.50_202.00_,88_61_120_86_208_,199.50_199.00_198.50_198.00_197.50_,19_77_53_72_18_
12:47:21,200.00,1,3059,200.00_200.50_201.00_201.50_202.00_,88_61_120_86_209_,199.50_199.00_198.50_198.00_197.50_,19_77_53_72_18_
12:47:26,200.00,1,3059,200.00_200.50_201.00_201.50_202.00_,90_61_120_86_209_,199.50_199.00_198.50_198.00_197.50_,19_77_53_72_18_
12:47:31,199.50,2,3061,200.00_200.50_201.00_201.50_202.00_,89_61_120_86_209_,199.50_199.00_198.50_198.00_197.50_,18_77_53_72_18_
12:47:41,199.50,2,3061,200.00_200.50_201.00_201.50_202.00_,90_61_120_86_209_,199.50_199.00_198.50_198.00_197.50_,18_77_53_72_18_
12:47:46,199.50,2,3061,200.00_200.50_201.00_201.50_202.00_,91_61_120_86_209_,199.50_199.00_198.50_198.00_197.50_,18_77_53_72_18_
12:47:52,199.50,2,3061,200.00_200.50_201.00_201.50_202.00_,96_61_120_86_209_,199.50_199.00_198.50_198.00_197.50_,18_77_53_72_18_
12:47:57,199.50,2,3061,200.00_200.50_201.00_201.50_202.00_,97_61_120_86_209_,199.50_199.00_198.50_198.00_197.50_,18_77_53_72_18_
12:48:02,199.50,4,3065,200.00_200.50_201.00_201.50_202.00_,97_60_120_86_209_,199.50_199.00_198.50_198.00_197.50_,14_77_53_72_18_
12:48:07,199.50,1,3066,200.00_200.50_201.00_201.50_202.00_,98_61_120_86_209_,199.50_199.00_198.50_198.00_197.50_,13_79_53_72_18_
12:48:12,199.50,1,3067,200.00_200.50_201.00_201.50_202.00_,98_57_120_86_209_,199.50_199.00_198.50_198.00_197.50_,16_79_53_72_18_
12:48:17,199.50,5,3072,200.00_200.50_201.00_201.50_202.00_,98_57_120_86_209_,199.50_199.00_198.50_198.00_197.50_,11_79_53_72_18_
12:48:22,199.50,5,3077,200.00_200.50_201.00_201.50_202.00_,96_57_120_86_209_,199.50_199.00_198.50_198.00_197.50_,9_79_53_72_18_
12:48:27,199.50,7,3084,200.00_200.50_201.00_201.50_202.00_,96_58_120_86_209_,199.50_199.00_198.50_198.00_197.50_,5_79_53_72_18_
12:48:33,199.50,1,3085,200.00_200.50_201.00_201.50_202.00_,96_58_120_86_209_,199.50_199.00_198.50_198.00_197.50_,4_79_53_72_18_
12:48:38,199.50,1,3085,200.00_200.50_201.00_201.50_202.00_,95_58_120_86_209_,199.50_199.00_198.50_198.00_197.50_,4_79_53_75_18_
12:48:43,199.50,2,3087,200.00_200.50_201.00_201.50_202.00_,95_58_120_86_209_,199.50_199.00_198.50_198.00_197.50_,2_79_53_75_18_
12:48:48,199.50,4,3091,200.00_200.50_201.00_201.50_202.00_,95_58_121_86_209_,199.50_199.00_198.50_198.00_197.50_,1_81_53_75_18_
12:48:53,199.50,1,3092,199.50_200.00_200.50_201.00_201.50_,2_95_58_121_86_,199.00_198.50_198.00_197.50_197.00_,81_53_75_18_58_
12:48:58,199.50,1,3092,199.50_200.00_200.50_201.00_201.50_,6_91_68_110_86_,199.00_198.50_198.00_197.50_197.00_,81_53_53_46_58_
12:49:03,199.50,1,3092,199.50_200.00_200.50_201.00_201.50_,8_91_68_110_86_,199.00_198.50_198.00_197.50_197.00_,80_53_53_46_58_
12:49:14,199.50,1,3092,199.50_200.00_200.50_201.00_201.50_,10_91_68_110_86_,199.00_198.50_198.00_197.50_197.00_,90_53_53_46_58_
12:49:24,199.50,1,3092,199.50_200.00_200.50_201.00_201.50_,12_91_68_110_86_,199.00_198.50_198.00_197.50_197.00_,90_53_53_46_58_
12:49:29,199.50,1,3093,199.50_200.00_200.50_201.00_201.50_,14_88_68_110_86_,199.00_198.50_198.00_197.50_197.00_,90_53_53_46_57_
12:49:34,199.50,1,3093,199.50_200.00_200.50_201.00_201.50_,14_87_68_110_86_,199.00_198.50_198.00_197.50_197.00_,90_78_53_46_57_
12:49:39,199.50,1,3094,199.50_200.00_200.50_201.00_201.50_,13_87_68_110_86_,199.00_198.50_198.00_197.50_197.00_,90_78_53_46_57_
12:49:44,199.50,1,3094,199.50_200.00_200.50_201.00_201.50_,13_85_68_110_86_,199.00_198.50_198.00_197.50_197.00_,90_78_53_46_57_
12:49:49,199.00,2,3096,199.50_200.00_200.50_201.00_201.50_,12_85_68_110_86_,199.00_198.50_198.00_197.50_197.00_,88_78_53_46_57_
12:49:54,199.00,1,3097,199.50_200.00_200.50_201.00_201.50_,12_85_68_110_86_,199.00_198.50_198.00_197.50_197.00_,86_77_52_46_56_
12:50:00,199.50,1,3098,199.50_200.00_200.50_201.00_201.50_,12_86_68_110_86_,199.00_198.50_198.00_197.50_197.00_,86_77_52_46_56_
12:50:05,199.50,1,3099,199.50_200.00_200.50_201.00_201.50_,11_86_68_110_86_,199.00_198.50_198.00_197.50_197.00_,86_78_52_46_56_
12:50:10,199.50,1,3099,199.50_200.00_200.50_201.00_201.50_,11_87_68_110_86_,199.00_198.50_198.00_197.50_197.00_,86_78_52_46_56_
12:50:15,199.50,1,3099,199.50_200.00_200.50_201.00_201.50_,15_88_69_110_86_,199.00_198.50_198.00_197.50_197.00_,86_78_52_46_56_
12:50:20,199.00,1,3100,199.50_200.00_200.50_201.00_201.50_,15_88_70_110_86_,199.00_198.50_198.00_197.50_197.00_,85_78_52_46_56_
12:50:25,199.00,1,3101,199.50_200.00_200.50_201.00_201.50_,15_88_70_110_86_,199.00_198.50_198.00_197.50_197.00_,83_78_52_46_56_
12:50:30,199.50,1,3102,199.50_200.00_200.50_201.00_201.50_,15_88_70_110_86_,199.00_198.50_198.00_197.50_197.00_,83_78_52_46_56_
12:50:35,199.50,1,3102,199.50_200.00_200.50_201.00_201.50_,15_88_70_111_86_,199.00_198.50_198.00_197.50_197.00_,83_78_52_45_56_
12:50:40,199.50,1,3102,199.50_200.00_200.50_201.00_201.50_,17_89_55_111_86_,199.00_198.50_198.00_197.50_197.00_,83_78_52_45_56_
12:50:46,199.50,1,3103,199.50_200.00_200.50_201.00_201.50_,16_89_55_111_86_,199.00_198.50_198.00_197.50_197.00_,83_78_52_45_56_
12:50:51,199.50,1,3103,199.50_200.00_200.50_201.00_201.50_,17_89_54_111_86_,199.00_198.50_198.00_197.50_197.00_,83_78_48_45_56_
12:51:01,199.50,1,3104,199.50_200.00_200.50_201.00_201.50_,16_89_54_111_86_,199.00_198.50_198.00_197.50_197.00_,83_78_48_45_56_
12:51:06,199.50,1,3104,199.50_200.00_200.50_201.00_201.50_,16_89_54_111_86_,199.00_198.50_198.00_197.50_197.00_,83_73_53_45_56_
12:51:11,199.50,1,3104,199.50_200.00_200.50_201.00_201.50_,16_87_54_111_86_,199.00_198.50_198.00_197.50_197.00_,83_73_53_45_56_
12:51:22,199.50,1,3104,199.50_200.00_200.50_201.00_201.50_,17_87_54_111_86_,199.00_198.50_198.00_197.50_197.00_,83_73_53_45_56_
12:51:27,199.50,1,3105,199.50_200.00_200.50_201.00_201.50_,15_87_54_112_86_,199.00_198.50_198.00_197.50_197.00_,83_73_53_45_56_
12:51:32,199.00,1,3106,199.50_200.00_200.50_201.00_201.50_,15_87_54_112_86_,199.00_198.50_198.00_197.50_197.00_,82_73_53_45_56_
12:51:37,199.00,1,3106,199.50_200.00_200.50_201.00_201.50_,15_87_54_112_86_,199.00_198.50_198.00_197.50_197.00_,83_73_53_45_56_
12:51:47,199.00,1,3106,199.50_200.00_200.50_201.00_201.50_,15_86_54_112_86_,199.00_198.50_198.00_197.50_197.00_,83_73_53_45_56_
12:51:52,199.00,1,3106,199.50_200.00_200.50_201.00_201.50_,16_86_54_112_86_,199.00_198.50_198.00_197.50_197.00_,83_73_53_45_56_
12:51:57,199.50,2,3108,199.50_200.00_200.50_201.00_201.50_,15_87_54_111_86_,199.00_198.50_198.00_197.50_197.00_,83_73_53_45_56_
12:52:03,199.50,1,3109,199.50_200.00_200.50_201.00_201.50_,14_87_55_111_86_,199.00_198.50_198.00_197.50_197.00_,83_73_53_45_56_
12:52:13,199.00,1,3110,199.50_200.00_200.50_201.00_201.50_,17_87_55_111_86_,199.00_198.50_198.00_197.50_197.00_,82_73_53_45_56_
12:52:28,199.00,1,3110,199.50_200.00_200.50_201.00_201.50_,20_86_55_111_86_,199.00_198.50_198.00_197.50_197.00_,82_73_53_45_56_
12:52:33,199.00,1,3111,199.50_200.00_200.50_201.00_201.50_,20_86_55_111_86_,199.00_198.50_198.00_197.50_197.00_,81_73_53_46_56_
12:52:38,199.00,1,3111,199.50_200.00_200.50_201.00_201.50_,21_86_55_111_86_,199.00_198.50_198.00_197.50_197.00_,81_74_53_46_56_
12:52:44,199.50,1,3112,199.50_200.00_200.50_201.00_201.50_,20_86_55_111_86_,199.00_198.50_198.00_197.50_197.00_,81_74_53_46_56_
12:52:49,199.50,1,3112,199.50_200.00_200.50_201.00_201.50_,20_84_55_111_86_,199.00_198.50_198.00_197.50_197.00_,81_74_53_46_56_
12:52:54,199.50,1,3112,199.50_200.00_200.50_201.00_201.50_,20_84_55_113_86_,199.00_198.50_198.00_197.50_197.00_,81_74_53_46_56_
12:52:59,199.50,1,3112,199.50_200.00_200.50_201.00_201.50_,21_84_55_113_86_,199.00_198.50_198.00_197.50_197.00_,81_74_53_46_56_
12:53:04,199.50,1,3112,199.50_200.00_200.50_201.00_201.50_,22_84_53_113_86_,199.00_198.50_198.00_197.50_197.00_,82_74_53_46_56_
12:53:14,199.50,1,3112,199.50_200.00_200.50_201.00_201.50_,25_85_53_113_86_,199.00_198.50_198.00_197.50_197.00_,82_74_53_46_56_
12:53:25,199.50,1,3113,199.50_200.00_200.50_201.00_201.50_,24_85_53_113_86_,199.00_198.50_198.00_197.50_197.00_,82_74_53_46_56_
12:53:35,199.00,1,3114,199.50_200.00_200.50_201.00_201.50_,24_85_51_113_86_,199.00_198.50_198.00_197.50_197.00_,82_74_53_46_56_
12:53:45,199.00,1,3114,199.50_200.00_200.50_201.00_201.50_,25_85_51_113_86_,199.00_198.50_198.00_197.50_197.00_,82_74_53_46_56_
12:53:50,199.00,1,3114,199.50_200.00_200.50_201.00_201.50_,26_85_51_113_86_,199.00_198.50_198.00_197.50_197.00_,82_74_53_46_56_
12:53:55,199.50,3,3117,199.50_200.00_200.50_201.00_201.50_,23_85_51_112_86_,199.00_198.50_198.00_197.50_197.00_,82_74_53_46_56_
12:54:01,199.00,2,3119,199.50_200.00_200.50_201.00_201.50_,23_85_51_112_86_,199.00_198.50_198.00_197.50_197.00_,81_73_53_46_56_
12:54:06,199.50,1,3120,199.50_200.00_200.50_201.00_201.50_,22_86_50_112_86_,199.00_198.50_198.00_197.50_197.00_,80_73_53_46_56_
12:54:11,199.50,1,3120,199.50_200.00_200.50_201.00_201.50_,20_87_50_112_86_,199.00_198.50_198.00_197.50_197.00_,80_73_53_46_56_
12:54:16,199.50,1,3120,199.50_200.00_200.50_201.00_201.50_,21_87_50_112_86_,199.00_198.50_198.00_197.50_197.00_,81_73_53_46_56_
12:54:21,199.50,1,3120,199.50_200.00_200.50_201.00_201.50_,21_88_50_112_86_,199.00_198.50_198.00_197.50_197.00_,81_73_53_46_56_
12:54:26,199.50,1,3120,199.50_200.00_200.50_201.00_201.50_,21_88_50_112_81_,199.00_198.50_198.00_197.50_197.00_,81_73_53_46_56_
12:54:42,199.00,2,3122,199.50_200.00_200.50_201.00_201.50_,21_88_50_122_81_,199.00_198.50_198.00_197.50_197.00_,80_73_53_46_56_
12:54:52,199.00,2,3122,199.50_200.00_200.50_201.00_201.50_,24_90_50_122_81_,199.00_198.50_198.00_197.50_197.00_,79_73_53_46_56_
12:54:57,199.50,1,3123,199.50_200.00_200.50_201.00_201.50_,24_90_50_122_81_,199.00_198.50_198.00_197.50_197.00_,78_73_53_46_56_
12:55:02,199.00,1,3124,199.50_200.00_200.50_201.00_201.50_,25_90_50_122_81_,199.00_198.50_198.00_197.50_197.00_,79_73_53_46_56_
12:55:07,199.00,1,3125,199.50_200.00_200.50_201.00_201.50_,25_90_50_122_81_,199.00_198.50_198.00_197.50_197.00_,78_74_53_46_56_
12:55:18,199.00,1,3125,199.50_200.00_200.50_201.00_201.50_,26_90_50_122_81_,199.00_198.50_198.00_197.50_197.00_,78_74_53_46_56_
12:55:23,199.50,1,3126,199.50_200.00_200.50_201.00_201.50_,26_100_50_122_81_,199.00_198.50_198.00_197.50_197.00_,78_74_53_46_56_
12:55:43,199.50,1,3126,199.50_200.00_200.50_201.00_201.50_,28_102_50_122_81_,199.00_198.50_198.00_197.50_197.00_,78_74_53_46_56_
12:55:48,199.50,1,3126,199.50_200.00_200.50_201.00_201.50_,27_102_50_122_81_,199.00_198.50_198.00_197.50_197.00_,78_74_53_46_56_
12:55:54,199.00,3,3129,199.50_200.00_200.50_201.00_201.50_,27_101_49_122_82_,199.00_198.50_198.00_197.50_197.00_,75_74_53_46_56_
12:55:59,199.50,1,3130,199.50_200.00_200.50_201.00_201.50_,26_100_49_122_82_,199.00_198.50_198.00_197.50_197.00_,75_74_53_46_62_
12:56:14,199.00,1,3131,199.50_200.00_200.50_201.00_201.50_,26_100_49_122_81_,199.00_198.50_198.00_197.50_197.00_,74_74_53_46_62_
12:56:24,199.00,1,3131,199.50_200.00_200.50_201.00_201.50_,27_100_49_122_80_,199.00_198.50_198.00_197.50_197.00_,74_75_53_46_62_
12:56:29,199.00,1,3131,199.50_200.00_200.50_201.00_201.50_,28_100_49_122_80_,199.00_198.50_198.00_197.50_197.00_,74_75_53_46_62_
12:56:34,199.00,1,3131,199.50_200.00_200.50_201.00_201.50_,29_100_49_122_80_,199.00_198.50_198.00_197.50_197.00_,74_75_53_46_62_
12:56:40,199.00,1,3132,199.50_200.00_200.50_201.00_201.50_,29_100_49_120_80_,199.00_198.50_198.00_197.50_197.00_,74_75_53_46_62_
12:56:45,199.00,1,3133,199.50_200.00_200.50_201.00_201.50_,29_100_49_120_80_,199.00_198.50_198.00_197.50_197.00_,73_75_53_46_62_
12:56:50,199.50,1,3134,199.50_200.00_200.50_201.00_201.50_,28_100_49_120_80_,199.00_198.50_198.00_197.50_197.00_,73_75_53_46_62_
12:56:55,199.00,4,3138,199.50_200.00_200.50_201.00_201.50_,28_100_49_120_80_,199.00_198.50_198.00_197.50_197.00_,70_75_53_46_62_
12:57:00,199.50,1,3139,199.50_200.00_200.50_201.00_201.50_,27_100_49_120_80_,199.00_198.50_198.00_197.50_197.00_,70_75_53_46_62_
12:57:05,199.00,1,3140,199.50_200.00_200.50_201.00_201.50_,27_100_49_120_80_,199.00_198.50_198.00_197.50_197.00_,71_75_53_46_62_
12:57:10,199.00,1,3141,199.50_200.00_200.50_201.00_201.50_,27_100_49_120_80_,199.00_198.50_198.00_197.50_197.00_,71_75_53_46_62_
12:57:15,199.50,1,3142,199.50_200.00_200.50_201.00_201.50_,26_100_50_120_80_,199.00_198.50_198.00_197.50_197.00_,71_75_53_46_62_
12:57:20,199.50,1,3142,199.50_200.00_200.50_201.00_201.50_,27_99_50_120_80_,199.00_198.50_198.00_197.50_197.00_,71_75_53_46_62_
12:57:26,199.50,1,3142,199.50_200.00_200.50_201.00_201.50_,28_100_50_120_80_,199.00_198.50_198.00_197.50_197.00_,71_75_53_46_62_
12:57:36,199.50,1,3143,199.50_200.00_200.50_201.00_201.50_,29_100_50_120_80_,199.00_198.50_198.00_197.50_197.00_,72_75_53_46_62_
12:57:41,199.50,1,3143,199.50_200.00_200.50_201.00_201.50_,30_100_50_121_80_,199.00_198.50_198.00_197.50_197.00_,72_75_53_46_62_
12:57:46,199.50,1,3143,199.50_200.00_200.50_201.00_201.50_,30_100_49_121_80_,199.00_198.50_198.00_197.50_197.00_,72_75_53_46_62_
12:57:51,199.50,1,3143,199.50_200.00_200.50_201.00_201.50_,31_100_53_121_80_,199.00_198.50_198.00_197.50_197.00_,72_75_53_46_62_
12:57:56,199.50,1,3144,199.50_200.00_200.50_201.00_201.50_,30_100_53_121_80_,199.00_198.50_198.00_197.50_197.00_,71_75_53_46_62_
12:58:01,199.50,10,3154,199.50_200.00_200.50_201.00_201.50_,20_100_53_121_80_,199.00_198.50_198.00_197.50_197.00_,71_75_53_46_62_
12:58:07,199.50,10,3154,199.50_200.00_200.50_201.00_201.50_,21_90_53_121_80_,199.00_198.50_198.00_197.50_197.00_,71_75_53_46_62_
12:58:12,199.00,2,3156,199.50_200.00_200.50_201.00_201.50_,18_91_53_121_80_,199.00_198.50_198.00_197.50_197.00_,69_76_53_46_62_
12:58:27,199.00,2,3156,199.50_200.00_200.50_201.00_201.50_,18_91_53_121_79_,199.00_198.50_198.00_197.50_197.00_,70_76_53_46_62_
12:58:37,199.50,1,3157,199.50_200.00_200.50_201.00_201.50_,17_92_53_121_79_,199.00_198.50_198.00_197.50_197.00_,70_76_53_46_62_
12:58:42,199.00,1,3158,199.50_200.00_200.50_201.00_201.50_,17_92_54_121_79_,199.00_198.50_198.00_197.50_197.00_,69_76_53_46_62_
12:58:53,199.00,1,3158,199.50_200.00_200.50_201.00_201.50_,17_92_54_121_79_,199.00_198.50_198.00_197.50_197.00_,70_76_53_46_62_
12:58:58,199.50,1,3159,199.50_200.00_200.50_201.00_201.50_,16_92_54_121_79_,199.00_198.50_198.00_197.50_197.00_,70_76_53_46_62_
12:59:03,199.50,5,3164,199.50_200.00_200.50_201.00_201.50_,12_90_54_121_79_,199.00_198.50_198.00_197.50_197.00_,70_76_53_46_62_
12:59:08,199.50,2,3166,199.50_200.00_200.50_201.00_201.50_,10_91_54_122_79_,199.00_198.50_198.00_197.50_197.00_,69_76_53_46_62_
12:59:13,199.50,10,3176,200.00_200.50_201.00_201.50_202.00_,96_54_122_79_211_,199.50_199.00_198.50_198.00_197.50_,1_70_76_53_46_
12:59:18,199.50,1,3177,200.00_200.50_201.00_201.50_202.00_,96_43_133_79_211_,199.00_198.50_198.00_197.50_197.00_,69_76_75_24_62_
12:59:23,199.50,1,3177,199.50_200.00_200.50_201.00_201.50_,1_96_43_133_79_,199.00_198.50_198.00_197.50_197.00_,70_76_55_44_62_
12:59:29,199.50,1,3177,199.50_200.00_200.50_201.00_201.50_,1_96_54_122_79_,199.00_198.50_198.00_197.50_197.00_,70_76_53_46_62_
12:59:34,199.50,1,3178,200.00_200.50_201.00_201.50_202.00_,96_54_122_79_211_,199.00_198.50_198.00_197.50_197.00_,70_76_53_46_62_
12:59:39,199.50,1,3178,200.00_200.50_201.00_201.50_202.00_,97_43_133_79_211_,199.00_198.50_198.00_197.50_197.00_,70_76_55_44_62_
12:59:44,199.50,1,3178,200.00_200.50_201.00_201.50_202.00_,97_43_133_79_211_,199.00_198.50_198.00_197.50_197.00_,71_76_55_44_62_
12:59:49,199.50,1,3178,200.00_200.50_201.00_201.50_202.00_,100_43_133_79_211_,199.50_199.00_198.50_198.00_197.50_,1_72_76_55_44_
12:59:54,199.50,1,3179,200.00_200.50_201.00_201.50_202.00_,100_43_133_79_211_,199.50_199.00_198.50_198.00_197.50_,3_71_76_75_24_
13:00:04,199.50,1,3180,200.00_200.50_201.00_201.50_202.00_,100_43_133_79_211_,199.50_199.00_198.50_198.00_197.50_,4_72_76_75_24_
13:00:20,199.50,1,3181,200.00_200.50_201.00_201.50_202.00_,100_43_133_79_211_,199.50_199.00_198.50_198.00_197.50_,3_72_76_75_24_
13:00:25,199.50,1,3182,200.00_200.50_201.00_201.50_202.00_,100_43_133_79_211_,199.50_199.00_198.50_198.00_197.50_,2_72_76_75_24_
13:00:30,199.50,1,3183,200.00_200.50_201.00_201.50_202.00_,101_43_133_79_211_,199.50_199.00_198.50_198.00_197.50_,2_73_76_75_24_
13:00:35,199.50,1,3184,200.00_200.50_201.00_201.50_202.00_,102_43_133_79_211_,199.50_199.00_198.50_198.00_197.50_,1_73_76_75_24_
13:00:40,199.50,1,3184,200.00_200.50_201.00_201.50_202.00_,101_44_133_79_210_,199.50_199.00_198.50_198.00_197.50_,1_73_75_75_24_
13:00:45,199.50,1,3185,200.00_200.50_201.00_201.50_202.00_,101_44_133_79_210_,199.00_198.50_198.00_197.50_197.00_,73_75_75_24_62_
13:00:50,199.50,1,3185,200.00_200.50_201.00_201.50_202.00_,102_44_134_79_211_,199.00_198.50_198.00_197.50_197.00_,73_75_55_44_62_
13:01:06,199.50,1,3185,200.00_200.50_201.00_201.50_202.00_,102_44_134_79_211_,199.00_198.50_198.00_197.50_197.00_,74_75_55_44_62_
13:01:11,200.00,1,3186,200.00_200.50_201.00_201.50_202.00_,101_44_134_79_211_,199.00_198.50_198.00_197.50_197.00_,74_75_55_44_62_
13:01:16,200.00,1,3186,199.50_200.00_200.50_201.00_201.50_,2_101_54_124_80_,199.00_198.50_198.00_197.50_197.00_,74_75_55_44_62_
13:01:21,199.50,1,3187,199.50_200.00_200.50_201.00_201.50_,3_100_55_122_80_,199.00_198.50_198.00_197.50_197.00_,74_75_53_46_62_
13:01:31,199.50,1,3187,199.50_200.00_200.50_201.00_201.50_,3_101_55_122_80_,199.00_198.50_198.00_197.50_197.00_,74_75_53_46_62_
13:01:42,199.50,1,3188,199.50_200.00_200.50_201.00_201.50_,3_100_55_122_80_,199.00_198.50_198.00_197.50_197.00_,74_75_53_46_62_
13:01:47,199.50,1,3189,199.50_200.00_200.50_201.00_201.50_,4_98_55_122_80_,199.00_198.50_198.00_197.50_197.00_,75_75_53_46_62_
13:01:52,199.50,1,3190,199.50_200.00_200.50_201.00_201.50_,4_97_55_122_80_,199.00_198.50_198.00_197.50_197.00_,75_75_53_46_62_
13:01:57,199.00,2,3192,199.50_200.00_200.50_201.00_201.50_,4_97_55_122_80_,199.00_198.50_198.00_197.50_197.00_,74_75_53_46_62_
13:02:02,199.50,1,3193,199.50_200.00_200.50_201.00_201.50_,3_97_55_122_80_,199.00_198.50_198.00_197.50_197.00_,74_75_53_46_62_
13:02:12,199.50,1,3193,199.50_200.00_200.50_201.00_201.50_,5_98_55_122_80_,199.00_198.50_198.00_197.50_197.00_,74_75_53_46_62_
13:02:18,199.50,1,3193,199.50_200.00_200.50_201.00_201.50_,5_98_55_122_80_,199.00_198.50_198.00_197.50_197.00_,81_75_53_46_61_
13:02:23,199.50,1,3193,199.50_200.00_200.50_201.00_201.50_,5_97_55_122_80_,199.00_198.50_198.00_197.50_197.00_,81_75_53_46_61_
13:02:28,199.50,1,3194,199.50_200.00_200.50_201.00_201.50_,5_97_56_122_80_,199.00_198.50_198.00_197.50_197.00_,81_75_53_46_61_
13:02:33,199.50,1,3194,199.50_200.00_200.50_201.00_201.50_,5_98_56_122_80_,199.00_198.50_198.00_197.50_197.00_,81_75_53_46_61_
13:02:38,199.50,1,3194,199.50_200.00_200.50_201.00_201.50_,5_98_57_122_80_,199.00_198.50_198.00_197.50_197.00_,81_75_54_46_61_
13:02:53,199.50,1,3195,199.50_200.00_200.50_201.00_201.50_,4_98_57_122_80_,199.00_198.50_198.00_197.50_197.00_,83_75_54_46_61_
13:03:09,199.50,1,3196,199.50_200.00_200.50_201.00_201.50_,3_98_57_122_80_,199.00_198.50_198.00_197.50_197.00_,83_75_55_46_61_
13:03:14,199.50,1,3196,199.50_200.00_200.50_201.00_201.50_,4_97_57_122_82_,199.00_198.50_198.00_197.50_197.00_,83_75_55_46_61_
13:03:24,199.50,1,3196,199.50_200.00_200.50_201.00_201.50_,5_98_57_122_82_,199.00_198.50_198.00_197.50_197.00_,83_75_55_46_61_
13:03:50,199.50,1,3197,199.50_200.00_200.50_201.00_201.50_,4_98_56_122_102_,199.00_198.50_198.00_197.50_197.00_,83_75_55_46_61_
13:04:10,199.50,1,3197,199.50_200.00_200.50_201.00_201.50_,4_99_56_122_102_,199.00_198.50_198.00_197.50_197.00_,83_75_55_46_61_
13:04:15,199.50,1,3198,199.50_200.00_200.50_201.00_201.50_,3_99_56_122_102_,199.00_198.50_198.00_197.50_197.00_,83_75_55_46_62_
13:04:21,199.50,1,3198,199.50_200.00_200.50_201.00_201.50_,3_100_56_122_102_,199.00_198.50_198.00_197.50_197.00_,83_75_55_46_62_
13:04:26,199.50,1,3199,199.50_200.00_200.50_201.00_201.50_,3_100_56_122_102_,199.00_198.50_198.00_197.50_197.00_,83_75_55_46_62_
13:04:41,199.50,1,3199,199.50_200.00_200.50_201.00_201.50_,3_100_56_121_102_,199.00_198.50_198.00_197.50_197.00_,83_75_55_46_62_
13:04:46,199.00,1,3200,199.50_200.00_200.50_201.00_201.50_,3_100_56_121_102_,199.00_198.50_198.00_197.50_197.00_,81_75_55_46_62_
13:04:51,199.00,1,3200,199.50_200.00_200.50_201.00_201.50_,3_100_56_120_102_,199.00_198.50_198.00_197.50_197.00_,81_74_55_46_62_
13:04:57,199.00,1,3200,199.50_200.00_200.50_201.00_201.50_,3_100_56_120_102_,199.00_198.50_198.00_197.50_197.00_,84_74_55_46_62_
13:05:02,199.00,1,3200,199.50_200.00_200.50_201.00_201.50_,3_100_56_120_102_,199.00_198.50_198.00_197.50_197.00_,89_74_55_46_62_
13:05:07,199.50,1,3201,199.50_200.00_200.50_201.00_201.50_,2_100_56_120_102_,199.00_198.50_198.00_197.50_197.00_,89_74_55_46_62_
13:05:12,199.50,1,3201,199.50_200.00_200.50_201.00_201.50_,5_99_56_120_102_,199.00_198.50_198.00_197.50_197.00_,89_74_55_46_62_
13:05:22,199.50,1,3201,199.50_200.00_200.50_201.00_201.50_,5_99_56_120_101_,199.00_198.50_198.00_197.50_197.00_,89_74_55_46_62_
13:05:32,199.50,1,3201,199.50_200.00_200.50_201.00_201.50_,6_101_56_120_101_,199.00_198.50_198.00_197.50_197.00_,89_74_55_46_62_
13:05:38,199.50,1,3201,199.50_200.00_200.50_201.00_201.50_,7_101_56_120_101_,199.00_198.50_198.00_197.50_197.00_,89_74_55_46_62_
13:05:48,199.50,1,3202,199.50_200.00_200.50_201.00_201.50_,6_101_56_120_101_,199.00_198.50_198.00_197.50_197.00_,89_74_55_46_62_
13:05:53,199.50,1,3203,199.50_200.00_200.50_201.00_201.50_,5_102_56_120_101_,199.00_198.50_198.00_197.50_197.00_,89_74_55_46_62_
13:06:03,199.00,1,3204,199.50_200.00_200.50_201.00_201.50_,5_102_56_120_101_,199.00_198.50_198.00_197.50_197.00_,88_74_55_46_62_
13:06:08,199.00,1,3204,199.50_200.00_200.50_201.00_201.50_,7_101_56_121_101_,199.00_198.50_198.00_197.50_197.00_,88_74_55_46_62_
13:06:13,199.00,1,3204,199.50_200.00_200.50_201.00_201.50_,15_101_56_121_101_,199.00_198.50_198.00_197.50_197.00_,89_74_55_46_62_
13:06:18,199.00,1,3204,199.50_200.00_200.50_201.00_201.50_,17_101_56_121_101_,199.00_198.50_198.00_197.50_197.00_,89_74_55_46_62_
13:06:24,199.50,1,3205,199.50_200.00_200.50_201.00_201.50_,18_101_56_121_101_,199.00_198.50_198.00_197.50_197.00_,89_74_55_46_62_
13:06:29,199.00,1,3206,199.50_200.00_200.50_201.00_201.50_,19_100_56_121_101_,199.00_198.50_198.00_197.50_197.00_,88_74_55_46_62_
13:06:39,199.00,1,3206,199.50_200.00_200.50_201.00_201.50_,24_105_56_121_102_,199.00_198.50_198.00_197.50_197.00_,88_74_55_46_62_
13:06:44,199.50,1,3207,199.50_200.00_200.50_201.00_201.50_,23_110_56_121_102_,199.00_198.50_198.00_197.50_197.00_,88_74_55_45_62_
13:06:49,199.50,1,3207,199.50_200.00_200.50_201.00_201.50_,27_115_56_121_102_,199.00_198.50_198.00_197.50_197.00_,88_74_55_45_62_
13:06:59,199.50,1,3207,199.50_200.00_200.50_201.00_201.50_,28_115_56_121_102_,199.00_198.50_198.00_197.50_197.00_,88_74_55_45_62_
13:07:05,199.50,1,3208,199.50_200.00_200.50_201.00_201.50_,27_115_56_121_102_,199.00_198.50_198.00_197.50_197.00_,88_74_55_45_62_
13:07:15,199.50,1,3208,199.50_200.00_200.50_201.00_201.50_,27_115_61_121_102_,199.00_198.50_198.00_197.50_197.00_,89_74_55_45_62_
13:07:20,199.50,1,3208,199.50_200.00_200.50_201.00_201.50_,32_115_61_126_102_,199.00_198.50_198.00_197.50_197.00_,89_74_55_45_62_
13:07:25,199.50,1,3208,199.50_200.00_200.50_201.00_201.50_,33_116_61_126_102_,199.00_198.50_198.00_197.50_197.00_,89_74_55_45_62_
13:07:30,199.50,1,3208,199.50_200.00_200.50_201.00_201.50_,28_116_66_127_102_,199.00_198.50_198.00_197.50_197.00_,89_74_55_45_62_
13:07:35,199.50,1,3208,199.50_200.00_200.50_201.00_201.50_,28_116_66_132_102_,199.00_198.50_198.00_197.50_197.00_,89_74_55_45_62_
13:07:40,199.50,1,3209,199.50_200.00_200.50_201.00_201.50_,28_116_66_132_102_,199.00_198.50_198.00_197.50_197.00_,89_74_55_45_62_
13:07:45,199.50,1,3209,199.50_200.00_200.50_201.00_201.50_,33_115_66_132_102_,199.00_198.50_198.00_197.50_197.00_,90_74_55_45_62_
13:07:51,199.00,1,3210,199.50_200.00_200.50_201.00_201.50_,34_115_66_132_102_,199.00_198.50_198.00_197.50_197.00_,89_74_55_45_62_
13:07:56,199.50,1,3211,199.50_200.00_200.50_201.00_201.50_,33_115_66_132_102_,199.00_198.50_198.00_197.50_197.00_,90_74_55_45_62_
13:08:06,199.00,1,3212,199.50_200.00_200.50_201.00_201.50_,33_115_66_132_102_,199.00_198.50_198.00_197.50_197.00_,89_74_55_45_62_
13:08:11,199.00,1,3212,199.50_200.00_200.50_201.00_201.50_,33_116_66_132_102_,199.00_198.50_198.00_197.50_197.00_,89_74_55_45_62_
13:08:16,199.50,1,3213,199.50_200.00_200.50_201.00_201.50_,34_116_66_132_82_,199.00_198.50_198.00_197.50_197.00_,89_74_55_45_62_
13:08:21,199.50,1,3214,199.50_200.00_200.50_201.00_201.50_,33_117_66_132_82_,199.00_198.50_198.00_197.50_197.00_,89_74_55_45_62_
13:08:32,199.50,1,3215,199.50_200.00_200.50_201.00_201.50_,32_118_66_132_82_,199.00_198.50_198.00_197.50_197.00_,90_74_54_45_62_
13:08:37,199.50,1,3215,199.50_200.00_200.50_201.00_201.50_,32_118_66_132_82_,199.00_198.50_198.00_197.50_197.00_,89_74_54_45_62_
13:08:47,199.50,1,3215,199.50_200.00_200.50_201.00_201.50_,33_116_66_132_82_,199.00_198.50_198.00_197.50_197.00_,89_74_54_45_62_
13:08:52,199.50,2,3217,199.50_200.00_200.50_201.00_201.50_,32_114_69_132_82_,199.00_198.50_198.00_197.50_197.00_,89_74_54_45_62_
13:08:57,199.50,2,3217,199.50_200.00_200.50_201.00_201.50_,33_115_69_132_82_,199.00_198.50_198.00_197.50_197.00_,89_74_54_45_62_
13:09:02,199.50,1,3218,199.50_200.00_200.50_201.00_201.50_,32_115_70_132_82_,199.00_198.50_198.00_197.50_197.00_,89_74_54_45_62_
13:09:18,199.50,2,3222,199.50_200.00_200.50_201.00_201.50_,28_115_70_132_82_,199.00_198.50_198.00_197.50_197.00_,89_75_54_45_62_
13:09:28,199.50,2,3222,199.50_200.00_200.50_201.00_201.50_,29_115_70_132_82_,199.00_198.50_198.00_197.50_197.00_,89_75_54_45_62_
13:09:33,199.50,2,3222,199.50_200.00_200.50_201.00_201.50_,30_115_70_132_79_,199.00_198.50_198.00_197.50_197.00_,89_75_54_45_62_
13:09:38,199.50,3,3225,199.50_200.00_200.50_201.00_201.50_,27_115_70_132_79_,199.00_198.50_198.00_197.50_197.00_,89_75_54_45_62_
13:09:43,199.50,2,3227,199.50_200.00_200.50_201.00_201.50_,25_115_70_132_79_,199.00_198.50_198.00_197.50_197.00_,89_75_54_45_62_
13:09:48,199.50,2,3227,199.50_200.00_200.50_201.00_201.50_,26_115_69_132_79_,199.00_198.50_198.00_197.50_197.00_,89_75_54_45_62_
13:09:59,199.50,2,3227,199.50_200.00_200.50_201.00_201.50_,29_115_69_132_79_,199.00_198.50_198.00_197.50_197.00_,89_75_54_45_62_
13:10:04,199.50,1,3228,199.50_200.00_200.50_201.00_201.50_,28_114_69_132_79_,199.00_198.50_198.00_197.50_197.00_,89_75_54_45_62_
13:10:09,199.50,1,3228,199.50_200.00_200.50_201.00_201.50_,28_114_69_131_79_,199.00_198.50_198.00_197.50_197.00_,91_75_54_45_62_
13:10:19,199.50,1,3229,199.50_200.00_200.50_201.00_201.50_,27_115_69_131_79_,199.00_198.50_198.00_197.50_197.00_,91_75_54_45_62_
13:10:24,199.50,1,3230,199.50_200.00_200.50_201.00_201.50_,26_115_69_132_79_,199.00_198.50_198.00_197.50_197.00_,91_75_54_45_62_
13:10:29,199.50,1,3230,199.50_200.00_200.50_201.00_201.50_,27_115_69_132_79_,199.00_198.50_198.00_197.50_197.00_,90_75_54_45_62_
13:10:34,199.50,2,3232,199.50_200.00_200.50_201.00_201.50_,25_115_70_132_79_,199.00_198.50_198.00_197.50_197.00_,90_75_54_45_62_
13:10:39,199.50,2,3232,199.50_200.00_200.50_201.00_201.50_,20_114_70_132_79_,199.00_198.50_198.00_197.50_197.00_,90_75_55_45_62_
13:10:45,199.50,1,3233,199.50_200.00_200.50_201.00_201.50_,20_114_70_132_79_,199.00_198.50_198.00_197.50_197.00_,102_75_55_45_62_
13:11:05,199.50,2,3235,199.50_200.00_200.50_201.00_201.50_,18_114_70_134_79_,199.00_198.50_198.00_197.50_197.00_,102_75_55_45_62_
13:11:10,199.50,2,3235,199.50_200.00_200.50_201.00_201.50_,18_114_70_134_74_,199.00_198.50_198.00_197.50_197.00_,102_75_55_45_62_
13:11:15,199.00,2,3237,199.50_200.00_200.50_201.00_201.50_,18_114_70_134_74_,199.00_198.50_198.00_197.50_197.00_,101_75_55_45_57_
13:11:21,199.00,2,3237,199.50_200.00_200.50_201.00_201.50_,18_114_70_134_74_,199.00_198.50_198.00_197.50_197.00_,89_75_55_45_57_
13:11:26,199.00,2,3237,199.50_200.00_200.50_201.00_201.50_,19_114_69_134_74_,199.00_198.50_198.00_197.50_197.00_,89_75_55_45_57_
13:11:31,199.00,2,3237,199.50_200.00_200.50_201.00_201.50_,19_119_72_134_74_,199.00_198.50_198.00_197.50_197.00_,90_75_55_45_57_
13:11:36,199.50,1,3238,199.50_200.00_200.50_201.00_201.50_,18_119_72_134_74_,199.00_198.50_198.00_197.50_197.00_,90_76_55_45_57_
13:11:41,199.00,1,3239,199.50_200.00_200.50_201.00_201.50_,18_119_72_134_74_,199.00_198.50_198.00_197.50_197.00_,89_76_55_45_57_
13:11:51,199.00,31,3270,199.50_200.00_200.50_201.00_201.50_,18_119_72_134_74_,199.00_198.50_198.00_197.50_197.00_,57_76_54_46_57_
13:12:07,199.00,31,3270,199.50_200.00_200.50_201.00_201.50_,20_124_72_134_74_,199.00_198.50_198.00_197.50_197.00_,56_75_54_46_57_
13:12:12,199.00,31,3270,199.50_200.00_200.50_201.00_201.50_,21_124_70_134_74_,199.00_198.50_198.00_197.50_197.00_,69_75_54_46_57_
13:12:17,199.50,1,3271,199.50_200.00_200.50_201.00_201.50_,20_124_70_134_74_,199.00_198.50_198.00_197.50_197.00_,70_65_54_46_57_
13:12:22,199.00,3,3274,199.50_200.00_200.50_201.00_201.50_,19_124_70_134_74_,199.00_198.50_198.00_197.50_197.00_,67_65_54_46_57_
13:12:32,199.00,3,3274,199.50_200.00_200.50_201.00_201.50_,21_124_70_134_74_,199.00_198.50_198.00_197.50_197.00_,67_65_54_46_57_
13:12:38,199.00,2,3276,199.50_200.00_200.50_201.00_201.50_,20_124_70_134_74_,199.00_198.50_198.00_197.50_197.00_,66_65_54_46_57_
13:12:43,199.00,2,3276,199.50_200.00_200.50_201.00_201.50_,22_124_70_134_74_,199.00_198.50_198.00_197.50_197.00_,68_65_54_46_57_
13:12:48,199.00,1,3277,199.50_200.00_200.50_201.00_201.50_,23_122_70_134_74_,199.00_198.50_198.00_197.50_197.00_,67_65_53_46_57_
13:12:53,199.00,6,3283,199.50_200.00_200.50_201.00_201.50_,24_123_70_134_74_,199.00_198.50_198.00_197.50_197.00_,63_65_53_46_57_
13:12:58,199.00,4,3287,199.50_200.00_200.50_201.00_201.50_,24_121_68_134_74_,199.00_198.50_198.00_197.50_197.00_,59_65_53_46_57_
13:13:03,199.00,1,3288,199.50_200.00_200.50_201.00_201.50_,24_121_68_134_74_,199.00_198.50_198.00_197.50_197.00_,58_65_53_46_57_
13:13:08,199.00,1,3288,199.50_200.00_200.50_201.00_201.50_,24_121_68_134_74_,199.00_198.50_198.00_197.50_197.00_,59_65_53_46_57_
13:13:19,199.00,5,3294,199.50_200.00_200.50_201.00_201.50_,26_121_69_134_72_,199.00_198.50_198.00_197.50_197.00_,52_65_53_46_57_
13:13:24,199.50,1,3295,199.50_200.00_200.50_201.00_201.50_,25_121_69_134_72_,199.00_198.50_198.00_197.50_197.00_,51_65_53_46_57_
13:13:34,199.50,2,3297,199.50_200.00_200.50_201.00_201.50_,23_121_69_134_72_,199.00_198.50_198.00_197.50_197.00_,51_65_53_46_57_
13:13:39,199.50,2,3297,199.50_200.00_200.50_201.00_201.50_,23_122_69_134_72_,199.00_198.50_198.00_197.50_197.00_,51_65_53_46_57_
13:13:44,199.50,2,3297,199.50_200.00_200.50_201.00_201.50_,23_125_69_134_72_,199.00_198.50_198.00_197.50_197.00_,51_65_53_46_57_
13:13:49,199.50,2,3297,199.50_200.00_200.50_201.00_201.50_,22_125_69_134_72_,199.00_198.50_198.00_197.50_197.00_,51_65_54_46_57_
13:13:54,199.50,2,3297,199.50_200.00_200.50_201.00_201.50_,23_124_69_134_72_,199.00_198.50_198.00_197.50_197.00_,51_65_54_46_57_
13:14:00,199.00,4,3301,199.50_200.00_200.50_201.00_201.50_,23_124_69_134_72_,199.00_198.50_198.00_197.50_197.00_,47_65_54_46_57_
13:14:05,199.00,4,3301,199.50_200.00_200.50_201.00_201.50_,25_124_69_134_72_,199.00_198.50_198.00_197.50_197.00_,47_65_54_46_57_
13:14:10,199.00,4,3301,199.50_200.00_200.50_201.00_201.50_,28_124_69_134_72_,199.00_198.50_198.00_197.50_197.00_,47_65_54_46_57_
13:14:15,199.50,1,3302,199.50_200.00_200.50_201.00_201.50_,27_126_69_134_72_,199.00_198.50_198.00_197.50_197.00_,47_65_54_46_57_
13:14:20,199.50,1,3302,199.50_200.00_200.50_201.00_201.50_,27_125_69_134_72_,199.00_198.50_198.00_197.50_197.00_,47_65_56_46_57_
13:14:30,199.50,1,3302,199.50_200.00_200.50_201.00_201.50_,25_125_69_134_72_,199.00_198.50_198.00_197.50_197.00_,47_65_56_46_57_
13:14:41,199.00,2,3304,199.50_200.00_200.50_201.00_201.50_,25_128_70_134_72_,199.00_198.50_198.00_197.50_197.00_,45_65_56_46_57_
13:14:51,199.00,4,3308,199.50_200.00_200.50_201.00_201.50_,25_128_70_134_72_,199.00_198.50_198.00_197.50_197.00_,42_65_56_46_57_
13:15:06,199.00,4,3308,199.50_200.00_200.50_201.00_201.50_,25_128_66_134_72_,199.00_198.50_198.00_197.50_197.00_,42_65_56_45_57_
13:15:11,199.50,20,3328,199.50_200.00_200.50_201.00_201.50_,5_129_66_134_72_,199.00_198.50_198.00_197.50_197.00_,44_65_56_45_57_
13:15:17,199.50,2,3330,199.50_200.00_200.50_201.00_201.50_,7_128_66_134_72_,199.00_198.50_198.00_197.50_197.00_,44_65_56_45_57_
13:15:22,199.50,2,3330,199.50_200.00_200.50_201.00_201.50_,9_128_66_134_72_,199.00_198.50_198.00_197.50_197.00_,44_65_56_45_57_
13:15:27,199.50,10,3340,200.00_200.50_201.00_201.50_202.00_,128_66_134_72_208_,199.00_198.50_198.00_197.50_197.00_,45_66_56_45_57_
13:15:32,200.00,1,3341,200.00_200.50_201.00_201.50_202.00_,127_65_135_72_208_,199.00_198.50_198.00_197.50_197.00_,45_66_58_43_57_
13:15:37,200.00,1,3341,200.00_200.50_201.00_201.50_202.00_,127_65_135_72_208_,199.50_199.00_198.50_198.00_197.50_,3_46_66_58_43_
13:15:42,199.50,3,3344,200.00_200.50_201.00_201.50_202.00_,127_55_145_72_208_,199.50_199.00_198.50_198.00_197.50_,1_46_66_78_23_
13:15:47,199.50,1,3345,200.00_200.50_201.00_201.50_202.00_,127_55_145_72_208_,199.50_199.00_198.50_198.00_197.50_,2_51_66_78_23_
13:15:52,199.50,1,3345,200.00_200.50_201.00_201.50_202.00_,127_55_145_72_208_,199.50_199.00_198.50_198.00_197.50_,2_53_66_78_23_
13:15:58,199.50,1,3345,200.00_200.50_201.00_201.50_202.00_,127_55_145_72_208_,199.50_199.00_198.50_198.00_197.50_,3_53_66_78_23_
13:16:03,199.50,2,3347,200.00_200.50_201.00_201.50_202.00_,127_55_145_72_208_,199.50_199.00_198.50_198.00_197.50_,1_61_66_78_23_
13:16:13,199.50,1,3349,200.00_200.50_201.00_201.50_202.00_,127_65_135_72_208_,199.50_199.00_198.50_198.00_197.50_,2_61_66_58_43_
13:16:18,199.50,1,3349,200.00_200.50_201.00_201.50_202.00_,127_55_145_72_208_,199.50_199.00_198.50_198.00_197.50_,2_61_66_78_23_
13:16:23,199.50,2,3351,200.00_200.50_201.00_201.50_202.00_,127_55_145_72_208_,199.50_199.00_198.50_198.00_197.50_,1_61_66_78_23_
13:16:28,199.50,1,3352,199.50_200.00_200.50_201.00_201.50_,4_128_55_145_72_,199.00_198.50_198.00_197.50_197.00_,61_66_78_23_57_
13:16:33,199.50,1,3352,199.50_200.00_200.50_201.00_201.50_,4_129_66_134_72_,199.00_198.50_198.00_197.50_197.00_,61_66_56_45_57_
13:16:38,199.00,1,3353,199.50_200.00_200.50_201.00_201.50_,5_129_66_134_72_,199.00_198.50_198.00_197.50_197.00_,60_66_56_45_57_
13:16:44,199.00,1,3353,199.50_200.00_200.50_201.00_201.50_,6_128_66_134_72_,199.00_198.50_198.00_197.50_197.00_,60_66_56_45_57_
13:16:49,199.00,1,3354,199.50_200.00_200.50_201.00_201.50_,6_127_66_134_72_,199.00_198.50_198.00_197.50_197.00_,60_66_56_45_57_
13:16:59,199.00,1,3354,199.50_200.00_200.50_201.00_201.50_,6_127_66_134_72_,199.00_198.50_198.00_197.50_197.00_,60_67_56_45_57_
13:17:04,199.00,1,3354,199.50_200.00_200.50_201.00_201.50_,6_198_64_128_72_,199.00_198.50_198.00_197.50_197.00_,60_67_56_45_57_
13:17:09,199.00,1,3354,199.50_200.00_200.50_201.00_201.50_,6_195_64_128_72_,199.00_198.50_198.00_197.50_197.00_,61_67_56_46_57_
13:17:14,199.00,1,3355,199.50_200.00_200.50_201.00_201.50_,6_195_64_128_72_,199.00_198.50_198.00_197.50_197.00_,60_67_56_46_57_
13:17:24,199.00,1,3355,199.50_200.00_200.50_201.00_201.50_,11_195_61_128_72_,199.00_198.50_198.00_197.50_197.00_,54_67_56_46_57_
13:17:30,199.50,6,3361,199.50_200.00_200.50_201.00_201.50_,9_194_62_128_72_,199.00_198.50_198.00_197.50_197.00_,49_67_56_46_57_
13:17:35,199.50,1,3362,199.50_200.00_200.50_201.00_201.50_,10_193_62_128_72_,199.00_198.50_198.00_197.50_197.00_,49_67_54_47_57_
13:17:40,199.50,3,3365,199.50_200.00_200.50_201.00_201.50_,8_194_62_128_72_,199.00_198.50_198.00_197.50_197.00_,51_68_54_47_57_
13:17:50,199.50,3,3365,199.50_200.00_200.50_201.00_201.50_,8_194_62_128_72_,199.00_198.50_198.00_197.50_197.00_,51_74_54_47_57_
13:17:55,199.50,3,3365,199.50_200.00_200.50_201.00_201.50_,8_195_62_128_72_,199.00_198.50_198.00_197.50_197.00_,51_74_54_47_57_
13:18:00,199.50,3,3365,199.50_200.00_200.50_201.00_201.50_,9_202_62_128_72_,199.00_198.50_198.00_197.50_197.00_,51_74_54_47_57_
13:18:05,199.50,1,3366,199.50_200.00_200.50_201.00_201.50_,8_202_62_128_72_,199.00_198.50_198.00_197.50_197.00_,44_74_54_47_57_
13:18:16,199.50,1,3367,199.50_200.00_200.50_201.00_201.50_,7_202_62_128_72_,199.00_198.50_198.00_197.50_197.00_,45_74_54_47_57_
13:18:21,199.50,2,3369,199.50_200.00_200.50_201.00_201.50_,6_202_61_128_72_,199.00_198.50_198.00_197.50_197.00_,45_74_54_47_57_
13:18:26,199.50,2,3369,199.50_200.00_200.50_201.00_201.50_,6_203_61_128_72_,199.00_198.50_198.00_197.50_197.00_,45_74_53_47_57_
13:18:31,199.00,1,3370,199.50_200.00_200.50_201.00_201.50_,7_203_61_129_72_,199.00_198.50_198.00_197.50_197.00_,44_74_53_47_57_
13:18:41,199.00,1,3370,199.50_200.00_200.50_201.00_201.50_,7_201_61_129_72_,199.00_198.50_198.00_197.50_197.00_,44_74_53_47_57_
13:18:46,199.50,1,3371,199.50_200.00_200.50_201.00_201.50_,6_201_61_129_72_,199.00_198.50_198.00_197.50_197.00_,44_74_53_47_57_
13:18:52,199.50,1,3371,199.50_200.00_200.50_201.00_201.50_,9_201_61_129_72_,199.00_198.50_198.00_197.50_197.00_,44_74_53_47_57_
13:19:02,199.50,1,3371,199.50_200.00_200.50_201.00_201.50_,9_200_61_129_72_,199.00_198.50_198.00_197.50_197.00_,44_74_53_47_57_
13:19:07,199.50,1,3371,199.50_200.00_200.50_201.00_201.50_,16_200_61_129_72_,199.00_198.50_198.00_197.50_197.00_,44_74_53_47_57_
13:19:12,199.50,1,3371,199.50_200.00_200.50_201.00_201.50_,19_200_61_129_71_,199.00_198.50_198.00_197.50_197.00_,50_74_53_47_57_
13:19:17,199.50,1,3371,199.50_200.00_200.50_201.00_201.50_,19_200_61_130_71_,199.00_198.50_198.00_197.50_197.00_,50_74_53_47_57_
13:19:22,199.50,1,3371,199.50_200.00_200.50_201.00_201.50_,29_200_61_130_71_,199.00_198.50_198.00_197.50_197.00_,50_74_53_47_57_
13:19:27,199.50,1,3372,199.50_200.00_200.50_201.00_201.50_,29_201_61_130_71_,199.00_198.50_198.00_197.50_197.00_,50_74_53_47_57_
13:19:32,199.50,1,3372,199.50_200.00_200.50_201.00_201.50_,30_200_61_130_71_,199.00_198.50_198.00_197.50_197.00_,50_74_53_47_57_
13:19:38,199.50,1,3372,199.50_200.00_200.50_201.00_201.50_,31_200_61_130_71_,199.00_198.50_198.00_197.50_197.00_,50_74_53_47_57_
13:19:53,199.50,1,3372,199.50_200.00_200.50_201.00_201.50_,32_200_61_130_71_,199.00_198.50_198.00_197.50_197.00_,60_74_53_47_57_
13:19:58,199.50,10,3382,199.50_200.00_200.50_201.00_201.50_,27_200_61_130_71_,199.00_198.50_198.00_197.50_197.00_,60_74_53_47_57_
13:20:03,199.00,2,3384,199.50_200.00_200.50_201.00_201.50_,27_200_61_131_93_,199.00_198.50_198.00_197.50_197.00_,72_74_53_69_57_
13:20:08,199.00,2,3384,199.50_200.00_200.50_201.00_201.50_,22_200_61_131_104_,199.00_198.50_198.00_197.50_197.00_,72_74_53_80_68_
13:20:13,199.00,2,3384,199.50_200.00_200.50_201.00_201.50_,22_200_61_131_104_,199.00_198.50_198.00_197.50_197.00_,69_74_53_80_68_
13:20:19,199.00,2,3384,199.50_200.00_200.50_201.00_201.50_,22_200_61_131_104_,199.00_198.50_198.00_197.50_197.00_,75_74_53_80_68_
13:20:29,199.00,2,3384,199.50_200.00_200.50_201.00_201.50_,22_200_61_131_104_,199.00_198.50_198.00_197.50_197.00_,76_74_53_80_68_
13:20:39,199.00,7,3391,199.50_200.00_200.50_201.00_201.50_,23_200_61_131_104_,199.00_198.50_198.00_197.50_197.00_,69_74_53_80_68_
13:20:44,199.50,1,3392,199.50_200.00_200.50_201.00_201.50_,22_201_52_131_104_,199.00_198.50_198.00_197.50_197.00_,70_74_52_80_70_
13:20:49,199.00,6,3398,199.50_200.00_200.50_201.00_201.50_,22_201_52_131_104_,199.00_198.50_198.00_197.50_197.00_,64_74_52_80_70_
13:20:54,199.00,6,3398,199.50_200.00_200.50_201.00_201.50_,27_196_52_131_104_,199.00_198.50_198.00_197.50_197.00_,64_73_50_78_68_
13:21:00,199.00,6,3398,199.50_200.00_200.50_201.00_201.50_,28_195_50_131_104_,199.00_198.50_198.00_197.50_197.00_,71_72_50_78_69_
13:21:05,199.00,5,3403,199.50_200.00_200.50_201.00_201.50_,39_195_50_131_104_,199.00_198.50_198.00_197.50_197.00_,66_72_50_78_69_
13:21:10,199.00,1,3404,199.50_200.00_200.50_201.00_201.50_,39_194_50_131_103_,199.00_198.50_198.00_197.50_197.00_,65_72_50_78_69_
13:21:15,199.00,1,3404,199.50_200.00_200.50_201.00_201.50_,39_194_50_131_103_,199.00_198.50_198.00_197.50_197.00_,65_72_49_78_69_
13:21:20,199.00,1,3404,199.50_200.00_200.50_201.00_201.50_,41_194_50_131_103_,199.00_198.50_198.00_197.50_197.00_,65_73_49_78_69_
13:21:25,199.00,10,3414,199.50_200.00_200.50_201.00_201.50_,41_194_51_131_103_,199.00_198.50_198.00_197.50_197.00_,58_73_49_78_69_
13:21:30,199.00,3,3417,199.50_200.00_200.50_201.00_201.50_,42_194_51_131_103_,199.00_198.50_198.00_197.50_197.00_,53_73_49_78_69_
13:21:36,199.00,3,3417,199.50_200.00_200.50_201.00_201.50_,42_194_51_131_103_,199.00_198.50_198.00_197.50_197.00_,48_73_49_78_69_
13:21:41,199.00,1,3418,199.50_200.00_200.50_201.00_201.50_,42_194_51_131_103_,199.00_198.50_198.00_197.50_197.00_,47_73_49_78_69_
13:21:46,199.00,1,3418,199.50_200.00_200.50_201.00_201.50_,42_194_51_131_104_,199.00_198.50_198.00_197.50_197.00_,47_74_49_78_69_
13:21:51,199.00,1,3418,199.50_200.00_200.50_201.00_201.50_,46_191_51_131_104_,199.00_198.50_198.00_197.50_197.00_,47_74_49_78_69_
13:21:56,199.00,4,3422,199.50_200.00_200.50_201.00_201.50_,49_190_51_131_104_,199.00_198.50_198.00_197.50_197.00_,48_74_49_78_69_
13:22:01,199.00,8,3430,199.50_200.00_200.50_201.00_201.50_,46_190_51_128_104_,199.00_198.50_198.00_197.50_197.00_,42_74_49_78_69_
13:22:06,199.00,8,3430,199.50_200.00_200.50_201.00_201.50_,46_190_51_128_104_,199.00_198.50_198.00_197.50_197.00_,44_75_49_78_69_
13:22:11,199.00,6,3436,199.50_200.00_200.50_201.00_201.50_,46_190_51_127_104_,199.00_198.50_198.00_197.50_197.00_,38_75_49_78_69_
13:22:17,199.00,5,3441,199.50_200.00_200.50_201.00_201.50_,46_190_51_127_104_,199.00_198.50_198.00_197.50_197.00_,33_75_48_78_69_
13:22:22,199.00,5,3441,199.50_200.00_200.50_201.00_201.50_,46_190_51_127_104_,199.00_198.50_198.00_197.50_197.00_,33_75_53_78_69_
13:22:27,199.00,5,3441,199.50_200.00_200.50_201.00_201.50_,46_190_56_127_104_,199.00_198.50_198.00_197.50_197.00_,36_73_53_103_69_
13:22:32,199.00,2,3443,199.50_200.00_200.50_201.00_201.50_,46_190_56_127_104_,199.00_198.50_198.00_197.50_197.00_,34_73_53_103_69_
13:22:37,199.00,2,3443,199.50_200.00_200.50_201.00_201.50_,48_189_56_127_104_,199.00_198.50_198.00_197.50_197.00_,34_73_53_103_69_
13:22:42,199.00,1,3444,199.50_200.00_200.50_201.00_201.50_,49_188_56_127_104_,199.00_198.50_198.00_197.50_197.00_,36_73_53_103_69_
13:22:47,199.00,5,3449,199.50_200.00_200.50_201.00_201.50_,44_188_56_127_104_,199.00_198.50_198.00_197.50_197.00_,32_73_53_103_69_
13:22:52,199.00,2,3451,199.50_200.00_200.50_201.00_201.50_,44_188_55_127_104_,199.00_198.50_198.00_197.50_197.00_,30_73_53_103_69_
13:22:58,199.00,1,3452,199.50_200.00_200.50_201.00_201.50_,45_188_55_127_104_,199.00_198.50_198.00_197.50_197.00_,29_73_53_103_69_
13:23:03,199.00,3,3455,199.50_200.00_200.50_201.00_201.50_,50_188_55_127_104_,199.00_198.50_198.00_197.50_197.00_,26_73_53_103_69_
13:23:13,199.00,17,3482,199.00_199.50_200.00_200.50_201.00_,5_51_188_55_127_,198.50_198.00_197.50_197.00_196.50_,73_53_103_69_18_
13:23:18,199.00,2,3484,199.00_199.50_200.00_200.50_201.00_,9_47_199_44_127_,198.50_198.00_197.50_197.00_196.50_,73_53_80_91_19_
13:23:23,199.00,6,3490,199.00_199.50_200.00_200.50_201.00_,4_46_199_44_127_,198.50_198.00_197.50_197.00_196.50_,75_53_80_91_19_
13:23:28,199.00,5,3495,199.00_199.50_200.00_200.50_201.00_,2_37_196_44_127_,198.50_198.00_197.50_197.00_196.50_,75_53_80_91_19_
13:23:33,199.00,5,3500,199.00_199.50_200.00_200.50_201.00_,10_37_196_44_127_,198.50_198.00_197.50_197.00_196.50_,76_53_80_91_19_
13:23:39,199.00,2,3502,199.00_199.50_200.00_200.50_201.00_,9_37_197_44_126_,198.50_198.00_197.50_197.00_196.50_,76_53_80_91_19_
13:23:44,199.00,1,3503,199.00_199.50_200.00_200.50_201.00_,9_37_198_44_122_,198.50_198.00_197.50_197.00_196.50_,76_53_80_91_19_
13:23:49,199.00,1,3504,199.00_199.50_200.00_200.50_201.00_,11_37_198_44_122_,198.50_198.00_197.50_197.00_196.50_,76_53_80_91_19_
13:23:54,199.00,1,3505,199.00_199.50_200.00_200.50_201.00_,11_37_198_44_133_,198.50_198.00_197.50_197.00_196.50_,76_53_80_91_30_
13:23:59,199.00,2,3507,199.00_199.50_200.00_200.50_201.00_,9_37_196_44_133_,198.50_198.00_197.50_197.00_196.50_,76_53_80_91_30_
13:24:04,199.00,1,3508,199.00_199.50_200.00_200.50_201.00_,17_39_196_44_128_,198.50_198.00_197.50_197.00_196.50_,75_53_81_91_30_
13:24:14,199.00,1,3509,199.00_199.50_200.00_200.50_201.00_,17_41_196_44_128_,198.50_198.00_197.50_197.00_196.50_,75_53_81_91_30_
13:24:20,199.00,1,3509,199.00_199.50_200.00_200.50_201.00_,17_43_195_44_127_,198.50_198.00_197.50_197.00_196.50_,75_52_81_89_30_
13:24:25,199.00,1,3509,199.00_199.50_200.00_200.50_201.00_,17_43_195_39_127_,198.50_198.00_197.50_197.00_196.50_,75_52_81_89_30_
13:24:30,198.50,3,3512,199.00_199.50_200.00_200.50_201.00_,18_45_195_39_122_,198.50_198.00_197.50_197.00_196.50_,74_52_81_89_30_
13:24:35,199.00,1,3513,199.00_199.50_200.00_200.50_201.00_,17_45_196_39_122_,198.50_198.00_197.50_197.00_196.50_,74_62_81_89_30_
13:24:40,199.00,1,3513,199.00_199.50_200.00_200.50_201.00_,18_49_196_34_122_,198.50_198.00_197.50_197.00_196.50_,74_62_81_89_30_
13:24:45,198.50,2,3515,199.00_199.50_200.00_200.50_201.00_,18_49_195_33_122_,198.50_198.00_197.50_197.00_196.50_,72_62_81_89_30_
13:24:50,199.00,10,3525,199.00_199.50_200.00_200.50_201.00_,9_49_195_33_122_,198.50_198.00_197.50_197.00_196.50_,72_62_81_90_30_
13:24:55,199.00,10,3525,199.00_199.50_200.00_200.50_201.00_,9_49_195_33_122_,198.50_198.00_197.50_197.00_196.50_,73_62_81_90_30_
13:25:03,199.00,10,3525,199.00_,0_,198.50_,0_
13:25:08,199.00,10,3525,199.00_,0_,198.50_,0_
13:25:13,199.00,10,3525,199.00_,0_,198.50_,0_
13:25:18,199.00,10,3525,198.50_,0_,198.00_,0_
13:25:23,199.00,10,3525,198.00_,0_,197.00_,0_
13:25:29,199.00,10,3525,198.00_,0_,197.00_,0_
13:25:34,199.00,10,3525,198.00_,0_,197.00_,0_
13:25:39,199.00,10,3525,197.00_,0_,196.50_,0_
13:25:44,199.00,10,3525,198.00_,0_,197.00_,0_
13:25:49,199.00,10,3525,197.00_,0_,196.50_,0_
13:25:54,199.00,10,3525,197.00_,0_,196.50_,0_
13:25:59,199.00,10,3525,198.00_,0_,197.00_,0_
13:26:04,199.00,10,3525,198.00_,0_,197.00_,0_
13:26:09,199.00,10,3525,198.00_,0_,197.00_,0_
13:26:15,199.00,10,3525,198.00_,0_,197.00_,0_
13:26:20,199.00,10,3525,198.00_,0_,197.00_,0_
13:26:25,199.00,10,3525,198.00_,0_,197.00_,0_
13:26:30,199.00,10,3525,198.00_,0_,197.00_,0_
13:26:40,199.00,10,3525,198.00_,0_,197.00_,0_
13:26:45,199.00,10,3525,198.00_,0_,197.00_,0_
13:26:50,199.00,10,3525,198.00_,0_,197.00_,0_
13:26:56,199.00,10,3525,198.00_,0_,197.00_,0_
13:27:06,199.00,10,3525,198.00_,0_,197.00_,0_
13:27:16,199.00,10,3525,198.00_,0_,197.00_,0_
13:27:21,199.00,10,3525,198.00_,0_,197.00_,0_
13:27:26,199.00,10,3525,198.00_,0_,197.00_,0_
13:27:31,199.00,10,3525,198.00_,0_,197.00_,0_
13:27:36,199.00,10,3525,198.00_,0_,197.00_,0_
13:27:42,199.00,10,3525,198.00_,0_,197.00_,0_
13:27:52,199.00,10,3525,198.00_,0_,197.00_,0_
13:27:57,199.00,10,3525,198.00_,0_,197.00_,0_
13:28:02,199.00,10,3525,198.00_,0_,197.00_,0_
13:28:07,199.00,10,3525,198.00_,0_,197.00_,0_
13:28:12,199.00,10,3525,198.00_,0_,197.00_,0_
13:28:17,199.00,10,3525,198.00_,0_,197.00_,0_
13:28:23,199.00,10,3525,198.00_,0_,197.00_,0_
13:28:28,199.00,10,3525,198.00_,0_,197.00_,0_
13:28:33,199.00,10,3525,198.00_,0_,197.00_,0_
13:28:38,199.00,10,3525,198.00_,0_,197.00_,0_
13:28:48,199.00,10,3525,198.00_,0_,197.00_,0_
13:28:53,199.00,10,3525,198.00_,0_,197.00_,0_
13:28:58,199.00,10,3525,198.00_,0_,197.00_,0_
13:29:04,199.00,10,3525,198.00_,0_,197.00_,0_
13:29:09,199.00,10,3525,198.00_,0_,197.00_,0_
13:29:14,199.00,10,3525,198.00_,0_,197.00_,0_
13:29:19,199.00,10,3525,198.00_,0_,197.50_,0_
13:29:24,199.00,10,3525,198.00_,0_,197.50_,0_
13:29:29,199.00,10,3525,198.00_,0_,197.50_,0_
13:29:34,199.00,10,3525,199.00_,0_,198.00_,0_
13:29:44,199.00,10,3525,199.00_,0_,198.00_,0_
13:29:55,199.00,10,3525,199.00_,0_,198.00_,0_
13:30:00,198.00,578,4103,199.00_199.50_200.00_200.50_201.00_,5_55_168_32_114_,198.00_197.50_197.00_196.50_196.00_,39_61_180_118_145_
