09:01:12,20.10,3,397,20.15_20.20_20.25_20.30_20.35_,79_215_111_163_30_,20.10_20.05_20.00_19.95_19.90_,119_70_217_342_56_
09:01:17,20.10,2,399,20.15_20.20_20.25_20.30_20.35_,80_215_111_163_30_,20.10_20.05_20.00_19.95_19.90_,124_71_217_345_56_
09:01:23,20.15,1,400,20.15_20.20_20.25_20.30_20.35_,89_215_111_163_30_,20.10_20.05_20.00_19.95_19.90_,123_71_301_261_56_
09:01:33,20.10,14,416,20.15_20.20_20.25_20.30_20.35_,105_215_110_163_31_,20.10_20.05_20.00_19.95_19.90_,116_70_216_345_56_
09:02:04,20.05,17,555,20.10_20.15_20.20_20.25_20.30_,74_99_202_96_161_,20.05_20.00_19.95_19.90_19.85_,85_146_100_610_9_
09:02:09,20.05,17,555,20.10_20.15_20.20_20.25_20.30_,89_86_201_96_161_,20.05_20.00_19.95_19.90_19.85_,95_145_180_531_9_
09:02:14,20.10,3,558,20.10_20.15_20.20_20.25_20.30_,85_87_202_96_161_,20.05_20.00_19.95_19.90_19.85_,97_145_180_531_9_
09:02:50,20.05,13,667,20.10_20.15_20.20_20.25_20.30_,117_78_204_96_160_,20.05_20.00_19.95_19.90_19.85_,40_154_180_532_9_
09:03:26,20.05,7,699,20.10_20.15_20.20_20.25_20.30_,129_79_213_98_152_,20.05_20.00_19.95_19.90_19.85_,22_202_184_530_9_
09:03:31,20.10,2,701,20.10_20.15_20.20_20.25_20.30_,130_79_213_98_152_,20.05_20.00_19.95_19.90_19.85_,24_202_184_530_9_
09:03:36,20.10,2,701,20.10_20.15_20.20_20.25_20.30_,130_79_213_98_152_,20.05_20.00_19.95_19.90_19.85_,30_197_100_614_9_
09:03:41,20.05,1,702,20.10_20.15_20.20_20.25_20.30_,131_79_213_98_152_,20.05_20.00_19.95_19.90_19.85_,29_197_100_614_9_
09:03:46,20.05,11,713,20.10_20.15_20.20_20.25_20.30_,131_65_214_98_152_,20.05_20.00_19.95_19.90_19.85_,31_197_184_531_9_
09:03:51,20.05,1,714,20.10_20.15_20.20_20.25_20.30_,131_65_220_98_152_,20.05_20.00_19.95_19.90_19.85_,40_197_184_531_22_
09:05:08,20.05,38,820,20.10_20.15_20.20_20.25_20.30_,134_68_224_101_150_,20.05_20.00_19.95_19.90_19.85_,112_204_229_527_8_
09:05:44,20.05,7,872,20.10_20.15_20.20_20.25_20.30_,138_69_220_98_150_,20.05_20.00_19.95_19.90_19.85_,78_165_231_529_8_
09:05:49,20.05,21,893,20.10_20.15_20.20_20.25_20.30_,138_69_220_98_150_,20.05_20.00_19.95_19.90_19.85_,62_165_231_529_8_
09:06:00,20.05,16,912,20.10_20.15_20.20_20.25_20.30_,136_69_215_98_150_,20.05_20.00_19.95_19.90_19.85_,45_165_231_529_8_
09:06:05,20.05,26,938,20.05_20.10_20.15_20.20_20.25_,35_137_63_214_98_,20.00_19.95_19.90_19.85_19.80_,188_231_529_8_144_
09:06:10,20.05,28,966,20.05_20.10_20.15_20.20_20.25_,118_124_50_214_98_,20.00_19.95_19.90_19.85_19.80_,169_58_234_479_131_
09:06:20,20.00,1,967,20.05_20.10_20.15_20.20_20.25_,119_124_50_214_93_,20.00_19.95_19.90_19.85_19.80_,137_61_232_482_131_
09:07:27,20.05,5,1032,20.05_20.10_20.15_20.20_20.25_,173_92_50_217_93_,20.00_19.95_19.90_19.85_19.80_,136_71_231_483_111_
09:10:01,20.05,51,1389,20.10_20.15_20.20_20.25_20.30_,86_52_214_93_166_,20.05_20.00_19.95_19.90_19.85_,14_231_302_292_568_
09:10:11,20.10,42,1464,20.10_20.15_20.20_20.25_20.30_,14_64_214_93_166_,20.05_20.00_19.95_19.90_19.85_,140_201_380_732_10_
09:10:37,20.15,1,1512,20.15_20.20_20.25_20.30_20.35_,24_240_94_155_40_,20.10_20.05_20.00_19.95_19.90_,115_114_270_1092_172_
09:13:10,20.40,31,2283,20.40_20.45_20.50_20.55_20.60_,106_90_110_123_116_,20.35_20.30_20.25_20.20_20.15_,62_177_152_688_40_
09:13:51,20.50,125,2790,20.50_20.55_20.60_20.65_20.70_,57_151_133_33_88_,20.45_20.40_20.35_20.30_20.25_,121_108_109_813_60_
09:15:54,20.35,5,3706,20.40_20.45_20.50_20.55_20.60_,75_99_225_163_180_,20.35_20.30_20.25_20.20_20.15_,117_78_202_604_20_
09:16:15,20.25,3,3952,20.30_20.35_20.40_20.45_20.50_,26_418_67_77_211_,20.25_20.20_20.15_20.10_20.05_,108_57_132_680_116_
09:17:11,20.30,47,4161,20.30_20.35_20.40_20.45_20.50_,38_399_51_61_216_,20.25_20.20_20.15_20.10_20.05_,149_114_202_708_123_
09:17:17,20.25,67,4228,20.30_20.35_20.40_20.45_20.50_,40_399_51_61_216_,20.25_20.20_20.15_20.10_20.05_,121_114_203_708_123_
09:17:22,20.30,24,4252,20.30_20.35_20.40_20.45_20.50_,16_399_51_61_216_,20.25_20.20_20.15_20.10_20.05_,134_116_203_708_123_
09:17:27,20.30,20,4272,20.30_20.35_20.40_20.45_20.50_,1_399_52_41_216_,20.25_20.20_20.15_20.10_20.05_,134_118_203_711_124_
09:17:37,20.35,68,4344,20.35_20.40_20.45_20.50_20.55_,320_57_54_216_127_,20.30_20.25_20.20_20.15_20.10_,37_120_219_668_134_
09:17:42,20.35,2,4346,20.35_20.40_20.45_20.50_20.55_,318_57_54_216_127_,20.30_20.25_20.20_20.15_20.10_,59_108_222_668_134_
09:18:03,20.30,3,4359,20.35_20.40_20.45_20.50_20.55_,315_57_65_209_128_,20.30_20.25_20.20_20.15_20.10_,113_100_222_667_135_
09:18:18,20.35,2,4361,20.35_20.40_20.45_20.50_20.55_,332_57_64_213_128_,20.30_20.25_20.20_20.15_20.10_,144_105_222_667_135_
09:18:23,20.35,11,4372,20.35_20.40_20.45_20.50_20.55_,324_57_64_213_128_,20.30_20.25_20.20_20.15_20.10_,167_110_219_667_135_
09:18:28,20.35,5,4377,20.35_20.40_20.45_20.50_20.55_,341_57_68_213_128_,20.30_20.25_20.20_20.15_20.10_,167_110_246_687_135_
09:18:33,20.35,5,4377,20.35_20.40_20.45_20.50_20.55_,343_56_70_213_128_,20.30_20.25_20.20_20.15_20.10_,170_110_246_687_135_
09:19:35,20.30,2,4445,20.35_20.40_20.45_20.50_20.55_,324_55_88_223_136_,20.30_20.25_20.20_20.15_20.10_,228_132_266_687_136_
09:19:40,20.30,2,4447,20.35_20.40_20.45_20.50_20.55_,325_55_88_223_135_,20.30_20.25_20.20_20.15_20.10_,232_139_267_687_133_
09:19:45,20.30,5,4452,20.35_20.40_20.45_20.50_20.55_,325_55_88_223_135_,20.30_20.25_20.20_20.15_20.10_,233_139_267_687_133_
09:20:11,20.30,1,4462,20.35_20.40_20.45_20.50_20.55_,325_55_90_227_135_,20.30_20.25_20.20_20.15_20.10_,234_143_270_685_133_
09:20:16,20.30,1,4463,20.35_20.40_20.45_20.50_20.55_,325_55_90_227_135_,20.30_20.25_20.20_20.15_20.10_,237_139_270_685_133_
09:20:57,20.30,3,4512,20.35_20.40_20.45_20.50_20.55_,340_55_71_229_136_,20.30_20.25_20.20_20.15_20.10_,244_146_273_688_132_
09:22:50,20.25,3,4824,20.30_20.35_20.40_20.45_20.50_,58_296_126_68_318_,20.25_20.20_20.15_20.10_20.05_,161_241_217_731_126_
09:23:00,20.30,8,4832,20.30_20.35_20.40_20.45_20.50_,67_281_126_68_318_,20.25_20.20_20.15_20.10_20.05_,162_241_217_731_126_
09:23:15,20.25,7,4839,20.30_20.35_20.40_20.45_20.50_,80_281_126_68_318_,20.25_20.20_20.15_20.10_20.05_,168_239_218_731_131_
09:24:17,20.30,77,4965,20.35_20.40_20.45_20.50_20.55_,297_130_68_321_139_,20.30_20.25_20.20_20.15_20.10_,44_201_241_225_730_
09:24:22,20.35,164,5129,20.35_20.40_20.45_20.50_20.55_,121_141_82_321_139_,20.30_20.25_20.20_20.15_20.10_,82_187_345_695_148_
09:24:27,20.35,105,5234,20.35_20.40_20.45_20.50_20.55_,28_131_81_321_139_,20.30_20.25_20.20_20.15_20.10_,103_186_345_695_148_
09:26:14,20.45,7,5655,20.50_20.55_20.60_20.65_20.70_,372_181_221_175_109_,20.45_20.40_20.35_20.30_20.25_,29_117_254_729_111_
09:26:20,20.45,19,5674,20.50_20.55_20.60_20.65_20.70_,373_181_231_174_109_,20.45_20.40_20.35_20.30_20.25_,4_117_255_729_112_
09:26:25,20.45,10,5684,20.45_20.50_20.55_20.60_20.65_,3_384_178_230_174_,20.40_20.35_20.30_20.25_20.20_,112_255_734_112_192_
09:26:30,20.45,3,5687,20.45_20.50_20.55_20.60_20.65_,21_389_169_230_174_,20.40_20.35_20.30_20.25_20.20_,114_151_258_688_192_
09:28:28,20.40,24,5836,20.45_20.50_20.55_20.60_20.65_,136_385_159_222_185_,20.40_20.35_20.30_20.25_20.20_,55_145_325_702_214_
09:30:10,20.40,1,5922,20.45_20.50_20.55_20.60_20.65_,166_392_141_228_184_,20.40_20.35_20.30_20.25_20.20_,77_121_387_700_239_
09:30:15,20.40,3,5925,20.45_20.50_20.55_20.60_20.65_,154_392_154_227_184_,20.40_20.35_20.30_20.25_20.20_,74_126_387_700_239_
09:30:21,20.40,1,5926,20.45_20.50_20.55_20.60_20.65_,154_392_154_227_184_,20.40_20.35_20.30_20.25_20.20_,76_126_387_701_239_
09:30:26,20.40,3,5929,20.45_20.50_20.55_20.60_20.65_,154_393_154_227_184_,20.40_20.35_20.30_20.25_20.20_,73_126_387_701_239_
09:30:31,20.40,3,5932,20.45_20.50_20.55_20.60_20.65_,154_397_154_227_184_,20.40_20.35_20.30_20.25_20.20_,71_126_388_701_239_
09:31:37,20.40,1,5970,20.45_20.50_20.55_20.60_20.65_,177_415_140_230_193_,20.40_20.35_20.30_20.25_20.20_,53_139_416_695_240_
09:31:42,20.40,4,5974,20.45_20.50_20.55_20.60_20.65_,177_415_140_230_193_,20.40_20.35_20.30_20.25_20.20_,49_139_416_695_240_
09:31:48,20.40,4,5978,20.45_20.50_20.55_20.60_20.65_,177_414_141_230_193_,20.40_20.35_20.30_20.25_20.20_,52_139_416_697_240_
09:31:53,20.40,3,5981,20.45_20.50_20.55_20.60_20.65_,177_409_141_230_193_,20.40_20.35_20.30_20.25_20.20_,49_139_416_697_240_
09:31:58,20.40,3,5981,20.45_20.50_20.55_20.60_20.65_,177_409_141_230_192_,20.40_20.35_20.30_20.25_20.20_,49_139_416_697_240_
09:32:03,20.40,6,5987,20.45_20.50_20.55_20.60_20.65_,172_409_141_230_192_,20.40_20.35_20.30_20.25_20.20_,89_139_380_696_240_
09:33:40,20.45,4,6095,20.45_20.50_20.55_20.60_20.65_,188_422_144_251_192_,20.40_20.35_20.30_20.25_20.20_,22_172_380_701_241_
09:33:46,20.45,4,6095,20.45_20.50_20.55_20.60_20.65_,188_422_144_256_198_,20.40_20.35_20.30_20.25_20.20_,26_172_381_701_241_
09:34:42,20.40,2,6137,20.45_20.50_20.55_20.60_20.65_,189_422_146_257_207_,20.40_20.35_20.30_20.25_20.20_,128_169_376_701_244_
09:35:08,20.45,4,6154,20.45_20.50_20.55_20.60_20.65_,188_427_146_257_207_,20.40_20.35_20.30_20.25_20.20_,133_173_381_698_244_
09:35:13,20.45,4,6154,20.45_20.50_20.55_20.60_20.65_,188_427_146_257_207_,20.40_20.35_20.30_20.25_20.20_,139_176_383_698_244_
09:36:19,20.40,6,6226,20.45_20.50_20.55_20.60_20.65_,194_457_145_255_208_,20.40_20.35_20.30_20.25_20.20_,96_186_428_695_247_
09:36:25,20.45,6,6232,20.45_20.50_20.55_20.60_20.65_,188_457_145_255_208_,20.40_20.35_20.30_20.25_20.20_,96_187_426_695_247_
09:36:30,20.40,3,6235,20.45_20.50_20.55_20.60_20.65_,190_457_145_255_208_,20.40_20.35_20.30_20.25_20.20_,94_187_426_695_247_
09:36:35,20.40,3,6238,20.45_20.50_20.55_20.60_20.65_,189_457_145_255_208_,20.40_20.35_20.30_20.25_20.20_,93_183_426_695_247_
09:37:21,20.40,6,6370,20.45_20.50_20.55_20.60_20.65_,199_451_146_255_208_,20.40_20.35_20.30_20.25_20.20_,5_175_429_698_248_
09:37:31,20.35,2,6378,20.40_20.45_20.50_20.55_20.60_,85_186_442_143_255_,20.35_20.30_20.25_20.20_20.15_,179_338_226_812_116_
09:40:00,20.35,3,6439,20.40_20.45_20.50_20.55_20.60_,136_161_455_142_298_,20.35_20.30_20.25_20.20_20.15_,151_330_231_833_115_
09:40:05,20.35,3,6442,20.40_20.45_20.50_20.55_20.60_,136_161_486_142_298_,20.35_20.30_20.25_20.20_20.15_,149_330_231_833_115_
09:41:22,20.50,5,6905,20.50_20.55_20.60_20.65_20.70_,349_155_301_204_96_,20.45_20.40_20.35_20.30_20.25_,234_139_265_883_121_
09:43:35,20.70,69,8559,20.75_20.80_20.85_20.90_20.95_,98_191_91_85_176_,20.70_20.65_20.60_20.55_20.50_,216_221_163_744_156_
09:43:56,20.70,25,8729,20.75_20.80_20.85_20.90_20.95_,101_194_89_93_177_,20.70_20.65_20.60_20.55_20.50_,116_165_174_731_156_
09:45:18,20.70,27,9227,20.75_20.80_20.85_20.90_20.95_,90_173_97_120_189_,20.70_20.65_20.60_20.55_20.50_,87_60_161_712_95_
09:45:54,20.60,1,9400,20.65_20.70_20.75_20.80_20.85_,19_143_130_153_89_,20.60_20.55_20.50_20.45_20.40_,124_136_134_675_71_
09:46:04,20.60,13,9444,20.65_20.70_20.75_20.80_20.85_,57_130_118_153_89_,20.60_20.55_20.50_20.45_20.40_,97_128_135_693_71_
09:46:09,20.60,8,9452,20.65_20.70_20.75_20.80_20.85_,77_120_119_153_88_,20.60_20.55_20.50_20.45_20.40_,79_128_129_698_71_
09:46:19,20.60,5,9457,20.65_20.70_20.75_20.80_20.85_,78_116_118_152_89_,20.60_20.55_20.50_20.45_20.40_,79_122_129_718_71_
09:46:50,20.60,6,9546,20.65_20.70_20.75_20.80_20.85_,81_105_119_152_89_,20.60_20.55_20.50_20.45_20.40_,40_114_129_718_74_
09:47:31,20.55,1,9588,20.60_20.65_20.70_20.75_20.80_,40_81_94_118_147_,20.55_20.50_20.45_20.40_20.35_,122_111_175_650_101_
09:47:41,20.60,6,9597,20.60_20.65_20.70_20.75_20.80_,72_56_94_99_147_,20.55_20.50_20.45_20.40_20.35_,128_111_174_655_101_
09:47:47,20.60,70,9667,20.60_20.65_20.70_20.75_20.80_,32_56_94_99_147_,20.55_20.50_20.45_20.40_20.35_,134_111_151_732_101_
09:48:12,20.60,2,9728,20.65_20.70_20.75_20.80_20.85_,53_115_101_150_94_,20.60_20.55_20.50_20.45_20.40_,70_136_143_777_80_
09:48:17,20.60,3,9731,20.65_20.70_20.75_20.80_20.85_,53_115_101_150_94_,20.60_20.55_20.50_20.45_20.40_,151_130_144_777_80_
09:48:22,20.65,13,9744,20.65_20.70_20.75_20.80_20.85_,42_115_200_150_94_,20.60_20.55_20.50_20.45_20.40_,151_129_143_777_80_
09:49:04,20.65,39,9878,20.70_20.75_20.80_20.85_20.90_,105_239_161_94_123_,20.65_20.60_20.55_20.50_20.45_,14_127_146_781_119_
09:49:09,20.65,7,9885,20.70_20.75_20.80_20.85_20.90_,112_239_161_94_123_,20.65_20.60_20.55_20.50_20.45_,12_127_144_782_119_
09:49:19,20.65,8,9896,20.70_20.75_20.80_20.85_20.90_,139_239_161_95_123_,20.65_20.60_20.55_20.50_20.45_,6_127_131_782_132_
09:49:24,20.65,13,9909,20.70_20.75_20.80_20.85_20.90_,146_242_161_95_121_,20.65_20.60_20.55_20.50_20.45_,4_127_131_781_132_
09:49:29,20.65,11,9920,20.70_20.75_20.80_20.85_20.90_,148_242_161_95_120_,20.65_20.60_20.55_20.50_20.45_,9_147_131_781_132_
09:51:37,20.60,1,10189,20.65_20.70_20.75_20.80_20.85_,58_187_266_162_102_,20.60_20.55_20.50_20.45_20.40_,126_80_169_779_89_
09:52:23,20.60,1,10231,20.65_20.70_20.75_20.80_20.85_,97_197_266_165_102_,20.60_20.55_20.50_20.45_20.40_,154_79_171_779_91_
09:53:40,20.60,6,10410,20.60_20.65_20.70_20.75_20.80_,85_104_213_272_166_,20.55_20.50_20.45_20.40_20.35_,137_157_236_672_113_
09:53:50,20.55,1,10416,20.60_20.65_20.70_20.75_20.80_,91_95_214_272_166_,20.55_20.50_20.45_20.40_20.35_,136_157_160_749_113_
09:53:55,20.55,1,10417,20.60_20.65_20.70_20.75_20.80_,101_95_213_272_166_,20.55_20.50_20.45_20.40_20.35_,135_157_239_672_113_
09:54:21,20.55,26,10446,20.60_20.65_20.70_20.75_20.80_,221_96_215_273_166_,20.55_20.50_20.45_20.40_20.35_,126_160_241_677_116_
09:55:17,20.55,13,10583,20.55_20.60_20.65_20.70_20.75_,29_237_113_215_273_,20.50_20.45_20.40_20.35_20.30_,169_276_678_116_220_
09:55:38,20.50,2,10607,20.55_20.60_20.65_20.70_20.75_,147_140_106_211_259_,20.50_20.45_20.40_20.35_20.30_,111_160_208_700_220_
09:55:43,20.50,3,10610,20.55_20.60_20.65_20.70_20.75_,147_141_106_212_259_,20.50_20.45_20.40_20.35_20.30_,109_160_208_700_220_
09:55:48,20.50,3,10613,20.55_20.60_20.65_20.70_20.75_,147_139_106_213_259_,20.50_20.45_20.40_20.35_20.30_,110_160_206_700_220_
09:55:53,20.50,6,10619,20.55_20.60_20.65_20.70_20.75_,147_136_108_213_259_,20.50_20.45_20.40_20.35_20.30_,104_156_206_700_220_
09:55:58,20.50,88,10707,20.55_20.60_20.65_20.70_20.75_,149_152_108_209_261_,20.50_20.45_20.40_20.35_20.30_,16_156_214_700_220_
09:56:04,20.50,16,10723,20.50_20.55_20.60_20.65_20.70_,2_166_140_108_209_,20.45_20.40_20.35_20.30_20.25_,156_214_700_220_122_
09:56:09,20.50,1,10724,20.50_20.55_20.60_20.65_20.70_,36_150_132_108_179_,20.45_20.40_20.35_20.30_20.25_,168_128_228_783_122_
09:57:05,20.55,8,10806,20.55_20.60_20.65_20.70_20.75_,123_155_109_184_269_,20.50_20.45_20.40_20.35_20.30_,26_194_264_699_220_
09:57:15,20.55,8,10806,20.55_20.60_20.65_20.70_20.75_,123_150_109_204_270_,20.50_20.45_20.40_20.35_20.30_,39_188_264_699_220_
09:57:21,20.55,8,10806,20.55_20.60_20.65_20.70_20.75_,123_150_110_204_270_,20.50_20.45_20.40_20.35_20.30_,45_185_266_699_220_
09:57:31,20.50,4,10811,20.55_20.60_20.65_20.70_20.75_,136_150_110_204_270_,20.50_20.45_20.40_20.35_20.30_,72_185_269_699_217_
09:59:08,20.55,5,10901,20.60_20.65_20.70_20.75_20.80_,168_113_309_276_173_,20.55_20.50_20.45_20.40_20.35_,214_169_212_753_118_
09:59:59,20.55,1,10914,20.60_20.65_20.70_20.75_20.80_,195_115_318_275_174_,20.55_20.50_20.45_20.40_20.35_,215_176_215_752_118_
10:00:05,20.60,6,10920,20.60_20.65_20.70_20.75_20.80_,192_115_317_275_176_,20.55_20.50_20.45_20.40_20.35_,215_176_234_751_158_
10:00:10,20.55,2,10922,20.60_20.65_20.70_20.75_20.80_,181_128_317_275_176_,20.55_20.50_20.45_20.40_20.35_,223_172_254_738_158_
10:00:15,20.55,3,10925,20.60_20.65_20.70_20.75_20.80_,181_128_322_275_176_,20.55_20.50_20.45_20.40_20.35_,222_172_254_738_158_
10:03:35,20.55,2,11070,20.60_20.65_20.70_20.75_20.80_,179_123_320_279_186_,20.55_20.50_20.45_20.40_20.35_,229_221_296_738_158_
10:04:41,20.55,4,11124,20.60_20.65_20.70_20.75_20.80_,165_125_353_280_185_,20.55_20.50_20.45_20.40_20.35_,237_223_297_747_157_
10:04:46,20.55,2,11126,20.60_20.65_20.70_20.75_20.80_,165_124_353_280_185_,20.55_20.50_20.45_20.40_20.35_,234_227_297_747_157_
10:04:57,20.55,2,11128,20.60_20.65_20.70_20.75_20.80_,170_124_354_279_205_,20.55_20.50_20.45_20.40_20.35_,237_223_297_747_157_
10:05:07,20.55,5,11134,20.60_20.65_20.70_20.75_20.80_,174_124_353_279_205_,20.55_20.50_20.45_20.40_20.35_,235_221_303_752_157_
10:05:38,20.55,1,11149,20.60_20.65_20.70_20.75_20.80_,217_126_354_279_204_,20.55_20.50_20.45_20.40_20.35_,241_226_303_751_157_
10:05:43,20.60,6,11155,20.60_20.65_20.70_20.75_20.80_,211_126_354_279_204_,20.55_20.50_20.45_20.40_20.35_,245_227_303_750_157_
10:06:19,20.55,1,11169,20.60_20.65_20.70_20.75_20.80_,215_126_358_278_204_,20.55_20.50_20.45_20.40_20.35_,281_223_301_750_157_
10:06:24,20.55,1,11169,20.60_20.65_20.70_20.75_20.80_,220_126_370_279_204_,20.55_20.50_20.45_20.40_20.35_,305_223_301_750_157_
10:07:51,20.60,2,11218,20.60_20.65_20.70_20.75_20.80_,230_135_370_283_209_,20.55_20.50_20.45_20.40_20.35_,339_254_246_750_155_
10:08:27,20.60,38,11277,20.60_20.65_20.70_20.75_20.80_,185_135_370_287_209_,20.55_20.50_20.45_20.40_20.35_,338_265_247_750_155_
10:08:32,20.60,3,11280,20.60_20.65_20.70_20.75_20.80_,185_135_370_287_209_,20.55_20.50_20.45_20.40_20.35_,337_265_247_750_155_
10:08:37,20.60,5,11285,20.60_20.65_20.70_20.75_20.80_,181_135_370_287_209_,20.55_20.50_20.45_20.40_20.35_,327_265_247_750_155_
10:10:20,20.65,14,11560,20.65_20.70_20.75_20.80_20.85_,115_394_268_211_99_,20.60_20.55_20.50_20.45_20.40_,235_165_366_717_177_
10:10:25,20.65,10,11570,20.65_20.70_20.75_20.80_20.85_,110_394_268_211_99_,20.60_20.55_20.50_20.45_20.40_,243_165_367_719_182_
10:10:41,20.70,11,11717,20.70_20.75_20.80_20.85_20.90_,363_293_209_100_143_,20.65_20.60_20.55_20.50_20.45_,153_226_216_904_125_
10:11:01,20.70,11,11748,20.70_20.75_20.80_20.85_20.90_,340_288_209_89_142_,20.65_20.60_20.55_20.50_20.45_,322_113_201_903_108_
10:11:06,20.70,175,11923,20.70_20.75_20.80_20.85_20.90_,180_289_212_90_142_,20.65_20.60_20.55_20.50_20.45_,323_112_201_909_108_
10:11:11,20.70,182,12105,20.75_20.80_20.85_20.90_20.95_,290_212_90_142_190_,20.70_20.65_20.60_20.55_20.50_,58_351_112_201_909_
10:13:24,20.70,16,12935,20.75_20.80_20.85_20.90_20.95_,206_236_132_232_202_,20.70_20.65_20.60_20.55_20.50_,85_231_118_822_244_
10:14:00,20.65,5,13042,20.70_20.75_20.80_20.85_20.90_,88_159_219_120_234_,20.65_20.60_20.55_20.50_20.45_,241_109_276_758_108_
10:14:10,20.65,5,13042,20.70_20.75_20.80_20.85_20.90_,97_155_220_120_234_,20.65_20.60_20.55_20.50_20.45_,245_109_276_757_108_
10:14:15,20.65,5,13042,20.70_20.75_20.80_20.85_20.90_,96_155_220_125_234_,20.65_20.60_20.55_20.50_20.45_,245_109_276_757_108_
10:15:02,20.65,5,13069,20.70_20.75_20.80_20.85_20.90_,97_168_234_125_234_,20.65_20.60_20.55_20.50_20.45_,237_111_198_836_108_
10:15:12,20.65,3,13073,20.70_20.75_20.80_20.85_20.90_,98_170_236_125_236_,20.65_20.60_20.55_20.50_20.45_,227_128_275_759_108_
10:16:18,20.65,3,13096,20.70_20.75_20.80_20.85_20.90_,143_300_226_125_237_,20.65_20.60_20.55_20.50_20.45_,235_118_280_761_108_
10:16:34,20.65,3,13101,20.70_20.75_20.80_20.85_20.90_,145_311_226_125_238_,20.65_20.60_20.55_20.50_20.45_,220_122_281_771_108_
10:16:44,20.70,8,13110,20.70_20.75_20.80_20.85_20.90_,160_311_227_125_238_,20.65_20.60_20.55_20.50_20.45_,226_117_278_770_108_
10:16:54,20.65,1,13111,20.70_20.75_20.80_20.85_20.90_,167_311_228_132_258_,20.65_20.60_20.55_20.50_20.45_,227_117_201_847_108_
10:17:00,20.65,1,13111,20.70_20.75_20.80_20.85_20.90_,177_311_229_132_267_,20.65_20.60_20.55_20.50_20.45_,225_117_278_770_108_
10:17:05,20.65,3,13114,20.70_20.75_20.80_20.85_20.90_,177_311_229_132_267_,20.65_20.60_20.55_20.50_20.45_,221_117_278_774_108_
10:17:10,20.65,3,13114,20.70_20.75_20.80_20.85_20.90_,178_311_229_132_267_,20.65_20.60_20.55_20.50_20.45_,206_117_278_774_108_
10:19:03,20.70,7,13189,20.70_20.75_20.80_20.85_20.90_,220_314_236_142_267_,20.65_20.60_20.55_20.50_20.45_,222_146_283_780_111_
10:19:08,20.65,4,13193,20.70_20.75_20.80_20.85_20.90_,221_314_236_142_267_,20.65_20.60_20.55_20.50_20.45_,218_146_206_857_111_
10:19:13,20.65,12,13205,20.70_20.75_20.80_20.85_20.90_,221_314_236_142_267_,20.65_20.60_20.55_20.50_20.45_,205_147_283_781_111_
10:19:18,20.65,2,13207,20.70_20.75_20.80_20.85_20.90_,221_319_236_142_267_,20.65_20.60_20.55_20.50_20.45_,215_147_283_781_111_
10:19:23,20.65,9,13216,20.70_20.75_20.80_20.85_20.90_,221_319_236_142_267_,20.65_20.60_20.55_20.50_20.45_,213_147_283_780_122_
10:20:45,20.65,33,13355,20.70_20.75_20.80_20.85_20.90_,215_302_260_143_267_,20.65_20.60_20.55_20.50_20.45_,121_148_327_785_93_
10:21:11,20.65,1,13375,20.70_20.75_20.80_20.85_20.90_,225_302_261_143_268_,20.65_20.60_20.55_20.50_20.45_,109_142_327_785_93_
10:22:12,20.60,4,13519,20.65_20.70_20.75_20.80_20.85_,102_218_288_275_122_,20.60_20.55_20.50_20.45_20.40_,139_199_313_681_200_
10:22:17,20.60,4,13519,20.65_20.70_20.75_20.80_20.85_,102_218_288_275_122_,20.60_20.55_20.50_20.45_20.40_,144_200_313_681_201_
10:22:28,20.65,6,13531,20.65_20.70_20.75_20.80_20.85_,93_219_288_275_123_,20.60_20.55_20.50_20.45_20.40_,146_199_312_681_203_
10:22:33,20.65,2,13533,20.65_20.70_20.75_20.80_20.85_,91_219_288_275_123_,20.60_20.55_20.50_20.45_20.40_,146_199_312_681_203_
10:22:38,20.65,2,13533,20.65_20.70_20.75_20.80_20.85_,94_218_278_275_123_,20.60_20.55_20.50_20.45_20.40_,146_206_312_681_203_
10:22:43,20.60,3,13536,20.65_20.70_20.75_20.80_20.85_,94_218_268_279_123_,20.60_20.55_20.50_20.45_20.40_,144_205_312_681_203_
10:23:03,20.60,2,13541,20.65_20.70_20.75_20.80_20.85_,107_218_268_279_123_,20.60_20.55_20.50_20.45_20.40_,148_207_312_718_203_
10:24:10,20.60,1,13555,20.65_20.70_20.75_20.80_20.85_,108_236_368_281_123_,20.60_20.55_20.50_20.45_20.40_,200_169_315_719_213_
10:24:20,20.60,3,13558,20.65_20.70_20.75_20.80_20.85_,110_236_368_281_123_,20.60_20.55_20.50_20.45_20.40_,198_169_316_719_213_
10:25:01,20.65,62,13631,20.65_20.70_20.75_20.80_20.85_,46_237_369_284_123_,20.60_20.55_20.50_20.45_20.40_,202_172_315_718_213_
10:25:12,20.60,6,13699,20.65_20.70_20.75_20.80_20.85_,18_237_369_284_123_,20.60_20.55_20.50_20.45_20.40_,195_172_315_718_213_
10:25:17,20.60,6,13699,20.65_20.70_20.75_20.80_20.85_,18_237_369_284_123_,20.60_20.55_20.50_20.45_20.40_,191_172_315_718_213_
10:31:15,20.65,1,13916,20.70_20.75_20.80_20.85_20.90_,198_274_340_129_190_,20.65_20.60_20.55_20.50_20.45_,232_156_376_666_133_
10:34:56,20.65,6,14137,20.70_20.75_20.80_20.85_20.90_,250_287_332_128_191_,20.65_20.60_20.55_20.50_20.45_,184_185_346_668_134_
10:35:11,20.65,4,14141,20.70_20.75_20.80_20.85_20.90_,250_287_332_128_191_,20.65_20.60_20.55_20.50_20.45_,182_187_346_674_134_
10:35:21,20.65,7,14148,20.70_20.75_20.80_20.85_20.90_,259_287_333_128_192_,20.65_20.60_20.55_20.50_20.45_,184_188_345_674_135_
10:37:55,20.65,12,14398,20.70_20.75_20.80_20.85_20.90_,276_289_337_118_184_,20.65_20.60_20.55_20.50_20.45_,26_204_388_674_141_
10:42:37,20.60,4,14917,20.65_20.70_20.75_20.80_20.85_,131_282_280_329_114_,20.60_20.55_20.50_20.45_20.40_,124_241_335_719_213_
10:42:47,20.60,29,14949,20.65_20.70_20.75_20.80_20.85_,129_281_279_329_114_,20.60_20.55_20.50_20.45_20.40_,108_241_335_719_213_
10:42:52,20.60,5,14954,20.65_20.70_20.75_20.80_20.85_,131_280_279_329_113_,20.60_20.55_20.50_20.45_20.40_,109_237_335_719_213_
10:42:58,20.65,16,14970,20.65_20.70_20.75_20.80_20.85_,127_268_279_329_113_,20.60_20.55_20.50_20.45_20.40_,118_237_339_720_213_
10:44:50,20.60,20,15327,20.65_20.70_20.75_20.80_20.85_,213_256_279_309_115_,20.60_20.55_20.50_20.45_20.40_,4_252_356_249_779_
10:48:00,20.65,1,15631,20.70_20.75_20.80_20.85_20.90_,285_280_315_121_165_,20.65_20.60_20.55_20.50_20.45_,132_236_356_811_138_
10:48:31,20.70,1,15654,20.70_20.75_20.80_20.85_20.90_,289_280_316_118_165_,20.65_20.60_20.55_20.50_20.45_,117_264_400_811_138_
10:48:36,20.65,100,15754,20.70_20.75_20.80_20.85_20.90_,289_280_316_118_165_,20.65_20.60_20.55_20.50_20.45_,18_264_360_751_97_
10:49:07,20.70,10,15806,20.70_20.75_20.80_20.85_20.90_,305_270_316_118_163_,20.65_20.60_20.55_20.50_20.45_,47_267_317_751_97_
10:49:12,20.65,4,15810,20.70_20.75_20.80_20.85_20.90_,307_270_316_118_163_,20.65_20.60_20.55_20.50_20.45_,48_267_317_751_97_
10:49:17,20.65,4,15810,20.70_20.75_20.80_20.85_20.90_,306_270_316_118_163_,20.65_20.60_20.55_20.50_20.45_,65_270_317_751_97_
10:49:43,20.65,10,15832,20.70_20.75_20.80_20.85_20.90_,317_266_318_118_163_,20.65_20.60_20.55_20.50_20.45_,23_311_318_751_97_
10:49:48,20.65,5,15837,20.70_20.75_20.80_20.85_20.90_,319_266_318_119_163_,20.65_20.60_20.55_20.50_20.45_,26_311_318_751_97_
10:52:16,20.65,13,15957,20.70_20.75_20.80_20.85_20.90_,357_262_303_119_165_,20.65_20.60_20.55_20.50_20.45_,10_325_306_743_97_
10:55:36,20.65,1,16102,20.70_20.75_20.80_20.85_20.90_,383_262_309_119_167_,20.65_20.60_20.55_20.50_20.45_,55_295_328_755_97_
10:57:34,20.70,75,16248,20.70_20.75_20.80_20.85_20.90_,297_261_322_119_167_,20.65_20.60_20.55_20.50_20.45_,78_291_324_749_99_
10:57:45,20.70,21,16269,20.70_20.75_20.80_20.85_20.90_,294_260_324_119_167_,20.65_20.60_20.55_20.50_20.45_,93_281_324_749_99_
10:58:26,20.70,5,16335,20.70_20.75_20.80_20.85_20.90_,275_260_323_119_177_,20.65_20.60_20.55_20.50_20.45_,113_294_322_748_104_
10:58:36,20.65,2,16337,20.70_20.75_20.80_20.85_20.90_,276_260_324_120_177_,20.65_20.60_20.55_20.50_20.45_,108_294_322_748_104_
10:58:41,20.65,2,16337,20.70_20.75_20.80_20.85_20.90_,276_260_324_120_177_,20.65_20.60_20.55_20.50_20.45_,108_298_322_748_104_
10:59:37,20.65,1,16359,20.70_20.75_20.80_20.85_20.90_,278_260_326_120_177_,20.65_20.60_20.55_20.50_20.45_,105_290_328_756_104_
10:59:48,20.65,5,16364,20.70_20.75_20.80_20.85_20.90_,276_260_326_120_177_,20.65_20.60_20.55_20.50_20.45_,103_290_328_756_104_
10:59:58,20.65,5,16364,20.70_20.75_20.80_20.85_20.90_,276_262_326_120_177_,20.65_20.60_20.55_20.50_20.45_,103_290_328_756_104_
11:00:03,20.65,5,16369,20.70_20.75_20.80_20.85_20.90_,276_262_326_120_177_,20.65_20.60_20.55_20.50_20.45_,106_290_328_757_104_
11:00:08,20.65,5,16369,20.70_20.75_20.80_20.85_20.90_,277_260_328_120_177_,20.65_20.60_20.55_20.50_20.45_,110_294_328_757_104_
11:00:13,20.65,5,16369,20.70_20.75_20.80_20.85_20.90_,277_260_328_120_177_,20.65_20.60_20.55_20.50_20.45_,110_298_328_757_104_
11:00:18,20.65,2,16371,20.70_20.75_20.80_20.85_20.90_,278_260_328_120_177_,20.65_20.60_20.55_20.50_20.45_,92_297_333_757_104_
11:00:24,20.65,3,16374,20.70_20.75_20.80_20.85_20.90_,280_260_328_120_177_,20.65_20.60_20.55_20.50_20.45_,110_297_333_757_104_
11:03:28,20.65,4,16674,20.70_20.75_20.80_20.85_20.90_,234_240_319_120_179_,20.65_20.60_20.55_20.50_20.45_,83_286_331_762_104_
11:05:26,20.65,3,16722,20.70_20.75_20.80_20.85_20.90_,248_242_320_120_181_,20.65_20.60_20.55_20.50_20.45_,105_290_333_767_104_
11:05:36,20.70,2,16724,20.70_20.75_20.80_20.85_20.90_,249_245_320_120_181_,20.65_20.60_20.55_20.50_20.45_,114_290_333_767_104_
11:05:46,20.65,2,16727,20.70_20.75_20.80_20.85_20.90_,259_245_320_120_180_,20.65_20.60_20.55_20.50_20.45_,123_286_333_767_104_
11:06:22,20.70,23,16771,20.70_20.75_20.80_20.85_20.90_,226_245_321_120_180_,20.65_20.60_20.55_20.50_20.45_,140_297_331_767_104_
11:07:39,20.75,2,17035,20.75_20.80_20.85_20.90_20.95_,236_355_118_180_219_,20.70_20.65_20.60_20.55_20.50_,153_139_436_692_272_
11:07:44,20.75,1,17036,20.75_20.80_20.85_20.90_20.95_,236_370_118_180_219_,20.70_20.65_20.60_20.55_20.50_,153_140_436_692_272_
11:07:49,20.70,2,17038,20.75_20.80_20.85_20.90_20.95_,236_370_118_180_219_,20.70_20.65_20.60_20.55_20.50_,172_136_424_692_272_
11:07:54,20.75,6,17044,20.75_20.80_20.85_20.90_20.95_,233_370_120_180_219_,20.70_20.65_20.60_20.55_20.50_,173_136_424_804_160_
11:08:05,20.75,9,17056,20.75_20.80_20.85_20.90_20.95_,226_370_120_180_219_,20.70_20.65_20.60_20.55_20.50_,207_96_424_803_160_
11:08:10,20.75,5,17061,20.75_20.80_20.85_20.90_20.95_,224_370_120_179_219_,20.70_20.65_20.60_20.55_20.50_,205_97_427_691_272_
11:10:08,20.80,1,17738,20.85_20.90_20.95_21.00_21.05_,174_230_219_491_25_,20.80_20.75_20.70_20.65_20.60_,210_102_243_653_404_
11:10:18,20.80,4,17752,20.85_20.90_20.95_21.00_21.05_,177_230_219_489_26_,20.80_20.75_20.70_20.65_20.60_,237_102_243_653_404_
11:10:49,20.80,10,17944,20.85_20.90_20.95_21.00_21.05_,208_234_220_490_31_,20.80_20.75_20.70_20.65_20.60_,123_106_235_558_414_
11:12:31,20.75,2,18134,20.80_20.85_20.90_20.95_21.00_,238_211_268_224_475_,20.75_20.70_20.65_20.60_20.55_,83_167_210_887_209_
11:12:36,20.75,2,18134,20.80_20.85_20.90_20.95_21.00_,251_211_278_224_475_,20.75_20.70_20.65_20.60_20.55_,84_167_209_887_209_
11:13:28,20.80,8,18155,20.80_20.85_20.90_20.95_21.00_,277_207_272_227_477_,20.75_20.70_20.65_20.60_20.55_,85_183_206_890_214_
11:13:48,20.80,2,18159,20.80_20.85_20.90_20.95_21.00_,268_221_272_227_477_,20.75_20.70_20.65_20.60_20.55_,87_178_206_891_214_
11:14:04,20.75,1,18162,20.80_20.85_20.90_20.95_21.00_,271_219_272_227_478_,20.75_20.70_20.65_20.60_20.55_,101_187_206_891_214_
11:14:24,20.75,2,18183,20.80_20.85_20.90_20.95_21.00_,127_221_272_217_478_,20.75_20.70_20.65_20.60_20.55_,97_183_207_890_214_
11:17:34,20.75,3,18257,20.80_20.85_20.90_20.95_21.00_,306_266_275_208_488_,20.75_20.70_20.65_20.60_20.55_,122_214_237_852_198_
11:18:41,20.80,11,18286,20.80_20.85_20.90_20.95_21.00_,340_234_275_209_491_,20.75_20.70_20.65_20.60_20.55_,193_176_251_857_197_
11:19:58,20.75,2,18330,20.80_20.85_20.90_20.95_21.00_,358_241_279_212_473_,20.75_20.70_20.65_20.60_20.55_,205_196_255_858_200_
11:20:59,20.80,4,18359,20.80_20.85_20.90_20.95_21.00_,414_239_279_212_477_,20.75_20.70_20.65_20.60_20.55_,230_197_262_731_312_
11:22:11,20.80,18,18777,20.85_20.90_20.95_21.00_21.05_,238_317_223_481_31_,20.80_20.75_20.70_20.65_20.60_,99_231_277_631_360_
11:23:07,20.85,57,19017,20.85_20.90_20.95_21.00_21.05_,41_372_213_496_131_,20.80_20.75_20.70_20.65_20.60_,248_174_276_609_362_
11:23:43,20.90,47,19232,20.90_20.95_21.00_21.05_21.10_,124_422_497_133_142_,20.85_20.80_20.75_20.70_20.65_,250_156_276_627_258_
11:24:19,20.90,14,19434,20.95_21.00_21.05_21.10_21.15_,408_550_131_146_11_,20.90_20.85_20.80_20.75_20.70_,78_177_282_628_248_
11:24:24,20.90,33,19467,20.95_21.00_21.05_21.10_21.15_,408_538_131_146_11_,20.90_20.85_20.80_20.75_20.70_,60_152_284_628_248_
11:24:29,20.90,31,19498,20.95_21.00_21.05_21.10_21.15_,394_540_131_146_14_,20.90_20.85_20.80_20.75_20.70_,71_131_284_628_248_
11:24:39,20.90,6,19585,20.90_20.95_21.00_21.05_21.10_,69_398_518_131_146_,20.85_20.80_20.75_20.70_20.65_,133_198_270_587_258_
11:24:44,20.90,3,19588,20.90_20.95_21.00_21.05_21.10_,82_400_519_131_146_,20.85_20.80_20.75_20.70_20.65_,133_198_270_587_258_
11:24:50,20.90,2,19590,20.90_20.95_21.00_21.05_21.10_,115_400_522_131_146_,20.85_20.80_20.75_20.70_20.65_,145_202_270_587_258_
11:24:55,20.85,4,19594,20.90_20.95_21.00_21.05_21.10_,120_400_522_131_146_,20.85_20.80_20.75_20.70_20.65_,132_210_270_587_258_
11:25:00,20.85,3,19597,20.90_20.95_21.00_21.05_21.10_,126_400_522_131_147_,20.85_20.80_20.75_20.70_20.65_,131_210_270_592_258_
11:25:05,20.85,3,19597,20.90_20.95_21.00_21.05_21.10_,131_399_522_131_147_,20.85_20.80_20.75_20.70_20.65_,131_207_270_592_258_
11:25:10,20.85,1,19598,20.90_20.95_21.00_21.05_21.10_,122_397_520_131_147_,20.85_20.80_20.75_20.70_20.65_,148_183_270_617_258_
11:27:29,20.80,4,19834,20.85_20.90_20.95_21.00_21.05_,113_114_389_525_143_,20.80_20.75_20.70_20.65_20.60_,137_216_305_700_253_
11:28:35,20.80,1,19859,20.85_20.90_20.95_21.00_21.05_,329_118_390_535_147_,20.80_20.75_20.70_20.65_20.60_,152_176_306_699_254_
11:28:41,20.80,1,19859,20.85_20.90_20.95_21.00_21.05_,329_118_390_535_147_,20.80_20.75_20.70_20.65_20.60_,156_176_308_699_254_
11:28:46,20.80,3,19862,20.85_20.90_20.95_21.00_21.05_,329_118_390_535_147_,20.80_20.75_20.70_20.65_20.60_,153_180_308_699_254_
11:28:51,20.80,3,19862,20.85_20.90_20.95_21.00_21.05_,329_118_390_535_147_,20.80_20.75_20.70_20.65_20.60_,155_185_308_699_254_
11:28:56,20.80,7,19869,20.85_20.90_20.95_21.00_21.05_,329_117_390_535_147_,20.80_20.75_20.70_20.65_20.60_,153_184_308_699_254_
11:29:11,20.80,10,19879,20.85_20.90_20.95_21.00_21.05_,331_177_390_540_147_,20.80_20.75_20.70_20.65_20.60_,149_180_313_702_254_
11:29:16,20.85,5,19884,20.85_20.90_20.95_21.00_21.05_,326_177_390_540_146_,20.80_20.75_20.70_20.65_20.60_,150_180_313_702_254_
11:29:27,20.80,4,19888,20.85_20.90_20.95_21.00_21.05_,326_177_390_540_146_,20.80_20.75_20.70_20.65_20.60_,160_175_314_702_254_
11:29:57,20.80,3,19895,20.85_20.90_20.95_21.00_21.05_,328_177_390_540_148_,20.80_20.75_20.70_20.65_20.60_,169_175_314_702_254_
11:30:39,20.85,1,19916,20.85_20.90_20.95_21.00_21.05_,317_184_390_540_148_,20.80_20.75_20.70_20.65_20.60_,170_149_310_733_242_
11:31:14,20.80,3,19934,20.85_20.90_20.95_21.00_21.05_,325_188_390_540_150_,20.80_20.75_20.70_20.65_20.60_,168_154_312_733_242_
11:31:19,20.80,3,19937,20.85_20.90_20.95_21.00_21.05_,325_187_390_540_150_,20.80_20.75_20.70_20.65_20.60_,165_154_312_733_242_
11:31:25,20.85,2,19939,20.85_20.90_20.95_21.00_21.05_,323_196_390_542_150_,20.80_20.75_20.70_20.65_20.60_,165_158_312_733_242_
11:31:30,20.80,5,19944,20.85_20.90_20.95_21.00_21.05_,323_196_390_542_150_,20.80_20.75_20.70_20.65_20.60_,161_159_312_733_242_
11:31:35,20.80,5,19949,20.85_20.90_20.95_21.00_21.05_,325_196_390_542_150_,20.80_20.75_20.70_20.65_20.60_,158_159_312_733_242_
11:33:32,20.85,10,20095,20.85_20.90_20.95_21.00_21.05_,73_199_391_542_150_,20.80_20.75_20.70_20.65_20.60_,194_172_272_674_323_
11:33:48,20.85,10,20116,20.85_20.90_20.95_21.00_21.05_,61_199_391_542_150_,20.80_20.75_20.70_20.65_20.60_,194_172_272_741_301_
11:34:34,20.80,3,20152,20.85_20.90_20.95_21.00_21.05_,57_209_391_542_150_,20.80_20.75_20.70_20.65_20.60_,200_175_272_679_329_
11:34:49,20.85,12,20164,20.85_20.90_20.95_21.00_21.05_,246_209_391_542_150_,20.80_20.75_20.70_20.65_20.60_,204_175_271_679_330_
11:36:06,20.80,3,20191,20.85_20.90_20.95_21.00_21.05_,256_211_391_590_150_,20.80_20.75_20.70_20.65_20.60_,226_175_274_684_336_
11:37:34,20.80,30,20318,20.85_20.90_20.95_21.00_21.05_,260_221_391_589_150_,20.80_20.75_20.70_20.65_20.60_,167_222_296_590_336_
11:37:39,20.80,10,20328,20.85_20.90_20.95_21.00_21.05_,261_221_391_591_150_,20.80_20.75_20.70_20.65_20.60_,148_236_296_590_336_
11:37:44,20.80,2,20330,20.85_20.90_20.95_21.00_21.05_,61_221_391_591_150_,20.80_20.75_20.70_20.65_20.60_,146_236_296_590_336_
11:37:49,20.80,102,20432,20.85_20.90_20.95_21.00_21.05_,61_220_391_541_150_,20.80_20.75_20.70_20.65_20.60_,45_236_296_590_336_
11:37:54,20.80,53,20485,20.80_20.85_20.90_20.95_21.00_,151_61_220_391_541_,20.75_20.70_20.65_20.60_20.55_,240_296_590_336_212_
11:38:35,20.75,2,20499,20.80_20.85_20.90_20.95_21.00_,226_79_203_391_522_,20.75_20.70_20.65_20.60_20.55_,203_203_200_831_240_
11:38:40,20.75,63,20562,20.80_20.85_20.90_20.95_21.00_,228_79_202_391_522_,20.75_20.70_20.65_20.60_20.55_,141_203_201_831_240_
11:38:46,20.75,2,20564,20.80_20.85_20.90_20.95_21.00_,229_83_202_391_522_,20.75_20.70_20.65_20.60_20.55_,139_209_201_831_240_
11:39:06,20.75,2,20577,20.80_20.85_20.90_20.95_21.00_,243_85_202_391_522_,20.75_20.70_20.65_20.60_20.55_,121_212_201_832_240_
11:41:45,20.80,4,20896,20.80_20.85_20.90_20.95_21.00_,94_111_218_416_560_,20.75_20.70_20.65_20.60_20.55_,237_193_207_852_244_
11:41:50,20.80,4,20896,20.80_20.85_20.90_20.95_21.00_,105_111_218_421_560_,20.75_20.70_20.65_20.60_20.55_,241_193_207_852_244_
11:41:55,20.80,5,20901,20.80_20.85_20.90_20.95_21.00_,100_111_228_421_560_,20.75_20.70_20.65_20.60_20.55_,195_193_282_818_208_
11:42:00,20.80,69,20970,20.80_20.85_20.90_20.95_21.00_,36_111_228_421_560_,20.75_20.70_20.65_20.60_20.55_,233_155_282_818_208_
11:42:11,20.80,1,20991,20.80_20.85_20.90_20.95_21.00_,18_110_228_421_560_,20.75_20.70_20.65_20.60_20.55_,258_140_207_855_246_
11:43:07,20.85,4,21032,20.85_20.90_20.95_21.00_21.05_,114_249_422_560_149_,20.80_20.75_20.70_20.65_20.60_,173_151_243_598_317_
11:43:33,20.80,4,21039,20.85_20.90_20.95_21.00_21.05_,163_248_422_560_149_,20.80_20.75_20.70_20.65_20.60_,170_153_244_598_356_
11:43:43,20.80,4,21039,20.85_20.90_20.95_21.00_21.05_,175_248_422_560_149_,20.80_20.75_20.70_20.65_20.60_,191_153_243_675_318_
11:43:48,20.80,4,21043,20.85_20.90_20.95_21.00_21.05_,175_248_422_560_149_,20.80_20.75_20.70_20.65_20.60_,191_153_243_675_318_
11:43:58,20.85,50,21093,20.85_20.90_20.95_21.00_21.05_,125_248_422_560_150_,20.80_20.75_20.70_20.65_20.60_,198_153_243_598_358_
11:44:03,20.85,50,21093,20.85_20.90_20.95_21.00_21.05_,126_248_422_560_150_,20.80_20.75_20.70_20.65_20.60_,198_153_244_598_358_
11:44:09,20.85,50,21093,20.85_20.90_20.95_21.00_21.05_,127_248_422_560_150_,20.80_20.75_20.70_20.65_20.60_,198_153_244_676_318_
11:45:31,20.85,5,21132,20.85_20.90_20.95_21.00_21.05_,121_250_422_569_150_,20.80_20.75_20.70_20.65_20.60_,229_178_254_690_323_
11:48:05,20.80,14,21453,20.80_20.85_20.90_20.95_21.00_,60_181_247_423_579_,20.75_20.70_20.65_20.60_20.55_,71_207_221_859_247_
11:49:37,20.80,2,21482,20.80_20.85_20.90_20.95_21.00_,53_195_253_422_579_,20.75_20.70_20.65_20.60_20.55_,98_203_305_811_206_
11:49:42,20.80,4,21486,20.80_20.85_20.90_20.95_21.00_,49_195_253_422_588_,20.75_20.70_20.65_20.60_20.55_,102_209_303_811_206_
11:49:47,20.75,4,21490,20.80_20.85_20.90_20.95_21.00_,49_195_253_422_588_,20.75_20.70_20.65_20.60_20.55_,100_209_303_811_206_
11:49:58,20.75,4,21490,20.80_20.85_20.90_20.95_21.00_,51_196_253_422_588_,20.75_20.70_20.65_20.60_20.55_,99_209_303_811_206_
11:50:39,20.80,1,21501,20.80_20.85_20.90_20.95_21.00_,55_197_258_422_583_,20.75_20.70_20.65_20.60_20.55_,102_240_230_833_245_
11:51:20,20.80,1,21530,20.80_20.85_20.90_20.95_21.00_,44_197_259_422_583_,20.75_20.70_20.65_20.60_20.55_,155_245_252_834_245_
11:51:25,20.80,14,21544,20.80_20.85_20.90_20.95_21.00_,32_197_259_422_583_,20.75_20.70_20.65_20.60_20.55_,155_245_252_843_249_
11:51:55,20.80,3,21588,20.85_20.90_20.95_21.00_21.05_,178_278_422_582_149_,20.80_20.75_20.70_20.65_20.60_,72_137_317_737_316_
11:52:01,20.80,3,21588,20.85_20.90_20.95_21.00_21.05_,178_278_422_582_149_,20.80_20.75_20.70_20.65_20.60_,76_133_317_737_318_
11:52:06,20.80,1,21589,20.85_20.90_20.95_21.00_21.05_,179_277_422_582_149_,20.80_20.75_20.70_20.65_20.60_,82_126_317_737_318_
11:52:11,20.85,3,21592,20.85_20.90_20.95_21.00_21.05_,176_277_422_582_149_,20.80_20.75_20.70_20.65_20.60_,97_126_317_737_318_
11:53:33,20.85,2,21616,20.85_20.90_20.95_21.00_21.05_,173_277_422_584_150_,20.80_20.75_20.70_20.65_20.60_,186_122_321_785_329_
11:53:53,20.85,2,21624,20.85_20.90_20.95_21.00_21.05_,168_277_422_584_166_,20.80_20.75_20.70_20.65_20.60_,199_122_321_786_329_
11:54:14,20.85,6,21637,20.85_20.90_20.95_21.00_21.05_,161_273_422_584_166_,20.80_20.75_20.70_20.65_20.60_,201_130_318_786_329_
11:54:19,20.85,6,21637,20.85_20.90_20.95_21.00_21.05_,161_273_422_584_166_,20.80_20.75_20.70_20.65_20.60_,202_130_318_786_324_
11:54:24,20.85,11,21648,20.85_20.90_20.95_21.00_21.05_,149_273_422_584_166_,20.80_20.75_20.70_20.65_20.60_,209_130_317_786_324_
11:54:34,20.85,5,21653,20.85_20.90_20.95_21.00_21.05_,153_273_422_584_166_,20.80_20.75_20.70_20.65_20.60_,209_130_317_786_324_
11:55:41,20.85,4,21782,20.85_20.90_20.95_21.00_21.05_,15_273_424_591_166_,20.80_20.75_20.70_20.65_20.60_,301_169_278_773_323_
11:57:13,20.90,7,21872,20.90_20.95_21.00_21.05_21.10_,251_455_589_166_153_,20.85_20.80_20.75_20.70_20.65_,234_185_243_761_298_
11:57:54,20.85,1,21902,20.90_20.95_21.00_21.05_21.10_,240_455_589_166_154_,20.85_20.80_20.75_20.70_20.65_,232_196_237_650_410_
11:58:25,20.85,3,21909,20.90_20.95_21.00_21.05_21.10_,247_455_589_166_154_,20.85_20.80_20.75_20.70_20.65_,258_192_237_650_410_
11:59:32,20.90,3,21946,20.90_20.95_21.00_21.05_21.10_,241_455_589_166_155_,20.85_20.80_20.75_20.70_20.65_,239_196_236_653_441_
12:00:28,20.85,2,21961,20.90_20.95_21.00_21.05_21.10_,296_455_589_166_155_,20.85_20.80_20.75_20.70_20.65_,258_187_238_656_441_
12:00:44,20.85,6,21972,20.90_20.95_21.00_21.05_21.10_,289_455_589_166_155_,20.85_20.80_20.75_20.70_20.65_,263_187_238_656_442_
12:01:25,20.90,3,21998,20.90_20.95_21.00_21.05_21.10_,325_460_590_166_155_,20.85_20.80_20.75_20.70_20.65_,252_187_237_656_445_
12:01:30,20.90,3,22001,20.90_20.95_21.00_21.05_21.10_,326_460_592_166_155_,20.85_20.80_20.75_20.70_20.65_,250_187_237_656_445_
12:01:35,20.90,3,22001,20.90_20.95_21.00_21.05_21.10_,326_460_592_166_155_,20.85_20.80_20.75_20.70_20.65_,251_187_237_656_445_
12:01:45,20.85,2,22009,20.90_20.95_21.00_21.05_21.10_,325_458_593_166_155_,20.85_20.80_20.75_20.70_20.65_,251_187_236_655_450_
12:04:24,20.90,1,22122,20.90_20.95_21.00_21.05_21.10_,260_419_560_168_163_,20.85_20.80_20.75_20.70_20.65_,304_191_264_648_465_
12:04:34,20.90,6,22128,20.90_20.95_21.00_21.05_21.10_,258_419_560_168_163_,20.85_20.80_20.75_20.70_20.65_,302_191_266_649_465_
12:04:39,20.85,4,22132,20.90_20.95_21.00_21.05_21.10_,259_419_560_168_163_,20.85_20.80_20.75_20.70_20.65_,298_196_266_780_374_
12:05:56,20.90,7,22177,20.90_20.95_21.00_21.05_21.10_,250_419_560_168_163_,20.85_20.80_20.75_20.70_20.65_,310_198_267_647_469_
12:08:20,20.90,7,22253,20.90_20.95_21.00_21.05_21.10_,237_422_540_168_164_,20.85_20.80_20.75_20.70_20.65_,379_215_213_695_372_
12:10:28,20.90,1,22319,20.90_20.95_21.00_21.05_21.10_,213_401_562_169_164_,20.85_20.80_20.75_20.70_20.65_,394_245_215_780_259_
12:10:34,20.85,3,22322,20.90_20.95_21.00_21.05_21.10_,213_401_562_169_164_,20.85_20.80_20.75_20.70_20.65_,396_245_215_674_371_
12:10:39,20.85,2,22324,20.90_20.95_21.00_21.05_21.10_,214_401_562_169_164_,20.85_20.80_20.75_20.70_20.65_,375_245_215_786_259_
12:10:44,20.85,2,22326,20.90_20.95_21.00_21.05_21.10_,226_401_562_169_164_,20.85_20.80_20.75_20.70_20.65_,386_245_215_786_259_
12:10:49,20.90,78,22404,20.90_20.95_21.00_21.05_21.10_,158_401_562_169_164_,20.85_20.80_20.75_20.70_20.65_,386_245_215_786_259_
12:10:54,20.90,5,22409,20.90_20.95_21.00_21.05_21.10_,169_400_562_169_164_,20.85_20.80_20.75_20.70_20.65_,387_245_215_526_488_
12:10:59,20.90,11,22420,20.90_20.95_21.00_21.05_21.10_,159_400_562_169_164_,20.85_20.80_20.75_20.70_20.65_,387_245_215_526_488_
12:11:40,20.90,1,22451,20.90_20.95_21.00_21.05_21.10_,168_401_561_169_164_,20.85_20.80_20.75_20.70_20.65_,399_247_255_678_371_
12:11:45,20.90,1,22451,20.90_20.95_21.00_21.05_21.10_,178_401_562_169_164_,20.85_20.80_20.75_20.70_20.65_,399_247_255_678_371_
12:12:11,20.90,1,22476,20.90_20.95_21.00_21.05_21.10_,189_401_562_169_167_,20.85_20.80_20.75_20.70_20.65_,381_247_255_681_371_
12:12:21,20.90,5,22484,20.90_20.95_21.00_21.05_21.10_,182_402_562_169_167_,20.85_20.80_20.75_20.70_20.65_,398_247_253_681_371_
12:12:26,20.90,150,22634,20.90_20.95_21.00_21.05_21.10_,34_402_562_169_167_,20.85_20.80_20.75_20.70_20.65_,398_247_253_681_371_
12:13:23,20.85,1,22683,20.90_20.95_21.00_21.05_21.10_,20_402_566_169_169_,20.85_20.80_20.75_20.70_20.65_,441_248_265_526_489_
12:13:28,20.90,8,22691,20.90_20.95_21.00_21.05_21.10_,20_402_564_169_169_,20.85_20.80_20.75_20.70_20.65_,441_248_265_637_377_
12:13:33,20.90,6,22697,20.90_20.95_21.00_21.05_21.10_,24_402_564_169_169_,20.85_20.80_20.75_20.70_20.65_,441_248_265_637_377_
12:13:38,20.90,27,22724,20.95_21.00_21.05_21.10_21.15_,402_564_169_169_46_,20.90_20.85_20.80_20.75_20.70_,8_442_248_265_525_
12:13:43,20.95,13,22737,20.95_21.00_21.05_21.10_21.15_,380_608_167_167_48_,20.90_20.85_20.80_20.75_20.70_,126_340_318_544_263_
12:13:48,20.90,96,22833,20.95_21.00_21.05_21.10_21.15_,380_608_167_167_48_,20.90_20.85_20.80_20.75_20.70_,106_317_308_545_259_
12:13:53,20.95,56,22889,20.95_21.00_21.05_21.10_21.15_,325_609_167_167_48_,20.90_20.85_20.80_20.75_20.70_,139_300_308_545_259_
12:13:59,20.95,20,22909,20.95_21.00_21.05_21.10_21.15_,309_609_167_167_48_,20.90_20.85_20.80_20.75_20.70_,179_254_308_545_259_
12:14:04,20.95,20,22929,20.95_21.00_21.05_21.10_21.15_,289_609_167_167_48_,20.90_20.85_20.80_20.75_20.70_,226_214_344_503_259_
12:14:14,20.95,4,22934,20.95_21.00_21.05_21.10_21.15_,290_610_167_166_49_,20.90_20.85_20.80_20.75_20.70_,256_209_344_523_413_
12:16:17,20.95,5,23036,20.95_21.00_21.05_21.10_21.15_,265_612_169_162_111_,20.90_20.85_20.80_20.75_20.70_,331_217_346_521_262_
12:18:00,20.90,5,23142,20.95_21.00_21.05_21.10_21.15_,264_633_169_160_113_,20.90_20.85_20.80_20.75_20.70_,338_215_341_520_428_
12:20:08,21.00,134,24047,21.00_21.05_21.10_21.15_21.20_,77_197_170_113_177_,20.95_20.90_20.85_20.80_20.75_,533_251_297_549_237_
12:20:13,21.00,84,24131,21.05_21.10_21.15_21.20_21.25_,227_171_113_177_21_,21.00_20.95_20.90_20.85_20.80_,39_538_251_297_549_
12:20:54,21.10,34,24453,21.10_21.15_21.20_21.25_21.30_,142_154_177_24_138_,21.05_21.00_20.95_20.90_20.85_,460_454_522_588_336_
12:20:59,21.05,33,24486,21.10_21.15_21.20_21.25_21.30_,143_154_176_24_138_,21.05_21.00_20.95_20.90_20.85_,442_447_522_568_336_
12:21:04,21.10,11,24497,21.10_21.15_21.20_21.25_21.30_,137_150_178_24_138_,21.05_21.00_20.95_20.90_20.85_,481_441_508_568_336_
12:21:09,21.10,20,24517,21.10_21.15_21.20_21.25_21.30_,142_150_178_24_138_,21.05_21.00_20.95_20.90_20.85_,459_440_508_568_336_
12:21:14,21.10,78,24595,21.10_21.15_21.20_21.25_21.30_,67_150_178_34_138_,21.05_21.00_20.95_20.90_20.85_,483_447_509_568_336_
12:21:19,21.10,86,24681,21.15_21.20_21.25_21.30_21.35_,150_178_34_138_12_,21.10_21.05_21.00_20.95_20.90_,35_487_444_509_568_
12:21:25,21.10,22,24703,21.15_21.20_21.25_21.30_21.35_,131_197_32_138_14_,21.10_21.05_21.00_20.95_20.90_,127_411_516_787_307_
12:21:35,21.15,60,24783,21.15_21.20_21.25_21.30_21.35_,91_197_33_138_14_,21.10_21.05_21.00_20.95_20.90_,190_429_502_762_296_
12:21:40,21.15,110,24893,21.20_21.25_21.30_21.35_21.40_,197_33_138_14_124_,21.15_21.10_21.05_21.00_20.95_,61_211_432_502_761_
12:21:45,21.15,8,24901,21.20_21.25_21.30_21.35_21.40_,183_52_138_14_124_,21.15_21.10_21.05_21.00_20.95_,101_150_514_782_478_
12:22:11,21.20,44,25172,21.20_21.25_21.30_21.35_21.40_,10_71_192_16_125_,21.15_21.10_21.05_21.00_20.95_,502_141_768_850_365_
12:22:47,21.20,13,25589,21.20_21.25_21.30_21.35_21.40_,142_110_188_15_125_,21.15_21.10_21.05_21.00_20.95_,470_110_481_1000_477_
12:22:52,21.20,16,25605,21.20_21.25_21.30_21.35_21.40_,143_115_188_15_127_,21.15_21.10_21.05_21.00_20.95_,170_109_481_1001_477_
12:22:57,21.20,13,25618,21.20_21.25_21.30_21.35_21.40_,164_115_188_15_127_,21.15_21.10_21.05_21.00_20.95_,170_109_481_1001_477_
12:25:20,21.10,2,26016,21.15_21.20_21.25_21.30_21.35_,78_279_95_228_97_,21.10_21.05_21.00_20.95_20.90_,43_190_490_723_194_
12:25:25,21.15,2,26018,21.15_21.20_21.25_21.30_21.35_,77_280_96_228_103_,21.10_21.05_21.00_20.95_20.90_,74_190_490_723_194_
12:25:36,21.15,8,26028,21.15_21.20_21.25_21.30_21.35_,73_284_96_229_105_,21.10_21.05_21.00_20.95_20.90_,94_193_495_723_194_
12:25:41,21.15,5,26033,21.15_21.20_21.25_21.30_21.35_,77_291_96_229_105_,21.10_21.05_21.00_20.95_20.90_,94_192_494_723_194_
12:27:03,21.15,3,26137,21.15_21.20_21.25_21.30_21.35_,76_308_104_234_83_,21.10_21.05_21.00_20.95_20.90_,177_197_507_727_228_
12:27:39,21.15,1,26165,21.15_21.20_21.25_21.30_21.35_,63_341_145_234_138_,21.10_21.05_21.00_20.95_20.90_,360_186_524_727_242_
12:28:00,21.10,1,26169,21.15_21.20_21.25_21.30_21.35_,88_343_148_234_156_,21.10_21.05_21.00_20.95_20.90_,367_186_523_727_242_
12:28:51,21.15,3,26273,21.20_21.25_21.30_21.35_21.40_,316_176_226_83_167_,21.15_21.10_21.05_21.00_20.95_,209_278_214_783_481_
12:29:42,21.25,109,26812,21.25_21.30_21.35_21.40_21.45_,56_285_94_167_118_,21.20_21.15_21.10_21.05_21.00_,145_366_352_417_498_
12:29:47,21.25,57,26869,21.30_21.35_21.40_21.45_21.50_,285_94_173_118_234_,21.25_21.20_21.15_21.10_21.05_,39_208_348_347_417_
12:29:52,21.30,179,27048,21.30_21.35_21.40_21.45_21.50_,110_99_173_118_234_,21.25_21.20_21.15_21.10_21.05_,64_412_409_627_152_
12:29:58,21.35,125,27173,21.35_21.40_21.45_21.50_21.55_,94_174_114_234_18_,21.30_21.25_21.20_21.15_21.10_,14_62_437_404_602_
12:30:03,21.35,56,27229,21.35_21.40_21.45_21.50_21.55_,10_197_112_235_20_,21.30_21.25_21.20_21.15_21.10_,51_64_438_760_353_
12:30:08,21.35,76,27305,21.35_21.40_21.45_21.50_21.55_,15_198_114_240_20_,21.30_21.25_21.20_21.15_21.10_,67_82_438_735_353_
12:31:50,21.30,4,27708,21.30_21.35_21.40_21.45_21.50_,130_352_176_119_289_,21.25_21.20_21.15_21.10_21.05_,94_36_152_499_138_
12:31:56,21.25,54,27762,21.30_21.35_21.40_21.45_21.50_,135_355_176_119_289_,21.25_21.20_21.15_21.10_21.05_,41_36_152_499_138_
12:32:01,21.25,10,27772,21.30_21.35_21.40_21.45_21.50_,139_355_177_119_290_,21.25_21.20_21.15_21.10_21.05_,19_40_152_499_137_
12:32:06,21.25,5,27777,21.30_21.35_21.40_21.45_21.50_,143_355_177_119_290_,21.25_21.20_21.15_21.10_21.05_,19_39_152_499_137_
12:32:11,21.25,17,27794,21.30_21.35_21.40_21.45_21.50_,164_355_177_119_290_,21.25_21.20_21.15_21.10_21.05_,10_39_152_499_137_
12:33:02,21.20,2,27900,21.25_21.30_21.35_21.40_21.45_,73_174_347_176_129_,21.20_21.15_21.10_21.05_21.00_,50_137_240_494_132_
12:33:33,21.20,4,27952,21.25_21.30_21.35_21.40_21.45_,44_174_378_176_130_,21.20_21.15_21.10_21.05_21.00_,155_137_240_386_246_
12:33:38,21.25,1,27953,21.25_21.30_21.35_21.40_21.45_,43_174_378_176_130_,21.20_21.15_21.10_21.05_21.00_,148_137_240_386_246_
12:34:40,21.20,3,27993,21.25_21.30_21.35_21.40_21.45_,67_183_376_186_132_,21.20_21.15_21.10_21.05_21.00_,198_127_241_498_137_
12:34:45,21.20,11,28004,21.25_21.30_21.35_21.40_21.45_,67_185_376_185_132_,21.20_21.15_21.10_21.05_21.00_,187_132_241_498_137_
12:35:26,21.25,17,28046,21.25_21.30_21.35_21.40_21.45_,63_192_376_185_132_,21.20_21.15_21.10_21.05_21.00_,171_106_240_386_254_
12:37:44,21.30,12,28398,21.35_21.40_21.45_21.50_21.55_,297_222_188_297_25_,21.30_21.25_21.20_21.15_21.10_,39_275_181_462_250_
12:37:54,21.30,3,28402,21.35_21.40_21.45_21.50_21.55_,299_222_188_297_25_,21.30_21.25_21.20_21.15_21.10_,41_273_183_462_250_
12:38:25,21.30,7,28494,21.30_21.35_21.40_21.45_21.50_,17_312_205_188_297_,21.25_21.20_21.15_21.10_21.05_,102_120_183_486_140_
12:38:35,21.30,7,28494,21.30_21.35_21.40_21.45_21.50_,30_311_205_189_298_,21.25_21.20_21.15_21.10_21.05_,120_121_183_486_145_
12:38:41,21.30,4,28498,21.30_21.35_21.40_21.45_21.50_,27_332_205_189_300_,21.25_21.20_21.15_21.10_21.05_,123_120_183_484_145_
12:38:46,21.35,51,28549,21.35_21.40_21.45_21.50_21.55_,311_205_189_300_27_,21.30_21.25_21.20_21.15_21.10_,6_127_120_183_484_
12:40:59,21.25,2,28854,21.25_21.30_21.35_21.40_21.45_,95_137_322_213_207_,21.20_21.15_21.10_21.05_21.00_,131_107_366_249_271_
12:41:04,21.20,1,28855,21.25_21.30_21.35_21.40_21.45_,95_137_323_213_207_,21.20_21.15_21.10_21.05_21.00_,130_107_368_249_272_
12:43:38,21.20,2,29135,21.25_21.30_21.35_21.40_21.45_,15_175_361_318_212_,21.20_21.15_21.10_21.05_21.00_,143_121_371_257_286_
12:43:48,21.20,1,29142,21.25_21.30_21.35_21.40_21.45_,27_173_361_318_212_,21.20_21.15_21.10_21.05_21.00_,134_121_371_369_174_
12:45:10,21.20,3,29243,21.25_21.30_21.35_21.40_21.45_,14_200_364_318_212_,21.20_21.15_21.10_21.05_21.00_,200_121_369_257_592_
12:45:20,21.20,10,29253,21.25_21.30_21.35_21.40_21.45_,14_201_374_318_212_,21.20_21.15_21.10_21.05_21.00_,190_120_369_569_481_
12:45:51,21.25,3,29271,21.25_21.30_21.35_21.40_21.45_,17_202_374_318_163_,21.20_21.15_21.10_21.05_21.00_,212_126_370_458_600_
12:45:56,21.20,1,29272,21.25_21.30_21.35_21.40_21.45_,18_202_375_318_163_,21.20_21.15_21.10_21.05_21.00_,217_129_370_458_600_
12:47:08,21.20,3,29312,21.25_21.30_21.35_21.40_21.45_,32_239_377_319_163_,21.20_21.15_21.10_21.05_21.00_,240_131_368_370_491_
12:47:28,21.20,1,29336,21.25_21.30_21.35_21.40_21.45_,21_240_383_323_163_,21.20_21.15_21.10_21.05_21.00_,216_132_368_371_492_
12:47:34,21.20,1,29336,21.25_21.30_21.35_21.40_21.45_,23_240_383_323_163_,21.20_21.15_21.10_21.05_21.00_,216_132_368_371_494_
12:51:04,21.25,6,29520,21.25_21.30_21.35_21.40_21.45_,108_250_405_328_172_,21.20_21.15_21.10_21.05_21.00_,245_126_336_254_596_
12:51:40,21.25,121,29652,21.25_21.30_21.35_21.40_21.45_,46_249_405_329_172_,21.20_21.15_21.10_21.05_21.00_,290_130_336_366_485_
12:54:29,21.25,3,29956,21.30_21.35_21.40_21.45_21.50_,189_430_328_186_312_,21.25_21.20_21.15_21.10_21.05_,241_199_332_329_149_
12:54:34,21.30,6,29962,21.30_21.35_21.40_21.45_21.50_,196_430_328_186_312_,21.25_21.20_21.15_21.10_21.05_,250_199_333_329_149_
12:54:39,21.30,10,29972,21.30_21.35_21.40_21.45_21.50_,202_430_328_186_312_,21.25_21.20_21.15_21.10_21.05_,250_199_333_329_154_
12:55:15,21.30,2,29992,21.30_21.35_21.40_21.45_21.50_,199_430_333_186_311_,21.25_21.20_21.15_21.10_21.05_,233_200_334_332_153_
12:55:25,21.30,1,29996,21.30_21.35_21.40_21.45_21.50_,196_430_333_186_311_,21.25_21.20_21.15_21.10_21.05_,231_200_333_332_153_
12:55:36,21.25,15,30013,21.30_21.35_21.40_21.45_21.50_,206_430_333_186_312_,21.25_21.20_21.15_21.10_21.05_,222_200_333_332_153_
12:56:06,21.30,6,30031,21.30_21.35_21.40_21.45_21.50_,234_431_333_186_312_,21.25_21.20_21.15_21.10_21.05_,230_199_333_333_153_
13:00:23,21.20,11,30596,21.25_21.30_21.35_21.40_21.45_,207_240_407_386_189_,21.20_21.15_21.10_21.05_21.00_,54_79_332_281_304_
13:00:49,21.20,1,30614,21.25_21.30_21.35_21.40_21.45_,211_252_407_386_189_,21.20_21.15_21.10_21.05_21.00_,118_79_327_281_309_
13:01:35,21.20,2,30637,21.25_21.30_21.35_21.40_21.45_,215_254_406_386_189_,21.20_21.15_21.10_21.05_21.00_,112_78_330_282_311_
13:05:30,21.20,1,30862,21.25_21.30_21.35_21.40_21.45_,187_278_407_389_184_,21.20_21.15_21.10_21.05_21.00_,62_91_333_388_219_
13:06:22,21.25,2,30910,21.25_21.30_21.35_21.40_21.45_,168_280_414_392_190_,21.20_21.15_21.10_21.05_21.00_,63_115_333_383_313_
13:07:13,21.20,3,30944,21.25_21.30_21.35_21.40_21.45_,168_280_413_392_192_,21.20_21.15_21.10_21.05_21.00_,62_115_333_383_313_
13:07:49,21.20,3,30991,21.25_21.30_21.35_21.40_21.45_,173_281_417_392_192_,21.20_21.15_21.10_21.05_21.00_,22_120_333_384_308_
13:08:35,21.20,8,31031,21.25_21.30_21.35_21.40_21.45_,171_291_406_391_192_,21.20_21.15_21.10_21.05_21.00_,76_126_334_272_425_
13:08:40,21.20,8,31031,21.25_21.30_21.35_21.40_21.45_,173_291_406_391_192_,21.20_21.15_21.10_21.05_21.00_,81_126_334_384_313_
13:08:45,21.20,8,31031,21.25_21.30_21.35_21.40_21.45_,173_291_406_391_192_,21.20_21.15_21.10_21.05_21.00_,85_133_334_384_313_
13:10:17,21.20,2,31102,21.25_21.30_21.35_21.40_21.45_,198_273_407_377_192_,21.20_21.15_21.10_21.05_21.00_,90_128_376_383_314_
13:12:51,21.25,1,31292,21.25_21.30_21.35_21.40_21.45_,211_289_401_476_193_,21.20_21.15_21.10_21.05_21.00_,123_124_339_379_317_
13:13:22,21.20,1,31303,21.25_21.30_21.35_21.40_21.45_,224_287_402_476_193_,21.20_21.15_21.10_21.05_21.00_,134_159_339_267_431_
13:14:03,21.20,5,31362,21.25_21.30_21.35_21.40_21.45_,221_288_390_476_193_,21.20_21.15_21.10_21.05_21.00_,158_154_338_380_329_
13:14:13,21.25,6,31368,21.25_21.30_21.35_21.40_21.45_,218_288_390_476_193_,21.20_21.15_21.10_21.05_21.00_,178_154_338_380_329_
13:14:59,21.20,8,31396,21.25_21.30_21.35_21.40_21.45_,244_288_392_477_193_,21.20_21.15_21.10_21.05_21.00_,233_143_339_376_330_
13:15:04,21.25,13,31409,21.25_21.30_21.35_21.40_21.45_,235_288_392_477_193_,21.20_21.15_21.10_21.05_21.00_,231_143_339_375_330_
13:15:10,21.20,8,31417,21.25_21.30_21.35_21.40_21.45_,234_287_392_477_193_,21.20_21.15_21.10_21.05_21.00_,230_143_339_263_442_
13:15:15,21.25,1,31418,21.25_21.30_21.35_21.40_21.45_,234_287_392_477_193_,21.20_21.15_21.10_21.05_21.00_,225_143_339_375_331_
13:15:30,21.20,2,31427,21.25_21.30_21.35_21.40_21.45_,233_287_390_477_193_,21.20_21.15_21.10_21.05_21.00_,234_143_339_375_331_
13:15:35,21.20,1,31428,21.25_21.30_21.35_21.40_21.45_,232_288_390_477_193_,21.20_21.15_21.10_21.05_21.00_,230_143_339_375_331_
13:15:40,21.25,2,31430,21.25_21.30_21.35_21.40_21.45_,230_288_390_477_193_,21.20_21.15_21.10_21.05_21.00_,233_143_338_375_331_
13:16:47,21.25,1,31493,21.25_21.30_21.35_21.40_21.45_,232_293_389_479_193_,21.20_21.15_21.10_21.05_21.00_,216_143_338_263_443_
13:16:52,21.25,1,31494,21.25_21.30_21.35_21.40_21.45_,230_293_389_479_193_,21.20_21.15_21.10_21.05_21.00_,221_143_338_263_443_
13:17:59,21.25,1,31549,21.25_21.30_21.35_21.40_21.45_,269_287_393_478_191_,21.20_21.15_21.10_21.05_21.00_,202_135_339_263_442_
13:18:35,21.20,35,31618,21.25_21.30_21.35_21.40_21.45_,288_291_394_471_191_,21.20_21.15_21.10_21.05_21.00_,184_134_338_375_330_
13:18:45,21.20,19,31638,21.25_21.30_21.35_21.40_21.45_,288_292_394_471_191_,21.20_21.15_21.10_21.05_21.00_,169_134_411_349_330_
13:18:55,21.20,8,31667,21.25_21.30_21.35_21.40_21.45_,272_292_394_476_191_,21.20_21.15_21.10_21.05_21.00_,170_134_386_237_442_
13:19:05,21.20,2,31673,21.25_21.30_21.35_21.40_21.45_,277_287_394_476_191_,21.20_21.15_21.10_21.05_21.00_,163_134_311_237_442_
13:24:48,21.30,12,32500,21.30_21.35_21.40_21.45_21.50_,204_314_387_187_606_,21.25_21.20_21.15_21.10_21.05_,2_82_342_308_274_
13:25:37,21.30,9,32582,21.30_21.35_21.40_21.45_21.50_,119_302_336_180_603_,21.25_21.20_21.15_21.10_21.05_,24_79_327_313_570_
13:26:33,21.30,9,32582,21.20_21.25_21.30_21.35_21.40_,308_41_306_305_336_,21.15_21.10_21.05_21.00_20.95_,184_313_865_1135_1063_
13:27:24,21.30,9,32582,21.35_21.40_21.45_21.50_21.55_,155_336_181_606_502_,21.30_21.25_21.20_21.15_21.10_,31_47_100_354_303_
13:28:16,21.30,9,32582,21.30_21.35_21.40_21.45_21.50_,12_324_335_181_581_,21.25_21.20_21.15_21.10_21.05_,97_102_352_303_865_
13:30:00,21.30,2053,34635,21.30_21.35_21.40_21.45_21.50_,303_358_353_183_581_,21.25_21.20_21.15_21.10_21.05_,99_198_419_375_936_
