09:00:34,270.00,1,14,271.00_271.50_272.00_272.50_273.50_,4_2_1_3_1_,270.00_269.50_269.00_268.50_268.00_,4_17_1_1_1_
09:00:45,270.00,1,18,271.00_271.50_272.00_272.50_273.50_,4_2_1_3_1_,269.50_269.00_268.50_268.00_266.00_,17_1_1_1_2_
09:00:50,270.00,1,19,271.00_271.50_272.00_272.50_273.50_,4_2_1_3_1_,269.50_269.00_268.50_268.00_266.00_,13_1_1_1_2_
09:00:55,270.00,1,19,271.00_271.50_272.00_272.50_273.50_,5_2_1_4_1_,269.50_269.00_268.50_268.00_266.00_,13_1_1_1_2_
09:01:00,270.50,1,20,271.00_271.50_272.00_272.50_273.50_,5_2_1_4_1_,269.50_269.00_268.50_268.00_266.00_,13_1_1_1_2_
09:01:05,270.50,1,21,271.00_271.50_272.00_272.50_273.50_,5_2_1_5_1_,269.50_269.00_268.50_268.00_266.00_,12_1_1_1_2_
09:02:07,269.50,3,26,270.00_270.50_271.00_271.50_272.00_,1_3_10_7_7_,269.50_269.00_268.00_266.00_265.00_,9_2_1_2_1_
09:02:17,269.50,2,29,270.00_270.50_271.00_271.50_272.00_,1_2_10_7_7_,269.50_269.00_268.00_266.00_265.00_,6_2_1_2_1_
09:03:13,263.50,4,55,265.00_265.50_267.00_267.50_269.50_,1_2_2_1_1_,264.00_263.50_263.00_262.00_260.50_,1_3_3_3_1_
09:03:18,264.00,1,56,265.00_265.50_267.00_267.50_269.50_,1_2_2_1_1_,263.50_263.00_262.00_260.50_260.00_,5_3_3_1_3_
09:03:39,263.00,5,70,263.50_265.00_265.50_267.50_269.50_,1_1_4_1_2_,262.00_260.50_260.00_258.00_257.50_,3_1_4_1_1_
09:03:44,263.00,2,72,263.50_265.00_265.50_267.50_269.50_,1_3_2_1_2_,262.50_262.00_260.50_260.00_258.00_,3_3_1_4_1_
09:03:49,262.50,4,76,262.50_263.50_265.00_265.50_267.50_,1_1_1_4_1_,262.00_260.50_260.00_258.00_257.50_,3_1_4_1_1_
09:04:00,262.50,2,78,263.50_264.50_265.00_265.50_267.50_,1_2_1_2_1_,262.00_260.50_260.00_258.00_257.50_,4_1_4_1_1_
09:04:46,263.00,6,87,265.00_265.50_266.50_267.50_269.50_,1_3_3_1_2_,263.00_262.50_262.00_260.50_260.00_,6_6_3_3_9_
09:04:51,263.00,2,89,265.00_265.50_266.50_267.50_269.50_,1_3_3_1_2_,263.00_262.50_262.00_260.50_260.00_,5_6_3_3_9_
09:04:56,263.00,2,89,265.00_265.50_266.50_267.50_269.50_,1_3_3_1_2_,263.50_263.00_262.50_262.00_260.50_,1_6_6_3_3_
09:05:01,263.00,2,89,265.00_265.50_266.50_267.50_269.00_,1_3_3_1_1_,264.00_263.50_263.00_262.50_262.00_,1_2_6_6_3_
09:05:06,263.00,2,89,265.00_265.50_266.50_267.00_267.50_,1_3_1_2_1_,264.00_263.50_263.00_262.50_262.00_,2_2_6_6_3_
09:05:11,264.00,1,90,265.00_265.50_266.50_267.00_267.50_,1_3_1_2_1_,264.00_263.50_263.00_262.50_262.00_,2_2_6_5_3_
09:05:16,264.00,1,90,265.00_265.50_266.50_267.00_267.50_,1_3_1_2_1_,264.00_263.50_263.00_262.50_262.00_,2_3_5_5_3_
09:05:21,264.00,1,90,265.00_265.50_266.50_267.00_267.50_,1_2_1_2_1_,264.00_263.50_263.00_262.50_262.00_,2_4_5_5_3_
09:05:32,265.00,1,91,265.50_266.50_267.00_267.50_269.00_,2_1_3_1_3_,264.00_263.50_263.00_262.50_262.00_,4_5_5_5_3_
09:06:28,265.50,1,98,266.00_266.50_267.00_267.50_268.00_,2_2_1_2_3_,264.50_264.00_263.50_263.00_262.50_,2_4_4_6_5_
09:06:33,265.50,1,98,265.50_266.00_266.50_267.00_267.50_,1_2_2_1_3_,264.50_264.00_263.50_263.00_262.50_,2_4_4_5_4_
09:06:38,265.50,1,98,265.50_266.00_266.50_267.00_267.50_,2_2_2_1_3_,264.50_264.00_263.50_263.00_262.50_,2_4_4_5_4_
09:06:48,265.50,1,99,265.50_266.00_266.50_267.00_267.50_,2_2_2_1_4_,264.50_264.00_263.50_263.00_262.50_,2_4_4_5_4_
09:07:09,264.50,1,100,265.50_266.00_266.50_267.00_267.50_,2_2_2_1_4_,264.50_264.00_263.50_263.00_262.50_,1_4_4_5_4_
09:07:29,265.00,1,101,265.50_266.00_266.50_267.00_267.50_,2_2_1_1_4_,265.00_264.50_264.00_263.50_263.00_,1_1_4_4_5_
09:07:35,265.00,1,102,265.50_266.00_266.50_267.00_267.50_,2_2_1_1_4_,264.50_264.00_263.50_263.00_262.50_,1_4_4_5_4_
09:07:50,265.00,1,103,265.50_266.00_266.50_267.00_267.50_,2_2_1_1_4_,264.50_264.00_263.50_263.00_262.50_,2_4_4_5_4_
09:08:10,265.00,1,103,265.00_265.50_266.00_266.50_267.00_,2_3_2_1_1_,264.50_264.00_263.50_263.00_262.50_,2_4_4_5_4_
09:08:26,265.00,2,105,265.50_266.00_266.50_267.00_267.50_,3_2_1_3_2_,264.50_264.00_263.50_263.00_262.50_,5_4_4_5_4_
09:08:36,265.00,2,105,265.50_266.00_266.50_267.00_267.50_,3_2_1_1_4_,265.00_264.50_264.00_263.50_263.00_,5_4_3_6_7_
09:08:51,265.00,1,106,265.50_266.00_266.50_267.00_267.50_,3_2_1_1_4_,265.00_264.50_264.00_263.50_263.00_,14_4_3_6_7_
09:08:56,265.50,3,109,266.00_266.50_267.00_267.50_268.00_,2_1_1_4_1_,265.00_264.50_264.00_263.50_263.00_,14_4_3_6_7_
09:09:53,264.50,1,129,265.00_265.50_266.00_266.50_267.00_,2_2_1_1_3_,264.50_264.00_263.50_263.00_262.50_,2_3_8_7_5_
09:10:18,264.00,1,132,265.00_265.50_266.00_266.50_267.00_,2_2_1_1_3_,264.00_263.50_263.00_262.50_262.00_,2_8_7_5_5_
09:10:24,264.00,1,132,264.50_265.00_265.50_266.00_266.50_,1_2_2_1_1_,264.00_263.50_263.00_262.50_262.00_,2_7_7_5_6_
09:10:39,264.00,1,135,264.50_265.00_265.50_266.00_266.50_,1_2_2_1_3_,263.50_263.00_262.50_262.00_260.50_,7_6_5_6_3_
09:11:00,263.00,1,146,264.00_265.00_265.50_266.00_266.50_,1_2_2_3_1_,263.00_262.50_262.00_260.50_260.00_,3_6_6_3_8_
09:11:05,263.00,2,148,264.00_265.00_265.50_266.00_266.50_,3_2_2_3_1_,263.00_262.50_262.00_260.50_260.00_,1_6_6_3_8_
09:11:10,263.00,2,150,264.00_265.00_265.50_266.00_266.50_,3_3_2_3_1_,263.00_262.50_262.00_260.50_260.00_,1_6_6_4_8_
09:11:15,263.00,1,151,264.00_265.00_265.50_266.00_266.50_,3_3_2_3_1_,262.50_262.00_260.50_260.00_258.00_,6_6_4_8_3_
09:11:20,263.00,1,151,264.00_265.00_265.50_266.00_266.50_,3_3_4_1_1_,263.50_263.00_262.50_262.00_260.50_,1_1_6_6_4_
09:11:25,263.00,2,153,263.50_264.00_265.00_265.50_266.00_,1_4_3_2_3_,262.50_262.00_260.50_260.00_258.00_,5_6_4_8_3_
09:11:30,263.50,1,154,264.00_265.00_265.50_266.00_266.50_,4_3_4_1_1_,263.00_262.50_262.00_260.50_260.00_,1_6_6_4_8_
09:11:35,262.50,6,160,264.00_265.00_265.50_266.00_266.50_,4_3_2_4_1_,262.50_262.00_260.50_260.00_258.00_,1_6_4_8_3_
09:11:40,262.00,1,161,264.00_265.00_265.50_266.00_266.50_,4_3_4_2_1_,262.00_260.50_260.00_258.00_257.50_,5_4_8_3_1_
09:11:46,262.00,1,161,264.00_265.00_265.50_266.00_266.50_,4_3_4_2_1_,262.50_262.00_260.50_260.00_258.50_,1_5_4_8_1_
09:11:51,262.00,1,162,264.00_265.00_265.50_266.00_266.50_,4_3_4_2_1_,262.00_260.50_260.00_258.50_258.00_,5_4_8_1_3_
09:11:56,262.00,2,164,264.00_265.00_265.50_266.00_266.50_,4_3_4_2_1_,262.00_260.50_260.00_258.50_258.00_,4_4_8_1_3_
09:13:08,262.00,1,182,262.00_263.00_263.50_264.00_265.00_,3_2_2_4_2_,261.50_261.00_260.50_260.00_259.00_,4_1_4_10_1_
09:13:13,262.00,2,184,262.00_263.00_263.50_264.00_265.00_,1_2_1_4_2_,261.50_261.00_260.50_260.00_259.00_,4_1_4_10_1_
09:13:18,262.00,1,185,263.00_263.50_264.00_265.00_265.50_,2_1_4_2_2_,262.00_261.50_261.00_260.50_260.00_,5_4_2_4_10_
09:13:23,262.00,1,185,263.00_263.50_264.00_265.00_265.50_,2_1_2_4_2_,262.00_261.50_261.00_260.50_260.00_,8_4_1_4_10_
09:13:33,262.00,1,185,263.00_263.50_264.00_265.00_265.50_,2_1_2_4_2_,262.50_262.00_261.50_261.00_260.50_,2_9_4_1_4_
09:13:38,262.00,1,185,263.00_263.50_264.00_265.00_265.50_,2_1_2_4_2_,262.50_262.00_261.50_261.00_260.50_,3_8_4_1_4_
09:13:49,262.50,1,186,263.00_263.50_264.00_265.00_265.50_,2_1_2_4_2_,262.50_262.00_261.50_261.00_260.50_,4_9_4_1_4_
09:14:40,263.00,1,193,263.50_264.00_265.00_265.50_266.00_,2_2_2_6_1_,263.00_262.50_262.00_261.50_261.00_,5_4_6_4_2_
09:14:45,263.00,1,193,263.50_264.00_265.00_265.50_266.00_,2_2_2_6_1_,263.00_262.50_262.00_261.50_261.00_,5_3_6_4_3_
09:14:50,263.00,1,194,263.50_264.00_265.00_265.50_266.00_,2_2_3_6_1_,263.00_262.50_262.00_261.50_261.00_,6_3_6_4_3_
09:15:00,263.00,1,194,263.50_264.00_265.00_265.50_266.00_,2_2_4_6_1_,263.00_262.50_262.00_261.50_261.00_,5_3_6_4_5_
09:15:11,263.00,1,195,263.50_264.00_265.00_265.50_266.00_,2_2_4_6_1_,263.00_262.50_262.00_261.50_261.00_,5_3_6_4_5_
09:15:36,263.00,1,197,263.00_263.50_264.00_265.00_265.50_,4_3_2_5_6_,262.50_262.00_261.50_261.00_260.50_,3_6_3_6_4_
09:16:12,262.50,7,209,263.00_263.50_264.00_265.00_265.50_,6_3_2_7_4_,262.50_262.00_261.50_261.00_260.50_,4_6_3_6_4_
09:16:17,262.50,7,209,263.00_263.50_264.00_265.00_265.50_,6_3_2_7_4_,262.50_262.00_261.50_261.00_260.50_,4_6_3_7_4_
09:16:33,262.50,7,209,263.00_263.50_264.00_265.00_265.50_,7_3_1_7_4_,262.50_262.00_261.50_261.00_260.50_,4_6_3_8_4_
09:16:43,262.50,7,209,263.00_263.50_264.00_265.00_265.50_,7_3_1_7_4_,262.50_262.00_261.50_261.00_260.50_,5_6_3_8_4_
09:16:48,262.50,1,210,263.00_263.50_264.00_265.00_265.50_,7_3_1_7_4_,262.50_262.00_261.50_261.00_260.50_,4_6_3_8_4_
09:16:58,262.50,4,214,262.50_263.00_263.50_264.00_265.00_,4_7_3_1_7_,262.00_261.50_261.00_260.50_260.00_,6_3_8_4_13_
09:17:08,262.50,1,215,262.50_263.00_263.50_264.50_265.00_,5_7_3_2_5_,262.00_261.50_261.00_260.50_260.00_,6_3_8_4_13_
09:17:19,262.00,2,217,262.50_263.00_263.50_264.50_265.00_,5_7_3_2_15_,262.00_261.50_261.00_260.50_260.00_,4_3_8_4_13_
09:17:29,262.00,1,218,262.50_263.00_263.50_264.50_265.00_,5_6_3_2_15_,262.00_261.50_261.00_260.50_260.00_,3_3_8_4_13_
09:17:39,262.00,2,220,262.50_263.00_263.50_264.50_265.00_,5_6_3_2_15_,262.00_261.50_261.00_260.50_260.00_,1_3_8_4_13_
09:18:00,262.00,2,223,262.50_263.00_263.50_264.50_265.00_,4_6_3_2_15_,261.50_261.00_260.50_260.00_259.00_,3_8_4_13_1_
09:18:41,261.50,1,227,262.00_262.50_263.00_263.50_264.00_,2_6_6_3_2_,261.50_261.00_260.50_260.00_259.00_,2_8_4_12_2_
09:19:22,262.00,2,234,262.00_262.50_263.00_263.50_264.00_,2_6_8_3_2_,261.00_260.50_260.00_259.00_258.50_,10_4_12_2_2_
09:19:32,262.00,1,235,262.00_262.50_263.00_263.50_264.00_,1_6_8_3_2_,261.50_261.00_260.50_260.00_259.00_,1_9_4_12_2_
09:19:42,261.00,4,239,262.00_262.50_263.00_263.50_264.00_,1_6_8_3_2_,261.00_260.50_260.00_259.00_258.50_,9_4_12_2_2_
09:19:47,262.00,1,240,262.50_263.00_263.50_264.00_265.00_,6_8_3_2_16_,261.00_260.50_260.00_259.00_258.50_,9_3_12_2_2_
09:19:52,262.00,1,240,262.50_263.00_263.50_264.50_265.00_,6_8_3_2_16_,261.00_260.50_260.00_259.00_258.50_,9_3_12_2_2_
09:19:57,261.50,1,241,262.50_263.00_263.50_264.50_265.00_,6_8_3_2_16_,261.00_260.50_260.00_259.00_258.50_,9_3_11_2_2_
09:20:03,261.50,1,241,262.00_262.50_263.00_263.50_264.50_,1_6_8_3_2_,261.50_261.00_260.50_260.00_259.00_,1_8_3_11_2_
09:20:08,261.50,1,241,262.00_262.50_263.00_263.50_264.00_,1_6_8_3_2_,261.50_261.00_260.50_260.00_259.00_,1_8_3_11_2_
09:20:18,261.50,1,242,261.50_262.00_262.50_263.00_263.50_,9_11_6_8_3_,261.00_260.50_260.00_259.00_258.50_,8_3_11_2_2_
09:20:28,261.00,1,244,261.50_262.00_262.50_263.00_263.50_,8_11_6_8_5_,261.00_260.50_260.00_259.00_258.50_,7_3_11_1_2_
09:22:32,258.50,1,272,260.00_260.50_261.00_261.50_262.00_,1_3_2_2_1_,258.50_258.00_257.50_257.00_256.50_,1_6_1_2_2_
09:22:37,258.50,1,273,259.00_260.00_260.50_261.00_261.50_,1_2_3_2_2_,258.00_257.50_257.00_256.50_256.00_,6_1_2_2_5_
09:22:42,258.50,2,275,259.00_260.00_260.50_261.00_262.00_,1_1_3_4_1_,258.50_258.00_257.50_257.00_256.50_,1_6_1_2_2_
09:22:47,258.50,3,278,259.00_260.00_260.50_261.00_262.00_,2_1_3_4_1_,258.50_258.00_257.50_257.00_256.50_,1_6_1_2_2_
09:22:52,258.50,3,278,259.00_260.00_260.50_261.00_262.00_,2_1_3_4_1_,258.50_258.00_257.50_257.00_256.50_,2_6_1_2_2_
09:23:33,258.00,2,295,258.00_258.50_259.00_260.00_261.00_,4_3_2_8_1_,257.50_257.00_256.50_256.00_255.50_,1_1_2_6_1_
09:23:38,258.00,4,299,258.00_258.50_259.00_260.00_261.00_,3_3_3_8_1_,257.50_257.00_256.50_256.00_255.50_,1_1_2_6_1_
09:23:43,258.00,4,303,258.50_259.00_260.00_261.00_262.00_,3_2_9_3_1_,257.50_257.00_256.50_256.00_255.50_,1_1_2_6_1_
09:23:49,258.00,4,303,258.50_259.00_260.00_260.50_261.00_,3_2_7_2_3_,257.50_257.00_256.50_256.00_255.50_,1_1_2_6_1_
09:23:54,258.50,1,304,258.50_259.00_260.00_260.50_261.00_,2_2_7_2_3_,258.00_257.50_257.00_256.50_256.00_,1_1_1_2_6_
09:23:59,258.00,2,306,258.50_259.00_260.00_260.50_261.00_,2_2_6_2_3_,257.50_257.00_256.50_256.00_255.50_,1_1_2_5_2_
09:24:04,258.00,2,306,258.50_259.00_260.00_260.50_261.00_,2_2_7_2_3_,258.00_257.50_257.00_256.50_256.00_,2_1_1_2_5_
09:24:19,258.00,2,308,258.00_258.50_259.00_260.00_260.50_,1_2_2_7_2_,257.50_257.00_256.50_256.00_255.50_,1_1_2_5_2_
09:24:24,258.00,2,308,258.00_258.50_259.00_259.50_260.00_,1_2_2_1_9_,257.50_257.00_256.50_256.00_255.50_,1_1_2_10_2_
09:25:00,257.00,2,318,257.00_258.00_258.50_259.00_259.50_,3_1_2_3_1_,256.50_256.00_255.50_255.00_254.00_,2_11_2_6_4_
09:25:05,257.00,3,321,257.00_258.00_258.50_259.00_259.50_,3_1_2_3_3_,256.50_256.00_255.50_255.00_254.50_,2_11_2_6_1_
09:25:10,257.00,6,327,257.00_258.00_258.50_259.00_259.50_,4_1_2_3_3_,256.50_256.00_255.50_255.00_254.50_,4_10_2_6_1_
09:25:21,257.00,4,331,257.00_258.00_259.00_259.50_260.00_,1_1_3_3_7_,256.50_256.00_255.50_255.00_254.50_,5_10_2_6_1_
09:25:31,257.00,2,333,258.00_258.50_259.50_260.00_261.00_,1_2_3_9_1_,257.00_256.50_256.00_255.50_255.00_,8_5_10_2_7_
09:26:48,256.50,3,358,256.50_257.00_258.00_258.50_259.50_,8_1_1_5_4_,256.00_255.50_255.00_254.50_254.00_,13_2_11_1_3_
09:26:53,256.50,3,361,256.50_257.00_258.00_258.50_259.50_,6_1_1_5_4_,256.00_255.50_255.00_254.50_254.00_,12_2_11_1_3_
09:26:58,256.50,3,364,256.50_257.00_258.00_258.50_259.50_,3_1_1_5_4_,256.00_255.50_255.00_254.50_254.00_,12_2_11_1_3_
09:27:03,256.50,4,368,257.00_258.00_258.50_259.50_260.00_,1_1_5_4_9_,256.50_256.00_255.50_255.00_254.50_,6_12_2_11_1_
09:27:13,256.50,4,368,257.00_258.00_258.50_259.00_259.50_,4_1_3_3_4_,256.50_256.00_255.50_255.00_254.50_,5_13_3_11_4_
09:27:18,257.00,1,369,257.00_258.00_258.50_259.00_259.50_,2_1_3_3_4_,256.50_256.00_255.50_255.00_254.50_,5_14_3_11_4_
09:27:24,257.00,2,371,258.00_258.50_259.00_259.50_260.00_,1_3_3_4_10_,257.00_256.50_256.00_255.50_255.00_,1_6_14_3_11_
09:27:34,257.00,2,371,257.50_258.00_258.50_259.00_259.50_,3_1_3_1_6_,257.00_256.50_256.00_255.50_255.00_,4_6_15_3_14_
09:27:44,256.50,10,382,257.50_258.00_258.50_259.00_259.50_,3_1_3_1_6_,256.00_255.50_255.00_254.50_254.00_,17_4_14_1_2_
09:27:49,256.50,10,382,257.00_258.00_258.50_259.00_259.50_,3_1_3_3_4_,256.00_255.50_255.00_254.50_254.00_,17_4_11_4_2_
09:27:59,257.00,1,383,257.00_258.00_258.50_259.00_259.50_,2_1_3_3_4_,256.50_256.00_255.50_255.00_254.50_,2_17_4_11_4_
09:28:35,257.00,1,387,258.00_258.50_259.00_259.50_260.00_,1_3_1_4_12_,257.00_256.50_256.00_255.50_255.00_,1_5_17_4_14_
09:28:45,258.00,2,390,258.50_259.00_259.50_260.00_260.50_,3_1_4_10_2_,257.00_256.50_256.00_255.50_255.00_,3_5_17_7_11_
09:29:11,258.50,1,391,258.50_259.00_259.50_260.00_260.50_,2_1_5_12_1_,258.00_257.00_256.50_256.00_255.50_,10_7_4_22_7_
09:29:16,258.50,1,391,258.50_259.00_259.50_260.00_260.50_,2_1_5_10_3_,258.00_257.00_256.50_256.00_255.50_,10_7_3_25_4_
09:29:21,258.50,2,393,259.00_259.50_260.00_260.50_261.00_,1_5_10_3_1_,258.00_257.00_256.50_256.00_255.50_,10_7_3_25_4_
09:29:26,258.50,2,393,259.00_259.50_260.00_260.50_261.00_,2_5_10_1_3_,258.00_257.00_256.50_256.00_255.50_,10_7_3_25_4_
09:29:52,258.50,1,397,259.00_259.50_260.00_260.50_261.00_,2_3_10_1_5_,258.50_258.00_257.00_256.50_256.00_,1_10_8_4_25_
09:30:13,259.00,1,401,259.00_259.50_260.00_260.50_261.00_,1_3_10_1_5_,258.00_257.50_257.00_256.50_256.00_,10_3_8_4_24_
09:30:23,259.00,1,401,259.00_259.50_260.00_260.50_261.00_,2_3_10_1_5_,258.50_258.00_257.50_257.00_256.50_,1_10_3_8_5_
09:30:28,258.50,1,402,259.00_259.50_260.00_260.50_261.00_,2_3_10_1_5_,258.00_257.50_257.00_256.50_256.00_,10_3_8_5_24_
09:30:48,259.00,1,405,259.00_259.50_260.00_260.50_261.00_,1_3_10_1_6_,258.00_257.50_257.00_256.50_256.00_,12_4_10_5_24_
09:31:19,259.00,1,407,259.00_259.50_260.00_260.50_261.00_,4_3_10_1_6_,258.50_258.00_257.50_257.00_256.50_,1_12_6_8_8_
09:31:24,259.00,1,407,259.00_259.50_260.00_260.50_261.00_,4_3_10_1_6_,258.50_258.00_257.50_257.00_256.50_,1_12_6_8_5_
09:31:29,258.50,1,408,258.50_259.00_259.50_260.00_260.50_,1_5_3_9_1_,258.00_257.50_257.00_256.50_256.00_,12_6_8_5_24_
09:31:35,258.50,1,408,258.50_259.00_259.50_260.00_260.50_,2_4_3_9_3_,258.00_257.50_257.00_256.50_256.00_,12_7_7_5_24_
09:31:40,258.50,1,408,258.50_259.00_259.50_260.00_260.50_,3_5_3_9_3_,258.00_257.50_257.00_256.50_256.00_,12_7_6_5_24_
09:31:45,258.50,1,409,258.50_259.00_259.50_260.00_260.50_,3_5_3_9_3_,258.00_257.50_257.00_256.50_256.00_,14_7_5_5_24_
09:31:50,258.50,1,410,258.50_259.00_259.50_260.00_260.50_,2_5_3_9_3_,258.00_257.50_257.00_256.50_256.00_,16_8_5_5_24_
09:31:55,258.50,2,412,259.00_259.50_260.00_260.50_261.00_,5_3_9_3_4_,258.50_258.00_257.50_257.00_256.50_,3_16_8_5_5_
09:32:00,258.50,2,414,259.00_259.50_260.00_260.50_261.00_,5_3_9_1_6_,258.50_258.00_257.50_257.00_256.50_,2_14_8_5_5_
09:32:05,258.50,2,416,259.00_259.50_260.00_260.50_261.00_,5_3_9_1_6_,258.50_258.00_257.50_257.00_256.50_,1_14_8_5_5_
09:32:10,258.50,1,417,259.00_259.50_260.00_260.50_261.00_,5_3_9_1_6_,258.50_258.00_257.50_257.00_256.50_,2_14_8_5_5_
09:32:16,258.50,1,418,259.00_259.50_260.00_260.50_261.00_,5_3_9_1_6_,258.50_258.00_257.50_257.00_256.50_,1_14_8_5_5_
09:32:31,258.50,1,419,259.00_259.50_260.00_260.50_261.00_,5_3_9_1_6_,258.00_257.50_257.00_256.50_256.00_,14_8_5_5_19_
09:32:36,258.50,1,419,259.00_259.50_260.00_260.50_261.00_,5_3_9_1_6_,258.00_257.50_257.00_256.50_256.00_,14_8_5_5_20_
09:32:41,258.50,1,419,259.00_259.50_260.00_260.50_261.00_,5_3_9_1_6_,258.00_257.50_257.00_256.50_256.00_,14_8_5_5_21_
09:32:46,258.50,2,421,259.00_259.50_260.00_260.50_261.00_,5_3_9_1_5_,258.00_257.50_257.00_256.50_256.00_,14_8_5_5_21_
09:32:57,258.50,2,421,259.00_259.50_260.00_260.50_261.00_,5_3_9_1_4_,258.00_257.50_257.00_256.50_256.00_,14_8_5_8_19_
09:33:12,258.50,2,421,259.00_259.50_260.00_260.50_261.00_,5_3_9_1_4_,258.00_257.50_257.00_256.50_256.00_,14_8_5_8_24_
09:33:43,258.50,2,421,259.00_259.50_260.00_260.50_261.00_,5_4_9_1_4_,258.50_258.00_257.50_257.00_256.50_,1_15_8_5_8_
09:33:58,258.50,2,421,259.00_259.50_260.00_260.50_261.00_,5_4_9_1_4_,258.50_258.00_257.50_257.00_256.50_,2_15_8_5_8_
09:34:03,258.50,2,421,259.00_259.50_260.00_260.50_261.00_,5_4_9_1_4_,258.50_258.00_257.50_257.00_256.50_,2_17_7_5_8_
09:34:08,258.50,2,421,259.00_259.50_260.00_260.50_261.00_,5_4_9_1_4_,258.50_258.00_257.50_257.00_256.50_,2_17_7_5_10_
09:34:13,258.50,2,421,259.00_259.50_260.00_260.50_261.00_,5_4_9_1_4_,258.50_258.00_257.50_257.00_256.50_,2_17_7_6_10_
09:34:19,258.50,2,421,259.00_259.50_260.00_260.50_261.00_,4_4_9_1_4_,258.50_258.00_257.50_257.00_256.50_,2_17_7_8_10_
09:34:24,258.50,2,421,259.00_259.50_260.00_260.50_261.00_,4_4_9_1_4_,258.50_258.00_257.50_257.00_256.50_,2_16_7_8_10_
09:34:29,258.50,2,421,259.00_259.50_260.00_260.50_261.00_,4_4_9_1_4_,258.50_258.00_257.50_257.00_256.50_,7_16_7_8_7_
09:34:34,258.50,2,421,259.00_259.50_260.00_260.50_261.00_,4_4_9_1_4_,258.50_258.00_257.50_257.00_256.50_,7_16_6_8_7_
09:34:44,259.00,1,422,259.00_259.50_260.00_260.50_261.00_,1_4_9_1_4_,258.50_258.00_257.50_257.00_256.50_,7_16_6_8_7_
09:34:54,259.00,1,423,259.50_260.00_260.50_261.00_261.50_,4_9_1_4_1_,258.50_258.00_257.50_257.00_256.50_,7_16_6_8_7_
09:34:59,259.00,1,423,259.50_260.00_260.50_261.00_261.50_,4_9_1_2_3_,258.50_258.00_257.50_257.00_256.50_,7_16_6_8_7_
09:35:10,259.50,1,424,259.50_260.00_260.50_261.00_261.50_,3_9_1_2_3_,259.00_258.50_258.00_257.50_257.00_,1_9_14_6_8_
09:35:35,259.50,1,425,259.50_260.00_260.50_261.00_261.50_,3_9_1_3_3_,259.00_258.50_258.00_257.50_257.00_,4_9_14_6_8_
09:35:45,259.50,1,425,259.50_260.00_260.50_261.00_261.50_,3_9_1_3_3_,259.00_258.50_258.00_257.50_257.00_,4_9_14_6_10_
09:35:51,259.50,1,426,259.50_260.00_260.50_261.00_261.50_,2_9_1_3_3_,259.00_258.50_258.00_257.50_257.00_,4_9_14_6_10_
09:35:56,259.50,1,427,259.50_260.00_260.50_261.00_261.50_,1_9_1_3_3_,259.00_258.50_258.00_257.50_257.00_,3_9_14_6_10_
09:37:18,260.00,1,434,260.00_260.50_261.00_261.50_262.00_,7_6_8_1_5_,259.50_259.00_258.50_258.00_257.50_,4_4_7_12_4_
09:37:48,260.00,7,444,260.50_261.00_261.50_262.00_262.50_,6_6_1_6_13_,259.50_259.00_258.50_258.00_257.50_,5_5_3_12_4_
09:37:59,260.00,7,444,260.50_261.00_261.50_262.00_262.50_,6_6_1_6_13_,259.50_259.00_258.50_258.00_257.50_,15_5_3_2_4_
09:38:04,260.00,7,444,260.50_261.00_261.50_262.00_262.50_,6_6_1_6_13_,260.00_259.50_259.00_258.50_258.00_,1_14_5_3_2_
09:38:09,260.00,1,445,260.50_261.00_261.50_262.00_262.50_,6_6_1_6_13_,259.50_259.00_258.50_258.00_257.50_,14_4_3_2_4_
09:38:14,260.50,1,446,260.50_261.00_261.50_262.00_262.50_,5_6_1_4_15_,259.50_259.00_258.50_258.00_257.50_,15_4_3_2_4_
09:38:19,260.50,1,446,260.00_260.50_261.00_261.50_262.00_,1_5_6_1_4_,259.50_259.00_258.50_258.00_257.50_,15_4_3_2_4_
09:38:24,260.50,1,447,260.50_261.00_261.50_262.00_262.50_,5_6_1_6_13_,259.50_259.00_258.50_258.00_257.50_,15_4_3_2_4_
09:38:29,260.50,1,447,260.50_261.00_261.50_262.00_262.50_,5_6_1_5_15_,259.50_259.00_258.50_258.00_257.50_,15_4_3_4_4_
09:38:35,260.50,1,447,260.50_261.00_261.50_262.00_262.50_,5_7_1_5_15_,260.00_259.50_259.00_258.50_258.00_,1_15_4_3_4_
09:38:40,260.50,1,447,260.50_261.00_261.50_262.00_262.50_,6_7_1_5_15_,260.00_259.50_259.00_258.50_258.00_,1_14_4_3_4_
09:38:45,260.50,1,447,260.50_261.00_261.50_262.00_262.50_,11_7_1_5_15_,260.00_259.50_259.00_258.50_258.00_,2_14_4_3_4_
09:38:55,260.50,2,449,260.50_261.00_261.50_262.00_262.50_,9_7_1_5_15_,260.00_259.50_259.00_258.50_258.00_,2_14_4_3_4_
09:39:00,260.50,9,458,261.00_261.50_262.00_262.50_263.00_,7_1_4_15_5_,260.50_260.00_259.50_259.00_258.50_,2_3_14_4_3_
09:39:05,260.50,9,458,261.00_261.50_262.00_262.50_263.00_,7_1_4_13_7_,260.50_260.00_259.50_259.00_258.50_,3_3_15_4_2_
09:39:10,260.50,9,458,261.00_261.50_262.00_262.50_263.00_,7_1_4_13_7_,260.50_260.00_259.50_259.00_258.50_,4_4_14_4_2_
09:39:16,260.50,9,458,261.00_261.50_262.00_262.50_263.00_,7_1_4_13_7_,260.50_260.00_259.50_259.00_258.50_,4_6_14_4_2_
09:39:21,261.00,1,459,261.00_261.50_262.00_262.50_263.00_,7_1_4_13_7_,260.50_260.00_259.50_259.00_258.50_,4_6_14_4_2_
09:39:31,261.00,1,459,261.00_261.50_262.00_262.50_263.00_,7_1_4_13_7_,260.50_260.00_259.50_259.00_258.50_,5_8_14_4_2_
09:39:36,261.00,1,459,261.00_261.50_262.00_262.50_263.00_,7_2_4_13_7_,260.50_260.00_259.50_259.00_258.50_,5_8_14_4_2_
09:39:51,260.50,1,463,261.00_261.50_262.00_262.50_263.00_,7_2_5_13_7_,260.50_260.00_259.50_259.00_258.50_,1_8_14_4_2_
09:40:02,260.50,1,465,261.00_261.50_262.00_262.50_263.00_,7_2_7_13_7_,260.00_259.50_259.00_258.50_258.00_,8_14_4_2_4_
09:40:07,260.50,1,465,261.00_261.50_262.00_262.50_263.00_,7_2_6_13_7_,260.00_259.50_259.00_258.50_258.00_,8_13_4_2_6_
09:40:33,260.50,1,465,261.00_261.50_262.00_262.50_263.00_,8_2_6_13_7_,260.00_259.50_259.00_258.50_258.00_,8_13_4_2_6_
09:40:38,260.50,1,465,261.00_261.50_262.00_262.50_263.00_,8_2_6_13_7_,260.50_260.00_259.50_259.00_258.50_,1_8_13_4_2_
09:40:48,260.50,1,465,261.00_261.50_262.00_262.50_263.00_,8_2_6_13_7_,260.50_260.00_259.50_259.00_258.50_,1_8_13_5_2_
09:41:08,260.50,1,465,261.00_261.50_262.00_262.50_263.00_,3_6_6_13_7_,260.50_260.00_259.50_259.00_258.50_,5_7_14_5_2_
09:41:19,261.00,1,466,261.00_261.50_262.00_262.50_263.00_,2_6_6_13_7_,260.50_260.00_259.50_259.00_258.50_,5_7_14_5_2_
09:41:34,260.50,1,467,261.00_261.50_262.00_262.50_263.00_,2_6_6_13_7_,260.50_260.00_259.50_259.00_258.50_,5_7_11_5_2_
09:41:39,260.50,1,467,261.00_261.50_262.00_262.50_263.00_,2_6_6_11_9_,260.50_260.00_259.50_259.00_258.50_,5_8_11_5_2_
09:42:15,260.50,5,472,261.00_261.50_262.00_262.50_263.00_,5_6_9_11_9_,260.50_260.00_259.50_259.00_258.50_,2_7_10_5_2_
09:42:25,260.50,2,475,260.50_261.00_261.50_262.00_262.50_,3_4_6_9_11_,260.00_259.50_259.00_258.50_258.00_,7_10_5_2_6_
09:42:41,260.50,2,475,260.50_261.00_261.50_262.00_262.50_,3_3_5_9_13_,260.00_259.50_259.00_258.50_258.00_,7_10_6_2_5_
09:43:17,260.50,2,475,260.50_261.00_261.50_262.00_262.50_,3_3_5_9_13_,260.00_259.00_258.50_258.00_257.50_,7_6_2_5_6_
09:44:03,260.50,2,477,260.50_261.00_261.50_262.00_262.50_,2_3_5_9_13_,260.00_259.00_258.50_258.00_257.50_,7_6_2_5_6_
09:44:33,260.50,1,478,260.50_261.00_261.50_262.00_262.50_,1_3_5_9_13_,260.00_259.00_258.50_258.00_257.50_,7_6_2_5_6_
09:44:38,260.50,1,478,260.50_261.00_261.50_262.00_262.50_,1_3_5_9_13_,260.00_259.00_258.50_258.00_257.50_,8_6_2_5_6_
09:44:49,260.50,1,478,260.50_261.00_261.50_262.00_262.50_,5_3_5_9_13_,260.00_259.00_258.50_258.00_257.50_,8_6_2_5_6_
09:44:54,260.50,1,478,260.50_261.00_261.50_262.00_262.50_,7_3_5_9_13_,260.00_259.00_258.50_258.00_257.50_,8_6_2_5_6_
09:44:59,260.50,1,478,260.50_261.00_261.50_262.00_262.50_,5_3_5_9_13_,260.00_259.00_258.50_258.00_257.50_,8_6_2_5_6_
09:45:04,260.50,1,478,260.50_261.00_261.50_262.00_262.50_,5_3_5_9_13_,260.00_259.00_258.50_258.00_257.50_,9_6_2_5_6_
09:45:25,260.50,1,478,260.50_261.00_261.50_262.00_262.50_,5_3_5_9_13_,260.00_259.00_258.50_258.00_257.50_,8_6_2_5_6_
09:45:30,260.50,1,479,260.50_261.00_261.50_262.00_262.50_,4_3_5_9_13_,260.00_259.00_258.50_258.00_257.50_,8_6_2_5_6_
09:46:31,260.00,1,482,260.50_261.00_261.50_262.00_262.50_,3_3_5_9_13_,260.00_259.00_258.50_258.00_257.50_,5_5_2_5_6_
09:46:36,260.00,2,484,260.50_261.00_261.50_262.00_262.50_,3_3_5_9_13_,260.00_259.00_258.50_258.00_257.50_,3_5_2_5_6_
09:46:41,260.00,3,487,260.50_261.00_261.50_262.00_262.50_,3_3_5_9_13_,259.00_258.50_258.00_257.50_257.00_,5_2_5_6_4_
09:46:46,260.00,3,487,260.00_260.50_261.00_261.50_262.00_,6_3_3_4_11_,259.00_258.50_258.00_257.50_257.00_,5_2_5_6_4_
09:46:52,260.00,1,488,260.00_260.50_261.00_261.50_262.00_,4_3_3_4_11_,259.00_258.50_258.00_257.50_257.00_,5_2_5_6_4_
09:46:57,260.00,1,488,259.50_260.00_260.50_261.00_261.50_,1_5_3_3_4_,259.00_258.50_258.00_257.50_257.00_,5_2_5_6_4_
09:47:07,259.50,1,489,259.50_260.00_260.50_261.00_261.50_,1_5_3_3_6_,259.00_258.50_258.00_257.50_257.00_,5_3_5_6_4_
09:48:08,259.50,1,489,259.50_260.00_260.50_261.00_261.50_,2_9_2_3_7_,259.00_258.50_258.00_257.50_257.00_,3_3_4_6_6_
09:48:13,259.50,1,489,259.50_260.00_260.50_261.00_261.50_,3_9_3_3_7_,259.00_258.50_258.00_257.50_257.00_,3_3_4_6_6_
09:48:24,259.50,1,489,259.50_260.00_260.50_261.00_261.50_,3_9_3_3_7_,259.00_258.50_258.00_257.50_257.00_,5_3_4_6_6_
09:50:32,257.00,2,517,257.50_259.00_259.50_260.00_260.50_,2_4_1_5_3_,257.00_256.50_256.00_255.50_255.00_,2_11_31_3_12_
09:50:37,257.00,2,519,257.50_259.00_259.50_260.00_260.50_,3_2_4_5_3_,256.50_256.00_255.50_255.00_254.50_,11_31_3_12_1_
09:50:42,257.00,2,521,257.50_259.00_259.50_260.00_260.50_,3_2_4_5_3_,257.00_256.50_256.00_255.50_255.00_,1_11_29_3_12_
09:50:47,257.00,2,521,257.50_259.00_259.50_260.00_260.50_,3_2_4_5_3_,257.00_256.50_256.00_255.50_255.00_,2_11_29_3_12_
09:50:53,257.00,1,522,257.50_259.00_259.50_260.00_260.50_,3_2_4_5_3_,257.00_256.50_256.00_255.50_255.00_,1_10_29_3_13_
09:50:58,257.00,1,522,257.50_259.00_259.50_260.00_260.50_,3_2_4_5_3_,257.00_256.50_256.00_255.50_255.00_,4_7_29_3_13_
09:51:03,257.00,1,522,257.50_258.50_259.00_259.50_260.00_,3_1_2_3_5_,257.00_256.50_256.00_255.50_255.00_,6_7_29_3_13_
09:51:08,257.00,1,522,257.50_258.50_259.00_259.50_260.00_,3_1_2_3_5_,257.00_256.50_256.00_255.50_255.00_,6_7_29_3_12_
09:51:13,257.00,1,522,257.50_258.50_259.00_259.50_260.00_,3_1_2_3_5_,257.00_256.50_256.00_255.50_255.00_,6_8_29_3_12_
09:52:46,256.00,4,548,257.50_258.50_259.00_259.50_260.00_,2_2_2_1_5_,256.00_255.50_255.00_254.50_254.00_,17_3_11_1_5_
09:52:51,256.00,2,550,257.50_258.50_259.00_259.50_260.00_,2_2_2_1_5_,256.00_255.50_255.00_254.50_254.00_,17_3_12_1_5_
09:53:01,256.00,2,550,257.50_258.50_259.00_259.50_260.00_,2_2_2_1_5_,256.50_256.00_255.50_255.00_254.50_,3_15_2_12_1_
09:53:06,256.00,2,550,257.50_258.50_259.50_260.00_260.50_,2_2_3_5_5_,256.50_256.00_255.50_255.00_254.50_,3_15_2_12_1_
09:53:11,256.50,2,552,257.50_258.50_259.50_260.00_260.50_,2_2_3_7_5_,256.50_256.00_255.50_255.00_254.50_,1_15_2_12_1_
09:53:52,257.00,3,556,257.00_257.50_258.50_259.00_259.50_,2_1_2_3_1_,256.50_256.00_255.50_255.00_254.50_,3_13_2_11_1_
09:54:13,257.00,3,556,257.00_258.00_258.50_259.00_259.50_,3_1_2_3_1_,256.50_256.00_255.50_255.00_254.50_,3_14_2_12_1_
09:54:33,257.00,3,556,257.00_258.00_258.50_259.00_259.50_,3_1_2_3_1_,256.50_256.00_255.50_255.00_254.50_,3_15_2_12_1_
09:54:49,257.00,2,558,257.00_258.00_258.50_259.00_259.50_,1_1_2_3_1_,256.50_256.00_255.50_255.00_254.50_,3_15_2_12_1_
09:54:54,257.00,1,559,258.00_258.50_259.00_259.50_260.00_,1_2_3_1_7_,256.50_256.00_255.50_255.00_254.50_,3_15_2_12_1_
09:54:59,257.00,1,559,258.00_258.50_259.00_259.50_260.00_,1_2_1_3_7_,256.50_256.00_255.50_255.00_254.50_,3_15_2_12_1_
09:56:26,258.00,1,560,259.00_259.50_260.00_260.50_261.00_,1_2_7_7_6_,257.00_256.50_256.00_255.50_255.00_,4_2_15_2_12_
09:56:46,258.00,1,560,259.00_259.50_260.00_260.50_261.00_,1_2_7_5_8_,258.00_257.00_256.50_256.00_255.50_,1_4_2_15_2_
09:57:43,258.00,1,561,259.00_259.50_260.00_260.50_261.00_,1_2_7_5_8_,258.00_257.50_257.00_256.50_256.00_,3_1_6_2_14_
09:58:08,258.00,1,561,259.00_259.50_260.00_260.50_261.00_,2_2_7_5_8_,258.00_257.50_257.00_256.50_256.00_,3_1_6_2_14_
09:58:14,258.00,1,561,259.00_259.50_260.00_260.50_261.00_,2_2_7_5_8_,258.00_257.50_257.00_256.50_256.00_,4_1_6_2_14_
09:58:24,258.00,2,563,259.00_259.50_260.00_260.50_261.00_,2_2_7_5_8_,258.00_257.50_257.00_256.50_256.00_,2_1_6_2_14_
09:59:46,258.00,1,565,258.50_259.00_259.50_260.00_260.50_,2_1_1_7_7_,258.00_257.50_257.00_256.50_256.00_,2_1_4_2_14_
09:59:56,258.00,1,565,258.50_259.00_259.50_260.00_260.50_,2_1_1_8_7_,258.00_257.50_257.00_256.50_256.00_,2_1_4_2_14_
10:00:06,258.00,1,565,258.50_259.00_259.50_260.00_260.50_,1_1_2_8_7_,258.00_257.50_257.00_256.50_256.00_,2_1_5_2_14_
10:00:27,258.00,1,565,258.50_259.00_259.50_260.00_260.50_,1_1_2_8_7_,258.00_257.50_257.00_256.50_256.00_,2_1_5_2_21_
10:00:32,258.00,1,566,258.50_259.00_259.50_260.00_260.50_,1_1_2_8_7_,258.00_257.50_257.00_256.50_256.00_,1_1_5_2_21_
10:01:13,258.00,1,568,258.50_259.00_259.50_260.00_260.50_,1_1_1_8_7_,257.50_257.00_256.50_256.00_255.50_,2_5_2_21_2_
10:01:39,258.00,1,568,258.50_259.00_259.50_260.00_260.50_,1_1_1_8_7_,257.50_257.00_256.50_256.00_255.50_,2_4_2_22_3_
10:02:20,258.00,1,568,258.50_259.00_259.50_260.00_260.50_,1_1_1_8_5_,257.50_257.00_256.50_256.00_255.50_,2_4_2_16_3_
10:02:40,258.00,1,568,258.50_259.00_259.50_260.00_260.50_,2_1_1_8_5_,257.50_257.00_256.50_256.00_255.50_,2_4_2_16_3_
10:02:56,258.00,1,568,258.50_259.00_259.50_260.00_260.50_,2_1_1_8_5_,257.50_257.00_256.50_256.00_255.50_,3_4_2_16_3_
10:03:37,258.50,1,569,258.50_259.00_259.50_260.00_260.50_,1_1_1_8_5_,258.00_257.50_257.00_256.50_256.00_,1_13_4_2_16_
10:03:42,258.50,1,569,258.50_259.00_259.50_260.00_260.50_,1_1_1_8_5_,258.00_257.50_257.00_256.50_256.00_,2_12_4_2_16_
10:04:54,259.00,1,571,259.50_260.00_260.50_261.00_261.50_,1_13_3_6_7_,259.00_258.50_258.00_257.50_257.00_,4_2_1_12_5_
10:05:04,259.00,2,573,259.50_260.00_260.50_261.00_261.50_,1_13_3_6_7_,259.00_258.50_258.00_257.50_257.00_,4_1_1_12_5_
10:05:09,259.50,1,574,260.00_260.50_261.00_261.50_262.00_,13_3_6_7_12_,259.00_258.50_258.00_257.50_257.00_,4_1_1_12_5_
10:05:14,259.50,1,574,260.00_260.50_261.00_261.50_262.00_,13_3_6_5_14_,259.00_258.50_258.00_257.50_257.00_,4_1_1_12_5_
10:05:19,259.50,1,574,259.50_260.00_260.50_261.00_261.50_,1_13_3_6_5_,259.00_258.50_258.00_257.50_257.00_,4_1_1_12_5_
10:05:25,259.50,1,574,259.50_260.00_260.50_261.00_261.50_,1_11_3_6_7_,259.00_258.50_258.00_257.50_257.00_,4_1_1_12_5_
10:05:40,259.50,1,575,260.00_260.50_261.00_261.50_262.00_,11_3_6_8_14_,259.00_258.50_258.00_257.50_257.00_,4_1_1_12_5_
10:05:45,259.50,1,575,260.00_260.50_261.00_261.50_262.00_,11_3_6_6_13_,259.00_258.50_258.00_257.50_257.00_,4_1_1_12_5_
10:07:07,259.00,2,578,259.50_260.00_260.50_261.00_261.50_,2_10_3_6_8_,259.00_258.50_258.00_257.50_257.00_,4_1_3_12_5_
10:07:22,259.00,2,578,259.50_260.00_260.50_261.00_261.50_,2_10_3_6_7_,259.00_258.50_258.00_257.50_257.00_,4_1_3_12_5_
10:08:19,259.00,2,578,259.50_260.00_260.50_261.00_261.50_,2_11_3_3_7_,259.00_258.50_258.00_257.50_257.00_,4_1_4_13_5_
10:09:00,259.00,2,578,260.00_260.50_261.00_261.50_262.00_,11_3_3_5_12_,259.00_258.50_258.00_257.50_257.00_,7_1_4_13_5_
10:09:10,259.00,2,578,260.00_260.50_261.00_261.50_262.00_,11_3_6_5_12_,259.00_258.50_258.00_257.50_257.00_,7_1_4_13_5_
10:09:46,259.00,2,578,260.00_260.50_261.00_261.50_262.00_,11_3_6_5_12_,259.00_258.50_258.00_257.50_257.00_,7_1_4_12_6_
10:10:17,259.00,2,578,260.00_260.50_261.00_261.50_262.00_,11_3_6_5_12_,259.00_258.50_258.00_257.50_257.00_,8_1_4_12_6_
10:10:27,259.00,2,578,260.00_260.50_261.00_261.50_262.00_,11_3_6_5_12_,259.00_258.50_258.00_257.50_257.00_,9_1_4_12_6_
10:10:47,259.00,2,578,260.00_260.50_261.00_261.50_262.00_,11_3_6_5_12_,259.00_258.50_258.00_257.50_257.00_,8_1_4_12_6_
10:11:03,259.00,3,581,260.00_260.50_261.00_261.50_262.00_,12_3_9_5_12_,259.00_258.50_258.00_257.50_257.00_,5_1_4_12_6_
10:11:08,259.00,3,581,260.00_260.50_261.00_261.50_262.00_,12_3_9_5_12_,259.00_258.50_258.00_257.50_257.00_,3_1_4_12_6_
10:11:33,259.00,3,581,260.00_260.50_261.00_261.50_262.00_,12_3_9_5_12_,259.00_258.50_258.00_257.50_257.00_,2_1_4_12_6_
10:12:20,259.00,3,581,259.50_260.00_260.50_261.00_261.50_,2_12_3_9_5_,259.00_258.50_258.00_257.50_257.00_,2_1_4_12_6_
10:12:25,259.00,3,581,259.50_260.00_260.50_261.00_261.50_,2_12_3_9_7_,259.00_258.50_258.00_257.50_257.00_,2_1_4_12_6_
10:12:30,259.00,3,581,259.50_260.00_260.50_261.00_261.50_,3_11_3_9_7_,259.00_258.50_258.00_257.50_257.00_,2_1_4_12_6_
10:12:35,259.00,3,581,259.50_260.00_260.50_261.00_261.50_,3_11_3_9_7_,259.00_258.50_258.00_257.50_257.00_,2_1_5_12_5_
10:12:55,259.00,2,583,259.50_260.00_260.50_261.00_261.50_,3_11_3_6_7_,259.00_258.50_258.00_257.50_257.00_,1_1_5_12_5_
10:13:21,259.00,1,584,259.50_260.00_260.50_261.00_261.50_,3_11_3_6_7_,258.50_258.00_257.50_257.00_256.50_,1_5_12_5_4_
10:14:07,259.00,1,584,259.50_260.00_260.50_261.00_261.50_,3_11_3_6_7_,259.00_258.50_258.00_257.50_257.00_,1_1_5_12_5_
10:14:53,259.00,1,584,259.50_260.00_260.50_261.00_261.50_,3_11_3_6_8_,259.00_258.50_258.00_257.50_257.00_,1_1_5_12_5_
10:15:09,259.00,1,584,259.50_260.00_260.50_261.00_261.50_,3_11_3_6_8_,259.00_258.50_258.00_257.50_257.00_,1_1_5_12_11_
10:15:34,259.00,1,584,259.50_260.00_260.50_261.00_261.50_,3_11_3_6_8_,259.00_258.50_258.00_257.50_257.00_,3_1_5_12_11_
10:17:06,259.50,1,587,260.00_260.50_261.00_261.50_262.00_,11_3_6_6_13_,259.50_259.00_258.00_257.50_257.00_,3_2_5_12_5_
10:17:42,259.50,1,587,260.00_260.50_261.00_261.50_262.00_,11_3_6_7_13_,259.50_259.00_258.00_257.50_257.00_,3_2_5_12_5_
10:17:57,259.50,1,587,260.00_260.50_261.00_261.50_262.00_,11_3_6_7_13_,259.50_259.00_258.00_257.50_257.00_,4_2_5_12_5_
10:18:08,259.50,1,588,260.00_260.50_261.00_261.50_262.00_,11_3_6_7_13_,259.50_259.00_258.00_257.50_257.00_,4_2_5_12_5_
10:18:23,259.50,2,590,260.00_260.50_261.00_261.50_262.00_,11_3_6_7_13_,259.50_259.00_258.00_257.50_257.00_,2_2_5_12_5_
10:18:28,259.50,2,590,260.00_260.50_261.00_261.50_262.00_,11_3_6_7_13_,259.50_259.00_258.00_257.50_257.00_,2_3_5_12_5_
10:19:35,259.50,1,592,260.00_260.50_261.00_261.50_262.00_,11_3_6_7_13_,259.00_258.00_257.50_257.00_256.50_,4_4_12_6_4_
10:20:01,259.50,1,592,260.00_260.50_261.00_261.50_262.00_,11_3_6_7_13_,259.50_259.00_258.00_257.50_257.00_,1_5_4_12_6_
10:21:12,259.50,1,592,260.00_260.50_261.00_261.50_262.00_,11_3_6_7_13_,259.50_259.00_258.50_258.00_257.50_,4_3_1_6_12_
10:22:45,259.50,1,593,260.00_260.50_261.00_261.50_262.00_,12_3_6_7_13_,259.50_259.00_258.50_258.00_257.50_,2_3_1_6_12_
10:22:55,259.50,1,594,260.00_260.50_261.00_261.50_262.00_,13_3_6_7_13_,259.50_259.00_258.50_258.00_257.50_,1_3_1_6_12_
10:23:10,259.50,1,595,260.00_260.50_261.00_261.50_262.00_,13_3_6_7_13_,259.00_258.50_258.00_257.50_257.00_,3_1_6_12_5_
10:23:41,259.50,1,595,260.00_260.50_261.00_261.50_262.00_,13_3_6_7_13_,259.00_258.00_257.50_257.00_256.50_,3_7_12_6_5_
10:24:01,259.50,1,595,259.50_260.00_260.50_261.00_261.50_,3_13_3_6_7_,259.00_258.00_257.50_257.00_256.50_,3_7_12_6_5_
10:24:07,259.50,1,595,259.50_260.00_260.50_261.00_261.50_,3_13_3_6_9_,259.00_258.00_257.50_257.00_256.50_,4_7_12_5_5_
10:24:12,259.50,1,595,259.50_260.00_260.50_261.00_261.50_,3_13_3_6_9_,259.00_258.50_258.00_257.50_257.00_,6_1_7_12_5_
10:24:22,259.50,1,595,259.50_260.00_260.50_261.00_261.50_,3_13_3_6_9_,259.00_258.50_258.00_257.50_257.00_,4_1_7_12_5_
10:24:27,259.50,1,595,259.50_260.00_260.50_261.00_261.50_,4_12_3_6_9_,259.00_258.50_258.00_257.50_257.00_,4_1_7_12_5_
10:24:37,259.00,2,597,259.50_260.00_260.50_261.00_261.50_,4_12_3_6_9_,259.00_258.50_258.00_257.50_257.00_,2_1_7_13_5_
10:25:34,259.00,2,597,259.50_260.00_260.50_261.00_261.50_,4_11_3_6_9_,259.00_258.50_258.00_257.50_257.00_,2_2_6_13_4_
10:26:30,259.00,2,597,259.50_260.00_260.50_261.00_261.50_,5_11_3_6_9_,259.00_258.50_258.00_257.50_257.00_,2_2_6_13_4_
10:26:40,259.00,2,597,259.50_260.00_260.50_261.00_261.50_,5_11_3_6_9_,259.00_258.50_258.00_257.50_257.00_,3_2_6_13_4_
10:26:45,259.00,1,598,259.50_260.00_260.50_261.00_261.50_,5_11_3_6_9_,259.00_258.50_258.00_257.50_257.00_,2_2_6_13_4_
10:26:50,259.00,2,600,259.50_260.00_260.50_261.00_261.50_,5_11_3_6_9_,258.50_258.00_257.50_257.00_256.50_,2_6_13_4_5_
10:27:01,258.50,2,602,259.50_260.00_260.50_261.00_261.50_,5_11_3_6_9_,258.00_257.50_257.00_256.50_256.00_,6_13_4_5_19_
10:27:06,258.50,2,602,259.50_260.00_260.50_261.00_261.50_,5_11_3_8_7_,258.00_257.50_257.00_256.50_256.00_,6_13_4_5_19_
10:27:42,258.50,2,602,259.50_260.00_260.50_261.00_261.50_,5_11_3_8_7_,258.00_257.50_257.00_256.50_256.00_,5_13_4_5_19_
10:28:18,258.50,2,602,259.00_259.50_260.00_260.50_261.00_,1_4_11_3_8_,258.00_257.50_257.00_256.50_256.00_,5_13_4_5_20_
10:28:28,258.00,1,603,259.50_260.00_260.50_261.00_261.50_,4_11_3_8_7_,258.00_257.50_257.00_256.50_256.00_,4_13_4_5_20_
10:29:34,258.00,2,605,259.50_260.00_260.50_261.00_261.50_,5_12_3_5_7_,258.00_257.50_257.00_256.50_256.00_,2_3_4_15_20_
10:30:00,258.00,2,605,259.50_260.00_260.50_261.00_261.50_,5_12_4_5_7_,258.00_257.50_257.00_256.50_256.00_,3_3_4_15_19_
10:30:10,258.00,2,605,259.50_260.00_260.50_261.00_261.50_,5_12_3_5_7_,258.00_257.50_257.00_256.50_256.00_,3_3_4_15_19_
10:31:12,257.00,2,613,257.50_259.50_260.00_260.50_261.00_,1_6_11_3_3_,257.00_256.50_256.00_255.50_255.00_,4_15_19_2_14_
10:32:49,257.50,1,614,257.50_259.50_260.00_260.50_261.00_,1_6_11_6_5_,257.00_256.50_256.00_255.50_255.00_,6_15_19_2_14_
10:32:54,257.00,6,620,257.50_259.50_260.00_260.50_261.00_,1_6_11_6_5_,256.50_256.00_255.50_255.00_254.50_,15_19_2_14_1_
10:33:05,257.00,6,620,257.50_259.50_260.00_260.50_261.00_,1_6_11_6_5_,257.00_256.50_256.00_255.50_255.00_,1_15_19_2_14_
10:33:20,257.00,1,621,257.50_259.50_260.00_260.50_261.00_,1_6_11_6_5_,256.50_256.00_255.50_255.00_254.50_,15_19_2_14_1_
10:33:25,257.00,1,621,257.50_258.50_259.50_260.00_260.50_,1_1_6_11_6_,256.50_256.00_255.50_255.00_254.50_,15_19_2_14_1_
10:33:30,257.00,1,621,257.50_259.50_260.00_260.50_261.00_,1_6_11_6_5_,256.50_256.00_255.50_255.00_254.50_,15_19_2_14_1_
10:33:35,257.00,1,621,257.50_259.00_259.50_260.00_260.50_,1_1_6_11_6_,256.50_256.00_255.50_255.00_254.50_,15_18_2_14_2_
10:33:40,256.50,15,636,257.50_259.00_259.50_260.00_260.50_,1_6_6_11_6_,256.00_255.50_255.00_254.50_254.00_,18_2_14_2_2_
10:33:46,256.50,15,636,257.50_259.00_259.50_260.00_260.50_,1_8_4_11_6_,256.00_255.50_255.00_254.50_254.00_,18_2_14_2_2_
10:33:51,256.50,15,636,257.50_259.00_259.50_260.00_260.50_,1_8_4_11_6_,256.00_255.50_255.00_254.50_254.00_,17_2_14_2_2_
10:33:56,256.50,15,636,257.50_259.00_259.50_260.00_260.50_,1_8_4_11_6_,256.00_255.50_255.00_254.50_254.00_,17_2_13_2_2_
10:34:06,256.50,15,636,257.50_259.00_259.50_260.00_260.50_,1_8_4_11_6_,256.50_256.00_255.50_255.00_254.50_,1_17_2_13_2_
10:34:11,256.50,15,636,257.50_259.00_259.50_260.00_260.50_,1_6_8_11_6_,256.50_256.00_255.50_255.00_254.50_,2_17_3_13_3_
10:34:16,256.50,15,636,257.50_259.00_259.50_260.00_260.50_,1_6_8_11_6_,256.50_256.00_255.50_255.00_254.50_,3_13_3_17_3_
10:34:21,256.50,15,636,257.50_259.00_259.50_260.00_260.50_,1_6_8_11_6_,256.50_256.00_255.50_255.00_254.50_,4_13_3_17_3_
10:34:57,256.50,4,640,257.50_259.00_259.50_260.00_260.50_,2_6_7_11_6_,256.50_256.00_255.50_255.00_254.50_,2_13_3_18_3_
10:35:13,256.50,4,640,257.50_259.00_259.50_260.00_260.50_,2_12_7_11_6_,256.50_256.00_255.50_255.00_254.50_,2_13_3_18_3_
10:35:18,256.50,3,643,256.50_257.50_259.00_259.50_260.00_,2_2_9_7_11_,256.00_255.50_255.00_254.50_254.00_,13_3_18_4_1_
10:35:23,256.50,3,643,256.50_257.50_258.50_259.00_259.50_,2_2_2_9_5_,256.00_255.50_255.00_254.50_254.00_,13_3_18_4_1_
10:35:28,256.00,4,647,256.50_257.50_258.50_259.00_259.50_,2_2_2_9_5_,256.00_255.50_255.00_254.50_254.00_,10_3_18_4_1_
10:35:33,256.00,1,648,256.50_257.50_258.50_259.00_259.50_,2_2_2_9_5_,256.00_255.50_255.00_254.50_254.00_,9_3_18_4_1_
10:35:38,256.00,1,648,256.50_257.50_258.50_259.00_259.50_,3_1_2_9_5_,256.00_255.50_255.00_254.50_254.00_,9_3_18_4_1_
10:35:43,256.50,1,649,256.50_257.50_258.50_259.00_259.50_,2_1_2_9_5_,256.00_255.50_255.00_254.50_254.00_,9_3_18_4_1_
10:36:04,256.50,1,651,257.50_258.50_259.00_259.50_260.00_,1_2_9_5_11_,256.50_256.00_255.50_255.00_254.50_,2_9_3_18_4_
10:36:09,256.50,1,651,257.50_259.00_259.50_260.00_260.50_,1_9_7_11_6_,256.50_256.00_255.50_255.00_254.50_,3_9_3_18_4_
10:36:14,256.50,1,651,257.50_259.00_259.50_260.00_260.50_,1_9_7_11_6_,256.50_256.00_255.50_255.00_254.50_,4_9_3_18_4_
10:36:24,257.50,1,652,257.50_259.00_259.50_260.00_260.50_,5_9_7_11_6_,256.50_256.00_255.50_255.00_254.50_,4_8_3_18_4_
10:37:11,257.50,1,653,257.50_259.00_259.50_260.00_260.50_,4_9_7_11_6_,256.50_256.00_255.50_255.00_254.50_,4_8_3_18_4_
10:37:52,257.50,1,653,257.50_259.00_259.50_260.00_260.50_,4_9_7_11_6_,256.50_256.00_255.50_255.00_254.50_,4_9_3_18_4_
10:38:17,257.50,1,653,257.50_259.00_259.50_260.00_260.50_,4_9_7_11_6_,256.50_256.00_255.50_255.00_254.50_,5_9_3_18_4_
10:38:22,257.50,1,653,257.50_259.00_259.50_260.00_260.50_,4_9_7_11_6_,257.00_256.50_256.00_255.50_255.00_,1_5_9_3_18_
10:38:27,257.50,1,653,257.50_259.00_259.50_260.00_260.50_,4_9_7_11_6_,257.00_256.50_256.00_255.50_255.00_,3_4_9_3_18_
10:38:38,257.50,1,653,257.50_259.00_259.50_260.00_260.50_,4_9_7_11_6_,257.00_256.50_256.00_255.50_255.00_,3_6_11_2_18_
10:38:43,257.50,1,653,257.50_259.00_259.50_260.00_260.50_,4_9_7_11_6_,257.00_256.50_256.00_255.50_255.00_,4_6_11_2_18_
10:38:53,257.50,1,653,257.50_259.00_259.50_260.00_260.50_,4_9_7_11_6_,257.00_256.50_256.00_255.50_255.00_,5_6_11_2_18_
10:39:03,257.50,1,653,257.50_259.00_259.50_260.00_260.50_,4_9_7_11_6_,257.00_256.50_256.00_255.50_255.00_,5_6_12_2_18_
10:40:00,257.50,1,655,257.50_259.00_259.50_260.00_260.50_,4_9_7_11_6_,257.00_256.50_256.00_255.50_255.00_,5_5_12_2_18_
10:41:12,257.50,1,656,257.50_259.00_259.50_260.00_260.50_,3_9_7_11_6_,257.00_256.50_256.00_255.50_255.00_,5_5_12_2_18_
10:41:22,257.50,1,656,257.50_259.00_259.50_260.00_260.50_,3_9_7_11_6_,257.00_256.50_256.00_255.50_255.00_,6_5_12_2_18_
10:41:27,257.50,1,657,257.50_259.00_259.50_260.00_260.50_,2_9_7_11_6_,257.00_256.50_256.00_255.50_255.00_,6_5_12_2_18_
10:41:32,257.50,1,658,257.50_259.00_259.50_260.00_260.50_,1_9_7_11_6_,257.00_256.50_256.00_255.50_255.00_,6_4_12_2_18_
10:43:20,257.00,1,662,259.00_259.50_260.00_260.50_261.00_,9_7_11_8_4_,257.00_256.50_256.00_255.50_255.00_,6_2_12_3_19_
10:43:25,257.00,1,662,259.00_259.50_260.00_260.50_261.00_,10_7_11_8_4_,257.00_256.50_256.00_255.50_255.00_,6_2_12_3_19_
10:44:01,257.00,1,662,259.00_259.50_260.00_260.50_261.00_,10_7_11_8_4_,257.00_256.50_256.00_255.50_255.00_,7_2_12_3_19_
10:44:11,257.00,1,662,259.00_259.50_260.00_260.50_261.00_,10_7_11_8_4_,257.50_257.00_256.50_256.00_255.50_,2_7_2_12_3_
10:44:16,257.00,1,662,259.00_259.50_260.00_260.50_261.00_,10_7_11_8_4_,257.50_257.00_256.50_256.00_255.50_,3_3_2_12_3_
10:44:21,257.00,1,662,259.00_259.50_260.00_260.50_261.00_,10_7_11_8_4_,257.50_257.00_256.50_256.00_255.50_,6_3_2_12_3_
10:44:42,257.00,1,662,259.00_259.50_260.00_260.50_261.00_,10_7_11_8_4_,257.50_257.00_256.50_256.00_255.50_,6_3_3_12_3_
10:44:52,257.00,1,662,259.00_259.50_260.00_260.50_261.00_,10_7_11_8_4_,257.50_257.00_256.50_256.00_255.50_,6_3_3_11_3_
10:45:28,257.00,1,662,259.00_259.50_260.00_260.50_261.00_,10_7_11_8_4_,257.50_257.00_256.50_256.00_255.50_,6_4_3_11_3_
10:45:33,257.00,1,662,259.00_259.50_260.00_260.50_261.00_,10_7_11_8_4_,257.50_257.00_256.50_256.00_255.50_,7_4_3_11_3_
10:45:54,257.00,1,662,259.00_259.50_260.00_260.50_261.00_,10_7_11_8_4_,258.50_257.50_257.00_256.50_256.00_,1_7_3_3_11_
10:45:59,257.00,1,662,259.00_259.50_260.00_260.50_261.00_,10_7_11_6_6_,258.50_257.50_257.00_256.50_256.00_,3_2_3_3_11_
10:46:04,257.00,1,662,259.00_259.50_260.00_260.50_261.00_,10_7_11_6_6_,258.50_257.50_257.00_256.50_256.00_,5_2_3_3_11_
10:46:09,257.00,1,662,259.00_259.50_260.00_260.50_261.00_,10_7_11_6_6_,258.50_258.00_257.50_257.00_256.50_,5_2_4_3_2_
10:46:19,258.50,5,667,259.00_259.50_260.00_260.50_261.00_,10_7_11_6_6_,258.00_257.50_257.00_256.50_256.00_,2_4_3_2_9_
10:46:35,258.50,5,667,259.00_259.50_260.00_260.50_261.00_,10_7_11_6_6_,258.00_257.50_257.00_256.50_256.00_,2_3_3_2_10_
10:46:40,258.50,5,667,259.00_259.50_260.00_260.50_261.00_,10_7_11_6_6_,258.00_257.50_257.00_256.50_256.00_,2_2_3_2_11_
10:46:50,258.50,5,667,259.00_259.50_260.00_260.50_261.00_,10_7_11_6_6_,258.50_258.00_257.00_256.50_256.00_,2_3_2_2_11_
10:47:05,258.50,5,667,259.00_259.50_260.00_260.50_261.00_,10_7_11_6_6_,258.50_258.00_257.50_257.00_256.50_,2_3_1_2_2_
10:47:10,258.50,5,667,259.00_259.50_260.00_260.50_261.00_,10_7_11_6_6_,258.50_258.00_257.50_257.00_256.50_,3_2_2_2_2_
10:47:57,258.50,5,667,259.00_259.50_260.00_260.50_261.00_,10_7_11_6_6_,258.50_258.00_257.50_257.00_256.50_,4_2_2_2_2_
10:49:03,259.00,1,669,259.00_259.50_260.00_260.50_261.00_,8_7_10_7_6_,258.50_258.00_257.50_257.00_256.50_,3_2_2_2_3_
10:49:34,259.00,1,670,259.00_259.50_260.00_260.50_261.00_,7_7_10_7_6_,258.50_258.00_257.50_257.00_256.50_,3_2_2_2_3_
10:50:10,259.00,1,674,259.00_259.50_260.00_260.50_261.00_,3_7_11_7_6_,258.50_258.00_257.50_257.00_256.50_,1_2_2_2_3_
10:50:25,259.00,1,675,259.00_259.50_260.00_260.50_261.00_,2_7_11_7_6_,258.50_258.00_257.50_257.00_256.50_,1_2_2_2_3_
10:50:35,259.00,1,675,259.00_259.50_260.00_260.50_261.00_,2_7_11_7_6_,258.00_257.50_257.00_256.50_256.00_,2_2_2_3_9_
10:50:51,257.50,3,678,259.00_259.50_260.00_260.50_261.00_,2_7_11_9_4_,257.50_257.00_256.50_256.00_255.50_,1_2_3_9_2_
10:51:22,257.50,3,678,259.00_259.50_260.00_260.50_261.00_,2_7_11_9_4_,257.50_257.00_256.50_256.00_255.50_,2_2_3_9_2_
10:54:21,259.00,1,679,259.00_259.50_260.00_260.50_261.00_,2_7_11_7_6_,258.00_257.50_257.00_256.50_256.00_,3_1_3_4_12_
10:54:32,259.00,1,679,259.00_259.50_260.00_260.50_261.00_,2_7_11_7_6_,258.00_257.50_257.00_256.50_256.00_,2_1_3_4_12_
10:54:47,259.00,2,681,259.00_259.50_260.00_260.50_261.00_,1_7_11_7_6_,258.00_257.50_257.00_256.50_256.00_,2_1_3_4_12_
10:56:09,259.00,1,682,259.50_260.00_260.50_261.00_261.50_,8_11_7_6_7_,258.00_257.50_257.00_256.50_256.00_,1_1_3_4_12_
10:57:26,259.50,1,690,259.50_260.00_260.50_261.00_261.50_,3_11_7_4_9_,259.00_258.00_257.50_257.00_256.50_,8_2_1_2_4_
10:57:52,259.50,2,692,259.50_260.00_260.50_261.00_261.50_,1_11_7_4_9_,259.00_258.00_257.50_257.00_256.50_,8_2_1_2_4_
10:58:02,259.50,1,693,260.00_260.50_261.00_261.50_262.00_,12_7_4_9_9_,259.00_258.00_257.50_257.00_256.50_,8_2_1_2_4_
10:58:07,259.50,1,693,260.00_260.50_261.00_261.50_262.00_,12_7_4_7_11_,259.00_258.00_257.50_257.00_256.50_,8_2_1_2_4_
10:58:12,259.50,1,693,259.50_260.00_260.50_261.00_261.50_,1_12_7_4_7_,259.00_258.00_257.50_257.00_256.50_,8_2_1_2_4_
10:58:17,259.50,1,693,259.50_260.00_260.50_261.00_261.50_,1_12_7_4_9_,259.00_258.00_257.50_257.00_256.50_,8_2_1_2_4_
10:59:03,259.50,1,694,260.00_260.50_261.00_261.50_262.00_,12_7_4_7_11_,259.00_258.00_257.50_257.00_256.50_,8_2_1_2_4_
10:59:14,259.50,1,694,260.00_260.50_261.00_261.50_262.00_,12_7_4_7_11_,259.00_258.00_257.50_257.00_256.50_,9_2_1_2_4_
10:59:24,259.50,1,694,260.00_260.50_261.00_261.50_262.00_,12_7_4_7_11_,259.00_258.00_257.50_257.00_256.50_,10_2_1_2_4_
11:00:00,259.50,1,694,260.00_260.50_261.00_261.50_262.00_,12_7_6_7_11_,259.00_258.00_257.50_257.00_256.50_,10_2_1_2_4_
11:00:10,259.50,1,694,260.00_260.50_261.00_261.50_262.00_,12_8_6_7_10_,259.00_258.00_257.50_257.00_256.50_,10_2_1_2_4_
11:00:20,259.50,1,695,259.50_260.00_260.50_261.00_261.50_,1_12_8_6_9_,259.00_258.00_257.50_257.00_256.50_,10_2_1_2_4_
11:00:31,259.50,1,695,259.50_260.00_260.50_261.00_261.50_,1_12_8_6_9_,259.00_258.00_257.50_257.00_256.50_,10_2_1_2_5_
11:00:46,259.00,1,696,259.50_260.00_260.50_261.00_261.50_,1_12_8_6_9_,259.00_258.00_257.50_257.00_256.50_,9_2_1_2_5_
11:00:56,259.00,1,696,259.50_260.00_260.50_261.00_261.50_,3_12_8_6_9_,259.00_258.00_257.50_257.00_256.50_,9_2_1_2_5_
11:01:22,259.00,1,696,259.50_260.00_260.50_261.00_261.50_,3_12_8_6_9_,259.00_258.00_257.50_257.00_256.50_,8_2_1_2_5_
11:01:32,259.00,1,696,259.50_260.00_260.50_261.00_261.50_,3_12_8_6_9_,259.00_258.00_257.50_257.00_256.50_,7_2_1_2_5_
11:02:08,259.00,1,696,259.50_260.00_260.50_261.00_261.50_,3_11_8_6_9_,259.00_258.00_257.50_257.00_256.50_,7_2_1_2_5_
11:02:29,259.00,1,696,259.50_260.00_260.50_261.00_261.50_,4_11_8_6_9_,259.00_258.00_257.50_257.00_256.50_,7_3_1_2_5_
11:02:34,259.00,5,701,259.50_260.00_260.50_261.00_261.50_,4_11_8_6_9_,259.00_258.00_257.50_257.00_256.50_,2_3_1_2_5_
11:03:25,259.00,1,703,259.50_260.00_260.50_261.00_261.50_,4_11_8_6_9_,259.00_258.00_257.50_257.00_256.50_,1_3_1_2_5_
11:03:51,259.00,1,703,259.50_260.00_260.50_261.00_261.50_,4_11_8_6_9_,259.00_258.00_257.50_257.00_256.50_,6_3_1_2_5_
11:04:01,259.00,2,705,259.50_260.00_260.50_261.00_261.50_,4_11_8_6_9_,259.00_258.00_257.50_257.00_256.50_,4_3_1_2_5_
11:04:06,259.00,2,705,259.50_260.00_260.50_261.00_261.50_,4_11_8_6_9_,259.00_258.00_257.50_257.00_256.50_,5_3_1_2_5_
11:04:11,259.00,5,710,259.50_260.00_260.50_261.00_261.50_,4_11_8_6_9_,259.00_258.00_257.50_257.00_256.50_,1_3_1_2_5_
11:04:21,259.00,5,710,259.50_260.00_260.50_261.00_261.50_,4_11_8_6_9_,259.00_258.00_257.50_257.00_256.50_,2_3_1_2_5_
11:04:42,259.00,3,715,259.50_260.00_260.50_261.00_261.50_,4_11_8_8_7_,259.00_258.00_257.50_257.00_256.50_,2_3_1_2_5_
11:04:47,259.00,3,715,259.50_260.00_260.50_261.00_261.50_,4_11_8_6_9_,259.00_258.00_257.50_257.00_256.50_,2_3_1_2_6_
11:05:13,259.50,1,716,259.50_260.00_260.50_261.00_261.50_,3_11_8_6_9_,259.00_258.00_257.50_257.00_256.50_,3_3_1_2_6_
11:06:09,259.50,1,717,259.50_260.00_260.50_261.00_261.50_,2_11_8_6_9_,259.00_258.00_257.50_257.00_256.50_,3_3_1_2_6_
11:06:19,259.50,1,717,259.50_260.00_260.50_261.00_261.50_,2_11_8_6_9_,259.00_258.00_257.50_257.00_256.50_,3_3_1_4_6_
11:06:29,259.50,1,717,259.50_260.00_260.50_261.00_261.50_,2_11_8_6_9_,259.00_258.00_257.50_257.00_256.50_,5_5_1_4_6_
11:06:35,259.50,1,718,259.50_260.00_260.50_261.00_261.50_,1_11_8_6_9_,259.00_258.00_257.50_257.00_256.50_,5_5_1_4_6_
11:06:40,259.50,1,719,260.00_260.50_261.00_261.50_262.00_,11_8_6_9_6_,259.00_258.00_257.50_257.00_256.50_,5_5_1_4_6_
11:06:45,259.00,1,720,260.00_260.50_261.00_261.50_262.00_,11_8_6_7_8_,259.00_258.00_257.50_257.00_256.50_,5_5_1_4_8_
11:06:55,259.00,1,720,260.00_260.50_261.00_261.50_262.00_,11_8_6_7_7_,259.00_258.50_258.00_257.50_257.00_,5_2_5_3_4_
11:07:51,259.00,1,720,260.00_260.50_261.00_261.50_262.00_,11_8_6_7_7_,259.00_258.50_258.00_257.50_257.00_,6_2_5_3_4_
11:09:18,259.50,1,721,260.00_260.50_261.00_261.50_262.00_,12_8_6_7_7_,259.50_259.00_258.50_258.00_257.50_,2_3_2_5_3_
11:09:54,259.50,1,721,260.00_260.50_261.00_261.50_262.00_,12_8_6_7_7_,259.50_259.00_258.50_258.00_257.50_,3_3_2_5_3_
11:10:15,259.50,1,721,260.00_260.50_261.00_261.50_262.00_,12_8_6_7_7_,259.50_259.00_258.50_258.00_257.50_,4_3_2_5_3_
11:10:51,259.50,1,721,260.00_260.50_261.00_261.50_262.00_,12_8_6_7_7_,259.50_259.00_258.50_258.00_257.50_,4_3_2_7_3_
11:11:06,259.50,1,723,260.00_260.50_261.00_261.50_262.00_,11_8_6_7_7_,259.50_259.00_258.50_258.00_257.50_,2_3_2_7_3_
11:11:22,259.50,1,723,260.00_260.50_261.00_261.50_262.00_,11_8_6_7_7_,259.50_259.00_258.50_258.00_257.50_,2_3_2_7_3_
11:12:33,259.50,1,724,260.00_260.50_261.00_261.50_262.00_,11_8_6_7_6_,259.50_259.00_258.50_258.00_257.50_,1_3_2_7_3_
11:13:30,259.50,1,724,260.00_260.50_261.00_261.50_262.00_,11_8_6_7_6_,259.00_258.50_258.00_257.50_257.00_,3_2_7_3_4_
11:13:50,259.50,1,724,260.00_260.50_261.00_261.50_262.00_,10_8_6_7_6_,259.00_258.50_258.00_257.50_257.00_,4_2_7_3_4_
11:13:55,259.50,1,724,259.50_260.00_260.50_261.00_261.50_,1_10_8_6_7_,259.00_258.50_258.00_257.50_257.00_,4_2_7_3_4_
11:14:00,259.50,1,724,259.50_260.00_260.50_261.00_261.50_,1_10_8_6_9_,259.00_258.50_258.00_257.50_257.00_,4_2_7_3_4_
11:14:06,259.50,1,724,259.50_260.00_260.50_261.00_261.50_,2_12_8_6_9_,259.00_258.50_258.00_257.50_257.00_,4_2_7_3_4_
11:15:02,259.50,2,726,260.00_260.50_261.00_261.50_262.00_,12_8_6_7_6_,259.00_258.50_258.00_257.50_257.00_,4_2_7_3_4_
11:15:12,259.50,2,726,260.00_260.50_261.00_261.50_262.00_,12_8_6_7_6_,259.00_258.50_258.00_257.50_257.00_,4_2_8_3_4_
11:15:58,259.50,2,726,259.50_260.00_260.50_261.00_261.50_,5_12_8_6_9_,259.00_258.50_258.00_257.50_257.00_,9_2_8_3_4_
11:16:08,259.50,2,726,259.50_260.00_260.50_261.00_261.50_,5_12_8_6_9_,259.00_258.50_258.00_257.50_257.00_,9_3_7_3_4_
11:16:29,259.50,2,726,259.50_260.00_260.50_261.00_261.50_,5_12_8_6_9_,259.00_258.50_258.00_257.50_257.00_,9_3_8_3_4_
11:16:34,259.50,2,726,259.50_260.00_260.50_261.00_261.50_,5_12_8_6_9_,259.00_258.50_258.00_257.50_257.00_,10_3_8_3_4_
11:16:44,259.00,1,727,259.50_260.00_260.50_261.00_261.50_,5_12_8_6_9_,259.00_258.50_258.00_257.50_257.00_,9_3_9_3_4_
11:16:54,259.00,1,727,259.50_260.00_260.50_261.00_261.50_,5_12_8_6_9_,259.00_258.50_258.00_257.50_257.00_,9_3_9_3_5_
11:17:15,259.00,1,727,259.50_260.00_260.50_261.00_261.50_,5_12_8_6_9_,259.00_258.50_258.00_257.50_257.00_,8_3_9_3_5_
11:17:41,259.00,1,727,259.50_260.00_260.50_261.00_261.50_,5_12_8_6_9_,259.00_258.50_258.00_257.50_257.00_,9_2_8_3_5_
11:19:13,259.00,1,732,259.50_260.00_260.50_261.00_261.50_,5_12_8_6_9_,259.00_258.50_258.00_257.50_257.00_,9_3_8_3_4_
11:19:38,259.00,1,732,259.50_260.00_260.50_261.00_261.50_,5_12_8_6_9_,259.00_258.50_258.00_257.50_257.00_,10_3_8_3_4_
11:19:49,259.00,1,732,259.50_260.00_260.50_261.00_261.50_,5_12_8_6_9_,259.00_258.50_258.00_257.50_257.00_,11_3_8_3_4_
11:19:59,259.00,1,732,259.50_260.00_260.50_261.00_261.50_,5_11_8_6_9_,259.00_258.50_258.00_257.50_257.00_,10_3_8_3_4_
11:20:25,259.00,1,732,259.50_260.00_260.50_261.00_261.50_,6_11_8_6_9_,259.00_258.50_258.00_257.50_257.00_,10_3_8_3_4_
11:21:16,259.00,1,733,259.50_260.00_260.50_261.00_261.50_,6_11_8_6_9_,259.00_258.50_258.00_257.50_257.00_,7_3_8_3_4_
11:22:18,259.00,1,733,259.50_260.00_260.50_261.00_261.50_,8_11_8_6_8_,259.00_258.50_258.00_257.50_257.00_,7_3_7_3_4_
11:22:38,259.00,1,734,259.50_260.00_260.50_261.00_261.50_,8_11_8_6_8_,259.00_258.50_258.00_257.50_257.00_,6_3_8_3_4_
11:22:43,259.00,1,734,259.50_260.00_260.50_261.00_261.50_,8_11_8_6_8_,259.00_258.50_258.00_257.50_257.00_,5_3_8_3_4_
11:22:48,259.00,1,734,259.50_260.00_260.50_261.00_261.50_,8_11_8_6_8_,259.00_258.50_258.00_257.50_257.00_,6_3_8_3_4_
11:23:19,259.00,1,734,259.50_260.00_260.50_261.00_261.50_,8_11_8_6_8_,259.00_258.50_258.00_257.50_257.00_,7_3_8_3_4_
11:24:11,259.00,1,734,259.50_260.00_260.50_261.00_261.50_,8_11_8_6_8_,259.00_258.50_258.00_257.50_257.00_,8_3_8_3_4_
11:24:16,259.00,1,734,259.50_260.00_260.50_261.00_261.50_,8_11_8_6_8_,259.00_258.50_258.00_257.50_257.00_,5_3_8_3_4_
11:24:36,259.00,1,734,259.50_260.00_260.50_261.00_261.50_,8_11_8_6_8_,259.00_258.50_258.00_257.50_257.00_,4_3_8_3_4_
11:27:10,259.50,2,749,259.50_260.00_260.50_261.00_261.50_,3_11_8_6_8_,259.00_258.50_258.00_257.50_257.00_,9_4_6_4_4_
11:27:35,259.50,2,749,259.50_260.00_260.50_261.00_261.50_,3_11_8_6_8_,259.00_258.50_258.00_257.50_257.00_,11_4_6_4_4_
11:28:11,259.50,2,749,259.50_260.00_260.50_261.00_261.50_,3_11_8_6_8_,259.00_258.50_258.00_257.50_257.00_,12_5_6_4_4_
11:28:47,259.50,3,752,260.00_260.50_261.00_261.50_262.00_,11_8_6_6_7_,259.50_259.00_258.50_258.00_257.50_,3_8_3_6_3_
11:29:54,259.50,3,752,260.00_260.50_261.00_261.50_262.00_,11_8_6_6_7_,259.50_259.00_258.50_258.00_257.50_,2_8_3_6_3_
11:30:14,259.50,3,752,260.00_260.50_261.00_261.50_262.00_,11_8_6_6_7_,259.50_259.00_258.50_258.00_257.50_,3_8_3_6_3_
11:30:45,259.50,2,754,260.00_260.50_261.00_261.50_262.00_,11_8_6_6_7_,259.50_259.00_258.50_258.00_257.50_,1_8_3_6_3_
11:31:11,259.50,1,755,259.50_260.00_260.50_261.00_261.50_,4_11_8_6_8_,259.00_258.50_258.00_257.50_257.00_,9_3_6_3_4_
11:31:31,259.50,1,755,259.50_260.00_260.50_261.00_261.50_,4_11_8_6_8_,259.00_258.50_258.00_257.50_257.00_,5_3_6_3_4_
11:31:42,259.50,4,759,260.00_260.50_261.00_261.50_262.00_,11_8_6_8_5_,259.00_258.50_258.00_257.50_257.00_,5_3_6_3_4_
11:31:47,259.50,4,759,260.00_260.50_261.00_261.50_262.00_,11_8_6_6_7_,259.00_258.50_258.00_257.50_257.00_,5_3_6_3_4_
11:32:02,259.50,4,759,260.00_260.50_261.00_261.50_262.00_,11_8_6_6_7_,259.00_258.50_258.00_257.50_257.00_,6_3_6_3_4_
11:32:12,259.50,4,759,260.00_260.50_261.00_261.50_262.00_,11_8_6_6_7_,259.00_258.50_258.00_257.50_257.00_,6_2_6_3_5_
11:32:17,259.50,4,759,259.50_260.00_260.50_261.00_261.50_,5_11_8_6_6_,259.00_258.50_258.00_257.50_257.00_,6_2_6_3_5_
11:32:23,259.50,4,759,259.50_260.00_260.50_261.00_261.50_,5_11_8_6_8_,259.00_258.50_258.00_257.50_257.00_,6_2_6_3_5_
11:32:33,259.50,1,760,259.50_260.00_260.50_261.00_261.50_,4_11_8_6_8_,259.00_258.50_258.00_257.50_257.00_,6_2_6_3_5_
11:33:09,259.50,1,761,259.50_260.00_260.50_261.00_261.50_,3_11_8_6_8_,259.00_258.50_258.00_257.50_257.00_,8_2_7_3_4_
11:33:14,259.50,1,761,259.50_260.00_260.50_261.00_261.50_,3_11_8_6_8_,259.00_258.50_258.00_257.50_257.00_,9_2_7_3_4_
11:33:39,259.50,3,764,260.00_260.50_261.00_261.50_262.00_,11_8_6_6_7_,259.00_258.50_258.00_257.50_257.00_,8_2_7_3_4_
11:35:01,259.50,3,764,260.00_260.50_261.00_261.50_262.00_,12_8_6_6_7_,259.00_258.50_258.00_257.50_257.00_,8_2_7_3_4_
11:35:37,259.50,3,764,259.50_260.00_260.50_261.00_261.50_,1_12_8_6_6_,259.00_258.50_258.00_257.50_257.00_,8_2_7_3_5_
11:35:42,259.50,3,764,259.50_260.00_260.50_261.00_261.50_,1_12_8_6_8_,259.00_258.50_258.00_257.50_257.00_,8_2_7_3_5_
11:35:47,259.50,1,765,260.00_260.50_261.00_261.50_262.00_,12_8_6_8_5_,259.00_258.50_258.00_257.50_257.00_,8_2_7_3_5_
11:35:52,259.50,1,765,260.00_260.50_261.00_261.50_262.00_,12_8_6_6_7_,259.00_258.50_258.00_257.50_257.00_,8_2_7_3_5_
11:36:38,259.50,1,767,260.00_260.50_261.00_261.50_262.00_,12_8_6_6_7_,259.50_259.00_258.50_258.00_257.50_,11_6_3_6_3_
11:36:59,259.50,1,767,260.00_260.50_261.00_261.50_262.00_,12_8_6_6_7_,259.50_259.00_258.50_258.00_257.50_,12_6_3_6_3_
11:37:04,259.50,1,767,260.00_260.50_261.00_261.50_262.00_,12_8_6_6_7_,259.50_259.00_258.50_258.00_257.50_,12_7_3_6_3_
11:37:30,259.50,1,767,260.00_260.50_261.00_261.50_262.00_,12_8_6_6_7_,259.50_259.00_258.50_258.00_257.50_,11_7_3_6_3_
11:38:47,259.50,1,768,260.00_260.50_261.00_261.50_262.00_,12_6_6_6_7_,259.50_259.00_258.50_258.00_257.50_,10_6_3_6_3_
11:39:07,259.50,1,768,260.00_260.50_261.00_261.50_262.00_,13_6_6_6_7_,259.50_259.00_258.50_258.00_257.50_,10_6_3_6_3_
11:39:48,259.50,1,769,260.00_260.50_261.00_261.50_262.00_,13_6_6_6_7_,259.50_259.00_258.50_258.00_257.50_,9_6_3_6_3_
11:40:39,259.50,1,770,260.00_260.50_261.00_261.50_262.00_,13_6_6_6_7_,259.50_259.00_258.50_258.00_257.50_,9_6_3_6_3_
11:40:50,259.50,1,770,260.00_260.50_261.00_261.50_262.00_,13_6_6_6_7_,259.50_259.00_258.50_258.00_257.50_,8_6_3_6_3_
11:41:05,259.50,1,770,260.00_260.50_261.00_261.50_262.00_,13_6_6_6_7_,259.50_259.00_258.50_258.00_257.50_,13_6_3_6_3_
11:41:10,259.50,1,771,260.00_260.50_261.00_261.50_262.00_,12_6_6_6_7_,259.50_259.00_258.50_258.00_257.50_,12_6_3_6_3_
11:41:51,259.50,1,771,260.00_260.50_261.00_261.50_262.00_,12_6_6_6_7_,259.50_259.00_258.50_258.00_257.50_,13_6_3_6_3_
11:43:18,260.00,1,772,260.00_260.50_261.00_261.50_262.00_,11_6_6_6_7_,259.50_259.00_258.50_258.00_257.50_,5_5_3_6_3_
11:43:29,260.00,11,783,260.50_261.00_261.50_262.00_262.50_,6_6_6_7_12_,260.00_259.50_259.00_258.50_258.00_,4_5_5_3_6_
11:43:34,260.00,11,783,260.50_261.00_261.50_262.00_262.50_,6_6_6_10_14_,260.00_259.50_259.00_258.50_258.00_,6_16_5_3_6_
11:43:39,260.00,11,783,260.50_261.00_261.50_262.00_262.50_,6_6_6_10_14_,260.00_259.50_259.00_258.50_258.00_,7_20_2_3_5_
11:44:25,261.00,1,796,261.50_262.00_262.50_263.00_263.50_,6_10_11_8_5_,261.00_260.50_260.00_259.50_259.00_,12_5_7_16_3_
11:44:30,261.50,1,797,261.50_262.00_262.50_263.00_263.50_,6_10_11_8_5_,261.00_260.50_260.00_259.50_259.00_,13_5_7_16_3_
11:44:51,261.50,1,800,261.50_262.00_262.50_263.00_263.50_,3_10_11_8_5_,261.00_260.50_260.00_259.50_259.00_,13_9_6_15_1_
11:45:42,262.50,1,826,262.50_263.00_263.50_264.00_264.50_,1_8_3_48_3_,262.00_261.50_261.00_260.50_260.00_,15_15_12_4_4_
11:46:53,264.00,48,898,264.00_264.50_265.00_265.50_266.00_,4_1_7_1_4_,263.50_263.00_262.50_262.00_261.50_,15_4_3_1_1_
11:46:59,263.50,1,899,264.00_264.50_265.00_265.50_266.00_,4_1_7_1_4_,263.50_263.00_262.50_262.00_261.50_,14_4_3_1_1_
11:47:40,264.00,1,912,264.50_265.00_266.00_266.50_267.00_,3_7_12_2_1_,264.00_263.50_263.00_262.50_262.00_,4_6_3_2_1_
11:47:55,264.00,3,915,264.50_265.00_265.50_266.00_266.50_,3_7_2_12_2_,264.00_263.50_263.00_262.50_262.00_,2_4_2_1_3_
11:48:05,264.00,2,917,264.00_264.50_265.00_265.50_266.00_,5_3_6_2_14_,263.50_263.00_262.50_262.00_260.00_,4_2_1_2_1_
11:48:10,264.00,1,918,264.00_264.50_265.00_265.50_266.00_,4_5_5_2_14_,263.50_263.00_262.50_262.00_260.00_,4_2_1_2_1_
11:48:16,264.00,1,918,264.00_264.50_265.00_265.50_266.00_,5_5_5_2_14_,263.50_263.00_262.50_262.00_260.00_,4_2_3_2_1_
11:48:21,264.00,1,918,264.00_264.50_265.00_265.50_266.00_,5_5_6_2_14_,263.50_263.00_262.50_262.00_260.00_,4_2_3_2_1_
11:48:36,263.50,4,922,263.50_264.00_264.50_265.00_265.50_,1_5_5_6_4_,263.00_262.50_262.00_260.50_260.00_,2_3_2_1_1_
11:48:46,263.00,1,923,263.50_264.00_264.50_265.00_265.50_,1_5_5_5_4_,263.00_262.50_262.00_260.50_260.00_,1_3_2_1_1_
11:49:12,263.50,1,925,264.00_264.50_265.00_265.50_266.00_,6_2_5_4_13_,263.00_262.50_262.00_260.50_260.00_,3_3_2_1_1_
11:49:32,263.00,2,929,264.00_264.50_265.00_265.50_266.00_,6_2_6_4_13_,262.50_262.00_260.50_260.00_259.00_,1_2_1_1_5_
11:49:43,263.00,2,929,264.00_264.50_265.00_265.50_266.00_,6_2_6_4_13_,262.50_262.00_260.50_260.00_259.00_,1_1_1_1_5_
11:49:53,263.00,2,929,263.50_264.00_264.50_265.00_265.50_,3_6_2_6_4_,262.50_262.00_260.50_260.00_259.00_,1_1_1_1_5_
11:49:58,263.00,2,929,263.50_264.00_264.50_265.00_265.50_,3_6_2_8_2_,262.50_262.00_260.50_260.00_259.00_,1_1_1_1_5_
11:50:19,263.00,2,929,263.00_263.50_264.00_264.50_265.00_,1_4_6_2_8_,262.50_262.00_260.50_260.00_259.00_,1_1_1_1_5_
11:50:29,263.00,2,929,263.00_263.50_264.00_264.50_265.00_,2_4_6_2_8_,262.50_262.00_260.50_260.00_259.00_,2_1_1_1_5_
11:50:34,262.50,1,930,263.00_263.50_264.00_264.50_265.00_,2_4_6_2_8_,262.50_262.00_260.50_260.00_259.00_,1_1_1_1_5_
11:50:44,262.50,1,930,263.00_263.50_264.00_264.50_265.00_,2_4_5_2_8_,262.50_262.00_260.50_260.00_259.00_,1_1_1_1_5_
11:50:49,262.50,1,931,263.00_263.50_264.00_264.50_265.00_,3_3_5_2_8_,262.00_260.50_260.00_259.00_258.50_,1_1_1_5_2_
11:50:54,262.50,1,931,263.00_263.50_264.00_264.50_265.00_,3_3_5_4_6_,262.00_260.50_260.00_259.00_258.50_,2_1_1_5_2_
11:51:05,262.50,1,931,263.00_263.50_264.00_264.50_265.00_,2_3_5_4_7_,262.00_260.50_260.00_259.00_258.50_,2_1_1_5_2_
11:51:51,263.00,1,932,263.00_264.00_264.50_265.00_265.50_,2_5_4_7_2_,262.00_260.50_260.00_259.00_258.50_,4_1_1_5_2_
11:52:01,263.00,1,932,263.00_264.00_264.50_265.00_265.50_,4_5_7_7_2_,262.00_260.50_260.00_259.00_258.50_,4_1_1_5_2_
11:52:27,263.00,1,932,263.00_264.00_264.50_265.00_265.50_,4_5_7_7_2_,262.00_260.50_260.00_259.00_258.50_,5_1_1_5_2_
11:52:47,263.00,1,932,263.00_264.00_264.50_265.00_265.50_,4_1_7_7_2_,262.00_260.50_260.00_259.00_258.50_,5_1_1_5_2_
11:52:52,263.00,1,932,263.00_264.00_264.50_265.00_265.50_,5_1_7_7_2_,262.00_260.50_260.00_259.50_259.00_,5_1_1_1_5_
11:52:57,263.00,1,932,263.00_264.00_264.50_265.00_265.50_,5_1_7_7_2_,262.00_260.50_260.00_259.50_259.00_,6_1_1_1_5_
11:53:28,263.00,1,933,263.00_264.00_264.50_265.00_265.50_,2_2_5_9_2_,262.50_262.00_260.50_260.00_259.50_,2_3_1_1_1_
11:53:44,263.00,1,933,263.00_264.00_264.50_265.00_265.50_,2_2_9_9_2_,262.50_262.00_260.50_260.00_259.50_,2_3_1_1_1_
11:53:49,263.00,1,933,263.00_264.00_264.50_265.00_265.50_,2_3_9_9_2_,262.50_262.00_260.50_260.00_259.50_,1_3_1_1_1_
11:54:30,263.00,1,933,263.00_264.00_264.50_265.00_265.50_,2_3_9_9_2_,262.50_262.00_260.50_260.00_259.50_,4_1_1_1_1_
11:54:50,263.00,1,933,263.00_264.00_264.50_265.00_265.50_,3_3_9_9_2_,262.50_262.00_260.50_260.00_259.50_,4_1_1_1_1_
11:55:05,263.00,1,933,263.00_264.00_264.50_265.00_265.50_,3_3_9_9_2_,262.50_262.00_260.50_260.00_259.50_,5_1_1_1_1_
11:56:07,263.00,1,933,263.00_264.00_264.50_265.00_265.50_,3_3_9_11_2_,262.50_262.00_260.50_260.00_259.50_,3_2_1_1_1_
11:56:27,263.00,3,936,264.00_264.50_265.00_265.50_266.00_,3_9_9_4_13_,263.00_262.00_260.50_260.00_259.50_,3_3_1_1_1_
11:56:33,263.00,3,936,264.00_264.50_265.00_265.50_266.00_,4_9_9_4_13_,263.00_262.00_260.50_260.00_259.50_,3_3_1_1_1_
11:56:53,263.00,2,939,263.00_264.00_264.50_265.00_265.50_,1_4_6_9_7_,262.00_260.50_260.00_259.50_259.00_,3_1_1_1_5_
11:56:58,263.00,2,939,263.00_264.00_264.50_265.00_265.50_,1_4_8_9_5_,262.00_260.50_260.00_259.50_259.00_,3_1_1_1_5_
11:57:08,263.00,2,939,263.00_264.00_264.50_265.00_265.50_,1_4_8_9_5_,262.00_260.50_260.00_259.50_259.00_,2_1_1_1_5_
11:57:13,263.00,2,939,263.00_264.00_264.50_265.00_265.50_,1_4_8_9_5_,262.00_260.50_260.00_259.50_259.00_,3_1_1_1_5_
11:57:39,262.00,2,941,263.00_264.00_264.50_265.00_265.50_,1_4_8_9_5_,262.00_260.50_260.00_259.50_259.00_,1_1_1_2_5_
11:57:49,262.00,2,941,263.00_264.00_264.50_265.00_265.50_,1_4_8_9_5_,262.00_260.50_260.00_259.50_259.00_,2_1_1_2_5_
11:58:20,262.00,2,943,263.00_264.00_264.50_265.00_265.50_,1_6_6_9_5_,260.50_260.00_259.50_259.00_258.50_,1_1_2_5_2_
11:58:51,262.00,2,943,262.50_263.00_263.50_264.00_264.50_,1_4_2_3_6_,260.50_260.00_259.50_259.00_258.50_,1_1_2_5_2_
11:59:21,262.00,2,943,262.50_263.00_264.00_264.50_265.00_,1_4_5_6_9_,261.00_260.50_260.00_259.50_259.00_,1_1_1_2_5_
11:59:27,262.00,2,943,262.50_263.00_264.00_264.50_265.00_,1_4_5_6_9_,261.00_260.50_260.00_259.50_259.00_,2_1_1_2_5_
11:59:32,262.00,2,943,262.00_262.50_263.00_264.00_264.50_,1_1_4_5_6_,261.00_260.50_260.00_259.50_259.00_,3_1_1_2_5_
11:59:37,262.00,2,943,262.00_262.50_263.00_263.50_264.00_,1_1_4_2_3_,261.00_260.50_260.00_259.50_259.00_,3_1_1_2_5_
11:59:42,262.00,2,943,262.00_263.00_263.50_264.00_264.50_,1_4_2_3_6_,261.00_260.50_260.00_259.50_259.00_,2_1_1_2_5_
11:59:57,262.00,2,943,262.00_263.00_263.50_264.00_264.50_,2_4_2_4_6_,261.00_260.50_260.00_259.50_259.00_,2_1_1_2_5_
12:00:08,262.00,2,943,262.00_263.00_263.50_264.00_264.50_,2_4_2_4_6_,261.00_260.50_260.00_259.50_259.00_,4_1_1_2_5_
12:00:33,261.00,4,947,261.00_262.00_263.00_263.50_264.00_,1_2_4_2_4_,260.50_260.00_259.50_259.00_258.50_,1_1_2_5_2_
12:00:38,261.00,4,947,261.00_262.00_263.00_264.00_264.50_,1_2_6_4_6_,260.50_260.00_259.50_259.00_258.50_,2_1_2_3_2_
12:00:44,261.00,1,948,262.00_263.00_264.00_264.50_265.00_,2_6_4_6_8_,260.50_260.00_259.50_259.00_258.50_,2_1_2_3_2_
12:00:49,261.00,1,948,262.00_263.00_263.50_264.00_264.50_,2_4_2_4_6_,260.50_260.00_259.50_259.00_258.50_,2_1_2_3_2_
12:01:50,261.00,1,948,262.00_263.00_263.50_264.00_264.50_,2_4_3_4_6_,260.50_260.00_259.50_259.00_258.50_,2_1_2_3_2_
12:04:24,261.00,1,948,262.00_263.00_263.50_264.00_264.50_,3_4_1_6_6_,261.00_260.50_260.00_259.50_259.00_,3_1_3_1_3_
12:05:30,262.00,1,951,263.00_263.50_264.00_264.50_265.00_,4_1_6_6_13_,262.00_261.00_260.00_259.50_259.00_,2_2_2_1_3_
12:05:41,262.00,1,951,263.00_263.50_264.00_264.50_265.00_,4_1_4_8_13_,262.00_260.00_259.50_259.00_258.50_,4_2_1_3_2_
12:06:52,263.00,1,952,263.00_263.50_264.00_264.50_265.00_,3_1_3_6_15_,262.50_262.00_260.50_260.00_259.50_,2_2_1_2_2_
12:07:33,263.00,1,952,263.00_263.50_264.00_264.50_265.00_,4_1_3_6_15_,262.50_262.00_260.50_260.00_259.50_,2_2_1_2_2_
12:07:43,263.00,1,952,263.00_263.50_264.00_264.50_265.00_,4_1_3_6_16_,262.50_262.00_260.50_260.00_259.50_,2_2_1_2_2_
12:09:16,262.00,2,956,262.50_263.00_263.50_264.00_264.50_,1_5_1_5_6_,261.00_260.50_260.00_259.50_259.00_,1_1_2_2_3_
12:09:26,262.00,2,956,262.00_262.50_263.00_263.50_264.00_,1_1_5_3_3_,261.00_260.50_260.00_259.50_259.00_,1_1_2_2_3_
12:09:36,262.00,2,956,262.00_262.50_263.00_263.50_264.00_,2_1_5_3_3_,261.00_260.50_260.00_259.50_259.00_,2_1_2_2_3_
12:09:51,262.00,2,956,262.00_262.50_263.00_263.50_264.00_,2_1_5_3_3_,261.00_260.00_259.50_259.00_258.50_,2_2_2_3_3_
12:10:12,262.00,2,956,262.00_262.50_263.00_263.50_264.00_,2_1_5_3_3_,261.50_261.00_260.00_259.50_259.00_,1_2_2_2_3_
12:10:17,262.00,2,956,262.00_262.50_263.00_263.50_264.00_,2_1_5_1_5_,261.50_261.00_260.00_259.50_259.00_,1_1_2_2_3_
12:10:27,261.50,1,957,262.00_262.50_263.00_263.50_264.00_,2_1_5_1_5_,261.00_260.00_259.50_259.00_258.50_,1_2_2_3_3_
12:10:43,261.50,1,957,262.00_262.50_263.00_263.50_264.00_,2_1_5_1_5_,261.00_260.00_259.50_259.00_258.50_,1_2_2_4_3_
12:11:14,261.50,1,957,261.50_262.00_262.50_263.00_263.50_,1_2_1_5_3_,261.00_260.00_259.50_259.00_258.50_,1_3_1_3_4_
12:15:35,261.00,1,961,261.50_262.00_262.50_263.00_263.50_,1_2_1_5_3_,260.50_260.00_259.50_259.00_258.50_,4_2_1_4_3_
12:15:50,261.00,1,961,261.50_262.00_262.50_263.00_263.50_,1_2_1_6_3_,260.50_260.00_259.50_259.00_258.50_,4_2_1_4_3_
12:17:17,261.00,1,961,261.50_262.00_262.50_263.00_263.50_,1_2_1_6_3_,261.00_260.50_260.00_259.00_258.50_,3_3_3_4_3_
12:17:38,261.00,1,961,261.50_262.00_262.50_263.00_263.50_,1_2_1_6_3_,261.00_260.50_260.00_259.00_258.50_,3_4_3_3_3_
12:18:24,261.00,1,961,261.50_262.00_262.50_263.00_263.50_,2_2_1_6_3_,261.00_260.50_260.00_259.00_258.50_,3_4_3_3_3_
12:19:00,261.50,1,962,261.50_262.00_262.50_263.00_263.50_,1_2_1_6_3_,261.00_260.50_260.00_259.00_258.50_,4_4_3_3_3_
12:19:20,261.50,1,963,262.00_262.50_263.00_263.50_264.00_,2_1_6_3_4_,261.50_261.00_260.50_260.00_259.00_,3_4_4_3_3_
12:19:26,261.50,1,963,262.00_262.50_263.00_263.50_264.00_,2_1_6_1_6_,261.50_261.00_260.50_260.00_259.00_,3_3_4_3_3_
12:19:36,261.50,1,963,262.00_262.50_263.00_263.50_264.00_,2_1_6_1_6_,261.50_261.00_260.50_260.00_259.00_,3_4_3_3_3_
12:19:41,261.50,1,963,262.00_262.50_263.00_263.50_264.00_,2_1_6_1_6_,261.50_261.00_260.50_260.00_259.00_,4_4_3_3_3_
12:19:46,261.50,1,963,262.00_262.50_263.00_263.50_264.00_,2_1_6_1_6_,261.50_261.00_260.50_260.00_259.00_,6_4_2_3_3_
12:20:01,261.50,1,963,262.00_262.50_263.00_263.50_264.00_,2_1_6_1_6_,261.50_261.00_260.50_260.00_259.00_,6_1_2_3_3_
12:20:07,262.00,2,965,262.50_263.00_263.50_264.00_264.50_,1_6_1_6_5_,262.00_261.50_261.00_260.50_260.00_,1_6_1_2_3_
12:20:12,262.00,2,965,262.50_263.00_263.50_264.00_264.50_,1_6_1_4_7_,262.00_261.50_261.00_260.50_260.00_,1_5_2_2_2_
12:20:17,262.00,2,965,262.50_263.00_263.50_264.00_264.50_,1_6_1_4_7_,262.00_261.50_261.00_260.50_260.00_,2_5_2_2_2_
12:20:58,262.00,2,965,262.50_263.00_263.50_264.00_264.50_,2_6_1_4_7_,262.00_261.50_261.00_260.50_260.00_,2_6_1_2_2_
12:21:08,262.00,2,965,262.50_263.00_263.50_264.00_264.50_,2_6_1_3_7_,262.00_261.50_261.00_260.50_260.00_,3_6_1_2_2_
12:21:13,262.00,2,965,262.50_263.00_263.50_264.00_264.50_,2_6_1_3_8_,262.00_261.50_261.00_260.50_260.00_,3_6_1_2_2_
12:21:44,262.50,1,966,262.50_263.00_263.50_264.00_264.50_,1_6_1_3_8_,262.00_261.50_261.00_260.50_260.00_,7_6_1_2_2_
12:22:41,262.50,1,967,263.00_263.50_264.00_264.50_265.00_,6_1_3_6_18_,262.50_262.00_261.50_261.00_260.50_,6_5_1_1_1_
12:23:16,262.50,1,967,263.00_263.50_264.00_264.50_265.00_,6_1_3_6_18_,262.50_262.00_261.50_261.00_260.50_,7_5_1_1_1_
12:23:27,262.50,1,967,263.00_263.50_264.00_264.50_265.00_,6_1_3_6_18_,262.50_262.00_261.50_261.00_260.50_,8_6_1_1_1_
12:23:32,262.50,1,967,263.00_263.50_264.00_264.50_265.00_,6_1_3_6_18_,262.50_262.00_261.50_261.00_260.50_,9_6_1_1_1_
12:24:44,263.00,5,972,263.00_263.50_264.00_264.50_265.00_,1_1_3_6_18_,262.50_262.00_261.50_261.00_260.50_,9_6_1_1_1_
12:24:49,263.00,5,972,263.00_263.50_264.00_264.50_265.00_,1_1_3_6_18_,262.50_262.00_261.50_261.00_260.50_,10_6_1_1_1_
12:24:54,263.00,5,972,263.00_263.50_264.00_264.50_265.00_,1_1_3_6_18_,262.50_262.00_261.50_261.00_260.50_,11_6_1_1_1_
12:25:04,263.00,5,972,263.00_263.50_264.00_264.50_265.00_,1_1_3_6_18_,262.50_262.00_261.00_260.50_260.00_,11_6_1_1_3_
12:25:14,263.00,5,972,263.00_263.50_264.00_264.50_265.00_,2_1_3_6_18_,262.50_262.00_261.00_260.50_260.00_,11_6_1_1_3_
12:25:40,263.00,1,974,263.50_264.00_264.50_265.00_265.50_,1_4_6_16_8_,263.00_262.50_262.00_261.00_260.50_,3_6_4_1_1_
12:25:55,263.00,1,974,263.50_264.00_264.50_265.00_265.50_,1_4_6_16_8_,263.00_262.50_262.00_261.50_260.50_,6_6_5_1_1_
12:26:31,263.00,2,980,263.00_263.50_264.00_264.50_265.00_,1_1_4_6_16_,262.50_262.00_261.50_260.50_260.00_,7_4_1_1_3_
12:26:36,263.00,2,980,263.00_263.50_264.00_264.50_265.00_,1_1_4_6_18_,262.50_262.00_261.50_260.50_260.00_,7_4_1_1_3_
12:26:46,263.00,1,981,263.50_264.00_264.50_265.00_265.50_,1_4_6_18_6_,262.50_262.00_261.50_260.50_260.00_,7_4_1_1_3_
12:27:02,263.00,1,981,263.50_264.00_264.50_265.00_265.50_,1_5_6_18_6_,262.50_262.00_261.50_260.50_260.00_,7_4_1_1_3_
12:27:27,263.00,1,982,263.50_264.00_264.50_265.00_265.50_,1_5_6_17_8_,262.50_262.00_261.50_260.50_260.00_,7_4_1_1_3_
12:27:32,263.50,1,983,264.00_264.50_265.00_265.50_266.00_,5_6_19_6_14_,262.50_262.00_261.50_260.50_260.00_,7_4_1_1_3_
12:27:38,264.00,1,984,264.00_264.50_265.00_265.50_266.00_,4_6_17_8_14_,262.50_262.00_261.50_260.50_260.00_,7_4_1_1_3_
12:27:48,264.00,1,984,264.00_264.50_265.00_265.50_266.00_,4_6_16_8_14_,262.50_262.00_261.50_260.50_260.00_,7_4_1_1_3_
12:27:53,264.00,1,984,264.00_264.50_265.00_265.50_266.00_,3_6_16_8_14_,262.50_262.00_261.50_260.50_260.00_,7_4_1_1_3_
12:27:58,264.00,1,984,264.00_264.50_265.00_265.50_266.00_,3_6_15_8_14_,262.50_262.00_261.50_260.50_260.00_,7_4_1_1_3_
12:28:39,264.00,1,985,263.50_264.00_264.50_265.00_265.50_,4_8_7_17_4_,262.50_262.00_261.50_260.50_260.00_,7_4_1_1_3_
12:28:59,264.00,1,985,263.50_264.00_264.50_265.00_265.50_,4_8_8_17_4_,262.50_262.00_261.50_260.50_260.00_,8_4_1_1_3_
12:29:10,264.00,1,985,263.50_264.00_264.50_265.00_265.50_,4_10_8_17_4_,262.50_262.00_261.50_260.50_260.00_,8_4_1_1_3_
12:29:30,264.00,1,985,263.50_264.00_264.50_265.00_265.50_,4_10_9_15_6_,263.00_262.50_262.00_261.50_260.50_,2_5_4_1_1_
12:29:40,264.00,1,985,263.50_264.00_264.50_265.00_265.50_,4_10_9_15_6_,263.00_262.50_262.00_261.50_260.50_,3_6_4_1_1_
12:30:06,264.00,1,985,263.50_264.00_264.50_265.00_265.50_,4_10_9_15_6_,263.00_262.50_262.00_261.50_260.50_,4_6_4_1_1_
12:30:32,264.00,1,985,263.50_264.00_264.50_265.00_265.50_,4_11_8_15_6_,263.00_262.50_262.00_261.50_260.50_,5_6_4_1_1_
12:30:42,264.00,1,985,263.50_264.00_264.50_265.00_265.50_,4_12_8_15_6_,263.00_262.50_262.00_261.50_260.50_,5_6_4_1_1_
12:30:52,264.00,1,985,263.50_264.00_264.50_265.00_265.50_,5_12_8_15_6_,263.00_262.50_262.00_261.50_260.50_,5_6_4_1_1_
12:31:18,264.00,1,985,263.50_264.00_264.50_265.00_265.50_,5_12_8_15_6_,263.00_262.50_262.00_261.50_260.50_,4_6_4_1_1_
12:31:23,264.00,1,985,263.50_264.00_264.50_265.00_265.50_,5_13_8_15_6_,263.00_262.50_262.00_261.50_260.50_,5_6_4_1_1_
12:31:28,263.00,2,987,263.50_264.00_264.50_265.00_265.50_,5_13_8_15_6_,263.00_262.50_262.00_261.50_260.50_,3_6_4_1_1_
12:31:59,263.00,1,992,263.50_264.00_264.50_265.00_265.50_,5_13_7_14_6_,263.00_262.50_262.00_261.50_260.50_,1_6_1_1_1_
12:32:04,263.00,1,992,263.50_264.00_264.50_265.00_265.50_,4_14_7_14_6_,263.00_262.50_262.00_261.50_260.50_,1_6_1_1_1_
12:32:35,263.00,1,993,263.50_264.00_264.50_265.00_265.50_,4_14_7_16_4_,262.50_262.00_261.50_260.50_260.00_,7_1_1_1_3_
12:32:45,263.00,1,993,263.50_264.00_264.50_265.00_265.50_,4_15_7_16_4_,262.50_262.00_261.50_260.50_260.00_,7_1_1_1_3_
12:33:16,263.00,1,993,263.50_264.00_264.50_265.00_265.50_,6_15_7_16_4_,262.50_262.00_261.50_260.50_260.00_,7_1_1_1_3_
12:33:57,263.00,1,994,263.50_264.00_264.50_265.00_265.50_,6_16_6_16_4_,262.50_262.00_261.50_260.50_260.00_,7_1_1_1_3_
12:34:07,263.00,1,994,263.50_264.00_264.50_265.00_265.50_,7_15_6_16_4_,262.50_262.00_261.50_260.50_260.00_,7_1_1_1_3_
12:34:38,263.00,1,994,263.50_264.00_264.50_265.00_265.50_,7_15_6_16_4_,262.50_262.00_261.50_260.50_260.00_,8_1_1_1_3_
12:36:05,263.00,1,994,263.00_263.50_264.00_264.50_265.00_,4_6_14_6_16_,262.50_262.00_261.50_260.50_260.00_,7_2_1_1_3_
12:36:25,263.00,1,994,263.00_263.50_264.00_264.50_265.00_,4_6_14_6_15_,262.50_262.00_261.50_260.50_260.00_,7_2_1_1_3_
12:37:01,263.00,1,994,263.00_263.50_264.00_264.50_265.00_,6_6_14_6_15_,262.50_262.00_261.50_260.50_260.00_,7_2_1_1_3_
12:37:37,262.50,1,995,263.00_263.50_264.00_264.50_265.00_,6_6_14_6_15_,262.50_262.00_261.50_260.50_260.00_,6_2_1_1_3_
12:37:42,262.50,1,996,263.00_263.50_264.00_264.50_265.00_,6_6_14_6_15_,262.50_262.00_261.50_260.50_260.00_,5_2_1_1_3_
12:38:54,262.50,1,1001,262.50_263.00_263.50_264.00_264.50_,3_3_6_14_8_,262.00_261.50_260.50_260.00_259.00_,2_1_1_3_4_
12:39:09,262.50,3,1004,263.00_263.50_264.00_264.50_265.00_,3_6_14_8_13_,262.00_261.50_260.50_260.00_259.00_,2_1_1_3_4_
12:39:19,262.50,3,1004,263.00_263.50_264.00_264.50_265.00_,3_6_14_8_13_,262.00_261.50_260.50_260.00_259.00_,3_1_1_3_4_
12:39:29,262.50,3,1004,263.00_263.50_264.00_264.50_265.00_,3_6_14_6_15_,262.50_262.00_261.50_260.50_260.00_,2_3_1_1_3_
12:39:50,263.00,2,1006,263.00_263.50_264.00_264.50_265.00_,1_6_14_6_15_,262.50_262.00_261.50_260.50_260.00_,2_3_1_1_3_
12:40:31,263.00,1,1007,263.50_264.00_264.50_265.00_265.50_,6_13_6_15_4_,262.50_262.00_261.50_260.50_260.00_,2_3_1_1_3_
12:40:46,263.00,1,1007,263.50_264.00_264.50_265.00_265.50_,6_12_6_15_4_,262.50_262.00_261.50_260.50_260.00_,2_3_1_1_3_
12:40:52,263.00,1,1007,263.50_264.00_264.50_265.00_265.50_,6_11_6_15_4_,262.50_262.00_261.50_260.50_260.00_,2_3_1_1_3_
12:41:02,263.00,1,1007,263.50_264.00_264.50_265.00_265.50_,4_11_6_15_4_,262.50_262.00_261.50_260.50_260.00_,2_3_1_1_3_
12:41:07,263.00,1,1007,263.00_263.50_264.00_264.50_265.00_,1_4_11_6_15_,262.50_262.00_261.50_260.50_260.00_,2_3_1_1_3_
12:42:14,263.00,1,1007,263.00_263.50_264.00_264.50_265.00_,2_4_11_16_15_,262.50_262.00_261.50_260.50_260.00_,2_3_1_1_3_
12:42:34,263.00,1,1007,263.00_263.50_264.00_264.50_265.00_,3_4_11_16_15_,262.50_262.00_261.50_260.50_260.00_,2_3_1_1_3_
12:44:27,263.00,1,1007,263.00_263.50_264.00_264.50_265.00_,3_4_11_16_15_,262.50_262.00_261.50_260.50_260.00_,3_3_1_1_3_
12:44:37,263.00,1,1007,263.00_263.50_264.00_264.50_265.00_,3_4_11_16_15_,262.50_262.00_261.50_260.50_260.00_,3_4_1_1_3_
12:44:42,263.00,1,1007,263.00_263.50_264.00_264.50_265.00_,3_4_11_16_15_,262.50_262.00_261.50_260.50_260.00_,3_3_1_1_3_
12:45:23,263.00,1,1007,263.00_263.50_264.00_264.50_265.00_,4_4_11_16_15_,262.50_262.00_261.50_260.50_260.00_,3_3_1_1_3_
12:45:59,263.00,1,1008,263.00_263.50_264.00_264.50_265.00_,3_4_11_16_15_,262.50_262.00_261.50_260.50_260.00_,3_3_1_1_3_
12:47:26,263.00,1,1008,263.00_263.50_264.00_264.50_265.00_,3_4_11_16_15_,262.50_262.00_261.50_260.50_260.00_,4_3_1_1_3_
12:47:52,263.00,1,1009,263.00_263.50_264.00_264.50_265.00_,3_4_11_16_15_,262.50_262.00_261.50_260.50_260.00_,4_3_1_1_3_
12:48:17,263.00,1,1009,263.00_263.50_264.00_264.50_265.00_,3_4_11_16_15_,262.50_262.00_261.50_260.50_260.00_,3_3_1_1_3_
12:50:25,263.00,1,1013,263.00_263.50_264.00_264.50_265.00_,8_4_11_16_15_,262.50_262.00_261.50_260.50_260.00_,2_2_1_1_3_
12:51:12,262.50,1,1015,262.50_263.00_263.50_264.00_264.50_,2_7_1_11_18_,262.00_261.50_260.50_260.00_259.00_,2_1_1_3_4_
12:51:17,262.50,1,1016,262.50_263.00_263.50_264.00_264.50_,1_8_1_11_18_,262.00_261.50_260.50_260.00_259.00_,2_1_1_3_4_
12:51:32,262.50,1,1016,262.50_263.00_263.50_264.00_264.50_,1_8_1_12_18_,262.00_261.50_260.50_260.00_259.00_,2_1_1_3_4_
12:51:37,262.50,1,1016,262.50_263.00_263.50_264.00_264.50_,2_8_1_12_18_,262.00_261.50_260.50_260.00_259.00_,3_1_1_3_4_
12:51:53,262.50,1,1016,262.50_263.00_263.50_264.00_264.50_,2_8_1_12_18_,262.00_261.50_260.50_260.00_259.00_,4_1_1_3_4_
12:51:58,262.50,1,1017,262.50_263.00_263.50_264.00_264.50_,1_8_1_12_18_,262.00_261.50_260.50_260.00_259.00_,4_1_1_3_4_
12:52:44,262.50,1,1017,262.50_263.00_263.50_264.00_264.50_,1_18_1_12_18_,262.00_261.50_260.50_260.00_259.00_,4_1_1_3_4_
12:53:25,262.50,1,1017,262.50_263.00_263.50_264.00_264.50_,2_18_1_12_18_,262.00_261.50_260.50_260.00_259.00_,4_1_1_3_4_
12:53:35,262.50,1,1017,262.50_263.00_263.50_264.00_264.50_,3_18_1_12_18_,262.00_261.50_260.50_260.00_259.00_,4_1_1_3_4_
12:54:31,262.50,1,1017,262.50_263.00_263.50_264.00_264.50_,3_18_1_12_18_,262.00_261.50_260.50_260.00_259.00_,5_1_1_3_4_
12:56:29,262.50,1,1017,262.50_263.00_263.50_264.00_264.50_,3_18_1_12_18_,262.00_261.50_260.50_260.00_259.00_,6_2_1_3_4_
12:57:15,262.50,1,1017,262.50_263.00_263.50_264.00_264.50_,4_18_2_12_18_,262.00_261.50_260.50_260.00_259.00_,6_2_1_3_4_
12:57:36,262.50,1,1018,262.50_263.00_263.50_264.00_264.50_,3_18_2_12_18_,262.00_261.50_260.50_260.00_259.00_,6_2_1_3_4_
12:57:56,262.50,2,1020,262.50_263.00_263.50_264.00_264.50_,1_18_2_12_18_,262.00_261.50_260.50_260.00_259.00_,6_2_1_3_4_
12:58:12,263.00,2,1023,263.00_263.50_264.00_264.50_265.00_,16_2_12_18_13_,262.00_261.50_260.50_260.00_259.00_,6_2_1_3_4_
12:59:13,262.50,1,1025,262.50_263.00_263.50_264.00_264.50_,5_16_2_12_18_,262.00_261.50_260.50_260.00_259.00_,6_2_4_3_4_
12:59:18,262.50,1,1026,262.50_263.00_263.50_264.00_264.50_,4_16_2_12_18_,262.00_261.50_260.50_260.00_259.00_,6_2_4_3_4_
12:59:59,262.00,6,1032,262.00_262.50_263.00_263.50_264.00_,6_4_16_2_9_,261.50_260.50_260.00_259.00_258.50_,2_5_2_5_3_
13:00:15,261.50,1,1033,262.00_262.50_263.00_263.50_264.00_,6_4_16_2_9_,261.50_261.00_260.50_260.00_259.00_,1_1_4_2_5_
13:00:20,261.50,1,1033,262.00_262.50_263.00_263.50_264.00_,5_4_16_2_9_,261.50_261.00_260.50_260.00_259.00_,1_1_4_2_5_
13:00:30,261.50,1,1034,262.00_262.50_263.00_263.50_264.00_,5_4_16_2_9_,261.00_260.50_260.00_259.00_258.50_,1_4_2_5_3_
13:00:40,261.50,1,1034,262.00_262.50_263.00_263.50_264.00_,5_4_16_2_10_,261.00_260.50_260.00_259.00_258.50_,1_4_2_5_3_
13:01:01,261.50,1,1034,261.50_262.00_262.50_263.00_263.50_,2_5_4_16_4_,261.00_260.50_260.00_259.00_258.50_,1_4_2_5_3_
13:01:06,261.00,1,1035,261.50_262.00_262.50_263.00_263.50_,2_5_4_16_4_,260.50_260.00_259.00_258.50_258.00_,1_2_5_3_5_
13:01:27,261.00,1,1035,261.50_262.00_262.50_263.00_263.50_,2_5_4_16_4_,260.50_260.00_259.00_258.50_258.00_,1_5_5_3_5_
13:01:37,261.00,1,1035,262.00_262.50_263.00_263.50_264.00_,5_4_16_4_8_,260.50_260.00_259.00_258.50_258.00_,2_5_5_3_5_
13:01:52,260.50,2,1037,261.50_262.00_262.50_263.00_263.50_,3_5_4_18_2_,260.00_259.00_258.50_258.00_257.50_,5_4_2_6_3_
13:03:09,260.00,2,1039,261.50_262.00_262.50_263.00_263.50_,3_5_6_17_2_,260.00_259.00_258.50_258.00_257.50_,3_4_2_6_3_
13:03:14,260.00,2,1039,261.00_261.50_262.00_262.50_263.00_,1_3_5_6_17_,260.00_259.00_258.50_258.00_257.50_,3_4_2_6_3_
13:03:25,260.00,2,1039,261.00_261.50_262.00_262.50_263.00_,2_3_6_6_17_,260.00_259.00_258.50_258.00_257.50_,3_4_2_6_3_
13:03:35,260.00,2,1039,261.00_261.50_262.00_262.50_263.00_,2_3_6_6_17_,260.00_259.00_258.50_258.00_257.50_,6_4_2_6_3_
13:03:40,260.00,2,1039,261.00_261.50_262.00_262.50_263.00_,2_3_6_6_17_,260.00_259.00_258.50_258.00_257.50_,1_4_2_6_3_
13:03:45,260.00,1,1040,261.00_261.50_262.00_262.50_263.00_,2_3_6_6_17_,259.00_258.50_258.00_257.50_257.00_,4_2_6_3_9_
13:03:50,260.00,1,1040,261.00_261.50_262.00_262.50_263.00_,2_3_6_8_15_,259.00_258.50_258.00_257.50_257.00_,5_2_6_3_9_
13:04:11,260.00,1,1040,261.00_261.50_262.00_262.50_263.00_,2_3_6_8_15_,259.50_259.00_258.50_258.00_257.50_,2_5_2_6_3_
13:04:31,260.00,1,1040,261.00_261.50_262.00_262.50_263.00_,7_3_6_8_15_,259.50_259.00_258.50_258.00_257.50_,2_5_3_6_3_
13:05:07,260.00,1,1040,261.00_261.50_262.00_262.50_263.00_,8_3_6_8_15_,259.50_259.00_258.50_258.00_257.50_,2_4_3_6_3_
13:06:29,260.00,1,1040,261.00_261.50_262.00_262.50_263.00_,7_3_6_9_15_,259.50_259.00_258.50_258.00_257.50_,3_4_2_6_3_
13:07:35,260.00,5,1045,261.00_261.50_262.00_262.50_263.00_,7_3_6_9_15_,259.50_259.00_258.50_258.00_257.50_,4_4_2_5_3_
13:07:51,260.00,5,1045,261.00_261.50_262.00_262.50_263.00_,7_3_6_9_15_,259.50_259.00_258.50_258.00_257.50_,5_4_2_5_3_
13:07:56,260.00,5,1045,261.00_261.50_262.00_262.50_263.00_,7_3_6_9_15_,259.50_259.00_258.50_258.00_257.50_,5_3_2_5_3_
13:08:11,260.00,5,1045,261.00_261.50_262.00_262.50_263.00_,7_3_6_7_17_,260.00_259.50_259.00_258.50_258.00_,4_5_3_2_5_
13:08:27,260.00,5,1045,261.00_261.50_262.00_262.50_263.00_,7_3_6_7_17_,260.00_259.50_259.00_258.50_258.00_,4_4_3_2_5_
13:09:33,260.00,1,1046,261.00_261.50_262.00_262.50_263.00_,8_3_6_7_17_,260.00_259.50_259.00_258.50_258.00_,4_4_3_2_5_
13:10:19,260.00,1,1047,260.50_261.00_261.50_262.00_262.50_,5_8_3_6_7_,260.00_259.50_259.00_258.50_258.00_,3_4_3_2_5_
13:10:25,260.00,1,1047,260.50_261.00_261.50_262.00_262.50_,5_8_3_6_9_,260.00_259.50_259.00_258.50_258.00_,3_4_3_2_5_
13:10:40,260.50,1,1048,260.50_261.00_261.50_262.00_262.50_,5_7_3_6_9_,260.00_259.50_259.00_258.50_258.00_,3_5_3_2_5_
13:10:50,260.50,1,1048,260.50_261.00_261.50_262.00_262.50_,5_7_3_6_9_,260.00_259.50_259.00_258.50_258.00_,4_5_3_2_5_
13:10:55,260.50,1,1049,260.50_261.00_261.50_262.00_262.50_,4_7_3_6_9_,260.00_259.50_259.00_258.50_258.00_,4_5_3_2_5_
13:11:06,260.50,4,1053,261.00_261.50_262.00_262.50_263.00_,7_3_6_9_15_,260.00_259.50_259.00_258.50_258.00_,6_5_3_2_5_
13:11:11,260.50,4,1053,261.00_261.50_262.00_262.50_263.00_,7_3_6_7_17_,260.00_259.50_259.00_258.50_258.00_,6_5_3_2_5_
13:11:21,260.50,1,1054,261.00_261.50_262.00_262.50_263.00_,7_3_6_7_17_,260.00_259.50_259.00_258.50_258.00_,6_5_3_2_5_
13:11:36,260.00,5,1059,261.00_261.50_262.00_262.50_263.00_,7_3_6_7_17_,260.00_259.50_259.00_258.50_258.00_,1_5_3_2_5_
13:11:52,260.00,5,1059,261.00_261.50_262.00_262.50_263.00_,7_3_6_7_7_,260.00_259.50_259.00_258.50_258.00_,1_5_3_2_5_
13:11:57,260.00,1,1060,260.00_261.00_261.50_262.00_262.50_,4_7_3_6_7_,259.50_259.00_258.50_258.00_257.50_,5_3_2_5_3_
13:12:02,260.00,1,1061,260.00_261.00_261.50_262.00_262.50_,3_7_3_8_7_,259.50_259.00_258.50_258.00_257.50_,5_3_2_5_3_
13:12:07,260.00,1,1061,260.00_260.50_261.00_261.50_262.00_,3_5_7_3_8_,259.50_259.00_258.50_258.00_257.50_,5_3_2_5_3_
13:12:12,260.00,1,1061,260.00_260.50_261.00_261.50_262.00_,3_5_7_3_8_,259.50_259.00_258.50_258.00_257.50_,6_3_2_5_3_
13:12:23,260.00,1,1062,260.00_260.50_261.00_261.50_262.00_,2_5_9_3_8_,259.50_259.00_258.50_258.00_257.50_,6_3_2_5_3_
13:12:58,260.50,4,1069,260.50_261.00_261.50_262.00_262.50_,1_9_3_6_9_,260.00_259.50_259.00_258.50_258.00_,1_6_3_2_5_
13:13:14,260.50,4,1069,260.50_261.00_261.50_262.00_262.50_,1_9_3_6_9_,260.00_259.50_259.00_258.50_258.00_,1_5_3_2_5_
13:13:24,260.50,1,1070,261.00_261.50_262.00_262.50_263.00_,9_3_6_7_7_,260.00_259.50_259.00_258.50_258.00_,1_5_3_2_6_
13:14:05,260.50,1,1070,261.00_261.50_262.00_262.50_263.00_,9_3_6_8_7_,260.00_259.50_259.00_258.50_258.00_,4_5_3_2_6_
13:14:15,260.50,1,1070,261.00_261.50_262.00_262.50_263.00_,9_3_6_8_7_,260.00_259.50_259.00_258.50_258.00_,5_5_3_2_6_
13:14:26,260.50,1,1070,260.50_261.00_261.50_262.00_262.50_,1_9_3_6_8_,260.00_259.50_259.00_258.50_258.00_,6_5_3_2_6_
13:14:31,260.50,1,1070,260.50_261.00_261.50_262.00_262.50_,1_9_3_6_10_,260.00_259.50_259.00_258.50_258.00_,6_5_3_2_6_
13:15:22,261.00,2,1080,261.00_261.50_262.00_262.50_263.00_,3_3_8_8_7_,260.50_260.00_259.50_259.00_258.50_,2_6_4_3_2_
13:16:08,261.00,1,1082,261.00_261.50_262.00_262.50_263.00_,1_3_8_8_7_,260.50_260.00_259.50_259.00_258.50_,3_7_4_3_2_
13:16:13,261.00,1,1082,261.00_261.50_262.00_262.50_263.00_,6_3_8_8_7_,260.50_260.00_259.50_259.00_258.50_,3_7_4_3_2_
13:16:54,261.00,1,1082,261.00_261.50_262.00_262.50_263.00_,6_3_8_8_7_,260.50_260.00_259.50_259.00_258.50_,4_7_4_3_2_
13:17:51,260.50,3,1085,260.50_261.00_261.50_262.00_262.50_,2_7_3_7_10_,260.00_259.50_259.00_258.50_258.00_,7_4_4_2_6_
13:18:01,260.00,2,1087,260.50_261.00_261.50_262.00_262.50_,3_6_3_7_10_,260.00_259.50_259.00_258.50_258.00_,5_4_4_2_6_
13:19:02,259.50,1,1097,260.50_261.00_261.50_262.00_262.50_,3_5_3_7_10_,260.00_259.50_259.00_258.50_258.00_,1_2_4_2_6_
13:19:18,260.00,1,1098,260.50_261.00_261.50_262.00_262.50_,4_5_3_7_10_,259.50_259.00_258.50_258.00_257.50_,2_4_2_6_4_
13:21:00,260.00,4,1107,260.00_260.50_261.00_261.50_262.00_,2_3_5_4_4_,259.50_259.00_258.50_258.00_257.50_,2_4_2_5_4_
13:21:16,260.00,1,1110,260.00_260.50_261.00_261.50_262.00_,1_3_5_4_4_,259.00_258.50_258.00_257.50_257.00_,4_2_5_4_11_
13:21:31,259.50,1,1111,259.50_260.00_260.50_261.00_261.50_,1_1_3_5_4_,259.00_258.50_258.00_257.50_257.00_,4_2_5_4_11_
13:22:12,259.00,1,1112,259.50_260.00_260.50_261.00_261.50_,2_1_3_5_5_,259.00_258.50_258.00_257.50_257.00_,2_2_5_4_10_
13:22:33,259.00,2,1114,259.50_260.00_260.50_261.00_261.50_,2_6_3_5_5_,258.50_258.00_257.50_257.00_256.50_,2_5_4_10_14_
13:24:51,259.00,1,1124,259.00_259.50_260.00_260.50_261.00_,2_2_6_2_7_,258.50_258.00_257.50_257.00_256.50_,3_2_4_9_13_
13:25:24,259.00,1,1124,259.00_259.50_260.00_260.50_261.00_,1_2_6_2_2_,258.50_258.00_257.50_257.00_256.50_,2_2_4_9_13_
13:25:39,259.00,1,1124,258.00_259.00_259.50_260.00_260.50_,1_2_2_1_2_,257.00_256.50_256.00_255.50_255.00_,9_19_21_7_18_
13:26:05,259.00,1,1124,258.00_259.00_259.50_260.00_260.50_,1_2_2_1_2_,257.00_256.50_256.00_255.50_255.00_,7_25_26_13_23_
13:26:10,259.00,1,1124,259.00_259.50_260.00_260.50_261.00_,2_1_1_2_3_,257.00_256.50_256.00_255.50_255.00_,5_25_26_13_23_
13:26:25,259.00,1,1124,259.00_260.00_260.50_261.00_261.50_,2_1_2_3_3_,257.00_256.50_256.00_255.50_255.00_,6_24_26_13_23_
13:26:46,259.00,1,1124,259.00_260.00_260.50_261.00_261.50_,2_1_2_3_3_,258.50_258.00_257.50_257.00_256.50_,1_3_3_25_25_
13:27:01,259.00,1,1124,259.00_260.00_260.50_261.00_261.50_,1_1_2_3_3_,258.50_258.00_257.50_257.00_256.50_,3_3_3_25_25_
13:27:22,259.00,1,1124,259.00_260.00_260.50_261.00_261.50_,2_1_2_3_3_,258.50_258.00_257.50_257.00_256.50_,2_3_3_25_25_
13:29:35,259.00,1,1124,258.00_259.00_260.00_260.50_261.00_,1_2_1_2_3_,257.50_257.00_256.50_256.00_255.50_,2_25_28_25_13_
13:29:55,259.00,1,1124,259.00_260.00_260.50_261.00_261.50_,2_1_2_3_3_,258.00_257.50_257.00_256.50_256.00_,4_3_26_28_26_
13:30:00,258.00,53,1177,258.00_259.00_260.00_260.50_261.00_,1_2_1_2_3_,257.50_257.00_256.50_256.00_255.50_,3_26_28_26_13_
