09:00:30,59.20,3,95,59.30_59.50_59.60_59.70_59.80_,41_34_10_5_164_,59.20_59.10_59.00_58.50_58.40_,24_1_4_13_11_
09:01:11,59.10,2,123,59.10_59.30_59.50_59.60_59.70_,10_33_35_10_6_,59.00_58.50_58.40_58.20_58.10_,21_13_11_25_8_
09:01:16,59.10,10,133,59.10_59.30_59.50_59.60_59.70_,1_33_35_10_6_,59.00_58.90_58.50_58.40_58.20_,35_2_13_11_25_
09:01:21,59.10,1,134,59.10_59.30_59.50_59.60_59.70_,6_29_35_10_6_,59.00_58.90_58.50_58.40_58.20_,36_3_13_11_28_
09:01:26,59.00,1,135,59.10_59.30_59.50_59.60_59.70_,8_3_35_9_6_,59.00_58.90_58.50_58.40_58.20_,35_3_13_11_28_
09:01:31,59.00,35,170,59.10_59.30_59.50_59.60_59.70_,12_2_35_9_6_,58.90_58.50_58.40_58.20_58.10_,4_13_11_28_8_
09:02:28,58.60,1,187,58.80_58.90_59.00_59.10_59.30_,6_2_6_1_2_,58.60_58.50_58.40_58.20_58.10_,4_11_13_28_8_
09:03:24,58.70,1,194,58.70_58.80_58.90_59.00_59.10_,12_3_2_6_1_,58.60_58.50_58.40_58.20_58.10_,18_11_11_28_8_
09:03:34,58.70,5,200,58.70_58.80_58.90_59.00_59.10_,14_3_2_6_1_,58.60_58.50_58.40_58.30_58.20_,19_11_11_1_28_
09:03:40,58.60,1,201,58.70_58.80_58.90_59.00_59.10_,15_3_2_6_1_,58.60_58.50_58.40_58.30_58.20_,16_11_11_1_28_
09:03:45,58.70,15,216,58.80_58.90_59.00_59.10_59.30_,3_2_6_1_2_,58.60_58.50_58.40_58.30_58.20_,17_11_11_1_29_
09:05:17,58.60,1,246,58.60_58.70_58.80_58.90_59.00_,9_8_7_2_6_,58.50_58.40_58.30_58.20_58.10_,18_15_2_29_8_
09:06:54,58.70,1,299,58.80_58.90_59.00_59.10_59.20_,11_15_4_2_2_,58.70_58.60_58.50_58.40_58.30_,11_102_49_11_2_
09:07:05,58.70,3,303,58.80_58.90_59.00_59.10_59.20_,11_12_4_2_2_,58.70_58.60_58.50_58.40_58.30_,8_102_49_11_2_
09:07:10,58.70,3,303,58.80_58.90_59.00_59.10_59.20_,11_12_4_2_2_,58.70_58.60_58.50_58.40_58.30_,11_102_49_11_2_
09:07:15,58.80,2,305,58.80_58.90_59.00_59.10_59.20_,11_12_4_2_2_,58.70_58.60_58.50_58.40_58.30_,10_102_49_11_2_
09:07:46,58.80,2,305,58.80_58.90_59.00_59.10_59.20_,20_12_4_2_2_,58.70_58.60_58.50_58.40_58.30_,16_102_48_11_2_
09:07:56,58.70,3,308,58.80_58.90_59.00_59.10_59.20_,17_12_4_2_2_,58.70_58.60_58.50_58.40_58.30_,13_102_48_11_2_
09:08:01,58.70,3,308,58.80_58.90_59.00_59.10_59.20_,18_12_4_2_2_,58.70_58.60_58.50_58.40_58.30_,14_102_48_11_2_
09:09:08,58.60,5,336,58.80_58.90_59.00_59.10_59.20_,20_13_4_2_2_,58.60_58.50_58.40_58.30_58.20_,95_48_11_2_9_
09:09:54,58.70,1,339,58.80_58.90_59.00_59.10_59.20_,26_13_5_2_2_,58.70_58.60_58.50_58.40_58.30_,24_96_48_11_2_
09:10:35,58.80,11,375,58.90_59.00_59.10_59.20_59.30_,13_4_2_2_3_,58.80_58.70_58.60_58.50_58.40_,1_20_96_48_11_
09:10:55,58.90,1,381,58.90_59.00_59.10_59.20_59.30_,10_5_2_2_3_,58.80_58.70_58.60_58.50_58.40_,1_30_96_48_11_
09:11:00,58.90,2,383,58.90_59.00_59.10_59.20_59.30_,8_5_2_2_3_,58.80_58.70_58.60_58.50_58.40_,1_40_96_48_11_
09:11:21,58.80,3,387,58.90_59.00_59.10_59.20_59.30_,7_5_2_2_3_,58.80_58.70_58.60_58.50_58.40_,8_39_106_49_11_
09:11:46,58.80,1,388,58.90_59.00_59.10_59.20_59.30_,13_5_2_2_3_,58.80_58.70_58.60_58.50_58.40_,8_39_106_50_11_
09:12:02,58.80,3,391,58.90_59.00_59.10_59.20_59.30_,10_5_2_2_3_,58.80_58.70_58.60_58.50_58.40_,5_38_106_50_11_
09:13:39,58.80,3,398,58.90_59.00_59.10_59.20_59.30_,34_5_3_2_3_,58.80_58.70_58.60_58.50_58.40_,29_49_106_47_11_
09:14:00,58.80,4,402,58.90_59.00_59.10_59.20_59.30_,34_5_3_2_3_,58.80_58.70_58.60_58.50_58.40_,29_49_106_47_11_
09:14:05,58.80,2,404,58.90_59.00_59.10_59.20_59.30_,34_5_3_2_3_,58.80_58.70_58.60_58.50_58.40_,30_49_106_47_11_
09:14:51,58.90,1,447,58.90_59.00_59.10_59.20_59.30_,8_5_3_2_3_,58.80_58.70_58.60_58.50_58.40_,64_49_106_46_11_
09:15:53,58.90,1,456,58.90_59.00_59.10_59.20_59.30_,12_6_2_2_3_,58.80_58.70_58.60_58.50_58.40_,77_59_106_45_11_
09:16:03,58.80,3,459,58.90_59.00_59.10_59.20_59.30_,9_7_2_2_3_,58.80_58.70_58.60_58.50_58.40_,73_59_106_45_11_
09:16:08,58.90,1,460,58.90_59.00_59.10_59.20_59.30_,8_8_2_2_3_,58.80_58.70_58.60_58.50_58.40_,72_59_106_45_11_
09:16:18,58.90,3,472,59.00_59.10_59.20_59.30_59.50_,8_2_2_4_34_,58.80_58.70_58.60_58.50_58.40_,73_58_106_45_11_
09:16:34,58.80,1,481,59.00_59.10_59.20_59.30_59.50_,12_2_3_3_34_,58.80_58.70_58.60_58.50_58.40_,70_57_106_46_11_
09:17:25,58.90,2,492,59.00_59.10_59.20_59.30_59.50_,17_3_2_3_34_,58.90_58.80_58.70_58.60_58.50_,51_69_32_106_46_
09:18:47,58.90,1,527,59.00_59.10_59.20_59.30_59.50_,24_3_3_3_35_,58.90_58.80_58.70_58.60_58.50_,24_66_62_206_46_
09:18:52,58.90,1,527,59.00_59.10_59.20_59.30_59.50_,25_3_3_3_35_,58.90_58.80_58.70_58.60_58.50_,24_66_62_206_46_
09:19:48,59.00,8,664,59.00_59.60_59.70_59.80_59.90_,14_7_57_198_23_,58.90_58.80_58.70_58.60_58.50_,1_58_63_208_47_
09:21:30,59.50,2,714,59.50_59.70_59.80_59.90_60.00_,4_53_207_25_14_,59.00_58.90_58.80_58.70_58.60_,3_11_56_63_208_
09:21:51,59.00,2,716,59.50_59.60_59.70_59.80_59.90_,8_4_59_199_35_,59.00_58.90_58.80_58.70_58.60_,1_16_61_68_208_
09:22:11,59.00,2,716,59.30_59.40_59.50_59.60_59.70_,7_1_4_10_51_,59.00_58.90_58.80_58.70_58.60_,20_26_52_63_208_
09:22:42,59.00,3,719,59.30_59.40_59.50_59.60_59.70_,13_3_6_10_46_,59.10_59.00_58.90_58.80_58.70_,10_22_27_56_68_
09:22:52,59.00,3,719,59.30_59.40_59.50_59.60_59.70_,14_2_6_10_29_,59.10_59.00_58.90_58.80_58.70_,11_21_27_56_68_
09:23:39,59.10,3,722,59.30_59.40_59.50_59.60_59.70_,18_4_6_10_14_,59.10_59.00_58.90_58.80_58.70_,15_28_26_56_68_
09:23:44,59.10,2,724,59.30_59.40_59.50_59.60_59.70_,19_4_6_10_12_,59.10_59.00_58.90_58.80_58.70_,13_28_26_56_68_
09:23:49,59.10,2,724,59.30_59.40_59.50_59.60_59.70_,19_4_7_10_12_,59.10_59.00_58.90_58.80_58.70_,13_28_26_56_68_
09:23:54,59.10,1,725,59.20_59.30_59.40_59.50_59.60_,1_20_4_7_11_,59.10_59.00_58.90_58.80_58.70_,12_28_26_56_68_
09:23:59,59.10,4,729,59.20_59.30_59.40_59.50_59.60_,2_12_4_7_10_,59.10_59.00_58.90_58.80_58.70_,8_28_26_56_68_
09:24:04,59.10,4,729,59.20_59.30_59.40_59.50_59.60_,4_12_4_7_10_,59.10_59.00_58.90_58.80_58.70_,9_37_26_56_68_
09:24:15,59.10,4,729,59.20_59.30_59.40_59.50_59.60_,8_11_1_7_10_,59.10_59.00_58.90_58.80_58.70_,9_37_26_56_68_
09:25:06,59.10,3,739,59.20_59.30_59.40_59.50_59.60_,13_10_1_6_10_,59.10_59.00_58.90_58.80_58.70_,8_40_31_56_63_
09:26:58,59.20,2,764,59.30_59.40_59.50_59.60_59.70_,20_1_6_10_10_,59.20_59.10_59.00_58.90_58.80_,45_11_41_31_51_
09:27:03,59.20,2,764,59.30_59.40_59.50_59.60_59.70_,20_1_6_10_10_,59.20_59.10_59.00_58.90_58.80_,45_12_41_31_51_
09:27:09,59.20,3,767,59.30_59.40_59.50_59.60_59.70_,17_1_6_10_10_,59.20_59.10_59.00_58.90_58.80_,42_12_41_31_51_
09:27:19,59.30,50,817,59.30_59.40_59.50_59.60_59.70_,2_1_6_10_10_,59.20_59.10_59.00_58.90_58.80_,41_12_41_31_51_
09:27:24,59.30,50,817,59.30_59.40_59.50_59.60_59.70_,4_1_6_10_10_,59.20_59.10_59.00_58.90_58.80_,41_12_41_31_51_
09:27:29,59.20,8,825,59.30_59.40_59.50_59.60_59.70_,5_1_6_10_10_,59.20_59.10_59.00_58.90_58.80_,33_12_71_31_51_
09:27:34,59.30,1,826,59.30_59.40_59.50_59.60_59.70_,8_1_6_10_6_,59.20_59.10_59.00_58.90_58.80_,33_12_71_31_51_
09:27:39,59.30,1,827,59.30_59.40_59.50_59.60_59.70_,8_2_6_10_6_,59.20_59.10_59.00_58.90_58.80_,33_12_71_31_41_
09:27:44,59.20,1,828,59.30_59.40_59.50_59.60_59.70_,11_2_6_10_41_,59.20_59.10_59.00_58.90_58.80_,32_27_71_31_41_
09:29:06,59.30,7,856,59.30_59.40_59.50_59.60_59.70_,1_7_5_10_46_,59.20_59.10_59.00_58.90_58.80_,29_25_72_31_41_
09:29:11,59.30,7,856,59.30_59.40_59.50_59.60_59.70_,8_3_6_10_46_,59.20_59.10_59.00_58.90_58.80_,29_24_72_31_41_
09:29:16,59.30,7,856,59.30_59.40_59.50_59.60_59.70_,11_3_6_10_46_,59.20_59.10_59.00_58.90_58.80_,28_24_72_31_41_
09:29:22,59.30,7,856,59.30_59.40_59.50_59.60_59.70_,11_3_6_11_46_,59.20_59.10_59.00_58.90_58.80_,28_24_72_31_41_
09:29:27,59.20,1,857,59.30_59.40_59.50_59.60_59.70_,12_2_6_11_46_,59.20_59.10_59.00_58.90_58.80_,27_24_72_31_41_
09:29:32,59.20,1,857,59.30_59.40_59.50_59.60_59.70_,13_2_6_11_46_,59.20_59.10_59.00_58.90_58.80_,27_24_72_31_41_
09:30:59,59.20,2,868,59.30_59.40_59.50_59.60_59.70_,21_1_7_8_43_,59.20_59.10_59.00_58.90_58.80_,17_17_72_26_46_
09:31:04,59.20,1,869,59.30_59.40_59.50_59.60_59.70_,21_1_7_8_43_,59.20_59.10_59.00_58.90_58.80_,16_17_72_26_46_
09:31:14,59.20,4,873,59.30_59.40_59.50_59.60_59.70_,21_1_7_8_43_,59.20_59.10_59.00_58.90_58.80_,12_17_67_26_46_
09:31:19,59.20,13,886,59.20_59.30_59.40_59.50_59.60_,1_23_1_7_8_,59.10_59.00_58.90_58.80_58.70_,17_67_26_46_68_
09:31:25,59.20,13,886,59.20_59.30_59.40_59.50_59.60_,10_9_2_6_8_,59.10_59.00_58.90_58.80_58.70_,17_67_26_46_68_
09:31:30,59.10,1,887,59.20_59.30_59.40_59.50_59.60_,13_9_2_6_8_,59.10_59.00_58.90_58.80_58.70_,23_67_26_46_68_
09:33:17,59.10,2,900,59.20_59.30_59.40_59.50_59.60_,34_1_3_5_8_,59.10_59.00_58.90_58.80_58.70_,73_63_26_43_68_
09:33:22,59.10,1,901,59.20_59.30_59.40_59.50_59.60_,34_1_3_5_8_,59.10_59.00_58.90_58.80_58.70_,72_63_26_43_68_
09:33:33,59.10,3,904,59.20_59.30_59.40_59.50_59.60_,35_1_3_5_8_,59.10_59.00_58.90_58.80_58.70_,69_63_26_43_68_
09:34:04,59.10,1,905,59.20_59.30_59.40_59.50_59.60_,34_2_3_5_8_,59.10_59.00_58.90_58.80_58.70_,63_63_26_43_68_
09:34:24,59.10,1,906,59.20_59.30_59.40_59.50_59.60_,34_2_3_5_8_,59.10_59.00_58.90_58.80_58.70_,63_63_26_43_68_
09:35:15,59.10,1,912,59.20_59.30_59.40_59.50_59.60_,36_2_4_5_8_,59.10_59.00_58.90_58.80_58.70_,96_63_26_43_68_
09:35:20,59.10,1,912,59.20_59.30_59.40_59.50_59.60_,35_2_4_5_8_,59.10_59.00_58.90_58.80_58.70_,96_63_26_43_68_
09:35:36,59.10,1,923,59.20_59.30_59.40_59.50_59.60_,30_2_4_5_8_,59.10_59.00_58.90_58.80_58.70_,95_63_26_43_68_
09:35:46,59.10,2,925,59.20_59.30_59.40_59.50_59.60_,30_2_4_5_8_,59.10_59.00_58.90_58.80_58.70_,93_63_26_43_68_
09:35:56,59.10,2,925,59.20_59.30_59.40_59.50_59.60_,31_2_4_5_8_,59.10_59.00_58.90_58.80_58.70_,93_63_26_43_68_
09:37:18,59.10,1,933,59.20_59.30_59.40_59.50_59.60_,39_1_2_5_8_,59.10_59.00_58.90_58.80_58.70_,87_63_26_43_68_
09:38:35,59.10,1,936,59.20_59.30_59.40_59.50_59.60_,41_3_2_5_8_,59.10_59.00_58.90_58.80_58.70_,86_64_26_43_68_
09:39:41,59.20,1,939,59.20_59.30_59.40_59.50_59.60_,42_1_2_5_8_,59.10_59.00_58.90_58.80_58.70_,83_64_26_43_79_
09:39:52,59.10,1,940,59.20_59.30_59.40_59.50_59.60_,41_1_2_5_8_,59.10_59.00_58.90_58.80_58.70_,82_64_26_43_79_
09:39:57,59.20,1,941,59.20_59.30_59.40_59.50_59.60_,41_1_2_5_8_,59.10_59.00_58.90_58.80_58.70_,83_64_26_43_79_
09:40:02,59.20,1,941,59.20_59.30_59.40_59.50_59.60_,42_1_2_5_8_,59.10_59.00_58.90_58.80_58.70_,83_64_26_43_79_
09:40:27,59.10,2,944,59.20_59.30_59.40_59.50_59.60_,42_1_3_5_8_,59.10_59.00_58.90_58.80_58.70_,81_64_26_43_79_
09:41:55,59.20,1,954,59.20_59.30_59.40_59.50_59.60_,42_1_2_5_8_,59.10_59.00_58.90_58.80_58.70_,83_65_27_43_78_
09:42:41,59.10,1,961,59.20_59.30_59.40_59.50_59.60_,42_1_2_5_8_,59.10_59.00_58.90_58.80_58.70_,83_65_27_43_78_
09:42:51,59.10,1,962,59.20_59.30_59.40_59.50_59.60_,42_1_2_5_8_,59.10_59.00_58.90_58.80_58.70_,82_65_27_43_78_
09:42:56,59.10,1,963,59.20_59.30_59.40_59.50_59.60_,42_1_2_5_8_,59.10_59.00_58.90_58.80_58.70_,81_65_27_43_78_
09:43:47,59.20,11,976,59.20_59.30_59.40_59.50_59.60_,34_1_2_5_8_,59.10_59.00_58.90_58.80_58.70_,89_70_27_38_73_
09:44:34,59.20,1,978,59.20_59.30_59.40_59.50_59.60_,36_1_2_5_8_,59.10_59.00_58.90_58.80_58.70_,81_70_27_43_73_
09:44:44,59.20,2,980,59.20_59.30_59.40_59.50_59.60_,35_1_2_5_8_,59.10_59.00_58.90_58.80_58.70_,80_70_27_43_73_
09:44:49,59.20,1,981,59.20_59.30_59.40_59.50_59.60_,34_1_2_5_4_,59.10_59.00_58.90_58.80_58.70_,79_70_27_43_73_
09:47:33,59.30,1,1036,59.40_59.50_59.60_59.70_59.80_,2_6_6_44_151_,59.30_59.20_59.10_59.00_58.90_,9_70_58_69_22_
09:47:49,59.40,1,1037,59.40_59.50_59.60_59.70_59.80_,2_6_6_44_152_,59.30_59.20_59.10_59.00_58.90_,16_59_57_69_22_
09:49:05,59.30,1,1043,59.40_59.50_59.60_59.70_59.80_,7_10_5_44_157_,59.30_59.20_59.10_59.00_58.90_,23_57_55_69_22_
09:49:41,59.40,1,1046,59.40_59.50_59.60_59.70_59.80_,9_10_5_45_158_,59.30_59.20_59.10_59.00_58.90_,20_57_55_69_22_
09:52:25,59.30,4,1062,59.40_59.50_59.60_59.70_59.80_,24_6_5_45_158_,59.30_59.20_59.10_59.00_58.90_,42_57_55_69_22_
09:53:32,59.30,1,1064,59.40_59.50_59.60_59.70_59.80_,24_8_3_45_159_,59.30_59.20_59.10_59.00_58.90_,64_57_55_64_22_
09:53:37,59.30,1,1064,59.40_59.50_59.60_59.70_59.80_,24_8_3_45_159_,59.30_59.20_59.10_59.00_58.90_,60_57_55_69_22_
09:53:42,59.30,1,1064,59.40_59.50_59.60_59.70_59.80_,26_8_3_45_159_,59.30_59.20_59.10_59.00_58.90_,60_57_55_69_22_
09:53:47,59.30,1,1064,59.40_59.50_59.60_59.70_59.80_,26_8_3_45_159_,59.30_59.20_59.10_59.00_58.90_,60_58_55_69_22_
09:53:52,59.30,2,1066,59.40_59.50_59.60_59.70_59.80_,24_8_3_45_159_,59.30_59.20_59.10_59.00_58.90_,58_58_55_70_22_
09:57:07,59.50,4,1127,59.60_59.70_59.80_59.90_60.00_,11_47_157_26_15_,59.50_59.40_59.30_59.20_59.10_,31_68_63_35_54_
09:57:17,59.50,4,1127,59.60_59.70_59.80_59.90_60.00_,12_46_156_26_15_,59.50_59.40_59.30_59.20_59.10_,30_68_63_35_54_
09:57:22,59.50,4,1127,59.60_59.70_59.80_59.90_60.00_,12_46_158_26_15_,59.50_59.40_59.30_59.20_59.10_,30_68_63_35_54_
09:57:28,59.50,4,1127,59.60_59.70_59.80_59.90_60.00_,12_46_158_26_15_,59.50_59.40_59.30_59.20_59.10_,31_68_63_35_54_
09:57:43,59.50,1,1128,59.60_59.70_59.80_59.90_60.00_,13_46_158_26_15_,59.50_59.40_59.30_59.20_59.10_,30_68_63_35_54_
10:00:11,59.50,1,1150,59.60_59.70_59.80_59.90_60.00_,21_21_159_26_15_,59.50_59.40_59.30_59.20_59.10_,12_68_72_39_49_
10:00:22,59.50,1,1150,59.60_59.70_59.80_59.90_60.00_,25_18_159_26_15_,59.50_59.40_59.30_59.20_59.10_,12_68_72_39_49_
10:00:37,59.50,1,1150,59.60_59.70_59.80_59.90_60.00_,25_18_159_26_15_,59.50_59.40_59.30_59.20_59.10_,13_68_58_39_58_
10:00:52,59.50,1,1150,59.60_59.70_59.80_59.90_60.00_,27_18_159_26_15_,59.50_59.40_59.30_59.20_59.10_,13_68_58_39_58_
10:01:03,59.50,3,1153,59.60_59.70_59.80_59.90_60.00_,29_16_159_26_15_,59.50_59.40_59.30_59.20_59.10_,10_68_58_39_58_
10:01:44,59.40,1,1168,59.50_59.60_59.70_59.80_59.90_,36_21_11_158_26_,59.40_59.30_59.20_59.10_59.00_,64_58_39_58_75_
10:03:26,59.40,1,1171,59.50_59.60_59.70_59.80_59.90_,48_15_12_160_26_,59.40_59.30_59.20_59.10_59.00_,62_58_39_58_75_
10:03:31,59.40,1,1171,59.50_59.60_59.70_59.80_59.90_,48_15_12_160_26_,59.40_59.30_59.20_59.10_59.00_,64_58_39_58_75_
10:03:47,59.40,1,1171,59.50_59.60_59.70_59.80_59.90_,49_15_12_161_26_,59.40_59.30_59.20_59.10_59.00_,64_58_39_58_75_
10:03:52,59.40,1,1171,59.50_59.60_59.70_59.80_59.90_,49_16_12_161_26_,59.40_59.30_59.20_59.10_59.00_,64_58_39_58_75_
10:05:04,59.50,1,1172,59.50_59.60_59.70_59.80_59.90_,58_20_11_162_26_,59.40_59.30_59.20_59.10_59.00_,65_58_39_58_75_
10:05:09,59.50,1,1172,59.50_59.60_59.70_59.80_59.90_,60_20_11_162_26_,59.40_59.30_59.20_59.10_59.00_,65_58_39_58_75_
10:05:14,59.50,1,1172,59.50_59.60_59.70_59.80_59.90_,60_20_11_161_26_,59.40_59.30_59.20_59.10_59.00_,65_58_39_58_75_
10:06:00,59.50,1,1172,59.50_59.60_59.70_59.80_59.90_,61_20_11_171_26_,59.40_59.30_59.20_59.10_59.00_,65_58_39_58_75_
10:06:15,59.50,1,1172,59.50_59.60_59.70_59.80_59.90_,61_20_11_171_26_,59.40_59.30_59.20_59.10_59.00_,65_58_39_58_75_
10:06:36,59.50,1,1173,59.50_59.60_59.70_59.80_59.90_,70_20_11_171_26_,59.40_59.30_59.20_59.10_59.00_,67_58_39_58_75_
10:06:41,59.40,7,1180,59.50_59.60_59.70_59.80_59.90_,71_20_11_171_26_,59.40_59.30_59.20_59.10_59.00_,60_58_39_58_75_
10:08:29,59.40,2,1218,59.50_59.60_59.70_59.80_59.90_,63_20_12_169_26_,59.40_59.30_59.20_59.10_59.00_,49_58_30_58_75_
10:08:39,59.40,2,1218,59.50_59.60_59.70_59.80_59.90_,65_20_12_169_26_,59.40_59.30_59.20_59.10_59.00_,49_58_30_58_75_
10:09:56,59.40,1,1247,59.50_59.60_59.70_59.80_59.90_,65_20_11_168_30_,59.40_59.30_59.20_59.10_59.00_,20_58_30_58_75_
10:10:01,59.40,1,1248,59.50_59.60_59.70_59.80_59.90_,64_21_11_168_30_,59.40_59.30_59.20_59.10_59.00_,19_58_30_58_75_
10:11:18,59.30,1,1254,59.50_59.60_59.70_59.80_59.90_,65_20_11_169_40_,59.30_59.20_59.10_59.00_58.90_,55_30_58_75_31_
10:11:43,59.30,4,1267,59.40_59.50_59.60_59.70_59.80_,11_41_30_10_164_,59.30_59.20_59.10_59.00_58.90_,13_30_58_75_31_
10:11:53,59.30,6,1273,59.40_59.50_59.60_59.70_59.80_,48_33_10_10_165_,59.30_59.20_59.10_59.00_58.90_,7_30_59_75_31_
10:11:58,59.30,5,1278,59.40_59.50_59.60_59.70_59.80_,52_32_10_10_165_,59.30_59.20_59.10_59.00_58.90_,2_30_59_75_31_
10:12:04,59.30,1,1279,59.40_59.50_59.60_59.70_59.80_,59_32_9_7_164_,59.30_59.20_59.10_59.00_58.90_,2_30_59_75_31_
10:12:09,59.30,1,1280,59.40_59.50_59.60_59.70_59.80_,60_32_9_7_164_,59.30_59.20_59.10_59.00_58.90_,2_30_59_75_31_
10:12:39,59.30,1,1281,59.40_59.50_59.60_59.70_59.80_,65_32_9_7_164_,59.30_59.20_59.10_59.00_58.90_,1_30_50_75_31_
10:12:44,59.30,1,1281,59.40_59.50_59.60_59.70_59.80_,66_31_9_7_164_,59.30_59.20_59.10_59.00_58.90_,1_32_50_75_31_
10:12:50,59.30,1,1281,59.40_59.50_59.60_59.70_59.80_,66_31_9_7_163_,59.30_59.20_59.10_59.00_58.90_,1_32_50_75_31_
10:14:58,59.20,1,1291,59.30_59.40_59.50_59.60_59.70_,69_33_10_8_9_,59.20_59.10_59.00_58.90_58.80_,45_50_75_32_47_
10:15:39,59.20,1,1294,59.30_59.40_59.50_59.60_59.70_,72_30_10_6_10_,59.20_59.10_59.00_58.90_58.80_,46_54_76_32_47_
10:16:30,59.20,1,1295,59.30_59.40_59.50_59.60_59.70_,72_29_10_6_10_,59.20_59.10_59.00_58.90_58.80_,48_54_76_32_47_
10:16:40,59.20,1,1295,59.30_59.40_59.50_59.60_59.70_,72_29_10_6_10_,59.20_59.10_59.00_58.90_58.80_,49_54_76_32_47_
10:16:51,59.20,1,1298,59.30_59.40_59.50_59.60_59.70_,73_28_10_6_10_,59.20_59.10_59.00_58.90_58.80_,46_54_76_32_47_
10:17:26,59.20,1,1301,59.30_59.40_59.50_59.60_59.70_,66_19_4_6_10_,59.20_59.10_59.00_58.90_58.80_,27_54_76_32_47_
10:20:05,59.20,1,1312,59.30_59.40_59.50_59.60_59.70_,69_19_3_5_10_,59.20_59.10_59.00_58.90_58.80_,96_52_75_32_47_
10:23:30,59.20,2,1350,59.30_59.40_59.50_59.60_59.70_,119_35_2_5_10_,59.20_59.10_59.00_58.90_58.80_,113_59_75_32_38_
10:24:06,59.20,2,1350,59.30_59.40_59.50_59.60_59.70_,119_35_2_5_10_,59.20_59.10_59.00_58.90_58.80_,114_59_75_32_38_
10:24:11,59.20,2,1350,59.30_59.40_59.50_59.60_59.70_,119_35_2_5_10_,59.20_59.10_59.00_58.90_58.80_,115_59_75_32_38_
10:25:18,59.30,1,1367,59.30_59.40_59.50_59.60_59.70_,121_35_3_5_10_,59.20_59.10_59.00_58.90_58.80_,46_54_75_32_47_
10:26:14,59.20,3,1380,59.30_59.40_59.50_59.60_59.70_,114_36_2_5_11_,59.20_59.10_59.00_58.90_58.80_,34_54_78_33_47_
10:26:24,59.20,1,1381,59.30_59.40_59.50_59.60_59.70_,114_36_2_5_11_,59.20_59.10_59.00_58.90_58.80_,33_54_78_33_47_
10:26:29,59.30,2,1383,59.30_59.40_59.50_59.60_59.70_,112_36_2_5_11_,59.20_59.10_59.00_58.90_58.80_,34_54_78_33_47_
10:26:45,59.20,3,1386,59.30_59.40_59.50_59.60_59.70_,109_36_2_5_11_,59.20_59.10_59.00_58.90_58.80_,31_54_78_33_47_
10:27:46,59.30,2,1418,59.30_59.40_59.50_59.60_59.70_,83_36_2_5_11_,59.20_59.10_59.00_58.90_58.80_,8_54_78_33_47_
10:27:57,59.30,2,1418,59.30_59.40_59.50_59.60_59.70_,83_36_2_5_11_,59.20_59.10_59.00_58.90_58.80_,9_54_78_33_47_
10:28:27,59.20,1,1420,59.30_59.40_59.50_59.60_59.70_,89_36_2_5_11_,59.20_59.10_59.00_58.90_58.80_,12_54_78_33_47_
10:28:43,59.20,1,1420,59.30_59.40_59.50_59.60_59.70_,89_36_2_5_11_,59.20_59.10_59.00_58.90_58.80_,62_84_75_32_47_
10:28:48,59.20,1,1420,59.30_59.40_59.50_59.60_59.70_,89_36_2_5_11_,59.20_59.10_59.00_58.90_58.80_,62_93_75_32_38_
10:29:08,59.20,1,1421,59.30_59.40_59.50_59.60_59.70_,93_36_2_5_11_,59.20_59.10_59.00_58.90_58.80_,109_89_75_32_38_
10:31:11,59.20,13,1468,59.30_59.40_59.50_59.60_59.70_,85_36_3_5_11_,59.20_59.10_59.00_58.90_58.80_,58_80_75_32_45_
10:31:16,59.20,13,1468,59.30_59.40_59.50_59.60_59.70_,85_36_3_5_11_,59.20_59.10_59.00_58.90_58.80_,58_82_75_32_45_
10:32:18,59.30,1,1469,59.30_59.40_59.50_59.60_59.70_,86_36_12_5_11_,59.20_59.10_59.00_58.90_58.80_,58_82_76_32_45_
10:33:34,59.20,2,1475,59.30_59.40_59.50_59.60_59.70_,113_36_12_5_11_,59.20_59.10_59.00_58.90_58.80_,55_82_76_32_45_
10:33:55,59.20,13,1496,59.30_59.40_59.50_59.60_59.70_,114_36_12_5_11_,59.20_59.10_59.00_58.90_58.80_,27_82_76_32_45_
10:34:51,59.20,1,1500,59.30_59.40_59.50_59.60_59.70_,118_36_12_5_11_,59.20_59.10_59.00_58.90_58.80_,24_86_76_32_45_
10:35:43,59.20,2,1506,59.30_59.40_59.50_59.60_59.70_,113_36_12_5_11_,59.20_59.10_59.00_58.90_58.80_,19_86_76_32_45_
10:36:29,59.20,2,1506,59.30_59.40_59.50_59.60_59.70_,115_36_13_5_11_,59.20_59.10_59.00_58.90_58.80_,20_88_76_32_45_
10:36:49,59.20,1,1507,59.30_59.40_59.50_59.60_59.70_,116_36_13_5_11_,59.20_59.10_59.00_58.90_58.80_,20_88_76_32_45_
10:38:42,59.20,2,1523,59.30_59.40_59.50_59.60_59.70_,114_36_12_5_11_,59.20_59.10_59.00_58.90_58.80_,22_89_75_32_45_
10:39:49,59.20,2,1530,59.30_59.40_59.50_59.60_59.70_,112_36_12_5_11_,59.20_59.10_59.00_58.90_58.80_,24_89_75_32_45_
10:41:21,59.20,1,1537,59.30_59.40_59.50_59.60_59.70_,126_36_12_5_11_,59.20_59.10_59.00_58.90_58.80_,80_83_75_32_45_
10:42:22,59.20,2,1548,59.30_59.40_59.50_59.60_59.70_,186_36_13_5_11_,59.20_59.10_59.00_58.90_58.80_,111_83_75_32_45_
10:43:13,59.20,1,1589,59.30_59.40_59.50_59.60_59.70_,186_36_13_5_11_,59.20_59.10_59.00_58.90_58.80_,26_83_66_32_45_
10:44:10,59.20,1,1601,59.30_59.40_59.50_59.60_59.70_,184_36_12_5_11_,59.20_59.10_59.00_58.90_58.80_,14_83_66_32_45_
10:44:30,59.20,2,1603,59.30_59.40_59.50_59.60_59.70_,183_36_12_5_11_,59.20_59.10_59.00_58.90_58.80_,12_82_75_32_45_
10:45:27,59.10,3,1619,59.20_59.30_59.40_59.50_59.60_,122_113_27_11_5_,59.10_59.00_58.90_58.80_58.70_,83_66_32_45_83_
10:46:08,59.10,5,1665,59.20_59.30_59.40_59.50_59.60_,128_101_27_11_5_,59.10_59.00_58.90_58.80_58.70_,11_66_32_45_83_
10:46:13,59.10,9,1674,59.20_59.30_59.40_59.50_59.60_,128_101_27_11_5_,59.10_59.00_58.90_58.80_58.70_,3_66_32_45_83_
10:46:18,59.10,2,1676,59.20_59.30_59.40_59.50_59.60_,128_101_27_11_5_,59.10_59.00_58.90_58.80_58.70_,2_70_32_45_83_
10:46:28,59.10,3,1679,59.10_59.20_59.30_59.40_59.50_,17_128_100_27_11_,59.00_58.90_58.80_58.70_58.60_,70_23_45_83_220_
10:46:49,59.00,1,1680,59.10_59.20_59.30_59.40_59.50_,83_96_55_26_10_,59.00_58.90_58.80_58.70_58.60_,108_23_45_83_220_
10:46:59,59.00,1,1680,59.10_59.20_59.30_59.40_59.50_,92_93_48_26_10_,59.00_58.90_58.80_58.70_58.60_,113_23_45_83_220_
10:47:14,59.00,1,1680,59.10_59.20_59.30_59.40_59.50_,101_89_45_26_10_,59.00_58.90_58.80_58.70_58.60_,112_23_45_83_220_
10:47:50,59.00,6,1776,59.10_59.20_59.30_59.40_59.50_,24_79_70_26_10_,59.00_58.90_58.80_58.70_58.60_,136_32_45_83_211_
10:48:26,59.00,1,1780,59.10_59.20_59.30_59.40_59.50_,24_84_74_26_10_,59.00_58.90_58.80_58.70_58.60_,137_62_46_83_211_
10:48:36,59.00,1,1780,59.10_59.20_59.30_59.40_59.50_,27_85_74_26_10_,59.00_58.90_58.80_58.70_58.60_,137_62_46_83_211_
10:50:29,59.10,1,1810,59.20_59.30_59.40_59.50_59.60_,88_83_27_10_1_,59.10_59.00_58.90_58.80_58.70_,71_97_62_46_83_
10:50:34,59.10,1,1810,59.20_59.30_59.40_59.50_59.60_,88_83_27_10_1_,59.10_59.00_58.90_58.80_58.70_,150_93_62_46_83_
10:50:39,59.20,1,1811,59.20_59.30_59.40_59.50_59.60_,87_83_27_10_1_,59.10_59.00_58.90_58.80_58.70_,150_93_62_46_83_
10:50:50,59.20,1,1811,59.20_59.30_59.40_59.50_59.60_,88_83_27_10_1_,59.10_59.00_58.90_58.80_58.70_,152_92_62_46_83_
10:51:25,59.20,1,1811,59.20_59.30_59.40_59.50_59.60_,88_85_27_10_1_,59.10_59.00_58.90_58.80_58.70_,153_92_62_46_83_
10:51:51,59.20,1,1812,59.20_59.30_59.40_59.50_59.60_,88_84_27_10_1_,59.10_59.00_58.90_58.80_58.70_,152_92_62_46_83_
10:53:54,59.20,1,1921,59.20_59.30_59.40_59.50_59.60_,44_69_26_10_1_,59.10_59.00_58.90_58.80_58.70_,177_92_62_47_82_
10:54:40,59.20,1,1922,59.20_59.30_59.40_59.50_59.60_,44_69_26_10_1_,59.10_59.00_58.90_58.80_58.70_,178_92_63_47_82_
10:55:21,59.20,9,1974,59.30_59.40_59.50_59.60_59.70_,74_29_10_1_37_,59.20_59.10_59.00_58.90_58.80_,1_170_101_63_47_
10:55:26,59.20,1,1975,59.30_59.40_59.50_59.60_59.70_,77_38_10_1_37_,59.20_59.10_59.00_58.90_58.80_,4_170_101_63_47_
10:56:48,59.20,1,1983,59.30_59.40_59.50_59.60_59.70_,78_55_10_1_37_,59.20_59.10_59.00_58.90_58.80_,70_77_102_62_47_
10:57:19,59.20,1,1983,59.30_59.40_59.50_59.60_59.70_,81_54_10_1_37_,59.20_59.10_59.00_58.90_58.80_,70_77_102_62_47_
10:57:24,59.20,1,1983,59.30_59.40_59.50_59.60_59.70_,87_54_10_1_37_,59.20_59.10_59.00_58.90_58.80_,84_77_102_62_47_
10:57:30,59.30,2,1985,59.30_59.40_59.50_59.70_59.80_,87_54_10_37_190_,59.20_59.10_59.00_58.90_58.80_,82_77_102_62_47_
10:57:35,59.20,1,1986,59.30_59.40_59.50_59.70_59.80_,87_54_10_37_190_,59.20_59.10_59.00_58.90_58.80_,81_77_102_62_47_
10:57:45,59.20,1,1986,59.30_59.40_59.50_59.70_59.80_,88_54_10_37_189_,59.20_59.10_59.00_58.90_58.80_,81_77_102_62_47_
10:57:50,59.20,1,1986,59.30_59.40_59.50_59.70_59.80_,88_54_10_37_189_,59.20_59.10_59.00_58.90_58.80_,82_77_102_62_47_
10:58:00,59.20,1,1986,59.30_59.40_59.50_59.70_59.80_,88_54_10_37_188_,59.20_59.10_59.00_58.90_58.80_,82_77_102_62_47_
10:58:05,59.20,1,1986,59.30_59.40_59.50_59.70_59.80_,88_55_10_37_188_,59.20_59.10_59.00_58.90_58.80_,82_77_102_62_47_
10:58:10,59.20,1,1986,59.30_59.40_59.50_59.70_59.80_,88_55_10_37_188_,59.20_59.10_59.00_58.90_58.80_,82_87_102_62_47_
10:59:22,59.30,1,1987,59.30_59.40_59.50_59.70_59.80_,95_55_10_37_192_,59.20_59.10_59.00_58.90_58.80_,83_77_102_62_47_
10:59:32,59.30,1,1987,59.30_59.40_59.50_59.70_59.80_,95_55_10_37_192_,59.20_59.10_59.00_58.90_58.80_,84_77_102_62_47_
11:01:25,59.30,1,1993,59.30_59.40_59.50_59.70_59.80_,108_56_11_37_193_,59.20_59.10_59.00_58.90_58.80_,91_78_101_62_47_
11:01:30,59.30,1,1993,59.30_59.40_59.50_59.70_59.80_,109_56_11_37_192_,59.20_59.10_59.00_58.90_58.80_,91_78_101_62_47_
11:01:35,59.30,1,1993,59.30_59.40_59.50_59.70_59.80_,109_56_11_37_192_,59.20_59.10_59.00_58.90_58.80_,91_78_102_62_47_
11:01:45,59.30,1,1994,59.30_59.40_59.50_59.70_59.80_,109_56_11_37_192_,59.20_59.10_59.00_58.90_58.80_,90_78_102_62_47_
11:02:01,59.20,8,2002,59.30_59.40_59.50_59.70_59.80_,109_56_11_37_193_,59.20_59.10_59.00_58.90_58.80_,82_78_102_62_47_
11:03:12,59.30,1,2010,59.30_59.40_59.50_59.70_59.80_,108_56_11_37_195_,59.20_59.10_59.00_58.90_58.80_,79_79_102_61_47_
11:04:04,59.20,17,2042,59.30_59.40_59.50_59.70_59.80_,111_56_10_37_207_,59.20_59.10_59.00_58.90_58.80_,8_79_102_61_47_
11:04:29,59.20,17,2042,59.30_59.40_59.50_59.70_59.80_,111_56_10_37_208_,59.20_59.10_59.00_58.90_58.80_,9_79_102_61_47_
11:04:35,59.20,1,2043,59.30_59.40_59.50_59.70_59.80_,111_56_10_37_208_,59.20_59.10_59.00_58.90_58.80_,8_89_102_61_47_
11:04:40,59.20,1,2043,59.30_59.40_59.50_59.70_59.80_,111_56_10_37_208_,59.20_59.10_59.00_58.90_58.80_,9_89_102_61_47_
11:04:50,59.20,1,2043,59.30_59.40_59.50_59.70_59.80_,112_56_10_37_208_,59.20_59.10_59.00_58.90_58.80_,9_89_102_61_47_
11:04:55,59.20,1,2043,59.30_59.40_59.50_59.70_59.80_,112_56_10_37_208_,59.20_59.10_59.00_58.90_58.80_,9_95_102_61_47_
11:05:05,59.20,8,2051,59.30_59.40_59.50_59.70_59.80_,112_56_10_37_208_,59.20_59.10_59.00_58.90_58.80_,1_95_102_61_47_
11:05:10,59.20,1,2052,59.20_59.30_59.40_59.50_59.70_,8_112_56_10_37_,59.10_59.00_58.90_58.80_58.70_,95_107_61_47_73_
11:05:16,59.20,1,2052,59.20_59.30_59.40_59.50_59.70_,22_96_55_10_37_,59.10_59.00_58.90_58.80_58.70_,95_107_61_47_73_
11:05:21,59.20,1,2052,59.20_59.30_59.40_59.50_59.70_,37_91_37_10_37_,59.10_59.00_58.90_58.80_58.70_,95_107_61_47_73_
11:05:31,59.20,1,2052,59.20_59.30_59.40_59.50_59.70_,64_75_37_10_37_,59.10_59.00_58.90_58.80_58.70_,99_107_61_47_73_
11:05:57,59.20,1,2053,59.20_59.30_59.40_59.50_59.70_,71_73_35_10_37_,59.10_59.00_58.90_58.80_58.70_,112_107_61_38_73_
11:06:02,59.20,1,2053,59.20_59.30_59.40_59.50_59.70_,73_71_35_10_37_,59.10_59.00_58.90_58.80_58.70_,112_107_61_38_73_
11:06:07,59.20,1,2054,59.20_59.30_59.40_59.50_59.70_,72_71_35_10_7_,59.10_59.00_58.90_58.80_58.70_,112_107_61_38_73_
11:06:48,59.10,1,2059,59.20_59.30_59.40_59.50_59.70_,69_72_35_10_4_,59.10_59.00_58.90_58.80_58.70_,109_107_61_38_73_
11:08:31,59.20,5,2090,59.20_59.30_59.40_59.50_59.70_,80_68_35_10_4_,59.10_59.00_58.90_58.80_58.70_,222_102_61_48_75_
11:08:36,59.20,5,2090,59.20_59.30_59.40_59.50_59.70_,82_68_35_10_4_,59.10_59.00_58.90_58.80_58.70_,222_102_61_48_75_
11:08:41,59.20,1,2091,59.20_59.30_59.40_59.50_59.70_,81_68_35_10_4_,59.10_59.00_58.90_58.80_58.70_,222_102_61_48_75_
11:09:01,59.20,3,2097,59.20_59.30_59.40_59.50_59.70_,75_68_35_10_4_,59.10_59.00_58.90_58.80_58.70_,213_102_61_48_75_
11:09:42,59.20,1,2099,59.20_59.30_59.40_59.50_59.70_,75_68_36_10_4_,59.10_59.00_58.90_58.80_58.70_,107_102_61_48_75_
11:09:57,59.20,1,2099,59.20_59.30_59.40_59.50_59.70_,76_68_36_10_4_,59.10_59.00_58.90_58.80_58.70_,107_102_61_48_75_
11:10:03,59.20,1,2099,59.20_59.30_59.40_59.50_59.70_,76_68_36_10_4_,59.10_59.00_58.90_58.80_58.70_,107_104_61_48_75_
11:10:08,59.20,1,2100,59.20_59.30_59.40_59.50_59.70_,75_68_36_10_4_,59.10_59.00_58.90_58.80_58.70_,107_104_61_48_75_
11:10:54,59.20,1,2101,59.20_59.30_59.40_59.50_59.70_,74_68_36_10_4_,59.10_59.00_58.90_58.80_58.70_,109_104_61_48_75_
11:10:59,59.20,1,2101,59.20_59.30_59.40_59.50_59.70_,78_68_36_10_4_,59.10_59.00_58.90_58.80_58.70_,109_104_61_48_75_
11:12:26,59.20,1,2123,59.20_59.30_59.40_59.50_59.70_,83_68_36_10_4_,59.10_59.00_58.90_58.80_58.70_,179_97_61_48_82_
11:12:47,59.20,20,2150,59.20_59.30_59.40_59.50_59.70_,58_68_36_10_4_,59.10_59.00_58.90_58.80_58.70_,181_97_61_48_82_
11:14:19,59.20,20,2176,59.20_59.30_59.40_59.50_59.70_,53_68_36_10_4_,59.10_59.00_58.90_58.80_58.70_,179_104_61_48_73_
11:14:29,59.20,3,2186,59.20_59.30_59.40_59.50_59.70_,47_68_36_10_4_,59.10_59.00_58.90_58.80_58.70_,177_104_61_48_73_
11:14:39,59.20,1,2187,59.20_59.30_59.40_59.50_59.70_,46_68_36_10_4_,59.10_59.00_58.90_58.80_58.70_,177_104_61_48_73_
11:15:05,59.20,1,2188,59.20_59.30_59.40_59.50_59.70_,45_68_36_10_4_,59.10_59.00_58.90_58.80_58.70_,177_95_61_48_82_
11:15:10,59.20,1,2189,59.20_59.30_59.40_59.50_59.70_,44_68_36_10_4_,59.10_59.00_58.90_58.80_58.70_,176_95_61_48_82_
11:15:21,59.20,1,2189,59.20_59.30_59.40_59.50_59.70_,45_68_36_10_4_,59.10_59.00_58.90_58.80_58.70_,176_95_61_48_82_
11:15:36,59.20,3,2192,59.20_59.30_59.40_59.50_59.70_,42_69_36_10_4_,59.10_59.00_58.90_58.80_58.70_,175_95_61_48_82_
11:15:41,59.20,1,2193,59.20_59.30_59.40_59.50_59.70_,41_69_36_10_4_,59.10_59.00_58.90_58.80_58.70_,174_95_61_48_82_
11:15:46,59.20,1,2193,59.20_59.30_59.40_59.50_59.70_,42_69_36_10_4_,59.10_59.00_58.90_58.80_58.70_,174_95_61_48_82_
11:17:03,59.20,1,2199,59.20_59.30_59.40_59.50_59.70_,37_73_36_10_4_,59.10_59.00_58.90_58.80_58.70_,194_99_62_48_73_
11:18:20,59.20,1,2205,59.20_59.30_59.40_59.50_59.70_,52_69_36_10_4_,59.10_59.00_58.90_58.80_58.70_,199_99_62_48_73_
11:18:30,59.20,1,2205,59.20_59.30_59.40_59.50_59.70_,57_70_36_10_4_,59.10_59.00_58.90_58.80_58.70_,200_99_62_48_73_
11:18:40,59.20,1,2205,59.20_59.30_59.40_59.50_59.70_,57_70_36_10_4_,59.10_59.00_58.90_58.80_58.70_,201_99_62_48_73_
11:19:16,59.20,1,2207,59.20_59.30_59.40_59.50_59.70_,56_70_37_10_4_,59.10_59.00_58.90_58.80_58.70_,200_99_62_48_73_
11:19:32,59.20,1,2207,59.20_59.30_59.40_59.50_59.70_,56_70_37_10_4_,59.10_59.00_58.90_58.80_58.70_,201_99_62_48_73_
11:21:35,59.20,1,2275,59.30_59.40_59.50_59.70_59.80_,80_48_10_4_204_,59.20_59.10_59.00_58.90_58.80_,47_205_99_53_41_
11:22:26,59.30,33,2340,59.30_59.40_59.50_59.70_59.80_,18_54_10_4_210_,59.20_59.10_59.00_58.90_58.80_,156_106_99_53_41_
11:22:31,59.30,16,2356,59.30_59.40_59.50_59.70_59.80_,2_56_10_6_210_,59.20_59.10_59.00_58.90_58.80_,166_106_99_53_41_
11:22:36,59.30,2,2358,59.40_59.50_59.70_59.80_59.90_,56_11_4_210_31_,59.20_59.10_59.00_58.90_58.80_,166_106_99_53_41_
11:22:41,59.40,1,2359,59.40_59.50_59.70_59.80_59.90_,59_11_4_198_31_,59.30_59.20_59.10_59.00_58.90_,20_166_106_90_53_
11:22:46,59.40,1,2359,59.40_59.50_59.70_59.80_59.90_,59_12_4_207_31_,59.30_59.20_59.10_59.00_58.90_,22_155_106_90_55_
11:22:51,59.40,1,2359,59.40_59.50_59.70_59.80_59.90_,59_14_4_207_31_,59.30_59.20_59.10_59.00_58.90_,22_155_107_90_54_
11:22:57,59.40,1,2359,59.40_59.50_59.70_59.80_59.90_,59_15_4_207_31_,59.30_59.20_59.10_59.00_58.90_,22_155_107_90_54_
11:23:38,59.40,3,2364,59.40_59.50_59.70_59.80_59.90_,56_15_4_212_31_,59.30_59.20_59.10_59.00_58.90_,81_89_107_99_54_
11:23:43,59.40,1,2365,59.40_59.50_59.70_59.80_59.90_,55_15_4_211_31_,59.30_59.20_59.10_59.00_58.90_,81_88_107_99_54_
11:23:53,59.40,55,2420,59.50_59.70_59.80_59.90_60.00_,15_4_211_31_19_,59.40_59.30_59.20_59.10_59.00_,46_81_88_107_99_
11:25:00,59.50,1,2426,59.50_59.60_59.70_59.80_59.90_,9_4_4_211_31_,59.40_59.30_59.20_59.10_59.00_,69_23_84_106_101_
11:25:05,59.50,1,2426,59.50_59.60_59.70_59.80_59.90_,9_4_4_211_31_,59.40_59.30_59.20_59.10_59.00_,69_32_114_106_92_
11:25:25,59.50,1,2438,59.60_59.70_59.80_59.90_60.00_,1_7_292_33_19_,59.50_59.40_59.30_59.20_59.10_,12_69_31_94_108_
11:26:47,59.70,3,2453,59.80_59.90_60.00_60.10_60.20_,275_62_21_1_12_,59.70_59.60_59.50_59.40_59.30_,24_63_10_60_19_
11:26:52,59.70,3,2453,59.80_59.90_60.00_60.10_60.20_,305_50_21_1_12_,59.70_59.60_59.50_59.40_59.30_,28_64_9_60_19_
11:26:58,59.70,3,2453,59.80_59.90_60.00_60.10_60.20_,305_64_21_1_12_,59.70_59.60_59.50_59.40_59.30_,28_64_9_60_20_
11:27:08,59.70,1,2455,59.80_59.90_60.00_60.10_60.20_,306_64_21_8_12_,59.70_59.60_59.50_59.40_59.30_,22_50_9_60_20_
11:27:13,59.70,1,2455,59.80_59.90_60.00_60.10_60.20_,311_64_21_8_12_,59.70_59.60_59.50_59.40_59.30_,25_39_9_60_29_
11:27:39,59.70,1,2465,59.80_59.90_60.00_60.10_60.20_,312_64_21_8_12_,59.70_59.60_59.50_59.40_59.30_,16_38_9_70_29_
11:27:59,59.70,1,2467,59.80_59.90_60.00_60.10_60.20_,312_64_21_8_12_,59.70_59.60_59.50_59.40_59.30_,16_37_9_70_29_
11:28:04,59.70,2,2469,59.80_59.90_60.00_60.10_60.20_,312_64_21_8_12_,59.70_59.60_59.50_59.40_59.30_,15_37_9_70_29_
11:28:09,59.70,5,2474,59.80_59.90_60.00_60.10_60.20_,313_64_21_8_12_,59.70_59.60_59.50_59.40_59.30_,10_37_9_70_29_
11:28:14,59.70,5,2474,59.80_59.90_60.00_60.10_60.20_,318_64_21_8_12_,59.70_59.60_59.50_59.40_59.30_,14_37_9_70_29_
11:28:20,59.70,2,2476,59.80_59.90_60.00_60.10_60.20_,318_64_21_8_12_,59.70_59.60_59.50_59.40_59.30_,12_37_9_70_29_
11:28:25,59.70,2,2476,59.80_59.90_60.00_60.10_60.20_,321_64_21_8_12_,59.70_59.60_59.50_59.40_59.30_,12_37_9_70_29_
11:28:55,59.70,10,2488,59.70_59.80_59.90_60.00_60.10_,8_303_67_21_1_,59.60_59.50_59.40_59.30_59.20_,38_9_70_27_88_
11:29:16,59.70,10,2488,59.70_59.80_59.90_60.00_60.10_,17_310_37_21_1_,59.60_59.40_59.30_59.20_59.10_,52_70_27_95_102_
11:29:21,59.70,10,2488,59.70_59.80_59.90_60.00_60.10_,19_307_37_21_1_,59.60_59.40_59.30_59.20_59.10_,51_70_27_95_102_
11:29:47,59.70,10,2488,59.70_59.80_59.90_60.00_60.10_,19_306_35_21_1_,59.60_59.40_59.30_59.20_59.10_,51_70_17_95_102_
11:29:52,59.60,1,2489,59.70_59.80_59.90_60.00_60.10_,19_308_35_21_1_,59.60_59.40_59.30_59.20_59.10_,50_70_17_95_102_
11:30:02,59.60,1,2489,59.70_59.80_59.90_60.00_60.10_,19_308_35_21_1_,59.60_59.40_59.30_59.20_59.10_,51_70_17_95_102_
11:30:27,59.60,1,2489,59.70_59.80_59.90_60.00_60.10_,21_310_35_21_1_,59.60_59.40_59.30_59.20_59.10_,51_70_17_95_102_
11:30:38,59.60,1,2489,59.70_59.80_59.90_60.00_60.10_,21_308_35_21_1_,59.60_59.40_59.30_59.20_59.10_,57_68_17_95_102_
11:30:43,59.60,1,2489,59.70_59.80_59.90_60.00_60.10_,27_308_35_21_1_,59.60_59.40_59.30_59.20_59.10_,57_68_17_95_102_
11:30:53,59.60,1,2490,59.70_59.80_59.90_60.00_60.10_,32_308_35_21_1_,59.60_59.40_59.30_59.20_59.10_,56_68_17_95_102_
11:30:58,59.60,1,2490,59.70_59.80_59.90_60.00_60.10_,32_303_36_21_1_,59.60_59.40_59.30_59.20_59.10_,56_68_17_95_102_
11:33:06,59.60,2,2495,59.70_59.80_59.90_60.00_60.10_,41_302_36_21_1_,59.60_59.50_59.40_59.30_59.20_,63_1_68_16_97_
11:33:22,59.60,2,2495,59.70_59.80_59.90_60.00_60.10_,42_302_36_21_1_,59.60_59.50_59.40_59.30_59.20_,63_1_68_16_97_
11:34:28,59.70,1,2497,59.70_59.80_59.90_60.00_60.10_,44_303_36_21_1_,59.60_59.50_59.40_59.30_59.20_,63_41_68_16_97_
11:34:44,59.60,1,2498,59.70_59.80_59.90_60.00_60.10_,44_304_36_21_1_,59.60_59.50_59.40_59.30_59.20_,62_41_68_16_97_
11:34:49,59.60,1,2498,59.70_59.80_59.90_60.00_60.10_,49_304_36_21_1_,59.60_59.50_59.40_59.30_59.20_,62_41_68_16_97_
11:35:45,59.70,1,2510,59.70_59.80_59.90_60.00_60.10_,56_377_56_21_1_,59.60_59.50_59.40_59.30_59.20_,61_43_65_16_97_
11:36:01,59.70,1,2512,59.70_59.80_59.90_60.00_60.10_,77_356_56_21_1_,59.60_59.50_59.40_59.30_59.20_,59_43_65_16_97_
11:36:06,59.60,3,2515,59.70_59.80_59.90_60.00_60.10_,77_356_56_21_1_,59.60_59.50_59.40_59.30_59.20_,57_43_65_16_97_
11:36:11,59.60,3,2515,59.70_59.80_59.90_60.00_60.10_,77_356_56_21_1_,59.60_59.50_59.40_59.30_59.20_,58_43_65_16_97_
11:36:21,59.60,3,2515,59.70_59.80_59.90_60.00_60.10_,79_356_56_21_1_,59.60_59.50_59.40_59.30_59.20_,58_43_65_16_97_
11:37:07,59.60,2,2517,59.70_59.80_59.90_60.00_60.10_,81_355_56_21_1_,59.60_59.50_59.40_59.30_59.20_,69_43_65_16_97_
11:37:28,59.70,1,2519,59.70_59.80_59.90_60.00_60.10_,79_356_56_21_1_,59.60_59.50_59.40_59.30_59.20_,67_43_65_16_97_
11:37:38,59.70,1,2519,59.70_59.80_59.90_60.00_60.10_,79_356_56_21_1_,59.60_59.50_59.40_59.30_59.20_,68_43_65_16_97_
11:37:53,59.70,1,2519,59.70_59.80_59.90_60.00_60.10_,80_355_56_21_1_,59.60_59.50_59.40_59.30_59.20_,68_43_65_16_97_
11:38:04,59.70,1,2519,59.70_59.80_59.90_60.00_60.10_,81_354_56_21_1_,59.60_59.50_59.40_59.30_59.20_,68_43_65_16_97_
11:38:14,59.60,3,2522,59.70_59.80_59.90_60.00_60.10_,81_354_56_21_1_,59.60_59.50_59.40_59.30_59.20_,65_43_65_16_97_
11:38:19,59.60,3,2522,59.70_59.80_59.90_60.00_60.10_,85_354_56_21_1_,59.60_59.50_59.40_59.30_59.20_,65_43_65_16_97_
11:38:50,59.60,1,2526,59.70_59.80_59.90_60.00_60.10_,83_358_55_21_1_,59.60_59.50_59.40_59.30_59.20_,65_43_65_16_97_
11:39:15,59.70,1,2529,59.70_59.80_59.90_60.00_60.10_,81_357_55_21_1_,59.60_59.50_59.40_59.30_59.20_,62_43_65_16_97_
11:39:56,59.60,1,2530,59.70_59.80_59.90_60.00_60.10_,84_357_55_21_1_,59.60_59.50_59.40_59.30_59.20_,63_43_65_16_97_
11:40:22,59.60,1,2531,59.70_59.80_59.90_60.00_60.10_,84_357_55_21_1_,59.60_59.50_59.40_59.30_59.20_,63_43_66_16_97_
11:40:27,59.70,7,2538,59.70_59.80_59.90_60.00_60.10_,84_357_55_21_1_,59.60_59.50_59.40_59.30_59.20_,63_43_66_16_97_
11:40:32,59.60,1,2539,59.70_59.80_59.90_60.00_60.10_,97_343_55_21_1_,59.60_59.50_59.40_59.30_59.20_,62_43_66_16_97_
11:40:37,59.60,1,2539,59.70_59.80_59.90_60.00_60.10_,97_343_55_21_1_,59.60_59.50_59.40_59.30_59.20_,63_44_66_16_97_
11:40:42,59.70,1,2540,59.70_59.80_59.90_60.00_60.10_,96_343_55_21_1_,59.60_59.50_59.40_59.30_59.20_,62_44_66_16_97_
11:40:53,59.60,3,2543,59.70_59.80_59.90_60.00_60.10_,93_344_55_21_1_,59.60_59.50_59.40_59.30_59.20_,60_44_66_16_97_
11:41:44,59.70,4,2549,59.70_59.80_59.90_60.00_60.10_,89_343_56_21_1_,59.60_59.50_59.40_59.30_59.20_,59_44_66_11_97_
11:41:54,59.70,4,2549,59.70_59.80_59.90_60.00_60.10_,89_344_56_21_1_,59.60_59.50_59.40_59.30_59.20_,59_44_66_11_97_
11:42:20,59.70,4,2549,59.70_59.80_59.90_60.00_60.10_,91_346_56_21_1_,59.60_59.50_59.40_59.30_59.20_,79_44_57_11_97_
11:42:25,59.70,2,2551,59.70_59.80_59.90_60.00_60.10_,90_348_56_21_1_,59.60_59.50_59.40_59.30_59.20_,79_44_66_11_97_
11:42:35,59.70,1,2552,59.70_59.80_59.90_60.00_60.10_,89_348_56_21_1_,59.60_59.50_59.40_59.30_59.20_,79_44_66_11_97_
11:44:33,59.60,21,2602,59.70_59.80_59.90_60.00_60.10_,102_309_53_21_1_,59.60_59.50_59.40_59.30_59.20_,33_44_66_11_97_
11:45:40,59.60,1,2607,59.70_59.80_59.90_60.00_60.10_,102_310_53_21_1_,59.60_59.50_59.40_59.30_59.20_,33_44_68_11_97_
11:47:17,59.60,3,2630,59.70_59.80_59.90_60.00_60.10_,109_311_54_21_1_,59.60_59.50_59.40_59.30_59.20_,12_45_67_11_97_
11:47:33,59.60,3,2630,59.70_59.80_59.90_60.00_60.10_,110_311_54_21_1_,59.60_59.50_59.40_59.30_59.20_,12_45_67_11_97_
11:48:55,59.60,3,2641,59.70_59.80_59.90_60.00_60.10_,108_310_52_21_1_,59.60_59.50_59.40_59.30_59.20_,28_54_67_11_88_
11:49:00,59.60,9,2650,59.70_59.80_59.90_60.00_60.10_,107_310_52_21_1_,59.60_59.50_59.40_59.30_59.20_,19_54_67_11_88_
11:51:03,59.60,1,2671,59.70_59.80_59.90_60.00_60.10_,111_308_52_23_2_,59.50_59.40_59.30_59.20_59.10_,104_66_11_86_101_
11:51:13,59.60,1,2671,59.70_59.80_59.90_60.00_60.10_,116_308_52_23_2_,59.50_59.40_59.30_59.20_59.10_,67_66_11_86_101_
11:52:20,59.50,2,2681,59.60_59.70_59.80_59.90_60.00_,39_84_245_51_18_,59.50_59.40_59.30_59.20_59.10_,131_65_11_95_101_
11:52:25,59.50,2,2681,59.60_59.70_59.80_59.90_60.00_,43_76_245_51_18_,59.50_59.40_59.30_59.20_59.10_,130_65_11_95_101_
11:52:30,59.50,2,2681,59.60_59.70_59.80_59.90_60.00_,46_74_244_51_18_,59.50_59.40_59.30_59.20_59.10_,130_65_11_95_101_
11:52:40,59.50,2,2681,59.60_59.70_59.80_59.90_60.00_,57_74_244_51_18_,59.50_59.40_59.30_59.20_59.10_,131_65_11_95_101_
11:53:26,59.50,1,2682,59.60_59.70_59.80_59.90_60.00_,58_72_246_51_19_,59.50_59.40_59.30_59.20_59.10_,163_65_11_95_101_
11:53:32,59.60,4,2686,59.60_59.70_59.80_59.90_60.00_,56_72_243_51_19_,59.50_59.40_59.30_59.20_59.10_,163_65_11_95_101_
11:53:52,59.50,1,2687,59.60_59.70_59.80_59.90_60.00_,58_72_243_51_19_,59.50_59.40_59.30_59.20_59.10_,163_65_11_95_101_
11:54:23,59.50,1,2689,59.60_59.70_59.80_59.90_60.00_,56_72_249_51_19_,59.50_59.40_59.30_59.20_59.10_,177_65_11_95_101_
11:54:28,59.50,4,2693,59.60_59.70_59.80_59.90_60.00_,56_72_249_51_19_,59.50_59.40_59.30_59.20_59.10_,177_65_11_95_101_
11:57:17,59.60,1,2766,59.70_59.80_59.90_60.00_60.10_,78_280_51_26_2_,59.60_59.50_59.40_59.30_59.20_,134_91_65_11_88_
11:57:22,59.60,1,2766,59.70_59.80_59.90_60.00_60.10_,78_280_51_26_2_,59.60_59.50_59.40_59.30_59.20_,105_91_65_11_88_
11:57:28,59.70,3,2769,59.70_59.80_59.90_60.00_60.10_,75_279_51_26_2_,59.60_59.50_59.40_59.30_59.20_,125_91_65_11_88_
11:57:33,59.70,3,2769,59.70_59.80_59.90_60.00_60.10_,75_279_51_26_2_,59.60_59.50_59.40_59.30_59.20_,134_91_65_2_88_
11:57:38,59.70,3,2769,59.70_59.80_59.90_60.00_60.10_,75_278_51_26_2_,59.60_59.50_59.40_59.30_59.20_,135_91_65_2_88_
11:58:09,59.60,2,2772,59.70_59.80_59.90_60.00_60.10_,78_276_51_26_2_,59.60_59.50_59.40_59.30_59.20_,152_91_65_2_88_
11:59:20,59.60,1,2774,59.70_59.80_59.90_60.00_60.10_,84_277_52_26_2_,59.60_59.50_59.40_59.30_59.20_,144_91_65_11_88_
12:01:39,59.70,1,2781,59.70_59.80_59.90_60.00_60.10_,94_284_51_26_3_,59.60_59.50_59.40_59.30_59.20_,145_88_65_11_88_
12:01:49,59.70,1,2781,59.70_59.80_59.90_60.00_60.10_,108_270_51_26_3_,59.60_59.50_59.40_59.30_59.20_,145_88_65_11_88_
12:01:54,59.70,1,2782,59.70_59.80_59.90_60.00_60.10_,107_270_51_26_3_,59.60_59.50_59.40_59.30_59.20_,144_88_65_11_88_
12:01:59,59.70,1,2782,59.70_59.80_59.90_60.00_60.10_,107_269_51_26_3_,59.60_59.50_59.40_59.30_59.20_,144_88_65_11_88_
12:02:04,59.70,1,2782,59.70_59.80_59.90_60.00_60.10_,107_269_51_26_3_,59.60_59.50_59.40_59.30_59.20_,144_79_65_11_97_
12:02:09,59.70,1,2782,59.70_59.80_59.90_60.00_60.10_,107_270_51_26_3_,59.60_59.50_59.40_59.30_59.20_,144_79_65_11_97_
12:04:23,59.60,1,2795,59.70_59.80_59.90_60.00_60.10_,108_274_52_26_4_,59.60_59.50_59.40_59.30_59.20_,145_79_66_11_97_
12:05:14,59.70,1,2798,59.70_59.80_59.90_60.00_60.10_,106_274_52_26_4_,59.60_59.50_59.40_59.30_59.20_,142_79_66_11_97_
12:05:40,59.70,1,2804,59.70_59.80_59.90_60.00_60.10_,105_274_52_26_4_,59.60_59.50_59.40_59.30_59.20_,145_79_66_11_97_
12:05:50,59.60,1,2805,59.70_59.80_59.90_60.00_60.10_,106_274_52_26_4_,59.60_59.50_59.40_59.30_59.20_,144_79_66_11_97_
12:05:55,59.60,1,2805,59.70_59.80_59.90_60.00_60.10_,106_274_52_26_4_,59.60_59.50_59.40_59.30_59.20_,145_79_66_11_97_
12:06:16,59.60,1,2805,59.70_59.80_59.90_60.00_60.10_,107_276_51_26_4_,59.60_59.50_59.40_59.30_59.20_,145_79_66_11_97_
12:06:21,59.60,1,2805,59.70_59.80_59.90_60.00_60.10_,108_276_51_26_4_,59.60_59.50_59.40_59.30_59.20_,145_79_66_11_97_
12:07:53,59.60,1,2838,59.70_59.80_59.90_60.00_60.10_,95_265_52_26_4_,59.60_59.50_59.40_59.30_59.20_,138_60_65_11_97_
12:08:04,59.70,1,2839,59.70_59.80_59.90_60.00_60.10_,95_265_52_26_4_,59.60_59.50_59.40_59.30_59.20_,137_60_65_11_97_
12:08:09,59.60,1,2840,59.70_59.80_59.90_60.00_60.10_,95_265_52_26_4_,59.60_59.50_59.40_59.30_59.20_,136_60_65_11_97_
12:08:19,59.70,1,2841,59.70_59.80_59.90_60.00_60.10_,95_265_52_26_4_,59.60_59.50_59.40_59.30_59.20_,135_60_65_11_97_
12:09:20,59.70,1,2844,59.70_59.80_59.90_60.00_60.10_,99_268_52_26_4_,59.60_59.50_59.40_59.30_59.20_,135_60_65_11_97_
12:09:46,59.70,1,2844,59.70_59.80_59.90_60.00_60.10_,98_268_52_26_4_,59.60_59.50_59.40_59.30_59.20_,135_64_65_11_93_
12:09:56,59.60,7,2852,59.70_59.80_59.90_60.00_60.10_,94_268_53_26_4_,59.60_59.50_59.40_59.30_59.20_,127_64_65_11_93_
12:10:01,59.60,6,2858,59.70_59.80_59.90_60.00_60.10_,94_268_53_26_4_,59.60_59.50_59.40_59.30_59.20_,128_64_65_11_93_
12:10:06,59.60,11,2869,59.70_59.80_59.90_60.00_60.10_,88_263_53_26_4_,59.60_59.50_59.40_59.30_59.20_,54_64_65_11_93_
12:10:27,59.60,1,2872,59.70_59.80_59.90_60.00_60.10_,87_263_53_26_4_,59.60_59.50_59.40_59.30_59.20_,51_64_65_11_93_
12:12:45,59.60,1,2890,59.70_59.80_59.90_60.00_60.10_,88_256_52_26_4_,59.60_59.50_59.40_59.30_59.20_,34_66_65_11_93_
12:12:50,59.60,1,2891,59.70_59.80_59.90_60.00_60.10_,88_256_52_26_4_,59.60_59.50_59.40_59.30_59.20_,33_66_65_11_93_
12:12:55,59.60,1,2892,59.70_59.80_59.90_60.00_60.10_,87_256_52_26_4_,59.60_59.50_59.40_59.30_59.20_,32_66_65_11_93_
12:13:01,59.60,2,2894,59.70_59.80_59.90_60.00_60.10_,87_253_46_26_4_,59.60_59.50_59.40_59.30_59.20_,30_66_65_11_93_
12:13:06,59.60,2,2894,59.70_59.80_59.90_60.00_60.10_,86_278_78_26_4_,59.60_59.50_59.40_59.30_59.20_,30_66_65_11_93_
12:13:11,59.60,1,2895,59.70_59.80_59.90_60.00_60.10_,86_278_78_26_4_,59.60_59.50_59.40_59.30_59.20_,30_66_65_11_93_
12:13:52,59.70,1,2904,59.70_59.80_59.90_60.00_60.10_,84_279_78_26_4_,59.60_59.50_59.40_59.30_59.20_,26_66_65_11_93_
12:15:14,59.60,4,2913,59.70_59.80_59.90_60.00_60.10_,83_281_78_26_4_,59.60_59.50_59.40_59.30_59.20_,40_71_65_11_93_
12:15:50,59.60,1,2916,59.70_59.80_59.90_60.00_60.10_,83_281_78_26_4_,59.60_59.50_59.40_59.30_59.20_,36_71_65_11_93_
12:16:00,59.60,1,2917,59.70_59.80_59.90_60.00_60.10_,83_280_78_26_4_,59.60_59.50_59.40_59.30_59.20_,35_71_65_11_93_
12:16:05,59.60,1,2918,59.70_59.80_59.90_60.00_60.10_,82_280_78_26_4_,59.60_59.50_59.40_59.30_59.20_,34_71_65_11_93_
12:16:57,59.70,7,2942,59.70_59.80_59.90_60.00_60.10_,62_280_79_26_4_,59.60_59.50_59.40_59.30_59.20_,61_71_65_11_93_
12:17:02,59.70,7,2942,59.70_59.80_59.90_60.00_60.10_,62_280_79_26_4_,59.60_59.50_59.40_59.30_59.20_,68_71_65_11_93_
12:17:12,59.70,1,2943,59.70_59.80_59.90_60.00_60.10_,61_280_79_26_4_,59.60_59.50_59.40_59.30_59.20_,67_71_65_11_93_
12:17:22,59.70,1,2943,59.70_59.80_59.90_60.00_60.10_,65_280_79_26_4_,59.60_59.50_59.40_59.30_59.20_,68_71_65_11_93_
12:19:00,59.60,4,2952,59.70_59.80_59.90_60.00_60.10_,67_283_78_26_4_,59.60_59.50_59.40_59.30_59.20_,67_71_65_11_93_
12:19:51,59.60,4,2952,59.70_59.80_59.90_60.00_60.10_,70_284_78_31_4_,59.60_59.50_59.40_59.30_59.20_,67_71_65_11_93_
12:22:35,59.70,1,2972,59.70_59.80_59.90_60.00_60.10_,66_285_79_31_4_,59.60_59.50_59.40_59.30_59.20_,91_71_56_11_93_
12:23:10,59.60,3,2975,59.70_59.80_59.90_60.00_60.10_,66_285_79_31_4_,59.60_59.50_59.40_59.30_59.20_,88_71_56_11_93_
12:23:16,59.60,5,2980,59.70_59.80_59.90_60.00_60.10_,66_285_79_31_4_,59.60_59.50_59.40_59.30_59.20_,83_71_56_11_93_
12:23:31,59.60,1,2982,59.70_59.80_59.90_60.00_60.10_,66_283_79_31_4_,59.60_59.50_59.40_59.30_59.20_,81_71_56_11_93_
12:23:46,59.60,1,2984,59.70_59.80_59.90_60.00_60.10_,66_283_79_31_4_,59.60_59.50_59.40_59.30_59.20_,80_71_56_11_93_
12:24:02,59.70,1,2985,59.70_59.80_59.90_60.00_60.10_,65_283_79_31_4_,59.60_59.50_59.40_59.30_59.20_,80_71_56_11_93_
12:24:07,59.60,2,2987,59.70_59.80_59.90_60.00_60.10_,65_283_79_31_4_,59.60_59.50_59.40_59.30_59.20_,78_71_56_11_93_
12:24:48,59.60,2,2999,59.70_59.80_59.90_60.00_60.10_,62_284_79_31_4_,59.60_59.50_59.40_59.30_59.20_,94_71_56_11_93_
12:24:53,59.60,2,2999,59.70_59.80_59.90_60.00_60.10_,63_284_79_31_4_,59.60_59.50_59.40_59.30_59.20_,94_71_56_11_93_
12:24:58,59.60,1,3000,59.70_59.80_59.90_60.00_60.10_,63_284_79_31_4_,59.60_59.50_59.40_59.30_59.20_,93_71_56_11_93_
12:25:03,59.60,1,3000,59.70_59.80_59.90_60.00_60.10_,64_284_78_31_4_,59.60_59.50_59.40_59.30_59.20_,93_71_56_11_93_
12:25:09,59.60,1,3001,59.70_59.80_59.90_60.00_60.10_,64_284_78_31_4_,59.60_59.50_59.40_59.30_59.20_,92_71_56_11_93_
12:25:14,59.60,1,3002,59.70_59.80_59.90_60.00_60.10_,63_285_78_31_4_,59.60_59.50_59.40_59.30_59.20_,96_69_65_11_93_
12:25:24,59.70,1,3003,59.70_59.80_59.90_60.00_60.10_,63_285_78_31_4_,59.60_59.50_59.40_59.30_59.20_,95_69_65_11_93_
12:25:44,59.60,2,3008,59.70_59.80_59.90_60.00_60.10_,63_285_78_31_4_,59.60_59.50_59.40_59.30_59.20_,94_69_65_11_93_
12:25:55,59.60,2,3008,59.70_59.80_59.90_60.00_60.10_,63_270_78_31_4_,59.60_59.50_59.40_59.30_59.20_,94_70_65_11_93_
12:26:00,59.60,2,3008,59.70_59.80_59.90_60.00_60.10_,63_285_78_31_4_,59.60_59.50_59.40_59.30_59.20_,94_70_65_11_93_
12:26:10,59.60,2,3008,59.70_59.80_59.90_60.00_60.10_,63_286_77_31_4_,59.60_59.50_59.40_59.30_59.20_,94_70_65_11_93_
12:26:15,59.60,2,3008,59.70_59.80_59.90_60.00_60.10_,62_287_77_31_4_,59.60_59.50_59.40_59.30_59.20_,95_70_65_11_93_
12:26:26,59.60,2,3008,59.70_59.80_59.90_60.00_60.10_,63_287_77_31_4_,59.60_59.50_59.40_59.30_59.20_,95_70_65_11_93_
12:27:37,59.60,4,3016,59.70_59.80_59.90_60.00_60.10_,67_286_77_31_3_,59.60_59.50_59.40_59.30_59.20_,94_74_56_11_93_
12:27:42,59.60,5,3021,59.70_59.80_59.90_60.00_60.10_,67_286_77_31_3_,59.60_59.50_59.40_59.30_59.20_,89_74_56_11_93_
12:29:09,59.60,1,3030,59.70_59.80_59.90_60.00_60.10_,75_285_78_31_3_,59.60_59.50_59.40_59.30_59.20_,83_76_56_11_93_
12:29:20,59.60,3,3033,59.70_59.80_59.90_60.00_60.10_,75_285_78_31_3_,59.60_59.50_59.40_59.30_59.20_,110_76_56_11_93_
12:30:01,59.60,4,3041,59.70_59.80_59.90_60.00_60.10_,72_286_78_31_3_,59.60_59.50_59.40_59.30_59.20_,109_76_56_11_93_
12:30:11,59.60,3,3044,59.70_59.80_59.90_60.00_60.10_,72_286_78_31_3_,59.60_59.50_59.40_59.30_59.20_,107_76_56_11_93_
12:30:52,59.60,1,3050,59.70_59.80_59.90_60.00_60.10_,72_269_78_31_3_,59.60_59.50_59.40_59.30_59.20_,102_76_65_11_93_
12:31:02,59.60,1,3050,59.70_59.80_59.90_60.00_60.10_,73_284_77_31_3_,59.60_59.50_59.40_59.30_59.20_,102_76_65_11_93_
12:32:04,59.70,6,3059,59.70_59.80_59.90_60.00_60.10_,65_285_77_31_3_,59.60_59.50_59.40_59.30_59.20_,101_76_65_11_91_
12:32:19,59.60,1,3069,59.70_59.80_59.90_60.00_60.10_,66_284_77_31_3_,59.60_59.50_59.40_59.30_59.20_,56_76_56_11_91_
12:32:39,59.60,2,3074,59.70_59.80_59.90_60.00_60.10_,71_284_77_31_3_,59.60_59.50_59.40_59.30_59.20_,51_76_56_11_91_
12:32:50,59.60,1,3075,59.70_59.80_59.90_60.00_60.10_,72_284_77_31_3_,59.60_59.50_59.40_59.30_59.20_,50_76_56_11_91_
12:33:25,59.60,1,3076,59.70_59.80_59.90_60.00_60.10_,71_285_77_31_3_,59.60_59.50_59.40_59.30_59.20_,49_76_56_11_91_
12:34:12,59.60,1,3083,59.70_59.80_59.90_60.00_60.10_,77_284_78_31_2_,59.60_59.50_59.40_59.30_59.20_,108_80_65_11_91_
12:34:22,59.60,1,3084,59.70_59.80_59.90_60.00_60.10_,77_284_78_31_2_,59.60_59.50_59.40_59.30_59.20_,107_80_65_11_91_
12:34:27,59.60,1,3085,59.70_59.80_59.90_60.00_60.10_,77_284_78_31_2_,59.60_59.50_59.40_59.30_59.20_,106_80_65_11_91_
12:34:32,59.70,1,3086,59.70_59.80_59.90_60.00_60.10_,74_283_78_31_2_,59.60_59.50_59.40_59.30_59.20_,105_80_65_11_91_
12:34:42,59.60,4,3090,59.70_59.80_59.90_60.00_60.10_,80_283_78_31_2_,59.60_59.50_59.40_59.30_59.20_,107_76_65_11_91_
12:34:48,59.60,2,3092,59.70_59.80_59.90_60.00_60.10_,80_283_78_31_2_,59.60_59.50_59.40_59.30_59.20_,105_76_65_11_91_
12:35:29,59.60,1,3094,59.70_59.80_59.90_60.00_60.10_,84_283_78_31_2_,59.60_59.50_59.40_59.30_59.20_,103_76_65_11_91_
12:35:54,59.60,1,3094,59.70_59.80_59.90_60.00_60.10_,84_283_78_31_2_,59.60_59.50_59.40_59.30_59.20_,107_76_65_11_91_
12:37:11,59.60,1,3103,59.70_59.80_59.90_60.00_60.10_,83_286_78_31_2_,59.60_59.50_59.40_59.30_59.20_,100_75_65_11_91_
12:37:52,59.60,1,3106,59.70_59.80_59.90_60.00_60.10_,81_286_78_31_2_,59.60_59.50_59.40_59.30_59.20_,97_75_65_11_91_
12:39:29,59.70,2,3117,59.70_59.80_59.90_60.00_60.10_,81_284_78_31_2_,59.60_59.50_59.40_59.30_59.20_,90_75_65_11_91_
12:39:50,59.70,2,3117,59.70_59.80_59.90_60.00_60.10_,82_284_78_31_2_,59.60_59.50_59.40_59.30_59.20_,90_75_65_11_91_
12:43:30,59.70,1,3164,59.70_59.80_59.90_60.00_60.10_,74_286_79_32_3_,59.60_59.50_59.40_59.30_59.20_,77_75_65_11_91_
12:43:41,59.70,4,3168,59.70_59.80_59.90_60.00_60.10_,79_285_79_32_3_,59.60_59.50_59.40_59.30_59.20_,77_75_65_11_91_
12:44:32,59.70,1,3173,59.70_59.80_59.90_60.00_60.10_,77_285_79_32_3_,59.60_59.50_59.40_59.30_59.20_,108_76_65_11_91_
12:44:52,59.70,4,3177,59.70_59.80_59.90_60.00_60.10_,74_285_79_32_3_,59.60_59.50_59.40_59.30_59.20_,118_76_65_11_91_
12:46:19,59.70,1,3194,59.70_59.80_59.90_60.00_60.10_,62_283_80_32_3_,59.60_59.50_59.40_59.30_59.20_,119_83_65_11_82_
12:47:11,59.70,2,3208,59.70_59.80_59.90_60.00_60.10_,54_285_80_32_3_,59.60_59.50_59.40_59.30_59.20_,117_84_65_11_82_
12:47:26,59.70,1,3209,59.70_59.80_59.90_60.00_60.10_,54_285_80_32_3_,59.60_59.50_59.40_59.30_59.20_,117_84_65_11_82_
12:48:07,59.70,1,3219,59.70_59.80_59.90_60.00_60.10_,52_286_79_32_3_,59.60_59.50_59.40_59.30_59.20_,68_75_65_11_91_
12:48:12,59.70,2,3221,59.70_59.80_59.90_60.00_60.10_,50_286_79_32_3_,59.60_59.50_59.40_59.30_59.20_,68_75_65_11_91_
12:48:28,59.70,2,3223,59.70_59.80_59.90_60.00_60.10_,48_286_79_32_3_,59.60_59.50_59.40_59.30_59.20_,68_75_65_11_91_
12:48:33,59.70,2,3223,59.70_59.80_59.90_60.00_60.10_,46_289_79_32_3_,59.60_59.50_59.40_59.30_59.20_,68_75_65_11_91_
12:48:58,59.70,1,3225,59.70_59.80_59.90_60.00_60.10_,46_289_79_32_4_,59.60_59.50_59.40_59.30_59.20_,70_84_65_11_82_
12:49:08,59.70,1,3225,59.70_59.80_59.90_60.00_60.10_,46_289_79_32_4_,59.60_59.50_59.40_59.30_59.20_,90_84_65_11_82_
12:49:14,59.70,5,3230,59.70_59.80_59.90_60.00_60.10_,41_289_79_32_4_,59.60_59.50_59.40_59.30_59.20_,90_84_65_11_82_
12:49:19,59.70,1,3231,59.70_59.80_59.90_60.00_60.10_,40_289_79_32_4_,59.60_59.50_59.40_59.30_59.20_,125_84_65_11_82_
12:50:05,59.70,1,3236,59.70_59.80_59.90_60.00_60.10_,53_288_79_32_4_,59.60_59.50_59.40_59.30_59.20_,144_84_65_11_82_
12:52:28,59.70,1,3264,59.70_59.80_59.90_60.00_60.10_,33_289_80_32_4_,59.60_59.50_59.40_59.30_59.20_,143_88_65_11_82_
12:52:38,59.70,1,3264,59.70_59.80_59.90_60.00_60.10_,33_288_80_32_4_,59.60_59.50_59.40_59.30_59.20_,143_88_65_11_82_
12:52:49,59.70,1,3266,59.70_59.80_59.90_60.00_60.10_,31_289_80_32_4_,59.60_59.50_59.40_59.30_59.20_,143_88_65_11_82_
12:53:24,59.80,86,3406,59.80_59.90_60.00_60.10_60.20_,170_81_32_4_13_,59.60_59.50_59.40_59.30_59.20_,142_88_19_12_82_
12:53:50,59.80,1,3408,59.80_59.90_60.00_60.10_60.20_,214_103_32_4_13_,59.70_59.60_59.50_59.40_59.30_,2_130_89_19_12_
12:53:55,59.80,1,3409,59.80_59.90_60.00_60.10_60.20_,210_103_32_4_13_,59.70_59.60_59.50_59.40_59.30_,2_132_88_19_11_
12:54:00,59.80,1,3409,59.80_59.90_60.00_60.10_60.20_,210_103_32_4_13_,59.70_59.60_59.50_59.40_59.30_,2_133_87_19_11_
12:54:06,59.80,1,3410,59.80_59.90_60.00_60.10_60.20_,209_103_32_4_13_,59.70_59.60_59.50_59.40_59.30_,2_138_87_19_11_
12:54:11,59.80,1,3410,59.80_59.90_60.00_60.10_60.20_,218_103_32_4_13_,59.70_59.60_59.50_59.40_59.30_,13_102_87_19_11_
12:54:16,59.80,1,3410,59.80_59.90_60.00_60.10_60.20_,218_103_32_4_13_,59.70_59.60_59.50_59.40_59.30_,18_98_86_19_11_
12:54:21,59.80,1,3411,59.80_59.90_60.00_60.10_60.20_,217_103_32_4_13_,59.70_59.60_59.50_59.40_59.30_,18_98_86_19_11_
12:54:31,59.80,1,3412,59.80_59.90_60.00_60.10_60.20_,215_104_32_4_13_,59.70_59.60_59.50_59.40_59.30_,19_98_86_19_11_
12:56:14,59.80,1,3433,59.80_59.90_60.00_60.10_60.20_,209_105_30_4_13_,59.70_59.60_59.50_59.40_59.30_,63_89_86_19_11_
12:56:24,59.80,1,3434,59.80_59.90_60.00_60.10_60.20_,208_105_31_4_13_,59.70_59.60_59.50_59.40_59.30_,63_89_86_19_11_
12:58:17,59.80,1,3445,59.80_59.90_60.00_60.10_60.20_,296_105_32_4_13_,59.70_59.60_59.50_59.40_59.30_,63_90_82_19_11_
12:59:23,59.80,1,3463,59.80_59.90_60.00_60.10_60.20_,323_104_31_4_13_,59.70_59.60_59.50_59.40_59.30_,74_95_82_19_11_
12:59:39,59.80,2,3465,59.80_59.90_60.00_60.10_60.20_,321_104_31_4_13_,59.70_59.60_59.50_59.40_59.30_,74_95_82_19_11_
12:59:54,59.80,1,3466,59.80_59.90_60.00_60.10_60.20_,320_104_31_4_13_,59.70_59.60_59.50_59.40_59.30_,74_95_82_19_11_
13:00:04,59.80,1,3466,59.80_59.90_60.00_60.10_60.20_,320_104_31_4_13_,59.70_59.60_59.50_59.40_59.30_,75_95_82_19_11_
13:00:09,59.80,1,3467,59.80_59.90_60.00_60.10_60.20_,320_104_31_4_13_,59.70_59.60_59.50_59.40_59.30_,75_95_82_19_11_
13:00:15,59.80,1,3468,59.80_59.90_60.00_60.10_60.20_,319_104_31_4_13_,59.70_59.60_59.50_59.40_59.30_,75_95_82_19_11_
13:00:20,59.80,1,3469,59.80_59.90_60.00_60.10_60.20_,318_104_31_4_13_,59.70_59.60_59.50_59.40_59.30_,94_95_82_19_11_
13:00:25,59.70,4,3473,59.80_59.90_60.00_60.10_60.20_,318_104_31_4_13_,59.70_59.60_59.50_59.40_59.30_,92_95_82_19_11_
13:00:30,59.80,1,3474,59.80_59.90_60.00_60.10_60.20_,317_105_32_4_13_,59.70_59.60_59.50_59.40_59.30_,92_95_82_19_11_
13:00:35,59.80,1,3474,59.80_59.90_60.00_60.10_60.20_,317_105_32_4_13_,59.70_59.60_59.50_59.40_59.30_,95_91_82_19_11_
13:00:40,59.80,1,3475,59.80_59.90_60.00_60.10_60.20_,317_105_32_4_13_,59.70_59.60_59.50_59.40_59.30_,95_91_82_19_11_
13:00:45,59.80,1,3475,59.80_59.90_60.00_60.10_60.20_,318_107_32_4_13_,59.70_59.60_59.50_59.40_59.30_,95_91_82_19_11_
13:00:50,59.80,1,3476,59.80_59.90_60.00_60.10_60.20_,318_107_32_4_13_,59.70_59.60_59.50_59.40_59.30_,96_91_82_19_11_
13:01:06,59.80,1,3477,59.80_59.90_60.00_60.10_60.20_,319_107_32_4_28_,59.70_59.60_59.50_59.40_59.30_,96_91_82_19_11_
13:03:29,59.80,1,3506,59.80_59.90_60.00_60.10_60.20_,320_106_26_4_28_,59.70_59.60_59.50_59.40_59.30_,107_100_75_19_2_
13:03:34,59.70,2,3508,59.80_59.90_60.00_60.10_60.20_,320_106_26_4_28_,59.70_59.60_59.50_59.40_59.30_,105_100_75_19_2_
13:03:39,59.80,2,3510,59.80_59.90_60.00_60.10_60.20_,322_106_26_4_28_,59.70_59.60_59.50_59.40_59.30_,104_100_75_19_2_
13:03:45,59.80,30,3540,59.80_59.90_60.00_60.10_60.20_,292_106_26_4_28_,59.70_59.60_59.50_59.40_59.30_,104_100_75_19_2_
13:03:50,59.80,1,3541,59.80_59.90_60.00_60.10_60.20_,288_106_26_4_28_,59.70_59.60_59.50_59.40_59.30_,105_100_75_19_2_
13:03:55,59.80,1,3541,59.80_59.90_60.00_60.10_60.20_,302_106_26_4_28_,59.70_59.60_59.50_59.40_59.30_,105_100_75_19_2_
13:04:00,59.80,5,3546,59.80_59.90_60.00_60.10_60.20_,297_106_26_4_28_,59.70_59.60_59.50_59.40_59.30_,105_100_75_19_2_
13:04:05,59.70,1,3547,59.80_59.90_60.00_60.10_60.20_,283_106_25_4_28_,59.70_59.60_59.50_59.40_59.30_,104_100_75_19_2_
13:04:10,59.80,1,3548,59.80_59.90_60.00_60.10_60.20_,301_106_25_4_28_,59.70_59.60_59.50_59.40_59.30_,104_100_75_19_2_
13:04:41,59.80,1,3552,59.80_59.90_60.00_60.10_60.20_,320_106_25_4_28_,59.70_59.60_59.50_59.40_59.30_,112_100_75_19_2_
13:04:46,59.80,1,3553,59.80_59.90_60.00_60.10_60.20_,319_106_25_4_28_,59.70_59.60_59.50_59.40_59.30_,112_100_75_19_2_
13:05:02,59.80,2,3555,59.80_59.90_60.00_60.10_60.20_,318_106_25_4_28_,59.70_59.60_59.50_59.40_59.30_,112_100_75_19_2_
13:05:07,59.70,2,3557,59.80_59.90_60.00_60.10_60.20_,318_106_25_4_28_,59.70_59.60_59.50_59.40_59.30_,110_91_75_19_11_
13:05:22,59.70,1,3559,59.80_59.90_60.00_60.10_60.20_,322_193_25_4_28_,59.70_59.60_59.50_59.40_59.30_,111_91_75_19_11_
13:05:43,59.80,1,3565,59.80_59.90_60.00_60.10_60.20_,323_193_25_4_28_,59.70_59.60_59.50_59.40_59.30_,111_100_75_19_2_
13:05:58,59.70,7,3572,59.80_59.90_60.00_60.10_60.20_,323_193_25_4_28_,59.70_59.60_59.50_59.40_59.30_,106_100_75_19_2_
13:06:55,59.80,5,3586,59.80_59.90_60.00_60.10_60.20_,321_193_26_4_28_,59.70_59.60_59.50_59.40_59.30_,102_100_75_19_2_
13:07:20,59.80,1,3590,59.80_59.90_60.00_60.10_60.20_,313_193_26_4_28_,59.70_59.60_59.50_59.40_59.30_,102_91_75_19_11_
13:07:36,59.80,1,3593,59.80_59.90_60.00_60.10_60.20_,310_195_26_4_28_,59.70_59.60_59.50_59.40_59.30_,101_91_75_19_11_
13:07:41,59.70,3,3596,59.80_59.90_60.00_60.10_60.20_,306_194_26_4_28_,59.70_59.60_59.50_59.40_59.30_,98_91_75_19_11_
13:07:46,59.80,1,3597,59.80_59.90_60.00_60.10_60.20_,305_194_26_4_28_,59.70_59.60_59.50_59.40_59.30_,98_91_76_19_11_
13:08:27,59.70,5,3627,59.80_59.90_60.00_60.10_60.20_,313_194_25_4_28_,59.70_59.60_59.50_59.40_59.30_,117_91_77_19_11_
13:08:32,59.80,2,3629,59.80_59.90_60.00_60.10_60.20_,313_194_25_4_28_,59.70_59.60_59.50_59.40_59.30_,116_91_77_19_11_
13:08:42,59.70,1,3630,59.80_59.90_60.00_60.10_60.20_,313_193_25_4_28_,59.70_59.60_59.50_59.40_59.30_,116_91_77_19_11_
13:08:47,59.80,1,3631,59.80_59.90_60.00_60.10_60.20_,312_193_25_4_28_,59.70_59.60_59.50_59.40_59.30_,116_91_77_19_11_
13:08:53,59.80,1,3632,59.80_59.90_60.00_60.10_60.20_,311_193_25_4_28_,59.70_59.60_59.50_59.40_59.30_,116_91_77_19_11_
13:09:59,59.80,1,3660,59.80_59.90_60.00_60.10_60.20_,326_193_25_4_28_,59.70_59.60_59.50_59.40_59.30_,110_90_67_19_11_
13:10:04,59.70,15,3675,59.80_59.90_60.00_60.10_60.20_,326_193_25_4_28_,59.70_59.60_59.50_59.40_59.30_,95_90_67_19_11_
13:10:14,59.80,3,3679,59.80_59.90_60.00_60.10_60.20_,325_193_25_4_28_,59.70_59.60_59.50_59.40_59.30_,96_90_67_19_11_
13:11:21,59.70,1,3710,59.80_59.90_60.00_60.10_60.20_,317_193_26_4_28_,59.70_59.60_59.50_59.40_59.30_,78_90_67_19_11_
13:11:26,59.80,3,3713,59.80_59.90_60.00_60.10_60.20_,314_193_26_4_28_,59.70_59.60_59.50_59.40_59.30_,78_90_67_19_11_
13:11:31,59.70,6,3719,59.80_59.90_60.00_60.10_60.20_,319_194_26_4_28_,59.70_59.60_59.50_59.40_59.30_,73_90_67_19_11_
13:11:37,59.70,6,3719,59.80_59.90_60.00_60.10_60.20_,288_194_26_4_28_,59.70_59.60_59.50_59.40_59.30_,73_90_67_19_11_
13:13:34,59.70,5,3791,59.80_59.90_60.00_60.10_60.20_,301_194_27_4_28_,59.70_59.60_59.50_59.40_59.30_,32_94_76_19_11_
13:13:45,59.70,1,3793,59.80_59.90_60.00_60.10_60.20_,338_194_27_4_28_,59.70_59.60_59.50_59.40_59.30_,42_94_76_19_11_
13:14:16,59.80,1,3806,59.80_59.90_60.00_60.10_60.20_,339_194_27_5_29_,59.70_59.60_59.50_59.40_59.30_,35_94_67_19_11_
13:14:26,59.80,6,3815,59.80_59.90_60.00_60.10_60.20_,330_194_27_5_29_,59.70_59.60_59.50_59.40_59.30_,35_94_67_19_11_
13:14:31,59.80,1,3816,59.80_59.90_60.00_60.10_60.20_,329_194_27_5_29_,59.70_59.60_59.50_59.40_59.30_,35_94_76_19_11_
13:15:27,59.80,6,3847,59.80_59.90_60.00_60.10_60.20_,323_194_26_4_29_,59.70_59.60_59.50_59.40_59.30_,22_95_69_19_11_
13:16:03,59.70,1,3854,59.80_59.90_60.00_60.10_60.20_,320_194_26_4_29_,59.70_59.60_59.50_59.40_59.30_,21_95_68_19_11_
13:19:43,59.70,1,3941,59.70_59.80_59.90_60.00_60.10_,61_314_106_26_4_,59.60_59.50_59.40_59.30_59.20_,84_67_21_11_90_
13:19:48,59.60,30,3971,59.70_59.80_59.90_60.00_60.10_,64_311_106_26_4_,59.60_59.50_59.40_59.30_59.20_,56_67_21_11_90_
13:20:55,59.70,2,3998,59.70_59.80_59.90_60.00_60.10_,48_310_106_26_4_,59.60_59.50_59.40_59.30_59.20_,59_67_10_11_90_
13:21:21,59.70,16,4015,59.70_59.80_59.90_60.00_60.10_,32_310_106_26_4_,59.60_59.50_59.40_59.30_59.20_,60_77_13_11_90_
13:21:41,59.70,1,4021,59.70_59.80_59.90_60.00_60.10_,28_310_106_26_4_,59.60_59.50_59.40_59.30_59.20_,59_77_13_11_90_
13:21:46,59.70,3,4024,59.70_59.80_59.90_60.00_60.10_,25_310_106_26_4_,59.60_59.50_59.40_59.30_59.20_,59_77_13_11_90_
13:21:51,59.70,4,4028,59.70_59.80_59.90_60.00_60.10_,21_310_106_26_4_,59.60_59.50_59.40_59.30_59.20_,89_77_10_11_90_
13:21:57,59.70,1,4029,59.70_59.80_59.90_60.00_60.10_,21_312_106_26_4_,59.60_59.50_59.40_59.30_59.20_,89_77_10_11_90_
13:22:07,59.70,1,4029,59.70_59.80_59.90_60.00_60.10_,23_310_106_26_4_,59.60_59.50_59.40_59.30_59.20_,89_77_10_11_90_
13:23:54,59.70,2,4074,59.80_59.90_60.00_60.10_60.20_,319_106_26_4_29_,59.70_59.60_59.50_59.40_59.30_,53_72_77_60_12_
13:24:00,59.70,1,4075,59.80_59.90_60.00_60.10_60.20_,467_105_26_4_29_,59.70_59.60_59.50_59.40_59.30_,52_72_77_60_12_
13:24:05,59.80,6,4081,59.80_59.90_60.00_60.10_60.20_,314_105_26_4_29_,59.70_59.60_59.50_59.40_59.30_,48_72_77_69_12_
13:24:10,59.70,10,4091,59.80_59.90_60.00_60.10_60.20_,464_105_26_4_45_,59.70_59.60_59.50_59.40_59.30_,38_72_77_69_12_
13:25:04,59.70,2,4132,59.80_59.90_60.00_60.10_60.20_,257_59_26_4_46_,59.60_59.50_59.40_59.30_59.20_,59_72_60_3_144_
13:26:11,59.70,2,4132,59.80_59.90_60.00_60.10_60.20_,594_23_26_4_46_,59.50_59.40_59.30_59.20_59.10_,11_436_379_520_237_
13:26:16,59.70,2,4132,59.70_59.80_59.90_60.00_60.10_,1_594_23_26_4_,59.50_59.40_59.30_59.20_59.10_,1_436_379_520_537_
13:28:14,59.70,2,4132,59.70_59.80_59.90_60.00_60.10_,1_590_23_36_4_,59.50_59.40_59.30_59.20_59.10_,30_533_379_576_539_
13:29:15,59.70,2,4132,59.70_59.80_59.90_60.00_60.10_,2_590_23_36_4_,59.50_59.40_59.30_59.20_59.10_,30_600_445_642_605_
13:30:00,59.50,833,4965,59.70_59.80_59.90_60.00_60.10_,2_590_23_36_4_,59.50_59.40_59.30_59.20_59.10_,126_600_445_642_605_
