13:02:23,162.50,1,1752,163.00_163.50_164.00_164.50_165.00_,28_34_23_22_49_,162.50_162.00_161.50_161.00_160.50_,29_124_54_96_18_
13:02:33,162.50,1,1753,163.00_163.50_164.00_164.50_165.00_,27_34_23_22_49_,162.50_162.00_161.50_161.00_160.50_,28_124_54_96_18_
13:03:29,162.50,1,1755,163.00_163.50_164.00_164.50_165.00_,29_34_25_22_49_,162.50_162.00_161.50_161.00_160.50_,29_122_54_96_18_
13:03:40,162.50,1,1755,163.00_163.50_164.00_164.50_165.00_,24_34_25_22_49_,162.50_162.00_161.50_161.00_160.50_,29_122_54_96_18_
13:03:45,162.50,1,1755,163.00_163.50_164.00_164.50_165.00_,25_34_25_22_49_,162.50_162.00_161.50_161.00_160.50_,29_122_54_96_18_
13:04:21,162.50,1,1766,163.00_163.50_164.00_164.50_165.00_,31_34_23_22_49_,162.50_162.00_161.50_161.00_160.50_,20_122_53_96_18_
13:06:19,162.50,1,1771,163.00_163.50_164.00_164.50_165.00_,30_34_25_22_49_,162.50_162.00_161.50_161.00_160.50_,19_122_50_96_18_
13:08:22,162.00,1,1793,162.50_163.00_163.50_164.00_164.50_,18_31_30_15_20_,162.00_161.50_161.00_160.50_160.00_,111_58_95_22_64_
13:09:13,162.50,1,1794,162.50_163.00_163.50_164.00_164.50_,18_31_30_15_20_,162.00_161.50_161.00_160.50_160.00_,112_58_95_23_64_
13:09:18,162.50,1,1794,162.50_163.00_163.50_164.00_164.50_,18_31_32_15_20_,162.00_161.50_161.00_160.50_160.00_,112_58_95_23_64_
13:15:11,162.00,1,1830,162.50_163.00_163.50_164.00_164.50_,37_31_27_14_19_,162.00_161.50_161.00_160.50_160.00_,94_63_104_21_66_
13:16:39,162.00,5,1841,162.50_163.00_163.50_164.00_164.50_,37_31_19_14_19_,162.00_161.50_161.00_160.50_160.00_,86_45_104_21_66_
13:18:26,162.50,1,1854,162.50_163.00_163.50_164.00_164.50_,28_32_20_14_18_,162.00_161.50_161.00_160.50_160.00_,87_49_103_21_67_
13:20:24,162.50,1,1863,162.50_163.00_163.50_164.00_164.50_,25_32_19_22_18_,162.00_161.50_161.00_160.50_160.00_,91_47_103_21_68_
13:20:29,162.50,1,1863,162.50_163.00_163.50_164.00_164.50_,27_32_19_22_18_,162.00_161.50_161.00_160.50_160.00_,91_47_103_21_68_
13:20:39,162.50,1,1863,162.50_163.00_163.50_164.00_164.50_,27_32_19_22_18_,162.00_161.50_161.00_160.50_160.00_,92_47_103_21_68_
13:20:45,162.50,2,1865,162.50_163.00_163.50_164.00_164.50_,28_32_19_22_18_,162.00_161.50_161.00_160.50_160.00_,92_47_103_21_68_
13:21:20,162.50,2,1872,162.50_163.00_163.50_164.00_164.50_,29_29_19_22_18_,162.00_161.50_161.00_160.50_160.00_,92_47_103_21_68_
13:21:56,162.50,1,1875,162.50_163.00_163.50_164.00_164.50_,27_29_19_22_19_,162.00_161.50_161.00_160.50_160.00_,94_47_103_21_68_
13:22:22,162.50,2,1877,162.50_163.00_163.50_164.00_164.50_,30_27_25_22_19_,162.00_161.50_161.00_160.50_160.00_,93_78_103_21_68_
13:22:27,162.50,1,1878,162.50_163.00_163.50_164.00_164.50_,29_27_25_22_19_,162.00_161.50_161.00_160.50_160.00_,91_78_103_21_68_
13:23:03,162.50,1,1880,162.50_163.00_163.50_164.00_164.50_,27_27_25_22_19_,162.00_161.50_161.00_160.50_160.00_,93_77_103_21_69_
13:23:13,162.50,3,1885,162.50_163.00_163.50_164.00_164.50_,23_27_25_22_19_,162.00_161.50_161.00_160.50_160.00_,91_77_103_21_69_
13:23:54,162.50,1,1894,162.50_163.00_163.50_164.00_164.50_,30_22_25_22_19_,162.00_161.50_161.00_160.50_160.00_,86_76_131_49_97_
13:23:59,162.50,1,1894,162.50_163.00_163.50_164.00_164.50_,30_22_25_22_19_,162.00_161.50_161.00_160.50_160.00_,87_76_131_49_97_
13:24:04,162.50,1,1895,162.50_163.00_163.50_164.00_164.50_,29_22_25_22_19_,162.00_161.50_161.00_160.50_160.00_,86_76_131_49_97_
13:26:03,162.00,1,1907,163.50_164.00_164.50_165.00_165.50_,30_23_14_43_20_,163.00_162.50_162.00_161.50_161.00_,2_2_68_54_252_
13:26:08,162.00,1,1907,163.50_164.00_164.50_165.00_165.50_,30_23_14_43_20_,163.00_162.50_162.00_161.50_161.00_,2_3_68_54_252_
13:28:06,162.00,1,1907,163.00_163.50_164.00_164.50_165.00_,1_26_22_14_43_,162.50_162.00_161.50_161.00_160.50_,9_70_54_251_118_
13:28:11,162.00,1,1907,163.50_164.00_164.50_165.00_165.50_,26_22_14_43_20_,163.00_162.50_162.00_161.50_161.00_,4_9_70_54_252_
13:28:16,162.00,1,1907,163.50_164.00_164.50_165.00_165.50_,26_22_14_43_20_,163.00_162.50_162.00_161.50_161.00_,5_9_70_54_252_
13:28:22,162.00,1,1907,163.50_164.00_164.50_165.00_165.50_,26_23_14_43_20_,163.00_162.50_162.00_161.50_161.00_,4_9_70_54_252_
13:28:27,162.00,1,1907,163.50_164.00_164.50_165.00_165.50_,26_23_14_43_20_,163.00_162.50_162.00_161.50_161.00_,6_10_68_53_252_
13:28:32,162.00,1,1907,163.50_164.00_164.50_165.00_165.50_,26_23_14_43_20_,163.00_162.50_162.00_161.50_161.00_,6_11_68_53_252_
13:28:37,162.00,1,1907,163.50_164.00_164.50_165.00_165.50_,26_23_14_43_20_,163.00_162.50_162.00_161.50_161.00_,9_11_68_53_252_
13:28:52,162.00,1,1907,163.50_164.00_164.50_165.00_165.50_,27_23_14_43_20_,163.00_162.50_162.00_161.50_161.00_,5_13_68_53_252_
13:30:00,163.00,126,2033,163.00_163.50_164.00_164.50_165.00_,42_27_23_14_43_,162.50_162.00_161.50_161.00_160.50_,14_70_97_252_118_
09:00:36,164.00,1,36,164.50_165.00_165.50_166.00_166.50_,4_13_4_13_11_,164.00_163.50_163.00_162.50_162.00_,13_2_23_6_21_
09:00:52,164.00,1,37,164.50_165.00_165.50_166.00_166.50_,8_15_5_11_11_,164.00_163.50_163.00_162.50_162.00_,13_2_23_6_21_
09:00:57,164.00,1,38,164.50_165.00_165.50_166.00_166.50_,8_15_5_11_11_,164.00_163.50_163.00_162.50_162.00_,12_2_23_6_22_
09:00:57,164.00,1,38,164.50_165.00_165.50_166.00_166.50_,8_15_5_11_11_,164.00_163.50_163.00_162.50_162.00_,12_2_23_6_22_
09:01:18,164.50,1,46,164.50_165.00_165.50_166.00_166.50_,3_24_8_11_11_,164.00_163.50_163.00_162.50_162.00_,13_2_33_6_22_
09:01:53,164.00,1,56,164.50_165.00_165.50_166.00_166.50_,1_27_5_15_11_,164.00_163.50_163.00_162.50_162.00_,12_1_33_7_26_
09:03:15,164.00,1,89,164.50_165.00_165.50_166.00_166.50_,7_40_7_11_11_,164.00_163.50_163.00_162.50_162.00_,9_1_35_10_28_
09:05:34,162.00,2,167,162.50_163.00_163.50_164.00_164.50_,4_10_15_12_4_,162.00_161.50_161.00_160.50_160.00_,35_15_14_6_21_
09:05:39,162.00,2,169,162.50_163.00_163.50_164.00_164.50_,10_33_2_13_4_,162.00_161.50_161.00_160.50_160.00_,39_5_22_10_21_
09:07:11,162.00,1,189,162.50_163.00_163.50_164.00_164.50_,9_30_3_14_5_,162.00_161.50_161.00_160.50_160.00_,16_6_32_12_26_
09:07:27,162.00,1,191,162.50_163.00_163.50_164.00_164.50_,12_28_3_13_5_,162.00_161.50_161.00_160.50_160.00_,18_6_32_13_26_
09:07:37,162.50,1,193,162.50_163.00_163.50_164.00_164.50_,11_28_3_13_5_,162.00_161.50_161.00_160.50_160.00_,18_7_32_13_26_
09:11:38,163.00,1,223,163.00_163.50_164.00_164.50_165.00_,6_20_30_14_21_,162.50_162.00_161.50_161.00_160.50_,3_32_22_33_12_
09:12:50,163.00,1,232,163.50_164.00_164.50_165.00_165.50_,13_36_14_22_6_,162.50_162.00_161.50_161.00_160.50_,7_36_23_26_12_
09:12:55,163.00,1,232,163.50_164.00_164.50_165.00_165.50_,13_36_14_22_6_,162.50_162.00_161.50_161.00_160.50_,8_36_23_26_12_
09:13:25,162.50,1,233,163.50_164.00_164.50_165.00_165.50_,13_36_14_22_6_,162.50_162.00_161.50_161.00_160.50_,8_36_23_26_12_
09:13:51,162.50,1,233,163.50_164.00_164.50_165.00_165.50_,13_36_14_23_6_,162.50_162.00_161.50_161.00_160.50_,9_36_23_26_12_
09:14:01,162.50,1,234,163.50_164.00_164.50_165.00_165.50_,13_36_14_23_6_,162.50_162.00_161.50_161.00_160.50_,8_36_23_26_12_
09:14:12,162.50,1,234,163.50_164.00_164.50_165.00_165.50_,13_36_14_23_6_,162.50_162.00_161.50_161.00_160.50_,8_36_27_26_12_
09:14:37,162.50,1,234,163.50_164.00_164.50_165.00_165.50_,14_37_14_24_6_,162.50_162.00_161.50_161.00_160.50_,14_36_27_26_12_
09:16:15,163.00,1,240,163.00_163.50_164.00_164.50_165.00_,15_24_30_14_24_,162.50_162.00_161.50_161.00_160.50_,17_31_27_32_12_
09:16:30,163.00,1,240,163.00_163.50_164.00_164.50_165.00_,15_23_30_14_24_,162.50_162.00_161.50_161.00_160.50_,18_31_27_32_12_
09:16:35,163.00,1,240,163.00_163.50_164.00_164.50_165.00_,15_24_30_14_24_,162.50_162.00_161.50_161.00_160.50_,18_31_27_32_12_
09:16:45,163.00,1,241,163.00_163.50_164.00_164.50_165.00_,14_24_30_14_24_,162.50_162.00_161.50_161.00_160.50_,18_31_27_32_12_
09:16:50,163.00,1,242,163.00_163.50_164.00_164.50_165.00_,13_24_30_14_24_,162.50_162.00_161.50_161.00_160.50_,19_30_27_32_12_
09:17:16,163.00,1,244,163.00_163.50_164.00_164.50_165.00_,12_23_32_14_24_,162.50_162.00_161.50_161.00_160.50_,20_30_27_33_12_
09:17:57,163.00,1,245,163.00_163.50_164.00_164.50_165.00_,11_23_32_14_24_,162.50_162.00_161.50_161.00_160.50_,23_31_27_33_12_
09:18:17,163.00,4,250,163.00_163.50_164.00_164.50_165.00_,6_23_34_14_24_,162.50_162.00_161.50_161.00_160.50_,23_31_27_33_12_
09:18:43,163.00,1,251,163.00_163.50_164.00_164.50_165.00_,5_24_35_15_24_,162.50_162.00_161.50_161.00_160.50_,25_31_27_33_12_
09:18:58,163.00,1,251,163.00_163.50_164.00_164.50_165.00_,5_23_35_15_24_,162.50_162.00_161.50_161.00_160.50_,27_31_27_32_12_
09:19:14,163.00,1,252,163.00_163.50_164.00_164.50_165.00_,4_23_35_17_24_,162.50_162.00_161.50_161.00_160.50_,27_31_27_32_12_
09:19:14,163.00,1,252,163.00_163.50_164.00_164.50_165.00_,4_23_35_17_24_,162.50_162.00_161.50_161.00_160.50_,27_31_27_32_12_
09:19:14,163.00,1,252,163.00_163.50_164.00_164.50_165.00_,4_23_35_17_24_,162.50_162.00_161.50_161.00_160.50_,27_31_27_32_12_
09:20:00,163.00,1,253,163.00_163.50_164.00_164.50_165.00_,8_22_35_16_24_,162.50_162.00_161.50_161.00_160.50_,27_31_27_32_12_
09:20:36,163.00,1,254,163.00_163.50_164.00_164.50_165.00_,12_27_35_11_24_,162.50_162.00_161.50_161.00_160.50_,28_31_27_32_12_
09:23:15,163.00,2,266,163.00_163.50_164.00_164.50_165.00_,3_25_36_10_27_,162.50_162.00_161.50_161.00_160.50_,28_31_27_33_12_
09:24:42,163.50,1,272,163.50_164.00_164.50_165.00_165.50_,7_51_16_29_5_,163.00_162.50_162.00_161.50_161.00_,13_28_44_20_24_
09:25:38,163.50,5,283,163.50_164.00_164.50_165.00_165.50_,6_51_15_29_5_,163.00_162.50_162.00_161.50_161.00_,13_28_52_20_24_
09:25:48,163.50,1,284,163.50_164.00_164.50_165.00_165.50_,5_50_15_29_5_,163.00_162.50_162.00_161.50_161.00_,12_29_52_20_24_
09:27:31,163.50,1,288,163.50_164.00_164.50_165.00_165.50_,5_51_16_29_5_,163.00_162.50_162.00_161.50_161.00_,12_28_52_20_24_
09:27:31,163.50,1,288,163.50_164.00_164.50_165.00_165.50_,5_51_16_29_5_,163.00_162.50_162.00_161.50_161.00_,12_28_52_20_24_
09:27:46,163.50,1,288,163.50_164.00_164.50_165.00_165.50_,5_51_16_29_5_,163.00_162.50_162.00_161.50_161.00_,26_28_51_20_24_
09:30:20,163.50,1,308,164.00_164.50_165.00_165.50_166.00_,43_18_47_5_17_,163.50_163.00_162.50_162.00_161.50_,1_27_20_55_20_
09:30:25,163.50,1,309,163.50_164.00_164.50_165.00_165.50_,3_32_29_48_5_,163.00_162.50_162.00_161.50_161.00_,27_30_49_16_24_
09:30:30,163.00,5,314,163.50_164.00_164.50_165.00_165.50_,3_43_18_47_5_,163.00_162.50_162.00_161.50_161.00_,22_20_55_20_24_
09:30:35,163.00,1,315,163.50_164.00_164.50_165.00_165.50_,4_48_18_42_5_,163.00_162.50_162.00_161.50_161.00_,22_20_56_20_24_
09:31:16,163.50,2,321,163.50_164.00_164.50_165.00_165.50_,2_47_20_43_5_,163.00_162.50_162.00_161.50_161.00_,23_21_56_20_24_
09:31:21,163.50,2,323,164.00_164.50_165.00_165.50_166.00_,47_20_43_5_17_,163.00_162.50_162.00_161.50_161.00_,23_21_56_20_24_
09:31:52,164.00,1,324,164.00_164.50_165.00_165.50_166.00_,48_17_43_4_19_,163.00_162.50_162.00_161.50_161.00_,22_21_57_19_25_
09:33:34,163.50,2,341,164.00_164.50_165.00_165.50_166.00_,47_19_42_4_18_,163.00_162.50_162.00_161.50_161.00_,16_22_58_21_17_
09:34:31,163.50,1,343,164.00_164.50_165.00_165.50_166.00_,47_19_43_4_19_,163.00_162.50_162.00_161.50_161.00_,16_22_60_21_18_
09:34:36,163.50,1,343,163.50_164.00_164.50_165.00_165.50_,5_47_19_43_4_,163.00_162.50_162.00_161.50_161.00_,16_22_61_21_18_
09:34:41,163.50,1,344,163.50_164.00_164.50_165.00_165.50_,5_47_19_43_4_,163.00_162.50_162.00_161.50_161.00_,16_22_60_22_18_
09:34:46,163.50,1,344,163.50_164.00_164.50_165.00_165.50_,6_47_19_43_4_,163.00_162.50_162.00_161.50_161.00_,17_22_60_22_18_
09:34:51,163.50,1,344,163.50_164.00_164.50_165.00_165.50_,6_49_19_43_4_,163.00_162.50_162.00_161.50_161.00_,17_22_60_22_18_
09:35:17,163.00,1,346,163.50_164.00_164.50_165.00_165.50_,10_49_19_46_4_,163.00_162.50_162.00_161.50_161.00_,15_23_61_22_18_
09:36:13,163.00,1,350,163.50_164.00_164.50_165.00_165.50_,18_49_20_46_4_,163.00_162.50_162.00_161.50_161.00_,11_23_61_22_18_
09:36:44,163.00,2,354,163.50_164.00_164.50_165.00_165.50_,18_49_20_46_4_,163.00_162.50_162.00_161.50_161.00_,8_23_61_22_18_
09:38:11,162.00,9,395,162.50_163.00_163.50_164.00_164.50_,7_29_18_32_14_,162.00_161.50_161.00_160.50_160.00_,44_12_33_20_32_
09:38:57,162.00,1,396,162.50_163.00_163.50_164.00_164.50_,7_32_23_32_12_,162.00_161.50_161.00_160.50_160.00_,46_12_34_20_32_
09:39:58,162.50,1,406,163.00_163.50_164.00_164.50_165.00_,34_23_32_12_47_,162.00_161.50_161.00_160.50_160.00_,44_11_34_20_32_
09:40:04,162.50,1,406,163.00_163.50_164.00_164.50_165.00_,39_29_32_12_47_,162.50_162.00_161.50_161.00_160.50_,1_44_11_35_20_
09:40:24,162.00,5,413,162.50_163.00_163.50_164.00_164.50_,2_38_29_32_12_,162.00_161.50_161.00_160.50_160.00_,38_11_34_21_33_
09:40:24,162.00,5,413,162.50_163.00_163.50_164.00_164.50_,2_38_29_32_12_,162.00_161.50_161.00_160.50_160.00_,38_11_34_21_33_
09:40:39,162.00,5,413,162.50_163.00_163.50_164.00_164.50_,2_38_29_32_12_,162.00_161.50_161.00_160.50_160.00_,39_12_34_21_33_
09:40:44,162.00,5,413,162.50_163.00_163.50_164.00_164.50_,5_38_26_32_12_,162.00_161.50_161.00_160.50_160.00_,40_12_34_21_33_
09:42:22,162.50,4,419,162.50_163.00_163.50_164.00_164.50_,2_39_24_32_13_,162.00_161.50_161.00_160.50_160.00_,37_12_35_21_35_
09:44:45,162.50,1,428,162.50_163.00_163.50_164.00_164.50_,2_39_23_34_16_,162.00_161.50_161.00_160.50_160.00_,37_14_34_22_36_
09:45:52,162.50,2,434,162.50_163.00_163.50_164.00_164.50_,1_41_23_34_16_,162.00_161.50_161.00_160.50_160.00_,36_20_34_17_36_
09:47:44,162.50,2,434,162.50_163.00_163.50_164.00_164.50_,2_42_24_33_16_,162.00_161.50_161.00_160.50_160.00_,35_21_34_17_36_
09:48:05,162.50,2,434,162.50_163.00_163.50_164.00_164.50_,3_42_24_33_16_,162.00_161.50_161.00_160.50_160.00_,35_21_34_17_36_
09:49:27,162.00,1,435,162.50_163.00_163.50_164.00_164.50_,8_40_25_34_16_,162.00_161.50_161.00_160.50_160.00_,36_21_32_18_37_
09:49:52,162.00,1,436,162.50_163.00_163.50_164.00_164.50_,7_40_25_34_16_,162.00_161.50_161.00_160.50_160.00_,29_22_32_18_37_
09:49:52,162.00,1,436,162.50_163.00_163.50_164.00_164.50_,7_40_25_34_16_,162.00_161.50_161.00_160.50_160.00_,29_22_32_18_37_
09:50:03,162.00,1,436,162.50_163.00_163.50_164.00_164.50_,7_40_25_35_16_,162.00_161.50_161.00_160.50_160.00_,29_22_32_18_37_
09:52:16,162.00,1,442,162.50_163.00_163.50_164.00_164.50_,13_37_24_34_16_,162.00_161.50_161.00_160.50_160.00_,25_20_34_18_39_
09:52:16,162.00,1,442,162.50_163.00_163.50_164.00_164.50_,13_37_24_34_16_,162.00_161.50_161.00_160.50_160.00_,25_20_34_18_39_
09:52:21,162.00,1,442,162.50_163.00_163.50_164.00_164.50_,13_37_24_34_16_,162.00_161.50_161.00_160.50_160.00_,26_19_34_18_39_
09:52:21,162.00,1,442,162.50_163.00_163.50_164.00_164.50_,13_37_24_34_16_,162.00_161.50_161.00_160.50_160.00_,26_19_34_18_39_
09:52:21,162.00,1,442,162.50_163.00_163.50_164.00_164.50_,13_37_24_34_16_,162.00_161.50_161.00_160.50_160.00_,26_19_34_18_39_
09:52:37,162.00,1,442,162.50_163.00_163.50_164.00_164.50_,13_37_24_34_16_,162.00_161.50_161.00_160.50_160.00_,27_19_34_18_39_
09:52:37,162.00,1,442,162.50_163.00_163.50_164.00_164.50_,13_37_24_34_16_,162.00_161.50_161.00_160.50_160.00_,27_19_34_18_39_
09:52:52,162.00,1,443,162.50_163.00_163.50_164.00_164.50_,13_37_24_34_16_,162.00_161.50_161.00_160.50_160.00_,26_19_34_18_39_
09:53:12,162.00,1,444,162.50_163.00_163.50_164.00_164.50_,26_50_25_34_16_,162.00_161.50_161.00_160.50_160.00_,26_19_34_18_39_
09:53:48,162.00,1,444,162.50_163.00_163.50_164.00_164.50_,26_50_25_34_16_,162.00_161.50_161.00_160.50_160.00_,26_18_34_18_39_
09:53:53,162.00,1,444,162.50_163.00_163.50_164.00_164.50_,26_50_25_34_16_,162.00_161.50_161.00_160.50_160.00_,21_18_34_18_39_
09:53:53,162.00,1,444,162.50_163.00_163.50_164.00_164.50_,26_50_25_34_16_,162.00_161.50_161.00_160.50_160.00_,21_18_34_18_39_
09:55:00,161.00,5,496,161.50_162.00_162.50_163.00_163.50_,5_30_71_18_19_,161.00_160.50_160.00_159.50_159.00_,16_18_55_6_11_
09:56:01,160.50,3,531,161.00_161.50_162.00_162.50_163.00_,9_28_70_111_119_,160.50_160.00_159.50_159.00_158.50_,8_44_18_17_20_
09:56:22,160.50,2,544,160.50_161.00_161.50_162.00_162.50_,8_33_9_4_8_,160.00_159.50_159.00_158.50_158.00_,47_8_29_24_34_
09:56:37,160.50,4,552,161.00_161.50_162.00_162.50_163.00_,33_9_5_8_18_,160.00_159.50_159.00_158.50_158.00_,46_26_29_24_34_
09:57:08,160.50,2,560,160.50_161.00_161.50_162.00_162.50_,3_33_10_13_12_,160.00_159.50_159.00_158.50_158.00_,55_27_24_24_34_
09:57:39,160.50,1,571,161.00_161.50_162.00_162.50_163.00_,8_27_21_13_17_,160.50_160.00_159.50_159.00_158.50_,6_55_37_18_19_
09:58:45,161.00,2,581,161.00_161.50_162.00_162.50_163.00_,2_28_23_13_17_,160.50_160.00_159.50_159.00_158.50_,11_59_37_19_19_
09:58:50,161.00,2,581,161.00_161.50_162.00_162.50_163.00_,1_28_23_17_17_,160.50_160.00_159.50_159.00_158.50_,11_59_37_19_19_
09:58:55,161.00,1,582,161.50_162.00_162.50_163.00_163.50_,28_23_17_17_16_,160.50_160.00_159.50_159.00_158.50_,13_59_37_19_19_
09:59:00,161.00,1,583,161.50_162.00_162.50_163.00_163.50_,17_35_16_17_17_,160.50_160.00_159.50_159.00_158.50_,18_69_26_15_19_
09:59:06,161.00,1,583,161.50_162.00_162.50_163.00_163.50_,13_40_16_17_17_,160.50_160.00_159.50_159.00_158.50_,19_64_26_14_19_
09:59:11,161.00,1,583,161.50_162.00_162.50_163.00_163.50_,13_40_16_17_17_,161.00_160.50_160.00_159.50_159.00_,3_19_63_26_14_
09:59:16,161.00,1,583,161.50_162.00_162.50_163.00_163.50_,14_39_17_17_17_,161.00_160.50_160.00_159.50_159.00_,3_20_63_26_14_
09:59:57,161.00,2,585,161.50_162.00_162.50_163.00_163.50_,17_39_19_18_16_,161.00_160.50_160.00_159.50_159.00_,10_20_63_25_15_
10:00:17,161.00,1,590,161.50_162.00_162.50_163.00_163.50_,10_54_16_18_16_,161.00_160.50_160.00_159.50_159.00_,7_29_58_24_15_
10:00:53,161.00,1,594,161.50_162.00_162.50_163.00_163.50_,12_54_16_20_17_,161.00_160.50_160.00_159.50_159.00_,6_29_59_25_15_
10:01:24,161.00,1,596,161.50_162.00_162.50_163.00_163.50_,10_54_16_20_17_,161.00_160.50_160.00_159.50_159.00_,8_29_59_25_15_
10:01:24,161.00,1,596,161.50_162.00_162.50_163.00_163.50_,10_54_16_20_17_,161.00_160.50_160.00_159.50_159.00_,8_29_59_25_15_
10:01:24,161.00,1,596,161.50_162.00_162.50_163.00_163.50_,10_54_16_20_17_,161.00_160.50_160.00_159.50_159.00_,8_29_59_25_15_
10:01:45,161.00,1,596,161.50_162.00_162.50_163.00_163.50_,10_54_16_20_17_,161.00_160.50_160.00_159.50_159.00_,9_29_65_25_15_
10:02:51,161.00,1,596,161.50_162.00_162.50_163.00_163.50_,9_54_16_20_17_,161.00_160.50_160.00_159.50_159.00_,10_32_62_25_15_
10:02:56,161.00,1,597,161.50_162.00_162.50_163.00_163.50_,9_54_16_20_17_,161.00_160.50_160.00_159.50_159.00_,10_32_62_24_15_
10:04:08,161.00,1,614,161.00_161.50_162.00_162.50_163.00_,4_39_40_10_20_,160.50_160.00_159.50_159.00_158.50_,36_53_31_20_19_
10:04:29,160.50,1,615,161.00_161.50_162.00_162.50_163.00_,6_39_40_10_20_,160.50_160.00_159.50_159.00_158.50_,35_53_31_20_19_
10:04:54,161.00,1,616,161.00_161.50_162.00_162.50_163.00_,6_39_40_10_20_,160.50_160.00_159.50_159.00_158.50_,36_53_31_20_19_
10:05:25,161.00,1,616,161.00_161.50_162.00_162.50_163.00_,11_39_41_11_20_,160.50_160.00_159.50_159.00_158.50_,22_63_40_20_20_
10:07:02,161.50,1,637,161.50_162.00_162.50_163.00_163.50_,25_58_14_21_14_,161.00_160.50_160.00_159.50_159.00_,6_40_73_24_16_
10:07:28,161.00,5,644,161.50_162.00_162.50_163.00_163.50_,26_58_12_21_14_,161.00_160.50_160.00_159.50_159.00_,8_40_72_24_16_
10:07:43,161.00,4,648,161.50_162.00_162.50_163.00_163.50_,18_58_21_21_14_,161.00_160.50_160.00_159.50_159.00_,4_40_72_24_16_
10:08:09,160.50,1,654,161.00_161.50_162.00_162.50_163.00_,16_36_43_9_21_,160.50_160.00_159.50_159.00_158.50_,44_63_30_20_21_
10:08:09,160.50,1,654,161.00_161.50_162.00_162.50_163.00_,16_36_43_9_21_,160.50_160.00_159.50_159.00_158.50_,44_63_30_20_21_
10:09:31,160.50,2,683,161.00_161.50_162.00_162.50_163.00_,17_37_42_9_21_,160.50_160.00_159.50_159.00_158.50_,6_69_33_21_21_
10:09:41,160.50,2,683,161.00_161.50_162.00_162.50_163.00_,18_37_42_9_21_,160.50_160.00_159.50_159.00_158.50_,6_69_33_21_21_
10:09:52,160.50,4,690,160.50_161.00_161.50_162.00_162.50_,3_23_37_38_9_,160.00_159.50_159.00_158.50_158.00_,69_33_21_21_40_
10:11:19,160.00,1,699,160.50_161.00_161.50_162.00_162.50_,8_40_28_18_9_,160.00_159.50_159.00_158.50_158.00_,75_24_28_26_40_
10:11:24,160.00,1,699,160.50_161.00_161.50_162.00_162.50_,8_40_28_18_9_,160.00_159.50_159.00_158.50_158.00_,74_24_28_26_40_
10:11:24,160.00,1,699,160.50_161.00_161.50_162.00_162.50_,8_40_28_18_9_,160.00_159.50_159.00_158.50_158.00_,74_24_28_26_40_
10:11:34,160.00,1,699,160.50_161.00_161.50_162.00_162.50_,8_40_28_18_9_,160.00_159.50_159.00_158.50_158.00_,74_24_28_27_40_
10:11:44,160.50,1,700,160.50_161.00_161.50_162.00_162.50_,7_40_28_18_9_,160.00_159.50_159.00_158.50_158.00_,73_24_28_27_40_
10:13:12,160.50,2,713,161.00_161.50_162.00_162.50_163.00_,29_35_21_9_21_,160.50_160.00_159.50_159.00_158.50_,1_64_36_35_23_
10:14:13,160.00,1,717,160.50_161.00_161.50_162.00_162.50_,5_38_27_22_10_,160.00_159.50_159.00_158.50_158.00_,64_26_41_27_45_
10:14:13,160.00,1,717,160.50_161.00_161.50_162.00_162.50_,5_38_27_22_10_,160.00_159.50_159.00_158.50_158.00_,64_26_41_27_45_
10:14:34,160.00,1,717,160.50_161.00_161.50_162.00_162.50_,5_38_27_22_10_,160.00_159.50_159.00_158.50_158.00_,64_26_40_27_46_
10:14:39,160.00,1,718,160.50_161.00_161.50_162.00_162.50_,6_38_25_22_10_,160.00_159.50_159.00_158.50_158.00_,63_26_40_27_46_
10:15:56,160.50,2,722,160.50_161.00_161.50_162.00_162.50_,3_39_25_20_10_,160.00_159.50_159.00_158.50_158.00_,66_26_40_28_46_
10:16:36,160.00,2,747,161.00_161.50_162.00_162.50_163.00_,29_32_20_10_23_,160.00_159.50_159.00_158.50_158.00_,50_36_25_24_46_
10:17:23,160.00,2,747,161.00_161.50_162.00_162.50_163.00_,29_33_20_10_23_,160.00_159.50_159.00_158.50_158.00_,53_35_25_24_46_
10:17:23,160.00,2,747,161.00_161.50_162.00_162.50_163.00_,29_33_20_10_23_,160.00_159.50_159.00_158.50_158.00_,53_35_25_24_46_
10:19:31,160.50,1,753,161.00_161.50_162.00_162.50_163.00_,30_31_21_10_22_,160.50_160.00_159.50_159.00_158.50_,2_58_35_25_24_
10:22:30,160.50,1,764,161.00_161.50_162.00_162.50_163.00_,24_30_21_10_22_,160.50_160.00_159.50_159.00_158.50_,2_60_35_27_24_
10:23:52,161.00,1,765,161.00_161.50_162.00_162.50_163.00_,13_30_30_10_24_,160.50_160.00_159.50_159.00_158.50_,18_59_35_27_24_
10:23:52,161.00,1,765,161.00_161.50_162.00_162.50_163.00_,13_30_30_10_24_,160.50_160.00_159.50_159.00_158.50_,18_59_35_27_24_
10:24:13,161.00,1,765,161.00_161.50_162.00_162.50_163.00_,11_30_31_10_24_,160.50_160.00_159.50_159.00_158.50_,23_59_35_27_24_
10:24:13,161.00,1,765,161.00_161.50_162.00_162.50_163.00_,11_30_31_10_24_,160.50_160.00_159.50_159.00_158.50_,23_59_35_27_24_
10:24:23,161.00,1,765,161.00_161.50_162.00_162.50_163.00_,11_30_31_10_24_,160.50_160.00_159.50_159.00_158.50_,23_60_35_27_24_
10:24:23,161.00,1,765,161.00_161.50_162.00_162.50_163.00_,11_30_31_10_24_,160.50_160.00_159.50_159.00_158.50_,23_60_35_27_24_
10:25:04,161.00,1,766,161.00_161.50_162.00_162.50_163.00_,10_30_31_10_24_,160.50_160.00_159.50_159.00_158.50_,24_61_35_27_24_
10:25:04,161.00,1,766,161.00_161.50_162.00_162.50_163.00_,10_30_31_10_24_,160.50_160.00_159.50_159.00_158.50_,24_61_35_27_24_
10:25:19,161.00,1,766,161.00_161.50_162.00_162.50_163.00_,10_30_31_10_24_,160.50_160.00_159.50_159.00_158.50_,24_62_35_27_24_
10:25:19,161.00,1,766,161.00_161.50_162.00_162.50_163.00_,10_30_31_10_24_,160.50_160.00_159.50_159.00_158.50_,24_62_35_27_24_
10:25:30,161.00,1,767,161.00_161.50_162.00_162.50_163.00_,9_30_31_10_24_,160.50_160.00_159.50_159.00_158.50_,24_62_35_27_24_
10:25:30,161.00,1,767,161.00_161.50_162.00_162.50_163.00_,9_30_31_10_24_,160.50_160.00_159.50_159.00_158.50_,24_62_35_27_24_
10:31:33,161.50,1,797,162.00_162.50_163.00_163.50_164.00_,37_26_26_13_74_,161.50_161.00_160.50_160.00_159.50_,13_35_41_56_16_
10:31:33,161.50,1,797,162.00_162.50_163.00_163.50_164.00_,37_26_26_13_74_,161.50_161.00_160.50_160.00_159.50_,13_35_41_56_16_
10:32:35,161.50,5,804,162.00_162.50_163.00_163.50_164.00_,31_26_26_13_74_,161.50_161.00_160.50_160.00_159.50_,7_25_41_56_16_
10:33:06,161.50,6,810,161.50_162.00_162.50_163.00_163.50_,1_35_22_25_13_,161.00_160.50_160.00_159.50_159.00_,27_41_56_16_22_
10:35:04,161.50,1,812,161.50_162.00_162.50_163.00_163.50_,1_41_22_25_13_,161.00_160.50_160.00_159.50_159.00_,16_29_73_20_23_
10:37:27,161.50,1,816,161.50_162.00_162.50_163.00_163.50_,1_41_22_25_13_,161.00_160.50_160.00_159.50_159.00_,16_30_77_20_23_
10:37:53,161.50,1,816,161.50_162.00_162.50_163.00_163.50_,6_41_22_25_13_,161.00_160.50_160.00_159.50_159.00_,17_30_78_20_23_
10:37:53,161.50,1,816,161.50_162.00_162.50_163.00_163.50_,6_41_22_25_13_,161.00_160.50_160.00_159.50_159.00_,17_30_78_20_23_
10:38:03,161.50,1,816,161.50_162.00_162.50_163.00_163.50_,7_41_22_25_13_,161.00_160.50_160.00_159.50_159.00_,17_30_78_20_23_
10:38:08,161.50,1,816,161.50_162.00_162.50_163.00_163.50_,7_41_22_25_14_,161.00_160.50_160.00_159.50_159.00_,17_30_78_20_23_
10:38:08,161.50,1,816,161.50_162.00_162.50_163.00_163.50_,7_41_22_25_14_,161.00_160.50_160.00_159.50_159.00_,17_30_78_20_23_
10:38:19,161.50,1,816,161.50_162.00_162.50_163.00_163.50_,7_41_22_25_14_,161.00_160.50_160.00_159.50_159.00_,17_30_77_20_23_
10:39:40,161.50,1,817,161.50_162.00_162.50_163.00_163.50_,7_41_22_25_14_,161.00_160.50_160.00_159.50_159.00_,23_30_87_20_23_
10:40:06,161.50,1,818,161.50_162.00_162.50_163.00_163.50_,6_41_22_25_14_,161.00_160.50_160.00_159.50_159.00_,24_30_89_20_23_
10:40:16,161.50,2,820,161.50_162.00_162.50_163.00_163.50_,4_41_22_25_14_,161.00_160.50_160.00_159.50_159.00_,24_30_89_20_23_
10:40:16,161.50,2,820,161.50_162.00_162.50_163.00_163.50_,4_41_22_25_14_,161.00_160.50_160.00_159.50_159.00_,24_30_89_20_23_
10:40:16,161.50,2,820,161.50_162.00_162.50_163.00_163.50_,4_41_22_25_14_,161.00_160.50_160.00_159.50_159.00_,24_30_89_20_23_
10:40:16,161.50,2,820,161.50_162.00_162.50_163.00_163.50_,4_41_22_25_14_,161.00_160.50_160.00_159.50_159.00_,24_30_89_20_23_
10:42:45,162.00,1,825,162.00_162.50_163.00_163.50_164.00_,35_26_26_14_75_,161.50_161.00_160.50_160.00_159.50_,2_32_40_72_16_
10:43:06,162.00,1,825,162.00_162.50_163.00_163.50_164.00_,35_26_27_14_75_,161.50_161.00_160.50_160.00_159.50_,2_39_40_72_16_
10:43:16,162.00,1,825,162.00_162.50_163.00_163.50_164.00_,35_26_27_14_75_,161.50_161.00_160.50_160.00_159.50_,2_39_40_72_17_
10:43:36,162.00,1,826,162.00_162.50_163.00_163.50_164.00_,34_26_42_14_75_,161.50_161.00_160.50_160.00_159.50_,3_39_40_72_17_
10:43:36,162.00,1,826,162.00_162.50_163.00_163.50_164.00_,34_26_42_14_75_,161.50_161.00_160.50_160.00_159.50_,3_39_40_72_17_
10:43:36,162.00,1,826,162.00_162.50_163.00_163.50_164.00_,34_26_42_14_75_,161.50_161.00_160.50_160.00_159.50_,3_39_40_72_17_
10:43:36,162.00,1,826,162.00_162.50_163.00_163.50_164.00_,34_26_42_14_75_,161.50_161.00_160.50_160.00_159.50_,3_39_40_72_17_
10:43:36,162.00,1,826,162.00_162.50_163.00_163.50_164.00_,34_26_42_14_75_,161.50_161.00_160.50_160.00_159.50_,3_39_40_72_17_
10:43:36,162.00,1,826,162.00_162.50_163.00_163.50_164.00_,34_26_42_14_75_,161.50_161.00_160.50_160.00_159.50_,3_39_40_72_17_
10:45:45,162.00,1,827,162.00_162.50_163.00_163.50_164.00_,33_26_47_15_79_,161.50_161.00_160.50_160.00_159.50_,3_41_40_70_17_
10:45:45,162.00,1,827,162.00_162.50_163.00_163.50_164.00_,33_26_47_15_79_,161.50_161.00_160.50_160.00_159.50_,3_41_40_70_17_
10:46:20,162.00,1,827,162.00_162.50_163.00_163.50_164.00_,33_27_47_15_81_,161.50_161.00_160.50_160.00_159.50_,3_40_40_71_17_
10:47:32,161.50,1,830,162.00_162.50_163.00_163.50_164.00_,33_27_46_14_80_,161.50_161.00_160.50_160.00_159.50_,2_40_40_72_17_
10:52:24,161.50,1,834,161.50_162.00_162.50_163.00_163.50_,10_40_20_44_17_,161.00_160.50_160.00_159.50_159.00_,24_40_91_21_24_
10:53:15,161.50,1,834,161.50_162.00_162.50_163.00_163.50_,11_42_20_44_17_,161.00_160.50_160.00_159.50_159.00_,25_40_91_21_24_
10:54:52,161.00,1,836,161.50_162.00_162.50_163.00_163.50_,12_43_20_44_17_,161.00_160.50_160.00_159.50_159.00_,24_41_91_21_24_
10:55:23,161.00,1,837,161.50_162.00_162.50_163.00_163.50_,15_43_20_44_17_,161.00_160.50_160.00_159.50_159.00_,23_41_91_21_24_
10:58:33,161.50,1,849,161.50_162.00_162.50_163.00_163.50_,16_43_20_44_22_,161.00_160.50_160.00_159.50_159.00_,14_41_90_22_26_
10:58:48,161.50,1,849,161.50_162.00_162.50_163.00_163.50_,16_44_20_44_22_,161.00_160.50_160.00_159.50_159.00_,15_41_90_22_26_
10:59:44,161.00,1,855,161.50_162.00_162.50_163.00_163.50_,12_44_20_45_22_,161.00_160.50_160.00_159.50_159.00_,10_42_90_23_26_
11:00:00,161.50,1,856,161.50_162.00_162.50_163.00_163.50_,11_44_20_45_22_,161.00_160.50_160.00_159.50_159.00_,9_42_90_23_26_
11:00:00,161.50,1,856,161.50_162.00_162.50_163.00_163.50_,11_44_20_45_22_,161.00_160.50_160.00_159.50_159.00_,9_42_90_23_26_
11:00:00,161.50,1,856,161.50_162.00_162.50_163.00_163.50_,11_44_20_45_22_,161.00_160.50_160.00_159.50_159.00_,9_42_90_23_26_
11:04:00,161.50,1,862,161.50_162.00_162.50_163.00_163.50_,8_44_21_45_21_,161.00_160.50_160.00_159.50_159.00_,20_31_92_23_27_
11:04:00,161.50,1,862,161.50_162.00_162.50_163.00_163.50_,8_44_21_45_21_,161.00_160.50_160.00_159.50_159.00_,20_31_92_23_27_
11:04:00,161.50,1,862,161.50_162.00_162.50_163.00_163.50_,8_44_21_45_21_,161.00_160.50_160.00_159.50_159.00_,20_31_92_23_27_
11:05:02,161.50,2,864,161.50_162.00_162.50_163.00_163.50_,6_44_21_46_22_,161.00_160.50_160.00_159.50_159.00_,22_30_92_23_26_
11:05:38,161.50,1,873,161.50_162.00_162.50_163.00_163.50_,6_45_21_46_22_,161.00_160.50_160.00_159.50_159.00_,13_28_92_23_26_
11:06:08,161.00,1,875,161.50_162.00_162.50_163.00_163.50_,5_45_21_45_22_,161.00_160.50_160.00_159.50_159.00_,12_18_92_23_26_
11:06:19,161.00,1,875,161.50_162.00_162.50_163.00_163.50_,6_45_21_45_22_,161.00_160.50_160.00_159.50_159.00_,12_18_92_23_26_
11:06:24,161.00,1,875,161.50_162.00_162.50_163.00_163.50_,6_45_21_45_22_,161.00_160.50_160.00_159.50_159.00_,13_18_92_23_26_
11:06:29,161.00,1,875,161.50_162.00_162.50_163.00_163.50_,5_45_21_45_22_,161.00_160.50_160.00_159.50_159.00_,13_18_92_23_26_
11:06:29,161.00,1,875,161.50_162.00_162.50_163.00_163.50_,5_45_21_45_22_,161.00_160.50_160.00_159.50_159.00_,13_18_92_23_26_
11:07:05,161.00,1,875,161.50_162.00_162.50_163.00_163.50_,7_45_21_45_22_,161.00_160.50_160.00_159.50_159.00_,13_18_92_22_26_
11:07:05,161.00,1,875,161.50_162.00_162.50_163.00_163.50_,7_45_21_45_22_,161.00_160.50_160.00_159.50_159.00_,13_18_92_22_26_
11:07:46,161.50,1,877,161.50_162.00_162.50_163.00_163.50_,11_45_21_45_22_,161.00_160.50_160.00_159.50_159.00_,12_19_93_22_26_
11:08:06,161.50,1,877,161.50_162.00_162.50_163.00_163.50_,10_45_21_45_22_,161.00_160.50_160.00_159.50_159.00_,12_19_93_22_26_
11:08:16,161.50,1,877,161.50_162.00_162.50_163.00_163.50_,10_45_21_45_22_,161.00_160.50_160.00_159.50_159.00_,13_19_93_22_26_
11:08:16,161.50,1,877,161.50_162.00_162.50_163.00_163.50_,10_45_21_45_22_,161.00_160.50_160.00_159.50_159.00_,13_19_93_22_26_
11:08:16,161.50,1,877,161.50_162.00_162.50_163.00_163.50_,10_45_21_45_22_,161.00_160.50_160.00_159.50_159.00_,13_19_93_22_26_
11:08:16,161.50,1,877,161.50_162.00_162.50_163.00_163.50_,10_45_21_45_22_,161.00_160.50_160.00_159.50_159.00_,13_19_93_22_26_
11:09:13,161.00,2,879,161.50_162.00_162.50_163.00_163.50_,10_45_21_45_22_,161.00_160.50_160.00_159.50_159.00_,11_19_93_22_26_
11:09:23,161.50,1,880,161.50_162.00_162.50_163.00_163.50_,9_45_21_45_22_,161.00_160.50_160.00_159.50_159.00_,10_19_93_22_26_
11:09:38,161.50,1,880,161.50_162.00_162.50_163.00_163.50_,9_45_21_45_22_,161.00_160.50_160.00_159.50_159.00_,12_19_93_22_26_
11:10:40,161.00,1,881,161.50_162.00_162.50_163.00_163.50_,9_45_20_45_22_,161.00_160.50_160.00_159.50_159.00_,12_19_93_22_26_
11:10:45,161.00,1,881,161.50_162.00_162.50_163.00_163.50_,9_45_20_44_22_,161.00_160.50_160.00_159.50_159.00_,12_19_93_22_26_
11:10:45,161.00,1,881,161.50_162.00_162.50_163.00_163.50_,9_45_20_44_22_,161.00_160.50_160.00_159.50_159.00_,12_19_93_22_26_
11:10:45,161.00,1,881,161.50_162.00_162.50_163.00_163.50_,9_45_20_44_22_,161.00_160.50_160.00_159.50_159.00_,12_19_93_22_26_
11:10:45,161.00,1,881,161.50_162.00_162.50_163.00_163.50_,9_45_20_44_22_,161.00_160.50_160.00_159.50_159.00_,12_19_93_22_26_
11:11:06,161.00,1,881,161.50_162.00_162.50_163.00_163.50_,12_45_20_44_22_,161.00_160.50_160.00_159.50_159.00_,12_19_93_22_26_
11:11:26,161.50,1,882,161.50_162.00_162.50_163.00_163.50_,11_45_20_44_22_,161.00_160.50_160.00_159.50_159.00_,11_19_93_22_26_
11:12:48,161.50,1,886,161.50_162.00_162.50_163.00_163.50_,4_45_21_43_22_,161.00_160.50_160.00_159.50_159.00_,12_19_93_22_26_
11:13:19,161.50,1,887,161.50_162.00_162.50_163.00_163.50_,4_44_21_43_22_,161.00_160.50_160.00_159.50_159.00_,11_20_93_22_26_
11:13:19,161.50,1,887,161.50_162.00_162.50_163.00_163.50_,4_44_21_43_22_,161.00_160.50_160.00_159.50_159.00_,11_20_93_22_26_
11:13:19,161.50,1,887,161.50_162.00_162.50_163.00_163.50_,4_44_21_43_22_,161.00_160.50_160.00_159.50_159.00_,11_20_93_22_26_
11:13:19,161.50,1,887,161.50_162.00_162.50_163.00_163.50_,4_44_21_43_22_,161.00_160.50_160.00_159.50_159.00_,11_20_93_22_26_
11:14:10,161.50,1,887,161.50_162.00_162.50_163.00_163.50_,4_43_21_43_22_,161.00_160.50_160.00_159.50_159.00_,12_20_83_22_26_
11:15:43,161.50,1,890,161.50_162.00_162.50_163.00_163.50_,2_43_21_41_23_,161.00_160.50_160.00_159.50_159.00_,11_20_83_22_26_
11:15:43,161.50,1,890,161.50_162.00_162.50_163.00_163.50_,2_43_21_41_23_,161.00_160.50_160.00_159.50_159.00_,11_20_83_22_26_
11:15:53,161.50,1,890,161.50_162.00_162.50_163.00_163.50_,2_43_21_41_23_,161.00_160.50_160.00_159.50_159.00_,12_20_83_22_24_
11:15:53,161.50,1,890,161.50_162.00_162.50_163.00_163.50_,2_43_21_41_23_,161.00_160.50_160.00_159.50_159.00_,12_20_83_22_24_
11:15:53,161.50,1,890,161.50_162.00_162.50_163.00_163.50_,2_43_21_41_23_,161.00_160.50_160.00_159.50_159.00_,12_20_83_22_24_
11:15:53,161.50,1,890,161.50_162.00_162.50_163.00_163.50_,2_43_21_41_23_,161.00_160.50_160.00_159.50_159.00_,12_20_83_22_24_
11:15:53,161.50,1,890,161.50_162.00_162.50_163.00_163.50_,2_43_21_41_23_,161.00_160.50_160.00_159.50_159.00_,12_20_83_22_24_
11:15:53,161.50,1,890,161.50_162.00_162.50_163.00_163.50_,2_43_21_41_23_,161.00_160.50_160.00_159.50_159.00_,12_20_83_22_24_
11:15:53,161.50,1,890,161.50_162.00_162.50_163.00_163.50_,2_43_21_41_23_,161.00_160.50_160.00_159.50_159.00_,12_20_83_22_24_
11:15:53,161.50,1,890,161.50_162.00_162.50_163.00_163.50_,2_43_21_41_23_,161.00_160.50_160.00_159.50_159.00_,12_20_83_22_24_
11:18:01,162.00,1,893,162.00_162.50_163.00_163.50_164.00_,36_26_42_23_80_,161.50_161.00_160.50_160.00_159.50_,30_16_30_68_17_
11:21:41,162.00,1,907,162.00_162.50_163.00_163.50_164.00_,13_26_52_23_80_,161.50_161.00_160.50_160.00_159.50_,33_22_32_66_17_
11:22:33,161.50,1,908,162.00_162.50_163.00_163.50_164.00_,13_26_52_24_80_,161.50_161.00_160.50_160.00_159.50_,32_22_32_67_17_
11:22:38,162.00,2,910,162.00_162.50_163.00_163.50_164.00_,11_26_52_24_80_,161.50_161.00_160.50_160.00_159.50_,32_23_32_67_17_
11:24:05,161.50,1,913,162.00_162.50_163.00_163.50_164.00_,11_26_52_24_80_,161.50_161.00_160.50_160.00_159.50_,31_23_32_66_20_
11:24:21,161.50,1,913,162.00_162.50_163.00_163.50_164.00_,13_26_52_24_80_,161.50_161.00_160.50_160.00_159.50_,31_23_32_66_20_
11:24:31,161.50,1,914,162.00_162.50_163.00_163.50_164.00_,13_26_52_24_80_,161.50_161.00_160.50_160.00_159.50_,30_23_32_66_20_
11:24:31,161.50,1,914,162.00_162.50_163.00_163.50_164.00_,13_26_52_24_80_,161.50_161.00_160.50_160.00_159.50_,30_23_32_66_20_
11:24:31,161.50,1,914,162.00_162.50_163.00_163.50_164.00_,13_26_52_24_80_,161.50_161.00_160.50_160.00_159.50_,30_23_32_66_20_
11:24:31,161.50,1,914,162.00_162.50_163.00_163.50_164.00_,13_26_52_24_80_,161.50_161.00_160.50_160.00_159.50_,30_23_32_66_20_
11:25:12,162.00,1,915,162.00_162.50_163.00_163.50_164.00_,13_26_52_24_80_,161.50_161.00_160.50_160.00_159.50_,30_23_32_66_20_
11:29:54,161.50,1,935,162.00_162.50_163.00_163.50_164.00_,1_28_51_25_80_,161.50_161.00_160.50_160.00_159.50_,28_25_32_66_20_
11:30:14,161.50,1,935,162.00_162.50_163.00_163.50_164.00_,1_28_51_25_80_,161.50_161.00_160.50_160.00_159.50_,28_25_32_67_20_
11:30:14,161.50,1,935,162.00_162.50_163.00_163.50_164.00_,1_28_51_25_80_,161.50_161.00_160.50_160.00_159.50_,28_25_32_67_20_
11:30:14,161.50,1,935,162.00_162.50_163.00_163.50_164.00_,1_28_51_25_80_,161.50_161.00_160.50_160.00_159.50_,28_25_32_67_20_
11:30:35,162.00,1,936,162.50_163.00_163.50_164.00_164.50_,28_51_25_80_16_,161.50_161.00_160.50_160.00_159.50_,27_25_32_67_21_
11:30:45,162.00,1,936,162.50_163.00_163.50_164.00_164.50_,28_50_25_80_17_,161.50_161.00_160.50_160.00_159.50_,27_35_26_63_21_
11:31:36,162.00,1,936,162.50_163.00_163.50_164.00_164.50_,29_50_26_80_17_,161.50_161.00_160.50_160.00_159.50_,28_35_27_63_21_
11:31:36,162.00,1,936,162.50_163.00_163.50_164.00_164.50_,29_50_26_80_17_,161.50_161.00_160.50_160.00_159.50_,28_35_27_63_21_
11:31:36,162.00,1,936,162.50_163.00_163.50_164.00_164.50_,29_50_26_80_17_,161.50_161.00_160.50_160.00_159.50_,28_35_27_63_21_
11:32:33,162.00,1,937,162.50_163.00_163.50_164.00_164.50_,29_50_26_80_17_,161.50_161.00_160.50_160.00_159.50_,27_35_27_63_21_
11:33:14,162.50,3,940,162.50_163.00_163.50_164.00_164.50_,26_50_26_78_17_,161.50_161.00_160.50_160.00_159.50_,37_35_16_66_21_
11:33:14,162.50,3,940,162.50_163.00_163.50_164.00_164.50_,26_50_26_78_17_,161.50_161.00_160.50_160.00_159.50_,37_35_16_66_21_
11:35:33,162.50,1,941,162.50_163.00_163.50_164.00_164.50_,28_51_26_78_17_,161.50_161.00_160.50_160.00_159.50_,37_35_16_68_21_
11:35:38,162.50,1,941,162.50_163.00_163.50_164.00_164.50_,29_51_26_78_17_,161.50_161.00_160.50_160.00_159.50_,37_35_16_68_21_
11:35:48,162.50,1,941,162.50_163.00_163.50_164.00_164.50_,31_51_26_78_17_,161.50_161.00_160.50_160.00_159.50_,37_35_16_68_21_
11:36:08,162.50,1,942,162.50_163.00_163.50_164.00_164.50_,30_51_26_78_17_,161.50_161.00_160.50_160.00_159.50_,36_35_16_68_21_
11:36:19,162.50,1,942,162.50_163.00_163.50_164.00_164.50_,30_51_26_78_18_,161.50_161.00_160.50_160.00_159.50_,36_35_16_68_21_
11:36:19,162.50,1,942,162.50_163.00_163.50_164.00_164.50_,30_51_26_78_18_,161.50_161.00_160.50_160.00_159.50_,36_35_16_68_21_
11:36:39,162.50,1,942,162.50_163.00_163.50_164.00_164.50_,30_51_26_78_18_,161.50_161.00_160.50_160.00_159.50_,36_35_18_68_21_
11:36:39,162.50,1,942,162.50_163.00_163.50_164.00_164.50_,30_51_26_78_18_,161.50_161.00_160.50_160.00_159.50_,36_35_18_68_21_
11:36:39,162.50,1,942,162.50_163.00_163.50_164.00_164.50_,30_51_26_78_18_,161.50_161.00_160.50_160.00_159.50_,36_35_18_68_21_
11:36:54,162.50,3,945,162.50_163.00_163.50_164.00_164.50_,27_51_26_78_18_,161.50_161.00_160.50_160.00_159.50_,37_35_18_69_21_
11:36:59,161.50,1,946,162.50_163.00_163.50_164.00_164.50_,27_51_26_78_18_,161.50_161.00_160.50_160.00_159.50_,36_35_18_69_21_
11:37:05,161.50,1,946,162.50_163.00_163.50_164.00_164.50_,27_51_26_78_18_,161.50_161.00_160.50_160.00_159.50_,36_35_21_66_21_
11:37:10,161.50,1,946,162.50_163.00_163.50_164.00_164.50_,29_51_26_78_18_,161.50_161.00_160.50_160.00_159.50_,36_35_21_66_21_
11:37:10,161.50,1,946,162.50_163.00_163.50_164.00_164.50_,29_51_26_78_18_,161.50_161.00_160.50_160.00_159.50_,36_35_21_66_21_
11:37:10,161.50,1,946,162.50_163.00_163.50_164.00_164.50_,29_51_26_78_18_,161.50_161.00_160.50_160.00_159.50_,36_35_21_66_21_
11:37:25,161.50,1,946,162.00_162.50_163.00_163.50_164.00_,1_29_51_26_78_,161.50_161.00_160.50_160.00_159.50_,36_35_21_66_21_
11:37:30,161.50,1,946,162.00_162.50_163.00_163.50_164.00_,2_28_51_26_78_,161.50_161.00_160.50_160.00_159.50_,36_25_27_70_21_
11:37:30,161.50,1,946,162.00_162.50_163.00_163.50_164.00_,2_28_51_26_78_,161.50_161.00_160.50_160.00_159.50_,36_25_27_70_21_
11:37:40,161.50,1,946,162.00_162.50_163.00_163.50_164.00_,7_28_51_26_78_,161.50_161.00_160.50_160.00_159.50_,36_25_27_70_21_
11:38:11,162.00,1,951,162.00_162.50_163.00_163.50_164.00_,6_28_52_26_78_,161.50_161.00_160.50_160.00_159.50_,24_25_36_70_21_
11:38:57,162.00,1,951,162.00_162.50_163.00_163.50_164.00_,11_28_52_27_78_,161.50_161.00_160.50_160.00_159.50_,25_25_36_70_21_
11:39:18,162.00,1,951,162.00_162.50_163.00_163.50_164.00_,12_28_52_27_78_,161.50_161.00_160.50_160.00_159.50_,25_25_36_70_21_
11:40:35,162.00,3,958,162.00_162.50_163.00_163.50_164.00_,6_28_52_27_78_,161.50_161.00_160.50_160.00_159.50_,22_26_36_70_23_
11:40:40,162.00,3,958,162.00_162.50_163.00_163.50_164.00_,5_28_52_27_78_,161.50_161.00_160.50_160.00_159.50_,22_26_36_70_23_
11:40:50,162.00,3,958,162.00_162.50_163.00_163.50_164.00_,5_28_52_27_78_,161.50_161.00_160.50_160.00_159.50_,23_26_36_70_23_
11:40:50,162.00,3,958,162.00_162.50_163.00_163.50_164.00_,5_28_52_27_78_,161.50_161.00_160.50_160.00_159.50_,23_26_36_70_23_
11:41:26,162.00,3,958,162.00_162.50_163.00_163.50_164.00_,5_32_52_27_78_,161.50_161.00_160.50_160.00_159.50_,23_26_36_70_23_
11:41:57,162.00,1,960,162.00_162.50_163.00_163.50_164.00_,6_32_52_27_78_,161.50_161.00_160.50_160.00_159.50_,21_26_36_70_23_
11:42:23,161.50,1,962,162.00_162.50_163.00_163.50_164.00_,6_33_52_27_78_,161.50_161.00_160.50_160.00_159.50_,19_26_36_70_23_
11:43:14,161.50,1,964,162.00_162.50_163.00_163.50_164.00_,10_30_51_23_78_,161.50_161.00_160.50_160.00_159.50_,17_26_36_70_23_
11:43:14,161.50,1,964,162.00_162.50_163.00_163.50_164.00_,10_30_51_23_78_,161.50_161.00_160.50_160.00_159.50_,17_26_36_70_23_
11:43:14,161.50,1,964,162.00_162.50_163.00_163.50_164.00_,10_30_51_23_78_,161.50_161.00_160.50_160.00_159.50_,17_26_36_70_23_
11:43:24,161.50,1,964,162.00_162.50_163.00_163.50_164.00_,11_30_51_23_78_,161.50_161.00_160.50_160.00_159.50_,15_26_36_70_23_
11:43:34,161.50,1,964,162.00_162.50_163.00_163.50_164.00_,12_30_51_23_78_,161.50_161.00_160.50_160.00_159.50_,15_26_36_70_23_
11:45:02,161.50,1,972,162.00_162.50_163.00_163.50_164.00_,18_30_51_23_78_,161.50_161.00_160.50_160.00_159.50_,10_26_37_71_23_
11:45:02,161.50,1,972,162.00_162.50_163.00_163.50_164.00_,18_30_51_23_78_,161.50_161.00_160.50_160.00_159.50_,10_26_37_71_23_
11:45:02,161.50,1,972,162.00_162.50_163.00_163.50_164.00_,18_30_51_23_78_,161.50_161.00_160.50_160.00_159.50_,10_26_37_71_23_
11:46:29,161.50,2,977,162.00_162.50_163.00_163.50_164.00_,17_28_52_23_78_,161.50_161.00_160.50_160.00_159.50_,4_27_37_71_23_
11:46:34,161.50,2,977,162.00_162.50_163.00_163.50_164.00_,17_28_52_23_78_,161.50_161.00_160.50_160.00_159.50_,5_28_37_71_23_
11:46:54,161.50,1,978,162.00_162.50_163.00_163.50_164.00_,17_28_52_23_78_,161.50_161.00_160.50_160.00_159.50_,5_28_37_71_23_
11:47:05,161.50,1,978,162.00_162.50_163.00_163.50_164.00_,17_28_52_23_78_,161.50_161.00_160.50_160.00_159.50_,6_28_37_71_23_
11:47:05,161.50,1,978,162.00_162.50_163.00_163.50_164.00_,17_28_52_23_78_,161.50_161.00_160.50_160.00_159.50_,6_28_37_71_23_
11:47:05,161.50,1,978,162.00_162.50_163.00_163.50_164.00_,17_28_52_23_78_,161.50_161.00_160.50_160.00_159.50_,6_28_37_71_23_
11:47:05,161.50,1,978,162.00_162.50_163.00_163.50_164.00_,17_28_52_23_78_,161.50_161.00_160.50_160.00_159.50_,6_28_37_71_23_
11:47:46,162.00,1,989,162.00_162.50_163.00_163.50_164.00_,7_28_52_23_78_,161.50_161.00_160.50_160.00_159.50_,5_28_37_71_23_
11:49:33,162.00,1,991,162.00_162.50_163.00_163.50_164.00_,5_28_52_23_78_,161.50_161.00_160.50_160.00_159.50_,7_27_37_71_23_
11:49:33,162.00,1,991,162.00_162.50_163.00_163.50_164.00_,5_28_52_23_78_,161.50_161.00_160.50_160.00_159.50_,7_27_37_71_23_
11:51:31,162.00,1,994,162.00_162.50_163.00_163.50_164.00_,5_28_52_23_78_,161.50_161.00_160.50_160.00_159.50_,8_27_37_71_23_
11:52:12,162.00,5,999,162.50_163.00_163.50_164.00_164.50_,21_57_24_78_16_,162.00_161.50_161.00_160.50_160.00_,5_15_37_22_67_
11:52:23,162.00,5,999,162.50_163.00_163.50_164.00_164.50_,21_57_25_78_16_,162.00_161.50_161.00_160.50_160.00_,5_15_37_22_67_
11:52:23,162.00,5,999,162.50_163.00_163.50_164.00_164.50_,21_57_25_78_16_,162.00_161.50_161.00_160.50_160.00_,5_15_37_22_67_
11:52:23,162.00,5,999,162.50_163.00_163.50_164.00_164.50_,21_57_25_78_16_,162.00_161.50_161.00_160.50_160.00_,5_15_37_22_67_
11:52:23,162.00,5,999,162.50_163.00_163.50_164.00_164.50_,21_57_25_78_16_,162.00_161.50_161.00_160.50_160.00_,5_15_37_22_67_
11:52:23,162.00,5,999,162.50_163.00_163.50_164.00_164.50_,21_57_25_78_16_,162.00_161.50_161.00_160.50_160.00_,5_15_37_22_67_
11:52:43,162.00,5,999,162.50_163.00_163.50_164.00_164.50_,21_58_25_78_16_,162.00_161.50_161.00_160.50_160.00_,5_15_37_22_67_
11:53:40,162.50,2,1002,162.50_163.00_163.50_164.00_164.50_,28_49_25_78_16_,162.00_161.50_161.00_160.50_160.00_,6_15_37_23_67_
11:54:05,162.50,2,1002,162.50_163.00_163.50_164.00_164.50_,30_49_25_78_16_,162.00_161.50_161.00_160.50_160.00_,6_15_37_23_67_
11:54:10,162.00,2,1004,162.50_163.00_163.50_164.00_164.50_,30_49_25_78_16_,162.00_161.50_161.00_160.50_160.00_,5_15_37_23_67_
11:55:22,162.00,1,1006,162.50_163.00_163.50_164.00_164.50_,31_49_25_78_16_,162.00_161.50_161.00_160.50_160.00_,3_15_37_23_67_
11:55:22,162.00,1,1006,162.50_163.00_163.50_164.00_164.50_,31_49_25_78_16_,162.00_161.50_161.00_160.50_160.00_,3_15_37_23_67_
11:55:22,162.00,1,1006,162.50_163.00_163.50_164.00_164.50_,31_49_25_78_16_,162.00_161.50_161.00_160.50_160.00_,3_15_37_23_67_
11:56:24,162.00,1,1007,162.50_163.00_163.50_164.00_164.50_,31_49_25_78_20_,162.00_161.50_161.00_160.50_160.00_,4_15_37_23_67_
11:56:24,162.00,1,1007,162.50_163.00_163.50_164.00_164.50_,31_49_25_78_20_,162.00_161.50_161.00_160.50_160.00_,4_15_37_23_67_
11:58:26,162.50,1,1009,162.50_163.00_163.50_164.00_164.50_,30_49_27_78_20_,162.00_161.50_161.00_160.50_160.00_,5_17_37_22_68_
11:58:26,162.50,1,1009,162.50_163.00_163.50_164.00_164.50_,30_49_27_78_20_,162.00_161.50_161.00_160.50_160.00_,5_17_37_22_68_
11:58:26,162.50,1,1009,162.50_163.00_163.50_164.00_164.50_,30_49_27_78_20_,162.00_161.50_161.00_160.50_160.00_,5_17_37_22_68_
12:01:00,162.00,5,1016,162.00_162.50_163.00_163.50_164.00_,3_36_52_26_78_,161.50_161.00_160.50_160.00_159.50_,24_27_27_71_22_
12:01:41,162.00,5,1016,162.00_162.50_163.00_163.50_164.00_,3_36_52_26_78_,161.50_161.00_160.50_160.00_159.50_,26_27_27_71_22_
12:01:41,162.00,5,1016,162.00_162.50_163.00_163.50_164.00_,3_36_52_26_78_,161.50_161.00_160.50_160.00_159.50_,26_27_27_71_22_
12:01:41,162.00,5,1016,162.00_162.50_163.00_163.50_164.00_,3_36_52_26_78_,161.50_161.00_160.50_160.00_159.50_,26_27_27_71_22_
12:03:44,162.00,2,1023,162.50_163.00_163.50_164.00_164.50_,36_52_26_78_20_,161.50_161.00_160.50_160.00_159.50_,14_27_35_72_22_
12:04:05,162.50,3,1026,162.50_163.00_163.50_164.00_164.50_,33_52_26_78_20_,161.50_161.00_160.50_160.00_159.50_,15_37_27_72_22_
12:04:20,162.50,3,1026,162.50_163.00_163.50_164.00_164.50_,33_52_26_78_25_,161.50_161.00_160.50_160.00_159.50_,15_37_27_72_22_
12:04:20,162.50,3,1026,162.50_163.00_163.50_164.00_164.50_,33_52_26_78_25_,161.50_161.00_160.50_160.00_159.50_,15_37_27_72_22_
12:04:20,162.50,3,1026,162.50_163.00_163.50_164.00_164.50_,33_52_26_78_25_,161.50_161.00_160.50_160.00_159.50_,15_37_27_72_22_
12:04:56,162.50,1,1027,162.50_163.00_163.50_164.00_164.50_,32_52_26_78_25_,161.50_161.00_160.50_160.00_159.50_,14_37_27_72_22_
12:04:56,162.50,1,1027,162.50_163.00_163.50_164.00_164.50_,32_52_26_78_25_,161.50_161.00_160.50_160.00_159.50_,14_37_27_72_22_
12:05:43,162.50,1,1027,162.50_163.00_163.50_164.00_164.50_,37_51_26_78_25_,161.50_161.00_160.50_160.00_159.50_,15_37_27_72_22_
12:06:13,162.50,1,1027,162.50_163.00_163.50_164.00_164.50_,32_51_27_78_25_,162.00_161.50_161.00_160.50_160.00_,4_20_37_21_69_
12:08:42,162.50,1,1033,162.50_163.00_163.50_164.00_164.50_,27_51_27_77_25_,162.00_161.50_161.00_160.50_160.00_,5_18_37_21_68_
12:08:42,162.50,1,1033,162.50_163.00_163.50_164.00_164.50_,27_51_27_77_25_,162.00_161.50_161.00_160.50_160.00_,5_18_37_21_68_
12:08:42,162.50,1,1033,162.50_163.00_163.50_164.00_164.50_,27_51_27_77_25_,162.00_161.50_161.00_160.50_160.00_,5_18_37_21_68_
12:09:18,162.50,1,1033,162.50_163.00_163.50_164.00_164.50_,27_53_25_77_25_,162.00_161.50_161.00_160.50_160.00_,5_18_37_21_68_
12:09:28,162.50,1,1033,162.50_163.00_163.50_164.00_164.50_,27_53_25_77_25_,162.00_161.50_161.00_160.50_160.00_,6_18_37_21_68_
12:10:19,162.00,4,1039,162.00_162.50_163.00_163.50_164.00_,4_27_54_24_77_,161.50_161.00_160.50_160.00_159.50_,20_27_26_72_22_
12:10:19,162.00,4,1039,162.00_162.50_163.00_163.50_164.00_,4_27_54_24_77_,161.50_161.00_160.50_160.00_159.50_,20_27_26_72_22_
12:11:31,162.00,4,1039,162.00_162.50_163.00_163.50_164.00_,4_30_54_24_77_,161.50_161.00_160.50_160.00_159.50_,21_27_26_73_22_
12:12:07,162.00,4,1039,162.00_162.50_163.00_163.50_164.00_,8_32_54_24_77_,161.50_161.00_160.50_160.00_159.50_,13_27_35_74_22_
12:14:25,162.00,1,1042,162.00_162.50_163.00_163.50_164.00_,8_33_53_24_77_,161.50_161.00_160.50_160.00_159.50_,12_27_38_74_22_
12:16:18,162.00,1,1050,162.00_162.50_163.00_163.50_164.00_,4_32_53_24_77_,161.50_161.00_160.50_160.00_159.50_,5_25_37_74_22_
12:20:24,162.00,1,1055,162.00_162.50_163.00_163.50_164.00_,6_31_53_24_77_,161.50_161.00_160.50_160.00_159.50_,5_24_38_74_22_
12:22:07,162.00,1,1060,162.00_162.50_163.00_163.50_164.00_,6_31_52_19_76_,161.50_161.00_160.50_160.00_159.50_,1_24_38_74_22_
12:22:07,162.00,1,1060,162.00_162.50_163.00_163.50_164.00_,6_31_52_19_76_,161.50_161.00_160.50_160.00_159.50_,1_24_38_74_22_
12:23:55,162.00,1,1061,162.00_162.50_163.00_163.50_164.00_,4_31_52_19_76_,161.50_161.00_160.50_160.00_159.50_,3_24_38_74_22_
12:30:03,162.00,1,1072,162.00_162.50_163.00_163.50_164.00_,6_30_52_18_76_,161.50_161.00_160.50_160.00_159.50_,4_26_39_74_22_
12:30:55,162.00,1,1072,162.00_162.50_163.00_163.50_164.00_,12_30_52_18_76_,161.50_161.00_160.50_160.00_159.50_,8_25_39_74_22_
12:31:26,162.00,1,1072,162.00_162.50_163.00_163.50_164.00_,12_30_52_18_76_,161.50_161.00_160.50_160.00_159.50_,8_25_39_75_22_
12:31:26,162.00,1,1072,162.00_162.50_163.00_163.50_164.00_,12_30_52_18_76_,161.50_161.00_160.50_160.00_159.50_,8_25_39_75_22_
12:31:36,162.00,1,1073,162.00_162.50_163.00_163.50_164.00_,11_30_52_19_76_,161.50_161.00_160.50_160.00_159.50_,7_25_39_75_22_
12:31:36,162.00,1,1073,162.00_162.50_163.00_163.50_164.00_,11_30_52_19_76_,161.50_161.00_160.50_160.00_159.50_,7_25_39_75_22_
12:31:36,162.00,1,1073,162.00_162.50_163.00_163.50_164.00_,11_30_52_19_76_,161.50_161.00_160.50_160.00_159.50_,7_25_39_75_22_
12:32:22,161.50,1,1074,162.00_162.50_163.00_163.50_164.00_,11_30_52_19_76_,161.50_161.00_160.50_160.00_159.50_,9_25_40_75_22_
12:32:22,161.50,1,1074,162.00_162.50_163.00_163.50_164.00_,11_30_52_19_76_,161.50_161.00_160.50_160.00_159.50_,9_25_40_75_22_
12:33:08,162.00,1,1075,162.00_162.50_163.00_163.50_164.00_,10_30_52_19_76_,161.50_161.00_160.50_160.00_159.50_,9_25_40_75_22_
12:33:29,162.00,1,1076,162.00_162.50_163.00_163.50_164.00_,9_30_52_19_76_,161.50_161.00_160.50_160.00_159.50_,8_25_40_75_22_
12:33:29,162.00,1,1076,162.00_162.50_163.00_163.50_164.00_,9_30_52_19_76_,161.50_161.00_160.50_160.00_159.50_,8_25_40_75_22_
12:33:29,162.00,1,1076,162.00_162.50_163.00_163.50_164.00_,9_30_52_19_76_,161.50_161.00_160.50_160.00_159.50_,8_25_40_75_22_
12:33:49,162.00,1,1076,162.00_162.50_163.00_163.50_164.00_,9_30_52_19_76_,161.50_161.00_160.50_160.00_159.50_,9_25_40_75_22_
12:34:15,162.00,1,1080,162.00_162.50_163.00_163.50_164.00_,5_30_52_19_75_,161.50_161.00_160.50_160.00_159.50_,10_25_40_75_22_
12:34:15,162.00,1,1080,162.00_162.50_163.00_163.50_164.00_,5_30_52_19_75_,161.50_161.00_160.50_160.00_159.50_,10_25_40_75_22_
12:34:51,162.00,1,1081,162.00_162.50_163.00_163.50_164.00_,5_30_53_19_75_,161.50_161.00_160.50_160.00_159.50_,11_25_39_75_22_
12:35:47,162.00,2,1083,162.00_162.50_163.00_163.50_164.00_,8_30_53_19_70_,161.50_161.00_160.50_160.00_159.50_,11_25_38_75_22_
12:35:47,162.00,2,1083,162.00_162.50_163.00_163.50_164.00_,8_30_53_19_70_,161.50_161.00_160.50_160.00_159.50_,11_25_38_75_22_
12:37:14,162.00,2,1089,162.00_162.50_163.00_163.50_164.00_,2_29_53_19_70_,161.50_161.00_160.50_160.00_159.50_,12_25_38_75_22_
12:37:19,162.00,2,1091,162.50_163.00_163.50_164.00_164.50_,29_53_19_70_26_,162.00_161.50_161.00_160.50_160.00_,1_11_25_38_75_
12:37:25,162.50,4,1095,162.50_163.00_163.50_164.00_164.50_,25_52_20_70_26_,162.00_161.50_161.00_160.50_160.00_,1_9_35_32_71_
12:38:06,162.50,1,1097,162.50_163.00_163.50_164.00_164.50_,24_53_20_70_26_,162.00_161.50_161.00_160.50_160.00_,4_18_33_22_71_
12:38:06,162.50,1,1097,162.50_163.00_163.50_164.00_164.50_,24_53_20_70_26_,162.00_161.50_161.00_160.50_160.00_,4_18_33_22_71_
12:38:26,162.00,1,1098,162.50_163.00_163.50_164.00_164.50_,24_53_20_70_26_,162.00_161.50_161.00_160.50_160.00_,3_18_33_22_71_
12:38:47,162.00,1,1098,162.50_163.00_163.50_164.00_164.50_,24_53_20_70_26_,162.00_161.50_161.00_160.50_160.00_,7_18_33_22_71_
12:39:02,162.00,1,1098,162.50_163.00_163.50_164.00_164.50_,24_53_20_70_26_,162.00_161.50_161.00_160.50_160.00_,8_18_33_22_71_
12:39:02,162.00,1,1098,162.50_163.00_163.50_164.00_164.50_,24_53_20_70_26_,162.00_161.50_161.00_160.50_160.00_,8_18_33_22_71_
12:41:31,162.50,2,1104,162.50_163.00_163.50_164.00_164.50_,15_47_29_69_26_,162.00_161.50_161.00_160.50_160.00_,12_19_32_42_71_
12:41:41,162.50,1,1105,162.50_163.00_163.50_164.00_164.50_,15_47_29_69_26_,162.00_161.50_161.00_160.50_160.00_,12_19_32_42_72_
12:41:41,162.50,1,1105,162.50_163.00_163.50_164.00_164.50_,15_47_29_69_26_,162.00_161.50_161.00_160.50_160.00_,12_19_32_42_72_
12:41:41,162.50,1,1105,162.50_163.00_163.50_164.00_164.50_,15_47_29_69_26_,162.00_161.50_161.00_160.50_160.00_,12_19_32_42_72_
12:41:56,162.50,1,1105,162.50_163.00_163.50_164.00_164.50_,15_47_29_69_26_,162.00_161.50_161.00_160.50_160.00_,13_19_32_42_72_
12:41:56,162.50,1,1105,162.50_163.00_163.50_164.00_164.50_,15_47_29_69_26_,162.00_161.50_161.00_160.50_160.00_,13_19_32_42_72_
12:41:56,162.50,1,1105,162.50_163.00_163.50_164.00_164.50_,15_47_29_69_26_,162.00_161.50_161.00_160.50_160.00_,13_19_32_42_72_
12:41:56,162.50,1,1105,162.50_163.00_163.50_164.00_164.50_,15_47_29_69_26_,162.00_161.50_161.00_160.50_160.00_,13_19_32_42_72_
12:42:48,162.00,1,1107,162.50_163.00_163.50_164.00_164.50_,14_47_29_69_26_,162.00_161.50_161.00_160.50_160.00_,14_18_32_42_72_
12:45:06,162.50,1,1114,162.50_163.00_163.50_164.00_164.50_,31_47_15_69_32_,162.00_161.50_161.00_160.50_160.00_,11_15_32_45_72_
12:45:06,162.50,1,1114,162.50_163.00_163.50_164.00_164.50_,31_47_15_69_32_,162.00_161.50_161.00_160.50_160.00_,11_15_32_45_72_
12:45:22,162.50,1,1115,162.50_163.00_163.50_164.00_164.50_,30_47_15_69_32_,162.00_161.50_161.00_160.50_160.00_,12_15_32_45_72_
12:49:22,162.00,6,1150,162.50_163.00_163.50_164.00_164.50_,24_50_15_69_30_,162.00_161.50_161.00_160.50_160.00_,1_15_31_45_72_
12:49:27,162.00,1,1151,162.00_162.50_163.00_163.50_164.00_,2_22_49_15_69_,161.50_161.00_160.50_160.00_159.50_,6_31_54_72_22_
12:49:32,162.00,1,1151,162.00_162.50_163.00_163.50_164.00_,2_22_49_14_69_,161.50_161.00_160.50_160.00_159.50_,7_21_60_76_22_
12:49:53,161.50,1,1153,162.00_162.50_163.00_163.50_164.00_,8_23_48_14_69_,161.50_161.00_160.50_160.00_159.50_,4_21_60_76_22_
12:51:25,161.50,1,1160,162.00_162.50_163.00_163.50_164.00_,20_24_38_14_69_,161.00_160.50_160.00_159.50_159.00_,22_28_82_48_27_
12:51:56,162.00,1,1161,161.50_162.00_162.50_163.00_163.50_,1_20_24_38_14_,161.00_160.50_160.00_159.50_159.00_,23_38_73_47_27_
12:51:56,162.00,1,1161,161.50_162.00_162.50_163.00_163.50_,1_20_24_38_14_,161.00_160.50_160.00_159.50_159.00_,23_38_73_47_27_
12:53:03,161.50,1,1166,162.00_162.50_163.00_163.50_164.00_,29_25_37_14_50_,161.00_160.50_160.00_159.50_159.00_,15_38_85_42_27_
12:53:13,161.00,1,1167,162.00_162.50_163.00_163.50_164.00_,39_25_37_14_50_,161.00_160.50_160.00_159.50_159.00_,24_37_76_42_27_
12:53:13,161.00,1,1167,162.00_162.50_163.00_163.50_164.00_,39_25_37_14_50_,161.00_160.50_160.00_159.50_159.00_,24_37_76_42_27_
12:53:18,161.00,1,1167,162.00_162.50_163.00_163.50_164.00_,39_25_37_14_50_,161.00_160.50_160.00_159.50_159.00_,25_37_76_42_27_
12:53:49,161.00,1,1167,161.50_162.00_162.50_163.00_163.50_,6_39_25_38_14_,161.00_160.50_160.00_159.50_159.00_,16_29_91_46_27_
12:53:59,161.00,1,1167,161.50_162.00_162.50_163.00_163.50_,6_39_25_38_14_,161.00_160.50_160.00_159.50_159.00_,16_29_92_46_27_
12:54:35,161.50,2,1172,161.50_162.00_162.50_163.00_163.50_,6_35_25_38_14_,161.00_160.50_160.00_159.50_159.00_,15_29_92_46_27_
12:54:35,161.50,2,1172,161.50_162.00_162.50_163.00_163.50_,6_35_25_38_14_,161.00_160.50_160.00_159.50_159.00_,15_29_92_46_27_
12:54:35,161.50,2,1172,161.50_162.00_162.50_163.00_163.50_,6_35_25_38_14_,161.00_160.50_160.00_159.50_159.00_,15_29_92_46_27_
12:54:35,161.50,2,1172,161.50_162.00_162.50_163.00_163.50_,6_35_25_38_14_,161.00_160.50_160.00_159.50_159.00_,15_29_92_46_27_
12:55:06,161.50,2,1172,161.50_162.00_162.50_163.00_163.50_,6_35_25_38_14_,161.00_160.50_160.00_159.50_159.00_,15_29_93_46_27_
12:55:11,161.50,2,1172,161.50_162.00_162.50_163.00_163.50_,6_35_25_38_14_,161.00_160.50_160.00_159.50_159.00_,16_29_93_46_27_
12:55:11,161.50,2,1172,161.50_162.00_162.50_163.00_163.50_,6_35_25_38_14_,161.00_160.50_160.00_159.50_159.00_,16_29_93_46_27_
12:55:11,161.50,2,1172,161.50_162.00_162.50_163.00_163.50_,6_35_25_38_14_,161.00_160.50_160.00_159.50_159.00_,16_29_93_46_27_
12:55:37,161.50,1,1173,161.50_162.00_162.50_163.00_163.50_,5_35_25_38_13_,161.00_160.50_160.00_159.50_159.00_,16_29_93_46_27_
12:56:12,161.50,2,1175,161.50_162.00_162.50_163.00_163.50_,3_35_26_38_13_,161.00_160.50_160.00_159.50_159.00_,15_29_93_37_26_
12:56:38,161.50,2,1175,161.50_162.00_162.50_163.00_163.50_,8_35_26_33_13_,161.00_160.50_160.00_159.50_159.00_,16_29_93_37_26_
12:57:19,161.50,1,1176,161.50_162.00_162.50_163.00_163.50_,7_36_26_33_13_,161.00_160.50_160.00_159.50_159.00_,16_29_94_37_26_
12:57:29,161.50,1,1177,161.50_162.00_162.50_163.00_163.50_,6_36_26_33_13_,161.00_160.50_160.00_159.50_159.00_,16_29_94_37_26_
12:59:07,161.50,1,1182,161.50_162.00_162.50_163.00_163.50_,4_36_26_33_13_,161.00_160.50_160.00_159.50_159.00_,18_29_93_37_26_
