09:00:21,79.20,11,229,79.30_79.40_79.50_79.60_79.70_,7_30_36_31_37_,79.20_79.10_79.00_78.90_78.80_,6_26_97_11_38_
09:03:11,79.50,25,852,79.50_79.60_79.70_79.80_79.90_,40_9_42_65_26_,79.40_79.30_79.20_79.10_79.00_,19_6_6_42_154_
09:03:36,79.40,8,903,79.40_79.50_79.60_79.70_79.80_,11_41_7_42_65_,79.20_79.10_79.00_78.90_78.80_,8_35_155_8_43_
09:04:12,79.30,10,973,79.30_79.40_79.50_79.60_79.70_,8_16_46_10_42_,79.20_79.10_79.00_78.90_78.80_,10_36_155_8_43_
09:04:22,79.30,5,1000,79.30_79.40_79.50_79.60_79.70_,4_17_46_10_43_,79.10_79.00_78.90_78.80_78.70_,36_155_8_33_20_
09:04:38,79.20,5,1049,79.30_79.40_79.50_79.60_79.70_,6_5_46_10_43_,79.20_79.10_79.00_78.90_78.80_,13_11_144_8_33_
09:05:14,79.20,10,1131,79.30_79.40_79.50_79.60_79.70_,13_5_49_10_43_,79.20_79.10_79.00_78.90_78.80_,8_3_145_8_43_
09:05:19,79.30,2,1133,79.30_79.40_79.50_79.60_79.70_,14_5_49_10_43_,79.20_79.10_79.00_78.90_78.80_,9_3_146_8_43_
09:05:24,79.30,12,1145,79.30_79.40_79.50_79.60_79.70_,12_5_49_10_43_,79.20_79.10_79.00_78.90_78.80_,11_3_146_8_43_
09:05:50,79.00,13,1246,79.20_79.30_79.40_79.50_79.60_,11_10_5_48_9_,79.00_78.90_78.80_78.70_78.60_,80_8_33_11_19_
09:06:15,78.70,24,1395,78.80_78.90_79.00_79.10_79.20_,11_4_143_4_15_,78.70_78.60_78.50_78.40_78.30_,5_9_20_105_1_
09:06:36,78.60,12,1454,78.70_78.80_78.90_79.00_79.20_,6_11_3_38_13_,78.60_78.50_78.40_78.30_78.20_,9_22_96_1_11_
09:07:02,78.70,19,1528,78.90_79.00_79.20_79.30_79.40_,1_13_13_15_11_,78.70_78.60_78.50_78.40_78.30_,1_16_32_100_1_
09:07:07,79.00,2,1530,79.00_79.20_79.30_79.40_79.50_,12_13_15_11_36_,78.90_78.80_78.70_78.60_78.50_,3_3_2_15_23_
09:07:43,78.90,20,1569,79.00_79.20_79.30_79.40_79.50_,50_7_12_13_37_,78.90_78.80_78.70_78.60_78.50_,1_26_3_25_26_
09:07:48,79.00,7,1576,79.00_79.20_79.30_79.40_79.50_,40_7_12_13_37_,78.90_78.80_78.70_78.60_78.50_,7_27_3_16_36_
09:07:53,78.90,3,1579,79.00_79.20_79.30_79.40_79.50_,40_7_12_13_37_,78.90_78.80_78.70_78.60_78.50_,6_27_3_16_36_
09:07:58,78.90,2,1581,79.00_79.20_79.30_79.40_79.50_,40_5_12_13_37_,78.90_78.80_78.70_78.60_78.50_,6_27_3_16_36_
09:08:03,79.00,12,1593,79.00_79.20_79.30_79.40_79.50_,49_5_12_13_37_,78.90_78.80_78.70_78.60_78.50_,8_27_4_16_36_
09:08:49,79.20,4,1682,79.20_79.30_79.40_79.50_79.60_,19_9_12_38_17_,79.10_79.00_78.90_78.80_78.70_,3_29_9_46_14_
09:09:10,79.20,7,1712,79.20_79.30_79.40_79.50_79.60_,1_9_12_39_17_,79.10_79.00_78.90_78.80_78.70_,5_27_9_56_14_
09:09:15,79.20,2,1714,79.30_79.40_79.50_79.60_79.70_,9_12_40_17_55_,79.20_79.10_79.00_78.90_78.80_,1_6_26_9_56_
09:09:20,79.20,6,1720,79.30_79.40_79.50_79.60_79.70_,9_12_40_17_55_,79.20_79.10_79.00_78.90_78.80_,1_6_26_9_66_
09:12:29,79.00,10,1898,79.10_79.20_79.30_79.40_79.50_,2_34_19_24_43_,79.00_78.90_78.80_78.70_78.60_,6_18_21_10_34_
09:12:55,79.10,3,1918,79.20_79.30_79.40_79.50_79.60_,29_19_24_43_12_,79.00_78.90_78.80_78.70_78.60_,2_17_24_10_34_
09:13:00,79.10,3,1918,79.20_79.30_79.40_79.50_79.60_,29_20_24_43_12_,79.00_78.90_78.80_78.70_78.60_,2_15_24_10_44_
09:13:05,79.00,2,1920,79.20_79.30_79.40_79.50_79.60_,29_20_24_43_12_,79.00_78.90_78.80_78.70_78.60_,4_15_24_10_44_
09:13:10,79.20,5,1925,79.20_79.30_79.40_79.50_79.60_,27_19_24_43_12_,79.00_78.90_78.80_78.70_78.60_,5_15_24_10_44_
09:13:15,79.20,5,1930,79.20_79.30_79.40_79.50_79.60_,24_19_24_43_12_,79.10_79.00_78.90_78.80_78.70_,1_16_15_24_10_
09:13:21,79.20,5,1935,79.20_79.30_79.40_79.50_79.60_,29_19_15_43_13_,79.10_79.00_78.90_78.80_78.70_,1_21_15_24_20_
09:13:26,79.00,24,1959,79.00_79.10_79.20_79.30_79.40_,57_1_14_19_15_,78.90_78.80_78.70_78.60_78.50_,15_24_20_34_54_
09:13:36,78.90,6,1980,79.00_79.10_79.20_79.30_79.40_,10_15_4_10_16_,78.90_78.80_78.70_78.60_78.50_,4_24_10_34_64_
09:13:41,79.00,8,1988,79.00_79.10_79.20_79.30_79.40_,2_15_4_10_16_,78.90_78.80_78.70_78.60_78.50_,3_24_10_34_64_
09:13:46,78.90,6,1994,78.90_79.00_79.10_79.20_79.30_,2_4_15_3_10_,78.80_78.70_78.60_78.50_78.40_,24_9_34_64_89_
09:14:12,79.00,16,2022,79.10_79.20_79.30_79.40_79.50_,14_14_10_16_43_,79.00_78.90_78.80_78.70_78.60_,12_8_23_15_44_
09:14:22,79.10,3,2025,79.10_79.20_79.30_79.40_79.50_,2_14_19_11_46_,79.00_78.90_78.80_78.70_78.60_,16_6_23_15_44_
09:14:27,79.00,14,2039,79.10_79.20_79.30_79.40_79.50_,2_14_19_12_46_,79.00_78.90_78.80_78.70_78.60_,4_6_23_15_44_
09:14:32,79.00,1,2040,79.10_79.20_79.30_79.40_79.50_,2_14_19_12_49_,79.00_78.90_78.80_78.70_78.60_,4_6_23_15_44_
09:14:48,79.10,9,2055,79.10_79.20_79.30_79.40_79.50_,7_5_10_14_49_,78.90_78.80_78.70_78.60_78.50_,26_25_15_34_40_
09:15:44,79.00,10,2108,79.10_79.20_79.30_79.40_79.50_,10_9_10_13_46_,79.00_78.90_78.80_78.70_78.60_,6_29_25_16_45_
09:16:00,79.00,2,2116,79.00_79.10_79.20_79.30_79.40_,14_16_8_10_13_,78.90_78.80_78.70_78.60_78.50_,29_25_16_45_53_
09:16:35,79.10,10,2182,79.10_79.20_79.30_79.40_79.50_,12_8_10_14_44_,79.00_78.90_78.80_78.70_78.60_,5_21_15_17_35_
09:16:46,79.10,12,2194,79.20_79.30_79.40_79.50_79.60_,8_9_14_46_18_,79.10_79.00_78.90_78.80_78.70_,6_41_22_15_17_
09:16:56,79.40,22,2223,79.40_79.50_79.60_79.70_79.80_,4_46_18_46_57_,79.20_79.10_79.00_78.90_78.80_,4_10_45_22_15_
09:17:47,80.00,28,2465,80.00_80.10_80.20_80.30_80.40_,21_12_15_35_18_,79.80_79.70_79.60_79.50_79.40_,15_14_6_16_16_
09:18:13,80.00,21,2594,80.10_80.20_80.30_80.40_80.50_,8_17_35_18_44_,80.00_79.90_79.80_79.70_79.60_,66_3_1_10_15_
09:18:23,80.00,29,2642,80.10_80.20_80.30_80.40_80.50_,8_17_35_18_33_,80.00_79.90_79.80_79.70_79.60_,16_4_1_10_15_
09:18:28,80.00,17,2659,80.00_80.10_80.20_80.30_80.40_,20_9_16_35_18_,79.90_79.80_79.70_79.60_79.50_,4_1_10_15_16_
09:19:55,79.90,1,2793,79.90_80.00_80.10_80.20_80.30_,3_31_11_16_37_,79.70_79.60_79.50_79.30_79.20_,10_8_20_1_20_
09:20:00,79.90,1,2793,79.90_80.00_80.10_80.20_80.30_,6_31_11_16_37_,79.80_79.70_79.60_79.50_79.30_,4_10_8_20_6_
09:20:06,79.70,17,2810,79.70_79.90_80.00_80.10_80.20_,13_6_32_11_16_,79.60_79.50_79.30_79.20_79.10_,8_20_16_10_9_
09:20:57,79.80,2,2870,79.90_80.00_80.10_80.20_80.30_,11_28_11_16_37_,79.70_79.60_79.50_79.40_79.30_,2_11_20_12_24_
09:21:58,79.80,1,2925,79.80_79.90_80.00_80.10_80.20_,9_21_56_12_16_,79.60_79.50_79.40_79.30_79.20_,10_17_12_12_20_
09:22:44,79.60,1,2975,79.70_79.80_79.90_80.00_80.10_,3_15_20_59_12_,79.50_79.40_79.30_79.20_79.10_,11_12_12_22_21_
09:23:10,79.40,1,2991,79.50_79.60_79.70_79.80_79.90_,1_3_6_14_21_,79.40_79.30_79.20_79.10_79.00_,11_14_12_21_58_
09:25:23,79.80,2,3088,79.80_79.90_80.00_80.10_80.20_,15_18_67_12_15_,79.70_79.60_79.50_79.40_79.30_,1_1_7_23_27_
09:25:54,79.70,1,3116,79.80_79.90_80.00_80.10_80.20_,7_27_73_12_15_,79.70_79.60_79.50_79.40_79.30_,4_1_10_24_18_
09:26:04,79.70,2,3118,79.80_79.90_80.00_80.10_80.20_,8_23_73_12_15_,79.70_79.60_79.50_79.40_79.30_,12_1_10_4_37_
09:28:23,80.50,51,3988,80.50_80.60_80.70_80.80_80.90_,26_38_31_23_34_,80.40_80.30_80.20_80.10_80.00_,3_16_22_22_16_
09:28:49,80.20,22,4051,80.20_80.30_80.40_80.50_80.60_,2_18_33_43_28_,80.10_80.00_79.90_79.80_79.70_,13_16_1_1_14_
09:28:54,80.30,11,4062,80.30_80.40_80.50_80.60_80.70_,16_32_43_28_33_,80.10_80.00_79.90_79.80_79.70_,3_16_1_2_14_
09:28:59,80.10,11,4073,80.20_80.30_80.40_80.50_80.60_,3_15_28_41_27_,80.00_79.90_79.80_79.70_79.60_,17_1_2_14_7_
09:29:55,80.20,12,4171,80.20_80.30_80.40_80.50_80.60_,1_15_13_48_29_,80.10_80.00_79.90_79.80_79.70_,18_21_2_21_2_
09:30:16,80.20,20,4209,80.20_80.30_80.40_80.50_80.60_,1_17_11_51_29_,80.10_80.00_79.90_79.80_79.70_,17_22_2_16_12_
09:30:21,80.10,3,4212,80.20_80.30_80.40_80.50_80.60_,4_17_11_46_29_,80.10_80.00_79.90_79.80_79.70_,18_22_2_16_12_
09:30:26,80.10,10,4222,80.20_80.30_80.40_80.50_80.60_,7_17_12_46_29_,80.10_80.00_79.90_79.80_79.70_,23_23_2_17_12_
09:30:31,80.10,8,4230,80.20_80.30_80.40_80.50_80.60_,10_17_12_46_29_,80.10_80.00_79.90_79.80_79.70_,20_23_2_17_12_
09:30:36,80.20,10,4240,80.20_80.30_80.40_80.50_80.60_,9_17_12_46_29_,80.10_80.00_79.90_79.80_79.70_,22_22_4_17_12_
09:30:41,80.20,1,4241,80.20_80.30_80.40_80.50_80.60_,6_17_12_46_29_,80.10_80.00_79.90_79.80_79.70_,24_21_4_17_12_
09:31:02,80.10,11,4274,80.20_80.30_80.40_80.50_80.60_,15_16_12_46_38_,80.10_80.00_79.90_79.80_79.70_,11_23_6_17_12_
09:31:58,80.10,2,4320,80.20_80.30_80.40_80.50_80.60_,29_16_13_49_42_,80.10_80.00_79.90_79.80_79.70_,2_22_7_18_12_
09:32:34,79.80,4,4366,79.90_80.00_80.10_80.20_80.30_,1_21_12_22_16_,79.80_79.70_79.60_79.50_79.40_,20_2_9_26_8_
09:32:49,79.80,18,4386,79.80_79.90_80.00_80.10_80.20_,3_2_5_10_22_,79.70_79.60_79.50_79.40_79.30_,5_9_16_8_17_
09:33:05,79.80,5,4396,79.90_80.00_80.10_80.20_80.30_,3_9_9_21_15_,79.70_79.60_79.50_79.40_79.30_,8_12_17_8_17_
09:34:47,80.00,6,4444,80.10_80.20_80.30_80.40_80.50_,9_21_15_13_69_,80.00_79.90_79.80_79.70_79.60_,5_11_29_36_28_
09:37:31,80.90,22,4795,80.90_81.00_81.10_81.20_81.30_,28_109_23_9_18_,80.80_80.70_80.60_80.50_80.40_,8_16_31_14_48_
09:37:37,80.90,19,4814,80.90_81.00_81.10_81.20_81.30_,19_108_23_10_18_,80.80_80.70_80.60_80.50_80.40_,9_16_18_14_48_
09:38:28,81.30,86,5190,81.30_81.40_81.50_81.60_81.70_,17_54_25_17_3_,81.20_81.10_81.00_80.90_80.80_,5_8_60_13_4_
09:38:38,81.10,35,5261,81.20_81.30_81.40_81.50_81.60_,15_21_54_26_17_,81.10_81.00_80.90_80.80_80.70_,1_75_12_14_11_
09:43:04,80.80,7,5685,80.80_80.90_81.00_81.10_81.20_,17_29_118_25_36_,80.70_80.60_80.50_80.40_80.30_,19_29_20_12_15_
09:44:01,81.00,10,5880,81.10_81.20_81.30_81.40_81.50_,19_43_40_58_38_,81.00_80.90_80.80_80.70_80.60_,10_77_18_51_20_
09:44:06,81.20,26,5906,81.20_81.30_81.40_81.50_81.60_,38_40_58_38_24_,81.10_81.00_80.90_80.80_80.70_,2_18_74_11_50_
09:44:11,81.20,26,5932,81.20_81.30_81.40_81.50_81.60_,12_40_56_38_24_,81.10_81.00_80.90_80.80_80.70_,7_17_72_11_60_
09:44:21,81.30,29,5976,81.30_81.40_81.50_81.60_81.70_,35_56_37_24_3_,81.20_81.10_81.00_80.90_80.80_,12_8_15_72_70_
09:46:50,80.80,3,6217,80.90_81.00_81.10_81.20_81.30_,10_40_16_26_35_,80.80_80.70_80.60_80.50_80.40_,6_9_27_22_27_
09:46:55,80.80,6,6223,80.80_80.90_81.00_81.10_81.20_,4_10_39_17_26_,80.70_80.60_80.50_80.40_80.30_,10_27_22_27_14_
09:47:05,80.80,1,6226,80.80_80.90_81.00_81.10_81.20_,8_10_42_17_20_,80.70_80.60_80.50_80.40_80.30_,9_27_22_8_24_
09:47:46,80.70,1,6270,81.00_81.10_81.20_81.30_81.40_,44_15_22_34_20_,80.70_80.60_80.50_80.40_80.30_,1_27_22_8_24_
09:48:12,80.80,1,6277,80.90_81.00_81.10_81.20_81.30_,6_34_16_24_34_,80.80_80.70_80.60_80.50_80.40_,12_4_28_22_27_
09:48:53,80.90,1,6307,80.90_81.00_81.10_81.20_81.30_,7_34_16_23_34_,80.80_80.70_80.60_80.50_80.40_,3_9_28_22_27_
09:49:03,80.80,1,6310,80.80_80.90_81.00_81.10_81.20_,1_11_34_16_22_,80.70_80.60_80.50_80.40_80.30_,10_29_22_27_14_
09:49:19,80.80,1,6312,80.90_81.00_81.10_81.20_81.30_,13_34_16_23_34_,80.80_80.70_80.60_80.50_80.40_,9_10_28_22_27_
09:49:49,80.80,1,6329,80.90_81.00_81.10_81.20_81.30_,14_36_16_25_34_,80.80_80.70_80.60_80.50_80.40_,2_14_28_22_20_
09:51:01,80.80,3,6474,81.00_81.20_81.30_81.40_81.50_,1_16_19_23_48_,80.80_80.70_80.60_80.50_80.40_,17_22_46_21_11_
09:51:06,81.20,4,6478,81.20_81.30_81.40_81.50_81.60_,14_20_23_46_26_,80.80_80.70_80.60_80.50_80.40_,30_13_36_30_21_
09:51:11,81.10,1,6479,81.10_81.20_81.30_81.40_81.50_,1_14_21_26_46_,81.00_80.80_80.70_80.60_80.50_,5_32_13_31_30_
09:51:16,81.10,1,6480,81.10_81.20_81.30_81.40_81.50_,2_18_22_26_46_,81.00_80.80_80.70_80.60_80.50_,5_31_22_31_31_
09:51:21,81.10,1,6480,81.10_81.20_81.30_81.40_81.50_,1_18_22_26_46_,81.00_80.90_80.80_80.70_80.60_,15_3_31_13_31_
09:52:38,81.00,7,6525,81.10_81.20_81.30_81.40_81.50_,9_32_26_30_48_,81.00_80.90_80.80_80.70_80.60_,3_8_35_13_31_
09:54:36,81.20,4,6617,81.20_81.30_81.40_81.50_81.60_,18_28_29_38_26_,81.10_81.00_80.90_80.80_80.70_,21_19_21_42_30_
09:55:22,81.30,6,6778,81.40_81.50_81.60_81.70_81.80_,5_45_21_7_35_,81.30_81.20_81.10_81.00_80.90_,2_1_5_12_12_
09:55:27,81.50,30,6808,81.50_81.60_81.70_81.80_81.90_,25_21_7_35_19_,81.40_81.30_81.20_81.10_81.00_,15_3_1_5_13_
09:55:38,81.40,6,6826,81.50_81.60_81.70_81.80_81.90_,23_21_6_36_19_,81.40_81.30_81.20_81.10_81.00_,1_9_10_15_24_
09:55:43,81.40,8,6834,81.40_81.50_81.60_81.70_81.80_,2_33_21_6_36_,81.30_81.20_81.10_81.00_80.90_,8_20_15_24_12_
09:55:48,81.40,5,6839,81.40_81.50_81.60_81.70_81.80_,15_23_21_6_36_,81.30_81.10_81.00_80.90_80.80_,10_15_24_22_33_
09:57:05,81.30,7,6936,81.40_81.50_81.60_81.70_81.80_,21_38_21_11_34_,81.20_81.10_81.00_80.90_80.80_,5_17_24_31_35_
09:57:26,81.20,2,6940,81.30_81.40_81.50_81.60_81.70_,15_23_39_22_11_,81.20_81.10_81.00_80.90_80.80_,3_8_30_19_55_
09:57:31,81.10,4,6944,81.20_81.30_81.40_81.50_81.60_,15_13_22_39_22_,81.10_81.00_80.90_80.80_80.70_,8_30_17_55_16_
09:57:36,81.10,4,6944,81.20_81.30_81.40_81.50_81.60_,19_15_31_33_22_,81.10_81.00_80.90_80.80_80.70_,9_30_18_45_46_
09:57:41,81.10,2,6946,81.20_81.30_81.40_81.50_81.60_,18_15_35_33_22_,81.10_81.00_80.90_80.80_80.70_,7_18_18_45_46_
09:57:46,81.10,5,6951,81.20_81.30_81.40_81.50_81.60_,18_15_35_33_22_,81.10_81.00_80.90_80.80_80.70_,3_18_18_45_46_
09:57:51,81.10,5,6951,81.20_81.30_81.40_81.50_81.60_,17_15_35_34_22_,81.10_81.00_80.90_80.80_80.70_,2_29_18_45_46_
09:58:32,81.00,2,6960,81.10_81.20_81.30_81.40_81.50_,8_10_22_39_44_,81.00_80.90_80.80_80.70_80.60_,29_20_45_36_50_
09:58:37,81.10,2,6962,81.10_81.20_81.30_81.40_81.50_,23_10_22_39_44_,81.00_80.90_80.80_80.70_80.60_,29_20_45_36_50_
09:58:43,81.10,2,6964,81.10_81.20_81.30_81.40_81.50_,22_10_18_39_44_,81.00_80.90_80.80_80.70_80.60_,29_21_45_36_50_
09:58:48,81.00,4,6968,81.10_81.20_81.30_81.40_81.50_,22_10_18_39_44_,81.00_80.90_80.80_80.70_80.60_,26_21_45_36_50_
09:58:53,81.00,15,6983,81.10_81.20_81.30_81.40_81.50_,22_10_18_39_44_,81.00_80.90_80.80_80.70_80.60_,15_11_45_36_50_
10:00:40,81.00,1,7035,81.10_81.20_81.30_81.40_81.50_,14_31_39_44_48_,81.00_80.90_80.80_80.70_80.60_,4_18_26_19_31_
10:00:56,81.00,1,7041,81.10_81.20_81.30_81.40_81.50_,12_31_39_44_49_,81.00_80.90_80.80_80.70_80.60_,3_18_25_20_31_
10:01:01,81.00,1,7042,81.10_81.20_81.30_81.40_81.50_,13_31_39_44_49_,81.00_80.90_80.80_80.70_80.60_,2_18_25_20_31_
10:01:47,80.90,17,7066,81.00_81.10_81.20_81.30_81.40_,11_12_36_39_45_,80.90_80.80_80.70_80.60_80.50_,9_25_23_21_38_
10:01:52,81.00,3,7069,81.00_81.10_81.20_81.30_81.40_,8_12_36_39_45_,80.90_80.80_80.70_80.60_80.50_,9_25_23_21_38_
10:02:13,81.00,2,7074,81.00_81.10_81.20_81.30_81.40_,8_24_35_39_45_,80.90_80.80_80.70_80.60_80.50_,26_25_23_21_38_
10:02:43,81.00,2,7089,81.10_81.20_81.30_81.40_81.50_,14_35_39_45_60_,81.00_80.90_80.80_80.70_80.60_,10_26_25_23_31_
10:03:24,81.00,2,7102,81.10_81.20_81.30_81.40_81.50_,15_37_39_53_60_,81.00_80.90_80.80_80.70_80.60_,12_25_25_23_31_
10:04:00,80.90,12,7133,81.00_81.10_81.20_81.30_81.40_,34_13_36_41_54_,80.90_80.80_80.70_80.60_80.50_,7_21_23_22_38_
10:04:57,80.70,3,7190,80.80_80.90_81.00_81.10_81.20_,6_22_36_13_36_,80.70_80.60_80.50_80.40_80.30_,5_23_27_10_13_
10:05:02,80.70,3,7190,80.80_80.90_81.00_81.10_81.20_,7_24_34_12_36_,80.70_80.60_80.50_80.40_80.30_,8_22_27_10_14_
10:05:07,80.70,10,7200,80.70_80.80_80.90_81.00_81.10_,2_8_24_34_12_,80.60_80.50_80.40_80.30_80.20_,22_27_10_14_13_
10:05:12,80.70,2,7202,80.70_80.80_80.90_81.00_81.10_,5_7_24_34_12_,80.60_80.50_80.40_80.30_80.20_,21_27_10_4_23_
10:05:17,80.70,2,7204,80.70_80.80_80.90_81.00_81.10_,6_8_24_30_12_,80.60_80.50_80.40_80.30_80.20_,21_27_10_4_23_
10:05:23,80.70,2,7206,80.70_80.80_80.90_81.00_81.10_,6_8_24_30_12_,80.60_80.50_80.40_80.30_80.20_,21_27_10_4_23_
10:07:10,80.90,5,7267,81.00_81.10_81.20_81.30_81.40_,31_13_36_43_53_,80.90_80.80_80.70_80.60_80.50_,5_20_31_27_29_
10:07:16,80.90,5,7267,81.00_81.10_81.20_81.30_81.40_,31_13_36_42_53_,80.90_80.80_80.70_80.60_80.50_,5_20_31_27_39_
10:07:31,81.00,5,7273,81.00_81.10_81.20_81.30_81.40_,28_13_36_42_53_,80.90_80.80_80.70_80.60_80.50_,14_26_31_27_39_
10:09:19,80.90,3,7313,81.00_81.10_81.20_81.30_81.40_,34_12_37_47_54_,80.90_80.80_80.70_80.60_80.50_,4_27_32_27_38_
10:09:24,80.90,4,7317,80.90_81.00_81.10_81.20_81.30_,3_34_12_37_47_,80.80_80.70_80.60_80.50_80.40_,27_32_27_38_10_
10:09:29,80.80,2,7319,80.90_81.00_81.10_81.20_81.30_,6_34_12_37_47_,80.80_80.70_80.60_80.50_80.40_,25_32_27_28_20_
10:09:39,80.80,2,7321,80.90_81.00_81.10_81.20_81.30_,8_34_13_37_47_,80.80_80.70_80.60_80.50_80.40_,22_32_27_28_20_
10:10:00,80.80,5,7332,80.90_81.00_81.10_81.20_81.30_,10_33_13_37_48_,80.80_80.70_80.60_80.50_80.40_,14_32_27_28_23_
10:10:20,80.80,1,7339,80.90_81.00_81.10_81.20_81.30_,9_34_13_37_48_,80.80_80.70_80.60_80.50_80.40_,6_32_27_28_25_
10:11:47,80.80,1,7398,80.80_80.90_81.00_81.10_81.20_,1_11_35_14_40_,80.70_80.60_80.50_80.40_80.30_,6_27_25_15_16_
10:12:44,80.80,4,7407,80.90_81.00_81.10_81.20_81.30_,20_37_14_40_46_,80.70_80.60_80.50_80.40_80.30_,6_27_25_25_6_
10:13:19,80.70,1,7409,80.90_81.00_81.10_81.20_81.30_,20_37_15_43_45_,80.70_80.60_80.50_80.40_80.30_,10_21_25_15_17_
10:13:25,80.70,1,7409,80.80_80.90_81.00_81.10_81.20_,1_21_37_15_43_,80.70_80.60_80.50_80.40_80.30_,10_21_25_15_17_
10:13:55,80.80,2,7414,80.80_80.90_81.00_81.10_81.20_,2_21_37_14_43_,80.70_80.60_80.50_80.40_80.30_,8_22_25_15_22_
10:14:00,80.80,1,7415,80.80_80.90_81.00_81.10_81.20_,4_20_37_13_43_,80.70_80.60_80.50_80.40_80.30_,8_22_25_15_22_
10:14:05,80.80,1,7416,80.80_80.90_81.00_81.10_81.20_,3_20_39_13_43_,80.70_80.60_80.50_80.40_80.30_,8_22_25_15_22_
10:14:11,80.80,1,7417,80.80_80.90_81.00_81.10_81.20_,2_20_39_13_43_,80.70_80.60_80.50_80.40_80.30_,9_22_25_15_22_
10:14:16,80.80,2,7419,80.90_81.00_81.10_81.20_81.30_,20_39_13_43_45_,80.70_80.60_80.50_80.40_80.30_,12_22_25_15_22_
10:14:21,80.80,1,7420,80.90_81.00_81.10_81.20_81.30_,20_39_13_42_45_,80.70_80.60_80.50_80.40_80.30_,13_22_25_15_22_
10:14:26,80.80,1,7420,80.90_81.00_81.10_81.20_81.30_,20_39_13_42_45_,80.70_80.60_80.50_80.40_80.30_,13_22_26_15_22_
10:14:31,80.80,1,7420,80.90_81.00_81.10_81.20_81.30_,20_39_13_42_45_,80.80_80.70_80.60_80.50_80.40_,6_13_22_26_15_
10:14:36,80.80,1,7420,80.90_81.00_81.10_81.20_81.30_,20_39_13_43_45_,80.80_80.70_80.60_80.50_80.40_,6_13_22_26_25_
10:15:23,80.80,1,7445,80.90_81.00_81.10_81.20_81.30_,8_39_14_43_46_,80.80_80.70_80.60_80.50_80.40_,9_13_22_26_25_
10:17:05,81.00,2,7467,81.00_81.10_81.20_81.30_81.40_,40_13_42_46_50_,80.90_80.80_80.70_80.60_80.50_,6_15_13_28_36_
10:17:10,81.00,2,7467,81.00_81.10_81.20_81.30_81.40_,45_13_42_46_50_,80.90_80.80_80.70_80.60_80.50_,6_15_13_28_36_
10:17:15,81.00,2,7469,81.00_81.10_81.20_81.30_81.40_,43_13_42_46_50_,80.90_80.80_80.70_80.60_80.50_,6_15_13_28_36_
10:17:26,81.00,1,7470,81.00_81.10_81.20_81.30_81.40_,42_13_43_46_50_,80.90_80.80_80.70_80.60_80.50_,6_15_13_28_36_
10:17:31,81.00,2,7472,81.00_81.10_81.20_81.30_81.40_,41_13_43_46_50_,80.90_80.80_80.70_80.60_80.50_,6_15_13_28_36_
10:17:36,81.00,1,7473,81.00_81.10_81.20_81.30_81.40_,40_13_43_46_50_,80.90_80.80_80.70_80.60_80.50_,7_15_13_28_36_
10:18:48,81.10,3,7526,81.10_81.20_81.30_81.40_81.50_,12_41_46_50_69_,81.00_80.90_80.80_80.70_80.60_,10_10_10_32_39_
10:18:53,81.00,3,7529,81.10_81.20_81.30_81.40_81.50_,13_41_46_50_69_,81.00_80.90_80.80_80.70_80.60_,11_10_10_32_39_
10:20:55,81.20,5,7625,81.20_81.30_81.40_81.50_81.60_,18_41_46_71_34_,81.10_81.00_80.90_80.80_80.70_,14_18_7_9_24_
10:22:17,81.20,1,7669,81.20_81.30_81.40_81.50_81.60_,1_34_46_66_33_,81.10_81.00_80.90_80.80_80.70_,13_18_5_11_24_
10:24:15,81.30,1,7750,81.30_81.40_81.50_81.60_81.70_,32_56_66_33_29_,81.20_81.10_81.00_80.90_80.80_,10_15_22_16_22_
10:24:20,81.30,1,7751,81.30_81.40_81.50_81.60_81.70_,31_56_68_33_29_,81.20_81.10_81.00_80.90_80.80_,13_15_22_16_32_
10:24:26,81.20,6,7757,81.30_81.40_81.50_81.60_81.70_,31_56_68_33_29_,81.20_81.10_81.00_80.90_80.80_,8_15_23_16_32_
10:24:31,81.30,32,7789,81.40_81.50_81.60_81.70_81.80_,58_68_33_29_34_,81.20_81.10_81.00_80.90_80.80_,3_15_23_16_32_
10:24:36,81.20,2,7791,81.40_81.50_81.60_81.70_81.80_,58_69_33_28_35_,81.20_81.10_81.00_80.90_80.80_,2_15_23_16_32_
10:24:41,81.30,1,7792,81.40_81.50_81.60_81.70_81.80_,58_64_33_28_35_,81.30_81.20_81.10_81.00_80.90_,39_17_15_23_16_
10:24:46,81.40,2,7794,81.40_81.50_81.60_81.70_81.80_,56_64_33_28_35_,81.30_81.20_81.10_81.00_80.90_,39_18_20_23_26_
10:26:34,81.40,1,8008,81.50_81.60_81.70_81.80_81.90_,30_32_28_37_45_,81.40_81.30_81.20_81.10_81.00_,6_40_3_18_15_
10:26:39,81.50,21,8029,81.50_81.60_81.70_81.80_81.90_,22_31_28_38_46_,81.40_81.30_81.20_81.10_81.00_,6_41_3_18_25_
10:26:44,81.50,6,8035,81.50_81.60_81.70_81.80_81.90_,17_33_28_40_48_,81.40_81.30_81.20_81.10_81.00_,6_41_3_18_26_
10:26:49,81.40,2,8037,81.50_81.60_81.70_81.80_81.90_,16_33_28_40_47_,81.40_81.30_81.20_81.10_81.00_,5_41_3_18_27_
10:27:41,81.40,11,8074,81.50_81.60_81.70_81.80_81.90_,39_34_29_46_47_,81.40_81.30_81.20_81.10_81.00_,2_50_4_19_27_
10:28:01,81.30,5,8088,81.40_81.50_81.60_81.70_81.80_,18_42_36_28_47_,81.30_81.20_81.10_81.00_80.90_,47_4_19_17_23_
10:28:17,81.30,6,8100,81.40_81.50_81.60_81.70_81.80_,18_40_36_28_47_,81.30_81.20_81.10_81.00_80.90_,45_4_19_17_23_
10:32:02,81.10,1,8223,81.20_81.30_81.40_81.50_81.60_,15_11_37_38_27_,81.00_80.90_80.80_80.70_80.60_,13_17_22_32_24_
10:35:02,81.00,2,8257,81.10_81.20_81.30_81.40_81.50_,4_21_12_48_37_,81.00_80.90_80.80_80.70_80.60_,11_15_24_20_34_
10:37:00,81.00,3,8291,81.10_81.20_81.30_81.40_81.50_,18_14_13_48_37_,81.00_80.90_80.80_80.70_80.60_,2_15_29_21_34_
10:37:15,80.90,10,8303,81.10_81.20_81.30_81.40_81.50_,19_14_12_48_37_,80.90_80.80_80.70_80.60_80.50_,7_29_21_34_25_
10:38:58,80.90,3,8317,80.90_81.00_81.10_81.20_81.30_,1_13_28_16_12_,80.80_80.70_80.60_80.50_80.40_,30_20_24_26_23_
10:39:03,80.90,3,8317,80.90_81.00_81.10_81.20_81.30_,2_14_27_15_12_,80.80_80.70_80.60_80.50_80.40_,30_19_24_26_23_
10:39:08,80.80,5,8322,80.90_81.00_81.10_81.20_81.30_,2_14_27_15_12_,80.80_80.70_80.60_80.50_80.40_,27_18_24_26_23_
10:39:13,80.80,5,8322,80.90_81.00_81.10_81.20_81.30_,2_15_26_15_12_,80.80_80.70_80.60_80.50_80.40_,27_18_24_26_23_
10:40:25,80.80,1,8355,80.90_81.00_81.10_81.20_81.30_,5_15_25_15_15_,80.80_80.70_80.60_80.50_80.40_,5_15_35_27_23_
10:40:35,80.90,1,8357,80.90_81.00_81.10_81.20_81.30_,4_17_25_16_14_,80.80_80.70_80.60_80.50_80.40_,4_16_35_29_23_
10:40:40,80.90,1,8358,80.90_81.00_81.10_81.20_81.30_,3_17_25_16_14_,80.80_80.70_80.60_80.50_80.40_,4_16_25_29_23_
10:40:45,80.90,2,8360,80.90_81.00_81.10_81.20_81.30_,1_18_25_16_14_,80.80_80.70_80.60_80.50_80.40_,4_17_25_29_23_
10:42:58,81.10,1,8417,81.10_81.20_81.30_81.40_81.50_,6_16_12_47_46_,81.00_80.90_80.80_80.70_80.60_,6_3_47_16_36_
10:43:09,81.10,5,8422,81.10_81.20_81.30_81.40_81.50_,1_16_12_47_46_,81.00_80.90_80.80_80.70_80.60_,7_7_46_16_36_
10:43:14,81.10,5,8422,81.10_81.20_81.30_81.40_81.50_,1_16_12_47_46_,81.00_80.90_80.80_80.70_80.60_,8_7_46_17_36_
10:49:18,81.40,2,8587,81.30_81.40_81.50_81.60_81.70_,1_19_47_24_32_,81.20_81.10_81.00_80.90_80.80_,17_21_20_13_30_
10:50:04,81.20,1,8612,81.30_81.40_81.50_81.60_81.70_,13_20_47_25_32_,81.20_81.10_81.00_80.90_80.80_,11_21_22_14_26_
10:52:48,81.20,1,8652,81.30_81.40_81.50_81.60_81.70_,19_37_43_25_32_,81.20_81.10_81.00_80.90_80.80_,3_13_24_15_36_
10:53:08,81.20,1,8660,81.20_81.30_81.40_81.50_81.60_,1_20_38_42_26_,81.10_81.00_80.90_80.80_80.70_,23_24_15_26_59_
10:53:14,81.20,1,8660,81.20_81.30_81.40_81.50_81.60_,2_21_37_42_26_,81.10_81.00_80.90_80.80_80.70_,23_24_15_26_59_
10:53:49,81.20,1,8665,81.20_81.30_81.40_81.50_81.60_,5_20_27_43_25_,81.10_81.00_80.90_80.80_80.70_,24_24_15_26_59_
10:54:05,81.20,1,8668,81.20_81.30_81.40_81.50_81.60_,5_20_27_42_25_,81.10_81.00_80.90_80.80_80.70_,24_24_15_26_59_
10:54:20,81.10,6,8674,81.20_81.30_81.40_81.50_81.60_,5_20_27_43_25_,81.10_81.00_80.90_80.80_80.70_,23_24_14_26_59_
10:55:37,81.20,1,8685,81.20_81.30_81.40_81.50_81.60_,11_21_28_42_29_,81.10_81.00_80.90_80.80_80.70_,24_22_14_27_59_
10:56:23,81.20,5,8720,81.20_81.30_81.40_81.50_81.60_,1_21_27_43_42_,81.10_81.00_80.90_80.80_80.70_,26_22_14_37_49_
10:56:28,81.20,1,8721,81.30_81.40_81.50_81.60_81.70_,21_27_43_45_28_,81.10_81.00_80.90_80.80_80.70_,25_23_14_27_59_
10:56:34,81.20,1,8722,81.30_81.40_81.50_81.60_81.70_,21_27_43_44_29_,81.10_81.00_80.90_80.80_80.70_,25_23_14_27_59_
10:56:39,81.20,1,8722,81.20_81.30_81.40_81.50_81.60_,1_22_27_43_44_,81.10_81.00_80.90_80.80_80.70_,25_23_14_27_59_
10:56:44,81.20,2,8724,81.30_81.40_81.50_81.60_81.70_,22_27_43_45_28_,81.10_81.00_80.90_80.80_80.70_,25_23_14_27_59_
10:57:35,81.30,1,8764,81.40_81.50_81.60_81.70_81.80_,28_43_46_28_75_,81.30_81.20_81.10_81.00_80.90_,13_12_25_22_24_
10:58:01,81.40,11,8786,81.40_81.50_81.60_81.70_81.80_,3_42_46_30_76_,81.30_81.20_81.10_81.00_80.90_,32_23_25_22_24_
10:58:06,81.40,6,8792,81.40_81.50_81.60_81.70_81.80_,1_42_46_30_76_,81.30_81.20_81.10_81.00_80.90_,32_22_25_22_24_
10:58:11,81.40,1,8793,81.50_81.60_81.70_81.80_81.90_,43_46_30_76_59_,81.40_81.30_81.20_81.10_81.00_,28_34_21_24_22_
10:58:16,81.40,1,8794,81.50_81.60_81.70_81.80_81.90_,43_46_30_75_60_,81.40_81.30_81.20_81.10_81.00_,30_33_21_21_32_
10:58:21,81.50,2,8796,81.50_81.60_81.70_81.80_81.90_,42_46_30_75_60_,81.40_81.30_81.20_81.10_81.00_,33_31_20_21_32_
10:58:27,81.50,1,8797,81.50_81.60_81.70_81.80_81.90_,42_45_30_76_60_,81.40_81.30_81.20_81.10_81.00_,43_31_20_21_32_
10:58:37,81.50,25,8828,81.50_81.60_81.70_81.80_81.90_,10_47_30_76_60_,81.40_81.30_81.20_81.10_81.00_,44_31_20_21_33_
10:58:47,81.50,10,8844,81.60_81.70_81.80_81.90_82.00_,48_30_76_60_207_,81.50_81.40_81.30_81.20_81.10_,3_44_29_20_21_
11:00:14,81.40,1,8910,81.40_81.50_81.60_81.70_81.80_,17_39_49_31_76_,81.30_81.20_81.10_81.00_80.90_,1_5_21_21_24_
11:00:19,81.30,1,8911,81.40_81.50_81.60_81.70_81.80_,21_39_48_31_76_,81.30_81.20_81.10_81.00_80.90_,2_9_21_21_24_
11:01:36,81.30,3,8939,81.30_81.40_81.50_81.60_81.70_,13_23_45_50_30_,81.20_81.10_81.00_80.90_80.80_,14_21_21_24_27_
11:02:53,81.30,5,8976,81.40_81.50_81.60_81.70_81.80_,17_46_46_30_76_,81.30_81.20_81.10_81.00_80.90_,19_13_22_21_24_
11:04:00,81.40,2,9002,81.40_81.50_81.60_81.70_81.80_,25_44_46_30_75_,81.30_81.20_81.10_81.00_80.90_,11_11_22_25_24_
11:04:36,81.40,1,9009,81.40_81.50_81.60_81.70_81.80_,25_45_46_30_75_,81.30_81.20_81.10_81.00_80.90_,15_13_22_29_24_
11:05:32,81.40,1,9016,81.40_81.50_81.60_81.70_81.80_,26_45_47_30_75_,81.30_81.20_81.10_81.00_80.90_,15_14_22_39_24_
11:05:37,81.40,1,9017,81.40_81.50_81.60_81.70_81.80_,25_45_47_30_75_,81.30_81.20_81.10_81.00_80.90_,15_14_22_39_24_
11:05:48,81.40,1,9018,81.40_81.50_81.60_81.70_81.80_,25_45_47_30_74_,81.30_81.20_81.10_81.00_80.90_,15_14_22_39_24_
11:05:53,81.40,1,9018,81.40_81.50_81.60_81.70_81.80_,29_45_47_30_74_,81.30_81.20_81.10_81.00_80.90_,15_14_22_39_24_
11:05:58,81.30,6,9024,81.40_81.50_81.60_81.70_81.80_,30_45_47_30_74_,81.30_81.20_81.10_81.00_80.90_,11_14_22_39_24_
11:06:24,81.30,1,9041,81.30_81.40_81.50_81.60_81.70_,21_42_42_47_31_,81.20_81.10_81.00_80.90_80.80_,13_22_39_14_37_
11:06:34,81.30,1,9044,81.30_81.40_81.50_81.60_81.70_,25_42_41_46_31_,81.20_81.10_81.00_80.90_80.80_,12_22_39_15_37_
11:06:49,81.30,1,9046,81.30_81.40_81.50_81.60_81.70_,31_40_41_46_31_,81.20_81.10_81.00_80.90_80.80_,12_22_39_15_37_
11:07:00,81.30,2,9049,81.30_81.40_81.50_81.60_81.70_,32_39_41_46_31_,81.20_81.10_81.00_80.90_80.80_,12_22_39_15_37_
11:07:05,81.30,2,9049,81.30_81.40_81.50_81.60_81.70_,33_39_40_36_31_,81.20_81.10_81.00_80.90_80.80_,12_22_39_15_37_
11:07:10,81.20,2,9051,81.30_81.40_81.50_81.60_81.70_,35_39_40_36_31_,81.20_81.10_81.00_80.90_80.80_,10_22_40_15_37_
11:08:58,81.20,1,9095,81.20_81.30_81.40_81.50_81.60_,15_38_33_43_36_,81.10_81.00_80.90_80.80_80.70_,9_39_15_28_59_
11:09:08,81.20,1,9096,81.20_81.30_81.40_81.50_81.60_,14_38_33_43_36_,81.10_81.00_80.90_80.80_80.70_,9_40_15_28_59_
11:10:55,81.10,1,9122,81.10_81.20_81.30_81.40_81.50_,5_13_42_33_47_,81.00_80.90_80.80_80.70_80.60_,42_14_22_49_25_
11:11:57,81.10,2,9132,81.10_81.20_81.30_81.40_81.50_,8_22_41_33_61_,81.00_80.90_80.80_80.70_80.60_,42_14_22_49_25_
11:13:09,81.10,1,9144,81.10_81.20_81.30_81.40_81.50_,11_18_39_33_62_,81.00_80.90_80.80_80.70_80.60_,40_14_22_49_26_
11:13:19,81.10,1,9145,81.10_81.20_81.30_81.40_81.50_,11_18_39_33_62_,81.00_80.90_80.80_80.70_80.60_,40_14_22_49_26_
11:13:24,81.00,1,9146,81.10_81.20_81.30_81.40_81.50_,11_18_39_33_62_,81.00_80.90_80.80_80.70_80.60_,39_14_22_49_26_
11:13:39,81.00,1,9152,81.10_81.20_81.30_81.40_81.50_,11_18_39_33_62_,81.00_80.90_80.80_80.70_80.60_,35_14_22_49_26_
11:14:51,81.00,1,9198,81.00_81.10_81.20_81.30_81.40_,9_13_22_39_40_,80.90_80.80_80.70_80.60_80.50_,14_21_50_16_34_
11:15:22,80.90,1,9203,81.00_81.10_81.20_81.30_81.40_,13_16_22_39_40_,80.90_80.80_80.70_80.60_80.50_,14_6_50_16_34_
11:17:41,80.80,3,9281,80.90_81.00_81.10_81.20_81.30_,3_27_27_22_35_,80.80_80.70_80.60_80.50_80.40_,20_51_15_25_25_
11:18:01,80.90,1,9284,80.90_81.00_81.10_81.20_81.30_,2_27_27_22_35_,80.80_80.70_80.60_80.50_80.40_,20_50_15_25_25_
11:18:57,80.90,5,9294,80.90_81.00_81.10_81.20_81.30_,2_58_27_22_35_,80.80_80.70_80.60_80.50_80.40_,26_51_15_26_25_
11:19:03,80.90,5,9294,80.90_81.00_81.10_81.20_81.30_,2_77_27_22_35_,80.80_80.70_80.60_80.50_80.40_,26_51_15_26_25_
11:19:08,80.90,2,9296,80.90_81.00_81.10_81.20_81.30_,16_77_27_22_35_,80.80_80.70_80.60_80.50_80.40_,26_51_15_26_23_
11:19:13,80.80,2,9298,80.90_81.00_81.10_81.20_81.30_,16_77_27_22_35_,80.80_80.70_80.60_80.50_80.40_,25_51_15_26_23_
11:19:18,80.80,1,9299,80.90_81.00_81.10_81.20_81.30_,16_77_26_22_35_,80.80_80.70_80.60_80.50_80.40_,24_51_15_26_23_
11:19:23,80.90,2,9301,80.90_81.00_81.10_81.20_81.30_,14_78_26_22_35_,80.80_80.70_80.60_80.50_80.40_,24_51_15_26_23_
11:19:33,80.90,2,9301,80.90_81.00_81.10_81.20_81.30_,14_88_26_22_34_,80.80_80.70_80.60_80.50_80.40_,24_51_15_26_23_
11:19:38,80.90,1,9302,80.90_81.00_81.10_81.20_81.30_,14_88_26_24_34_,80.80_80.70_80.60_80.50_80.40_,24_51_15_26_23_
11:19:43,80.90,1,9302,80.90_81.00_81.10_81.20_81.30_,15_90_26_24_34_,80.80_80.70_80.60_80.50_80.40_,24_51_15_26_23_
11:19:49,80.90,2,9304,80.90_81.00_81.10_81.20_81.30_,23_90_26_24_34_,80.80_80.70_80.60_80.50_80.40_,24_51_15_26_23_
11:19:54,80.90,2,9306,80.90_81.00_81.10_81.20_81.30_,21_90_26_24_34_,80.80_80.70_80.60_80.50_80.40_,24_51_15_26_23_
11:19:59,80.90,2,9306,80.90_81.00_81.10_81.20_81.30_,21_90_26_24_34_,80.80_80.70_80.60_80.50_80.40_,24_51_15_26_26_
11:20:14,80.80,1,9309,80.90_81.00_81.10_81.20_81.30_,25_91_26_24_34_,80.80_80.70_80.60_80.50_80.40_,23_52_18_25_26_
11:20:29,80.90,1,9311,80.90_81.00_81.10_81.20_81.30_,26_91_26_24_34_,80.80_80.70_80.60_80.50_80.40_,23_52_18_25_26_
11:20:35,80.90,1,9312,80.90_81.00_81.10_81.20_81.30_,26_91_26_24_34_,80.80_80.70_80.60_80.50_80.40_,23_52_18_25_26_
11:20:55,80.90,1,9316,80.90_81.00_81.10_81.20_81.30_,23_91_26_24_35_,80.80_80.70_80.60_80.50_80.40_,23_52_18_24_26_
11:21:00,80.90,1,9317,80.90_81.00_81.10_81.20_81.30_,24_90_26_25_35_,80.80_80.70_80.60_80.50_80.40_,23_52_18_24_26_
11:21:10,80.90,1,9318,80.90_81.00_81.10_81.20_81.30_,25_90_26_25_35_,80.80_80.70_80.60_80.50_80.40_,22_52_18_24_26_
11:21:16,80.90,1,9319,80.90_81.00_81.10_81.20_81.30_,24_90_26_25_35_,80.80_80.70_80.60_80.50_80.40_,23_51_19_24_26_
11:23:19,80.90,2,9389,80.90_81.00_81.10_81.20_81.30_,75_100_26_26_36_,80.80_80.70_80.60_80.50_80.40_,17_15_30_24_31_
11:23:34,80.80,1,9395,80.90_81.00_81.10_81.20_81.30_,75_100_26_26_36_,80.80_80.70_80.60_80.50_80.40_,12_15_30_24_31_
11:23:44,80.80,3,9398,80.90_81.00_81.10_81.20_81.30_,75_100_26_26_36_,80.80_80.70_80.60_80.50_80.40_,11_15_52_27_31_
11:24:51,80.80,1,9415,80.90_81.00_81.10_81.20_81.30_,74_102_26_27_37_,80.80_80.70_80.60_80.50_80.40_,27_16_52_27_31_
11:25:32,80.90,1,9426,80.90_81.00_81.10_81.20_81.30_,69_102_26_27_37_,80.80_80.70_80.60_80.50_80.40_,24_37_30_27_31_
11:25:58,80.90,1,9434,80.90_81.00_81.10_81.20_81.30_,67_105_26_27_37_,80.80_80.70_80.60_80.50_80.40_,19_51_16_26_31_
11:26:03,80.90,1,9434,80.90_81.00_81.10_81.20_81.30_,68_104_26_27_37_,80.80_80.70_80.60_80.50_80.40_,19_51_16_26_31_
11:26:08,80.90,1,9435,80.90_81.00_81.10_81.20_81.30_,67_104_26_27_37_,80.80_80.70_80.60_80.50_80.40_,19_51_16_27_31_
11:26:13,80.80,2,9437,80.90_81.00_81.10_81.20_81.30_,67_104_26_27_37_,80.80_80.70_80.60_80.50_80.40_,18_51_16_27_31_
11:26:18,80.80,1,9438,80.90_81.00_81.10_81.20_81.30_,67_104_26_27_37_,80.80_80.70_80.60_80.50_80.40_,17_51_16_27_31_
11:26:23,80.80,3,9441,80.90_81.00_81.10_81.20_81.30_,67_104_26_27_37_,80.80_80.70_80.60_80.50_80.40_,15_51_16_27_31_
11:26:28,80.90,1,9442,80.90_81.00_81.10_81.20_81.30_,66_104_26_27_37_,80.80_80.70_80.60_80.50_80.40_,15_51_16_27_31_
11:26:44,80.80,1,9445,80.90_81.00_81.10_81.20_81.30_,64_104_26_27_37_,80.80_80.70_80.60_80.50_80.40_,14_51_16_29_31_
11:26:54,80.90,1,9446,80.90_81.00_81.10_81.20_81.30_,64_104_26_27_37_,80.80_80.70_80.60_80.50_80.40_,14_51_16_29_31_
11:27:45,80.90,2,9466,80.90_81.00_81.10_81.20_81.30_,62_104_25_27_37_,80.80_80.70_80.60_80.50_80.40_,2_51_16_29_31_
11:28:32,80.80,1,9478,80.80_80.90_81.00_81.10_81.20_,16_58_84_25_28_,80.70_80.60_80.50_80.40_80.30_,15_52_29_21_47_
11:28:57,80.80,1,9481,80.80_80.90_81.00_81.10_81.20_,19_59_84_25_28_,80.70_80.60_80.50_80.40_80.30_,15_52_29_21_47_
11:29:02,80.80,1,9482,80.80_80.90_81.00_81.10_81.20_,20_59_84_25_28_,80.70_80.60_80.50_80.40_80.30_,15_52_29_21_47_
11:29:07,80.80,1,9483,80.80_80.90_81.00_81.10_81.20_,19_59_84_25_28_,80.70_80.60_80.50_80.40_80.30_,16_52_28_21_47_
11:29:13,80.80,1,9483,80.80_80.90_81.00_81.10_81.20_,20_59_84_26_27_,80.70_80.60_80.50_80.40_80.30_,16_52_28_21_47_
11:29:18,80.70,2,9485,80.80_80.90_81.00_81.10_81.20_,20_59_84_26_27_,80.70_80.60_80.50_80.40_80.30_,14_52_28_21_47_
11:29:23,80.80,2,9487,80.80_80.90_81.00_81.10_81.20_,18_59_84_26_27_,80.70_80.60_80.50_80.40_80.30_,13_53_28_21_47_
11:32:02,80.70,3,9537,80.80_80.90_81.00_81.10_81.20_,41_9_57_73_31_,80.70_80.60_80.50_80.40_80.30_,7_83_58_23_47_
11:32:32,80.80,1,9543,80.80_80.90_81.00_81.10_81.20_,39_10_57_73_31_,80.70_80.60_80.50_80.40_80.30_,52_49_58_22_46_
11:33:29,80.80,3,9553,80.80_80.90_81.00_81.10_81.20_,32_9_58_74_31_,80.70_80.60_80.50_80.40_80.30_,60_50_58_22_46_
11:36:23,81.00,1,9622,81.00_81.10_81.20_81.30_81.40_,43_71_32_37_30_,80.90_80.80_80.70_80.60_80.50_,10_41_116_18_38_
11:36:49,80.90,5,9628,81.00_81.10_81.20_81.30_81.40_,42_71_33_37_30_,80.90_80.80_80.70_80.60_80.50_,9_41_117_18_38_
11:37:04,81.00,3,9631,81.00_81.10_81.20_81.30_81.40_,40_71_33_37_30_,80.90_80.80_80.70_80.60_80.50_,10_41_117_18_38_
11:37:10,81.00,2,9633,81.00_81.10_81.20_81.30_81.40_,38_71_29_37_30_,80.90_80.80_80.70_80.60_80.50_,10_41_116_18_38_
11:37:20,80.90,1,9634,81.00_81.10_81.20_81.30_81.40_,38_71_29_37_31_,80.90_80.80_80.70_80.60_80.50_,10_41_116_18_38_
11:38:06,80.90,1,9651,80.90_81.00_81.10_81.20_81.30_,38_40_69_30_36_,80.80_80.70_80.60_80.50_80.40_,27_116_19_29_32_
11:40:09,80.70,10,9696,80.90_81.00_81.10_81.20_81.30_,37_49_68_29_37_,80.70_80.60_80.50_80.40_80.30_,111_19_29_22_45_
11:45:11,81.00,1,9902,81.00_81.10_81.20_81.30_81.40_,50_68_38_36_33_,80.90_80.80_80.70_80.60_80.50_,16_11_11_37_41_
11:45:16,81.00,1,9903,81.00_81.10_81.20_81.30_81.40_,50_68_38_36_33_,80.90_80.80_80.70_80.60_80.50_,17_11_9_35_41_
11:45:22,81.00,1,9903,81.00_81.10_81.20_81.30_81.40_,49_68_38_36_33_,80.90_80.80_80.70_80.60_80.50_,18_11_9_35_41_
11:50:19,80.90,1,9971,80.90_81.00_81.10_81.20_81.30_,4_18_71_35_41_,80.80_80.70_80.60_80.50_80.40_,2_15_27_29_39_
11:50:50,80.90,3,9974,81.00_81.10_81.20_81.30_81.40_,20_69_36_40_28_,80.80_80.70_80.60_80.50_80.40_,2_15_27_29_40_
11:51:00,80.90,3,9974,81.00_81.10_81.20_81.30_81.40_,20_69_36_42_28_,80.80_80.70_80.60_80.50_80.40_,2_15_27_28_40_
11:51:05,80.90,3,9974,80.90_81.00_81.10_81.20_81.30_,1_18_70_36_42_,80.80_80.70_80.60_80.50_80.40_,2_15_27_28_40_
11:51:15,80.90,3,9974,80.90_81.00_81.10_81.20_81.30_,3_18_70_35_43_,80.80_80.70_80.60_80.50_80.40_,2_15_27_28_40_
11:51:25,80.90,3,9974,80.90_81.00_81.10_81.20_81.30_,6_20_70_35_43_,80.80_80.70_80.60_80.50_80.40_,2_15_27_28_40_
11:52:58,80.80,2,9988,80.80_80.90_81.00_81.10_81.20_,1_55_20_68_36_,80.70_80.60_80.50_80.40_80.30_,16_11_30_30_45_
11:53:13,80.80,2,9988,80.80_80.90_81.00_81.10_81.20_,1_56_19_68_36_,80.70_80.60_80.50_80.40_80.30_,16_11_30_30_45_
11:53:18,80.80,2,9988,80.80_80.90_81.00_81.10_81.20_,3_55_19_68_36_,80.70_80.60_80.50_80.40_80.30_,16_11_30_30_45_
11:53:28,80.80,1,9989,80.80_80.90_81.00_81.10_81.20_,3_55_19_68_36_,80.70_80.60_80.50_80.40_80.30_,16_11_30_30_45_
11:53:39,80.80,1,9989,80.80_80.90_81.00_81.10_81.20_,3_55_19_68_36_,80.70_80.60_80.50_80.40_80.30_,16_12_31_30_45_
11:55:06,80.80,1,9994,80.90_81.00_81.10_81.20_81.30_,56_18_68_35_41_,80.80_80.70_80.60_80.50_80.40_,1_21_13_31_40_
11:55:11,80.80,1,9994,80.90_81.00_81.10_81.20_81.30_,55_36_69_35_41_,80.80_80.70_80.60_80.50_80.40_,1_22_13_30_40_
11:55:21,80.80,1,9995,80.80_80.90_81.00_81.10_81.20_,5_55_36_69_35_,80.70_80.60_80.50_80.40_80.30_,22_13_30_40_35_
11:56:59,80.80,1,10012,80.80_80.90_81.00_81.10_81.20_,15_56_35_69_35_,80.70_80.60_80.50_80.40_80.30_,14_12_30_31_45_
11:57:04,80.80,1,10012,80.80_80.90_81.00_81.10_81.20_,17_55_34_69_35_,80.70_80.60_80.50_80.40_80.30_,14_12_30_31_45_
11:58:16,80.70,1,10013,80.80_80.90_81.00_81.10_81.20_,18_5_34_68_35_,80.70_80.60_80.50_80.40_80.30_,15_13_30_31_45_
11:58:36,80.70,1,10015,80.80_80.90_81.00_81.10_81.20_,19_5_33_68_35_,80.70_80.60_80.50_80.40_80.30_,13_13_30_31_45_
11:58:41,80.70,1,10015,80.80_80.90_81.00_81.10_81.20_,20_5_33_68_35_,80.70_80.60_80.50_80.40_80.30_,13_14_30_31_45_
11:59:02,80.70,5,10020,80.80_80.90_81.00_81.10_81.20_,20_3_33_68_35_,80.70_80.60_80.50_80.40_80.30_,8_14_30_31_45_
11:59:17,80.70,1,10021,80.80_80.90_81.00_81.10_81.20_,19_3_34_68_35_,80.70_80.60_80.50_80.40_80.30_,7_15_30_30_45_
11:59:38,80.70,1,10022,80.80_80.90_81.00_81.10_81.20_,19_3_34_68_35_,80.70_80.60_80.50_80.40_80.30_,5_15_30_30_45_
11:59:43,80.70,1,10023,80.80_80.90_81.00_81.10_81.20_,19_3_34_68_35_,80.70_80.60_80.50_80.40_80.30_,4_15_30_30_45_
11:59:48,80.70,1,10023,80.80_80.90_81.00_81.10_81.20_,19_3_34_68_35_,80.70_80.60_80.50_80.40_80.30_,6_17_30_30_45_
11:59:53,80.70,1,10023,80.80_80.90_81.00_81.10_81.20_,19_3_34_68_35_,80.70_80.60_80.50_80.40_80.30_,8_17_30_30_45_
11:59:58,80.70,1,10023,80.80_80.90_81.00_81.10_81.20_,19_3_35_68_35_,80.70_80.60_80.50_80.40_80.30_,8_17_30_30_45_
12:00:39,80.60,1,10044,80.80_80.90_81.00_81.10_81.20_,11_7_35_69_36_,80.60_80.50_80.40_80.30_80.20_,9_30_30_35_37_
12:00:49,80.60,1,10044,80.80_80.90_81.00_81.10_81.20_,11_7_35_69_36_,80.60_80.50_80.40_80.30_80.20_,9_30_30_35_38_
12:00:59,80.60,2,10046,80.80_80.90_81.00_81.10_81.20_,11_7_35_69_36_,80.60_80.50_80.40_80.30_80.20_,8_30_30_35_38_
12:01:40,80.70,3,10052,80.70_80.80_80.90_81.00_81.10_,6_8_8_36_68_,80.60_80.50_80.40_80.30_80.20_,9_30_30_35_38_
12:02:32,80.70,1,10055,80.70_80.80_80.90_81.00_81.10_,8_12_8_37_69_,80.60_80.50_80.40_80.30_80.20_,10_31_31_35_38_
12:03:02,80.60,4,10059,80.70_80.80_80.90_81.00_81.10_,8_12_8_37_69_,80.60_80.50_80.40_80.30_80.20_,7_31_31_35_38_
12:03:07,80.60,4,10059,80.70_80.80_80.90_81.00_81.10_,9_11_8_37_69_,80.60_80.50_80.40_80.30_80.20_,7_31_31_35_38_
12:03:13,80.60,1,10060,80.70_80.80_80.90_81.00_81.10_,9_11_8_37_69_,80.60_80.50_80.40_80.30_80.20_,6_31_31_35_38_
12:03:28,80.60,1,10062,80.70_80.80_80.90_81.00_81.10_,8_11_8_39_69_,80.60_80.50_80.40_80.30_80.20_,6_31_31_35_38_
12:07:09,80.80,1,10096,80.80_80.90_81.00_81.10_81.20_,11_13_38_67_36_,80.70_80.60_80.50_80.40_80.30_,3_27_30_30_45_
12:08:46,80.80,6,10115,80.80_80.90_81.00_81.10_81.20_,7_13_43_67_36_,80.70_80.60_80.50_80.40_80.30_,20_25_35_30_45_
12:09:42,80.80,1,10126,80.90_81.00_81.10_81.20_81.30_,13_45_68_35_41_,80.80_80.70_80.60_80.50_80.40_,1_19_25_57_40_
12:10:08,80.80,1,10126,80.90_81.00_81.10_81.20_81.30_,13_45_68_35_41_,80.80_80.70_80.60_80.50_80.40_,2_19_25_56_40_
12:11:25,80.70,1,10133,80.80_80.90_81.00_81.10_81.20_,4_13_52_68_36_,80.70_80.60_80.50_80.40_80.30_,13_24_56_30_23_
12:12:01,80.70,1,10136,80.80_80.90_81.00_81.10_81.20_,5_13_51_67_36_,80.70_80.60_80.50_80.40_80.30_,10_24_56_30_23_
12:12:06,80.70,1,10136,80.80_80.90_81.00_81.10_81.20_,5_13_51_68_36_,80.70_80.60_80.50_80.40_80.30_,11_24_56_30_23_
12:13:23,80.80,4,10145,80.90_81.00_81.10_81.20_81.30_,16_52_68_36_45_,80.80_80.70_80.60_80.50_80.40_,1_12_17_57_30_
12:13:28,80.80,1,10146,80.90_81.00_81.10_81.20_81.30_,16_52_68_35_46_,80.70_80.60_80.50_80.40_80.30_,12_17_57_40_13_
12:14:09,80.80,1,10149,80.90_81.00_81.10_81.20_81.30_,16_51_68_35_46_,80.80_80.70_80.60_80.50_80.40_,1_12_19_56_30_
12:15:05,80.90,3,10155,80.90_81.00_81.10_81.20_81.30_,13_51_68_36_46_,80.80_80.70_80.60_80.50_80.40_,20_12_19_56_40_
12:15:16,80.90,7,10162,80.90_81.00_81.10_81.20_81.30_,6_51_68_36_46_,80.80_80.70_80.60_80.50_80.40_,20_12_19_56_40_
12:15:57,80.90,1,10167,80.90_81.00_81.10_81.20_81.30_,2_53_68_36_46_,80.80_80.70_80.60_80.50_80.40_,24_14_19_56_40_
12:16:07,80.90,1,10167,80.90_81.00_81.10_81.20_81.30_,2_53_68_36_46_,80.80_80.70_80.60_80.50_80.40_,25_14_18_56_40_
12:18:00,81.10,5,10239,81.10_81.20_81.30_81.40_81.50_,48_22_56_27_52_,81.00_80.90_80.80_80.70_80.60_,3_12_34_38_29_
12:19:37,81.30,4,10333,81.30_81.40_81.50_81.60_81.70_,50_28_47_47_12_,81.20_81.10_81.00_80.90_80.80_,12_8_6_9_43_
12:20:49,81.20,1,10370,81.20_81.30_81.40_81.50_81.60_,3_55_27_49_49_,81.10_81.00_80.90_80.80_80.70_,8_9_16_34_43_
12:20:54,81.20,3,10373,81.20_81.30_81.40_81.50_81.60_,4_54_27_49_49_,81.10_81.00_80.90_80.80_80.70_,8_9_16_34_43_
12:20:59,81.20,1,10374,81.20_81.30_81.40_81.50_81.60_,4_54_27_49_49_,81.10_81.00_80.90_80.80_80.70_,8_10_16_34_43_
12:23:33,81.00,3,10399,81.10_81.20_81.30_81.40_81.50_,19_42_46_28_55_,81.00_80.90_80.80_80.70_80.60_,10_15_24_34_42_
12:23:43,81.00,2,10401,81.10_81.20_81.30_81.40_81.50_,19_42_46_28_55_,81.00_80.90_80.80_80.70_80.60_,9_15_24_34_42_
12:25:15,80.90,1,10419,81.00_81.10_81.20_81.30_81.40_,6_21_41_48_29_,80.90_80.80_80.70_80.60_80.50_,8_24_32_32_67_
12:25:25,80.90,1,10419,81.00_81.10_81.20_81.30_81.40_,7_21_41_48_29_,80.90_80.80_80.70_80.60_80.50_,8_24_32_32_67_
12:25:36,80.90,1,10419,81.00_81.10_81.20_81.30_81.40_,10_21_41_47_29_,80.90_80.80_80.70_80.60_80.50_,9_24_32_32_67_
12:27:28,80.90,1,10432,80.90_81.00_81.10_81.20_81.30_,1_16_19_41_49_,80.80_80.70_80.60_80.50_80.40_,25_32_33_57_35_
12:27:39,80.80,1,10433,80.90_81.00_81.10_81.20_81.30_,4_14_20_41_49_,80.80_80.70_80.60_80.50_80.40_,24_32_33_57_35_
12:28:04,80.90,5,10438,80.90_81.00_81.10_81.20_81.30_,1_13_19_41_48_,80.80_80.70_80.60_80.50_80.40_,23_32_33_57_35_
12:28:20,80.90,2,10443,80.90_81.00_81.10_81.20_81.30_,1_9_19_42_51_,80.80_80.70_80.60_80.50_80.40_,23_32_33_58_35_
12:28:50,80.90,2,10443,80.90_81.00_81.10_81.20_81.30_,1_10_18_42_51_,80.80_80.70_80.60_80.50_80.40_,23_35_33_58_35_
12:29:01,80.90,1,10444,81.00_81.10_81.20_81.30_81.40_,10_20_42_43_27_,80.80_80.70_80.60_80.50_80.40_,23_34_49_58_35_
12:29:16,80.90,1,10444,80.90_81.00_81.10_81.20_81.30_,1_10_20_43_43_,80.80_80.70_80.60_80.50_80.40_,23_34_49_58_35_
12:30:07,80.80,1,10445,80.90_81.00_81.10_81.20_81.30_,5_17_21_44_57_,80.80_80.70_80.60_80.50_80.40_,32_35_59_57_35_
12:30:22,80.80,1,10445,80.90_81.00_81.10_81.20_81.30_,15_17_21_44_47_,80.80_80.70_80.60_80.50_80.40_,33_35_59_57_35_
12:31:03,80.80,1,10449,80.90_81.00_81.10_81.20_81.30_,19_19_21_46_41_,80.80_80.70_80.60_80.50_80.40_,33_35_59_57_35_
12:31:34,80.80,6,10457,80.90_81.00_81.10_81.20_81.30_,14_18_22_46_41_,80.80_80.70_80.60_80.50_80.40_,29_34_23_57_35_
12:31:39,80.80,11,10468,80.90_81.00_81.10_81.20_81.30_,14_18_22_46_41_,80.80_80.70_80.60_80.50_80.40_,20_34_23_57_35_
12:32:00,80.90,1,10472,80.90_81.00_81.10_81.20_81.30_,13_19_22_46_41_,80.80_80.70_80.60_80.50_80.40_,20_34_23_58_35_
12:32:10,80.90,1,10472,80.90_81.00_81.10_81.20_81.30_,24_19_22_47_41_,80.80_80.70_80.60_80.50_80.40_,21_34_23_59_35_
12:32:36,80.90,1,10472,80.90_81.00_81.10_81.20_81.30_,26_19_22_47_41_,80.80_80.70_80.60_80.50_80.40_,21_34_23_59_35_
12:32:41,80.80,1,10473,80.90_81.00_81.10_81.20_81.30_,26_19_23_46_41_,80.80_80.70_80.60_80.50_80.40_,20_34_23_59_35_
12:32:46,80.80,1,10473,80.90_81.00_81.10_81.20_81.30_,27_19_23_46_41_,80.80_80.70_80.60_80.50_80.40_,20_34_23_59_35_
12:33:58,80.80,1,10500,80.90_81.00_81.10_81.20_81.30_,19_20_22_46_41_,80.70_80.60_80.50_80.40_80.30_,35_22_58_35_10_
12:35:40,80.80,2,10517,80.80_80.90_81.00_81.10_81.20_,15_17_21_21_47_,80.70_80.60_80.50_80.40_80.30_,34_22_58_25_24_
12:38:25,80.90,2,10565,80.90_81.00_81.10_81.20_81.30_,2_24_20_47_42_,80.80_80.70_80.60_80.50_80.40_,20_45_30_58_55_
12:38:30,80.90,2,10565,80.90_81.00_81.10_81.20_81.30_,3_24_20_47_42_,80.80_80.70_80.60_80.50_80.40_,30_45_30_58_55_
12:38:45,80.90,2,10565,80.90_81.00_81.10_81.20_81.30_,3_24_20_47_42_,80.80_80.70_80.60_80.50_80.40_,40_45_30_58_55_
12:38:50,80.90,1,10566,80.90_81.00_81.10_81.20_81.30_,2_24_20_47_42_,80.80_80.70_80.60_80.50_80.40_,40_45_30_58_55_
12:38:56,80.90,1,10567,80.90_81.00_81.10_81.20_81.30_,1_24_20_48_42_,80.80_80.70_80.60_80.50_80.40_,40_45_30_58_55_
12:39:06,80.90,1,10568,81.00_81.10_81.20_81.30_81.40_,24_20_48_41_27_,80.90_80.80_80.70_80.60_80.50_,1_40_45_30_58_
12:39:26,80.90,1,10568,81.00_81.10_81.20_81.30_81.40_,24_20_48_41_27_,80.90_80.80_80.70_80.60_80.50_,5_42_43_30_68_
12:39:52,80.90,1,10568,81.00_81.10_81.20_81.30_81.40_,29_21_48_41_27_,80.90_80.80_80.70_80.60_80.50_,25_42_43_30_68_
12:41:09,80.90,1,10605,81.00_81.10_81.20_81.30_81.40_,17_22_47_41_27_,80.90_80.80_80.70_80.60_80.50_,14_8_43_30_68_
12:41:24,80.90,2,10617,81.00_81.10_81.20_81.30_81.40_,7_22_47_41_27_,80.90_80.80_80.70_80.60_80.50_,11_13_43_30_68_
12:41:34,80.90,2,10617,81.00_81.10_81.20_81.30_81.40_,8_22_47_41_27_,80.90_80.80_80.70_80.60_80.50_,11_13_43_30_68_
12:41:55,80.90,1,10618,81.00_81.10_81.20_81.30_81.40_,8_22_47_41_27_,80.90_80.80_80.70_80.60_80.50_,10_27_30_30_68_
12:42:00,80.90,1,10618,81.00_81.10_81.20_81.30_81.40_,9_21_47_41_27_,80.90_80.80_80.70_80.60_80.50_,10_27_30_30_68_
12:42:05,80.90,1,10618,81.00_81.10_81.20_81.30_81.40_,9_21_47_41_27_,80.90_80.80_80.70_80.60_80.50_,10_34_23_30_68_
12:42:15,80.90,1,10618,81.00_81.10_81.20_81.30_81.40_,10_21_47_41_27_,80.90_80.80_80.70_80.60_80.50_,10_42_15_30_68_
12:43:12,81.00,1,10630,81.00_81.10_81.20_81.30_81.40_,13_22_48_40_28_,80.90_80.80_80.70_80.60_80.50_,15_45_13_29_68_
12:43:32,81.00,5,10635,81.00_81.10_81.20_81.30_81.40_,8_22_48_40_28_,80.90_80.80_80.70_80.60_80.50_,16_45_13_29_68_
12:43:43,81.00,1,10636,81.00_81.10_81.20_81.30_81.40_,8_22_48_40_28_,80.90_80.80_80.70_80.60_80.50_,15_45_13_29_68_
12:43:48,81.00,1,10636,81.00_81.10_81.20_81.30_81.40_,8_22_48_40_28_,80.90_80.80_80.70_80.60_80.50_,16_45_13_30_68_
12:43:53,81.00,1,10636,81.00_81.10_81.20_81.30_81.40_,8_22_48_40_28_,80.90_80.80_80.70_80.60_80.50_,16_47_13_30_68_
12:43:58,81.00,1,10637,81.00_81.10_81.20_81.30_81.40_,7_22_48_40_28_,80.90_80.80_80.70_80.60_80.50_,16_47_13_30_68_
12:44:03,81.00,1,10637,81.00_81.10_81.20_81.30_81.40_,7_22_48_40_28_,80.90_80.80_80.70_80.60_80.50_,16_47_14_30_68_
12:48:10,81.10,2,10717,81.10_81.20_81.30_81.40_81.50_,15_51_38_26_68_,81.00_80.90_80.80_80.70_80.60_,26_10_44_13_51_
12:48:40,81.10,1,10720,81.10_81.20_81.30_81.40_81.50_,18_51_38_26_73_,81.00_80.90_80.80_80.70_80.60_,26_10_44_13_51_
12:48:51,81.10,1,10720,81.10_81.20_81.30_81.40_81.50_,18_51_38_26_73_,81.00_80.90_80.80_80.70_80.60_,26_10_42_13_51_
12:48:56,81.10,1,10720,81.10_81.20_81.30_81.40_81.50_,18_51_38_26_73_,81.00_80.90_80.80_80.70_80.60_,26_12_42_13_42_
12:49:01,81.10,1,10720,81.10_81.20_81.30_81.40_81.50_,18_51_38_26_73_,81.00_80.90_80.80_80.70_80.60_,26_13_42_13_42_
12:49:11,81.10,1,10722,81.10_81.20_81.30_81.40_81.50_,16_51_38_26_73_,81.00_80.90_80.80_80.70_80.60_,26_13_42_13_42_
12:49:21,81.10,5,10728,81.10_81.20_81.30_81.40_81.50_,18_51_38_26_73_,81.00_80.90_80.80_80.70_80.60_,27_13_42_13_42_
12:51:34,81.20,5,10812,81.20_81.30_81.40_81.50_81.60_,8_33_26_71_41_,81.10_81.00_80.90_80.80_80.70_,7_25_11_38_23_
12:51:40,81.20,2,10814,81.20_81.30_81.40_81.50_81.60_,16_34_26_71_41_,81.10_81.00_80.90_80.80_80.70_,7_25_11_38_23_
12:51:50,81.20,2,10816,81.20_81.30_81.40_81.50_81.60_,17_33_26_71_41_,81.10_81.00_80.90_80.80_80.70_,7_25_11_38_23_
12:52:00,81.20,5,10828,81.20_81.30_81.40_81.50_81.60_,9_33_27_70_40_,81.10_81.00_80.90_80.80_80.70_,7_25_11_38_23_
12:52:05,81.10,4,10832,81.20_81.30_81.40_81.50_81.60_,10_33_27_70_40_,81.10_81.00_80.90_80.80_80.70_,3_25_11_48_23_
12:52:10,81.10,4,10832,81.20_81.30_81.40_81.50_81.60_,10_34_27_70_40_,81.10_81.00_80.90_80.80_80.70_,3_25_11_48_23_
12:52:26,81.10,3,10835,81.10_81.20_81.30_81.40_81.50_,19_13_33_28_70_,81.00_80.90_80.80_80.70_80.60_,25_11_48_13_42_
12:53:02,81.10,2,10841,81.10_81.20_81.30_81.40_81.50_,14_12_33_28_71_,81.00_80.90_80.80_80.70_80.60_,29_11_48_15_42_
12:53:12,81.10,1,10842,81.10_81.20_81.30_81.40_81.50_,13_12_33_27_71_,81.00_80.90_80.80_80.70_80.60_,29_11_48_15_42_
12:53:17,81.10,1,10842,81.10_81.20_81.30_81.40_81.50_,13_13_35_37_71_,81.00_80.90_80.80_80.70_80.60_,29_11_48_15_42_
12:53:22,81.10,1,10842,81.10_81.20_81.30_81.40_81.50_,13_13_35_37_70_,81.00_80.90_80.80_80.70_80.60_,29_11_48_15_42_
12:53:27,81.10,1,10843,81.10_81.20_81.30_81.40_81.50_,12_13_35_37_70_,81.00_80.90_80.80_80.70_80.60_,29_11_48_15_42_
12:55:30,81.00,1,10871,81.10_81.20_81.30_81.40_81.50_,18_26_38_39_68_,81.00_80.90_80.80_80.70_80.60_,13_12_53_16_41_
12:55:46,81.00,2,10873,81.10_81.20_81.30_81.40_81.50_,23_26_38_39_70_,81.00_80.90_80.80_80.70_80.60_,11_12_54_16_41_
12:56:01,81.00,2,10875,81.10_81.20_81.30_81.40_81.50_,23_26_38_39_70_,81.00_80.90_80.80_80.70_80.60_,10_12_54_16_41_
12:56:52,80.90,1,10906,80.90_81.00_81.10_81.20_81.30_,18_52_19_25_38_,80.80_80.70_80.60_80.50_80.40_,54_16_36_60_34_
12:56:58,80.90,1,10907,80.90_81.00_81.10_81.20_81.30_,19_51_19_25_38_,80.80_80.70_80.60_80.50_80.40_,54_16_36_60_34_
12:57:03,80.90,5,10912,80.90_81.00_81.10_81.20_81.30_,21_46_18_24_39_,80.80_80.70_80.60_80.50_80.40_,54_16_36_60_34_
12:59:36,80.40,3,11093,80.50_80.60_80.70_80.80_81.00_,38_2_7_3_15_,80.40_80.30_80.20_80.10_80.00_,25_13_31_30_101_
12:59:47,80.50,6,11104,80.50_80.60_80.70_80.80_80.90_,4_2_5_3_2_,80.40_80.30_80.20_80.10_80.00_,22_11_31_30_101_
13:02:10,80.60,2,11200,80.60_80.70_80.80_80.90_81.00_,4_11_3_21_29_,80.50_80.40_80.30_80.20_80.10_,38_35_17_33_44_
13:02:20,80.60,1,11203,80.60_80.70_80.80_80.90_81.00_,2_7_3_21_39_,80.50_80.40_80.30_80.20_80.10_,38_40_17_28_44_
13:02:25,80.60,1,11204,80.60_80.70_80.80_80.90_81.00_,6_7_3_21_39_,80.50_80.40_80.30_80.20_80.10_,38_40_17_28_44_
13:02:41,80.70,5,11214,80.70_80.80_80.90_81.00_81.10_,4_3_22_41_22_,80.60_80.50_80.40_80.30_80.20_,5_39_40_17_28_
13:02:46,80.70,5,11214,80.70_80.80_80.90_81.00_81.10_,4_3_22_40_23_,80.60_80.50_80.40_80.30_80.20_,5_39_40_17_38_
13:02:56,80.60,1,11215,80.70_80.80_80.90_81.00_81.10_,4_3_22_40_23_,80.60_80.50_80.40_80.30_80.20_,7_39_35_18_38_
13:03:01,80.60,1,11216,80.70_80.80_80.90_81.00_81.10_,5_3_22_40_23_,80.60_80.50_80.40_80.30_80.20_,6_39_35_18_38_
13:03:12,80.70,5,11221,80.70_80.80_80.90_81.00_81.10_,1_3_22_40_23_,80.60_80.50_80.40_80.30_80.20_,12_38_35_18_37_
13:03:22,80.60,1,11222,80.70_80.80_80.90_81.00_81.10_,1_4_22_40_23_,80.60_80.50_80.40_80.30_80.20_,11_38_35_18_37_
13:04:18,80.70,3,11232,80.80_80.90_81.00_81.10_81.20_,6_23_44_24_28_,80.70_80.60_80.50_80.40_80.30_,3_10_39_35_28_
13:06:11,80.60,1,11258,80.70_80.80_80.90_81.00_81.10_,10_8_24_45_25_,80.60_80.50_80.40_80.30_80.20_,36_24_46_22_37_
13:07:49,80.40,1,11411,80.40_80.50_80.60_80.70_80.80_,30_1_11_21_13_,80.30_80.20_80.10_80.00_79.90_,18_44_37_101_15_
13:08:50,80.40,3,11437,80.50_80.60_80.70_80.80_80.90_,1_7_19_12_25_,80.40_80.30_80.20_80.10_80.00_,16_37_44_38_112_
13:08:56,80.40,3,11437,80.50_80.60_80.70_80.80_80.90_,1_7_19_11_24_,80.40_80.30_80.20_80.10_80.00_,16_37_44_38_112_
13:10:07,80.50,3,11456,80.60_80.70_80.80_80.90_81.00_,9_19_17_22_46_,80.50_80.40_80.30_80.20_80.10_,21_36_36_45_50_
13:10:28,80.60,1,11483,80.60_80.70_80.80_80.90_81.00_,7_19_17_22_49_,80.50_80.40_80.30_80.20_80.10_,5_36_36_45_49_
13:10:33,80.60,3,11486,80.60_80.70_80.80_80.90_81.00_,4_19_17_22_49_,80.50_80.40_80.30_80.20_80.10_,2_36_36_45_49_
13:14:03,80.50,10,11566,80.60_80.70_80.80_80.90_81.00_,21_25_40_27_50_,80.50_80.40_80.30_80.20_80.10_,5_38_37_47_51_
13:14:13,80.50,3,11572,80.50_80.60_80.70_80.80_80.90_,26_20_25_40_27_,80.40_80.30_80.20_80.10_80.00_,37_37_47_51_106_
13:14:44,80.40,1,11573,80.50_80.60_80.70_80.80_80.90_,9_20_25_40_28_,80.40_80.30_80.20_80.10_80.00_,33_47_47_42_116_
13:15:15,80.30,2,11607,80.40_80.50_80.60_80.70_80.80_,19_21_19_25_41_,80.30_80.20_80.10_80.00_79.90_,45_47_43_108_15_
13:15:20,80.30,4,11611,80.40_80.50_80.60_80.70_80.80_,22_19_18_25_41_,80.30_80.20_80.10_80.00_79.90_,41_47_43_108_15_
13:16:27,80.40,1,11670,80.50_80.60_80.70_80.80_80.90_,20_18_27_40_27_,80.40_80.30_80.20_80.10_80.00_,7_71_37_42_117_
13:16:37,80.40,5,11676,80.50_80.60_80.70_80.80_80.90_,20_18_27_40_27_,80.40_80.30_80.20_80.10_80.00_,8_71_32_42_118_
13:16:42,80.40,1,11677,80.50_80.60_80.70_80.80_80.90_,20_18_12_40_27_,80.40_80.30_80.20_80.10_80.00_,7_71_29_42_117_
13:16:52,80.40,1,11677,80.50_80.60_80.70_80.80_80.90_,20_18_12_40_27_,80.40_80.30_80.20_80.10_80.00_,8_71_29_42_117_
13:17:08,80.40,2,11682,80.50_80.60_80.70_80.80_80.90_,21_18_12_40_27_,80.40_80.30_80.20_80.10_80.00_,10_71_28_42_116_
13:21:19,80.40,2,11840,80.40_80.50_80.60_80.70_80.80_,29_48_14_10_49_,80.30_80.20_80.10_80.00_79.90_,35_30_63_132_13_
13:21:39,80.40,7,11889,80.40_80.50_80.60_80.70_80.80_,11_44_14_10_49_,80.30_80.20_80.10_80.00_79.90_,38_29_63_131_23_
13:21:49,80.40,8,11897,80.40_80.50_80.60_80.70_80.80_,3_44_14_10_49_,80.30_80.20_80.10_80.00_79.90_,39_28_73_131_23_
13:22:00,80.40,1,11908,80.50_80.60_80.70_80.80_80.90_,45_13_15_48_21_,80.40_80.30_80.20_80.10_80.00_,1_50_28_73_136_
13:22:10,80.40,4,11913,80.50_80.60_80.70_80.80_80.90_,44_13_15_48_21_,80.40_80.30_80.20_80.10_80.00_,6_49_29_73_141_
13:22:25,80.40,7,11924,80.50_80.60_80.70_80.80_80.90_,103_15_15_48_21_,80.40_80.30_80.20_80.10_80.00_,5_50_31_73_141_
13:23:11,80.40,1,11959,80.40_80.50_80.60_80.70_80.80_,22_99_14_14_49_,80.30_80.20_80.10_80.00_79.90_,54_36_58_139_24_
13:23:17,80.30,5,11964,80.40_80.50_80.60_80.70_80.80_,21_100_14_14_49_,80.30_80.20_80.10_80.00_79.90_,50_35_58_139_24_
13:23:32,80.40,12,11989,80.40_80.50_80.60_80.70_80.80_,5_100_14_9_49_,80.30_80.20_80.10_80.00_79.90_,64_35_58_139_24_
13:26:44,80.50,7,12192,80.70_80.80_80.90_81.00_81.10_,1_47_18_40_3_,80.60_80.50_80.40_80.30_80.20_,61_12_20_44_19_
13:27:35,80.50,7,12192,81.40_81.50_81.60_81.70_81.80_,43_48_52_9_31_,81.20_81.00_80.90_80.80_80.70_,1_29_63_1_3_
13:27:40,80.50,7,12192,81.40_81.50_81.60_81.70_81.80_,19_58_52_9_31_,81.20_81.00_80.90_80.80_80.70_,1_30_63_1_3_
13:27:45,80.50,7,12192,81.40_81.50_81.60_81.70_81.80_,43_59_52_9_31_,81.20_81.00_80.90_80.80_80.70_,1_30_63_1_3_
13:29:02,80.50,7,12192,80.40_80.50_80.60_80.70_80.80_,35_37_13_10_20_,80.30_80.20_80.10_80.00_79.90_,38_17_40_100_14_
13:29:28,80.50,7,12192,80.40_80.50_80.60_80.70_80.80_,57_55_13_10_20_,80.30_80.20_80.10_80.00_79.90_,32_17_41_101_14_
13:30:00,80.40,980,13172,80.40_80.50_80.60_80.70_80.80_,55_36_39_10_21_,80.30_80.20_80.10_80.00_79.90_,60_17_41_102_14_
