09:01:18,12.25,50,112,12.30_12.35_12.40_12.45_12.50_,70_172_163_206_271_,12.25_12.20_12.15_12.10_12.05_,20_262_111_197_134_
09:02:19,12.25,3,123,12.30_12.35_12.40_12.45_12.50_,180_172_163_234_291_,12.25_12.20_12.15_12.10_12.05_,54_262_111_197_134_
09:02:35,12.25,10,133,12.30_12.35_12.40_12.45_12.50_,180_172_163_234_291_,12.25_12.20_12.15_12.10_12.05_,44_262_111_197_134_
09:02:45,12.25,10,133,12.30_12.35_12.40_12.45_12.50_,151_172_163_246_291_,12.25_12.20_12.15_12.10_12.05_,44_262_111_207_134_
09:02:50,12.25,2,135,12.30_12.35_12.40_12.45_12.50_,151_172_163_246_315_,12.25_12.20_12.15_12.10_12.05_,42_262_111_207_157_
09:10:01,12.30,10,206,12.30_12.35_12.40_12.45_12.50_,274_267_237_315_358_,12.25_12.20_12.15_12.10_12.05_,163_310_115_207_187_
09:10:11,12.30,13,221,12.30_12.35_12.40_12.45_12.50_,259_267_237_315_358_,12.25_12.20_12.15_12.10_12.05_,155_310_115_207_187_
09:10:31,12.30,13,221,12.30_12.35_12.40_12.45_12.50_,261_267_237_315_358_,12.25_12.20_12.15_12.10_12.05_,158_310_115_207_187_
09:11:12,12.25,1,223,12.30_12.35_12.40_12.45_12.50_,260_267_208_343_358_,12.25_12.20_12.15_12.10_12.05_,174_300_115_207_187_
09:12:55,12.30,1,324,12.30_12.35_12.40_12.45_12.50_,205_267_236_328_373_,12.25_12.20_12.15_12.10_12.05_,90_304_115_207_194_
09:15:49,12.25,6,341,12.30_12.35_12.40_12.45_12.50_,195_280_241_330_376_,12.25_12.20_12.15_12.10_12.05_,91_318_115_207_194_
09:15:54,12.25,5,346,12.30_12.35_12.40_12.45_12.50_,195_280_241_330_376_,12.25_12.20_12.15_12.10_12.05_,86_318_115_207_194_
09:17:01,12.25,5,361,12.30_12.35_12.40_12.45_12.50_,197_280_241_330_376_,12.25_12.20_12.15_12.10_12.05_,72_328_115_207_194_
09:18:33,12.25,4,375,12.30_12.35_12.40_12.45_12.50_,200_275_241_330_376_,12.25_12.20_12.15_12.10_12.05_,62_328_105_197_184_
09:18:43,12.30,8,383,12.30_12.35_12.40_12.45_12.50_,192_275_255_315_386_,12.25_12.20_12.15_12.10_12.05_,62_327_105_196_184_
09:20:26,12.30,8,383,12.30_12.35_12.40_12.45_12.50_,240_277_260_315_386_,12.25_12.20_12.15_12.10_12.05_,71_328_105_197_184_
09:20:41,12.30,8,383,12.30_12.35_12.40_12.45_12.50_,241_277_263_315_389_,12.25_12.20_12.15_12.10_12.05_,71_328_105_197_184_
09:21:07,12.25,2,385,12.30_12.35_12.40_12.45_12.50_,241_277_249_330_389_,12.25_12.20_12.15_12.10_12.05_,69_347_105_197_184_
09:22:03,12.30,3,388,12.30_12.35_12.40_12.45_12.50_,238_277_263_315_389_,12.25_12.20_12.15_12.10_12.05_,70_345_109_197_184_
09:22:13,12.30,3,388,12.30_12.35_12.40_12.45_12.50_,238_277_263_315_389_,12.25_12.20_12.15_12.10_12.05_,73_345_109_197_184_
09:22:24,12.30,3,388,12.30_12.35_12.40_12.45_12.50_,253_264_263_315_389_,12.25_12.20_12.15_12.10_12.05_,73_345_109_197_184_
09:23:00,12.25,10,400,12.30_12.35_12.40_12.45_12.50_,251_269_263_315_389_,12.25_12.20_12.15_12.10_12.05_,73_345_109_197_184_
09:26:04,12.25,2,475,12.25_12.30_12.35_12.40_12.45_,206_238_284_257_307_,12.20_12.15_12.10_12.05_12.00_,209_140_208_215_286_
09:26:45,12.25,20,495,12.25_12.30_12.35_12.40_12.45_,189_239_284_258_307_,12.20_12.15_12.10_12.05_12.00_,209_140_208_215_286_
09:27:10,12.25,5,500,12.25_12.30_12.35_12.40_12.45_,190_238_284_258_307_,12.20_12.15_12.10_12.05_12.00_,209_141_208_215_286_
09:28:53,12.15,105,804,12.20_12.25_12.30_12.35_12.40_,33_192_241_304_275_,12.15_12.10_12.05_12.00_11.95_,49_311_224_428_35_
09:29:03,12.15,105,804,12.20_12.25_12.30_12.35_12.40_,32_191_241_304_275_,12.15_12.10_12.05_12.00_11.95_,62_297_222_417_35_
09:29:19,12.15,10,824,12.20_12.25_12.30_12.35_12.40_,33_191_241_304_275_,12.15_12.10_12.05_12.00_11.95_,49_297_222_417_35_
09:29:39,12.15,1,841,12.20_12.25_12.30_12.35_12.40_,43_191_241_294_275_,12.15_12.10_12.05_12.00_11.95_,99_310_222_417_35_
09:29:49,12.15,10,851,12.20_12.25_12.30_12.35_12.40_,42_191_241_294_275_,12.15_12.10_12.05_12.00_11.95_,107_297_222_417_35_
09:29:55,12.15,10,861,12.20_12.25_12.30_12.35_12.40_,42_201_241_294_275_,12.15_12.10_12.05_12.00_11.95_,107_297_222_417_35_
09:30:05,12.15,10,861,12.20_12.25_12.30_12.35_12.40_,42_201_248_294_275_,12.15_12.10_12.05_12.00_11.95_,144_299_222_417_35_
09:30:56,12.20,73,977,12.20_12.25_12.30_12.35_12.40_,191_438_263_279_250_,12.15_12.10_12.05_12.00_11.95_,129_314_222_420_45_
09:31:32,12.20,5,982,12.20_12.25_12.30_12.35_12.40_,191_438_263_279_250_,12.15_12.10_12.05_12.00_11.95_,122_320_222_420_45_
09:32:23,12.20,5,987,12.20_12.25_12.30_12.35_12.40_,191_453_265_279_250_,12.15_12.10_12.05_12.00_11.95_,118_330_400_440_65_
09:32:49,12.20,5,987,12.20_12.25_12.30_12.35_12.40_,191_453_265_279_252_,12.15_12.10_12.05_12.00_11.95_,120_330_400_440_95_
09:34:36,12.15,5,1007,12.20_12.25_12.30_12.35_12.40_,191_453_250_293_252_,12.15_12.10_12.05_12.00_11.95_,103_328_410_438_95_
09:36:08,12.20,10,1019,12.20_12.25_12.30_12.35_12.40_,229_453_212_279_252_,12.15_12.10_12.05_12.00_11.95_,109_333_410_438_95_
09:36:19,12.20,10,1019,12.20_12.25_12.30_12.35_12.40_,229_448_212_279_252_,12.15_12.10_12.05_12.00_11.95_,109_333_410_438_95_
09:37:35,12.15,61,1085,12.20_12.25_12.30_12.35_12.40_,239_448_197_293_252_,12.15_12.10_12.05_12.00_11.95_,37_330_410_438_98_
09:37:51,12.15,1,1086,12.20_12.25_12.30_12.35_12.40_,242_448_197_293_252_,12.15_12.10_12.05_12.00_11.95_,35_329_410_439_98_
09:39:02,12.15,12,1109,12.20_12.25_12.30_12.35_12.40_,257_458_201_293_252_,12.15_12.10_12.05_12.00_11.95_,13_339_360_439_148_
09:40:04,12.15,2,1139,12.20_12.25_12.30_12.35_12.40_,258_458_201_314_252_,12.15_12.10_12.05_12.00_11.95_,26_336_347_441_154_
09:40:14,12.15,2,1139,12.20_12.25_12.30_12.35_12.40_,258_458_201_314_252_,12.15_12.10_12.05_12.00_11.95_,26_336_347_442_154_
09:40:29,12.15,2,1139,12.20_12.25_12.30_12.35_12.40_,258_458_243_314_252_,12.15_12.10_12.05_12.00_11.95_,46_336_347_442_154_
09:40:40,12.15,2,1139,12.20_12.25_12.30_12.35_12.40_,268_458_243_314_252_,12.15_12.10_12.05_12.00_11.95_,46_336_347_502_154_
09:41:46,12.15,10,1149,12.20_12.25_12.30_12.35_12.40_,267_458_244_314_251_,12.15_12.10_12.05_12.00_11.95_,37_346_347_503_154_
09:41:56,12.15,1,1150,12.20_12.25_12.30_12.35_12.40_,267_458_244_314_251_,12.15_12.10_12.05_12.00_11.95_,36_346_347_503_154_
09:42:02,12.15,1,1150,12.20_12.25_12.30_12.35_12.40_,267_458_244_314_251_,12.15_12.10_12.05_12.00_11.95_,14_346_347_503_154_
09:42:07,12.15,1,1150,12.20_12.25_12.30_12.35_12.40_,267_458_244_314_251_,12.15_12.10_12.05_12.00_11.95_,14_351_347_503_154_
09:42:17,12.15,1,1150,12.20_12.25_12.30_12.35_12.40_,267_458_243_314_251_,12.15_12.10_12.05_12.00_11.95_,14_351_349_503_154_
09:42:22,12.15,1,1150,12.20_12.25_12.30_12.35_12.40_,267_458_253_314_251_,12.15_12.10_12.05_12.00_11.95_,17_351_349_503_154_
09:42:32,12.15,17,1167,12.15_12.20_12.25_12.30_12.35_,78_267_458_253_314_,12.10_12.05_12.00_11.95_11.90_,351_349_503_154_183_
09:42:37,12.15,17,1167,12.15_12.20_12.25_12.30_12.35_,78_267_472_261_291_,12.10_12.05_12.00_11.95_11.90_,346_348_510_154_183_
09:45:16,12.10,14,1591,12.10_12.15_12.20_12.25_12.30_,36_109_388_468_254_,12.05_12.00_11.95_11.90_11.85_,272_414_103_223_42_
09:46:33,12.00,216,2065,12.10_12.15_12.20_12.25_12.30_,62_96_258_224_254_,12.00_11.95_11.90_11.85_11.80_,299_93_295_49_136_
09:46:43,12.00,1,2066,12.10_12.15_12.20_12.25_12.30_,62_80_258_224_254_,12.00_11.95_11.90_11.85_11.80_,300_93_295_49_136_
09:48:00,12.05,5,2114,12.10_12.15_12.20_12.25_12.30_,58_95_255_242_251_,12.05_12.00_11.95_11.90_11.85_,9_364_120_303_49_
09:48:20,12.05,5,2114,12.10_12.15_12.20_12.25_12.30_,58_95_255_242_254_,12.05_12.00_11.95_11.90_11.85_,20_370_120_303_49_
09:49:12,12.05,1,2120,12.10_12.15_12.20_12.25_12.30_,63_165_255_242_254_,12.05_12.00_11.95_11.90_11.85_,33_374_125_306_49_
09:49:32,12.05,10,2130,12.10_12.15_12.20_12.25_12.30_,63_165_255_242_254_,12.05_12.00_11.95_11.90_11.85_,33_374_125_306_49_
09:49:43,12.05,10,2130,12.10_12.15_12.20_12.25_12.30_,63_165_256_242_254_,12.05_12.00_11.95_11.90_11.85_,35_374_125_306_49_
09:49:48,12.05,30,2160,12.10_12.15_12.20_12.25_12.30_,65_165_256_242_254_,12.05_12.00_11.95_11.90_11.85_,5_374_130_306_49_
09:50:03,12.05,5,2165,12.05_12.10_12.15_12.20_12.25_,40_65_179_249_234_,12.00_11.95_11.90_11.85_11.80_,421_128_310_99_143_
09:50:54,12.05,5,2191,12.05_12.10_12.15_12.20_12.25_,25_61_181_249_234_,12.00_11.95_11.90_11.85_11.80_,439_128_310_101_143_
09:55:05,12.05,5,2242,12.10_12.15_12.20_12.25_12.30_,114_162_265_254_254_,12.05_12.00_11.95_11.90_11.85_,126_415_113_306_102_
09:55:36,12.05,2,2254,12.10_12.15_12.20_12.25_12.30_,113_162_265_254_254_,12.05_12.00_11.95_11.90_11.85_,115_417_113_306_102_
09:55:46,12.05,1,2262,12.10_12.15_12.20_12.25_12.30_,113_162_265_254_252_,12.05_12.00_11.95_11.90_11.85_,109_419_113_306_102_
09:59:01,12.05,2,2396,12.10_12.15_12.20_12.25_12.30_,205_157_221_256_255_,12.05_12.00_11.95_11.90_11.85_,3_489_108_307_102_
09:59:06,12.05,3,2399,12.05_12.10_12.15_12.20_12.25_,6_205_157_221_256_,12.00_11.95_11.90_11.85_11.80_,489_108_307_102_143_
09:59:11,12.05,3,2399,12.05_12.10_12.15_12.20_12.25_,6_205_171_214_248_,12.00_11.95_11.90_11.85_11.80_,461_103_315_102_143_
09:59:22,12.05,2,2401,12.05_12.10_12.15_12.20_12.25_,4_205_171_214_254_,12.00_11.95_11.90_11.85_11.80_,467_103_315_102_143_
09:59:27,12.05,2,2401,12.05_12.10_12.15_12.20_12.25_,4_207_171_214_254_,12.00_11.95_11.90_11.85_11.80_,467_103_315_102_143_
10:00:18,12.00,10,2411,12.05_12.10_12.15_12.20_12.25_,5_208_171_216_254_,12.00_11.95_11.90_11.85_11.80_,497_103_315_102_143_
10:00:39,12.05,2,2413,12.05_12.10_12.15_12.20_12.25_,3_208_171_216_254_,12.00_11.95_11.90_11.85_11.80_,517_103_316_102_143_
10:00:44,12.05,1,2414,12.05_12.10_12.15_12.20_12.25_,2_208_171_216_254_,12.00_11.95_11.90_11.85_11.80_,517_104_316_102_143_
10:00:59,12.05,2,2416,12.10_12.15_12.20_12.25_12.30_,208_171_216_254_255_,12.05_12.00_11.95_11.90_11.85_,3_517_104_316_102_
10:01:09,12.05,2,2419,12.05_12.10_12.15_12.20_12.25_,6_208_157_223_262_,12.00_11.95_11.90_11.85_11.80_,519_110_308_102_143_
10:03:54,12.00,5,2545,12.05_12.10_12.15_12.20_12.25_,9_307_172_117_254_,12.00_11.95_11.90_11.85_11.80_,409_104_317_102_143_
10:05:21,12.05,5,2557,12.05_12.10_12.15_12.20_12.25_,166_314_172_117_254_,12.00_11.95_11.90_11.85_11.80_,457_124_317_102_143_
10:05:26,12.05,5,2557,12.05_12.10_12.15_12.20_12.25_,166_314_172_117_254_,12.00_11.95_11.90_11.85_11.80_,477_124_317_102_143_
10:06:48,12.00,5,2689,12.05_12.10_12.15_12.20_12.25_,166_314_172_218_254_,12.00_11.95_11.90_11.85_11.80_,308_133_320_102_145_
10:06:53,12.00,5,2689,12.05_12.10_12.15_12.20_12.25_,166_314_172_218_274_,12.00_11.95_11.90_11.85_11.80_,308_133_320_102_146_
10:07:08,12.00,2,2691,12.05_12.10_12.15_12.20_12.25_,166_314_172_219_274_,12.00_11.95_11.90_11.85_11.80_,306_133_320_102_146_
10:10:54,12.00,2,3091,12.05_12.10_12.15_12.20_12.25_,179_268_119_219_274_,12.00_11.95_11.90_11.85_11.80_,39_138_324_102_151_
10:13:12,11.95,5,3163,12.00_12.05_12.10_12.15_12.20_,149_159_290_132_201_,11.95_11.90_11.85_11.80_11.75_,138_358_110_152_11_
10:13:17,11.95,5,3163,12.00_12.05_12.10_12.15_12.20_,149_159_290_132_201_,11.95_11.90_11.85_11.80_11.75_,148_360_110_152_11_
10:13:48,11.95,5,3181,12.00_12.05_12.10_12.15_12.20_,147_159_291_131_201_,11.95_11.90_11.85_11.80_11.75_,139_363_112_156_11_
10:13:53,11.95,5,3181,12.00_12.05_12.10_12.15_12.20_,147_159_290_132_201_,11.95_11.90_11.85_11.80_11.75_,149_363_112_156_11_
10:13:58,11.95,5,3186,12.00_12.05_12.10_12.15_12.20_,148_159_210_132_201_,11.95_11.90_11.85_11.80_11.75_,144_363_112_156_11_
10:14:03,11.95,5,3186,12.00_12.05_12.10_12.15_12.20_,148_159_210_132_201_,11.95_11.90_11.85_11.80_11.75_,144_351_122_156_11_
10:14:19,11.95,5,3186,12.00_12.05_12.10_12.15_12.20_,148_159_210_132_201_,11.95_11.90_11.85_11.80_11.75_,144_351_122_154_11_
10:14:44,11.95,1,3187,12.00_12.05_12.10_12.15_12.20_,252_159_210_132_201_,11.95_11.90_11.85_11.80_11.75_,190_355_122_164_11_
10:14:49,11.95,1,3187,12.00_12.05_12.10_12.15_12.20_,252_159_210_132_201_,11.95_11.90_11.85_11.80_11.75_,190_355_122_164_12_
10:15:00,11.95,1,3187,12.00_12.05_12.10_12.15_12.20_,252_159_210_132_201_,11.95_11.90_11.85_11.80_11.75_,194_356_122_164_12_
10:15:05,11.95,1,3187,12.00_12.05_12.10_12.15_12.20_,252_159_210_132_201_,11.95_11.90_11.85_11.80_11.75_,195_356_122_164_12_
10:15:10,11.95,1,3187,12.00_12.05_12.10_12.15_12.20_,252_159_210_132_201_,11.95_11.90_11.85_11.80_11.75_,196_356_122_164_12_
10:17:28,11.95,12,3346,12.00_12.05_12.10_12.15_12.20_,129_159_212_132_201_,11.95_11.90_11.85_11.80_11.75_,117_375_126_175_12_
10:18:55,11.95,1,3367,12.00_12.05_12.10_12.15_12.20_,130_94_222_132_201_,11.95_11.90_11.85_11.80_11.75_,210_360_138_175_15_
10:19:31,12.00,20,3388,12.00_12.05_12.10_12.15_12.20_,113_115_222_142_201_,11.95_11.90_11.85_11.80_11.75_,233_362_140_175_15_
10:19:52,12.00,20,3388,12.00_12.05_12.10_12.15_12.20_,113_115_222_142_201_,11.95_11.90_11.85_11.80_11.75_,234_362_140_175_15_
10:20:02,12.00,4,3393,12.00_12.05_12.10_12.15_12.20_,108_115_222_142_201_,11.95_11.90_11.85_11.80_11.75_,235_362_140_175_17_
10:20:58,12.00,5,3478,12.00_12.05_12.10_12.15_12.20_,49_145_222_142_201_,11.95_11.90_11.85_11.80_11.75_,390_361_190_175_18_
10:22:10,12.00,5,3582,12.05_12.10_12.15_12.20_12.25_,156_208_149_209_248_,12.00_11.95_11.90_11.85_11.80_,20_392_367_184_178_
10:22:20,12.00,5,3582,12.05_12.10_12.15_12.20_12.25_,156_208_149_209_248_,12.00_11.95_11.90_11.85_11.80_,25_396_367_184_178_
10:23:12,12.00,1,3583,12.05_12.10_12.15_12.20_12.25_,155_208_149_209_248_,12.00_11.95_11.90_11.85_11.80_,26_396_368_184_178_
10:23:47,12.00,1,3583,12.05_12.10_12.15_12.20_12.25_,158_205_154_219_248_,12.00_11.95_11.90_11.85_11.80_,39_397_367_184_180_
10:23:58,12.00,1,3583,12.05_12.10_12.15_12.20_12.25_,158_177_154_219_248_,12.00_11.95_11.90_11.85_11.80_,39_397_367_184_180_
10:24:08,12.00,1,3583,12.05_12.10_12.15_12.20_12.25_,158_177_154_209_248_,12.00_11.95_11.90_11.85_11.80_,39_397_367_184_180_
10:24:23,12.00,10,3593,12.05_12.10_12.15_12.20_12.25_,158_177_154_209_248_,12.00_11.95_11.90_11.85_11.80_,29_398_367_184_180_
10:26:00,12.05,2,3595,12.05_12.10_12.15_12.20_12.25_,156_167_168_208_248_,12.00_11.95_11.90_11.85_11.80_,115_349_367_234_182_
10:26:21,12.05,2,3595,12.05_12.10_12.15_12.20_12.25_,156_167_168_208_248_,12.00_11.95_11.90_11.85_11.80_,115_349_367_234_212_
10:26:26,12.05,2,3595,12.05_12.10_12.15_12.20_12.25_,156_167_168_208_248_,12.00_11.95_11.90_11.85_11.80_,115_348_387_234_212_
10:26:31,12.05,2,3595,12.05_12.10_12.15_12.20_12.25_,156_167_168_208_248_,12.00_11.95_11.90_11.85_11.80_,115_343_387_234_212_
10:36:56,12.00,20,3897,12.00_12.05_12.10_12.15_12.20_,51_183_181_160_200_,11.95_11.90_11.85_11.80_11.75_,377_397_242_218_19_
10:37:06,12.00,20,3897,12.00_12.05_12.10_12.15_12.20_,51_183_181_160_200_,11.95_11.90_11.85_11.80_11.75_,377_398_242_218_19_
10:37:52,12.00,5,3902,12.00_12.05_12.10_12.15_12.20_,47_183_181_160_200_,11.95_11.90_11.85_11.80_11.75_,378_398_242_218_19_
10:39:45,12.00,77,3985,12.05_12.10_12.15_12.20_12.25_,210_167_167_208_248_,12.00_11.95_11.90_11.85_11.80_,38_426_400_237_218_
10:39:55,12.00,77,3985,12.05_12.10_12.15_12.20_12.25_,183_167_167_208_248_,12.00_11.95_11.90_11.85_11.80_,41_426_400_237_218_
10:43:05,12.00,77,3985,12.05_12.10_12.15_12.20_12.25_,187_181_167_206_248_,12.00_11.95_11.90_11.85_11.80_,140_434_449_187_218_
10:43:21,12.00,77,3985,12.05_12.10_12.15_12.20_12.25_,187_181_167_206_248_,12.00_11.95_11.90_11.85_11.80_,140_436_449_187_218_
10:44:27,12.00,77,3985,12.05_12.10_12.15_12.20_12.25_,188_181_167_248_291_,12.00_11.95_11.90_11.85_11.80_,140_434_449_187_218_
10:44:53,12.00,10,3995,12.05_12.10_12.15_12.20_12.25_,188_181_167_248_291_,12.00_11.95_11.90_11.85_11.80_,220_434_449_187_218_
10:45:03,12.00,10,3995,12.05_12.10_12.15_12.20_12.25_,167_202_167_248_291_,12.00_11.95_11.90_11.85_11.80_,248_433_449_187_218_
10:46:10,12.05,10,4011,12.05_12.10_12.15_12.20_12.25_,151_202_168_248_291_,12.00_11.95_11.90_11.85_11.80_,278_384_449_187_218_
10:50:00,12.00,6,4023,12.05_12.10_12.15_12.20_12.25_,146_204_167_249_291_,12.00_11.95_11.90_11.85_11.80_,290_387_449_187_218_
10:50:21,12.00,6,4023,12.05_12.10_12.15_12.20_12.25_,146_204_167_249_291_,12.00_11.95_11.90_11.85_11.80_,292_392_449_187_218_
10:51:38,12.00,6,4023,12.05_12.10_12.15_12.20_12.25_,167_183_167_249_291_,12.00_11.95_11.90_11.85_11.80_,313_395_449_187_217_
10:52:03,12.00,6,4023,12.05_12.10_12.15_12.20_12.25_,167_183_167_249_291_,12.00_11.95_11.90_11.85_11.80_,314_395_449_187_217_
10:52:54,12.00,6,4023,12.05_12.10_12.15_12.20_12.25_,168_183_167_249_291_,12.00_11.95_11.90_11.85_11.80_,295_416_449_187_217_
10:58:22,12.05,3,4029,12.05_12.10_12.15_12.20_12.25_,179_183_168_248_291_,12.00_11.95_11.90_11.85_11.80_,316_415_450_187_227_
10:58:48,12.05,3,4029,12.05_12.10_12.15_12.20_12.25_,191_183_168_248_291_,12.00_11.95_11.90_11.85_11.80_,316_416_450_187_227_
11:01:17,12.00,1,4033,12.05_12.10_12.15_12.20_12.25_,191_183_167_249_291_,12.00_11.95_11.90_11.85_11.80_,343_416_450_187_227_
11:02:08,12.05,1,4036,12.05_12.10_12.15_12.20_12.25_,188_183_168_248_291_,12.00_11.95_11.90_11.85_11.80_,343_415_450_187_227_
11:04:06,12.05,10,4046,12.05_12.10_12.15_12.20_12.25_,179_182_168_248_291_,12.00_11.95_11.90_11.85_11.80_,359_395_448_190_227_
11:04:21,12.00,1,4047,12.05_12.10_12.15_12.20_12.25_,179_182_167_255_291_,12.00_11.95_11.90_11.85_11.80_,358_405_448_190_227_
11:05:02,12.05,1,4050,12.05_12.10_12.15_12.20_12.25_,202_183_167_256_291_,12.00_11.95_11.90_11.85_11.80_,362_404_448_190_227_
11:06:24,12.05,1,4051,12.05_12.10_12.15_12.20_12.25_,224_183_168_265_291_,12.00_11.95_11.90_11.85_11.80_,361_408_452_192_229_
11:08:37,12.00,1,4053,12.05_12.10_12.15_12.20_12.25_,214_182_187_266_291_,12.00_11.95_11.90_11.85_11.80_,370_406_452_192_231_
11:08:48,12.00,1,4053,12.05_12.10_12.15_12.20_12.25_,213_183_187_266_291_,12.00_11.95_11.90_11.85_11.80_,370_406_452_192_231_
11:08:53,12.00,10,4063,12.05_12.10_12.15_12.20_12.25_,213_183_187_266_291_,12.00_11.95_11.90_11.85_11.80_,362_406_452_192_231_
11:10:20,12.00,10,4063,12.05_12.10_12.15_12.20_12.25_,214_182_187_266_293_,12.00_11.95_11.90_11.85_11.80_,354_406_456_192_231_
11:10:25,12.05,1,4064,12.05_12.10_12.15_12.20_12.25_,213_182_187_266_293_,12.00_11.95_11.90_11.85_11.80_,354_406_456_192_231_
11:10:30,12.05,1,4064,12.05_12.10_12.15_12.20_12.25_,213_182_188_265_293_,12.00_11.95_11.90_11.85_11.80_,354_406_456_192_231_
11:13:35,12.00,2,4069,12.05_12.10_12.15_12.20_12.25_,222_183_187_266_293_,12.00_11.95_11.90_11.85_11.80_,362_406_453_192_231_
11:14:31,12.00,11,4080,12.05_12.10_12.15_12.20_12.25_,222_183_187_266_293_,12.00_11.95_11.90_11.85_11.80_,351_406_453_192_231_
11:16:55,12.00,3,4104,12.05_12.10_12.15_12.20_12.25_,216_183_187_266_293_,12.00_11.95_11.90_11.85_11.80_,351_407_453_192_231_
11:19:39,12.05,1,4134,12.05_12.10_12.15_12.20_12.25_,210_182_188_265_293_,12.00_11.95_11.90_11.85_11.80_,317_410_453_192_241_
11:21:42,12.05,1,4137,12.05_12.10_12.15_12.20_12.25_,207_182_188_265_293_,12.00_11.95_11.90_11.85_11.80_,316_410_453_192_241_
11:22:13,12.05,5,4142,12.05_12.10_12.15_12.20_12.25_,202_182_188_265_293_,12.00_11.95_11.90_11.85_11.80_,318_410_453_192_241_
11:23:04,12.05,5,4142,12.05_12.10_12.15_12.20_12.25_,202_182_188_265_293_,12.00_11.95_11.90_11.85_11.80_,319_409_453_192_241_
11:25:38,12.00,1,4143,12.05_12.10_12.15_12.20_12.25_,202_178_187_266_293_,12.00_11.95_11.90_11.85_11.80_,330_414_451_192_241_
11:26:49,12.00,1,4143,12.05_12.10_12.15_12.20_12.25_,204_178_187_266_293_,12.00_11.95_11.90_11.85_11.80_,351_393_446_202_251_
11:27:51,12.05,1,4147,12.05_12.10_12.15_12.20_12.25_,182_199_188_265_293_,12.00_11.95_11.90_11.85_11.80_,357_404_456_202_251_
11:28:16,12.05,1,4147,12.05_12.10_12.15_12.20_12.25_,182_199_188_265_293_,12.00_11.95_11.90_11.85_11.80_,357_402_456_202_251_
11:29:44,12.05,1,4147,12.05_12.10_12.15_12.20_12.25_,182_199_188_265_293_,12.00_11.95_11.90_11.85_11.80_,358_401_456_202_251_
11:29:59,12.05,5,4152,12.05_12.10_12.15_12.20_12.25_,177_199_188_265_293_,12.00_11.95_11.90_11.85_11.80_,358_401_456_202_251_
11:31:00,12.00,1,4153,12.05_12.10_12.15_12.20_12.25_,204_178_191_270_293_,12.00_11.95_11.90_11.85_11.80_,363_400_456_202_251_
11:31:11,12.00,1,4153,12.05_12.10_12.15_12.20_12.25_,204_178_191_270_293_,12.00_11.95_11.90_11.85_11.80_,443_402_456_202_251_
11:32:02,12.05,1,4154,12.05_12.10_12.15_12.20_12.25_,203_178_192_269_293_,12.00_11.95_11.90_11.85_11.80_,444_403_456_202_251_
11:32:48,12.05,20,4174,12.05_12.10_12.15_12.20_12.25_,197_178_192_269_293_,12.00_11.95_11.90_11.85_11.80_,443_403_458_202_251_
11:32:59,12.05,20,4174,12.05_12.10_12.15_12.20_12.25_,197_178_192_269_293_,12.00_11.95_11.90_11.85_11.80_,445_403_458_202_251_
11:34:00,12.00,1,4175,12.05_12.10_12.15_12.20_12.25_,176_199_201_270_293_,12.00_11.95_11.90_11.85_11.80_,444_405_458_202_251_
11:34:20,12.00,1,4175,12.05_12.10_12.15_12.20_12.25_,176_199_201_270_293_,12.00_11.95_11.90_11.85_11.80_,444_406_458_202_251_
11:34:46,12.00,1,4176,12.05_12.10_12.15_12.20_12.25_,175_199_201_270_293_,12.00_11.95_11.90_11.85_11.80_,443_406_458_202_251_
11:35:06,12.05,1,4177,12.05_12.10_12.15_12.20_12.25_,174_199_201_270_293_,12.00_11.95_11.90_11.85_11.80_,449_406_458_202_251_
11:35:12,12.05,1,4177,12.05_12.10_12.15_12.20_12.25_,174_199_202_269_293_,12.00_11.95_11.90_11.85_11.80_,449_406_458_202_251_
11:41:41,12.00,10,4205,12.05_12.10_12.15_12.20_12.25_,221_181_201_270_293_,12.00_11.95_11.90_11.85_11.80_,430_443_459_202_254_
11:43:03,12.00,10,4205,12.05_12.10_12.15_12.20_12.25_,221_181_201_260_293_,12.00_11.95_11.90_11.85_11.80_,430_443_459_202_254_
11:44:20,12.00,399,4605,12.05_12.10_12.15_12.20_12.25_,220_181_201_260_293_,12.00_11.95_11.90_11.85_11.80_,33_423_459_202_254_
11:44:56,12.00,4,4642,12.00_12.05_12.10_12.15_12.20_,77_158_195_194_252_,11.95_11.90_11.85_11.80_11.75_,428_449_207_254_20_
11:45:01,12.00,1,4643,12.00_12.05_12.10_12.15_12.20_,84_150_195_194_252_,11.95_11.90_11.85_11.80_11.75_,428_449_207_254_20_
11:45:52,12.00,5,4658,12.00_12.05_12.10_12.15_12.20_,69_150_195_194_252_,11.95_11.90_11.85_11.80_11.75_,422_453_207_254_20_
11:47:09,12.00,1,4661,12.00_12.05_12.10_12.15_12.20_,78_150_198_194_252_,11.95_11.90_11.85_11.80_11.75_,422_453_207_254_20_
11:48:05,12.00,3,4666,12.00_12.05_12.10_12.15_12.20_,83_152_198_194_252_,11.95_11.90_11.85_11.80_11.75_,422_453_207_254_20_
11:50:03,11.95,1,4669,12.00_12.05_12.10_12.15_12.20_,97_149_198_194_252_,11.95_11.90_11.85_11.80_11.75_,419_455_207_254_20_
11:51:10,12.00,5,4674,12.00_12.05_12.10_12.15_12.20_,85_179_198_194_252_,11.95_11.90_11.85_11.80_11.75_,422_475_207_254_20_
11:54:25,12.05,20,4777,12.05_12.10_12.15_12.20_12.25_,152_184_202_245_293_,12.00_11.95_11.90_11.85_11.80_,157_456_478_202_254_
11:54:45,12.05,20,4777,12.05_12.10_12.15_12.20_12.25_,152_184_202_245_293_,12.00_11.95_11.90_11.85_11.80_,159_455_478_202_254_
11:55:06,12.05,20,4777,12.05_12.10_12.15_12.20_12.25_,152_229_202_245_293_,12.00_11.95_11.90_11.85_11.80_,160_455_480_200_254_
11:55:32,12.05,20,4777,12.05_12.10_12.15_12.20_12.25_,152_229_202_245_293_,12.00_11.95_11.90_11.85_11.80_,165_455_480_200_254_
11:56:18,12.05,20,4777,12.05_12.10_12.15_12.20_12.25_,155_229_202_245_293_,12.00_11.95_11.90_11.85_11.80_,169_455_500_200_255_
11:56:43,12.00,10,4787,12.05_12.10_12.15_12.20_12.25_,155_231_201_244_293_,12.00_11.95_11.90_11.85_11.80_,159_455_500_200_255_
11:57:09,12.05,1,4788,12.05_12.10_12.15_12.20_12.25_,154_231_202_243_293_,12.00_11.95_11.90_11.85_11.80_,158_457_500_200_255_
11:57:55,12.05,1,4788,12.05_12.10_12.15_12.20_12.25_,155_231_202_243_293_,12.00_11.95_11.90_11.85_11.80_,185_427_500_200_255_
11:58:10,12.05,1,4788,12.05_12.10_12.15_12.20_12.25_,156_231_202_243_293_,12.00_11.95_11.90_11.85_11.80_,185_427_500_200_255_
11:58:21,12.05,1,4788,12.05_12.10_12.15_12.20_12.25_,156_231_202_243_293_,12.00_11.95_11.90_11.85_11.80_,183_427_500_200_255_
11:59:12,12.05,1,4789,12.05_12.10_12.15_12.20_12.25_,155_231_204_243_293_,12.00_11.95_11.90_11.85_11.80_,183_427_500_200_255_
11:59:43,12.05,1,4790,12.05_12.10_12.15_12.20_12.25_,154_231_204_243_293_,12.00_11.95_11.90_11.85_11.80_,182_427_500_200_255_
12:01:15,12.00,3,4793,12.05_12.10_12.15_12.20_12.25_,154_231_203_244_293_,12.00_11.95_11.90_11.85_11.80_,188_427_478_200_257_
12:01:46,12.00,3,4793,12.05_12.10_12.15_12.20_12.25_,163_231_203_244_293_,12.00_11.95_11.90_11.85_11.80_,189_428_478_200_257_
12:02:27,12.00,60,4953,12.05_12.10_12.15_12.20_12.25_,165_231_204_245_293_,12.00_11.95_11.90_11.85_11.80_,50_427_478_200_257_
12:02:32,12.00,50,5003,12.00_12.05_12.10_12.15_12.20_,100_165_231_204_245_,11.95_11.90_11.85_11.80_11.75_,425_478_200_257_20_
12:03:28,12.00,2,5108,12.05_12.10_12.15_12.20_12.25_,166_231_203_245_293_,12.00_11.95_11.90_11.85_11.80_,104_417_458_200_257_
12:08:00,12.00,1,5228,12.00_12.05_12.10_12.15_12.20_,43_163_246_197_237_,11.95_11.90_11.85_11.80_11.75_,426_455_206_278_20_
12:10:23,12.00,1,5300,12.00_12.05_12.10_12.15_12.20_,2_147_246_187_239_,11.95_11.90_11.85_11.80_11.75_,427_453_206_276_20_
12:11:20,12.05,10,5310,12.05_12.10_12.15_12.20_12.25_,140_231_222_239_293_,11.95_11.90_11.85_11.80_11.75_,429_457_202_276_20_
12:13:54,12.00,27,5339,12.05_12.10_12.15_12.20_12.25_,150_231_213_247_293_,12.00_11.95_11.90_11.85_11.80_,77_436_461_202_276_
12:14:14,12.00,27,5339,12.05_12.10_12.15_12.20_12.25_,138_231_213_247_293_,12.00_11.95_11.90_11.85_11.80_,77_436_461_202_276_
12:14:55,12.00,8,5347,12.05_12.10_12.15_12.20_12.25_,138_231_213_247_293_,12.00_11.95_11.90_11.85_11.80_,83_437_461_202_278_
12:16:38,12.00,1,5358,12.05_12.10_12.15_12.20_12.25_,134_231_213_247_295_,12.00_11.95_11.90_11.85_11.80_,87_435_461_202_278_
12:17:44,12.00,1,5358,12.05_12.10_12.15_12.20_12.25_,134_228_213_247_295_,12.00_11.95_11.90_11.85_11.80_,91_434_461_202_278_
12:19:47,12.00,1,5358,12.05_12.10_12.15_12.20_12.25_,135_228_213_247_293_,12.00_11.95_11.90_11.85_11.80_,93_424_460_202_278_
12:20:03,12.00,1,5358,12.05_12.10_12.15_12.20_12.25_,135_228_213_247_293_,12.00_11.95_11.90_11.85_11.80_,93_424_460_202_278_
12:21:40,12.00,1,5358,12.05_12.10_12.15_12.20_12.25_,142_228_213_247_293_,12.00_11.95_11.90_11.85_11.80_,108_424_450_202_278_
12:23:38,12.00,5,5373,12.05_12.10_12.15_12.20_12.25_,140_228_213_247_293_,12.00_11.95_11.90_11.85_11.80_,96_422_451_202_278_
12:23:48,12.05,1,5374,12.05_12.10_12.15_12.20_12.25_,139_228_214_246_293_,12.00_11.95_11.90_11.85_11.80_,95_422_451_202_278_
12:23:53,12.05,1,5374,12.05_12.10_12.15_12.20_12.25_,139_228_214_246_293_,12.00_11.95_11.90_11.85_11.80_,95_422_450_202_278_
12:24:34,12.05,1,5376,12.05_12.10_12.15_12.20_12.25_,133_228_214_246_293_,12.00_11.95_11.90_11.85_11.80_,114_423_450_202_278_
12:27:39,12.00,2,5380,12.05_12.10_12.15_12.20_12.25_,174_228_213_246_293_,12.00_11.95_11.90_11.85_11.80_,175_421_450_202_278_
12:28:15,12.00,2,5380,12.05_12.10_12.15_12.20_12.25_,234_228_213_246_293_,12.00_11.95_11.90_11.85_11.80_,182_421_453_202_278_
12:28:20,12.00,2,5380,12.05_12.10_12.15_12.20_12.25_,234_228_213_246_293_,12.00_11.95_11.90_11.85_11.80_,182_424_453_202_278_
12:28:51,12.00,20,5401,12.05_12.10_12.15_12.20_12.25_,233_228_213_246_293_,12.00_11.95_11.90_11.85_11.80_,163_424_453_202_278_
12:30:08,12.00,3,5404,12.05_12.10_12.15_12.20_12.25_,233_228_213_246_293_,12.00_11.95_11.90_11.85_11.80_,169_419_453_202_278_
12:34:19,12.05,1,5453,12.05_12.10_12.15_12.20_12.25_,223_229_228_265_293_,12.00_11.95_11.90_11.85_11.80_,154_418_453_202_278_
12:36:52,12.00,5,5459,12.05_12.10_12.15_12.20_12.25_,256_229_227_266_293_,12.00_11.95_11.90_11.85_11.80_,152_419_453_202_278_
12:39:16,12.00,5,5459,12.05_12.10_12.15_12.20_12.25_,263_229_227_266_293_,12.00_11.95_11.90_11.85_11.80_,167_420_454_202_288_
12:40:38,12.05,1,5460,12.05_12.10_12.15_12.20_12.25_,246_229_228_265_293_,12.00_11.95_11.90_11.85_11.80_,166_426_454_202_288_
12:40:43,12.05,1,5460,12.05_12.10_12.15_12.20_12.25_,246_229_228_265_293_,12.00_11.95_11.90_11.85_11.80_,167_425_454_202_288_
12:41:24,12.05,1,5460,12.05_12.10_12.15_12.20_12.25_,246_229_228_265_293_,12.00_11.95_11.90_11.85_11.80_,169_425_454_202_288_
12:42:31,12.05,1,5461,12.05_12.10_12.15_12.20_12.25_,257_229_228_260_293_,12.00_11.95_11.90_11.85_11.80_,166_425_454_202_288_
12:44:03,12.00,23,5496,12.05_12.10_12.15_12.20_12.25_,247_229_227_261_293_,12.00_11.95_11.90_11.85_11.80_,131_426_454_202_288_
12:44:13,12.00,23,5496,12.05_12.10_12.15_12.20_12.25_,250_229_227_261_293_,12.00_11.95_11.90_11.85_11.80_,131_426_454_202_288_
12:44:39,12.00,60,5556,12.05_12.10_12.15_12.20_12.25_,268_232_227_261_293_,12.00_11.95_11.90_11.85_11.80_,72_426_454_202_288_
12:44:49,12.00,60,5556,12.05_12.10_12.15_12.20_12.25_,268_232_227_261_293_,12.00_11.95_11.90_11.85_11.80_,72_428_454_202_288_
12:47:32,12.00,5,5617,12.05_12.10_12.15_12.20_12.25_,267_222_230_260_293_,12.00_11.95_11.90_11.85_11.80_,13_427_454_202_288_
12:47:38,12.00,5,5617,12.05_12.10_12.15_12.20_12.25_,267_222_229_261_293_,12.00_11.95_11.90_11.85_11.80_,13_427_454_202_288_
12:47:43,12.00,5,5617,12.05_12.10_12.15_12.20_12.25_,267_222_229_261_293_,12.00_11.95_11.90_11.85_11.80_,15_427_454_202_288_
12:48:13,11.95,2,5634,12.00_12.05_12.10_12.15_12.20_,110_241_237_223_253_,11.95_11.90_11.85_11.80_11.75_,425_450_208_288_22_
12:48:49,11.95,1,5635,12.00_12.05_12.10_12.15_12.20_,150_218_237_223_253_,11.95_11.90_11.85_11.80_11.75_,429_450_208_288_24_
12:49:20,11.95,1,5635,12.00_12.05_12.10_12.15_12.20_,184_218_237_223_253_,11.95_11.90_11.85_11.80_11.75_,429_392_208_288_24_
12:50:12,11.95,1,5635,12.00_12.05_12.10_12.15_12.20_,184_217_237_223_253_,11.95_11.90_11.85_11.80_11.75_,430_392_208_288_24_
12:51:39,12.00,5,5640,12.00_12.05_12.10_12.15_12.20_,179_217_237_223_253_,11.95_11.90_11.85_11.80_11.75_,429_394_218_288_24_
12:52:40,12.00,5,5640,12.00_12.05_12.10_12.15_12.20_,179_217_237_223_253_,11.95_11.90_11.85_11.80_11.75_,431_394_219_288_24_
12:53:01,12.00,5,5640,12.00_12.05_12.10_12.15_12.20_,189_207_237_223_253_,11.95_11.90_11.85_11.80_11.75_,431_394_219_288_24_
12:54:22,11.95,1,5645,12.00_12.05_12.10_12.15_12.20_,194_207_237_223_253_,11.95_11.90_11.85_11.80_11.75_,448_394_219_288_24_
12:59:04,12.00,2,5778,12.00_12.05_12.10_12.15_12.20_,198_212_236_223_252_,11.95_11.90_11.85_11.80_11.75_,380_392_219_288_24_
12:59:50,11.95,30,5808,12.00_12.05_12.10_12.15_12.20_,198_212_236_223_252_,11.95_11.90_11.85_11.80_11.75_,346_392_219_289_24_
13:02:34,12.00,1,5856,12.00_12.05_12.10_12.15_12.20_,197_204_236_223_252_,11.95_11.90_11.85_11.80_11.75_,332_397_219_289_27_
13:03:00,12.00,1,5856,12.00_12.05_12.10_12.15_12.20_,197_204_236_223_252_,11.95_11.90_11.85_11.80_11.75_,338_397_219_289_27_
13:08:01,11.95,1,5897,12.00_12.05_12.10_12.15_12.20_,192_204_236_223_252_,11.95_11.90_11.85_11.80_11.75_,356_396_219_291_27_
13:09:03,12.00,2,5908,12.00_12.05_12.10_12.15_12.20_,209_183_236_223_252_,11.95_11.90_11.85_11.80_11.75_,353_396_219_291_27_
13:09:38,12.00,2,5921,12.00_12.05_12.10_12.15_12.20_,197_183_236_223_252_,11.95_11.90_11.85_11.80_11.75_,352_396_219_291_25_
13:11:06,11.95,1,5940,12.00_12.05_12.10_12.15_12.20_,212_189_236_209_234_,11.95_11.90_11.85_11.80_11.75_,356_403_219_291_25_
13:11:31,11.95,1,5940,12.00_12.05_12.10_12.15_12.20_,223_189_236_209_233_,11.95_11.90_11.85_11.80_11.75_,360_403_219_291_25_
13:14:15,11.95,3,5949,12.00_12.05_12.10_12.15_12.20_,242_185_236_209_233_,11.95_11.90_11.85_11.80_11.75_,372_425_219_290_27_
13:17:14,12.00,2,6235,12.00_12.05_12.10_12.15_12.20_,6_220_234_209_233_,11.95_11.90_11.85_11.80_11.75_,457_405_221_290_27_
13:18:46,12.05,2,6244,12.05_12.10_12.15_12.20_12.25_,213_221_217_241_292_,12.00_11.95_11.90_11.85_11.80_,121_459_411_213_290_
13:19:11,12.00,20,6266,12.05_12.10_12.15_12.20_12.25_,201_201_217_241_292_,12.00_11.95_11.90_11.85_11.80_,100_459_411_213_290_
13:19:22,12.00,20,6266,12.05_12.10_12.15_12.20_12.25_,201_201_217_241_292_,12.00_11.95_11.90_11.85_11.80_,100_461_411_213_290_
13:21:09,12.05,20,6350,12.05_12.10_12.15_12.20_12.25_,256_201_217_241_292_,12.00_11.95_11.90_11.85_11.80_,57_450_411_213_290_
13:22:05,12.05,1,6369,12.05_12.10_12.15_12.20_12.25_,252_201_237_241_292_,12.00_11.95_11.90_11.85_11.80_,41_454_410_213_290_
13:22:36,12.05,1,6369,12.05_12.10_12.15_12.20_12.25_,254_200_243_241_292_,12.00_11.95_11.90_11.85_11.80_,42_454_413_213_290_
13:23:02,12.00,10,6382,12.05_12.10_12.15_12.20_12.25_,253_200_243_241_292_,12.00_11.95_11.90_11.85_11.80_,129_454_413_213_291_
13:25:37,12.00,6,6547,12.05_12.10_12.15_12.20_12.25_,131_129_209_241_144_,12.00_11.95_11.90_11.85_11.80_,114_487_404_177_291_
13:30:00,12.00,430,6977,12.05_12.10_12.15_12.20_12.25_,121_202_179_270_144_,12.00_11.95_11.90_11.85_11.80_,84_741_422_126_291_
