13:00:27,19.45,37,27413,19.45_19.50_19.55_19.60_19.65_,66_56_232_453_104_,19.40_19.35_19.30_19.25_19.20_,401_414_921_1317_1582_
13:02:15,19.60,15,27719,19.60_19.65_19.70_19.75_19.80_,129_149_342_608_617_,19.55_19.50_19.45_19.40_19.35_,70_380_304_683_413_
13:02:36,19.55,108,27887,19.60_19.65_19.70_19.75_19.80_,86_146_479_509_617_,19.55_19.50_19.45_19.40_19.35_,33_321_318_678_413_
13:02:41,19.60,30,27917,19.60_19.65_19.70_19.75_19.80_,65_146_352_613_617_,19.55_19.50_19.45_19.40_19.35_,34_332_318_678_413_
13:03:06,19.55,11,28001,19.55_19.60_19.65_19.70_19.75_,140_79_355_481_316_,19.50_19.45_19.40_19.35_19.30_,144_377_459_645_873_
13:05:04,19.50,25,28788,19.55_19.60_19.65_19.70_19.75_,310_174_305_475_316_,19.50_19.45_19.40_19.35_19.30_,4_265_451_649_1007_
13:06:26,19.55,15,28828,19.55_19.60_19.65_19.70_19.75_,266_171_312_475_316_,19.50_19.45_19.40_19.35_19.30_,87_270_327_525_885_
13:06:46,19.50,1,28832,19.55_19.60_19.65_19.70_19.75_,267_171_329_475_316_,19.50_19.45_19.40_19.35_19.30_,110_270_322_527_887_
13:07:02,19.50,1,28834,19.55_19.60_19.65_19.70_19.75_,271_166_329_475_316_,19.50_19.45_19.40_19.35_19.30_,128_268_321_527_887_
13:07:22,19.55,1,28839,19.55_19.60_19.65_19.70_19.75_,266_167_329_475_316_,19.50_19.45_19.40_19.35_19.30_,147_176_321_532_888_
13:07:58,19.55,24,29016,19.55_19.60_19.65_19.70_19.75_,251_179_329_475_316_,19.50_19.45_19.40_19.35_19.30_,67_181_321_533_889_
13:09:25,19.55,2,29341,19.55_19.60_19.65_19.70_19.75_,237_106_325_474_294_,19.50_19.45_19.40_19.35_19.30_,67_162_308_555_889_
13:10:22,19.60,1,29589,19.60_19.65_19.70_19.75_19.80_,193_127_344_591_608_,19.55_19.50_19.45_19.40_19.35_,78_136_138_534_295_
13:11:13,19.60,1,29649,19.60_19.65_19.70_19.75_19.80_,304_139_424_496_609_,19.55_19.50_19.45_19.40_19.35_,181_145_142_535_297_
13:12:45,19.60,1,29759,19.60_19.65_19.70_19.75_19.80_,221_148_427_503_628_,19.55_19.50_19.45_19.40_19.35_,184_235_193_586_296_
13:12:55,19.60,1,29765,19.60_19.65_19.70_19.75_19.80_,221_148_340_602_628_,19.55_19.50_19.45_19.40_19.35_,183_235_193_586_297_
13:13:00,19.60,2,29767,19.60_19.65_19.70_19.75_19.80_,219_148_340_602_628_,19.55_19.50_19.45_19.40_19.35_,185_235_193_586_297_
13:13:26,19.60,1,29773,19.60_19.65_19.70_19.75_19.80_,226_150_341_602_628_,19.55_19.50_19.45_19.40_19.35_,215_238_194_586_297_
13:14:12,19.65,1,30406,19.70_19.75_19.80_19.85_19.90_,202_556_831_273_84_,19.65_19.60_19.55_19.50_19.45_,34_44_234_189_396_
13:14:43,19.65,17,30455,19.65_19.70_19.75_19.80_19.85_,1_259_559_836_273_,19.60_19.55_19.50_19.45_19.40_,172_242_181_368_323_
13:14:53,19.65,1,30458,19.65_19.70_19.75_19.80_19.85_,2_238_560_837_273_,19.60_19.55_19.50_19.45_19.40_,176_244_154_396_323_
13:16:00,19.60,8,30678,19.65_19.70_19.75_19.80_19.85_,63_208_590_838_277_,19.60_19.55_19.50_19.45_19.40_,239_246_205_396_323_
13:16:10,19.60,8,30678,19.65_19.70_19.75_19.80_19.85_,127_251_574_838_277_,19.60_19.55_19.50_19.45_19.40_,242_249_206_396_323_
13:16:20,19.65,1,30679,19.65_19.70_19.75_19.80_19.85_,126_241_574_838_277_,19.60_19.55_19.50_19.45_19.40_,254_243_206_396_323_
13:16:35,19.65,1,30679,19.65_19.70_19.75_19.80_19.85_,148_231_584_839_277_,19.60_19.55_19.50_19.45_19.40_,265_243_218_397_323_
13:16:46,19.65,1,30680,19.65_19.70_19.75_19.80_19.85_,169_231_597_839_288_,19.60_19.55_19.50_19.45_19.40_,267_243_218_397_323_
13:16:51,19.65,8,30688,19.65_19.70_19.75_19.80_19.85_,161_231_597_839_288_,19.60_19.55_19.50_19.45_19.40_,275_241_218_397_323_
13:18:33,19.65,2,30868,19.65_19.70_19.75_19.80_19.85_,215_92_586_838_288_,19.60_19.55_19.50_19.45_19.40_,206_169_235_397_326_
13:18:39,19.60,10,30878,19.65_19.70_19.75_19.80_19.85_,151_92_597_838_288_,19.60_19.55_19.50_19.45_19.40_,197_169_235_397_326_
13:18:54,19.65,1,30891,19.65_19.70_19.75_19.80_19.85_,150_87_586_843_288_,19.60_19.55_19.50_19.45_19.40_,207_171_236_397_326_
13:18:59,19.65,1,30892,19.65_19.70_19.75_19.80_19.85_,149_87_598_845_288_,19.60_19.55_19.50_19.45_19.40_,216_171_237_397_326_
13:22:40,19.65,9,30998,19.65_19.70_19.75_19.80_19.85_,109_195_629_759_272_,19.60_19.55_19.50_19.45_19.40_,338_219_332_400_328_
13:23:05,19.60,8,31034,19.65_19.70_19.75_19.80_19.85_,113_196_642_759_272_,19.60_19.55_19.50_19.45_19.40_,332_214_333_400_329_
13:25:53,19.70,1,31256,19.70_19.75_19.80_19.85_19.90_,439_288_819_446_1074_,19.65_19.60_19.55_19.50_19.45_,58_229_160_1180_1143_
13:27:05,19.70,1,31256,19.70_19.75_19.80_19.85_19.90_,354_282_823_448_1074_,19.65_19.60_19.55_19.50_19.45_,66_228_156_1178_1138_
13:27:56,19.70,1,31256,19.70_19.75_19.80_19.85_19.90_,345_283_827_448_1069_,19.65_19.60_19.55_19.50_19.45_,57_239_156_1178_1138_
13:28:06,19.70,1,31256,19.70_19.75_19.80_19.85_19.90_,335_283_828_448_1070_,19.65_19.60_19.55_19.50_19.45_,57_458_156_1579_1138_
13:30:00,19.65,1151,32407,19.65_19.70_19.75_19.80_19.85_,530_371_372_830_624_,19.60_19.55_19.50_19.45_19.40_,558_427_1681_1253_913_
09:00:36,19.55,1,352,19.55_19.60_19.65_19.70_19.75_,10_56_158_29_75_,19.50_19.45_19.40_19.35_19.30_,275_129_146_181_643_
09:00:47,19.55,11,365,19.55_19.60_19.65_19.70_19.75_,22_11_158_29_75_,19.50_19.45_19.40_19.35_19.30_,279_129_146_181_643_
09:01:33,19.55,1,387,19.55_19.60_19.65_19.70_19.75_,179_29_179_253_76_,19.50_19.45_19.40_19.35_19.30_,323_131_146_183_646_
09:01:53,19.55,1,387,19.55_19.60_19.65_19.70_19.75_,75_29_193_267_90_,19.50_19.45_19.40_19.35_19.30_,330_131_146_197_660_
09:03:00,19.50,6,414,19.55_19.60_19.65_19.70_19.75_,112_60_173_272_79_,19.50_19.45_19.40_19.35_19.30_,436_131_147_204_662_
09:03:05,19.50,6,414,19.55_19.60_19.65_19.70_19.75_,112_61_173_272_79_,19.50_19.45_19.40_19.35_19.30_,436_131_147_204_662_
09:06:20,19.55,2,493,19.55_19.60_19.65_19.70_19.75_,145_58_174_275_103_,19.50_19.45_19.40_19.35_19.30_,583_131_148_205_669_
09:06:31,19.55,1,498,19.55_19.60_19.65_19.70_19.75_,144_58_174_275_102_,19.50_19.45_19.40_19.35_19.30_,602_131_148_205_669_
09:06:36,19.55,1,499,19.55_19.60_19.65_19.70_19.75_,161_57_174_238_102_,19.50_19.45_19.40_19.35_19.30_,603_131_148_205_669_
09:07:01,19.55,2,526,19.55_19.60_19.65_19.70_19.75_,135_61_174_238_102_,19.50_19.45_19.40_19.35_19.30_,607_131_148_205_669_
09:07:06,19.55,1,527,19.55_19.60_19.65_19.70_19.75_,133_61_174_238_102_,19.50_19.45_19.40_19.35_19.30_,607_131_148_205_669_
09:07:12,19.55,7,534,19.55_19.60_19.65_19.70_19.75_,126_61_174_238_102_,19.50_19.45_19.40_19.35_19.30_,612_131_162_205_669_
09:07:12,19.55,7,534,19.55_19.60_19.65_19.70_19.75_,126_61_174_238_102_,19.50_19.45_19.40_19.35_19.30_,612_131_162_205_669_
09:13:10,19.60,1,1054,19.60_19.65_19.70_19.75_19.80_,196_183_405_418_74_,19.55_19.50_19.45_19.40_19.35_,322_703_163_433_195_
09:15:24,19.55,105,1212,19.60_19.65_19.70_19.75_19.80_,144_207_291_569_84_,19.55_19.50_19.45_19.40_19.35_,216_695_178_435_195_
09:15:29,19.60,3,1215,19.60_19.65_19.70_19.75_19.80_,149_207_291_569_84_,19.55_19.50_19.45_19.40_19.35_,216_695_178_435_195_
09:15:34,19.55,62,1277,19.60_19.65_19.70_19.75_19.80_,150_207_407_416_84_,19.55_19.50_19.45_19.40_19.35_,156_695_178_435_195_
09:15:39,19.55,62,1277,19.60_19.65_19.70_19.75_19.80_,168_207_291_569_84_,19.55_19.50_19.45_19.40_19.35_,170_716_178_435_195_
09:15:44,19.55,62,1277,19.60_19.65_19.70_19.75_19.80_,188_208_291_569_84_,19.55_19.50_19.45_19.40_19.35_,170_716_178_435_195_
09:16:41,19.60,1,1291,19.60_19.65_19.70_19.75_19.80_,192_248_291_570_84_,19.55_19.50_19.45_19.40_19.35_,202_723_178_436_183_
09:17:22,19.55,3,1294,19.60_19.65_19.70_19.75_19.80_,220_244_291_569_84_,19.55_19.50_19.45_19.40_19.35_,226_725_177_436_183_
09:17:27,19.55,3,1294,19.60_19.65_19.70_19.75_19.80_,220_245_291_569_84_,19.55_19.50_19.45_19.40_19.35_,231_725_177_436_183_
09:19:09,19.60,5,1317,19.60_19.65_19.70_19.75_19.80_,202_250_292_573_85_,19.55_19.50_19.45_19.40_19.35_,248_750_177_436_183_
09:19:40,19.60,10,1328,19.60_19.65_19.70_19.75_19.80_,190_250_292_573_85_,19.55_19.50_19.45_19.40_19.35_,247_765_177_436_183_
09:19:45,19.60,1,1329,19.60_19.65_19.70_19.75_19.80_,189_250_292_573_85_,19.55_19.50_19.45_19.40_19.35_,247_765_177_436_183_
09:19:50,19.60,5,1334,19.60_19.65_19.70_19.75_19.80_,198_251_292_572_85_,19.55_19.50_19.45_19.40_19.35_,247_766_177_436_183_
09:19:56,19.60,1,1335,19.60_19.65_19.70_19.75_19.80_,197_251_292_572_85_,19.55_19.50_19.45_19.40_19.35_,246_766_177_436_183_
09:19:56,19.60,1,1335,19.60_19.65_19.70_19.75_19.80_,197_251_292_572_85_,19.55_19.50_19.45_19.40_19.35_,246_766_177_436_183_
09:20:06,19.60,1,1335,19.60_19.65_19.70_19.75_19.80_,202_246_292_572_85_,19.55_19.50_19.45_19.40_19.35_,246_766_177_436_183_
09:21:38,19.55,18,1389,19.60_19.65_19.70_19.75_19.80_,180_262_293_572_85_,19.55_19.50_19.45_19.40_19.35_,303_822_177_437_184_
09:22:40,19.60,10,1425,19.60_19.65_19.70_19.75_19.80_,147_261_293_573_85_,19.55_19.50_19.45_19.40_19.35_,326_827_177_438_187_
09:23:11,19.60,20,1481,19.60_19.65_19.70_19.75_19.80_,105_258_293_572_85_,19.55_19.50_19.45_19.40_19.35_,345_814_177_442_187_
09:23:16,19.60,10,1491,19.60_19.65_19.70_19.75_19.80_,95_258_294_572_85_,19.55_19.50_19.45_19.40_19.35_,346_814_177_442_187_
09:25:04,19.65,5,1610,19.65_19.70_19.75_19.80_19.85_,277_124_418_419_41_,19.60_19.55_19.50_19.45_19.40_,95_485_639_440_159_
09:25:19,19.60,4,1614,19.65_19.70_19.75_19.80_19.85_,277_124_418_456_44_,19.60_19.55_19.50_19.45_19.40_,102_483_639_440_159_
09:25:24,19.60,4,1614,19.65_19.70_19.75_19.80_19.85_,277_124_417_419_44_,19.60_19.55_19.50_19.45_19.40_,102_483_641_440_159_
09:26:10,19.65,1,1619,19.65_19.70_19.75_19.80_19.85_,284_122_417_456_44_,19.60_19.55_19.50_19.45_19.40_,139_523_701_440_161_
09:26:26,19.65,10,1659,19.65_19.70_19.75_19.80_19.85_,254_123_417_419_44_,19.60_19.55_19.50_19.45_19.40_,141_496_702_440_161_
09:26:31,19.65,2,1661,19.65_19.70_19.75_19.80_19.85_,242_123_417_456_44_,19.60_19.55_19.50_19.45_19.40_,141_496_702_440_161_
09:26:36,19.60,17,1678,19.65_19.70_19.75_19.80_19.85_,242_123_417_419_44_,19.60_19.55_19.50_19.45_19.40_,126_496_702_440_161_
09:26:41,19.60,1,1679,19.65_19.70_19.75_19.80_19.85_,242_123_417_456_44_,19.60_19.55_19.50_19.45_19.40_,144_497_703_440_161_
09:26:46,19.60,1,1680,19.65_19.70_19.75_19.80_19.85_,243_123_417_456_44_,19.60_19.55_19.50_19.45_19.40_,146_497_703_440_161_
09:28:08,19.60,3,1728,19.65_19.70_19.75_19.80_19.85_,233_128_570_304_44_,19.60_19.55_19.50_19.45_19.40_,306_489_582_440_212_
09:28:13,19.65,8,1736,19.65_19.70_19.75_19.80_19.85_,225_128_417_457_44_,19.60_19.55_19.50_19.45_19.40_,308_489_582_440_212_
09:29:41,19.75,55,2176,19.75_19.80_19.85_19.90_19.95_,158_149_424_324_553_,19.70_19.65_19.60_19.55_19.50_,135_183_370_582_576_
09:29:51,19.75,5,2181,19.75_19.80_19.85_19.90_19.95_,154_149_387_324_553_,19.70_19.65_19.60_19.55_19.50_,135_183_370_582_576_
09:32:25,19.70,5,2403,19.70_19.75_19.80_19.85_19.90_,152_102_472_278_124_,19.65_19.60_19.55_19.50_19.45_,222_427_398_846_163_
09:32:45,19.65,60,2473,19.70_19.75_19.80_19.85_19.90_,83_106_434_278_125_,19.65_19.60_19.55_19.50_19.45_,164_425_398_849_163_
09:32:51,19.65,60,2533,19.70_19.75_19.80_19.85_19.90_,83_107_475_278_126_,19.65_19.60_19.55_19.50_19.45_,155_484_330_853_163_
09:32:56,19.70,1,2534,19.70_19.75_19.80_19.85_19.90_,82_107_475_278_126_,19.65_19.60_19.55_19.50_19.45_,155_426_389_853_163_
09:33:01,19.70,5,2539,19.70_19.75_19.80_19.85_19.90_,77_107_438_278_126_,19.65_19.60_19.55_19.50_19.45_,155_426_374_858_163_
09:33:16,19.70,1,2540,19.70_19.75_19.80_19.85_19.90_,89_147_438_278_126_,19.65_19.60_19.55_19.50_19.45_,168_521_325_869_163_
09:33:26,19.65,1,2547,19.70_19.75_19.80_19.85_19.90_,85_146_475_278_126_,19.65_19.60_19.55_19.50_19.45_,178_521_333_880_163_
09:33:32,19.65,1,2547,19.70_19.75_19.80_19.85_19.90_,86_146_475_278_127_,19.65_19.60_19.55_19.50_19.45_,178_521_333_880_173_
09:34:23,19.70,2,2559,19.70_19.75_19.80_19.85_19.90_,102_252_449_279_127_,19.65_19.60_19.55_19.50_19.45_,234_463_394_882_173_
09:36:00,19.75,30,2723,19.75_19.80_19.85_19.90_19.95_,241_242_433_175_550_,19.65_19.60_19.55_19.50_19.45_,364_473_338_894_173_
09:36:21,19.70,22,2750,19.75_19.80_19.85_19.90_19.95_,124_124_391_350_550_,19.70_19.65_19.60_19.55_19.50_,93_421_434_605_619_
09:36:31,19.75,30,2825,19.75_19.80_19.85_19.90_19.95_,102_124_391_350_550_,19.70_19.65_19.60_19.55_19.50_,59_379_411_605_619_
09:36:41,19.75,1,2826,19.75_19.80_19.85_19.90_19.95_,102_110_391_350_564_,19.70_19.65_19.60_19.55_19.50_,131_341_411_592_623_
09:38:44,19.75,5,2861,19.75_19.80_19.85_19.90_19.95_,137_260_438_345_550_,19.70_19.65_19.60_19.55_19.50_,229_372_378_614_626_
09:38:50,19.75,5,2861,19.75_19.80_19.85_19.90_19.95_,148_259_401_345_550_,19.70_19.65_19.60_19.55_19.50_,229_372_378_614_626_
09:38:55,19.75,3,2864,19.75_19.80_19.85_19.90_19.95_,155_260_438_345_550_,19.70_19.65_19.60_19.55_19.50_,229_372_378_614_627_
09:41:39,19.70,1,2957,19.75_19.80_19.85_19.90_19.95_,205_269_438_354_549_,19.70_19.65_19.60_19.55_19.50_,290_373_472_614_631_
09:42:40,19.70,4,3098,19.75_19.80_19.85_19.90_19.95_,224_272_437_355_549_,19.70_19.65_19.60_19.55_19.50_,207_360_458_608_633_
09:43:21,19.70,1,3437,19.70_19.75_19.80_19.85_19.90_,58_207_633_298_103_,19.65_19.60_19.55_19.50_19.45_,289_502_342_918_172_
09:43:26,19.70,6,3443,19.70_19.75_19.80_19.85_19.90_,62_207_633_298_103_,19.65_19.60_19.55_19.50_19.45_,294_453_391_920_172_
09:43:31,19.65,2,3445,19.70_19.75_19.80_19.85_19.90_,76_205_633_298_104_,19.65_19.60_19.55_19.50_19.45_,293_453_391_920_172_
09:43:42,19.70,3,3455,19.70_19.75_19.80_19.85_19.90_,77_205_636_298_104_,19.65_19.60_19.55_19.50_19.45_,294_453_390_920_172_
09:43:42,19.70,3,3455,19.70_19.75_19.80_19.85_19.90_,77_205_636_298_104_,19.65_19.60_19.55_19.50_19.45_,294_453_390_920_172_
09:44:18,19.65,1,3469,19.70_19.75_19.80_19.85_19.90_,80_201_641_299_109_,19.65_19.60_19.55_19.50_19.45_,299_491_347_920_171_
09:45:09,19.70,4,3485,19.70_19.75_19.80_19.85_19.90_,85_197_598_298_109_,19.65_19.60_19.55_19.50_19.45_,402_435_399_906_171_
09:45:14,19.70,4,3485,19.70_19.75_19.80_19.85_19.90_,87_197_635_298_109_,19.65_19.60_19.55_19.50_19.45_,388_435_399_921_171_
09:45:19,19.70,4,3485,19.70_19.75_19.80_19.85_19.90_,89_197_598_298_109_,19.65_19.60_19.55_19.50_19.45_,395_435_399_921_171_
09:45:24,19.70,4,3485,19.70_19.75_19.80_19.85_19.90_,89_197_635_299_109_,19.65_19.60_19.55_19.50_19.45_,395_435_399_921_172_
09:45:29,19.70,2,3487,19.70_19.75_19.80_19.85_19.90_,147_198_635_299_109_,19.65_19.60_19.55_19.50_19.45_,395_435_399_921_172_
09:45:40,19.70,2,3487,19.70_19.75_19.80_19.85_19.90_,192_198_635_299_109_,19.65_19.60_19.55_19.50_19.45_,395_435_399_921_172_
09:46:16,19.65,1,3499,19.70_19.75_19.80_19.85_19.90_,286_197_598_299_109_,19.65_19.60_19.55_19.50_19.45_,394_438_399_926_172_
09:46:21,19.70,2,3501,19.70_19.75_19.80_19.85_19.90_,284_197_598_299_109_,19.65_19.60_19.55_19.50_19.45_,398_438_399_926_172_
09:46:26,19.70,2,3501,19.70_19.75_19.80_19.85_19.90_,285_197_635_299_109_,19.65_19.60_19.55_19.50_19.45_,398_437_399_926_172_
09:46:31,19.65,2,3503,19.70_19.75_19.80_19.85_19.90_,287_197_598_299_109_,19.65_19.60_19.55_19.50_19.45_,396_437_399_926_172_
09:46:36,19.65,2,3503,19.70_19.75_19.80_19.85_19.90_,306_197_635_299_109_,19.65_19.60_19.55_19.50_19.45_,396_437_399_926_172_
09:47:32,19.65,1,3521,19.70_19.75_19.80_19.85_19.90_,291_212_635_305_109_,19.65_19.60_19.55_19.50_19.45_,405_418_403_926_172_
09:48:13,19.70,2,3526,19.70_19.75_19.80_19.85_19.90_,305_211_635_304_109_,19.65_19.60_19.55_19.50_19.45_,410_423_403_933_172_
09:48:18,19.70,2,3526,19.70_19.75_19.80_19.85_19.90_,305_211_635_304_109_,19.65_19.60_19.55_19.50_19.45_,414_423_403_933_172_
09:48:24,19.70,5,3531,19.70_19.75_19.80_19.85_19.90_,300_211_635_304_109_,19.65_19.60_19.55_19.50_19.45_,414_423_403_935_172_
09:48:39,19.70,2,3533,19.70_19.75_19.80_19.85_19.90_,299_210_598_304_109_,19.65_19.60_19.55_19.50_19.45_,415_435_405_935_173_
09:50:52,19.70,5,3592,19.70_19.75_19.80_19.85_19.90_,255_215_637_306_109_,19.65_19.60_19.55_19.50_19.45_,441_433_406_933_173_
09:51:07,19.65,1,3605,19.70_19.75_19.80_19.85_19.90_,250_215_637_306_109_,19.65_19.60_19.55_19.50_19.45_,443_433_406_933_173_
09:51:07,19.65,1,3605,19.70_19.75_19.80_19.85_19.90_,250_215_637_306_109_,19.65_19.60_19.55_19.50_19.45_,443_433_406_933_173_
09:51:13,19.65,1,3605,19.70_19.75_19.80_19.85_19.90_,251_215_637_306_109_,19.65_19.60_19.55_19.50_19.45_,441_433_406_933_173_
09:53:05,19.75,1,3865,19.75_19.80_19.85_19.90_19.95_,245_272_444_355_564_,19.70_19.65_19.60_19.55_19.50_,85_474_425_623_668_
09:54:38,19.80,2,4107,19.80_19.85_19.90_19.95_20.00_,267_83_487_819_706_,19.75_19.70_19.65_19.60_19.55_,175_400_553_644_342_
09:57:07,19.80,2,4199,19.80_19.85_19.90_19.95_20.00_,118_192_503_828_731_,19.75_19.70_19.65_19.60_19.55_,248_411_510_654_322_
09:57:07,19.80,2,4199,19.80_19.85_19.90_19.95_20.00_,118_192_503_828_731_,19.75_19.70_19.65_19.60_19.55_,248_411_510_654_322_
09:57:17,19.80,13,4213,19.80_19.85_19.90_19.95_20.00_,105_195_503_828_731_,19.75_19.70_19.65_19.60_19.55_,251_411_510_657_322_
09:57:22,19.80,5,4218,19.80_19.85_19.90_19.95_20.00_,100_195_503_828_731_,19.75_19.70_19.65_19.60_19.55_,251_411_510_657_322_
09:57:27,19.80,1,4219,19.80_19.85_19.90_19.95_20.00_,100_195_466_829_731_,19.75_19.70_19.65_19.60_19.55_,250_411_510_657_322_
09:57:47,19.80,10,4231,19.80_19.85_19.90_19.95_20.00_,175_194_503_829_731_,19.75_19.70_19.65_19.60_19.55_,247_411_500_657_322_
09:58:18,19.80,5,4251,19.80_19.85_19.90_19.95_20.00_,156_200_506_828_731_,19.75_19.70_19.65_19.60_19.55_,243_413_501_688_322_
10:02:34,19.75,2,4565,19.75_19.80_19.85_19.90_19.95_,52_66_607_372_555_,19.70_19.65_19.60_19.55_19.50_,362_544_486_620_684_
10:02:40,19.75,2,4567,19.75_19.80_19.85_19.90_19.95_,134_68_570_372_555_,19.70_19.65_19.60_19.55_19.50_,404_549_486_591_684_
10:02:45,19.75,5,4572,19.75_19.80_19.85_19.90_19.95_,130_67_607_372_555_,19.70_19.65_19.60_19.55_19.50_,404_549_486_591_684_
10:02:50,19.75,5,4577,19.75_19.80_19.85_19.90_19.95_,125_65_611_372_555_,19.70_19.65_19.60_19.55_19.50_,406_545_486_591_684_
10:03:00,19.75,2,4579,19.75_19.80_19.85_19.90_19.95_,131_59_613_374_555_,19.70_19.65_19.60_19.55_19.50_,377_545_486_620_684_
10:04:12,19.75,2,4601,19.75_19.80_19.85_19.90_19.95_,129_69_580_375_555_,19.70_19.65_19.60_19.55_19.50_,363_550_485_620_685_
10:04:17,19.75,2,4601,19.75_19.80_19.85_19.90_19.95_,129_69_617_375_555_,19.70_19.65_19.60_19.55_19.50_,363_550_485_620_685_
10:07:22,19.80,1,4670,19.80_19.85_19.90_19.95_20.00_,48_258_528_822_741_,19.75_19.70_19.65_19.60_19.55_,134_434_541_680_326_
10:07:27,19.80,1,4670,19.80_19.85_19.90_19.95_20.00_,40_278_528_823_741_,19.75_19.70_19.65_19.60_19.55_,134_434_541_680_326_
10:07:32,19.80,1,4670,19.80_19.85_19.90_19.95_20.00_,40_288_491_823_756_,19.75_19.70_19.65_19.60_19.55_,134_434_541_680_326_
10:08:03,19.80,1,4673,19.80_19.85_19.90_19.95_20.00_,39_288_534_823_756_,19.75_19.70_19.65_19.60_19.55_,138_434_541_680_326_
10:08:08,19.80,5,4678,19.80_19.85_19.90_19.95_20.00_,34_289_497_822_756_,19.75_19.70_19.65_19.60_19.55_,138_434_541_680_326_
10:08:13,19.80,2,4680,19.80_19.85_19.90_19.95_20.00_,33_294_534_822_756_,19.75_19.70_19.65_19.60_19.55_,138_434_541_680_326_
10:09:09,19.80,3,4690,19.80_19.85_19.90_19.95_20.00_,137_297_498_822_756_,19.75_19.70_19.65_19.60_19.55_,245_446_542_679_326_
10:09:09,19.80,3,4690,19.80_19.85_19.90_19.95_20.00_,137_297_498_822_756_,19.75_19.70_19.65_19.60_19.55_,245_446_542_679_326_
10:09:14,19.80,3,4690,19.80_19.85_19.90_19.95_20.00_,148_297_535_822_756_,19.75_19.70_19.65_19.60_19.55_,246_446_542_679_326_
10:09:20,19.80,2,4692,19.80_19.85_19.90_19.95_20.00_,148_307_498_822_756_,19.75_19.70_19.65_19.60_19.55_,246_450_542_679_326_
10:09:30,19.75,1,4708,19.80_19.85_19.90_19.95_20.00_,134_307_535_822_756_,19.75_19.70_19.65_19.60_19.55_,248_446_544_679_326_
10:09:35,19.80,2,4710,19.80_19.85_19.90_19.95_20.00_,134_307_535_822_756_,19.75_19.70_19.65_19.60_19.55_,247_446_545_679_326_
10:11:17,19.80,2,4914,19.85_19.90_19.95_20.00_20.05_,335_198_906_1014_110_,19.80_19.75_19.70_19.65_19.60_,204_388_440_761_387_
10:11:28,19.80,2,4914,19.85_19.90_19.95_20.00_20.05_,330_199_943_1013_110_,19.80_19.75_19.70_19.65_19.60_,203_388_440_761_387_
10:11:33,19.80,10,4924,19.85_19.90_19.95_20.00_20.05_,330_302_943_1014_110_,19.80_19.75_19.70_19.65_19.60_,196_388_430_761_387_
10:11:38,19.80,10,4924,19.85_19.90_19.95_20.00_20.05_,330_302_906_1015_110_,19.80_19.75_19.70_19.65_19.60_,196_388_430_761_387_
10:11:48,19.80,4,4928,19.85_19.90_19.95_20.00_20.05_,334_313_943_1015_111_,19.80_19.75_19.70_19.65_19.60_,212_389_430_761_387_
10:12:24,19.85,5,4946,19.85_19.90_19.95_20.00_20.05_,327_317_906_1015_111_,19.80_19.75_19.70_19.65_19.60_,232_389_430_761_388_
10:12:29,19.85,5,4946,19.85_19.90_19.95_20.00_20.05_,334_317_943_1016_111_,19.80_19.75_19.70_19.65_19.60_,234_389_430_761_388_
10:12:34,19.85,5,4946,19.85_19.90_19.95_20.00_20.05_,334_317_943_1014_111_,19.80_19.75_19.70_19.65_19.60_,231_389_431_761_388_
10:13:00,19.80,3,4963,19.85_19.90_19.95_20.00_20.05_,339_316_944_1014_111_,19.80_19.75_19.70_19.65_19.60_,241_377_431_762_388_
10:13:31,19.85,3,4972,19.85_19.90_19.95_20.00_20.05_,333_320_907_1014_111_,19.80_19.75_19.70_19.65_19.60_,248_379_431_762_388_
10:13:36,19.85,2,4974,19.85_19.90_19.95_20.00_20.05_,332_320_907_1014_111_,19.80_19.75_19.70_19.65_19.60_,246_379_431_762_388_
10:13:41,19.80,1,4975,19.85_19.90_19.95_20.00_20.05_,334_320_944_1014_111_,19.80_19.75_19.70_19.65_19.60_,248_379_431_762_388_
10:13:46,19.80,23,4998,19.85_19.90_19.95_20.00_20.05_,330_320_907_1014_111_,19.80_19.75_19.70_19.65_19.60_,237_379_431_762_388_
10:13:51,19.80,23,4998,19.85_19.90_19.95_20.00_20.05_,330_325_945_1014_111_,19.80_19.75_19.70_19.65_19.60_,241_379_431_762_388_
10:13:51,19.80,23,4998,19.85_19.90_19.95_20.00_20.05_,330_325_945_1014_111_,19.80_19.75_19.70_19.65_19.60_,241_379_431_762_388_
10:16:10,19.80,1,5123,19.85_19.90_19.95_20.00_20.05_,322_338_945_1014_111_,19.80_19.75_19.70_19.65_19.60_,193_383_433_754_388_
10:18:23,19.80,11,5351,19.85_19.90_19.95_20.00_20.05_,367_336_909_1014_111_,19.80_19.75_19.70_19.65_19.60_,32_394_449_748_388_
10:19:45,19.80,3,5430,19.80_19.85_19.90_19.95_20.00_,51_248_697_813_757_,19.75_19.70_19.65_19.60_19.55_,368_448_533_684_338_
10:19:50,19.80,2,5432,19.80_19.85_19.90_19.95_20.00_,49_248_697_813_757_,19.75_19.70_19.65_19.60_19.55_,368_453_533_684_343_
10:20:05,19.80,14,5446,19.80_19.85_19.90_19.95_20.00_,38_246_697_813_757_,19.75_19.70_19.65_19.60_19.55_,354_457_533_684_343_
10:22:08,19.75,1,5473,19.80_19.85_19.90_19.95_20.00_,191_299_641_812_758_,19.75_19.70_19.65_19.60_19.55_,390_458_533_684_342_
10:23:05,19.75,17,5518,19.80_19.85_19.90_19.95_20.00_,248_322_678_812_758_,19.75_19.70_19.65_19.60_19.55_,376_458_544_684_342_
10:23:10,19.75,17,5518,19.80_19.85_19.90_19.95_20.00_,276_322_641_812_758_,19.75_19.70_19.65_19.60_19.55_,377_458_544_684_342_
10:23:20,19.80,2,5521,19.80_19.85_19.90_19.95_20.00_,352_324_641_812_758_,19.75_19.70_19.65_19.60_19.55_,381_459_544_684_342_
10:24:57,19.80,16,5558,19.80_19.85_19.90_19.95_20.00_,218_318_679_813_760_,19.75_19.70_19.65_19.60_19.55_,377_456_549_686_342_
10:25:03,19.80,16,5558,19.80_19.85_19.90_19.95_20.00_,219_317_642_813_760_,19.75_19.70_19.65_19.60_19.55_,378_456_549_686_342_
10:25:44,19.75,17,5602,19.80_19.85_19.90_19.95_20.00_,223_319_676_812_760_,19.75_19.70_19.65_19.60_19.55_,406_457_549_687_344_
10:25:49,19.75,17,5602,19.80_19.85_19.90_19.95_20.00_,223_320_676_812_760_,19.75_19.70_19.65_19.60_19.55_,414_457_549_687_344_
10:25:59,19.75,17,5602,19.80_19.85_19.90_19.95_20.00_,235_320_639_812_755_,19.75_19.70_19.65_19.60_19.55_,414_457_549_688_344_
10:26:35,19.80,2,5621,19.80_19.85_19.90_19.95_20.00_,220_318_676_812_755_,19.75_19.70_19.65_19.60_19.55_,403_457_544_688_344_
10:26:40,19.80,5,5626,19.80_19.85_19.90_19.95_20.00_,222_318_639_812_755_,19.75_19.70_19.65_19.60_19.55_,403_457_544_688_344_
10:26:45,19.80,5,5626,19.80_19.85_19.90_19.95_20.00_,222_318_676_812_755_,19.75_19.70_19.65_19.60_19.55_,409_470_544_688_344_
10:26:50,19.80,5,5626,19.80_19.85_19.90_19.95_20.00_,229_318_676_812_755_,19.75_19.70_19.65_19.60_19.55_,417_470_544_688_344_
10:26:55,19.80,5,5626,19.80_19.85_19.90_19.95_20.00_,229_318_639_812_755_,19.75_19.70_19.65_19.60_19.55_,417_470_544_688_344_
10:27:01,19.80,18,5644,19.80_19.85_19.90_19.95_20.00_,211_318_639_812_755_,19.75_19.70_19.65_19.60_19.55_,403_470_544_688_344_
10:27:06,19.80,1,5645,19.80_19.85_19.90_19.95_20.00_,210_318_674_812_755_,19.75_19.70_19.65_19.60_19.55_,411_470_544_688_344_
10:27:42,19.80,2,5648,19.80_19.85_19.90_19.95_20.00_,225_319_637_813_755_,19.75_19.70_19.65_19.60_19.55_,411_470_544_688_344_
10:27:47,19.80,2,5648,19.80_19.85_19.90_19.95_20.00_,227_319_675_813_755_,19.75_19.70_19.65_19.60_19.55_,424_470_544_688_344_
10:27:52,19.80,7,5655,19.80_19.85_19.90_19.95_20.00_,222_279_675_813_755_,19.75_19.70_19.65_19.60_19.55_,425_470_544_688_344_
10:27:52,19.80,7,5655,19.80_19.85_19.90_19.95_20.00_,222_279_675_813_755_,19.75_19.70_19.65_19.60_19.55_,425_470_544_688_344_
10:28:02,19.80,13,5668,19.80_19.85_19.90_19.95_20.00_,212_279_675_813_755_,19.75_19.70_19.65_19.60_19.55_,427_470_544_688_344_
10:28:07,19.75,30,5698,19.80_19.85_19.90_19.95_20.00_,212_279_675_813_755_,19.75_19.70_19.65_19.60_19.55_,390_470_544_688_344_
10:29:55,19.80,10,5920,19.80_19.85_19.90_19.95_20.00_,344_283_649_812_740_,19.75_19.70_19.65_19.60_19.55_,344_470_444_688_345_
10:31:01,19.80,2,5973,19.80_19.85_19.90_19.95_20.00_,318_280_648_812_747_,19.75_19.70_19.65_19.60_19.55_,351_475_444_683_345_
10:31:27,19.80,2,5990,19.80_19.85_19.90_19.95_20.00_,311_283_648_813_746_,19.75_19.70_19.65_19.60_19.55_,335_475_444_683_345_
10:31:37,19.80,5,5995,19.80_19.85_19.90_19.95_20.00_,306_283_685_813_746_,19.75_19.70_19.65_19.60_19.55_,335_475_444_683_345_
10:32:03,19.80,2,6005,19.80_19.85_19.90_19.95_20.00_,299_335_685_812_746_,19.75_19.70_19.65_19.60_19.55_,357_695_444_683_347_
10:32:23,19.80,2,6024,19.80_19.85_19.90_19.95_20.00_,283_334_684_812_747_,19.75_19.70_19.65_19.60_19.55_,338_695_444_683_347_
10:32:28,19.80,2,6024,19.80_19.85_19.90_19.95_20.00_,283_335_647_812_747_,19.75_19.70_19.65_19.60_19.55_,338_695_444_683_347_
10:32:39,19.80,5,6029,19.80_19.85_19.90_19.95_20.00_,286_332_684_812_748_,19.75_19.70_19.65_19.60_19.55_,350_690_444_683_347_
10:32:59,19.80,7,6036,19.80_19.85_19.90_19.95_20.00_,288_332_684_812_748_,19.75_19.70_19.65_19.60_19.55_,356_690_444_683_347_
10:33:05,19.80,7,6036,19.80_19.85_19.90_19.95_20.00_,288_332_647_812_748_,19.75_19.70_19.65_19.60_19.55_,358_690_444_683_347_
10:33:10,19.80,15,6051,19.80_19.85_19.90_19.95_20.00_,279_331_683_812_748_,19.75_19.70_19.65_19.60_19.55_,343_690_444_683_347_
10:33:51,19.75,5,6082,19.80_19.85_19.90_19.95_20.00_,286_331_683_812_748_,19.75_19.70_19.65_19.60_19.55_,340_690_444_685_347_
10:33:56,19.75,5,6082,19.80_19.85_19.90_19.95_20.00_,288_331_683_812_748_,19.75_19.70_19.65_19.60_19.55_,341_690_444_685_347_
10:33:56,19.75,5,6082,19.80_19.85_19.90_19.95_20.00_,288_331_683_812_748_,19.75_19.70_19.65_19.60_19.55_,341_690_444_685_347_
10:34:22,19.80,5,6102,19.80_19.85_19.90_19.95_20.00_,279_336_680_812_748_,19.75_19.70_19.65_19.60_19.55_,338_702_444_685_347_
10:34:57,19.75,3,6153,19.80_19.85_19.90_19.95_20.00_,429_337_680_813_748_,19.75_19.70_19.65_19.60_19.55_,319_691_444_686_347_
10:35:08,19.80,3,6156,19.80_19.85_19.90_19.95_20.00_,427_336_680_812_748_,19.75_19.70_19.65_19.60_19.55_,318_692_444_686_347_
10:35:08,19.80,3,6156,19.80_19.85_19.90_19.95_20.00_,427_336_680_812_748_,19.75_19.70_19.65_19.60_19.55_,318_692_444_686_347_
10:35:18,19.80,5,6161,19.80_19.85_19.90_19.95_20.00_,424_336_680_812_748_,19.75_19.70_19.65_19.60_19.55_,318_692_444_686_347_
10:37:11,19.80,1,6227,19.80_19.85_19.90_19.95_20.00_,272_329_643_812_750_,19.75_19.70_19.65_19.60_19.55_,418_692_444_687_355_
10:38:17,19.80,2,6250,19.80_19.85_19.90_19.95_20.00_,276_335_688_813_750_,19.75_19.70_19.65_19.60_19.55_,447_680_453_687_355_
10:38:17,19.80,2,6250,19.80_19.85_19.90_19.95_20.00_,276_335_688_813_750_,19.75_19.70_19.65_19.60_19.55_,447_680_453_687_355_
10:38:23,19.80,2,6250,19.80_19.85_19.90_19.95_20.00_,279_335_688_813_750_,19.75_19.70_19.65_19.60_19.55_,448_680_453_687_355_
10:39:24,19.75,12,6283,19.80_19.85_19.90_19.95_20.00_,371_335_678_783_749_,19.75_19.70_19.65_19.60_19.55_,459_684_442_687_355_
10:39:34,19.75,17,6300,19.80_19.85_19.90_19.95_20.00_,381_345_678_783_749_,19.75_19.70_19.65_19.60_19.55_,453_684_442_687_355_
10:40:21,19.75,1,6366,19.80_19.85_19.90_19.95_20.00_,423_344_678_783_749_,19.75_19.70_19.65_19.60_19.55_,407_684_442_689_355_
10:41:01,19.80,5,6430,19.80_19.85_19.90_19.95_20.00_,422_368_621_784_749_,19.75_19.70_19.65_19.60_19.55_,358_684_445_689_355_
10:41:07,19.80,11,6441,19.80_19.85_19.90_19.95_20.00_,408_368_658_784_749_,19.75_19.70_19.65_19.60_19.55_,359_684_445_689_355_
10:41:27,19.80,5,6455,19.80_19.85_19.90_19.95_20.00_,412_344_640_784_749_,19.75_19.70_19.65_19.60_19.55_,353_688_446_689_355_
10:43:51,19.75,2,6502,19.80_19.85_19.90_19.95_20.00_,626_346_675_803_746_,19.75_19.70_19.65_19.60_19.55_,357_682_448_690_355_
10:45:13,19.75,10,6545,19.80_19.85_19.90_19.95_20.00_,587_348_675_832_746_,19.75_19.70_19.65_19.60_19.55_,347_682_448_694_355_
10:45:13,19.75,10,6545,19.80_19.85_19.90_19.95_20.00_,587_348_675_832_746_,19.75_19.70_19.65_19.60_19.55_,347_682_448_694_355_
10:45:23,19.80,3,6558,19.80_19.85_19.90_19.95_20.00_,585_347_675_832_746_,19.75_19.70_19.65_19.60_19.55_,339_683_448_694_355_
10:46:30,19.75,1,6586,19.80_19.85_19.90_19.95_20.00_,574_366_655_832_745_,19.75_19.70_19.65_19.60_19.55_,317_684_449_694_355_
10:46:35,19.75,1,6586,19.80_19.85_19.90_19.95_20.00_,574_346_638_832_745_,19.75_19.70_19.65_19.60_19.55_,316_684_450_694_355_
10:47:00,19.75,3,6594,19.80_19.85_19.90_19.95_20.00_,570_366_656_832_745_,19.75_19.70_19.65_19.60_19.55_,312_684_450_694_355_
10:48:32,19.80,5,6632,19.80_19.85_19.90_19.95_20.00_,396_348_676_832_740_,19.75_19.70_19.65_19.60_19.55_,480_687_449_694_355_
10:48:48,19.80,5,6632,19.80_19.85_19.90_19.95_20.00_,402_347_676_832_740_,19.75_19.70_19.65_19.60_19.55_,466_687_449_694_355_
10:48:53,19.80,11,6643,19.80_19.85_19.90_19.95_20.00_,393_346_676_832_740_,19.75_19.70_19.65_19.60_19.55_,476_687_449_694_355_
10:48:58,19.75,3,6646,19.80_19.85_19.90_19.95_20.00_,391_346_639_832_740_,19.75_19.70_19.65_19.60_19.55_,537_687_449_694_355_
10:50:51,19.80,2,6689,19.80_19.85_19.90_19.95_20.00_,366_346_639_832_740_,19.75_19.70_19.65_19.60_19.55_,522_675_450_694_355_
10:50:56,19.80,2,6691,19.80_19.85_19.90_19.95_20.00_,372_346_639_832_740_,19.75_19.70_19.65_19.60_19.55_,522_675_450_694_355_
10:52:38,19.80,5,6745,19.80_19.85_19.90_19.95_20.00_,280_351_675_832_740_,19.75_19.70_19.65_19.60_19.55_,487_686_451_694_355_
10:52:59,19.80,5,6753,19.80_19.85_19.90_19.95_20.00_,278_352_675_832_740_,19.75_19.70_19.65_19.60_19.55_,471_686_452_694_355_
10:53:04,19.75,4,6757,19.80_19.85_19.90_19.95_20.00_,277_348_638_832_740_,19.75_19.70_19.65_19.60_19.55_,484_686_452_694_355_
10:53:09,19.75,4,6757,19.80_19.85_19.90_19.95_20.00_,277_348_675_832_740_,19.75_19.70_19.65_19.60_19.55_,469_686_452_695_354_
10:53:14,19.75,4,6757,19.80_19.85_19.90_19.95_20.00_,277_348_638_832_740_,19.75_19.70_19.65_19.60_19.55_,469_686_452_695_354_
10:53:19,19.80,4,6761,19.80_19.85_19.90_19.95_20.00_,274_347_638_832_740_,19.75_19.70_19.65_19.60_19.55_,468_686_452_695_354_
10:53:35,19.80,1,6764,19.80_19.85_19.90_19.95_20.00_,275_346_675_832_740_,19.75_19.70_19.65_19.60_19.55_,481_686_452_695_354_
10:53:45,19.80,5,6774,19.80_19.85_19.90_19.95_20.00_,265_346_675_832_740_,19.75_19.70_19.65_19.60_19.55_,500_686_452_695_354_
10:54:26,19.80,4,6792,19.80_19.85_19.90_19.95_20.00_,263_347_675_832_740_,19.75_19.70_19.65_19.60_19.55_,498_686_452_695_354_
10:55:07,19.75,34,6876,19.80_19.85_19.90_19.95_20.00_,232_366_618_833_740_,19.75_19.70_19.65_19.60_19.55_,415_686_451_696_354_
10:55:12,19.80,3,6879,19.80_19.85_19.90_19.95_20.00_,414_346_675_833_740_,19.75_19.70_19.65_19.60_19.55_,415_686_451_696_354_
10:56:09,19.80,4,6895,19.80_19.85_19.90_19.95_20.00_,444_352_675_832_740_,19.75_19.70_19.65_19.60_19.55_,412_686_451_696_354_
10:56:14,19.80,5,6900,19.80_19.85_19.90_19.95_20.00_,439_353_675_832_740_,19.75_19.70_19.65_19.60_19.55_,412_686_451_696_354_
10:56:19,19.80,5,6900,19.80_19.85_19.90_19.95_20.00_,440_353_675_832_740_,19.75_19.70_19.65_19.60_19.55_,412_686_451_696_354_
10:56:24,19.80,5,6900,19.80_19.85_19.90_19.95_20.00_,447_373_618_832_740_,19.75_19.70_19.65_19.60_19.55_,412_686_450_696_354_
10:56:29,19.80,2,6902,19.80_19.85_19.90_19.95_20.00_,446_373_655_832_740_,19.75_19.70_19.65_19.60_19.55_,411_686_450_696_354_
10:56:39,19.80,2,6902,19.80_19.85_19.90_19.95_20.00_,456_353_675_832_740_,19.75_19.70_19.65_19.60_19.55_,412_686_450_696_354_
10:58:12,19.75,1,6964,19.80_19.85_19.90_19.95_20.00_,269_349_674_833_740_,19.75_19.70_19.65_19.60_19.55_,404_688_451_695_354_
10:58:17,19.80,2,6966,19.80_19.85_19.90_19.95_20.00_,268_349_637_833_740_,19.75_19.70_19.65_19.60_19.55_,404_688_451_695_354_
10:58:32,19.80,2,6966,19.80_19.85_19.90_19.95_20.00_,275_351_637_833_740_,19.75_19.70_19.65_19.60_19.55_,401_689_451_695_354_
10:59:39,19.80,2,6987,19.80_19.85_19.90_19.95_20.00_,466_352_674_832_740_,19.75_19.70_19.65_19.60_19.55_,395_689_451_695_349_
11:03:14,19.80,2,7103,19.80_19.85_19.90_19.95_20.00_,458_352_641_832_741_,19.75_19.70_19.65_19.60_19.55_,387_721_450_695_349_
11:04:16,19.80,1,7133,19.80_19.85_19.90_19.95_20.00_,269_356_678_832_742_,19.75_19.70_19.65_19.60_19.55_,667_722_450_695_349_
11:04:21,19.75,2,7135,19.80_19.85_19.90_19.95_20.00_,267_356_641_832_742_,19.75_19.70_19.65_19.60_19.55_,665_722_450_695_349_
11:04:26,19.75,2,7135,19.80_19.85_19.90_19.95_20.00_,267_356_678_832_742_,19.75_19.70_19.65_19.60_19.55_,647_722_450_695_349_
11:04:31,19.75,5,7140,19.80_19.85_19.90_19.95_20.00_,269_356_678_832_742_,19.75_19.70_19.65_19.60_19.55_,663_722_450_695_349_
11:04:36,19.80,21,7161,19.80_19.85_19.90_19.95_20.00_,249_356_641_832_742_,19.75_19.70_19.65_19.60_19.55_,644_722_450_695_349_
11:04:57,19.80,10,7172,19.80_19.85_19.90_19.95_20.00_,233_356_641_831_742_,19.75_19.70_19.65_19.60_19.55_,658_722_450_696_349_
11:05:12,19.75,17,7212,19.80_19.85_19.90_19.95_20.00_,243_351_678_831_742_,19.75_19.70_19.65_19.60_19.55_,619_722_450_697_349_
11:05:17,19.80,2,7214,19.80_19.85_19.90_19.95_20.00_,241_351_641_831_742_,19.75_19.70_19.65_19.60_19.55_,623_722_450_697_349_
11:06:39,19.80,10,7241,19.80_19.85_19.90_19.95_20.00_,262_374_621_830_742_,19.75_19.70_19.65_19.60_19.55_,526_723_451_697_349_
11:06:55,19.75,1,7247,19.80_19.85_19.90_19.95_20.00_,257_355_678_830_742_,19.75_19.70_19.65_19.60_19.55_,526_724_452_697_349_
11:07:05,19.75,4,7251,19.80_19.85_19.90_19.95_20.00_,238_355_678_830_742_,19.75_19.70_19.65_19.60_19.55_,522_724_452_697_349_
11:07:10,19.75,5,7256,19.80_19.85_19.90_19.95_20.00_,238_355_678_830_742_,19.75_19.70_19.65_19.60_19.55_,517_724_452_697_349_
11:07:15,19.80,3,7259,19.80_19.85_19.90_19.95_20.00_,235_359_641_830_742_,19.75_19.70_19.65_19.60_19.55_,517_724_452_697_349_
11:07:36,19.80,5,7264,19.80_19.85_19.90_19.95_20.00_,227_378_657_830_742_,19.75_19.70_19.65_19.60_19.55_,524_725_451_697_349_
11:13:45,19.80,7,7484,19.80_19.85_19.90_19.95_20.00_,407_354_673_832_743_,19.75_19.70_19.65_19.60_19.55_,423_714_451_699_350_
11:14:21,19.80,2,7501,19.80_19.85_19.90_19.95_20.00_,413_356_668_832_743_,19.75_19.70_19.65_19.60_19.55_,416_714_451_699_350_
11:14:31,19.80,2,7501,19.80_19.85_19.90_19.95_20.00_,413_356_668_832_743_,19.75_19.70_19.65_19.60_19.55_,415_714_451_699_350_
11:14:36,19.75,1,7502,19.80_19.85_19.90_19.95_20.00_,413_356_668_832_743_,19.75_19.70_19.65_19.60_19.55_,414_714_451_699_350_
11:14:51,19.80,2,7509,19.80_19.85_19.90_19.95_20.00_,407_356_631_832_743_,19.75_19.70_19.65_19.60_19.55_,415_714_451_699_350_
11:16:14,19.80,3,7538,19.80_19.85_19.90_19.95_20.00_,409_357_667_832_743_,19.75_19.70_19.65_19.60_19.55_,418_724_451_701_350_
11:19:18,19.85,3,7969,19.85_19.90_19.95_20.00_20.05_,369_333_950_1018_116_,19.80_19.75_19.70_19.65_19.60_,360_386_718_663_407_
11:19:23,19.85,2,7971,19.85_19.90_19.95_20.00_20.05_,366_333_913_1018_116_,19.80_19.75_19.70_19.65_19.60_,360_386_718_663_407_
11:19:29,19.85,2,7971,19.85_19.90_19.95_20.00_20.05_,365_332_950_1018_116_,19.80_19.75_19.70_19.65_19.60_,359_386_718_664_407_
11:19:34,19.85,2,7971,19.85_19.90_19.95_20.00_20.05_,365_332_950_1018_116_,19.80_19.75_19.70_19.65_19.60_,359_386_718_665_407_
11:20:10,19.80,1,7995,19.85_19.90_19.95_20.00_20.05_,360_332_951_1018_116_,19.80_19.75_19.70_19.65_19.60_,357_374_717_665_412_
11:20:20,19.80,1,7997,19.85_19.90_19.95_20.00_20.05_,362_312_971_1018_116_,19.80_19.75_19.70_19.65_19.60_,340_374_717_665_412_
11:20:35,19.80,1,8001,19.85_19.90_19.95_20.00_20.05_,362_301_934_1018_116_,19.80_19.75_19.70_19.65_19.60_,339_374_717_665_412_
11:21:01,19.85,10,8013,19.85_19.90_19.95_20.00_20.05_,355_321_951_1014_116_,19.80_19.75_19.70_19.65_19.60_,370_374_716_665_412_
11:22:49,19.80,2,8045,19.85_19.90_19.95_20.00_20.05_,379_329_971_1015_116_,19.80_19.75_19.70_19.65_19.60_,342_379_716_665_412_
11:22:59,19.80,20,8068,19.85_19.90_19.95_20.00_20.05_,375_349_951_1015_116_,19.80_19.75_19.70_19.65_19.60_,347_379_716_665_412_
11:23:09,19.80,20,8068,19.85_19.90_19.95_20.00_20.05_,389_325_934_1015_116_,19.80_19.75_19.70_19.65_19.60_,322_379_717_665_412_
11:25:54,19.85,3,8127,19.85_19.90_19.95_20.00_20.05_,471_323_971_1021_116_,19.80_19.75_19.70_19.65_19.60_,372_374_715_636_412_
11:25:59,19.85,2,8129,19.85_19.90_19.95_20.00_20.05_,474_323_934_1021_116_,19.80_19.75_19.70_19.65_19.60_,372_374_715_636_412_
11:26:04,19.80,1,8130,19.85_19.90_19.95_20.00_20.05_,479_294_971_1021_145_,19.80_19.75_19.70_19.65_19.60_,371_374_715_636_412_
11:28:33,19.80,1,8181,19.85_19.90_19.95_20.00_20.05_,499_425_973_1020_116_,19.80_19.75_19.70_19.65_19.60_,363_401_711_636_413_
11:29:14,19.80,1,8191,19.85_19.90_19.95_20.00_20.05_,506_425_936_1021_116_,19.80_19.75_19.70_19.65_19.60_,365_404_711_636_413_
11:29:19,19.80,1,8191,19.85_19.90_19.95_20.00_20.05_,511_425_973_1021_116_,19.80_19.75_19.70_19.65_19.60_,365_403_711_636_413_
11:30:20,19.80,2,8212,19.85_19.90_19.95_20.00_20.05_,509_402_936_1020_145_,19.80_19.75_19.70_19.65_19.60_,358_403_711_636_413_
11:31:01,19.80,1,8224,19.85_19.90_19.95_20.00_20.05_,502_426_975_1017_116_,19.80_19.75_19.70_19.65_19.60_,382_403_711_636_414_
11:31:16,19.80,4,8231,19.85_19.90_19.95_20.00_20.05_,503_397_975_1017_145_,19.80_19.75_19.70_19.65_19.60_,522_403_713_637_414_
11:32:03,19.85,5,8252,19.85_19.90_19.95_20.00_20.05_,491_397_975_1017_145_,19.80_19.75_19.70_19.65_19.60_,591_403_714_641_414_
11:33:35,19.85,2,8374,19.85_19.90_19.95_20.00_20.05_,431_430_938_1017_116_,19.80_19.75_19.70_19.65_19.60_,509_407_714_641_414_
11:34:37,19.85,5,8403,19.85_19.90_19.95_20.00_20.05_,413_430_975_1017_116_,19.80_19.75_19.70_19.65_19.60_,478_403_714_651_414_
11:35:12,19.80,2,8433,19.85_19.90_19.95_20.00_20.05_,384_429_977_1019_116_,19.80_19.75_19.70_19.65_19.60_,462_391_714_651_414_
11:35:18,19.85,10,8443,19.85_19.90_19.95_20.00_20.05_,374_429_940_1019_116_,19.80_19.75_19.70_19.65_19.60_,463_391_714_651_414_
11:35:23,19.85,2,8445,19.85_19.90_19.95_20.00_20.05_,370_429_977_1019_116_,19.80_19.75_19.70_19.65_19.60_,463_391_714_651_414_
11:35:53,19.85,1,8458,19.85_19.90_19.95_20.00_20.05_,370_429_977_1020_116_,19.80_19.75_19.70_19.65_19.60_,459_391_714_651_415_
11:36:04,19.80,4,8466,19.85_19.90_19.95_20.00_20.05_,387_400_977_1020_145_,19.80_19.75_19.70_19.65_19.60_,455_391_714_651_415_
11:38:47,19.85,3,8519,19.85_19.90_19.95_20.00_20.05_,395_431_977_1022_116_,19.80_19.75_19.70_19.65_19.60_,434_395_714_651_415_
11:38:58,19.85,2,8522,19.85_19.90_19.95_20.00_20.05_,402_433_940_1022_116_,19.80_19.75_19.70_19.65_19.60_,438_391_714_651_415_
11:39:59,19.85,398,8935,19.90_19.95_20.00_20.05_20.10_,533_615_1137_376_134_,19.85_19.80_19.75_19.70_19.65_,242_383_392_923_386_
11:40:04,19.85,2,8937,19.90_19.95_20.00_20.05_20.10_,537_615_1100_376_134_,19.85_19.80_19.75_19.70_19.65_,263_360_392_923_386_
11:40:30,19.85,5,8947,19.90_19.95_20.00_20.05_20.10_,551_646_1195_313_134_,19.85_19.80_19.75_19.70_19.65_,329_353_392_923_388_
11:41:11,19.90,1,8993,19.90_19.95_20.00_20.05_20.10_,419_650_1197_313_138_,19.85_19.80_19.75_19.70_19.65_,447_361_392_925_388_
11:41:57,19.90,4,9016,19.90_19.95_20.00_20.05_20.10_,402_652_1197_313_138_,19.85_19.80_19.75_19.70_19.65_,453_363_392_925_389_
11:43:35,19.90,3,9043,19.90_19.95_20.00_20.05_20.10_,424_656_1163_313_139_,19.85_19.80_19.75_19.70_19.65_,455_364_395_924_391_
11:44:51,19.90,2,9104,19.90_19.95_20.00_20.05_20.10_,414_660_1163_463_139_,19.85_19.80_19.75_19.70_19.65_,445_364_395_895_391_
11:45:48,19.90,1,9119,19.90_19.95_20.00_20.05_20.10_,413_656_1200_463_139_,19.85_19.80_19.75_19.70_19.65_,441_364_395_896_391_
11:45:53,19.85,1,9120,19.90_19.95_20.00_20.05_20.10_,413_656_1202_463_139_,19.85_19.80_19.75_19.70_19.65_,440_364_395_896_391_
11:46:13,19.90,9,9129,19.90_19.95_20.00_20.05_20.10_,411_626_1165_463_168_,19.85_19.80_19.75_19.70_19.65_,450_368_395_896_381_
11:48:52,19.90,5,9219,19.90_19.95_20.00_20.05_20.10_,352_661_1207_464_140_,19.85_19.80_19.75_19.70_19.65_,419_353_394_919_381_
11:49:33,19.90,10,9252,19.90_19.95_20.00_20.05_20.10_,321_665_1170_464_169_,19.85_19.80_19.75_19.70_19.65_,450_353_394_890_381_
11:49:33,19.90,10,9252,19.90_19.95_20.00_20.05_20.10_,321_665_1170_464_169_,19.85_19.80_19.75_19.70_19.65_,450_353_394_890_381_
11:49:44,19.90,2,9254,19.90_19.95_20.00_20.05_20.10_,319_667_1207_464_169_,19.85_19.80_19.75_19.70_19.65_,452_353_394_890_381_
11:49:44,19.90,2,9254,19.90_19.95_20.00_20.05_20.10_,319_667_1207_464_169_,19.85_19.80_19.75_19.70_19.65_,452_353_394_890_381_
11:49:49,19.90,10,9264,19.90_19.95_20.00_20.05_20.10_,310_667_1170_465_169_,19.85_19.80_19.75_19.70_19.65_,497_353_394_890_381_
11:49:54,19.90,6,9270,19.90_19.95_20.00_20.05_20.10_,296_667_1207_465_169_,19.85_19.80_19.75_19.70_19.65_,497_353_376_890_381_
11:51:06,19.85,1,9327,19.90_19.95_20.00_20.05_20.10_,464_681_1165_510_140_,19.85_19.80_19.75_19.70_19.65_,466_353_376_890_381_
11:54:41,19.90,3,9527,19.90_19.95_20.00_20.05_20.10_,163_719_1182_488_169_,19.85_19.80_19.75_19.70_19.65_,505_356_410_887_405_
11:54:46,19.90,11,9538,19.90_19.95_20.00_20.05_20.10_,155_700_1239_488_169_,19.85_19.80_19.75_19.70_19.65_,504_356_410_887_405_
11:54:51,19.90,5,9543,19.90_19.95_20.00_20.05_20.10_,150_700_1239_488_169_,19.85_19.80_19.75_19.70_19.65_,504_356_410_887_405_
11:55:02,19.85,3,9560,19.90_19.95_20.00_20.05_20.10_,141_696_1239_488_169_,19.85_19.80_19.75_19.70_19.65_,502_367_410_887_405_
11:55:07,19.85,3,9560,19.90_19.95_20.00_20.05_20.10_,143_696_1139_567_169_,19.85_19.80_19.75_19.70_19.65_,502_367_410_887_405_
11:55:17,19.90,1,9561,19.90_19.95_20.00_20.05_20.10_,142_696_1202_488_169_,19.85_19.80_19.75_19.70_19.65_,502_367_410_887_405_
11:55:43,19.85,1,9573,19.90_19.95_20.00_20.05_20.10_,154_695_1202_490_169_,19.85_19.80_19.75_19.70_19.65_,511_368_411_887_405_
11:55:48,19.85,1,9573,19.90_19.95_20.00_20.05_20.10_,154_695_1176_569_169_,19.85_19.80_19.75_19.70_19.65_,511_369_411_887_405_
11:55:48,19.85,1,9573,19.90_19.95_20.00_20.05_20.10_,154_695_1176_569_169_,19.85_19.80_19.75_19.70_19.65_,511_369_411_887_405_
11:55:58,19.90,6,9579,19.90_19.95_20.00_20.05_20.10_,148_697_1176_569_169_,19.85_19.80_19.75_19.70_19.65_,511_369_411_887_405_
11:56:03,19.90,6,9579,19.90_19.95_20.00_20.05_20.10_,148_697_1255_490_169_,19.85_19.80_19.75_19.70_19.65_,511_369_411_887_405_
11:57:15,19.90,2,9633,19.90_19.95_20.00_20.05_20.10_,128_755_1235_493_143_,19.85_19.80_19.75_19.70_19.65_,510_370_413_886_405_
11:57:41,19.90,4,9640,19.90_19.95_20.00_20.05_20.10_,134_745_1175_556_143_,19.85_19.80_19.75_19.70_19.65_,511_370_412_886_405_
12:01:42,19.90,288,10046,19.95_20.00_20.05_20.10_20.15_,741_1234_490_143_149_,19.90_19.85_19.80_19.75_19.70_,12_445_359_408_882_
12:01:52,19.90,23,10069,19.90_19.95_20.00_20.05_20.10_,4_711_808_727_362_,19.85_19.80_19.75_19.70_19.65_,477_362_617_622_401_
12:01:57,19.90,1,10070,19.90_19.95_20.00_20.05_20.10_,21_709_1234_489_192_,19.85_19.80_19.75_19.70_19.65_,434_361_408_881_401_
12:02:02,19.90,1,10070,19.90_19.95_20.00_20.05_20.10_,15_692_1187_479_182_,19.85_19.80_19.75_19.70_19.65_,433_361_398_871_387_
12:02:07,19.90,1,10070,19.90_19.95_20.00_20.05_20.10_,16_693_1223_479_182_,19.85_19.80_19.75_19.70_19.65_,433_361_398_871_387_
12:02:18,19.95,26,10096,19.90_19.95_20.00_20.05_20.10_,2_683_1071_597_235_,19.85_19.80_19.75_19.70_19.65_,433_410_348_870_387_
12:02:43,19.90,3,10153,19.95_20.00_20.05_20.10_20.15_,694_789_702_351_159_,19.90_19.85_19.80_19.75_19.70_,51_416_362_607_612_
12:04:26,19.95,6,10198,19.95_20.00_20.05_20.10_20.15_,674_784_719_355_188_,19.90_19.85_19.80_19.75_19.70_,304_385_374_578_610_
12:04:36,19.95,4,10202,19.95_20.00_20.05_20.10_20.15_,675_783_719_355_188_,19.90_19.85_19.80_19.75_19.70_,304_385_374_578_610_
12:05:48,19.95,2,10266,19.95_20.00_20.05_20.10_20.15_,629_799_718_354_159_,19.90_19.85_19.80_19.75_19.70_,355_386_379_578_610_
12:05:48,19.95,2,10266,19.95_20.00_20.05_20.10_20.15_,629_799_718_354_159_,19.90_19.85_19.80_19.75_19.70_,355_386_379_578_610_
12:06:49,19.90,1,10304,19.95_20.00_20.05_20.10_20.15_,633_779_663_400_159_,19.90_19.85_19.80_19.75_19.70_,349_408_401_577_611_
12:06:55,19.90,1,10304,19.95_20.00_20.05_20.10_20.15_,633_779_700_400_159_,19.90_19.85_19.80_19.75_19.70_,349_408_401_577_611_
12:07:05,19.95,1,10306,19.95_20.00_20.05_20.10_20.15_,633_779_663_400_159_,19.90_19.85_19.80_19.75_19.70_,319_408_400_606_611_
12:10:40,19.90,3,10389,19.95_20.00_20.05_20.10_20.15_,652_773_701_398_157_,19.90_19.85_19.80_19.75_19.70_,335_427_401_578_611_
12:11:31,19.95,5,10402,19.95_20.00_20.05_20.10_20.15_,666_773_701_398_157_,19.90_19.85_19.80_19.75_19.70_,338_427_399_578_611_
12:11:36,19.95,2,10404,19.95_20.00_20.05_20.10_20.15_,664_791_692_352_157_,19.90_19.85_19.80_19.75_19.70_,338_427_398_578_611_
12:11:41,19.95,2,10404,19.95_20.00_20.05_20.10_20.15_,664_791_729_352_157_,19.90_19.85_19.80_19.75_19.70_,338_427_398_578_611_
12:11:47,19.95,2,10406,19.95_20.00_20.05_20.10_20.15_,663_791_729_353_157_,19.90_19.85_19.80_19.75_19.70_,338_427_398_578_611_
12:12:33,19.95,3,10409,19.95_20.00_20.05_20.10_20.15_,668_796_692_352_157_,19.90_19.85_19.80_19.75_19.70_,338_426_398_578_611_
12:13:14,19.90,4,10425,19.95_20.00_20.05_20.10_20.15_,666_777_701_398_157_,19.90_19.85_19.80_19.75_19.70_,341_426_398_578_612_
12:13:14,19.90,4,10425,19.95_20.00_20.05_20.10_20.15_,666_777_701_398_157_,19.90_19.85_19.80_19.75_19.70_,341_426_398_578_612_
12:15:17,19.95,1,10474,19.95_20.00_20.05_20.10_20.15_,655_765_692_352_185_,19.90_19.85_19.80_19.75_19.70_,339_406_398_578_614_
12:15:27,19.90,3,10477,19.95_20.00_20.05_20.10_20.15_,661_751_701_399_185_,19.90_19.85_19.80_19.75_19.70_,336_406_398_578_614_
12:16:19,19.90,3,10492,19.95_20.00_20.05_20.10_20.15_,677_779_701_397_154_,19.90_19.85_19.80_19.75_19.70_,444_406_397_578_614_
12:16:24,19.95,5,10497,19.95_20.00_20.05_20.10_20.15_,672_780_664_397_154_,19.90_19.85_19.80_19.75_19.70_,444_406_397_578_614_
12:16:39,19.90,1,10498,19.95_20.00_20.05_20.10_20.15_,669_781_702_396_154_,19.90_19.85_19.80_19.75_19.70_,442_406_397_578_614_
12:16:44,19.90,1,10498,19.95_20.00_20.05_20.10_20.15_,669_800_646_396_154_,19.90_19.85_19.80_19.75_19.70_,442_406_397_578_614_
12:16:54,19.95,1,10499,19.95_20.00_20.05_20.10_20.15_,670_780_701_396_154_,19.90_19.85_19.80_19.75_19.70_,442_406_398_578_614_
12:17:05,19.95,5,10504,19.95_20.00_20.05_20.10_20.15_,664_798_729_350_154_,19.90_19.85_19.80_19.75_19.70_,525_406_398_578_614_
12:17:05,19.95,5,10504,19.95_20.00_20.05_20.10_20.15_,664_798_729_350_154_,19.90_19.85_19.80_19.75_19.70_,525_406_398_578_614_
12:18:01,19.95,3,10524,19.95_20.00_20.05_20.10_20.15_,656_780_701_396_154_,19.90_19.85_19.80_19.75_19.70_,499_406_378_578_614_
12:18:06,19.95,3,10524,19.95_20.00_20.05_20.10_20.15_,660_798_692_350_154_,19.90_19.85_19.80_19.75_19.70_,500_406_377_578_614_
12:18:16,19.95,3,10524,19.95_20.00_20.05_20.10_20.15_,665_798_692_350_159_,19.90_19.85_19.80_19.75_19.70_,500_406_378_578_614_
12:18:21,19.95,3,10527,19.95_20.00_20.05_20.10_20.15_,662_798_729_350_159_,19.90_19.85_19.80_19.75_19.70_,500_406_378_578_614_
12:21:36,19.90,2,10587,19.95_20.00_20.05_20.10_20.15_,667_782_665_398_160_,19.90_19.85_19.80_19.75_19.70_,457_417_380_607_614_
12:21:36,19.90,2,10587,19.95_20.00_20.05_20.10_20.15_,667_782_665_398_160_,19.90_19.85_19.80_19.75_19.70_,457_417_380_607_614_
12:21:36,19.90,2,10587,19.95_20.00_20.05_20.10_20.15_,667_782_665_398_160_,19.90_19.85_19.80_19.75_19.70_,457_417_380_607_614_
12:22:27,19.95,2,10601,19.95_20.00_20.05_20.10_20.15_,673_770_664_398_160_,19.90_19.85_19.80_19.75_19.70_,447_417_382_607_614_
12:23:09,19.95,4,10612,19.95_20.00_20.05_20.10_20.15_,672_788_729_353_160_,19.90_19.85_19.80_19.75_19.70_,451_419_382_607_614_
12:26:34,19.90,1,10711,19.95_20.00_20.05_20.10_20.15_,651_771_702_398_160_,19.90_19.85_19.80_19.75_19.70_,558_408_382_607_587_
12:27:40,19.90,3,10741,19.95_20.00_20.05_20.10_20.15_,669_796_683_399_160_,19.90_19.85_19.80_19.75_19.70_,553_408_385_607_587_
12:28:06,19.90,5,10755,19.95_20.00_20.05_20.10_20.15_,672_792_646_399_160_,19.90_19.85_19.80_19.75_19.70_,544_408_385_607_587_
12:28:27,19.90,2,10758,19.95_20.00_20.05_20.10_20.15_,671_793_683_399_163_,19.90_19.85_19.80_19.75_19.70_,540_408_385_607_587_
12:29:44,19.90,3,10782,19.95_20.00_20.05_20.10_20.15_,663_791_684_399_163_,19.90_19.85_19.80_19.75_19.70_,537_408_385_607_587_
12:30:04,19.90,1,10792,19.95_20.00_20.05_20.10_20.15_,655_796_637_389_153_,19.90_19.85_19.80_19.75_19.70_,532_408_375_597_577_
12:31:00,19.90,3,10805,19.95_20.00_20.05_20.10_20.15_,656_798_637_390_153_,19.90_19.85_19.80_19.75_19.70_,529_420_375_597_577_
12:32:07,19.90,2,10836,19.95_20.00_20.05_20.10_20.15_,644_800_636_389_153_,19.90_19.85_19.80_19.75_19.70_,508_420_378_597_574_
12:32:12,19.90,2,10836,19.95_20.00_20.05_20.10_20.15_,644_800_673_389_153_,19.90_19.85_19.80_19.75_19.70_,508_420_378_597_574_
12:32:22,19.90,1,10837,19.95_20.00_20.05_20.10_20.15_,646_800_673_389_153_,19.90_19.85_19.80_19.75_19.70_,507_420_378_597_574_
12:32:28,19.95,5,10842,19.95_20.00_20.05_20.10_20.15_,641_800_636_389_153_,19.90_19.85_19.80_19.75_19.70_,507_420_378_597_574_
12:32:33,19.95,2,10844,19.95_20.00_20.05_20.10_20.15_,639_800_719_343_153_,19.90_19.85_19.80_19.75_19.70_,513_423_378_597_574_
12:33:19,19.90,3,10863,19.95_20.00_20.05_20.10_20.15_,639_799_674_389_153_,19.90_19.85_19.80_19.75_19.70_,493_423_378_597_574_
12:33:24,19.90,3,10863,19.95_20.00_20.05_20.10_20.15_,639_799_637_389_153_,19.90_19.85_19.80_19.75_19.70_,493_423_378_597_574_
12:33:34,19.90,1,10866,19.95_20.00_20.05_20.10_20.15_,631_799_674_389_153_,19.90_19.85_19.80_19.75_19.70_,492_423_378_597_574_
12:33:45,19.95,8,10874,19.95_20.00_20.05_20.10_20.15_,623_799_720_343_153_,19.90_19.85_19.80_19.75_19.70_,498_423_378_597_574_
12:33:50,19.95,8,10874,19.95_20.00_20.05_20.10_20.15_,631_799_720_343_153_,19.90_19.85_19.80_19.75_19.70_,498_423_378_597_574_
12:35:32,19.90,1,10931,19.95_20.00_20.05_20.10_20.15_,599_814_674_389_153_,19.90_19.85_19.80_19.75_19.70_,513_411_378_597_574_
12:35:48,19.95,6,10942,19.95_20.00_20.05_20.10_20.15_,590_818_683_343_153_,19.90_19.85_19.80_19.75_19.70_,520_411_378_597_574_
12:35:58,19.95,4,10954,19.95_20.00_20.05_20.10_20.15_,597_821_683_343_153_,19.90_19.85_19.80_19.75_19.70_,520_408_378_597_574_
12:37:20,19.90,1,11015,19.95_20.00_20.05_20.10_20.15_,590_798_657_389_153_,19.90_19.85_19.80_19.75_19.70_,485_408_376_597_584_
12:37:25,19.95,5,11020,19.95_20.00_20.05_20.10_20.15_,586_798_694_389_153_,19.90_19.85_19.80_19.75_19.70_,485_408_376_597_584_
12:37:56,19.95,2,11037,19.95_20.00_20.05_20.10_20.15_,573_819_675_389_153_,19.90_19.85_19.80_19.75_19.70_,477_408_375_597_586_
12:38:27,19.90,1,11043,19.95_20.00_20.05_20.10_20.15_,575_822_638_390_153_,19.90_19.85_19.80_19.75_19.70_,591_408_375_597_586_
12:38:32,19.90,1,11043,19.95_20.00_20.05_20.10_20.15_,575_822_675_390_153_,19.90_19.85_19.80_19.75_19.70_,599_408_375_597_586_
12:40:14,19.90,3,11084,19.95_20.00_20.05_20.10_20.15_,557_803_655_389_153_,19.90_19.85_19.80_19.75_19.70_,578_408_376_597_587_
12:40:20,19.90,4,11088,19.95_20.00_20.05_20.10_20.15_,558_803_655_389_153_,19.90_19.85_19.80_19.75_19.70_,578_409_376_597_587_
12:42:33,19.95,5,11172,19.95_20.00_20.05_20.10_20.15_,500_821_715_344_164_,19.90_19.85_19.80_19.75_19.70_,605_420_596_568_367_
12:42:33,19.95,5,11172,19.95_20.00_20.05_20.10_20.15_,500_821_715_344_164_,19.90_19.85_19.80_19.75_19.70_,605_420_596_568_367_
12:42:38,19.95,3,11175,19.95_20.00_20.05_20.10_20.15_,498_822_715_344_164_,19.90_19.85_19.80_19.75_19.70_,605_420_596_568_367_
12:43:50,19.95,20,11266,19.95_20.00_20.05_20.10_20.15_,430_821_715_343_174_,19.90_19.85_19.80_19.75_19.70_,563_409_596_568_367_
12:43:50,19.95,20,11266,19.95_20.00_20.05_20.10_20.15_,430_821_715_343_174_,19.90_19.85_19.80_19.75_19.70_,563_409_596_568_367_
12:44:00,19.90,1,11267,19.95_20.00_20.05_20.10_20.15_,431_821_715_343_174_,19.90_19.85_19.80_19.75_19.70_,561_409_596_568_367_
12:45:53,19.90,3,11332,19.95_20.00_20.05_20.10_20.15_,446_795_715_343_204_,19.90_19.85_19.80_19.75_19.70_,514_409_599_568_367_
12:49:08,19.95,5,11422,19.95_20.00_20.05_20.10_20.15_,425_839_735_361_175_,19.90_19.85_19.80_19.75_19.70_,499_409_618_586_382_
12:49:08,19.95,5,11422,19.95_20.00_20.05_20.10_20.15_,425_839_735_361_175_,19.90_19.85_19.80_19.75_19.70_,499_409_618_586_382_
12:53:14,19.95,35,11968,20.00_20.05_20.10_20.15_20.20_,821_336_602_374_254_,19.95_19.90_19.85_19.80_19.75_,60_559_420_819_107_
12:53:40,19.95,53,12028,20.00_20.05_20.10_20.15_20.20_,821_336_602_375_254_,19.95_19.90_19.85_19.80_19.75_,15_556_420_822_109_
12:53:45,19.95,22,12050,19.95_20.00_20.05_20.10_20.15_,11_822_336_565_375_,19.90_19.85_19.80_19.75_19.70_,555_420_822_109_78_
12:53:50,19.95,22,12050,19.95_20.00_20.05_20.10_20.15_,33_798_739_337_213_,19.90_19.85_19.80_19.75_19.70_,512_405_613_372_79_
12:54:00,19.95,2,12052,19.95_20.00_20.05_20.10_20.15_,38_798_738_337_213_,19.90_19.85_19.80_19.75_19.70_,503_416_613_372_79_
12:54:05,19.95,5,12057,19.95_20.00_20.05_20.10_20.15_,41_816_701_337_213_,19.90_19.85_19.80_19.75_19.70_,508_416_613_372_79_
12:54:11,19.95,41,12098,20.00_20.05_20.10_20.15_20.20_,815_739_337_212_254_,19.95_19.90_19.85_19.80_19.75_,99_510_416_613_372_
12:54:16,19.95,2,12100,20.00_20.05_20.10_20.15_20.20_,797_336_602_374_254_,19.95_19.90_19.85_19.80_19.75_,97_540_431_822_109_
12:54:21,19.95,2,12100,20.00_20.05_20.10_20.15_20.20_,799_336_565_374_254_,19.95_19.90_19.85_19.80_19.75_,107_540_431_822_109_
12:54:26,19.95,2,12100,20.00_20.05_20.10_20.15_20.20_,800_336_602_374_254_,19.95_19.90_19.85_19.80_19.75_,109_539_431_822_109_
12:54:31,19.95,1,12101,20.00_20.05_20.10_20.15_20.20_,800_336_565_374_254_,19.95_19.90_19.85_19.80_19.75_,108_534_431_822_109_
12:54:36,19.95,2,12103,20.00_20.05_20.10_20.15_20.20_,800_336_602_374_254_,19.95_19.90_19.85_19.80_19.75_,106_534_431_822_109_
12:55:12,20.00,3,12114,20.00_20.05_20.10_20.15_20.20_,793_340_604_374_254_,19.95_19.90_19.85_19.80_19.75_,182_528_419_822_109_
12:55:22,20.00,5,12119,20.00_20.05_20.10_20.15_20.20_,799_443_468_374_254_,19.95_19.90_19.85_19.80_19.75_,206_528_419_822_109_
12:55:27,20.00,5,12119,20.00_20.05_20.10_20.15_20.20_,809_443_505_374_254_,19.95_19.90_19.85_19.80_19.75_,206_528_419_822_109_
12:55:33,20.00,5,12119,20.00_20.05_20.10_20.15_20.20_,809_443_468_374_254_,19.95_19.90_19.85_19.80_19.75_,206_530_419_822_109_
12:57:10,20.00,1,12161,20.00_20.05_20.10_20.15_20.20_,785_437_505_374_254_,19.95_19.90_19.85_19.80_19.75_,415_533_423_829_60_
12:57:31,20.00,2,12169,20.00_20.05_20.10_20.15_20.20_,777_438_505_375_254_,19.95_19.90_19.85_19.80_19.75_,419_533_424_829_60_
12:59:13,20.00,2,12223,20.00_20.05_20.10_20.15_20.20_,785_450_512_372_254_,19.95_19.90_19.85_19.80_19.75_,427_535_424_829_60_
12:59:54,20.00,2,12240,20.00_20.05_20.10_20.15_20.20_,774_350_574_372_254_,19.95_19.90_19.85_19.80_19.75_,432_546_373_779_60_
12:59:54,20.00,2,12240,20.00_20.05_20.10_20.15_20.20_,774_350_574_372_254_,19.95_19.90_19.85_19.80_19.75_,432_546_373_779_60_
12:59:59,20.00,2,12242,20.00_20.05_20.10_20.15_20.20_,773_449_512_372_254_,19.95_19.90_19.85_19.80_19.75_,432_546_373_779_60_
13:00:05,19.95,4,12246,20.00_20.05_20.10_20.15_20.20_,776_446_512_372_254_,19.95_19.90_19.85_19.80_19.75_,430_546_373_779_60_
13:00:15,19.95,2,12249,20.00_20.05_20.10_20.15_20.20_,789_445_512_372_254_,19.95_19.90_19.85_19.80_19.75_,426_546_373_779_60_
13:00:25,19.95,2,12249,20.00_20.05_20.10_20.15_20.20_,791_346_611_372_252_,19.95_19.90_19.85_19.80_19.75_,434_546_373_779_60_
13:00:25,19.95,2,12249,20.00_20.05_20.10_20.15_20.20_,791_346_611_372_252_,19.95_19.90_19.85_19.80_19.75_,434_546_373_779_60_
