09:00:16,9.10,35,1088,9.10_9.11_9.12_9.13_9.14_,10_339_315_1_29_,9.09_9.08_9.07_9.06_9.05_,107_200_296_93_444_
09:00:26,9.09,19,1165,9.10_9.11_9.12_9.13_9.14_,76_379_315_1_29_,9.09_9.08_9.07_9.06_9.05_,68_212_296_93_444_
09:00:32,9.09,23,1188,9.10_9.11_9.12_9.13_9.14_,72_260_315_1_29_,9.09_9.08_9.07_9.06_9.05_,58_212_296_93_444_
09:00:37,9.09,54,1242,9.10_9.11_9.12_9.13_9.14_,124_225_322_1_29_,9.09_9.08_9.07_9.06_9.05_,15_206_296_93_444_
09:00:47,9.09,10,1267,9.10_9.11_9.12_9.13_9.14_,106_225_322_1_29_,9.09_9.08_9.07_9.06_9.05_,7_206_296_93_444_
09:01:38,9.09,10,1469,9.09_9.10_9.11_9.12_9.13_,219_27_224_288_1_,9.08_9.07_9.06_9.05_9.04_,274_305_103_444_175_
09:01:43,9.09,10,1469,9.09_9.10_9.11_9.12_9.13_,219_27_224_288_1_,9.08_9.07_9.06_9.05_9.04_,372_295_103_444_175_
09:01:48,9.09,10,1469,9.09_9.10_9.11_9.12_9.13_,219_27_224_288_1_,9.08_9.07_9.06_9.05_9.04_,394_296_103_444_175_
09:01:54,9.09,20,1489,9.09_9.10_9.11_9.12_9.13_,199_27_224_288_1_,9.08_9.07_9.06_9.05_9.04_,390_296_103_444_175_
09:01:59,9.09,119,1608,9.09_9.10_9.11_9.12_9.13_,83_27_224_288_1_,9.08_9.07_9.06_9.05_9.04_,399_296_113_444_175_
09:02:45,9.10,9,1854,9.10_9.11_9.12_9.13_9.14_,29_221_292_1_29_,9.09_9.08_9.07_9.06_9.05_,110_333_369_103_974_
09:02:50,9.10,9,1854,9.10_9.11_9.12_9.13_9.14_,29_221_292_1_29_,9.09_9.08_9.07_9.06_9.05_,107_341_369_103_974_
09:02:55,9.10,3,1857,9.10_9.11_9.12_9.13_9.14_,26_221_292_1_29_,9.09_9.08_9.07_9.06_9.05_,130_341_369_105_974_
09:03:00,9.10,3,1857,9.10_9.11_9.12_9.13_9.14_,27_221_292_1_32_,9.09_9.08_9.07_9.06_9.05_,131_341_369_105_974_
09:03:06,9.10,11,1868,9.10_9.11_9.12_9.13_9.14_,24_221_292_1_32_,9.09_9.08_9.07_9.06_9.05_,131_341_369_105_974_
09:03:11,9.09,7,1875,9.10_9.11_9.12_9.13_9.14_,24_221_292_1_32_,9.09_9.08_9.07_9.06_9.05_,141_247_369_105_974_
09:04:07,9.11,8,1930,9.11_9.12_9.13_9.14_9.15_,309_292_1_32_147_,9.10_9.09_9.08_9.07_9.06_,130_297_325_298_631_
09:04:28,9.10,5,1947,9.11_9.12_9.13_9.14_9.15_,302_292_1_32_147_,9.10_9.09_9.08_9.07_9.06_,120_296_325_299_631_
09:04:38,9.10,5,1957,9.11_9.12_9.13_9.14_9.15_,317_292_1_32_147_,9.10_9.09_9.08_9.07_9.06_,129_296_318_299_631_
09:05:45,9.10,106,2263,9.11_9.12_9.13_9.14_9.15_,204_292_1_34_147_,9.10_9.09_9.08_9.07_9.06_,39_277_318_329_634_
09:05:50,9.10,51,2314,9.10_9.11_9.12_9.13_9.14_,15_195_292_1_54_,9.09_9.08_9.07_9.06_9.05_,200_318_329_634_453_
09:07:28,9.10,4,2546,9.11_9.12_9.13_9.14_9.15_,72_332_9_54_149_,9.10_9.09_9.08_9.07_9.06_,258_252_368_348_634_
09:08:09,9.10,4,2580,9.11_9.12_9.13_9.14_9.15_,75_332_9_54_154_,9.10_9.09_9.08_9.07_9.06_,344_240_371_348_634_
09:08:45,9.11,5,2682,9.12_9.13_9.14_9.15_9.16_,370_16_59_154_106_,9.11_9.10_9.09_9.08_9.07_,17_298_312_294_876_
09:08:55,9.11,6,2707,9.11_9.12_9.13_9.14_9.15_,317_338_16_59_154_,9.10_9.09_9.08_9.07_9.06_,348_235_371_350_634_
09:09:05,9.11,6,2707,9.11_9.12_9.13_9.14_9.15_,324_338_9_59_154_,9.10_9.09_9.08_9.07_9.06_,350_235_371_350_634_
09:09:10,9.11,3,2710,9.11_9.12_9.13_9.14_9.15_,323_338_9_59_154_,9.10_9.09_9.08_9.07_9.06_,355_235_371_350_634_
09:09:41,9.11,2,2717,9.11_9.12_9.13_9.14_9.15_,342_338_9_59_154_,9.10_9.09_9.08_9.07_9.06_,303_235_321_350_634_
09:09:46,9.11,2,2717,9.11_9.12_9.13_9.14_9.15_,342_303_9_59_154_,9.10_9.09_9.08_9.07_9.06_,304_235_321_350_634_
09:09:51,9.10,35,2752,9.11_9.12_9.13_9.14_9.15_,342_303_9_59_154_,9.10_9.09_9.08_9.07_9.06_,269_235_321_350_634_
09:09:56,9.10,7,2759,9.11_9.12_9.13_9.14_9.15_,360_303_9_59_154_,9.10_9.09_9.08_9.07_9.06_,262_235_321_350_634_
09:10:07,9.10,2,2761,9.11_9.12_9.13_9.14_9.15_,360_309_9_59_154_,9.10_9.09_9.08_9.07_9.06_,258_235_321_350_634_
09:10:17,9.10,6,2767,9.11_9.12_9.13_9.14_9.15_,360_309_9_59_154_,9.10_9.09_9.08_9.07_9.06_,252_235_321_344_634_
09:10:43,9.09,73,3095,9.10_9.11_9.12_9.13_9.14_,162_332_303_9_59_,9.09_9.08_9.07_9.06_9.05_,214_245_421_108_982_
09:10:48,9.09,22,3117,9.10_9.11_9.12_9.13_9.14_,173_332_303_9_59_,9.09_9.08_9.07_9.06_9.05_,297_245_421_108_982_
09:10:53,9.09,8,3125,9.10_9.11_9.12_9.13_9.14_,169_327_303_9_59_,9.09_9.08_9.07_9.06_9.05_,317_245_421_108_982_
09:10:58,9.09,8,3125,9.10_9.11_9.12_9.13_9.14_,169_334_303_9_59_,9.09_9.08_9.07_9.06_9.05_,313_245_421_108_982_
09:11:03,9.10,3,3128,9.10_9.11_9.12_9.13_9.14_,166_334_303_9_59_,9.09_9.08_9.07_9.06_9.05_,323_245_421_108_982_
09:11:44,9.09,10,3150,9.10_9.11_9.12_9.13_9.14_,178_331_303_9_59_,9.09_9.08_9.07_9.06_9.05_,346_245_421_133_982_
09:12:05,9.09,11,3297,9.10_9.11_9.12_9.13_9.14_,108_343_282_9_59_,9.09_9.08_9.07_9.06_9.05_,368_241_476_133_1003_
09:13:22,9.11,6,3490,9.11_9.12_9.13_9.14_9.15_,338_322_8_59_166_,9.10_9.09_9.08_9.07_9.06_,218_204_318_399_711_
09:13:53,9.10,12,3668,9.11_9.12_9.13_9.14_9.15_,240_336_8_59_154_,9.10_9.09_9.08_9.07_9.06_,224_204_317_399_711_
09:14:59,9.11,5,3693,9.11_9.12_9.13_9.14_9.15_,232_341_8_59_154_,9.10_9.09_9.08_9.07_9.06_,246_204_317_399_711_
09:15:05,9.11,5,3693,9.11_9.12_9.13_9.14_9.15_,239_341_8_59_154_,9.10_9.09_9.08_9.07_9.06_,252_204_317_399_711_
09:15:10,9.10,2,3695,9.11_9.12_9.13_9.14_9.15_,239_341_8_59_154_,9.10_9.09_9.08_9.07_9.06_,251_204_317_399_711_
09:15:15,9.10,1,3696,9.11_9.12_9.13_9.14_9.15_,239_341_8_59_154_,9.10_9.09_9.08_9.07_9.06_,250_204_317_399_711_
09:15:20,9.10,1,3696,9.11_9.12_9.13_9.14_9.15_,239_341_8_59_154_,9.10_9.09_9.08_9.07_9.06_,252_204_317_399_711_
09:16:27,9.10,3,3706,9.11_9.12_9.13_9.14_9.15_,240_348_8_59_156_,9.10_9.09_9.08_9.07_9.06_,298_202_317_399_711_
09:16:32,9.10,3,3706,9.11_9.12_9.13_9.14_9.15_,240_348_8_59_156_,9.10_9.09_9.08_9.07_9.06_,314_202_317_399_711_
09:17:28,9.10,8,3801,9.11_9.12_9.13_9.14_9.15_,246_348_8_59_156_,9.10_9.09_9.08_9.07_9.06_,246_207_317_400_711_
09:18:29,9.10,1,3802,9.11_9.12_9.13_9.14_9.15_,246_350_8_59_157_,9.10_9.09_9.08_9.07_9.06_,254_208_317_400_711_
09:18:45,9.10,2,3814,9.11_9.12_9.13_9.14_9.15_,236_356_8_59_157_,9.10_9.09_9.08_9.07_9.06_,252_208_317_400_711_
09:18:55,9.10,2,3814,9.11_9.12_9.13_9.14_9.15_,267_356_8_59_157_,9.10_9.09_9.08_9.07_9.06_,253_208_317_400_711_
09:19:57,9.11,20,3860,9.11_9.12_9.13_9.14_9.15_,288_344_10_61_159_,9.10_9.09_9.08_9.07_9.06_,259_208_317_400_711_
09:20:07,9.10,7,3898,9.11_9.12_9.13_9.14_9.15_,257_344_10_61_159_,9.10_9.09_9.08_9.07_9.06_,221_208_317_400_711_
09:20:12,9.11,4,3902,9.11_9.12_9.13_9.14_9.15_,254_344_17_61_159_,9.10_9.09_9.08_9.07_9.06_,224_208_317_400_711_
09:20:28,9.11,5,3907,9.11_9.12_9.13_9.14_9.15_,249_344_17_61_159_,9.10_9.09_9.08_9.07_9.06_,224_208_317_400_711_
09:20:33,9.10,8,3915,9.11_9.12_9.13_9.14_9.15_,225_352_10_61_159_,9.10_9.09_9.08_9.07_9.06_,216_208_317_400_711_
09:21:55,9.10,8,3957,9.11_9.12_9.13_9.14_9.15_,222_351_10_69_159_,9.10_9.09_9.08_9.07_9.06_,253_210_317_403_711_
09:22:00,9.10,8,3957,9.11_9.12_9.13_9.14_9.15_,222_351_10_69_160_,9.10_9.09_9.08_9.07_9.06_,253_210_320_403_711_
09:22:05,9.10,10,3967,9.11_9.12_9.13_9.14_9.15_,228_351_10_69_160_,9.10_9.09_9.08_9.07_9.06_,243_210_320_403_711_
09:22:20,9.10,10,3967,9.11_9.12_9.13_9.14_9.15_,228_351_110_69_160_,9.10_9.09_9.08_9.07_9.06_,181_210_320_403_711_
09:22:25,9.10,10,3977,9.11_9.12_9.13_9.14_9.15_,228_351_120_61_160_,9.10_9.09_9.08_9.07_9.06_,200_210_320_403_711_
09:22:46,9.10,7,3994,9.11_9.12_9.13_9.14_9.15_,228_351_117_61_160_,9.10_9.09_9.08_9.07_9.06_,198_210_320_403_711_
09:22:56,9.11,7,4001,9.11_9.12_9.13_9.14_9.15_,221_351_117_61_160_,9.10_9.09_9.08_9.07_9.06_,198_210_320_403_711_
09:23:01,9.11,7,4001,9.11_9.12_9.13_9.14_9.15_,221_351_117_61_160_,9.10_9.09_9.08_9.07_9.06_,197_210_320_403_711_
09:23:37,9.10,6,4009,9.11_9.12_9.13_9.14_9.15_,232_351_117_61_160_,9.10_9.09_9.08_9.07_9.06_,193_213_320_403_711_
09:23:47,9.10,6,4009,9.11_9.12_9.13_9.14_9.15_,239_351_117_61_160_,9.10_9.09_9.08_9.07_9.06_,193_212_320_403_711_
09:25:20,9.10,7,4089,9.11_9.12_9.13_9.14_9.15_,212_351_124_62_160_,9.10_9.09_9.08_9.07_9.06_,137_212_320_403_716_
09:25:35,9.10,7,4089,9.11_9.12_9.13_9.14_9.15_,219_351_117_62_160_,9.10_9.09_9.08_9.07_9.06_,144_212_320_423_716_
09:26:01,9.11,1,4090,9.11_9.12_9.13_9.14_9.15_,238_331_117_62_160_,9.10_9.09_9.08_9.07_9.06_,147_212_320_423_716_
09:26:06,9.11,1,4090,9.11_9.12_9.13_9.14_9.15_,238_331_117_62_160_,9.10_9.09_9.08_9.07_9.06_,150_212_320_418_716_
09:26:57,9.10,5,4118,9.11_9.12_9.13_9.14_9.15_,243_324_126_62_161_,9.10_9.09_9.08_9.07_9.06_,132_191_320_418_716_
09:27:18,9.11,3,4129,9.11_9.12_9.13_9.14_9.15_,235_338_117_62_161_,9.10_9.09_9.08_9.07_9.06_,128_191_320_418_716_
09:28:04,9.11,2,4131,9.11_9.12_9.13_9.14_9.15_,233_338_117_62_161_,9.10_9.09_9.08_9.07_9.06_,178_191_320_408_716_
09:28:40,9.11,2,4131,9.11_9.12_9.13_9.14_9.15_,241_332_124_62_161_,9.10_9.09_9.08_9.07_9.06_,183_191_320_398_716_
09:29:06,9.10,6,4153,9.11_9.12_9.13_9.14_9.15_,236_352_117_62_161_,9.10_9.09_9.08_9.07_9.06_,167_191_321_418_716_
09:31:09,9.10,10,4263,9.11_9.12_9.13_9.14_9.15_,207_325_124_70_161_,9.10_9.09_9.08_9.07_9.06_,234_196_321_439_716_
09:31:14,9.10,10,4263,9.11_9.12_9.13_9.14_9.15_,207_325_124_70_161_,9.10_9.09_9.08_9.07_9.06_,237_196_321_439_716_
09:31:39,9.10,5,4268,9.11_9.12_9.13_9.14_9.15_,208_361_124_62_161_,9.10_9.09_9.08_9.07_9.06_,199_196_321_439_716_
09:32:26,9.10,6,4274,9.11_9.12_9.13_9.14_9.15_,209_354_124_62_161_,9.10_9.09_9.08_9.07_9.06_,169_196_321_439_716_
09:32:31,9.10,6,4274,9.11_9.12_9.13_9.14_9.15_,259_354_124_62_161_,9.10_9.09_9.08_9.07_9.06_,169_196_321_439_716_
09:32:36,9.10,6,4274,9.11_9.12_9.13_9.14_9.15_,270_345_124_62_161_,9.10_9.09_9.08_9.07_9.06_,175_196_321_439_716_
09:33:22,9.10,6,4274,9.11_9.12_9.13_9.14_9.15_,272_359_117_62_161_,9.10_9.09_9.08_9.07_9.06_,150_197_321_439_716_
09:33:53,9.11,1,4281,9.11_9.12_9.13_9.14_9.15_,271_353_117_62_161_,9.10_9.09_9.08_9.07_9.06_,152_203_321_439_716_
09:34:13,9.11,1,4281,9.11_9.12_9.13_9.14_9.15_,271_353_117_62_161_,9.10_9.09_9.08_9.07_9.06_,134_203_321_439_716_
09:34:29,9.11,1,4282,9.11_9.12_9.13_9.14_9.15_,258_353_117_62_161_,9.10_9.09_9.08_9.07_9.06_,142_203_321_439_716_
09:34:39,9.11,1,4282,9.11_9.12_9.13_9.14_9.15_,260_353_117_62_161_,9.10_9.09_9.08_9.07_9.06_,142_203_321_439_716_
09:35:30,9.10,10,4335,9.11_9.12_9.13_9.14_9.15_,265_353_124_62_161_,9.10_9.09_9.08_9.07_9.06_,125_203_321_439_711_
09:35:41,9.10,10,4335,9.11_9.12_9.13_9.14_9.15_,265_353_124_62_161_,9.10_9.09_9.08_9.07_9.06_,127_203_321_439_711_
09:36:01,9.10,20,4362,9.11_9.12_9.13_9.14_9.15_,245_353_124_62_161_,9.10_9.09_9.08_9.07_9.06_,100_203_321_439_711_
09:36:17,9.10,1,4399,9.11_9.12_9.13_9.14_9.15_,258_346_124_70_161_,9.10_9.09_9.08_9.07_9.06_,68_203_321_439_711_
09:36:32,9.10,1,4399,9.11_9.12_9.13_9.14_9.15_,258_346_124_70_161_,9.10_9.09_9.08_9.07_9.06_,69_203_321_439_711_
09:36:37,9.10,1,4399,9.11_9.12_9.13_9.14_9.15_,258_346_124_70_161_,9.10_9.09_9.08_9.07_9.06_,69_203_331_439_711_
09:36:42,9.10,1,4399,9.11_9.12_9.13_9.14_9.15_,258_346_124_70_161_,9.10_9.09_9.08_9.07_9.06_,71_203_331_439_711_
09:37:08,9.10,1,4399,9.11_9.12_9.13_9.14_9.15_,258_346_124_70_161_,9.10_9.09_9.08_9.07_9.06_,83_203_331_441_711_
09:37:18,9.10,1,4399,9.11_9.12_9.13_9.14_9.15_,257_346_124_70_161_,9.10_9.09_9.08_9.07_9.06_,83_203_331_441_711_
09:38:14,9.11,1,4406,9.11_9.12_9.13_9.14_9.15_,276_374_124_42_161_,9.10_9.09_9.08_9.07_9.06_,82_169_331_441_711_
09:38:19,9.11,1,4406,9.11_9.12_9.13_9.14_9.15_,276_374_124_42_161_,9.10_9.09_9.08_9.07_9.06_,82_169_331_436_711_
09:39:21,9.10,8,4435,9.11_9.12_9.13_9.14_9.15_,275_374_124_42_161_,9.10_9.09_9.08_9.07_9.06_,72_169_331_431_711_
09:39:36,9.10,1,4436,9.11_9.12_9.13_9.14_9.15_,275_374_124_42_161_,9.10_9.09_9.08_9.07_9.06_,88_169_331_431_711_
09:40:07,9.10,1,4436,9.11_9.12_9.13_9.14_9.15_,275_374_124_42_161_,9.10_9.09_9.08_9.07_9.06_,91_169_333_431_711_
09:41:24,9.10,40,4596,9.10_9.11_9.12_9.13_9.14_,195_161_355_110_42_,9.09_9.08_9.07_9.06_9.05_,328_260_508_185_1058_
09:42:05,9.09,6,4602,9.10_9.11_9.12_9.13_9.14_,248_114_357_123_42_,9.09_9.08_9.07_9.06_9.05_,338_260_508_185_1068_
09:42:20,9.10,5,4607,9.10_9.11_9.12_9.13_9.14_,243_121_353_121_42_,9.09_9.08_9.07_9.06_9.05_,350_262_508_185_1068_
09:42:25,9.10,110,4717,9.10_9.11_9.12_9.13_9.14_,133_121_353_121_42_,9.09_9.08_9.07_9.06_9.05_,350_262_508_185_1068_
09:42:31,9.09,37,4754,9.10_9.11_9.12_9.13_9.14_,238_129_346_128_42_,9.09_9.08_9.07_9.06_9.05_,314_262_508_185_1068_
09:42:36,9.09,37,4754,9.10_9.11_9.12_9.13_9.14_,265_114_356_121_42_,9.09_9.08_9.07_9.06_9.05_,314_262_508_185_1068_
09:42:41,9.09,37,4754,9.10_9.11_9.12_9.13_9.14_,265_122_346_129_42_,9.09_9.08_9.07_9.06_9.05_,317_262_508_185_1068_
09:43:27,9.10,5,4774,9.10_9.11_9.12_9.13_9.14_,245_122_355_129_42_,9.09_9.08_9.07_9.06_9.05_,205_262_508_185_1078_
09:43:32,9.09,1,4775,9.10_9.11_9.12_9.13_9.14_,245_122_355_129_42_,9.09_9.08_9.07_9.06_9.05_,204_262_508_185_1078_
09:43:37,9.10,10,4785,9.10_9.11_9.12_9.13_9.14_,243_122_355_129_42_,9.09_9.08_9.07_9.06_9.05_,204_262_508_185_1078_
09:43:42,9.10,10,4785,9.10_9.11_9.12_9.13_9.14_,251_114_355_136_42_,9.09_9.08_9.07_9.06_9.05_,207_262_508_185_1078_
09:44:23,9.10,18,4829,9.10_9.11_9.12_9.13_9.14_,166_151_355_129_49_,9.09_9.08_9.07_9.06_9.05_,211_262_508_185_1078_
09:46:01,9.10,43,4989,9.11_9.12_9.13_9.14_9.15_,179_356_129_49_180_,9.10_9.09_9.08_9.07_9.06_,91_222_319_411_711_
09:46:11,9.10,43,4989,9.11_9.12_9.13_9.14_9.15_,180_356_129_49_180_,9.10_9.09_9.08_9.07_9.06_,99_214_319_411_711_
09:46:47,9.10,43,4989,9.11_9.12_9.13_9.14_9.15_,180_356_129_49_180_,9.10_9.09_9.08_9.07_9.06_,104_179_320_411_711_
09:47:08,9.10,1,4990,9.11_9.12_9.13_9.14_9.15_,186_356_129_49_180_,9.10_9.09_9.08_9.07_9.06_,105_179_320_411_711_
09:47:13,9.11,3,4993,9.11_9.12_9.13_9.14_9.15_,193_356_129_49_180_,9.10_9.09_9.08_9.07_9.06_,105_179_320_411_711_
09:47:18,9.11,3,4993,9.11_9.12_9.13_9.14_9.15_,293_356_136_42_180_,9.10_9.09_9.08_9.07_9.06_,106_179_320_411_711_
09:47:43,9.11,1,4995,9.11_9.12_9.13_9.14_9.15_,309_355_129_50_168_,9.10_9.09_9.08_9.07_9.06_,116_179_326_411_711_
09:47:59,9.11,1,4995,9.11_9.12_9.13_9.14_9.15_,309_355_129_50_168_,9.10_9.09_9.08_9.07_9.06_,116_179_326_421_711_
09:48:14,9.11,1,4995,9.11_9.12_9.13_9.14_9.15_,309_355_245_42_161_,9.10_9.09_9.08_9.07_9.06_,117_179_326_421_711_
09:48:29,9.11,1,4995,9.11_9.12_9.13_9.14_9.15_,309_355_245_42_161_,9.10_9.09_9.08_9.07_9.06_,117_179_326_421_719_
09:48:40,9.11,1,4995,9.11_9.12_9.13_9.14_9.15_,309_355_245_42_161_,9.10_9.09_9.08_9.07_9.06_,115_179_326_421_719_
09:49:46,9.11,18,5016,9.11_9.12_9.13_9.14_9.15_,309_355_245_43_161_,9.10_9.09_9.08_9.07_9.06_,162_179_327_421_719_
09:50:02,9.11,18,5016,9.11_9.12_9.13_9.14_9.15_,312_355_245_43_161_,9.10_9.09_9.08_9.07_9.06_,162_179_327_411_719_
09:50:17,9.11,18,5016,9.11_9.12_9.13_9.14_9.15_,312_355_245_43_161_,9.10_9.09_9.08_9.07_9.06_,163_179_327_411_719_
09:50:27,9.11,18,5016,9.11_9.12_9.13_9.14_9.15_,312_355_245_43_161_,9.10_9.09_9.08_9.07_9.06_,168_179_327_411_720_
09:50:43,9.11,4,5020,9.11_9.12_9.13_9.14_9.15_,308_355_245_43_161_,9.10_9.09_9.08_9.07_9.06_,168_179_327_411_720_
09:50:48,9.10,133,5153,9.11_9.12_9.13_9.14_9.15_,315_355_245_43_161_,9.10_9.09_9.08_9.07_9.06_,35_179_327_411_720_
09:50:53,9.10,8,5161,9.11_9.12_9.13_9.14_9.15_,348_355_245_43_161_,9.10_9.09_9.08_9.07_9.06_,29_179_327_411_720_
09:51:18,9.10,7,5174,9.11_9.12_9.13_9.14_9.15_,340_355_245_43_161_,9.10_9.09_9.08_9.07_9.06_,17_176_327_411_720_
09:51:39,9.10,2,5176,9.11_9.12_9.13_9.14_9.15_,346_355_245_43_161_,9.10_9.09_9.08_9.07_9.06_,18_176_327_411_720_
09:52:56,9.11,10,5186,9.11_9.12_9.13_9.14_9.15_,336_376_245_43_161_,9.10_9.09_9.08_9.07_9.06_,55_156_317_411_720_
09:53:06,9.11,10,5186,9.11_9.12_9.13_9.14_9.15_,441_377_237_43_161_,9.10_9.09_9.08_9.07_9.06_,55_156_317_411_720_
09:53:11,9.11,10,5186,9.11_9.12_9.13_9.14_9.15_,442_377_237_43_161_,9.10_9.09_9.08_9.07_9.06_,57_156_317_411_720_
09:53:42,9.11,4,5190,9.11_9.12_9.13_9.14_9.15_,438_383_237_43_161_,9.10_9.09_9.08_9.07_9.06_,58_156_317_411_720_
09:55:14,9.11,4,5190,9.11_9.12_9.13_9.14_9.15_,445_392_237_43_161_,9.10_9.09_9.08_9.07_9.06_,153_157_317_361_721_
09:57:17,9.10,11,5201,9.11_9.12_9.13_9.14_9.15_,448_420_229_43_161_,9.10_9.09_9.08_9.07_9.06_,166_157_317_361_721_
09:57:38,9.10,1,5202,9.11_9.12_9.13_9.14_9.15_,448_420_229_43_161_,9.10_9.09_9.08_9.07_9.06_,166_157_317_361_721_
09:57:43,9.10,1,5202,9.11_9.12_9.13_9.14_9.15_,448_420_229_43_161_,9.10_9.09_9.08_9.07_9.06_,172_157_317_361_721_
09:57:58,9.10,1,5202,9.11_9.12_9.13_9.14_9.15_,448_420_229_343_161_,9.10_9.09_9.08_9.07_9.06_,173_156_317_361_721_
09:58:09,9.10,1,5202,9.11_9.12_9.13_9.14_9.15_,473_420_229_343_161_,9.10_9.09_9.08_9.07_9.06_,173_156_317_361_721_
09:58:29,9.10,1,5202,9.11_9.12_9.13_9.14_9.15_,473_420_229_343_161_,9.10_9.09_9.08_9.07_9.06_,174_156_317_361_721_
09:58:39,9.10,1,5202,9.11_9.12_9.13_9.14_9.15_,480_414_229_343_161_,9.10_9.09_9.08_9.07_9.06_,179_156_317_361_721_
09:59:00,9.10,1,5203,9.11_9.12_9.13_9.14_9.15_,488_406_233_343_171_,9.10_9.09_9.08_9.07_9.06_,179_176_317_361_721_
09:59:20,9.10,26,5236,9.11_9.12_9.13_9.14_9.15_,481_418_225_343_171_,9.10_9.09_9.08_9.07_9.06_,146_176_317_361_721_
09:59:36,9.10,7,5319,9.11_9.12_9.13_9.14_9.15_,396_418_242_343_171_,9.10_9.09_9.08_9.07_9.06_,75_176_317_361_721_
09:59:41,9.10,7,5319,9.11_9.12_9.13_9.14_9.15_,396_418_242_343_171_,9.10_9.09_9.08_9.07_9.06_,78_176_317_361_721_
09:59:51,9.10,7,5319,9.11_9.12_9.13_9.14_9.15_,396_418_242_343_171_,9.10_9.09_9.08_9.07_9.06_,68_176_317_361_721_
10:00:22,9.10,12,5367,9.11_9.12_9.13_9.14_9.15_,498_447_225_343_171_,9.10_9.09_9.08_9.07_9.06_,20_176_317_361_721_
10:00:37,9.10,4,5388,9.11_9.12_9.13_9.14_9.15_,496_439_232_343_171_,9.10_9.09_9.08_9.07_9.06_,5_174_317_361_721_
10:00:42,9.10,5,5393,9.11_9.12_9.13_9.14_9.15_,481_439_225_343_171_,9.10_9.09_9.08_9.07_9.06_,4_174_317_361_721_
10:00:48,9.10,5,5393,9.11_9.12_9.13_9.14_9.15_,498_439_225_343_171_,9.10_9.09_9.08_9.07_9.06_,4_174_317_361_721_
10:00:53,9.10,5,5393,9.11_9.12_9.13_9.14_9.15_,498_439_225_343_171_,9.10_9.09_9.08_9.07_9.06_,5_174_317_361_721_
10:01:03,9.10,5,5398,9.10_9.11_9.12_9.13_9.14_,45_498_439_225_343_,9.09_9.08_9.07_9.06_9.05_,174_317_361_721_554_
10:01:08,9.10,5,5398,9.10_9.11_9.12_9.13_9.14_,160_446_439_225_343_,9.09_9.08_9.07_9.06_9.05_,175_240_438_195_1080_
10:01:13,9.10,5,5398,9.10_9.11_9.12_9.13_9.14_,144_417_439_218_343_,9.09_9.08_9.07_9.06_9.05_,176_240_438_195_1080_
10:02:56,9.09,20,5624,9.09_9.10_9.11_9.12_9.13_,250_55_265_398_232_,9.08_9.07_9.06_9.05_9.04_,241_370_273_554_713_
10:03:01,9.09,20,5624,9.09_9.10_9.11_9.12_9.13_,280_55_235_398_232_,9.08_9.07_9.06_9.05_9.04_,241_373_273_554_713_
10:03:06,9.09,20,5624,9.09_9.10_9.11_9.12_9.13_,294_50_235_390_240_,9.08_9.07_9.06_9.05_9.04_,241_373_273_554_713_
10:03:11,9.08,59,5683,9.09_9.10_9.11_9.12_9.13_,294_57_230_390_240_,9.08_9.07_9.06_9.05_9.04_,184_373_273_554_713_
10:03:16,9.08,142,5825,9.09_9.10_9.11_9.12_9.13_,243_57_237_390_240_,9.08_9.07_9.06_9.05_9.04_,42_373_273_554_713_
10:03:27,9.07,22,5894,9.08_9.09_9.10_9.11_9.12_,149_235_56_230_390_,9.07_9.06_9.05_9.04_9.03_,345_204_631_187_679_
10:03:37,9.07,15,5959,9.08_9.09_9.10_9.11_9.12_,315_74_49_230_390_,9.07_9.06_9.05_9.04_9.03_,338_204_631_187_679_
10:04:08,9.06,25,6336,9.07_9.08_9.09_9.11_9.12_,97_194_42_230_350_,9.06_9.05_9.04_9.03_9.02_,132_567_264_153_588_
10:04:13,9.06,12,6348,9.07_9.08_9.09_9.11_9.12_,191_146_30_230_389_,9.06_9.05_9.04_9.03_9.02_,123_567_264_153_588_
10:04:23,9.06,69,6425,9.07_9.08_9.09_9.11_9.12_,176_134_30_205_397_,9.06_9.05_9.04_9.03_9.02_,4_567_264_153_588_
10:04:28,9.06,7,6432,9.06_9.07_9.08_9.09_9.11_,35_176_131_30_196_,9.05_9.04_9.03_9.02_9.01_,567_264_153_588_35_
10:04:34,9.07,110,6542,9.07_9.08_9.09_9.11_9.12_,79_108_37_204_350_,9.05_9.04_9.03_9.02_9.01_,586_187_230_62_561_
10:04:44,9.05,9,6572,9.06_9.07_9.08_9.09_9.11_,164_56_104_30_204_,9.05_9.04_9.03_9.02_9.01_,566_197_232_62_561_
10:06:16,9.06,35,6741,9.06_9.07_9.08_9.11_9.12_,7_68_50_180_350_,9.05_9.04_9.03_9.02_9.01_,564_245_237_162_564_
10:06:57,9.06,5,6867,9.06_9.07_9.08_9.11_9.12_,60_25_71_180_350_,9.05_9.04_9.03_9.02_9.01_,583_247_237_162_564_
10:07:03,9.06,10,6877,9.06_9.07_9.08_9.11_9.12_,50_25_71_180_350_,9.05_9.04_9.03_9.02_9.01_,583_247_238_162_564_
10:07:13,9.06,10,6877,9.06_9.07_9.08_9.11_9.12_,50_25_71_180_350_,9.05_9.04_9.03_9.02_9.01_,597_252_238_162_564_
10:07:18,9.06,6,6883,9.06_9.07_9.08_9.10_9.11_,44_25_71_10_180_,9.05_9.04_9.03_9.02_9.01_,597_252_238_162_564_
10:07:54,9.07,2,6929,9.07_9.08_9.10_9.11_9.12_,30_71_15_180_350_,9.06_9.05_9.04_9.03_9.02_,110_595_329_161_688_
10:08:09,9.07,2,6929,9.07_9.08_9.09_9.10_9.11_,31_71_30_15_180_,9.06_9.05_9.04_9.03_9.02_,142_579_327_161_688_
10:08:24,9.07,10,6939,9.07_9.08_9.09_9.10_9.11_,21_71_30_15_180_,9.06_9.05_9.04_9.03_9.02_,167_573_329_161_688_
10:08:30,9.07,10,6939,9.07_9.08_9.09_9.10_9.11_,22_71_30_15_180_,9.06_9.05_9.04_9.03_9.02_,169_573_329_161_688_
10:08:55,9.07,12,6973,9.08_9.09_9.10_9.11_9.12_,95_30_15_180_350_,9.07_9.06_9.05_9.04_9.03_,33_275_660_252_687_
10:09:05,9.07,12,6985,9.08_9.09_9.10_9.11_9.12_,95_30_15_185_350_,9.07_9.06_9.05_9.04_9.03_,23_275_660_252_687_
10:09:31,9.07,70,7068,9.08_9.09_9.10_9.11_9.12_,95_30_15_185_350_,9.07_9.06_9.05_9.04_9.03_,39_185_660_252_677_
10:09:36,9.07,1,7069,9.08_9.09_9.10_9.11_9.12_,95_30_15_185_350_,9.07_9.06_9.05_9.04_9.03_,51_185_660_252_677_
10:09:41,9.07,41,7110,9.08_9.09_9.10_9.11_9.12_,95_30_15_185_352_,9.07_9.06_9.05_9.04_9.03_,10_185_660_252_677_
10:12:15,9.07,3,7176,9.07_9.08_9.09_9.10_9.11_,165_42_30_15_185_,9.06_9.05_9.04_9.03_9.02_,180_650_379_153_688_
10:12:31,9.07,3,7176,9.07_9.08_9.09_9.10_9.11_,166_42_68_46_185_,9.06_9.05_9.04_9.03_9.02_,181_650_379_153_688_
10:12:41,9.07,3,7176,9.07_9.08_9.09_9.10_9.11_,166_42_68_46_175_,9.06_9.05_9.04_9.03_9.02_,191_650_379_153_688_
10:12:46,9.07,3,7176,9.07_9.08_9.09_9.10_9.11_,166_42_68_46_175_,9.06_9.05_9.04_9.03_9.02_,193_650_379_153_688_
10:13:07,9.07,3,7176,9.07_9.08_9.09_9.10_9.11_,167_50_68_46_175_,9.06_9.05_9.04_9.03_9.02_,194_650_379_153_688_
10:13:17,9.07,3,7176,9.07_9.08_9.09_9.10_9.11_,169_70_68_46_175_,9.06_9.05_9.04_9.03_9.02_,194_650_379_153_688_
10:14:24,9.07,2,7178,9.07_9.08_9.09_9.10_9.11_,181_62_68_46_180_,9.06_9.05_9.04_9.03_9.02_,200_657_379_153_688_
10:14:34,9.07,2,7178,9.07_9.08_9.09_9.10_9.11_,186_21_68_46_180_,9.06_9.05_9.04_9.03_9.02_,200_657_379_153_688_
10:16:01,9.06,54,7263,9.07_9.08_9.09_9.10_9.11_,130_21_68_46_180_,9.06_9.05_9.04_9.03_9.02_,143_657_379_154_693_
10:16:06,9.06,54,7263,9.07_9.08_9.09_9.10_9.11_,131_21_68_46_180_,9.06_9.05_9.04_9.03_9.02_,143_657_379_154_693_
10:16:32,9.06,54,7263,9.07_9.08_9.09_9.10_9.11_,136_21_68_46_180_,9.06_9.05_9.04_9.03_9.02_,163_658_379_154_693_
10:16:42,9.06,54,7263,9.07_9.08_9.09_9.10_9.11_,139_29_68_46_180_,9.06_9.05_9.04_9.03_9.02_,174_657_379_154_693_
10:17:54,9.06,1,7286,9.07_9.08_9.09_9.10_9.11_,284_21_68_46_180_,9.06_9.05_9.04_9.03_9.02_,169_668_379_154_693_
10:17:59,9.06,13,7299,9.07_9.08_9.09_9.10_9.11_,284_21_68_46_180_,9.06_9.05_9.04_9.03_9.02_,156_668_379_154_693_
10:18:25,9.06,118,7434,9.07_9.08_9.09_9.10_9.11_,263_21_30_46_180_,9.06_9.05_9.04_9.03_9.02_,21_673_379_154_693_
10:18:45,9.06,7,7458,9.06_9.07_9.08_9.09_9.10_,112_190_21_30_46_,9.05_9.04_9.03_9.02_9.01_,676_302_233_117_562_
10:19:01,9.05,3,7461,9.06_9.07_9.08_9.09_9.10_,142_188_1_30_46_,9.05_9.04_9.03_9.02_9.01_,673_302_233_117_562_
10:19:06,9.05,5,7466,9.06_9.07_9.08_9.09_9.10_,142_188_1_30_46_,9.05_9.04_9.03_9.02_9.01_,668_302_233_117_562_
10:19:31,9.06,51,7592,9.06_9.07_9.08_9.09_9.10_,205_122_1_30_46_,9.05_9.04_9.03_9.02_9.01_,592_302_233_117_575_
10:19:42,9.06,5,7653,9.06_9.07_9.08_9.09_9.10_,235_109_1_30_46_,9.05_9.04_9.03_9.02_9.01_,541_302_233_117_575_
10:19:47,9.06,5,7653,9.06_9.07_9.08_9.09_9.10_,248_109_1_30_46_,9.05_9.04_9.03_9.02_9.01_,544_252_235_127_575_
10:19:57,9.06,5,7653,9.06_9.07_9.08_9.09_9.10_,248_109_1_30_46_,9.05_9.04_9.03_9.02_9.01_,546_252_235_127_575_
10:20:23,9.06,5,7668,9.06_9.07_9.08_9.09_9.10_,298_109_1_30_46_,9.05_9.04_9.03_9.02_9.01_,547_252_235_127_575_
10:20:28,9.06,5,7668,9.06_9.07_9.08_9.09_9.10_,324_109_1_30_46_,9.05_9.04_9.03_9.02_9.01_,550_253_235_127_575_
10:20:33,9.06,5,7668,9.06_9.07_9.08_9.09_9.10_,289_109_1_30_46_,9.05_9.04_9.03_9.02_9.01_,550_253_235_127_575_
10:20:38,9.06,5,7668,9.06_9.07_9.08_9.09_9.10_,289_109_1_30_46_,9.05_9.04_9.03_9.02_9.01_,551_253_235_127_575_
10:20:43,9.06,5,7668,9.06_9.07_9.08_9.09_9.10_,289_115_1_30_46_,9.05_9.04_9.03_9.02_9.01_,553_253_235_127_575_
10:20:48,9.05,1,7669,9.06_9.07_9.08_9.09_9.10_,289_115_1_30_46_,9.05_9.04_9.03_9.02_9.01_,552_253_235_127_575_
10:20:54,9.06,10,7679,9.06_9.07_9.08_9.09_9.10_,288_106_1_30_46_,9.05_9.04_9.03_9.02_9.01_,552_253_235_127_575_
10:20:59,9.05,1,7680,9.06_9.07_9.08_9.09_9.10_,288_111_1_30_46_,9.05_9.04_9.03_9.02_9.01_,551_253_235_127_575_
10:21:04,9.06,100,7780,9.06_9.07_9.08_9.09_9.10_,210_89_1_30_46_,9.05_9.04_9.03_9.02_9.01_,551_253_235_127_575_
10:21:09,9.05,24,7804,9.06_9.07_9.08_9.09_9.10_,210_88_1_30_46_,9.05_9.04_9.03_9.02_9.01_,530_253_235_127_575_
10:22:21,9.06,3,7943,9.06_9.07_9.08_9.09_9.10_,260_68_1_30_46_,9.05_9.04_9.03_9.02_9.01_,540_252_235_127_581_
10:22:26,9.05,1,7944,9.06_9.07_9.08_9.09_9.10_,260_67_1_30_46_,9.05_9.04_9.03_9.02_9.01_,541_252_235_127_581_
10:22:31,9.05,5,7949,9.06_9.07_9.08_9.09_9.10_,260_66_1_30_46_,9.05_9.04_9.03_9.02_9.01_,536_252_237_127_581_
10:22:36,9.05,2,7951,9.06_9.07_9.08_9.09_9.10_,260_71_1_30_46_,9.05_9.04_9.03_9.02_9.01_,534_252_237_127_581_
10:22:41,9.05,21,7972,9.06_9.07_9.08_9.09_9.10_,267_64_1_30_46_,9.05_9.04_9.03_9.02_9.01_,514_258_237_127_581_
10:23:12,9.06,27,8014,9.06_9.07_9.08_9.09_9.10_,243_58_1_30_56_,9.05_9.04_9.03_9.02_9.01_,506_258_237_127_581_
10:23:17,9.06,3,8017,9.06_9.07_9.08_9.09_9.10_,241_57_1_30_56_,9.05_9.04_9.03_9.02_9.01_,506_258_237_127_581_
10:23:22,9.05,1,8018,9.06_9.07_9.08_9.09_9.10_,241_56_1_30_56_,9.05_9.04_9.03_9.02_9.01_,516_258_237_127_581_
10:23:28,9.05,1,8019,9.06_9.07_9.08_9.09_9.10_,241_55_1_30_56_,9.05_9.04_9.03_9.02_9.01_,515_258_237_127_581_
10:23:33,9.06,3,8022,9.06_9.07_9.08_9.09_9.10_,240_61_1_30_56_,9.05_9.04_9.03_9.02_9.01_,517_258_237_127_581_
10:23:38,9.05,1,8023,9.06_9.07_9.08_9.09_9.10_,246_53_1_30_56_,9.05_9.04_9.03_9.02_9.01_,516_258_237_127_581_
10:24:50,9.05,1,8136,9.06_9.07_9.08_9.09_9.10_,215_41_1_30_56_,9.05_9.04_9.03_9.02_9.01_,421_259_268_128_583_
10:25:21,9.05,18,8182,9.06_9.07_9.08_9.09_9.10_,226_62_1_30_56_,9.05_9.04_9.03_9.02_9.01_,371_259_269_128_583_
10:25:26,9.05,10,8192,9.06_9.07_9.08_9.09_9.10_,226_62_1_30_56_,9.05_9.04_9.03_9.02_9.01_,361_259_269_128_583_
10:25:31,9.06,3,8195,9.06_9.07_9.08_9.09_9.10_,223_62_1_30_56_,9.05_9.04_9.03_9.02_9.01_,361_259_269_128_593_
10:25:36,9.05,103,8298,9.06_9.07_9.08_9.09_9.10_,223_62_1_30_56_,9.05_9.04_9.03_9.02_9.01_,258_259_270_128_593_
10:25:41,9.05,11,8309,9.06_9.07_9.08_9.09_9.10_,223_62_1_30_56_,9.05_9.04_9.03_9.02_9.01_,255_261_270_128_593_
10:25:46,9.06,3,8312,9.06_9.07_9.08_9.09_9.10_,221_62_1_30_56_,9.05_9.04_9.03_9.02_9.01_,255_261_270_128_594_
10:25:51,9.06,3,8312,9.06_9.07_9.08_9.09_9.10_,221_69_1_30_56_,9.05_9.04_9.03_9.02_9.01_,255_261_270_128_594_
10:26:27,9.06,2,8324,9.06_9.07_9.08_9.09_9.10_,225_62_1_30_56_,9.05_9.04_9.03_9.02_9.01_,264_271_270_128_595_
10:26:33,9.05,1,8325,9.06_9.07_9.08_9.09_9.10_,158_62_1_30_56_,9.05_9.04_9.03_9.02_9.01_,263_271_270_128_596_
10:26:38,9.05,1,8325,9.06_9.07_9.08_9.09_9.10_,158_62_1_30_56_,9.05_9.04_9.03_9.02_9.01_,264_271_270_128_596_
10:26:43,9.05,1,8326,9.06_9.07_9.08_9.09_9.10_,157_62_1_30_56_,9.05_9.04_9.03_9.02_9.01_,263_271_270_128_596_
10:26:48,9.05,1,8326,9.06_9.07_9.08_9.09_9.10_,173_62_1_30_56_,9.05_9.04_9.03_9.02_9.01_,263_271_275_128_596_
10:26:53,9.05,1,8327,9.06_9.07_9.08_9.09_9.10_,172_62_1_30_56_,9.05_9.04_9.03_9.02_9.01_,262_271_275_128_596_
10:27:03,9.06,3,8330,9.06_9.07_9.08_9.09_9.10_,212_62_1_30_56_,9.05_9.04_9.03_9.02_9.01_,263_271_285_128_596_
10:27:14,9.05,1,8332,9.06_9.07_9.08_9.09_9.10_,212_68_1_30_56_,9.05_9.04_9.03_9.02_9.01_,266_271_285_128_596_
10:27:44,9.06,3,8356,9.06_9.07_9.08_9.09_9.10_,215_62_1_30_56_,9.05_9.04_9.03_9.02_9.01_,284_270_287_130_596_
10:28:10,9.06,3,8356,9.06_9.07_9.08_9.09_9.10_,221_62_1_30_56_,9.05_9.04_9.03_9.02_9.01_,294_270_287_130_596_
10:28:56,9.05,4,8362,9.06_9.07_9.08_9.09_9.10_,225_62_1_30_56_,9.05_9.04_9.03_9.02_9.01_,303_271_287_130_596_
10:29:12,9.06,1,8363,9.06_9.07_9.08_9.09_9.10_,224_62_1_30_56_,9.05_9.04_9.03_9.02_9.01_,304_271_287_230_596_
10:29:17,9.06,1,8363,9.06_9.07_9.08_9.09_9.10_,224_68_1_30_56_,9.05_9.04_9.03_9.02_9.01_,304_276_287_230_596_
10:29:22,9.06,3,8366,9.06_9.07_9.08_9.09_9.10_,221_68_1_30_61_,9.05_9.04_9.03_9.02_9.01_,304_277_287_230_596_
10:30:24,9.06,11,8478,9.06_9.07_9.08_9.09_9.10_,243_68_1_30_61_,9.05_9.04_9.03_9.02_9.01_,237_277_294_180_596_
10:30:39,9.05,1,8565,9.06_9.07_9.08_9.09_9.10_,182_64_1_30_62_,9.05_9.04_9.03_9.02_9.01_,148_277_294_255_596_
10:30:44,9.05,4,8569,9.06_9.07_9.08_9.09_9.10_,182_64_1_30_62_,9.05_9.04_9.03_9.02_9.01_,134_277_294_255_596_
10:30:49,9.05,17,8586,9.06_9.07_9.08_9.09_9.10_,182_64_1_30_62_,9.05_9.04_9.03_9.02_9.01_,118_277_294_255_596_
10:31:30,9.05,1,8655,9.06_9.07_9.08_9.09_9.10_,186_64_1_30_62_,9.05_9.04_9.03_9.02_9.01_,82_304_294_256_616_
10:31:41,9.05,7,8662,9.06_9.07_9.08_9.09_9.10_,186_64_1_30_62_,9.05_9.04_9.03_9.02_9.01_,77_302_294_256_616_
10:31:46,9.05,7,8662,9.06_9.07_9.08_9.09_9.10_,186_64_1_30_62_,9.05_9.04_9.03_9.02_9.01_,77_304_294_256_616_
10:34:09,9.04,1,8798,9.05_9.06_9.07_9.08_9.09_,165_57_41_1_30_,9.04_9.03_9.02_9.01_9.00_,254_228_338_97_1386_
10:34:15,9.04,1,8799,9.05_9.06_9.07_9.08_9.09_,165_57_41_1_30_,9.04_9.03_9.02_9.01_9.00_,253_230_336_97_1386_
10:34:35,9.04,1,8801,9.05_9.06_9.07_9.08_9.09_,165_57_41_1_30_,9.04_9.03_9.02_9.01_9.00_,266_230_336_97_1386_
10:35:37,9.04,1,8895,9.05_9.06_9.07_9.08_9.09_,131_63_41_1_30_,9.04_9.03_9.02_9.01_9.00_,267_228_386_223_1387_
10:35:42,9.04,16,8911,9.05_9.06_9.07_9.08_9.09_,137_56_41_1_30_,9.04_9.03_9.02_9.01_9.00_,256_228_386_223_1387_
10:35:47,9.04,42,8953,9.05_9.06_9.08_9.09_9.10_,137_56_1_30_61_,9.04_9.03_9.02_9.01_9.00_,220_228_386_223_1387_
10:36:28,9.04,9,9027,9.05_9.06_9.08_9.09_9.10_,92_56_1_30_61_,9.04_9.03_9.02_9.01_9.00_,208_230_386_236_1388_
10:36:33,9.04,5,9032,9.05_9.06_9.08_9.09_9.10_,92_56_1_30_61_,9.04_9.03_9.02_9.01_9.00_,203_230_386_286_1388_
10:36:38,9.04,12,9044,9.05_9.06_9.08_9.09_9.10_,92_56_1_30_61_,9.04_9.03_9.02_9.01_9.00_,192_230_386_286_1388_
10:36:43,9.04,22,9066,9.05_9.06_9.08_9.09_9.10_,92_56_1_30_61_,9.04_9.03_9.02_9.01_9.00_,170_230_386_286_1388_
10:39:17,9.04,1,9263,9.05_9.06_9.08_9.09_9.10_,165_23_1_30_135_,9.04_9.03_9.02_9.01_9.00_,34_246_386_301_1432_
10:39:27,9.04,5,9268,9.05_9.06_9.08_9.09_9.10_,123_23_1_30_135_,9.04_9.03_9.02_9.01_9.00_,29_246_386_301_1432_
10:39:32,9.04,29,9297,9.04_9.05_9.06_9.08_9.09_,24_112_23_1_30_,9.03_9.02_9.01_9.00_8.99_,248_386_301_1442_23_
10:39:38,9.03,18,9315,9.04_9.05_9.06_9.08_9.09_,54_103_23_1_30_,9.03_9.02_9.01_9.00_8.99_,231_323_378_916_549_
10:39:43,9.04,2,9317,9.04_9.05_9.06_9.08_9.09_,72_72_23_1_30_,9.03_9.02_9.01_9.00_8.99_,231_323_378_916_549_
10:39:48,9.04,5,9322,9.04_9.05_9.06_9.08_9.09_,67_72_23_1_30_,9.03_9.02_9.01_9.00_8.99_,231_323_378_916_549_
10:39:53,9.03,1,9323,9.04_9.05_9.06_9.08_9.09_,67_72_23_1_30_,9.03_9.02_9.01_9.00_8.99_,230_323_378_916_549_
10:39:58,9.04,1,9324,9.04_9.05_9.06_9.08_9.09_,223_22_23_1_30_,9.03_9.02_9.01_9.00_8.99_,231_323_378_916_549_
10:41:25,9.04,3,9340,9.04_9.05_9.06_9.08_9.09_,261_31_1_1_30_,9.03_9.02_9.01_9.00_8.99_,251_323_382_919_549_
10:41:30,9.03,1,9341,9.04_9.05_9.06_9.08_9.09_,261_37_1_1_30_,9.03_9.02_9.01_9.00_8.99_,250_323_382_919_549_
10:41:36,9.03,16,9357,9.04_9.05_9.06_9.08_9.09_,267_31_1_1_30_,9.03_9.02_9.01_9.00_8.99_,237_323_382_921_549_
10:41:41,9.03,1,9358,9.04_9.05_9.06_9.08_9.09_,274_23_1_1_30_,9.03_9.02_9.01_9.00_8.99_,236_323_382_921_549_
10:41:51,9.04,10,9368,9.04_9.05_9.06_9.08_9.09_,265_23_1_1_30_,9.03_9.02_9.01_9.00_8.99_,235_323_387_921_549_
10:41:56,9.04,2,9370,9.04_9.05_9.06_9.08_9.09_,263_23_1_1_30_,9.03_9.02_9.01_9.00_8.99_,235_323_387_921_549_
10:44:15,9.03,5,9401,9.04_9.05_9.06_9.08_9.09_,269_28_1_6_30_,9.03_9.02_9.01_9.00_8.99_,245_277_330_1166_360_
10:44:20,9.03,5,9401,9.04_9.05_9.06_9.08_9.09_,269_28_1_6_30_,9.03_9.02_9.01_9.00_8.99_,245_277_332_1166_360_
10:44:25,9.03,5,9401,9.04_9.05_9.06_9.08_9.09_,269_28_1_6_30_,9.03_9.02_9.01_9.00_8.99_,250_277_332_1166_360_
10:44:40,9.03,6,9407,9.04_9.05_9.06_9.08_9.09_,269_28_1_6_30_,9.03_9.02_9.01_9.00_8.99_,246_276_332_971_555_
10:44:56,9.03,7,9429,9.04_9.05_9.06_9.08_9.09_,275_21_1_6_30_,9.03_9.02_9.01_9.00_8.99_,224_276_332_971_555_
10:45:01,9.03,15,9444,9.04_9.05_9.06_9.08_9.09_,275_21_1_6_30_,9.03_9.02_9.01_9.00_8.99_,212_278_332_971_555_
10:45:06,9.03,15,9459,9.04_9.05_9.06_9.08_9.09_,275_21_1_6_30_,9.03_9.02_9.01_9.00_8.99_,197_278_335_971_555_
10:45:11,9.03,6,9465,9.04_9.05_9.06_9.08_9.09_,275_21_1_6_30_,9.03_9.02_9.01_9.00_8.99_,265_279_335_972_555_
10:45:47,9.03,14,9486,9.04_9.05_9.06_9.08_9.09_,274_21_1_6_30_,9.03_9.02_9.01_9.00_8.99_,261_284_337_972_555_
10:45:53,9.03,14,9486,9.04_9.05_9.06_9.08_9.09_,274_21_1_6_30_,9.03_9.02_9.01_9.00_8.99_,262_284_337_972_555_
10:46:08,9.03,19,9519,9.04_9.05_9.06_9.08_9.09_,255_42_1_6_30_,9.03_9.02_9.01_9.00_8.99_,229_284_337_977_555_
10:46:13,9.03,14,9533,9.04_9.05_9.06_9.08_9.09_,255_42_1_6_30_,9.03_9.02_9.01_9.00_8.99_,215_284_337_977_555_
10:46:54,9.03,1,9581,9.04_9.05_9.06_9.08_9.09_,245_42_1_6_30_,9.03_9.02_9.01_9.00_8.99_,208_285_339_977_555_
10:48:21,9.03,6,9653,9.04_9.05_9.06_9.08_9.09_,238_42_1_6_30_,9.03_9.02_9.01_9.00_8.99_,268_285_342_982_556_
10:48:27,9.03,6,9659,9.04_9.05_9.06_9.08_9.09_,238_42_1_6_30_,9.03_9.02_9.01_9.00_8.99_,262_285_424_982_556_
10:48:32,9.03,6,9659,9.04_9.05_9.06_9.08_9.09_,238_42_1_6_30_,9.03_9.02_9.01_9.00_8.99_,262_287_424_982_556_
10:48:37,9.04,2,9661,9.04_9.05_9.06_9.08_9.09_,286_42_1_6_30_,9.03_9.02_9.01_9.00_8.99_,264_292_424_982_556_
10:48:42,9.03,20,9681,9.04_9.05_9.06_9.08_9.09_,286_52_1_6_30_,9.03_9.02_9.01_9.00_8.99_,248_291_424_982_556_
10:48:47,9.03,3,9684,9.04_9.05_9.06_9.08_9.09_,286_52_1_6_30_,9.03_9.02_9.01_9.00_8.99_,252_291_424_982_556_
10:48:57,9.03,8,9697,9.04_9.05_9.06_9.08_9.09_,286_52_1_6_30_,9.03_9.02_9.01_9.00_8.99_,248_291_426_982_556_
10:49:13,9.04,20,9717,9.04_9.05_9.06_9.08_9.09_,266_59_1_6_30_,9.03_9.02_9.01_9.00_8.99_,264_292_426_982_556_
10:50:40,9.03,2,9828,9.04_9.05_9.06_9.08_9.09_,181_52_1_6_30_,9.03_9.02_9.01_9.00_8.99_,378_267_392_1181_361_
10:51:11,9.04,7,9891,9.04_9.05_9.06_9.08_9.09_,175_31_1_6_30_,9.03_9.02_9.01_9.00_8.99_,332_267_392_1186_361_
10:51:26,9.03,62,9958,9.04_9.05_9.06_9.08_9.09_,170_31_1_6_30_,9.03_9.02_9.01_9.00_8.99_,273_267_392_1186_361_
10:51:31,9.04,9,9967,9.04_9.05_9.06_9.08_9.09_,162_31_1_6_30_,9.03_9.02_9.01_9.00_8.99_,273_267_392_1186_361_
10:52:12,9.04,3,10110,9.04_9.05_9.06_9.08_9.09_,50_31_1_6_30_,9.03_9.02_9.01_9.00_8.99_,278_268_392_991_556_
10:52:17,9.04,12,10122,9.04_9.05_9.06_9.08_9.09_,38_31_1_6_30_,9.03_9.02_9.01_9.00_8.99_,278_268_392_991_556_
10:52:22,9.03,1,10123,9.04_9.05_9.06_9.08_9.09_,38_31_1_6_30_,9.03_9.02_9.01_9.00_8.99_,277_268_392_991_556_
10:52:28,9.04,2,10125,9.04_9.05_9.06_9.08_9.09_,36_31_1_6_30_,9.03_9.02_9.01_9.00_8.99_,277_268_392_1186_361_
10:52:33,9.04,15,10140,9.04_9.05_9.06_9.08_9.09_,20_31_1_6_30_,9.03_9.02_9.01_9.00_8.99_,277_268_392_991_556_
10:52:38,9.04,20,10160,9.04_9.05_9.06_9.08_9.09_,6_31_1_6_30_,9.03_9.02_9.01_9.00_8.99_,284_268_392_991_556_
10:52:43,9.04,20,10160,9.04_9.05_9.06_9.08_9.09_,6_38_1_6_30_,9.03_9.02_9.01_9.00_8.99_,285_268_392_991_556_
10:53:04,9.04,3,10170,9.04_9.05_9.06_9.08_9.09_,3_38_1_6_30_,9.03_9.02_9.01_9.00_8.99_,283_268_392_1181_361_
10:53:50,9.04,6,10217,9.05_9.06_9.08_9.09_9.10_,45_1_6_30_143_,9.04_9.03_9.02_9.01_9.00_,93_270_344_315_1512_
10:54:05,9.04,7,10231,9.05_9.06_9.08_9.09_9.10_,24_22_6_30_143_,9.04_9.03_9.02_9.01_9.00_,93_270_343_315_1512_
10:54:10,9.04,7,10231,9.05_9.06_9.08_9.09_9.10_,24_22_6_30_143_,9.04_9.03_9.02_9.01_9.00_,95_270_343_315_1512_
10:54:15,9.04,1,10232,9.05_9.06_9.08_9.09_9.10_,24_22_6_30_143_,9.04_9.03_9.02_9.01_9.00_,94_270_343_315_1512_
10:54:21,9.04,6,10238,9.05_9.06_9.08_9.09_9.10_,24_22_6_30_143_,9.04_9.03_9.02_9.01_9.00_,93_270_343_315_1512_
10:54:26,9.04,1,10239,9.05_9.06_9.08_9.09_9.10_,24_22_6_30_143_,9.04_9.03_9.02_9.01_9.00_,92_270_343_315_1513_
10:54:46,9.05,4,10250,9.05_9.06_9.08_9.09_9.10_,77_22_6_30_143_,9.04_9.03_9.02_9.01_9.00_,101_271_343_315_1513_
10:55:27,9.04,1,10295,9.05_9.06_9.08_9.09_9.10_,98_16_6_30_143_,9.04_9.03_9.02_9.01_9.00_,56_275_343_325_1513_
10:55:33,9.04,6,10301,9.05_9.06_9.08_9.09_9.10_,98_16_6_30_143_,9.04_9.03_9.02_9.01_9.00_,50_275_343_325_1513_
10:55:38,9.04,1,10302,9.05_9.06_9.08_9.09_9.10_,98_16_6_30_143_,9.04_9.03_9.02_9.01_9.00_,49_281_343_325_1513_
10:55:43,9.04,1,10302,9.05_9.06_9.08_9.09_9.10_,105_8_11_30_143_,9.04_9.03_9.02_9.01_9.00_,49_281_343_325_1513_
10:55:48,9.04,7,10309,9.05_9.06_9.08_9.09_9.10_,105_8_11_30_143_,9.04_9.03_9.02_9.01_9.00_,44_281_343_325_1513_
10:55:53,9.04,7,10309,9.05_9.06_9.08_9.09_9.10_,105_8_11_30_143_,9.04_9.03_9.02_9.01_9.00_,44_285_343_325_1513_
10:55:58,9.04,1,10310,9.05_9.06_9.08_9.09_9.10_,111_1_11_30_143_,9.04_9.03_9.02_9.01_9.00_,43_285_343_325_1513_
10:56:03,9.04,6,10316,9.05_9.06_9.08_9.09_9.10_,111_1_11_30_143_,9.04_9.03_9.02_9.01_9.00_,38_285_343_325_1513_
10:56:08,9.04,6,10322,9.05_9.06_9.08_9.09_9.10_,112_1_11_30_143_,9.04_9.03_9.02_9.01_9.00_,34_286_343_325_1513_
10:56:14,9.04,6,10322,9.05_9.06_9.08_9.09_9.10_,111_1_11_30_143_,9.04_9.03_9.02_9.01_9.00_,36_286_343_325_1513_
10:56:19,9.04,6,10328,9.05_9.06_9.08_9.09_9.10_,111_1_11_30_143_,9.04_9.03_9.02_9.01_9.00_,30_286_343_325_1513_
10:56:24,9.04,30,10358,9.04_9.05_9.06_9.08_9.09_,70_111_1_11_30_,9.03_9.02_9.01_9.00_8.99_,286_343_325_1513_30_
10:56:29,9.03,6,10364,9.04_9.05_9.06_9.08_9.09_,103_85_1_11_30_,9.03_9.02_9.01_9.00_8.99_,282_267_402_997_556_
10:57:51,9.03,1,10369,9.04_9.05_9.06_9.08_9.09_,140_57_1_11_35_,9.03_9.02_9.01_9.00_8.99_,282_267_402_1009_556_
10:59:13,9.03,26,10520,9.04_9.05_9.06_9.08_9.09_,41_77_1_11_35_,9.03_9.02_9.01_9.00_8.99_,258_267_407_1209_363_
11:00:09,9.03,1,10547,9.04_9.05_9.06_9.08_9.09_,40_83_1_11_35_,9.03_9.02_9.01_9.00_8.99_,254_267_408_1209_365_
11:00:14,9.03,2,10549,9.04_9.05_9.06_9.08_9.09_,52_83_1_11_35_,9.03_9.02_9.01_9.00_8.99_,252_267_408_1209_365_
11:00:20,9.03,1,10550,9.04_9.05_9.06_9.08_9.09_,52_83_1_11_35_,9.03_9.02_9.01_9.00_8.99_,251_267_408_1209_365_
11:00:25,9.03,1,10551,9.04_9.05_9.06_9.08_9.09_,58_77_1_11_35_,9.03_9.02_9.01_9.00_8.99_,268_267_408_1209_365_
11:00:30,9.04,3,10554,9.04_9.05_9.06_9.08_9.09_,56_77_1_11_35_,9.03_9.02_9.01_9.00_8.99_,268_267_408_1209_365_
11:02:02,9.04,32,10703,9.05_9.06_9.08_9.09_9.10_,92_1_11_35_143_,9.04_9.03_9.02_9.01_9.00_,29_244_359_531_1395_
11:02:07,9.05,2,10705,9.05_9.06_9.08_9.09_9.10_,90_1_11_35_143_,9.04_9.03_9.02_9.01_9.00_,48_244_359_531_1395_
11:02:12,9.05,2,10705,9.05_9.06_9.08_9.09_9.10_,90_1_11_35_143_,9.04_9.03_9.02_9.01_9.00_,67_238_358_336_1590_
11:02:17,9.05,2,10705,9.05_9.06_9.08_9.09_9.10_,90_1_11_35_143_,9.04_9.03_9.02_9.01_9.00_,67_248_358_336_1592_
11:02:23,9.05,2,10705,9.05_9.06_9.08_9.09_9.10_,102_1_11_35_143_,9.04_9.03_9.02_9.01_9.00_,117_248_358_336_1592_
11:02:28,9.05,2,10707,9.05_9.06_9.08_9.09_9.10_,100_1_11_35_143_,9.04_9.03_9.02_9.01_9.00_,117_248_358_336_1592_
11:02:33,9.05,2,10709,9.05_9.06_9.08_9.09_9.10_,98_1_11_35_143_,9.04_9.03_9.02_9.01_9.00_,117_248_358_336_1592_
11:04:26,9.05,30,10914,9.05_9.06_9.08_9.09_9.10_,1_18_11_35_143_,9.04_9.03_9.02_9.01_9.00_,49_328_285_867_1066_
11:04:41,9.05,10,10928,9.05_9.06_9.08_9.09_9.10_,13_1_11_35_143_,9.04_9.03_9.02_9.01_9.00_,69_257_344_341_1592_
11:04:47,9.04,1,10929,9.05_9.06_9.08_9.09_9.10_,13_1_11_35_144_,9.04_9.03_9.02_9.01_9.00_,68_257_344_341_1592_
11:04:52,9.04,1,10930,9.05_9.06_9.08_9.09_9.10_,13_1_11_35_144_,9.04_9.03_9.02_9.01_9.00_,67_257_344_341_1592_
11:04:57,9.04,7,10937,9.05_9.06_9.08_9.09_9.10_,20_1_11_35_144_,9.04_9.03_9.02_9.01_9.00_,62_257_344_341_1592_
11:05:12,9.04,2,10951,9.05_9.06_9.08_9.09_9.10_,20_1_11_35_144_,9.04_9.03_9.02_9.01_9.00_,61_257_344_536_1397_
11:05:43,9.04,12,10978,9.05_9.06_9.08_9.09_9.10_,21_9_11_35_144_,9.04_9.03_9.02_9.01_9.00_,43_257_344_536_1397_
11:06:45,9.04,9,10996,9.05_9.06_9.08_9.09_9.10_,47_1_11_35_144_,9.04_9.03_9.02_9.01_9.00_,29_265_344_536_1398_
11:07:46,9.05,2,11004,9.05_9.06_9.08_9.09_9.10_,56_1_11_35_144_,9.04_9.03_9.02_9.01_9.00_,86_265_344_342_1593_
11:07:56,9.05,2,11004,9.05_9.06_9.08_9.09_9.10_,56_1_11_35_144_,9.04_9.03_9.02_9.01_9.00_,95_265_344_342_1593_
11:08:02,9.05,2,11004,9.05_9.06_9.08_9.09_9.10_,56_1_11_35_144_,9.04_9.03_9.02_9.01_9.00_,95_265_344_342_1594_
11:08:07,9.04,1,11005,9.05_9.06_9.08_9.09_9.10_,56_1_11_35_144_,9.04_9.03_9.02_9.01_9.00_,95_265_344_342_1594_
11:08:12,9.04,1,11005,9.05_9.06_9.08_9.09_9.10_,56_1_11_35_144_,9.04_9.03_9.02_9.01_9.00_,96_264_344_342_1594_
11:08:17,9.04,1,11006,9.05_9.06_9.08_9.09_9.10_,56_7_11_35_144_,9.04_9.03_9.02_9.01_9.00_,97_264_344_537_1399_
11:08:22,9.04,1,11006,9.05_9.06_9.08_9.09_9.10_,56_7_11_35_144_,9.04_9.03_9.02_9.01_9.00_,101_264_344_537_1399_
11:08:27,9.05,2,11008,9.05_9.06_9.08_9.09_9.10_,62_1_11_35_144_,9.04_9.03_9.02_9.01_9.00_,102_264_344_537_1399_
11:08:32,9.04,1,11009,9.05_9.06_9.08_9.09_9.10_,62_1_11_35_144_,9.04_9.03_9.02_9.01_9.00_,101_264_344_342_1594_
11:08:43,9.04,1,11010,9.05_9.06_9.08_9.09_9.10_,62_1_11_35_144_,9.04_9.03_9.02_9.01_9.00_,100_264_344_537_1399_
11:09:13,9.04,1,11014,9.05_9.06_9.08_9.09_9.10_,88_7_11_35_144_,9.04_9.03_9.02_9.01_9.00_,97_274_344_537_1399_
11:09:39,9.04,1,11021,9.05_9.06_9.08_9.09_9.10_,94_1_11_35_144_,9.04_9.03_9.02_9.01_9.00_,103_271_344_537_1399_
11:10:05,9.04,1,11024,9.05_9.06_9.08_9.09_9.10_,101_1_11_35_144_,9.04_9.03_9.02_9.01_9.00_,109_272_344_537_1399_
11:11:06,9.04,11,11135,9.05_9.06_9.08_9.09_9.10_,103_20_11_35_144_,9.04_9.03_9.02_9.01_9.00_,78_277_344_538_1399_
11:12:03,9.05,90,11248,9.05_9.06_9.08_9.09_9.10_,19_20_11_35_144_,9.04_9.03_9.02_9.01_9.00_,75_259_344_538_1399_
11:12:08,9.04,15,11263,9.05_9.06_9.08_9.09_9.10_,27_20_11_35_144_,9.04_9.03_9.02_9.01_9.00_,60_259_344_343_1594_
11:12:13,9.04,10,11273,9.05_9.06_9.08_9.09_9.10_,26_20_11_35_144_,9.04_9.03_9.02_9.01_9.00_,55_260_344_538_1399_
11:12:39,9.04,20,11296,9.05_9.06_9.08_9.09_9.10_,38_20_11_35_144_,9.04_9.03_9.02_9.01_9.00_,32_264_344_526_1400_
11:12:44,9.05,2,11298,9.05_9.06_9.08_9.09_9.10_,36_114_11_35_144_,9.04_9.03_9.02_9.01_9.00_,32_264_344_526_1400_
11:12:49,9.05,2,11298,9.05_9.06_9.08_9.09_9.10_,36_114_11_35_144_,9.04_9.03_9.02_9.01_9.00_,32_264_344_331_1595_
11:12:59,9.05,2,11298,9.05_9.06_9.08_9.09_9.10_,36_114_11_35_144_,9.04_9.03_9.02_9.01_9.00_,35_264_344_331_1595_
11:13:04,9.05,2,11298,9.05_9.06_9.08_9.09_9.10_,40_114_11_35_144_,9.04_9.03_9.02_9.01_9.00_,35_264_344_331_1595_
11:13:10,9.05,2,11298,9.05_9.06_9.08_9.09_9.10_,46_107_11_35_144_,9.04_9.03_9.02_9.01_9.00_,42_264_344_331_1595_
11:13:15,9.05,40,11338,9.05_9.06_9.08_9.09_9.10_,94_26_11_35_144_,9.04_9.03_9.02_9.01_9.00_,42_264_344_331_1595_
11:13:25,9.05,20,11358,9.05_9.06_9.08_9.09_9.10_,74_26_11_35_144_,9.04_9.03_9.02_9.01_9.00_,43_264_344_331_1595_
11:14:16,9.04,21,11393,9.05_9.06_9.08_9.09_9.10_,109_20_11_35_144_,9.04_9.03_9.02_9.01_9.00_,22_264_344_526_1400_
11:14:21,9.04,21,11393,9.05_9.06_9.08_9.09_9.10_,109_20_11_35_144_,9.04_9.03_9.02_9.01_9.00_,41_264_344_526_1400_
11:14:42,9.04,21,11393,9.05_9.06_9.08_9.09_9.10_,116_20_11_35_144_,9.04_9.03_9.02_9.01_9.00_,41_264_344_525_1400_
11:15:49,9.04,1,11398,9.05_9.06_9.08_9.09_9.10_,140_26_11_35_144_,9.04_9.03_9.02_9.01_9.00_,58_259_344_525_1405_
11:15:54,9.04,1,11399,9.05_9.06_9.08_9.09_9.10_,140_26_11_35_144_,9.04_9.03_9.02_9.01_9.00_,64_261_344_525_1405_
11:15:59,9.05,100,11499,9.05_9.06_9.08_9.09_9.10_,40_26_11_35_144_,9.04_9.03_9.02_9.01_9.00_,66_261_344_525_1407_
11:16:04,9.05,100,11499,9.05_9.06_9.08_9.09_9.10_,63_7_11_35_144_,9.04_9.03_9.02_9.01_9.00_,66_261_344_330_1602_
11:16:09,9.05,5,11504,9.05_9.06_9.08_9.09_9.10_,58_7_11_35_144_,9.04_9.03_9.02_9.01_9.00_,73_261_354_330_1602_
11:16:14,9.05,3,11507,9.05_9.06_9.08_9.09_9.10_,74_1_11_35_144_,9.04_9.03_9.02_9.01_9.00_,70_261_354_330_1602_
11:16:30,9.05,3,11507,9.05_9.06_9.08_9.09_9.10_,74_1_11_35_144_,9.04_9.03_9.02_9.01_9.00_,72_259_354_330_1602_
11:16:50,9.05,3,11507,9.05_9.06_9.08_9.09_9.10_,85_1_11_35_144_,9.04_9.03_9.02_9.01_9.00_,73_260_354_330_1602_
11:17:00,9.05,3,11507,9.05_9.06_9.08_9.09_9.10_,91_1_11_35_144_,9.04_9.03_9.02_9.01_9.00_,73_260_354_330_1602_
11:17:16,9.05,3,11507,9.05_9.06_9.08_9.09_9.10_,91_8_11_35_144_,9.04_9.03_9.02_9.01_9.00_,73_260_354_330_1602_
11:18:33,9.04,6,11547,9.05_9.08_9.09_9.10_9.11_,130_11_35_144_186_,9.04_9.03_9.02_9.01_9.00_,59_261_354_526_1407_
11:18:43,9.04,18,11565,9.05_9.06_9.08_9.09_9.10_,138_20_11_35_174_,9.04_9.03_9.02_9.01_9.00_,41_269_354_526_1407_
11:18:48,9.04,18,11565,9.05_9.06_9.08_9.09_9.10_,138_20_11_35_174_,9.04_9.03_9.02_9.01_9.00_,46_269_354_526_1407_
11:19:08,9.04,18,11565,9.05_9.06_9.08_9.09_9.10_,148_20_11_35_174_,9.04_9.03_9.02_9.01_9.00_,46_269_362_526_1407_
11:19:14,9.04,18,11565,9.05_9.06_9.08_9.09_9.10_,148_28_11_35_174_,9.04_9.03_9.02_9.01_9.00_,57_269_362_526_1407_
11:19:19,9.04,18,11565,9.05_9.06_9.08_9.09_9.10_,148_28_11_35_174_,9.04_9.03_9.02_9.01_9.00_,58_269_362_526_1407_
11:19:55,9.04,3,11584,9.05_9.06_9.08_9.09_9.10_,163_20_11_35_174_,9.04_9.03_9.02_9.01_9.00_,57_270_362_526_1407_
11:21:27,9.04,16,11644,9.05_9.06_9.08_9.09_9.10_,181_27_11_35_174_,9.04_9.03_9.02_9.01_9.00_,8_271_362_526_1405_
11:22:13,9.03,15,11667,9.04_9.05_9.08_9.09_9.10_,192_53_11_35_174_,9.03_9.02_9.01_9.00_8.99_,259_285_408_1281_371_
11:23:41,9.03,3,11752,9.04_9.05_9.08_9.09_9.10_,219_47_11_37_174_,9.03_9.02_9.01_9.00_8.99_,184_286_418_1281_371_
11:23:56,9.03,3,11752,9.04_9.05_9.08_9.09_9.10_,219_47_11_37_174_,9.03_9.02_9.01_9.00_8.99_,187_286_418_1281_371_
11:24:22,9.03,105,11857,9.04_9.05_9.08_9.09_9.10_,225_47_11_37_174_,9.03_9.02_9.01_9.00_8.99_,85_286_418_1278_371_
11:24:32,9.03,3,11860,9.04_9.05_9.08_9.09_9.10_,225_47_11_37_174_,9.03_9.02_9.01_9.00_8.99_,82_286_418_1278_371_
11:24:37,9.03,4,11864,9.04_9.05_9.08_9.09_9.10_,221_47_11_37_174_,9.03_9.02_9.01_9.00_8.99_,88_286_419_1279_371_
11:24:42,9.03,4,11864,9.04_9.05_9.08_9.09_9.10_,233_47_11_37_174_,9.03_9.02_9.01_9.00_8.99_,88_287_419_1279_371_
11:24:47,9.04,4,11868,9.04_9.05_9.08_9.09_9.10_,229_47_11_37_174_,9.03_9.02_9.01_9.00_8.99_,89_287_419_1279_371_
11:24:52,9.03,12,11880,9.04_9.05_9.08_9.09_9.10_,229_47_11_37_174_,9.03_9.02_9.01_9.00_8.99_,82_287_419_1279_371_
11:24:58,9.03,7,11887,9.04_9.05_9.08_9.09_9.10_,229_47_11_37_174_,9.03_9.02_9.01_9.00_8.99_,80_287_419_1279_371_
11:25:08,9.03,14,11901,9.04_9.05_9.08_9.09_9.10_,229_47_11_37_174_,9.03_9.02_9.01_9.00_8.99_,67_317_419_1279_371_
11:25:13,9.03,14,11901,9.04_9.05_9.08_9.09_9.10_,229_54_11_37_174_,9.03_9.02_9.01_9.00_8.99_,71_317_419_1279_371_
11:25:23,9.03,10,11913,9.04_9.05_9.08_9.09_9.10_,233_54_11_37_174_,9.03_9.02_9.01_9.00_8.99_,61_317_419_1279_371_
11:25:33,9.03,21,11934,9.04_9.05_9.08_9.09_9.10_,233_54_11_37_174_,9.03_9.02_9.01_9.00_8.99_,90_317_419_1279_371_
11:25:39,9.03,14,11948,9.04_9.05_9.08_9.09_9.10_,233_54_11_37_174_,9.03_9.02_9.01_9.00_8.99_,76_317_419_1279_371_
11:25:44,9.03,21,11969,9.04_9.05_9.08_9.09_9.10_,240_47_11_37_174_,9.03_9.02_9.01_9.00_8.99_,55_317_419_1279_371_
11:26:14,9.03,18,12009,9.04_9.05_9.08_9.09_9.10_,252_28_11_37_174_,9.03_9.02_9.01_9.00_8.99_,31_323_425_1281_371_
11:26:20,9.03,13,12022,9.04_9.05_9.08_9.09_9.10_,252_28_11_37_174_,9.03_9.02_9.01_9.00_8.99_,18_323_425_1281_371_
11:26:50,9.02,6,12057,9.03_9.04_9.05_9.08_9.09_,192_58_28_11_37_,9.02_9.01_9.00_8.99_8.98_,310_357_1173_235_399_
11:26:56,9.02,14,12071,9.03_9.04_9.05_9.08_9.09_,192_58_28_11_37_,9.02_9.01_9.00_8.99_8.98_,299_357_1173_235_399_
11:27:42,9.02,65,12212,9.03_9.05_9.08_9.09_9.10_,260_148_16_37_174_,9.02_9.01_9.00_8.99_8.98_,184_358_1179_235_399_
11:27:47,9.02,31,12243,9.03_9.05_9.08_9.09_9.10_,260_148_16_37_174_,9.02_9.01_9.00_8.99_8.98_,158_358_1179_235_399_
11:27:57,9.02,13,12261,9.03_9.05_9.08_9.09_9.10_,255_148_16_37_174_,9.02_9.01_9.00_8.99_8.98_,145_361_1179_235_399_
11:28:38,9.02,3,12285,9.03_9.04_9.05_9.07_9.08_,244_26_149_5_16_,9.02_9.01_9.00_8.99_8.98_,134_420_1200_235_399_
11:28:53,9.02,8,12293,9.03_9.04_9.05_9.07_9.08_,259_32_149_5_16_,9.02_9.01_9.00_8.99_8.98_,136_420_1201_235_399_
11:29:04,9.02,8,12293,9.03_9.04_9.05_9.07_9.08_,259_32_149_5_16_,9.02_9.01_9.00_8.99_8.98_,139_420_1201_235_399_
11:29:09,9.02,39,12332,9.03_9.04_9.05_9.07_9.08_,259_32_149_5_16_,9.02_9.01_9.00_8.99_8.98_,103_415_1211_235_409_
11:29:14,9.02,8,12340,9.03_9.04_9.05_9.07_9.08_,259_26_149_5_16_,9.02_9.01_9.00_8.99_8.98_,100_415_1211_235_409_
11:29:19,9.03,1,12341,9.03_9.04_9.05_9.07_9.08_,258_26_149_5_16_,9.02_9.01_9.00_8.99_8.98_,100_415_1211_235_409_
11:29:24,9.03,2,12343,9.03_9.04_9.05_9.07_9.08_,256_26_149_5_16_,9.02_9.01_9.00_8.99_8.98_,152_425_1211_235_409_
11:31:07,9.02,5,12387,9.03_9.04_9.05_9.07_9.08_,257_26_149_5_16_,9.02_9.01_9.00_8.99_8.98_,139_429_1211_235_409_
11:32:03,9.02,11,12443,9.03_9.04_9.05_9.07_9.08_,259_26_149_5_16_,9.02_9.01_9.00_8.99_8.98_,95_433_1213_235_409_
11:32:18,9.02,20,12473,9.03_9.04_9.05_9.07_9.08_,259_26_149_5_16_,9.02_9.01_9.00_8.99_8.98_,70_433_1213_235_409_
11:33:35,9.01,11,12624,9.02_9.03_9.05_9.07_9.08_,298_20_149_10_16_,9.01_9.00_8.99_8.98_8.97_,382_1116_117_473_351_
11:33:40,9.01,26,12650,9.02_9.03_9.05_9.07_9.08_,298_20_149_10_16_,9.01_9.00_8.99_8.98_8.97_,356_1116_117_473_351_
11:33:45,9.01,12,12662,9.02_9.03_9.05_9.07_9.08_,299_26_149_10_16_,9.01_9.00_8.99_8.98_8.97_,347_1116_117_473_351_
11:33:51,9.01,12,12662,9.02_9.03_9.05_9.07_9.08_,305_26_149_10_16_,9.01_9.00_8.99_8.98_8.97_,347_1116_117_473_351_
11:33:56,9.01,51,12713,9.02_9.03_9.05_9.07_9.08_,317_26_149_10_16_,9.01_9.00_8.99_8.98_8.97_,296_1116_117_473_351_
11:34:01,9.01,14,12727,9.02_9.03_9.05_9.07_9.08_,317_26_149_10_16_,9.01_9.00_8.99_8.98_8.97_,283_1116_117_475_351_
11:34:06,9.01,30,12757,9.02_9.03_9.05_9.07_9.08_,317_26_149_10_16_,9.01_9.00_8.99_8.98_8.97_,254_1116_117_475_351_
11:35:33,9.01,25,12872,9.02_9.03_9.05_9.07_9.08_,318_20_148_10_16_,9.01_9.00_8.99_8.98_8.97_,219_1121_119_475_351_
11:35:43,9.01,8,12880,9.02_9.03_9.05_9.07_9.08_,318_20_148_10_16_,9.01_9.00_8.99_8.98_8.97_,211_1071_119_475_351_
11:37:00,9.00,3,13207,9.01_9.02_9.03_9.05_9.07_,411_62_1_148_15_,9.00_8.99_8.98_8.97_8.96_,1055_57_357_215_339_
11:37:06,9.00,6,13213,9.01_9.02_9.03_9.05_9.07_,404_69_1_148_15_,9.00_8.99_8.98_8.97_8.96_,1052_57_357_215_339_
11:37:11,9.00,6,13213,9.01_9.02_9.03_9.05_9.07_,411_62_1_148_15_,9.00_8.99_8.98_8.97_8.96_,1053_57_357_215_339_
11:37:16,9.00,30,13243,9.01_9.02_9.03_9.05_9.07_,411_83_1_148_15_,9.00_8.99_8.98_8.97_8.96_,1023_57_357_215_341_
11:37:21,9.01,5,13248,9.01_9.02_9.03_9.05_9.07_,406_83_1_148_15_,9.00_8.99_8.98_8.97_8.96_,1027_57_357_215_341_
11:37:26,9.00,7,13255,9.01_9.02_9.03_9.05_9.07_,399_90_1_148_15_,9.00_8.99_8.98_8.97_8.96_,1021_57_357_215_341_
11:37:47,9.01,2,13290,9.01_9.02_9.03_9.05_9.07_,377_83_7_148_15_,9.00_8.99_8.98_8.97_8.96_,1033_58_357_215_341_
11:37:52,9.01,11,13301,9.01_9.02_9.03_9.05_9.07_,355_83_7_148_15_,9.00_8.99_8.98_8.97_8.96_,1033_59_357_215_341_
11:38:23,9.00,130,13446,9.01_9.02_9.03_9.05_9.07_,281_83_19_148_15_,9.00_8.99_8.98_8.97_8.96_,893_71_357_215_341_
11:38:28,9.01,1,13447,9.01_9.02_9.03_9.05_9.07_,280_83_19_148_15_,9.00_8.99_8.98_8.97_8.96_,893_71_357_215_341_
11:38:38,9.01,20,13467,9.01_9.02_9.03_9.05_9.07_,260_83_19_148_15_,9.00_8.99_8.98_8.97_8.96_,893_71_357_215_341_
11:38:43,9.01,20,13467,9.01_9.02_9.03_9.05_9.07_,260_83_19_148_15_,9.00_8.99_8.98_8.97_8.96_,904_71_357_215_341_
11:38:48,9.00,5,13472,9.01_9.02_9.03_9.05_9.07_,256_83_19_148_15_,9.00_8.99_8.98_8.97_8.96_,904_71_357_215_341_
11:38:53,9.00,5,13472,9.01_9.02_9.03_9.05_9.07_,257_83_19_148_15_,9.00_8.99_8.98_8.97_8.96_,904_71_357_215_341_
11:39:19,9.01,1,13475,9.01_9.02_9.03_9.05_9.07_,260_83_19_148_15_,9.00_8.99_8.98_8.97_8.96_,907_70_357_215_341_
11:39:50,9.00,11,13497,9.01_9.02_9.03_9.05_9.07_,282_92_19_148_10_,9.00_8.99_8.98_8.97_8.96_,923_72_361_215_341_
11:40:41,9.00,8,13655,9.01_9.02_9.03_9.05_9.07_,291_64_18_148_10_,9.00_8.99_8.98_8.97_8.96_,801_72_361_215_346_
11:41:32,9.00,12,13990,9.01_9.02_9.03_9.05_9.07_,27_64_18_148_10_,9.00_8.99_8.98_8.97_8.96_,826_82_362_215_346_
11:42:49,9.02,3,14034,9.02_9.03_9.05_9.07_9.08_,60_43_148_10_16_,9.01_9.00_8.99_8.98_8.97_,257_794_177_481_351_
11:42:54,9.01,89,14123,9.02_9.03_9.05_9.07_9.08_,58_43_148_10_16_,9.01_9.00_8.99_8.98_8.97_,173_809_177_481_351_
11:42:59,9.01,89,14123,9.02_9.03_9.05_9.07_9.08_,70_37_148_10_16_,9.01_9.00_8.99_8.98_8.97_,176_806_177_481_351_
11:43:04,9.02,70,14193,9.03_9.05_9.07_9.08_9.09_,37_148_10_16_37_,9.02_9.01_9.00_8.99_8.98_,35_198_809_177_481_
11:43:10,9.02,70,14193,9.03_9.05_9.07_9.08_9.09_,37_148_10_16_37_,9.02_9.01_9.00_8.99_8.98_,39_195_885_295_617_
11:43:15,9.02,70,14193,9.03_9.05_9.07_9.08_9.09_,37_148_10_16_37_,9.02_9.01_9.00_8.99_8.98_,50_193_1009_295_617_
11:43:40,9.02,30,14232,9.03_9.04_9.05_9.07_9.08_,46_8_150_10_16_,9.02_9.01_9.00_8.99_8.98_,21_190_1025_100_812_
11:45:23,9.02,5,14237,9.03_9.05_9.07_9.08_9.09_,93_150_10_16_37_,9.02_9.01_9.00_8.99_8.98_,46_191_1025_295_619_
11:45:28,9.02,5,14237,9.03_9.05_9.07_9.08_9.09_,94_150_10_16_37_,9.02_9.01_9.00_8.99_8.98_,51_191_1026_295_619_
11:46:09,9.02,5,14237,9.03_9.05_9.07_9.08_9.09_,155_150_10_16_37_,9.02_9.01_9.00_8.99_8.98_,51_191_1028_295_620_
11:46:20,9.01,89,14326,9.03_9.04_9.05_9.07_9.08_,155_6_150_10_16_,9.01_9.00_8.99_8.98_8.97_,154_1028_295_620_20_
11:46:25,9.01,89,14326,9.02_9.03_9.05_9.07_9.08_,8_156_150_10_16_,9.01_9.00_8.99_8.98_8.97_,154_952_177_613_222_
11:46:30,9.01,89,14326,9.02_9.03_9.05_9.07_9.08_,102_82_150_10_16_,9.01_9.00_8.99_8.98_8.97_,162_952_177_484_351_
11:46:35,9.01,89,14326,9.02_9.03_9.05_9.07_9.08_,90_82_150_10_16_,9.01_9.00_8.99_8.98_8.97_,162_952_177_484_351_
11:47:11,9.01,30,14456,9.02_9.03_9.05_9.07_9.08_,106_76_150_10_16_,9.01_9.00_8.99_8.98_8.97_,54_956_177_484_351_
11:48:23,9.01,4,14514,9.02_9.03_9.05_9.07_9.08_,145_57_150_10_16_,9.01_9.00_8.99_8.98_8.97_,46_955_177_484_351_
11:50:31,9.01,5,14519,9.02_9.03_9.05_9.07_9.08_,179_16_148_10_16_,9.01_9.00_8.99_8.98_8.97_,108_979_177_495_351_
11:51:01,9.01,5,14519,9.02_9.03_9.05_9.07_9.08_,201_16_148_10_16_,9.01_9.00_8.99_8.98_8.97_,114_976_177_590_256_
11:51:07,9.01,89,14608,9.02_9.03_9.05_9.07_9.08_,201_16_148_10_16_,9.01_9.00_8.99_8.98_8.97_,25_976_177_590_256_
11:51:12,9.01,89,14608,9.02_9.03_9.05_9.07_9.08_,201_22_148_10_16_,9.01_9.00_8.99_8.98_8.97_,26_975_177_590_256_
11:51:17,9.01,89,14608,9.02_9.03_9.05_9.07_9.08_,201_22_148_10_16_,9.01_9.00_8.99_8.98_8.97_,26_975_177_495_351_
11:51:22,9.01,5,14613,9.02_9.03_9.05_9.07_9.08_,201_22_148_10_16_,9.01_9.00_8.99_8.98_8.97_,21_975_177_495_351_
11:52:49,9.01,5,14618,9.02_9.03_9.05_9.07_9.08_,227_36_148_10_16_,9.01_9.00_8.99_8.98_8.97_,25_985_177_495_351_
11:53:10,9.00,89,14707,9.01_9.02_9.03_9.05_9.07_,13_218_36_148_10_,9.00_8.99_8.98_8.97_8.96_,932_101_377_344_218_
11:53:35,9.00,8,14740,9.01_9.02_9.03_9.05_9.07_,216_19_36_148_10_,9.00_8.99_8.98_8.97_8.96_,935_101_377_310_252_
11:53:51,9.00,8,14740,9.01_9.02_9.03_9.05_9.07_,216_19_36_148_10_,9.00_8.99_8.98_8.97_8.96_,936_101_377_310_252_
11:54:01,9.00,7,14747,9.01_9.02_9.03_9.05_9.07_,240_19_16_148_10_,9.00_8.99_8.98_8.97_8.96_,940_101_377_310_252_
11:54:37,9.00,7,14769,9.01_9.02_9.03_9.05_9.06_,237_19_16_148_5_,9.00_8.99_8.98_8.97_8.96_,928_104_377_310_252_
11:54:42,9.00,7,14769,9.01_9.02_9.03_9.05_9.06_,237_25_16_148_5_,9.00_8.99_8.98_8.97_8.96_,928_104_377_310_252_
11:54:47,9.01,2,14771,9.01_9.02_9.03_9.05_9.06_,235_25_16_318_5_,9.00_8.99_8.98_8.97_8.96_,928_104_377_310_252_
11:54:52,9.01,2,14771,9.01_9.02_9.03_9.05_9.06_,235_25_16_318_5_,9.00_8.99_8.98_8.97_8.96_,928_104_377_215_347_
11:54:57,9.00,8,14779,9.01_9.02_9.03_9.05_9.06_,235_25_16_318_5_,9.00_8.99_8.98_8.97_8.96_,921_104_377_215_347_
11:55:03,9.00,8,14779,9.01_9.02_9.03_9.05_9.06_,241_25_16_318_5_,9.00_8.99_8.98_8.97_8.96_,921_104_377_310_252_
11:55:13,9.00,8,14779,9.01_9.02_9.03_9.05_9.06_,248_19_16_318_5_,9.00_8.99_8.98_8.97_8.96_,924_105_377_310_252_
11:55:18,9.00,8,14779,9.01_9.02_9.03_9.05_9.06_,248_19_16_318_5_,9.00_8.99_8.98_8.97_8.96_,927_102_377_310_252_
11:55:23,9.01,5,14784,9.01_9.02_9.03_9.05_9.06_,253_19_16_318_5_,9.00_8.99_8.98_8.97_8.96_,927_102_377_310_252_
11:55:28,9.00,7,14791,9.01_9.02_9.03_9.05_9.06_,253_19_16_318_5_,9.00_8.99_8.98_8.97_8.96_,936_102_377_215_347_
11:55:33,9.00,50,14841,9.01_9.02_9.03_9.05_9.06_,253_19_16_318_5_,9.00_8.99_8.98_8.97_8.96_,896_102_377_310_252_
11:57:26,9.00,12,14877,9.01_9.02_9.03_9.05_9.06_,258_19_16_318_5_,9.00_8.99_8.98_8.97_8.96_,936_111_382_310_252_
11:57:47,9.00,50,14934,9.01_9.02_9.03_9.05_9.06_,259_19_16_318_5_,9.00_8.99_8.98_8.97_8.96_,894_111_382_310_255_
11:58:02,9.00,7,14941,9.01_9.02_9.03_9.05_9.06_,259_19_16_318_5_,9.00_8.99_8.98_8.97_8.96_,888_111_382_310_255_
11:58:38,9.01,2,14977,9.01_9.02_9.03_9.05_9.06_,253_25_16_318_5_,9.00_8.99_8.98_8.97_8.96_,970_111_382_310_255_
11:58:58,9.00,5,15083,9.01_9.02_9.03_9.05_9.06_,167_19_16_318_5_,9.00_8.99_8.98_8.97_8.96_,870_122_382_310_255_
11:59:03,9.01,13,15096,9.01_9.02_9.03_9.05_9.06_,154_19_16_318_5_,9.00_8.99_8.98_8.97_8.96_,870_122_382_310_255_
11:59:08,9.01,5,15101,9.01_9.02_9.03_9.05_9.06_,149_19_16_318_5_,9.00_8.99_8.98_8.97_8.96_,870_122_382_310_255_
11:59:14,9.01,2,15103,9.01_9.02_9.03_9.05_9.06_,147_19_16_318_5_,9.00_8.99_8.98_8.97_8.96_,870_122_382_310_255_
11:59:19,9.01,10,15113,9.01_9.02_9.03_9.05_9.06_,137_25_16_318_5_,9.00_8.99_8.98_8.97_8.96_,870_122_382_310_255_
11:59:24,9.01,10,15113,9.01_9.02_9.03_9.05_9.06_,143_19_16_318_5_,9.00_8.99_8.98_8.97_8.96_,870_122_382_310_255_
11:59:34,9.01,10,15123,9.01_9.02_9.03_9.05_9.06_,134_19_16_318_5_,9.00_8.99_8.98_8.97_8.96_,871_122_382_310_255_
12:00:15,9.00,24,15211,9.01_9.03_9.05_9.06_9.07_,137_16_318_5_10_,9.00_8.99_8.98_8.97_8.96_,820_119_382_310_255_
12:00:20,9.00,24,15211,9.01_9.03_9.05_9.06_9.07_,138_16_318_5_10_,9.00_8.99_8.98_8.97_8.96_,817_119_382_310_255_
12:01:06,9.01,2,15228,9.01_9.02_9.03_9.05_9.06_,135_6_16_328_5_,9.00_8.99_8.98_8.97_8.96_,818_123_382_310_258_
12:01:12,9.01,2,15228,9.01_9.03_9.05_9.06_9.07_,148_16_328_5_13_,9.00_8.99_8.98_8.97_8.96_,819_124_382_310_258_
12:01:17,9.00,5,15233,9.01_9.03_9.05_9.06_9.07_,149_16_328_5_13_,9.00_8.99_8.98_8.97_8.96_,814_124_382_310_258_
12:03:09,9.01,2,15272,9.01_9.02_9.03_9.05_9.06_,165_10_16_328_5_,9.00_8.99_8.98_8.97_8.96_,849_119_382_310_259_
12:03:30,9.01,77,15468,9.01_9.02_9.03_9.05_9.06_,15_10_16_328_5_,9.00_8.99_8.98_8.97_8.96_,898_119_382_310_259_
12:03:35,9.00,15,15483,9.01_9.02_9.03_9.05_9.06_,15_10_16_328_5_,9.00_8.99_8.98_8.97_8.96_,883_119_382_310_259_
12:03:40,9.01,11,15494,9.01_9.02_9.03_9.05_9.06_,4_10_16_328_5_,9.00_8.99_8.98_8.97_8.96_,882_119_382_310_259_
12:03:45,9.01,6,15500,9.01_9.02_9.03_9.05_9.06_,5_10_16_328_5_,9.00_8.99_8.98_8.97_8.96_,882_123_382_310_259_
12:03:51,9.01,6,15500,9.02_9.03_9.05_9.06_9.07_,10_23_328_5_13_,9.00_8.99_8.98_8.97_8.96_,888_123_383_310_259_
12:03:56,9.00,7,15507,9.01_9.02_9.03_9.05_9.06_,1_10_23_328_5_,9.00_8.99_8.98_8.97_8.96_,882_123_383_344_225_
12:04:16,9.01,5,15520,9.02_9.03_9.05_9.06_9.07_,30_22_328_5_13_,9.01_9.00_8.99_8.98_8.97_,168_741_187_596_256_
12:05:43,9.01,51,15702,9.02_9.03_9.05_9.06_9.07_,61_49_328_5_13_,9.01_9.00_8.99_8.98_8.97_,63_740_187_502_351_
12:06:04,9.01,3,15729,9.02_9.03_9.05_9.06_9.07_,68_44_328_5_13_,9.01_9.00_8.99_8.98_8.97_,40_750_187_502_351_
12:06:09,9.01,40,15769,9.01_9.02_9.03_9.05_9.06_,17_68_44_328_5_,9.00_8.99_8.98_8.97_8.96_,750_187_502_351_23_
12:06:14,9.00,3,15772,9.01_9.02_9.03_9.05_9.06_,28_46_44_328_5_,9.00_8.99_8.98_8.97_8.96_,747_111_384_215_354_
12:07:21,9.00,20,15915,9.01_9.03_9.05_9.06_9.07_,108_37_328_5_23_,9.00_8.99_8.98_8.97_8.96_,613_117_384_215_354_
12:07:26,9.00,26,15941,9.01_9.03_9.05_9.06_9.07_,108_37_158_5_23_,9.00_8.99_8.98_8.97_8.96_,587_117_384_215_354_
12:07:31,9.00,4,15945,9.01_9.03_9.05_9.06_9.07_,114_37_158_5_23_,9.00_8.99_8.98_8.97_8.96_,583_117_384_215_354_
12:07:36,9.00,12,15957,9.01_9.02_9.03_9.05_9.06_,117_6_37_158_5_,9.00_8.99_8.98_8.97_8.96_,578_117_384_215_354_
12:07:42,9.00,12,15957,9.01_9.02_9.03_9.05_9.06_,119_6_35_158_5_,9.00_8.99_8.98_8.97_8.96_,580_117_384_215_354_
12:07:47,9.00,223,16180,9.01_9.02_9.03_9.05_9.06_,119_12_35_158_5_,9.00_8.99_8.98_8.97_8.96_,357_117_384_215_354_
12:07:52,9.00,31,16211,9.01_9.02_9.03_9.05_9.06_,116_12_35_158_5_,9.00_8.99_8.98_8.97_8.96_,326_117_384_215_354_
12:07:57,9.00,79,16290,9.01_9.02_9.03_9.05_9.06_,116_12_35_163_5_,9.00_8.99_8.98_8.97_8.96_,245_117_384_215_354_
12:08:02,9.00,12,16302,9.01_9.02_9.03_9.05_9.06_,130_6_35_163_5_,9.00_8.99_8.98_8.97_8.96_,223_117_384_215_354_
12:08:07,9.00,35,16337,9.01_9.02_9.03_9.05_9.06_,130_6_35_163_5_,9.00_8.99_8.98_8.97_8.96_,187_118_384_215_354_
12:08:12,9.00,2,16339,9.01_9.03_9.05_9.06_9.07_,141_35_163_5_23_,9.00_8.99_8.98_8.97_8.96_,186_117_384_215_354_
12:08:17,9.00,75,16414,9.01_9.03_9.05_9.06_9.07_,141_35_163_5_23_,9.00_8.99_8.98_8.97_8.96_,120_122_384_215_354_
12:08:22,9.00,34,16448,9.01_9.03_9.05_9.06_9.07_,141_35_163_5_23_,9.00_8.99_8.98_8.97_8.96_,86_122_384_215_354_
12:08:28,9.00,7,16455,9.01_9.03_9.05_9.06_9.07_,149_35_163_5_23_,9.00_8.99_8.98_8.97_8.96_,82_122_384_215_354_
12:08:33,9.00,16,16471,9.01_9.03_9.05_9.06_9.07_,149_35_163_5_23_,9.00_8.99_8.98_8.97_8.96_,67_132_384_215_354_
12:08:38,9.00,11,16482,9.01_9.03_9.05_9.06_9.07_,150_35_163_5_23_,9.00_8.99_8.98_8.97_8.96_,59_132_384_215_354_
12:08:43,9.00,20,16502,9.01_9.02_9.03_9.05_9.06_,138_7_35_163_5_,9.00_8.99_8.98_8.97_8.96_,50_132_384_215_354_
12:08:48,9.00,32,16534,9.01_9.02_9.03_9.05_9.06_,138_7_35_163_5_,9.00_8.99_8.98_8.97_8.96_,18_132_384_215_354_
12:08:53,9.00,18,16552,9.01_9.02_9.03_9.05_9.06_,138_7_35_163_5_,9.00_8.99_8.98_8.97_8.96_,12_132_384_215_354_
12:08:58,9.00,12,16564,9.00_9.01_9.03_9.05_9.06_,30_145_35_163_5_,8.99_8.98_8.97_8.96_8.95_,135_384_215_354_82_
12:09:03,8.99,5,16569,9.00_9.01_9.03_9.05_9.06_,176_40_14_163_5_,8.99_8.98_8.97_8.96_8.95_,130_426_20_218_413_
12:09:09,8.99,6,16575,9.00_9.01_9.03_9.05_9.06_,176_40_14_163_5_,8.99_8.98_8.97_8.96_8.95_,125_426_20_218_413_
12:09:14,8.99,6,16575,9.00_9.01_9.03_9.05_9.06_,195_26_14_163_5_,8.99_8.98_8.97_8.96_8.95_,125_426_20_218_413_
12:09:19,9.00,1,16576,9.00_9.01_9.03_9.05_9.06_,215_26_14_163_5_,8.99_8.98_8.97_8.96_8.95_,135_426_20_218_413_
12:09:29,9.00,1,16577,9.00_9.01_9.03_9.05_9.06_,214_26_14_163_5_,8.99_8.98_8.97_8.96_8.95_,135_426_20_218_413_
12:09:34,9.00,1,16577,9.00_9.01_9.03_9.05_9.06_,214_26_14_163_5_,8.99_8.98_8.97_8.96_8.95_,135_426_40_218_413_
12:09:39,9.00,1,16577,9.00_9.01_9.03_9.05_9.06_,214_26_14_163_5_,8.99_8.98_8.97_8.96_8.95_,137_426_40_218_413_
12:09:44,9.00,10,16587,9.00_9.01_9.03_9.05_9.06_,204_26_14_163_5_,8.99_8.98_8.97_8.96_8.95_,140_426_40_218_413_
12:09:50,8.99,12,16599,9.00_9.01_9.03_9.05_9.06_,205_26_14_163_5_,8.99_8.98_8.97_8.96_8.95_,128_429_40_218_413_
12:10:10,8.99,5,16604,9.00_9.01_9.03_9.05_9.06_,234_5_14_163_5_,8.99_8.98_8.97_8.96_8.95_,126_429_43_218_413_
12:11:37,8.99,40,16696,9.00_9.01_9.03_9.05_9.06_,269_11_14_163_5_,8.99_8.98_8.97_8.96_8.95_,162_386_43_316_318_
12:11:42,8.99,40,16696,9.00_9.01_9.03_9.05_9.06_,269_11_14_163_5_,8.99_8.98_8.97_8.96_8.95_,183_386_43_316_318_
12:11:48,8.99,40,16696,9.00_9.01_9.03_9.05_9.06_,269_11_14_163_5_,8.99_8.98_8.97_8.96_8.95_,183_390_43_318_318_
12:11:53,8.99,40,16696,9.00_9.01_9.03_9.05_9.06_,269_11_14_163_5_,8.99_8.98_8.97_8.96_8.95_,183_390_43_320_318_
12:12:13,8.99,48,16776,9.00_9.01_9.03_9.05_9.06_,256_5_14_163_5_,8.99_8.98_8.97_8.96_8.95_,117_390_43_227_423_
12:12:54,8.99,3,16904,9.00_9.01_9.03_9.05_9.06_,265_5_14_43_5_,8.99_8.98_8.97_8.96_8.95_,28_386_40_322_328_
12:12:59,8.99,3,16904,9.00_9.01_9.03_9.05_9.06_,265_5_14_43_5_,8.99_8.98_8.97_8.96_8.95_,31_386_40_322_328_
12:13:05,8.99,7,16911,9.00_9.01_9.03_9.05_9.06_,267_5_14_43_5_,8.99_8.98_8.97_8.96_8.95_,25_386_40_322_328_
12:13:10,8.99,17,16928,9.00_9.01_9.03_9.05_9.06_,267_5_14_43_5_,8.99_8.98_8.97_8.96_8.95_,8_386_40_322_328_
12:13:15,8.99,4,16932,9.00_9.01_9.03_9.05_9.06_,267_11_14_43_5_,8.99_8.98_8.97_8.96_8.95_,6_387_40_322_328_
12:13:20,8.99,4,16932,9.00_9.01_9.03_9.05_9.06_,268_11_14_43_10_,8.99_8.98_8.97_8.96_8.95_,6_387_40_322_328_
12:14:52,8.99,7,16999,9.00_9.01_9.03_9.05_9.06_,287_24_12_49_10_,8.99_8.98_8.97_8.96_8.95_,10_387_42_325_329_
12:14:57,8.99,7,16999,9.00_9.01_9.03_9.05_9.06_,288_24_12_49_10_,8.99_8.98_8.97_8.96_8.95_,14_387_42_325_329_
12:17:11,8.96,65,17573,8.96_8.97_8.98_8.99_9.00_,4_31_209_47_39_,8.95_8.94_8.93_8.92_8.91_,103_14_310_260_19_
12:17:21,8.95,106,17690,8.96_8.97_8.98_8.99_9.00_,230_8_21_20_107_,8.95_8.94_8.93_8.92_8.91_,53_14_20_314_260_
12:17:26,8.95,53,17743,8.95_8.96_8.97_8.98_8.99_,55_233_8_21_20_,8.94_8.93_8.92_8.91_8.90_,15_20_314_260_167_
12:17:37,8.94,9,17763,8.94_8.95_8.96_8.98_8.99_,91_241_4_21_20_,8.93_8.92_8.91_8.90_8.89_,10_27_314_403_102_
12:17:52,8.94,6,17778,8.94_8.95_8.98_8.99_9.00_,328_6_21_20_107_,8.93_8.92_8.91_8.90_8.89_,23_27_20_456_338_
12:18:02,8.93,7,17900,8.94_8.95_8.99_9.00_9.01_,266_27_1_97_5_,8.93_8.92_8.91_8.90_8.89_,18_27_20_456_338_
12:18:43,8.94,22,18005,8.94_8.95_8.99_9.00_9.01_,238_21_1_28_74_,8.93_8.92_8.91_8.90_8.89_,54_61_35_465_338_
12:18:48,8.94,22,18005,8.94_8.95_8.99_9.00_9.01_,243_21_1_28_74_,8.93_8.92_8.91_8.90_8.89_,81_61_51_467_338_
12:18:53,8.93,15,18020,8.94_8.95_8.99_9.00_9.01_,240_27_1_28_74_,8.93_8.92_8.91_8.90_8.89_,77_61_53_467_338_
12:18:59,8.93,7,18027,8.94_8.95_8.99_9.00_9.01_,246_21_1_28_74_,8.93_8.92_8.91_8.90_8.89_,73_61_53_467_338_
12:19:04,8.93,7,18027,8.94_8.99_9.00_9.01_9.03_,267_1_28_74_12_,8.93_8.92_8.91_8.90_8.89_,73_61_53_469_338_
12:19:09,8.93,12,18039,8.94_8.99_9.00_9.01_9.03_,267_1_28_5_81_,8.93_8.92_8.91_8.90_8.89_,67_61_53_474_338_
12:19:14,8.94,5,18044,8.94_8.99_9.00_9.01_9.03_,263_1_28_5_81_,8.93_8.92_8.91_8.90_8.89_,85_61_56_474_338_
12:19:19,8.94,5,18049,8.94_8.99_9.00_9.01_9.03_,258_1_28_5_81_,8.93_8.92_8.91_8.90_8.89_,94_58_64_479_339_
12:19:24,8.94,6,18055,8.94_8.99_9.00_9.01_9.03_,257_1_29_5_81_,8.93_8.92_8.91_8.90_8.89_,94_58_65_479_339_
12:19:29,8.94,21,18076,8.94_8.99_9.00_9.01_9.03_,255_1_29_5_81_,8.93_8.92_8.91_8.90_8.89_,93_58_65_479_339_
12:19:35,8.94,21,18076,8.94_8.99_9.00_9.01_9.03_,255_1_29_5_81_,8.93_8.92_8.91_8.90_8.89_,94_58_65_479_340_
12:19:40,8.94,2,18078,8.94_8.99_9.00_9.01_9.03_,254_1_29_5_81_,8.93_8.92_8.91_8.90_8.89_,94_58_65_479_340_
12:20:05,8.93,13,18124,8.94_8.99_9.00_9.01_9.03_,250_1_29_5_81_,8.93_8.92_8.91_8.90_8.89_,115_57_93_519_340_
12:20:21,8.94,5,18130,8.94_8.99_9.00_9.01_9.03_,245_1_29_5_81_,8.93_8.92_8.91_8.90_8.89_,114_60_97_519_340_
12:20:26,8.94,2,18132,8.94_8.99_9.00_9.01_9.03_,255_1_29_5_81_,8.93_8.92_8.91_8.90_8.89_,123_60_97_519_350_
12:21:22,8.94,5,18276,8.94_8.95_8.99_9.00_9.01_,150_15_1_29_74_,8.93_8.92_8.91_8.90_8.89_,158_57_114_521_350_
12:21:28,8.94,50,18326,8.94_8.95_8.99_9.00_9.01_,107_7_1_29_74_,8.93_8.92_8.91_8.90_8.89_,158_57_114_521_350_
12:21:43,8.94,5,18440,8.95_8.99_9.00_9.01_9.03_,13_1_29_5_81_,8.94_8.93_8.92_8.91_8.90_,24_139_57_404_467_
12:21:48,8.94,5,18440,8.95_8.99_9.00_9.01_9.03_,13_1_29_5_81_,8.94_8.93_8.92_8.91_8.90_,139_122_57_404_487_
12:22:39,8.98,2,18469,8.98_8.99_9.00_9.01_9.03_,19_1_33_5_81_,8.97_8.96_8.95_8.94_8.93_,13_8_28_485_368_
12:23:20,8.98,5,18477,8.98_8.99_9.00_9.01_9.03_,29_8_35_5_81_,8.97_8.96_8.95_8.94_8.93_,18_8_21_485_369_
12:23:26,8.98,5,18477,8.98_8.99_9.00_9.01_9.03_,33_8_35_5_81_,8.97_8.96_8.95_8.94_8.93_,18_8_21_485_369_
12:23:31,8.98,5,18477,8.98_8.99_9.00_9.01_9.03_,40_1_35_5_81_,8.97_8.96_8.95_8.94_8.93_,18_8_66_485_379_
12:23:36,8.97,1,18478,8.98_8.99_9.00_9.01_9.03_,45_1_35_5_81_,8.97_8.96_8.95_8.94_8.93_,17_13_68_485_379_
12:23:41,8.97,1,18478,8.98_8.99_9.00_9.01_9.03_,51_1_35_5_81_,8.97_8.96_8.95_8.94_8.93_,17_13_68_485_379_
12:23:46,8.98,12,18490,8.98_8.99_9.00_9.01_9.03_,41_1_36_5_81_,8.97_8.96_8.95_8.94_8.93_,18_13_69_485_379_
12:26:00,8.97,1,18515,8.98_8.99_9.00_9.01_9.02_,122_24_36_5_76_,8.97_8.96_8.95_8.94_8.93_,45_37_120_485_469_
12:26:10,8.97,1,18516,8.98_8.99_9.00_9.01_9.02_,123_24_36_5_76_,8.97_8.96_8.95_8.94_8.93_,44_37_132_485_474_
12:26:15,8.97,1,18516,8.98_8.99_9.00_9.01_9.02_,123_24_36_5_76_,8.97_8.96_8.95_8.94_8.93_,46_37_132_485_474_
12:26:20,8.97,2,18518,8.98_8.99_9.00_9.01_9.02_,123_24_36_5_76_,8.97_8.96_8.95_8.94_8.93_,44_37_137_485_474_
12:27:01,8.97,9,18530,8.98_8.99_9.00_9.01_9.02_,142_24_36_5_76_,8.97_8.96_8.95_8.94_8.93_,54_42_140_489_474_
12:27:17,8.97,20,18578,8.98_8.99_9.00_9.01_9.02_,142_24_36_5_76_,8.97_8.96_8.95_8.94_8.93_,19_42_140_504_474_
12:27:48,8.97,2,18603,8.98_8.99_9.00_9.01_9.02_,164_30_36_5_76_,8.97_8.96_8.95_8.94_8.93_,20_48_140_505_505_
12:28:29,8.97,2,18658,8.97_8.98_8.99_9.00_9.01_,215_9_24_36_74_,8.96_8.95_8.94_8.93_8.92_,21_140_215_559_313_
12:28:34,8.97,2,18658,8.97_8.98_8.99_9.00_9.01_,216_9_24_36_74_,8.96_8.95_8.94_8.93_8.92_,23_140_215_559_313_
12:28:39,8.97,2,18658,8.97_8.98_8.99_9.00_9.01_,224_1_24_36_74_,8.96_8.95_8.94_8.93_8.92_,24_100_215_559_313_
12:28:54,8.96,2,18660,8.97_8.98_8.99_9.00_9.01_,226_1_24_36_74_,8.96_8.95_8.94_8.93_8.92_,22_100_215_559_313_
12:28:59,8.97,1,18661,8.97_8.98_8.99_9.00_9.01_,234_1_24_36_74_,8.96_8.95_8.94_8.93_8.92_,22_100_215_559_313_
12:29:40,8.96,5,18679,8.97_8.98_8.99_9.00_9.01_,243_1_24_36_74_,8.96_8.95_8.94_8.93_8.92_,6_100_215_559_313_
12:29:51,8.96,5,18679,8.97_8.98_8.99_9.00_9.01_,244_1_24_36_74_,8.96_8.95_8.94_8.93_8.92_,6_111_215_559_313_
12:29:56,8.97,105,18784,8.97_8.98_8.99_9.00_9.01_,143_1_24_36_74_,8.96_8.95_8.94_8.93_8.92_,6_111_215_559_313_
12:31:23,8.97,3,18817,8.97_8.98_8.99_9.00_9.01_,217_1_2_40_74_,8.96_8.95_8.94_8.93_8.92_,129_127_158_554_313_
12:31:28,8.97,3,18817,8.97_8.98_8.99_9.00_9.01_,217_1_2_40_74_,8.96_8.95_8.94_8.93_8.92_,132_127_158_554_313_
12:31:33,8.97,3,18817,8.97_8.98_8.99_9.00_9.01_,218_1_2_40_74_,8.96_8.95_8.94_8.93_8.92_,132_127_158_554_313_
12:31:38,8.97,3,18820,8.97_8.98_8.99_9.00_9.01_,215_1_2_40_74_,8.96_8.95_8.94_8.93_8.92_,132_127_158_554_313_
12:31:43,8.97,3,18820,8.97_8.98_8.99_9.00_9.01_,215_1_2_40_74_,8.96_8.95_8.94_8.93_8.92_,131_124_158_554_313_
12:32:09,8.97,30,18850,8.97_8.98_8.99_9.00_9.01_,206_1_2_40_74_,8.96_8.95_8.94_8.93_8.92_,132_144_158_564_283_
12:34:23,8.96,5,18919,8.97_8.98_8.99_9.00_9.01_,216_1_2_40_75_,8.96_8.95_8.94_8.93_8.92_,143_200_161_663_311_
12:35:04,8.96,4,18927,8.97_8.98_8.99_9.00_9.01_,234_1_2_40_75_,8.96_8.95_8.94_8.93_8.92_,142_207_161_668_311_
12:35:35,8.97,3,18939,8.97_8.98_8.99_9.00_9.01_,233_1_2_45_75_,8.96_8.95_8.94_8.93_8.92_,141_203_161_668_311_
12:35:40,8.97,6,18945,8.97_8.98_8.99_9.00_9.01_,241_1_2_45_75_,8.96_8.95_8.94_8.93_8.92_,160_203_161_668_311_
12:35:45,8.97,6,18945,8.97_8.98_8.99_9.00_9.01_,241_1_2_45_75_,8.96_8.95_8.94_8.93_8.92_,162_203_161_668_311_
12:36:06,8.96,3,18948,8.97_8.98_8.99_9.00_9.01_,244_1_2_45_75_,8.96_8.95_8.94_8.93_8.92_,161_203_164_668_311_
12:37:48,8.97,3,19016,8.97_8.98_8.99_9.00_9.01_,480_20_2_45_75_,8.96_8.95_8.94_8.93_8.92_,140_218_169_676_316_
12:37:53,8.96,3,19019,8.97_8.98_8.99_9.00_9.01_,482_20_2_45_75_,8.96_8.95_8.94_8.93_8.92_,167_218_169_676_316_
12:37:58,8.96,3,19019,8.97_8.98_8.99_9.00_9.01_,482_20_2_45_75_,8.96_8.95_8.94_8.93_8.92_,168_218_169_676_316_
12:38:03,8.96,1,19020,8.97_8.98_8.99_9.00_9.01_,482_20_2_45_75_,8.96_8.95_8.94_8.93_8.92_,167_218_169_676_316_
12:38:09,8.96,4,19024,8.97_8.98_8.99_9.00_9.01_,483_20_2_45_75_,8.96_8.95_8.94_8.93_8.92_,162_218_169_676_316_
12:38:14,8.96,162,19186,8.96_8.97_8.98_8.99_9.00_,38_305_20_2_45_,8.95_8.94_8.93_8.92_8.91_,218_170_676_316_145_
12:38:19,8.96,3,19189,8.96_8.97_8.98_8.99_9.00_,119_228_20_2_114_,8.95_8.94_8.93_8.92_8.91_,221_178_386_370_381_
12:38:34,8.95,3,19196,8.96_8.97_8.98_8.99_9.00_,125_228_20_2_114_,8.95_8.94_8.93_8.92_8.91_,215_179_386_370_392_
12:40:17,8.95,2,19395,8.96_8.98_8.99_9.00_9.01_,269_1_2_45_75_,8.95_8.94_8.93_8.92_8.91_,385_181_395_370_392_
12:40:27,8.95,2,19395,8.96_8.98_8.99_9.00_9.01_,273_1_2_45_75_,8.95_8.94_8.93_8.92_8.91_,388_181_395_370_392_
12:40:32,8.96,3,19398,8.96_8.98_8.99_9.00_9.01_,276_1_2_45_75_,8.95_8.94_8.93_8.92_8.91_,388_181_393_370_392_
12:40:42,8.96,2,19400,8.96_8.98_8.99_9.00_9.01_,274_1_2_45_75_,8.95_8.94_8.93_8.92_8.91_,389_180_393_370_392_
12:40:47,8.95,8,19408,8.96_8.98_8.99_9.00_9.01_,281_1_2_45_75_,8.95_8.94_8.93_8.92_8.91_,389_180_393_370_392_
12:40:53,8.95,8,19408,8.96_8.98_8.99_9.00_9.01_,285_1_2_45_75_,8.95_8.94_8.93_8.92_8.91_,390_180_393_370_392_
12:41:08,8.96,2,19440,8.96_8.98_8.99_9.00_9.01_,260_1_2_114_6_,8.95_8.94_8.93_8.92_8.91_,390_180_393_370_392_
12:41:13,8.96,2,19440,8.96_8.98_8.99_9.00_9.01_,260_1_2_45_75_,8.95_8.94_8.93_8.92_8.91_,418_180_393_370_392_
12:41:18,8.96,2,19440,8.96_8.98_8.99_9.00_9.01_,261_1_2_45_75_,8.95_8.94_8.93_8.92_8.91_,425_180_393_370_392_
12:41:23,8.96,2,19440,8.96_8.98_8.99_9.00_9.01_,266_1_2_45_75_,8.95_8.94_8.93_8.92_8.91_,425_180_393_370_392_
12:41:28,8.96,3,19443,8.96_8.98_8.99_9.00_9.01_,263_1_2_45_75_,8.95_8.94_8.93_8.92_8.91_,426_182_393_370_392_
12:41:33,8.96,200,19643,8.96_8.98_8.99_9.00_9.01_,70_1_2_45_75_,8.95_8.94_8.93_8.92_8.91_,426_182_393_370_392_
12:41:39,8.96,200,19643,8.96_8.97_8.98_8.99_9.00_,67_3_1_2_45_,8.95_8.94_8.93_8.92_8.91_,427_182_393_370_392_
12:41:44,8.96,12,19655,8.96_8.97_8.98_8.99_9.00_,55_3_1_2_114_,8.95_8.94_8.93_8.92_8.91_,428_182_393_370_392_
12:42:30,8.97,4,19732,8.98_8.99_9.00_9.01_9.02_,5_2_45_6_77_,8.97_8.96_8.95_8.94_8.93_,2_136_352_471_629_
12:42:35,8.98,5,19737,8.99_9.00_9.01_9.02_9.03_,17_45_6_77_19_,8.98_8.97_8.96_8.95_8.94_,5_66_136_352_471_
12:43:16,8.98,5,19737,8.99_9.00_9.01_9.02_9.03_,33_52_6_8_88_,8.98_8.97_8.96_8.95_8.94_,42_67_128_640_408_
12:43:21,8.98,5,19737,8.99_9.00_9.01_9.02_9.03_,39_58_6_8_88_,8.98_8.97_8.96_8.95_8.94_,42_67_128_641_408_
12:44:07,8.98,1,19784,8.99_9.00_9.01_9.02_9.03_,66_45_6_8_79_,8.98_8.97_8.96_8.95_8.94_,2_80_113_661_408_
12:44:18,8.98,1,19785,8.99_9.00_9.01_9.02_9.03_,66_45_6_8_79_,8.98_8.97_8.96_8.95_8.94_,2_80_113_661_408_
12:44:23,8.98,2,19787,8.99_9.00_9.01_9.02_9.03_,70_45_6_8_79_,8.97_8.96_8.95_8.94_8.93_,80_114_661_408_393_
12:45:19,8.97,8,19810,8.98_8.99_9.00_9.01_9.02_,96_17_45_6_77_,8.97_8.96_8.95_8.94_8.93_,70_121_390_462_629_
12:45:24,8.98,50,19860,8.98_8.99_9.00_9.01_9.02_,60_17_45_6_77_,8.97_8.96_8.95_8.94_8.93_,80_121_390_462_629_
12:46:10,8.97,4,19917,8.98_8.99_9.00_9.01_9.02_,90_24_45_6_77_,8.97_8.96_8.95_8.94_8.93_,39_122_390_462_629_
12:46:36,8.97,1,19922,8.98_8.99_9.00_9.01_9.02_,109_17_45_6_77_,8.97_8.96_8.95_8.94_8.93_,40_122_390_462_629_
12:46:41,8.97,1,19922,8.98_8.99_9.00_9.01_9.02_,109_17_45_6_77_,8.97_8.96_8.95_8.94_8.93_,40_122_390_465_629_
12:46:46,8.97,15,19937,8.98_8.99_9.00_9.01_9.02_,109_17_45_6_77_,8.97_8.96_8.95_8.94_8.93_,26_122_390_465_629_
12:46:52,8.97,15,19937,8.98_8.99_9.00_9.01_9.02_,109_17_45_6_77_,8.97_8.96_8.95_8.94_8.93_,26_122_391_465_629_
12:47:07,8.97,1,19939,8.98_8.99_9.00_9.01_9.02_,130_17_45_6_77_,8.97_8.96_8.95_8.94_8.93_,25_122_394_465_629_
12:47:48,8.97,2,19955,8.98_8.99_9.00_9.01_9.02_,144_17_45_6_77_,8.97_8.96_8.95_8.94_8.93_,16_124_394_465_639_
12:49:15,8.97,3,19977,8.98_8.99_9.00_9.01_9.02_,186_17_45_50_111_,8.97_8.96_8.95_8.94_8.93_,37_144_412_439_655_
12:49:36,8.97,4,19981,8.98_8.99_9.00_9.01_9.02_,208_17_61_50_111_,8.97_8.96_8.95_8.94_8.93_,34_144_412_439_655_
12:49:41,8.97,1,19982,8.98_8.99_9.00_9.01_9.02_,208_17_61_50_111_,8.97_8.96_8.95_8.94_8.93_,33_144_412_439_655_
12:49:46,8.97,1,19982,8.98_8.99_9.00_9.01_9.02_,204_17_61_50_111_,8.97_8.96_8.95_8.94_8.93_,33_144_412_439_655_
12:49:51,8.97,1,19982,8.98_8.99_9.00_9.01_9.02_,218_17_61_50_111_,8.97_8.96_8.95_8.94_8.93_,33_139_412_439_655_
12:49:56,8.97,4,19986,8.98_8.99_9.00_9.01_9.02_,218_17_61_50_111_,8.97_8.96_8.95_8.94_8.93_,29_139_412_439_655_
12:50:01,8.97,4,19986,8.98_9.00_9.01_9.02_9.03_,235_61_50_111_54_,8.97_8.96_8.95_8.94_8.93_,32_139_412_439_655_
12:50:06,8.97,32,20018,8.97_8.98_9.00_9.01_9.02_,93_235_61_50_42_,8.96_8.95_8.94_8.93_8.92_,139_412_439_655_95_
12:50:11,8.96,2,20020,8.97_8.98_9.00_9.01_9.02_,151_176_75_50_111_,8.96_8.95_8.94_8.93_8.92_,137_412_149_709_331_
12:50:37,8.97,3,20133,8.97_8.98_9.00_9.01_9.02_,226_17_75_50_111_,8.96_8.95_8.94_8.93_8.92_,124_417_149_709_331_
12:51:23,8.97,16,20376,8.97_9.00_9.01_9.02_9.03_,31_75_50_45_123_,8.96_8.95_8.94_8.93_8.92_,143_417_149_706_331_
12:51:28,8.97,16,20376,8.97_9.00_9.01_9.02_9.03_,31_75_50_45_123_,8.96_8.95_8.94_8.93_8.92_,144_417_149_706_331_
12:52:09,8.96,10,20400,8.97_8.98_9.00_9.01_9.02_,69_11_75_50_114_,8.96_8.95_8.94_8.93_8.92_,137_423_149_706_331_
12:52:25,8.96,10,20400,8.97_8.98_9.00_9.01_9.02_,80_8_75_50_114_,8.96_8.95_8.94_8.93_8.92_,144_423_149_706_331_
12:52:30,8.96,10,20400,8.97_8.98_9.00_9.01_9.02_,94_8_75_50_114_,8.96_8.95_8.94_8.93_8.92_,144_423_150_706_331_
12:52:35,8.97,4,20404,8.97_8.98_9.00_9.01_9.02_,90_8_75_50_114_,8.96_8.95_8.94_8.93_8.92_,140_423_150_709_331_
12:52:40,8.97,4,20404,8.97_8.98_9.00_9.01_9.02_,90_28_75_50_114_,8.96_8.95_8.94_8.93_8.92_,140_423_150_712_331_
12:52:45,8.97,2,20406,8.97_8.98_9.00_9.01_9.02_,88_28_75_50_114_,8.96_8.95_8.94_8.93_8.92_,140_423_150_712_331_
12:53:16,8.97,1,20511,8.98_9.00_9.01_9.02_9.03_,46_61_50_45_123_,8.97_8.96_8.95_8.94_8.93_,50_146_423_440_658_
12:53:21,8.98,5,20516,8.98_9.00_9.01_9.02_9.03_,41_61_50_45_123_,8.97_8.96_8.95_8.94_8.93_,70_148_423_440_658_
12:53:26,8.98,5,20516,8.98_9.00_9.01_9.02_9.03_,46_61_50_45_123_,8.97_8.96_8.95_8.94_8.93_,70_162_423_440_658_
12:53:32,8.98,5,20516,8.98_9.00_9.01_9.02_9.03_,53_61_50_45_123_,8.97_8.96_8.95_8.94_8.93_,70_162_423_440_658_
12:53:37,8.97,1,20517,8.98_9.00_9.01_9.02_9.03_,53_61_50_45_123_,8.97_8.96_8.95_8.94_8.93_,69_162_423_440_658_
12:53:42,8.97,1,20517,8.98_9.00_9.01_9.02_9.03_,53_61_50_45_123_,8.97_8.96_8.95_8.94_8.93_,69_187_398_440_658_
12:53:47,8.97,1,20517,8.98_9.00_9.01_9.02_9.03_,53_61_50_48_123_,8.97_8.96_8.95_8.94_8.93_,71_187_398_440_658_
12:53:52,8.97,1,20517,8.98_9.00_9.01_9.02_9.03_,53_61_50_48_123_,8.97_8.96_8.95_8.94_8.93_,71_187_398_450_658_
12:53:57,8.97,1,20517,8.98_9.00_9.01_9.02_9.03_,57_61_50_48_123_,8.97_8.96_8.95_8.94_8.93_,71_187_398_450_658_
12:54:02,8.97,1,20518,8.98_9.00_9.01_9.02_9.03_,69_61_50_48_123_,8.97_8.96_8.95_8.94_8.93_,71_187_398_450_658_
12:54:07,8.97,1,20518,8.98_9.00_9.01_9.02_9.03_,69_61_50_48_123_,8.97_8.96_8.95_8.94_8.93_,74_197_398_450_658_
12:55:24,8.97,5,20532,8.98_9.00_9.01_9.02_9.03_,167_61_50_48_123_,8.97_8.96_8.95_8.94_8.93_,90_185_387_455_658_
12:55:35,8.97,1,20533,8.98_9.00_9.01_9.02_9.03_,180_61_50_48_123_,8.97_8.96_8.95_8.94_8.93_,106_171_387_458_658_
12:56:00,8.98,3,20536,8.98_9.00_9.01_9.02_9.03_,207_72_50_48_123_,8.97_8.96_8.95_8.94_8.93_,105_171_387_458_658_
12:56:05,8.98,3,20536,8.98_9.00_9.01_9.02_9.03_,207_72_50_48_123_,8.97_8.96_8.95_8.94_8.93_,105_171_389_458_658_
12:56:16,8.97,1,20537,8.98_9.00_9.01_9.02_9.03_,157_72_50_48_123_,8.97_8.96_8.95_8.94_8.93_,104_171_389_458_658_
12:57:12,8.97,16,20555,8.98_8.99_9.00_9.01_9.02_,181_7_132_50_117_,8.97_8.96_8.95_8.94_8.93_,136_172_390_458_658_
12:57:17,8.97,9,20564,8.98_9.00_9.01_9.02_9.03_,184_130_50_117_54_,8.97_8.96_8.95_8.94_8.93_,138_172_390_458_658_
12:57:22,8.97,6,20570,8.98_9.00_9.01_9.02_9.03_,184_130_50_48_123_,8.97_8.96_8.95_8.94_8.93_,132_172_390_458_658_
12:57:27,8.97,6,20570,8.98_9.00_9.01_9.02_9.03_,184_130_50_48_123_,8.97_8.96_8.95_8.94_8.93_,242_186_390_458_658_
12:57:33,8.97,6,20570,8.98_9.00_9.01_9.02_9.03_,200_130_50_48_123_,8.97_8.96_8.95_8.94_8.93_,242_186_390_458_658_
12:57:43,8.97,1,20571,8.98_9.00_9.01_9.02_9.03_,200_130_50_48_123_,8.97_8.96_8.95_8.94_8.93_,241_186_390_458_658_
12:58:03,8.97,1,20580,8.98_9.00_9.01_9.02_9.03_,200_130_50_48_123_,8.97_8.96_8.95_8.94_8.93_,235_186_390_458_658_
12:58:13,8.97,1,20580,8.98_9.00_9.01_9.02_9.03_,200_130_50_48_123_,8.97_8.96_8.95_8.94_8.93_,239_186_390_458_658_
12:58:24,8.97,11,20591,8.98_9.00_9.01_9.02_9.03_,193_130_50_48_123_,8.97_8.96_8.95_8.94_8.93_,235_186_390_458_659_
12:58:29,8.97,1,20592,8.98_9.00_9.01_9.02_9.03_,193_130_50_48_123_,8.97_8.96_8.95_8.94_8.93_,234_186_390_458_659_
12:58:34,8.97,1,20592,8.98_9.00_9.01_9.02_9.03_,214_130_50_48_123_,8.97_8.96_8.95_8.94_8.93_,234_186_390_458_659_
12:59:51,8.97,1,20621,8.98_9.00_9.01_9.02_9.03_,231_130_50_48_123_,8.97_8.96_8.95_8.94_8.93_,224_181_391_463_659_
13:00:01,8.98,1,20627,8.98_8.99_9.00_9.01_9.02_,230_17_130_50_117_,8.97_8.96_8.95_8.94_8.93_,219_181_391_463_659_
13:00:11,8.98,5,20632,8.98_8.99_9.00_9.01_9.02_,247_17_130_50_117_,8.97_8.96_8.95_8.94_8.93_,219_184_391_473_659_
13:00:16,8.98,5,20632,8.98_8.99_9.00_9.01_9.02_,248_17_130_50_117_,8.97_8.96_8.95_8.94_8.93_,221_184_391_473_659_
13:00:22,8.98,5,20632,8.98_8.99_9.00_9.01_9.02_,248_17_130_50_117_,8.97_8.96_8.95_8.94_8.93_,221_181_391_473_659_
13:00:27,8.97,5,20637,8.98_8.99_9.00_9.01_9.02_,248_17_130_50_117_,8.97_8.96_8.95_8.94_8.93_,216_181_391_473_659_
13:00:42,8.97,5,20637,8.98_8.99_9.00_9.01_9.02_,248_17_130_50_117_,8.97_8.96_8.95_8.94_8.93_,225_181_391_473_659_
13:00:47,8.97,1,20638,8.98_8.99_9.00_9.01_9.02_,248_17_130_50_117_,8.97_8.96_8.95_8.94_8.93_,224_182_391_473_659_
13:00:52,8.97,4,20642,8.98_8.99_9.00_9.01_9.02_,248_17_130_50_117_,8.97_8.96_8.95_8.94_8.93_,220_182_391_473_659_
13:00:57,8.97,4,20642,8.98_8.99_9.00_9.01_9.02_,248_17_130_50_117_,8.97_8.96_8.95_8.94_8.93_,220_182_393_473_659_
13:02:04,8.98,5,20680,8.98_8.99_9.00_9.01_9.02_,296_17_130_50_117_,8.97_8.96_8.95_8.94_8.93_,203_190_390_473_659_
13:03:37,8.98,2,20732,8.98_8.99_9.00_9.01_9.02_,312_17_130_50_117_,8.97_8.96_8.95_8.94_8.93_,237_181_415_474_659_
13:03:42,8.97,7,20739,8.98_8.99_9.00_9.01_9.02_,312_17_130_50_117_,8.97_8.96_8.95_8.94_8.93_,230_181_415_474_659_
13:03:47,8.97,7,20739,8.98_8.99_9.00_9.01_9.02_,312_23_130_50_117_,8.97_8.96_8.95_8.94_8.93_,231_181_415_474_659_
13:05:09,8.96,100,21359,8.96_8.97_8.98_8.99_9.00_,200_2_3_14_214_,8.95_8.94_8.93_8.92_8.91_,412_193_423_385_412_
13:06:11,8.95,5,21615,8.96_8.97_8.98_8.99_9.00_,97_8_2_14_203_,8.95_8.94_8.93_8.92_8.91_,491_193_423_385_412_
13:06:21,8.95,6,21621,8.96_8.97_8.98_8.99_9.00_,77_8_2_14_203_,8.95_8.94_8.93_8.92_8.91_,490_193_423_385_412_
13:06:31,8.96,32,21721,8.97_8.98_9.00_9.01_9.02_,10_2_134_119_45_,8.96_8.95_8.94_8.93_8.92_,4_509_198_713_331_
13:06:36,8.95,10,21731,8.97_8.98_9.00_9.01_9.02_,10_2_134_50_114_,8.95_8.94_8.93_8.92_8.91_,502_198_713_331_174_
13:06:42,8.95,10,21741,8.96_8.97_8.98_9.00_9.01_,1_15_2_134_50_,8.95_8.94_8.93_8.92_8.91_,496_198_713_129_365_
13:07:07,8.96,5,21770,8.96_8.97_8.98_8.99_9.00_,2_35_2_14_203_,8.95_8.94_8.93_8.92_8.91_,498_198_423_385_413_
13:09:41,8.97,4,21896,8.97_8.98_9.00_9.01_9.02_,85_7_134_50_114_,8.96_8.95_8.94_8.93_8.92_,181_473_203_668_321_
13:10:17,8.97,1,21989,8.98_9.00_9.01_9.02_9.03_,58_70_50_45_123_,8.97_8.96_8.95_8.94_8.93_,133_209_419_490_604_
13:10:27,8.97,1,21994,8.98_9.00_9.01_9.02_9.03_,54_70_50_45_123_,8.97_8.96_8.95_8.94_8.93_,150_192_408_490_604_
13:10:32,8.97,1,21994,8.98_9.00_9.01_9.02_9.03_,55_70_50_45_123_,8.97_8.96_8.95_8.94_8.93_,152_192_408_490_604_
13:10:43,8.97,1,21994,8.98_9.00_9.01_9.02_9.03_,74_70_50_45_123_,8.97_8.96_8.95_8.94_8.93_,152_192_408_490_604_
13:10:58,8.97,11,22008,8.98_9.00_9.01_9.02_9.03_,83_70_50_45_123_,8.97_8.96_8.95_8.94_8.93_,140_152_408_490_604_
13:11:49,8.97,133,22153,8.98_9.00_9.01_9.02_9.03_,105_69_50_45_123_,8.97_8.96_8.95_8.94_8.93_,7_152_400_490_604_
13:11:54,8.97,133,22153,8.98_9.00_9.01_9.02_9.03_,109_69_50_45_123_,8.97_8.96_8.95_8.94_8.93_,25_152_400_490_604_
13:11:59,8.97,25,22178,8.97_8.98_9.00_9.01_9.02_,3_109_69_50_45_,8.96_8.95_8.94_8.93_8.92_,152_400_490_604_71_
13:12:05,8.97,25,22178,8.97_8.98_8.99_9.00_9.01_,25_45_7_69_36_,8.96_8.95_8.94_8.93_8.92_,141_386_186_644_307_
13:12:10,8.97,25,22178,8.97_8.98_8.99_9.00_9.01_,25_98_7_69_105_,8.96_8.95_8.94_8.93_8.92_,141_386_186_644_307_
13:13:01,8.97,5,22319,8.97_8.98_8.99_9.00_9.01_,5_19_7_74_105_,8.96_8.95_8.94_8.93_8.92_,53_386_188_644_307_
13:14:28,8.97,20,22513,8.97_8.98_8.99_9.00_9.01_,15_49_12_74_107_,8.96_8.95_8.94_8.93_8.92_,58_413_188_654_312_
13:14:34,8.97,7,22520,8.97_8.98_8.99_9.00_9.01_,8_49_12_74_107_,8.96_8.95_8.94_8.93_8.92_,58_413_188_654_312_
13:14:39,8.97,7,22520,8.97_8.98_8.99_9.00_9.01_,8_49_12_74_107_,8.96_8.95_8.94_8.93_8.92_,58_413_188_654_284_
13:14:44,8.97,21,22541,8.97_8.98_8.99_9.00_9.01_,44_6_12_74_107_,8.96_8.95_8.94_8.93_8.92_,58_413_188_654_284_
13:14:49,8.97,1,22542,8.97_8.99_9.00_9.01_9.02_,49_12_74_107_31_,8.96_8.95_8.94_8.93_8.92_,58_416_188_655_284_
13:14:54,8.96,10,22552,8.97_8.99_9.00_9.01_9.02_,55_12_74_38_100_,8.96_8.95_8.94_8.93_8.92_,90_416_188_660_284_
13:15:04,8.96,10,22552,8.97_8.99_9.00_9.01_9.02_,57_12_74_38_100_,8.96_8.95_8.94_8.93_8.92_,90_416_188_660_284_
13:15:09,8.97,57,22609,8.99_9.00_9.01_9.02_9.03_,12_74_38_100_40_,8.97_8.96_8.95_8.94_8.93_,43_92_416_188_660_
13:15:40,8.97,23,22634,8.98_8.99_9.00_9.01_9.02_,10_26_81_38_100_,8.97_8.96_8.95_8.94_8.93_,30_145_413_478_606_
13:15:56,8.98,2,22638,8.98_8.99_9.00_9.01_9.02_,56_29_74_38_100_,8.97_8.96_8.95_8.94_8.93_,64_106_413_478_606_
13:16:01,8.98,2,22638,8.98_8.99_9.00_9.01_9.02_,56_29_74_38_100_,8.97_8.96_8.95_8.94_8.93_,69_106_413_478_606_
13:16:11,8.97,1,22639,8.98_8.99_9.00_9.01_9.02_,76_29_74_38_100_,8.97_8.96_8.95_8.94_8.93_,68_107_413_478_606_
13:16:16,8.97,1,22639,8.98_8.99_9.00_9.01_9.02_,77_29_74_38_100_,8.97_8.96_8.95_8.94_8.93_,68_107_413_478_606_
13:16:21,8.97,1,22640,8.98_8.99_9.00_9.01_9.02_,83_29_74_38_100_,8.97_8.96_8.95_8.94_8.93_,71_104_413_478_606_
13:16:32,8.97,5,22645,8.98_8.99_9.00_9.01_9.02_,87_29_74_38_100_,8.97_8.96_8.95_8.94_8.93_,88_104_413_478_606_
13:16:37,8.98,20,22665,8.98_8.99_9.00_9.01_9.02_,77_29_79_38_100_,8.97_8.96_8.95_8.94_8.93_,88_104_418_478_606_
13:17:13,8.98,20,22691,8.98_8.99_9.00_9.01_9.02_,105_29_79_38_100_,8.97_8.96_8.95_8.94_8.93_,86_104_420_478_606_
13:17:18,8.98,20,22691,8.98_8.99_9.00_9.01_9.02_,114_29_79_38_100_,8.97_8.96_8.95_8.94_8.93_,87_112_430_478_606_
13:17:23,8.97,3,22694,8.98_8.99_9.00_9.01_9.02_,118_29_79_38_100_,8.97_8.96_8.95_8.94_8.93_,84_112_430_478_606_
13:17:28,8.97,3,22694,8.98_8.99_9.00_9.01_9.02_,118_29_79_38_100_,8.97_8.96_8.95_8.94_8.93_,84_114_430_478_606_
13:17:33,8.97,1,22695,8.98_8.99_9.00_9.01_9.02_,118_29_79_38_100_,8.97_8.96_8.95_8.94_8.93_,83_114_430_478_606_
13:17:38,8.97,1,22695,8.98_8.99_9.00_9.01_9.02_,118_29_79_38_100_,8.97_8.96_8.95_8.94_8.93_,83_114_433_478_606_
13:17:54,8.97,16,22711,8.98_8.99_9.00_9.01_9.02_,142_36_79_38_100_,8.97_8.96_8.95_8.94_8.93_,70_116_433_478_618_
13:18:14,8.97,1,22712,8.98_8.99_9.00_9.01_9.02_,158_36_79_38_100_,8.97_8.96_8.95_8.94_8.93_,66_111_433_473_618_
13:18:19,8.97,1,22712,8.98_8.99_9.00_9.01_9.02_,165_29_79_38_100_,8.97_8.96_8.95_8.94_8.93_,68_111_433_473_618_
13:18:24,8.97,1,22712,8.98_8.99_9.00_9.01_9.02_,169_29_79_38_100_,8.97_8.96_8.95_8.94_8.93_,69_111_435_473_618_
13:18:29,8.97,1,22712,8.98_8.99_9.00_9.01_9.02_,169_29_79_38_100_,8.97_8.96_8.95_8.94_8.93_,70_111_435_473_618_
13:18:35,8.97,1,22712,8.98_8.99_9.00_9.01_9.02_,169_29_79_31_100_,8.97_8.96_8.95_8.94_8.93_,70_111_435_473_618_
13:18:40,8.97,10,22722,8.98_8.99_9.00_9.01_9.02_,169_29_79_31_100_,8.97_8.96_8.95_8.94_8.93_,60_111_437_473_618_
13:18:45,8.97,10,22722,8.98_8.99_9.00_9.01_9.02_,186_29_79_31_100_,8.97_8.96_8.95_8.94_8.93_,60_111_437_473_618_
13:19:46,8.97,10,22758,8.98_8.99_9.00_9.01_9.02_,247_12_79_31_100_,8.97_8.96_8.95_8.94_8.93_,147_111_432_472_618_
13:20:27,8.97,7,22773,8.98_8.99_9.00_9.01_9.02_,248_12_84_31_100_,8.97_8.96_8.95_8.94_8.93_,157_111_442_467_618_
13:20:38,8.97,1,22774,8.98_8.99_9.00_9.01_9.02_,248_12_84_31_100_,8.97_8.96_8.95_8.94_8.93_,156_111_442_467_618_
13:20:43,8.97,20,22794,8.98_8.99_9.00_9.01_9.02_,248_12_84_31_100_,8.97_8.96_8.95_8.94_8.93_,136_111_442_467_618_
13:20:53,8.97,7,22802,8.98_8.99_9.00_9.01_9.02_,247_12_84_31_100_,8.97_8.96_8.95_8.94_8.93_,131_111_442_467_618_
13:21:19,8.98,10,22829,8.98_8.99_9.00_9.01_9.02_,220_20_84_50_100_,8.97_8.96_8.95_8.94_8.93_,131_111_440_467_618_
13:21:24,8.97,8,22837,8.98_8.99_9.00_9.01_9.02_,220_20_84_50_100_,8.97_8.96_8.95_8.94_8.93_,135_121_440_465_618_
13:21:39,8.97,20,22857,8.98_8.99_9.00_9.01_9.02_,220_20_84_50_100_,8.97_8.96_8.95_8.94_8.93_,117_121_439_473_618_
13:21:44,8.97,7,22864,8.98_8.99_9.00_9.01_9.02_,220_20_84_50_100_,8.97_8.96_8.95_8.94_8.93_,110_121_439_473_618_
13:21:49,8.97,2,22866,8.98_8.99_9.00_9.01_9.02_,220_20_84_50_100_,8.97_8.96_8.95_8.94_8.93_,109_121_439_473_618_
13:21:55,8.97,8,22874,8.98_8.99_9.00_9.01_9.02_,220_20_84_50_100_,8.97_8.96_8.95_8.94_8.93_,101_121_439_473_618_
13:22:00,8.97,12,22886,8.98_8.99_9.00_9.01_9.02_,220_20_84_50_100_,8.97_8.96_8.95_8.94_8.93_,89_121_439_473_618_
13:22:05,8.97,12,22886,8.98_8.99_9.00_9.01_9.02_,220_20_84_50_100_,8.97_8.96_8.95_8.94_8.93_,189_121_439_473_618_
13:22:15,8.97,6,22895,8.98_8.99_9.00_9.01_9.02_,204_20_84_50_100_,8.97_8.96_8.95_8.94_8.93_,185_121_439_473_618_
13:22:46,8.97,8,22932,8.98_8.99_9.00_9.01_9.02_,178_20_84_50_145_,8.97_8.96_8.95_8.94_8.93_,160_221_434_472_669_
13:25:11,8.97,5,23229,8.97_8.98_8.99_9.00_9.01_,1_13_6_68_50_,8.95_8.94_8.93_8.92_8.91_,255_475_673_48_171_
13:25:16,8.97,5,23229,8.97_8.98_8.99_9.00_9.01_,1_13_6_68_50_,8.95_8.94_8.93_8.92_8.91_,309_475_673_48_215_
13:25:21,8.97,5,23229,8.97_8.98_8.99_9.00_9.01_,2_13_6_68_50_,8.94_8.93_8.92_8.91_8.90_,37_673_48_215_385_
13:25:26,8.97,5,23229,8.97_8.98_8.99_9.00_9.01_,2_13_6_68_50_,8.94_8.93_8.92_8.91_8.90_,12_673_48_273_385_
13:25:32,8.97,5,23229,8.97_8.98_8.99_9.00_9.01_,2_13_6_68_50_,8.94_8.93_8.92_8.91_8.90_,16_673_48_273_385_
13:26:38,8.97,5,23229,8.97_8.98_8.99_9.00_9.01_,2_8_11_68_50_,8.93_8.92_8.91_8.90_8.89_,363_53_289_387_114_
13:26:43,8.97,5,23229,8.97_8.98_8.99_9.00_9.01_,2_8_11_68_50_,8.93_8.92_8.91_8.90_8.89_,364_53_289_387_114_
13:26:48,8.97,5,23229,8.97_8.98_8.99_9.00_9.01_,2_8_11_68_50_,8.93_8.92_8.91_8.90_8.89_,368_53_289_387_114_
13:26:54,8.97,5,23229,8.97_8.98_8.99_9.00_9.01_,1_8_11_68_50_,8.93_8.92_8.91_8.90_8.89_,370_53_289_387_114_
13:26:59,8.97,5,23229,8.97_8.98_8.99_9.00_9.01_,1_8_11_68_50_,8.93_8.92_8.91_8.90_8.89_,298_53_289_387_114_
13:27:04,8.97,5,23229,8.97_8.98_8.99_9.00_9.01_,1_8_11_68_50_,8.93_8.92_8.91_8.90_8.89_,305_53_289_387_114_
13:27:35,8.97,5,23229,8.97_8.98_8.99_9.00_9.01_,1_8_11_68_50_,8.93_8.92_8.91_8.90_8.89_,589_53_289_387_114_
13:28:05,8.97,5,23229,8.97_8.98_8.99_9.00_9.01_,1_8_11_68_50_,8.93_8.92_8.91_8.90_8.89_,669_53_289_387_114_
13:28:36,8.97,5,23229,8.97_8.98_8.99_9.00_9.01_,1_8_11_68_50_,8.94_8.93_8.92_8.91_8.90_,13_720_51_289_387_
13:28:51,8.97,5,23229,8.97_8.98_8.99_9.00_9.01_,1_8_11_68_50_,8.93_8.92_8.91_8.90_8.89_,698_51_289_387_114_
13:28:57,8.97,5,23229,8.97_8.98_8.99_9.00_9.01_,31_8_11_68_50_,8.93_8.92_8.91_8.90_8.89_,707_51_289_377_114_
13:29:02,8.97,5,23229,8.97_8.98_8.99_9.00_9.01_,32_8_11_130_112_,8.94_8.93_8.92_8.91_8.90_,172_778_113_351_439_
13:29:07,8.97,5,23229,8.97_8.98_8.99_9.00_9.01_,32_8_11_130_112_,8.94_8.93_8.92_8.91_8.90_,174_778_113_351_439_
13:29:12,8.97,5,23229,8.97_8.98_8.99_9.00_9.01_,32_8_11_130_112_,8.94_8.93_8.92_8.91_8.90_,170_778_113_351_439_
13:29:17,8.97,5,23229,8.97_8.98_8.99_9.00_9.01_,32_8_11_130_112_,8.94_8.93_8.92_8.91_8.90_,171_778_113_351_439_
13:29:22,8.97,5,23229,8.97_8.98_8.99_9.00_9.01_,32_8_11_130_112_,8.94_8.93_8.92_8.91_8.90_,156_778_113_351_439_
13:29:27,8.97,5,23229,8.97_8.98_8.99_9.00_9.01_,32_28_11_130_112_,8.94_8.93_8.92_8.91_8.90_,152_788_116_351_439_
13:29:32,8.97,5,23229,8.97_8.98_8.99_9.00_9.01_,32_28_11_130_112_,8.94_8.93_8.92_8.91_8.90_,161_788_116_351_439_
13:30:00,8.94,2347,25576,8.97_8.98_8.99_9.00_9.01_,32_254_11_130_112_,8.94_8.93_8.92_8.91_8.90_,415_790_116_351_439_
