09:00:16,14.10,36,36,14.15_14.20_14.25_14.30_14.35_,8_13_19_30_25_,14.10_14.05_14.00_13.95_13.90_,22_3_37_11_75_
09:00:27,14.10,23,59,14.10_14.15_14.20_14.25_14.30_,27_8_13_19_30_,14.05_14.00_13.95_13.90_13.85_,4_37_11_75_41_
09:00:32,14.10,1,60,14.10_14.15_14.20_14.25_14.30_,26_8_13_19_30_,14.05_14.00_13.95_13.90_13.85_,6_37_11_75_41_
09:00:37,14.10,1,60,14.10_14.15_14.20_14.25_14.30_,26_8_13_19_30_,14.05_14.00_13.95_13.90_13.85_,5_37_11_75_41_
09:00:47,14.00,7,67,14.10_14.15_14.20_14.25_14.30_,26_8_13_19_40_,14.00_13.95_13.90_13.85_13.80_,34_11_76_41_84_
09:01:38,14.00,7,67,14.05_14.10_14.15_14.20_14.25_,4_26_8_13_19_,14.00_13.95_13.90_13.85_13.80_,36_12_75_41_86_
09:02:35,14.00,7,67,14.05_14.10_14.15_14.20_14.25_,2_26_8_13_19_,14.00_13.95_13.90_13.85_13.80_,36_14_75_41_86_
09:02:55,14.05,2,69,14.10_14.15_14.20_14.25_14.30_,26_8_13_19_50_,14.05_14.00_13.95_13.90_13.85_,16_36_14_75_41_
09:03:00,14.05,7,76,14.10_14.15_14.20_14.25_14.30_,26_8_16_19_50_,14.05_14.00_13.95_13.90_13.85_,12_35_47_75_41_
09:03:05,14.05,7,76,14.10_14.15_14.20_14.25_14.30_,26_8_16_19_50_,14.05_14.00_13.95_13.90_13.85_,12_35_48_75_41_
09:03:10,14.05,12,88,14.05_14.10_14.15_14.20_14.25_,8_26_8_16_19_,14.00_13.95_13.90_13.85_13.80_,35_48_75_41_86_
09:04:12,14.10,1,128,14.15_14.20_14.25_14.30_14.35_,8_11_23_50_25_,14.10_14.05_14.00_13.95_13.90_,4_36_36_51_75_
09:04:17,14.10,1,128,14.15_14.20_14.25_14.30_14.35_,8_11_23_50_25_,14.10_14.05_14.00_13.95_13.90_,4_37_35_51_75_
09:04:38,14.10,2,130,14.15_14.20_14.25_14.30_14.35_,8_11_23_50_25_,14.10_14.05_14.00_13.95_13.90_,3_35_35_51_75_
09:05:39,14.05,1,137,14.15_14.20_14.25_14.30_14.35_,9_15_30_50_25_,14.05_14.00_13.95_13.90_13.85_,39_29_58_75_41_
09:05:49,14.05,1,138,14.15_14.20_14.25_14.30_14.35_,9_15_30_50_25_,14.05_14.00_13.95_13.90_13.85_,38_29_58_75_41_
09:07:06,14.05,1,141,14.10_14.15_14.20_14.25_14.30_,7_19_20_30_53_,14.05_14.00_13.95_13.90_13.85_,37_32_68_75_41_
09:07:32,14.05,1,141,14.10_14.15_14.20_14.25_14.30_,7_19_20_30_55_,14.05_14.00_13.95_13.90_13.85_,37_32_68_75_41_
09:08:03,14.05,1,144,14.10_14.15_14.20_14.25_14.30_,14_19_20_30_53_,14.05_14.00_13.95_13.90_13.85_,34_34_68_75_41_
09:08:44,14.05,1,156,14.10_14.15_14.20_14.25_14.30_,9_19_20_30_53_,14.05_14.00_13.95_13.90_13.85_,23_34_41_100_41_
09:08:59,14.05,1,156,14.10_14.15_14.20_14.25_14.30_,9_19_20_30_53_,14.05_14.00_13.95_13.90_13.85_,23_34_65_75_41_
09:09:04,14.05,1,156,14.10_14.15_14.20_14.25_14.30_,9_19_20_30_53_,14.05_14.00_13.95_13.90_13.85_,23_29_65_75_41_
09:09:40,14.05,1,159,14.10_14.15_14.20_14.25_14.30_,17_19_20_30_53_,14.05_14.00_13.95_13.90_13.85_,28_37_53_75_43_
09:10:01,14.05,1,159,14.10_14.15_14.20_14.25_14.30_,22_19_20_30_53_,14.05_14.00_13.95_13.90_13.85_,28_37_53_75_43_
09:10:06,14.05,1,160,14.10_14.15_14.20_14.25_14.30_,24_8_31_30_53_,14.05_14.00_13.95_13.90_13.85_,27_37_53_75_43_
09:10:42,14.05,1,160,14.10_14.15_14.20_14.25_14.30_,35_8_31_30_53_,14.05_14.00_13.95_13.90_13.85_,27_38_53_75_43_
09:10:57,14.05,5,165,14.10_14.15_14.20_14.25_14.30_,35_8_31_30_53_,14.05_14.00_13.95_13.90_13.85_,22_41_53_75_43_
09:11:02,14.10,12,177,14.10_14.15_14.20_14.25_14.30_,23_8_31_30_53_,14.05_14.00_13.95_13.90_13.85_,22_41_53_75_43_
09:11:43,14.05,3,182,14.10_14.15_14.20_14.25_14.30_,21_8_31_30_53_,14.05_14.00_13.95_13.90_13.85_,48_41_83_75_73_
09:12:04,14.10,21,203,14.15_14.20_14.25_14.30_14.35_,8_17_44_53_25_,14.10_14.05_14.00_13.95_13.90_,14_55_34_77_75_
09:13:21,14.10,1,208,14.15_14.20_14.25_14.30_14.35_,11_48_33_103_25_,14.10_14.05_14.00_13.95_13.90_,10_43_79_43_75_
09:13:26,14.10,1,208,14.15_14.20_14.25_14.30_14.35_,11_50_33_103_25_,14.10_14.05_14.00_13.95_13.90_,10_43_79_43_75_
09:13:57,14.10,4,217,14.15_14.20_14.25_14.30_14.35_,7_50_33_103_25_,14.10_14.05_14.00_13.95_13.90_,3_43_79_43_75_
09:15:03,14.05,2,222,14.10_14.15_14.20_14.25_14.30_,3_18_52_30_103_,14.05_14.00_13.95_13.90_13.85_,41_51_71_80_73_
09:16:25,14.05,1,227,14.10_14.15_14.20_14.25_14.30_,3_18_52_30_103_,14.05_14.00_13.95_13.90_13.85_,40_51_71_80_73_
09:17:22,14.05,1,227,14.10_14.15_14.20_14.25_14.30_,3_18_52_30_103_,14.05_14.00_13.95_13.90_13.85_,45_52_71_80_73_
09:18:23,14.05,1,230,14.10_14.15_14.20_14.25_14.30_,12_23_52_30_103_,14.05_14.00_13.95_13.90_13.85_,44_53_71_80_73_
09:18:33,14.05,1,230,14.10_14.15_14.20_14.25_14.30_,12_23_52_30_106_,14.05_14.00_13.95_13.90_13.85_,44_53_71_80_73_
09:19:55,14.05,15,248,14.10_14.15_14.20_14.25_14.30_,13_24_52_30_106_,14.05_14.00_13.95_13.90_13.85_,29_43_82_82_73_
09:20:05,14.05,3,251,14.10_14.15_14.20_14.25_14.30_,13_24_52_30_96_,14.05_14.00_13.95_13.90_13.85_,26_43_83_82_73_
09:20:21,14.05,3,251,14.10_14.15_14.20_14.25_14.30_,13_24_52_20_96_,14.05_14.00_13.95_13.90_13.85_,26_43_83_82_73_
09:20:26,14.05,3,251,14.10_14.15_14.20_14.25_14.30_,14_24_42_20_96_,14.05_14.00_13.95_13.90_13.85_,26_43_83_82_73_
09:20:31,14.10,10,261,14.10_14.15_14.20_14.25_14.30_,4_24_42_20_96_,14.05_14.00_13.95_13.90_13.85_,26_43_83_82_73_
09:21:48,14.10,2,268,14.10_14.15_14.20_14.25_14.30_,3_29_42_20_96_,14.05_14.00_13.95_13.90_13.85_,25_42_84_82_73_
09:22:13,14.10,2,268,14.10_14.15_14.20_14.25_14.30_,23_32_42_20_46_,14.05_14.00_13.95_13.90_13.85_,25_42_84_82_73_
09:22:44,14.10,1,289,14.10_14.15_14.20_14.25_14.30_,22_32_42_20_46_,14.05_14.00_13.95_13.90_13.85_,5_42_84_82_73_
09:23:25,14.05,5,294,14.10_14.15_14.20_14.25_14.30_,39_29_39_20_46_,14.00_13.95_13.90_13.85_13.80_,42_55_111_73_89_
09:23:56,14.05,6,300,14.05_14.10_14.15_14.20_14.25_,24_39_29_39_20_,14.00_13.95_13.90_13.85_13.80_,42_44_122_73_89_
09:25:23,14.05,10,310,14.05_14.10_14.15_14.20_14.25_,15_39_29_39_20_,14.00_13.95_13.90_13.85_13.80_,49_45_122_73_91_
09:25:38,14.05,3,313,14.05_14.10_14.15_14.20_14.25_,12_39_29_39_20_,14.00_13.95_13.90_13.85_13.80_,50_45_122_73_91_
09:25:49,14.05,12,325,14.10_14.15_14.20_14.25_14.30_,28_37_42_20_46_,14.05_14.00_13.95_13.90_13.85_,19_49_85_82_73_
09:26:35,14.05,5,349,14.05_14.10_14.15_14.20_14.25_,16_39_29_39_20_,14.00_13.95_13.90_13.85_13.80_,49_45_123_73_91_
09:27:11,14.05,5,349,14.05_14.10_14.15_14.20_14.25_,16_39_29_39_20_,14.00_13.95_13.90_13.85_13.80_,49_56_122_73_91_
09:28:02,14.00,3,363,14.05_14.10_14.15_14.20_14.25_,6_48_29_39_20_,14.00_13.95_13.90_13.85_13.80_,46_56_122_74_91_
09:28:38,14.00,3,363,14.05_14.10_14.15_14.20_14.25_,26_48_29_49_20_,14.00_13.95_13.90_13.85_13.80_,51_45_133_74_91_
09:31:11,14.00,1,379,14.05_14.10_14.15_14.20_14.25_,27_53_30_49_19_,14.00_13.95_13.90_13.85_13.80_,40_46_164_74_91_
09:31:42,14.00,1,379,14.05_14.10_14.15_14.20_14.25_,27_53_30_54_19_,14.00_13.95_13.90_13.85_13.80_,42_46_164_75_92_
09:32:13,14.00,1,380,14.05_14.10_14.15_14.20_14.25_,27_53_30_54_19_,14.00_13.95_13.90_13.85_13.80_,42_57_153_75_92_
09:32:33,14.00,1,380,14.05_14.10_14.15_14.20_14.25_,27_53_30_54_19_,14.00_13.95_13.90_13.85_13.80_,47_57_153_75_92_
09:33:30,14.00,1,380,14.05_14.10_14.15_14.20_14.25_,27_53_30_54_19_,14.00_13.95_13.90_13.85_13.80_,47_56_153_75_92_
09:33:40,14.00,1,380,14.05_14.10_14.15_14.20_14.25_,27_53_30_54_19_,14.00_13.95_13.90_13.85_13.80_,47_56_155_75_92_
09:34:31,14.00,1,380,14.05_14.10_14.15_14.20_14.25_,27_53_30_54_19_,14.00_13.95_13.90_13.85_13.80_,50_48_169_75_92_
09:34:47,14.05,3,383,14.05_14.10_14.15_14.20_14.25_,24_53_30_54_19_,14.00_13.95_13.90_13.85_13.80_,50_48_169_75_92_
09:35:23,14.05,3,383,14.05_14.10_14.15_14.20_14.25_,29_53_30_54_19_,14.00_13.95_13.90_13.85_13.80_,50_48_169_78_92_
09:35:33,14.05,3,383,14.05_14.10_14.15_14.20_14.25_,29_53_30_54_19_,14.00_13.95_13.90_13.85_13.80_,50_48_169_78_95_
09:36:04,14.05,3,386,14.05_14.10_14.15_14.20_14.25_,27_53_30_54_19_,14.00_13.95_13.90_13.85_13.80_,47_48_169_78_95_
09:36:09,14.05,3,386,14.05_14.10_14.15_14.20_14.25_,27_53_30_54_19_,14.00_13.95_13.90_13.85_13.80_,49_48_169_78_95_
09:36:29,14.05,3,386,14.05_14.10_14.15_14.20_14.25_,27_53_30_54_19_,14.00_13.95_13.90_13.85_13.80_,49_59_158_78_95_
09:36:35,14.05,1,387,14.05_14.10_14.15_14.20_14.25_,26_53_30_54_19_,14.00_13.95_13.90_13.85_13.80_,49_59_158_78_95_
09:36:40,14.05,1,387,14.05_14.10_14.15_14.20_14.25_,26_53_30_54_19_,14.00_13.95_13.90_13.85_13.80_,48_59_158_78_95_
09:36:55,14.05,1,387,14.05_14.10_14.15_14.20_14.25_,26_53_30_54_19_,14.00_13.95_13.90_13.85_13.80_,50_59_158_78_95_
09:38:02,14.05,1,387,14.05_14.10_14.15_14.20_14.25_,26_53_31_54_19_,14.00_13.95_13.90_13.85_13.80_,50_59_158_78_95_
09:39:18,14.00,1,389,14.05_14.10_14.15_14.20_14.25_,29_53_31_54_19_,14.00_13.95_13.90_13.85_13.80_,54_59_158_78_95_
09:39:39,14.00,2,391,14.05_14.10_14.15_14.20_14.25_,29_53_31_54_19_,14.00_13.95_13.90_13.85_13.80_,47_59_158_78_95_
09:40:04,14.00,2,391,14.05_14.10_14.15_14.20_14.25_,29_53_40_54_19_,14.00_13.95_13.90_13.85_13.80_,47_59_158_78_95_
09:41:06,14.05,1,392,14.05_14.10_14.15_14.20_14.25_,30_53_40_54_19_,14.00_13.95_13.90_13.85_13.80_,46_59_158_78_95_
09:42:07,14.05,2,394,14.05_14.10_14.15_14.20_14.25_,28_53_40_54_19_,14.00_13.95_13.90_13.85_13.80_,66_59_158_78_97_
09:42:18,14.05,1,395,14.05_14.10_14.15_14.20_14.25_,27_53_40_54_19_,14.00_13.95_13.90_13.85_13.80_,76_59_158_78_97_
09:43:19,14.05,5,410,14.05_14.10_14.15_14.20_14.25_,14_53_40_54_19_,14.00_13.95_13.90_13.85_13.80_,76_59_158_78_97_
09:44:21,14.05,10,426,14.10_14.15_14.20_14.25_14.30_,53_40_54_19_51_,14.00_13.95_13.90_13.85_13.80_,76_59_154_78_97_
09:46:09,14.10,10,436,14.10_14.15_14.20_14.25_14.30_,32_48_57_21_48_,14.05_14.00_13.95_13.90_13.85_,43_104_74_128_78_
09:46:19,14.10,10,436,14.10_14.15_14.20_14.25_14.30_,35_48_57_21_48_,14.05_14.00_13.95_13.90_13.85_,43_104_74_128_78_
09:46:29,14.10,1,437,14.10_14.15_14.20_14.25_14.30_,34_39_57_21_48_,14.05_14.00_13.95_13.90_13.85_,43_104_74_128_78_
09:47:05,14.10,1,438,14.10_14.15_14.20_14.25_14.30_,33_39_57_21_48_,14.05_14.00_13.95_13.90_13.85_,43_104_74_128_78_
09:47:51,14.10,2,440,14.10_14.15_14.20_14.25_14.30_,31_39_57_21_48_,14.05_14.00_13.95_13.90_13.85_,43_104_74_128_78_
09:48:37,14.10,2,440,14.10_14.15_14.20_14.25_14.30_,32_39_57_21_48_,14.05_14.00_13.95_13.90_13.85_,43_104_74_128_78_
09:49:44,14.10,10,450,14.10_14.15_14.20_14.25_14.30_,22_39_57_21_48_,14.05_14.00_13.95_13.90_13.85_,43_104_74_128_78_
09:49:49,14.10,1,451,14.10_14.15_14.20_14.25_14.30_,21_39_57_21_48_,14.05_14.00_13.95_13.90_13.85_,43_104_74_128_78_
09:50:20,14.10,1,451,14.10_14.15_14.20_14.25_14.30_,21_39_57_21_48_,14.05_14.00_13.95_13.90_13.85_,45_104_74_128_76_
09:50:40,14.10,20,471,14.10_14.15_14.20_14.25_14.30_,1_39_57_21_48_,14.05_14.00_13.95_13.90_13.85_,56_93_74_128_76_
09:50:51,14.10,20,471,14.10_14.15_14.20_14.25_14.30_,1_39_57_21_48_,14.05_14.00_13.95_13.90_13.85_,56_93_75_128_76_
09:51:21,14.10,1,472,14.15_14.20_14.25_14.30_14.35_,38_57_21_48_13_,14.10_14.05_14.00_13.95_13.90_,2_56_93_75_128_
09:51:42,14.10,5,478,14.10_14.15_14.20_14.25_14.30_,5_37_57_22_48_,14.05_14.00_13.95_13.90_13.85_,53_93_76_128_76_
09:52:49,14.10,5,478,14.10_14.15_14.20_14.25_14.30_,25_37_57_22_48_,14.05_14.00_13.95_13.90_13.85_,42_94_76_128_76_
09:54:47,14.05,1,479,14.10_14.15_14.20_14.25_14.30_,25_37_57_22_48_,14.05_14.00_13.95_13.90_13.85_,42_94_76_128_76_
09:57:21,14.10,2,481,14.10_14.15_14.20_14.25_14.30_,23_37_57_22_48_,14.05_14.00_13.95_13.90_13.85_,42_98_75_128_76_
09:58:27,14.10,2,481,14.10_14.15_14.20_14.25_14.30_,28_37_57_22_48_,14.05_14.00_13.95_13.90_13.85_,42_98_75_128_76_
09:58:32,14.10,2,481,14.10_14.15_14.20_14.25_14.30_,28_42_57_22_48_,14.05_14.00_13.95_13.90_13.85_,42_98_75_128_76_
09:58:58,14.10,20,501,14.10_14.15_14.20_14.25_14.30_,9_42_57_22_48_,14.05_14.00_13.95_13.90_13.85_,42_98_75_128_75_
09:59:39,14.10,20,501,14.10_14.15_14.20_14.25_14.30_,9_42_57_22_48_,14.05_14.00_13.95_13.90_13.85_,44_98_75_128_75_
09:59:49,14.10,20,501,14.10_14.15_14.20_14.25_14.30_,10_42_57_22_48_,14.05_14.00_13.95_13.90_13.85_,44_98_75_128_75_
10:00:20,14.10,5,506,14.10_14.15_14.20_14.25_14.30_,17_31_57_22_48_,14.05_14.00_13.95_13.90_13.85_,44_98_75_128_75_
10:00:30,14.10,5,511,14.10_14.15_14.20_14.25_14.30_,12_31_57_22_48_,14.05_14.00_13.95_13.90_13.85_,44_98_75_128_75_
10:00:40,14.10,5,516,14.10_14.15_14.20_14.25_14.30_,7_31_57_22_48_,14.05_14.00_13.95_13.90_13.85_,44_98_75_128_75_
10:00:46,14.10,5,521,14.10_14.15_14.20_14.25_14.30_,15_43_57_22_48_,14.05_14.00_13.95_13.90_13.85_,44_98_75_128_75_
10:00:56,14.10,5,526,14.10_14.15_14.20_14.25_14.30_,10_43_57_22_48_,14.05_14.00_13.95_13.90_13.85_,44_98_75_128_75_
10:01:06,14.10,5,531,14.10_14.15_14.20_14.25_14.30_,5_43_57_22_48_,14.05_14.00_13.95_13.90_13.85_,44_98_75_128_75_
10:01:16,14.10,5,536,14.15_14.20_14.25_14.30_14.35_,43_57_22_48_13_,14.05_14.00_13.95_13.90_13.85_,44_97_74_129_75_
10:02:18,14.15,15,577,14.15_14.20_14.25_14.30_14.35_,28_54_25_48_13_,14.10_14.05_14.00_13.95_13.90_,4_54_88_72_128_
10:03:04,14.15,15,577,14.15_14.20_14.25_14.30_14.35_,28_54_25_48_13_,14.10_14.05_14.00_13.95_13.90_,4_42_100_172_128_
10:03:09,14.10,1,578,14.15_14.20_14.25_14.30_14.35_,28_54_25_48_13_,14.10_14.05_14.00_13.95_13.90_,23_42_100_172_128_
10:03:14,14.10,1,578,14.15_14.20_14.25_14.30_14.35_,29_54_25_48_13_,14.10_14.05_14.00_13.95_13.90_,23_42_124_147_128_
10:03:19,14.10,1,578,14.15_14.20_14.25_14.30_14.35_,29_54_25_48_13_,14.10_14.05_14.00_13.95_13.90_,28_42_124_147_128_
10:03:25,14.10,1,578,14.15_14.20_14.25_14.30_14.35_,29_54_25_48_13_,14.10_14.05_14.00_13.95_13.90_,28_54_112_147_128_
10:03:35,14.10,1,579,14.15_14.20_14.25_14.30_14.35_,29_54_25_48_13_,14.10_14.05_14.00_13.95_13.90_,27_50_112_147_128_
10:04:11,14.10,1,604,14.15_14.20_14.25_14.30_14.35_,29_59_25_48_13_,14.10_14.05_14.00_13.95_13.90_,2_33_100_71_128_
10:04:26,14.10,1,604,14.15_14.20_14.25_14.30_14.35_,29_59_25_48_13_,14.05_14.00_13.95_13.90_13.85_,33_100_71_128_75_
10:04:31,14.10,1,604,14.15_14.20_14.25_14.30_14.35_,29_62_22_48_13_,14.05_14.00_13.95_13.90_13.85_,33_97_74_128_75_
10:06:14,14.10,5,611,14.15_14.20_14.25_14.30_14.35_,35_59_25_48_13_,14.10_14.05_14.00_13.95_13.90_,10_55_88_71_128_
10:06:50,14.10,1,614,14.15_14.20_14.25_14.30_14.35_,35_59_25_48_13_,14.10_14.05_14.00_13.95_13.90_,7_55_88_71_128_
10:07:15,14.10,7,621,14.15_14.20_14.25_14.30_14.35_,35_59_25_48_13_,14.05_14.00_13.95_13.90_13.85_,55_88_71_128_77_
10:07:46,14.15,1,622,14.15_14.20_14.25_14.30_14.35_,34_62_22_48_13_,14.05_14.00_13.95_13.90_13.85_,55_85_74_128_77_
10:08:07,14.15,1,622,14.15_14.20_14.25_14.30_14.35_,36_59_25_48_13_,14.10_14.05_14.00_13.95_13.90_,20_55_88_71_128_
10:08:17,14.15,1,622,14.15_14.20_14.25_14.30_14.35_,36_59_27_48_13_,14.10_14.05_14.00_13.95_13.90_,20_55_88_71_128_
10:08:32,14.15,36,658,14.20_14.25_14.30_14.35_14.40_,59_27_48_13_24_,14.15_14.10_14.05_14.00_13.95_,4_20_55_88_71_
10:08:58,14.15,4,662,14.15_14.20_14.25_14.30_14.35_,4_73_27_48_13_,14.10_14.05_14.00_13.95_13.90_,20_55_88_71_128_
10:09:13,14.15,2,664,14.15_14.20_14.25_14.30_14.35_,2_73_27_48_13_,14.10_14.05_14.00_13.95_13.90_,21_55_88_71_128_
10:11:47,14.10,3,672,14.15_14.20_14.25_14.30_14.35_,21_73_27_48_13_,14.10_14.05_14.00_13.95_13.90_,75_43_89_71_128_
10:12:23,14.10,1,673,14.15_14.20_14.25_14.30_14.35_,26_73_42_48_13_,14.10_14.05_14.00_13.95_13.90_,62_55_89_71_128_
10:12:38,14.10,2,675,14.15_14.20_14.25_14.30_14.35_,26_73_42_48_13_,14.10_14.05_14.00_13.95_13.90_,60_55_89_71_128_
10:12:53,14.10,2,675,14.15_14.20_14.25_14.30_14.35_,26_73_42_49_38_,14.10_14.05_14.00_13.95_13.90_,60_55_89_71_128_
10:13:19,14.10,2,675,14.15_14.20_14.25_14.30_14.35_,27_73_42_49_38_,14.10_14.05_14.00_13.95_13.90_,60_55_89_71_128_
10:15:53,14.10,2,675,14.15_14.20_14.25_14.30_14.35_,27_73_42_49_38_,14.10_14.05_14.00_13.95_13.90_,62_55_89_71_128_
10:16:44,14.15,1,676,14.15_14.20_14.25_14.30_14.35_,24_73_42_49_38_,14.10_14.05_14.00_13.95_13.90_,62_35_89_71_128_
10:17:25,14.15,10,686,14.15_14.20_14.25_14.30_14.35_,14_73_42_49_38_,14.10_14.05_14.00_13.95_13.90_,61_36_94_71_128_
10:18:37,14.10,1,687,14.15_14.20_14.25_14.30_14.35_,14_73_42_49_38_,14.10_14.05_14.00_13.95_13.90_,60_36_94_71_128_
10:18:57,14.15,14,701,14.20_14.25_14.30_14.35_14.40_,73_42_49_38_29_,14.15_14.10_14.05_14.00_13.95_,6_60_36_94_71_
10:19:02,14.10,10,711,14.15_14.20_14.25_14.30_14.35_,8_73_39_52_38_,14.10_14.05_14.00_13.95_13.90_,68_28_116_47_128_
10:19:28,14.10,10,711,14.15_14.20_14.25_14.30_14.35_,8_74_42_49_38_,14.10_14.05_14.00_13.95_13.90_,57_41_93_72_129_
10:19:38,14.10,10,711,14.15_14.20_14.25_14.30_14.35_,10_74_43_50_39_,14.10_14.05_14.00_13.95_13.90_,57_41_93_72_129_
10:19:48,14.10,10,711,14.15_14.20_14.25_14.30_14.35_,15_74_43_50_39_,14.10_14.05_14.00_13.95_13.90_,57_41_93_72_129_
10:20:04,14.10,30,741,14.15_14.20_14.25_14.30_14.35_,15_74_43_50_39_,14.10_14.05_14.00_13.95_13.90_,27_41_93_72_129_
10:20:14,14.10,37,778,14.10_14.15_14.20_14.25_14.30_,3_27_65_40_50_,14.05_14.00_13.95_13.90_13.85_,41_89_51_154_77_
10:20:29,14.10,37,778,14.10_14.15_14.20_14.25_14.30_,3_27_65_40_50_,14.05_14.00_13.95_13.90_13.85_,41_94_51_154_77_
10:20:40,14.10,37,778,14.10_14.15_14.20_14.25_14.30_,3_32_65_40_50_,14.05_14.00_13.95_13.90_13.85_,41_94_51_154_77_
10:21:10,14.10,37,778,14.10_14.15_14.20_14.25_14.30_,3_32_85_40_50_,14.05_14.00_13.95_13.90_13.85_,41_94_51_154_77_
10:22:17,14.10,2,783,14.15_14.20_14.25_14.30_14.35_,32_82_43_50_39_,14.05_14.00_13.95_13.90_13.85_,91_98_72_129_77_
10:22:22,14.10,2,783,14.15_14.20_14.25_14.30_14.35_,32_85_40_50_39_,14.05_14.00_13.95_13.90_13.85_,92_94_76_129_77_
10:22:27,14.10,2,783,14.10_14.15_14.20_14.25_14.30_,2_32_85_40_50_,14.05_14.00_13.95_13.90_13.85_,92_94_76_129_77_
10:22:32,14.10,2,783,14.10_14.15_14.20_14.25_14.30_,2_32_85_40_50_,14.05_14.00_13.95_13.90_13.85_,92_94_51_154_77_
10:23:03,14.10,2,783,14.10_14.15_14.20_14.25_14.30_,4_32_85_40_50_,14.05_14.00_13.95_13.90_13.85_,92_94_51_154_77_
10:23:29,14.10,2,783,14.10_14.15_14.20_14.25_14.30_,4_32_135_40_50_,14.05_14.00_13.95_13.90_13.85_,92_94_51_154_77_
10:24:30,14.05,1,785,14.10_14.15_14.20_14.25_14.30_,6_32_135_40_50_,14.05_14.00_13.95_13.90_13.85_,78_106_72_99_77_
10:25:06,14.05,1,785,14.10_14.15_14.20_14.25_14.30_,6_32_135_40_50_,14.05_14.00_13.95_13.90_13.85_,78_106_92_99_77_
10:25:37,14.05,1,786,14.10_14.15_14.20_14.25_14.30_,6_32_135_40_50_,14.05_14.00_13.95_13.90_13.85_,77_106_92_99_77_
10:26:18,14.10,6,797,14.15_14.20_14.25_14.30_14.35_,33_132_43_50_39_,14.10_14.05_14.00_13.95_13.90_,6_72_108_88_99_
10:26:39,14.10,6,797,14.15_14.20_14.25_14.30_14.35_,33_132_43_50_39_,14.10_14.05_14.00_13.95_13.90_,16_72_108_88_99_
10:26:44,14.10,6,803,14.15_14.20_14.25_14.30_14.35_,33_132_43_50_39_,14.10_14.05_14.00_13.95_13.90_,10_84_96_88_99_
10:26:49,14.10,6,803,14.15_14.20_14.25_14.30_14.35_,34_132_43_50_39_,14.10_14.05_14.00_13.95_13.90_,11_83_96_88_99_
10:26:54,14.10,5,808,14.15_14.20_14.25_14.30_14.35_,34_132_43_50_39_,14.10_14.05_14.00_13.95_13.90_,6_83_96_88_99_
10:27:15,14.10,1,809,14.15_14.20_14.25_14.30_14.35_,34_132_43_50_39_,14.10_14.05_14.00_13.95_13.90_,5_83_96_88_99_
10:27:51,14.10,5,814,14.10_14.15_14.20_14.25_14.30_,37_32_135_40_50_,14.05_14.00_13.95_13.90_13.85_,71_105_70_120_77_
10:29:02,14.10,5,814,14.10_14.15_14.20_14.25_14.30_,38_32_137_40_50_,14.05_14.00_13.95_13.90_13.85_,72_106_70_120_77_
10:29:48,14.05,1,816,14.10_14.15_14.20_14.25_14.30_,38_32_137_40_50_,14.05_14.00_13.95_13.90_13.85_,70_106_91_99_85_
10:30:44,14.10,10,826,14.10_14.15_14.20_14.25_14.30_,28_32_137_40_50_,14.05_14.00_13.95_13.90_13.85_,70_106_91_99_85_
10:30:50,14.05,1,827,14.10_14.15_14.20_14.25_14.30_,28_32_137_40_50_,14.05_14.00_13.95_13.90_13.85_,69_106_70_120_85_
10:30:55,14.05,1,827,14.10_14.15_14.20_14.25_14.30_,28_32_137_40_50_,14.05_14.00_13.95_13.90_13.85_,69_106_91_99_85_
10:31:41,14.05,20,847,14.10_14.15_14.20_14.25_14.30_,28_32_137_40_50_,14.05_14.00_13.95_13.90_13.85_,48_107_91_99_85_
10:33:54,14.05,1,849,14.10_14.15_14.20_14.25_14.30_,33_36_137_40_50_,14.05_14.00_13.95_13.90_13.85_,48_107_91_99_85_
10:34:20,14.05,5,854,14.10_14.15_14.20_14.25_14.30_,33_36_137_40_50_,14.05_14.00_13.95_13.90_13.85_,43_107_91_99_85_
10:35:11,14.05,5,854,14.10_14.15_14.20_14.25_14.30_,33_31_137_40_50_,14.05_14.00_13.95_13.90_13.85_,45_107_91_99_85_
10:35:42,14.05,5,854,14.10_14.15_14.20_14.25_14.30_,33_31_137_40_50_,14.05_14.00_13.95_13.90_13.85_,45_107_91_99_90_
10:36:12,14.05,1,857,14.10_14.15_14.20_14.25_14.30_,33_31_137_40_50_,14.05_14.00_13.95_13.90_13.85_,42_107_91_99_90_
10:36:33,14.05,2,859,14.10_14.15_14.20_14.25_14.30_,33_31_137_40_50_,14.05_14.00_13.95_13.90_13.85_,40_107_91_99_90_
10:36:43,14.05,4,863,14.10_14.15_14.20_14.25_14.30_,33_31_137_40_50_,14.05_14.00_13.95_13.90_13.85_,36_107_91_99_90_
10:38:41,14.05,1,873,14.10_14.15_14.20_14.25_14.30_,32_30_135_40_50_,14.05_14.00_13.95_13.90_13.85_,26_106_93_99_90_
10:39:42,14.05,3,876,14.10_14.15_14.20_14.25_14.30_,32_30_135_40_50_,14.05_14.00_13.95_13.90_13.85_,23_106_93_99_90_
10:39:47,14.05,3,876,14.10_14.15_14.20_14.25_14.30_,37_35_135_40_50_,14.05_14.00_13.95_13.90_13.85_,23_106_93_99_90_
10:39:58,14.05,3,876,14.10_14.15_14.20_14.25_14.30_,37_85_85_40_50_,14.05_14.00_13.95_13.90_13.85_,23_106_93_99_90_
10:40:03,14.05,1,877,14.10_14.15_14.20_14.25_14.30_,37_85_85_40_50_,14.05_14.00_13.95_13.90_13.85_,22_106_93_99_90_
10:40:49,14.05,19,899,14.05_14.10_14.15_14.20_14.25_,3_47_86_82_40_,14.00_13.95_13.90_13.85_13.80_,107_68_124_90_97_
10:42:47,14.05,3,903,14.10_14.15_14.20_14.25_14.30_,47_86_85_40_50_,14.05_14.00_13.95_13.90_13.85_,49_105_93_99_90_
10:44:40,14.05,3,903,14.10_14.15_14.20_14.25_14.30_,50_86_85_40_50_,14.05_14.00_13.95_13.90_13.85_,49_105_93_99_90_
10:45:00,14.05,1,910,14.10_14.15_14.20_14.25_14.30_,50_90_85_40_50_,14.05_14.00_13.95_13.90_13.85_,42_105_93_99_90_
10:45:05,14.05,1,911,14.10_14.15_14.20_14.25_14.30_,50_90_88_40_50_,14.05_14.00_13.95_13.90_13.85_,41_105_93_99_90_
10:45:11,14.05,1,911,14.10_14.15_14.20_14.25_14.30_,50_90_88_43_50_,14.05_14.00_13.95_13.90_13.85_,41_105_93_99_90_
10:45:16,14.05,1,911,14.10_14.15_14.20_14.25_14.30_,50_90_88_43_53_,14.05_14.00_13.95_13.90_13.85_,41_105_93_99_90_
10:45:52,14.05,1,912,14.10_14.15_14.20_14.25_14.30_,50_90_88_43_53_,14.05_14.00_13.95_13.90_13.85_,40_105_93_99_90_
10:46:12,14.05,1,914,14.10_14.15_14.20_14.25_14.30_,50_90_88_43_53_,14.05_14.00_13.95_13.90_13.85_,38_105_93_99_90_
10:46:17,14.05,1,914,14.10_14.15_14.20_14.25_14.30_,50_90_88_43_53_,14.05_14.00_13.95_13.90_13.85_,38_105_71_121_90_
10:46:48,14.05,1,916,14.10_14.15_14.20_14.25_14.30_,51_90_88_43_53_,14.05_14.00_13.95_13.90_13.85_,36_105_71_121_90_
10:47:55,14.05,3,924,14.10_14.15_14.20_14.25_14.30_,57_90_88_43_53_,14.05_14.00_13.95_13.90_13.85_,37_105_71_120_90_
10:48:36,14.05,3,924,14.10_14.15_14.20_14.25_14.30_,57_90_78_43_53_,14.05_14.00_13.95_13.90_13.85_,37_105_71_120_90_
10:48:41,14.05,3,924,14.10_14.15_14.20_14.25_14.30_,57_90_78_43_53_,14.05_14.00_13.95_13.90_13.85_,37_104_71_120_90_
10:50:28,14.05,2,936,14.10_14.15_14.20_14.25_14.30_,57_90_78_43_53_,14.05_14.00_13.95_13.90_13.85_,25_105_71_120_90_
10:51:04,14.10,1,937,14.10_14.15_14.20_14.25_14.30_,56_90_78_43_53_,14.05_14.00_13.95_13.90_13.85_,25_105_71_120_90_
10:51:25,14.10,1,937,14.10_14.15_14.20_14.25_14.30_,56_90_78_43_53_,14.05_14.00_13.95_13.90_13.85_,25_105_71_120_92_
10:51:55,14.10,1,937,14.10_14.15_14.20_14.25_14.30_,44_102_78_43_53_,14.05_14.00_13.95_13.90_13.85_,25_105_71_120_92_
10:52:16,14.10,1,937,14.10_14.15_14.20_14.25_14.30_,44_102_78_43_53_,14.05_14.00_13.95_13.90_13.85_,45_105_71_120_92_
10:53:33,14.05,1,939,14.10_14.15_14.20_14.25_14.30_,45_102_78_43_53_,14.05_14.00_13.95_13.90_13.85_,43_105_71_120_92_
10:54:04,14.10,1,940,14.10_14.15_14.20_14.25_14.30_,44_102_78_43_53_,14.05_14.00_13.95_13.90_13.85_,43_105_71_120_92_
10:54:19,14.05,2,942,14.10_14.15_14.20_14.25_14.30_,44_102_78_43_53_,14.05_14.00_13.95_13.90_13.85_,41_105_71_120_92_
10:55:26,14.05,1,944,14.10_14.15_14.20_14.25_14.30_,44_102_78_43_53_,14.05_14.00_13.95_13.90_13.85_,40_105_91_99_92_
10:56:07,14.05,1,945,14.10_14.15_14.20_14.25_14.30_,44_102_78_43_53_,14.05_14.00_13.95_13.90_13.85_,39_105_91_99_92_
10:57:39,14.10,1,946,14.10_14.15_14.20_14.25_14.30_,43_102_78_43_53_,14.05_14.00_13.95_13.90_13.85_,39_105_70_120_92_
10:59:11,14.05,3,983,14.10_14.15_14.20_14.25_14.30_,55_90_78_43_53_,14.05_14.00_13.95_13.90_13.85_,3_105_91_99_92_
10:59:22,14.05,3,986,14.05_14.10_14.15_14.20_14.25_,6_58_93_75_43_,14.00_13.95_13.90_13.85_13.80_,105_69_123_84_96_
11:01:45,14.05,3,986,14.05_14.10_14.15_14.20_14.25_,7_58_93_75_43_,14.00_13.95_13.90_13.85_13.80_,105_70_123_84_96_
11:02:11,14.05,3,986,14.05_14.10_14.15_14.20_14.25_,7_58_93_75_43_,14.00_13.95_13.90_13.85_13.80_,105_70_123_84_100_
11:04:09,14.00,11,997,14.05_14.10_14.15_14.20_14.25_,5_58_85_75_43_,14.00_13.95_13.90_13.85_13.80_,94_70_123_84_100_
11:05:31,14.00,11,997,14.05_14.10_14.15_14.20_14.25_,19_55_85_75_43_,14.00_13.95_13.90_13.85_13.80_,94_70_124_84_100_
11:08:05,14.00,1,998,14.05_14.10_14.15_14.20_14.25_,19_55_85_75_43_,14.00_13.95_13.90_13.85_13.80_,93_70_124_84_100_
11:08:10,14.00,1,998,14.05_14.10_14.15_14.20_14.25_,20_55_85_75_43_,14.00_13.95_13.90_13.85_13.80_,93_70_124_84_100_
11:08:15,14.00,1,998,14.05_14.10_14.15_14.20_14.25_,20_55_85_75_43_,14.00_13.95_13.90_13.85_13.80_,88_70_124_84_100_
11:08:25,14.00,1,998,14.05_14.10_14.15_14.20_14.25_,20_55_85_75_43_,14.00_13.95_13.90_13.85_13.80_,88_75_124_84_100_
11:08:30,14.00,1,998,14.05_14.10_14.15_14.20_14.25_,20_55_85_75_43_,14.00_13.95_13.90_13.85_13.80_,90_75_124_84_100_
11:09:06,14.05,1,1000,14.05_14.10_14.15_14.20_14.25_,18_55_85_75_43_,14.00_13.95_13.90_13.85_13.80_,101_83_124_84_100_
11:10:03,14.05,1,1000,14.05_14.10_14.15_14.20_14.25_,17_55_85_75_43_,14.00_13.95_13.90_13.85_13.80_,104_80_124_84_100_
11:10:54,14.00,1,1003,14.05_14.10_14.15_14.20_14.25_,17_55_85_75_43_,14.00_13.95_13.90_13.85_13.80_,98_83_124_84_100_
11:11:50,14.00,1,1035,14.05_14.10_14.15_14.20_14.25_,16_55_85_75_43_,14.00_13.95_13.90_13.85_13.80_,62_85_126_84_100_
11:12:06,14.00,2,1037,14.05_14.10_14.15_14.20_14.25_,16_55_85_75_43_,14.00_13.95_13.90_13.85_13.80_,60_85_126_84_100_
11:12:31,14.05,1,1070,14.05_14.10_14.15_14.20_14.25_,13_55_85_75_43_,14.00_13.95_13.90_13.85_13.80_,12_97_130_84_100_
11:13:53,14.05,10,1092,14.05_14.10_14.15_14.20_14.25_,3_58_82_75_43_,13.95_13.90_13.85_13.80_13.75_,97_105_108_100_7_
11:14:45,14.05,10,1092,14.05_14.10_14.15_14.20_14.25_,3_58_82_75_43_,13.95_13.90_13.85_13.80_13.75_,117_105_108_100_7_
11:15:46,14.05,10,1092,14.05_14.10_14.15_14.20_14.25_,3_58_82_75_43_,13.95_13.90_13.85_13.80_13.75_,118_105_108_100_7_
11:15:57,14.05,10,1092,14.05_14.10_14.15_14.20_14.25_,3_58_82_75_43_,13.95_13.90_13.85_13.80_13.75_,118_105_128_100_7_
11:16:58,14.05,10,1092,14.05_14.10_14.15_14.20_14.25_,3_55_85_75_43_,14.00_13.95_13.90_13.85_13.80_,12_117_130_104_99_
11:18:30,14.05,10,1092,14.05_14.10_14.15_14.20_14.25_,3_55_85_75_43_,14.00_13.95_13.90_13.85_13.80_,13_117_130_104_99_
11:18:35,14.00,1,1093,14.05_14.10_14.15_14.20_14.25_,3_55_85_75_43_,14.00_13.95_13.90_13.85_13.80_,12_117_130_104_99_
11:18:56,14.00,1,1093,14.05_14.10_14.15_14.20_14.25_,3_55_85_75_43_,14.00_13.95_13.90_13.85_13.80_,14_117_130_104_99_
11:19:32,14.00,1,1093,14.05_14.10_14.15_14.20_14.25_,3_55_85_75_43_,14.00_13.95_13.90_13.85_13.80_,16_117_130_104_99_
11:21:29,14.00,1,1108,14.05_14.10_14.15_14.20_14.25_,8_55_85_75_43_,14.00_13.95_13.90_13.85_13.80_,3_115_130_104_99_
11:21:50,14.00,3,1111,14.05_14.10_14.15_14.20_14.25_,14_58_82_75_43_,13.95_13.90_13.85_13.80_13.75_,115_105_128_99_107_
11:23:43,13.95,1,1115,14.00_14.05_14.10_14.15_14.20_,12_25_46_82_75_,13.95_13.90_13.85_13.80_13.75_,113_105_128_99_107_
11:23:53,13.95,1,1115,14.00_14.05_14.10_14.15_14.20_,12_25_46_82_75_,13.95_13.90_13.85_13.80_13.75_,113_105_129_99_106_
11:24:14,13.95,1,1115,14.00_14.05_14.10_14.15_14.20_,12_25_48_82_75_,13.95_13.90_13.85_13.80_13.75_,118_105_129_99_106_
11:24:39,14.00,2,1117,14.00_14.05_14.10_14.15_14.20_,10_25_48_82_75_,13.95_13.90_13.85_13.80_13.75_,118_105_129_99_106_
11:24:45,14.00,2,1117,14.00_14.05_14.10_14.15_14.20_,13_25_48_82_75_,13.95_13.90_13.85_13.80_13.75_,118_105_129_99_106_
11:24:50,14.00,2,1117,14.00_14.05_14.10_14.15_14.20_,13_25_50_82_75_,13.95_13.90_13.85_13.80_13.75_,118_105_129_99_106_
11:24:55,14.00,2,1117,14.00_14.05_14.10_14.15_14.20_,14_25_50_82_75_,13.95_13.90_13.85_13.80_13.75_,118_105_129_99_106_
11:25:05,13.95,1,1118,14.00_14.05_14.10_14.15_14.20_,14_25_50_82_75_,13.95_13.90_13.85_13.80_13.75_,117_105_129_99_106_
11:25:26,13.95,1,1118,14.00_14.05_14.10_14.15_14.20_,16_25_50_82_75_,13.95_13.90_13.85_13.80_13.75_,117_105_129_99_106_
11:25:46,13.95,1,1119,14.00_14.05_14.10_14.15_14.20_,16_25_50_82_75_,13.95_13.90_13.85_13.80_13.75_,116_105_129_99_106_
11:26:17,13.95,1,1126,14.00_14.05_14.10_14.15_14.20_,10_30_55_82_75_,13.95_13.90_13.85_13.80_13.75_,103_116_129_99_106_
11:26:48,14.00,2,1178,14.00_14.05_14.10_14.15_14.20_,8_30_55_82_75_,13.95_13.90_13.85_13.80_13.75_,48_119_129_99_106_
11:26:53,14.00,2,1178,14.00_14.05_14.10_14.15_14.20_,8_30_55_82_75_,13.95_13.90_13.85_13.80_13.75_,48_120_128_99_106_
11:27:44,13.95,1,1183,14.00_14.05_14.10_14.15_14.20_,23_30_55_82_75_,13.95_13.90_13.85_13.80_13.75_,44_119_126_99_106_
11:27:49,14.00,6,1189,14.00_14.05_14.10_14.15_14.20_,17_30_55_82_75_,13.95_13.90_13.85_13.80_13.75_,56_99_126_99_106_
11:27:54,13.95,1,1190,14.00_14.05_14.10_14.15_14.20_,17_30_55_82_75_,13.95_13.90_13.85_13.80_13.75_,55_99_126_99_106_
11:28:40,13.95,50,1240,14.00_14.05_14.10_14.15_14.20_,23_30_54_82_75_,13.95_13.90_13.85_13.80_13.75_,4_112_126_99_106_
11:28:56,13.95,1,1241,14.00_14.05_14.10_14.15_14.20_,23_30_54_82_75_,13.95_13.90_13.85_13.80_13.75_,15_100_126_101_106_
11:29:06,13.95,1,1242,14.00_14.05_14.10_14.15_14.20_,23_30_54_82_75_,13.95_13.90_13.85_13.80_13.75_,14_100_126_101_106_
11:29:16,13.95,10,1252,14.00_14.05_14.10_14.15_14.20_,23_30_54_82_75_,13.95_13.90_13.85_13.80_13.75_,4_100_126_101_106_
11:29:21,13.95,10,1252,14.00_14.05_14.10_14.15_14.20_,23_30_54_82_75_,13.90_13.85_13.80_13.75_13.70_,112_126_101_106_42_
11:31:04,13.90,10,1282,13.95_14.00_14.05_14.10_14.15_,24_31_21_51_82_,13.90_13.85_13.80_13.75_13.70_,95_105_126_106_42_
11:31:40,13.95,10,1293,14.00_14.05_14.10_14.15_14.20_,31_21_51_82_75_,13.90_13.85_13.80_13.75_13.70_,99_105_126_106_42_
11:32:21,13.90,1,1294,14.00_14.05_14.10_14.15_14.20_,32_21_51_82_75_,13.90_13.85_13.80_13.75_13.70_,98_105_126_106_42_
11:33:38,13.90,1,1296,14.00_14.05_14.10_14.15_14.20_,38_21_51_82_75_,13.90_13.85_13.80_13.75_13.70_,96_105_124_106_42_
11:34:03,13.90,1,1297,14.00_14.05_14.10_14.15_14.20_,38_21_51_82_75_,13.90_13.85_13.80_13.75_13.70_,95_105_124_106_42_
11:35:20,13.90,10,1307,14.00_14.05_14.10_14.15_14.20_,41_21_51_82_65_,13.90_13.85_13.80_13.75_13.70_,105_105_124_108_43_
11:37:03,14.00,1,1311,14.00_14.05_14.10_14.15_14.20_,41_18_54_82_65_,13.95_13.90_13.85_13.80_13.75_,2_102_129_100_108_
11:37:13,14.00,1,1311,14.00_14.05_14.10_14.15_14.20_,41_18_54_82_67_,13.95_13.90_13.85_13.80_13.75_,2_102_129_100_108_
11:37:24,14.00,1,1311,14.00_14.05_14.10_14.15_14.20_,41_18_54_82_67_,13.95_13.90_13.85_13.80_13.75_,2_102_130_100_108_
11:37:54,14.00,1,1311,14.00_14.05_14.10_14.15_14.20_,41_24_54_82_67_,13.95_13.90_13.85_13.80_13.75_,2_102_130_100_108_
11:38:30,14.00,1,1311,14.00_14.05_14.10_14.15_14.20_,36_24_54_82_67_,13.95_13.90_13.85_13.80_13.75_,2_102_130_100_108_
11:39:11,14.00,1,1311,14.00_14.05_14.10_14.15_14.20_,37_24_54_82_67_,13.95_13.90_13.85_13.80_13.75_,2_102_130_100_108_
11:39:42,14.00,1,1311,14.00_14.05_14.10_14.15_14.20_,37_30_54_82_67_,13.95_13.90_13.85_13.80_13.75_,2_102_130_100_108_
11:40:38,13.95,1,1313,14.00_14.05_14.10_14.15_14.20_,36_30_54_82_67_,13.95_13.90_13.85_13.80_13.75_,1_107_130_100_108_
11:42:47,13.95,1,1313,14.00_14.05_14.10_14.15_14.20_,34_30_54_82_67_,13.95_13.90_13.85_13.80_13.75_,6_108_130_102_108_
11:42:57,13.95,1,1313,14.00_14.05_14.10_14.15_14.20_,34_30_54_83_67_,13.95_13.90_13.85_13.80_13.75_,6_108_130_102_108_
11:43:12,13.95,1,1313,14.00_14.05_14.10_14.15_14.20_,34_30_54_83_67_,13.95_13.90_13.85_13.80_13.75_,6_113_130_102_108_
11:44:29,13.95,4,1317,14.00_14.05_14.10_14.15_14.20_,27_42_54_83_67_,13.95_13.90_13.85_13.80_13.75_,3_113_130_102_108_
11:46:22,13.95,4,1317,14.00_14.05_14.10_14.15_14.20_,39_30_54_83_67_,13.95_13.90_13.85_13.80_13.75_,3_113_130_102_108_
11:46:33,13.95,1,1318,14.00_14.05_14.10_14.15_14.20_,39_30_54_83_67_,13.95_13.90_13.85_13.80_13.75_,2_113_130_102_108_
11:47:09,13.95,1,1318,14.00_14.05_14.10_14.15_14.20_,42_30_54_83_67_,13.95_13.90_13.85_13.80_13.75_,2_113_130_102_108_
11:48:30,14.00,10,1471,14.00_14.05_14.10_14.15_14.20_,18_33_51_83_67_,13.90_13.85_13.80_13.75_13.70_,98_105_127_108_43_
11:50:08,14.00,1,1472,14.00_14.05_14.10_14.15_14.20_,14_25_54_83_68_,13.95_13.90_13.85_13.80_13.75_,21_100_131_102_108_
11:50:54,14.00,1,1472,14.00_14.05_14.10_14.15_14.20_,19_27_54_83_68_,13.95_13.90_13.85_13.80_13.75_,26_100_131_102_108_
11:52:16,14.00,1,1472,14.00_14.05_14.10_14.15_14.20_,20_27_54_83_68_,13.95_13.90_13.85_13.80_13.75_,36_100_131_102_108_
11:53:23,14.00,1,1472,14.00_14.05_14.10_14.15_14.20_,20_27_54_83_68_,13.95_13.90_13.85_13.80_13.75_,36_101_130_102_108_
11:54:24,14.00,1,1472,14.00_14.05_14.10_14.15_14.20_,20_27_54_83_68_,13.95_13.90_13.85_13.80_13.75_,38_101_130_102_108_
11:55:05,14.00,1,1473,14.00_14.05_14.10_14.15_14.20_,19_27_54_83_68_,13.95_13.90_13.85_13.80_13.75_,38_101_130_102_108_
11:55:10,14.00,1,1473,14.00_14.05_14.10_14.15_14.20_,19_27_54_83_68_,13.95_13.90_13.85_13.80_13.75_,49_89_130_102_108_
11:57:08,14.00,1,1474,14.00_14.05_14.10_14.15_14.20_,18_27_54_83_68_,13.95_13.90_13.85_13.80_13.75_,50_88_130_122_108_
11:58:35,14.00,1,1477,14.00_14.05_14.10_14.15_14.20_,15_27_54_83_68_,13.95_13.90_13.85_13.80_13.75_,50_88_130_122_108_
11:59:22,14.00,1,1478,14.00_14.05_14.10_14.15_14.20_,14_27_54_83_68_,13.95_13.90_13.85_13.80_13.75_,50_88_130_122_108_
12:00:49,14.00,1,1479,14.00_14.05_14.10_14.15_14.20_,13_27_54_83_68_,13.95_13.90_13.85_13.80_13.75_,38_100_130_122_108_
12:03:12,14.00,1,1480,14.00_14.05_14.10_14.15_14.20_,27_27_58_83_72_,13.95_13.90_13.85_13.80_13.75_,48_100_130_122_108_
12:03:28,13.95,1,1481,14.00_14.05_14.10_14.15_14.20_,27_27_58_83_72_,13.95_13.90_13.85_13.80_13.75_,47_100_130_122_108_
12:03:53,13.95,2,1483,14.00_14.05_14.10_14.15_14.20_,29_27_58_83_72_,13.95_13.90_13.85_13.80_13.75_,45_100_130_122_108_
12:04:19,13.95,1,1497,14.00_14.05_14.10_14.15_14.20_,29_27_58_83_72_,13.95_13.90_13.85_13.80_13.75_,31_100_130_122_108_
12:05:36,13.95,1,1502,14.00_14.05_14.10_14.15_14.20_,28_27_58_83_72_,13.95_13.90_13.85_13.80_13.75_,27_100_130_122_108_
12:06:02,13.95,1,1503,14.00_14.05_14.10_14.15_14.20_,28_27_58_83_72_,13.95_13.90_13.85_13.80_13.75_,26_100_130_122_108_
12:07:03,13.95,1,1510,14.00_14.05_14.10_14.15_14.20_,27_27_58_83_172_,13.95_13.90_13.85_13.80_13.75_,20_100_130_122_108_
12:07:34,13.95,1,1510,14.00_14.05_14.10_14.15_14.20_,27_27_58_83_272_,13.95_13.90_13.85_13.80_13.75_,20_100_130_122_108_
12:07:45,13.95,1,1511,14.00_14.05_14.10_14.15_14.20_,27_27_58_83_272_,13.95_13.90_13.85_13.80_13.75_,19_100_130_122_108_
12:07:50,13.95,1,1512,14.00_14.05_14.10_14.15_14.20_,27_27_58_83_272_,13.95_13.90_13.85_13.80_13.75_,18_100_130_122_108_
12:07:55,13.95,1,1513,14.00_14.05_14.10_14.15_14.20_,27_27_58_83_272_,13.95_13.90_13.85_13.80_13.75_,17_100_130_122_108_
12:08:00,13.95,2,1515,14.00_14.05_14.10_14.15_14.20_,27_27_58_83_172_,13.95_13.90_13.85_13.80_13.75_,15_100_130_122_108_
12:08:10,13.95,1,1516,14.00_14.05_14.10_14.15_14.20_,27_27_58_83_172_,13.95_13.90_13.85_13.80_13.75_,14_100_130_122_108_
12:08:20,13.95,1,1517,14.00_14.05_14.10_14.15_14.20_,27_27_58_83_172_,13.95_13.90_13.85_13.80_13.75_,13_100_130_122_108_
12:08:25,13.95,1,1517,14.00_14.05_14.10_14.15_14.20_,27_27_58_83_172_,13.95_13.90_13.85_13.80_13.75_,13_101_130_122_108_
12:08:31,13.95,1,1518,14.00_14.05_14.10_14.15_14.20_,27_27_58_83_172_,13.95_13.90_13.85_13.80_13.75_,12_101_130_122_108_
12:08:41,13.95,5,1523,14.00_14.05_14.10_14.15_14.20_,27_27_58_83_172_,13.95_13.90_13.85_13.80_13.75_,7_101_130_122_108_
12:08:46,13.95,5,1523,14.00_14.05_14.10_14.15_14.20_,27_27_58_83_172_,13.95_13.90_13.85_13.80_13.75_,8_101_130_122_108_
12:09:06,13.95,1,1524,14.00_14.05_14.10_14.15_14.20_,27_27_58_83_172_,13.95_13.90_13.85_13.80_13.75_,7_101_130_122_108_
12:09:22,13.95,1,1524,14.00_14.05_14.10_14.15_14.20_,31_27_58_83_172_,13.95_13.90_13.85_13.80_13.75_,7_101_130_122_108_
12:09:27,13.95,1,1524,14.00_14.05_14.10_14.15_14.20_,31_27_58_83_172_,13.95_13.90_13.85_13.80_13.75_,17_101_130_122_108_
12:09:42,13.95,1,1524,14.00_14.05_14.10_14.15_14.20_,31_27_58_83_172_,13.95_13.90_13.85_13.80_13.75_,17_101_131_122_108_
12:10:08,13.95,1,1525,14.00_14.05_14.10_14.15_14.20_,31_27_58_83_172_,13.95_13.90_13.85_13.80_13.75_,17_101_131_122_108_
12:10:39,13.95,5,1530,14.00_14.05_14.10_14.15_14.20_,31_27_58_83_172_,13.95_13.90_13.85_13.80_13.75_,19_101_131_122_108_
12:11:45,13.95,3,1533,14.00_14.05_14.10_14.15_14.20_,31_27_58_83_172_,13.95_13.90_13.85_13.80_13.75_,17_101_131_122_108_
12:13:13,13.95,3,1536,14.00_14.05_14.10_14.15_14.20_,31_27_58_83_172_,13.95_13.90_13.85_13.80_13.75_,14_101_131_122_108_
12:13:18,13.95,14,1550,14.00_14.05_14.10_14.15_14.20_,31_27_58_83_172_,13.90_13.85_13.80_13.75_13.70_,101_131_122_108_42_
12:13:23,13.90,39,1589,14.00_14.05_14.10_14.15_14.20_,31_30_55_83_172_,13.90_13.85_13.80_13.75_13.70_,60_106_146_108_42_
12:14:56,13.90,1,1590,14.00_14.05_14.10_14.15_14.20_,31_30_55_83_172_,13.90_13.85_13.80_13.75_13.70_,63_106_146_108_43_
12:16:59,13.90,1,1593,14.00_14.05_14.10_14.15_14.20_,31_30_56_83_172_,13.90_13.85_13.80_13.75_13.70_,60_106_146_108_43_
12:17:14,13.90,2,1595,14.00_14.05_14.10_14.15_14.20_,31_30_56_83_172_,13.90_13.85_13.80_13.75_13.70_,58_106_146_108_43_
12:17:24,13.90,1,1596,14.00_14.05_14.10_14.15_14.20_,31_30_56_83_172_,13.90_13.85_13.80_13.75_13.70_,57_106_146_108_43_
12:18:05,13.90,1,1596,13.95_14.00_14.05_14.10_14.15_,2_31_30_56_83_,13.90_13.85_13.80_13.75_13.70_,57_106_146_108_45_
12:18:31,13.90,1,1596,13.95_14.00_14.05_14.10_14.15_,4_29_30_56_83_,13.90_13.85_13.80_13.75_13.70_,57_106_147_108_45_
12:18:46,13.90,1,1596,13.95_14.00_14.05_14.10_14.15_,4_29_30_56_83_,13.90_13.85_13.80_13.75_13.70_,56_107_148_108_45_
12:19:27,13.90,1,1596,13.95_14.00_14.05_14.10_14.15_,4_29_30_56_83_,13.90_13.85_13.80_13.75_13.70_,56_107_146_108_45_
12:20:13,13.90,1,1596,13.95_14.00_14.05_14.10_14.15_,5_29_30_56_83_,13.90_13.85_13.80_13.75_13.70_,56_107_146_108_45_
12:21:05,13.90,1,1597,13.95_14.00_14.05_14.10_14.15_,5_29_30_56_83_,13.90_13.85_13.80_13.75_13.70_,55_107_146_108_45_
12:21:40,13.90,1,1597,13.95_14.00_14.05_14.10_14.15_,5_31_30_56_83_,13.90_13.85_13.80_13.75_13.70_,55_107_146_108_45_
12:22:37,13.95,1,1605,13.95_14.00_14.05_14.10_14.15_,4_33_30_56_83_,13.90_13.85_13.80_13.75_13.70_,48_107_146_108_45_
12:22:47,13.95,1,1605,13.95_14.00_14.05_14.10_14.15_,4_33_30_56_83_,13.90_13.85_13.80_13.75_13.70_,49_107_146_108_45_
12:25:57,13.95,1,1605,13.95_14.00_14.05_14.10_14.15_,5_33_30_56_83_,13.90_13.85_13.80_13.75_13.70_,52_107_146_108_45_
12:27:04,13.90,1,1607,13.95_14.00_14.05_14.10_14.15_,5_33_30_56_83_,13.90_13.85_13.80_13.75_13.70_,51_107_146_108_45_
12:27:14,13.90,1,1607,13.95_14.00_14.05_14.10_14.15_,6_33_30_56_83_,13.90_13.85_13.80_13.75_13.70_,51_107_146_108_45_
12:27:19,13.90,1,1608,13.95_14.00_14.05_14.10_14.15_,6_33_30_56_83_,13.90_13.85_13.80_13.75_13.70_,50_107_146_108_45_
12:28:15,13.90,1,1610,13.95_14.00_14.05_14.10_14.15_,6_33_30_56_83_,13.90_13.85_13.80_13.75_13.70_,48_107_146_108_45_
12:28:36,13.90,1,1610,13.95_14.00_14.05_14.10_14.15_,6_39_30_56_83_,13.90_13.85_13.80_13.75_13.70_,48_107_146_108_45_
12:28:41,13.90,1,1610,13.95_14.00_14.05_14.10_14.15_,5_39_30_56_83_,13.90_13.85_13.80_13.75_13.70_,48_107_146_108_45_
12:28:46,13.90,1,1610,13.95_14.00_14.05_14.10_14.15_,3_39_30_56_83_,13.90_13.85_13.80_13.75_13.70_,48_107_146_108_45_
12:28:51,13.90,1,1611,13.95_14.00_14.05_14.10_14.15_,3_39_30_56_83_,13.90_13.85_13.80_13.75_13.70_,47_107_146_108_45_
12:28:56,13.90,2,1613,13.95_14.00_14.05_14.10_14.15_,3_39_30_56_83_,13.90_13.85_13.80_13.75_13.70_,45_107_146_108_45_
12:29:37,13.95,2,1616,14.00_14.05_14.10_14.15_14.20_,39_30_56_83_172_,13.90_13.85_13.80_13.75_13.70_,45_107_146_108_45_
12:29:48,13.95,2,1616,13.95_14.00_14.05_14.10_14.15_,1_39_30_56_83_,13.90_13.85_13.80_13.75_13.70_,45_107_147_108_45_
12:31:20,13.90,39,1660,14.00_14.05_14.10_14.15_14.20_,43_30_56_83_172_,13.90_13.85_13.80_13.75_13.70_,8_106_147_108_45_
12:31:40,13.90,39,1660,14.00_14.05_14.10_14.15_14.20_,44_30_56_83_172_,13.90_13.85_13.80_13.75_13.70_,8_106_147_108_45_
12:32:11,13.85,18,1686,13.90_13.95_14.00_14.05_14.10_,8_10_32_27_56_,13.85_13.80_13.75_13.70_13.65_,100_122_132_45_18_
12:34:35,13.90,10,1696,13.95_14.00_14.05_14.10_14.15_,20_31_30_56_83_,13.90_13.85_13.80_13.75_13.70_,2_100_147_108_46_
12:34:55,13.90,10,1696,13.95_14.00_14.05_14.10_14.15_,20_31_30_56_83_,13.90_13.85_13.80_13.75_13.70_,2_102_147_108_45_
12:35:36,13.90,10,1696,13.95_14.00_14.05_14.10_14.15_,21_31_30_56_83_,13.90_13.85_13.80_13.75_13.70_,5_102_147_108_45_
12:37:50,13.90,1,1697,13.95_14.00_14.05_14.10_14.15_,21_31_30_56_83_,13.90_13.85_13.80_13.75_13.70_,4_102_147_108_45_
12:38:36,13.90,1,1697,13.95_14.00_14.05_14.10_14.15_,16_31_30_56_83_,13.90_13.85_13.80_13.75_13.70_,4_102_152_108_45_
12:40:03,13.90,1,1697,13.95_14.00_14.05_14.10_14.15_,26_31_30_56_83_,13.90_13.85_13.80_13.75_13.70_,8_102_152_108_43_
12:41:09,13.95,1,1698,13.95_14.00_14.05_14.10_14.15_,25_31_30_56_83_,13.90_13.85_13.80_13.75_13.70_,7_102_152_108_43_
12:41:30,13.95,1,1698,13.95_14.00_14.05_14.10_14.15_,25_31_32_56_83_,13.90_13.85_13.80_13.75_13.70_,7_102_152_108_43_
12:42:21,13.95,127,1850,13.95_14.00_14.05_14.10_14.15_,44_31_32_56_83_,13.90_13.85_13.80_13.75_13.70_,5_102_151_108_43_
12:42:31,13.95,127,1850,13.95_14.00_14.05_14.10_14.15_,23_31_32_56_83_,13.90_13.85_13.80_13.75_13.70_,5_102_151_108_43_
12:43:17,13.95,127,1850,13.95_14.00_14.05_14.10_14.15_,26_29_32_56_83_,13.90_13.85_13.80_13.75_13.70_,10_107_151_108_43_
12:43:23,13.95,127,1850,13.95_14.00_14.05_14.10_14.15_,26_29_32_56_83_,13.90_13.85_13.80_13.75_13.70_,11_107_151_108_43_
12:43:43,13.95,127,1850,13.95_14.00_14.05_14.10_14.15_,31_29_34_56_83_,13.90_13.85_13.80_13.75_13.70_,11_107_156_108_43_
12:44:19,13.90,1,1851,13.95_14.00_14.05_14.10_14.15_,31_29_34_56_83_,13.90_13.85_13.80_13.75_13.70_,10_107_156_108_43_
12:44:24,13.90,1,1852,13.95_14.00_14.05_14.10_14.15_,31_29_34_56_83_,13.90_13.85_13.80_13.75_13.70_,9_107_156_108_43_
12:45:05,13.90,5,1888,13.95_14.00_14.05_14.10_14.15_,28_32_34_56_83_,13.90_13.85_13.80_13.75_13.70_,4_106_156_109_43_
12:45:26,13.90,1,1889,13.95_14.00_14.05_14.10_14.15_,28_32_34_56_83_,13.90_13.85_13.80_13.75_13.70_,3_107_156_108_43_
12:46:12,13.85,18,1910,13.90_13.95_14.00_14.05_14.10_,20_28_32_31_56_,13.85_13.80_13.75_13.70_13.65_,89_132_132_43_15_
12:46:32,13.85,18,1910,13.95_14.00_14.05_14.10_14.15_,8_32_31_56_83_,13.85_13.80_13.75_13.70_13.65_,89_132_132_43_15_
12:46:42,13.85,18,1910,13.95_14.00_14.05_14.10_14.15_,8_32_31_56_83_,13.85_13.80_13.75_13.70_13.65_,90_132_132_43_15_
12:49:06,13.85,18,1910,13.90_13.95_14.00_14.05_14.10_,1_8_32_31_56_,13.85_13.80_13.75_13.70_13.65_,91_132_132_43_15_
12:49:37,13.85,10,1920,13.90_13.95_14.00_14.05_14.10_,2_8_32_31_56_,13.85_13.80_13.75_13.70_13.65_,101_132_132_43_15_
12:49:42,13.85,10,1920,13.90_13.95_14.00_14.05_14.10_,2_8_32_31_56_,13.85_13.80_13.75_13.70_13.65_,101_132_132_52_15_
12:50:38,13.90,4,1926,13.95_14.00_14.05_14.10_14.15_,8_31_34_56_83_,13.90_13.85_13.80_13.75_13.70_,16_100_156_108_52_
12:51:24,13.90,4,1926,13.95_14.00_14.05_14.10_14.15_,18_32_34_56_83_,13.90_13.85_13.80_13.75_13.70_,16_100_156_108_54_
12:52:05,13.90,5,1931,13.95_14.00_14.05_14.10_14.15_,56_32_34_56_83_,13.90_13.85_13.80_13.75_13.70_,11_100_156_108_54_
12:52:10,13.90,8,1939,13.95_14.00_14.05_14.10_14.15_,56_32_34_56_83_,13.90_13.85_13.80_13.75_13.70_,3_100_156_108_54_
12:52:26,13.90,8,1939,13.95_14.00_14.05_14.10_14.15_,76_32_34_56_83_,13.90_13.85_13.80_13.75_13.70_,3_100_156_108_54_
12:52:36,13.90,8,1939,13.95_14.00_14.05_14.10_14.15_,77_32_34_56_83_,13.90_13.85_13.80_13.75_13.70_,3_100_156_108_54_
12:53:07,13.85,18,1960,13.95_14.00_14.05_14.10_14.15_,77_35_31_56_83_,13.85_13.80_13.75_13.70_13.65_,83_132_132_54_15_
12:53:28,13.85,18,1960,13.95_14.00_14.05_14.10_14.15_,77_35_31_56_83_,13.85_13.80_13.75_13.70_13.65_,83_132_132_55_15_
12:53:33,13.85,18,1960,13.95_14.00_14.05_14.10_14.15_,80_35_31_56_83_,13.85_13.80_13.75_13.70_13.65_,83_132_132_55_15_
12:53:38,13.85,18,1960,13.95_14.00_14.05_14.10_14.15_,80_35_31_56_83_,13.85_13.80_13.75_13.70_13.65_,84_132_132_55_15_
12:54:39,13.90,5,1965,13.90_13.95_14.00_14.05_14.10_,11_76_35_31_56_,13.85_13.80_13.75_13.70_13.65_,72_144_132_55_15_
12:55:51,13.90,5,1965,13.90_13.95_14.00_14.05_14.10_,10_76_35_31_56_,13.85_13.80_13.75_13.70_13.65_,72_144_132_55_15_
12:56:17,13.85,3,1968,13.90_13.95_14.00_14.05_14.10_,10_76_35_31_56_,13.85_13.80_13.75_13.70_13.65_,69_149_132_55_15_
12:57:03,13.85,3,1968,13.90_13.95_14.00_14.05_14.10_,11_76_35_31_56_,13.85_13.80_13.75_13.70_13.65_,69_147_132_55_15_
12:57:19,13.85,3,1968,13.90_13.95_14.00_14.05_14.10_,15_76_35_31_56_,13.85_13.80_13.75_13.70_13.65_,69_147_132_55_15_
12:57:54,13.85,3,1968,13.90_13.95_14.00_14.05_14.10_,15_76_35_31_56_,13.85_13.80_13.75_13.70_13.65_,69_147_132_55_13_
12:59:42,13.85,1,1989,13.90_13.95_14.00_14.05_14.10_,13_76_35_31_56_,13.85_13.80_13.75_13.70_13.65_,60_147_132_55_13_
13:00:23,13.85,1,1989,13.90_13.95_14.00_14.05_14.10_,13_76_35_29_56_,13.85_13.80_13.75_13.70_13.65_,60_147_132_55_13_
13:00:28,13.85,1,1989,13.90_13.95_14.00_14.05_14.10_,13_76_37_29_56_,13.85_13.80_13.75_13.70_13.65_,60_147_132_55_13_
13:00:53,13.90,10,1999,13.90_13.95_14.00_14.05_14.10_,3_76_37_29_56_,13.85_13.80_13.75_13.70_13.65_,60_147_132_55_13_
13:01:14,13.85,10,2009,13.90_13.95_14.00_14.05_14.10_,4_76_37_29_56_,13.85_13.80_13.75_13.70_13.65_,50_147_132_55_13_
13:03:32,13.90,1,2010,13.90_13.95_14.00_14.05_14.10_,3_76_37_29_56_,13.85_13.80_13.75_13.70_13.65_,63_147_132_55_13_
13:04:54,13.90,1,2010,13.90_13.95_14.00_14.05_14.10_,4_76_37_29_56_,13.85_13.80_13.75_13.70_13.65_,64_147_132_57_13_
13:05:46,13.90,1,2011,13.90_13.95_14.00_14.05_14.10_,6_45_37_29_56_,13.85_13.80_13.75_13.70_13.65_,64_147_132_57_13_
13:06:21,13.90,1,2011,13.90_13.95_14.00_14.05_14.10_,3_45_37_29_56_,13.85_13.80_13.75_13.70_13.65_,64_147_132_57_13_
13:06:32,13.85,3,2014,13.90_13.95_14.00_14.05_14.10_,2_45_37_29_56_,13.85_13.80_13.75_13.70_13.65_,61_147_132_57_13_
13:06:37,13.85,1,2015,13.90_13.95_14.00_14.05_14.10_,2_45_37_29_56_,13.85_13.80_13.75_13.70_13.65_,60_147_132_57_13_
13:06:42,13.85,1,2015,13.90_13.95_14.00_14.05_14.10_,2_25_37_29_56_,13.85_13.80_13.75_13.70_13.65_,60_147_132_57_13_
13:06:52,13.90,1,2016,13.90_13.95_14.00_14.05_14.10_,21_25_37_29_56_,13.85_13.80_13.75_13.70_13.65_,60_147_132_57_13_
13:09:36,13.90,1,2022,13.90_13.95_14.00_14.05_14.10_,20_30_37_29_56_,13.85_13.80_13.75_13.70_13.65_,60_147_132_57_13_
13:10:17,13.85,30,2072,13.90_13.95_14.00_14.05_14.10_,10_30_37_29_56_,13.85_13.80_13.75_13.70_13.65_,20_147_132_57_13_
13:10:27,13.85,30,2072,13.90_13.95_14.00_14.05_14.10_,10_30_37_29_56_,13.85_13.80_13.75_13.70_13.65_,19_147_132_57_13_
13:10:48,13.85,30,2072,13.90_13.95_14.00_14.05_14.10_,41_30_37_29_56_,13.85_13.80_13.75_13.70_13.65_,19_147_132_57_13_
13:11:08,13.90,3,2075,13.90_13.95_14.00_14.05_14.10_,38_30_37_29_56_,13.85_13.80_13.75_13.70_13.65_,19_147_132_57_13_
13:11:54,13.90,3,2075,13.90_13.95_14.00_14.05_14.10_,38_30_37_29_56_,13.85_13.80_13.75_13.70_13.65_,69_147_132_57_13_
13:12:00,13.90,1,2076,13.90_13.95_14.00_14.05_14.10_,37_30_37_29_56_,13.85_13.80_13.75_13.70_13.65_,69_147_132_57_13_
13:14:18,13.85,10,2086,13.90_13.95_14.00_14.05_14.10_,37_30_37_29_56_,13.85_13.80_13.75_13.70_13.65_,60_147_132_57_13_
13:14:39,13.85,1,2087,13.90_13.95_14.00_14.05_14.10_,37_30_37_29_56_,13.85_13.80_13.75_13.70_13.65_,59_147_132_57_13_
13:14:44,13.85,31,2118,13.90_13.95_14.00_14.05_14.10_,6_30_37_29_56_,13.85_13.80_13.75_13.70_13.65_,28_147_132_57_13_
13:14:49,13.90,2,2120,13.90_13.95_14.00_14.05_14.10_,4_30_37_29_56_,13.85_13.80_13.75_13.70_13.65_,28_147_132_57_13_
13:16:06,13.90,2,2120,13.90_13.95_14.00_14.05_14.10_,4_30_37_29_56_,13.85_13.80_13.75_13.70_13.65_,90_135_132_57_13_
13:16:52,13.90,2,2120,13.90_13.95_14.00_14.05_14.10_,4_30_37_29_56_,13.85_13.80_13.75_13.70_13.65_,90_130_132_57_13_
13:18:14,13.90,4,2134,13.95_14.00_14.05_14.10_14.15_,30_37_29_56_83_,13.90_13.85_13.80_13.75_13.70_,1_80_130_132_57_
13:18:19,13.90,1,2135,13.95_14.00_14.05_14.10_14.15_,30_34_32_56_83_,13.90_13.85_13.80_13.75_13.70_,2_79_156_108_57_
13:18:29,13.90,1,2135,13.95_14.00_14.05_14.10_14.15_,30_34_33_56_83_,13.90_13.85_13.80_13.75_13.70_,2_79_156_108_57_
13:18:34,13.90,1,2136,13.95_14.00_14.05_14.10_14.15_,30_34_33_56_83_,13.90_13.85_13.80_13.75_13.70_,1_79_156_108_57_
13:19:31,13.90,1,2136,13.95_14.00_14.05_14.10_14.15_,33_34_33_57_83_,13.90_13.85_13.80_13.75_13.70_,1_99_156_108_57_
13:20:32,13.90,1,2136,13.95_14.00_14.05_14.10_14.15_,30_34_33_57_83_,13.90_13.85_13.80_13.75_13.70_,1_99_156_108_57_
13:20:58,13.90,1,2136,13.95_14.00_14.05_14.10_14.15_,31_34_33_57_83_,13.90_13.85_13.80_13.75_13.70_,1_99_156_108_57_
13:22:04,13.95,1,2137,13.95_14.00_14.05_14.10_14.15_,30_34_33_57_83_,13.90_13.85_13.80_13.75_13.70_,1_99_156_108_57_
13:24:58,13.95,1,2177,13.90_13.95_14.00_14.05_14.10_,13_57_37_30_72_,13.85_13.80_13.75_13.70_13.65_,51_130_151_72_28_
13:25:16,13.95,1,2177,13.90_13.95_14.00_14.05_14.10_,6_47_37_30_72_,13.85_13.80_13.75_13.70_13.65_,51_130_151_72_28_
13:25:32,13.95,1,2177,13.90_13.95_14.00_14.05_14.10_,6_47_37_30_72_,13.85_13.80_13.75_13.70_13.65_,54_130_151_139_28_
13:26:08,13.95,1,2177,13.90_13.95_14.00_14.05_14.10_,8_47_37_28_72_,13.85_13.80_13.75_13.70_13.65_,54_130_151_206_28_
13:27:30,13.95,1,2177,13.90_13.95_14.00_14.05_14.10_,8_47_37_28_72_,13.85_13.80_13.75_13.70_13.65_,54_130_151_206_28_
13:29:02,13.95,1,2177,13.90_13.95_14.00_14.05_14.10_,8_47_37_28_72_,13.85_13.80_13.75_13.70_13.65_,54_196_151_206_28_
13:29:07,13.95,1,2177,13.90_13.95_14.00_14.05_14.10_,7_47_37_28_72_,13.85_13.80_13.75_13.70_13.65_,54_196_151_206_28_
13:29:22,13.95,1,2177,14.00_14.05_14.10_14.15_14.20_,37_28_72_98_183_,13.95_13.90_13.85_13.80_13.75_,25_1_54_196_151_
13:29:32,13.95,1,2177,14.00_14.05_14.10_14.15_14.20_,37_28_72_98_183_,13.95_13.90_13.85_13.80_13.75_,25_1_54_166_151_
13:30:00,13.85,141,2318,13.85_13.90_13.95_14.00_14.05_,40_12_47_37_28_,13.80_13.75_13.70_13.65_13.60_,166_151_206_28_19_
