09:00:06,49.90,14,14,49.90_49.95_50.00_50.10_50.20_,2_1_11_10_16_,49.65_49.60_49.50_49.45_49.40_,3_2_1_2_5_
09:00:11,49.90,14,14,49.90_49.95_50.00_50.10_50.20_,4_1_11_10_16_,49.65_49.60_49.50_49.45_49.40_,3_2_1_2_5_
09:00:26,49.90,2,16,49.90_49.95_50.00_50.10_50.20_,2_1_11_10_16_,49.65_49.60_49.50_49.45_49.40_,3_2_1_2_5_
09:00:42,49.90,2,16,49.90_49.95_50.00_50.10_50.20_,2_1_11_10_14_,49.65_49.60_49.50_49.45_49.40_,3_2_1_2_5_
09:00:52,49.90,2,16,49.90_49.95_50.00_50.10_50.20_,2_1_12_10_14_,49.65_49.60_49.50_49.45_49.40_,3_2_1_2_5_
09:01:07,49.90,2,16,49.90_49.95_50.00_50.10_50.20_,3_1_12_10_14_,49.65_49.60_49.50_49.45_49.40_,3_2_1_2_5_
09:01:33,49.90,1,17,49.90_49.95_50.00_50.10_50.20_,2_1_12_10_14_,49.65_49.60_49.50_49.45_49.40_,3_2_1_2_5_
09:01:38,49.90,1,17,49.90_49.95_50.00_50.10_50.20_,2_16_12_10_14_,49.65_49.60_49.50_49.45_49.40_,3_2_1_2_5_
09:01:43,49.90,1,17,49.90_49.95_50.00_50.10_50.20_,3_16_12_10_15_,49.65_49.60_49.50_49.45_49.40_,3_2_1_2_5_
09:01:58,49.90,1,17,49.90_49.95_50.00_50.10_50.20_,2_16_12_10_15_,49.65_49.60_49.50_49.45_49.40_,3_2_1_2_5_
09:02:03,49.90,1,17,49.90_49.95_50.00_50.10_50.20_,3_16_12_10_15_,49.65_49.60_49.50_49.45_49.40_,3_2_1_2_5_
09:02:09,49.90,1,18,49.90_49.95_50.00_50.10_50.20_,3_16_12_10_15_,49.65_49.60_49.50_49.45_49.40_,3_2_1_2_5_
09:02:14,49.90,1,18,49.90_49.95_50.00_50.10_50.20_,3_16_14_10_15_,49.65_49.60_49.50_49.45_49.40_,3_2_1_2_5_
09:02:19,49.90,1,18,49.90_49.95_50.00_50.10_50.20_,6_16_14_10_12_,49.65_49.60_49.50_49.45_49.40_,3_2_1_2_5_
09:02:39,49.90,1,18,49.90_49.95_50.00_50.10_50.20_,7_16_14_10_12_,49.65_49.60_49.50_49.45_49.40_,3_2_1_2_5_
09:02:45,49.90,1,18,49.90_49.95_50.00_50.10_50.20_,7_16_14_13_12_,49.65_49.60_49.50_49.45_49.40_,3_2_1_2_29_
09:03:46,49.90,1,18,49.90_49.95_50.00_50.10_50.20_,8_16_14_13_12_,49.65_49.60_49.50_49.45_49.40_,3_2_1_2_29_
09:03:56,49.65,1,19,49.85_49.90_49.95_50.00_50.10_,1_8_16_14_13_,49.65_49.60_49.50_49.45_49.40_,2_2_1_2_29_
09:04:01,49.65,1,19,49.85_49.90_49.95_50.00_50.10_,3_7_16_14_13_,49.65_49.60_49.50_49.45_49.40_,3_2_1_2_29_
09:04:07,49.65,1,19,49.85_49.90_49.95_50.00_50.10_,3_6_16_14_13_,49.65_49.60_49.50_49.45_49.40_,3_2_1_2_29_
09:04:22,49.65,1,19,49.85_49.90_49.95_50.00_50.10_,3_6_16_14_13_,49.65_49.60_49.55_49.50_49.45_,3_2_1_1_2_
09:04:32,49.65,1,19,49.85_49.90_49.95_50.00_50.10_,3_6_16_14_13_,49.65_49.60_49.55_49.50_49.45_,3_2_1_1_3_
09:05:13,49.65,1,19,49.85_49.90_49.95_50.00_50.10_,3_5_16_14_13_,49.65_49.60_49.55_49.50_49.45_,3_2_1_1_3_
09:05:29,49.65,1,19,49.85_49.90_49.95_50.00_50.10_,3_5_16_14_13_,49.65_49.60_49.55_49.50_49.45_,5_2_1_1_3_
09:05:34,49.65,1,19,49.85_49.90_49.95_50.00_50.10_,3_5_16_14_119_,49.65_49.60_49.55_49.50_49.45_,5_2_1_1_44_
09:05:39,49.65,2,21,49.85_49.90_49.95_50.00_50.10_,3_5_16_14_119_,49.65_49.60_49.55_49.50_49.45_,3_2_1_1_45_
09:05:44,49.85,2,23,49.85_49.90_49.95_50.00_50.10_,1_5_16_14_119_,49.70_49.65_49.60_49.55_49.50_,1_3_2_1_1_
09:05:49,49.85,2,23,49.85_49.90_49.95_50.00_50.10_,1_5_16_14_119_,49.70_49.65_49.60_49.55_49.50_,2_2_2_1_42_
09:05:54,49.85,2,23,49.90_49.95_50.00_50.10_50.20_,5_16_14_119_15_,49.70_49.65_49.60_49.55_49.50_,2_2_2_1_42_
09:06:00,49.85,2,23,49.90_49.95_50.00_50.10_50.20_,5_16_14_13_115_,49.70_49.65_49.60_49.55_49.50_,2_2_2_1_42_
09:06:05,49.85,2,23,49.90_49.95_50.00_50.10_50.20_,6_16_15_13_115_,49.70_49.65_49.60_49.55_49.50_,2_2_2_1_42_
09:06:10,49.85,2,23,49.90_49.95_50.00_50.10_50.20_,6_16_15_14_115_,49.70_49.65_49.60_49.55_49.50_,2_2_2_1_42_
09:06:15,49.85,2,23,49.90_49.95_50.00_50.10_50.20_,6_16_15_14_115_,49.75_49.70_49.65_49.60_49.55_,1_1_2_2_1_
09:06:20,49.85,2,23,49.90_49.95_50.00_50.10_50.20_,6_16_15_11_124_,49.75_49.65_49.60_49.55_49.50_,2_2_2_43_2_
09:06:25,49.85,2,25,49.90_49.95_50.00_50.10_50.20_,6_16_15_11_118_,49.85_49.75_49.65_49.60_49.55_,8_2_2_2_1_
09:06:30,49.90,2,27,49.90_49.95_50.00_50.10_50.20_,4_17_15_11_124_,49.85_49.65_49.60_49.55_49.50_,10_2_2_43_2_
09:06:36,49.90,4,31,49.95_50.00_50.10_50.20_50.30_,17_15_11_118_27_,49.90_49.85_49.65_49.60_49.55_,1_11_2_2_1_
09:06:41,49.95,1,32,49.95_50.00_50.10_50.20_50.30_,17_15_11_18_145_,49.90_49.85_49.65_49.60_49.55_,4_9_2_5_43_
09:06:46,49.90,1,33,49.95_50.00_50.10_50.20_50.30_,17_15_11_18_145_,49.90_49.85_49.65_49.60_49.55_,3_9_2_5_43_
09:06:51,49.90,1,33,49.95_50.00_50.10_50.20_50.30_,7_15_11_18_145_,49.90_49.85_49.65_49.60_49.55_,3_9_2_5_43_
09:06:56,49.90,1,33,49.95_50.00_50.10_50.20_50.30_,8_15_11_18_145_,49.90_49.85_49.65_49.60_49.55_,3_9_2_6_43_
09:07:01,49.95,1,34,49.95_50.00_50.10_50.20_50.30_,8_14_11_18_145_,49.90_49.85_49.65_49.60_49.55_,3_9_2_6_43_
09:07:06,49.95,1,34,49.95_50.00_50.10_50.20_50.30_,9_14_11_18_145_,49.90_49.85_49.65_49.60_49.55_,3_9_2_6_43_
09:07:12,49.90,1,35,49.95_50.00_50.10_50.20_50.30_,9_14_11_18_145_,49.90_49.85_49.65_49.60_49.55_,2_9_2_6_43_
09:07:17,49.90,1,35,49.95_50.00_50.10_50.20_50.30_,9_14_11_18_93_,49.90_49.85_49.65_49.60_49.55_,2_9_2_6_43_
09:07:37,49.90,2,37,49.95_50.00_50.10_50.20_50.30_,9_14_11_18_93_,49.85_49.65_49.60_49.55_49.50_,9_2_3_43_25_
09:07:42,49.90,2,39,49.95_50.00_50.10_50.20_50.30_,9_14_12_21_90_,49.85_49.65_49.60_49.55_49.50_,9_2_2_17_51_
09:07:47,49.90,2,39,49.95_50.00_50.10_50.20_50.30_,9_14_12_21_90_,49.85_49.65_49.60_49.55_49.50_,9_2_2_18_51_
09:08:03,49.90,2,39,49.95_50.00_50.10_50.20_50.30_,9_14_12_21_90_,49.85_49.65_49.60_49.55_49.50_,9_4_2_18_51_
09:08:08,49.90,2,39,49.90_49.95_50.00_50.10_50.20_,1_9_14_12_21_,49.85_49.65_49.60_49.55_49.50_,9_4_2_18_51_
09:08:13,49.90,2,39,49.90_49.95_50.00_50.10_50.20_,4_6_14_12_69_,49.85_49.65_49.60_49.55_49.50_,9_4_2_2_67_
09:08:18,49.90,2,39,49.90_49.95_50.00_50.10_50.20_,6_6_16_12_70_,49.85_49.65_49.60_49.55_49.50_,9_4_2_1_67_
09:08:23,49.90,2,39,49.90_49.95_50.00_50.10_50.20_,6_6_16_12_69_,49.85_49.65_49.60_49.55_49.50_,9_4_4_1_67_
09:08:59,49.90,5,44,49.90_49.95_50.00_50.10_50.20_,1_6_16_13_69_,49.85_49.65_49.60_49.55_49.50_,9_4_4_1_67_
09:09:04,49.95,2,46,49.95_50.00_50.10_50.20_50.30_,5_16_13_69_27_,49.90_49.85_49.65_49.60_49.55_,1_9_4_4_1_
09:09:09,49.95,2,46,49.95_50.00_50.10_50.20_50.30_,6_16_13_18_93_,49.90_49.85_49.65_49.60_49.55_,2_9_6_4_42_
09:09:20,49.95,2,46,49.95_50.00_50.10_50.20_50.30_,5_16_13_18_93_,49.90_49.85_49.65_49.60_49.55_,2_9_6_4_42_
09:09:30,49.95,2,46,49.95_50.00_50.10_50.20_50.30_,5_16_13_20_93_,49.90_49.85_49.65_49.60_49.55_,2_9_6_4_42_
09:09:45,49.95,1,47,49.95_50.00_50.10_50.20_50.30_,4_16_13_20_93_,49.90_49.85_49.65_49.60_49.55_,2_9_6_4_42_
09:09:50,49.95,1,47,49.95_50.00_50.10_50.20_50.30_,5_16_13_20_93_,49.90_49.85_49.65_49.60_49.55_,2_1_6_4_42_
09:09:55,49.95,1,47,49.95_50.00_50.10_50.20_50.30_,5_16_13_20_93_,49.90_49.65_49.60_49.55_49.50_,2_6_4_42_24_
09:10:01,49.95,1,47,49.95_50.00_50.10_50.20_50.30_,5_16_13_20_93_,49.90_49.65_49.60_49.55_49.50_,2_6_5_42_24_
09:10:11,49.95,1,47,49.95_50.00_50.10_50.20_50.30_,7_16_13_20_93_,49.90_49.65_49.60_49.55_49.50_,2_6_5_42_24_
09:10:16,49.95,1,47,49.95_50.00_50.10_50.20_50.30_,7_16_13_20_93_,49.90_49.65_49.60_49.55_49.50_,2_6_5_17_50_
09:10:36,49.95,1,47,49.95_50.00_50.10_50.20_50.30_,8_16_13_20_93_,49.90_49.65_49.60_49.55_49.50_,2_6_5_17_50_
09:10:42,49.95,1,47,49.95_50.00_50.10_50.20_50.30_,8_16_13_20_93_,49.90_49.65_49.60_49.55_49.50_,2_6_8_17_47_
09:10:47,49.95,1,47,49.95_50.00_50.10_50.20_50.30_,8_16_13_20_92_,49.90_49.65_49.60_49.55_49.50_,2_6_8_17_47_
09:10:52,49.95,1,47,49.95_50.00_50.10_50.20_50.30_,18_16_13_20_92_,49.90_49.65_49.60_49.55_49.50_,2_6_8_17_47_
09:10:57,49.95,1,47,49.95_50.00_50.10_50.20_50.30_,18_16_13_20_92_,49.90_49.65_49.60_49.55_49.50_,2_6_9_17_47_
09:11:28,49.90,1,48,49.95_50.00_50.10_50.20_50.30_,18_16_13_20_92_,49.90_49.65_49.60_49.55_49.50_,1_6_9_16_47_
09:11:33,49.95,5,53,49.95_50.00_50.10_50.20_50.30_,13_16_13_20_92_,49.90_49.65_49.60_49.55_49.50_,1_6_9_16_47_
09:11:38,49.95,2,55,49.95_50.00_50.10_50.20_50.30_,11_16_13_20_92_,49.90_49.65_49.60_49.55_49.50_,2_6_9_16_47_
09:11:43,49.95,2,55,49.95_50.00_50.10_50.20_50.30_,11_17_13_20_92_,49.90_49.65_49.60_49.55_49.50_,2_6_9_16_47_
09:11:48,49.95,2,55,49.95_50.00_50.10_50.20_50.30_,1_17_13_20_92_,49.90_49.65_49.60_49.55_49.50_,2_6_9_16_47_
09:12:19,49.95,1,56,50.00_50.10_50.20_50.30_50.40_,17_13_20_92_23_,49.90_49.65_49.60_49.55_49.50_,2_6_9_16_47_
09:12:24,49.95,1,56,50.00_50.10_50.20_50.30_50.40_,17_13_20_86_23_,49.90_49.65_49.60_49.55_49.50_,2_6_25_26_21_
09:12:29,49.95,1,56,50.00_50.10_50.20_50.30_50.40_,18_13_20_86_23_,49.90_49.65_49.60_49.55_49.50_,2_6_25_26_21_
09:12:35,49.95,1,56,50.00_50.10_50.20_50.30_50.40_,18_13_20_86_23_,49.95_49.90_49.65_49.60_49.55_,1_2_6_25_26_
09:12:40,50.00,2,58,50.00_50.10_50.20_50.30_50.40_,16_13_20_86_23_,49.95_49.65_49.60_49.50_49.45_,1_6_51_31_3_
09:12:45,50.00,2,58,50.00_50.10_50.20_50.30_50.40_,16_13_20_86_23_,49.95_49.65_49.60_49.55_49.50_,1_7_24_26_31_
09:12:55,50.00,3,61,50.00_50.10_50.20_50.30_50.40_,13_13_20_86_23_,49.95_49.65_49.60_49.55_49.50_,1_7_24_26_31_
09:13:00,50.00,2,63,50.00_50.10_50.20_50.30_50.40_,13_13_20_88_23_,49.95_49.65_49.60_49.55_49.50_,1_7_24_26_31_
09:13:05,50.00,4,67,50.00_50.10_50.20_50.30_50.40_,10_13_20_88_23_,49.95_49.65_49.60_49.55_49.50_,1_7_24_26_31_
09:13:10,50.00,1,68,50.00_50.10_50.20_50.30_50.40_,9_13_20_98_23_,49.95_49.65_49.60_49.55_49.50_,2_7_24_26_31_
09:13:15,50.00,1,68,50.00_50.10_50.20_50.30_50.40_,9_13_25_98_23_,49.95_49.65_49.60_49.55_49.50_,2_7_24_26_31_
09:13:21,50.00,10,78,50.10_50.20_50.30_50.40_50.50_,13_25_98_23_35_,50.00_49.95_49.65_49.60_49.55_,10_1_7_24_26_
09:13:26,50.10,2,80,50.10_50.20_50.30_50.40_50.50_,10_22_47_83_35_,50.00_49.80_49.70_49.65_49.60_,13_1_3_23_31_
09:13:31,50.10,2,80,50.10_50.20_50.30_50.40_50.50_,11_23_47_83_35_,50.00_49.80_49.70_49.65_49.60_,13_2_3_23_31_
09:13:36,50.00,10,90,50.10_50.20_50.30_50.40_50.50_,11_23_47_83_35_,50.00_49.80_49.70_49.65_49.60_,3_2_3_23_31_
09:13:41,50.10,3,93,50.10_50.20_50.30_50.40_50.50_,8_23_47_84_35_,50.00_49.80_49.70_49.65_49.60_,3_2_3_23_31_
09:13:52,50.10,2,95,50.10_50.20_50.30_50.40_50.50_,6_23_47_84_35_,50.00_49.80_49.70_49.65_49.60_,3_2_3_23_31_
09:13:57,50.10,1,96,50.10_50.20_50.30_50.40_50.50_,5_23_47_84_35_,50.00_49.80_49.70_49.65_49.60_,3_2_4_23_31_
09:14:02,50.10,1,96,50.10_50.20_50.30_50.40_50.50_,6_23_47_84_35_,50.00_49.80_49.70_49.65_49.60_,3_1_4_23_31_
09:14:07,50.10,4,100,50.10_50.20_50.30_50.40_50.50_,3_23_47_84_35_,50.00_49.80_49.70_49.65_49.60_,3_1_4_23_31_
09:14:12,50.00,4,104,50.00_50.10_50.20_50.30_50.40_,1_13_23_47_84_,49.80_49.70_49.65_49.60_49.50_,1_5_23_31_31_
09:14:17,50.10,10,114,50.10_50.20_50.30_50.40_50.50_,6_83_46_24_35_,49.85_49.80_49.75_49.70_49.65_,2_1_1_3_6_
09:14:22,50.10,10,114,50.10_50.20_50.30_50.40_50.50_,6_27_97_23_35_,49.85_49.80_49.75_49.70_49.65_,4_2_1_4_46_
09:14:33,50.10,10,114,50.10_50.20_50.30_50.40_50.50_,6_27_97_23_35_,50.00_49.85_49.80_49.75_49.70_,1_4_2_1_4_
09:14:38,50.10,10,114,50.10_50.20_50.30_50.40_50.50_,7_24_46_83_35_,50.00_49.95_49.85_49.80_49.70_,4_1_1_1_50_
09:14:43,50.10,5,119,50.10_50.20_50.30_50.40_50.50_,2_24_46_84_35_,50.00_49.95_49.85_49.80_49.70_,6_1_1_1_49_
09:14:48,50.10,5,119,50.10_50.20_50.30_50.40_50.50_,3_24_46_85_35_,50.00_49.95_49.85_49.80_49.70_,8_3_1_2_49_
09:14:53,50.10,5,119,50.10_50.20_50.30_50.40_50.50_,3_24_46_85_34_,50.00_49.95_49.85_49.80_49.70_,8_3_1_2_49_
09:14:58,50.10,5,124,50.20_50.30_50.40_50.50_50.60_,24_46_85_34_23_,50.00_49.95_49.85_49.80_49.70_,7_1_1_2_49_
09:15:03,50.10,2,126,50.10_50.20_50.30_50.40_50.50_,8_24_46_82_38_,50.00_49.95_49.85_49.80_49.70_,5_1_1_2_49_
09:15:08,50.10,3,129,50.10_50.20_50.30_50.40_50.50_,6_24_46_84_35_,50.00_49.95_49.85_49.80_49.70_,5_1_1_2_49_
09:15:13,50.10,3,129,50.10_50.20_50.30_50.40_50.50_,6_24_46_84_35_,50.00_49.95_49.85_49.80_49.70_,6_1_1_2_49_
09:15:24,50.10,1,130,50.10_50.20_50.30_50.40_50.50_,6_24_46_84_36_,50.00_49.95_49.85_49.80_49.70_,7_1_1_2_49_
09:15:29,50.10,1,131,50.10_50.20_50.30_50.40_50.50_,5_24_46_84_36_,50.00_49.95_49.85_49.80_49.70_,9_1_1_2_49_
09:15:39,50.10,1,132,50.10_50.20_50.30_50.40_50.50_,4_24_46_84_36_,50.00_49.95_49.85_49.80_49.70_,9_1_1_2_49_
09:15:44,50.10,1,133,50.10_50.20_50.30_50.40_50.50_,3_24_46_84_36_,50.00_49.95_49.85_49.80_49.70_,9_1_1_2_49_
09:15:49,50.10,2,135,50.10_50.20_50.30_50.40_50.50_,11_24_46_84_36_,50.00_49.95_49.85_49.80_49.70_,9_1_1_2_49_
09:15:55,50.00,1,136,50.10_50.20_50.30_50.40_50.50_,11_24_46_85_36_,50.00_49.95_49.85_49.80_49.70_,8_2_1_2_49_
09:16:15,50.10,1,137,50.10_50.20_50.30_50.40_50.50_,10_24_46_85_36_,50.00_49.95_49.85_49.80_49.70_,9_2_1_2_48_
09:16:20,50.00,2,139,50.10_50.20_50.30_50.40_50.50_,10_24_46_85_36_,50.00_49.95_49.85_49.80_49.70_,7_3_1_2_48_
09:16:25,50.00,2,139,50.10_50.20_50.30_50.40_50.50_,13_24_46_85_36_,50.00_49.95_49.85_49.80_49.70_,7_3_1_2_48_
09:16:30,50.00,1,140,50.10_50.20_50.30_50.40_50.50_,13_24_46_85_36_,50.00_49.95_49.85_49.80_49.70_,6_3_1_2_48_
09:16:36,50.00,3,143,50.10_50.20_50.30_50.40_50.50_,13_24_46_85_36_,50.00_49.95_49.85_49.80_49.70_,5_3_1_2_48_
09:16:41,50.00,3,143,50.10_50.20_50.30_50.40_50.50_,13_24_46_85_36_,50.00_49.95_49.85_49.80_49.70_,7_2_1_2_47_
09:16:46,50.00,3,143,50.10_50.20_50.30_50.40_50.50_,13_25_46_85_36_,50.00_49.95_49.85_49.80_49.70_,7_2_1_2_47_
09:17:01,50.00,3,143,50.10_50.20_50.30_50.40_50.50_,14_25_46_85_36_,50.00_49.95_49.85_49.80_49.70_,7_2_1_2_47_
09:17:11,50.00,1,144,50.10_50.20_50.30_50.40_50.50_,14_25_46_85_36_,50.00_49.95_49.85_49.80_49.70_,6_2_1_4_47_
09:17:22,50.00,1,145,50.10_50.20_50.30_50.40_50.50_,14_25_46_85_36_,50.00_49.95_49.85_49.80_49.70_,5_2_1_4_47_
09:17:32,50.00,1,146,50.10_50.20_50.30_50.40_50.50_,14_25_46_85_36_,50.00_49.95_49.85_49.80_49.70_,4_2_1_4_47_
09:17:37,50.00,4,150,50.00_50.10_50.20_50.30_50.40_,6_14_25_46_85_,49.95_49.85_49.80_49.70_49.65_,3_1_4_47_6_
09:17:42,50.00,2,152,50.00_50.10_50.20_50.30_50.40_,4_15_27_97_25_,49.95_49.90_49.85_49.80_49.70_,1_1_1_4_1_
09:17:47,49.90,2,154,49.95_50.00_50.10_50.20_50.30_,3_4_12_27_104_,49.85_49.80_49.70_49.65_49.60_,1_4_44_6_6_
09:17:52,49.90,2,154,49.95_50.00_50.10_50.20_50.30_,3_4_12_30_101_,49.90_49.85_49.80_49.70_49.65_,1_1_4_1_6_
09:17:58,49.90,2,154,49.95_50.00_50.10_50.20_50.30_,3_4_12_27_98_,49.90_49.85_49.80_49.70_49.65_,1_1_4_1_49_
09:18:03,49.90,1,155,49.90_50.00_50.10_50.20_50.30_,2_4_12_27_98_,49.85_49.80_49.70_49.65_49.60_,1_4_1_49_6_
09:18:08,49.90,1,155,49.90_50.00_50.10_50.20_50.30_,2_5_12_84_47_,49.85_49.80_49.70_49.65_49.60_,1_4_1_6_49_
09:18:18,49.90,1,155,49.90_50.00_50.10_50.20_50.30_,2_6_12_84_47_,49.85_49.80_49.70_49.65_49.60_,1_4_1_6_49_
09:18:23,49.90,1,155,49.90_50.00_50.10_50.20_50.30_,2_6_12_85_47_,49.85_49.80_49.70_49.65_49.60_,1_4_1_6_49_
09:18:28,49.90,1,155,50.00_50.10_50.20_50.30_50.40_,6_12_85_47_24_,49.85_49.80_49.70_49.65_49.60_,1_4_1_6_49_
09:18:33,49.80,5,160,49.80_50.00_50.10_50.20_50.30_,5_6_12_28_98_,49.70_49.65_49.60_49.50_49.45_,1_6_49_22_4_
09:18:38,49.80,2,162,49.80_49.95_50.00_50.10_50.20_,3_1_9_69_25_,49.75_49.70_49.65_49.60_49.50_,1_1_6_3_22_
09:18:44,49.80,2,162,49.80_49.95_50.00_50.10_50.20_,3_1_14_64_25_,49.75_49.70_49.65_49.60_49.50_,2_1_6_3_65_
09:18:54,49.75,2,164,49.80_49.95_50.00_50.10_50.20_,5_1_15_16_78_,49.75_49.70_49.65_49.60_49.50_,1_1_7_3_65_
09:18:59,49.75,2,164,49.80_49.95_50.00_50.10_50.20_,5_1_15_16_78_,49.75_49.70_49.65_49.60_49.50_,1_1_7_4_66_
09:19:04,49.75,2,164,49.80_49.95_50.00_50.10_50.20_,5_1_15_16_78_,49.75_49.70_49.65_49.60_49.50_,1_1_7_4_69_
09:19:09,49.75,1,165,49.80_49.95_50.00_50.10_50.20_,5_1_15_16_78_,49.70_49.65_49.60_49.50_49.45_,1_7_4_69_4_
09:19:14,49.75,1,165,49.80_49.95_50.00_50.10_50.20_,5_1_15_64_24_,49.70_49.65_49.60_49.50_49.45_,1_7_4_23_47_
09:19:30,49.75,1,165,49.80_49.95_50.00_50.10_50.20_,6_1_15_64_24_,49.70_49.65_49.60_49.50_49.45_,1_7_4_23_47_
09:20:05,49.75,1,165,49.80_50.00_50.10_50.20_50.30_,6_15_64_24_45_,49.70_49.65_49.60_49.50_49.45_,1_7_4_23_47_
09:20:11,49.75,1,165,49.80_50.00_50.10_50.20_50.30_,6_15_65_24_45_,49.70_49.65_49.60_49.50_49.45_,1_7_4_23_47_
09:20:16,49.70,1,166,49.70_49.80_50.00_50.10_50.20_,1_6_15_65_24_,49.65_49.60_49.50_49.45_49.40_,7_4_23_47_8_
09:20:21,49.70,1,166,49.70_49.80_50.00_50.10_50.20_,1_3_18_68_24_,49.65_49.60_49.50_49.45_49.40_,7_5_23_4_53_
09:20:26,49.70,1,166,49.70_49.80_50.00_50.10_50.20_,4_4_18_68_23_,49.65_49.60_49.50_49.45_49.40_,7_5_23_4_53_
09:20:52,49.65,1,167,49.70_49.80_49.90_50.00_50.10_,4_4_3_15_68_,49.65_49.60_49.50_49.45_49.40_,6_5_23_4_53_
09:20:57,49.65,1,167,49.70_49.80_49.90_50.00_50.10_,3_4_3_15_68_,49.65_49.60_49.50_49.45_49.40_,6_5_23_4_53_
09:21:02,49.65,4,171,49.70_49.80_49.90_50.00_50.10_,3_4_3_15_68_,49.65_49.60_49.50_49.45_49.40_,2_5_23_4_53_
09:21:07,49.70,3,174,49.80_49.90_50.00_50.10_50.20_,4_3_15_68_23_,49.70_49.65_49.60_49.50_49.45_,1_2_5_23_4_
09:21:12,49.70,1,175,49.80_50.00_50.10_50.20_50.30_,4_15_71_23_45_,49.65_49.60_49.50_49.45_49.40_,2_4_23_49_8_
09:21:17,49.70,1,175,49.80_50.00_50.10_50.20_50.30_,5_15_65_23_45_,49.65_49.60_49.50_49.45_49.40_,2_4_23_4_53_
09:21:27,49.70,1,175,49.80_50.00_50.10_50.20_50.30_,5_15_65_23_45_,49.65_49.60_49.50_49.45_49.40_,3_4_23_4_53_
09:21:38,49.70,1,175,49.80_50.00_50.10_50.20_50.30_,5_15_65_23_45_,49.65_49.60_49.50_49.45_49.40_,6_4_23_4_53_
09:21:48,49.65,1,176,49.80_50.00_50.10_50.20_50.30_,5_15_65_23_45_,49.65_49.60_49.50_49.45_49.40_,5_4_23_5_53_
09:21:53,49.65,1,176,49.80_50.00_50.10_50.20_50.30_,5_15_65_23_45_,49.65_49.60_49.50_49.45_49.40_,7_4_23_5_53_
09:22:03,49.65,1,176,49.80_50.00_50.10_50.20_50.30_,5_15_65_23_45_,49.70_49.65_49.60_49.50_49.45_,1_7_4_23_5_
09:22:08,49.65,1,176,49.80_50.00_50.10_50.20_50.30_,5_15_71_23_45_,49.70_49.65_49.60_49.50_49.45_,2_7_4_23_48_
09:22:19,49.65,1,176,49.80_50.00_50.10_50.20_50.30_,5_15_71_23_45_,49.70_49.65_49.60_49.50_49.45_,2_8_4_23_48_
09:22:24,49.80,3,179,49.80_50.00_50.10_50.20_50.30_,2_15_71_23_45_,49.70_49.65_49.60_49.50_49.45_,2_8_4_23_48_
09:22:29,49.80,3,179,49.80_50.00_50.10_50.20_50.30_,2_15_71_23_45_,49.75_49.70_49.65_49.60_49.50_,1_2_8_4_23_
09:22:34,49.80,3,179,49.80_50.00_50.10_50.20_50.30_,2_15_65_23_45_,49.75_49.70_49.65_49.60_49.50_,1_3_8_4_66_
09:22:44,49.80,3,179,49.80_50.00_50.10_50.20_50.30_,2_15_65_23_46_,49.75_49.70_49.65_49.60_49.50_,1_3_8_4_66_
09:23:00,49.80,3,179,49.80_50.00_50.10_50.20_50.30_,2_15_65_23_46_,49.75_49.70_49.65_49.60_49.50_,1_3_8_4_69_
09:23:10,49.70,5,184,49.70_49.80_50.00_50.10_50.20_,5_2_15_65_23_,49.65_49.60_49.50_49.45_49.40_,8_4_69_5_5_
09:23:15,49.70,2,186,49.70_49.80_49.90_50.00_50.10_,4_1_3_16_68_,49.65_49.60_49.50_49.45_49.40_,8_4_23_5_51_
09:23:20,49.70,2,186,49.70_49.80_49.90_50.00_50.10_,5_1_3_17_68_,49.65_49.60_49.50_49.45_49.40_,9_4_23_5_51_
09:23:41,49.65,3,189,49.70_49.80_49.90_50.00_50.10_,5_1_3_17_68_,49.65_49.60_49.50_49.45_49.40_,6_4_23_5_51_
09:23:51,49.65,3,189,49.70_49.80_49.90_50.00_50.10_,5_1_3_17_68_,49.65_49.60_49.50_49.45_49.40_,6_4_23_5_53_
09:24:01,49.65,3,189,49.70_49.90_50.00_50.10_50.20_,6_3_17_68_23_,49.65_49.60_49.50_49.45_49.40_,6_4_23_5_53_
09:24:17,49.65,3,192,49.70_49.90_50.00_50.10_50.20_,6_3_17_68_23_,49.65_49.60_49.50_49.45_49.40_,3_4_28_5_50_
09:24:22,49.65,1,193,49.70_49.90_50.00_50.10_50.20_,6_3_17_68_23_,49.65_49.60_49.50_49.45_49.40_,3_4_29_5_50_
09:24:32,49.65,3,196,49.65_49.70_49.90_50.00_50.10_,6_6_3_17_68_,49.60_49.50_49.45_49.40_49.20_,4_29_5_50_16_
09:24:37,49.65,1,197,49.65_49.70_49.80_49.95_50.00_,7_5_5_3_66_,49.60_49.50_49.45_49.40_49.25_,4_24_5_12_17_
09:24:42,49.65,1,197,49.65_49.70_49.80_49.95_50.00_,8_5_5_3_72_,49.60_49.50_49.45_49.40_49.25_,4_24_5_29_26_
09:24:47,49.65,1,197,49.65_49.70_49.80_49.95_50.00_,8_5_5_3_72_,49.60_49.50_49.45_49.40_49.30_,4_24_5_38_17_
09:24:53,49.65,8,205,49.70_49.80_49.95_50.00_50.10_,5_5_3_72_12_,49.65_49.60_49.50_49.45_49.40_,5_4_24_5_38_
09:24:58,49.65,8,205,49.70_49.90_50.00_50.10_50.20_,5_5_21_66_23_,49.65_49.60_49.50_49.45_49.40_,8_4_24_5_55_
09:25:03,49.65,1,206,49.70_49.90_50.00_50.10_50.20_,5_5_21_68_23_,49.65_49.60_49.50_49.45_49.40_,7_4_29_5_50_
09:25:13,49.65,1,206,49.70_49.90_50.00_50.10_50.20_,5_5_22_68_23_,49.65_49.60_49.50_49.45_49.40_,7_4_29_5_50_
09:25:34,49.60,10,216,49.70_49.90_50.00_50.10_50.20_,5_5_22_68_23_,49.60_49.50_49.45_49.40_49.20_,1_29_5_50_18_
09:25:39,49.60,10,216,49.70_49.80_49.95_50.00_50.10_,5_5_3_67_14_,49.60_49.50_49.45_49.40_49.25_,3_24_5_12_43_
09:25:44,49.70,1,217,49.70_49.80_49.95_50.00_50.10_,4_5_3_75_14_,49.60_49.55_49.50_49.45_49.40_,3_1_24_5_12_
09:25:49,49.70,1,217,49.70_49.80_49.95_50.00_50.10_,4_5_3_76_14_,49.60_49.55_49.50_49.45_49.40_,3_1_34_5_55_
09:25:54,49.70,1,217,49.70_49.80_49.95_50.00_50.10_,4_5_3_76_14_,49.65_49.60_49.50_49.45_49.40_,1_3_34_5_55_
09:25:59,49.70,1,217,49.70_49.80_50.00_50.10_50.20_,4_5_25_68_24_,49.65_49.60_49.50_49.45_49.40_,2_2_34_5_55_
09:26:04,49.70,1,217,49.70_49.80_50.00_50.10_50.20_,9_5_25_68_24_,49.65_49.60_49.50_49.45_49.40_,2_2_34_5_55_
09:26:09,49.70,1,217,49.70_49.80_50.00_50.10_50.20_,9_5_25_68_24_,49.65_49.60_49.50_49.45_49.40_,3_2_34_5_55_
09:26:30,49.70,1,217,49.70_49.80_50.00_50.10_50.20_,9_6_25_69_24_,49.65_49.60_49.50_49.45_49.40_,3_2_34_5_55_
09:26:45,49.70,1,217,49.70_49.80_50.00_50.10_50.20_,6_6_25_69_24_,49.65_49.60_49.50_49.45_49.40_,3_2_34_5_55_
09:27:01,49.70,1,217,49.70_49.80_50.00_50.10_50.20_,7_6_25_69_24_,49.65_49.60_49.50_49.45_49.40_,3_3_34_5_55_
09:27:27,49.70,1,217,49.70_49.80_49.90_50.00_50.10_,7_1_5_25_69_,49.65_49.60_49.50_49.45_49.40_,3_3_34_5_55_
09:27:32,49.70,1,217,49.70_49.90_50.00_50.10_50.20_,7_5_25_69_24_,49.65_49.60_49.50_49.45_49.40_,3_3_34_5_55_
09:27:37,49.70,1,218,49.70_49.90_50.00_50.10_50.20_,6_6_25_69_24_,49.65_49.60_49.50_49.45_49.40_,3_2_39_5_50_
09:27:42,49.70,1,218,49.70_49.90_50.00_50.10_50.20_,6_5_25_69_24_,49.65_49.60_49.50_49.45_49.40_,4_2_39_5_50_
09:27:47,49.70,1,218,49.70_49.90_50.00_50.10_50.20_,6_6_25_69_24_,49.65_49.60_49.55_49.50_49.45_,4_1_1_39_5_
09:27:52,49.70,1,218,49.70_49.90_50.00_50.10_50.20_,6_5_25_69_24_,49.65_49.60_49.55_49.50_49.45_,4_1_1_39_5_
09:27:57,49.70,1,218,49.70_49.90_50.00_50.10_50.20_,6_6_25_69_24_,49.65_49.60_49.55_49.50_49.45_,4_1_1_39_5_
09:28:02,49.70,1,218,49.70_49.90_50.00_50.10_50.20_,6_5_25_69_24_,49.65_49.60_49.55_49.50_49.45_,4_1_1_39_5_
09:28:08,49.70,1,218,49.70_49.90_50.00_50.10_50.20_,7_6_25_69_24_,49.65_49.60_49.55_49.50_49.45_,4_1_1_39_5_
09:28:13,49.70,1,218,49.70_49.90_50.00_50.10_50.20_,7_6_25_63_24_,49.65_49.60_49.55_49.50_49.45_,4_1_1_39_48_
09:28:18,49.70,1,218,49.70_49.90_50.00_50.10_50.20_,7_6_25_64_24_,49.65_49.60_49.55_49.50_49.45_,4_1_1_39_48_
09:28:28,49.70,1,219,49.70_49.90_50.00_50.10_50.20_,6_6_25_64_24_,49.65_49.60_49.55_49.50_49.45_,13_1_1_39_48_
09:28:33,49.70,1,219,49.70_49.90_50.00_50.10_50.20_,7_6_25_64_24_,49.65_49.60_49.55_49.50_49.45_,13_1_1_39_48_
09:28:38,49.70,1,219,49.70_49.90_50.00_50.10_50.20_,7_6_25_64_24_,49.65_49.60_49.55_49.50_49.45_,13_1_3_39_48_
09:28:54,49.70,1,219,49.70_49.90_50.00_50.10_50.20_,7_6_25_64_24_,49.65_49.60_49.55_49.50_49.45_,14_1_3_39_48_
09:28:59,49.70,1,220,49.70_49.90_50.00_50.10_50.20_,6_6_25_64_24_,49.65_49.60_49.55_49.50_49.45_,13_1_3_39_48_
09:29:04,49.70,1,220,49.70_49.90_50.00_50.10_50.20_,6_7_25_63_24_,49.65_49.60_49.55_49.50_49.45_,13_1_3_39_48_
09:29:14,49.70,1,221,49.70_49.90_50.00_50.10_50.20_,5_7_25_63_24_,49.65_49.60_49.55_49.50_49.45_,12_1_3_39_48_
09:29:19,49.65,12,233,49.65_49.70_49.90_50.00_50.10_,18_5_7_25_63_,49.60_49.55_49.50_49.45_49.40_,1_3_39_48_7_
09:29:24,49.65,12,233,49.65_49.70_49.80_49.90_49.95_,20_9_5_2_3_,49.60_49.55_49.50_49.45_49.40_,3_6_34_5_55_
09:29:29,49.65,2,235,49.65_49.70_49.80_49.90_49.95_,18_9_5_3_100_,49.60_49.55_49.50_49.45_49.40_,3_6_34_5_55_
09:29:34,49.65,2,235,49.65_49.70_49.80_49.95_50.00_,18_9_5_108_19_,49.60_49.55_49.50_49.45_49.40_,3_6_34_5_55_
09:29:40,49.65,10,245,49.65_49.70_49.80_49.95_50.00_,9_9_5_108_19_,49.60_49.55_49.50_49.45_49.40_,3_6_34_5_55_
09:29:45,49.60,1,246,49.65_49.70_49.80_49.95_50.00_,9_9_5_8_125_,49.60_49.55_49.50_49.45_49.40_,2_6_34_5_55_
09:29:50,49.65,1,247,49.65_49.70_49.80_49.95_50.00_,8_9_5_5_128_,49.60_49.55_49.50_49.45_49.40_,2_6_34_5_55_
09:29:55,49.65,1,247,49.65_49.70_49.80_49.95_50.00_,8_9_5_4_129_,49.60_49.55_49.50_49.45_49.40_,2_6_34_5_55_
09:30:15,49.65,5,252,49.65_49.70_49.80_49.95_50.00_,3_9_5_4_129_,49.60_49.55_49.50_49.45_49.40_,3_6_34_5_55_
09:30:21,49.65,1,253,49.65_49.70_49.80_49.95_50.00_,2_9_5_4_129_,49.60_49.55_49.50_49.45_49.40_,3_6_34_5_55_
09:30:26,49.65,1,253,49.65_49.70_49.80_49.95_50.00_,7_9_5_4_129_,49.60_49.55_49.50_49.45_49.40_,3_6_34_5_55_
09:30:36,49.60,1,254,49.65_49.70_49.80_49.95_50.00_,7_9_5_4_129_,49.60_49.55_49.50_49.45_49.40_,2_6_34_5_55_
09:30:41,49.60,1,254,49.65_49.70_49.80_49.95_50.00_,7_9_5_4_129_,49.60_49.55_49.50_49.45_49.40_,3_6_34_5_55_
09:30:46,49.60,1,254,49.65_49.70_49.80_49.95_50.00_,7_9_5_4_125_,49.60_49.55_49.50_49.45_49.40_,3_6_35_5_55_
09:30:51,49.65,6,260,49.65_49.70_49.80_49.95_50.00_,1_9_5_4_125_,49.60_49.55_49.50_49.45_49.40_,3_6_35_5_55_
09:31:02,49.65,6,260,49.65_49.70_49.80_49.95_50.00_,1_9_5_4_125_,49.60_49.55_49.50_49.45_49.40_,3_4_35_5_55_
09:31:07,49.65,6,260,49.65_49.70_49.80_49.95_50.00_,1_9_5_4_126_,49.60_49.55_49.50_49.45_49.40_,2_4_35_5_55_
09:31:17,49.65,6,260,49.65_49.70_49.80_49.95_50.00_,2_9_5_4_126_,49.60_49.55_49.50_49.45_49.40_,2_4_35_5_55_
09:32:03,49.60,1,261,49.65_49.70_49.80_49.95_50.00_,2_9_5_4_126_,49.60_49.55_49.50_49.45_49.40_,1_4_35_5_55_
09:32:08,49.65,1,262,49.65_49.70_49.80_49.95_50.00_,1_9_5_4_126_,49.60_49.55_49.50_49.45_49.40_,2_4_35_5_55_
09:32:18,49.65,1,262,49.65_49.70_49.80_49.95_50.00_,1_9_5_4_126_,49.60_49.55_49.50_49.45_49.40_,2_4_36_5_55_
09:32:23,49.65,1,263,49.70_49.80_49.95_50.00_50.10_,9_5_4_126_3_,49.60_49.55_49.50_49.45_49.40_,2_4_36_5_55_
09:32:28,49.65,1,263,49.70_49.80_49.95_50.00_50.10_,9_6_4_73_55_,49.60_49.55_49.50_49.45_49.40_,2_4_36_5_55_
09:32:34,49.65,1,263,49.70_49.80_49.95_50.00_50.10_,9_7_4_73_55_,49.60_49.55_49.50_49.45_49.40_,3_4_36_5_55_
09:32:39,49.65,1,263,49.70_49.80_49.95_50.00_50.10_,9_7_4_73_55_,49.65_49.60_49.55_49.50_49.45_,2_3_4_36_5_
09:32:44,49.65,1,263,49.70_49.80_49.95_50.00_50.10_,9_7_1_22_103_,49.65_49.60_49.55_49.50_49.45_,2_3_4_36_48_
09:32:49,49.65,2,265,49.70_49.80_50.00_50.10_50.20_,9_7_22_104_24_,49.60_49.55_49.50_49.45_49.40_,3_4_41_48_7_
09:32:54,49.65,2,265,49.65_49.70_49.80_49.95_50.00_,2_9_7_3_73_,49.60_49.55_49.50_49.45_49.40_,3_4_41_5_50_
09:32:59,49.65,2,265,49.65_49.70_49.80_49.95_50.00_,2_9_7_3_125_,49.60_49.55_49.50_49.45_49.40_,3_4_36_6_55_
09:33:04,49.65,2,265,49.65_49.70_49.80_49.95_50.00_,2_9_7_3_126_,49.60_49.55_49.50_49.45_49.40_,3_4_37_6_56_
09:33:09,49.60,2,267,49.65_49.70_49.80_49.95_50.00_,2_9_7_3_126_,49.60_49.55_49.50_49.45_49.40_,1_4_37_6_56_
09:33:15,49.60,2,267,49.65_49.70_49.80_49.95_50.00_,2_9_7_3_126_,49.60_49.55_49.50_49.45_49.40_,2_2_37_6_56_
09:33:20,49.65,2,269,49.70_49.80_49.95_50.00_50.10_,9_7_3_126_3_,49.65_49.60_49.55_49.50_49.45_,5_2_3_37_6_
09:33:25,49.65,2,269,49.70_49.80_50.00_50.10_50.20_,9_7_23_103_24_,49.65_49.60_49.55_49.50_49.45_,6_2_3_36_49_
09:33:30,49.65,2,269,49.70_49.80_50.00_50.10_50.20_,9_7_23_51_76_,49.65_49.60_49.55_49.50_49.45_,6_2_3_41_49_
09:33:35,49.65,2,269,49.70_49.80_49.90_50.00_50.10_,9_2_5_23_51_,49.65_49.60_49.55_49.50_49.45_,6_3_3_41_49_
09:33:51,49.65,2,269,49.70_49.90_50.00_50.10_50.20_,9_5_23_53_76_,49.65_49.60_49.55_49.50_49.45_,6_3_3_41_49_
09:33:56,49.65,2,269,49.70_49.90_50.00_50.10_50.20_,9_5_23_53_76_,49.65_49.60_49.55_49.50_49.45_,7_3_3_41_49_
09:34:01,49.65,2,269,49.70_49.90_50.00_50.10_50.20_,9_7_23_51_76_,49.65_49.60_49.55_49.50_49.45_,7_3_3_41_49_
09:34:06,49.65,2,269,49.70_49.90_50.00_50.10_50.20_,9_7_23_51_76_,49.65_49.60_49.55_49.50_49.45_,10_3_3_41_49_
09:34:16,49.65,2,269,49.70_49.90_50.00_50.10_50.20_,10_7_23_51_76_,49.65_49.60_49.55_49.50_49.45_,10_3_3_41_49_
09:34:32,49.65,2,269,49.70_49.90_50.00_50.10_50.20_,11_7_23_51_76_,49.65_49.60_49.55_49.50_49.45_,10_3_3_41_49_
09:34:42,49.65,2,269,49.70_49.90_50.00_50.10_50.20_,11_7_23_51_76_,49.65_49.60_49.55_49.50_49.45_,11_3_3_41_49_
09:34:47,49.65,2,269,49.70_49.90_50.00_50.10_50.20_,11_7_23_51_76_,49.65_49.60_49.55_49.50_49.45_,12_3_3_41_49_
09:35:13,49.65,2,269,49.70_49.90_50.00_50.10_50.20_,11_7_23_51_76_,49.65_49.60_49.55_49.50_49.45_,12_3_3_42_49_
09:35:18,49.65,5,274,49.70_49.90_50.00_50.10_50.20_,11_7_20_51_76_,49.65_49.60_49.55_49.50_49.45_,7_3_3_42_23_
09:35:23,49.65,5,274,49.70_49.90_50.00_50.10_50.20_,12_7_20_51_76_,49.65_49.60_49.55_49.50_49.45_,7_3_3_42_23_
09:35:33,49.65,5,274,49.70_49.90_50.00_50.10_50.20_,12_7_20_51_76_,49.65_49.60_49.55_49.50_49.45_,7_3_13_42_23_
09:35:38,49.65,5,274,49.70_49.90_50.00_50.10_50.20_,11_7_20_51_76_,49.65_49.60_49.55_49.50_49.45_,7_3_13_42_23_
09:35:54,49.65,5,274,49.70_49.90_50.00_50.10_50.20_,11_7_20_51_76_,49.65_49.60_49.55_49.50_49.45_,7_4_13_42_23_
09:36:09,49.65,1,275,49.70_49.90_50.00_50.10_50.20_,11_7_20_52_76_,49.65_49.60_49.55_49.50_49.45_,6_4_13_42_23_
09:36:14,49.65,1,275,49.70_49.90_50.00_50.10_50.20_,11_7_20_52_76_,49.65_49.60_49.55_49.50_49.45_,6_4_14_41_23_
09:36:45,49.70,1,276,49.70_49.90_50.00_50.10_50.20_,10_7_20_52_76_,49.65_49.60_49.55_49.50_49.45_,6_4_14_41_23_
09:36:55,49.70,1,276,49.70_49.90_50.00_50.10_50.20_,11_7_20_52_76_,49.65_49.60_49.55_49.50_49.45_,6_4_14_41_23_
09:37:01,49.70,1,277,49.70_49.90_50.00_50.10_50.20_,10_7_20_52_76_,49.65_49.60_49.55_49.50_49.45_,7_4_14_41_23_
09:37:06,49.70,1,277,49.70_49.90_50.00_50.10_50.20_,10_7_20_52_76_,49.65_49.60_49.55_49.50_49.45_,8_4_13_41_23_
09:37:21,49.70,1,277,49.70_49.90_50.00_50.10_50.20_,11_7_20_52_76_,49.65_49.60_49.55_49.50_49.45_,8_4_13_41_23_
09:37:36,49.70,1,278,49.70_49.90_50.00_50.10_50.20_,10_7_20_52_76_,49.65_49.60_49.55_49.50_49.45_,8_4_13_41_23_
09:37:42,49.65,1,279,49.70_49.90_50.00_50.10_50.20_,10_7_20_52_76_,49.65_49.60_49.55_49.50_49.45_,7_4_13_41_23_
09:37:47,49.65,1,279,49.70_49.90_50.00_50.10_50.20_,10_7_20_52_76_,49.65_49.60_49.55_49.50_49.45_,8_4_13_41_23_
09:38:02,49.70,1,280,49.70_49.90_50.00_50.10_50.20_,9_7_20_52_76_,49.65_49.60_49.55_49.50_49.45_,8_4_13_41_23_
09:38:33,49.70,1,280,49.70_49.90_50.00_50.10_50.20_,9_7_20_53_76_,49.65_49.60_49.55_49.50_49.45_,8_4_13_41_23_
09:38:43,49.70,1,280,49.70_49.90_50.00_50.10_50.20_,9_7_20_53_76_,49.65_49.60_49.55_49.50_49.45_,9_4_13_41_23_
09:38:48,49.70,1,280,49.70_49.75_49.90_50.00_50.10_,8_1_7_20_53_,49.65_49.60_49.55_49.50_49.45_,9_4_13_41_23_
09:38:53,49.70,1,280,49.70_49.75_49.90_50.00_50.10_,10_1_7_20_103_,49.65_49.60_49.55_49.50_49.45_,9_4_13_41_23_
09:38:58,49.70,1,280,49.70_49.90_50.00_50.10_50.20_,11_7_20_103_24_,49.65_49.60_49.55_49.50_49.45_,9_4_13_41_23_
09:39:03,49.70,1,280,49.70_49.90_50.00_50.10_50.20_,11_7_20_51_76_,49.65_49.60_49.55_49.50_49.45_,9_4_13_41_23_
09:39:14,49.70,1,281,49.70_49.90_50.00_50.10_50.20_,10_7_20_51_76_,49.65_49.60_49.55_49.50_49.45_,9_3_13_41_23_
09:39:19,49.70,1,281,49.70_49.90_50.00_50.10_50.20_,11_7_20_51_76_,49.65_49.60_49.55_49.50_49.45_,9_3_13_41_23_
09:39:34,49.70,1,281,49.70_49.90_50.00_50.10_50.20_,11_7_20_50_76_,49.65_49.60_49.55_49.50_49.45_,9_3_13_41_23_
09:39:44,49.70,1,281,49.70_49.90_50.00_50.10_50.20_,11_8_20_50_76_,49.65_49.60_49.55_49.50_49.45_,9_3_13_41_23_
09:39:50,49.65,1,282,49.70_49.90_50.00_50.10_50.20_,11_8_20_50_76_,49.65_49.60_49.55_49.50_49.45_,8_3_13_41_23_
09:40:00,49.70,1,283,49.70_49.90_50.00_50.10_50.20_,10_8_20_50_76_,49.65_49.60_49.55_49.50_49.45_,7_2_13_41_23_
09:40:10,49.70,1,284,49.70_49.90_50.00_50.10_50.20_,9_10_20_50_76_,49.65_49.60_49.55_49.50_49.45_,7_2_13_41_23_
09:40:15,49.70,1,284,49.70_49.90_50.00_50.10_50.20_,10_10_23_50_76_,49.65_49.60_49.55_49.50_49.45_,8_2_13_41_50_
09:40:31,49.70,1,285,49.70_49.90_50.00_50.10_50.20_,9_10_23_50_76_,49.65_49.60_49.55_49.50_49.45_,8_2_13_41_50_
09:40:46,49.70,1,286,49.70_49.90_50.00_50.10_50.20_,8_10_23_50_76_,49.65_49.60_49.55_49.50_49.45_,7_2_13_41_50_
09:40:51,49.70,1,286,49.70_49.90_50.00_50.10_50.20_,8_10_23_2_76_,49.65_49.60_49.55_49.50_49.45_,7_2_13_41_33_
09:41:01,49.65,7,293,49.65_49.70_49.90_50.00_50.10_,18_8_10_23_2_,49.60_49.55_49.50_49.45_49.40_,2_13_41_33_8_
09:41:06,49.60,1,294,49.65_49.70_49.80_49.90_49.95_,23_5_5_5_3_,49.60_49.55_49.50_49.45_49.40_,2_13_36_6_40_
09:41:12,49.60,1,294,49.65_49.70_49.80_49.90_50.00_,23_4_5_7_15_,49.60_49.55_49.50_49.45_49.40_,2_14_36_6_40_
09:41:17,49.60,1,294,49.65_49.70_49.80_49.90_50.00_,24_4_5_7_15_,49.60_49.55_49.50_49.45_49.40_,3_13_36_6_40_
09:41:22,49.60,1,294,49.65_49.70_49.80_49.90_49.95_,25_4_5_4_3_,49.60_49.55_49.50_49.45_49.40_,3_13_36_6_40_
09:41:27,49.60,1,294,49.65_49.70_49.80_49.90_50.00_,25_4_5_7_15_,49.60_49.55_49.50_49.45_49.40_,3_13_36_6_39_
09:41:32,49.60,1,295,49.65_49.70_49.80_49.90_50.00_,25_4_5_7_15_,49.60_49.55_49.50_49.45_49.40_,2_13_36_6_39_
09:41:37,49.60,1,296,49.65_49.70_49.80_49.90_49.95_,25_4_5_4_3_,49.60_49.55_49.50_49.45_49.40_,1_13_36_6_40_
09:41:42,49.60,1,296,49.65_49.70_49.80_49.90_50.00_,25_4_5_7_15_,49.60_49.55_49.50_49.45_49.40_,1_13_36_6_40_
09:42:03,49.60,1,296,49.65_49.70_49.80_49.90_50.00_,26_3_5_7_15_,49.60_49.55_49.50_49.45_49.40_,1_23_36_6_40_
09:42:08,49.60,1,296,49.65_49.70_49.80_49.90_49.95_,26_2_5_4_3_,49.60_49.55_49.50_49.45_49.40_,1_23_37_6_40_
09:42:18,49.55,3,299,49.65_49.70_49.80_49.90_49.95_,26_2_5_4_3_,49.55_49.50_49.45_49.40_49.20_,21_37_6_40_18_
09:42:23,49.55,3,299,49.65_49.70_49.80_49.90_50.00_,26_2_5_7_15_,49.55_49.50_49.45_49.40_49.20_,22_37_6_13_45_
09:42:39,49.55,3,302,49.65_49.70_49.80_49.90_50.00_,26_2_5_7_15_,49.55_49.50_49.45_49.40_49.20_,20_37_6_13_45_
09:43:04,49.55,2,304,49.65_49.70_49.80_49.90_50.00_,25_2_5_7_15_,49.55_49.50_49.45_49.40_49.20_,18_37_6_13_45_
09:43:09,49.55,9,313,49.65_49.70_49.80_49.90_50.00_,25_2_5_7_15_,49.55_49.50_49.45_49.40_49.20_,10_37_6_16_45_
09:43:15,49.65,2,315,49.65_49.70_49.80_49.90_50.00_,24_2_5_7_15_,49.55_49.50_49.45_49.40_49.20_,10_38_6_16_45_
09:43:25,49.65,2,315,49.65_49.70_49.80_49.90_50.00_,24_2_5_7_16_,49.55_49.50_49.45_49.40_49.20_,10_38_6_16_45_
09:43:35,49.65,2,315,49.65_49.70_49.80_49.90_50.00_,24_2_5_7_16_,49.60_49.55_49.50_49.45_49.40_,1_10_38_6_16_
09:43:40,49.65,2,315,49.65_49.70_49.80_49.90_49.95_,24_2_5_4_3_,49.60_49.55_49.50_49.45_49.40_,3_9_38_6_42_
09:43:45,49.60,1,316,49.65_49.70_49.80_49.90_50.00_,24_2_5_7_16_,49.60_49.55_49.50_49.45_49.40_,2_9_38_6_42_
09:43:51,49.60,1,316,49.65_49.70_49.80_49.90_49.95_,24_2_5_4_3_,49.60_49.55_49.50_49.45_49.40_,2_9_38_6_42_
09:44:01,49.60,1,316,49.65_49.70_49.80_49.90_49.95_,26_2_5_4_3_,49.60_49.55_49.50_49.45_49.40_,2_9_38_6_42_
09:44:06,49.60,1,316,49.65_49.70_49.80_49.90_50.00_,25_2_5_7_16_,49.60_49.55_49.50_49.45_49.40_,2_9_38_6_42_
09:44:11,49.60,1,316,49.65_49.70_49.80_49.90_49.95_,25_2_5_4_3_,49.60_49.55_49.50_49.45_49.40_,3_9_38_6_42_
09:44:16,49.60,1,316,49.65_49.70_49.80_49.90_50.00_,25_2_5_7_16_,49.60_49.55_49.50_49.45_49.40_,3_9_38_6_42_
09:44:21,49.60,3,319,49.65_49.70_49.80_49.90_50.00_,25_2_5_7_16_,49.55_49.50_49.45_49.40_49.20_,9_38_6_42_18_
09:44:26,49.60,3,319,49.65_49.70_49.80_49.90_50.00_,25_2_5_7_16_,49.55_49.50_49.45_49.40_49.20_,9_37_6_16_44_
09:44:37,49.55,1,320,49.65_49.70_49.80_49.90_50.00_,25_2_5_7_16_,49.55_49.50_49.45_49.40_49.20_,8_37_6_16_44_
09:45:13,49.55,1,320,49.60_49.65_49.70_49.80_49.90_,1_25_2_5_7_,49.55_49.50_49.45_49.40_49.20_,8_37_6_16_44_
09:45:18,49.55,1,320,49.60_49.65_49.70_49.80_49.90_,5_20_1_5_7_,49.55_49.50_49.45_49.40_49.20_,8_37_6_16_44_
09:45:23,49.55,1,320,49.60_49.65_49.70_49.80_49.90_,9_20_1_5_7_,49.55_49.50_49.45_49.40_49.20_,10_37_6_16_44_
09:45:28,49.55,1,320,49.60_49.65_49.70_49.80_49.90_,9_20_1_5_7_,49.55_49.50_49.45_49.40_49.20_,11_37_6_16_44_
09:45:54,49.55,1,320,49.60_49.65_49.70_49.80_49.90_,9_20_1_5_7_,49.55_49.50_49.45_49.40_49.20_,11_37_7_16_44_
09:46:04,49.55,1,320,49.60_49.65_49.70_49.80_49.90_,10_19_1_5_7_,49.55_49.50_49.45_49.40_49.20_,11_36_7_16_44_
09:46:14,49.55,1,320,49.60_49.65_49.70_49.80_49.90_,10_19_1_5_7_,49.55_49.50_49.45_49.40_49.30_,11_36_7_16_1_
09:46:19,49.55,1,320,49.60_49.65_49.70_49.80_49.90_,10_19_1_5_7_,49.55_49.50_49.45_49.40_49.30_,9_36_7_16_2_
09:46:24,49.55,1,320,49.60_49.65_49.70_49.90_50.00_,10_19_6_7_16_,49.55_49.50_49.45_49.40_49.30_,9_36_7_16_28_
09:46:29,49.55,1,320,49.60_49.65_49.70_49.80_49.90_,10_19_1_5_7_,49.55_49.50_49.45_49.40_49.30_,10_35_7_16_28_
09:46:35,49.55,1,320,49.60_49.65_49.70_49.90_50.00_,10_19_6_7_16_,49.55_49.50_49.45_49.40_49.30_,10_35_7_16_28_
09:46:40,49.55,1,320,49.60_49.65_49.70_49.80_49.90_,10_19_1_5_7_,49.55_49.50_49.45_49.40_49.30_,10_35_7_16_28_
09:46:45,49.55,1,320,49.60_49.65_49.70_49.90_50.00_,10_19_6_7_16_,49.55_49.50_49.45_49.40_49.30_,10_41_7_16_28_
09:46:50,49.55,1,320,49.60_49.65_49.70_49.90_50.00_,10_19_6_7_16_,49.55_49.50_49.45_49.40_49.30_,10_42_7_16_28_
09:47:11,49.55,10,330,49.60_49.65_49.70_49.90_50.00_,10_19_7_7_16_,49.50_49.45_49.40_49.30_49.20_,42_7_16_28_18_
09:47:16,49.55,10,330,49.60_49.65_49.70_49.85_49.90_,10_19_7_3_4_,49.50_49.45_49.40_49.30_49.20_,43_7_16_2_44_
09:47:21,49.55,10,330,49.60_49.65_49.70_49.85_49.90_,10_19_7_3_4_,49.50_49.45_49.40_49.30_49.20_,43_8_16_2_44_
09:47:26,49.50,1,331,49.60_49.65_49.70_49.85_49.90_,10_19_6_3_4_,49.50_49.45_49.40_49.30_49.20_,42_8_16_2_44_
09:47:31,49.50,1,332,49.60_49.65_49.70_49.85_49.90_,10_19_6_3_4_,49.50_49.45_49.40_49.30_49.20_,41_8_16_2_44_
09:47:41,49.50,3,335,49.60_49.65_49.70_49.85_49.90_,10_19_6_3_4_,49.50_49.45_49.40_49.30_49.20_,38_8_16_2_44_
09:47:57,49.50,3,335,49.60_49.65_49.70_49.85_49.90_,10_19_7_3_4_,49.50_49.45_49.40_49.30_49.20_,39_8_16_2_44_
09:48:02,49.55,1,336,49.60_49.65_49.70_49.85_49.90_,9_19_7_3_4_,49.55_49.50_49.45_49.40_49.30_,1_39_8_16_2_
09:48:07,49.55,1,336,49.60_49.65_49.70_49.90_50.00_,9_19_7_7_16_,49.55_49.50_49.45_49.40_49.30_,1_39_8_16_28_
09:48:17,49.55,1,337,49.60_49.65_49.70_49.90_50.00_,9_19_7_7_16_,49.50_49.45_49.40_49.30_49.20_,39_8_16_28_18_
09:48:22,49.55,1,337,49.60_49.65_49.70_49.85_49.90_,9_19_7_3_4_,49.50_49.45_49.40_49.30_49.20_,39_8_16_2_44_
09:48:27,49.50,10,347,49.60_49.65_49.70_49.85_49.90_,9_19_7_3_4_,49.50_49.45_49.40_49.30_49.20_,29_8_16_2_44_
09:48:32,49.50,10,347,49.60_49.65_49.70_49.85_49.90_,9_19_7_3_4_,49.50_49.45_49.40_49.30_49.20_,32_8_16_2_44_
09:48:53,49.50,2,349,49.60_49.65_49.70_49.85_49.90_,9_19_7_3_4_,49.50_49.45_49.40_49.30_49.20_,30_8_16_2_44_
09:49:03,49.50,2,349,49.60_49.65_49.70_49.85_49.90_,9_19_7_3_4_,49.55_49.50_49.45_49.40_49.30_,1_30_8_16_2_
09:49:08,49.50,2,349,49.60_49.65_49.70_49.90_50.00_,9_19_7_7_16_,49.55_49.50_49.45_49.40_49.30_,7_29_8_16_28_
09:49:19,49.55,5,354,49.60_49.65_49.70_49.90_50.00_,9_19_7_7_16_,49.55_49.50_49.45_49.40_49.30_,2_29_7_16_29_
09:49:44,49.55,1,355,49.60_49.65_49.70_49.90_50.00_,8_19_7_7_16_,49.55_49.50_49.45_49.40_49.30_,1_23_7_16_29_
09:50:05,49.55,1,355,49.60_49.65_49.70_49.80_49.90_,8_19_7_6_7_,49.55_49.50_49.45_49.40_49.30_,1_23_7_16_29_
09:50:10,49.55,1,356,49.60_49.65_49.70_49.80_49.90_,8_19_7_6_7_,49.50_49.45_49.40_49.30_49.20_,23_7_16_29_18_
09:50:15,49.55,1,356,49.60_49.65_49.70_49.80_49.85_,8_19_7_6_3_,49.50_49.45_49.40_49.30_49.20_,25_8_16_3_44_
09:50:20,49.55,1,356,49.60_49.65_49.70_49.80_49.90_,8_19_7_9_3_,49.50_49.45_49.40_49.30_49.20_,25_8_16_3_44_
09:50:35,49.50,15,371,49.60_49.65_49.70_49.80_49.90_,8_19_7_9_3_,49.50_49.45_49.40_49.30_49.20_,10_8_16_3_44_
09:50:41,49.50,3,374,49.60_49.65_49.70_49.80_49.85_,8_19_7_6_3_,49.50_49.45_49.40_49.30_49.20_,9_8_16_3_44_
09:50:46,49.50,3,374,49.60_49.65_49.70_49.80_49.90_,8_19_8_9_3_,49.50_49.45_49.40_49.30_49.20_,9_8_16_3_44_
09:50:56,49.50,1,375,49.60_49.65_49.70_49.80_49.90_,8_19_8_9_3_,49.50_49.45_49.40_49.30_49.20_,8_8_16_3_44_
09:51:01,49.50,2,377,49.60_49.65_49.70_49.80_49.85_,8_19_8_6_3_,49.50_49.45_49.40_49.30_49.20_,6_8_16_3_44_
09:51:06,49.50,2,377,49.60_49.65_49.70_49.80_49.90_,8_19_8_9_3_,49.50_49.45_49.40_49.30_49.20_,6_8_16_3_44_
09:51:11,49.50,2,377,49.60_49.65_49.70_49.80_49.90_,7_19_8_9_3_,49.50_49.45_49.40_49.30_49.20_,6_8_16_3_44_
09:51:16,49.50,2,377,49.55_49.60_49.65_49.70_49.80_,1_7_19_8_6_,49.50_49.45_49.40_49.30_49.20_,6_8_16_3_44_
09:51:22,49.50,2,377,49.55_49.60_49.65_49.70_49.80_,4_4_19_8_9_,49.50_49.45_49.40_49.30_49.20_,6_8_16_3_45_
09:51:27,49.50,2,377,49.55_49.60_49.65_49.70_49.80_,6_3_19_8_9_,49.50_49.45_49.40_49.30_49.20_,6_8_11_8_45_
09:51:32,49.50,2,377,49.55_49.60_49.65_49.70_49.80_,6_2_19_8_9_,49.50_49.45_49.40_49.30_49.20_,8_8_11_8_45_
09:51:57,49.50,2,379,49.55_49.60_49.65_49.70_49.80_,6_2_19_8_9_,49.50_49.45_49.40_49.30_49.20_,7_8_11_8_45_
09:52:18,49.50,2,379,49.55_49.60_49.65_49.70_49.80_,6_2_19_8_9_,49.50_49.45_49.40_49.30_49.20_,5_8_11_8_45_
09:52:23,49.50,2,379,49.55_49.60_49.65_49.70_49.80_,6_1_19_8_9_,49.50_49.45_49.40_49.30_49.20_,6_8_11_8_45_
09:52:33,49.50,3,382,49.55_49.60_49.65_49.70_49.80_,6_1_19_8_9_,49.50_49.45_49.40_49.30_49.20_,3_8_11_8_45_
09:52:38,49.50,1,383,49.55_49.60_49.65_49.70_49.80_,6_1_19_8_9_,49.50_49.45_49.40_49.30_49.20_,4_8_11_8_45_
09:52:54,49.50,1,383,49.55_49.60_49.65_49.70_49.80_,7_1_19_8_9_,49.50_49.45_49.40_49.30_49.20_,4_8_17_8_45_
09:52:59,49.50,1,384,49.55_49.60_49.65_49.70_49.80_,7_1_19_8_61_,49.50_49.45_49.40_49.35_49.30_,3_8_17_1_8_
09:53:04,49.50,1,384,49.55_49.60_49.65_49.70_49.80_,7_1_19_8_65_,49.50_49.45_49.40_49.35_49.30_,3_8_17_1_34_
09:53:09,49.50,1,384,49.55_49.60_49.65_49.70_49.80_,8_1_19_8_65_,49.50_49.45_49.40_49.35_49.30_,3_8_17_1_34_
09:53:19,49.50,1,384,49.55_49.60_49.65_49.70_49.80_,7_1_19_8_65_,49.50_49.45_49.40_49.35_49.30_,3_8_17_1_34_
09:53:25,49.55,1,385,49.55_49.60_49.65_49.70_49.80_,6_1_19_8_65_,49.50_49.45_49.40_49.35_49.30_,3_8_17_1_34_
09:53:30,49.55,1,385,49.55_49.60_49.65_49.70_49.80_,7_1_19_8_64_,49.50_49.45_49.40_49.35_49.30_,3_8_17_1_34_
09:53:35,49.50,1,386,49.55_49.60_49.65_49.70_49.80_,7_1_19_8_64_,49.50_49.45_49.40_49.35_49.30_,3_9_17_1_34_
09:53:50,49.50,1,386,49.55_49.60_49.65_49.70_49.80_,7_1_19_8_65_,49.50_49.45_49.40_49.35_49.30_,3_9_17_1_34_
09:54:06,49.50,1,386,49.55_49.60_49.65_49.70_49.80_,8_1_19_8_65_,49.50_49.45_49.40_49.35_49.30_,6_9_17_1_34_
09:54:11,49.55,2,388,49.55_49.60_49.65_49.70_49.80_,6_1_19_8_118_,49.50_49.45_49.40_49.35_49.30_,7_9_17_1_54_
09:54:16,49.55,2,388,49.55_49.60_49.65_49.70_49.80_,7_1_19_8_117_,49.50_49.45_49.40_49.35_49.30_,7_9_17_1_54_
09:54:31,49.55,2,388,49.55_49.60_49.65_49.70_49.80_,8_1_19_8_117_,49.50_49.45_49.40_49.35_49.30_,7_9_17_1_54_
09:54:52,49.55,2,388,49.55_49.60_49.65_49.70_49.80_,8_1_19_8_117_,49.50_49.45_49.40_49.35_49.30_,8_9_17_1_54_
09:55:02,49.55,1,389,49.55_49.60_49.65_49.70_49.80_,7_1_19_8_117_,49.50_49.45_49.40_49.35_49.30_,8_9_17_1_54_
09:55:28,49.50,2,391,49.55_49.60_49.65_49.70_49.80_,7_1_19_8_117_,49.50_49.45_49.40_49.35_49.30_,6_9_17_1_54_
09:55:38,49.50,2,391,49.55_49.60_49.65_49.70_49.80_,7_1_19_8_65_,49.50_49.45_49.40_49.30_49.20_,6_9_17_54_20_
09:56:14,49.50,2,391,49.55_49.60_49.65_49.70_49.80_,8_1_19_8_65_,49.50_49.45_49.40_49.30_49.20_,6_9_17_54_20_
09:56:19,49.50,2,391,49.55_49.60_49.65_49.70_49.80_,8_1_19_8_61_,49.50_49.45_49.40_49.30_49.20_,6_9_17_8_63_
09:56:24,49.50,2,391,49.55_49.60_49.65_49.70_49.80_,8_1_19_8_61_,49.50_49.45_49.40_49.30_49.20_,4_9_17_8_63_
09:56:39,49.55,5,396,49.55_49.60_49.65_49.70_49.80_,3_1_19_8_61_,49.50_49.45_49.40_49.30_49.20_,4_10_17_8_63_
09:56:45,49.50,2,398,49.55_49.60_49.65_49.70_49.80_,4_1_19_8_61_,49.50_49.45_49.40_49.30_49.20_,2_10_17_8_63_
09:57:00,49.50,2,398,49.55_49.60_49.65_49.70_49.80_,4_1_19_8_61_,49.50_49.45_49.40_49.30_49.20_,3_10_17_8_63_
09:57:05,49.50,2,398,49.55_49.60_49.65_49.70_49.80_,4_1_19_8_61_,49.50_49.45_49.40_49.30_49.20_,5_10_17_8_63_
09:57:36,49.50,2,398,49.55_49.60_49.65_49.70_49.80_,4_1_19_8_62_,49.50_49.45_49.40_49.30_49.20_,6_10_17_8_63_
09:57:41,49.50,1,399,49.55_49.60_49.65_49.70_49.80_,4_1_19_8_62_,49.50_49.45_49.40_49.30_49.20_,7_10_17_8_63_
09:57:46,49.50,1,399,49.55_49.60_49.65_49.70_49.80_,4_2_19_8_62_,49.50_49.45_49.40_49.30_49.20_,7_10_17_8_63_
09:58:07,49.50,1,399,49.55_49.60_49.65_49.70_49.80_,4_2_19_8_62_,49.50_49.45_49.40_49.30_49.20_,8_10_17_8_63_
09:58:17,49.50,1,399,49.55_49.60_49.65_49.70_49.80_,5_2_19_8_62_,49.50_49.45_49.40_49.30_49.20_,8_10_17_8_63_
09:58:32,49.50,1,400,49.55_49.60_49.65_49.70_49.80_,5_2_19_8_62_,49.50_49.45_49.40_49.30_49.25_,7_10_17_8_1_
09:58:37,49.50,1,400,49.55_49.60_49.65_49.70_49.80_,5_2_19_8_66_,49.50_49.45_49.40_49.30_49.25_,7_10_17_8_44_
09:58:58,49.50,4,404,49.55_49.60_49.65_49.70_49.80_,5_2_19_8_66_,49.50_49.45_49.40_49.30_49.25_,3_10_17_8_44_
09:59:13,49.50,2,406,49.55_49.60_49.65_49.70_49.80_,5_2_19_8_66_,49.50_49.45_49.40_49.30_49.25_,2_10_17_8_44_
09:59:18,49.50,2,406,49.55_49.60_49.65_49.70_49.80_,4_2_19_8_66_,49.50_49.45_49.40_49.30_49.25_,2_10_17_8_44_
09:59:23,49.55,2,408,49.55_49.60_49.65_49.70_49.80_,2_2_19_8_66_,49.50_49.45_49.40_49.30_49.25_,2_10_17_8_44_
09:59:29,49.55,2,408,49.55_49.60_49.65_49.70_49.80_,3_2_19_8_65_,49.50_49.45_49.40_49.30_49.25_,2_10_17_8_44_
09:59:44,49.55,2,408,49.55_49.60_49.65_49.70_49.80_,4_2_19_8_65_,49.50_49.45_49.40_49.30_49.25_,2_10_17_8_44_
09:59:49,49.55,2,408,49.55_49.60_49.65_49.70_49.80_,5_2_19_8_64_,49.50_49.45_49.40_49.30_49.25_,2_10_17_8_44_
10:00:09,49.55,2,408,49.55_49.60_49.65_49.70_49.80_,5_2_19_8_64_,49.50_49.45_49.40_49.30_49.25_,3_10_17_8_44_
10:00:15,49.55,1,409,49.55_49.60_49.65_49.70_49.80_,4_2_19_8_64_,49.50_49.45_49.40_49.30_49.25_,3_10_17_8_44_
10:00:25,49.55,1,409,49.55_49.60_49.65_49.70_49.80_,4_2_19_8_64_,49.50_49.45_49.40_49.30_49.25_,4_10_17_8_44_
10:00:45,49.55,1,410,49.55_49.60_49.65_49.70_49.80_,3_2_19_8_64_,49.50_49.45_49.40_49.30_49.25_,4_10_17_8_44_
10:00:50,49.50,2,412,49.55_49.60_49.65_49.70_49.80_,3_2_19_8_64_,49.50_49.45_49.40_49.30_49.25_,2_10_17_8_44_
10:01:06,49.50,2,412,49.55_49.60_49.65_49.70_49.80_,3_2_19_8_64_,49.50_49.45_49.40_49.30_49.25_,2_12_17_8_44_
10:01:26,49.50,2,412,49.55_49.60_49.65_49.70_49.80_,3_2_19_8_64_,49.50_49.45_49.40_49.30_49.25_,3_12_17_8_44_
10:01:52,49.50,2,412,49.55_49.60_49.65_49.70_49.80_,3_2_19_8_64_,49.50_49.45_49.40_49.30_49.25_,4_12_17_8_44_
10:02:07,49.50,2,412,49.55_49.60_49.65_49.70_49.80_,2_2_19_8_65_,49.50_49.45_49.40_49.30_49.25_,4_12_17_8_44_
10:02:38,49.50,1,413,49.55_49.60_49.65_49.70_49.80_,2_2_19_8_65_,49.50_49.45_49.40_49.30_49.25_,4_12_17_8_44_
10:02:43,49.55,1,414,49.55_49.60_49.65_49.70_49.80_,1_2_19_8_65_,49.50_49.45_49.40_49.30_49.25_,4_12_17_8_44_
10:02:48,49.55,1,414,49.55_49.60_49.65_49.70_49.80_,3_2_19_8_64_,49.50_49.45_49.40_49.30_49.25_,5_12_17_8_44_
10:02:58,49.55,1,415,49.55_49.60_49.65_49.70_49.80_,2_2_19_8_64_,49.50_49.45_49.40_49.30_49.25_,5_12_17_8_44_
10:03:09,49.55,1,415,49.55_49.60_49.65_49.70_49.80_,2_2_19_8_64_,49.50_49.45_49.40_49.30_49.25_,9_12_17_8_44_
10:03:14,49.55,1,415,49.55_49.60_49.65_49.70_49.80_,3_2_19_8_64_,49.50_49.45_49.40_49.30_49.25_,9_12_17_8_44_
10:03:29,49.55,2,417,49.55_49.60_49.65_49.70_49.80_,1_2_19_8_64_,49.50_49.45_49.40_49.30_49.25_,9_12_17_8_44_
10:03:45,49.55,2,417,49.55_49.60_49.65_49.70_49.80_,1_2_19_8_65_,49.50_49.45_49.40_49.30_49.25_,9_12_17_8_44_
10:04:16,49.55,2,417,49.55_49.60_49.65_49.70_49.80_,1_2_19_8_65_,49.50_49.45_49.40_49.30_49.25_,9_13_17_8_44_
10:04:31,49.55,1,418,49.60_49.65_49.70_49.80_49.90_,2_19_8_65_3_,49.50_49.45_49.40_49.30_49.25_,9_13_17_8_44_
10:04:36,49.55,1,418,49.60_49.65_49.70_49.80_49.85_,2_19_8_9_3_,49.55_49.50_49.45_49.40_49.30_,1_9_13_22_3_
10:04:41,49.55,1,418,49.60_49.65_49.70_49.80_49.85_,3_19_8_11_106_,49.55_49.50_49.45_49.40_49.30_,4_5_13_22_46_
10:04:46,49.55,1,418,49.60_49.65_49.70_49.80_49.85_,3_19_8_8_110_,49.55_49.50_49.45_49.40_49.30_,6_6_13_22_46_
10:05:02,49.55,1,418,49.60_49.65_49.70_49.80_49.85_,3_19_8_8_110_,49.55_49.50_49.45_49.40_49.30_,6_7_13_22_46_
10:05:38,49.55,1,418,49.60_49.65_49.70_49.80_49.85_,3_19_8_8_110_,49.55_49.50_49.45_49.40_49.30_,7_7_13_22_46_
10:05:58,49.55,1,418,49.60_49.65_49.70_49.80_49.85_,4_19_8_8_110_,49.55_49.50_49.45_49.40_49.30_,7_7_13_22_46_
10:06:08,49.55,1,419,49.60_49.65_49.70_49.80_49.85_,4_19_8_8_110_,49.55_49.50_49.45_49.40_49.30_,6_7_13_22_46_
10:06:39,49.55,1,419,49.60_49.65_49.70_49.80_49.85_,5_19_8_8_109_,49.55_49.50_49.45_49.40_49.30_,6_7_13_22_46_
10:06:44,49.55,1,419,49.60_49.65_49.70_49.80_49.85_,5_19_8_8_109_,49.55_49.50_49.45_49.40_49.30_,7_7_13_22_46_
10:06:49,49.60,1,420,49.60_49.65_49.70_49.80_49.85_,4_19_8_8_109_,49.55_49.50_49.45_49.40_49.30_,7_7_13_22_46_
10:07:25,49.60,1,421,49.60_49.65_49.70_49.80_49.85_,3_19_8_8_109_,49.55_49.50_49.45_49.40_49.30_,7_7_13_22_46_
10:07:30,49.60,1,421,49.60_49.65_49.70_49.80_49.85_,3_19_8_8_109_,49.55_49.50_49.45_49.40_49.30_,8_7_13_22_46_
10:07:41,49.60,3,424,49.65_49.70_49.80_49.85_49.90_,19_8_8_109_3_,49.55_49.50_49.45_49.40_49.30_,8_7_13_22_46_
10:07:46,49.60,3,424,49.65_49.70_49.80_49.90_49.95_,19_8_8_112_7_,49.60_49.55_49.50_49.45_49.40_,2_8_7_13_22_
10:07:51,49.60,3,424,49.65_49.70_49.80_49.90_49.95_,19_8_8_3_110_,49.60_49.55_49.50_49.45_49.40_,4_7_7_13_64_
10:07:56,49.60,3,424,49.65_49.70_49.80_49.90_49.95_,19_3_13_3_110_,49.60_49.55_49.50_49.45_49.40_,4_7_7_13_64_
10:08:06,49.60,3,424,49.65_49.70_49.80_49.90_49.95_,19_3_13_3_110_,49.60_49.55_49.50_49.45_49.40_,4_7_7_12_64_
10:08:11,49.60,3,424,49.65_49.70_49.80_49.90_49.95_,19_3_13_3_110_,49.60_49.55_49.50_49.45_49.40_,4_7_9_12_64_
10:08:17,49.60,4,428,49.60_49.65_49.70_49.80_49.90_,1_19_3_13_3_,49.55_49.50_49.45_49.40_49.30_,7_9_12_64_3_
10:08:22,49.60,4,428,49.60_49.65_49.70_49.80_49.90_,1_21_8_8_112_,49.55_49.50_49.45_49.40_49.30_,7_15_12_22_46_
10:08:27,49.60,4,428,49.60_49.65_49.70_49.80_49.90_,1_22_8_7_112_,49.55_49.50_49.45_49.40_49.30_,7_15_12_23_46_
10:08:37,49.60,1,429,49.65_49.70_49.80_49.90_49.95_,22_8_7_112_5_,49.55_49.50_49.45_49.40_49.30_,7_15_18_23_46_
10:08:42,49.60,1,429,49.65_49.70_49.80_49.90_49.95_,22_8_7_6_105_,49.55_49.50_49.45_49.40_49.30_,7_15_18_23_46_
10:08:57,49.60,1,429,49.65_49.70_49.80_49.90_49.95_,22_8_7_6_105_,49.55_49.50_49.45_49.40_49.30_,7_15_18_29_46_
10:09:03,49.60,1,429,49.65_49.70_49.80_49.90_49.95_,22_8_7_6_105_,49.55_49.50_49.45_49.40_49.35_,7_15_18_29_6_
10:09:08,49.60,1,429,49.65_49.70_49.80_49.90_49.95_,22_8_7_6_105_,49.60_49.55_49.50_49.45_49.40_,1_7_15_18_29_
10:09:13,49.60,1,429,49.65_49.70_49.80_49.90_49.95_,22_8_7_3_114_,49.60_49.55_49.50_49.45_49.40_,3_5_15_18_72_
10:09:23,49.60,1,429,49.65_49.70_49.80_49.90_49.95_,22_3_12_3_114_,49.60_49.55_49.50_49.45_49.40_,3_5_15_18_72_
10:09:33,49.60,1,429,49.65_49.70_49.80_49.90_49.95_,22_3_12_3_114_,49.60_49.55_49.50_49.45_49.40_,4_2_15_18_72_
10:09:49,49.60,1,429,49.65_49.70_49.80_49.90_49.95_,22_3_12_3_114_,49.60_49.55_49.50_49.45_49.40_,4_3_15_18_72_
10:09:59,49.60,1,429,49.65_49.70_49.80_49.90_49.95_,22_3_12_3_115_,49.60_49.55_49.50_49.45_49.40_,4_3_15_18_72_
10:10:09,49.60,2,431,49.65_49.70_49.80_49.90_49.95_,22_3_12_3_115_,49.60_49.55_49.50_49.45_49.40_,2_4_15_18_72_
10:10:14,49.60,2,431,49.65_49.70_49.80_49.90_49.95_,22_3_12_3_116_,49.60_49.55_49.50_49.45_49.40_,2_4_15_18_72_
10:10:40,49.60,2,431,49.65_49.70_49.80_49.90_49.95_,23_3_12_3_116_,49.60_49.55_49.50_49.45_49.40_,3_4_15_18_72_
10:11:26,49.60,2,431,49.65_49.70_49.80_49.90_49.95_,23_3_12_3_117_,49.60_49.55_49.50_49.45_49.40_,3_4_15_18_72_
10:11:41,49.60,2,431,49.65_49.70_49.80_49.90_49.95_,23_3_12_3_117_,49.60_49.55_49.50_49.45_49.40_,4_4_15_18_72_
10:11:47,49.60,2,431,49.65_49.70_49.80_49.90_49.95_,23_3_12_3_117_,49.60_49.55_49.50_49.45_49.40_,5_4_15_18_72_
10:11:52,49.60,5,436,49.65_49.70_49.80_49.90_49.95_,23_3_12_3_117_,49.55_49.50_49.45_49.40_49.35_,4_15_18_72_6_
10:11:57,49.60,5,436,49.65_49.70_49.80_49.90_49.95_,23_3_12_6_114_,49.55_49.50_49.45_49.40_49.35_,4_15_18_29_49_
10:12:02,49.60,5,436,49.65_49.70_49.80_49.90_49.95_,25_3_12_6_114_,49.55_49.50_49.45_49.40_49.35_,4_15_18_29_49_
10:12:17,49.55,2,438,49.65_49.70_49.80_49.90_49.95_,25_3_12_6_114_,49.55_49.50_49.45_49.40_49.35_,2_15_18_29_49_
10:12:22,49.55,2,438,49.60_49.65_49.70_49.80_49.90_,1_25_8_7_6_,49.55_49.50_49.45_49.40_49.35_,2_15_18_29_49_
10:12:27,49.55,2,438,49.60_49.65_49.70_49.80_49.90_,3_23_8_7_112_,49.55_49.50_49.45_49.40_49.35_,2_15_18_29_49_
10:12:33,49.55,2,438,49.60_49.65_49.70_49.80_49.90_,4_23_8_7_113_,49.55_49.50_49.45_49.40_49.35_,2_15_18_29_49_
10:13:03,49.55,2,438,49.60_49.65_49.70_49.80_49.90_,4_23_8_7_113_,49.55_49.50_49.45_49.40_49.35_,3_15_18_29_49_
10:14:15,49.55,2,438,49.60_49.65_49.70_49.80_49.90_,4_23_8_7_113_,49.55_49.50_49.45_49.40_49.35_,4_15_18_29_49_
10:14:20,49.55,2,438,49.60_49.65_49.70_49.80_49.90_,5_23_8_7_113_,49.55_49.50_49.45_49.40_49.35_,4_15_18_29_49_
10:14:25,49.55,3,441,49.60_49.65_49.70_49.80_49.90_,5_23_8_7_113_,49.55_49.50_49.45_49.40_49.35_,1_15_17_29_49_
10:14:41,49.55,1,442,49.60_49.65_49.70_49.80_49.90_,6_23_8_7_113_,49.50_49.45_49.40_49.35_49.30_,15_17_29_49_3_
10:14:46,49.55,1,442,49.60_49.65_49.70_49.80_49.85_,7_23_8_7_3_,49.50_49.45_49.40_49.35_49.30_,15_17_29_6_46_
10:14:51,49.55,1,442,49.60_49.65_49.70_49.80_49.85_,7_23_8_10_106_,49.50_49.45_49.40_49.35_49.30_,15_17_29_6_46_
10:14:56,49.55,1,442,49.60_49.65_49.70_49.80_49.85_,8_23_8_10_106_,49.50_49.45_49.40_49.35_49.30_,15_17_29_6_46_
10:15:01,49.55,1,442,49.60_49.65_49.70_49.80_49.85_,8_23_8_7_109_,49.50_49.45_49.40_49.35_49.30_,15_17_29_6_46_
10:15:22,49.55,1,442,49.60_49.65_49.70_49.80_49.85_,7_23_8_7_109_,49.50_49.45_49.40_49.35_49.30_,15_17_29_6_46_
10:15:42,49.50,6,448,49.60_49.65_49.70_49.80_49.85_,7_23_8_7_109_,49.50_49.45_49.40_49.35_49.30_,10_17_29_6_46_
10:15:47,49.50,6,448,49.60_49.65_49.70_49.80_49.85_,7_23_8_7_109_,49.50_49.45_49.40_49.35_49.30_,11_17_29_6_46_
10:15:52,49.50,6,448,49.60_49.65_49.70_49.80_49.85_,7_23_8_7_109_,49.50_49.45_49.40_49.35_49.30_,11_18_29_6_46_
10:16:03,49.50,6,448,49.55_49.60_49.65_49.70_49.80_,1_6_23_8_7_,49.50_49.45_49.40_49.35_49.30_,12_18_29_6_46_
10:16:08,49.50,1,449,49.55_49.60_49.65_49.70_49.80_,4_3_22_8_109_,49.50_49.45_49.40_49.35_49.30_,11_18_29_6_46_
10:16:13,49.50,1,449,49.55_49.60_49.65_49.70_49.80_,6_1_22_8_110_,49.50_49.45_49.40_49.35_49.30_,11_18_29_6_46_
10:16:18,49.50,1,449,49.55_49.60_49.65_49.70_49.80_,7_1_22_8_110_,49.50_49.45_49.40_49.35_49.30_,11_18_29_6_46_
10:16:44,49.50,1,449,49.55_49.60_49.65_49.70_49.80_,7_1_22_8_110_,49.50_49.45_49.40_49.35_49.30_,12_17_29_6_46_
10:16:49,49.55,1,450,49.55_49.60_49.65_49.70_49.80_,6_1_22_8_110_,49.50_49.45_49.40_49.35_49.30_,12_17_29_6_46_
10:16:54,49.55,1,450,49.55_49.60_49.65_49.70_49.80_,6_1_22_8_111_,49.50_49.45_49.40_49.35_49.30_,12_17_29_6_46_
10:17:40,49.55,1,450,49.55_49.60_49.65_49.70_49.80_,6_6_22_3_111_,49.50_49.45_49.40_49.35_49.30_,12_17_24_6_51_
10:17:45,49.55,1,450,49.55_49.60_49.65_49.70_49.80_,6_6_22_3_111_,49.50_49.45_49.40_49.35_49.30_,13_17_24_6_51_
10:17:50,49.55,1,450,49.55_49.60_49.65_49.70_49.80_,7_6_22_3_111_,49.50_49.45_49.40_49.35_49.30_,13_17_24_6_51_
10:18:01,49.55,1,450,49.55_49.60_49.65_49.70_49.80_,12_6_22_3_111_,49.50_49.45_49.40_49.35_49.30_,13_17_24_6_51_
10:18:41,49.55,1,451,49.55_49.60_49.65_49.70_49.80_,11_6_22_3_111_,49.50_49.45_49.40_49.35_49.30_,13_17_24_6_51_
10:19:02,49.55,2,453,49.55_49.60_49.65_49.70_49.80_,9_6_22_3_111_,49.50_49.45_49.40_49.35_49.30_,12_17_24_6_51_
10:19:07,49.55,2,453,49.55_49.60_49.65_49.70_49.80_,10_6_22_3_110_,49.50_49.45_49.40_49.35_49.30_,12_17_24_6_51_
10:19:12,49.55,3,456,49.55_49.60_49.65_49.70_49.80_,7_6_22_3_110_,49.50_49.45_49.40_49.35_49.30_,12_17_24_6_51_
10:19:17,49.55,3,456,49.55_49.60_49.65_49.70_49.80_,8_6_22_3_109_,49.50_49.45_49.40_49.35_49.30_,12_17_24_6_51_
10:19:38,49.55,1,457,49.55_49.60_49.65_49.70_49.80_,7_6_22_3_109_,49.50_49.45_49.40_49.35_49.30_,12_17_24_6_51_
10:19:43,49.55,1,457,49.55_49.60_49.65_49.70_49.80_,7_6_22_3_109_,49.50_49.45_49.40_49.35_49.30_,14_17_24_6_51_
10:19:58,49.55,2,459,49.55_49.60_49.65_49.70_49.80_,5_6_22_3_109_,49.50_49.45_49.40_49.35_49.30_,14_17_24_6_51_
10:20:08,49.55,2,459,49.55_49.60_49.65_49.70_49.80_,5_6_22_3_109_,49.50_49.45_49.40_49.35_49.30_,16_17_24_6_51_
10:20:14,49.55,1,460,49.55_49.60_49.65_49.70_49.80_,4_6_22_3_109_,49.50_49.45_49.40_49.35_49.30_,14_17_24_6_51_
10:20:19,49.55,1,461,49.55_49.60_49.65_49.70_49.80_,3_6_22_3_109_,49.50_49.45_49.40_49.35_49.30_,14_17_24_6_51_
10:20:24,49.55,1,461,49.55_49.60_49.65_49.70_49.80_,3_6_22_3_109_,49.50_49.45_49.40_49.35_49.30_,16_17_24_6_51_
10:21:00,49.55,1,461,49.55_49.60_49.65_49.70_49.80_,3_6_22_3_109_,49.50_49.45_49.40_49.35_49.30_,17_17_24_6_51_
10:21:05,49.55,1,461,49.55_49.60_49.65_49.70_49.80_,3_6_22_3_109_,49.50_49.45_49.40_49.35_49.30_,18_17_24_6_51_
10:21:10,49.55,1,462,49.55_49.60_49.65_49.70_49.80_,2_6_22_3_109_,49.50_49.45_49.40_49.35_49.30_,18_17_24_6_51_
10:21:20,49.55,1,463,49.55_49.60_49.65_49.70_49.80_,1_1_22_8_109_,49.50_49.45_49.40_49.35_49.30_,16_17_24_6_51_
10:21:25,49.55,1,463,49.55_49.60_49.65_49.70_49.80_,1_1_22_8_110_,49.50_49.45_49.40_49.35_49.30_,16_17_24_6_51_
10:21:41,49.55,1,463,49.60_49.65_49.70_49.80_49.90_,1_22_8_110_3_,49.50_49.45_49.40_49.35_49.30_,16_17_24_6_51_
10:21:46,49.55,1,463,49.60_49.65_49.70_49.80_49.85_,2_22_8_7_3_,49.55_49.50_49.45_49.40_49.35_,1_16_17_24_6_
10:21:51,49.55,1,463,49.60_49.65_49.70_49.80_49.85_,2_22_8_10_106_,49.55_49.50_49.45_49.40_49.35_,3_15_17_24_49_
10:21:56,49.55,1,463,49.60_49.65_49.70_49.80_49.85_,2_22_8_7_109_,49.55_49.50_49.45_49.40_49.35_,3_15_17_24_49_
10:22:27,49.55,2,465,49.60_49.65_49.70_49.80_49.85_,2_22_8_7_109_,49.55_49.50_49.45_49.40_49.35_,1_15_17_24_49_
10:22:32,49.55,1,466,49.60_49.65_49.70_49.80_49.85_,2_22_8_7_109_,49.50_49.45_49.40_49.35_49.30_,15_17_24_49_8_
10:22:37,49.55,1,466,49.60_49.65_49.70_49.80_49.85_,2_22_8_7_103_,49.50_49.45_49.40_49.35_49.30_,15_17_24_6_51_
10:22:52,49.55,1,466,49.60_49.65_49.70_49.80_49.85_,3_22_8_7_103_,49.50_49.45_49.40_49.35_49.30_,15_17_24_6_51_
10:23:33,49.55,1,466,49.60_49.65_49.70_49.80_49.85_,4_22_8_7_103_,49.50_49.45_49.40_49.35_49.30_,15_17_24_6_51_
10:23:39,49.55,1,466,49.60_49.65_49.70_49.80_49.85_,6_22_8_6_103_,49.50_49.45_49.40_49.35_49.30_,15_17_24_6_51_
10:23:49,49.55,1,466,49.60_49.65_49.70_49.80_49.85_,6_22_8_6_103_,49.55_49.50_49.45_49.40_49.35_,1_13_17_24_6_
10:23:54,49.55,1,466,49.60_49.65_49.70_49.80_49.85_,6_22_8_6_109_,49.55_49.50_49.45_49.40_49.35_,1_14_17_24_49_
10:24:09,49.55,1,466,49.60_49.65_49.70_49.80_49.85_,6_22_8_6_110_,49.55_49.50_49.45_49.40_49.35_,1_14_17_24_49_
10:24:45,49.55,1,466,49.60_49.65_49.70_49.80_49.85_,7_22_8_6_110_,49.55_49.50_49.45_49.40_49.35_,1_14_17_24_49_
10:25:11,49.55,1,466,49.60_49.65_49.70_49.80_49.85_,7_22_8_6_110_,49.55_49.50_49.45_49.40_49.35_,1_14_15_24_49_
10:25:37,49.55,1,466,49.60_49.65_49.70_49.80_49.85_,8_22_8_6_110_,49.55_49.50_49.45_49.40_49.35_,1_14_15_24_49_
10:25:42,49.55,1,466,49.60_49.65_49.70_49.80_49.85_,8_22_8_6_110_,49.55_49.50_49.45_49.40_49.35_,2_14_15_24_49_
10:25:47,49.55,1,466,49.60_49.65_49.70_49.80_49.85_,8_22_8_6_110_,49.55_49.50_49.45_49.40_49.35_,3_13_15_24_49_
10:25:52,49.55,1,466,49.60_49.65_49.70_49.80_49.85_,7_22_8_6_110_,49.55_49.50_49.45_49.40_49.35_,3_13_15_24_49_
10:26:43,49.55,1,466,49.60_49.65_49.70_49.80_49.85_,7_22_8_6_110_,49.55_49.50_49.45_49.40_49.35_,3_13_15_29_49_
10:26:59,49.60,1,467,49.60_49.65_49.70_49.80_49.85_,6_22_8_6_110_,49.55_49.50_49.45_49.40_49.35_,3_13_15_29_49_
10:27:14,49.60,1,467,49.60_49.65_49.70_49.80_49.85_,5_22_8_6_110_,49.55_49.50_49.45_49.40_49.35_,3_13_15_29_49_
10:27:24,49.60,1,468,49.60_49.65_49.70_49.80_49.85_,4_22_8_6_110_,49.55_49.50_49.45_49.40_49.35_,3_13_15_29_49_
10:27:29,49.60,1,469,49.60_49.65_49.70_49.80_49.85_,4_22_8_6_109_,49.55_49.50_49.45_49.40_49.35_,3_13_15_29_49_
10:27:35,49.60,1,469,49.60_49.65_49.70_49.80_49.85_,4_22_8_6_109_,49.55_49.50_49.45_49.40_49.35_,3_13_14_29_49_
10:28:00,49.60,1,470,49.60_49.65_49.70_49.80_49.85_,3_22_8_6_109_,49.55_49.50_49.45_49.40_49.35_,3_12_14_29_49_
10:28:11,49.55,1,471,49.60_49.65_49.70_49.80_49.85_,3_22_8_6_109_,49.55_49.50_49.45_49.40_49.35_,2_12_14_29_49_
10:28:41,49.55,1,471,49.60_49.65_49.70_49.80_49.85_,4_22_8_6_109_,49.55_49.50_49.45_49.40_49.35_,2_12_14_29_49_
10:29:17,49.55,1,471,49.60_49.65_49.70_49.80_49.85_,3_22_8_6_109_,49.55_49.50_49.45_49.40_49.35_,2_12_14_29_49_
10:30:08,49.55,1,471,49.60_49.65_49.70_49.80_49.85_,4_22_8_6_109_,49.55_49.50_49.45_49.40_49.35_,2_12_14_29_49_
10:30:59,49.55,1,471,49.60_49.65_49.70_49.80_49.85_,5_22_8_6_109_,49.55_49.50_49.45_49.40_49.35_,2_12_14_29_49_
10:31:05,49.55,1,471,49.60_49.65_49.70_49.80_49.85_,5_22_8_6_109_,49.55_49.50_49.45_49.40_49.35_,2_12_14_24_49_
10:31:35,49.55,1,471,49.60_49.65_49.70_49.80_49.85_,5_22_8_6_110_,49.55_49.50_49.45_49.40_49.35_,2_12_14_29_49_
10:31:40,49.55,1,471,49.60_49.65_49.70_49.80_49.85_,6_22_8_6_110_,49.55_49.50_49.45_49.40_49.35_,2_12_14_29_49_
10:31:46,49.55,1,471,49.60_49.65_49.70_49.80_49.85_,6_22_8_6_111_,49.55_49.50_49.45_49.40_49.35_,2_12_14_29_49_
10:32:06,49.55,1,471,49.60_49.65_49.70_49.80_49.85_,6_22_8_6_111_,49.55_49.50_49.45_49.40_49.35_,4_12_14_29_49_
10:32:21,49.55,1,471,49.60_49.65_49.70_49.80_49.85_,7_22_8_6_111_,49.55_49.50_49.45_49.40_49.35_,4_12_14_29_49_
10:32:32,49.55,1,471,49.60_49.65_49.70_49.80_49.85_,7_22_8_6_111_,49.55_49.50_49.45_49.40_49.35_,5_12_14_29_49_
10:33:02,49.55,1,472,49.60_49.65_49.70_49.80_49.85_,7_22_8_6_111_,49.55_49.50_49.45_49.40_49.35_,4_12_14_29_49_
10:33:08,49.60,1,473,49.60_49.65_49.70_49.80_49.85_,6_22_8_6_111_,49.55_49.50_49.45_49.40_49.35_,4_12_14_29_49_
10:33:13,49.60,1,473,49.60_49.65_49.70_49.80_49.85_,8_22_8_6_110_,49.55_49.50_49.45_49.40_49.35_,4_12_14_29_49_
10:33:18,49.60,1,473,49.60_49.65_49.70_49.80_49.85_,9_22_8_6_110_,49.55_49.50_49.45_49.40_49.35_,4_12_14_29_49_
10:33:59,49.60,2,475,49.60_49.65_49.70_49.80_49.85_,6_22_8_6_110_,49.55_49.50_49.45_49.40_49.35_,4_12_14_29_49_
10:34:04,49.60,2,475,49.60_49.65_49.70_49.80_49.85_,7_22_8_6_109_,49.55_49.50_49.45_49.40_49.35_,4_12_14_29_49_
10:35:16,49.60,2,475,49.60_49.65_49.70_49.80_49.85_,7_22_8_6_109_,49.55_49.50_49.45_49.40_49.35_,4_13_14_29_49_
10:35:47,49.60,2,475,49.60_49.65_49.70_49.80_49.85_,7_22_8_6_109_,49.55_49.50_49.45_49.40_49.35_,5_13_14_29_49_
10:36:07,49.60,2,475,49.60_49.65_49.70_49.80_49.85_,7_22_8_6_109_,49.55_49.50_49.45_49.40_49.35_,5_13_14_24_49_
10:36:23,49.60,2,475,49.60_49.65_49.70_49.80_49.85_,7_22_8_6_109_,49.55_49.50_49.45_49.40_49.35_,5_14_14_24_49_
10:36:38,49.55,2,477,49.60_49.65_49.70_49.80_49.85_,7_22_8_6_109_,49.55_49.50_49.45_49.40_49.35_,4_14_14_24_49_
10:36:43,49.60,1,478,49.60_49.65_49.70_49.80_49.85_,6_22_8_6_109_,49.55_49.50_49.45_49.40_49.35_,5_14_14_24_49_
10:37:45,49.60,1,478,49.60_49.65_49.70_49.80_49.85_,6_22_8_6_109_,49.55_49.50_49.45_49.40_49.35_,6_14_14_24_49_
10:37:50,49.60,1,478,49.60_49.65_49.70_49.85_49.90_,6_22_8_109_5_,49.55_49.50_49.45_49.40_49.35_,6_14_14_24_49_
10:38:10,49.55,6,484,49.55_49.60_49.65_49.70_49.85_,3_6_22_8_109_,49.50_49.45_49.40_49.35_49.30_,14_14_24_49_8_
10:38:16,49.55,1,485,49.55_49.60_49.65_49.70_49.85_,5_4_20_8_103_,49.50_49.45_49.40_49.35_49.30_,14_14_24_6_50_
10:38:21,49.55,1,485,49.55_49.60_49.65_49.70_49.85_,5_3_21_8_103_,49.50_49.45_49.40_49.35_49.30_,14_14_24_6_50_
10:38:36,49.55,1,485,49.55_49.60_49.65_49.70_49.85_,5_2_21_8_104_,49.50_49.45_49.40_49.35_49.30_,16_14_24_6_50_
10:39:02,49.55,1,485,49.55_49.60_49.65_49.70_49.85_,6_1_21_8_104_,49.50_49.45_49.40_49.35_49.30_,16_14_24_6_50_
10:39:22,49.55,1,485,49.55_49.60_49.65_49.70_49.85_,7_1_21_8_105_,49.50_49.45_49.40_49.35_49.30_,16_14_24_6_50_
10:39:38,49.55,1,485,49.55_49.60_49.65_49.70_49.85_,7_2_21_8_105_,49.50_49.45_49.40_49.35_49.30_,16_14_24_6_50_
10:40:03,49.50,1,486,49.55_49.60_49.65_49.70_49.85_,6_2_21_8_105_,49.50_49.45_49.40_49.35_49.30_,15_14_24_6_50_
10:40:08,49.55,1,487,49.55_49.60_49.65_49.70_49.85_,5_2_21_8_105_,49.50_49.45_49.40_49.35_49.30_,15_14_24_6_50_
10:40:19,49.55,1,487,49.55_49.60_49.65_49.70_49.85_,7_2_21_8_105_,49.50_49.45_49.40_49.35_49.30_,15_14_24_6_50_
10:41:00,49.55,1,487,49.55_49.60_49.65_49.70_49.85_,7_2_22_8_105_,49.50_49.45_49.40_49.35_49.30_,15_14_24_6_50_
10:41:35,49.55,7,494,49.60_49.65_49.70_49.85_49.90_,2_22_8_105_5_,49.55_49.50_49.45_49.40_49.35_,3_15_14_24_6_
10:41:41,49.60,2,496,49.60_49.65_49.70_49.85_49.90_,1_22_8_1_114_,49.55_49.50_49.45_49.40_49.35_,3_15_14_24_48_
10:41:46,49.60,2,496,49.60_49.65_49.70_49.90_49.95_,1_22_8_115_6_,49.55_49.50_49.45_49.40_49.35_,3_15_14_29_48_
10:41:56,49.55,1,497,49.60_49.65_49.70_49.90_49.95_,1_22_8_115_6_,49.55_49.50_49.45_49.40_49.35_,2_15_14_29_48_
10:42:01,49.55,1,497,49.60_49.65_49.70_49.90_49.95_,1_22_8_9_106_,49.55_49.50_49.45_49.40_49.35_,2_15_14_29_48_
10:42:32,49.55,1,497,49.60_49.65_49.70_49.90_49.95_,2_22_8_9_106_,49.55_49.50_49.45_49.40_49.35_,3_15_14_29_48_
10:43:44,49.55,1,497,49.60_49.65_49.70_49.90_49.95_,2_22_8_9_106_,49.55_49.50_49.45_49.40_49.35_,3_15_14_39_48_
10:44:04,49.55,3,500,49.60_49.65_49.70_49.90_49.95_,2_22_8_9_106_,49.50_49.45_49.40_49.35_49.30_,15_14_39_48_3_
10:44:10,49.60,1,501,49.60_49.65_49.70_49.85_49.90_,1_22_8_3_6_,49.50_49.45_49.40_49.35_49.30_,15_14_39_6_46_
10:44:15,49.60,1,501,49.60_49.65_49.70_49.85_49.90_,1_22_8_3_112_,49.50_49.45_49.40_49.35_49.30_,15_14_34_6_51_
10:44:40,49.60,1,501,49.55_49.60_49.65_49.70_49.85_,1_1_22_8_3_,49.50_49.45_49.40_49.35_49.30_,15_14_34_6_51_
10:44:45,49.60,1,501,49.55_49.65_49.70_49.85_49.90_,2_22_11_100_5_,49.50_49.45_49.40_49.35_49.30_,15_14_34_6_51_
10:44:51,49.60,1,501,49.55_49.65_49.70_49.85_49.90_,2_22_8_4_111_,49.50_49.45_49.40_49.35_49.30_,15_14_34_6_51_
10:45:26,49.60,1,501,49.55_49.60_49.65_49.70_49.85_,2_2_22_8_4_,49.50_49.45_49.40_49.35_49.30_,15_14_34_6_51_
10:45:42,49.55,2,503,49.60_49.65_49.70_49.85_49.90_,2_22_8_4_111_,49.50_49.45_49.40_49.35_49.30_,15_14_34_6_51_
10:45:47,49.55,2,503,49.60_49.65_49.70_49.85_49.90_,3_22_8_3_111_,49.50_49.45_49.40_49.35_49.30_,15_14_39_6_46_
10:45:57,49.55,2,503,49.55_49.60_49.65_49.70_49.85_,3_3_22_8_3_,49.50_49.45_49.40_49.35_49.30_,15_14_39_6_46_
10:46:02,49.55,2,503,49.55_49.60_49.65_49.70_49.85_,4_2_22_11_106_,49.50_49.45_49.40_49.35_49.30_,15_14_34_6_51_
10:46:07,49.55,2,503,49.55_49.60_49.65_49.70_49.85_,4_2_22_8_109_,49.50_49.45_49.40_49.35_49.30_,15_14_34_6_51_
10:46:54,49.55,2,503,49.55_49.60_49.65_49.70_49.85_,4_2_22_8_110_,49.50_49.45_49.40_49.35_49.30_,15_14_34_6_51_
10:47:09,49.55,2,503,49.55_49.60_49.65_49.70_49.85_,5_2_22_8_110_,49.50_49.45_49.40_49.35_49.30_,15_14_34_6_51_
10:47:19,49.55,2,503,49.55_49.60_49.65_49.70_49.85_,5_2_22_8_110_,49.50_49.45_49.40_49.35_49.30_,16_14_34_6_51_
10:48:00,49.55,2,503,49.55_49.60_49.65_49.70_49.85_,5_2_22_8_110_,49.50_49.45_49.40_49.35_49.30_,16_15_34_6_51_
10:48:21,49.55,1,504,49.55_49.60_49.65_49.70_49.85_,4_2_22_8_110_,49.50_49.45_49.40_49.35_49.30_,16_15_34_6_51_
10:48:26,49.55,1,505,49.55_49.60_49.65_49.70_49.85_,3_2_22_8_110_,49.50_49.45_49.40_49.35_49.30_,16_15_34_6_51_
10:49:07,49.55,1,505,49.55_49.60_49.65_49.70_49.85_,3_2_22_8_110_,49.50_49.45_49.40_49.35_49.30_,17_15_34_6_51_
10:49:17,49.55,1,505,49.55_49.60_49.65_49.70_49.85_,4_2_22_8_110_,49.50_49.45_49.40_49.35_49.30_,17_15_34_6_51_
10:49:22,49.55,1,505,49.55_49.60_49.65_49.70_49.85_,4_2_22_8_110_,49.50_49.45_49.40_49.35_49.30_,17_15_34_7_51_
10:49:53,49.55,1,505,49.55_49.60_49.65_49.70_49.85_,5_2_22_8_110_,49.50_49.45_49.40_49.35_49.30_,17_15_34_7_51_
10:49:58,49.50,2,507,49.55_49.60_49.65_49.70_49.85_,5_2_22_8_110_,49.50_49.45_49.40_49.35_49.30_,15_15_34_7_51_
10:50:44,49.50,3,510,49.55_49.60_49.65_49.70_49.85_,5_2_22_8_110_,49.50_49.45_49.40_49.35_49.30_,12_15_34_7_51_
10:50:49,49.55,1,511,49.55_49.60_49.65_49.70_49.85_,4_2_22_8_110_,49.50_49.45_49.40_49.35_49.30_,12_15_34_7_51_
10:51:20,49.55,4,515,49.60_49.65_49.70_49.85_49.90_,2_22_8_110_5_,49.55_49.50_49.45_49.40_49.35_,1_12_15_34_7_
10:51:25,49.55,3,518,49.55_49.60_49.65_49.70_49.90_,2_3_22_8_108_,49.50_49.45_49.40_49.35_49.30_,12_15_34_49_8_
10:51:30,49.55,1,519,49.55_49.60_49.65_49.70_49.85_,2_2_22_8_3_,49.50_49.45_49.40_49.35_49.30_,12_15_34_7_50_
10:51:40,49.55,1,519,49.55_49.60_49.65_49.70_49.85_,3_2_22_8_3_,49.50_49.45_49.40_49.35_49.30_,12_15_34_7_50_
10:51:46,49.55,1,519,49.55_49.60_49.65_49.70_49.85_,3_2_22_11_100_,49.50_49.45_49.40_49.35_49.30_,12_15_34_7_50_
10:52:21,49.55,3,522,49.60_49.65_49.70_49.85_49.90_,2_22_11_100_5_,49.55_49.50_49.45_49.40_49.35_,7_12_15_34_7_
10:52:27,49.60,1,523,49.60_49.65_49.70_49.90_49.95_,1_22_8_114_6_,49.55_49.50_49.45_49.40_49.35_,7_12_15_34_50_
10:52:32,49.60,1,523,49.60_49.65_49.70_49.90_49.95_,2_22_8_8_106_,49.55_49.50_49.45_49.40_49.35_,7_12_15_39_50_
10:52:57,49.60,1,523,49.60_49.65_49.70_49.90_49.95_,3_22_8_8_106_,49.55_49.50_49.45_49.40_49.35_,7_12_15_39_50_
10:53:02,49.60,1,523,49.60_49.65_49.70_49.90_49.95_,4_22_8_8_106_,49.55_49.50_49.45_49.40_49.35_,7_12_15_39_50_
10:53:08,49.60,1,523,49.60_49.65_49.70_49.90_49.95_,4_22_8_8_106_,49.55_49.50_49.45_49.40_49.35_,8_10_15_39_50_
10:53:13,49.60,1,523,49.60_49.65_49.70_49.90_49.95_,7_22_8_8_106_,49.55_49.50_49.45_49.40_49.35_,8_10_15_39_50_
10:53:43,49.60,1,523,49.60_49.65_49.70_49.90_49.95_,7_22_8_8_107_,49.55_49.50_49.45_49.40_49.35_,8_10_15_39_50_
10:54:09,49.60,1,524,49.60_49.65_49.70_49.90_49.95_,6_22_8_8_107_,49.55_49.50_49.45_49.40_49.35_,8_10_15_39_50_
10:54:14,49.60,1,524,49.60_49.65_49.70_49.90_49.95_,6_22_8_8_107_,49.55_49.50_49.45_49.40_49.35_,9_10_15_39_50_
10:54:19,49.55,2,526,49.60_49.65_49.70_49.90_49.95_,6_22_8_8_107_,49.55_49.50_49.45_49.40_49.35_,7_11_15_39_50_
10:54:25,49.55,2,526,49.60_49.65_49.70_49.90_49.95_,7_22_8_8_107_,49.55_49.50_49.45_49.40_49.35_,7_11_15_39_50_
10:54:30,49.55,2,526,49.60_49.65_49.70_49.90_49.95_,7_22_8_8_106_,49.55_49.50_49.45_49.40_49.35_,7_11_15_39_50_
10:54:40,49.55,1,527,49.60_49.65_49.70_49.90_49.95_,7_22_8_8_106_,49.55_49.50_49.45_49.40_49.35_,6_11_15_39_50_
10:54:45,49.60,1,528,49.60_49.65_49.70_49.90_49.95_,6_22_8_8_106_,49.55_49.50_49.45_49.40_49.35_,6_11_15_39_50_
10:54:50,49.60,1,528,49.60_49.65_49.70_49.90_49.95_,6_23_8_8_106_,49.55_49.50_49.45_49.40_49.35_,6_11_15_39_50_
10:54:55,49.55,3,531,49.60_49.65_49.70_49.90_49.95_,6_23_8_8_106_,49.55_49.50_49.45_49.40_49.35_,3_11_15_39_50_
10:55:00,49.60,1,532,49.60_49.65_49.70_49.90_49.95_,5_23_8_8_106_,49.55_49.50_49.45_49.40_49.35_,3_11_15_39_50_
10:55:21,49.60,1,532,49.60_49.65_49.70_49.90_49.95_,6_23_8_8_106_,49.55_49.50_49.45_49.40_49.35_,3_11_15_39_50_
10:55:31,49.55,1,533,49.60_49.65_49.70_49.90_49.95_,6_23_8_8_106_,49.55_49.50_49.45_49.40_49.35_,2_11_15_39_50_
10:56:17,49.55,1,533,49.60_49.65_49.70_49.90_49.95_,6_23_8_8_106_,49.55_49.50_49.45_49.40_49.35_,3_12_15_39_50_
10:56:28,49.55,1,533,49.60_49.65_49.70_49.90_49.95_,6_23_8_8_106_,49.55_49.50_49.45_49.40_49.35_,4_12_15_39_50_
10:56:33,49.55,1,533,49.60_49.65_49.70_49.90_49.95_,6_23_8_8_106_,49.55_49.50_49.45_49.40_49.35_,5_12_15_39_50_
10:56:38,49.55,1,534,49.60_49.65_49.70_49.90_49.95_,6_23_8_8_106_,49.55_49.50_49.45_49.40_49.35_,4_12_15_39_50_
10:56:48,49.55,4,538,49.55_49.60_49.65_49.70_49.90_,1_6_23_8_8_,49.50_49.45_49.40_49.35_49.30_,12_15_39_50_3_
10:56:53,49.55,1,539,49.60_49.65_49.70_49.85_49.90_,6_23_8_3_111_,49.50_49.45_49.40_49.35_49.30_,12_15_34_7_51_
10:56:58,49.60,1,540,49.60_49.65_49.70_49.85_49.90_,5_23_8_3_111_,49.50_49.45_49.40_49.35_49.30_,12_15_34_7_51_
10:58:10,49.60,1,540,49.60_49.65_49.70_49.85_49.90_,6_23_8_3_111_,49.50_49.45_49.40_49.35_49.30_,12_15_34_7_51_
10:58:41,49.60,1,540,49.60_49.65_49.70_49.85_49.90_,6_23_13_3_111_,49.50_49.45_49.40_49.35_49.30_,12_15_34_7_51_
10:58:51,49.60,1,540,49.55_49.60_49.65_49.70_49.85_,1_6_23_13_3_,49.50_49.45_49.40_49.35_49.30_,12_15_34_7_51_
10:58:56,49.60,1,540,49.55_49.60_49.65_49.70_49.85_,3_4_22_16_106_,49.50_49.45_49.40_49.35_49.30_,12_15_34_7_50_
10:59:01,49.60,1,540,49.55_49.60_49.65_49.70_49.85_,5_3_23_13_109_,49.50_49.45_49.40_49.35_49.30_,12_15_34_7_50_
10:59:17,49.60,1,540,49.55_49.60_49.65_49.70_49.85_,4_3_23_13_109_,49.50_49.45_49.40_49.35_49.30_,12_15_34_7_50_
11:00:18,49.60,1,540,49.55_49.60_49.65_49.70_49.85_,7_3_23_13_109_,49.50_49.45_49.40_49.35_49.30_,12_15_34_7_50_
11:00:23,49.60,1,540,49.55_49.60_49.65_49.70_49.85_,8_3_22_13_109_,49.50_49.45_49.40_49.35_49.30_,12_15_34_7_50_
11:00:39,49.60,1,540,49.55_49.60_49.65_49.70_49.85_,8_8_22_13_109_,49.50_49.45_49.40_49.35_49.30_,12_15_34_7_50_
11:00:44,49.60,1,540,49.55_49.60_49.65_49.70_49.85_,8_13_22_8_109_,49.50_49.45_49.40_49.35_49.30_,12_15_34_7_50_
11:00:54,49.60,1,540,49.55_49.60_49.65_49.70_49.85_,7_13_22_8_109_,49.50_49.45_49.40_49.35_49.30_,12_15_34_7_50_
11:00:59,49.60,1,540,49.55_49.60_49.65_49.70_49.85_,7_14_21_8_109_,49.50_49.45_49.40_49.35_49.30_,12_15_34_7_50_
11:01:10,49.60,1,540,49.55_49.60_49.65_49.70_49.85_,7_14_21_8_109_,49.50_49.45_49.40_49.35_49.30_,13_15_34_7_50_
11:02:06,49.50,10,550,49.55_49.60_49.65_49.70_49.85_,7_14_21_8_109_,49.50_49.45_49.40_49.35_49.30_,3_15_34_7_50_
11:02:11,49.55,2,552,49.55_49.60_49.65_49.70_49.85_,5_14_21_8_109_,49.50_49.45_49.40_49.35_49.30_,3_15_34_7_50_
11:02:16,49.55,2,552,49.55_49.60_49.65_49.70_49.85_,6_14_21_8_109_,49.50_49.45_49.40_49.35_49.30_,3_15_34_7_50_
11:02:31,49.50,3,555,49.50_49.55_49.60_49.65_49.70_,2_6_14_21_8_,49.45_49.40_49.35_49.30_49.25_,15_34_7_50_1_
11:02:37,49.50,1,556,49.50_49.55_49.60_49.65_49.70_,2_4_14_21_117_,49.45_49.40_49.35_49.30_49.25_,15_35_7_8_43_
11:02:42,49.50,1,556,49.50_49.55_49.60_49.65_49.70_,3_4_14_21_117_,49.45_49.40_49.35_49.30_49.25_,15_35_7_8_43_
11:02:47,49.50,1,556,49.50_49.55_49.60_49.65_49.70_,5_4_14_20_117_,49.45_49.40_49.35_49.30_49.25_,15_35_7_8_43_
11:03:07,49.50,1,556,49.50_49.55_49.60_49.65_49.70_,5_4_14_21_117_,49.45_49.40_49.35_49.30_49.25_,15_35_7_8_43_
11:03:23,49.50,1,556,49.50_49.55_49.60_49.65_49.70_,4_4_14_21_117_,49.45_49.40_49.35_49.30_49.25_,15_35_7_8_43_
11:03:38,49.50,1,557,49.50_49.55_49.60_49.65_49.70_,3_4_14_21_117_,49.45_49.40_49.35_49.30_49.25_,15_35_7_8_43_
11:03:48,49.50,1,557,49.50_49.55_49.60_49.65_49.70_,3_4_14_21_117_,49.45_49.40_49.35_49.30_49.25_,15_35_7_3_43_
11:03:54,49.45,1,558,49.50_49.55_49.60_49.65_49.70_,3_4_14_21_117_,49.45_49.40_49.35_49.30_49.25_,14_35_7_3_43_
11:04:19,49.50,1,559,49.50_49.55_49.60_49.65_49.70_,3_4_14_21_117_,49.45_49.40_49.35_49.30_49.25_,14_35_7_3_43_
11:04:24,49.50,1,560,49.50_49.55_49.60_49.65_49.70_,3_4_14_21_117_,49.45_49.40_49.35_49.30_49.25_,14_35_7_3_43_
11:04:30,49.45,2,562,49.50_49.55_49.60_49.65_49.70_,3_4_14_21_117_,49.45_49.40_49.35_49.30_49.25_,12_35_7_3_43_
11:04:40,49.50,2,564,49.50_49.55_49.60_49.65_49.70_,1_4_14_21_117_,49.45_49.40_49.35_49.30_49.25_,12_35_7_3_43_
11:04:45,49.50,1,565,49.55_49.60_49.65_49.70_49.90_,4_14_21_117_5_,49.45_49.40_49.35_49.30_49.25_,12_35_7_3_43_
11:04:50,49.50,1,565,49.55_49.60_49.65_49.70_49.85_,4_14_21_8_3_,49.45_49.40_49.35_49.30_49.25_,12_35_7_3_43_
11:05:11,49.50,1,565,49.55_49.60_49.65_49.70_49.85_,4_14_21_8_3_,49.50_49.45_49.40_49.35_49.30_,1_12_35_7_3_
11:05:16,49.50,1,565,49.55_49.60_49.65_49.70_49.85_,4_14_22_11_100_,49.50_49.45_49.40_49.35_49.30_,1_12_35_7_45_
11:05:21,49.50,1,566,49.50_49.55_49.60_49.65_49.70_,1_4_14_22_11_,49.45_49.40_49.35_49.30_49.25_,12_35_7_50_1_
11:05:26,49.50,1,566,49.50_49.55_49.60_49.65_49.70_,2_4_15_20_117_,49.45_49.40_49.35_49.30_49.25_,12_35_7_3_43_
11:05:42,49.50,1,567,49.50_49.55_49.60_49.65_49.70_,1_4_15_20_117_,49.45_49.40_49.35_49.30_49.25_,12_35_7_3_43_
11:05:57,49.50,1,567,49.50_49.55_49.60_49.65_49.70_,2_4_15_20_117_,49.45_49.40_49.35_49.30_49.25_,12_35_7_3_43_
11:06:18,49.45,1,568,49.50_49.55_49.60_49.65_49.70_,2_4_15_20_117_,49.45_49.40_49.35_49.30_49.25_,11_35_7_3_43_
11:06:23,49.50,1,569,49.50_49.55_49.60_49.65_49.70_,1_4_15_20_117_,49.45_49.40_49.35_49.30_49.25_,11_35_7_3_43_
11:07:04,49.50,1,569,49.50_49.55_49.60_49.65_49.70_,3_4_15_20_117_,49.45_49.40_49.35_49.30_49.25_,11_35_7_3_43_
11:07:09,49.50,1,569,49.50_49.55_49.60_49.65_49.70_,4_4_15_20_117_,49.45_49.40_49.35_49.30_49.25_,12_35_7_3_43_
11:07:14,49.45,1,570,49.50_49.55_49.60_49.65_49.70_,4_4_15_20_117_,49.45_49.40_49.35_49.30_49.25_,11_35_7_3_43_
11:07:34,49.45,1,570,49.50_49.55_49.60_49.65_49.70_,4_4_15_20_117_,49.45_49.40_49.35_49.30_49.25_,11_35_7_8_43_
11:07:40,49.45,1,571,49.50_49.55_49.60_49.65_49.70_,4_4_15_21_117_,49.45_49.40_49.35_49.30_49.25_,10_35_7_8_43_
11:07:45,49.45,1,571,49.50_49.55_49.60_49.65_49.70_,4_4_15_21_117_,49.45_49.40_49.35_49.30_49.25_,10_45_7_8_43_
11:08:05,49.45,1,572,49.50_49.55_49.60_49.65_49.70_,4_4_15_21_117_,49.45_49.40_49.35_49.30_49.25_,9_45_7_8_43_
11:08:10,49.50,1,573,49.50_49.55_49.60_49.65_49.70_,3_4_15_21_117_,49.45_49.40_49.35_49.30_49.25_,9_45_7_8_43_
11:08:15,49.50,1,573,49.50_49.55_49.60_49.65_49.70_,4_4_14_21_117_,49.45_49.40_49.35_49.30_49.25_,9_45_8_8_43_
11:08:41,49.50,1,573,49.50_49.55_49.60_49.65_49.70_,4_4_14_21_117_,49.45_49.40_49.35_49.30_49.25_,9_45_8_9_43_
11:09:12,49.50,1,573,49.50_49.55_49.60_49.65_49.70_,6_4_14_21_117_,49.45_49.40_49.35_49.30_49.25_,9_45_8_9_43_
11:09:37,49.50,1,573,49.50_49.55_49.60_49.65_49.70_,6_4_14_21_117_,49.45_49.40_49.35_49.30_49.25_,11_45_8_9_43_
11:09:53,49.50,1,573,49.50_49.55_49.60_49.65_49.70_,7_4_14_21_117_,49.45_49.40_49.35_49.30_49.25_,11_45_8_9_43_
11:10:03,49.50,1,573,49.50_49.55_49.60_49.65_49.70_,7_4_14_21_117_,49.45_49.40_49.35_49.30_49.25_,10_45_8_9_43_
11:10:23,49.45,2,575,49.50_49.55_49.60_49.65_49.70_,7_4_14_21_117_,49.45_49.40_49.35_49.30_49.25_,8_45_8_9_43_
11:11:10,49.45,2,575,49.50_49.55_49.60_49.65_49.70_,7_4_15_21_117_,49.45_49.40_49.35_49.30_49.25_,8_45_8_9_43_
11:11:25,49.45,2,575,49.50_49.55_49.60_49.65_49.70_,7_4_15_21_117_,49.45_49.40_49.35_49.30_49.25_,9_45_8_9_43_
11:11:30,49.45,2,575,49.50_49.55_49.60_49.65_49.70_,7_4_15_21_117_,49.45_49.40_49.35_49.30_49.25_,9_45_8_9_44_
11:11:35,49.45,2,575,49.50_49.55_49.60_49.65_49.70_,7_4_15_21_117_,49.45_49.40_49.35_49.30_49.25_,11_45_8_9_44_
11:11:46,49.45,2,575,49.50_49.55_49.60_49.65_49.70_,8_4_15_21_117_,49.45_49.40_49.35_49.30_49.25_,11_45_8_9_44_
11:11:56,49.45,1,576,49.50_49.55_49.60_49.65_49.70_,8_4_15_21_117_,49.45_49.40_49.35_49.30_49.25_,10_45_8_9_44_
11:12:52,49.50,1,577,49.50_49.55_49.60_49.65_49.70_,7_4_15_21_117_,49.45_49.40_49.35_49.30_49.25_,10_45_8_9_44_
11:12:57,49.50,1,578,49.50_49.55_49.60_49.65_49.70_,6_4_15_21_117_,49.45_49.40_49.35_49.30_49.25_,10_45_8_9_44_
11:13:02,49.45,10,588,49.50_49.55_49.60_49.65_49.70_,6_4_15_21_117_,49.40_49.35_49.30_49.25_49.20_,45_8_9_44_20_
11:13:08,49.50,3,591,49.50_49.55_49.60_49.65_49.70_,3_4_15_21_117_,49.40_49.35_49.30_49.25_49.20_,45_8_9_2_62_
11:13:13,49.50,3,591,49.50_49.55_49.60_49.65_49.70_,3_4_14_21_117_,49.40_49.35_49.30_49.25_49.20_,45_8_9_2_62_
11:13:18,49.50,3,591,49.50_49.55_49.60_49.65_49.70_,3_4_14_22_117_,49.40_49.35_49.30_49.25_49.20_,45_8_9_2_62_
11:13:23,49.50,3,594,49.55_49.60_49.65_49.70_49.90_,4_14_22_117_6_,49.40_49.35_49.30_49.25_49.20_,45_8_9_2_62_
11:13:28,49.50,3,594,49.55_49.60_49.65_49.70_49.85_,4_14_22_8_51_,49.40_49.35_49.30_49.25_49.20_,45_8_9_2_65_
11:13:49,49.50,3,594,49.55_49.60_49.65_49.70_49.85_,4_14_22_8_51_,49.45_49.40_49.35_49.30_49.25_,5_45_8_9_2_
11:13:54,49.50,3,594,49.55_49.60_49.65_49.70_49.80_,4_14_22_8_3_,49.45_49.40_49.35_49.30_49.25_,5_45_8_9_45_
11:14:40,49.50,3,594,49.50_49.55_49.60_49.65_49.70_,2_4_14_22_8_,49.45_49.40_49.35_49.30_49.25_,5_45_8_9_45_
11:14:45,49.45,4,598,49.50_49.55_49.60_49.65_49.70_,2_4_14_22_117_,49.45_49.40_49.35_49.30_49.25_,1_45_8_9_45_
11:14:50,49.50,2,600,49.55_49.60_49.65_49.70_49.90_,4_14_22_117_6_,49.45_49.40_49.35_49.30_49.25_,1_45_8_9_45_
11:14:55,49.50,2,600,49.55_49.60_49.65_49.70_49.85_,4_14_22_8_3_,49.45_49.40_49.35_49.30_49.25_,1_45_8_9_45_
11:15:26,49.40,41,641,49.55_49.60_49.65_49.70_49.85_,4_14_22_8_3_,49.40_49.35_49.30_49.25_49.20_,5_8_9_45_21_
11:15:31,49.55,2,643,49.55_49.60_49.65_49.70_49.85_,2_14_22_11_100_,49.40_49.35_49.30_49.25_49.20_,5_9_9_2_64_
11:15:36,49.55,2,643,49.55_49.60_49.65_49.70_49.80_,2_14_22_8_3_,49.45_49.40_49.35_49.30_49.25_,4_9_9_9_2_
11:15:42,49.55,2,643,49.55_49.60_49.65_49.70_49.80_,2_14_22_11_106_,49.50_49.45_49.40_49.35_49.30_,2_4_9_10_9_
11:15:47,49.55,2,643,49.55_49.60_49.65_49.70_49.80_,2_14_22_8_109_,49.50_49.45_49.40_49.35_49.30_,6_4_5_9_52_
11:15:52,49.55,2,643,49.55_49.60_49.65_49.70_49.80_,2_14_22_8_109_,49.50_49.45_49.40_49.35_49.30_,7_4_5_9_52_
11:16:12,49.55,2,645,49.60_49.65_49.70_49.80_49.90_,14_22_8_109_6_,49.55_49.50_49.40_49.35_49.30_,3_7_5_9_53_
11:16:17,49.55,2,645,49.60_49.65_49.70_49.90_49.95_,9_22_13_109_6_,49.55_49.50_49.40_49.35_49.30_,4_6_5_8_55_
11:16:23,49.55,2,645,49.60_49.65_49.70_49.90_49.95_,9_22_13_9_112_,49.55_49.50_49.40_49.35_49.30_,6_4_5_8_54_
11:16:28,49.60,2,647,49.60_49.65_49.70_49.90_49.95_,7_22_13_9_112_,49.55_49.50_49.40_49.35_49.30_,6_2_5_8_54_
11:16:33,49.60,1,648,49.60_49.65_49.70_49.90_49.95_,6_22_13_9_112_,49.55_49.50_49.40_49.35_49.30_,6_2_5_8_54_
11:16:38,49.60,1,648,49.60_49.65_49.70_49.90_49.95_,1_22_13_9_112_,49.55_49.50_49.40_49.35_49.30_,6_2_5_8_54_
11:16:43,49.60,1,648,49.65_49.70_49.90_49.95_50.00_,23_13_9_112_28_,49.55_49.50_49.40_49.35_49.30_,4_2_5_8_54_
11:16:48,49.60,1,648,49.65_49.70_49.90_49.95_50.00_,23_13_9_60_80_,49.55_49.50_49.40_49.35_49.30_,4_2_5_8_54_
11:16:58,49.60,1,648,49.65_49.70_49.90_49.95_50.00_,23_13_9_60_80_,49.55_49.50_49.40_49.35_49.30_,4_1_5_8_54_
11:17:09,49.60,1,648,49.65_49.70_49.90_49.95_50.00_,24_13_9_60_80_,49.55_49.50_49.40_49.35_49.30_,4_1_5_8_54_
11:17:14,49.60,1,648,49.65_49.70_49.90_49.95_50.00_,25_13_9_60_80_,49.55_49.50_49.40_49.35_49.30_,5_1_5_8_54_
11:17:19,49.60,1,648,49.65_49.70_49.90_49.95_50.00_,25_13_9_60_80_,49.60_49.55_49.50_49.40_49.35_,1_4_1_5_8_
11:17:24,49.60,1,648,49.65_49.70_49.90_49.95_50.00_,25_13_6_9_128_,49.60_49.55_49.50_49.40_49.35_,3_2_1_10_50_
11:17:40,49.60,2,650,49.65_49.70_49.90_49.95_50.00_,25_13_6_9_128_,49.60_49.55_49.50_49.40_49.35_,1_2_1_10_50_
11:17:55,49.60,2,650,49.65_49.70_49.90_49.95_50.00_,25_13_12_9_128_,49.60_49.55_49.50_49.40_49.35_,1_2_1_10_50_
11:18:21,49.60,2,650,49.65_49.70_49.90_49.95_50.00_,26_13_12_9_128_,49.60_49.55_49.50_49.40_49.35_,1_2_1_10_50_
11:18:26,49.60,2,650,49.65_49.70_49.90_49.95_50.00_,26_13_12_9_128_,49.60_49.55_49.50_49.40_49.35_,2_1_1_10_50_
11:18:36,49.60,2,652,49.65_49.70_49.90_49.95_50.00_,26_13_12_9_128_,49.55_49.50_49.40_49.35_49.30_,1_1_10_50_6_
11:18:41,49.60,2,652,49.65_49.70_49.90_49.95_50.00_,26_13_15_60_80_,49.55_49.50_49.40_49.35_49.30_,1_1_5_8_53_
11:18:51,49.60,2,652,49.65_49.70_49.90_49.95_50.00_,26_13_15_60_80_,49.55_49.50_49.40_49.35_49.30_,1_7_5_8_53_
11:19:32,49.60,2,652,49.65_49.70_49.90_49.95_50.00_,26_13_15_60_80_,49.55_49.50_49.40_49.35_49.30_,1_7_5_2_53_
11:19:37,49.60,2,652,49.65_49.70_49.90_49.95_50.00_,26_13_16_60_80_,49.55_49.50_49.40_49.35_49.30_,1_7_5_2_53_
11:19:58,49.60,2,652,49.65_49.70_49.90_49.95_50.00_,26_13_16_60_80_,49.55_49.50_49.40_49.35_49.30_,1_7_5_1_53_
11:20:03,49.60,2,652,49.65_49.70_49.85_49.90_49.95_,26_13_5_16_60_,49.55_49.50_49.40_49.35_49.30_,1_7_5_1_53_
11:20:08,49.60,2,652,49.65_49.70_49.85_49.90_49.95_,26_13_5_16_60_,49.55_49.50_49.45_49.40_49.35_,1_7_1_5_1_
11:20:24,49.60,2,652,49.65_49.70_49.85_49.90_49.95_,26_13_6_15_60_,49.55_49.50_49.45_49.40_49.35_,1_7_1_5_1_
11:20:54,49.60,2,652,49.65_49.70_49.85_49.90_49.95_,26_13_5_15_60_,49.60_49.55_49.50_49.45_49.40_,1_1_8_1_5_
11:20:59,49.60,2,652,49.65_49.70_49.85_49.90_49.95_,26_13_5_12_109_,49.60_49.55_49.50_49.45_49.40_,1_1_8_1_52_
11:21:05,49.60,2,652,49.65_49.70_49.85_49.90_49.95_,25_13_5_12_109_,49.60_49.55_49.50_49.45_49.40_,1_1_8_1_52_
11:21:25,49.60,2,652,49.65_49.70_49.85_49.90_49.95_,25_13_5_13_109_,49.60_49.55_49.50_49.45_49.40_,2_1_8_1_52_
11:21:30,49.60,2,652,49.65_49.70_49.85_49.90_49.95_,25_13_5_13_109_,49.60_49.55_49.50_49.45_49.40_,2_1_8_1_53_
11:22:06,49.60,2,652,49.65_49.70_49.85_49.90_49.95_,24_13_5_13_109_,49.60_49.55_49.50_49.45_49.40_,2_1_8_1_53_
11:24:04,49.60,2,652,49.65_49.70_49.85_49.90_49.95_,23_13_5_13_109_,49.60_49.55_49.50_49.45_49.40_,2_1_8_1_53_
11:24:20,49.60,1,653,49.65_49.70_49.85_49.90_49.95_,23_13_5_13_109_,49.60_49.55_49.50_49.45_49.40_,1_1_8_1_53_
11:24:25,49.60,1,653,49.65_49.70_49.85_49.90_49.95_,23_13_5_13_109_,49.55_49.50_49.45_49.40_49.35_,1_8_1_53_1_
11:24:30,49.60,1,653,49.60_49.65_49.70_49.85_49.90_,1_23_13_5_16_,49.55_49.50_49.45_49.40_49.35_,2_8_1_11_43_
11:24:35,49.60,1,653,49.60_49.65_49.70_49.85_49.90_,3_21_13_5_116_,49.55_49.50_49.45_49.40_49.35_,2_8_1_11_43_
11:25:06,49.60,1,653,49.60_49.65_49.70_49.85_49.90_,3_21_13_5_116_,49.55_49.50_49.45_49.40_49.35_,2_14_1_11_43_
11:25:16,49.60,1,653,49.60_49.65_49.70_49.85_49.90_,7_21_13_5_116_,49.55_49.50_49.45_49.40_49.35_,2_14_1_11_43_
11:25:21,49.60,8,661,49.65_49.70_49.85_49.90_49.95_,21_13_5_116_6_,49.60_49.55_49.50_49.45_49.40_,2_2_14_1_11_
11:25:27,49.60,2,663,49.65_49.70_49.85_49.90_49.95_,22_13_5_13_115_,49.60_49.55_49.50_49.45_49.40_,2_1_14_1_53_
11:25:32,49.65,1,664,49.65_49.70_49.85_49.90_49.95_,23_13_5_13_115_,49.60_49.55_49.50_49.45_49.40_,2_1_14_1_53_
11:25:37,49.65,1,664,49.65_49.70_49.85_49.90_49.95_,23_13_5_13_115_,49.60_49.55_49.50_49.45_49.40_,3_1_14_1_53_
11:25:42,49.65,1,664,49.65_49.70_49.85_49.90_49.95_,23_13_5_14_115_,49.60_49.55_49.50_49.45_49.40_,3_1_14_1_53_
11:26:28,49.60,1,665,49.65_49.70_49.85_49.90_49.95_,23_13_5_14_115_,49.60_49.55_49.50_49.45_49.40_,2_1_14_1_53_
11:26:33,49.65,1,666,49.65_49.70_49.85_49.90_49.95_,22_13_5_14_115_,49.60_49.55_49.50_49.45_49.40_,1_1_14_1_53_
11:26:38,49.65,1,666,49.65_49.70_49.85_49.90_49.95_,22_13_5_14_115_,49.55_49.50_49.45_49.40_49.35_,1_14_1_53_1_
11:26:44,49.65,1,666,49.65_49.70_49.85_49.90_49.95_,22_13_5_15_106_,49.55_49.50_49.45_49.40_49.35_,2_15_1_11_44_
11:27:04,49.65,1,666,49.65_49.70_49.80_49.85_49.90_,22_13_2_5_15_,49.55_49.50_49.45_49.40_49.35_,2_15_1_11_44_
11:28:26,49.65,1,666,49.65_49.70_49.80_49.85_49.90_,22_13_2_5_15_,49.55_49.50_49.45_49.40_49.35_,3_15_1_11_44_
11:28:31,49.65,1,666,49.65_49.70_49.80_49.85_49.90_,21_13_2_5_121_,49.55_49.50_49.45_49.40_49.35_,3_15_1_11_44_
11:28:47,49.65,2,668,49.65_49.70_49.80_49.85_49.90_,19_13_2_5_121_,49.55_49.50_49.45_49.40_49.35_,3_15_1_11_44_
11:28:52,49.65,2,668,49.65_49.70_49.80_49.85_49.90_,19_13_2_5_121_,49.60_49.55_49.50_49.45_49.40_,1_3_15_1_11_
11:28:57,49.65,2,668,49.65_49.70_49.80_49.85_49.90_,19_13_2_5_115_,49.60_49.55_49.50_49.45_49.40_,2_3_15_1_54_
11:29:02,49.65,2,668,49.65_49.70_49.80_49.85_49.90_,20_8_7_5_115_,49.60_49.55_49.50_49.45_49.40_,2_3_15_1_54_
11:29:33,49.65,1,669,49.65_49.70_49.80_49.85_49.90_,19_8_7_5_115_,49.60_49.55_49.50_49.45_49.40_,1_3_15_1_54_
11:29:38,49.65,1,669,49.65_49.70_49.80_49.85_49.90_,19_8_7_5_115_,49.55_49.50_49.45_49.40_49.35_,3_15_1_54_1_
11:29:43,49.65,1,669,49.65_49.70_49.80_49.85_49.90_,19_8_7_5_121_,49.55_49.50_49.45_49.40_49.35_,3_15_1_11_44_
11:29:48,49.65,1,669,49.65_49.70_49.80_49.85_49.90_,19_8_7_5_121_,49.55_49.50_49.45_49.40_49.35_,3_16_1_11_44_
11:29:58,49.65,1,669,49.65_49.70_49.80_49.85_49.90_,20_8_7_5_121_,49.55_49.50_49.45_49.40_49.35_,3_16_1_11_44_
11:30:45,49.65,1,669,49.65_49.70_49.80_49.85_49.90_,20_8_7_5_120_,49.55_49.50_49.45_49.40_49.35_,3_16_1_11_44_
11:31:15,49.65,1,669,49.65_49.70_49.80_49.85_49.90_,21_8_7_5_120_,49.55_49.50_49.45_49.40_49.35_,3_16_1_11_44_
11:31:26,49.65,1,669,49.65_49.70_49.80_49.85_49.90_,21_8_7_5_120_,49.55_49.50_49.45_49.40_49.35_,4_16_1_11_44_
11:32:17,49.65,1,669,49.65_49.70_49.80_49.85_49.90_,22_8_7_5_120_,49.55_49.50_49.45_49.40_49.35_,4_16_1_11_44_
11:32:53,49.65,1,669,49.65_49.70_49.80_49.85_49.90_,23_8_7_5_120_,49.55_49.50_49.45_49.40_49.35_,4_16_1_11_44_
11:33:08,49.65,1,669,49.65_49.70_49.80_49.85_49.90_,23_8_7_5_120_,49.60_49.55_49.50_49.45_49.40_,1_4_16_1_11_
11:33:13,49.65,1,669,49.65_49.70_49.80_49.85_49.90_,23_8_7_5_114_,49.60_49.55_49.50_49.45_49.40_,2_3_16_1_54_
11:33:29,49.60,1,670,49.65_49.70_49.80_49.85_49.90_,23_8_7_5_114_,49.60_49.55_49.50_49.45_49.40_,1_3_16_1_54_
11:33:34,49.60,1,670,49.65_49.70_49.80_49.85_49.90_,23_8_7_5_114_,49.55_49.50_49.45_49.40_49.35_,3_16_1_54_1_
11:33:39,49.60,1,670,49.65_49.70_49.80_49.85_49.90_,23_8_7_5_120_,49.55_49.50_49.45_49.40_49.35_,3_16_1_11_43_
11:33:44,49.60,1,670,49.65_49.70_49.80_49.85_49.90_,23_8_7_5_120_,49.55_49.50_49.45_49.40_49.35_,4_16_1_11_43_
11:34:15,49.60,1,670,49.60_49.65_49.70_49.80_49.85_,3_23_8_7_5_,49.55_49.50_49.45_49.40_49.35_,4_16_1_11_43_
11:34:20,49.60,1,670,49.60_49.65_49.70_49.80_49.85_,7_15_13_2_114_,49.55_49.50_49.45_49.40_49.35_,4_16_1_11_43_
11:34:25,49.60,1,670,49.60_49.65_49.70_49.80_49.85_,9_15_13_2_114_,49.55_49.50_49.45_49.40_49.35_,4_16_1_11_43_
11:36:28,49.60,1,670,49.60_49.65_49.70_49.80_49.85_,9_15_13_2_114_,49.55_49.50_49.45_49.40_49.35_,5_16_1_11_43_
11:36:34,49.60,1,670,49.60_49.65_49.70_49.80_49.85_,9_15_13_2_114_,49.55_49.50_49.45_49.40_49.35_,4_16_1_11_43_
11:37:35,49.60,1,670,49.60_49.65_49.70_49.80_49.85_,9_15_13_2_114_,49.55_49.50_49.45_49.40_49.35_,5_16_1_11_43_
11:38:01,49.60,1,670,49.60_49.65_49.70_49.80_49.85_,10_15_13_2_114_,49.55_49.50_49.45_49.40_49.35_,5_16_1_11_43_
11:38:11,49.60,1,671,49.60_49.65_49.70_49.80_49.85_,9_15_13_2_114_,49.55_49.50_49.45_49.40_49.35_,5_16_1_11_43_
11:38:16,49.60,1,671,49.60_49.65_49.70_49.80_49.85_,9_16_13_2_114_,49.55_49.50_49.45_49.40_49.35_,5_16_1_11_43_
11:38:21,49.60,1,671,49.60_49.65_49.70_49.80_49.85_,8_16_13_2_114_,49.55_49.50_49.45_49.40_49.35_,5_16_1_11_43_
11:38:47,49.60,1,671,49.60_49.65_49.70_49.80_49.85_,7_16_13_2_114_,49.55_49.50_49.45_49.40_49.35_,5_16_1_11_43_
11:38:52,49.60,1,672,49.60_49.65_49.70_49.80_49.85_,6_16_13_2_114_,49.55_49.50_49.45_49.40_49.35_,5_16_1_11_43_
11:38:57,49.60,1,673,49.60_49.65_49.70_49.80_49.85_,5_16_13_2_114_,49.55_49.50_49.45_49.40_49.35_,5_16_1_11_43_
11:39:02,49.60,1,673,49.60_49.65_49.70_49.80_49.85_,15_16_13_2_114_,49.55_49.50_49.45_49.40_49.35_,5_16_1_11_43_
11:39:07,49.60,2,675,49.60_49.65_49.70_49.80_49.85_,13_16_13_2_114_,49.55_49.50_49.45_49.40_49.35_,5_16_1_11_43_
11:39:13,49.60,2,675,49.60_49.65_49.70_49.80_49.85_,14_16_13_2_114_,49.55_49.50_49.45_49.40_49.35_,5_16_1_11_43_
11:39:28,49.55,1,676,49.60_49.65_49.70_49.80_49.85_,14_16_13_2_114_,49.55_49.50_49.45_49.40_49.35_,4_16_1_11_43_
11:39:33,49.55,1,676,49.60_49.65_49.70_49.80_49.85_,15_16_13_2_114_,49.55_49.50_49.45_49.40_49.35_,4_16_1_11_43_
11:40:04,49.55,1,676,49.60_49.65_49.70_49.80_49.85_,15_16_13_2_114_,49.55_49.50_49.45_49.40_49.35_,4_15_1_11_43_
11:40:30,49.55,1,677,49.60_49.65_49.70_49.80_49.85_,15_16_13_2_114_,49.55_49.50_49.45_49.40_49.35_,3_15_1_11_43_
11:40:35,49.60,1,678,49.60_49.65_49.70_49.80_49.85_,14_16_13_2_114_,49.55_49.50_49.45_49.40_49.35_,3_15_1_11_43_
11:41:05,49.60,1,678,49.60_49.65_49.70_49.85_49.90_,14_16_13_114_11_,49.55_49.50_49.45_49.40_49.35_,3_15_1_11_43_
11:41:16,49.60,1,678,49.60_49.65_49.70_49.85_49.90_,16_16_13_114_11_,49.55_49.50_49.45_49.40_49.35_,3_15_1_11_43_
11:41:21,49.60,1,679,49.60_49.65_49.70_49.85_49.90_,15_16_13_5_114_,49.55_49.50_49.45_49.40_49.35_,2_15_1_11_44_
11:41:31,49.60,1,679,49.60_49.65_49.70_49.85_49.90_,17_16_13_5_114_,49.55_49.50_49.45_49.40_49.35_,2_15_1_11_44_
11:41:41,49.60,1,679,49.60_49.65_49.70_49.85_49.90_,16_16_13_5_114_,49.55_49.50_49.45_49.40_49.35_,2_15_1_11_44_
11:41:57,49.60,1,679,49.60_49.65_49.70_49.85_49.90_,21_16_13_5_114_,49.55_49.50_49.45_49.40_49.35_,2_15_1_11_44_
11:42:12,49.60,1,679,49.60_49.65_49.70_49.85_49.90_,23_16_13_5_114_,49.55_49.50_49.45_49.40_49.35_,2_15_1_11_44_
11:42:17,49.60,1,679,49.60_49.65_49.70_49.85_49.90_,24_16_13_5_114_,49.55_49.50_49.45_49.40_49.35_,2_15_1_11_44_
11:42:22,49.60,1,679,49.60_49.65_49.70_49.85_49.90_,25_16_13_5_114_,49.55_49.50_49.45_49.40_49.35_,2_15_1_11_44_
11:42:48,49.60,1,679,49.60_49.65_49.70_49.85_49.90_,20_16_13_5_114_,49.55_49.50_49.45_49.40_49.35_,3_15_1_11_44_
11:42:58,49.55,1,680,49.60_49.65_49.70_49.85_49.90_,20_16_13_5_114_,49.55_49.50_49.45_49.40_49.35_,2_15_1_11_44_
11:43:24,49.55,1,680,49.60_49.65_49.70_49.85_49.90_,20_16_13_5_114_,49.55_49.50_49.45_49.40_49.35_,2_15_1_12_44_
11:43:34,49.55,2,682,49.55_49.60_49.65_49.70_49.85_,3_20_16_13_5_,49.50_49.45_49.40_49.35_49.30_,15_1_12_44_7_
11:43:39,49.55,1,683,49.55_49.60_49.65_49.70_49.85_,4_15_16_13_114_,49.50_49.45_49.40_49.35_49.30_,15_1_7_1_55_
11:43:44,49.55,1,683,49.55_49.60_49.65_49.70_49.85_,7_15_16_13_114_,49.50_49.45_49.40_49.35_49.30_,15_1_7_1_55_
11:44:00,49.55,1,683,49.55_49.60_49.65_49.70_49.85_,7_15_16_13_114_,49.50_49.45_49.40_49.35_49.30_,15_2_7_1_55_
11:44:05,49.55,1,683,49.55_49.60_49.65_49.70_49.85_,8_14_16_14_114_,49.50_49.45_49.40_49.35_49.30_,15_2_7_1_55_
11:44:15,49.55,1,683,49.55_49.60_49.65_49.70_49.85_,9_14_16_14_114_,49.50_49.45_49.40_49.35_49.30_,15_2_7_1_55_
11:44:20,49.55,1,683,49.55_49.60_49.65_49.70_49.85_,10_13_16_14_114_,49.50_49.45_49.40_49.35_49.30_,15_2_7_1_55_
11:44:31,49.55,1,683,49.55_49.60_49.65_49.70_49.85_,10_13_16_14_114_,49.50_49.45_49.40_49.35_49.30_,15_3_7_1_55_
11:46:18,49.55,1,683,49.55_49.60_49.65_49.70_49.85_,9_13_16_14_114_,49.50_49.45_49.40_49.35_49.30_,15_3_7_1_55_
11:46:23,49.55,1,683,49.55_49.60_49.65_49.70_49.85_,8_13_16_14_114_,49.50_49.45_49.40_49.35_49.30_,15_3_7_1_55_
11:46:29,49.55,1,683,49.55_49.60_49.65_49.70_49.85_,8_14_16_14_114_,49.50_49.45_49.40_49.35_49.30_,15_3_7_1_55_
11:46:39,49.55,1,683,49.55_49.60_49.65_49.70_49.85_,9_14_16_14_114_,49.50_49.45_49.40_49.35_49.30_,15_3_7_1_55_
11:46:44,49.55,1,683,49.55_49.60_49.65_49.70_49.85_,10_13_16_14_114_,49.50_49.45_49.40_49.35_49.30_,15_3_7_1_55_
11:47:10,49.50,15,698,49.55_49.60_49.65_49.70_49.85_,10_13_16_14_114_,49.45_49.40_49.35_49.30_49.25_,3_7_1_55_2_
11:47:15,49.45,5,703,49.55_49.60_49.65_49.70_49.80_,10_18_16_9_3_,49.45_49.40_49.35_49.30_49.25_,3_8_1_12_45_
11:47:25,49.40,11,714,49.40_49.55_49.60_49.65_49.70_,11_10_18_16_9_,49.35_49.30_49.25_49.20_49.10_,1_12_45_22_1_
11:47:30,49.40,3,717,49.40_49.55_49.60_49.65_49.70_,12_3_18_16_118_,49.35_49.30_49.25_49.20_49.10_,2_8_2_27_44_
11:47:35,49.35,1,718,49.40_49.55_49.60_49.65_49.70_,15_3_18_16_118_,49.35_49.30_49.25_49.20_49.10_,1_8_2_27_44_
11:47:40,49.40,1,719,49.40_49.50_49.55_49.60_49.65_,14_5_3_13_16_,49.35_49.30_49.25_49.20_49.10_,1_8_2_27_44_
11:47:46,49.40,1,719,49.40_49.50_49.55_49.60_49.65_,14_5_3_13_119_,49.35_49.30_49.25_49.20_49.10_,6_8_2_27_44_
11:47:51,49.40,1,719,49.40_49.50_49.55_49.60_49.65_,13_5_3_13_119_,49.35_49.30_49.25_49.20_49.10_,6_8_2_27_44_
11:48:01,49.35,1,720,49.40_49.50_49.55_49.60_49.65_,14_5_2_13_119_,49.35_49.30_49.25_49.20_49.10_,5_8_2_27_44_
11:48:16,49.35,1,721,49.40_49.50_49.55_49.60_49.65_,14_5_2_13_119_,49.35_49.30_49.25_49.20_49.10_,4_8_2_27_44_
11:48:21,49.35,1,722,49.40_49.50_49.55_49.60_49.65_,14_5_2_13_119_,49.35_49.30_49.25_49.20_49.10_,4_8_2_27_44_
11:48:27,49.40,1,723,49.40_49.50_49.55_49.60_49.65_,13_5_2_13_119_,49.35_49.30_49.25_49.20_49.10_,4_8_2_27_44_
11:48:32,49.40,1,723,49.40_49.50_49.55_49.60_49.65_,13_5_2_13_119_,49.35_49.30_49.25_49.20_49.10_,5_8_2_27_44_
11:48:42,49.40,1,724,49.40_49.50_49.55_49.60_49.65_,12_5_2_13_119_,49.35_49.30_49.25_49.20_49.10_,5_8_2_27_44_
11:49:02,49.40,1,725,49.40_49.50_49.55_49.60_49.65_,11_5_2_13_119_,49.35_49.30_49.25_49.20_49.10_,5_8_2_27_44_
11:49:13,49.40,1,725,49.40_49.50_49.55_49.60_49.65_,11_5_2_13_119_,49.35_49.30_49.25_49.20_49.10_,5_8_2_31_44_
11:49:18,49.40,1,725,49.40_49.50_49.55_49.60_49.65_,13_5_2_13_119_,49.35_49.30_49.25_49.20_49.10_,5_8_2_31_44_
11:49:23,49.40,1,726,49.40_49.50_49.55_49.60_49.65_,12_5_2_13_119_,49.35_49.30_49.25_49.20_49.10_,5_8_2_31_44_
11:49:38,49.40,1,726,49.40_49.50_49.55_49.60_49.65_,12_5_2_13_119_,49.35_49.30_49.25_49.20_49.10_,4_8_2_31_44_
11:49:43,49.40,1,726,49.40_49.50_49.55_49.60_49.65_,12_5_2_13_119_,49.35_49.30_49.25_49.20_49.15_,4_8_2_31_1_
11:49:48,49.40,1,726,49.40_49.50_49.55_49.60_49.65_,13_5_2_13_119_,49.35_49.30_49.25_49.20_49.15_,4_8_2_31_1_
11:49:54,49.40,1,726,49.40_49.50_49.55_49.60_49.65_,13_5_2_13_125_,49.35_49.30_49.25_49.20_49.15_,4_8_2_31_44_
11:49:59,49.40,1,726,49.40_49.50_49.55_49.60_49.65_,13_5_2_13_125_,49.35_49.30_49.25_49.20_49.15_,4_8_3_31_44_
11:50:04,49.35,1,727,49.40_49.50_49.55_49.60_49.65_,12_5_2_13_125_,49.35_49.30_49.25_49.20_49.15_,3_8_3_31_44_
11:50:09,49.40,1,728,49.40_49.50_49.55_49.60_49.65_,11_5_2_13_125_,49.35_49.30_49.25_49.20_49.15_,3_8_3_31_44_
11:50:14,49.35,2,730,49.40_49.50_49.55_49.60_49.65_,11_5_2_13_125_,49.35_49.30_49.25_49.20_49.15_,1_8_3_31_44_
11:50:35,49.35,2,730,49.40_49.50_49.55_49.60_49.65_,13_5_2_13_125_,49.35_49.30_49.25_49.20_49.15_,1_8_3_31_44_
11:50:50,49.35,2,730,49.40_49.50_49.55_49.60_49.65_,12_5_2_13_125_,49.35_49.30_49.25_49.20_49.15_,1_8_3_31_44_
11:50:55,49.35,1,731,49.40_49.50_49.55_49.60_49.65_,12_5_2_13_125_,49.30_49.25_49.20_49.15_49.10_,8_3_31_44_1_
11:51:00,49.35,1,731,49.40_49.50_49.55_49.60_49.65_,10_5_2_13_119_,49.35_49.30_49.25_49.20_49.15_,1_8_4_31_1_
11:51:06,49.35,1,731,49.40_49.50_49.55_49.60_49.65_,10_5_2_13_125_,49.35_49.30_49.25_49.20_49.15_,3_8_4_31_43_
11:51:16,49.35,1,732,49.40_49.50_49.55_49.60_49.65_,10_6_2_13_125_,49.35_49.30_49.25_49.20_49.15_,2_8_4_31_43_
11:51:26,49.35,1,732,49.40_49.50_49.55_49.60_49.65_,9_6_2_13_125_,49.35_49.30_49.25_49.20_49.15_,2_8_4_31_43_
11:51:52,49.35,2,734,49.40_49.50_49.55_49.60_49.65_,9_6_2_13_125_,49.30_49.25_49.20_49.15_49.10_,8_4_31_43_1_
11:51:57,49.35,2,734,49.40_49.50_49.55_49.60_49.65_,9_6_2_13_125_,49.30_49.25_49.20_49.15_49.10_,8_4_31_1_44_
11:52:02,49.35,2,734,49.40_49.50_49.55_49.60_49.65_,9_6_2_13_125_,49.30_49.25_49.20_49.15_49.10_,8_5_31_1_44_
11:52:07,49.30,1,735,49.40_49.50_49.55_49.60_49.65_,9_6_3_13_125_,49.30_49.25_49.20_49.15_49.10_,7_5_31_1_44_
11:52:22,49.30,1,735,49.40_49.50_49.55_49.60_49.65_,9_6_3_13_125_,49.30_49.25_49.20_49.15_49.10_,7_5_32_1_44_
11:52:28,49.30,1,736,49.40_49.50_49.55_49.60_49.65_,9_6_3_13_125_,49.30_49.25_49.20_49.15_49.10_,6_5_32_1_44_
11:52:33,49.30,1,736,49.40_49.50_49.55_49.60_49.65_,9_6_3_13_125_,49.35_49.30_49.25_49.20_49.15_,2_6_5_32_1_
11:52:38,49.30,1,736,49.40_49.50_49.55_49.60_49.65_,9_6_3_13_125_,49.35_49.30_49.25_49.20_49.15_,2_6_5_32_46_
11:53:03,49.30,1,736,49.40_49.50_49.55_49.60_49.65_,9_6_3_13_125_,49.35_49.30_49.25_49.20_49.15_,2_8_5_32_46_
11:53:09,49.40,1,737,49.40_49.50_49.55_49.60_49.65_,8_6_3_13_125_,49.35_49.30_49.25_49.20_49.15_,1_8_5_32_46_
11:53:19,49.40,1,737,49.40_49.50_49.55_49.60_49.65_,9_6_3_13_125_,49.35_49.30_49.25_49.20_49.15_,1_8_5_32_46_
11:53:24,49.30,2,739,49.40_49.50_49.55_49.60_49.65_,9_6_4_13_125_,49.30_49.25_49.20_49.15_49.10_,7_5_32_46_1_
11:53:29,49.30,2,739,49.40_49.50_49.55_49.60_49.65_,9_6_4_13_119_,49.30_49.25_49.20_49.15_49.10_,7_5_32_1_46_
11:53:45,49.30,2,739,49.35_49.40_49.50_49.55_49.60_,1_9_6_4_14_,49.30_49.25_49.20_49.15_49.10_,7_5_32_1_46_
11:53:50,49.35,3,742,49.35_49.40_49.50_49.55_49.60_,2_2_6_4_123_,49.30_49.25_49.20_49.15_49.10_,7_5_32_1_45_
11:53:55,49.35,1,743,49.35_49.40_49.50_49.55_49.60_,6_2_6_4_123_,49.30_49.25_49.20_49.15_49.10_,7_5_32_1_45_
11:54:05,49.35,1,743,49.35_49.40_49.50_49.55_49.60_,6_2_6_4_123_,49.30_49.25_49.20_49.15_49.10_,9_5_32_1_45_
11:54:10,49.35,1,743,49.35_49.40_49.50_49.55_49.60_,6_2_6_4_123_,49.30_49.25_49.20_49.15_49.10_,9_5_32_3_45_
11:54:20,49.35,2,745,49.35_49.40_49.50_49.55_49.60_,4_2_6_4_123_,49.30_49.25_49.20_49.15_49.10_,9_5_32_3_45_
11:54:26,49.30,10,755,49.35_49.40_49.50_49.55_49.60_,4_2_6_6_123_,49.25_49.20_49.15_49.10_49.05_,5_32_3_45_1_
11:54:31,49.30,10,755,49.35_49.40_49.50_49.55_49.60_,4_2_6_6_117_,49.30_49.25_49.20_49.15_49.10_,2_5_28_3_6_
11:54:36,49.30,10,755,49.35_49.40_49.50_49.55_49.60_,4_2_6_6_123_,49.30_49.25_49.20_49.15_49.10_,2_5_28_3_50_
11:54:46,49.35,1,756,49.35_49.40_49.50_49.55_49.60_,3_2_6_6_123_,49.30_49.25_49.20_49.15_49.10_,4_5_28_3_50_
11:55:07,49.35,2,758,49.35_49.40_49.50_49.55_49.60_,1_2_6_6_123_,49.30_49.25_49.20_49.15_49.10_,2_5_28_3_50_
11:55:27,49.35,1,759,49.35_49.40_49.50_49.55_49.60_,1_1_6_6_123_,49.30_49.25_49.20_49.15_49.10_,2_5_28_3_50_
11:55:32,49.35,1,760,49.35_49.40_49.50_49.55_49.60_,1_1_6_6_123_,49.30_49.25_49.20_49.15_49.10_,2_5_28_3_50_
11:55:43,49.35,1,760,49.35_49.40_49.50_49.55_49.60_,2_1_6_6_123_,49.30_49.25_49.20_49.15_49.10_,2_5_28_3_50_
11:56:03,49.35,1,760,49.35_49.40_49.50_49.55_49.60_,2_1_7_6_123_,49.30_49.25_49.20_49.15_49.10_,2_5_28_3_50_
11:56:08,49.35,2,762,49.40_49.50_49.55_49.60_49.65_,1_7_6_123_14_,49.30_49.25_49.20_49.15_49.10_,3_5_28_3_50_
11:56:13,49.35,2,762,49.40_49.50_49.55_49.60_49.65_,1_7_6_14_123_,49.30_49.25_49.20_49.15_49.10_,3_5_33_3_45_
11:56:29,49.35,2,762,49.40_49.50_49.55_49.60_49.65_,1_7_6_14_123_,49.35_49.30_49.25_49.20_49.15_,1_2_5_33_3_
11:56:34,49.35,2,762,49.40_49.50_49.55_49.60_49.65_,1_7_6_14_123_,49.35_49.30_49.25_49.20_49.15_,1_2_5_33_47_
11:56:54,49.35,2,762,49.40_49.50_49.55_49.60_49.65_,1_7_6_14_123_,49.30_49.25_49.20_49.15_49.10_,2_5_33_47_1_
11:57:00,49.35,2,762,49.40_49.50_49.55_49.60_49.65_,1_7_6_14_117_,49.35_49.30_49.25_49.20_49.15_,1_2_5_33_3_
11:57:05,49.35,2,762,49.40_49.50_49.55_49.60_49.65_,1_7_6_14_123_,49.35_49.30_49.25_49.20_49.15_,1_3_5_33_48_
11:57:10,49.35,2,762,49.40_49.50_49.55_49.60_49.65_,2_7_6_14_123_,49.35_49.30_49.25_49.20_49.15_,1_3_6_33_48_
11:57:30,49.35,2,762,49.40_49.50_49.55_49.60_49.65_,2_7_6_14_123_,49.35_49.30_49.25_49.20_49.15_,1_6_6_33_48_
11:57:56,49.35,2,762,49.40_49.50_49.55_49.60_49.65_,3_7_6_14_123_,49.35_49.30_49.25_49.20_49.15_,1_6_6_33_48_
11:58:01,49.35,2,762,49.40_49.50_49.55_49.60_49.65_,3_7_6_14_123_,49.35_49.30_49.25_49.20_49.15_,3_6_6_33_48_
11:58:06,49.35,2,762,49.40_49.50_49.55_49.60_49.65_,3_7_6_14_123_,49.35_49.30_49.25_49.20_49.15_,5_6_6_33_48_
11:58:32,49.35,5,767,49.40_49.50_49.55_49.60_49.65_,3_7_6_14_123_,49.30_49.25_49.20_49.15_49.10_,6_6_33_48_1_
11:58:37,49.35,5,767,49.40_49.50_49.55_49.60_49.65_,3_7_6_14_123_,49.35_49.30_49.25_49.20_49.15_,2_6_6_33_3_
11:58:42,49.35,1,768,49.40_49.50_49.55_49.60_49.65_,3_7_6_14_117_,49.35_49.30_49.25_49.20_49.15_,1_6_6_33_48_
11:59:03,49.35,1,768,49.40_49.50_49.55_49.60_49.65_,7_7_6_14_117_,49.35_49.30_49.25_49.20_49.15_,1_6_6_33_48_
11:59:08,49.30,2,770,49.40_49.50_49.55_49.60_49.65_,7_7_6_14_117_,49.30_49.25_49.20_49.15_49.10_,5_6_33_48_1_
11:59:13,49.30,2,770,49.40_49.50_49.55_49.60_49.65_,7_7_6_14_123_,49.30_49.25_49.20_49.15_49.10_,5_6_33_3_45_
11:59:44,49.30,2,770,49.40_49.50_49.55_49.60_49.65_,7_7_6_14_123_,49.30_49.25_49.20_49.15_49.10_,7_6_33_3_45_
11:59:49,49.30,1,771,49.40_49.50_49.55_49.60_49.65_,7_7_6_14_123_,49.30_49.25_49.20_49.15_49.10_,7_6_33_3_45_
11:59:54,49.30,1,771,49.40_49.50_49.55_49.60_49.65_,8_7_6_14_123_,49.30_49.25_49.20_49.15_49.10_,7_6_33_3_45_
12:00:14,49.30,2,773,49.40_49.50_49.55_49.60_49.65_,8_7_6_14_123_,49.30_49.25_49.20_49.15_49.10_,5_6_33_3_45_
12:00:19,49.30,2,773,49.40_49.50_49.55_49.60_49.65_,8_7_6_14_123_,49.35_49.30_49.25_49.20_49.15_,1_5_6_33_3_
12:00:25,49.30,2,773,49.40_49.50_49.55_49.60_49.65_,8_7_6_14_117_,49.35_49.30_49.25_49.20_49.15_,1_5_6_33_48_
12:00:55,49.35,1,774,49.40_49.50_49.55_49.60_49.65_,8_7_6_14_117_,49.30_49.25_49.20_49.15_49.10_,5_6_33_48_1_
12:01:00,49.35,1,774,49.35_49.40_49.50_49.55_49.60_,2_7_7_6_14_,49.30_49.25_49.20_49.15_49.10_,5_6_33_3_47_
12:01:06,49.30,1,775,49.35_49.40_49.50_49.55_49.60_,2_1_7_6_123_,49.30_49.25_49.20_49.15_49.10_,4_8_33_3_47_
12:01:11,49.30,1,775,49.35_49.40_49.50_49.55_49.60_,3_1_7_6_123_,49.30_49.25_49.20_49.15_49.10_,5_8_32_3_47_
12:01:26,49.30,1,775,49.35_49.40_49.50_49.55_49.60_,7_1_7_6_123_,49.30_49.25_49.20_49.15_49.10_,5_8_32_3_47_
12:01:31,49.30,1,775,49.35_49.40_49.50_49.55_49.60_,9_1_7_6_123_,49.30_49.25_49.20_49.15_49.10_,5_8_32_3_47_
12:01:36,49.30,1,775,49.35_49.40_49.50_49.55_49.60_,9_1_7_6_123_,49.30_49.25_49.20_49.15_49.10_,4_8_32_3_47_
12:01:41,49.30,1,775,49.35_49.40_49.50_49.55_49.60_,9_1_7_6_123_,49.30_49.25_49.20_49.15_49.10_,4_8_27_3_52_
12:01:57,49.30,1,775,49.35_49.40_49.50_49.55_49.60_,9_1_7_6_123_,49.30_49.25_49.20_49.15_49.10_,4_9_27_3_52_
12:02:22,49.30,1,775,49.35_49.40_49.50_49.55_49.60_,9_1_7_6_123_,49.30_49.25_49.20_49.15_49.10_,5_9_27_3_52_
12:03:03,49.30,1,775,49.35_49.40_49.50_49.55_49.60_,9_1_7_6_123_,49.30_49.25_49.20_49.15_49.10_,5_9_29_3_52_
12:03:34,49.30,1,775,49.35_49.40_49.50_49.55_49.60_,9_1_7_6_123_,49.30_49.25_49.20_49.15_49.10_,5_9_29_5_52_
12:04:36,49.30,1,776,49.35_49.40_49.50_49.55_49.60_,9_1_7_6_123_,49.30_49.25_49.20_49.15_49.10_,4_9_29_5_52_
12:05:07,49.30,4,780,49.30_49.35_49.40_49.50_49.55_,1_9_1_7_6_,49.25_49.20_49.15_49.10_49.05_,9_29_5_52_1_
12:05:12,49.30,2,782,49.30_49.35_49.40_49.50_49.55_,1_1_6_2_115_,49.25_49.20_49.15_49.10_49.05_,10_29_5_6_46_
12:05:17,49.30,2,782,49.30_49.35_49.40_49.50_49.55_,3_1_6_2_115_,49.25_49.20_49.15_49.10_49.05_,10_29_5_6_46_
12:05:38,49.30,2,782,49.30_49.35_49.40_49.50_49.55_,7_1_6_2_115_,49.25_49.20_49.15_49.10_49.05_,11_29_5_6_46_
12:05:43,49.30,2,782,49.30_49.35_49.40_49.50_49.55_,7_1_6_2_115_,49.25_49.20_49.15_49.10_49.05_,11_30_5_6_46_
12:06:03,49.30,2,782,49.30_49.40_49.50_49.55_49.60_,8_6_2_115_14_,49.25_49.20_49.15_49.10_49.05_,11_30_5_6_46_
12:06:08,49.30,2,782,49.30_49.40_49.50_49.55_49.60_,10_6_2_6_123_,49.25_49.20_49.15_49.10_49.05_,11_30_5_6_46_
12:06:13,49.30,2,782,49.30_49.40_49.50_49.55_49.60_,10_5_2_6_123_,49.25_49.20_49.15_49.10_49.05_,11_30_5_6_46_
12:06:34,49.30,2,784,49.30_49.40_49.50_49.55_49.60_,8_5_2_6_123_,49.25_49.20_49.15_49.10_49.05_,11_30_5_6_46_
12:07:05,49.25,1,785,49.30_49.40_49.50_49.55_49.60_,7_5_2_6_123_,49.25_49.20_49.15_49.10_49.05_,10_30_5_6_46_
12:07:10,49.25,1,785,49.30_49.40_49.50_49.55_49.60_,7_5_2_6_123_,49.25_49.20_49.15_49.10_49.05_,10_30_5_12_46_
12:07:15,49.25,1,785,49.30_49.40_49.50_49.55_49.60_,7_5_2_6_124_,49.25_49.20_49.15_49.10_49.05_,10_30_5_12_46_
12:07:41,49.25,1,786,49.30_49.40_49.50_49.55_49.60_,6_5_2_6_124_,49.25_49.20_49.15_49.10_49.05_,9_30_5_12_46_
12:07:46,49.25,1,787,49.30_49.40_49.50_49.55_49.60_,6_5_2_6_124_,49.25_49.20_49.15_49.10_49.05_,9_30_5_12_46_
12:07:51,49.25,1,787,49.30_49.40_49.50_49.55_49.60_,6_5_2_6_124_,49.25_49.20_49.15_49.10_49.05_,11_30_5_12_46_
12:07:56,49.20,30,817,49.25_49.30_49.40_49.50_49.55_,1_6_5_2_6_,49.20_49.15_49.10_49.05_49.00_,11_5_12_46_34_
12:08:01,49.25,1,818,49.30_49.40_49.50_49.55_49.60_,1_5_2_109_15_,49.25_49.20_49.15_49.10_49.05_,5_13_6_12_1_
12:08:06,49.30,2,820,49.30_49.40_49.50_49.55_49.60_,4_5_2_6_124_,49.25_49.20_49.15_49.10_49.05_,7_11_8_12_45_
12:08:11,49.30,2,820,49.30_49.40_49.50_49.55_49.60_,4_5_2_6_124_,49.25_49.20_49.15_49.10_49.05_,8_12_8_12_45_
12:08:17,49.30,4,824,49.40_49.50_49.55_49.60_49.65_,5_2_6_124_14_,49.25_49.20_49.15_49.10_49.05_,7_12_8_15_45_
12:08:22,49.30,4,824,49.50_49.55_49.60_49.65_49.70_,7_6_15_123_8_,49.30_49.25_49.20_49.15_49.10_,2_7_12_8_15_
12:08:27,49.30,4,824,49.50_49.55_49.60_49.65_49.70_,8_6_15_14_111_,49.30_49.25_49.20_49.15_49.10_,3_7_11_26_41_
12:08:52,49.30,4,824,49.50_49.55_49.60_49.65_49.70_,8_8_15_14_111_,49.30_49.25_49.20_49.15_49.10_,4_5_16_26_36_
12:08:57,49.50,1,825,49.50_49.55_49.60_49.65_49.70_,9_8_15_14_117_,49.30_49.25_49.20_49.15_49.10_,4_6_16_8_54_
12:09:03,49.50,1,825,49.50_49.55_49.60_49.65_49.70_,9_8_15_14_117_,49.35_49.30_49.25_49.20_49.15_,1_4_6_16_8_
12:09:08,49.50,1,825,49.50_49.55_49.60_49.65_49.70_,9_8_15_14_117_,49.35_49.30_49.25_49.20_49.15_,1_5_6_16_50_
12:09:18,49.50,1,825,49.50_49.55_49.60_49.65_49.70_,9_8_15_14_117_,49.35_49.30_49.25_49.20_49.15_,2_3_6_16_50_
12:09:23,49.50,1,825,49.50_49.55_49.60_49.65_49.70_,9_8_15_14_117_,49.35_49.30_49.25_49.20_49.15_,2_3_9_16_50_
12:09:49,49.50,1,825,49.50_49.55_49.60_49.65_49.70_,9_8_15_14_117_,49.35_49.30_49.25_49.20_49.15_,2_8_8_16_50_
12:09:54,49.50,1,825,49.50_49.55_49.60_49.65_49.70_,9_8_15_14_117_,49.35_49.30_49.25_49.20_49.15_,2_9_8_16_50_
12:10:14,49.50,1,825,49.50_49.55_49.60_49.65_49.70_,9_8_15_14_117_,49.40_49.35_49.30_49.25_49.20_,1_2_9_8_17_
12:10:19,49.50,1,825,49.50_49.55_49.60_49.65_49.70_,11_8_15_14_111_,49.40_49.35_49.30_49.25_49.20_,2_2_8_8_59_
12:10:45,49.50,1,825,49.50_49.55_49.60_49.65_49.70_,11_8_15_14_111_,49.40_49.35_49.30_49.25_49.20_,2_2_9_8_59_
12:10:55,49.50,1,825,49.50_49.55_49.60_49.65_49.70_,11_8_15_14_111_,49.40_49.35_49.30_49.25_49.20_,3_2_9_8_59_
12:11:36,49.50,1,825,49.50_49.55_49.60_49.65_49.70_,11_8_15_14_111_,49.40_49.35_49.30_49.25_49.20_,3_2_8_8_59_
12:12:12,49.50,1,825,49.50_49.55_49.60_49.65_49.70_,11_8_15_14_111_,49.40_49.35_49.30_49.25_49.20_,4_1_8_8_59_
12:12:17,49.50,1,825,49.50_49.55_49.60_49.65_49.70_,18_8_15_14_111_,49.40_49.35_49.30_49.25_49.20_,4_1_8_8_59_
12:12:27,49.50,1,825,49.50_49.55_49.60_49.65_49.70_,38_8_15_14_111_,49.40_49.35_49.30_49.25_49.20_,4_1_8_8_59_
12:12:33,49.50,1,825,49.50_49.55_49.60_49.65_49.70_,37_8_15_14_111_,49.40_49.35_49.30_49.25_49.20_,4_1_8_8_59_
12:13:09,49.50,1,825,49.50_49.55_49.60_49.65_49.70_,37_8_14_14_111_,49.40_49.35_49.30_49.25_49.20_,4_1_8_8_59_
12:13:24,49.50,1,825,49.45_49.50_49.55_49.60_49.65_,1_37_8_14_14_,49.40_49.35_49.30_49.25_49.20_,4_1_8_8_59_
12:13:29,49.50,1,825,49.45_49.50_49.55_49.60_49.65_,2_35_8_14_123_,49.40_49.35_49.30_49.25_49.20_,4_1_8_8_59_
12:13:45,49.50,1,825,49.45_49.50_49.55_49.60_49.65_,3_35_8_14_123_,49.40_49.35_49.30_49.25_49.20_,5_2_8_8_59_
12:14:41,49.40,5,830,49.45_49.50_49.55_49.60_49.65_,3_35_8_14_123_,49.35_49.30_49.25_49.20_49.15_,2_8_8_59_7_
12:14:46,49.40,5,830,49.45_49.50_49.55_49.60_49.65_,3_35_8_14_123_,49.35_49.30_49.25_49.20_49.15_,3_8_8_16_50_
12:15:07,49.40,5,830,49.45_49.50_49.55_49.60_49.65_,3_35_8_14_123_,49.35_49.30_49.25_49.20_49.15_,3_9_8_16_50_
12:15:12,49.40,5,830,49.45_49.50_49.55_49.60_49.65_,3_35_8_16_123_,49.35_49.30_49.25_49.20_49.15_,3_9_8_16_50_
12:15:17,49.40,5,830,49.45_49.50_49.55_49.60_49.65_,3_35_6_16_123_,49.35_49.30_49.25_49.20_49.15_,3_9_8_16_50_
12:15:32,49.35,2,832,49.40_49.45_49.50_49.55_49.60_,10_3_35_6_16_,49.35_49.30_49.25_49.20_49.15_,1_9_8_16_50_
12:15:37,49.35,2,832,49.40_49.45_49.50_49.55_49.60_,12_1_35_6_125_,49.35_49.30_49.25_49.20_49.15_,1_9_8_11_50_
12:15:53,49.35,1,833,49.40_49.45_49.50_49.55_49.60_,12_1_35_6_125_,49.30_49.25_49.20_49.15_49.10_,9_8_11_50_15_
12:15:58,49.35,1,833,49.40_49.45_49.50_49.55_49.60_,13_1_35_6_125_,49.30_49.25_49.20_49.15_49.10_,9_9_11_7_59_
12:16:29,49.35,1,833,49.40_49.45_49.50_49.55_49.60_,14_1_35_6_125_,49.30_49.25_49.20_49.15_49.10_,9_9_11_7_59_
12:16:39,49.35,1,833,49.40_49.45_49.50_49.55_49.60_,13_1_35_6_125_,49.30_49.25_49.20_49.15_49.10_,9_9_11_7_59_
12:16:49,49.35,1,833,49.40_49.45_49.50_49.55_49.60_,13_1_35_6_125_,49.30_49.25_49.20_49.15_49.10_,9_9_13_7_59_
12:17:20,49.30,9,842,49.30_49.40_49.45_49.50_49.55_,1_13_1_35_6_,49.25_49.20_49.15_49.10_49.05_,9_13_7_59_1_
12:17:25,49.30,1,843,49.30_49.35_49.40_49.45_49.50_,2_6_10_1_35_,49.25_49.20_49.15_49.10_49.05_,10_14_7_15_47_
12:17:30,49.30,1,843,49.30_49.35_49.40_49.45_49.50_,3_6_10_1_144_,49.25_49.20_49.15_49.10_49.05_,11_14_7_15_47_
12:17:36,49.30,1,843,49.30_49.35_49.40_49.45_49.50_,3_6_15_1_139_,49.25_49.20_49.15_49.10_49.05_,11_14_7_15_47_
12:17:41,49.30,1,844,49.30_49.35_49.40_49.45_49.50_,2_6_15_1_139_,49.25_49.20_49.15_49.10_49.05_,10_14_7_15_47_
12:17:46,49.30,1,844,49.30_49.35_49.40_49.45_49.50_,4_6_15_3_139_,49.25_49.20_49.15_49.10_49.05_,10_14_7_15_47_
12:17:51,49.30,1,844,49.30_49.35_49.40_49.45_49.50_,4_11_15_3_139_,49.25_49.20_49.15_49.10_49.05_,10_14_7_15_47_
12:18:01,49.30,1,844,49.30_49.35_49.40_49.45_49.50_,4_8_15_3_139_,49.25_49.20_49.15_49.10_49.05_,10_14_7_15_47_
12:18:06,49.30,1,844,49.30_49.35_49.40_49.45_49.50_,7_8_15_3_139_,49.25_49.20_49.15_49.10_49.05_,15_14_7_15_47_
12:18:32,49.30,1,845,49.30_49.35_49.40_49.45_49.50_,6_8_15_3_139_,49.25_49.20_49.15_49.10_49.05_,15_14_7_15_47_
12:18:37,49.30,1,845,49.30_49.35_49.40_49.45_49.50_,6_8_15_3_139_,49.25_49.20_49.15_49.10_49.05_,16_14_7_15_47_
12:18:57,49.30,1,846,49.30_49.35_49.40_49.45_49.50_,5_8_15_3_139_,49.25_49.20_49.15_49.10_49.05_,16_14_7_15_47_
12:19:08,49.30,1,846,49.30_49.35_49.40_49.45_49.50_,5_8_15_3_139_,49.25_49.20_49.15_49.10_49.05_,16_15_7_15_47_
12:19:13,49.30,2,848,49.30_49.35_49.40_49.45_49.50_,3_8_15_3_139_,49.25_49.20_49.15_49.10_49.05_,15_15_7_15_47_
12:19:18,49.30,2,848,49.30_49.35_49.40_49.45_49.50_,4_8_15_3_139_,49.25_49.20_49.15_49.10_49.05_,10_15_7_15_47_
12:19:28,49.30,2,848,49.30_49.35_49.40_49.45_49.50_,4_8_5_3_139_,49.25_49.20_49.15_49.10_49.05_,10_15_7_15_47_
12:19:33,49.30,2,848,49.30_49.35_49.40_49.45_49.50_,4_8_5_3_139_,49.25_49.20_49.15_49.10_49.05_,11_15_7_15_47_
12:20:30,49.30,2,848,49.30_49.35_49.40_49.45_49.50_,19_8_5_3_139_,49.25_49.20_49.15_49.10_49.05_,11_15_7_15_47_
12:20:35,49.30,2,848,49.30_49.35_49.40_49.45_49.50_,21_8_5_3_139_,49.25_49.20_49.15_49.10_49.05_,11_15_7_15_47_
12:20:55,49.30,1,849,49.30_49.35_49.40_49.45_49.50_,20_8_5_3_139_,49.25_49.20_49.15_49.10_49.05_,11_15_7_15_47_
12:21:01,49.25,10,859,49.30_49.35_49.40_49.45_49.50_,20_8_5_3_140_,49.25_49.20_49.15_49.10_49.05_,2_15_7_15_47_
12:21:06,49.25,10,859,49.30_49.35_49.40_49.45_49.50_,20_8_5_3_140_,49.25_49.20_49.15_49.10_49.05_,4_15_7_15_47_
12:21:11,49.25,1,860,49.30_49.35_49.40_49.45_49.50_,20_5_5_3_140_,49.25_49.20_49.15_49.10_49.05_,3_15_7_15_47_
12:21:16,49.25,1,861,49.30_49.35_49.40_49.45_49.50_,23_5_5_3_140_,49.25_49.20_49.15_49.10_49.05_,2_17_7_15_47_
12:21:21,49.25,1,861,49.30_49.35_49.40_49.45_49.50_,23_5_5_3_140_,49.25_49.20_49.15_49.10_49.05_,3_17_7_15_47_
12:21:42,49.25,1,861,49.30_49.35_49.40_49.45_49.50_,24_5_5_3_140_,49.25_49.20_49.15_49.10_49.05_,3_17_7_15_47_
12:22:07,49.25,1,862,49.30_49.35_49.40_49.45_49.50_,24_5_5_3_140_,49.25_49.20_49.15_49.10_49.05_,2_17_7_15_47_
12:22:28,49.25,1,863,49.30_49.35_49.40_49.45_49.50_,24_5_5_7_140_,49.25_49.20_49.15_49.10_49.05_,1_17_7_15_47_
12:22:33,49.25,1,864,49.25_49.30_49.35_49.40_49.45_,1_24_5_5_7_,49.20_49.15_49.10_49.05_49.00_,17_7_15_47_37_
12:22:38,49.25,1,864,49.25_49.30_49.35_49.40_49.45_,4_19_5_5_110_,49.20_49.15_49.10_49.05_49.00_,17_8_10_1_87_
12:22:43,49.25,1,864,49.25_49.30_49.35_49.40_49.45_,5_19_5_5_110_,49.20_49.15_49.10_49.05_49.00_,17_8_10_1_87_
12:22:59,49.25,1,864,49.25_49.30_49.35_49.40_49.45_,6_19_5_5_110_,49.20_49.15_49.10_49.05_49.00_,17_8_10_1_87_
12:23:04,49.25,1,864,49.25_49.30_49.35_49.40_49.45_,26_19_5_5_110_,49.20_49.15_49.10_49.05_49.00_,17_8_10_1_87_
12:23:14,49.25,1,864,49.25_49.30_49.35_49.40_49.45_,26_19_5_5_105_,49.20_49.15_49.10_49.05_49.00_,17_8_10_1_87_
12:23:29,49.25,1,864,49.25_49.30_49.35_49.45_49.50_,26_24_5_105_31_,49.20_49.15_49.10_49.05_49.00_,17_8_10_1_87_
12:23:35,49.25,1,864,49.25_49.30_49.35_49.45_49.50_,26_9_5_105_31_,49.20_49.15_49.10_49.05_49.00_,17_8_10_1_87_
12:23:40,49.25,1,864,49.25_49.30_49.35_49.45_49.50_,27_9_5_105_31_,49.20_49.15_49.10_49.05_49.00_,17_8_10_1_87_
12:23:45,49.25,1,864,49.25_49.30_49.35_49.40_49.45_,27_9_5_4_2_,49.20_49.15_49.10_49.05_49.00_,17_8_10_1_85_
12:23:50,49.25,1,864,49.25_49.30_49.35_49.40_49.45_,27_9_5_4_7_,49.20_49.15_49.10_49.05_49.00_,17_8_10_1_85_
12:23:55,49.20,5,869,49.25_49.30_49.35_49.40_49.45_,42_9_5_4_7_,49.20_49.15_49.10_49.05_49.00_,12_8_10_1_85_
12:24:00,49.20,5,869,49.25_49.30_49.35_49.40_49.45_,41_9_5_4_116_,49.20_49.15_49.10_49.05_49.00_,13_8_10_1_87_
12:24:05,49.20,5,874,49.25_49.30_49.40_49.45_49.50_,41_9_4_116_31_,49.20_49.15_49.10_49.05_49.00_,8_8_10_1_87_
12:24:11,49.20,5,874,49.25_49.30_49.40_49.45_49.50_,41_9_4_7_140_,49.20_49.15_49.10_49.05_49.00_,9_8_10_1_87_
12:24:31,49.20,5,879,49.25_49.30_49.40_49.45_49.50_,41_9_4_7_140_,49.20_49.15_49.10_49.05_49.00_,4_8_10_2_87_
12:24:36,49.20,5,879,49.25_49.30_49.40_49.45_49.50_,41_9_4_7_140_,49.20_49.15_49.10_49.05_49.00_,6_8_10_2_87_
12:24:46,49.20,5,879,49.25_49.30_49.40_49.45_49.50_,41_9_4_7_140_,49.20_49.15_49.10_49.05_49.00_,7_8_10_2_87_
12:24:52,49.20,5,884,49.25_49.30_49.40_49.45_49.50_,41_9_4_7_140_,49.20_49.15_49.10_49.05_49.00_,2_8_10_2_87_
12:25:02,49.20,1,885,49.25_49.30_49.40_49.45_49.50_,26_9_4_7_140_,49.20_49.15_49.10_49.05_49.00_,1_8_12_2_87_
12:25:07,49.25,5,890,49.25_49.30_49.40_49.45_49.50_,21_9_4_7_140_,49.20_49.15_49.10_49.05_49.00_,1_9_12_2_87_
12:25:12,49.25,5,890,49.25_49.30_49.40_49.45_49.50_,21_9_4_7_140_,49.20_49.15_49.10_49.05_49.00_,1_10_12_2_87_
12:25:17,49.15,3,893,49.20_49.25_49.30_49.40_49.45_,5_21_4_9_7_,49.15_49.10_49.05_49.00_48.95_,9_12_2_87_1_
12:25:22,49.15,9,902,49.15_49.20_49.25_49.30_49.40_,6_7_19_8_4_,49.10_49.05_49.00_48.95_48.85_,14_2_42_44_2_
12:25:28,49.15,9,902,49.15_49.20_49.25_49.30_49.40_,6_8_19_8_113_,49.10_49.05_49.00_48.95_48.90_,14_5_37_1_5_
12:25:33,49.15,9,902,49.15_49.20_49.25_49.30_49.40_,6_6_19_8_113_,49.10_49.05_49.00_48.95_48.90_,14_5_37_1_5_
12:25:38,49.15,9,902,49.15_49.20_49.25_49.30_49.40_,8_6_19_8_113_,49.10_49.05_49.00_48.95_48.90_,14_5_37_1_5_
12:25:43,49.15,9,902,49.15_49.20_49.25_49.30_49.40_,8_6_19_8_107_,49.10_49.05_49.00_48.95_48.90_,14_5_37_1_50_
12:25:48,49.15,9,902,49.15_49.20_49.25_49.30_49.40_,8_6_19_8_107_,49.10_49.05_49.00_48.95_48.90_,15_15_37_1_50_
12:26:03,49.10,10,912,49.15_49.20_49.25_49.30_49.40_,8_6_19_8_107_,49.10_49.05_49.00_48.95_48.90_,5_17_37_1_50_
12:26:09,49.15,8,920,49.20_49.25_49.30_49.40_49.45_,6_19_8_107_7_,49.15_49.10_49.05_49.00_48.95_,4_5_17_37_1_
12:26:14,49.15,8,920,49.20_49.25_49.30_49.40_49.45_,6_19_8_4_116_,49.15_49.10_49.05_49.00_48.95_,4_5_17_37_46_
12:26:19,49.15,8,920,49.20_49.25_49.30_49.40_49.45_,6_19_8_4_116_,49.15_49.10_49.05_49.00_48.95_,4_5_17_42_46_
12:26:29,49.15,8,920,49.20_49.25_49.30_49.40_49.45_,7_19_8_4_116_,49.15_49.10_49.05_49.00_48.95_,4_5_17_42_46_
12:26:34,49.15,8,920,49.20_49.25_49.30_49.40_49.45_,7_19_8_4_116_,49.15_49.10_49.05_49.00_48.95_,5_4_17_42_46_
12:26:39,49.15,8,920,49.20_49.25_49.30_49.40_49.45_,7_19_8_4_116_,49.15_49.10_49.05_49.00_48.95_,9_4_17_42_46_
12:26:44,49.15,8,920,49.20_49.25_49.30_49.40_49.45_,8_19_8_4_116_,49.15_49.10_49.05_49.00_48.95_,10_4_17_42_46_
12:26:55,49.20,5,925,49.20_49.25_49.30_49.40_49.45_,3_19_8_4_116_,49.15_49.10_49.05_49.00_48.95_,10_4_17_42_46_
12:27:05,49.20,3,928,49.25_49.30_49.40_49.45_49.50_,19_8_4_116_36_,49.20_49.15_49.10_49.05_49.00_,1_8_4_17_42_
12:27:10,49.20,3,928,49.25_49.30_49.40_49.45_49.50_,21_8_4_7_145_,49.15_49.10_49.05_49.00_48.95_,8_4_17_87_1_
12:27:15,49.20,3,928,49.25_49.30_49.40_49.45_49.50_,21_8_4_7_145_,49.15_49.10_49.05_49.00_48.95_,8_4_17_42_47_
12:27:26,49.15,5,933,49.25_49.30_49.40_49.45_49.50_,22_8_4_7_145_,49.15_49.10_49.05_49.00_48.95_,3_4_17_42_47_
12:27:31,49.15,5,933,49.20_49.25_49.30_49.40_49.45_,1_22_8_4_7_,49.15_49.10_49.05_49.00_48.95_,3_4_17_42_47_
12:27:36,49.15,5,933,49.20_49.25_49.30_49.40_49.45_,2_19_7_4_116_,49.15_49.10_49.05_49.00_48.95_,3_4_17_42_46_
12:27:41,49.15,5,933,49.20_49.25_49.30_49.40_49.45_,3_19_7_4_116_,49.15_49.10_49.05_49.00_48.95_,3_4_17_42_46_
12:27:46,49.15,5,933,49.20_49.25_49.30_49.40_49.45_,3_19_7_4_116_,49.15_49.10_49.05_49.00_48.95_,3_6_17_42_46_
12:27:51,49.15,2,935,49.20_49.25_49.30_49.40_49.45_,3_19_7_4_116_,49.15_49.10_49.05_49.00_48.95_,1_6_17_42_46_
12:28:01,49.15,2,935,49.20_49.25_49.30_49.40_49.45_,3_19_7_4_116_,49.15_49.10_49.05_49.00_48.95_,2_6_17_42_46_
12:28:07,49.15,2,935,49.20_49.25_49.30_49.40_49.45_,3_19_7_4_116_,49.15_49.10_49.05_49.00_48.95_,3_6_17_43_46_
12:28:12,49.15,2,935,49.20_49.25_49.30_49.40_49.45_,3_19_7_4_116_,49.15_49.10_49.05_49.00_48.95_,3_7_17_43_46_
12:28:22,49.15,2,935,49.20_49.25_49.30_49.40_49.45_,3_19_7_4_116_,49.15_49.10_49.05_49.00_48.95_,3_7_18_43_46_
12:28:27,49.15,2,935,49.20_49.25_49.30_49.40_49.45_,3_19_7_4_116_,49.15_49.10_49.05_49.00_48.95_,3_7_18_44_46_
12:28:42,49.15,2,935,49.20_49.25_49.30_49.40_49.45_,4_19_7_4_116_,49.15_49.10_49.05_49.00_48.95_,4_7_18_44_46_
12:28:58,49.15,2,935,49.20_49.25_49.30_49.40_49.45_,5_19_7_4_116_,49.15_49.10_49.05_49.00_48.95_,4_7_18_44_46_
12:29:03,49.15,2,935,49.20_49.25_49.30_49.40_49.45_,6_19_7_4_116_,49.15_49.10_49.05_49.00_48.95_,4_7_18_44_46_
12:29:08,49.15,2,935,49.20_49.25_49.30_49.40_49.45_,8_19_7_4_116_,49.15_49.10_49.05_49.00_48.95_,4_7_18_44_46_
12:29:13,49.15,2,935,49.20_49.25_49.30_49.40_49.45_,8_19_7_4_116_,49.15_49.10_49.05_49.00_48.95_,4_9_18_44_46_
12:29:18,49.15,2,935,49.20_49.25_49.30_49.40_49.45_,8_19_7_4_116_,49.15_49.10_49.05_49.00_48.95_,5_9_18_44_46_
12:29:49,49.15,2,935,49.20_49.25_49.30_49.40_49.45_,8_19_7_4_116_,49.15_49.10_49.05_49.00_48.95_,7_9_18_44_46_
12:29:54,49.15,2,935,49.20_49.25_49.30_49.40_49.45_,8_19_7_4_116_,49.15_49.10_49.05_49.00_48.95_,7_10_18_44_46_
12:29:59,49.15,2,935,49.20_49.25_49.30_49.40_49.45_,8_19_7_4_116_,49.15_49.10_49.05_49.00_48.95_,9_10_18_44_46_
12:30:15,49.15,2,935,49.20_49.25_49.30_49.40_49.45_,7_19_7_4_116_,49.15_49.10_49.05_49.00_48.95_,9_10_18_44_46_
12:30:20,49.15,2,935,49.20_49.25_49.30_49.40_49.45_,8_19_7_4_116_,49.15_49.10_49.05_49.00_48.95_,9_10_18_44_46_
12:30:30,49.15,1,936,49.20_49.25_49.30_49.40_49.45_,8_19_7_4_116_,49.15_49.10_49.05_49.00_48.95_,8_10_18_44_46_
12:30:51,49.15,1,936,49.20_49.25_49.30_49.40_49.45_,8_19_7_4_116_,49.15_49.10_49.05_49.00_48.95_,8_15_18_44_46_
12:30:56,49.15,1,936,49.20_49.25_49.30_49.40_49.45_,8_19_7_4_116_,49.15_49.10_49.05_49.00_48.95_,8_18_18_44_46_
12:31:06,49.15,1,936,49.20_49.25_49.30_49.40_49.45_,8_19_7_4_116_,49.15_49.10_49.05_49.00_48.95_,7_18_18_44_51_
12:31:21,49.15,1,936,49.20_49.25_49.30_49.40_49.45_,8_19_7_4_116_,49.15_49.10_49.05_49.00_48.95_,7_18_18_49_51_
12:31:32,49.15,1,936,49.20_49.25_49.30_49.40_49.45_,8_19_7_4_116_,49.15_49.10_49.05_49.00_48.95_,7_18_23_49_51_
12:31:52,49.15,1,937,49.20_49.25_49.30_49.40_49.45_,8_19_7_4_116_,49.15_49.10_49.05_49.00_48.95_,6_18_23_49_51_
12:32:43,49.15,1,937,49.20_49.25_49.30_49.40_49.45_,8_19_7_4_116_,49.15_49.10_49.05_49.00_48.95_,8_18_23_49_51_
12:32:59,49.15,2,939,49.20_49.25_49.30_49.40_49.45_,8_19_7_4_116_,49.15_49.10_49.05_49.00_48.95_,6_18_23_49_51_
12:33:04,49.15,2,939,49.20_49.25_49.30_49.40_49.45_,8_19_7_4_116_,49.15_49.10_49.05_49.00_48.95_,6_23_23_49_51_
12:33:09,49.15,2,939,49.20_49.25_49.30_49.40_49.45_,8_19_7_4_116_,49.15_49.10_49.05_49.00_48.95_,11_23_23_49_51_
12:33:14,49.15,2,941,49.20_49.25_49.30_49.40_49.45_,8_19_7_4_116_,49.15_49.10_49.05_49.00_48.95_,9_23_23_49_51_
12:33:19,49.20,1,942,49.20_49.25_49.30_49.40_49.45_,7_19_7_4_116_,49.15_49.10_49.05_49.00_48.95_,9_23_23_49_51_
12:33:50,49.20,1,943,49.20_49.25_49.30_49.40_49.45_,6_19_7_4_116_,49.15_49.10_49.05_49.00_48.95_,10_23_23_49_51_
12:34:00,49.20,1,944,49.20_49.25_49.30_49.40_49.45_,5_19_7_4_116_,49.15_49.10_49.05_49.00_48.95_,10_23_23_49_51_
12:34:11,49.20,1,944,49.20_49.25_49.30_49.40_49.45_,5_19_7_4_116_,49.15_49.10_49.05_49.00_48.95_,11_23_23_49_51_
12:34:36,49.20,1,944,49.20_49.25_49.30_49.40_49.45_,6_19_7_4_116_,49.15_49.10_49.05_49.00_48.95_,11_23_23_49_51_
12:34:41,49.20,1,944,49.20_49.25_49.30_49.40_49.45_,6_19_7_4_116_,49.15_49.10_49.05_49.00_48.95_,11_23_23_49_55_
12:34:46,49.20,1,944,49.20_49.25_49.30_49.40_49.45_,6_19_7_4_116_,49.15_49.10_49.05_49.00_48.95_,11_24_23_49_55_
12:34:57,49.20,1,944,49.20_49.25_49.30_49.40_49.45_,6_19_7_4_116_,49.15_49.10_49.05_49.00_48.95_,12_24_23_49_55_
12:35:02,49.20,1,945,49.20_49.25_49.30_49.40_49.45_,5_19_7_4_116_,49.15_49.10_49.05_49.00_48.95_,12_24_23_49_55_
12:35:07,49.20,1,946,49.20_49.25_49.30_49.40_49.45_,4_19_7_4_116_,49.15_49.10_49.05_49.00_48.95_,12_24_23_49_55_
12:35:17,49.20,4,950,49.20_49.25_49.30_49.40_49.45_,1_19_7_4_116_,49.15_49.10_49.05_49.00_48.95_,12_24_23_49_55_
12:35:22,49.20,4,950,49.20_49.25_49.30_49.40_49.45_,2_19_7_4_116_,49.15_49.10_49.05_49.00_48.95_,12_24_23_49_55_
12:35:33,49.20,4,950,49.20_49.25_49.30_49.40_49.45_,3_19_7_4_116_,49.15_49.10_49.05_49.00_48.95_,12_24_23_49_55_
12:35:38,49.20,4,950,49.20_49.25_49.30_49.40_49.45_,3_19_7_4_116_,49.15_49.10_49.05_49.00_48.95_,13_26_23_49_55_
12:35:43,49.20,1,951,49.20_49.25_49.30_49.40_49.45_,2_19_7_4_116_,49.15_49.10_49.05_49.00_48.95_,13_26_23_49_55_
12:35:48,49.20,1,951,49.20_49.25_49.30_49.40_49.45_,3_19_7_4_116_,49.15_49.10_49.05_49.00_48.95_,13_26_22_49_55_
12:35:58,49.20,1,951,49.20_49.25_49.30_49.40_49.45_,3_19_7_4_116_,49.15_49.10_49.05_49.00_48.95_,14_26_22_49_55_
12:36:08,49.20,2,953,49.20_49.25_49.30_49.40_49.45_,1_19_7_4_116_,49.15_49.10_49.05_49.00_48.95_,14_26_22_49_55_
12:36:19,49.20,1,954,49.25_49.30_49.40_49.45_49.50_,19_7_4_116_39_,49.20_49.15_49.10_49.05_49.00_,1_14_26_22_49_
12:36:24,49.20,1,954,49.25_49.30_49.40_49.45_49.50_,19_7_4_7_142_,49.20_49.15_49.10_49.05_49.00_,4_10_26_20_94_
12:36:29,49.20,1,954,49.25_49.30_49.40_49.45_49.50_,19_7_4_7_142_,49.20_49.15_49.10_49.05_49.00_,6_9_26_20_94_
12:36:39,49.20,1,954,49.25_49.30_49.40_49.45_49.50_,19_7_4_7_142_,49.20_49.15_49.10_49.05_49.00_,7_9_26_20_94_
12:36:44,49.20,1,954,49.25_49.30_49.40_49.45_49.50_,20_7_4_7_142_,49.20_49.15_49.10_49.05_49.00_,7_9_27_20_94_
12:36:50,49.20,1,954,49.25_49.30_49.40_49.45_49.50_,20_7_4_7_142_,49.20_49.15_49.10_49.05_49.00_,7_11_27_20_94_
12:36:55,49.20,1,954,49.25_49.30_49.40_49.45_49.50_,20_7_4_7_142_,49.20_49.15_49.10_49.05_49.00_,9_11_27_20_94_
12:37:00,49.20,1,954,49.25_49.30_49.40_49.45_49.50_,20_7_4_7_142_,49.20_49.15_49.10_49.05_49.00_,8_11_28_20_94_
12:37:10,49.20,1,954,49.25_49.30_49.40_49.45_49.50_,20_7_4_7_142_,49.20_49.15_49.10_49.05_49.00_,9_11_28_20_95_
12:37:36,49.20,1,954,49.25_49.30_49.40_49.45_49.50_,20_7_4_7_142_,49.20_49.15_49.10_49.05_49.00_,9_11_28_20_98_
12:38:01,49.20,1,955,49.25_49.30_49.40_49.45_49.50_,20_7_4_7_142_,49.20_49.15_49.10_49.05_49.00_,7_11_28_20_98_
12:38:06,49.20,2,957,49.25_49.30_49.40_49.45_49.50_,20_7_4_7_142_,49.20_49.15_49.10_49.05_49.00_,5_11_28_20_98_
12:38:22,49.25,1,958,49.25_49.30_49.40_49.45_49.50_,19_7_4_7_142_,49.20_49.15_49.10_49.05_49.00_,5_11_29_20_98_
12:38:27,49.25,1,958,49.25_49.30_49.40_49.45_49.50_,19_7_4_7_142_,49.20_49.15_49.10_49.05_49.00_,5_12_29_20_98_
12:38:32,49.20,1,959,49.25_49.30_49.40_49.45_49.50_,19_7_4_7_142_,49.20_49.15_49.10_49.05_49.00_,5_12_29_20_98_
12:38:52,49.20,1,959,49.25_49.30_49.40_49.45_49.50_,19_7_4_7_142_,49.20_49.15_49.10_49.05_49.00_,8_12_29_20_98_
12:39:08,49.20,4,963,49.25_49.30_49.40_49.45_49.50_,19_7_4_7_142_,49.20_49.15_49.10_49.05_49.00_,4_12_29_20_98_
12:39:13,49.20,4,963,49.25_49.30_49.40_49.45_49.50_,20_7_4_7_142_,49.20_49.15_49.10_49.05_49.00_,4_12_29_20_98_
12:40:09,49.20,4,963,49.25_49.30_49.40_49.45_49.50_,20_2_9_7_142_,49.20_49.15_49.10_49.05_49.00_,4_12_29_20_98_
12:40:14,49.20,4,963,49.25_49.30_49.40_49.45_49.50_,20_7_4_7_142_,49.20_49.15_49.10_49.05_49.00_,4_12_29_20_98_
12:41:06,49.20,4,963,49.25_49.30_49.40_49.45_49.50_,20_7_4_7_142_,49.20_49.15_49.10_49.05_49.00_,5_12_29_20_98_
12:41:11,49.20,4,963,49.25_49.30_49.40_49.45_49.50_,20_7_4_7_142_,49.20_49.15_49.10_49.05_49.00_,6_12_29_20_98_
12:41:26,49.20,4,963,49.25_49.30_49.40_49.45_49.50_,20_7_4_7_142_,49.20_49.15_49.10_49.05_49.00_,7_12_29_20_98_
12:41:42,49.20,4,963,49.25_49.30_49.40_49.45_49.50_,20_2_9_7_142_,49.20_49.15_49.10_49.05_49.00_,7_12_29_20_98_
12:41:57,49.20,4,963,49.25_49.30_49.40_49.45_49.50_,20_2_9_7_142_,49.20_49.15_49.10_49.05_49.00_,8_12_29_20_98_
12:42:07,49.25,1,964,49.25_49.30_49.40_49.45_49.50_,19_2_9_7_142_,49.20_49.15_49.10_49.05_49.00_,8_12_29_20_98_
12:42:53,49.25,5,969,49.25_49.30_49.40_49.45_49.50_,14_2_9_7_142_,49.20_49.15_49.10_49.05_49.00_,8_12_29_20_98_
12:43:04,49.25,1,970,49.25_49.30_49.40_49.45_49.50_,14_2_9_7_142_,49.20_49.15_49.10_49.05_49.00_,9_12_29_20_98_
12:43:29,49.25,1,970,49.25_49.30_49.40_49.45_49.50_,14_2_9_17_142_,49.20_49.15_49.10_49.05_49.00_,9_12_29_20_98_
12:43:50,49.25,4,974,49.25_49.30_49.40_49.45_49.50_,10_2_9_17_142_,49.20_49.15_49.10_49.05_49.00_,9_12_29_20_98_
12:44:05,49.25,1,975,49.25_49.30_49.40_49.45_49.50_,9_2_9_17_142_,49.20_49.15_49.10_49.05_49.00_,9_12_29_20_98_
12:44:10,49.25,1,976,49.25_49.30_49.40_49.45_49.50_,8_2_9_17_142_,49.20_49.15_49.10_49.05_49.00_,9_12_29_20_98_
12:44:26,49.25,1,976,49.25_49.30_49.40_49.45_49.50_,8_2_9_17_135_,49.20_49.15_49.10_49.05_49.00_,9_13_29_20_98_
12:44:31,49.25,1,976,49.25_49.30_49.40_49.45_49.50_,8_2_9_17_135_,49.20_49.15_49.10_49.05_49.00_,10_14_29_20_102_
12:44:57,49.25,1,976,49.25_49.30_49.40_49.45_49.50_,15_2_9_17_135_,49.20_49.15_49.10_49.05_49.00_,10_14_29_20_102_
12:45:43,49.25,1,976,49.25_49.30_49.40_49.45_49.50_,16_2_9_17_135_,49.20_49.15_49.10_49.05_49.00_,10_14_29_20_102_
12:46:29,49.25,2,978,49.25_49.30_49.40_49.45_49.50_,14_2_9_17_135_,49.20_49.15_49.10_49.05_49.00_,10_14_29_20_102_
12:46:39,49.25,2,978,49.25_49.30_49.40_49.45_49.50_,14_2_9_17_135_,49.20_49.15_49.10_49.05_49.00_,11_14_29_20_102_
12:47:05,49.25,1,979,49.25_49.30_49.40_49.45_49.50_,13_2_9_17_137_,49.20_49.15_49.10_49.05_49.00_,11_14_29_20_102_
12:48:32,49.25,1,979,49.25_49.30_49.40_49.45_49.50_,14_2_9_17_137_,49.20_49.15_49.10_49.05_49.00_,11_14_29_20_102_
12:48:38,49.25,1,979,49.25_49.30_49.40_49.45_49.50_,14_2_10_17_137_,49.20_49.15_49.10_49.05_49.00_,11_14_29_20_102_
12:48:43,49.25,2,981,49.25_49.30_49.40_49.45_49.50_,12_2_10_17_137_,49.20_49.15_49.10_49.05_49.00_,11_14_29_20_102_
12:48:53,49.20,2,983,49.25_49.30_49.40_49.45_49.50_,14_2_10_17_137_,49.20_49.15_49.10_49.05_49.00_,9_14_29_20_102_
12:48:58,49.20,1,984,49.25_49.30_49.40_49.45_49.50_,14_2_10_17_137_,49.20_49.15_49.10_49.05_49.00_,8_14_29_20_102_
12:49:13,49.20,1,984,49.25_49.30_49.40_49.45_49.50_,14_2_10_17_137_,49.20_49.15_49.10_49.05_49.00_,8_14_30_20_102_
12:49:24,49.25,1,985,49.25_49.30_49.40_49.45_49.50_,13_2_10_17_137_,49.20_49.15_49.10_49.05_49.00_,8_14_30_20_102_
12:49:44,49.20,8,993,49.20_49.25_49.30_49.40_49.45_,2_13_2_10_17_,49.15_49.10_49.05_49.00_48.95_,14_31_20_102_10_
12:49:49,49.20,8,993,49.20_49.25_49.30_49.40_49.45_,5_9_7_5_126_,49.15_49.10_49.05_49.00_48.95_,15_31_20_57_53_
12:49:54,49.20,8,993,49.20_49.25_49.30_49.40_49.45_,6_9_7_5_126_,49.15_49.10_49.05_49.00_48.95_,15_31_20_57_53_
12:50:10,49.20,8,993,49.20_49.25_49.30_49.40_49.45_,6_9_7_5_126_,49.15_49.10_49.05_49.00_48.95_,16_31_20_57_53_
12:50:25,49.20,8,993,49.20_49.25_49.30_49.40_49.45_,7_9_7_5_126_,49.15_49.10_49.05_49.00_48.95_,16_31_20_57_53_
12:50:30,49.20,8,993,49.20_49.25_49.30_49.40_49.45_,8_9_7_5_126_,49.15_49.10_49.05_49.00_48.95_,16_31_20_57_53_
12:51:06,49.20,8,1001,49.25_49.30_49.40_49.45_49.50_,9_7_5_126_34_,49.20_49.15_49.10_49.05_49.00_,2_16_31_20_57_
12:51:11,49.20,8,1001,49.25_49.30_49.40_49.45_49.50_,9_7_5_17_137_,49.20_49.15_49.10_49.05_49.00_,4_16_31_20_100_
12:51:17,49.20,8,1001,49.25_49.30_49.40_49.45_49.50_,9_2_10_17_137_,49.20_49.15_49.10_49.05_49.00_,4_16_31_20_100_
12:51:32,49.20,8,1001,49.25_49.30_49.40_49.45_49.50_,9_2_10_17_137_,49.20_49.15_49.10_49.05_49.00_,5_15_31_20_100_
12:51:37,49.20,8,1001,49.25_49.30_49.40_49.45_49.50_,9_2_10_17_137_,49.20_49.15_49.10_49.05_49.00_,6_14_31_20_100_
12:51:52,49.20,8,1001,49.25_49.30_49.40_49.45_49.50_,9_2_10_17_137_,49.20_49.15_49.10_49.05_49.00_,8_16_31_20_100_
12:52:03,49.20,8,1001,49.25_49.30_49.40_49.45_49.50_,9_2_10_17_137_,49.20_49.15_49.10_49.05_49.00_,13_16_31_20_100_
12:52:13,49.20,8,1001,49.25_49.30_49.40_49.45_49.50_,9_2_10_17_137_,49.20_49.15_49.10_49.05_49.00_,13_16_31_25_100_
12:52:18,49.20,8,1001,49.25_49.30_49.40_49.45_49.50_,9_2_10_17_137_,49.20_49.15_49.10_49.05_49.00_,13_21_36_25_100_
12:52:23,49.25,5,1006,49.25_49.30_49.40_49.45_49.50_,5_2_10_17_137_,49.20_49.15_49.10_49.05_49.00_,18_21_36_25_100_
12:52:33,49.25,5,1011,49.30_49.40_49.45_49.50_49.55_,2_10_17_137_6_,49.20_49.15_49.10_49.05_49.00_,18_21_36_25_100_
12:52:38,49.25,5,1011,49.30_49.40_49.45_49.50_49.55_,2_10_17_34_115_,49.20_49.15_49.10_49.05_49.00_,18_21_41_25_95_
12:52:44,49.25,5,1011,49.30_49.40_49.45_49.50_49.55_,2_10_17_34_115_,49.20_49.15_49.10_49.05_49.00_,19_21_41_30_95_
12:52:49,49.25,5,1011,49.30_49.40_49.45_49.50_49.55_,2_10_17_34_115_,49.20_49.15_49.10_49.05_49.00_,19_21_46_30_95_
12:52:54,49.25,5,1011,49.30_49.40_49.45_49.50_49.55_,2_10_17_34_115_,49.20_49.15_49.10_49.05_49.00_,24_26_46_30_95_
12:53:09,49.25,5,1011,49.25_49.30_49.40_49.45_49.50_,1_2_10_17_34_,49.20_49.15_49.10_49.05_49.00_,24_26_46_30_95_
12:53:14,49.25,5,1011,49.25_49.30_49.40_49.45_49.50_,1_2_10_17_143_,49.20_49.15_49.10_49.05_49.00_,24_26_46_30_95_
12:53:20,49.25,5,1011,49.25_49.30_49.40_49.45_49.50_,1_2_10_17_143_,49.20_49.15_49.10_49.05_49.00_,24_26_41_30_100_
12:53:35,49.25,5,1011,49.25_49.30_49.40_49.45_49.50_,1_2_10_17_143_,49.20_49.15_49.10_49.05_49.00_,25_26_41_30_100_
12:53:50,49.25,5,1011,49.25_49.30_49.40_49.45_49.50_,1_2_10_17_143_,49.20_49.15_49.10_49.05_49.00_,27_26_41_30_100_
12:53:56,49.20,1,1012,49.25_49.30_49.40_49.45_49.50_,1_2_10_17_143_,49.20_49.15_49.10_49.05_49.00_,26_26_41_30_100_
12:54:21,49.20,1,1012,49.25_49.30_49.40_49.45_49.50_,2_2_10_17_143_,49.20_49.15_49.10_49.05_49.00_,26_26_41_30_100_
12:54:31,49.25,1,1013,49.25_49.30_49.40_49.45_49.50_,1_2_10_17_143_,49.20_49.15_49.10_49.05_49.00_,26_26_41_31_100_
12:55:23,49.25,1,1014,49.30_49.40_49.45_49.50_49.55_,2_10_17_143_6_,49.20_49.15_49.10_49.05_49.00_,26_26_41_31_100_
12:55:28,49.25,1,1014,49.30_49.40_49.45_49.50_49.55_,2_10_17_34_109_,49.25_49.20_49.15_49.10_49.05_,3_26_26_46_31_
12:55:33,49.25,1,1015,49.30_49.40_49.45_49.50_49.55_,2_10_17_34_115_,49.25_49.20_49.15_49.10_49.05_,4_24_26_46_73_
12:55:43,49.30,1,1016,49.30_49.40_49.45_49.50_49.55_,1_10_17_34_115_,49.25_49.20_49.15_49.10_49.05_,3_24_26_46_73_
12:55:54,49.30,1,1016,49.30_49.40_49.45_49.50_49.55_,2_10_17_34_115_,49.25_49.20_49.15_49.10_49.05_,3_24_26_46_73_
12:56:14,49.30,2,1018,49.40_49.45_49.50_49.55_49.60_,10_17_34_115_4_,49.25_49.20_49.15_49.10_49.05_,3_24_26_46_73_
12:56:19,49.30,2,1018,49.40_49.45_49.50_49.55_49.60_,11_17_34_6_107_,49.25_49.20_49.15_49.10_49.05_,3_24_26_46_73_
12:56:24,49.40,1,1019,49.40_49.45_49.50_49.55_49.60_,10_17_34_6_107_,49.25_49.20_49.15_49.10_49.05_,2_24_26_46_73_
12:56:29,49.40,1,1019,49.40_49.45_49.50_49.55_49.60_,10_17_34_6_107_,49.25_49.20_49.15_49.10_49.05_,17_24_26_45_73_
12:56:35,49.40,1,1019,49.40_49.45_49.50_49.55_49.60_,10_17_34_6_107_,49.25_49.20_49.15_49.10_49.05_,20_20_26_43_73_
12:56:40,49.40,1,1019,49.40_49.45_49.50_49.55_49.60_,10_17_34_6_107_,49.25_49.20_49.15_49.10_49.05_,20_20_27_43_73_
12:56:45,49.40,1,1019,49.40_49.45_49.50_49.55_49.60_,5_17_39_6_107_,49.25_49.20_49.15_49.10_49.05_,20_20_27_43_73_
12:56:50,49.40,1,1019,49.40_49.45_49.50_49.55_49.60_,5_17_39_6_107_,49.25_49.20_49.15_49.10_49.05_,20_20_26_43_73_
12:57:00,49.40,1,1019,49.40_49.45_49.50_49.55_49.60_,5_17_39_6_107_,49.30_49.25_49.20_49.15_49.10_,2_20_20_26_43_
12:57:05,49.40,1,1019,49.40_49.45_49.50_49.55_49.60_,5_17_39_6_113_,49.30_49.25_49.20_49.15_49.10_,3_20_20_26_84_
12:57:16,49.40,1,1019,49.40_49.45_49.50_49.55_49.60_,5_17_39_6_113_,49.30_49.25_49.20_49.15_49.10_,13_20_20_27_84_
12:57:57,49.40,1,1019,49.40_49.45_49.50_49.55_49.60_,5_17_39_6_113_,49.35_49.30_49.25_49.20_49.15_,2_13_20_20_27_
12:58:02,49.40,1,1019,49.40_49.45_49.50_49.55_49.60_,5_17_39_6_113_,49.35_49.30_49.25_49.20_49.15_,2_16_20_20_66_
12:58:17,49.40,3,1022,49.40_49.45_49.50_49.55_49.60_,2_17_39_6_113_,49.35_49.30_49.25_49.20_49.15_,2_16_20_20_66_
12:58:38,49.40,3,1022,49.40_49.45_49.50_49.55_49.60_,2_20_39_6_113_,49.35_49.30_49.25_49.20_49.15_,2_16_20_20_66_
12:58:48,49.35,1,1023,49.40_49.45_49.50_49.55_49.60_,3_20_39_6_113_,49.35_49.30_49.25_49.20_49.15_,1_16_20_25_66_
12:58:53,49.35,1,1023,49.40_49.45_49.50_49.55_49.60_,3_20_39_6_113_,49.35_49.30_49.25_49.20_49.15_,4_16_20_25_66_
12:59:03,49.35,1,1023,49.40_49.45_49.50_49.55_49.60_,3_20_39_6_113_,49.35_49.30_49.25_49.20_49.15_,4_17_20_25_66_
12:59:19,49.35,1,1023,49.40_49.45_49.50_49.55_49.60_,4_20_39_6_113_,49.35_49.30_49.25_49.20_49.15_,4_17_20_25_66_
12:59:29,49.35,1,1023,49.40_49.45_49.50_49.55_49.60_,6_20_39_6_113_,49.35_49.30_49.25_49.20_49.15_,4_17_20_25_66_
12:59:34,49.35,1,1023,49.40_49.45_49.50_49.55_49.60_,6_20_39_6_113_,49.35_49.30_49.25_49.20_49.15_,5_17_20_25_66_
12:59:39,49.35,1,1023,49.40_49.45_49.50_49.55_49.60_,6_20_39_6_113_,49.35_49.30_49.25_49.20_49.15_,6_17_20_25_66_
13:00:00,49.35,5,1028,49.40_49.45_49.50_49.55_49.60_,6_20_39_6_113_,49.35_49.30_49.25_49.20_49.15_,1_17_20_25_66_
13:00:05,49.35,1,1029,49.40_49.45_49.50_49.55_49.60_,6_20_39_6_113_,49.30_49.25_49.20_49.15_49.10_,17_20_20_66_41_
13:00:10,49.35,1,1029,49.35_49.40_49.45_49.50_49.55_,2_6_20_39_6_,49.30_49.25_49.20_49.15_49.10_,17_20_20_23_84_
13:00:15,49.35,1,1029,49.35_49.40_49.45_49.50_49.55_,4_4_20_39_115_,49.30_49.25_49.20_49.15_49.10_,17_20_20_23_84_
13:00:36,49.35,1,1029,49.35_49.40_49.45_49.50_49.55_,4_4_20_39_115_,49.30_49.25_49.20_49.15_49.10_,18_20_20_23_84_
13:00:51,49.35,1,1029,49.35_49.40_49.45_49.50_49.55_,4_5_20_39_115_,49.30_49.25_49.20_49.15_49.10_,18_20_20_23_84_
13:01:01,49.35,1,1029,49.35_49.40_49.45_49.50_49.55_,4_5_20_39_115_,49.30_49.25_49.20_49.15_49.10_,23_25_20_23_84_
13:01:06,49.35,1,1029,49.35_49.40_49.45_49.50_49.55_,4_5_20_39_115_,49.30_49.25_49.20_49.15_49.10_,28_25_20_23_84_
13:01:12,49.35,4,1033,49.40_49.45_49.50_49.55_49.60_,5_20_37_115_4_,49.35_49.30_49.25_49.20_49.15_,1_28_25_20_23_
13:01:17,49.35,4,1033,49.40_49.45_49.50_49.55_49.60_,5_20_37_6_107_,49.35_49.30_49.25_49.20_49.15_,3_28_25_20_67_
13:01:22,49.35,4,1033,49.40_49.45_49.50_49.55_49.60_,5_20_37_6_107_,49.35_49.30_49.25_49.20_49.15_,4_28_25_25_67_
13:01:37,49.35,4,1033,49.40_49.45_49.50_49.55_49.60_,5_20_37_6_107_,49.35_49.30_49.25_49.20_49.15_,4_28_22_25_67_
13:02:08,49.30,5,1038,49.40_49.45_49.50_49.55_49.60_,6_20_37_6_107_,49.30_49.25_49.20_49.15_49.10_,27_22_25_67_36_
13:02:13,49.30,5,1038,49.40_49.45_49.50_49.55_49.60_,6_20_37_6_113_,49.35_49.30_49.25_49.20_49.15_,5_27_22_25_23_
13:02:18,49.30,5,1038,49.40_49.45_49.50_49.55_49.60_,6_20_37_6_107_,49.35_49.30_49.25_49.20_49.15_,11_32_22_25_68_
13:02:23,49.30,5,1038,49.40_49.45_49.50_49.55_49.60_,6_20_37_6_107_,49.35_49.30_49.25_49.20_49.15_,18_32_22_25_68_
13:02:28,49.40,5,1043,49.40_49.45_49.50_49.55_49.60_,1_20_37_6_107_,49.35_49.30_49.25_49.20_49.15_,19_32_22_25_68_
13:02:33,49.40,1,1044,49.45_49.50_49.55_49.60_49.65_,20_37_6_107_13_,49.40_49.35_49.30_49.25_49.20_,4_19_32_22_25_
13:02:39,49.40,1,1044,49.45_49.50_49.55_49.60_49.65_,20_37_6_4_122_,49.40_49.35_49.30_49.25_49.20_,4_19_32_22_66_
13:02:49,49.40,5,1049,49.40_49.45_49.50_49.55_49.60_,5_20_37_6_4_,49.35_49.30_49.25_49.20_49.15_,18_32_22_66_23_
13:02:54,49.40,1,1050,49.40_49.45_49.50_49.55_49.60_,5_20_37_6_107_,49.35_49.30_49.25_49.20_49.15_,18_32_22_23_66_
13:03:25,49.40,1,1050,49.40_49.45_49.50_49.55_49.60_,5_20_37_6_107_,49.35_49.30_49.25_49.20_49.15_,20_32_22_23_66_
13:03:56,49.40,1,1050,49.40_49.45_49.50_49.55_49.60_,5_20_37_26_107_,49.35_49.30_49.25_49.20_49.15_,20_32_22_23_66_
13:04:06,49.40,1,1050,49.40_49.45_49.50_49.55_49.60_,5_20_39_24_107_,49.35_49.30_49.25_49.20_49.15_,20_32_22_23_66_
13:04:37,49.40,1,1050,49.40_49.45_49.50_49.55_49.60_,5_20_39_24_107_,49.35_49.30_49.25_49.20_49.15_,21_32_22_23_66_
13:04:47,49.40,2,1052,49.40_49.45_49.50_49.55_49.60_,3_20_39_24_107_,49.35_49.30_49.25_49.20_49.15_,21_32_22_23_66_
13:04:52,49.40,2,1054,49.40_49.45_49.50_49.55_49.60_,1_20_39_24_107_,49.35_49.30_49.25_49.20_49.15_,21_32_22_23_66_
13:04:57,49.40,2,1054,49.40_49.45_49.50_49.55_49.60_,1_20_39_24_107_,49.35_49.30_49.25_49.20_49.15_,31_22_22_23_66_
13:05:08,49.40,1,1055,49.45_49.50_49.55_49.60_49.65_,20_39_24_107_13_,49.35_49.30_49.25_49.20_49.15_,31_22_22_23_66_
13:05:13,49.35,2,1057,49.45_49.50_49.55_49.60_49.65_,21_39_24_4_122_,49.35_49.30_49.25_49.20_49.15_,30_22_22_23_66_
13:05:18,49.35,2,1057,49.45_49.50_49.55_49.60_49.65_,21_39_24_4_122_,49.35_49.30_49.25_49.20_49.15_,30_22_8_23_66_
13:05:33,49.35,2,1057,49.45_49.50_49.55_49.60_49.65_,22_39_24_4_122_,49.35_49.30_49.25_49.20_49.15_,30_22_8_23_66_
13:05:54,49.35,2,1057,49.45_49.50_49.55_49.60_49.65_,22_39_24_4_122_,49.40_49.35_49.30_49.25_49.20_,1_30_22_8_23_
13:05:59,49.40,3,1060,49.40_49.45_49.50_49.55_49.60_,2_22_39_24_4_,49.35_49.30_49.25_49.20_49.15_,30_22_8_66_23_
13:06:04,49.40,3,1060,49.40_49.45_49.50_49.55_49.60_,4_20_39_24_113_,49.35_49.30_49.25_49.20_49.15_,30_22_8_23_66_
13:06:40,49.40,3,1060,49.40_49.45_49.50_49.55_49.60_,6_20_39_24_113_,49.35_49.30_49.25_49.20_49.15_,30_22_8_23_66_
13:06:45,49.40,3,1060,49.40_49.45_49.50_49.55_49.60_,7_20_39_24_113_,49.35_49.30_49.25_49.20_49.15_,30_22_8_23_66_
13:07:06,49.40,3,1060,49.40_49.45_49.50_49.55_49.60_,6_20_39_24_113_,49.35_49.30_49.25_49.20_49.15_,30_22_8_23_66_
13:07:21,49.40,3,1060,49.40_49.45_49.50_49.55_49.60_,11_20_39_24_113_,49.35_49.30_49.25_49.20_49.15_,30_22_8_23_66_
13:07:26,49.40,3,1060,49.40_49.45_49.50_49.55_49.60_,12_20_39_24_113_,49.35_49.30_49.25_49.20_49.15_,30_22_8_23_66_
13:07:36,49.35,2,1062,49.40_49.45_49.50_49.55_49.60_,12_20_39_24_113_,49.35_49.30_49.25_49.20_49.15_,29_22_8_23_66_
13:07:42,49.40,1,1063,49.40_49.45_49.50_49.55_49.60_,11_20_39_24_113_,49.35_49.30_49.25_49.20_49.15_,29_22_8_23_66_
13:08:17,49.40,1,1063,49.40_49.45_49.50_49.55_49.60_,11_20_39_24_113_,49.35_49.30_49.25_49.20_49.15_,29_20_8_23_66_
13:08:28,49.40,1,1064,49.40_49.45_49.50_49.55_49.60_,10_20_39_24_113_,49.35_49.30_49.25_49.20_49.15_,29_20_8_23_66_
13:08:33,49.40,1,1064,49.40_49.45_49.50_49.55_49.60_,10_20_39_24_113_,49.35_49.30_49.25_49.20_49.15_,29_21_6_23_66_
13:08:58,49.40,1,1064,49.40_49.45_49.50_49.55_49.60_,12_20_39_24_113_,49.35_49.30_49.25_49.20_49.15_,29_21_6_23_66_
13:09:19,49.40,1,1065,49.40_49.45_49.50_49.55_49.60_,11_20_39_24_113_,49.35_49.30_49.25_49.20_49.15_,29_21_6_23_66_
13:09:29,49.40,1,1066,49.40_49.45_49.50_49.55_49.60_,10_20_39_24_113_,49.35_49.30_49.25_49.20_49.15_,29_21_6_23_66_
13:09:45,49.35,2,1068,49.40_49.45_49.50_49.55_49.60_,10_20_39_24_113_,49.35_49.30_49.25_49.20_49.15_,27_21_6_23_66_
13:10:05,49.40,1,1069,49.40_49.45_49.50_49.55_49.60_,9_20_39_24_113_,49.35_49.30_49.25_49.20_49.15_,27_21_6_23_66_
13:10:41,49.40,1,1070,49.40_49.45_49.50_49.55_49.60_,8_10_39_24_113_,49.35_49.30_49.25_49.20_49.15_,27_21_6_23_66_
13:10:51,49.40,1,1071,49.40_49.45_49.50_49.55_49.60_,7_10_39_24_113_,49.35_49.30_49.25_49.20_49.15_,27_21_6_23_66_
13:10:56,49.40,1,1071,49.40_49.45_49.50_49.55_49.60_,8_10_39_24_113_,49.35_49.30_49.25_49.20_49.15_,27_21_6_23_66_
13:11:12,49.40,1,1072,49.40_49.45_49.50_49.55_49.60_,7_10_39_24_113_,49.35_49.30_49.25_49.20_49.15_,27_21_6_23_66_
13:11:32,49.40,1,1073,49.40_49.45_49.50_49.55_49.60_,6_10_39_24_113_,49.35_49.30_49.25_49.20_49.15_,27_21_6_23_66_
13:11:53,49.35,10,1083,49.40_49.45_49.50_49.55_49.60_,16_10_39_24_113_,49.35_49.30_49.25_49.20_49.15_,17_21_6_23_66_
13:12:03,49.35,10,1083,49.40_49.45_49.50_49.55_49.60_,16_10_39_24_113_,49.35_49.30_49.25_49.20_49.15_,18_21_6_23_66_
13:12:49,49.40,1,1086,49.40_49.45_49.50_49.55_49.60_,13_10_39_24_113_,49.35_49.30_49.25_49.20_49.15_,19_21_6_23_66_
13:13:05,49.40,1,1086,49.40_49.45_49.50_49.55_49.60_,14_10_39_24_113_,49.35_49.30_49.25_49.20_49.15_,19_21_6_23_66_
13:13:25,49.35,2,1088,49.40_49.45_49.50_49.55_49.60_,14_10_39_24_113_,49.35_49.30_49.25_49.20_49.15_,17_21_6_23_66_
13:13:46,49.35,2,1088,49.40_49.45_49.50_49.55_49.60_,14_10_39_24_113_,49.35_49.30_49.25_49.20_49.15_,18_21_6_23_66_
13:13:51,49.35,2,1088,49.40_49.45_49.50_49.55_49.60_,14_10_39_24_113_,49.35_49.30_49.25_49.20_49.15_,21_21_6_23_66_
13:14:06,49.35,2,1088,49.40_49.45_49.50_49.55_49.60_,14_10_39_24_113_,49.35_49.30_49.25_49.20_49.15_,21_23_6_23_66_
13:14:12,49.35,2,1088,49.40_49.45_49.50_49.55_49.60_,16_10_37_24_113_,49.35_49.30_49.25_49.20_49.15_,21_23_6_23_66_
13:14:17,49.40,2,1090,49.40_49.45_49.50_49.55_49.60_,14_10_37_24_113_,49.35_49.30_49.25_49.20_49.15_,21_23_6_23_66_
13:14:22,49.40,2,1090,49.40_49.45_49.50_49.55_49.60_,14_10_38_24_113_,49.35_49.30_49.25_49.20_49.15_,21_23_6_23_66_
13:14:27,49.40,2,1090,49.40_49.45_49.50_49.55_49.60_,17_10_38_24_113_,49.35_49.30_49.25_49.20_49.15_,21_23_6_24_66_
13:14:37,49.40,1,1091,49.40_49.45_49.50_49.55_49.60_,16_10_38_24_113_,49.35_49.30_49.25_49.20_49.15_,21_23_6_24_66_
13:14:47,49.35,1,1092,49.40_49.45_49.50_49.55_49.60_,16_10_38_24_113_,49.35_49.30_49.25_49.20_49.15_,20_23_6_24_66_
13:14:53,49.35,1,1092,49.40_49.45_49.50_49.55_49.60_,16_10_38_24_113_,49.35_49.30_49.25_49.20_49.15_,21_23_6_24_66_
13:15:18,49.35,1,1092,49.40_49.45_49.50_49.55_49.60_,17_10_38_24_113_,49.35_49.30_49.25_49.20_49.15_,21_23_6_24_66_
13:15:34,49.40,2,1094,49.40_49.45_49.50_49.55_49.60_,15_10_38_24_113_,49.35_49.30_49.25_49.20_49.15_,21_23_6_24_66_
13:15:44,49.35,3,1097,49.40_49.45_49.50_49.55_49.60_,15_10_38_24_113_,49.35_49.30_49.25_49.20_49.15_,18_23_6_24_66_
13:15:49,49.40,1,1098,49.40_49.45_49.50_49.55_49.60_,14_10_38_24_113_,49.35_49.30_49.25_49.20_49.15_,17_23_6_24_66_
13:16:04,49.40,1,1098,49.40_49.45_49.50_49.55_49.60_,14_10_38_24_113_,49.35_49.30_49.25_49.20_49.15_,17_23_6_29_66_
13:16:10,49.40,1,1098,49.40_49.45_49.50_49.55_49.60_,15_10_38_24_113_,49.35_49.30_49.25_49.20_49.15_,17_23_6_29_66_
13:16:30,49.40,1,1098,49.40_49.45_49.50_49.55_49.60_,13_10_38_24_113_,49.35_49.30_49.25_49.20_49.15_,17_23_6_29_66_
13:16:45,49.35,2,1100,49.40_49.45_49.50_49.55_49.60_,12_10_38_24_113_,49.35_49.30_49.25_49.20_49.15_,15_23_6_29_66_
13:16:51,49.35,2,1100,49.40_49.45_49.50_49.55_49.60_,12_10_38_24_113_,49.35_49.30_49.25_49.20_49.15_,15_23_6_34_66_
13:16:56,49.35,2,1100,49.40_49.45_49.50_49.55_49.60_,12_10_38_24_113_,49.35_49.30_49.25_49.20_49.15_,15_28_11_34_66_
13:17:01,49.35,2,1100,49.40_49.45_49.50_49.55_49.60_,12_10_38_24_113_,49.35_49.30_49.25_49.20_49.15_,20_28_11_34_66_
13:17:16,49.35,1,1101,49.40_49.45_49.50_49.55_49.60_,12_10_38_24_113_,49.35_49.30_49.25_49.20_49.15_,19_28_11_34_66_
13:17:26,49.35,1,1101,49.40_49.45_49.50_49.55_49.60_,12_10_38_24_113_,49.35_49.30_49.25_49.20_49.15_,19_27_11_34_66_
13:17:42,49.35,16,1117,49.40_49.45_49.50_49.55_49.60_,12_10_38_24_113_,49.35_49.30_49.25_49.20_49.15_,3_27_11_34_66_
13:17:47,49.35,1,1118,49.40_49.45_49.50_49.55_49.60_,11_10_38_24_113_,49.35_49.30_49.25_49.20_49.15_,2_27_11_34_66_
13:17:52,49.35,2,1120,49.40_49.45_49.50_49.55_49.60_,11_10_38_24_113_,49.30_49.25_49.20_49.15_49.10_,27_11_34_66_41_
13:17:57,49.35,2,1120,49.40_49.45_49.50_49.55_49.60_,11_10_38_24_113_,49.30_49.25_49.20_49.15_49.10_,27_11_34_23_86_
13:18:07,49.35,2,1120,49.40_49.45_49.50_49.55_49.60_,11_10_38_24_113_,49.35_49.30_49.25_49.20_49.15_,1_27_11_34_23_
13:18:13,49.35,2,1120,49.40_49.45_49.50_49.55_49.60_,11_10_38_24_113_,49.35_49.30_49.25_49.20_49.15_,4_27_11_34_68_
13:18:28,49.35,2,1122,49.40_49.45_49.50_49.55_49.60_,10_10_38_24_113_,49.35_49.30_49.25_49.20_49.15_,3_27_11_34_68_
13:18:33,49.35,3,1125,49.35_49.40_49.45_49.50_49.55_,1_10_10_38_24_,49.30_49.25_49.20_49.15_49.10_,27_11_34_68_41_
13:18:38,49.35,3,1125,49.35_49.40_49.45_49.50_49.55_,5_10_10_38_127_,49.30_49.25_49.20_49.15_49.10_,27_12_34_23_86_
13:18:48,49.35,3,1125,49.35_49.40_49.45_49.50_49.55_,5_10_10_38_127_,49.30_49.25_49.20_49.15_49.10_,27_12_29_23_91_
13:19:04,49.30,20,1145,49.35_49.40_49.45_49.50_49.55_,5_10_10_38_127_,49.30_49.25_49.20_49.15_49.10_,7_12_29_23_91_
13:19:14,49.30,20,1145,49.35_49.40_49.45_49.50_49.55_,5_10_10_38_127_,49.30_49.25_49.20_49.15_49.10_,8_12_29_23_91_
13:19:40,49.30,8,1153,49.30_49.35_49.40_49.45_49.50_,2_5_10_10_38_,49.25_49.20_49.15_49.10_49.05_,12_29_23_91_28_
13:19:45,49.30,8,1153,49.30_49.35_49.40_49.45_49.50_,6_1_10_10_147_,49.25_49.20_49.15_49.10_49.05_,12_29_23_46_72_
13:19:50,49.30,8,1153,49.30_49.35_49.40_49.45_49.50_,6_1_15_10_142_,49.25_49.20_49.15_49.10_49.05_,12_29_23_46_72_
13:19:55,49.30,2,1155,49.30_49.35_49.40_49.45_49.50_,4_1_15_10_142_,49.25_49.20_49.15_49.10_49.05_,12_29_23_46_72_
13:20:00,49.25,1,1156,49.30_49.35_49.40_49.45_49.50_,5_1_15_10_142_,49.25_49.20_49.15_49.10_49.05_,11_29_23_46_72_
13:20:05,49.25,1,1156,49.30_49.35_49.40_49.45_49.50_,8_1_15_10_142_,49.25_49.20_49.15_49.10_49.05_,11_29_23_46_72_
13:20:10,49.25,1,1156,49.30_49.35_49.40_49.45_49.50_,8_1_15_10_142_,49.25_49.20_49.15_49.10_49.05_,11_30_23_46_72_
13:20:16,49.25,1,1156,49.30_49.35_49.40_49.45_49.50_,8_1_15_10_142_,49.25_49.20_49.15_49.10_49.05_,11_30_24_46_72_
13:20:21,49.25,4,1160,49.30_49.35_49.40_49.45_49.50_,8_1_15_10_142_,49.25_49.20_49.15_49.10_49.05_,7_31_24_46_72_
13:20:31,49.25,4,1160,49.30_49.35_49.40_49.45_49.50_,8_1_15_10_142_,49.25_49.20_49.15_49.10_49.05_,7_31_24_41_72_
13:20:36,49.25,4,1160,49.30_49.35_49.40_49.45_49.50_,5_1_15_10_142_,49.25_49.20_49.15_49.10_49.05_,7_31_24_41_72_
13:20:46,49.25,4,1164,49.30_49.35_49.40_49.45_49.50_,5_1_15_10_142_,49.25_49.20_49.15_49.10_49.05_,3_31_24_41_72_
13:20:51,49.25,4,1164,49.30_49.35_49.40_49.45_49.50_,6_1_15_10_141_,49.25_49.20_49.15_49.10_49.05_,3_31_24_46_72_
13:20:57,49.25,1,1165,49.30_49.35_49.40_49.45_49.50_,5_1_15_10_141_,49.25_49.20_49.15_49.10_49.05_,2_31_24_46_72_
13:21:07,49.25,1,1166,49.30_49.40_49.45_49.50_49.55_,5_15_10_141_24_,49.25_49.20_49.15_49.10_49.05_,2_33_24_46_72_
13:21:12,49.25,2,1168,49.25_49.30_49.40_49.45_49.50_,1_5_15_10_141_,49.20_49.15_49.10_49.05_49.00_,33_24_46_72_54_
13:21:17,49.25,2,1168,49.25_49.30_49.40_49.45_49.50_,2_4_15_10_141_,49.20_49.15_49.10_49.05_49.00_,33_24_41_28_104_
13:21:22,49.20,20,1188,49.25_49.30_49.40_49.45_49.50_,2_4_15_10_141_,49.20_49.15_49.10_49.05_49.00_,13_24_41_28_104_
13:21:27,49.25,1,1189,49.25_49.30_49.40_49.45_49.50_,2_4_15_10_141_,49.20_49.15_49.10_49.05_49.00_,13_24_41_28_104_
13:21:32,49.20,10,1199,49.25_49.30_49.40_49.45_49.50_,2_4_15_10_141_,49.20_49.15_49.10_49.05_49.00_,5_24_41_28_104_
13:21:38,49.20,1,1200,49.25_49.30_49.40_49.45_49.50_,1_4_15_10_141_,49.20_49.15_49.10_49.05_49.00_,4_24_41_28_104_
13:21:43,49.25,1,1201,49.30_49.40_49.45_49.50_49.55_,4_15_10_141_24_,49.25_49.20_49.15_49.10_49.05_,1_4_24_41_28_
13:21:48,49.25,1,1201,49.30_49.40_49.45_49.50_49.55_,4_15_10_32_133_,49.25_49.20_49.15_49.10_49.05_,2_4_25_41_72_
13:21:53,49.25,1,1201,49.30_49.40_49.45_49.50_49.55_,4_15_10_32_133_,49.25_49.20_49.15_49.10_49.05_,4_2_25_46_72_
13:21:58,49.30,1,1202,49.30_49.40_49.45_49.50_49.55_,3_15_10_32_133_,49.25_49.20_49.15_49.10_49.05_,4_2_25_46_72_
13:22:03,49.30,1,1202,49.30_49.35_49.40_49.45_49.50_,3_1_15_10_32_,49.25_49.20_49.15_49.10_49.05_,4_2_25_46_72_
13:22:08,49.25,1,1203,49.30_49.35_49.40_49.45_49.50_,3_1_15_10_32_,49.25_49.20_49.15_49.10_49.05_,3_2_25_46_72_
13:22:13,49.25,1,1203,49.30_49.35_49.40_49.45_49.50_,3_1_15_10_141_,49.25_49.20_49.15_49.10_49.05_,3_2_25_46_72_
13:22:19,49.25,1,1203,49.30_49.35_49.40_49.45_49.50_,3_1_15_10_141_,49.25_49.20_49.15_49.10_49.05_,3_6_26_46_72_
13:22:24,49.25,1,1203,49.30_49.35_49.40_49.45_49.50_,3_1_15_10_141_,49.25_49.20_49.15_49.10_49.05_,5_6_26_46_72_
13:22:34,49.25,1,1203,49.30_49.35_49.40_49.45_49.50_,3_1_15_10_141_,49.25_49.20_49.15_49.10_49.05_,5_8_26_46_72_
13:22:39,49.25,1,1203,49.30_49.35_49.40_49.45_49.50_,3_1_15_10_141_,49.25_49.20_49.15_49.10_49.05_,6_8_26_46_72_
13:22:44,49.30,2,1205,49.30_49.35_49.40_49.45_49.50_,1_1_15_10_141_,49.25_49.20_49.15_49.10_49.05_,4_5_26_46_72_
13:22:49,49.30,1,1206,49.35_49.40_49.45_49.50_49.55_,1_15_10_141_29_,49.30_49.25_49.20_49.15_49.10_,2_4_5_26_46_
13:22:55,49.30,1,1206,49.35_49.40_49.45_49.50_49.55_,1_15_10_32_132_,49.30_49.25_49.20_49.15_49.10_,4_2_5_26_90_
13:23:00,49.35,1,1207,49.40_49.45_49.50_49.55_49.60_,10_10_37_132_4_,49.30_49.25_49.20_49.15_49.10_,4_2_5_26_90_
13:23:05,49.35,1,1207,49.40_49.45_49.50_49.55_49.60_,10_10_37_29_113_,49.30_49.25_49.20_49.15_49.10_,4_2_5_26_90_
13:23:15,49.35,1,1207,49.40_49.45_49.50_49.55_49.60_,10_10_37_29_113_,49.30_49.25_49.20_49.15_49.10_,4_1_5_26_90_
13:23:20,49.35,1,1207,49.40_49.45_49.50_49.55_49.60_,10_10_37_29_113_,49.30_49.25_49.20_49.15_49.10_,4_1_5_26_100_
13:23:25,49.35,1,1207,49.40_49.45_49.50_49.55_49.60_,10_10_37_29_113_,49.30_49.25_49.20_49.15_49.10_,2_1_5_26_100_
13:23:30,49.30,4,1211,49.30_49.40_49.45_49.50_49.55_,1_10_10_37_29_,49.25_49.20_49.15_49.10_49.05_,1_6_26_100_28_
13:23:36,49.35,1,1212,49.40_49.45_49.50_49.55_49.60_,10_10_37_138_4_,49.35_49.25_49.20_49.15_49.10_,1_2_6_26_56_
13:23:41,49.35,1,1213,49.35_49.40_49.45_49.50_49.55_,1_8_10_37_29_,49.25_49.20_49.15_49.10_49.05_,2_6_26_99_28_
13:23:46,49.35,1,1214,49.40_49.45_49.50_49.55_49.60_,8_10_37_132_4_,49.25_49.20_49.15_49.10_49.05_,1_6_26_56_72_
13:23:51,49.35,1,1214,49.40_49.45_49.50_49.55_49.60_,8_10_37_29_113_,49.30_49.25_49.20_49.15_49.10_,1_1_6_26_56_
13:23:56,49.35,1,1214,49.35_49.40_49.45_49.50_49.55_,2_8_10_37_29_,49.30_49.25_49.20_49.15_49.10_,1_1_6_26_99_
13:24:01,49.35,1,1214,49.35_49.40_49.45_49.50_49.55_,2_8_10_37_138_,49.30_49.25_49.20_49.15_49.10_,1_1_6_26_99_
13:24:17,49.40,3,1217,49.40_49.45_49.50_49.55_49.60_,7_10_37_138_4_,49.30_49.25_49.20_49.15_49.10_,1_1_6_26_99_
13:24:22,49.40,3,1217,49.40_49.45_49.50_49.55_49.60_,7_10_37_29_107_,49.30_49.25_49.20_49.15_49.10_,2_1_6_26_100_
13:24:32,49.40,3,1217,49.40_49.45_49.50_49.55_49.60_,7_10_37_29_107_,49.35_49.30_49.25_49.20_49.15_,1_1_1_6_26_
13:24:37,49.40,1,1218,49.40_49.45_49.50_49.55_49.60_,6_10_37_29_113_,49.30_49.25_49.20_49.15_49.10_,1_1_6_71_56_
13:24:42,49.40,1,1218,49.40_49.45_49.50_49.55_49.60_,6_10_37_29_107_,49.30_49.25_49.20_49.15_49.10_,1_1_6_27_100_
13:24:53,49.40,1,1218,49.40_49.45_49.50_49.55_49.60_,6_10_32_29_107_,49.30_49.25_49.20_49.15_49.10_,1_1_6_27_95_
13:25:06,49.40,1,1218,49.40_,0_,49.30_,0_
13:25:11,49.40,1,1218,49.40_,0_,49.10_,0_
13:25:16,49.40,1,1218,49.40_,0_,49.10_,0_
13:25:21,49.40,1,1218,49.40_,0_,49.10_,0_
13:25:31,49.40,1,1218,49.40_,0_,49.10_,0_
13:25:47,49.40,1,1218,49.40_,0_,49.10_,0_
13:25:52,49.40,1,1218,49.40_,0_,49.10_,0_
13:25:57,49.40,1,1218,49.40_,0_,49.10_,0_
13:26:02,49.40,1,1218,49.40_,0_,49.10_,0_
13:26:18,49.40,1,1218,49.40_,0_,49.10_,0_
13:26:23,49.40,1,1218,49.40_,0_,49.10_,0_
13:26:28,49.40,1,1218,49.40_,0_,49.10_,0_
13:27:04,49.40,1,1218,49.40_,0_,49.10_,0_
13:27:14,49.40,1,1218,49.40_,0_,49.10_,0_
13:27:19,49.40,1,1218,49.40_,0_,49.10_,0_
13:27:24,49.40,1,1218,49.40_,0_,49.10_,0_
13:27:29,49.40,1,1218,49.40_,0_,49.10_,0_
13:27:40,49.40,1,1218,49.40_,0_,49.15_,0_
13:27:50,49.40,1,1218,49.40_,0_,49.15_,0_
13:28:15,49.40,1,1218,49.20_,0_,49.15_,0_
13:28:26,49.40,1,1218,49.20_,0_,49.15_,0_
13:28:41,49.40,1,1218,49.20_,0_,49.15_,0_
13:28:46,49.40,1,1218,49.20_,0_,49.15_,0_
13:28:51,49.40,1,1218,49.20_,0_,49.15_,0_
13:29:01,49.40,1,1218,49.20_,0_,49.15_,0_
13:29:07,49.40,1,1218,49.20_,0_,49.15_,0_
13:29:12,49.40,1,1218,49.20_,0_,49.15_,0_
13:29:22,49.40,1,1218,49.20_,0_,49.15_,0_
13:29:37,49.40,1,1218,49.20_,0_,49.15_,0_
13:29:43,49.40,1,1218,49.20_,0_,49.15_,0_
13:30:00,49.15,74,1292,49.20_49.40_49.45_49.50_49.55_,1_7_10_31_9_,49.15_49.10_49.05_49.00_48.95_,59_106_13_102_36_
