09:00:05,77.60,20,20,77.80_78.20_78.50_78.60_78.70_,1_1_9_2_3_,77.60_77.50_77.40_77.30_77.20_,12_15_2_15_19_
09:00:10,77.60,4,24,77.80_78.20_78.50_78.60_78.70_,2_1_9_2_3_,77.60_77.50_77.40_77.30_77.20_,9_15_2_15_19_
09:00:21,77.60,4,24,77.80_78.20_78.50_78.60_78.70_,4_1_9_2_3_,77.60_77.50_77.40_77.30_77.20_,11_15_2_15_19_
09:00:26,77.70,2,26,77.80_78.20_78.50_78.60_78.70_,4_1_9_2_3_,77.70_77.60_77.50_77.40_77.30_,1_18_16_2_15_
09:00:31,77.80,3,29,77.80_78.20_78.50_78.60_78.70_,1_1_9_2_3_,77.70_77.60_77.50_77.40_77.30_,7_14_16_2_15_
09:00:36,77.80,3,29,77.90_78.20_78.50_78.60_78.70_,1_1_9_2_3_,77.70_77.60_77.50_77.40_77.30_,11_9_16_2_15_
09:00:41,77.80,3,29,77.90_78.20_78.50_78.60_78.70_,1_1_9_2_3_,77.70_77.60_77.50_77.40_77.30_,12_9_16_2_15_
09:00:46,77.80,3,29,77.90_78.20_78.50_78.60_78.70_,1_1_9_2_3_,77.70_77.60_77.50_77.40_77.30_,12_9_16_3_15_
09:01:07,77.80,3,29,77.90_78.20_78.50_78.60_78.70_,1_1_9_2_3_,77.80_77.70_77.60_77.50_77.40_,1_12_9_16_3_
09:01:12,77.80,3,29,77.90_78.20_78.40_78.50_78.60_,1_1_35_16_2_,77.80_77.70_77.60_77.50_77.40_,16_9_9_47_35_
09:01:17,77.80,3,29,77.90_78.20_78.40_78.50_78.60_,1_1_35_16_2_,77.80_77.70_77.60_77.50_77.40_,17_9_9_47_34_
09:01:22,77.80,3,29,77.90_78.20_78.40_78.50_78.60_,1_1_35_16_2_,77.80_77.70_77.60_77.50_77.40_,18_9_9_47_34_
09:01:27,77.80,3,29,77.90_78.20_78.40_78.50_78.60_,1_1_35_16_2_,77.80_77.70_77.60_77.50_77.40_,19_9_9_47_34_
09:01:32,77.80,1,30,77.90_78.20_78.40_78.50_78.60_,1_1_35_16_2_,77.80_77.70_77.60_77.50_77.40_,23_9_9_47_34_
09:01:37,77.80,1,30,77.90_78.20_78.40_78.50_78.60_,1_1_35_16_2_,77.80_77.70_77.60_77.50_77.40_,24_8_9_47_34_
09:01:48,77.80,1,30,77.90_78.20_78.40_78.50_78.60_,1_1_35_16_2_,77.80_77.70_77.60_77.50_77.40_,24_8_14_77_34_
09:01:53,77.90,1,31,78.20_78.40_78.50_78.60_78.70_,1_35_16_2_3_,77.80_77.70_77.60_77.50_77.40_,25_8_14_77_34_
09:01:58,77.90,1,31,78.20_78.50_78.60_78.70_78.80_,24_39_2_15_11_,77.80_77.70_77.60_77.50_77.40_,25_8_15_79_34_
09:02:03,77.80,1,32,78.20_78.30_78.50_78.60_78.70_,24_1_39_2_15_,77.80_77.70_77.60_77.50_77.40_,46_11_15_79_34_
09:02:08,77.80,1,32,78.20_78.30_78.50_78.60_78.70_,24_1_39_2_15_,77.90_77.80_77.70_77.60_77.50_,5_47_8_15_79_
09:02:13,77.80,1,32,78.20_78.30_78.50_78.60_78.70_,24_1_4_37_15_,77.90_77.80_77.70_77.60_77.50_,8_40_9_15_110_
09:02:19,77.80,1,32,78.20_78.30_78.50_78.60_78.70_,24_1_4_37_15_,77.90_77.80_77.70_77.60_77.50_,10_41_9_16_109_
09:02:24,77.80,1,32,78.20_78.30_78.50_78.60_78.70_,24_1_4_37_15_,78.00_77.90_77.80_77.70_77.60_,2_10_41_9_16_
09:02:29,77.80,1,32,78.20_78.30_78.50_78.60_78.70_,24_1_4_37_15_,78.00_77.90_77.80_77.70_77.60_,5_9_42_5_47_
09:02:34,77.80,1,32,78.20_78.30_78.50_78.60_78.70_,24_1_4_37_15_,78.00_77.90_77.80_77.70_77.60_,20_9_41_5_46_
09:02:39,77.80,1,32,78.20_78.30_78.50_78.60_78.70_,24_1_4_37_15_,78.00_77.90_77.80_77.70_77.60_,23_9_41_5_46_
09:02:44,77.80,1,32,78.20_78.30_78.50_78.60_78.70_,24_1_4_37_15_,78.00_77.90_77.80_77.70_77.60_,24_8_41_5_46_
09:02:49,77.80,1,32,78.20_78.30_78.50_78.60_78.70_,24_1_4_37_15_,78.00_77.90_77.80_77.70_77.60_,22_8_40_5_46_
09:02:55,77.80,1,32,78.20_78.30_78.50_78.60_78.70_,24_1_4_37_15_,78.00_77.90_77.80_77.70_77.60_,22_8_40_5_48_
09:03:00,77.80,1,32,78.20_78.30_78.50_78.60_78.70_,1_1_4_39_15_,78.00_77.90_77.80_77.70_77.60_,22_8_40_5_48_
09:03:15,77.80,1,32,78.20_78.30_78.50_78.60_78.70_,1_1_4_39_15_,78.00_77.90_77.80_77.70_77.60_,22_8_40_5_49_
09:03:36,77.80,1,32,78.20_78.30_78.50_78.60_78.70_,1_1_4_39_15_,78.10_78.00_77.90_77.80_77.70_,2_22_8_40_5_
09:03:41,78.20,1,33,78.50_78.60_78.70_78.80_78.90_,5_4_50_11_18_,78.20_78.10_78.00_77.90_77.80_,1_1_22_8_40_
09:03:46,78.20,1,33,78.50_78.60_78.70_78.80_78.90_,5_4_4_29_47_,78.20_78.10_78.00_77.90_77.80_,1_1_7_9_71_
09:03:56,78.20,1,33,78.40_78.50_78.60_78.70_78.80_,1_5_4_4_29_,78.20_78.10_78.00_77.90_77.80_,1_1_7_9_71_
09:04:01,78.20,1,33,78.40_78.50_78.60_78.70_78.80_,2_4_4_4_58_,78.20_78.10_78.00_77.90_77.80_,3_1_6_9_71_
09:04:06,78.20,1,33,78.40_78.50_78.60_78.70_78.80_,2_4_4_4_58_,78.20_78.10_78.00_77.90_77.80_,3_1_6_9_70_
09:04:22,78.20,1,33,78.40_78.50_78.60_78.70_78.80_,2_4_4_5_58_,78.20_78.10_78.00_77.90_77.80_,2_1_6_9_70_
09:04:27,78.20,1,33,78.40_78.50_78.60_78.70_78.80_,2_4_4_6_58_,78.20_78.10_78.00_77.90_77.80_,18_1_6_9_70_
09:04:32,78.20,1,33,78.40_78.50_78.60_78.70_78.80_,2_4_4_6_58_,78.20_78.10_78.00_77.90_77.80_,19_1_5_9_70_
09:04:42,78.20,1,33,78.40_78.50_78.60_78.70_78.80_,2_4_4_6_58_,78.20_78.10_78.00_77.90_77.80_,20_1_5_9_70_
09:05:18,78.20,1,33,78.40_78.50_78.60_78.70_78.80_,2_5_4_6_58_,78.20_78.10_78.00_77.90_77.80_,20_1_6_9_70_
09:05:29,78.20,1,34,78.40_78.50_78.60_78.70_78.80_,2_5_4_6_58_,78.20_78.10_78.00_77.90_77.80_,19_1_6_9_70_
09:05:39,78.40,1,35,78.40_78.50_78.60_78.70_78.80_,1_5_4_6_58_,78.20_78.10_78.00_77.90_77.80_,19_1_6_9_70_
09:05:44,78.40,1,35,78.30_78.40_78.50_78.60_78.70_,1_1_5_4_24_,78.20_78.10_78.00_77.90_77.80_,24_1_6_4_70_
09:05:49,78.40,1,35,78.30_78.50_78.60_78.70_78.80_,1_5_4_52_11_,78.20_78.10_78.00_77.90_77.80_,24_1_6_3_71_
09:05:54,78.40,1,35,78.30_78.50_78.60_78.70_78.80_,1_5_5_52_11_,78.20_78.10_78.00_77.90_77.80_,24_1_6_3_71_
09:06:05,78.40,1,35,78.30_78.50_78.60_78.70_78.80_,4_5_5_52_11_,78.20_78.10_78.00_77.90_77.80_,24_1_6_3_71_
09:06:10,78.40,1,35,78.30_78.50_78.60_78.70_78.80_,4_5_5_23_40_,78.20_78.10_78.00_77.90_77.80_,24_1_6_3_72_
09:06:30,78.30,1,36,78.30_78.50_78.60_78.70_78.80_,3_5_5_23_40_,78.20_78.10_78.00_77.90_77.80_,24_1_6_3_72_
09:06:35,78.20,1,37,78.30_78.50_78.60_78.70_78.80_,3_5_5_23_40_,78.20_78.10_78.00_77.90_77.80_,23_1_6_3_72_
09:06:41,78.20,1,37,78.30_78.50_78.60_78.70_78.80_,3_5_5_23_40_,78.20_78.10_78.00_77.90_77.80_,24_1_6_4_71_
09:06:56,78.20,1,38,78.30_78.50_78.60_78.70_78.80_,3_5_5_23_40_,78.20_78.10_78.00_77.90_77.80_,23_1_6_4_71_
09:07:01,78.20,1,39,78.30_78.50_78.60_78.70_78.80_,4_5_5_23_40_,78.20_78.10_78.00_77.90_77.80_,22_1_6_4_71_
09:07:06,78.20,1,39,78.30_78.50_78.60_78.70_78.80_,4_5_5_23_40_,78.20_78.10_78.00_77.90_77.80_,25_1_5_4_68_
09:07:11,78.20,1,39,78.30_78.50_78.60_78.70_78.80_,3_5_5_23_40_,78.20_78.10_78.00_77.90_77.80_,26_1_5_4_68_
09:07:42,78.20,1,39,78.30_78.40_78.50_78.60_78.70_,3_1_5_5_23_,78.20_78.10_78.00_77.90_77.80_,26_1_5_4_68_
09:07:52,78.20,1,39,78.30_78.40_78.50_78.60_78.70_,3_1_5_5_23_,78.20_78.10_78.00_77.90_77.80_,26_5_5_4_68_
09:08:03,78.20,1,39,78.30_78.50_78.60_78.70_78.80_,1_5_5_23_40_,78.20_78.10_78.00_77.90_77.80_,26_5_5_4_68_
09:08:08,78.20,1,39,78.30_78.50_78.60_78.70_78.80_,1_5_5_23_40_,78.20_78.10_78.00_77.90_77.80_,26_5_5_3_69_
09:08:18,78.20,1,39,78.30_78.50_78.60_78.70_78.80_,2_5_5_23_40_,78.20_78.10_78.00_77.90_77.80_,26_5_5_3_69_
09:08:39,78.20,1,39,78.30_78.50_78.60_78.70_78.80_,2_5_6_23_40_,78.20_78.10_78.00_77.90_77.80_,26_5_5_3_69_
09:08:54,78.20,1,39,78.30_78.50_78.60_78.70_78.80_,2_5_6_23_40_,78.20_78.10_78.00_77.90_77.80_,30_1_5_3_69_
09:09:09,78.20,1,39,78.30_78.50_78.60_78.70_78.80_,2_5_6_23_40_,78.20_78.10_78.00_77.90_77.80_,30_1_5_3_70_
09:09:55,78.20,1,39,78.30_78.50_78.60_78.70_78.80_,3_5_6_23_40_,78.20_78.10_78.00_77.90_77.80_,30_1_5_3_70_
09:10:01,78.20,1,39,78.30_78.50_78.60_78.70_78.80_,3_5_6_23_40_,78.20_78.10_78.00_77.90_77.80_,30_1_5_3_71_
09:10:26,78.20,1,39,78.30_78.50_78.60_78.70_78.80_,3_5_6_23_40_,78.20_78.10_78.00_77.90_77.80_,29_1_5_3_71_
09:10:31,78.30,3,42,78.50_78.60_78.70_78.80_78.90_,5_6_23_40_22_,78.30_78.20_78.10_78.00_77.90_,1_29_1_5_3_
09:10:36,78.30,3,42,78.50_78.60_78.70_78.80_78.90_,5_5_6_11_69_,78.30_78.20_78.10_78.00_77.90_,8_21_1_6_35_
09:10:42,78.30,3,42,78.50_78.60_78.70_78.80_78.90_,5_5_6_11_69_,78.40_78.30_78.20_78.10_78.00_,1_8_21_1_6_
09:10:47,78.30,3,42,78.50_78.60_78.70_78.80_78.90_,5_5_6_11_69_,78.40_78.30_78.20_78.10_78.00_,6_5_6_1_38_
09:10:57,78.30,3,42,78.50_78.60_78.70_78.80_78.90_,11_5_6_11_69_,78.40_78.30_78.20_78.10_78.00_,7_5_2_1_38_
09:11:02,78.30,3,42,78.50_78.60_78.70_78.80_78.90_,12_5_6_11_69_,78.40_78.30_78.20_78.10_78.00_,7_5_2_1_38_
09:11:12,78.30,3,42,78.50_78.60_78.70_78.80_78.90_,12_5_6_11_69_,78.40_78.30_78.20_78.10_78.00_,8_5_1_1_38_
09:11:18,78.30,3,42,78.50_78.60_78.70_78.80_78.90_,12_5_6_11_69_,78.40_78.30_78.20_78.10_78.00_,8_6_1_1_38_
09:11:23,78.30,3,42,78.50_78.60_78.70_78.80_78.90_,11_5_6_11_69_,78.40_78.30_78.20_78.10_78.00_,8_6_1_1_38_
09:11:28,78.30,3,42,78.50_78.60_78.70_78.80_78.90_,13_4_6_11_69_,78.40_78.30_78.20_78.10_78.00_,8_6_1_1_37_
09:11:33,78.30,3,42,78.50_78.60_78.70_78.80_78.90_,13_4_6_12_69_,78.40_78.30_78.20_78.10_78.00_,8_6_1_1_37_
09:11:48,78.40,1,43,78.50_78.60_78.70_78.80_78.90_,13_4_6_12_69_,78.40_78.30_78.20_78.10_78.00_,7_6_1_1_37_
09:11:53,78.40,1,43,78.50_78.60_78.70_78.80_78.90_,13_5_6_13_69_,78.40_78.30_78.20_78.10_78.00_,7_7_2_1_37_
09:11:59,78.40,1,43,78.50_78.60_78.70_78.80_78.90_,11_5_6_13_69_,78.40_78.30_78.20_78.10_78.00_,7_7_2_1_37_
09:12:09,78.40,1,43,78.50_78.60_78.70_78.80_78.90_,11_6_6_13_69_,78.40_78.30_78.20_78.10_78.00_,7_7_2_1_37_
09:12:14,78.40,1,43,78.50_78.60_78.70_78.80_78.90_,11_6_6_14_69_,78.40_78.30_78.20_78.10_78.00_,7_7_2_1_37_
09:12:19,78.40,1,43,78.50_78.60_78.70_78.80_78.90_,11_6_6_14_69_,78.40_78.30_78.20_78.10_78.00_,7_7_2_1_40_
09:12:24,78.40,1,44,78.50_78.60_78.70_78.80_78.90_,11_5_6_14_69_,78.40_78.30_78.20_78.10_78.00_,6_7_2_1_40_
09:12:29,78.40,1,44,78.50_78.60_78.70_78.80_78.90_,12_5_6_14_69_,78.40_78.30_78.20_78.10_78.00_,13_7_2_1_40_
09:12:35,78.40,1,44,78.50_78.60_78.70_78.80_78.90_,11_5_6_14_69_,78.40_78.30_78.20_78.10_78.00_,13_7_2_1_40_
09:12:40,78.40,1,44,78.50_78.60_78.70_78.80_78.90_,11_5_6_14_69_,78.40_78.30_78.20_78.10_78.00_,14_7_2_1_40_
09:12:45,78.40,1,44,78.50_78.60_78.70_78.80_78.90_,11_5_6_14_69_,78.40_78.30_78.20_78.10_78.00_,15_7_2_1_40_
09:12:55,78.40,1,44,78.50_78.60_78.70_78.80_78.90_,11_5_6_14_69_,78.40_78.30_78.20_78.10_78.00_,17_7_2_1_40_
09:13:00,78.40,1,45,78.50_78.60_78.70_78.80_78.90_,11_5_6_14_69_,78.40_78.30_78.20_78.10_78.00_,16_7_2_1_40_
09:13:05,78.40,1,45,78.50_78.60_78.70_78.80_78.90_,7_5_6_13_69_,78.40_78.30_78.20_78.10_78.00_,16_2_2_1_40_
09:13:10,78.50,5,50,78.50_78.60_78.70_78.80_78.90_,2_5_6_13_69_,78.40_78.30_78.20_78.10_78.00_,16_2_2_1_40_
09:13:15,78.50,2,52,78.60_78.70_78.80_78.90_79.00_,5_6_13_69_17_,78.40_78.30_78.20_78.10_78.00_,15_2_2_1_40_
09:13:21,78.50,2,52,78.60_78.70_78.80_78.90_79.00_,6_6_13_22_64_,78.40_78.30_78.20_78.10_78.00_,16_1_3_1_40_
09:13:26,78.40,1,53,78.60_78.70_78.80_78.90_79.00_,6_6_13_22_64_,78.40_78.30_78.20_78.10_78.00_,15_1_3_1_40_
09:13:31,78.40,1,53,78.60_78.70_78.80_78.90_79.00_,6_6_13_22_64_,78.40_78.30_78.20_78.10_78.00_,15_1_3_2_39_
09:13:36,78.40,1,53,78.60_78.70_78.80_78.90_79.00_,7_6_13_22_64_,78.50_78.40_78.30_78.20_78.10_,1_14_1_3_2_
09:13:41,78.40,1,53,78.60_78.70_78.80_78.90_79.00_,7_5_13_24_64_,78.50_78.40_78.30_78.20_78.10_,2_13_1_3_35_
09:13:46,78.50,1,54,78.60_78.70_78.80_78.90_79.00_,7_5_13_24_64_,78.50_78.40_78.30_78.20_78.10_,1_13_1_3_35_
09:13:51,78.50,1,55,78.60_78.70_78.80_78.90_79.00_,8_5_13_24_64_,78.50_78.40_78.30_78.20_78.10_,1_13_1_3_35_
09:13:56,78.50,1,55,78.60_78.70_78.80_78.90_79.00_,8_8_13_24_64_,78.50_78.40_78.30_78.20_78.10_,2_12_1_3_35_
09:14:02,78.50,1,55,78.60_78.70_78.80_78.90_79.00_,8_8_16_24_64_,78.50_78.40_78.30_78.20_78.10_,3_12_1_3_38_
09:14:07,78.50,1,55,78.60_78.70_78.80_78.90_79.00_,8_5_16_27_64_,78.50_78.40_78.30_78.20_78.10_,4_11_1_2_37_
09:14:17,78.50,1,56,78.60_78.70_78.80_78.90_79.00_,8_5_16_27_64_,78.50_78.40_78.30_78.20_78.10_,3_11_1_2_37_
09:14:22,78.50,1,56,78.60_78.70_78.80_78.90_79.00_,8_4_16_27_64_,78.50_78.40_78.30_78.20_78.10_,4_10_1_2_37_
09:14:27,78.50,1,56,78.60_78.70_78.80_78.90_79.00_,8_4_16_27_64_,78.50_78.40_78.30_78.20_78.10_,6_10_1_2_37_
09:14:32,78.50,1,56,78.60_78.70_78.80_78.90_79.00_,7_7_16_24_64_,78.50_78.40_78.30_78.20_78.10_,7_10_1_2_37_
09:14:37,78.50,1,56,78.60_78.70_78.80_78.90_79.00_,7_7_16_24_64_,78.50_78.40_78.30_78.20_78.10_,8_9_1_2_37_
09:14:53,78.50,1,56,78.60_78.70_78.80_78.90_79.00_,7_7_16_24_64_,78.50_78.40_78.30_78.20_78.10_,8_10_1_2_37_
09:15:08,78.50,1,56,78.60_78.70_78.80_78.90_79.00_,7_7_16_26_64_,78.50_78.40_78.30_78.20_78.10_,8_10_1_2_37_
09:15:19,78.50,1,56,78.60_78.70_78.80_78.90_79.00_,7_5_16_29_64_,78.50_78.40_78.30_78.20_78.10_,8_10_1_2_37_
09:15:29,78.50,1,56,78.60_78.70_78.80_78.90_79.00_,7_5_16_29_64_,78.50_78.40_78.30_78.20_78.10_,7_10_1_2_37_
09:15:39,78.50,1,56,78.60_78.70_78.80_78.90_79.00_,7_5_17_29_64_,78.50_78.40_78.30_78.20_78.10_,7_10_1_2_37_
09:15:44,78.60,1,57,78.60_78.70_78.80_78.90_79.00_,6_5_17_29_64_,78.50_78.40_78.30_78.20_78.10_,7_10_1_2_37_
09:15:55,78.60,1,58,78.60_78.70_78.80_78.90_79.00_,5_5_17_29_64_,78.50_78.40_78.30_78.20_78.10_,7_10_1_2_37_
09:16:00,78.60,1,58,78.60_78.70_78.80_78.90_79.00_,5_5_17_29_67_,78.50_78.40_78.30_78.20_78.10_,9_10_1_5_37_
09:16:05,78.60,1,58,78.60_78.70_78.80_78.90_79.00_,7_5_17_29_67_,78.50_78.40_78.30_78.20_78.10_,9_10_1_5_37_
09:16:10,78.60,1,58,78.60_78.70_78.80_78.90_79.00_,7_5_17_30_66_,78.50_78.40_78.30_78.20_78.10_,9_10_1_5_37_
09:16:15,78.60,1,58,78.60_78.70_78.80_78.90_79.00_,7_5_18_30_66_,78.50_78.40_78.30_78.20_78.10_,10_10_1_5_37_
09:16:31,78.60,1,58,78.60_78.70_78.80_78.90_79.00_,7_5_28_40_66_,78.50_78.40_78.30_78.20_78.10_,10_10_1_5_37_
09:16:41,78.60,1,58,78.60_78.70_78.80_78.90_79.00_,7_5_38_40_66_,78.50_78.40_78.30_78.20_78.10_,10_10_1_5_37_
09:16:46,78.60,1,59,78.60_78.70_78.80_78.90_79.00_,6_5_38_50_66_,78.50_78.40_78.30_78.20_78.10_,10_10_1_5_37_
09:17:01,78.60,1,60,78.60_78.70_78.80_78.90_79.00_,12_5_38_50_66_,78.50_78.40_78.30_78.20_78.10_,9_10_1_5_37_
09:17:06,78.60,1,61,78.60_78.70_78.80_78.90_79.00_,11_5_38_50_66_,78.50_78.40_78.30_78.20_78.10_,8_10_1_5_37_
09:17:12,78.50,1,62,78.60_78.70_78.80_78.90_79.00_,11_5_38_50_66_,78.50_78.40_78.30_78.20_78.10_,7_10_1_5_37_
09:17:17,78.50,1,62,78.60_78.70_78.80_78.90_79.00_,12_5_38_50_66_,78.50_78.40_78.30_78.20_78.10_,7_10_1_5_37_
09:17:32,78.50,1,63,78.60_78.70_78.80_78.90_79.00_,12_5_38_50_66_,78.50_78.40_78.30_78.20_78.10_,6_10_1_5_37_
09:17:37,78.50,1,63,78.60_78.70_78.80_78.90_79.00_,11_5_38_50_66_,78.50_78.40_78.30_78.20_78.10_,8_10_1_5_37_
09:17:42,78.50,1,63,78.60_78.70_78.80_78.90_79.00_,12_6_38_50_66_,78.50_78.40_78.30_78.20_78.10_,8_10_1_5_37_
09:17:47,78.50,2,65,78.60_78.70_78.80_78.90_79.00_,12_6_38_50_66_,78.50_78.40_78.30_78.20_78.10_,6_10_1_5_37_
09:17:53,78.50,2,65,78.60_78.70_78.80_78.90_79.00_,11_6_38_50_66_,78.50_78.40_78.30_78.20_78.10_,6_10_1_5_37_
09:17:58,78.50,2,65,78.60_78.70_78.80_78.90_79.00_,12_6_38_50_66_,78.50_78.40_78.30_78.20_78.10_,6_10_1_6_37_
09:18:03,78.50,2,65,78.60_78.70_78.80_78.90_79.00_,15_4_38_50_66_,78.50_78.40_78.30_78.20_78.10_,6_10_1_7_37_
09:18:08,78.50,2,65,78.60_78.70_78.80_78.90_79.00_,15_4_38_50_66_,78.50_78.40_78.30_78.20_78.10_,8_10_1_7_37_
09:18:13,78.50,2,65,78.60_78.70_78.80_78.90_79.00_,15_4_38_50_66_,78.50_78.40_78.30_78.20_78.10_,7_10_1_7_37_
09:18:18,78.50,2,65,78.60_78.70_78.80_78.90_79.00_,15_4_38_50_66_,78.50_78.40_78.30_78.20_78.10_,8_10_1_7_37_
09:18:23,78.50,1,66,78.60_78.70_78.80_78.90_79.00_,15_4_38_50_66_,78.50_78.40_78.30_78.20_78.10_,7_10_1_7_37_
09:18:28,78.50,1,66,78.60_78.70_78.80_78.90_79.00_,14_5_38_50_66_,78.50_78.40_78.30_78.20_78.10_,8_10_1_7_37_
09:18:34,78.50,1,67,78.60_78.70_78.80_78.90_79.00_,15_5_38_50_66_,78.50_78.40_78.30_78.20_78.10_,8_10_1_8_37_
09:18:39,78.50,1,67,78.60_78.70_78.80_78.90_79.00_,14_5_38_50_66_,78.50_78.40_78.30_78.20_78.10_,8_10_1_8_37_
09:18:44,78.50,1,67,78.60_78.70_78.80_78.90_79.00_,15_5_38_50_66_,78.50_78.40_78.30_78.20_78.10_,9_10_1_8_37_
09:18:59,78.60,1,68,78.60_78.70_78.80_78.90_79.00_,14_5_38_50_66_,78.50_78.40_78.30_78.20_78.10_,11_10_1_8_37_
09:19:04,78.60,1,68,78.60_78.70_78.80_78.90_79.00_,7_5_38_50_66_,78.50_78.40_78.30_78.20_78.10_,12_10_1_8_37_
09:19:25,78.60,1,68,78.60_78.70_78.80_78.90_79.00_,7_5_35_50_69_,78.50_78.40_78.30_78.20_78.10_,12_10_1_8_37_
09:19:30,78.60,1,68,78.60_78.70_78.80_78.90_79.00_,7_5_38_50_66_,78.50_78.40_78.30_78.20_78.10_,12_10_1_8_37_
09:19:40,78.60,1,68,78.60_78.70_78.80_78.90_79.00_,7_5_38_50_66_,78.50_78.40_78.30_78.20_78.10_,11_10_1_8_37_
09:19:51,78.60,1,68,78.60_78.70_78.80_78.90_79.00_,7_5_38_50_66_,78.50_78.40_78.30_78.20_78.10_,11_10_1_9_37_
09:19:56,78.60,1,68,78.60_78.70_78.80_78.90_79.00_,7_5_35_50_69_,78.50_78.40_78.30_78.20_78.10_,11_10_4_9_34_
09:20:01,78.60,1,68,78.60_78.70_78.80_78.90_79.00_,9_5_35_50_69_,78.50_78.40_78.30_78.20_78.10_,11_10_1_9_37_
09:20:11,78.60,1,68,78.60_78.70_78.80_78.90_79.00_,9_5_35_50_69_,78.50_78.40_78.30_78.20_78.10_,12_10_4_9_34_
09:20:16,78.60,1,68,78.60_78.70_78.80_78.90_79.00_,10_5_35_50_69_,78.50_78.40_78.30_78.20_78.10_,13_10_4_9_34_
09:20:21,78.60,1,69,78.60_78.70_78.80_78.90_79.00_,9_5_35_50_69_,78.50_78.40_78.30_78.20_78.10_,14_10_4_9_34_
09:20:27,78.60,2,71,78.60_78.70_78.80_78.90_79.00_,7_5_38_50_66_,78.50_78.40_78.30_78.20_78.10_,14_10_1_9_37_
09:20:32,78.60,2,71,78.60_78.70_78.80_78.90_79.00_,7_5_38_50_66_,78.50_78.40_78.30_78.20_78.10_,15_10_2_9_37_
09:21:02,78.60,2,71,78.60_78.70_78.80_78.90_79.00_,7_5_38_50_67_,78.50_78.40_78.30_78.20_78.10_,15_10_2_9_37_
09:21:13,78.60,1,72,78.60_78.70_78.80_78.90_79.00_,6_5_39_50_67_,78.50_78.40_78.30_78.20_78.10_,15_10_2_9_37_
09:21:18,78.60,1,72,78.60_78.70_78.80_78.90_79.00_,6_5_41_50_67_,78.50_78.40_78.30_78.20_78.10_,15_10_2_9_37_
09:21:43,78.60,1,72,78.60_78.70_78.80_78.90_79.00_,4_6_41_50_67_,78.50_78.40_78.30_78.20_78.10_,15_10_2_9_37_
09:21:48,78.60,4,76,78.60_78.70_78.80_78.90_79.00_,2_6_41_50_67_,78.50_78.40_78.30_78.20_78.10_,11_10_2_9_37_
09:21:54,78.60,4,76,78.60_78.70_78.80_78.90_79.00_,3_6_41_50_67_,78.50_78.40_78.30_78.20_78.10_,12_10_2_9_37_
09:22:04,78.60,1,77,78.60_78.70_78.80_78.90_79.00_,2_6_41_50_69_,78.50_78.40_78.30_78.20_78.10_,12_10_2_9_37_
09:22:09,78.60,1,77,78.60_78.70_78.80_78.90_79.00_,4_6_41_50_69_,78.50_78.40_78.30_78.20_78.10_,12_10_2_9_37_
09:22:19,78.60,2,79,78.60_78.70_78.80_78.90_79.00_,2_6_41_50_69_,78.50_78.40_78.30_78.20_78.10_,12_10_2_9_37_
09:22:35,78.60,2,79,78.60_78.70_78.80_78.90_79.00_,2_7_41_50_69_,78.50_78.40_78.30_78.20_78.10_,13_10_2_9_37_
09:22:40,78.60,2,79,78.60_78.70_78.80_78.90_79.00_,2_10_42_47_69_,78.50_78.40_78.30_78.20_78.10_,13_10_2_6_37_
09:22:45,78.50,1,80,78.60_78.70_78.80_78.90_79.00_,2_10_42_47_69_,78.50_78.40_78.30_78.20_78.10_,12_10_2_6_37_
09:22:50,78.50,1,80,78.60_78.70_78.80_78.90_79.00_,2_10_42_47_69_,78.50_78.40_78.30_78.20_78.10_,12_9_2_6_37_
09:22:55,78.50,1,80,78.60_78.70_78.80_78.90_79.00_,2_10_42_47_69_,78.50_78.40_78.30_78.20_78.10_,13_11_2_6_37_
09:23:00,78.50,1,80,78.60_78.70_78.80_78.90_79.00_,2_11_42_47_69_,78.50_78.40_78.30_78.20_78.10_,13_11_2_6_37_
09:23:11,78.50,1,80,78.60_78.70_78.80_78.90_79.00_,2_11_42_47_69_,78.50_78.40_78.30_78.20_78.10_,13_11_2_9_37_
09:23:21,78.50,2,82,78.60_78.70_78.80_78.90_79.00_,2_11_42_47_69_,78.50_78.40_78.30_78.20_78.10_,11_11_2_9_37_
09:23:26,78.50,2,82,78.60_78.70_78.80_78.90_79.00_,2_11_42_47_69_,78.50_78.40_78.30_78.20_78.10_,12_11_2_9_37_
09:23:31,78.50,2,82,78.60_78.70_78.80_78.90_79.00_,2_11_42_47_69_,78.50_78.40_78.30_78.20_78.10_,13_11_2_9_37_
09:23:36,78.50,2,82,78.60_78.70_78.80_78.90_79.00_,2_12_42_47_69_,78.50_78.40_78.30_78.20_78.10_,13_11_2_9_37_
09:23:41,78.50,2,82,78.60_78.70_78.80_78.90_79.00_,2_12_42_47_69_,78.50_78.40_78.30_78.20_78.10_,12_11_2_9_37_
09:23:46,78.50,2,82,78.60_78.70_78.80_78.90_79.00_,3_12_42_47_69_,78.50_78.40_78.30_78.20_78.10_,12_11_2_9_37_
09:23:52,78.50,2,82,78.60_78.70_78.80_78.90_79.00_,4_11_42_47_69_,78.50_78.40_78.30_78.20_78.10_,12_11_2_9_37_
09:23:57,78.50,2,82,78.60_78.70_78.80_78.90_79.00_,5_8_42_50_69_,78.50_78.40_78.30_78.20_78.10_,12_11_2_9_37_
09:24:07,78.50,2,82,78.60_78.70_78.80_78.90_79.00_,5_8_42_50_69_,78.50_78.40_78.30_78.20_78.10_,13_11_2_9_37_
09:24:12,78.50,2,82,78.60_78.70_78.80_78.90_79.00_,4_8_42_50_69_,78.50_78.40_78.30_78.20_78.10_,13_11_2_9_37_
09:24:22,78.50,2,82,78.60_78.70_78.80_78.90_79.00_,4_8_42_50_69_,78.50_78.40_78.30_78.20_78.10_,14_11_2_9_37_
09:24:27,78.50,2,82,78.60_78.70_78.80_78.90_79.00_,4_11_42_47_69_,78.50_78.40_78.30_78.20_78.10_,14_11_2_6_37_
09:24:38,78.50,2,82,78.60_78.70_78.80_78.90_79.00_,4_11_42_47_70_,78.50_78.40_78.30_78.20_78.10_,14_11_2_6_37_
09:25:03,78.50,2,82,78.60_78.70_78.80_78.90_79.00_,5_10_42_47_70_,78.50_78.40_78.30_78.20_78.10_,14_11_2_6_37_
09:25:13,78.50,2,82,78.60_78.70_78.80_78.90_79.00_,15_10_42_47_70_,78.50_78.40_78.30_78.20_78.10_,14_11_2_9_37_
09:25:18,78.50,2,82,78.60_78.70_78.80_78.90_79.00_,15_11_42_47_70_,78.50_78.40_78.30_78.20_78.10_,14_11_2_9_37_
09:25:24,78.50,4,86,78.60_78.70_78.80_78.90_79.00_,16_11_41_47_70_,78.50_78.40_78.30_78.20_78.10_,10_11_2_9_37_
09:25:29,78.50,4,86,78.60_78.70_78.80_78.90_79.00_,18_11_41_47_67_,78.50_78.40_78.30_78.20_78.10_,12_10_2_9_37_
09:25:39,78.50,4,86,78.60_78.70_78.80_78.90_79.00_,20_11_41_47_67_,78.50_78.40_78.30_78.20_78.10_,13_10_2_9_37_
09:25:49,78.50,4,86,78.60_78.70_78.80_78.90_79.00_,20_8_41_50_67_,78.50_78.40_78.30_78.20_78.10_,13_10_2_9_37_
09:26:10,78.50,4,90,78.60_78.70_78.80_78.90_79.00_,20_8_41_50_67_,78.50_78.40_78.30_78.20_78.10_,9_10_2_9_37_
09:26:15,78.50,4,90,78.60_78.70_78.80_78.90_79.00_,18_8_41_50_67_,78.50_78.40_78.30_78.20_78.10_,9_10_2_9_37_
09:26:20,78.50,2,92,78.60_78.70_78.80_78.90_79.00_,18_8_41_50_67_,78.50_78.40_78.30_78.20_78.10_,7_10_2_9_37_
09:26:36,78.50,2,94,78.60_78.70_78.80_78.90_79.00_,18_8_41_50_67_,78.50_78.40_78.30_78.20_78.10_,5_10_2_9_37_
09:26:41,78.50,2,94,78.60_78.70_78.80_78.90_79.00_,18_8_41_50_67_,78.50_78.40_78.30_78.20_78.10_,7_10_2_9_37_
09:26:56,78.50,2,94,78.60_78.70_78.80_78.90_79.00_,18_8_40_50_67_,78.50_78.40_78.30_78.20_78.10_,7_9_3_9_37_
09:27:12,78.50,2,94,78.60_78.70_78.80_78.90_79.00_,12_8_40_50_67_,78.50_78.40_78.30_78.20_78.10_,7_9_3_9_37_
09:27:17,78.50,2,94,78.60_78.70_78.80_78.90_79.00_,12_8_40_50_74_,78.50_78.40_78.30_78.20_78.10_,8_9_3_9_37_
09:27:42,78.50,2,94,78.60_78.70_78.80_78.90_79.00_,12_8_40_50_74_,78.50_78.40_78.30_78.20_78.10_,8_9_3_6_34_
09:27:48,78.50,2,94,78.60_78.70_78.80_78.90_79.00_,12_8_40_50_74_,78.50_78.40_78.30_78.20_78.10_,8_9_6_9_34_
09:27:53,78.50,2,94,78.60_78.70_78.80_78.90_79.00_,12_8_40_50_74_,78.50_78.40_78.30_78.20_78.10_,8_9_3_9_34_
09:27:58,78.50,2,94,78.60_78.70_78.80_78.90_79.00_,12_11_40_47_74_,78.50_78.40_78.30_78.20_78.10_,8_9_3_9_37_
09:28:03,78.50,2,94,78.60_78.70_78.80_78.90_79.00_,12_11_40_47_74_,78.50_78.40_78.30_78.20_78.10_,7_9_3_9_37_
09:28:08,78.50,2,94,78.60_78.70_78.80_78.90_79.00_,12_11_40_48_74_,78.50_78.40_78.30_78.20_78.10_,7_9_3_9_37_
09:28:13,78.50,1,95,78.60_78.70_78.80_78.90_79.00_,8_8_40_51_74_,78.50_78.40_78.30_78.20_78.10_,6_9_3_9_37_
09:28:24,78.50,5,100,78.60_78.70_78.80_78.90_79.00_,8_8_40_51_74_,78.50_78.40_78.30_78.20_78.10_,1_9_3_9_37_
09:28:29,78.50,5,100,78.60_78.70_78.80_78.90_79.00_,12_8_40_51_74_,78.50_78.40_78.30_78.20_78.10_,3_9_3_9_37_
09:28:34,78.50,2,102,78.60_78.70_78.80_78.90_79.00_,12_8_40_51_74_,78.50_78.40_78.30_78.20_78.10_,2_9_3_9_37_
09:28:39,78.50,1,103,78.60_78.70_78.80_78.90_79.00_,12_8_40_51_74_,78.50_78.40_78.30_78.20_78.10_,1_10_3_9_37_
09:28:49,78.50,1,104,78.50_78.60_78.70_78.80_78.90_,4_12_8_40_51_,78.40_78.30_78.20_78.10_78.00_,10_3_9_37_6_
09:28:54,78.50,1,104,78.50_78.60_78.70_78.80_78.90_,6_10_11_40_95_,78.40_78.30_78.20_78.10_78.00_,11_2_10_3_37_
09:28:59,78.50,1,104,78.50_78.60_78.70_78.80_78.90_,6_10_11_43_93_,78.40_78.30_78.20_78.10_78.00_,11_2_10_3_37_
09:29:05,78.50,1,104,78.50_78.60_78.70_78.80_78.90_,8_9_10_43_93_,78.40_78.30_78.20_78.10_78.00_,10_2_10_3_37_
09:29:10,78.50,1,104,78.50_78.60_78.70_78.80_78.90_,12_5_10_43_93_,78.40_78.30_78.20_78.10_78.00_,10_2_7_3_40_
09:29:15,78.50,1,104,78.50_78.60_78.70_78.80_78.90_,13_5_10_43_93_,78.40_78.30_78.20_78.10_78.00_,10_2_7_3_40_
09:29:20,78.50,1,104,78.50_78.60_78.70_78.80_78.90_,13_6_10_43_93_,78.40_78.30_78.20_78.10_78.00_,10_2_7_3_40_
09:29:25,78.50,1,104,78.50_78.60_78.70_78.80_78.90_,13_6_10_42_93_,78.40_78.30_78.20_78.10_78.00_,10_2_7_3_40_
09:29:46,78.40,2,106,78.50_78.60_78.70_78.80_78.90_,13_6_10_42_93_,78.40_78.30_78.20_78.10_78.00_,8_2_7_3_40_
09:29:51,78.40,2,106,78.50_78.60_78.70_78.80_78.90_,13_7_10_42_93_,78.40_78.30_78.20_78.10_78.00_,7_3_7_3_40_
09:29:56,78.40,1,107,78.50_78.60_78.70_78.80_78.90_,13_7_10_42_93_,78.40_78.30_78.20_78.10_78.00_,4_3_6_3_40_
09:30:01,78.40,1,107,78.50_78.60_78.70_78.80_78.90_,13_7_10_42_93_,78.40_78.30_78.20_78.10_78.00_,4_3_6_4_41_
09:30:06,78.40,5,112,78.50_78.60_78.70_78.80_78.90_,13_7_10_42_93_,78.30_78.20_78.10_78.00_77.90_,3_6_4_41_3_
09:30:11,78.40,5,112,78.40_78.50_78.60_78.70_78.80_,1_16_9_10_39_,78.30_78.20_78.10_78.00_77.90_,3_5_5_10_34_
09:30:16,78.30,2,114,78.40_78.50_78.60_78.70_78.80_,3_15_9_11_83_,78.30_78.20_78.10_78.00_77.90_,2_5_5_20_34_
09:30:22,78.30,2,114,78.40_78.50_78.60_78.70_78.80_,6_15_9_11_83_,78.30_78.20_78.10_78.00_77.90_,2_5_5_20_34_
09:30:27,78.30,2,114,78.40_78.50_78.60_78.70_78.80_,6_16_9_11_83_,78.30_78.20_78.10_78.00_77.90_,2_5_6_20_34_
09:30:32,78.30,2,116,78.30_78.40_78.50_78.60_78.70_,1_6_16_9_11_,78.20_78.10_78.00_77.90_77.80_,5_6_20_34_39_
09:30:37,78.20,1,117,78.30_78.40_78.50_78.60_78.70_,4_3_16_9_58_,78.20_78.10_78.00_77.90_77.80_,4_5_21_5_70_
09:30:42,78.20,1,117,78.30_78.40_78.50_78.60_78.70_,4_3_16_10_57_,78.20_78.10_78.00_77.90_77.80_,4_2_21_8_70_
09:30:47,78.30,1,118,78.30_78.40_78.50_78.60_78.70_,3_3_16_10_57_,78.20_78.10_78.00_77.90_77.80_,4_2_21_13_70_
09:30:52,78.30,1,118,78.30_78.40_78.50_78.60_78.70_,3_3_16_10_57_,78.20_78.10_78.00_77.90_77.80_,4_4_22_10_70_
09:31:02,78.30,1,118,78.30_78.40_78.50_78.60_78.70_,5_4_14_9_57_,78.20_78.10_78.00_77.90_77.80_,4_4_22_10_70_
09:31:08,78.30,1,118,78.30_78.40_78.50_78.60_78.70_,5_4_14_9_57_,78.20_78.10_78.00_77.90_77.80_,6_4_22_10_70_
09:31:13,78.30,1,118,78.30_78.40_78.50_78.60_78.70_,5_4_14_9_56_,78.20_78.10_78.00_77.90_77.80_,11_4_22_10_70_
09:31:18,78.30,1,118,78.30_78.40_78.50_78.60_78.70_,8_4_14_9_56_,78.20_78.10_78.00_77.90_77.80_,12_4_21_10_70_
09:31:28,78.30,1,118,78.30_78.40_78.50_78.60_78.70_,8_4_24_9_55_,78.20_78.10_78.00_77.90_77.80_,12_4_21_10_70_
09:31:43,78.30,1,118,78.30_78.40_78.50_78.60_78.70_,8_4_23_9_55_,78.20_78.10_78.00_77.90_77.80_,12_4_21_10_70_
09:31:48,78.30,1,118,78.30_78.40_78.50_78.60_78.70_,8_5_23_9_55_,78.20_78.10_78.00_77.90_77.80_,12_4_21_10_70_
09:31:59,78.30,1,118,78.30_78.40_78.50_78.60_78.70_,8_6_23_9_55_,78.20_78.10_78.00_77.90_77.80_,12_4_21_10_70_
09:32:09,78.30,1,118,78.30_78.40_78.50_78.60_78.70_,9_5_23_9_55_,78.20_78.10_78.00_77.90_77.80_,12_4_21_10_70_
09:32:14,78.30,1,118,78.30_78.40_78.50_78.60_78.70_,9_6_23_9_55_,78.20_78.10_78.00_77.90_77.80_,13_4_21_10_70_
09:32:19,78.30,1,118,78.30_78.40_78.50_78.60_78.70_,9_7_23_9_55_,78.20_78.10_78.00_77.90_77.80_,13_4_21_10_70_
09:32:24,78.30,1,118,78.30_78.40_78.50_78.60_78.70_,9_7_23_9_55_,78.20_78.10_78.00_77.90_77.80_,13_4_22_10_70_
09:32:45,78.30,1,118,78.30_78.40_78.50_78.60_78.70_,9_7_23_9_56_,78.20_78.10_78.00_77.90_77.80_,13_4_22_10_70_
09:33:00,78.20,1,119,78.30_78.40_78.50_78.60_78.70_,9_6_23_9_56_,78.20_78.10_78.00_77.90_77.80_,12_4_22_10_70_
09:33:05,78.20,1,119,78.30_78.40_78.50_78.60_78.70_,9_6_23_9_56_,78.20_78.10_78.00_77.90_77.80_,13_9_22_5_70_
09:33:31,78.20,1,119,78.30_78.40_78.50_78.60_78.70_,9_6_23_9_56_,78.20_78.10_78.00_77.90_77.80_,13_6_22_5_70_
09:33:36,78.20,1,119,78.30_78.40_78.50_78.60_78.70_,9_6_26_9_53_,78.20_78.10_78.00_77.90_77.80_,21_6_19_8_73_
09:33:52,78.20,1,119,78.30_78.40_78.50_78.60_78.70_,9_6_26_10_53_,78.20_78.10_78.00_77.90_77.80_,21_6_19_8_73_
09:33:57,78.20,1,119,78.30_78.40_78.50_78.60_78.70_,9_6_26_10_53_,78.20_78.10_78.00_77.90_77.80_,21_6_22_8_70_
09:34:02,78.20,1,119,78.30_78.40_78.50_78.60_78.70_,9_6_26_10_53_,78.20_78.10_78.00_77.90_77.80_,26_1_22_8_70_
09:34:07,78.20,2,121,78.30_78.40_78.50_78.60_78.70_,9_6_26_10_53_,78.20_78.10_78.00_77.90_77.80_,24_1_22_8_70_
09:34:17,78.30,1,122,78.30_78.40_78.50_78.60_78.70_,8_6_26_10_53_,78.20_78.10_78.00_77.90_77.80_,27_1_22_8_70_
09:34:22,78.30,1,122,78.30_78.40_78.50_78.60_78.70_,8_6_26_11_53_,78.20_78.10_78.00_77.90_77.80_,27_1_22_8_70_
09:34:43,78.30,1,123,78.30_78.40_78.50_78.60_78.70_,7_6_26_11_53_,78.20_78.10_78.00_77.90_77.80_,27_1_22_8_70_
09:34:48,78.30,1,123,78.30_78.40_78.50_78.60_78.70_,7_6_26_11_53_,78.20_78.10_78.00_77.90_77.80_,31_1_22_8_70_
09:34:53,78.30,1,123,78.30_78.40_78.50_78.60_78.70_,7_6_26_11_53_,78.20_78.10_78.00_77.90_77.80_,32_1_22_8_70_
09:35:03,78.30,1,123,78.30_78.40_78.50_78.60_78.70_,7_6_23_11_56_,78.20_78.10_78.00_77.90_77.80_,32_1_22_8_70_
09:35:08,78.30,1,123,78.30_78.40_78.50_78.60_78.70_,7_6_23_11_56_,78.20_78.10_78.00_77.90_77.80_,33_2_22_8_70_
09:35:24,78.30,1,123,78.30_78.40_78.50_78.60_78.70_,7_6_23_11_56_,78.20_78.10_78.00_77.90_77.80_,33_2_23_8_70_
09:35:39,78.30,1,123,78.30_78.40_78.50_78.60_78.70_,7_6_23_11_56_,78.20_78.10_78.00_77.90_77.80_,34_2_23_8_70_
09:36:05,78.30,5,128,78.30_78.40_78.50_78.60_78.70_,3_5_23_11_56_,78.20_78.10_78.00_77.90_77.80_,29_2_23_8_70_
09:36:10,78.30,3,131,78.30_78.40_78.50_78.60_78.70_,1_6_23_11_56_,78.20_78.10_78.00_77.90_77.80_,30_2_23_8_70_
09:36:15,78.30,3,131,78.30_78.40_78.50_78.60_78.70_,1_6_23_11_56_,78.20_78.10_78.00_77.90_77.80_,33_2_23_8_70_
09:36:20,78.30,3,131,78.30_78.40_78.50_78.60_78.70_,1_6_22_11_56_,78.20_78.10_78.00_77.90_77.80_,33_2_23_9_70_
09:36:25,78.30,1,132,78.40_78.50_78.60_78.70_78.80_,6_22_11_56_37_,78.20_78.10_78.00_77.90_77.80_,33_2_23_9_70_
09:36:30,78.30,1,133,78.40_78.50_78.60_78.70_78.80_,8_22_11_9_84_,78.20_78.10_78.00_77.90_77.80_,32_1_23_9_70_
09:36:36,78.30,1,133,78.40_78.50_78.60_78.70_78.80_,8_22_12_9_84_,78.30_78.20_78.10_78.00_77.90_,1_32_1_23_9_
09:36:41,78.40,2,135,78.40_78.50_78.60_78.70_78.80_,6_22_11_11_84_,78.30_78.20_78.10_78.00_77.90_,2_27_4_24_35_
09:36:46,78.40,2,135,78.40_78.50_78.60_78.70_78.80_,6_22_11_11_84_,78.30_78.20_78.10_78.00_77.90_,6_25_4_24_35_
09:36:56,78.40,2,135,78.40_78.50_78.60_78.70_78.80_,6_22_11_11_84_,78.30_78.20_78.10_78.00_77.90_,11_21_4_23_35_
09:37:01,78.40,6,141,78.40_78.50_78.60_78.70_78.80_,1_22_11_11_84_,78.30_78.20_78.10_78.00_77.90_,12_21_4_24_35_
09:37:06,78.40,1,142,78.40_78.50_78.60_78.70_78.80_,1_22_11_11_84_,78.30_78.20_78.10_78.00_77.90_,16_19_4_24_35_
09:37:11,78.30,1,143,78.40_78.50_78.60_78.70_78.80_,1_22_11_11_84_,78.30_78.20_78.10_78.00_77.90_,17_19_4_24_35_
09:37:17,78.30,1,143,78.40_78.50_78.60_78.70_78.80_,1_22_11_11_84_,78.30_78.20_78.10_78.00_77.90_,17_19_4_24_34_
09:37:22,78.30,1,143,78.40_78.50_78.60_78.70_78.80_,1_22_9_11_84_,78.30_78.20_78.10_78.00_77.90_,17_19_4_24_34_
09:37:27,78.30,1,144,78.40_78.50_78.60_78.70_78.80_,1_22_9_11_84_,78.30_78.20_78.10_78.00_77.90_,16_19_4_24_34_
09:37:52,78.30,1,144,78.40_78.50_78.60_78.70_78.80_,1_22_9_11_84_,78.30_78.20_78.10_78.00_77.90_,17_18_4_24_34_
09:37:58,78.30,1,144,78.40_78.50_78.60_78.70_78.80_,1_24_9_11_84_,78.30_78.20_78.10_78.00_77.90_,25_10_4_24_34_
09:38:08,78.30,1,144,78.40_78.50_78.60_78.70_78.80_,1_24_9_11_84_,78.30_78.20_78.10_78.00_77.90_,26_10_4_23_33_
09:38:28,78.30,2,146,78.40_78.50_78.60_78.70_78.80_,1_25_9_11_84_,78.30_78.20_78.10_78.00_77.90_,24_10_4_23_33_
09:38:49,78.30,2,146,78.40_78.50_78.60_78.70_78.80_,2_24_9_11_84_,78.30_78.20_78.10_78.00_77.90_,28_10_4_23_33_
09:38:59,78.30,2,146,78.40_78.50_78.60_78.70_78.80_,2_24_9_12_84_,78.30_78.20_78.10_78.00_77.90_,28_10_4_23_33_
09:39:04,78.30,2,146,78.40_78.50_78.60_78.70_78.80_,2_24_9_12_84_,78.30_78.20_78.10_78.00_77.90_,38_10_4_23_33_
09:39:14,78.30,2,146,78.40_78.50_78.60_78.70_78.80_,2_27_9_9_84_,78.30_78.20_78.10_78.00_77.90_,38_10_1_23_36_
09:39:20,78.30,2,146,78.40_78.50_78.60_78.70_78.80_,2_28_9_9_84_,78.30_78.20_78.10_78.00_77.90_,34_10_1_23_36_
09:39:25,78.30,2,146,78.40_78.50_78.60_78.70_78.80_,2_28_9_9_84_,78.30_78.20_78.10_78.00_77.90_,26_10_1_23_36_
09:39:30,78.30,2,146,78.40_78.50_78.60_78.70_78.80_,2_28_9_10_84_,78.30_78.20_78.10_78.00_77.90_,26_10_1_23_36_
09:39:50,78.40,1,147,78.40_78.50_78.60_78.70_78.80_,1_28_9_10_84_,78.30_78.20_78.10_78.00_77.90_,26_10_1_23_36_
09:40:11,78.40,1,147,78.40_78.50_78.60_78.70_78.80_,1_28_9_10_84_,78.30_78.20_78.10_78.00_77.90_,27_10_1_23_36_
09:40:41,78.40,1,147,78.40_78.50_78.60_78.70_78.80_,1_28_9_10_84_,78.30_78.20_78.10_78.00_77.90_,27_10_4_23_33_
09:40:46,78.40,1,147,78.40_78.50_78.60_78.70_78.80_,1_28_9_10_84_,78.30_78.20_78.10_78.00_77.90_,27_13_4_23_33_
09:40:52,78.40,1,147,78.40_78.50_78.60_78.70_78.80_,1_45_9_13_84_,78.30_78.20_78.10_78.00_77.90_,27_13_4_23_33_
09:40:57,78.40,1,147,78.40_78.50_78.60_78.70_78.80_,1_48_9_10_84_,78.30_78.20_78.10_78.00_77.90_,27_17_1_23_36_
09:41:07,78.40,1,147,78.40_78.50_78.60_78.70_78.80_,1_48_9_10_84_,78.30_78.20_78.10_78.00_77.90_,26_17_1_23_36_
09:41:17,78.40,1,147,78.40_78.50_78.60_78.70_78.80_,1_48_9_10_84_,78.30_78.20_78.10_78.00_77.90_,17_17_1_23_36_
09:41:33,78.40,1,147,78.40_78.50_78.60_78.70_78.80_,1_48_9_10_84_,78.30_78.20_78.10_78.00_77.90_,16_17_1_23_36_
09:41:38,78.40,1,147,78.40_78.50_78.60_78.70_78.80_,4_48_9_10_84_,78.30_78.20_78.10_78.00_77.90_,16_17_1_23_36_
09:41:53,78.40,1,147,78.40_78.50_78.60_78.70_78.80_,4_48_9_10_85_,78.30_78.20_78.10_78.00_77.90_,16_17_1_23_36_
09:41:58,78.40,1,147,78.40_78.50_78.60_78.70_78.80_,4_48_9_10_85_,78.30_78.20_78.10_78.00_77.90_,16_17_1_24_36_
09:42:08,78.40,1,147,78.40_78.50_78.60_78.70_78.80_,4_48_9_10_85_,78.30_78.20_78.10_78.00_77.90_,16_18_1_24_36_
09:42:24,78.40,1,148,78.40_78.50_78.60_78.70_78.80_,3_48_9_10_85_,78.30_78.20_78.10_78.00_77.90_,16_18_1_24_36_
09:42:29,78.40,1,148,78.40_78.50_78.60_78.70_78.80_,4_50_9_10_85_,78.30_78.20_78.10_78.00_77.90_,16_18_1_24_36_
09:42:34,78.30,4,152,78.40_78.50_78.60_78.70_78.80_,4_50_9_10_85_,78.30_78.20_78.10_78.00_77.90_,12_18_1_24_36_
09:42:39,78.40,2,154,78.40_78.50_78.60_78.70_78.80_,2_50_9_10_85_,78.30_78.20_78.10_78.00_77.90_,13_18_1_24_36_
09:42:44,78.40,2,154,78.40_78.50_78.60_78.70_78.80_,2_50_9_10_85_,78.30_78.20_78.10_78.00_77.90_,13_18_4_24_33_
09:42:49,78.40,1,155,78.40_78.50_78.60_78.70_78.80_,1_50_9_10_85_,78.30_78.20_78.10_78.00_77.90_,13_18_4_24_33_
09:42:54,78.30,2,157,78.40_78.50_78.60_78.70_78.80_,3_50_9_10_85_,78.30_78.20_78.10_78.00_77.90_,11_18_4_24_33_
09:43:00,78.40,1,158,78.40_78.50_78.60_78.70_78.80_,3_50_9_10_85_,78.30_78.20_78.10_78.00_77.90_,14_14_4_24_33_
09:43:20,78.30,1,159,78.40_78.50_78.60_78.70_78.80_,3_50_9_10_85_,78.30_78.20_78.10_78.00_77.90_,13_14_4_24_33_
09:43:46,78.30,1,159,78.40_78.50_78.60_78.70_78.80_,3_47_9_13_85_,78.30_78.20_78.10_78.00_77.90_,13_14_4_24_33_
09:44:06,78.30,1,159,78.40_78.50_78.60_78.70_78.80_,3_47_9_13_86_,78.30_78.20_78.10_78.00_77.90_,13_14_4_24_33_
09:44:11,78.40,3,162,78.50_78.60_78.70_78.80_78.90_,47_9_13_86_46_,78.30_78.20_78.10_78.00_77.90_,14_14_4_24_33_
09:44:16,78.40,3,162,78.50_78.60_78.70_78.80_78.90_,48_9_13_39_93_,78.30_78.20_78.10_78.00_77.90_,14_14_4_24_34_
09:44:21,78.30,1,163,78.50_78.60_78.70_78.80_78.90_,48_9_13_39_93_,78.30_78.20_78.10_78.00_77.90_,14_14_4_24_34_
09:44:42,78.30,1,163,78.50_78.60_78.70_78.80_78.90_,48_9_13_39_93_,78.30_78.20_78.10_78.00_77.90_,13_14_4_24_34_
09:44:47,78.30,1,164,78.50_78.60_78.70_78.80_78.90_,48_9_13_39_93_,78.30_78.20_78.10_78.00_77.90_,18_14_4_24_34_
09:44:52,78.30,1,164,78.50_78.60_78.70_78.80_78.90_,51_10_13_39_93_,78.30_78.20_78.10_78.00_77.90_,18_14_4_24_34_
09:45:02,78.30,1,164,78.40_78.50_78.60_78.70_78.80_,2_51_10_13_39_,78.30_78.20_78.10_78.00_77.90_,19_14_4_24_34_
09:45:08,78.40,3,167,78.40_78.50_78.60_78.70_78.80_,1_50_10_13_86_,78.30_78.20_78.10_78.00_77.90_,18_14_4_24_35_
09:45:13,78.40,2,169,78.40_78.50_78.60_78.70_78.80_,2_50_7_13_89_,78.30_78.20_78.10_78.00_77.90_,18_17_4_21_35_
09:45:18,78.40,2,169,78.40_78.50_78.60_78.70_78.80_,3_51_6_13_89_,78.30_78.20_78.10_78.00_77.90_,18_17_4_21_35_
09:45:28,78.40,3,172,78.50_78.60_78.70_78.80_78.90_,51_6_13_89_48_,78.30_78.20_78.10_78.00_77.90_,18_17_4_21_45_
09:45:33,78.40,3,172,78.50_78.60_78.70_78.80_78.90_,52_6_13_42_95_,78.40_78.30_78.20_78.10_78.00_,1_18_17_4_21_
09:45:38,78.50,1,173,78.50_78.60_78.70_78.80_78.90_,51_6_11_46_95_,78.40_78.30_78.20_78.10_78.00_,13_11_12_4_53_
09:45:44,78.50,1,173,78.50_78.60_78.70_78.80_78.90_,51_6_11_46_95_,78.40_78.30_78.20_78.10_78.00_,15_9_12_4_53_
09:45:49,78.50,1,174,78.50_78.60_78.70_78.80_78.90_,50_6_11_46_95_,78.40_78.30_78.20_78.10_78.00_,17_9_12_4_53_
09:45:54,78.50,1,174,78.50_78.60_78.70_78.80_78.90_,50_7_11_46_95_,78.40_78.30_78.20_78.10_78.00_,21_6_11_4_52_
09:45:59,78.50,1,174,78.50_78.60_78.70_78.80_78.90_,50_7_11_46_95_,78.40_78.30_78.20_78.10_78.00_,22_6_11_4_52_
09:46:04,78.50,1,174,78.50_78.60_78.70_78.80_78.90_,50_7_11_46_95_,78.40_78.30_78.20_78.10_78.00_,22_16_11_4_52_
09:46:09,78.50,1,174,78.50_78.60_78.70_78.80_78.90_,50_7_11_46_95_,78.40_78.30_78.20_78.10_78.00_,22_19_11_1_52_
09:46:14,78.50,1,174,78.50_78.60_78.70_78.80_78.90_,50_7_11_46_95_,78.40_78.30_78.20_78.10_78.00_,23_18_11_1_52_
09:46:20,78.40,1,175,78.50_78.60_78.70_78.80_78.90_,50_7_11_46_95_,78.40_78.30_78.20_78.10_78.00_,22_18_11_1_52_
09:46:25,78.40,1,175,78.50_78.60_78.70_78.80_78.90_,50_7_11_46_95_,78.40_78.30_78.20_78.10_78.00_,22_18_11_4_52_
09:46:40,78.40,1,175,78.50_78.60_78.70_78.80_78.90_,50_7_11_46_95_,78.40_78.30_78.20_78.10_78.00_,22_18_11_4_152_
09:46:50,78.40,1,175,78.50_78.60_78.70_78.80_78.90_,50_10_11_46_95_,78.40_78.30_78.20_78.10_78.00_,22_18_11_4_152_
09:46:55,78.40,1,175,78.50_78.60_78.70_78.80_78.90_,50_10_11_46_95_,78.40_78.30_78.20_78.10_78.00_,23_17_11_4_152_
09:47:01,78.40,1,175,78.50_78.60_78.70_78.80_78.90_,50_10_10_46_95_,78.40_78.30_78.20_78.10_78.00_,23_17_11_4_152_
09:47:16,78.40,2,177,78.50_78.60_78.70_78.80_78.90_,50_10_10_46_95_,78.40_78.30_78.20_78.10_78.00_,21_17_11_4_152_
09:47:21,78.40,2,177,78.50_78.60_78.70_78.80_78.90_,50_10_10_46_95_,78.40_78.30_78.20_78.10_78.00_,21_18_11_4_152_
09:47:26,78.40,2,177,78.50_78.60_78.70_78.80_78.90_,51_10_10_46_95_,78.40_78.30_78.20_78.10_78.00_,21_18_11_4_152_
09:47:42,78.50,1,178,78.50_78.60_78.70_78.80_78.90_,50_10_10_46_95_,78.40_78.30_78.20_78.10_78.00_,20_18_11_4_152_
09:47:47,78.50,1,178,78.50_78.60_78.70_78.80_78.90_,50_10_10_46_95_,78.40_78.30_78.20_78.10_78.00_,21_18_11_4_152_
09:47:57,78.40,1,179,78.50_78.60_78.70_78.80_78.90_,50_10_10_46_95_,78.40_78.30_78.20_78.10_78.00_,20_18_11_4_152_
09:48:02,78.40,1,179,78.50_78.60_78.70_78.80_78.90_,50_10_10_46_95_,78.40_78.30_78.20_78.10_78.00_,20_18_11_4_153_
09:48:12,78.40,1,180,78.50_78.60_78.70_78.80_78.90_,50_10_10_46_95_,78.40_78.30_78.20_78.10_78.00_,19_18_11_4_153_
09:48:23,78.40,1,180,78.50_78.60_78.70_78.80_78.90_,50_10_10_46_95_,78.40_78.30_78.20_78.10_78.00_,19_18_12_4_153_
09:48:43,78.40,1,180,78.50_78.60_78.70_78.80_78.90_,50_10_10_46_95_,78.40_78.30_78.20_78.10_78.00_,20_18_12_4_153_
09:49:04,78.40,3,183,78.50_78.60_78.70_78.80_78.90_,41_9_10_46_95_,78.40_78.30_78.20_78.10_78.00_,17_18_12_4_153_
09:49:19,78.50,1,184,78.50_78.60_78.70_78.80_78.90_,40_9_10_46_95_,78.40_78.30_78.20_78.10_78.00_,18_18_12_4_153_
09:49:24,78.50,1,184,78.50_78.60_78.70_78.80_78.90_,41_10_10_46_95_,78.40_78.30_78.20_78.10_78.00_,18_18_12_4_153_
09:49:45,78.50,1,184,78.50_78.60_78.70_78.80_78.90_,41_10_10_46_95_,78.40_78.30_78.20_78.10_78.00_,20_18_12_4_153_
09:49:50,78.50,1,185,78.50_78.60_78.70_78.80_78.90_,40_10_10_46_95_,78.40_78.30_78.20_78.10_78.00_,20_18_12_4_153_
09:50:00,78.40,1,186,78.50_78.60_78.70_78.80_78.90_,40_10_10_46_95_,78.40_78.30_78.20_78.10_78.00_,19_18_12_4_153_
09:50:05,78.50,1,187,78.50_78.60_78.70_78.80_78.90_,39_10_10_46_95_,78.40_78.30_78.20_78.10_78.00_,18_18_12_4_153_
09:50:10,78.50,1,187,78.50_78.60_78.70_78.80_78.90_,40_10_10_46_95_,78.40_78.30_78.20_78.10_78.00_,18_18_12_4_153_
09:50:15,78.40,1,188,78.50_78.60_78.70_78.80_78.90_,40_10_10_46_95_,78.40_78.30_78.20_78.10_78.00_,17_18_12_4_153_
09:51:01,78.40,1,188,78.50_78.60_78.70_78.80_78.90_,39_10_10_46_95_,78.40_78.30_78.20_78.10_78.00_,18_18_12_4_153_
09:51:07,78.50,2,190,78.50_78.60_78.70_78.80_78.90_,37_10_10_46_95_,78.40_78.30_78.20_78.10_78.00_,18_18_12_4_153_
09:51:17,78.50,2,190,78.50_78.60_78.70_78.80_78.90_,37_10_10_46_95_,78.40_78.30_78.20_78.10_78.00_,19_18_12_4_153_
09:51:22,78.50,1,191,78.50_78.60_78.70_78.80_78.90_,36_10_10_46_95_,78.40_78.30_78.20_78.10_78.00_,19_18_12_4_153_
09:51:32,78.50,1,191,78.50_78.60_78.70_78.80_78.90_,36_10_10_46_95_,78.40_78.30_78.20_78.10_78.00_,25_18_12_4_153_
09:51:37,78.40,2,193,78.50_78.60_78.70_78.80_78.90_,36_10_10_46_95_,78.40_78.30_78.20_78.10_78.00_,24_18_12_4_153_
09:51:42,78.50,1,194,78.50_78.60_78.70_78.80_78.90_,35_10_10_46_95_,78.40_78.30_78.20_78.10_78.00_,24_18_12_4_153_
09:51:48,78.50,1,194,78.50_78.60_78.70_78.80_78.90_,35_10_10_46_95_,78.40_78.30_78.20_78.10_78.00_,23_21_12_4_153_
09:51:53,78.40,1,195,78.50_78.60_78.70_78.80_78.90_,35_10_10_46_95_,78.40_78.30_78.20_78.10_78.00_,23_21_12_4_153_
09:51:58,78.40,1,196,78.50_78.60_78.70_78.80_78.90_,35_10_10_46_95_,78.40_78.30_78.20_78.10_78.00_,22_21_12_4_153_
09:52:03,78.40,1,196,78.50_78.60_78.70_78.80_78.90_,35_10_11_46_95_,78.40_78.30_78.20_78.10_78.00_,22_21_12_4_153_
09:52:54,78.50,1,197,78.50_78.60_78.70_78.80_78.90_,34_10_11_46_95_,78.40_78.30_78.20_78.10_78.00_,21_21_12_4_153_
09:52:59,78.50,1,197,78.50_78.60_78.70_78.80_78.90_,34_11_11_46_95_,78.40_78.30_78.20_78.10_78.00_,22_21_12_4_153_
09:53:04,78.50,1,198,78.50_78.60_78.70_78.80_78.90_,33_11_11_46_95_,78.40_78.30_78.20_78.10_78.00_,22_21_12_4_153_
09:53:20,78.50,1,198,78.50_78.60_78.70_78.80_78.90_,33_11_11_46_95_,78.40_78.30_78.20_78.10_78.00_,22_21_12_5_153_
09:53:35,78.50,1,198,78.50_78.60_78.70_78.80_78.90_,33_11_11_46_95_,78.40_78.30_78.20_78.10_78.00_,21_21_12_5_153_
09:53:40,78.50,1,198,78.50_78.60_78.70_78.80_78.90_,33_11_10_46_95_,78.40_78.30_78.20_78.10_78.00_,21_21_12_5_153_
09:54:01,78.40,1,199,78.50_78.60_78.70_78.80_78.90_,33_10_10_47_95_,78.40_78.30_78.20_78.10_78.00_,20_21_12_5_153_
09:54:11,78.40,1,200,78.50_78.60_78.70_78.80_78.90_,33_10_10_47_95_,78.40_78.30_78.20_78.10_78.00_,19_21_12_5_153_
09:54:16,78.40,1,200,78.50_78.60_78.70_78.80_78.90_,33_10_10_47_95_,78.40_78.30_78.20_78.10_78.00_,20_21_12_5_153_
09:54:31,78.40,1,200,78.50_78.60_78.70_78.80_78.90_,33_10_10_47_95_,78.40_78.30_78.20_78.10_78.00_,22_21_12_5_153_
09:54:36,78.50,1,201,78.50_78.60_78.70_78.80_78.90_,32_10_10_47_95_,78.40_78.30_78.20_78.10_78.00_,22_21_12_5_153_
09:54:47,78.50,1,202,78.50_78.60_78.70_78.80_78.90_,31_10_10_47_95_,78.40_78.30_78.20_78.10_78.00_,22_21_12_5_153_
09:54:52,78.50,1,202,78.50_78.60_78.70_78.80_78.90_,37_10_10_47_95_,78.40_78.30_78.20_78.10_78.00_,22_21_12_5_153_
09:54:57,78.50,3,205,78.50_78.60_78.70_78.80_78.90_,35_10_10_47_95_,78.40_78.30_78.20_78.10_78.00_,22_18_12_5_153_
09:55:02,78.50,28,233,78.50_78.60_78.70_78.80_78.90_,7_10_10_47_95_,78.40_78.30_78.20_78.10_78.00_,23_18_12_5_153_
09:55:07,78.50,6,239,78.50_78.60_78.70_78.80_78.90_,4_10_10_47_95_,78.40_78.30_78.20_78.10_78.00_,23_18_12_5_153_
09:55:12,78.50,4,243,78.60_78.70_78.80_78.90_79.00_,10_10_47_95_45_,78.40_78.30_78.20_78.10_78.00_,23_18_12_5_153_
09:55:17,78.50,4,243,78.60_78.70_78.80_78.90_79.00_,10_10_47_48_92_,78.50_78.40_78.30_78.20_78.10_,1_22_18_16_5_
09:55:22,78.50,4,243,78.60_78.70_78.80_78.90_79.00_,10_10_47_48_92_,78.50_78.40_78.30_78.20_78.10_,7_17_21_16_33_
09:55:28,78.50,4,243,78.60_78.70_78.80_78.90_79.00_,10_10_47_48_92_,78.50_78.40_78.30_78.20_78.10_,7_17_21_16_32_
09:55:33,78.50,4,243,78.60_78.70_78.80_78.90_79.00_,10_10_47_48_92_,78.50_78.40_78.30_78.20_78.10_,8_16_21_16_32_
09:55:38,78.50,4,243,78.60_78.70_78.80_78.90_79.00_,10_10_47_48_92_,78.50_78.40_78.30_78.20_78.10_,9_16_21_16_32_
09:55:43,78.50,4,243,78.60_78.70_78.80_78.90_79.00_,10_10_47_48_92_,78.50_78.40_78.30_78.20_78.10_,10_16_21_16_32_
09:55:48,78.60,2,245,78.60_78.70_78.80_78.90_79.00_,8_10_47_48_92_,78.50_78.40_78.30_78.20_78.10_,11_9_21_16_32_
09:55:53,78.60,2,245,78.60_78.70_78.80_78.90_79.00_,8_10_47_48_92_,78.50_78.40_78.30_78.20_78.10_,19_5_18_16_32_
09:55:58,78.50,2,247,78.60_78.70_78.80_78.90_79.00_,9_10_47_48_92_,78.50_78.40_78.30_78.20_78.10_,18_5_18_16_32_
09:56:09,78.50,1,248,78.60_78.70_78.80_78.90_79.00_,9_10_47_48_92_,78.50_78.40_78.30_78.20_78.10_,18_5_18_16_32_
09:56:14,78.50,1,248,78.60_78.70_78.80_78.90_79.00_,9_11_47_48_92_,78.50_78.40_78.30_78.20_78.10_,18_5_18_16_32_
09:56:19,78.50,1,248,78.60_78.70_78.80_78.90_79.00_,9_11_47_48_92_,78.50_78.40_78.30_78.20_78.10_,19_5_18_16_32_
09:56:39,78.50,1,248,78.60_78.70_78.80_78.90_79.00_,9_11_47_49_92_,78.50_78.40_78.30_78.20_78.10_,20_4_18_16_32_
09:56:45,78.50,1,248,78.60_78.70_78.80_78.90_79.00_,9_11_47_49_92_,78.50_78.40_78.30_78.20_78.10_,21_4_18_16_32_
09:57:05,78.50,1,248,78.60_78.70_78.80_78.90_79.00_,9_11_47_49_92_,78.50_78.40_78.30_78.20_78.10_,21_4_17_16_32_
09:57:26,78.50,1,248,78.60_78.70_78.80_78.90_79.00_,9_9_47_49_92_,78.50_78.40_78.30_78.20_78.10_,21_4_17_16_32_
09:57:31,78.50,1,248,78.60_78.70_78.80_78.90_79.00_,9_9_47_52_92_,78.50_78.40_78.30_78.20_78.10_,22_4_17_16_32_
09:57:36,78.50,1,248,78.60_78.70_78.80_78.90_79.00_,10_9_47_52_92_,78.50_78.40_78.30_78.20_78.10_,22_4_17_16_32_
09:57:56,78.50,1,248,78.60_78.70_78.80_78.90_79.00_,10_9_47_52_92_,78.50_78.40_78.30_78.20_78.10_,22_8_17_16_32_
09:58:22,78.50,1,248,78.60_78.70_78.80_78.90_79.00_,10_9_47_52_92_,78.50_78.40_78.30_78.20_78.10_,23_8_17_16_32_
09:58:27,78.50,1,248,78.60_78.70_78.80_78.90_79.00_,10_12_47_49_92_,78.50_78.40_78.30_78.20_78.10_,23_8_14_16_35_
09:58:32,78.50,1,248,78.60_78.70_78.80_78.90_79.00_,9_12_47_49_92_,78.50_78.40_78.30_78.20_78.10_,23_8_14_16_35_
09:58:38,78.50,1,249,78.60_78.70_78.80_78.90_79.00_,9_12_47_49_92_,78.50_78.40_78.30_78.20_78.10_,22_8_14_16_35_
09:58:43,78.60,1,250,78.60_78.70_78.80_78.90_79.00_,8_12_47_49_92_,78.50_78.40_78.30_78.20_78.10_,21_8_14_16_35_
09:58:48,78.60,1,250,78.60_78.70_78.80_78.90_79.00_,8_12_47_49_92_,78.50_78.40_78.30_78.20_78.10_,22_8_14_16_35_
09:59:03,78.50,1,251,78.60_78.70_78.80_78.90_79.00_,8_12_47_49_92_,78.50_78.40_78.30_78.20_78.10_,21_8_14_16_35_
09:59:08,78.50,1,251,78.60_78.70_78.80_78.90_79.00_,8_12_47_49_87_,78.50_78.40_78.30_78.20_78.10_,21_8_14_16_35_
09:59:19,78.50,5,256,78.60_78.70_78.80_78.90_79.00_,8_12_47_49_87_,78.50_78.40_78.30_78.20_78.10_,16_8_14_16_35_
09:59:24,78.50,5,256,78.60_78.70_78.80_78.90_79.00_,8_12_47_49_87_,78.50_78.40_78.30_78.20_78.10_,17_8_14_16_35_
09:59:34,78.60,1,257,78.60_78.70_78.80_78.90_79.00_,7_12_47_49_87_,78.50_78.40_78.30_78.20_78.10_,17_8_14_16_35_
09:59:39,78.60,1,257,78.60_78.70_78.80_78.90_79.00_,8_12_47_49_87_,78.50_78.40_78.30_78.20_78.10_,19_8_14_16_35_
10:00:10,78.60,1,257,78.60_78.70_78.80_78.90_79.00_,8_12_47_54_87_,78.50_78.40_78.30_78.20_78.10_,19_8_14_16_35_
10:00:20,78.50,2,259,78.60_78.70_78.80_78.90_79.00_,8_12_47_54_87_,78.50_78.40_78.30_78.20_78.10_,17_8_14_16_35_
10:00:25,78.50,2,259,78.60_78.70_78.80_78.90_79.00_,8_12_47_54_87_,78.50_78.40_78.30_78.20_78.10_,16_8_14_16_35_
10:00:35,78.50,2,259,78.60_78.70_78.80_78.90_79.00_,8_12_47_54_87_,78.50_78.40_78.30_78.20_78.10_,17_8_14_16_35_
10:00:46,78.50,2,259,78.60_78.70_78.80_78.90_79.00_,8_13_47_54_87_,78.50_78.40_78.30_78.20_78.10_,17_8_14_16_35_
10:01:01,78.50,2,259,78.60_78.70_78.80_78.90_79.00_,10_13_47_54_87_,78.50_78.40_78.30_78.20_78.10_,17_8_14_16_35_
10:01:22,78.50,2,259,78.60_78.70_78.80_78.90_79.00_,10_13_47_54_88_,78.50_78.40_78.30_78.20_78.10_,18_8_14_16_35_
10:01:52,78.50,5,264,78.60_78.70_78.80_78.90_79.00_,10_13_47_54_88_,78.50_78.40_78.30_78.20_78.10_,13_8_14_16_35_
10:01:57,78.50,3,267,78.60_78.70_78.80_78.90_79.00_,10_13_47_54_88_,78.50_78.40_78.30_78.20_78.10_,14_4_14_16_35_
10:02:02,78.50,1,268,78.60_78.70_78.80_78.90_79.00_,10_13_47_54_88_,78.50_78.40_78.30_78.20_78.10_,13_4_14_16_35_
10:02:07,78.50,1,268,78.60_78.70_78.80_78.90_79.00_,12_13_47_54_88_,78.50_78.40_78.30_78.20_78.10_,13_4_14_16_35_
10:02:13,78.50,2,270,78.60_78.70_78.80_78.90_79.00_,12_13_47_54_88_,78.50_78.40_78.30_78.20_78.10_,11_4_14_16_35_
10:02:18,78.50,2,272,78.60_78.70_78.80_78.90_79.00_,12_13_47_54_88_,78.50_78.40_78.30_78.20_78.10_,9_4_14_16_35_
10:02:28,78.50,9,281,78.50_78.60_78.70_78.80_78.90_,2_12_13_47_54_,78.40_78.30_78.20_78.10_78.00_,4_14_16_35_121_
10:02:33,78.40,1,282,78.50_78.60_78.70_78.80_78.90_,2_21_13_47_101_,78.40_78.30_78.20_78.10_78.00_,3_15_16_4_151_
10:02:38,78.40,1,282,78.50_78.60_78.70_78.80_78.90_,3_24_13_44_101_,78.40_78.30_78.20_78.10_78.00_,4_15_16_4_151_
10:02:43,78.40,1,282,78.50_78.60_78.70_78.80_78.90_,13_24_13_44_101_,78.40_78.30_78.20_78.10_78.00_,4_15_16_4_151_
10:02:49,78.40,1,282,78.50_78.60_78.70_78.80_78.90_,13_34_13_44_101_,78.40_78.30_78.20_78.10_78.00_,5_15_13_4_154_
10:02:54,78.40,1,282,78.50_78.60_78.70_78.80_78.90_,13_34_13_44_101_,78.40_78.30_78.20_78.10_78.00_,6_15_13_5_154_
10:02:59,78.40,3,285,78.50_78.60_78.70_78.80_78.90_,13_34_13_44_101_,78.40_78.30_78.20_78.10_78.00_,3_15_13_5_154_
10:03:04,78.40,1,286,78.50_78.60_78.70_78.80_78.90_,16_36_12_44_101_,78.40_78.30_78.20_78.10_78.00_,2_15_13_5_154_
10:03:09,78.40,1,286,78.50_78.60_78.70_78.80_78.90_,16_37_12_44_101_,78.40_78.30_78.20_78.10_78.00_,3_15_13_5_153_
10:03:14,78.40,1,286,78.50_78.60_78.70_78.80_78.90_,21_37_12_44_101_,78.40_78.30_78.20_78.10_78.00_,3_15_13_5_153_
10:03:19,78.40,1,286,78.50_78.60_78.70_78.80_78.90_,22_37_12_44_101_,78.40_78.30_78.20_78.10_78.00_,3_15_13_5_153_
10:03:24,78.40,1,286,78.50_78.60_78.70_78.80_78.90_,22_37_12_44_101_,78.40_78.30_78.20_78.10_78.00_,4_15_13_5_153_
10:03:30,78.40,1,286,78.50_78.60_78.70_78.80_78.90_,22_37_12_44_101_,78.40_78.30_78.20_78.10_78.00_,5_15_13_5_153_
10:04:00,78.40,5,291,78.50_78.60_78.70_78.80_78.90_,22_36_12_44_101_,78.40_78.30_78.20_78.10_78.00_,1_15_13_5_153_
10:04:05,78.40,5,291,78.50_78.60_78.70_78.80_78.90_,22_36_12_44_101_,78.40_78.30_78.20_78.10_78.00_,2_15_13_5_153_
10:04:26,78.40,1,292,78.50_78.60_78.70_78.80_78.90_,22_36_12_44_101_,78.40_78.30_78.20_78.10_78.00_,1_15_13_5_153_
10:04:31,78.40,1,292,78.50_78.60_78.70_78.80_78.90_,22_36_12_44_101_,78.40_78.30_78.20_78.10_78.00_,1_18_13_5_153_
10:04:36,78.40,1,293,78.40_78.50_78.60_78.70_78.80_,1_22_36_12_45_,78.30_78.20_78.10_78.00_77.90_,18_16_5_150_11_
10:04:41,78.30,2,295,78.40_78.50_78.60_78.70_78.80_,1_22_36_14_88_,78.30_78.20_78.10_78.00_77.90_,16_9_5_127_41_
10:04:46,78.30,2,295,78.40_78.50_78.60_78.70_78.80_,3_22_33_14_88_,78.30_78.20_78.10_78.00_77.90_,16_9_5_127_41_
10:05:02,78.30,2,295,78.40_78.50_78.60_78.70_78.80_,5_21_32_14_88_,78.30_78.20_78.10_78.00_77.90_,17_9_5_127_41_
10:05:33,78.30,2,295,78.40_78.50_78.60_78.70_78.80_,8_21_32_14_88_,78.30_78.20_78.10_78.00_77.90_,17_9_5_127_41_
10:05:58,78.30,2,295,78.40_78.50_78.60_78.70_78.80_,8_21_32_14_88_,78.30_78.20_78.10_78.00_77.90_,17_9_5_128_41_
10:06:29,78.30,2,295,78.40_78.50_78.60_78.70_78.80_,8_21_32_14_88_,78.30_78.20_78.10_78.00_77.90_,17_10_5_128_41_
10:06:39,78.40,1,296,78.40_78.50_78.60_78.70_78.80_,7_21_32_14_88_,78.30_78.20_78.10_78.00_77.90_,17_10_5_128_41_
10:06:44,78.30,1,297,78.40_78.50_78.60_78.70_78.80_,6_22_35_14_88_,78.30_78.20_78.10_78.00_77.90_,16_10_5_128_41_
10:06:50,78.30,1,297,78.40_78.50_78.60_78.70_78.80_,6_22_35_14_88_,78.30_78.20_78.10_78.00_77.90_,17_10_5_128_41_
10:07:05,78.30,1,298,78.40_78.50_78.60_78.70_78.80_,6_21_35_14_88_,78.30_78.20_78.10_78.00_77.90_,16_10_5_128_41_
10:07:10,78.30,1,298,78.40_78.50_78.60_78.70_78.80_,6_21_35_14_88_,78.30_78.20_78.10_78.00_77.90_,19_10_5_128_41_
10:07:15,78.30,10,308,78.40_78.50_78.60_78.70_78.80_,6_21_35_14_88_,78.30_78.20_78.10_78.00_77.90_,9_10_5_128_41_
10:07:20,78.30,2,310,78.40_78.50_78.60_78.70_78.80_,6_21_35_14_88_,78.30_78.20_78.10_78.00_77.90_,8_10_5_128_41_
10:07:26,78.30,1,311,78.40_78.50_78.60_78.70_78.80_,6_21_35_14_88_,78.30_78.20_78.10_78.00_77.90_,7_10_5_128_41_
10:07:31,78.30,1,312,78.40_78.50_78.60_78.70_78.80_,6_21_35_14_88_,78.30_78.20_78.10_78.00_77.90_,8_10_5_128_41_
10:07:36,78.30,1,312,78.40_78.50_78.60_78.70_78.80_,7_20_32_14_88_,78.30_78.20_78.10_78.00_77.90_,8_10_5_128_41_
10:07:41,78.40,1,313,78.40_78.50_78.60_78.70_78.80_,6_20_32_14_88_,78.30_78.20_78.10_78.00_77.90_,8_10_5_128_41_
10:07:46,78.40,1,313,78.40_78.50_78.60_78.70_78.80_,6_20_32_14_88_,78.30_78.20_78.10_78.00_77.90_,9_10_5_158_41_
10:07:51,78.30,2,315,78.40_78.50_78.60_78.70_78.80_,6_20_32_14_88_,78.30_78.20_78.10_78.00_77.90_,8_10_5_158_41_
10:07:56,78.30,2,315,78.40_78.50_78.60_78.70_78.80_,6_21_32_14_88_,78.30_78.20_78.10_78.00_77.90_,8_10_5_158_41_
10:08:07,78.30,2,315,78.40_78.50_78.60_78.70_78.80_,6_21_32_14_88_,78.30_78.20_78.10_78.00_77.90_,7_10_5_158_41_
10:08:17,78.30,2,315,78.40_78.50_78.60_78.70_78.80_,6_21_32_14_88_,78.30_78.20_78.10_78.00_77.90_,8_10_5_158_41_
10:08:22,78.30,1,316,78.40_78.50_78.60_78.70_78.80_,6_21_32_14_88_,78.30_78.20_78.10_78.00_77.90_,7_10_5_158_41_
10:09:03,78.30,2,318,78.40_78.50_78.60_78.70_78.80_,6_21_32_14_88_,78.30_78.20_78.10_78.00_77.90_,5_10_5_158_41_
10:09:08,78.30,2,320,78.40_78.50_78.60_78.70_78.80_,5_21_35_14_88_,78.30_78.20_78.10_78.00_77.90_,3_10_5_188_41_
10:09:18,78.30,2,320,78.40_78.50_78.60_78.70_78.80_,5_21_35_14_88_,78.30_78.20_78.10_78.00_77.90_,4_10_5_188_41_
10:09:39,78.30,2,320,78.40_78.50_78.60_78.70_78.80_,5_16_35_14_88_,78.30_78.20_78.10_78.00_77.90_,4_10_5_188_41_
10:09:44,78.30,3,323,78.40_78.50_78.60_78.70_78.80_,5_16_35_14_88_,78.30_78.20_78.10_78.00_77.90_,1_10_5_188_41_
10:09:49,78.30,1,324,78.30_78.40_78.50_78.60_78.70_,1_5_16_35_14_,78.20_78.10_78.00_77.90_77.80_,10_5_188_41_29_
10:09:54,78.30,1,324,78.30_78.40_78.50_78.60_78.70_,1_3_16_35_61_,78.20_78.10_78.00_77.90_77.80_,10_5_188_11_60_
10:09:59,78.30,1,324,78.30_78.40_78.50_78.60_78.70_,4_2_16_35_61_,78.20_78.10_78.00_77.90_77.80_,10_5_188_11_60_
10:10:05,78.20,1,325,78.30_78.40_78.50_78.60_78.70_,6_1_14_34_59_,78.20_78.10_78.00_77.90_77.80_,9_5_188_12_60_
10:10:10,78.20,1,325,78.30_78.40_78.50_78.60_78.70_,7_1_14_34_59_,78.20_78.10_78.00_77.90_77.80_,9_5_188_12_60_
10:10:30,78.20,1,325,78.30_78.40_78.50_78.60_78.70_,7_1_14_34_59_,78.20_78.10_78.00_77.90_77.80_,9_8_188_12_60_
10:11:01,78.20,1,325,78.30_78.40_78.50_78.60_78.70_,7_9_14_34_59_,78.20_78.10_78.00_77.90_77.80_,9_8_188_12_60_
10:11:06,78.20,1,325,78.30_78.40_78.50_78.60_78.70_,7_9_14_34_59_,78.20_78.10_78.00_77.90_77.80_,10_8_188_12_60_
10:11:11,78.20,1,325,78.30_78.40_78.50_78.60_78.70_,7_10_13_34_59_,78.20_78.10_78.00_77.90_77.80_,10_8_188_12_60_
10:11:31,78.20,1,325,78.30_78.40_78.50_78.60_78.70_,7_10_13_34_59_,78.20_78.10_78.00_77.90_77.80_,11_8_188_12_60_
10:11:57,78.20,3,328,78.30_78.40_78.50_78.60_78.70_,4_10_16_34_56_,78.20_78.10_78.00_77.90_77.80_,8_8_188_12_60_
10:12:02,78.20,1,329,78.30_78.40_78.50_78.60_78.70_,3_10_16_34_56_,78.20_78.10_78.00_77.90_77.80_,7_8_188_12_60_
10:12:12,78.20,1,330,78.30_78.40_78.50_78.60_78.70_,2_10_17_34_56_,78.20_78.10_78.00_77.90_77.80_,6_8_188_12_60_
10:12:18,78.20,1,330,78.30_78.40_78.50_78.60_78.70_,2_10_17_34_56_,78.20_78.10_78.00_77.90_77.80_,6_5_188_15_60_
10:12:28,78.30,2,332,78.40_78.50_78.60_78.70_78.80_,10_17_34_56_41_,78.20_78.10_78.00_77.90_77.80_,6_5_188_15_60_
10:12:33,78.30,2,332,78.40_78.50_78.60_78.70_78.80_,10_17_34_9_88_,78.20_78.10_78.00_77.90_77.80_,7_11_188_12_60_
10:12:48,78.30,2,332,78.40_78.50_78.60_78.70_78.80_,10_17_34_9_88_,78.20_78.10_78.00_77.90_77.80_,8_11_188_12_60_
10:12:59,78.30,2,332,78.40_78.50_78.60_78.70_78.80_,10_17_34_9_88_,78.30_78.20_78.10_78.00_77.90_,1_8_11_188_12_
10:13:04,78.30,2,332,78.40_78.50_78.60_78.70_78.80_,10_17_34_9_88_,78.30_78.20_78.10_78.00_77.90_,3_6_11_188_42_
10:13:09,78.30,2,332,78.40_78.50_78.60_78.70_78.80_,10_14_34_12_88_,78.30_78.20_78.10_78.00_77.90_,3_6_11_188_42_
10:13:14,78.30,2,332,78.40_78.50_78.60_78.70_78.80_,10_14_34_12_88_,78.30_78.20_78.10_78.00_77.90_,4_6_11_188_42_
10:13:19,78.30,2,332,78.40_78.50_78.60_78.70_78.80_,10_15_34_12_88_,78.30_78.20_78.10_78.00_77.90_,4_6_11_188_42_
10:13:29,78.30,2,334,78.40_78.50_78.60_78.70_78.80_,10_15_34_12_88_,78.30_78.20_78.10_78.00_77.90_,2_7_11_188_42_
10:14:00,78.30,2,334,78.40_78.50_78.60_78.70_78.80_,10_15_34_17_88_,78.30_78.20_78.10_78.00_77.90_,2_6_11_188_42_
10:14:05,78.30,2,334,78.40_78.50_78.60_78.70_78.80_,10_15_34_17_88_,78.30_78.20_78.10_78.00_77.90_,3_6_11_188_42_
10:14:31,78.30,2,334,78.40_78.50_78.60_78.70_78.80_,10_15_34_17_88_,78.30_78.20_78.10_78.00_77.90_,4_6_11_188_42_
10:14:36,78.30,2,334,78.40_78.50_78.60_78.70_78.80_,10_25_34_17_88_,78.30_78.20_78.10_78.00_77.90_,5_5_11_188_42_
10:14:46,78.30,2,334,78.40_78.50_78.60_78.70_78.80_,10_26_34_17_88_,78.30_78.20_78.10_78.00_77.90_,5_5_11_188_42_
10:15:01,78.30,2,334,78.40_78.50_78.60_78.70_78.80_,10_26_35_17_88_,78.30_78.20_78.10_78.00_77.90_,5_5_11_188_42_
10:15:48,78.30,2,334,78.40_78.50_78.60_78.70_78.80_,10_26_35_17_88_,78.30_78.20_78.10_78.00_77.90_,6_5_11_188_42_
10:16:03,78.30,2,334,78.40_78.50_78.60_78.70_78.80_,10_26_35_17_89_,78.30_78.20_78.10_78.00_77.90_,7_5_11_188_42_
10:16:08,78.30,2,334,78.40_78.50_78.60_78.70_78.80_,10_26_35_17_89_,78.30_78.20_78.10_78.00_77.90_,8_5_11_188_42_
10:16:13,78.30,2,334,78.40_78.50_78.60_78.70_78.80_,10_26_35_17_89_,78.30_78.20_78.10_78.00_77.90_,8_5_11_188_41_
10:17:05,78.30,2,334,78.40_78.50_78.60_78.70_78.80_,11_25_35_17_89_,78.30_78.20_78.10_78.00_77.90_,8_5_11_188_41_
10:17:20,78.30,2,334,78.40_78.50_78.60_78.70_78.80_,11_26_35_17_89_,78.30_78.20_78.10_78.00_77.90_,8_5_11_188_41_
10:17:51,78.30,2,336,78.40_78.50_78.60_78.70_78.80_,11_26_35_17_89_,78.30_78.20_78.10_78.00_77.90_,6_5_11_188_41_
10:17:56,78.30,2,336,78.40_78.50_78.60_78.70_78.80_,11_26_35_17_89_,78.30_78.20_78.10_78.00_77.90_,9_5_8_188_41_
10:18:06,78.30,9,345,78.30_78.40_78.50_78.60_78.70_,1_11_27_35_17_,78.20_78.10_78.00_77.90_77.80_,5_8_188_41_29_
10:18:11,78.30,9,345,78.30_78.40_78.50_78.60_78.70_,2_11_30_35_61_,78.20_78.10_78.00_77.90_77.80_,5_5_188_14_60_
10:18:17,78.30,9,345,78.30_78.40_78.50_78.60_78.70_,2_11_27_35_61_,78.20_78.10_78.00_77.90_77.80_,5_5_188_14_60_
10:18:22,78.30,9,345,78.30_78.40_78.50_78.60_78.70_,2_11_27_35_61_,78.20_78.10_78.00_77.90_77.80_,6_5_188_14_60_
10:18:27,78.30,9,345,78.30_78.40_78.50_78.60_78.70_,2_11_27_35_61_,78.20_78.10_78.00_77.90_77.80_,6_5_188_15_60_
10:18:32,78.30,9,345,78.30_78.40_78.50_78.60_78.70_,2_21_27_35_61_,78.20_78.10_78.00_77.90_77.80_,6_5_188_15_60_
10:18:37,78.20,1,346,78.30_78.40_78.50_78.60_78.70_,1_22_30_35_61_,78.20_78.10_78.00_77.90_77.80_,5_5_188_15_60_
10:18:47,78.20,1,346,78.30_78.40_78.50_78.60_78.70_,1_22_30_35_61_,78.20_78.10_78.00_77.90_77.80_,6_5_188_15_60_
10:19:03,78.30,3,349,78.40_78.50_78.60_78.70_78.80_,21_29_35_61_44_,78.30_78.20_78.10_78.00_77.90_,1_6_5_188_15_
10:19:08,78.30,3,349,78.40_78.50_78.60_78.70_78.80_,21_29_35_14_91_,78.30_78.20_78.10_78.00_77.90_,2_5_5_188_46_
10:19:13,78.30,3,349,78.40_78.50_78.60_78.70_78.80_,21_29_35_14_91_,78.30_78.20_78.10_78.00_77.90_,2_5_8_188_43_
10:19:18,78.30,3,349,78.40_78.50_78.60_78.70_78.80_,21_29_35_14_91_,78.30_78.20_78.10_78.00_77.90_,3_5_8_188_43_
10:19:23,78.30,3,349,78.40_78.50_78.60_78.70_78.80_,21_29_35_14_91_,78.30_78.20_78.10_78.00_77.90_,4_4_8_188_43_
10:19:54,78.30,3,349,78.40_78.50_78.60_78.70_78.80_,21_29_35_14_91_,78.30_78.20_78.10_78.00_77.90_,4_8_8_188_43_
10:20:04,78.30,3,349,78.40_78.50_78.60_78.70_78.80_,21_26_35_17_91_,78.30_78.20_78.10_78.00_77.90_,4_8_8_188_43_
10:20:09,78.30,3,349,78.40_78.50_78.60_78.70_78.80_,21_28_35_14_91_,78.30_78.20_78.10_78.00_77.90_,4_8_8_188_43_
10:20:15,78.30,3,349,78.40_78.50_78.60_78.70_78.80_,21_25_35_17_91_,78.30_78.20_78.10_78.00_77.90_,4_8_8_188_43_
10:20:20,78.30,3,349,78.40_78.50_78.60_78.70_78.80_,21_29_35_14_91_,78.30_78.20_78.10_78.00_77.90_,4_8_8_188_43_
10:20:25,78.30,3,349,78.40_78.50_78.60_78.70_78.80_,21_26_35_17_91_,78.30_78.20_78.10_78.00_77.90_,4_8_8_188_43_
10:20:30,78.30,3,349,78.40_78.50_78.60_78.70_78.80_,21_30_35_14_91_,78.30_78.20_78.10_78.00_77.90_,4_8_8_188_43_
10:20:50,78.30,3,349,78.40_78.50_78.60_78.70_78.80_,21_30_35_14_91_,78.30_78.20_78.10_78.00_77.90_,34_8_8_188_43_
10:20:56,78.30,3,349,78.40_78.50_78.60_78.70_78.80_,21_27_33_20_91_,78.30_78.20_78.10_78.00_77.90_,36_8_8_188_43_
10:21:01,78.40,21,370,78.50_78.60_78.70_78.80_78.90_,27_33_20_91_54_,78.30_78.20_78.10_78.00_77.90_,36_8_8_188_42_
10:21:06,78.40,21,370,78.50_78.60_78.70_78.80_78.90_,27_34_21_44_101_,78.30_78.20_78.10_78.00_77.90_,41_11_8_185_43_
10:21:11,78.40,21,370,78.50_78.60_78.70_78.80_78.90_,27_34_21_44_101_,78.30_78.20_78.10_78.00_77.90_,41_8_8_188_43_
10:21:47,78.40,21,370,78.50_78.60_78.70_78.80_78.90_,27_34_21_44_101_,78.30_78.20_78.10_78.00_77.90_,41_11_8_185_43_
10:22:02,78.40,21,370,78.50_78.60_78.70_78.80_78.90_,27_34_21_44_101_,78.30_78.20_78.10_78.00_77.90_,43_11_8_185_43_
10:22:12,78.30,2,372,78.50_78.60_78.70_78.80_78.90_,27_34_21_44_101_,78.30_78.20_78.10_78.00_77.90_,41_11_8_185_43_
10:22:53,78.30,2,372,78.50_78.60_78.70_78.80_78.90_,27_34_21_44_101_,78.30_78.20_78.10_78.00_77.90_,42_11_8_185_43_
10:23:04,78.30,2,372,78.50_78.60_78.70_78.80_78.90_,28_34_21_44_101_,78.30_78.20_78.10_78.00_77.90_,42_11_8_185_43_
10:23:24,78.30,2,372,78.50_78.60_78.70_78.80_78.90_,28_34_21_44_100_,78.30_78.20_78.10_78.00_77.90_,42_11_8_185_43_
10:23:45,78.30,2,372,78.50_78.60_78.70_78.80_78.90_,28_34_21_44_100_,78.30_78.20_78.10_78.00_77.90_,43_11_8_185_43_
10:24:21,78.30,2,372,78.50_78.60_78.70_78.80_78.90_,28_32_21_47_100_,78.30_78.20_78.10_78.00_77.90_,43_13_8_185_43_
10:24:26,78.30,2,372,78.50_78.60_78.70_78.80_78.90_,28_32_21_47_100_,78.40_78.30_78.20_78.10_78.00_,1_43_13_8_185_
10:24:31,78.30,2,372,78.50_78.60_78.70_78.80_78.90_,28_32_21_47_100_,78.40_78.30_78.20_78.10_78.00_,6_38_13_8_217_
10:24:36,78.30,2,372,78.50_78.60_78.70_78.80_78.90_,28_32_21_47_100_,78.40_78.30_78.20_78.10_78.00_,6_38_13_8_216_
10:24:41,78.30,2,372,78.50_78.60_78.70_78.80_78.90_,28_32_21_47_100_,78.40_78.30_78.20_78.10_78.00_,7_37_13_8_216_
10:24:46,78.30,2,372,78.50_78.60_78.70_78.80_78.90_,28_32_21_46_100_,78.40_78.30_78.20_78.10_78.00_,7_37_13_8_216_
10:24:56,78.30,2,372,78.50_78.60_78.70_78.80_78.90_,28_32_21_46_100_,78.40_78.30_78.20_78.10_78.00_,11_37_9_8_216_
10:25:02,78.30,2,372,78.50_78.60_78.70_78.80_78.90_,28_32_21_46_100_,78.40_78.30_78.20_78.10_78.00_,13_37_9_8_216_
10:25:07,78.30,2,372,78.50_78.60_78.70_78.80_78.90_,28_32_18_50_100_,78.40_78.30_78.20_78.10_78.00_,15_38_9_8_216_
10:25:22,78.30,2,372,78.50_78.60_78.70_78.80_78.90_,28_32_18_50_100_,78.40_78.30_78.20_78.10_78.00_,16_37_9_8_216_
10:25:38,78.30,2,372,78.50_78.60_78.70_78.80_78.90_,28_32_18_50_100_,78.40_78.30_78.20_78.10_78.00_,17_37_9_8_216_
10:25:43,78.30,2,372,78.50_78.60_78.70_78.80_78.90_,28_32_18_50_100_,78.40_78.30_78.20_78.10_78.00_,18_36_9_8_216_
10:26:08,78.30,2,372,78.50_78.60_78.70_78.80_78.90_,28_32_19_50_100_,78.40_78.30_78.20_78.10_78.00_,18_36_9_8_216_
10:26:24,78.30,2,372,78.50_78.60_78.70_78.80_78.90_,27_32_19_50_100_,78.40_78.30_78.20_78.10_78.00_,18_36_9_8_216_
10:26:34,78.40,2,374,78.50_78.60_78.70_78.80_78.90_,27_32_19_50_100_,78.40_78.30_78.20_78.10_78.00_,16_36_9_8_216_
10:26:39,78.40,2,376,78.50_78.60_78.70_78.80_78.90_,26_31_19_50_100_,78.40_78.30_78.20_78.10_78.00_,15_36_9_8_216_
10:26:44,78.40,2,376,78.50_78.60_78.70_78.80_78.90_,26_32_19_50_100_,78.40_78.30_78.20_78.10_78.00_,15_36_9_8_216_
10:27:05,78.40,2,376,78.50_78.60_78.70_78.80_78.90_,27_31_19_50_100_,78.40_78.30_78.20_78.10_78.00_,15_36_9_8_216_
10:27:20,78.40,2,376,78.50_78.60_78.70_78.80_78.90_,27_32_19_50_100_,78.40_78.30_78.20_78.10_78.00_,15_36_10_8_216_
10:27:56,78.40,2,376,78.50_78.60_78.70_78.80_78.90_,27_32_19_50_100_,78.40_78.30_78.20_78.10_78.00_,15_39_10_8_216_
10:28:32,78.40,2,376,78.50_78.60_78.70_78.80_78.90_,27_32_19_50_100_,78.40_78.30_78.20_78.10_78.00_,16_39_10_8_216_
10:28:47,78.40,2,376,78.50_78.60_78.70_78.80_78.90_,27_32_19_50_100_,78.40_78.30_78.20_78.10_78.00_,17_39_10_8_216_
10:29:03,78.40,2,376,78.50_78.60_78.70_78.80_78.90_,27_32_19_50_100_,78.40_78.30_78.20_78.10_78.00_,18_39_10_8_216_
10:29:23,78.40,2,376,78.50_78.60_78.70_78.80_78.90_,27_32_19_50_100_,78.40_78.30_78.20_78.10_78.00_,17_39_10_8_216_
10:29:28,78.40,2,376,78.50_78.60_78.70_78.80_78.90_,27_32_19_50_100_,78.40_78.30_78.20_78.10_78.00_,18_39_10_8_216_
10:30:40,78.50,1,377,78.50_78.60_78.70_78.80_78.90_,26_32_19_50_100_,78.40_78.30_78.20_78.10_78.00_,18_39_10_8_216_
10:30:45,78.40,1,378,78.50_78.60_78.70_78.80_78.90_,26_32_19_50_100_,78.40_78.30_78.20_78.10_78.00_,17_43_10_8_216_
10:30:50,78.40,1,378,78.50_78.60_78.70_78.80_78.90_,26_32_19_50_100_,78.40_78.30_78.20_78.10_78.00_,19_43_10_8_216_
10:30:55,78.40,2,380,78.50_78.60_78.70_78.80_78.90_,26_32_19_50_100_,78.40_78.30_78.20_78.10_78.00_,18_43_11_8_216_
10:31:00,78.50,1,381,78.50_78.60_78.70_78.80_78.90_,25_32_19_50_100_,78.40_78.30_78.20_78.10_78.00_,18_43_11_8_216_
10:31:05,78.50,1,382,78.50_78.60_78.70_78.80_78.90_,24_32_19_50_100_,78.40_78.30_78.20_78.10_78.00_,19_43_10_9_216_
10:31:11,78.50,1,382,78.50_78.60_78.70_78.80_78.90_,24_32_19_50_100_,78.40_78.30_78.20_78.10_78.00_,19_42_10_9_216_
10:31:16,78.50,1,382,78.50_78.60_78.70_78.80_78.90_,26_32_19_50_100_,78.40_78.30_78.20_78.10_78.00_,19_42_11_8_216_
10:31:21,78.50,1,382,78.50_78.60_78.70_78.80_78.90_,27_31_19_50_100_,78.40_78.30_78.20_78.10_78.00_,19_42_11_8_216_
10:31:26,78.50,1,382,78.50_78.60_78.70_78.80_78.90_,27_31_19_50_100_,78.40_78.30_78.20_78.10_78.00_,20_42_11_8_216_
10:31:41,78.50,10,392,78.50_78.60_78.70_78.80_78.90_,17_31_19_50_100_,78.40_78.30_78.20_78.10_78.00_,20_42_11_8_216_
10:31:46,78.50,2,394,78.50_78.60_78.70_78.80_78.90_,15_31_19_50_100_,78.40_78.30_78.20_78.10_78.00_,21_43_10_8_216_
10:31:52,78.50,1,395,78.50_78.60_78.70_78.80_78.90_,14_31_19_50_100_,78.40_78.30_78.20_78.10_78.00_,23_42_10_8_216_
10:31:57,78.50,14,409,78.60_78.70_78.80_78.90_79.00_,31_19_50_100_40_,78.40_78.30_78.20_78.10_78.00_,23_42_10_8_216_
10:32:02,78.60,1,410,78.60_78.70_78.80_78.90_79.00_,30_19_50_53_87_,78.50_78.40_78.30_78.20_78.10_,2_27_41_15_5_
10:32:07,78.60,2,412,78.60_78.70_78.80_78.90_79.00_,28_16_50_56_87_,78.50_78.40_78.30_78.20_78.10_,10_19_40_14_36_
10:32:12,78.60,2,412,78.60_78.70_78.80_78.90_79.00_,28_16_46_60_87_,78.50_78.40_78.30_78.20_78.10_,12_18_39_14_35_
10:32:17,78.60,2,412,78.60_78.70_78.80_78.90_79.00_,28_16_46_60_87_,78.50_78.40_78.30_78.20_78.10_,13_18_39_14_35_
10:32:22,78.60,1,413,78.60_78.70_78.80_78.90_79.00_,27_16_46_60_87_,78.50_78.40_78.30_78.20_78.10_,15_16_39_14_35_
10:32:43,78.60,1,413,78.60_78.70_78.80_78.90_79.00_,27_16_46_60_87_,78.50_78.40_78.30_78.20_78.10_,15_25_39_14_35_
10:32:48,78.60,1,414,78.60_78.70_78.80_78.90_79.00_,26_16_46_60_97_,78.50_78.40_78.30_78.20_78.10_,17_22_40_14_35_
10:32:53,78.60,1,414,78.60_78.70_78.80_78.90_79.00_,26_16_46_60_97_,78.50_78.40_78.30_78.20_78.10_,24_18_37_14_35_
10:32:58,78.60,1,414,78.60_78.70_78.80_78.90_79.00_,26_26_48_60_97_,78.50_78.40_78.30_78.20_78.10_,25_18_37_14_35_
10:33:03,78.60,1,414,78.60_78.70_78.80_78.90_79.00_,26_36_48_60_97_,78.50_78.40_78.30_78.20_78.10_,30_14_37_14_35_
10:33:08,78.60,1,414,78.60_78.70_78.80_78.90_79.00_,26_36_50_65_97_,78.50_78.40_78.30_78.20_78.10_,30_14_36_14_35_
10:33:29,78.60,1,414,78.60_78.70_78.80_78.90_79.00_,26_36_50_66_97_,78.50_78.40_78.30_78.20_78.10_,30_14_36_14_35_
10:33:34,78.60,1,414,78.60_78.70_78.80_78.90_79.00_,26_36_50_66_97_,78.50_78.40_78.30_78.20_78.10_,31_14_36_14_35_
10:33:55,78.60,1,414,78.60_78.70_78.80_78.90_79.00_,27_36_50_66_97_,78.50_78.40_78.30_78.20_78.10_,31_18_36_14_35_
10:34:20,78.60,1,414,78.60_78.70_78.80_78.90_79.00_,27_37_50_66_97_,78.50_78.40_78.30_78.20_78.10_,31_18_36_14_35_
10:34:30,78.60,1,414,78.60_78.70_78.80_78.90_79.00_,27_37_50_66_97_,78.50_78.40_78.30_78.20_78.10_,30_18_36_14_35_
10:35:11,78.60,1,414,78.60_78.70_78.80_78.90_79.00_,29_37_50_66_97_,78.50_78.40_78.30_78.20_78.10_,30_18_36_14_35_
10:35:17,78.50,2,416,78.60_78.70_78.80_78.90_79.00_,29_37_50_66_97_,78.50_78.40_78.30_78.20_78.10_,29_18_36_14_35_
10:35:27,78.50,2,416,78.60_78.70_78.80_78.90_79.00_,29_37_50_66_97_,78.50_78.40_78.30_78.20_78.10_,30_18_36_14_35_
10:35:48,78.50,2,416,78.60_78.70_78.80_78.90_79.00_,30_37_50_66_97_,78.50_78.40_78.30_78.20_78.10_,30_18_36_14_35_
10:35:58,78.50,2,416,78.60_78.70_78.80_78.90_79.00_,35_37_50_66_97_,78.50_78.40_78.30_78.20_78.10_,30_18_36_14_35_
10:36:03,78.50,1,417,78.60_78.70_78.80_78.90_79.00_,35_37_50_66_97_,78.50_78.40_78.30_78.20_78.10_,27_18_36_14_35_
10:36:29,78.50,1,418,78.60_78.70_78.80_78.90_79.00_,35_37_50_66_97_,78.50_78.40_78.30_78.20_78.10_,27_18_36_14_35_
10:36:59,78.50,1,418,78.60_78.70_78.80_78.90_79.00_,35_37_50_66_97_,78.50_78.40_78.30_78.20_78.10_,26_18_36_14_35_
10:37:04,78.60,1,419,78.60_78.70_78.80_78.90_79.00_,35_36_50_66_97_,78.50_78.40_78.30_78.20_78.10_,27_17_37_14_35_
10:37:10,78.60,1,420,78.60_78.70_78.80_78.90_79.00_,34_36_50_66_97_,78.50_78.40_78.30_78.20_78.10_,26_17_37_14_35_
10:37:30,78.60,1,420,78.60_78.70_78.80_78.90_79.00_,34_36_50_66_97_,78.50_78.40_78.30_78.20_78.10_,27_17_37_14_35_
10:37:51,78.60,1,420,78.60_78.70_78.80_78.90_79.00_,35_36_50_66_97_,78.50_78.40_78.30_78.20_78.10_,28_17_37_14_35_
10:38:06,78.60,1,420,78.60_78.70_78.80_78.90_79.00_,35_36_50_61_97_,78.50_78.40_78.30_78.20_78.10_,28_17_37_14_35_
10:38:16,78.60,1,420,78.60_78.70_78.80_78.90_79.00_,35_37_50_61_97_,78.50_78.40_78.30_78.20_78.10_,28_17_37_14_35_
10:38:27,78.60,1,420,78.60_78.70_78.80_78.90_79.00_,35_37_50_61_92_,78.50_78.40_78.30_78.20_78.10_,28_17_37_14_35_
10:38:42,78.60,1,420,78.60_78.70_78.80_78.90_79.00_,35_40_50_58_92_,78.50_78.40_78.30_78.20_78.10_,28_17_37_14_35_
10:39:02,78.60,1,420,78.60_78.70_78.80_78.90_79.00_,35_40_50_58_92_,78.50_78.40_78.30_78.20_78.10_,28_17_34_14_38_
10:39:23,78.60,1,420,78.60_78.70_78.80_78.90_79.00_,37_40_50_58_92_,78.50_78.40_78.30_78.20_78.10_,28_17_34_14_38_
10:39:33,78.60,1,420,78.60_78.70_78.80_78.90_79.00_,37_40_50_58_92_,78.50_78.40_78.30_78.20_78.10_,29_17_34_14_38_
10:39:38,78.50,2,422,78.60_78.70_78.80_78.90_79.00_,37_40_50_58_92_,78.50_78.40_78.30_78.20_78.10_,27_17_34_14_38_
10:40:04,78.60,1,423,78.60_78.70_78.80_78.90_79.00_,36_40_50_58_92_,78.50_78.40_78.30_78.20_78.10_,26_17_34_14_38_
10:40:14,78.60,1,423,78.60_78.70_78.80_78.90_79.00_,37_40_50_58_92_,78.50_78.40_78.30_78.20_78.10_,26_17_34_14_38_
10:40:19,78.60,1,423,78.60_78.70_78.80_78.90_79.00_,37_40_50_58_92_,78.50_78.40_78.30_78.20_78.10_,27_17_34_14_38_
10:40:35,78.50,2,425,78.60_78.70_78.80_78.90_79.00_,37_40_50_58_92_,78.50_78.40_78.30_78.20_78.10_,25_17_34_14_38_
10:40:40,78.50,2,425,78.60_78.70_78.80_78.90_79.00_,37_40_50_58_92_,78.50_78.40_78.30_78.20_78.10_,27_17_34_14_38_
10:40:55,78.60,4,429,78.60_78.70_78.80_78.90_79.00_,33_40_50_58_92_,78.50_78.40_78.30_78.20_78.10_,27_13_34_14_38_
10:41:00,78.50,1,430,78.60_78.70_78.80_78.90_79.00_,33_40_50_58_92_,78.50_78.40_78.30_78.20_78.10_,26_13_34_14_38_
10:41:05,78.60,1,431,78.60_78.70_78.80_78.90_79.00_,32_40_50_58_92_,78.50_78.40_78.30_78.20_78.10_,26_13_34_14_38_
10:41:10,78.60,1,431,78.60_78.70_78.80_78.90_79.00_,32_40_50_58_92_,78.50_78.40_78.30_78.20_78.10_,27_13_34_14_38_
10:41:16,78.60,1,432,78.60_78.70_78.80_78.90_79.00_,31_40_50_58_92_,78.50_78.40_78.30_78.20_78.10_,27_13_34_14_38_
10:41:26,78.50,27,459,78.60_78.70_78.80_78.90_79.00_,31_40_50_58_92_,78.40_78.30_78.20_78.10_78.00_,13_34_14_38_180_
10:41:31,78.50,27,459,78.60_78.70_78.80_78.90_79.00_,31_40_50_58_92_,78.40_78.30_78.20_78.10_78.00_,18_35_15_7_211_
10:41:36,78.50,27,459,78.60_78.70_78.80_78.90_79.00_,31_40_50_58_92_,78.40_78.30_78.20_78.10_78.00_,19_34_15_7_211_
10:41:41,78.50,27,459,78.50_78.60_78.70_78.80_78.90_,1_31_40_50_58_,78.40_78.30_78.20_78.10_78.00_,19_34_15_7_211_
10:41:46,78.50,1,460,78.60_78.70_78.80_78.90_79.00_,31_40_50_105_45_,78.40_78.30_78.20_78.10_78.00_,19_34_15_9_211_
10:41:51,78.50,1,460,78.60_78.70_78.80_78.90_79.00_,31_40_50_58_92_,78.40_78.30_78.20_78.10_78.00_,19_34_15_9_211_
10:41:57,78.50,1,460,78.60_78.70_78.80_78.90_79.00_,31_40_50_58_92_,78.40_78.30_78.20_78.10_78.00_,21_34_15_9_211_
10:42:02,78.50,1,460,78.50_78.60_78.70_78.80_78.90_,1_31_40_50_58_,78.40_78.30_78.20_78.10_78.00_,21_34_15_9_211_
10:42:07,78.50,1,461,78.60_78.70_78.80_78.90_79.00_,31_40_50_105_45_,78.40_78.30_78.20_78.10_78.00_,21_34_16_9_211_
10:42:12,78.50,1,461,78.60_78.70_78.80_78.90_79.00_,31_40_50_58_92_,78.40_78.30_78.20_78.10_78.00_,21_34_16_9_211_
10:42:27,78.50,1,461,78.60_78.70_78.80_78.90_79.00_,36_47_50_58_92_,78.40_78.30_78.20_78.10_78.00_,21_34_16_9_211_
10:43:03,78.50,1,462,78.60_78.70_78.80_78.90_79.00_,36_46_50_58_92_,78.50_78.40_78.30_78.20_78.10_,1_21_34_16_9_
10:43:08,78.50,1,462,78.60_78.70_78.80_78.90_79.00_,31_39_50_58_92_,78.50_78.40_78.30_78.20_78.10_,7_16_33_15_40_
10:43:13,78.50,1,462,78.60_78.70_78.80_78.90_79.00_,41_39_50_58_92_,78.50_78.40_78.30_78.20_78.10_,8_15_34_14_38_
10:43:24,78.50,1,462,78.60_78.70_78.80_78.90_79.00_,41_39_50_58_92_,78.50_78.40_78.30_78.20_78.10_,9_14_34_14_38_
10:43:39,78.50,1,462,78.60_78.70_78.80_78.90_79.00_,41_39_50_58_92_,78.50_78.40_78.30_78.20_78.10_,8_14_34_14_38_
10:43:49,78.50,1,462,78.60_78.70_78.80_78.90_79.00_,41_39_50_58_92_,78.50_78.40_78.30_78.20_78.10_,9_14_34_14_38_
10:43:54,78.50,1,462,78.60_78.70_78.80_78.90_79.00_,41_39_50_58_92_,78.50_78.40_78.30_78.20_78.10_,8_17_34_14_38_
10:44:00,78.50,3,465,78.60_78.70_78.80_78.90_79.00_,41_39_50_58_92_,78.50_78.40_78.30_78.20_78.10_,5_17_34_14_38_
10:44:10,78.50,3,465,78.60_78.70_78.80_78.90_79.00_,41_39_50_58_92_,78.50_78.40_78.30_78.20_78.10_,7_17_34_14_38_
10:44:15,78.50,1,466,78.60_78.70_78.80_78.90_79.00_,41_39_50_58_92_,78.50_78.40_78.30_78.20_78.10_,7_17_37_14_35_
10:44:20,78.50,1,466,78.60_78.70_78.80_78.90_79.00_,41_40_50_58_92_,78.50_78.40_78.30_78.20_78.10_,7_17_37_14_35_
10:44:25,78.50,1,466,78.60_78.70_78.80_78.90_79.00_,41_37_50_61_92_,78.50_78.40_78.30_78.20_78.10_,7_17_37_14_35_
10:44:30,78.50,1,466,78.60_78.70_78.80_78.90_79.00_,41_37_50_61_92_,78.50_78.40_78.30_78.20_78.10_,8_17_37_14_35_
10:44:51,78.50,1,467,78.60_78.70_78.80_78.90_79.00_,41_37_50_61_92_,78.50_78.40_78.30_78.20_78.10_,7_17_37_14_35_
10:45:17,78.50,1,467,78.60_78.70_78.80_78.90_79.00_,41_37_50_61_92_,78.50_78.40_78.30_78.20_78.10_,11_17_37_14_35_
10:45:22,78.50,1,467,78.60_78.70_78.80_78.90_79.00_,41_37_50_61_92_,78.50_78.40_78.30_78.20_78.10_,13_18_36_14_35_
10:45:37,78.50,1,468,78.60_78.70_78.80_78.90_79.00_,41_37_50_61_92_,78.50_78.40_78.30_78.20_78.10_,12_18_36_14_35_
10:45:47,78.50,1,468,78.60_78.70_78.80_78.90_79.00_,41_37_50_66_92_,78.50_78.40_78.30_78.20_78.10_,12_18_36_14_35_
10:46:29,78.50,1,468,78.60_78.70_78.80_78.90_79.00_,41_37_50_66_92_,78.50_78.40_78.30_78.20_78.10_,13_17_36_14_35_
10:46:34,78.50,1,468,78.60_78.70_78.80_78.90_79.00_,41_37_50_66_92_,78.50_78.40_78.30_78.20_78.10_,15_17_36_14_35_
10:47:15,78.50,2,470,78.60_78.70_78.80_78.90_79.00_,41_37_50_66_92_,78.50_78.40_78.30_78.20_78.10_,13_17_36_14_35_
10:47:20,78.50,1,471,78.60_78.70_78.80_78.90_79.00_,41_37_50_66_92_,78.50_78.40_78.30_78.20_78.10_,12_17_36_14_35_
10:47:46,78.50,1,471,78.60_78.70_78.80_78.90_79.00_,41_37_50_66_92_,78.50_78.40_78.30_78.20_78.10_,13_17_36_14_35_
10:47:51,78.50,1,471,78.60_78.70_78.80_78.90_79.00_,41_37_50_66_92_,78.50_78.40_78.30_78.20_78.10_,14_17_36_14_35_
10:48:01,78.50,1,472,78.60_78.70_78.80_78.90_79.00_,41_36_50_66_92_,78.50_78.40_78.30_78.20_78.10_,13_17_36_14_35_
10:48:06,78.50,1,472,78.60_78.70_78.80_78.90_79.00_,43_37_50_66_92_,78.50_78.40_78.30_78.20_78.10_,13_17_36_14_35_
10:48:16,78.50,1,472,78.60_78.70_78.80_78.90_79.00_,52_37_50_66_92_,78.50_78.40_78.30_78.20_78.10_,13_17_36_14_35_
10:48:22,78.50,2,474,78.60_78.70_78.80_78.90_79.00_,52_37_50_66_92_,78.50_78.40_78.30_78.20_78.10_,11_17_36_14_35_
10:48:27,78.50,2,474,78.60_78.70_78.80_78.90_79.00_,52_37_50_66_92_,78.50_78.40_78.30_78.20_78.10_,12_17_36_14_35_
10:48:47,78.50,2,476,78.60_78.70_78.80_78.90_79.00_,52_37_50_66_92_,78.50_78.40_78.30_78.20_78.10_,10_17_36_14_35_
10:49:18,78.50,2,476,78.60_78.70_78.80_78.90_79.00_,52_37_50_66_92_,78.50_78.40_78.30_78.20_78.10_,20_17_36_14_35_
10:49:23,78.50,1,477,78.60_78.70_78.80_78.90_79.00_,52_37_50_66_92_,78.50_78.40_78.30_78.20_78.10_,19_37_36_14_35_
10:49:28,78.50,1,477,78.60_78.70_78.80_78.90_79.00_,52_37_50_66_92_,78.50_78.40_78.30_78.20_78.10_,19_37_57_14_35_
10:49:54,78.50,1,477,78.60_78.70_78.80_78.90_79.00_,52_37_50_66_92_,78.50_78.40_78.30_78.20_78.10_,22_34_57_14_35_
10:50:14,78.50,2,479,78.60_78.70_78.80_78.90_79.00_,52_37_50_66_92_,78.50_78.40_78.30_78.20_78.10_,21_34_57_14_35_
10:50:20,78.50,2,479,78.60_78.70_78.80_78.90_79.00_,52_37_50_66_92_,78.50_78.40_78.30_78.20_78.10_,22_33_57_14_35_
10:50:25,78.50,2,479,78.60_78.70_78.80_78.90_79.00_,52_37_50_66_92_,78.50_78.40_78.30_78.20_78.10_,22_33_57_15_35_
10:50:40,78.50,2,479,78.60_78.70_78.80_78.90_79.00_,54_37_50_66_92_,78.50_78.40_78.30_78.20_78.10_,22_33_57_15_35_
10:50:45,78.50,1,480,78.60_78.70_78.80_78.90_79.00_,54_37_50_66_92_,78.50_78.40_78.30_78.20_78.10_,21_33_57_15_35_
10:50:50,78.50,1,480,78.60_78.70_78.80_78.90_79.00_,54_37_50_66_92_,78.50_78.40_78.30_78.20_78.10_,23_33_57_15_35_
10:50:55,78.50,1,480,78.60_78.70_78.80_78.90_79.00_,54_37_50_66_92_,78.50_78.40_78.30_78.20_78.10_,23_36_56_15_35_
10:51:00,78.50,1,480,78.60_78.70_78.80_78.90_79.00_,49_37_50_66_92_,78.50_78.40_78.30_78.20_78.10_,23_36_56_15_35_
10:51:11,78.50,1,480,78.60_78.70_78.80_78.90_79.00_,49_37_50_66_92_,78.50_78.40_78.30_78.20_78.10_,23_39_56_12_35_
10:51:16,78.50,6,486,78.60_78.70_78.80_78.90_79.00_,49_37_50_66_92_,78.50_78.40_78.30_78.20_78.10_,17_39_56_12_35_
10:51:21,78.50,6,486,78.60_78.70_78.80_78.90_79.00_,49_37_50_66_92_,78.50_78.40_78.30_78.20_78.10_,22_39_57_12_35_
10:51:26,78.50,6,486,78.60_78.70_78.80_78.90_79.00_,49_37_50_66_92_,78.50_78.40_78.30_78.20_78.10_,24_39_56_12_35_
10:51:31,78.50,1,487,78.60_78.70_78.80_78.90_79.00_,49_37_50_66_92_,78.50_78.40_78.30_78.20_78.10_,23_39_56_12_35_
10:51:47,78.50,23,510,78.50_78.60_78.70_78.80_78.90_,1_49_37_50_66_,78.40_78.30_78.20_78.10_78.00_,39_56_12_35_180_
10:51:52,78.50,2,512,78.50_78.60_78.70_78.80_78.90_,11_30_37_50_113_,78.40_78.30_78.20_78.10_78.00_,42_58_15_4_212_
10:51:57,78.50,7,519,78.50_78.60_78.70_78.80_78.90_,4_30_37_54_109_,78.40_78.30_78.20_78.10_78.00_,44_58_15_5_212_
10:52:02,78.50,6,525,78.60_78.70_78.80_78.90_79.00_,29_36_54_109_45_,78.40_78.30_78.20_78.10_78.00_,44_58_15_6_212_
10:52:07,78.50,1,526,78.50_78.60_78.70_78.80_78.90_,9_29_36_54_62_,78.40_78.30_78.20_78.10_78.00_,44_58_15_6_212_
10:52:12,78.50,9,535,78.60_78.70_78.80_78.90_79.00_,29_36_54_109_45_,78.50_78.40_78.30_78.20_78.10_,6_44_58_15_6_
10:52:17,78.50,9,535,78.60_78.70_78.80_78.90_79.00_,29_36_54_62_92_,78.50_78.40_78.30_78.20_78.10_,7_41_58_12_38_
10:52:22,78.60,1,536,78.60_78.70_78.80_78.90_79.00_,28_36_50_67_92_,78.50_78.40_78.30_78.20_78.10_,12_41_58_12_36_
10:52:27,78.60,1,536,78.60_78.70_78.80_78.90_79.00_,28_36_50_67_92_,78.50_78.40_78.30_78.20_78.10_,12_41_56_12_36_
10:52:33,78.60,1,536,78.60_78.70_78.80_78.90_79.00_,28_36_50_67_92_,78.50_78.40_78.30_78.20_78.10_,22_41_56_12_36_
10:52:38,78.60,22,558,78.60_78.70_78.80_78.90_79.00_,6_36_50_67_92_,78.50_78.40_78.30_78.20_78.10_,23_41_56_12_36_
10:52:43,78.60,8,566,78.70_78.80_78.90_79.00_79.10_,36_47_67_95_7_,78.60_78.50_78.40_78.30_78.20_,3_23_41_56_13_
10:52:48,78.70,6,572,78.70_78.80_78.90_79.00_79.10_,30_47_67_48_54_,78.60_78.50_78.40_78.30_78.20_,5_18_40_58_39_
10:52:53,78.60,1,573,78.70_78.80_78.90_79.00_79.10_,30_47_62_52_54_,78.60_78.50_78.40_78.30_78.20_,5_16_40_58_38_
10:52:58,78.70,1,574,78.70_78.80_78.90_79.00_79.10_,29_47_62_52_54_,78.60_78.50_78.40_78.30_78.20_,6_16_40_58_38_
10:53:03,78.70,1,574,78.70_78.80_78.90_79.00_79.10_,29_46_62_52_54_,78.60_78.50_78.40_78.30_78.20_,6_16_40_58_38_
10:53:08,78.70,1,574,78.70_78.80_78.90_79.00_79.10_,29_46_62_52_54_,78.60_78.50_78.40_78.30_78.20_,7_16_40_58_38_
10:53:19,78.70,1,574,78.70_78.80_78.90_79.00_79.10_,30_46_62_52_54_,78.60_78.50_78.40_78.30_78.20_,9_16_40_58_38_
10:53:24,78.70,1,574,78.70_78.80_78.90_79.00_79.10_,30_47_62_52_54_,78.60_78.50_78.40_78.30_78.20_,9_16_40_58_38_
10:53:34,78.70,1,574,78.70_78.80_78.90_79.00_79.10_,38_47_62_52_54_,78.60_78.50_78.40_78.30_78.20_,9_16_40_58_38_
10:53:39,78.70,1,574,78.70_78.80_78.90_79.00_79.10_,38_47_62_52_54_,78.60_78.50_78.40_78.30_78.20_,10_16_39_58_38_
10:54:05,78.70,1,574,78.70_78.80_78.90_79.00_79.10_,38_47_62_52_54_,78.60_78.50_78.40_78.30_78.20_,8_16_39_58_38_
10:54:10,78.70,1,574,78.70_78.80_78.90_79.00_79.10_,38_47_62_52_54_,78.60_78.50_78.40_78.30_78.20_,9_16_39_58_38_
10:54:25,78.70,1,574,78.70_78.80_78.90_79.00_79.10_,38_47_62_52_54_,78.60_78.50_78.40_78.30_78.20_,9_36_39_58_38_
10:54:30,78.70,1,574,78.70_78.80_78.90_79.00_79.10_,43_47_62_52_54_,78.60_78.50_78.40_78.30_78.20_,9_36_39_58_38_
10:54:36,78.70,1,574,78.70_78.80_78.90_79.00_79.10_,43_47_62_52_54_,78.60_78.50_78.40_78.30_78.20_,9_37_39_58_38_
10:55:06,78.70,1,574,78.70_78.80_78.90_79.00_79.10_,43_47_62_52_54_,78.60_78.50_78.40_78.30_78.20_,10_37_39_58_38_
10:55:17,78.70,1,574,78.70_78.80_78.90_79.00_79.10_,43_48_62_52_54_,78.60_78.50_78.40_78.30_78.20_,10_37_39_58_38_
10:56:03,78.70,1,574,78.70_78.80_78.90_79.00_79.10_,43_48_62_52_54_,78.60_78.50_78.40_78.30_78.20_,12_37_39_58_38_
10:56:18,78.70,1,575,78.70_78.80_78.90_79.00_79.10_,42_48_62_52_54_,78.60_78.50_78.40_78.30_78.20_,12_37_39_58_38_
10:56:23,78.70,1,575,78.70_78.80_78.90_79.00_79.10_,42_48_62_52_54_,78.60_78.50_78.40_78.30_78.20_,12_37_38_58_38_
10:56:49,78.70,1,575,78.70_78.80_78.90_79.00_79.10_,42_48_62_52_54_,78.60_78.50_78.40_78.30_78.20_,12_40_38_55_38_
10:57:09,78.60,2,577,78.70_78.80_78.90_79.00_79.10_,42_48_62_52_54_,78.60_78.50_78.40_78.30_78.20_,10_40_38_55_38_
10:57:15,78.60,2,577,78.70_78.80_78.90_79.00_79.10_,42_48_62_52_54_,78.60_78.50_78.40_78.30_78.20_,10_40_39_55_38_
10:57:30,78.60,2,577,78.70_78.80_78.90_79.00_79.10_,42_48_62_52_54_,78.60_78.50_78.40_78.30_78.20_,10_37_39_58_38_
10:57:45,78.70,5,582,78.70_78.80_78.90_79.00_79.10_,37_48_62_52_54_,78.60_78.50_78.40_78.30_78.20_,9_37_39_58_38_
10:57:51,78.70,1,583,78.70_78.80_78.90_79.00_79.10_,36_48_62_52_54_,78.60_78.50_78.40_78.30_78.20_,10_37_39_58_38_
10:57:56,78.70,1,583,78.70_78.80_78.90_79.00_79.10_,36_48_62_52_54_,78.60_78.50_78.40_78.30_78.20_,14_37_36_58_38_
10:58:01,78.70,1,584,78.70_78.80_78.90_79.00_79.10_,36_47_62_52_54_,78.60_78.50_78.40_78.30_78.20_,14_37_36_58_38_
10:58:06,78.70,1,584,78.70_78.80_78.90_79.00_79.10_,36_48_62_52_54_,78.60_78.50_78.40_78.30_78.20_,12_37_35_58_38_
10:58:21,78.70,1,584,78.70_78.80_78.90_79.00_79.10_,45_48_62_52_54_,78.60_78.50_78.40_78.30_78.20_,12_37_35_58_38_
10:58:26,78.70,1,584,78.70_78.80_78.90_79.00_79.10_,46_48_62_52_54_,78.60_78.50_78.40_78.30_78.20_,13_37_35_58_38_
10:58:42,78.70,1,585,78.70_78.80_78.90_79.00_79.10_,45_48_62_52_54_,78.60_78.50_78.40_78.30_78.20_,13_37_35_58_38_
10:59:28,78.70,1,585,78.70_78.80_78.90_79.00_79.10_,46_48_62_52_54_,78.60_78.50_78.40_78.30_78.20_,13_37_35_58_38_
10:59:33,78.70,1,585,78.70_78.80_78.90_79.00_79.10_,46_48_61_52_54_,78.60_78.50_78.40_78.30_78.20_,13_37_35_58_38_
10:59:54,78.70,1,585,78.70_78.80_78.90_79.00_79.10_,46_48_61_52_54_,78.60_78.50_78.40_78.30_78.20_,13_40_35_58_38_
10:59:59,78.70,1,585,78.70_78.80_78.90_79.00_79.10_,46_49_61_52_54_,78.60_78.50_78.40_78.30_78.20_,13_40_35_58_38_
11:00:04,78.70,1,585,78.70_78.80_78.90_79.00_79.10_,46_49_61_52_54_,78.60_78.50_78.40_78.30_78.20_,14_40_35_58_38_
11:00:24,78.70,1,585,78.70_78.80_78.90_79.00_79.10_,46_49_61_52_54_,78.60_78.50_78.40_78.30_78.20_,14_41_35_58_38_
11:00:35,78.70,1,586,78.70_78.80_78.90_79.00_79.10_,45_49_61_52_54_,78.60_78.50_78.40_78.30_78.20_,16_41_35_58_38_
11:00:40,78.70,1,586,78.70_78.80_78.90_79.00_79.10_,45_49_61_52_54_,78.60_78.50_78.40_78.30_78.20_,16_45_35_59_38_
11:01:00,78.70,1,586,78.70_78.80_78.90_79.00_79.10_,46_48_61_52_54_,78.60_78.50_78.40_78.30_78.20_,16_45_35_59_38_
11:01:31,78.60,2,588,78.70_78.80_78.90_79.00_79.10_,46_48_61_52_54_,78.60_78.50_78.40_78.30_78.20_,14_45_35_59_38_
11:01:36,78.70,1,589,78.70_78.80_78.90_79.00_79.10_,45_49_61_52_54_,78.60_78.50_78.40_78.30_78.20_,16_45_35_59_38_
11:01:41,78.70,1,589,78.70_78.80_78.90_79.00_79.10_,45_49_61_52_54_,78.60_78.50_78.40_78.30_78.20_,18_45_36_58_38_
11:02:07,78.60,1,590,78.70_78.80_78.90_79.00_79.10_,45_49_61_52_54_,78.60_78.50_78.40_78.30_78.20_,17_45_36_58_38_
11:02:17,78.60,1,591,78.70_78.80_78.90_79.00_79.10_,45_49_61_52_54_,78.60_78.50_78.40_78.30_78.20_,16_45_36_58_38_
11:02:22,78.60,1,591,78.70_78.80_78.90_79.00_79.10_,45_49_61_52_54_,78.60_78.50_78.40_78.30_78.20_,17_45_36_58_38_
11:02:32,78.60,1,591,78.70_78.80_78.90_79.00_79.10_,45_49_61_52_54_,78.60_78.50_78.40_78.30_78.20_,20_45_36_58_38_
11:02:48,78.60,1,591,78.70_78.80_78.90_79.00_79.10_,45_49_61_52_54_,78.60_78.50_78.40_78.30_78.20_,19_45_36_58_38_
11:02:53,78.60,2,593,78.70_78.80_78.90_79.00_79.10_,45_49_61_52_54_,78.60_78.50_78.40_78.30_78.20_,18_45_36_58_38_
11:03:13,78.60,2,593,78.70_78.80_78.90_79.00_79.10_,45_49_60_52_54_,78.60_78.50_78.40_78.30_78.20_,18_45_36_58_38_
11:03:34,78.60,2,593,78.70_78.80_78.90_79.00_79.10_,46_49_60_52_54_,78.60_78.50_78.40_78.30_78.20_,18_45_36_58_38_
11:04:10,78.60,1,594,78.70_78.80_78.90_79.00_79.10_,46_49_60_52_54_,78.60_78.50_78.40_78.30_78.20_,18_45_36_58_38_
11:04:15,78.60,1,594,78.70_78.80_78.90_79.00_79.10_,47_49_60_52_54_,78.60_78.50_78.40_78.30_78.20_,18_45_36_58_38_
11:04:20,78.60,1,594,78.70_78.80_78.90_79.00_79.10_,46_49_60_52_54_,78.60_78.50_78.40_78.30_78.20_,18_45_36_58_38_
11:04:25,78.60,1,595,78.70_78.80_78.90_79.00_79.10_,46_49_60_52_54_,78.60_78.50_78.40_78.30_78.20_,17_45_36_58_38_
11:04:30,78.60,1,595,78.70_78.80_78.90_79.00_79.10_,47_49_60_52_54_,78.60_78.50_78.40_78.30_78.20_,17_45_36_58_38_
11:04:35,78.60,1,595,78.70_78.80_78.90_79.00_79.10_,46_49_60_52_54_,78.60_78.50_78.40_78.30_78.20_,17_45_36_58_38_
11:04:40,78.60,1,595,78.70_78.80_78.90_79.00_79.10_,54_49_60_52_54_,78.60_78.50_78.40_78.30_78.20_,17_45_36_58_38_
11:04:45,78.60,1,595,78.70_78.80_78.90_79.00_79.10_,55_49_60_52_54_,78.60_78.50_78.40_78.30_78.20_,17_45_36_58_38_
11:04:51,78.60,1,595,78.70_78.80_78.90_79.00_79.10_,55_49_60_52_54_,78.60_78.50_78.40_78.30_78.20_,17_45_36_58_39_
11:04:56,78.60,1,595,78.70_78.80_78.90_79.00_79.10_,55_49_60_52_54_,78.60_78.50_78.40_78.30_78.20_,18_45_36_58_39_
11:05:11,78.60,1,596,78.70_78.80_78.90_79.00_79.10_,55_49_60_52_54_,78.60_78.50_78.40_78.30_78.20_,17_45_36_58_39_
11:05:16,78.60,1,597,78.70_78.80_78.90_79.00_79.10_,55_49_60_52_54_,78.60_78.50_78.40_78.30_78.20_,16_45_36_58_39_
11:05:21,78.60,1,597,78.70_78.80_78.90_79.00_79.10_,55_49_60_52_54_,78.60_78.50_78.40_78.30_78.20_,17_44_36_58_39_
11:05:37,78.60,2,599,78.70_78.80_78.90_79.00_79.10_,55_49_60_52_54_,78.60_78.50_78.40_78.30_78.20_,15_44_36_58_39_
11:05:47,78.60,2,599,78.70_78.80_78.90_79.00_79.10_,55_49_60_52_54_,78.60_78.50_78.40_78.30_78.20_,27_44_36_58_39_
11:05:52,78.60,2,601,78.70_78.80_78.90_79.00_79.10_,54_49_60_52_54_,78.60_78.50_78.40_78.30_78.20_,28_41_36_58_39_
11:05:57,78.60,2,601,78.70_78.80_78.90_79.00_79.10_,55_49_60_52_54_,78.60_78.50_78.40_78.30_78.20_,31_41_36_58_39_
11:06:02,78.60,2,601,78.70_78.80_78.90_79.00_79.10_,54_49_60_52_54_,78.60_78.50_78.40_78.30_78.20_,31_41_35_58_39_
11:06:13,78.60,8,609,78.70_78.80_78.90_79.00_79.10_,46_49_60_52_54_,78.60_78.50_78.40_78.30_78.20_,23_41_35_58_39_
11:06:18,78.70,1,610,78.70_78.80_78.90_79.00_79.10_,46_49_60_52_54_,78.60_78.50_78.40_78.30_78.20_,25_41_35_58_39_
11:06:23,78.70,1,610,78.70_78.80_78.90_79.00_79.10_,45_49_60_52_54_,78.60_78.50_78.40_78.30_78.20_,25_41_35_58_39_
11:06:28,78.70,1,610,78.70_78.80_78.90_79.00_79.10_,45_49_60_52_54_,78.60_78.50_78.40_78.30_78.20_,27_41_35_59_39_
11:06:44,78.70,1,610,78.70_78.80_78.90_79.00_79.10_,49_49_60_52_54_,78.60_78.50_78.40_78.30_78.20_,29_41_35_59_39_
11:07:14,78.70,1,610,78.70_78.80_78.90_79.00_79.10_,51_49_60_52_54_,78.60_78.50_78.40_78.30_78.20_,29_41_35_59_39_
11:07:19,78.70,1,610,78.70_78.80_78.90_79.00_79.10_,51_49_60_52_54_,78.60_78.50_78.40_78.30_78.20_,29_41_36_58_39_
11:07:30,78.70,1,610,78.70_78.80_78.90_79.00_79.10_,51_47_60_52_54_,78.60_78.50_78.40_78.30_78.20_,29_41_36_58_39_
11:07:40,78.70,1,610,78.70_78.80_78.90_79.00_79.10_,54_47_60_52_54_,78.60_78.50_78.40_78.30_78.20_,28_41_36_58_39_
11:07:45,78.70,1,610,78.70_78.80_78.90_79.00_79.10_,57_47_60_53_54_,78.60_78.50_78.40_78.30_78.20_,30_41_36_58_39_
11:08:16,78.70,1,611,78.70_78.80_78.90_79.00_79.10_,56_48_60_53_54_,78.60_78.50_78.40_78.30_78.20_,29_41_36_58_39_
11:08:21,78.70,1,611,78.70_78.80_78.90_79.00_79.10_,56_48_60_53_54_,78.60_78.50_78.40_78.30_78.20_,29_44_36_58_39_
11:09:02,78.60,1,612,78.70_78.80_78.90_79.00_79.10_,56_47_60_53_54_,78.60_78.50_78.40_78.30_78.20_,28_44_36_58_39_
11:09:07,78.60,1,612,78.70_78.80_78.90_79.00_79.10_,57_47_60_53_54_,78.60_78.50_78.40_78.30_78.20_,29_44_35_58_39_
11:09:12,78.60,1,612,78.70_78.80_78.90_79.00_79.10_,56_47_60_53_54_,78.60_78.50_78.40_78.30_78.20_,29_44_35_58_39_
11:09:23,78.60,3,615,78.70_78.80_78.90_79.00_79.10_,56_47_60_53_54_,78.60_78.50_78.40_78.30_78.20_,26_44_35_58_39_
11:09:28,78.60,3,615,78.70_78.80_78.90_79.00_79.10_,57_47_60_53_54_,78.60_78.50_78.40_78.30_78.20_,26_44_36_58_39_
11:10:14,78.60,2,617,78.70_78.80_78.90_79.00_79.10_,57_47_60_53_54_,78.60_78.50_78.40_78.30_78.20_,24_44_36_58_39_
11:10:19,78.60,2,617,78.70_78.80_78.90_79.00_79.10_,57_47_60_53_54_,78.60_78.50_78.40_78.30_78.20_,22_45_35_59_39_
11:10:29,78.60,2,617,78.70_78.80_78.90_79.00_79.10_,57_47_60_53_54_,78.60_78.50_78.40_78.30_78.20_,43_45_35_59_39_
11:10:35,78.60,2,617,78.70_78.80_78.90_79.00_79.10_,56_47_60_53_54_,78.60_78.50_78.40_78.30_78.20_,45_45_35_59_39_
11:10:45,78.60,2,617,78.70_78.80_78.90_79.00_79.10_,56_47_60_53_54_,78.60_78.50_78.40_78.30_78.20_,46_45_35_59_39_
11:10:50,78.60,2,617,78.70_78.80_78.90_79.00_79.10_,56_47_60_53_54_,78.60_78.50_78.40_78.30_78.20_,45_45_35_59_39_
11:10:55,78.60,9,626,78.70_78.80_78.90_79.00_79.10_,53_47_60_53_54_,78.60_78.50_78.40_78.30_78.20_,37_45_35_59_39_
11:11:00,78.60,9,626,78.70_78.80_78.90_79.00_79.10_,53_47_60_53_54_,78.60_78.50_78.40_78.30_78.20_,37_45_36_58_39_
11:11:31,78.60,3,629,78.70_78.80_78.90_79.00_79.10_,53_47_60_53_54_,78.60_78.50_78.40_78.30_78.20_,34_45_36_58_39_
11:11:36,78.60,3,629,78.70_78.80_78.90_79.00_79.10_,54_47_60_53_54_,78.60_78.50_78.40_78.30_78.20_,34_45_35_59_39_
11:11:41,78.60,3,629,78.70_78.80_78.90_79.00_79.10_,53_47_60_53_54_,78.60_78.50_78.40_78.30_78.20_,34_45_35_59_39_
11:12:07,78.60,1,630,78.70_78.80_78.90_79.00_79.10_,54_47_60_53_54_,78.60_78.50_78.40_78.30_78.20_,34_45_35_59_39_
11:12:12,78.60,1,630,78.70_78.80_78.90_79.00_79.10_,53_47_60_52_54_,78.60_78.50_78.40_78.30_78.20_,34_45_35_59_39_
11:12:37,78.60,1,630,78.70_78.80_78.90_79.00_79.10_,53_47_60_52_54_,78.60_78.50_78.40_78.30_78.20_,33_45_35_59_39_
11:12:43,78.60,1,630,78.70_78.80_78.90_79.00_79.10_,53_47_60_52_54_,78.60_78.50_78.40_78.30_78.20_,35_45_35_59_39_
11:12:58,78.60,1,630,78.70_78.80_78.90_79.00_79.10_,53_47_61_52_54_,78.60_78.50_78.40_78.30_78.20_,35_45_35_59_39_
11:13:08,78.60,1,630,78.70_78.80_78.90_79.00_79.10_,53_47_61_52_54_,78.60_78.50_78.40_78.30_78.20_,35_45_35_59_40_
11:13:49,78.60,1,630,78.70_78.80_78.90_79.00_79.10_,53_47_61_57_54_,78.60_78.50_78.40_78.30_78.20_,35_45_35_59_40_
11:13:59,78.60,1,630,78.70_78.80_78.90_79.00_79.10_,55_47_61_57_55_,78.60_78.50_78.40_78.30_78.20_,35_45_35_59_40_
11:14:05,78.60,4,634,78.70_78.80_78.90_79.00_79.10_,55_47_61_57_55_,78.60_78.50_78.40_78.30_78.20_,31_45_35_59_40_
11:14:10,78.60,4,634,78.70_78.80_78.90_79.00_79.10_,56_47_61_58_55_,78.60_78.50_78.40_78.30_78.20_,35_45_35_58_40_
11:14:15,78.60,4,634,78.70_78.80_78.90_79.00_79.10_,55_47_61_58_55_,78.60_78.50_78.40_78.30_78.20_,35_45_35_58_40_
11:14:25,78.60,4,634,78.70_78.80_78.90_79.00_79.10_,57_47_61_58_55_,78.60_78.50_78.40_78.30_78.20_,35_45_35_58_40_
11:14:30,78.60,1,635,78.70_78.80_78.90_79.00_79.10_,57_47_61_58_55_,78.60_78.50_78.40_78.30_78.20_,35_45_35_58_40_
11:14:35,78.60,2,637,78.70_78.80_78.90_79.00_79.10_,58_47_61_58_55_,78.60_78.50_78.40_78.30_78.20_,34_45_35_58_40_
11:14:40,78.60,2,637,78.70_78.80_78.90_79.00_79.10_,58_47_61_58_55_,78.60_78.50_78.40_78.30_78.20_,34_45_35_59_40_
11:14:46,78.70,1,638,78.70_78.80_78.90_79.00_79.10_,57_47_61_58_55_,78.60_78.50_78.40_78.30_78.20_,34_45_35_59_40_
11:14:51,78.70,1,638,78.70_78.80_78.90_79.00_79.10_,56_47_61_58_55_,78.60_78.50_78.40_78.30_78.20_,34_45_35_59_40_
11:14:56,78.70,1,638,78.70_78.80_78.90_79.00_79.10_,56_47_61_58_55_,78.60_78.50_78.40_78.30_78.20_,37_42_35_59_40_
11:15:01,78.70,1,639,78.70_78.80_78.90_79.00_79.10_,55_47_61_58_55_,78.60_78.50_78.40_78.30_78.20_,37_42_35_59_40_
11:15:06,78.70,1,639,78.70_78.80_78.90_79.00_79.10_,55_47_61_58_55_,78.60_78.50_78.40_78.30_78.20_,39_42_36_58_40_
11:15:11,78.70,1,639,78.70_78.80_78.90_79.00_79.10_,55_47_61_58_55_,78.60_78.50_78.40_78.30_78.20_,40_42_36_58_40_
11:15:16,78.70,1,640,78.70_78.80_78.90_79.00_79.10_,54_48_61_58_55_,78.60_78.50_78.40_78.30_78.20_,40_42_36_58_40_
11:15:22,78.70,1,640,78.70_78.80_78.90_79.00_79.10_,54_48_61_58_55_,78.60_78.50_78.40_78.30_78.20_,40_42_35_58_40_
11:15:47,78.70,1,640,78.70_78.80_78.90_79.00_79.10_,54_48_61_58_55_,78.60_78.50_78.40_78.30_78.20_,39_42_35_58_40_
11:15:52,78.70,1,640,78.70_78.80_78.90_79.00_79.10_,54_48_61_58_55_,78.60_78.50_78.40_78.30_78.20_,40_45_35_58_40_
11:15:57,78.60,4,644,78.70_78.80_78.90_79.00_79.10_,54_48_61_58_55_,78.60_78.50_78.40_78.30_78.20_,36_45_35_58_40_
11:16:03,78.60,1,645,78.70_78.80_78.90_79.00_79.10_,54_47_61_58_55_,78.60_78.50_78.40_78.30_78.20_,36_45_35_58_40_
11:16:08,78.60,1,645,78.70_78.80_78.90_79.00_79.10_,55_47_61_58_55_,78.60_78.50_78.40_78.30_78.20_,36_45_36_58_40_
11:16:13,78.60,1,645,78.70_78.80_78.90_79.00_79.10_,54_47_61_58_55_,78.60_78.50_78.40_78.30_78.20_,36_45_36_58_40_
11:16:23,78.60,20,665,78.70_78.80_78.90_79.00_79.10_,54_47_61_58_55_,78.60_78.50_78.40_78.30_78.20_,16_45_36_58_40_
11:16:28,78.70,2,667,78.70_78.80_78.90_79.00_79.10_,53_47_61_58_55_,78.60_78.50_78.40_78.30_78.20_,15_45_36_58_40_
11:16:33,78.70,2,667,78.70_78.80_78.90_79.00_79.10_,53_47_61_58_55_,78.60_78.50_78.40_78.30_78.20_,17_45_36_58_40_
11:16:54,78.70,2,667,78.70_78.80_78.90_79.00_79.10_,53_47_61_58_55_,78.60_78.50_78.40_78.30_78.20_,18_45_36_58_40_
11:17:14,78.60,2,669,78.70_78.80_78.90_79.00_79.10_,51_47_61_58_55_,78.60_78.50_78.40_78.30_78.20_,16_45_36_58_40_
11:17:20,78.60,2,669,78.70_78.80_78.90_79.00_79.10_,51_47_61_58_55_,78.60_78.50_78.40_78.30_78.20_,17_45_36_58_40_
11:17:30,78.60,2,669,78.70_78.80_78.90_79.00_79.10_,51_47_61_58_55_,78.60_78.50_78.40_78.30_78.20_,18_45_36_58_40_
11:17:35,78.60,1,670,78.70_78.80_78.90_79.00_79.10_,51_47_61_58_55_,78.60_78.50_78.40_78.30_78.20_,16_45_36_58_40_
11:17:40,78.60,1,670,78.70_78.80_78.90_79.00_79.10_,51_47_61_58_55_,78.60_78.50_78.40_78.30_78.20_,17_45_36_58_40_
11:17:50,78.60,4,674,78.70_78.80_78.90_79.00_79.10_,51_47_61_58_55_,78.60_78.50_78.40_78.30_78.20_,13_45_36_58_40_
11:17:55,78.60,4,674,78.70_78.80_78.90_79.00_79.10_,51_47_61_58_55_,78.60_78.50_78.40_78.30_78.20_,13_45_35_56_40_
11:18:00,78.60,4,674,78.70_78.80_78.90_79.00_79.10_,53_47_61_58_55_,78.60_78.50_78.40_78.30_78.20_,13_45_35_56_40_
11:18:06,78.60,4,674,78.70_78.80_78.90_79.00_79.10_,53_47_61_58_55_,78.60_78.50_78.40_78.30_78.20_,15_45_35_56_40_
11:18:11,78.60,4,674,78.70_78.80_78.90_79.00_79.10_,53_47_61_57_55_,78.60_78.50_78.40_78.30_78.20_,15_45_35_56_40_
11:18:21,78.60,4,674,78.70_78.80_78.90_79.00_79.10_,53_47_61_57_55_,78.60_78.50_78.40_78.30_78.20_,15_45_35_57_40_
11:18:57,78.60,3,677,78.70_78.80_78.90_79.00_79.10_,55_47_61_57_55_,78.60_78.50_78.40_78.30_78.20_,12_45_35_57_40_
11:19:02,78.60,1,678,78.70_78.80_78.90_79.00_79.10_,55_47_61_57_55_,78.60_78.50_78.40_78.30_78.20_,11_45_35_57_40_
11:19:07,78.60,1,678,78.70_78.80_78.90_79.00_79.10_,54_47_61_57_55_,78.60_78.50_78.40_78.30_78.20_,11_45_35_57_40_
11:19:12,78.60,1,678,78.70_78.80_78.90_79.00_79.10_,55_47_61_57_55_,78.60_78.50_78.40_78.30_78.20_,11_45_35_57_40_
11:19:18,78.60,3,681,78.70_78.80_78.90_79.00_79.10_,53_47_61_57_55_,78.60_78.50_78.40_78.30_78.20_,8_45_35_57_40_
11:19:23,78.60,1,682,78.70_78.80_78.90_79.00_79.10_,52_47_61_57_55_,78.60_78.50_78.40_78.30_78.20_,9_45_35_57_40_
11:19:28,78.60,4,686,78.70_78.80_78.90_79.00_79.10_,52_47_61_57_55_,78.60_78.50_78.40_78.30_78.20_,5_45_35_57_40_
11:19:43,78.60,4,686,78.70_78.80_78.90_79.00_79.10_,52_57_61_57_55_,78.60_78.50_78.40_78.30_78.20_,6_45_35_57_40_
11:19:48,78.60,2,688,78.70_78.80_78.90_79.00_79.10_,50_57_61_57_55_,78.60_78.50_78.40_78.30_78.20_,4_45_35_57_40_
11:19:53,78.60,2,688,78.70_78.80_78.90_79.00_79.10_,50_57_61_57_55_,78.60_78.50_78.40_78.30_78.20_,5_45_35_57_40_
11:19:59,78.60,2,688,78.70_78.80_78.90_79.00_79.10_,56_57_61_57_55_,78.60_78.50_78.40_78.30_78.20_,5_45_35_57_40_
11:20:04,78.60,2,688,78.70_78.80_78.90_79.00_79.10_,56_57_61_57_55_,78.60_78.50_78.40_78.30_78.20_,6_45_35_57_40_
11:20:09,78.60,2,688,78.70_78.80_78.90_79.00_79.10_,56_57_60_57_55_,78.60_78.50_78.40_78.30_78.20_,6_45_35_57_40_
11:20:14,78.60,6,694,78.70_78.80_78.90_79.00_79.10_,50_57_60_57_55_,78.50_78.40_78.30_78.20_78.10_,45_35_57_40_4_
11:20:19,78.60,6,694,78.60_78.70_78.80_78.90_79.00_,3_50_57_60_75_,78.50_78.40_78.30_78.20_78.10_,50_35_57_8_36_
11:20:24,78.60,3,697,78.60_78.70_78.80_78.90_79.00_,16_27_57_60_104_,78.50_78.40_78.30_78.20_78.10_,51_36_58_8_36_
11:20:29,78.60,1,698,78.60_78.70_78.80_78.90_79.00_,15_27_57_65_100_,78.50_78.40_78.30_78.20_78.10_,51_36_58_8_36_
11:20:45,78.60,1,698,78.60_78.70_78.80_78.90_79.00_,15_28_57_65_100_,78.50_78.40_78.30_78.20_78.10_,51_36_58_8_36_
11:20:50,78.60,1,698,78.60_78.70_78.80_78.90_79.00_,15_28_60_65_97_,78.50_78.40_78.30_78.20_78.10_,51_36_58_8_36_
11:21:05,78.50,1,699,78.60_78.70_78.80_78.90_79.00_,17_27_59_65_97_,78.50_78.40_78.30_78.20_78.10_,50_36_58_8_36_
11:21:10,78.50,1,699,78.60_78.70_78.80_78.90_79.00_,17_27_59_65_97_,78.50_78.40_78.30_78.20_78.10_,50_36_57_8_36_
11:21:15,78.50,1,699,78.60_78.70_78.80_78.90_79.00_,18_27_59_65_97_,78.50_78.40_78.30_78.20_78.10_,50_36_57_8_36_
11:21:20,78.50,1,699,78.60_78.70_78.80_78.90_79.00_,18_27_59_65_97_,78.50_78.40_78.30_78.20_78.10_,50_34_57_8_36_
11:21:31,78.50,1,699,78.60_78.70_78.80_78.90_79.00_,18_27_59_65_97_,78.50_78.40_78.30_78.20_78.10_,52_34_57_8_36_
11:21:46,78.50,1,699,78.60_78.70_78.80_78.90_79.00_,18_27_59_65_97_,78.50_78.40_78.30_78.20_78.10_,52_35_57_8_36_
11:22:01,78.50,1,700,78.60_78.70_78.80_78.90_79.00_,18_26_59_65_97_,78.50_78.40_78.30_78.20_78.10_,51_35_57_8_36_
11:22:06,78.50,1,700,78.60_78.70_78.80_78.90_79.00_,18_27_59_65_97_,78.50_78.40_78.30_78.20_78.10_,52_35_56_8_36_
11:22:12,78.50,50,750,78.60_78.70_78.80_78.90_79.00_,18_27_59_65_97_,78.50_78.40_78.30_78.20_78.10_,3_35_56_8_36_
11:22:17,78.60,4,754,78.60_78.70_78.80_78.90_79.00_,14_27_59_65_97_,78.50_78.40_78.30_78.20_78.10_,6_35_54_13_36_
11:22:22,78.60,1,755,78.60_78.70_78.80_78.90_79.00_,13_27_59_65_97_,78.50_78.40_78.30_78.20_78.10_,6_35_54_13_36_
11:22:27,78.60,1,755,78.60_78.70_78.80_78.90_79.00_,13_27_59_65_97_,78.50_78.40_78.30_78.20_78.10_,8_35_54_13_36_
11:22:37,78.60,1,756,78.60_78.70_78.80_78.90_79.00_,16_27_59_65_97_,78.50_78.40_78.30_78.20_78.10_,8_35_54_13_36_
11:22:47,78.60,1,757,78.60_78.70_78.80_78.90_79.00_,15_27_59_65_97_,78.50_78.40_78.30_78.20_78.10_,8_35_54_13_36_
11:22:53,78.60,1,758,78.60_78.70_78.80_78.90_79.00_,14_27_59_65_97_,78.50_78.40_78.30_78.20_78.10_,8_35_54_13_36_
11:23:18,78.50,2,760,78.60_78.70_78.80_78.90_79.00_,14_27_59_65_97_,78.50_78.40_78.30_78.20_78.10_,8_35_54_13_36_
11:23:39,78.60,1,761,78.60_78.70_78.80_78.90_79.00_,13_27_59_65_97_,78.50_78.40_78.30_78.20_78.10_,8_35_54_13_36_
11:23:54,78.60,1,761,78.60_78.70_78.80_78.90_79.00_,13_27_59_65_97_,78.50_78.40_78.30_78.20_78.10_,8_38_54_13_36_
11:23:59,78.60,1,761,78.60_78.70_78.80_78.90_79.00_,13_28_59_65_97_,78.50_78.40_78.30_78.20_78.10_,8_38_54_13_36_
11:24:09,78.60,1,761,78.60_78.70_78.80_78.90_79.00_,13_28_59_65_97_,78.50_78.40_78.30_78.20_78.10_,10_38_54_13_36_
11:24:30,78.60,1,761,78.60_78.70_78.80_78.90_79.00_,17_28_59_65_97_,78.50_78.40_78.30_78.20_78.10_,10_38_54_13_36_
11:24:50,78.60,1,761,78.60_78.70_78.80_78.90_79.00_,17_28_59_65_97_,78.50_78.40_78.30_78.20_78.10_,10_38_54_33_56_
11:25:16,78.60,1,761,78.60_78.70_78.80_78.90_79.00_,17_28_59_65_97_,78.50_78.40_78.30_78.20_78.10_,10_38_55_33_56_
11:26:02,78.50,1,763,78.60_78.70_78.80_78.90_79.00_,16_28_59_65_97_,78.50_78.40_78.30_78.20_78.10_,9_38_55_33_56_
11:26:07,78.50,1,763,78.60_78.70_78.80_78.90_79.00_,16_28_59_65_97_,78.50_78.40_78.30_78.20_78.10_,9_37_55_33_56_
11:26:13,78.60,1,764,78.60_78.70_78.80_78.90_79.00_,15_28_59_65_97_,78.50_78.40_78.30_78.20_78.10_,9_37_55_33_56_
11:26:18,78.50,10,774,78.50_78.60_78.70_78.80_78.90_,12_15_28_59_65_,78.40_78.30_78.20_78.10_78.00_,37_55_33_56_185_
11:26:23,78.50,10,774,78.50_78.60_78.70_78.80_78.90_,12_15_28_59_112_,78.40_78.30_78.20_78.10_78.00_,40_55_33_24_217_
11:26:28,78.50,1,775,78.50_78.60_78.70_78.80_78.90_,21_3_28_59_112_,78.40_78.30_78.20_78.10_78.00_,40_55_33_24_217_
11:26:33,78.50,1,775,78.50_78.60_78.70_78.80_78.90_,21_3_28_59_112_,78.40_78.30_78.20_78.10_78.00_,39_55_33_24_217_
11:26:38,78.50,1,775,78.50_78.60_78.70_78.80_78.90_,22_3_28_59_112_,78.40_78.30_78.20_78.10_78.00_,39_55_33_24_217_
11:26:43,78.50,1,775,78.50_78.60_78.70_78.80_78.90_,22_3_28_59_112_,78.40_78.30_78.20_78.10_78.00_,40_55_33_24_217_
11:26:49,78.50,1,776,78.50_78.60_78.70_78.80_78.90_,21_3_28_59_112_,78.40_78.30_78.20_78.10_78.00_,40_55_33_24_217_
11:26:59,78.50,1,776,78.50_78.60_78.70_78.80_78.90_,21_3_29_59_112_,78.40_78.30_78.20_78.10_78.00_,40_55_33_24_217_
11:27:04,78.50,1,776,78.50_78.60_78.70_78.80_78.90_,23_2_28_59_112_,78.40_78.30_78.20_78.10_78.00_,40_55_33_24_217_
11:27:14,78.50,1,776,78.50_78.60_78.70_78.80_78.90_,23_2_28_59_112_,78.40_78.30_78.20_78.10_78.00_,40_55_32_24_217_
11:27:30,78.50,1,776,78.50_78.60_78.70_78.80_78.90_,23_2_28_60_112_,78.40_78.30_78.20_78.10_78.00_,40_55_32_24_217_
11:27:40,78.40,2,778,78.50_78.60_78.70_78.80_78.90_,23_2_28_60_112_,78.40_78.30_78.20_78.10_78.00_,38_55_32_24_217_
11:27:45,78.40,2,778,78.50_78.60_78.70_78.80_78.90_,23_2_28_60_112_,78.40_78.30_78.20_78.10_78.00_,39_55_32_24_217_
11:27:55,78.40,2,778,78.50_78.60_78.70_78.80_78.90_,23_2_28_60_112_,78.40_78.30_78.20_78.10_78.00_,40_55_32_24_217_
11:28:00,78.40,2,778,78.50_78.60_78.70_78.80_78.90_,23_2_28_60_112_,78.40_78.30_78.20_78.10_78.00_,40_56_32_24_217_
11:28:10,78.40,2,778,78.50_78.60_78.70_78.80_78.90_,23_3_28_60_112_,78.40_78.30_78.20_78.10_78.00_,40_56_32_24_217_
11:28:21,78.40,2,778,78.50_78.60_78.70_78.80_78.90_,23_7_28_60_112_,78.40_78.30_78.20_78.10_78.00_,42_56_32_24_217_
11:28:46,78.50,1,779,78.50_78.60_78.70_78.80_78.90_,22_7_28_60_112_,78.40_78.30_78.20_78.10_78.00_,42_56_32_24_217_
11:28:52,78.50,2,781,78.50_78.60_78.70_78.80_78.90_,20_7_28_60_112_,78.40_78.30_78.20_78.10_78.00_,42_56_32_24_217_
11:28:57,78.40,1,782,78.50_78.60_78.70_78.80_78.90_,20_7_28_60_112_,78.40_78.30_78.20_78.10_78.00_,42_56_32_24_217_
11:29:07,78.40,1,782,78.50_78.60_78.70_78.80_78.90_,20_7_28_60_112_,78.40_78.30_78.20_78.10_78.00_,43_56_32_24_217_
11:29:12,78.50,1,783,78.50_78.60_78.70_78.80_78.90_,20_7_28_60_112_,78.40_78.30_78.20_78.10_78.00_,43_56_32_24_217_
11:29:27,78.40,1,784,78.50_78.60_78.70_78.80_78.90_,20_7_28_60_112_,78.40_78.30_78.20_78.10_78.00_,43_56_32_24_217_
11:30:03,78.40,1,785,78.50_78.60_78.70_78.80_78.90_,20_7_28_60_112_,78.40_78.30_78.20_78.10_78.00_,42_56_32_24_217_
11:30:24,78.40,1,785,78.50_78.60_78.70_78.80_78.90_,20_7_28_60_112_,78.40_78.30_78.20_78.10_78.00_,43_57_33_24_217_
11:30:29,78.40,1,786,78.50_78.60_78.70_78.80_78.90_,20_7_28_60_112_,78.40_78.30_78.20_78.10_78.00_,43_57_33_24_217_
11:30:39,78.40,1,786,78.50_78.60_78.70_78.80_78.90_,20_7_28_60_112_,78.40_78.30_78.20_78.10_78.00_,44_57_33_24_217_
11:30:49,78.40,1,786,78.50_78.60_78.70_78.80_78.90_,19_7_28_60_112_,78.40_78.30_78.20_78.10_78.00_,44_57_33_24_217_
11:30:54,78.50,1,787,78.50_78.60_78.70_78.80_78.90_,18_7_28_60_112_,78.40_78.30_78.20_78.10_78.00_,44_57_33_24_217_
11:31:05,78.50,1,788,78.50_78.60_78.70_78.80_78.90_,17_8_28_60_112_,78.40_78.30_78.20_78.10_78.00_,43_57_33_24_217_
11:31:10,78.50,1,789,78.50_78.60_78.70_78.80_78.90_,16_8_28_60_112_,78.40_78.30_78.20_78.10_78.00_,43_57_33_24_217_
11:31:15,78.40,2,791,78.50_78.60_78.70_78.80_78.90_,16_8_28_60_112_,78.40_78.30_78.20_78.10_78.00_,41_57_33_24_217_
11:31:20,78.40,2,791,78.50_78.60_78.70_78.80_78.90_,17_8_28_60_112_,78.40_78.30_78.20_78.10_78.00_,41_57_33_24_217_
11:31:35,78.40,2,791,78.50_78.60_78.70_78.80_78.90_,17_8_28_60_112_,78.40_78.30_78.20_78.10_78.00_,42_57_33_24_217_
11:32:01,78.40,2,793,78.50_78.60_78.70_78.80_78.90_,17_8_28_60_112_,78.40_78.30_78.20_78.10_78.00_,40_57_33_24_217_
11:32:37,78.40,2,795,78.50_78.60_78.70_78.80_78.90_,17_8_28_60_112_,78.40_78.30_78.20_78.10_78.00_,38_57_33_24_217_
11:32:42,78.40,1,796,78.50_78.60_78.70_78.80_78.90_,17_8_31_60_109_,78.40_78.30_78.20_78.10_78.00_,37_57_33_24_217_
11:32:47,78.40,1,796,78.50_78.60_78.70_78.80_78.90_,17_8_31_60_109_,78.40_78.30_78.20_78.10_78.00_,37_60_32_24_217_
11:33:59,78.40,1,796,78.50_78.60_78.70_78.80_78.90_,17_8_31_60_109_,78.40_78.30_78.20_78.10_78.00_,37_60_32_24_218_
11:34:35,78.40,3,799,78.50_78.60_78.70_78.80_78.90_,17_8_31_60_109_,78.40_78.30_78.20_78.10_78.00_,34_60_32_24_218_
11:34:45,78.40,3,799,78.50_78.60_78.70_78.80_78.90_,17_8_31_60_109_,78.40_78.30_78.20_78.10_78.00_,35_60_32_24_218_
11:35:21,78.40,3,799,78.50_78.60_78.70_78.80_78.90_,17_14_31_60_109_,78.40_78.30_78.20_78.10_78.00_,35_60_32_24_218_
11:35:26,78.40,3,799,78.50_78.60_78.70_78.80_78.90_,17_14_31_60_109_,78.40_78.30_78.20_78.10_78.00_,36_60_32_24_218_
11:35:41,78.40,3,799,78.50_78.60_78.70_78.80_78.90_,27_14_31_60_109_,78.40_78.30_78.20_78.10_78.00_,36_60_32_24_218_
11:35:47,78.40,3,799,78.50_78.60_78.70_78.80_78.90_,27_14_31_60_109_,78.40_78.30_78.20_78.10_78.00_,36_57_32_27_218_
11:36:02,78.40,1,800,78.50_78.60_78.70_78.80_78.90_,27_13_31_60_109_,78.40_78.30_78.20_78.10_78.00_,35_57_32_27_218_
11:36:07,78.40,3,803,78.50_78.60_78.70_78.80_78.90_,27_14_31_60_109_,78.40_78.30_78.20_78.10_78.00_,33_57_32_27_218_
11:36:12,78.40,3,803,78.50_78.60_78.70_78.80_78.90_,28_14_31_60_109_,78.40_78.30_78.20_78.10_78.00_,33_57_32_27_218_
11:36:23,78.40,2,805,78.50_78.60_78.70_78.80_78.90_,28_14_31_60_109_,78.40_78.30_78.20_78.10_78.00_,31_57_32_27_218_
11:36:28,78.50,7,812,78.50_78.60_78.70_78.80_78.90_,21_14_31_60_109_,78.40_78.30_78.20_78.10_78.00_,31_57_32_27_218_
11:36:38,78.50,7,812,78.50_78.60_78.70_78.80_78.90_,26_14_31_60_109_,78.40_78.30_78.20_78.10_78.00_,31_57_32_27_218_
11:36:43,78.50,1,813,78.50_78.60_78.70_78.80_78.90_,25_14_31_60_109_,78.40_78.30_78.20_78.10_78.00_,31_57_32_27_218_
11:36:48,78.50,1,813,78.50_78.60_78.70_78.80_78.90_,25_14_31_60_109_,78.40_78.30_78.20_78.10_78.00_,32_57_32_27_218_
11:36:53,78.50,1,814,78.50_78.60_78.70_78.80_78.90_,24_14_31_60_109_,78.40_78.30_78.20_78.10_78.00_,32_57_32_27_218_
11:36:58,78.50,1,815,78.50_78.60_78.70_78.80_78.90_,23_14_31_60_109_,78.40_78.30_78.20_78.10_78.00_,32_57_32_27_218_
11:37:04,78.40,5,820,78.50_78.60_78.70_78.80_78.90_,23_14_31_60_109_,78.40_78.30_78.20_78.10_78.00_,27_57_32_27_218_
11:37:09,78.50,1,821,78.50_78.60_78.70_78.80_78.90_,23_14_31_60_109_,78.40_78.30_78.20_78.10_78.00_,27_57_32_27_218_
11:37:29,78.50,1,821,78.50_78.60_78.70_78.80_78.90_,24_14_31_60_109_,78.40_78.30_78.20_78.10_78.00_,27_57_32_27_218_
11:37:39,78.50,1,821,78.50_78.60_78.70_78.80_78.90_,27_14_31_60_109_,78.40_78.30_78.20_78.10_78.00_,27_57_32_27_218_
11:37:55,78.50,1,821,78.50_78.60_78.70_78.80_78.90_,27_14_31_60_109_,78.40_78.30_78.20_78.10_78.00_,28_57_32_27_218_
11:38:26,78.50,1,821,78.50_78.60_78.70_78.80_78.90_,29_14_31_60_109_,78.40_78.30_78.20_78.10_78.00_,28_57_32_27_218_
11:38:36,78.50,1,821,78.50_78.60_78.70_78.80_78.90_,29_14_31_60_109_,78.40_78.30_78.20_78.10_78.00_,29_57_32_27_218_
11:38:56,78.50,1,822,78.50_78.60_78.70_78.80_78.90_,28_14_31_64_104_,78.40_78.30_78.20_78.10_78.00_,29_57_32_27_218_
11:39:01,78.40,3,825,78.50_78.60_78.70_78.80_78.90_,25_14_31_64_104_,78.40_78.30_78.20_78.10_78.00_,26_57_32_27_218_
11:39:12,78.40,3,825,78.50_78.60_78.70_78.80_78.90_,30_14_31_64_104_,78.40_78.30_78.20_78.10_78.00_,27_57_32_27_218_
11:39:17,78.40,1,826,78.50_78.60_78.70_78.80_78.90_,31_14_31_64_104_,78.40_78.30_78.20_78.10_78.00_,27_57_32_27_218_
11:39:32,78.50,1,827,78.50_78.60_78.70_78.80_78.90_,30_14_31_64_104_,78.40_78.30_78.20_78.10_78.00_,27_57_32_27_218_
11:39:37,78.50,25,852,78.50_78.60_78.70_78.80_78.90_,5_14_31_64_104_,78.40_78.30_78.20_78.10_78.00_,27_57_32_27_218_
11:39:42,78.50,3,855,78.50_78.60_78.70_78.80_78.90_,3_14_31_64_104_,78.40_78.30_78.20_78.10_78.00_,28_57_33_27_218_
11:39:48,78.50,1,856,78.50_78.60_78.70_78.80_78.90_,2_14_31_64_104_,78.40_78.30_78.20_78.10_78.00_,28_56_33_27_218_
11:39:53,78.50,1,856,78.50_78.60_78.70_78.80_78.90_,2_14_31_64_104_,78.40_78.30_78.20_78.10_78.00_,31_53_33_27_218_
11:40:03,78.50,1,857,78.50_78.60_78.70_78.80_78.90_,1_14_31_64_104_,78.40_78.30_78.20_78.10_78.00_,31_53_33_27_218_
11:40:08,78.50,1,858,78.60_78.70_78.80_78.90_79.00_,14_31_64_104_49_,78.40_78.30_78.20_78.10_78.00_,31_52_33_27_218_
11:40:13,78.50,1,858,78.60_78.70_78.80_78.90_79.00_,14_31_64_75_78_,78.40_78.30_78.20_78.10_78.00_,31_55_33_24_218_
11:40:18,78.50,1,858,78.60_78.70_78.80_78.90_79.00_,14_31_64_75_78_,78.40_78.30_78.20_78.10_78.00_,32_55_33_24_218_
11:40:44,78.50,1,858,78.60_78.70_78.80_78.90_79.00_,14_31_64_75_78_,78.40_78.30_78.20_78.10_78.00_,31_55_33_24_218_
11:40:49,78.40,2,860,78.60_78.70_78.80_78.90_79.00_,14_31_64_75_78_,78.40_78.30_78.20_78.10_78.00_,29_55_33_24_218_
11:40:54,78.40,2,860,78.60_78.70_78.80_78.90_79.00_,14_31_64_75_78_,78.50_78.40_78.30_78.20_78.10_,1_28_55_33_24_
11:40:59,78.40,2,860,78.60_78.70_78.80_78.90_79.00_,14_31_64_57_96_,78.50_78.40_78.30_78.20_78.10_,9_16_55_33_55_
11:41:04,78.40,2,860,78.60_78.70_78.80_78.90_79.00_,14_31_60_62_96_,78.50_78.40_78.30_78.20_78.10_,11_15_55_32_55_
11:41:09,78.60,1,861,78.60_78.70_78.80_78.90_79.00_,13_31_60_62_96_,78.50_78.40_78.30_78.20_78.10_,11_15_55_32_55_
11:41:20,78.60,1,861,78.60_78.70_78.80_78.90_79.00_,13_31_60_62_96_,78.50_78.40_78.30_78.20_78.10_,12_15_55_32_55_
11:41:25,78.60,1,861,78.60_78.70_78.80_78.90_79.00_,17_31_60_62_96_,78.50_78.40_78.30_78.20_78.10_,14_13_55_32_55_
11:41:30,78.60,1,861,78.60_78.70_78.80_78.90_79.00_,17_31_60_62_96_,78.50_78.40_78.30_78.20_78.10_,15_13_55_32_55_
11:41:35,78.60,1,861,78.60_78.70_78.80_78.90_79.00_,17_31_60_62_96_,78.50_78.40_78.30_78.20_78.10_,15_14_55_32_55_
11:41:50,78.60,1,861,78.60_78.70_78.80_78.90_79.00_,17_31_60_62_96_,78.50_78.40_78.30_78.20_78.10_,15_13_55_32_55_
11:41:56,78.60,1,861,78.60_78.70_78.80_78.90_79.00_,17_31_60_62_96_,78.50_78.40_78.30_78.20_78.10_,22_10_55_32_55_
11:42:01,78.60,1,861,78.60_78.70_78.80_78.90_79.00_,17_31_60_62_96_,78.50_78.40_78.30_78.20_78.10_,23_9_55_32_55_
11:42:16,78.60,1,861,78.60_78.70_78.80_78.90_79.00_,17_31_60_62_96_,78.50_78.40_78.30_78.20_78.10_,24_8_55_32_55_
11:43:12,78.60,1,861,78.60_78.70_78.80_78.90_79.00_,17_28_60_65_96_,78.50_78.40_78.30_78.20_78.10_,24_8_55_32_55_
11:43:18,78.60,1,861,78.60_78.70_78.80_78.90_79.00_,17_29_60_65_96_,78.50_78.40_78.30_78.20_78.10_,24_8_55_32_55_
11:43:43,78.60,1,861,78.60_78.70_78.80_78.90_79.00_,22_29_60_65_96_,78.50_78.40_78.30_78.20_78.10_,24_8_55_32_55_
11:43:58,78.60,1,861,78.60_78.70_78.80_78.90_79.00_,22_29_60_65_96_,78.50_78.40_78.30_78.20_78.10_,25_8_55_32_55_
11:44:09,78.60,2,863,78.60_78.70_78.80_78.90_79.00_,20_29_60_65_96_,78.50_78.40_78.30_78.20_78.10_,25_8_55_32_55_
11:44:14,78.60,2,863,78.60_78.70_78.80_78.90_79.00_,20_29_60_65_96_,78.50_78.40_78.30_78.20_78.10_,26_8_55_32_55_
11:44:45,78.60,1,864,78.60_78.70_78.80_78.90_79.00_,19_29_60_65_96_,78.50_78.40_78.30_78.20_78.10_,25_8_55_32_55_
11:45:05,78.60,1,864,78.60_78.70_78.80_78.90_79.00_,19_29_60_65_96_,78.50_78.40_78.30_78.20_78.10_,24_8_55_32_55_
11:45:10,78.50,2,866,78.60_78.70_78.80_78.90_79.00_,19_29_59_65_96_,78.50_78.40_78.30_78.20_78.10_,22_8_55_32_55_
11:45:15,78.50,2,866,78.60_78.70_78.80_78.90_79.00_,19_29_59_65_96_,78.50_78.40_78.30_78.20_78.10_,23_9_55_32_55_
11:45:20,78.50,1,867,78.60_78.70_78.80_78.90_79.00_,19_29_59_65_96_,78.50_78.40_78.30_78.20_78.10_,22_9_55_32_55_
11:45:41,78.60,1,868,78.60_78.70_78.80_78.90_79.00_,18_29_59_65_96_,78.50_78.40_78.30_78.20_78.10_,22_9_55_32_55_
11:45:46,78.60,1,868,78.60_78.70_78.80_78.90_79.00_,18_29_59_65_96_,78.50_78.40_78.30_78.20_78.10_,22_8_55_32_55_
11:45:51,78.60,2,870,78.60_78.70_78.80_78.90_79.00_,16_29_59_65_96_,78.50_78.40_78.30_78.20_78.10_,22_8_55_32_55_
11:45:57,78.60,1,871,78.60_78.70_78.80_78.90_79.00_,16_29_59_65_96_,78.50_78.40_78.30_78.20_78.10_,22_8_55_32_55_
11:46:02,78.60,1,872,78.60_78.70_78.80_78.90_79.00_,16_29_59_65_96_,78.50_78.40_78.30_78.20_78.10_,22_8_55_32_55_
11:46:17,78.60,1,872,78.60_78.70_78.80_78.90_79.00_,16_29_59_65_96_,78.50_78.40_78.30_78.20_78.10_,23_8_55_32_55_
11:46:27,78.60,1,872,78.60_78.70_78.80_78.90_79.00_,16_29_59_65_96_,78.50_78.40_78.30_78.20_78.10_,23_8_52_29_55_
11:46:33,78.60,1,872,78.60_78.70_78.80_78.90_79.00_,16_29_59_65_96_,78.50_78.40_78.30_78.20_78.10_,23_11_55_29_55_
11:46:43,78.60,2,874,78.60_78.70_78.80_78.90_79.00_,17_29_59_65_96_,78.50_78.40_78.30_78.20_78.10_,21_11_55_29_55_
11:46:48,78.60,2,874,78.60_78.70_78.80_78.90_79.00_,17_29_59_65_96_,78.50_78.40_78.30_78.20_78.10_,23_11_55_29_55_
11:46:58,78.60,1,875,78.60_78.70_78.80_78.90_79.00_,16_29_59_65_96_,78.50_78.40_78.30_78.20_78.10_,23_11_55_29_55_
11:47:03,78.60,2,877,78.60_78.70_78.80_78.90_79.00_,14_29_59_65_96_,78.50_78.40_78.30_78.20_78.10_,24_11_55_29_55_
11:47:08,78.60,1,878,78.60_78.70_78.80_78.90_79.00_,13_29_59_65_96_,78.50_78.40_78.30_78.20_78.10_,24_11_55_29_55_
11:47:14,78.60,2,880,78.60_78.70_78.80_78.90_79.00_,15_29_59_65_96_,78.50_78.40_78.30_78.20_78.10_,23_11_55_29_55_
11:47:19,78.60,1,881,78.60_78.70_78.80_78.90_79.00_,14_29_59_65_97_,78.50_78.40_78.30_78.20_78.10_,23_11_56_29_55_
11:47:24,78.60,1,882,78.60_78.70_78.80_78.90_79.00_,13_29_59_65_97_,78.50_78.40_78.30_78.20_78.10_,23_11_56_29_55_
11:47:29,78.60,4,886,78.60_78.70_78.80_78.90_79.00_,9_29_59_65_97_,78.50_78.40_78.30_78.20_78.10_,21_11_56_29_55_
11:47:34,78.60,1,887,78.60_78.70_78.80_78.90_79.00_,8_29_59_65_97_,78.50_78.40_78.30_78.20_78.10_,23_11_56_29_55_
11:47:39,78.60,2,889,78.60_78.70_78.80_78.90_79.00_,6_29_56_65_100_,78.50_78.40_78.30_78.20_78.10_,23_11_55_29_55_
11:47:44,78.60,2,891,78.60_78.70_78.80_78.90_79.00_,4_29_56_65_101_,78.50_78.40_78.30_78.20_78.10_,23_11_55_29_55_
11:47:50,78.60,2,891,78.60_78.70_78.80_78.90_79.00_,4_29_56_65_101_,78.50_78.40_78.30_78.20_78.10_,22_11_55_29_55_
11:47:55,78.60,3,894,78.60_78.70_78.80_78.90_79.00_,1_29_56_65_101_,78.50_78.40_78.30_78.20_78.10_,22_11_55_29_55_
11:48:00,78.60,1,895,78.70_78.80_78.90_79.00_79.10_,29_56_65_101_8_,78.50_78.40_78.30_78.20_78.10_,22_11_55_29_55_
11:48:05,78.60,1,895,78.70_78.80_78.90_79.00_79.10_,29_56_65_72_37_,78.50_78.40_78.30_78.20_78.10_,22_11_55_29_57_
11:48:31,78.60,1,895,78.70_78.80_78.90_79.00_79.10_,29_56_65_72_37_,78.50_78.40_78.30_78.20_78.10_,21_11_55_29_57_
11:48:36,78.60,1,895,78.70_78.80_78.90_79.00_79.10_,29_56_65_72_37_,78.50_78.40_78.30_78.20_78.10_,24_11_55_29_57_
11:48:56,78.70,3,898,78.70_78.80_78.90_79.00_79.10_,26_56_65_72_37_,78.50_78.40_78.30_78.20_78.10_,25_8_55_29_57_
11:49:01,78.70,3,898,78.70_78.80_78.90_79.00_79.10_,26_56_65_72_37_,78.60_78.50_78.40_78.30_78.20_,2_23_8_55_29_
11:49:07,78.70,2,900,78.70_78.80_78.90_79.00_79.10_,24_56_65_72_37_,78.60_78.50_78.40_78.30_78.20_,14_14_8_56_59_
11:49:12,78.70,2,900,78.70_78.80_78.90_79.00_79.10_,24_56_60_77_37_,78.60_78.50_78.40_78.30_78.20_,14_14_18_56_59_
11:49:17,78.70,2,900,78.70_78.80_78.90_79.00_79.10_,24_56_60_77_37_,78.60_78.50_78.40_78.30_78.20_,15_14_18_56_59_
11:49:32,78.60,2,902,78.70_78.80_78.90_79.00_79.10_,24_56_60_77_37_,78.60_78.50_78.40_78.30_78.20_,13_14_18_56_59_
11:49:37,78.60,2,902,78.70_78.80_78.90_79.00_79.10_,25_57_60_59_55_,78.60_78.50_78.40_78.30_78.20_,14_13_18_56_59_
11:49:42,78.60,2,902,78.70_78.80_78.90_79.00_79.10_,24_57_60_59_55_,78.60_78.50_78.40_78.30_78.20_,14_13_18_56_59_
11:49:48,78.60,2,902,78.70_78.80_78.90_79.00_79.10_,25_57_60_59_55_,78.60_78.50_78.40_78.30_78.20_,14_13_18_56_59_
11:49:53,78.60,2,902,78.70_78.80_78.90_79.00_79.10_,33_56_60_59_55_,78.60_78.50_78.40_78.30_78.20_,20_7_18_56_59_
11:50:13,78.60,2,902,78.70_78.80_78.90_79.00_79.10_,33_56_60_59_55_,78.60_78.50_78.40_78.30_78.20_,19_7_18_56_59_
11:50:18,78.60,2,902,78.70_78.80_78.90_79.00_79.10_,33_56_60_59_55_,78.60_78.50_78.40_78.30_78.20_,20_7_18_56_59_
11:50:23,78.60,2,902,78.70_78.80_78.90_79.00_79.10_,33_56_60_59_55_,78.60_78.50_78.40_78.30_78.20_,22_6_18_56_59_
11:50:34,78.70,1,903,78.70_78.80_78.90_79.00_79.10_,32_56_60_59_55_,78.60_78.50_78.40_78.30_78.20_,21_6_18_56_59_
11:50:39,78.70,1,903,78.70_78.80_78.90_79.00_79.10_,32_56_60_77_37_,78.60_78.50_78.40_78.30_78.20_,21_6_18_56_59_
11:50:44,78.70,1,903,78.70_78.80_78.90_79.00_79.10_,32_56_60_77_37_,78.60_78.50_78.40_78.30_78.20_,20_6_18_56_59_
11:50:59,78.70,1,903,78.70_78.80_78.90_79.00_79.10_,33_56_60_77_37_,78.60_78.50_78.40_78.30_78.20_,20_9_18_56_59_
11:51:30,78.70,1,904,78.70_78.80_78.90_79.00_79.10_,32_56_60_77_37_,78.60_78.50_78.40_78.30_78.20_,20_9_18_56_59_
11:51:45,78.70,1,904,78.70_78.80_78.90_79.00_79.10_,37_56_60_77_37_,78.60_78.50_78.40_78.30_78.20_,20_9_18_56_59_
11:51:50,78.60,1,905,78.70_78.80_78.90_79.00_79.10_,37_56_60_77_37_,78.60_78.50_78.40_78.30_78.20_,19_9_18_56_59_
11:51:55,78.60,1,905,78.70_78.80_78.90_79.00_79.10_,38_55_60_59_55_,78.60_78.50_78.40_78.30_78.20_,19_9_18_56_59_
11:52:01,78.60,1,905,78.70_78.80_78.90_79.00_79.10_,38_55_60_59_55_,78.60_78.50_78.40_78.30_78.20_,20_9_18_56_59_
11:52:11,78.60,1,905,78.70_78.80_78.90_79.00_79.10_,38_55_60_59_55_,78.60_78.50_78.40_78.30_78.20_,21_9_18_56_59_
11:52:16,78.60,1,905,78.70_78.80_78.90_79.00_79.10_,37_55_60_59_55_,78.60_78.50_78.40_78.30_78.20_,22_9_18_56_59_
11:52:37,78.60,4,909,78.70_78.80_78.90_79.00_79.10_,37_55_60_59_55_,78.60_78.50_78.40_78.30_78.20_,18_9_18_56_59_
11:52:42,78.60,1,910,78.70_78.80_78.90_79.00_79.10_,38_55_60_59_55_,78.60_78.50_78.40_78.30_78.20_,17_9_18_56_59_
11:52:47,78.70,1,911,78.70_78.80_78.90_79.00_79.10_,37_55_60_59_55_,78.60_78.50_78.40_78.30_78.20_,17_9_18_56_59_
11:52:52,78.70,1,911,78.70_78.80_78.90_79.00_79.10_,37_55_60_77_37_,78.60_78.50_78.40_78.30_78.20_,17_9_18_56_59_
11:52:57,78.70,1,911,78.70_78.80_78.90_79.00_79.10_,38_56_60_77_37_,78.60_78.50_78.40_78.30_78.20_,17_9_18_56_59_
11:53:02,78.70,1,911,78.70_78.80_78.90_79.00_79.10_,39_56_60_77_37_,78.60_78.50_78.40_78.30_78.20_,17_9_18_56_59_
11:53:48,78.70,1,911,78.70_78.80_78.90_79.00_79.10_,41_56_60_77_37_,78.60_78.50_78.40_78.30_78.20_,17_9_18_56_59_
11:53:53,78.60,2,913,78.70_78.80_78.90_79.00_79.10_,46_56_60_77_37_,78.60_78.50_78.40_78.30_78.20_,15_9_18_56_59_
11:53:59,78.60,2,913,78.70_78.80_78.90_79.00_79.10_,46_56_60_59_55_,78.60_78.50_78.40_78.30_78.20_,15_9_18_56_59_
11:54:04,78.60,2,913,78.70_78.80_78.90_79.00_79.10_,46_56_60_59_55_,78.60_78.50_78.40_78.30_78.20_,14_9_18_56_59_
11:54:29,78.60,1,914,78.70_78.80_78.90_79.00_79.10_,46_56_60_59_55_,78.60_78.50_78.40_78.30_78.20_,13_9_18_56_59_
11:54:35,78.60,1,915,78.70_78.80_78.90_79.00_79.10_,45_56_60_59_55_,78.60_78.50_78.40_78.30_78.20_,12_9_18_56_59_
11:54:40,78.60,1,916,78.70_78.80_78.90_79.00_79.10_,54_56_60_59_55_,78.60_78.50_78.40_78.30_78.20_,16_9_18_56_59_
11:54:45,78.60,1,916,78.70_78.80_78.90_79.00_79.10_,54_56_60_59_55_,78.60_78.50_78.40_78.30_78.20_,18_9_18_56_59_
11:55:05,78.60,1,916,78.70_78.80_78.90_79.00_79.10_,54_56_60_59_55_,78.60_78.50_78.40_78.30_78.20_,19_9_18_56_59_
11:55:36,78.60,1,916,78.70_78.80_78.90_79.00_79.10_,54_56_60_59_55_,78.60_78.50_78.40_78.30_78.20_,19_6_18_56_59_
11:55:57,78.60,1,917,78.70_78.80_78.90_79.00_79.10_,54_56_60_59_55_,78.60_78.50_78.40_78.30_78.20_,18_6_18_56_59_
11:56:02,78.60,1,917,78.70_78.80_78.90_79.00_79.10_,54_56_60_59_55_,78.60_78.50_78.40_78.30_78.20_,19_6_18_56_59_
11:56:17,78.60,1,917,78.70_78.80_78.90_79.00_79.10_,54_57_60_59_55_,78.60_78.50_78.40_78.30_78.20_,19_6_18_56_59_
11:56:53,78.60,1,917,78.70_78.80_78.90_79.00_79.10_,54_57_60_59_55_,78.60_78.50_78.40_78.30_78.20_,20_6_18_56_59_
11:56:58,78.60,1,918,78.70_78.80_78.90_79.00_79.10_,54_57_60_59_55_,78.60_78.50_78.40_78.30_78.20_,19_6_18_56_59_
11:57:03,78.60,1,919,78.70_78.80_78.90_79.00_79.10_,54_56_60_59_55_,78.60_78.50_78.40_78.30_78.20_,18_6_18_56_59_
11:57:08,78.60,1,919,78.70_78.80_78.90_79.00_79.10_,54_56_60_59_55_,78.60_78.50_78.40_78.30_78.20_,42_6_18_56_59_
11:57:34,78.60,1,919,78.70_78.80_78.90_79.00_79.10_,54_56_60_59_55_,78.60_78.50_78.40_78.30_78.20_,43_6_18_56_59_
11:57:49,78.60,1,919,78.70_78.80_78.90_79.00_79.10_,54_56_60_59_55_,78.60_78.50_78.40_78.30_78.20_,44_6_18_56_59_
11:58:15,78.60,2,921,78.70_78.80_78.90_79.00_79.10_,54_56_60_59_55_,78.60_78.50_78.40_78.30_78.20_,42_6_18_56_59_
11:58:20,78.60,2,921,78.70_78.80_78.90_79.00_79.10_,54_56_60_77_37_,78.60_78.50_78.40_78.30_78.20_,45_3_18_56_59_
11:58:51,78.60,2,921,78.70_78.80_78.90_79.00_79.10_,54_56_60_77_37_,78.60_78.50_78.40_78.30_78.20_,44_3_18_56_59_
11:58:56,78.60,2,921,78.70_78.80_78.90_79.00_79.10_,54_56_60_77_37_,78.60_78.50_78.40_78.30_78.20_,45_3_18_56_59_
11:59:07,78.60,2,921,78.70_78.80_78.90_79.00_79.10_,54_55_60_77_37_,78.60_78.50_78.40_78.30_78.20_,45_3_18_56_59_
11:59:42,78.60,2,921,78.70_78.80_78.90_79.00_79.10_,54_55_60_79_37_,78.60_78.50_78.40_78.30_78.20_,45_3_18_56_59_
11:59:48,78.70,1,922,78.70_78.80_78.90_79.00_79.10_,53_55_60_79_37_,78.60_78.50_78.40_78.30_78.20_,45_3_18_56_59_
11:59:53,78.60,1,923,78.70_78.80_78.90_79.00_79.10_,53_55_60_79_37_,78.60_78.50_78.40_78.30_78.20_,44_6_18_56_59_
12:00:34,78.60,1,923,78.70_78.80_78.90_79.00_79.10_,53_55_60_79_37_,78.60_78.50_78.40_78.30_78.20_,47_6_18_56_59_
12:00:39,78.60,1,923,78.70_78.80_78.90_79.00_79.10_,53_55_60_61_55_,78.60_78.50_78.40_78.30_78.20_,47_6_18_56_59_
12:00:49,78.60,1,923,78.70_78.80_78.90_79.00_79.10_,53_55_60_61_55_,78.60_78.50_78.40_78.30_78.20_,47_10_18_56_59_
12:00:54,78.60,1,923,78.70_78.80_78.90_79.00_79.10_,53_55_60_61_55_,78.60_78.50_78.40_78.30_78.20_,48_10_18_56_59_
12:00:59,78.70,1,924,78.70_78.80_78.90_79.00_79.10_,52_55_60_61_55_,78.60_78.50_78.40_78.30_78.20_,48_10_18_56_59_
12:01:04,78.70,1,924,78.70_78.80_78.90_79.00_79.10_,52_55_60_79_37_,78.60_78.50_78.40_78.30_78.20_,48_10_18_56_59_
12:01:09,78.70,1,925,78.70_78.80_78.90_79.00_79.10_,51_55_60_79_37_,78.60_78.50_78.40_78.30_78.20_,48_10_18_56_59_
12:01:25,78.70,1,925,78.70_78.80_78.90_79.00_79.10_,60_55_60_79_37_,78.60_78.50_78.40_78.30_78.20_,48_10_18_56_59_
12:01:30,78.70,1,926,78.70_78.80_78.90_79.00_79.10_,59_55_60_79_37_,78.60_78.50_78.40_78.30_78.20_,45_8_18_56_59_
12:01:35,78.70,1,927,78.70_78.80_78.90_79.00_79.10_,58_55_60_79_37_,78.60_78.50_78.40_78.30_78.20_,46_8_18_56_59_
12:01:40,78.70,1,927,78.70_78.80_78.90_79.00_79.10_,60_53_60_79_37_,78.60_78.50_78.40_78.30_78.20_,46_8_18_56_59_
12:01:45,78.70,1,927,78.70_78.80_78.90_79.00_79.10_,62_51_60_79_37_,78.60_78.50_78.40_78.30_78.20_,46_8_18_56_59_
12:02:01,78.70,1,927,78.70_78.80_78.90_79.00_79.10_,62_51_60_79_37_,78.60_78.50_78.40_78.30_78.20_,50_4_18_56_59_
12:02:06,78.70,1,927,78.70_78.80_78.90_79.00_79.10_,62_51_60_79_37_,78.60_78.50_78.40_78.30_78.20_,51_4_18_56_59_
12:02:11,78.60,11,938,78.70_78.80_78.90_79.00_79.10_,62_51_60_79_37_,78.60_78.50_78.40_78.30_78.20_,45_4_18_56_59_
12:02:16,78.60,11,938,78.70_78.80_78.90_79.00_79.10_,62_51_60_79_37_,78.60_78.50_78.40_78.30_78.20_,46_4_18_56_59_
12:02:21,78.60,11,938,78.70_78.80_78.90_79.00_79.10_,62_51_60_79_37_,78.60_78.50_78.40_78.30_78.20_,47_4_18_56_59_
12:02:26,78.60,9,947,78.70_78.80_78.90_79.00_79.10_,53_51_60_79_37_,78.60_78.50_78.40_78.30_78.20_,38_4_18_56_59_
12:02:31,78.60,9,947,78.70_78.80_78.90_79.00_79.10_,53_51_60_79_37_,78.60_78.50_78.40_78.30_78.20_,39_4_18_56_59_
12:02:37,78.60,2,949,78.70_78.80_78.90_79.00_79.10_,53_51_60_79_37_,78.60_78.50_78.40_78.30_78.20_,37_4_18_56_59_
12:03:02,78.60,1,950,78.70_78.80_78.90_79.00_79.10_,53_50_60_79_37_,78.60_78.50_78.40_78.30_78.20_,36_4_18_56_59_
12:03:07,78.60,1,950,78.70_78.80_78.90_79.00_79.10_,53_50_60_79_37_,78.60_78.50_78.40_78.30_78.20_,37_4_18_56_59_
12:03:12,78.60,1,950,78.70_78.80_78.90_79.00_79.10_,53_50_60_79_37_,78.60_78.50_78.40_78.30_78.20_,39_4_18_56_59_
12:03:18,78.60,1,950,78.70_78.80_78.90_79.00_79.10_,53_51_60_79_37_,78.60_78.50_78.40_78.30_78.20_,39_4_18_56_59_
12:03:23,78.60,1,950,78.70_78.80_78.90_79.00_79.10_,53_51_60_79_37_,78.60_78.50_78.40_78.30_78.20_,40_4_18_56_59_
12:03:38,78.60,1,950,78.70_78.80_78.90_79.00_79.10_,53_51_60_79_37_,78.60_78.50_78.40_78.30_78.20_,41_4_18_56_59_
12:03:48,78.60,1,950,78.70_78.80_78.90_79.00_79.10_,55_51_60_79_37_,78.60_78.50_78.40_78.30_78.20_,40_4_18_56_59_
12:03:53,78.60,1,950,78.70_78.80_78.90_79.00_79.10_,55_51_60_79_37_,78.60_78.50_78.40_78.30_78.20_,41_4_18_56_59_
12:04:45,78.60,1,951,78.70_78.80_78.90_79.00_79.10_,55_51_60_79_37_,78.60_78.50_78.40_78.30_78.20_,40_4_18_56_59_
12:05:10,78.60,1,951,78.70_78.80_78.90_79.00_79.10_,56_51_60_79_37_,78.60_78.50_78.40_78.30_78.20_,40_4_18_56_59_
12:05:26,78.60,1,952,78.70_78.80_78.90_79.00_79.10_,56_51_60_79_37_,78.60_78.50_78.40_78.30_78.20_,39_4_18_56_59_
12:05:52,78.60,1,952,78.70_78.80_78.90_79.00_79.10_,56_51_60_79_37_,78.60_78.50_78.40_78.30_78.20_,40_4_18_56_59_
12:06:33,78.60,1,952,78.70_78.80_78.90_79.00_79.10_,56_50_60_79_37_,78.60_78.50_78.40_78.30_78.20_,40_4_18_56_59_
12:06:53,78.60,1,953,78.70_78.80_78.90_79.00_79.10_,56_50_60_79_37_,78.60_78.50_78.40_78.30_78.20_,39_4_18_56_59_
12:06:58,78.60,3,956,78.70_78.80_78.90_79.00_79.10_,56_50_60_61_55_,78.60_78.50_78.40_78.30_78.20_,36_4_18_56_59_
12:07:19,78.60,9,965,78.70_78.80_78.90_79.00_79.10_,47_50_60_61_55_,78.60_78.50_78.40_78.30_78.20_,28_4_18_56_59_
12:07:24,78.60,9,965,78.70_78.80_78.90_79.00_79.10_,47_50_60_79_37_,78.60_78.50_78.40_78.30_78.20_,28_4_18_56_59_
12:07:29,78.60,9,965,78.70_78.80_78.90_79.00_79.10_,47_50_62_79_37_,78.60_78.50_78.40_78.30_78.20_,28_4_18_56_59_
12:07:39,78.60,9,965,78.70_78.80_78.90_79.00_79.10_,47_50_62_79_37_,78.60_78.50_78.40_78.30_78.20_,31_4_18_56_59_
12:07:55,78.60,9,965,78.70_78.80_78.90_79.00_79.10_,47_50_62_79_37_,78.60_78.50_78.40_78.30_78.20_,34_1_18_56_59_
12:08:00,78.60,9,965,78.70_78.80_78.90_79.00_79.10_,47_50_62_79_37_,78.60_78.50_78.40_78.30_78.20_,33_1_18_56_59_
12:08:05,78.60,9,965,78.70_78.80_78.90_79.00_79.10_,57_50_62_79_37_,78.60_78.50_78.40_78.30_78.20_,33_6_18_56_59_
12:08:10,78.60,9,965,78.70_78.80_78.90_79.00_79.10_,57_50_62_79_37_,78.60_78.50_78.40_78.30_78.20_,34_6_18_56_59_
12:08:51,78.60,9,965,78.70_78.80_78.90_79.00_79.10_,57_50_62_79_37_,78.60_78.50_78.40_78.30_78.20_,35_6_18_56_59_
12:08:56,78.60,9,965,78.70_78.80_78.90_79.00_79.10_,57_50_62_78_36_,78.60_78.50_78.40_78.30_78.20_,35_6_18_56_59_
12:09:58,78.60,9,965,78.70_78.80_78.90_79.00_79.10_,57_50_62_78_36_,78.60_78.50_78.40_78.30_78.20_,36_6_18_56_59_
12:10:03,78.60,1,966,78.70_78.80_78.90_79.00_79.10_,57_49_62_78_36_,78.60_78.50_78.40_78.30_78.20_,35_6_18_56_59_
12:10:08,78.60,1,966,78.70_78.80_78.90_79.00_79.10_,57_50_62_78_36_,78.60_78.50_78.40_78.30_78.20_,35_6_18_56_59_
12:10:18,78.60,1,967,78.70_78.80_78.90_79.00_79.10_,57_50_62_78_36_,78.60_78.50_78.40_78.30_78.20_,34_6_18_56_59_
12:10:23,78.60,1,967,78.70_78.80_78.90_79.00_79.10_,57_50_62_78_36_,78.60_78.50_78.40_78.30_78.20_,34_9_18_56_59_
12:10:49,78.60,1,967,78.70_78.80_78.90_79.00_79.10_,57_50_62_78_36_,78.60_78.50_78.40_78.30_78.20_,35_9_18_56_59_
12:10:54,78.70,1,968,78.70_78.80_78.90_79.00_79.10_,56_50_62_78_36_,78.60_78.50_78.40_78.30_78.20_,35_9_18_56_59_
12:11:09,78.70,1,968,78.70_78.80_78.90_79.00_79.10_,56_50_62_78_36_,78.60_78.50_78.40_78.30_78.20_,36_9_18_56_59_
12:11:14,78.70,1,969,78.70_78.80_78.90_79.00_79.10_,55_50_62_78_36_,78.60_78.50_78.40_78.30_78.20_,36_9_18_56_59_
12:11:20,78.60,2,971,78.70_78.80_78.90_79.00_79.10_,55_50_62_78_36_,78.60_78.50_78.40_78.30_78.20_,34_9_18_56_59_
12:11:30,78.60,2,971,78.70_78.80_78.90_79.00_79.10_,55_50_62_78_36_,78.60_78.50_78.40_78.30_78.20_,31_9_18_56_59_
12:11:45,78.60,2,971,78.70_78.80_78.90_79.00_79.10_,55_50_62_78_36_,78.60_78.50_78.40_78.30_78.20_,31_10_19_57_60_
12:12:11,78.70,1,972,78.70_78.80_78.90_79.00_79.10_,54_50_62_78_36_,78.60_78.50_78.40_78.30_78.20_,30_10_19_57_60_
12:12:16,78.70,1,973,78.70_78.80_78.90_79.00_79.10_,53_50_62_78_36_,78.60_78.50_78.40_78.30_78.20_,31_10_19_57_60_
12:12:26,78.70,1,974,78.70_78.80_78.90_79.00_79.10_,52_50_62_78_36_,78.60_78.50_78.40_78.30_78.20_,31_10_19_57_60_
12:12:31,78.70,1,974,78.70_78.80_78.90_79.00_79.10_,52_50_62_78_36_,78.60_78.50_78.40_78.30_78.20_,35_10_19_57_60_
12:12:42,78.70,1,975,78.70_78.80_78.90_79.00_79.10_,51_50_62_78_36_,78.60_78.50_78.40_78.30_78.20_,35_10_19_57_60_
12:12:57,78.70,1,975,78.70_78.80_78.90_79.00_79.10_,51_50_62_78_36_,78.60_78.50_78.40_78.30_78.20_,34_10_19_57_60_
12:13:02,78.60,1,976,78.70_78.80_78.90_79.00_79.10_,51_49_62_78_36_,78.60_78.50_78.40_78.30_78.20_,38_10_16_57_60_
12:13:28,78.60,1,976,78.70_78.80_78.90_79.00_79.10_,51_49_62_78_36_,78.60_78.50_78.40_78.30_78.20_,35_10_16_57_60_
12:13:33,78.60,2,978,78.70_78.80_78.90_79.00_79.10_,51_49_62_78_36_,78.60_78.50_78.40_78.30_78.20_,32_10_16_57_60_
12:13:38,78.60,2,980,78.70_78.80_78.90_79.00_79.10_,51_50_62_78_36_,78.60_78.50_78.40_78.30_78.20_,30_10_16_57_60_
12:13:43,78.60,2,980,78.70_78.80_78.90_79.00_79.10_,51_50_62_78_36_,78.60_78.50_78.40_78.30_78.20_,29_10_16_58_60_
12:13:48,78.60,2,980,78.70_78.80_78.90_79.00_79.10_,51_50_62_78_36_,78.60_78.50_78.40_78.30_78.20_,30_10_16_58_60_
12:13:54,78.60,10,990,78.70_78.80_78.90_79.00_79.10_,41_50_62_78_36_,78.60_78.50_78.40_78.30_78.20_,21_10_16_58_60_
12:13:59,78.70,1,991,78.70_78.80_78.90_79.00_79.10_,40_50_62_78_36_,78.60_78.50_78.40_78.30_78.20_,23_10_16_57_60_
12:14:19,78.70,1,991,78.70_78.80_78.90_79.00_79.10_,40_50_62_78_36_,78.60_78.50_78.40_78.30_78.20_,24_10_16_57_60_
12:14:40,78.70,1,991,78.70_78.80_78.90_79.00_79.10_,40_50_62_78_36_,78.60_78.50_78.40_78.30_78.20_,25_10_16_57_60_
12:14:45,78.70,1,991,78.70_78.80_78.90_79.00_79.10_,51_50_62_78_36_,78.60_78.50_78.40_78.30_78.20_,25_10_16_57_60_
12:15:16,78.70,1,991,78.70_78.80_78.90_79.00_79.10_,51_50_62_78_36_,78.60_78.50_78.40_78.30_78.20_,26_10_16_57_60_
12:15:41,78.60,2,993,78.70_78.80_78.90_79.00_79.10_,51_50_62_78_36_,78.60_78.50_78.40_78.30_78.20_,24_10_16_57_60_
12:15:46,78.60,2,993,78.70_78.80_78.90_79.00_79.10_,51_50_62_78_36_,78.60_78.50_78.40_78.30_78.20_,25_10_16_57_60_
12:16:07,78.60,1,994,78.70_78.80_78.90_79.00_79.10_,51_50_62_78_36_,78.60_78.50_78.40_78.30_78.20_,24_10_16_57_60_
12:16:33,78.60,5,999,78.70_78.80_78.90_79.00_79.10_,51_50_62_78_36_,78.60_78.50_78.40_78.30_78.20_,20_10_16_57_60_
12:16:48,78.60,5,999,78.70_78.80_78.90_79.00_79.10_,51_50_62_78_36_,78.60_78.50_78.40_78.30_78.20_,23_10_16_57_60_
12:16:53,78.60,5,999,78.70_78.80_78.90_79.00_79.10_,51_50_62_78_36_,78.60_78.50_78.40_78.30_78.20_,26_7_16_57_60_
12:16:58,78.60,5,999,78.70_78.80_78.90_79.00_79.10_,54_50_62_78_36_,78.60_78.50_78.40_78.30_78.20_,27_7_16_57_60_
12:17:04,78.60,1,1000,78.70_78.80_78.90_79.00_79.10_,54_49_62_78_36_,78.60_78.50_78.40_78.30_78.20_,26_7_16_57_60_
12:17:09,78.60,1,1000,78.70_78.80_78.90_79.00_79.10_,54_50_62_78_36_,78.60_78.50_78.40_78.30_78.20_,27_7_16_57_60_
12:17:29,78.60,1,1000,78.70_78.80_78.90_79.00_79.10_,54_50_62_78_36_,78.60_78.50_78.40_78.30_78.20_,28_7_16_57_60_
12:17:34,78.60,1,1000,78.70_78.80_78.90_79.00_79.10_,54_50_62_78_36_,78.60_78.50_78.40_78.30_78.20_,25_7_16_57_60_
12:17:55,78.60,1,1000,78.70_78.80_78.90_79.00_79.10_,54_50_62_78_36_,78.60_78.50_78.40_78.30_78.20_,24_7_16_57_60_
12:18:00,78.60,1,1000,78.70_78.80_78.90_79.00_79.10_,54_50_62_78_36_,78.60_78.50_78.40_78.30_78.20_,25_7_16_57_60_
12:18:05,78.60,1,1000,78.70_78.80_78.90_79.00_79.10_,54_50_63_78_36_,78.60_78.50_78.40_78.30_78.20_,25_7_16_57_60_
12:18:41,78.60,1,1000,78.70_78.80_78.90_79.00_79.10_,54_50_63_78_36_,78.60_78.50_78.40_78.30_78.20_,24_7_16_57_60_
12:19:17,78.60,1,1000,78.70_78.80_78.90_79.00_79.10_,54_50_63_78_36_,78.60_78.50_78.40_78.30_78.20_,25_7_16_57_60_
12:19:32,78.60,1,1000,78.70_78.80_78.90_79.00_79.10_,54_50_63_78_36_,78.60_78.50_78.40_78.30_78.20_,26_7_16_57_60_
12:19:53,78.60,1,1000,78.70_78.80_78.90_79.00_79.10_,54_50_63_78_36_,78.60_78.50_78.40_78.30_78.20_,27_10_16_57_60_
12:20:03,78.60,2,1002,78.70_78.80_78.90_79.00_79.10_,54_50_63_78_36_,78.60_78.50_78.40_78.30_78.20_,25_10_16_57_60_
12:20:19,78.60,1,1003,78.70_78.80_78.90_79.00_79.10_,54_50_63_78_36_,78.60_78.50_78.40_78.30_78.20_,24_10_16_57_60_
12:20:39,78.60,10,1013,78.70_78.80_78.90_79.00_79.10_,44_50_63_78_36_,78.60_78.50_78.40_78.30_78.20_,14_10_16_57_60_
12:20:44,78.60,1,1014,78.70_78.80_78.90_79.00_79.10_,44_50_63_78_36_,78.60_78.50_78.40_78.30_78.20_,17_10_16_57_60_
12:20:49,78.60,1,1014,78.70_78.80_78.90_79.00_79.10_,44_50_63_78_36_,78.60_78.50_78.40_78.30_78.20_,18_10_16_57_60_
12:20:54,78.60,1,1014,78.70_78.80_78.90_79.00_79.10_,44_50_63_79_36_,78.60_78.50_78.40_78.30_78.20_,18_10_16_57_60_
12:21:25,78.60,1,1014,78.70_78.80_78.90_79.00_79.10_,55_50_63_79_36_,78.60_78.50_78.40_78.30_78.20_,18_10_16_57_60_
12:21:30,78.60,1,1014,78.70_78.80_78.90_79.00_79.10_,55_50_63_79_36_,78.60_78.50_78.40_78.30_78.20_,19_10_16_57_60_
12:21:35,78.60,1,1014,78.70_78.80_78.90_79.00_79.10_,55_50_63_79_36_,78.60_78.50_78.40_78.30_78.20_,20_10_16_57_60_
12:22:22,78.60,1,1014,78.70_78.80_78.90_79.00_79.10_,55_50_63_79_36_,78.60_78.50_78.40_78.30_78.20_,21_10_16_57_60_
12:22:52,78.60,1,1014,78.70_78.80_78.90_79.00_79.10_,55_50_63_79_36_,78.60_78.50_78.40_78.30_78.20_,20_10_16_57_60_
12:22:57,78.60,1,1014,78.70_78.80_78.90_79.00_79.10_,55_50_63_79_36_,78.60_78.50_78.40_78.30_78.20_,21_10_16_57_60_
12:23:03,78.60,5,1019,78.70_78.80_78.90_79.00_79.10_,55_50_63_79_36_,78.60_78.50_78.40_78.30_78.20_,17_10_16_57_60_
12:23:08,78.60,5,1019,78.70_78.80_78.90_79.00_79.10_,55_50_63_79_36_,78.60_78.50_78.40_78.30_78.20_,18_10_16_57_60_
12:23:13,78.70,2,1021,78.70_78.80_78.90_79.00_79.10_,53_50_63_79_36_,78.60_78.50_78.40_78.30_78.20_,18_10_16_57_60_
12:23:18,78.60,5,1026,78.70_78.80_78.90_79.00_79.10_,53_50_63_80_36_,78.60_78.50_78.40_78.30_78.20_,13_10_16_57_60_
12:24:04,78.60,1,1027,78.70_78.80_78.90_79.00_79.10_,53_49_63_80_36_,78.60_78.50_78.40_78.30_78.20_,12_10_16_57_60_
12:24:09,78.70,1,1028,78.70_78.80_78.90_79.00_79.10_,52_50_63_80_36_,78.60_78.50_78.40_78.30_78.20_,11_10_16_57_60_
12:24:25,78.70,3,1031,78.70_78.80_78.90_79.00_79.10_,51_50_63_80_36_,78.60_78.50_78.40_78.30_78.20_,11_10_16_57_60_
12:24:30,78.70,3,1034,78.70_78.80_78.90_79.00_79.10_,48_50_63_80_36_,78.60_78.50_78.40_78.30_78.20_,12_10_16_57_60_
12:24:35,78.70,3,1034,78.70_78.80_78.90_79.00_79.10_,50_50_63_80_36_,78.60_78.50_78.40_78.30_78.20_,12_10_16_57_60_
12:24:55,78.70,3,1034,78.70_78.80_78.90_79.00_79.10_,50_50_63_80_36_,78.60_78.50_78.40_78.30_78.20_,13_10_16_57_60_
12:25:11,78.70,3,1034,78.70_78.80_78.90_79.00_79.10_,50_50_63_80_36_,78.60_78.50_78.40_78.30_78.20_,14_10_16_57_60_
12:25:16,78.60,1,1035,78.70_78.80_78.90_79.00_79.10_,50_50_63_80_36_,78.60_78.50_78.40_78.30_78.20_,13_10_16_57_60_
12:25:26,78.60,1,1035,78.70_78.80_78.90_79.00_79.10_,51_50_63_80_36_,78.60_78.50_78.40_78.30_78.20_,13_10_16_57_60_
12:25:57,78.60,1,1035,78.70_78.80_78.90_79.00_79.10_,51_50_63_80_36_,78.60_78.50_78.40_78.30_78.20_,16_7_16_57_60_
12:26:18,78.60,1,1036,78.70_78.80_78.90_79.00_79.10_,51_50_63_80_36_,78.60_78.50_78.40_78.30_78.20_,15_7_16_57_60_
12:26:23,78.70,1,1037,78.70_78.80_78.90_79.00_79.10_,50_50_63_80_36_,78.60_78.50_78.40_78.30_78.20_,15_7_16_57_60_
12:26:28,78.60,4,1041,78.70_78.80_78.90_79.00_79.10_,50_50_63_80_36_,78.60_78.50_78.40_78.30_78.20_,11_7_16_57_60_
12:26:33,78.70,1,1042,78.70_78.80_78.90_79.00_79.10_,49_50_63_80_36_,78.60_78.50_78.40_78.30_78.20_,15_7_16_57_60_
12:26:38,78.70,1,1042,78.70_78.80_78.90_79.00_79.10_,49_50_63_80_36_,78.60_78.50_78.40_78.30_78.20_,17_7_16_57_60_
12:26:59,78.70,1,1042,78.70_78.80_78.90_79.00_79.10_,49_50_63_80_36_,78.60_78.50_78.40_78.30_78.20_,16_7_16_57_60_
12:27:04,78.70,1,1042,78.70_78.80_78.90_79.00_79.10_,48_49_63_80_36_,78.60_78.50_78.40_78.30_78.20_,17_7_16_57_60_
12:27:09,78.70,1,1042,78.70_78.80_78.90_79.00_79.10_,50_49_63_80_36_,78.60_78.50_78.40_78.30_78.20_,17_7_16_57_60_
12:27:19,78.60,11,1053,78.70_78.80_78.90_79.00_79.10_,39_50_63_80_36_,78.60_78.50_78.40_78.30_78.20_,6_7_16_57_60_
12:27:24,78.70,2,1055,78.70_78.80_78.90_79.00_79.10_,37_50_63_80_36_,78.60_78.50_78.40_78.30_78.20_,7_7_16_57_60_
12:27:35,78.60,2,1057,78.70_78.80_78.90_79.00_79.10_,37_50_63_80_36_,78.60_78.50_78.40_78.30_78.20_,5_7_16_57_60_
12:27:40,78.60,2,1057,78.70_78.80_78.90_79.00_79.10_,37_50_63_80_36_,78.60_78.50_78.40_78.30_78.20_,6_7_16_57_60_
12:27:50,78.60,3,1060,78.70_78.80_78.90_79.00_79.10_,37_50_63_80_36_,78.60_78.50_78.40_78.30_78.20_,3_7_16_57_60_
12:27:55,78.60,3,1060,78.70_78.80_78.90_79.00_79.10_,37_50_63_80_36_,78.60_78.50_78.40_78.30_78.20_,7_7_16_57_60_
12:28:00,78.60,3,1060,78.70_78.80_78.90_79.00_79.10_,37_50_63_80_36_,78.60_78.50_78.40_78.30_78.20_,9_7_16_57_60_
12:28:05,78.60,3,1060,78.70_78.80_78.90_79.00_79.10_,48_50_63_80_36_,78.60_78.50_78.40_78.30_78.20_,10_7_16_57_60_
12:28:21,78.60,1,1061,78.70_78.80_78.90_79.00_79.10_,48_50_63_80_36_,78.60_78.50_78.40_78.30_78.20_,10_7_16_57_60_
12:28:26,78.60,1,1061,78.70_78.80_78.90_79.00_79.10_,48_50_63_80_36_,78.60_78.50_78.40_78.30_78.20_,10_10_16_57_60_
12:28:46,78.60,2,1063,78.70_78.80_78.90_79.00_79.10_,48_50_63_80_36_,78.60_78.50_78.40_78.30_78.20_,8_10_16_57_60_
12:28:52,78.60,2,1063,78.70_78.80_78.90_79.00_79.10_,48_50_63_80_36_,78.60_78.50_78.40_78.30_78.20_,6_10_16_57_60_
12:29:07,78.70,1,1064,78.70_78.80_78.90_79.00_79.10_,47_53_63_77_36_,78.60_78.50_78.40_78.30_78.20_,6_10_16_57_60_
12:29:12,78.70,1,1064,78.70_78.80_78.90_79.00_79.10_,47_53_63_77_36_,78.60_78.50_78.40_78.30_78.20_,8_10_16_57_60_
12:29:17,78.70,1,1065,78.70_78.80_78.90_79.00_79.10_,56_53_63_77_36_,78.60_78.50_78.40_78.30_78.20_,8_10_16_57_60_
12:29:22,78.70,1,1065,78.70_78.80_78.90_79.00_79.10_,56_53_63_77_36_,78.60_78.50_78.40_78.30_78.20_,9_10_16_57_60_
12:29:27,78.70,1,1066,78.70_78.80_78.90_79.00_79.10_,55_53_63_77_36_,78.60_78.50_78.40_78.30_78.20_,10_10_16_57_60_
12:30:39,78.60,5,1071,78.70_78.80_78.90_79.00_79.10_,55_53_63_77_36_,78.60_78.50_78.40_78.30_78.20_,5_10_16_57_60_
12:30:44,78.60,1,1072,78.70_78.80_78.90_79.00_79.10_,55_53_63_77_36_,78.60_78.50_78.40_78.30_78.20_,8_10_16_57_60_
12:30:49,78.70,1,1073,78.70_78.80_78.90_79.00_79.10_,54_53_63_77_36_,78.60_78.50_78.40_78.30_78.20_,8_10_16_57_60_
12:31:00,78.70,1,1074,78.70_78.80_78.90_79.00_79.10_,53_53_63_77_36_,78.60_78.50_78.40_78.30_78.20_,8_10_16_57_60_
12:31:05,78.70,1,1074,78.70_78.80_78.90_79.00_79.10_,53_53_63_77_36_,78.60_78.50_78.40_78.30_78.20_,9_10_16_57_60_
12:31:36,78.60,6,1080,78.70_78.80_78.90_79.00_79.10_,53_53_63_77_36_,78.60_78.50_78.40_78.30_78.20_,3_10_16_57_60_
12:31:41,78.60,1,1081,78.70_78.80_78.90_79.00_79.10_,53_53_63_77_36_,78.60_78.50_78.40_78.30_78.20_,2_10_16_57_60_
12:31:46,78.60,1,1081,78.70_78.80_78.90_79.00_79.10_,53_53_63_77_36_,78.60_78.50_78.40_78.30_78.20_,3_10_16_57_60_
12:32:27,78.60,1,1081,78.70_78.80_78.90_79.00_79.10_,53_53_63_77_36_,78.60_78.50_78.40_78.30_78.20_,4_10_16_57_60_
12:32:58,78.60,1,1081,78.70_78.80_78.90_79.00_79.10_,53_53_63_77_36_,78.60_78.50_78.40_78.30_78.20_,5_10_16_57_60_
12:33:13,78.60,2,1083,78.70_78.80_78.90_79.00_79.10_,53_53_63_77_36_,78.60_78.50_78.40_78.30_78.20_,3_10_16_57_60_
12:33:18,78.60,2,1085,78.70_78.80_78.90_79.00_79.10_,53_53_63_77_36_,78.60_78.50_78.40_78.30_78.20_,5_10_16_57_60_
12:33:33,78.60,2,1087,78.70_78.80_78.90_79.00_79.10_,53_53_63_77_36_,78.60_78.50_78.40_78.30_78.20_,4_10_16_57_60_
12:33:54,78.50,11,1098,78.70_78.80_78.90_79.00_79.10_,42_53_63_77_36_,78.50_78.40_78.30_78.20_78.10_,3_16_57_60_24_
12:33:59,78.50,11,1098,78.70_78.80_78.90_79.00_79.10_,42_53_63_77_36_,78.50_78.40_78.30_78.20_78.10_,3_13_57_31_58_
12:34:04,78.50,1,1099,78.70_78.80_78.90_79.00_79.10_,42_52_63_77_36_,78.50_78.40_78.30_78.20_78.10_,3_13_57_31_58_
12:34:20,78.50,1,1099,78.70_78.80_78.90_79.00_79.10_,42_53_63_77_36_,78.50_78.40_78.30_78.20_78.10_,3_13_57_31_58_
12:34:25,78.50,1,1099,78.70_78.80_78.90_79.00_79.10_,42_53_63_77_36_,78.60_78.50_78.40_78.30_78.20_,1_3_13_57_31_
12:34:30,78.50,1,1099,78.70_78.80_78.90_79.00_79.10_,42_53_63_77_36_,78.60_78.50_78.40_78.30_78.20_,1_4_13_57_63_
12:34:35,78.70,1,1100,78.70_78.80_78.90_79.00_79.10_,41_53_63_77_36_,78.60_78.50_78.40_78.30_78.20_,1_4_13_57_63_
12:34:40,78.70,1,1100,78.70_78.80_78.90_79.00_79.10_,41_53_63_77_36_,78.60_78.50_78.40_78.30_78.20_,2_4_13_57_63_
12:34:45,78.70,1,1100,78.70_78.80_78.90_79.00_79.10_,56_53_63_77_36_,78.60_78.50_78.40_78.30_78.20_,2_4_13_57_63_
12:34:56,78.70,1,1100,78.70_78.80_78.90_79.00_79.10_,56_53_63_77_36_,78.60_78.50_78.40_78.30_78.20_,6_1_13_57_63_
12:36:13,78.70,1,1100,78.70_78.80_78.90_79.00_79.10_,56_53_63_77_34_,78.60_78.50_78.40_78.30_78.20_,6_1_13_57_63_
12:36:18,78.60,1,1101,78.70_78.80_78.90_79.00_79.10_,56_53_63_77_34_,78.60_78.50_78.40_78.30_78.20_,5_1_16_57_60_
12:36:23,78.60,1,1101,78.70_78.80_78.90_79.00_79.10_,56_53_63_77_34_,78.60_78.50_78.40_78.30_78.20_,6_1_16_57_60_
12:36:33,78.60,1,1101,78.70_78.80_78.90_79.00_79.10_,56_53_63_77_34_,78.60_78.50_78.40_78.30_78.20_,7_1_16_57_60_
12:36:38,78.60,1,1101,78.70_78.80_78.90_79.00_79.10_,57_53_63_77_34_,78.60_78.50_78.40_78.30_78.20_,7_1_16_57_60_
12:36:59,78.60,1,1101,78.70_78.80_78.90_79.00_79.10_,57_53_63_78_34_,78.60_78.50_78.40_78.30_78.20_,7_1_16_57_60_
12:37:35,78.60,2,1103,78.70_78.80_78.90_79.00_79.10_,57_53_63_78_34_,78.60_78.50_78.40_78.30_78.20_,5_1_16_57_60_
12:37:40,78.60,1,1104,78.70_78.80_78.90_79.00_79.10_,57_53_63_78_34_,78.60_78.50_78.40_78.30_78.20_,4_4_16_57_60_
12:37:45,78.70,1,1105,78.70_78.80_78.90_79.00_79.10_,56_53_63_78_34_,78.60_78.50_78.40_78.30_78.20_,3_5_16_57_60_
12:37:50,78.70,1,1105,78.70_78.80_78.90_79.00_79.10_,56_53_63_78_34_,78.60_78.50_78.40_78.30_78.20_,7_5_16_57_60_
12:37:55,78.70,1,1106,78.70_78.80_78.90_79.00_79.10_,55_53_63_78_34_,78.60_78.50_78.40_78.30_78.20_,7_5_16_57_60_
12:38:00,78.60,1,1107,78.70_78.80_78.90_79.00_79.10_,55_53_63_78_34_,78.60_78.50_78.40_78.30_78.20_,7_5_16_57_60_
12:38:05,78.60,1,1107,78.70_78.80_78.90_79.00_79.10_,55_53_63_78_34_,78.60_78.50_78.40_78.30_78.20_,8_5_16_57_60_
12:38:11,78.70,1,1108,78.70_78.80_78.90_79.00_79.10_,54_53_63_78_34_,78.60_78.50_78.40_78.30_78.20_,8_5_16_57_60_
12:38:21,78.70,1,1109,78.70_78.80_78.90_79.00_79.10_,53_53_63_78_34_,78.60_78.50_78.40_78.30_78.20_,8_5_16_57_60_
12:38:31,78.70,1,1110,78.70_78.80_78.90_79.00_79.10_,52_53_63_78_34_,78.60_78.50_78.40_78.30_78.20_,8_5_16_57_60_
12:38:36,78.70,1,1111,78.70_78.80_78.90_79.00_79.10_,51_53_63_78_34_,78.60_78.50_78.40_78.30_78.20_,8_5_16_57_60_
12:38:46,78.70,1,1112,78.70_78.80_78.90_79.00_79.10_,50_53_63_78_34_,78.60_78.50_78.40_78.30_78.20_,8_5_16_57_60_
12:38:57,78.70,3,1115,78.70_78.80_78.90_79.00_79.10_,47_53_63_78_34_,78.60_78.50_78.40_78.30_78.20_,8_5_16_57_60_
12:39:12,78.70,1,1116,78.70_78.80_78.90_79.00_79.10_,46_53_63_78_34_,78.60_78.50_78.40_78.30_78.20_,8_5_16_57_60_
12:39:17,78.70,1,1117,78.70_78.80_78.90_79.00_79.10_,45_53_63_78_34_,78.60_78.50_78.40_78.30_78.20_,8_5_16_57_60_
12:39:33,78.70,1,1118,78.70_78.80_78.90_79.00_79.10_,44_53_63_78_34_,78.60_78.50_78.40_78.30_78.20_,8_5_16_57_60_
12:39:53,78.70,1,1118,78.70_78.80_78.90_79.00_79.10_,43_53_63_78_34_,78.60_78.50_78.40_78.30_78.20_,9_4_16_57_60_
12:39:58,78.70,1,1119,78.70_78.80_78.90_79.00_79.10_,42_53_63_78_34_,78.60_78.50_78.40_78.30_78.20_,11_4_16_57_60_
12:40:08,78.70,1,1120,78.70_78.80_78.90_79.00_79.10_,41_53_63_78_34_,78.60_78.50_78.40_78.30_78.20_,11_4_16_57_60_
12:40:19,78.60,1,1121,78.70_78.80_78.90_79.00_79.10_,41_53_63_78_34_,78.60_78.50_78.40_78.30_78.20_,11_4_16_57_60_
12:40:39,78.50,15,1136,78.70_78.80_78.90_79.00_79.10_,26_53_62_78_34_,78.50_78.40_78.30_78.20_78.10_,1_16_57_60_25_
12:40:44,78.50,15,1136,78.70_78.80_78.90_79.00_79.10_,26_53_62_78_34_,78.50_78.40_78.30_78.20_78.10_,2_13_57_31_57_
12:40:54,78.50,15,1136,78.70_78.80_78.90_79.00_79.10_,26_53_62_78_34_,78.60_78.50_78.40_78.30_78.20_,1_2_13_57_31_
12:41:00,78.50,15,1136,78.70_78.80_78.90_79.00_79.10_,26_53_62_78_34_,78.60_78.50_78.40_78.30_78.20_,3_2_13_57_63_
12:41:05,78.50,15,1136,78.70_78.80_78.90_79.00_79.10_,27_52_62_78_34_,78.60_78.50_78.40_78.30_78.20_,3_2_13_57_63_
12:41:10,78.60,1,1137,78.70_78.80_78.90_79.00_79.10_,27_52_62_78_34_,78.60_78.50_78.40_78.30_78.20_,2_2_13_57_63_
12:41:15,78.60,1,1137,78.70_78.80_78.90_79.00_79.10_,27_53_62_78_34_,78.60_78.50_78.40_78.30_78.20_,2_2_13_57_63_
12:41:20,78.60,1,1137,78.70_78.80_78.90_79.00_79.10_,27_53_62_78_34_,78.60_78.50_78.40_78.30_78.20_,2_3_13_57_63_
12:41:25,78.60,1,1137,78.70_78.80_78.90_79.00_79.10_,36_53_62_78_34_,78.60_78.50_78.40_78.30_78.20_,2_3_13_57_63_
12:41:35,78.60,1,1137,78.70_78.80_78.90_79.00_79.10_,36_53_62_78_39_,78.60_78.50_78.40_78.30_78.20_,2_3_13_57_63_
12:41:56,78.50,4,1141,78.70_78.80_78.90_79.00_79.10_,36_53_62_78_39_,78.50_78.40_78.30_78.20_78.10_,1_13_57_63_25_
12:42:01,78.50,4,1141,78.60_78.70_78.80_78.90_79.00_,1_36_52_62_78_,78.50_78.40_78.30_78.20_78.10_,1_13_57_31_57_
12:42:06,78.50,4,1141,78.60_78.70_78.80_78.90_79.00_,1_36_52_84_84_,78.50_78.40_78.30_78.20_78.10_,1_13_57_31_57_
12:42:11,78.40,2,1143,78.60_78.70_78.80_78.90_79.00_,10_27_52_84_85_,78.40_78.30_78.20_78.10_78.00_,12_57_31_57_196_
12:42:16,78.40,2,1143,78.60_78.70_78.80_78.90_79.00_,10_27_52_84_85_,78.40_78.30_78.20_78.10_78.00_,14_55_38_25_228_
12:42:21,78.40,2,1143,78.60_78.70_78.80_78.90_79.00_,10_27_52_84_85_,78.40_78.30_78.20_78.10_78.00_,16_55_38_25_228_
12:42:57,78.40,10,1153,78.60_78.70_78.80_78.90_79.00_,10_30_52_81_85_,78.40_78.30_78.20_78.10_78.00_,6_55_38_25_228_
12:43:02,78.40,10,1153,78.50_78.60_78.70_78.80_78.90_,1_11_28_52_81_,78.40_78.30_78.20_78.10_78.00_,11_55_38_25_228_
12:43:08,78.50,1,1154,78.50_78.60_78.70_78.80_78.90_,9_2_28_70_92_,78.40_78.30_78.20_78.10_78.00_,10_55_38_25_229_
12:43:13,78.50,1,1154,78.50_78.60_78.70_78.80_78.90_,10_1_28_74_88_,78.40_78.30_78.20_78.10_78.00_,11_55_38_25_229_
12:43:18,78.50,10,1164,78.60_78.70_78.80_78.90_79.00_,1_28_74_88_56_,78.40_78.30_78.20_78.10_78.00_,11_52_38_28_229_
12:43:23,78.50,10,1164,78.70_78.80_78.90_79.00_79.10_,29_56_77_85_10_,78.50_78.40_78.30_78.20_78.10_,1_12_55_38_25_
12:43:28,78.50,10,1164,78.70_78.80_78.90_79.00_79.10_,29_52_64_74_39_,78.50_78.40_78.30_78.20_78.10_,3_10_55_38_57_
12:43:33,78.50,10,1164,78.70_78.80_78.90_79.00_79.10_,29_52_64_74_39_,78.50_78.40_78.30_78.20_78.10_,3_8_55_38_57_
12:43:38,78.40,12,1176,78.70_78.80_78.90_79.00_79.10_,29_52_64_74_39_,78.30_78.20_78.10_78.00_77.90_,55_38_57_197_13_
12:43:44,78.40,12,1176,78.70_78.80_78.90_79.00_79.10_,29_52_82_73_22_,78.30_78.20_78.10_78.00_77.90_,55_38_25_198_44_
12:43:54,78.40,12,1176,78.70_78.80_78.90_79.00_79.10_,29_52_82_73_22_,78.40_78.30_78.20_78.10_78.00_,1_56_38_25_198_
12:43:59,78.40,12,1176,78.70_78.80_78.90_79.00_79.10_,29_52_82_56_39_,78.40_78.30_78.20_78.10_78.00_,1_53_38_29_228_
12:44:04,78.40,12,1176,78.70_78.80_78.90_79.00_79.10_,29_52_82_56_39_,78.40_78.30_78.20_78.10_78.00_,1_52_38_29_228_
12:44:09,78.40,12,1176,78.70_78.80_78.90_79.00_79.10_,29_52_82_56_39_,78.40_78.30_78.20_78.10_78.00_,2_52_38_29_228_
12:44:25,78.50,1,1177,78.70_78.80_78.90_79.00_79.10_,29_75_59_85_10_,78.40_78.30_78.20_78.10_78.00_,2_52_38_28_229_
12:44:30,78.50,1,1177,78.70_78.80_78.90_79.00_79.10_,29_57_77_56_39_,78.40_78.30_78.20_78.10_78.00_,2_55_38_26_228_
12:44:35,78.50,1,1177,78.70_78.80_78.90_79.00_79.10_,29_57_77_56_39_,78.40_78.30_78.20_78.10_78.00_,2_59_38_26_228_
12:44:55,78.50,1,1177,78.70_78.80_78.90_79.00_79.10_,29_57_77_56_39_,78.40_78.30_78.20_78.10_78.00_,3_59_38_26_228_
12:45:00,78.50,1,1177,78.70_78.80_78.90_79.00_79.10_,29_53_82_56_39_,78.40_78.30_78.20_78.10_78.00_,3_59_38_26_228_
12:46:17,78.50,1,1177,78.70_78.80_78.90_79.00_79.10_,36_53_82_56_39_,78.40_78.30_78.20_78.10_78.00_,3_59_38_26_228_
12:46:38,78.50,1,1177,78.70_78.80_78.90_79.00_79.10_,36_53_82_56_39_,78.40_78.30_78.20_78.10_78.00_,4_59_38_26_228_
12:46:43,78.50,1,1177,78.70_78.80_78.90_79.00_79.10_,36_53_82_56_39_,78.40_78.30_78.20_78.10_78.00_,4_58_38_26_228_
12:46:58,78.50,1,1177,78.50_78.70_78.80_78.90_79.00_,50_36_53_82_56_,78.40_78.30_78.20_78.10_78.00_,4_58_38_26_228_
12:47:04,78.50,1,1177,78.50_78.70_78.80_78.90_79.00_,58_29_75_59_85_,78.40_78.30_78.20_78.10_78.00_,4_55_38_28_229_
12:47:19,78.50,1,1177,78.50_78.70_78.80_78.90_79.00_,58_29_75_59_85_,78.40_78.30_78.20_78.10_78.00_,5_55_38_28_229_
12:48:05,78.50,1,1177,78.50_78.70_78.80_78.90_79.00_,59_28_75_59_85_,78.40_78.30_78.20_78.10_78.00_,5_55_38_28_229_
12:48:21,78.50,1,1177,78.50_78.60_78.70_78.80_78.90_,59_1_28_75_59_,78.40_78.30_78.20_78.10_78.00_,5_55_38_28_229_
12:49:48,78.50,1,1177,78.50_78.60_78.70_78.80_78.90_,59_1_28_75_59_,78.40_78.30_78.20_78.10_78.00_,6_55_38_28_229_
12:49:53,78.50,1,1177,78.50_78.60_78.70_78.80_78.90_,59_1_28_75_88_,78.40_78.30_78.20_78.10_78.00_,9_52_38_28_230_
12:49:58,78.50,1,1177,78.50_78.60_78.70_78.80_78.90_,59_1_28_75_88_,78.40_78.30_78.20_78.10_78.00_,10_52_38_28_230_
12:50:13,78.50,1,1177,78.50_78.60_78.70_78.80_78.90_,68_1_28_75_88_,78.40_78.30_78.20_78.10_78.00_,10_52_38_28_230_
12:50:19,78.50,1,1177,78.50_78.60_78.70_78.80_78.90_,68_1_28_75_88_,78.40_78.30_78.20_78.10_78.00_,33_52_38_28_230_
12:50:24,78.50,1,1177,78.50_78.60_78.70_78.80_78.90_,68_1_28_75_88_,78.40_78.30_78.20_78.10_78.00_,41_52_38_28_230_
12:50:29,78.50,1,1178,78.50_78.60_78.70_78.80_78.90_,67_1_28_75_88_,78.40_78.30_78.20_78.10_78.00_,41_52_38_28_230_
12:50:44,78.50,1,1178,78.50_78.60_78.70_78.80_78.90_,67_1_28_75_88_,78.40_78.30_78.20_78.10_78.00_,42_52_38_28_230_
12:51:05,78.40,1,1179,78.50_78.70_78.80_78.90_79.00_,67_28_75_88_56_,78.40_78.30_78.20_78.10_78.00_,41_52_38_28_230_
12:51:10,78.40,1,1179,78.50_78.70_78.80_78.90_79.00_,72_28_75_59_85_,78.40_78.30_78.20_78.10_78.00_,41_52_38_28_230_
12:51:20,78.50,2,1181,78.50_78.70_78.80_78.90_79.00_,70_28_75_59_85_,78.40_78.30_78.20_78.10_78.00_,41_52_38_28_230_
12:51:25,78.50,2,1181,78.50_78.60_78.70_78.80_78.90_,70_1_28_75_59_,78.40_78.30_78.20_78.10_78.00_,42_52_38_28_230_
12:51:30,78.50,2,1183,78.50_78.60_78.70_78.80_78.90_,68_1_28_75_88_,78.40_78.30_78.20_78.10_78.00_,43_52_38_28_230_
12:51:40,78.50,1,1184,78.50_78.60_78.70_78.80_78.90_,67_3_28_75_88_,78.40_78.30_78.20_78.10_78.00_,44_52_38_28_230_
12:51:46,78.50,1,1185,78.50_78.60_78.70_78.80_78.90_,66_3_28_75_88_,78.40_78.30_78.20_78.10_78.00_,44_52_38_28_230_
12:51:51,78.50,7,1192,78.50_78.60_78.70_78.80_78.90_,59_3_28_75_88_,78.40_78.30_78.20_78.10_78.00_,44_52_38_28_231_
12:51:56,78.50,1,1193,78.50_78.60_78.70_78.80_78.90_,58_3_28_75_88_,78.40_78.30_78.20_78.10_78.00_,44_52_38_28_231_
12:52:01,78.50,4,1197,78.50_78.60_78.70_78.80_78.90_,54_3_28_75_88_,78.40_78.30_78.20_78.10_78.00_,44_52_38_28_231_
12:52:11,78.50,4,1201,78.50_78.60_78.70_78.80_78.90_,50_3_28_75_88_,78.40_78.30_78.20_78.10_78.00_,44_52_38_28_231_
12:52:16,78.50,1,1202,78.50_78.60_78.70_78.80_78.90_,49_3_28_75_88_,78.40_78.30_78.20_78.10_78.00_,45_52_38_28_231_
12:52:21,78.50,3,1205,78.50_78.60_78.70_78.80_78.90_,46_3_28_75_88_,78.40_78.30_78.20_78.10_78.00_,46_52_38_28_231_
12:52:27,78.50,4,1209,78.50_78.60_78.70_78.80_78.90_,42_3_28_75_88_,78.40_78.30_78.20_78.10_78.00_,46_52_38_28_231_
12:52:32,78.50,1,1210,78.50_78.60_78.70_78.80_78.90_,41_3_28_75_88_,78.40_78.30_78.20_78.10_78.00_,46_55_38_25_231_
12:52:37,78.50,1,1210,78.50_78.60_78.70_78.80_78.90_,41_3_28_75_88_,78.40_78.30_78.20_78.10_78.00_,46_58_38_25_231_
12:52:42,78.50,3,1213,78.50_78.60_78.70_78.80_78.90_,38_3_25_75_91_,78.40_78.30_78.20_78.10_78.00_,48_58_38_25_231_
12:52:47,78.50,2,1215,78.50_78.60_78.70_78.80_78.90_,36_3_25_75_91_,78.40_78.30_78.20_78.10_78.00_,52_58_38_25_231_
12:52:52,78.50,1,1216,78.50_78.60_78.70_78.80_78.90_,35_3_25_75_91_,78.40_78.30_78.20_78.10_78.00_,52_58_38_25_231_
12:52:57,78.50,2,1218,78.50_78.60_78.70_78.80_78.90_,33_3_25_75_91_,78.40_78.30_78.20_78.10_78.00_,53_58_38_25_231_
12:53:08,78.50,1,1219,78.50_78.60_78.70_78.80_78.90_,32_3_25_75_91_,78.40_78.30_78.20_78.10_78.00_,53_58_38_25_231_
12:53:59,78.50,2,1221,78.50_78.60_78.70_78.80_78.90_,30_3_25_75_91_,78.40_78.30_78.20_78.10_78.00_,53_58_38_25_231_
12:54:04,78.40,1,1222,78.50_78.60_78.70_78.80_78.90_,30_2_25_75_91_,78.40_78.30_78.20_78.10_78.00_,52_58_38_25_231_
12:54:09,78.50,2,1224,78.50_78.60_78.70_78.80_78.90_,28_2_25_75_91_,78.40_78.30_78.20_78.10_78.00_,52_58_38_25_231_
12:54:19,78.50,2,1226,78.50_78.60_78.70_78.80_78.90_,26_2_25_75_91_,78.40_78.30_78.20_78.10_78.00_,71_58_38_25_231_
12:54:25,78.50,2,1226,78.50_78.60_78.70_78.80_78.90_,31_2_25_75_91_,78.40_78.30_78.20_78.10_78.00_,71_58_38_25_231_
12:54:35,78.50,2,1228,78.50_78.60_78.70_78.80_78.90_,29_2_25_75_91_,78.40_78.30_78.20_78.10_78.00_,71_58_38_25_231_
12:54:40,78.50,3,1231,78.50_78.60_78.70_78.80_78.90_,26_2_25_75_91_,78.40_78.30_78.20_78.10_78.00_,70_58_38_25_231_
12:54:45,78.50,1,1232,78.50_78.60_78.70_78.80_78.90_,25_2_25_75_91_,78.40_78.30_78.20_78.10_78.00_,70_58_38_25_231_
12:55:06,78.50,1,1232,78.50_78.60_78.70_78.80_78.90_,25_2_25_75_91_,78.40_78.30_78.20_78.10_78.00_,71_58_38_25_231_
12:55:16,78.50,1,1233,78.50_78.60_78.70_78.80_78.90_,24_3_25_75_91_,78.40_78.30_78.20_78.10_78.00_,71_58_38_25_231_
12:55:26,78.50,1,1233,78.50_78.60_78.70_78.80_78.90_,24_3_24_75_91_,78.40_78.30_78.20_78.10_78.00_,72_58_38_25_231_
12:55:36,78.50,1,1234,78.50_78.60_78.70_78.80_78.90_,23_3_24_75_91_,78.40_78.30_78.20_78.10_78.00_,72_58_38_25_231_
12:55:41,78.50,2,1236,78.50_78.60_78.70_78.80_78.90_,21_3_24_75_91_,78.40_78.30_78.20_78.10_78.00_,72_58_38_25_231_
12:55:46,78.50,21,1257,78.60_78.70_78.80_78.90_79.00_,3_24_75_91_56_,78.50_78.40_78.30_78.20_78.10_,1_72_58_38_25_
12:55:52,78.50,21,1257,78.60_78.70_78.80_78.90_79.00_,4_24_52_84_85_,78.50_78.40_78.30_78.20_78.10_,10_66_58_38_58_
12:55:57,78.60,3,1260,78.60_78.70_78.80_78.90_79.00_,1_24_52_84_85_,78.50_78.40_78.30_78.20_78.10_,13_66_55_38_58_
12:56:02,78.60,3,1260,78.60_78.70_78.80_78.90_79.00_,1_24_52_84_85_,78.50_78.40_78.30_78.20_78.10_,50_33_55_35_58_
12:56:07,78.60,1,1261,78.70_78.80_78.90_79.00_79.10_,24_52_84_85_10_,78.60_78.50_78.40_78.30_78.20_,2_50_33_55_35_
12:56:12,78.70,4,1265,78.70_78.80_78.90_79.00_79.10_,20_49_62_82_39_,78.60_78.50_78.40_78.30_78.20_,11_43_31_58_61_
12:56:17,78.70,1,1266,78.70_78.80_78.90_79.00_79.10_,19_49_62_82_39_,78.60_78.50_78.40_78.30_78.20_,11_44_31_58_61_
12:56:22,78.70,2,1268,78.70_78.80_78.90_79.00_79.10_,17_49_62_82_39_,78.60_78.50_78.40_78.30_78.20_,45_10_31_58_61_
12:56:28,78.70,4,1272,78.70_78.80_78.90_79.00_79.10_,13_49_62_82_39_,78.60_78.50_78.40_78.30_78.20_,48_9_28_58_61_
12:56:33,78.70,13,1285,78.80_78.90_79.00_79.10_79.20_,49_62_82_39_12_,78.60_78.50_78.40_78.30_78.20_,35_9_28_58_61_
12:56:38,78.70,13,1285,78.80_78.90_79.00_79.10_79.20_,49_62_64_28_41_,78.60_78.50_78.40_78.30_78.20_,36_9_28_58_61_
12:56:48,78.80,1,1286,78.80_78.90_79.00_79.10_79.20_,48_62_64_28_41_,78.60_78.50_78.40_78.30_78.20_,36_9_28_58_61_
12:56:53,78.80,1,1286,78.80_78.90_79.00_79.10_79.20_,48_62_82_10_41_,78.70_78.60_78.50_78.40_78.30_,3_37_9_25_58_
12:56:58,78.80,1,1286,78.80_78.90_79.00_79.10_79.20_,48_62_59_32_41_,78.70_78.60_78.50_78.40_78.30_,34_6_7_25_91_
12:57:03,78.80,1,1286,78.80_78.90_79.00_79.10_79.20_,48_62_59_32_41_,78.70_78.60_78.50_78.40_78.30_,36_7_7_25_91_
12:57:09,78.80,1,1286,78.80_78.90_79.00_79.10_79.20_,48_62_59_32_41_,78.70_78.60_78.50_78.40_78.30_,36_7_10_25_88_
12:57:14,78.80,1,1286,78.80_78.90_79.00_79.10_79.20_,49_62_59_32_41_,78.70_78.60_78.50_78.40_78.30_,36_7_10_25_88_
12:57:19,78.80,1,1286,78.80_78.90_79.00_79.10_79.20_,49_62_59_32_41_,78.70_78.60_78.50_78.40_78.30_,37_7_10_25_88_
12:57:24,78.80,1,1286,78.80_78.90_79.00_79.10_79.20_,49_62_59_32_41_,78.70_78.60_78.50_78.40_78.30_,39_5_10_25_88_
12:57:29,78.80,1,1287,78.80_78.90_79.00_79.10_79.20_,48_62_59_32_41_,78.70_78.60_78.50_78.40_78.30_,39_5_10_25_88_
12:57:34,78.80,1,1287,78.80_78.90_79.00_79.10_79.20_,63_62_61_32_41_,78.70_78.60_78.50_78.40_78.30_,58_5_10_6_88_
12:57:39,78.80,1,1287,78.80_78.90_79.00_79.10_79.20_,63_62_61_32_41_,78.70_78.60_78.50_78.40_78.30_,61_4_10_6_88_
12:57:45,78.80,1,1288,78.80_78.90_79.00_79.10_79.20_,62_62_61_32_41_,78.70_78.60_78.50_78.40_78.30_,61_4_10_6_88_
12:57:55,78.80,1,1289,78.80_78.90_79.00_79.10_79.20_,62_62_61_32_41_,78.70_78.60_78.50_78.40_78.30_,65_4_7_6_88_
12:58:05,78.80,1,1290,78.80_78.90_79.00_79.10_79.20_,61_59_61_35_41_,78.70_78.60_78.50_78.40_78.30_,65_4_7_6_88_
12:58:20,78.80,1,1290,78.80_78.90_79.00_79.10_79.20_,61_60_61_35_41_,78.70_78.60_78.50_78.40_78.30_,66_4_7_6_88_
12:58:36,78.80,1,1291,78.80_78.90_79.00_79.10_79.20_,61_60_61_35_41_,78.70_78.60_78.50_78.40_78.30_,64_4_7_6_88_
12:58:41,78.70,50,1341,78.80_78.90_79.00_79.10_79.20_,61_60_61_35_41_,78.70_78.60_78.50_78.40_78.30_,14_4_7_6_88_
12:58:46,78.70,2,1343,78.80_78.90_79.00_79.10_79.20_,61_60_61_35_41_,78.70_78.60_78.50_78.40_78.30_,14_4_7_6_88_
12:58:51,78.70,2,1343,78.80_78.90_79.00_79.10_79.20_,61_63_62_32_41_,78.70_78.60_78.50_78.40_78.30_,14_4_7_6_88_
12:58:56,78.70,1,1344,78.80_78.90_79.00_79.10_79.20_,61_63_62_32_41_,78.70_78.60_78.50_78.40_78.30_,13_4_7_6_88_
12:59:01,78.70,1,1344,78.80_78.90_79.00_79.10_79.20_,62_63_62_32_41_,78.70_78.60_78.50_78.40_78.30_,13_4_7_6_88_
12:59:06,78.80,2,1346,78.80_78.90_79.00_79.10_79.20_,60_63_62_32_41_,78.70_78.60_78.50_78.40_78.30_,12_3_7_6_88_
12:59:22,78.80,2,1346,78.80_78.90_79.00_79.10_79.20_,61_63_62_32_41_,78.70_78.60_78.50_78.40_78.30_,12_3_7_6_88_
12:59:27,78.80,2,1346,78.80_78.90_79.00_79.10_79.20_,61_63_62_32_41_,78.70_78.60_78.50_78.40_78.30_,12_3_9_6_88_
12:59:37,78.80,2,1346,78.80_78.90_79.00_79.10_79.20_,61_63_62_32_41_,78.70_78.60_78.50_78.40_78.30_,12_3_8_6_88_
12:59:53,78.80,2,1346,78.80_78.90_79.00_79.10_79.20_,61_63_62_35_41_,78.70_78.60_78.50_78.40_78.30_,12_3_8_6_88_
13:00:03,78.80,2,1346,78.80_78.90_79.00_79.10_79.20_,61_63_62_35_41_,78.70_78.60_78.50_78.40_78.30_,12_3_8_14_88_
13:00:08,78.80,2,1346,78.80_78.90_79.00_79.10_79.20_,61_63_62_35_41_,78.70_78.60_78.50_78.40_78.30_,13_3_8_14_88_
13:00:18,78.80,2,1346,78.80_78.90_79.00_79.10_79.20_,61_63_62_35_41_,78.70_78.60_78.50_78.40_78.30_,14_3_8_14_88_
13:00:33,78.80,2,1346,78.80_78.90_79.00_79.10_79.20_,62_63_62_35_41_,78.70_78.60_78.50_78.40_78.30_,17_3_8_14_88_
13:00:54,78.80,2,1346,78.80_78.90_79.00_79.10_79.20_,62_63_62_35_41_,78.70_78.60_78.50_78.40_78.30_,17_6_8_14_88_
13:00:59,78.70,2,1348,78.80_78.90_79.00_79.10_79.20_,62_63_62_35_41_,78.70_78.60_78.50_78.40_78.30_,15_6_8_14_88_
13:01:04,78.70,2,1348,78.80_78.90_79.00_79.10_79.20_,63_62_62_35_41_,78.70_78.60_78.50_78.40_78.30_,15_6_8_14_88_
13:01:09,78.70,2,1348,78.80_78.90_79.00_79.10_79.20_,63_62_62_35_41_,78.70_78.60_78.50_78.40_78.30_,16_6_8_14_88_
13:01:14,78.70,1,1349,78.80_78.90_79.00_79.10_79.20_,63_62_62_35_41_,78.70_78.60_78.50_78.40_78.30_,15_6_8_14_88_
13:01:30,78.70,1,1349,78.80_78.90_79.00_79.10_79.20_,63_62_62_35_43_,78.70_78.60_78.50_78.40_78.30_,15_6_8_14_88_
13:01:40,78.70,1,1349,78.80_78.90_79.00_79.10_79.20_,63_62_62_35_43_,78.70_78.60_78.50_78.40_78.30_,16_6_8_14_88_
13:01:45,78.70,5,1354,78.80_78.90_79.00_79.10_79.20_,63_62_62_35_43_,78.70_78.60_78.50_78.40_78.30_,11_6_8_14_88_
13:01:50,78.70,5,1354,78.80_78.90_79.00_79.10_79.20_,63_63_62_35_43_,78.70_78.60_78.50_78.40_78.30_,12_6_8_14_88_
13:01:55,78.70,1,1355,78.80_78.90_79.00_79.10_79.20_,63_63_64_35_43_,78.70_78.60_78.50_78.40_78.30_,11_6_8_14_88_
13:02:00,78.70,1,1355,78.80_78.90_79.00_79.10_79.20_,63_63_64_35_43_,78.70_78.60_78.50_78.40_78.30_,12_6_8_14_88_
13:02:06,78.70,1,1356,78.80_78.90_79.00_79.10_79.20_,63_63_62_35_43_,78.70_78.60_78.50_78.40_78.30_,11_6_8_14_88_
13:02:11,78.70,1,1356,78.80_78.90_79.00_79.10_79.20_,63_63_62_35_43_,78.70_78.60_78.50_78.40_78.30_,12_6_8_14_88_
13:02:21,78.70,1,1356,78.80_78.90_79.00_79.10_79.20_,63_63_62_35_43_,78.70_78.60_78.50_78.40_78.30_,13_6_8_14_88_
13:02:36,78.70,1,1356,78.80_78.90_79.00_79.10_79.20_,63_63_62_35_43_,78.70_78.60_78.50_78.40_78.30_,14_6_8_14_88_
13:02:46,78.70,1,1357,78.80_78.90_79.00_79.10_79.20_,63_63_62_35_43_,78.70_78.60_78.50_78.40_78.30_,14_6_8_14_88_
13:03:02,78.70,1,1358,78.80_78.90_79.00_79.10_79.20_,63_63_62_35_43_,78.70_78.60_78.50_78.40_78.30_,13_6_8_14_88_
13:03:07,78.70,1,1359,78.80_78.90_79.00_79.10_79.20_,63_63_62_35_43_,78.70_78.60_78.50_78.40_78.30_,12_6_8_14_88_
13:03:12,78.70,2,1361,78.80_78.90_79.00_79.10_79.20_,63_63_62_35_43_,78.70_78.60_78.50_78.40_78.30_,10_6_8_14_88_
13:03:22,78.70,2,1361,78.80_78.90_79.00_79.10_79.20_,63_63_62_35_43_,78.70_78.60_78.50_78.40_78.30_,11_6_8_14_88_
13:03:27,78.80,1,1362,78.80_78.90_79.00_79.10_79.20_,62_63_62_35_43_,78.70_78.60_78.50_78.40_78.30_,11_6_8_14_88_
13:03:33,78.80,1,1362,78.80_78.90_79.00_79.10_79.20_,62_63_63_35_43_,78.70_78.60_78.50_78.40_78.30_,11_6_8_14_88_
13:03:43,78.80,1,1363,78.80_78.90_79.00_79.10_79.20_,61_63_63_35_43_,78.70_78.60_78.50_78.40_78.30_,11_6_8_14_88_
13:03:53,78.80,1,1364,78.80_78.90_79.00_79.10_79.20_,60_63_63_35_43_,78.70_78.60_78.50_78.40_78.30_,14_3_8_14_88_
13:03:58,78.80,1,1364,78.80_78.90_79.00_79.10_79.20_,59_63_63_35_43_,78.70_78.60_78.50_78.40_78.30_,14_3_8_14_88_
13:04:03,78.80,1,1364,78.80_78.90_79.00_79.10_79.20_,60_62_63_35_43_,78.70_78.60_78.50_78.40_78.30_,14_3_8_14_88_
13:04:08,78.80,1,1364,78.80_78.90_79.00_79.10_79.20_,72_62_63_35_43_,78.70_78.60_78.50_78.40_78.30_,14_3_8_14_88_
13:04:19,78.80,1,1364,78.80_78.90_79.00_79.10_79.20_,73_62_63_35_43_,78.70_78.60_78.50_78.40_78.30_,14_3_8_14_88_
13:04:29,78.80,1,1364,78.80_78.90_79.00_79.10_79.20_,73_62_63_35_43_,78.70_78.60_78.50_78.40_78.30_,15_3_8_14_88_
13:04:39,78.80,1,1364,78.80_78.90_79.00_79.10_79.20_,80_62_63_35_43_,78.70_78.60_78.50_78.40_78.30_,15_3_8_14_88_
13:04:49,78.80,1,1364,78.80_78.90_79.00_79.10_79.20_,80_62_63_35_43_,78.70_78.60_78.50_78.40_78.30_,16_3_8_14_88_
13:05:10,78.80,1,1364,78.80_78.90_79.00_79.10_79.20_,81_62_63_35_43_,78.70_78.60_78.50_78.40_78.30_,16_3_8_14_88_
13:05:20,78.80,1,1364,78.80_78.90_79.00_79.10_79.20_,81_63_63_35_43_,78.70_78.60_78.50_78.40_78.30_,16_3_8_14_88_
13:05:25,78.80,1,1365,78.80_78.90_79.00_79.10_79.20_,80_63_63_35_43_,78.70_78.60_78.50_78.40_78.30_,16_3_8_14_88_
13:05:30,78.70,1,1366,78.80_78.90_79.00_79.10_79.20_,80_63_63_35_43_,78.70_78.60_78.50_78.40_78.30_,15_6_8_14_88_
13:05:36,78.70,1,1366,78.80_78.90_79.00_79.10_79.20_,80_63_63_35_43_,78.70_78.60_78.50_78.40_78.30_,12_6_8_14_88_
13:05:41,78.70,1,1367,78.80_78.90_79.00_79.10_79.20_,80_63_63_35_43_,78.70_78.60_78.50_78.40_78.30_,11_6_8_14_88_
13:05:46,78.70,1,1367,78.80_78.90_79.00_79.10_79.20_,80_63_63_35_43_,78.70_78.60_78.50_78.40_78.30_,13_6_8_14_88_
13:05:56,78.80,1,1368,78.80_78.90_79.00_79.10_79.20_,80_63_63_35_43_,78.70_78.60_78.50_78.40_78.30_,13_6_8_14_88_
13:06:06,78.80,2,1370,78.80_78.90_79.00_79.10_79.20_,78_63_63_35_43_,78.70_78.60_78.50_78.40_78.30_,13_6_8_14_88_
13:06:11,78.70,1,1371,78.80_78.90_79.00_79.10_79.20_,79_63_63_35_43_,78.70_78.60_78.50_78.40_78.30_,12_6_8_14_88_
13:06:17,78.80,2,1373,78.80_78.90_79.00_79.10_79.20_,77_63_63_35_43_,78.70_78.60_78.50_78.40_78.30_,13_6_8_14_88_
13:06:42,78.80,2,1373,78.80_78.90_79.00_79.10_79.20_,77_63_63_35_43_,78.70_78.60_78.50_78.40_78.30_,12_6_8_14_88_
13:06:47,78.80,2,1373,78.80_78.90_79.00_79.10_79.20_,77_63_63_35_43_,78.70_78.60_78.50_78.40_78.30_,13_6_8_14_88_
13:06:52,78.80,2,1373,78.80_78.90_79.00_79.10_79.20_,77_63_63_35_43_,78.70_78.60_78.50_78.40_78.30_,12_6_8_14_88_
13:06:58,78.80,2,1373,78.80_78.90_79.00_79.10_79.20_,77_63_64_35_43_,78.70_78.60_78.50_78.40_78.30_,12_6_8_14_88_
13:07:03,78.80,2,1373,78.80_78.90_79.00_79.10_79.20_,77_63_64_35_43_,78.70_78.60_78.50_78.40_78.30_,13_6_8_14_88_
13:07:08,78.70,3,1376,78.80_78.90_79.00_79.10_79.20_,77_60_64_38_43_,78.70_78.60_78.50_78.40_78.30_,10_6_8_14_88_
13:07:23,78.70,3,1376,78.80_78.90_79.00_79.10_79.20_,77_60_64_38_43_,78.70_78.60_78.50_78.40_78.30_,10_6_9_14_88_
13:07:54,78.70,3,1376,78.80_78.90_79.00_79.10_79.20_,77_60_64_38_43_,78.70_78.60_78.50_78.40_78.30_,11_6_9_14_88_
13:08:04,78.70,1,1377,78.80_78.90_79.00_79.10_79.20_,77_59_64_39_43_,78.70_78.60_78.50_78.40_78.30_,10_6_9_14_88_
13:08:09,78.70,1,1377,78.80_78.90_79.00_79.10_79.20_,80_59_64_39_43_,78.70_78.60_78.50_78.40_78.30_,10_6_9_14_88_
13:08:15,78.70,2,1379,78.80_78.90_79.00_79.10_79.20_,80_59_64_39_43_,78.70_78.60_78.50_78.40_78.30_,8_6_9_14_88_
13:08:20,78.70,4,1383,78.80_78.90_79.00_79.10_79.20_,80_59_64_39_43_,78.70_78.60_78.50_78.40_78.30_,4_6_9_14_88_
13:08:25,78.70,4,1383,78.80_78.90_79.00_79.10_79.20_,80_59_64_39_43_,78.70_78.60_78.50_78.40_78.30_,5_6_9_14_88_
13:08:30,78.70,2,1385,78.80_78.90_79.00_79.10_79.20_,80_59_64_39_43_,78.70_78.60_78.50_78.40_78.30_,8_6_9_14_88_
13:08:35,78.70,2,1385,78.80_78.90_79.00_79.10_79.20_,80_60_64_39_43_,78.70_78.60_78.50_78.40_78.30_,8_6_9_14_88_
13:08:40,78.70,2,1385,78.80_78.90_79.00_79.10_79.20_,80_60_64_39_43_,78.70_78.60_78.50_78.40_78.30_,9_6_9_14_88_
13:08:45,78.70,2,1385,78.80_78.90_79.00_79.10_79.20_,80_60_64_39_43_,78.70_78.60_78.50_78.40_78.30_,10_6_9_14_88_
13:09:01,78.70,1,1386,78.80_78.90_79.00_79.10_79.20_,80_60_64_39_43_,78.70_78.60_78.50_78.40_78.30_,9_6_9_14_88_
13:09:27,78.70,1,1386,78.80_78.90_79.00_79.10_79.20_,80_60_64_39_43_,78.70_78.60_78.50_78.40_78.30_,10_6_9_14_88_
13:09:32,78.70,2,1388,78.80_78.90_79.00_79.10_79.20_,80_60_64_39_43_,78.70_78.60_78.50_78.40_78.30_,9_6_9_14_88_
13:09:37,78.70,2,1388,78.80_78.90_79.00_79.10_79.20_,80_60_64_39_43_,78.70_78.60_78.50_78.40_78.30_,5_6_9_14_88_
13:09:47,78.70,1,1389,78.80_78.90_79.00_79.10_79.20_,80_60_64_39_43_,78.70_78.60_78.50_78.40_78.30_,4_6_9_14_88_
13:09:57,78.70,7,1396,78.70_78.80_78.90_79.00_79.10_,3_80_60_64_39_,78.60_78.50_78.40_78.30_78.20_,3_9_14_88_27_
13:10:02,78.70,7,1396,78.70_78.80_78.90_79.00_79.10_,30_46_62_86_43_,78.60_78.50_78.40_78.30_78.20_,3_6_14_58_60_
13:10:13,78.70,7,1396,78.70_78.80_78.90_79.00_79.10_,31_46_62_86_43_,78.60_78.50_78.40_78.30_78.20_,3_6_14_58_60_
13:10:28,78.70,7,1396,78.70_78.80_78.90_79.00_79.10_,31_47_62_85_43_,78.60_78.50_78.40_78.30_78.20_,3_6_14_58_60_
13:10:38,78.70,7,1396,78.70_78.80_78.90_79.00_79.10_,32_46_62_85_43_,78.60_78.50_78.40_78.30_78.20_,3_6_14_58_60_
13:10:43,78.60,3,1399,78.70_78.80_78.90_79.00_79.10_,33_46_62_85_43_,78.50_78.40_78.30_78.20_78.10_,6_14_58_60_24_
13:10:48,78.60,3,1399,78.70_78.80_78.90_79.00_79.10_,33_49_62_82_43_,78.50_78.40_78.30_78.20_78.10_,5_14_58_27_58_
13:11:04,78.50,1,1400,78.70_78.80_78.90_79.00_79.10_,33_48_62_82_43_,78.50_78.40_78.30_78.20_78.10_,5_14_58_27_58_
13:11:09,78.50,1,1400,78.70_78.80_78.90_79.00_79.10_,33_48_62_81_43_,78.50_78.40_78.30_78.20_78.10_,6_14_58_27_58_
13:11:14,78.50,1,1400,78.70_78.80_78.90_79.00_79.10_,33_48_62_81_43_,78.50_78.40_78.30_78.20_78.10_,6_17_58_27_58_
13:11:24,78.50,1,1400,78.70_78.80_78.90_79.00_79.10_,34_48_62_81_43_,78.50_78.40_78.30_78.20_78.10_,6_17_58_27_58_
13:11:29,78.50,1,1400,78.70_78.80_78.90_79.00_79.10_,34_48_62_81_43_,78.50_78.40_78.30_78.20_78.10_,7_16_58_27_58_
13:11:40,78.50,3,1403,78.70_78.80_78.90_79.00_79.10_,34_48_62_81_43_,78.50_78.40_78.30_78.20_78.10_,4_16_58_27_58_
13:12:00,78.50,3,1403,78.60_78.70_78.80_78.90_79.00_,1_33_48_62_81_,78.50_78.40_78.30_78.20_78.10_,4_16_58_27_58_
13:12:05,78.50,3,1403,78.60_78.70_78.80_78.90_79.00_,1_32_48_80_92_,78.50_78.40_78.30_78.20_78.10_,4_16_55_30_58_
13:12:11,78.50,3,1403,78.60_78.70_78.80_78.90_79.00_,25_8_48_80_92_,78.50_78.40_78.30_78.20_78.10_,4_16_55_30_58_
13:12:16,78.50,3,1403,78.60_78.70_78.80_78.90_79.00_,25_8_48_85_88_,78.50_78.40_78.30_78.20_78.10_,4_13_55_33_58_
13:12:21,78.50,3,1403,78.60_78.70_78.80_78.90_79.00_,26_7_48_85_88_,78.50_78.40_78.30_78.20_78.10_,4_13_55_33_58_
13:12:26,78.50,1,1404,78.60_78.70_78.80_78.90_79.00_,26_7_48_85_88_,78.50_78.40_78.30_78.20_78.10_,3_13_55_33_58_
13:12:36,78.50,1,1404,78.60_78.70_78.80_78.90_79.00_,25_7_48_85_88_,78.50_78.40_78.30_78.20_78.10_,3_13_55_33_58_
13:12:46,78.40,4,1408,78.50_78.60_78.70_78.80_78.90_,2_25_7_48_85_,78.40_78.30_78.20_78.10_78.00_,12_55_33_58_158_
13:12:51,78.40,1,1409,78.50_78.60_78.70_78.80_78.90_,26_1_7_67_96_,78.40_78.30_78.20_78.10_78.00_,11_56_33_25_192_
13:12:57,78.40,1,1409,78.50_78.60_78.70_78.80_78.90_,27_1_6_67_96_,78.40_78.30_78.20_78.10_78.00_,11_56_30_31_192_
13:13:02,78.40,1,1409,78.50_78.60_78.70_78.80_78.90_,27_1_6_67_96_,78.40_78.30_78.20_78.10_78.00_,10_56_30_31_192_
13:13:07,78.40,1,1409,78.50_78.60_78.70_78.80_78.90_,27_1_6_67_96_,78.40_78.30_78.20_78.10_78.00_,11_56_30_31_192_
13:13:17,78.40,1,1409,78.50_78.60_78.70_78.80_78.90_,27_1_6_67_96_,78.40_78.30_78.20_78.10_78.00_,12_56_30_31_192_
13:13:27,78.40,1,1409,78.50_78.60_78.70_78.80_78.90_,27_1_6_67_96_,78.40_78.30_78.20_78.10_78.00_,13_56_30_31_192_
13:13:43,78.40,1,1409,78.50_78.60_78.70_78.80_78.90_,26_1_6_67_96_,78.40_78.30_78.20_78.10_78.00_,14_56_30_31_192_
13:13:48,78.40,2,1411,78.50_78.60_78.70_78.80_78.90_,26_1_6_67_96_,78.40_78.30_78.20_78.10_78.00_,12_56_30_31_192_
13:13:53,78.40,2,1411,78.50_78.60_78.70_78.80_78.90_,26_2_6_67_96_,78.40_78.30_78.20_78.10_78.00_,12_56_30_31_192_
13:14:03,78.40,2,1411,78.50_78.60_78.70_78.80_78.90_,27_1_6_67_96_,78.40_78.30_78.20_78.10_78.00_,12_56_30_31_192_
13:14:08,78.50,1,1412,78.50_78.60_78.70_78.80_78.90_,26_1_6_67_96_,78.40_78.30_78.20_78.10_78.00_,12_56_30_31_192_
13:14:19,78.50,2,1414,78.50_78.60_78.70_78.80_78.90_,24_1_6_67_96_,78.40_78.30_78.20_78.10_78.00_,12_56_30_31_192_
13:14:29,78.50,2,1416,78.50_78.60_78.70_78.80_78.90_,23_1_6_67_96_,78.40_78.30_78.20_78.10_78.00_,12_56_30_31_192_
13:14:39,78.50,1,1417,78.50_78.60_78.70_78.80_78.90_,22_1_6_67_96_,78.40_78.30_78.20_78.10_78.00_,12_56_30_31_192_
13:14:54,78.50,2,1419,78.50_78.60_78.70_78.80_78.90_,20_1_6_67_96_,78.40_78.30_78.20_78.10_78.00_,12_56_30_31_192_
13:14:59,78.50,2,1421,78.50_78.60_78.70_78.80_78.90_,18_1_6_67_96_,78.40_78.30_78.20_78.10_78.00_,12_56_30_31_192_
13:15:05,78.40,1,1422,78.50_78.60_78.70_78.80_78.90_,17_1_6_67_96_,78.40_78.30_78.20_78.10_78.00_,11_56_30_31_192_
13:15:10,78.40,1,1423,78.50_78.60_78.70_78.80_78.90_,17_1_6_67_96_,78.40_78.30_78.20_78.10_78.00_,11_56_30_31_192_
13:15:15,78.50,1,1424,78.50_78.60_78.70_78.80_78.90_,16_1_6_67_96_,78.40_78.30_78.20_78.10_78.00_,11_56_30_31_192_
13:15:20,78.50,1,1424,78.50_78.60_78.70_78.80_78.90_,16_2_6_67_96_,78.40_78.30_78.20_78.10_78.00_,11_56_30_31_192_
13:15:25,78.50,3,1427,78.50_78.60_78.70_78.80_78.90_,13_2_6_67_96_,78.40_78.30_78.20_78.10_78.00_,11_56_30_31_192_
13:15:30,78.40,1,1428,78.50_78.60_78.70_78.80_78.90_,13_2_6_67_96_,78.40_78.30_78.20_78.10_78.00_,12_56_30_31_192_
13:15:35,78.50,12,1440,78.50_78.60_78.70_78.80_78.90_,1_2_6_67_96_,78.40_78.30_78.20_78.10_78.00_,12_56_30_31_192_
13:15:41,78.50,1,1441,78.60_78.70_78.80_78.90_79.00_,2_6_67_96_59_,78.40_78.30_78.20_78.10_78.00_,13_56_30_31_192_
13:15:46,78.60,1,1442,78.60_78.70_78.80_78.90_79.00_,1_6_49_85_88_,78.50_78.40_78.30_78.20_78.10_,1_12_56_30_32_
13:15:51,78.60,1,1443,78.70_78.80_78.90_79.00_79.10_,6_49_85_88_14_,78.50_78.40_78.30_78.20_78.10_,2_11_56_32_58_
13:15:56,78.60,1,1443,78.70_78.80_78.90_79.00_79.10_,6_49_67_77_43_,78.50_78.40_78.30_78.20_78.10_,5_9_56_32_58_
13:16:06,78.60,1,1443,78.70_78.80_78.90_79.00_79.10_,13_49_67_77_43_,78.50_78.40_78.30_78.20_78.10_,6_8_56_32_58_
13:16:17,78.60,1,1443,78.60_78.70_78.80_78.90_79.00_,1_13_49_67_77_,78.50_78.40_78.30_78.20_78.10_,6_8_56_32_58_
13:16:22,78.60,1,1443,78.60_78.70_78.80_78.90_79.00_,8_6_49_85_88_,78.50_78.40_78.30_78.20_78.10_,7_8_56_32_58_
13:16:32,78.60,1,1443,78.60_78.70_78.80_78.90_79.00_,8_6_49_85_88_,78.50_78.40_78.30_78.20_78.10_,8_7_56_32_58_
13:16:52,78.60,1,1443,78.60_78.70_78.80_78.90_79.00_,8_6_49_85_88_,78.50_78.40_78.30_78.20_78.10_,8_10_56_32_58_
13:16:58,78.60,1,1444,78.60_78.70_78.80_78.90_79.00_,7_6_49_85_88_,78.50_78.40_78.30_78.20_78.10_,8_10_56_32_58_
13:17:03,78.60,1,1445,78.60_78.70_78.80_78.90_79.00_,6_8_49_85_88_,78.50_78.40_78.30_78.20_78.10_,8_10_56_32_58_
13:17:08,78.60,1,1445,78.60_78.70_78.80_78.90_79.00_,6_8_49_85_88_,78.50_78.40_78.30_78.20_78.10_,9_9_56_32_58_
13:17:28,78.60,3,1448,78.60_78.70_78.80_78.90_79.00_,3_9_49_85_88_,78.50_78.40_78.30_78.20_78.10_,9_9_56_32_58_
13:17:33,78.60,3,1448,78.60_78.70_78.80_78.90_79.00_,3_7_49_85_88_,78.50_78.40_78.30_78.20_78.10_,10_12_57_29_58_
13:17:44,78.60,2,1450,78.60_78.70_78.80_78.90_79.00_,3_7_49_85_88_,78.50_78.40_78.30_78.20_78.10_,10_12_57_29_58_
13:17:49,78.60,2,1450,78.60_78.70_78.80_78.90_79.00_,9_7_49_85_88_,78.50_78.40_78.30_78.20_78.10_,11_12_57_29_58_
13:17:54,78.60,2,1452,78.60_78.70_78.80_78.90_79.00_,8_7_49_85_88_,78.50_78.40_78.30_78.20_78.10_,12_12_57_29_58_
13:18:20,78.60,2,1452,78.60_78.70_78.80_78.90_79.00_,8_7_49_85_88_,78.50_78.40_78.30_78.20_78.10_,13_12_57_29_58_
13:18:40,78.60,2,1452,78.60_78.70_78.80_78.90_79.00_,8_7_49_85_88_,78.50_78.40_78.30_78.20_78.10_,13_13_57_29_58_
13:18:50,78.50,5,1457,78.60_78.70_78.80_78.90_79.00_,8_7_49_85_88_,78.50_78.40_78.30_78.20_78.10_,8_15_57_29_58_
13:18:55,78.50,5,1457,78.60_78.70_78.80_78.90_79.00_,8_7_49_85_88_,78.50_78.40_78.30_78.20_78.10_,11_12_57_29_58_
13:19:01,78.50,5,1457,78.60_78.70_78.80_78.90_79.00_,8_7_49_85_88_,78.50_78.40_78.30_78.20_78.10_,13_12_57_29_58_
13:19:06,78.60,1,1458,78.60_78.70_78.80_78.90_79.00_,7_7_49_85_88_,78.50_78.40_78.30_78.20_78.10_,14_12_57_29_58_
13:19:11,78.60,1,1458,78.60_78.70_78.80_78.90_79.00_,7_7_49_85_88_,78.50_78.40_78.30_78.20_78.10_,12_12_57_29_58_
13:19:16,78.60,1,1458,78.60_78.70_78.80_78.90_79.00_,7_7_49_85_88_,78.50_78.40_78.30_78.20_78.10_,13_12_57_29_58_
13:19:21,78.60,1,1458,78.60_78.70_78.80_78.90_79.00_,7_8_49_85_88_,78.50_78.40_78.30_78.20_78.10_,13_32_57_29_58_
13:19:31,78.60,1,1458,78.60_78.70_78.80_78.90_79.00_,12_8_49_85_88_,78.50_78.40_78.30_78.20_78.10_,13_32_57_29_58_
13:19:52,78.60,1,1458,78.60_78.70_78.80_78.90_79.00_,13_8_49_85_88_,78.50_78.40_78.30_78.20_78.10_,13_32_57_29_58_
13:20:02,78.60,1,1458,78.60_78.70_78.80_78.90_79.00_,13_8_49_85_88_,78.50_78.40_78.30_78.20_78.10_,13_29_57_32_58_
13:20:07,78.50,1,1459,78.60_78.70_78.80_78.90_79.00_,13_8_49_85_88_,78.50_78.40_78.30_78.20_78.10_,12_29_57_32_58_
13:20:17,78.50,1,1459,78.60_78.70_78.80_78.90_79.00_,13_8_49_85_88_,78.50_78.40_78.30_78.20_78.10_,13_29_57_32_58_
13:20:43,78.50,3,1462,78.60_78.70_78.80_78.90_79.00_,13_8_49_85_88_,78.50_78.40_78.30_78.20_78.10_,10_29_57_32_58_
13:20:48,78.60,2,1464,78.60_78.70_78.80_78.90_79.00_,12_8_49_85_88_,78.50_78.40_78.30_78.20_78.10_,11_30_57_32_58_
13:20:58,78.60,2,1466,78.60_78.70_78.80_78.90_79.00_,12_8_49_85_88_,78.50_78.40_78.30_78.20_78.10_,11_30_57_32_58_
13:21:09,78.60,1,1467,78.60_78.70_78.80_78.90_79.00_,14_8_49_85_88_,78.50_78.40_78.30_78.20_78.10_,13_30_57_32_58_
13:21:14,78.60,1,1467,78.60_78.70_78.80_78.90_79.00_,14_8_49_85_88_,78.50_78.40_78.30_78.20_78.10_,14_30_57_32_58_
13:21:19,78.60,1,1467,78.60_78.70_78.80_78.90_79.00_,14_8_49_85_88_,78.50_78.40_78.30_78.20_78.10_,14_30_57_37_58_
13:21:24,78.60,1,1467,78.60_78.70_78.80_78.90_79.00_,14_8_49_85_88_,78.50_78.40_78.30_78.20_78.10_,13_30_57_37_58_
13:21:29,78.60,1,1467,78.60_78.70_78.80_78.90_79.00_,16_8_49_85_88_,78.50_78.40_78.30_78.20_78.10_,13_30_57_37_58_
13:21:34,78.60,2,1469,78.60_78.70_78.80_78.90_79.00_,14_8_50_85_88_,78.50_78.40_78.30_78.20_78.10_,13_30_57_37_58_
13:21:39,78.60,1,1470,78.60_78.70_78.80_78.90_79.00_,13_8_50_80_88_,78.50_78.40_78.30_78.20_78.10_,13_30_57_35_58_
13:21:50,78.60,1,1471,78.60_78.70_78.80_78.90_79.00_,12_8_50_80_88_,78.50_78.40_78.30_78.20_78.10_,14_30_57_35_58_
13:21:55,78.60,5,1476,78.60_78.70_78.80_78.90_79.00_,7_8_50_84_88_,78.50_78.40_78.30_78.20_78.10_,11_29_57_38_58_
13:22:00,78.60,5,1476,78.60_78.70_78.80_78.90_79.00_,13_8_50_84_88_,78.50_78.40_78.30_78.20_78.10_,11_29_57_38_58_
13:22:05,78.60,3,1479,78.60_78.70_78.80_78.90_79.00_,12_8_50_84_88_,78.50_78.40_78.30_78.20_78.10_,11_29_57_38_58_
13:22:10,78.60,3,1479,78.60_78.70_78.80_78.90_79.00_,12_8_51_84_88_,78.50_78.40_78.30_78.20_78.10_,11_30_57_38_58_
13:22:15,78.60,3,1479,78.60_78.70_78.80_78.90_79.00_,12_8_52_84_101_,78.50_78.40_78.30_78.20_78.10_,11_30_107_38_58_
13:22:20,78.60,3,1479,78.60_78.70_78.80_78.90_79.00_,12_8_49_84_104_,78.50_78.40_78.30_78.20_78.10_,11_30_107_38_58_
13:22:51,78.60,3,1479,78.60_78.70_78.80_78.90_79.00_,12_8_49_84_105_,78.50_78.40_78.30_78.20_78.10_,12_30_107_38_58_
13:22:56,78.60,3,1479,78.60_78.70_78.80_78.90_79.00_,12_8_52_84_102_,78.50_78.40_78.30_78.20_78.10_,13_29_107_38_58_
13:23:07,78.50,6,1485,78.60_78.70_78.80_78.90_79.00_,6_13_52_84_102_,78.50_78.40_78.30_78.20_78.10_,7_29_107_38_58_
13:23:12,78.60,1,1486,78.60_78.70_78.80_78.90_79.00_,5_13_52_84_102_,78.50_78.40_78.30_78.20_78.10_,8_29_107_38_58_
13:23:22,78.60,1,1486,78.60_78.70_78.80_78.90_79.00_,5_13_52_84_102_,78.50_78.40_78.30_78.20_78.10_,10_29_107_38_58_
13:23:27,78.60,1,1487,78.60_78.70_78.80_78.90_79.00_,4_13_52_84_102_,78.50_78.40_78.30_78.20_78.10_,9_29_107_38_58_
13:23:42,78.60,1,1487,78.60_78.70_78.80_78.90_79.00_,9_13_52_84_102_,78.50_78.40_78.30_78.20_78.10_,9_29_107_38_58_
13:23:53,78.60,1,1488,78.60_78.70_78.80_78.90_79.00_,8_13_52_84_102_,78.50_78.40_78.30_78.20_78.10_,8_29_107_38_62_
13:23:58,78.60,2,1490,78.60_78.70_78.80_78.90_79.00_,6_13_52_84_102_,78.50_78.40_78.30_78.20_78.10_,9_29_107_38_62_
13:24:03,78.60,3,1493,78.60_78.70_78.80_78.90_79.00_,3_12_51_80_102_,78.50_78.40_78.30_78.20_78.10_,9_29_107_35_62_
13:24:08,78.60,3,1493,78.60_78.70_78.80_78.90_79.00_,4_12_51_80_102_,78.50_78.40_78.30_78.20_78.10_,9_29_107_35_62_
13:24:13,78.60,1,1494,78.60_78.70_78.80_78.90_79.00_,3_12_48_80_105_,78.50_78.40_78.30_78.20_78.10_,8_29_107_35_62_
13:24:18,78.60,1,1494,78.60_78.70_78.80_78.90_79.00_,9_12_48_80_105_,78.50_78.40_78.30_78.20_78.10_,8_29_107_35_62_
13:24:23,78.60,1,1494,78.60_78.70_78.80_78.90_79.00_,9_12_48_80_105_,78.50_78.40_78.30_78.20_78.10_,14_29_107_35_62_
13:24:34,78.60,1,1494,78.60_78.70_78.80_78.90_79.00_,9_12_53_80_105_,78.50_78.40_78.30_78.20_78.10_,14_29_107_35_62_
13:24:39,78.60,1,1495,78.60_78.70_78.80_78.90_79.00_,8_12_53_80_105_,78.50_78.40_78.30_78.20_78.10_,14_29_107_35_62_
13:24:44,78.60,2,1497,78.60_78.70_78.80_78.90_79.00_,6_12_53_80_105_,78.50_78.40_78.30_78.20_78.10_,14_29_107_35_62_
13:24:49,78.60,3,1500,78.60_78.70_78.80_78.90_79.00_,3_13_53_80_105_,78.50_78.40_78.30_78.20_78.10_,12_29_107_35_62_
13:24:54,78.60,2,1502,78.60_78.70_78.80_78.90_79.00_,1_13_53_77_102_,78.50_78.40_78.30_78.20_78.10_,14_29_104_32_62_
13:24:59,78.60,2,1502,78.60_78.70_78.80_78.90_79.00_,1_13_53_77_102_,78.50_78.40_78.30_78.20_78.10_,14_29_103_32_62_
13:25:05,78.60,2,1502,78.60_,0_,78.30_,0_
13:25:10,78.60,2,1502,78.60_,0_,78.30_,0_
13:25:15,78.60,2,1502,78.60_,0_,78.30_,0_
13:25:21,78.60,2,1502,78.60_,0_,78.30_,0_
13:25:26,78.60,2,1502,78.80_,0_,78.50_,0_
13:25:31,78.60,2,1502,78.80_,0_,78.50_,0_
13:25:36,78.60,2,1502,78.80_,0_,78.50_,0_
13:25:41,78.60,2,1502,78.80_,0_,78.50_,0_
13:25:46,78.60,2,1502,78.80_,0_,78.50_,0_
13:25:52,78.60,2,1502,78.80_,0_,78.50_,0_
13:25:57,78.60,2,1502,78.80_,0_,78.50_,0_
13:26:02,78.60,2,1502,78.90_,0_,78.60_,0_
13:26:07,78.60,2,1502,78.90_,0_,78.60_,0_
13:26:12,78.60,2,1502,78.90_,0_,78.60_,0_
13:26:17,78.60,2,1502,78.90_,0_,78.60_,0_
13:26:22,78.60,2,1502,78.90_,0_,78.60_,0_
13:26:27,78.60,2,1502,78.90_,0_,78.60_,0_
13:26:33,78.60,2,1502,78.90_,0_,78.60_,0_
13:26:38,78.60,2,1502,78.90_,0_,78.60_,0_
13:26:43,78.60,2,1502,78.90_,0_,78.60_,0_
13:26:53,78.60,2,1502,78.90_,0_,78.60_,0_
13:26:58,78.60,2,1502,78.90_,0_,78.60_,0_
13:27:03,78.60,2,1502,78.90_,0_,78.60_,0_
13:27:08,78.60,2,1502,78.90_,0_,78.60_,0_
13:27:14,78.60,2,1502,78.90_,0_,78.70_,0_
13:27:19,78.60,2,1502,78.90_,0_,78.70_,0_
13:27:24,78.60,2,1502,78.90_,0_,78.70_,0_
13:27:29,78.60,2,1502,78.90_,0_,78.70_,0_
13:27:39,78.60,2,1502,78.90_,0_,78.70_,0_
13:27:44,78.60,2,1502,78.90_,0_,78.70_,0_
13:27:50,78.60,2,1502,78.80_,0_,78.70_,0_
13:28:00,78.60,2,1502,78.80_,0_,78.70_,0_
13:28:10,78.60,2,1502,78.80_,0_,78.70_,0_
13:28:31,78.60,2,1502,78.80_,0_,78.70_,0_
13:28:41,78.60,2,1502,78.80_,0_,78.70_,0_
13:29:01,78.60,2,1502,78.80_,0_,78.70_,0_
13:29:12,78.60,2,1502,78.80_,0_,78.70_,0_
13:29:22,78.60,2,1502,78.90_,0_,78.70_,0_
13:29:37,78.60,2,1502,78.90_,0_,78.70_,0_
13:29:42,78.60,2,1502,78.90_,0_,78.70_,0_
13:29:48,78.60,2,1502,78.90_,0_,78.70_,0_
13:29:53,78.60,2,1502,78.90_,0_,78.70_,0_
13:29:58,78.60,2,1502,78.90_,0_,78.70_,0_
13:30:00,78.90,192,1694,78.90_79.00_79.10_79.20_79.30_,91_204_82_18_47_,78.70_78.60_78.50_78.40_78.30_,38_52_38_1_149_
