09:01:03,8.22,2,2537,8.22_8.23_8.24_8.25_8.26_,98_176_136_213_118_,8.21_8.20_8.19_8.18_8.17_,94_1943_35_255_40_
09:01:09,8.22,2,2537,8.22_8.23_8.24_8.25_8.26_,98_177_136_213_118_,8.21_8.20_8.19_8.18_8.17_,188_1938_35_255_40_
09:01:19,8.22,15,2570,8.22_8.23_8.24_8.25_8.26_,85_177_136_213_118_,8.21_8.20_8.19_8.18_8.17_,173_1938_35_255_40_
09:01:24,8.21,40,2610,8.22_8.23_8.24_8.25_8.26_,85_177_136_218_118_,8.21_8.20_8.19_8.18_8.17_,134_1938_35_255_40_
09:02:00,8.22,20,2681,8.22_8.23_8.24_8.25_8.26_,83_156_136_218_113_,8.21_8.20_8.19_8.18_8.17_,255_1934_35_255_40_
09:02:05,8.22,16,2697,8.22_8.23_8.24_8.25_8.26_,69_156_136_218_113_,8.21_8.20_8.19_8.18_8.17_,261_1944_35_255_40_
09:02:10,8.22,5,2702,8.22_8.23_8.24_8.25_8.26_,114_156_136_218_113_,8.21_8.20_8.19_8.18_8.17_,261_1944_35_255_40_
09:02:15,8.22,11,2713,8.22_8.23_8.24_8.25_8.26_,105_156_136_218_123_,8.21_8.20_8.19_8.18_8.17_,272_1934_35_255_40_
09:02:25,8.22,5,2818,8.23_8.24_8.25_8.26_8.27_,156_136_218_123_5_,8.22_8.21_8.20_8.19_8.18_,23_273_1936_40_255_
09:03:42,8.23,5,3366,8.23_8.24_8.25_8.26_8.27_,132_153_218_347_299_,8.22_8.21_8.20_8.19_8.18_,4_210_1934_40_407_
09:03:47,8.23,10,3376,8.23_8.24_8.25_8.26_8.27_,121_153_218_347_299_,8.22_8.21_8.20_8.19_8.18_,9_208_1975_40_407_
09:03:52,8.23,10,3376,8.23_8.24_8.25_8.26_8.27_,121_153_218_347_299_,8.22_8.21_8.20_8.19_8.18_,11_208_1977_40_407_
09:03:57,8.23,5,3381,8.23_8.24_8.25_8.26_8.27_,116_153_218_347_299_,8.22_8.21_8.20_8.19_8.18_,11_208_1977_40_407_
09:04:02,8.22,5,3386,8.23_8.24_8.25_8.26_8.27_,116_153_218_347_299_,8.22_8.21_8.20_8.19_8.18_,8_211_1987_40_407_
09:04:08,8.22,5,3386,8.23_8.24_8.25_8.26_8.27_,116_153_218_347_299_,8.22_8.21_8.20_8.19_8.18_,14_209_1987_40_407_
09:05:14,8.23,10,3698,8.23_8.24_8.25_8.26_8.27_,261_153_218_347_351_,8.22_8.21_8.20_8.19_8.18_,206_220_1999_40_437_
09:05:19,8.22,3,3701,8.23_8.24_8.25_8.26_8.27_,281_153_218_347_351_,8.22_8.21_8.20_8.19_8.18_,214_220_2004_40_437_
09:05:24,8.23,15,3716,8.23_8.24_8.25_8.26_8.27_,320_153_218_347_351_,8.22_8.21_8.20_8.19_8.18_,214_220_2004_40_437_
09:05:30,8.22,9,3725,8.23_8.24_8.25_8.26_8.27_,320_153_218_347_351_,8.22_8.21_8.20_8.19_8.18_,207_220_2004_40_437_
09:05:35,8.23,18,3743,8.23_8.24_8.25_8.26_8.27_,311_153_218_347_351_,8.22_8.21_8.20_8.19_8.18_,293_220_2002_40_437_
09:07:12,8.24,2,4732,8.24_8.25_8.26_8.27_8.28_,136_234_124_234_518_,8.23_8.22_8.21_8.20_8.19_,408_649_236_2101_207_
09:07:17,8.24,2,4732,8.24_8.25_8.26_8.27_8.28_,136_234_124_234_518_,8.23_8.22_8.21_8.20_8.19_,463_649_236_2101_207_
09:07:22,8.24,11,4743,8.24_8.25_8.26_8.27_8.28_,380_234_124_234_518_,8.23_8.22_8.21_8.20_8.19_,469_649_231_2101_207_
09:07:27,8.24,11,4743,8.24_8.25_8.26_8.27_8.28_,380_234_124_234_518_,8.23_8.22_8.21_8.20_8.19_,470_649_231_1602_207_
09:07:32,8.23,17,4760,8.24_8.25_8.26_8.27_8.28_,380_234_124_234_518_,8.23_8.22_8.21_8.20_8.19_,458_649_231_1602_207_
09:07:37,8.23,10,4770,8.24_8.25_8.26_8.27_8.28_,380_234_124_234_518_,8.23_8.22_8.21_8.20_8.19_,548_651_231_1613_207_
09:07:42,8.24,22,4792,8.24_8.25_8.26_8.27_8.28_,371_234_124_234_518_,8.23_8.22_8.21_8.20_8.19_,549_651_231_1613_207_
09:07:48,8.24,13,4805,8.24_8.25_8.26_8.27_8.28_,364_234_124_234_518_,8.23_8.22_8.21_8.20_8.19_,549_753_233_1613_207_
09:07:53,8.23,6,4811,8.24_8.25_8.26_8.27_8.28_,364_234_124_234_518_,8.23_8.22_8.21_8.20_8.19_,545_754_233_1613_207_
09:07:58,8.24,369,5180,8.25_8.26_8.27_8.28_8.29_,234_124_234_518_117_,8.24_8.23_8.22_8.21_8.20_,31_559_754_221_1613_
09:08:03,8.24,6,5186,8.25_8.26_8.27_8.28_8.29_,235_124_11_401_457_,8.24_8.23_8.22_8.21_8.20_,26_584_754_215_1762_
09:08:54,8.24,10,5462,8.24_8.25_8.26_8.27_8.28_,4_406_124_111_400_,8.23_8.22_8.21_8.20_8.19_,689_741_220_1785_47_
09:09:05,8.23,3,5465,8.24_8.25_8.26_8.27_8.28_,21_409_124_335_517_,8.23_8.22_8.21_8.20_8.19_,697_742_220_1616_216_
09:10:11,8.24,4,5608,8.25_8.26_8.27_8.28_8.29_,451_140_112_401_462_,8.24_8.23_8.22_8.21_8.20_,243_800_952_223_1742_
09:11:08,8.24,8,5633,8.25_8.26_8.27_8.28_8.29_,466_128_112_401_462_,8.24_8.23_8.22_8.21_8.20_,232_997_960_219_4237_
09:11:18,8.24,10,5645,8.25_8.26_8.27_8.28_8.29_,464_146_112_401_512_,8.24_8.23_8.22_8.21_8.20_,322_997_960_119_4240_
09:11:23,8.24,5,5650,8.25_8.26_8.27_8.28_8.29_,464_146_112_401_512_,8.24_8.23_8.22_8.21_8.20_,294_1002_1040_119_4240_
09:11:28,8.24,4,5654,8.25_8.26_8.27_8.28_8.29_,464_146_112_401_512_,8.24_8.23_8.22_8.21_8.20_,291_1027_1040_119_4245_
09:12:30,8.24,250,5956,8.25_8.26_8.27_8.28_8.29_,463_168_112_401_501_,8.24_8.23_8.22_8.21_8.20_,190_1031_1041_114_4251_
09:12:35,8.24,5,5961,8.25_8.26_8.27_8.28_8.29_,463_168_112_401_501_,8.24_8.23_8.22_8.21_8.20_,285_1031_1041_114_4251_
09:12:45,8.24,1,5963,8.25_8.26_8.27_8.28_8.29_,462_168_112_401_501_,8.24_8.23_8.22_8.21_8.20_,287_1031_1041_114_4251_
09:12:55,8.24,5,5968,8.25_8.26_8.27_8.28_8.29_,478_168_112_401_501_,8.24_8.23_8.22_8.21_8.20_,383_1036_1041_112_4301_
09:13:36,8.24,105,6610,8.24_8.25_8.26_8.27_8.28_,91_527_168_335_518_,8.23_8.22_8.21_8.20_8.19_,1032_880_111_4136_234_
09:14:42,8.25,5,6909,8.25_8.26_8.27_8.28_8.29_,474_151_112_401_500_,8.24_8.23_8.22_8.21_8.20_,326_1031_875_122_4318_
09:14:48,8.24,5,6914,8.25_8.26_8.27_8.28_8.29_,474_151_112_401_500_,8.24_8.23_8.22_8.21_8.20_,334_1031_875_122_4318_
09:14:53,8.24,8,6922,8.25_8.26_8.27_8.28_8.29_,474_151_112_401_500_,8.24_8.23_8.22_8.21_8.20_,328_1031_875_122_4328_
09:14:58,8.25,4,6926,8.25_8.26_8.27_8.28_8.29_,470_151_112_401_500_,8.24_8.23_8.22_8.21_8.20_,328_1031_870_122_4328_
09:15:03,8.24,17,6943,8.25_8.26_8.27_8.28_8.29_,475_151_112_401_500_,8.24_8.23_8.22_8.21_8.20_,312_1031_870_122_4328_
09:15:23,8.25,3,6949,8.25_8.26_8.27_8.28_8.29_,473_151_112_401_500_,8.24_8.23_8.22_8.21_8.20_,332_1031_870_122_4328_
09:15:49,8.25,21,6991,8.25_8.26_8.27_8.28_8.29_,456_167_127_406_500_,8.24_8.23_8.22_8.21_8.20_,326_1031_870_127_4832_
09:16:25,8.25,12,7059,8.25_8.26_8.27_8.28_8.29_,451_167_127_406_500_,8.24_8.23_8.22_8.21_8.20_,334_1037_870_136_6838_
09:16:45,8.25,100,7159,8.25_8.26_8.27_8.28_8.29_,355_167_127_406_500_,8.24_8.23_8.22_8.21_8.20_,356_1032_870_135_6838_
09:17:52,8.25,1,7298,8.25_8.26_8.27_8.28_8.29_,230_146_127_406_500_,8.24_8.23_8.22_8.21_8.20_,251_1035_861_136_6864_
09:17:57,8.25,1,7298,8.25_8.26_8.27_8.28_8.29_,230_146_127_406_500_,8.24_8.23_8.22_8.21_8.20_,252_1035_861_136_6864_
09:18:02,8.24,16,7314,8.25_8.26_8.27_8.28_8.29_,214_146_127_406_500_,8.24_8.23_8.22_8.21_8.20_,238_1035_861_186_6864_
09:18:07,8.24,16,7314,8.25_8.26_8.27_8.28_8.29_,164_146_127_406_500_,8.24_8.23_8.22_8.21_8.20_,238_1035_861_186_6864_
09:18:12,8.24,16,7314,8.25_8.26_8.27_8.28_8.29_,164_146_127_406_500_,8.24_8.23_8.22_8.21_8.20_,262_1035_861_186_6874_
09:18:17,8.24,16,7314,8.25_8.26_8.27_8.28_8.29_,162_146_127_406_500_,8.24_8.23_8.22_8.21_8.20_,262_1035_861_186_6874_
09:18:22,8.25,2,7316,8.25_8.26_8.27_8.28_8.29_,160_146_127_406_500_,8.24_8.23_8.22_8.21_8.20_,262_1035_861_186_6869_
09:18:28,8.25,5,7321,8.25_8.26_8.27_8.28_8.29_,160_162_127_406_500_,8.24_8.23_8.22_8.21_8.20_,262_1039_860_186_6869_
09:18:33,8.25,2,7323,8.25_8.26_8.27_8.28_8.29_,158_162_127_406_500_,8.24_8.23_8.22_8.21_8.20_,265_1039_860_181_6869_
09:18:38,8.25,36,7359,8.25_8.26_8.27_8.28_8.29_,201_162_127_406_500_,8.24_8.23_8.22_8.21_8.20_,265_1039_860_181_6869_
09:18:58,8.25,100,7514,8.25_8.26_8.27_8.28_8.29_,325_176_127_406_500_,8.24_8.23_8.22_8.21_8.20_,233_1039_857_182_6881_
09:19:09,8.24,10,7562,8.25_8.26_8.27_8.28_8.29_,305_162_177_406_500_,8.24_8.23_8.22_8.21_8.20_,201_1035_857_182_6881_
09:19:14,8.25,10,7572,8.25_8.26_8.27_8.28_8.29_,295_162_177_406_500_,8.24_8.23_8.22_8.21_8.20_,201_1035_857_182_6881_
09:19:19,8.25,10,7572,8.25_8.26_8.27_8.28_8.29_,279_162_177_406_500_,8.24_8.23_8.22_8.21_8.20_,201_1035_857_187_6881_
09:19:24,8.25,10,7572,8.25_8.26_8.27_8.28_8.29_,279_162_177_406_500_,8.24_8.23_8.22_8.21_8.20_,201_1034_857_189_6881_
09:19:29,8.25,5,7577,8.25_8.26_8.27_8.28_8.29_,281_163_177_406_500_,8.24_8.23_8.22_8.21_8.20_,201_1034_857_189_6881_
09:19:34,8.24,7,7584,8.25_8.26_8.27_8.28_8.29_,274_163_177_406_500_,8.24_8.23_8.22_8.21_8.20_,294_1044_857_189_7879_
09:19:39,8.24,7,7584,8.25_8.26_8.27_8.28_8.29_,274_163_177_406_500_,8.24_8.23_8.22_8.21_8.20_,294_1044_857_189_8378_
09:19:44,8.25,3,7587,8.25_8.26_8.27_8.28_8.29_,271_163_177_406_500_,8.24_8.23_8.22_8.21_8.20_,299_1044_857_189_9376_
09:20:31,8.25,1,7694,8.25_8.26_8.27_8.28_8.29_,227_147_177_406_500_,8.24_8.23_8.22_8.21_8.20_,396_1044_857_189_9875_
09:20:36,8.24,18,7712,8.25_8.26_8.27_8.28_8.29_,209_147_177_406_500_,8.24_8.23_8.22_8.21_8.20_,378_1044_857_189_9875_
09:20:41,8.24,18,7712,8.25_8.26_8.27_8.28_8.29_,209_147_177_406_500_,8.24_8.23_8.22_8.21_8.20_,384_1044_857_189_9875_
09:20:46,8.24,18,7712,8.25_8.26_8.27_8.28_8.29_,209_147_177_406_500_,8.24_8.23_8.22_8.21_8.20_,384_1044_857_189_9881_
09:21:47,8.25,10,7837,8.25_8.26_8.27_8.28_8.29_,358_163_177_406_500_,8.24_8.23_8.22_8.21_8.20_,365_1045_877_189_9890_
09:23:19,8.24,7,7931,8.25_8.26_8.27_8.28_8.29_,366_647_177_405_500_,8.24_8.23_8.22_8.21_8.20_,488_1114_893_688_9916_
09:24:16,8.24,6,8044,8.25_8.26_8.27_8.28_8.29_,295_663_177_405_500_,8.24_8.23_8.22_8.21_8.20_,483_1127_893_1089_9914_
09:24:46,8.25,22,8339,8.25_8.26_8.27_8.28_8.29_,26_663_177_407_500_,8.24_8.23_8.22_8.21_8.20_,499_1124_893_1092_9914_
09:24:51,8.25,7,8346,8.25_8.26_8.27_8.28_8.29_,19_663_177_407_500_,8.24_8.23_8.22_8.21_8.20_,500_1124_893_1092_9914_
09:24:57,8.25,11,8357,8.25_8.26_8.27_8.28_8.29_,13_663_177_407_500_,8.24_8.23_8.22_8.21_8.20_,515_1124_898_1092_9914_
09:25:02,8.25,2,8359,8.25_8.26_8.27_8.28_8.29_,11_663_180_407_500_,8.24_8.23_8.22_8.21_8.20_,517_1124_898_1092_9914_
09:25:12,8.24,6,8365,8.25_8.26_8.27_8.28_8.29_,12_663_180_407_500_,8.24_8.23_8.22_8.21_8.20_,510_1124_898_1092_9914_
09:26:24,8.25,51,8524,8.26_8.27_8.28_8.29_8.30_,673_161_184_383_397_,8.25_8.24_8.23_8.22_8.21_,86_483_1056_908_1245_
09:28:32,8.25,1,8747,8.25_8.26_8.27_8.28_8.29_,116_654_161_408_502_,8.24_8.23_8.22_8.21_8.20_,478_1052_907_1080_9948_
09:29:07,8.25,5,8757,8.25_8.26_8.27_8.28_8.29_,146_637_161_409_502_,8.24_8.23_8.22_8.21_8.20_,494_1047_910_1080_9948_
09:29:38,8.24,2,8759,8.25_8.26_8.27_8.28_8.29_,146_637_161_409_502_,8.24_8.23_8.22_8.21_8.20_,492_1047_910_1080_9938_
09:29:48,8.25,100,8859,8.25_8.26_8.27_8.28_8.29_,46_637_161_409_502_,8.24_8.23_8.22_8.21_8.20_,529_1052_910_1080_9938_
09:30:55,8.25,12,8911,8.25_8.26_8.27_8.28_8.29_,40_652_161_409_502_,8.24_8.23_8.22_8.21_8.20_,670_1043_913_1080_9940_
09:31:00,8.25,12,8911,8.25_8.26_8.27_8.28_8.29_,43_652_161_409_502_,8.24_8.23_8.22_8.21_8.20_,670_1043_913_1080_9940_
09:32:58,8.25,10,9047,8.26_8.27_8.28_8.29_8.30_,664_161_186_385_404_,8.25_8.24_8.23_8.22_8.21_,185_641_1052_923_1252_
09:33:03,8.25,79,9126,8.26_8.27_8.28_8.29_8.30_,664_161_186_385_404_,8.25_8.24_8.23_8.22_8.21_,106_641_1052_923_1252_
09:33:39,8.25,10,9148,8.26_8.27_8.28_8.29_8.30_,663_181_186_385_404_,8.25_8.24_8.23_8.22_8.21_,95_675_1052_923_1252_
09:35:06,8.25,39,9431,8.25_8.26_8.27_8.28_8.29_,60_708_164_86_385_,8.24_8.23_8.22_8.21_8.20_,647_1052_921_1080_9908_
09:35:21,8.25,10,9441,8.25_8.26_8.27_8.28_8.29_,76_681_164_309_502_,8.24_8.23_8.22_8.21_8.20_,617_1056_936_1110_9908_
09:35:31,8.25,10,9441,8.25_8.26_8.27_8.28_8.29_,76_681_164_309_502_,8.24_8.23_8.22_8.21_8.20_,607_1056_936_1110_9908_
09:36:07,8.25,110,9552,8.26_8.27_8.28_8.29_8.30_,648_164_86_385_387_,8.25_8.24_8.23_8.22_8.21_,39_473_1060_937_1289_
09:36:12,8.25,110,9552,8.26_8.27_8.28_8.29_8.30_,648_161_86_385_387_,8.25_8.24_8.23_8.22_8.21_,45_469_1056_937_1289_
09:36:17,8.25,110,9552,8.26_8.27_8.28_8.29_8.30_,648_161_86_385_387_,8.25_8.24_8.23_8.22_8.21_,52_469_1056_934_1289_
09:36:23,8.25,110,9552,8.26_8.27_8.28_8.29_8.30_,674_161_86_385_387_,8.25_8.24_8.23_8.22_8.21_,52_469_1056_934_1289_
09:36:33,8.25,5,9557,8.26_8.27_8.28_8.29_8.30_,674_161_86_385_387_,8.25_8.24_8.23_8.22_8.21_,49_469_1056_934_1289_
09:36:48,8.25,39,9604,8.25_8.26_8.27_8.28_8.29_,61_674_179_86_385_,8.24_8.23_8.22_8.21_8.20_,469_1056_934_2289_9743_
09:36:53,8.25,2,9606,8.25_8.26_8.27_8.28_8.29_,85_647_179_309_502_,8.24_8.23_8.22_8.21_8.20_,469_1056_934_2110_9921_
09:36:58,8.25,2,9608,8.25_8.26_8.27_8.28_8.29_,84_647_179_304_507_,8.24_8.23_8.22_8.21_8.20_,473_1056_934_2110_9921_
09:37:03,8.25,85,9693,8.26_8.27_8.28_8.29_8.30_,647_179_304_507_47_,8.25_8.24_8.23_8.22_8.21_,17_473_1056_934_2110_
09:37:14,8.25,85,9693,8.26_8.27_8.28_8.29_8.30_,647_179_91_390_387_,8.25_8.24_8.23_8.22_8.21_,67_502_1056_934_2289_
09:37:19,8.25,28,9721,8.26_8.27_8.28_8.29_8.30_,647_179_91_390_387_,8.25_8.24_8.23_8.22_8.21_,43_502_1057_932_2289_
09:37:24,8.25,3,9724,8.26_8.27_8.28_8.29_8.30_,647_179_91_390_387_,8.25_8.24_8.23_8.22_8.21_,36_502_1057_932_2289_
09:37:44,8.25,30,9759,8.26_8.27_8.28_8.29_8.30_,642_179_91_390_437_,8.25_8.24_8.23_8.22_8.21_,21_504_1039_932_2289_
09:38:10,8.25,30,9810,8.25_8.26_8.27_8.28_8.29_,237_642_161_314_507_,8.24_8.23_8.22_8.21_8.20_,502_1039_932_2110_9921_
09:38:31,8.25,30,9810,8.25_8.26_8.27_8.28_8.29_,237_642_161_314_507_,8.24_8.23_8.22_8.21_8.20_,476_1039_932_2110_9921_
09:39:27,8.24,5,9869,8.25_8.26_8.27_8.28_8.29_,186_642_161_314_507_,8.24_8.23_8.22_8.21_8.20_,477_1039_932_2112_9924_
09:40:13,8.24,5,9869,8.25_8.26_8.27_8.28_8.29_,186_642_161_314_507_,8.24_8.23_8.22_8.21_8.20_,486_1036_932_2112_9924_
09:40:18,8.24,5,9869,8.25_8.26_8.27_8.28_8.29_,186_662_161_314_507_,8.24_8.23_8.22_8.21_8.20_,486_1036_932_2112_9924_
09:40:29,8.24,5,9869,8.25_8.26_8.27_8.28_8.29_,186_662_161_314_507_,8.24_8.23_8.22_8.21_8.20_,486_1036_932_2112_9934_
09:40:34,8.24,5,9869,8.25_8.26_8.27_8.28_8.29_,186_662_161_314_507_,8.24_8.23_8.22_8.21_8.20_,488_1036_932_2112_9934_
09:40:39,8.25,2,9871,8.25_8.26_8.27_8.28_8.29_,184_662_161_314_507_,8.24_8.23_8.22_8.21_8.20_,488_1036_932_2112_9934_
09:40:44,8.25,2,9871,8.25_8.26_8.27_8.28_8.29_,184_662_161_314_507_,8.24_8.23_8.22_8.21_8.20_,493_1037_932_2112_9934_
09:40:49,8.25,2,9871,8.25_8.26_8.27_8.28_8.29_,184_662_161_314_507_,8.24_8.23_8.22_8.21_8.20_,498_1037_932_2112_9934_
09:40:54,8.25,2,9871,8.25_8.26_8.27_8.28_8.29_,184_662_161_314_507_,8.24_8.23_8.22_8.21_8.20_,499_1037_1034_2112_9934_
09:40:59,8.25,1,9872,8.25_8.26_8.27_8.28_8.29_,183_662_161_314_507_,8.24_8.23_8.22_8.21_8.20_,499_1037_1034_2112_9924_
09:41:04,8.25,5,9877,8.25_8.26_8.27_8.28_8.29_,198_642_161_314_507_,8.24_8.23_8.22_8.21_8.20_,499_1037_1034_2112_9924_
09:41:45,8.24,16,10432,8.24_8.25_8.26_8.27_8.28_,352_250_642_384_431_,8.23_8.22_8.21_8.20_8.19_,1029_1046_2112_9747_206_
09:41:56,8.23,30,10462,8.24_8.25_8.26_8.27_8.28_,352_250_642_334_431_,8.23_8.22_8.21_8.20_8.19_,999_1046_2112_9747_206_
09:42:01,8.23,20,10482,8.24_8.25_8.26_8.27_8.28_,370_222_642_334_431_,8.23_8.22_8.21_8.20_8.19_,974_1046_2112_9747_206_
09:44:39,8.24,1,10924,8.24_8.25_8.26_8.27_8.28_,71_243_643_335_430_,8.23_8.22_8.21_8.20_8.19_,1112_1148_2082_9741_207_
09:44:55,8.24,2,10941,8.24_8.25_8.26_8.27_8.28_,71_243_643_335_430_,8.23_8.22_8.21_8.20_8.19_,1124_1148_2082_9741_207_
09:45:00,8.24,2,10941,8.24_8.25_8.26_8.27_8.28_,98_226_643_335_430_,8.23_8.22_8.21_8.20_8.19_,1124_1148_2082_9741_207_
09:46:11,8.23,17,10979,8.24_8.25_8.26_8.27_8.28_,73_506_643_335_430_,8.23_8.22_8.21_8.20_8.19_,1230_1152_2082_9738_209_
09:46:47,8.23,17,10979,8.24_8.25_8.26_8.27_8.28_,73_506_643_335_430_,8.23_8.22_8.21_8.20_8.19_,1237_1147_2082_9740_209_
09:47:33,8.24,2,10995,8.24_8.25_8.26_8.27_8.28_,615_530_644_335_430_,8.23_8.22_8.21_8.20_8.19_,1234_1147_2082_9740_209_
09:47:38,8.24,200,11195,8.24_8.25_8.26_8.27_8.28_,415_480_644_335_430_,8.23_8.22_8.21_8.20_8.19_,1234_1147_2082_9740_209_
09:48:24,8.24,2,11210,8.24_8.25_8.26_8.27_8.28_,431_461_644_335_421_,8.23_8.22_8.21_8.20_8.19_,1232_1156_2082_9741_209_
09:49:57,8.24,20,11403,8.24_8.25_8.26_8.27_8.28_,282_477_644_335_421_,8.23_8.22_8.21_8.20_8.19_,1262_1175_2108_9640_209_
09:50:12,8.24,20,11403,8.24_8.25_8.26_8.27_8.28_,282_477_644_335_421_,8.23_8.22_8.21_8.20_8.19_,1452_1180_2108_9640_209_
09:50:17,8.24,16,11419,8.24_8.25_8.26_8.27_8.28_,266_477_644_335_421_,8.23_8.22_8.21_8.20_8.19_,1452_1182_2108_9640_209_
09:51:29,8.24,10,11507,8.24_8.25_8.26_8.27_8.28_,139_547_644_335_421_,8.23_8.22_8.21_8.20_8.19_,2431_1177_1108_9650_209_
09:51:49,8.24,20,11527,8.24_8.25_8.26_8.27_8.28_,119_547_644_335_421_,8.23_8.22_8.21_8.20_8.19_,2431_1177_1108_9750_209_
09:53:11,8.24,6,11669,8.25_8.26_8.27_8.28_8.29_,536_661_112_304_712_,8.24_8.23_8.22_8.21_8.20_,408_1347_1075_1136_9939_
09:53:16,8.24,15,11684,8.25_8.26_8.27_8.28_8.29_,536_661_112_304_712_,8.24_8.23_8.22_8.21_8.20_,492_1305_1075_1136_9939_
09:53:21,8.24,15,11684,8.25_8.26_8.27_8.28_8.29_,538_661_112_304_712_,8.24_8.23_8.22_8.21_8.20_,492_1305_1075_1136_9939_
09:53:26,8.24,15,11684,8.25_8.26_8.27_8.28_8.29_,538_661_112_304_712_,8.24_8.23_8.22_8.21_8.20_,492_1305_1085_1136_9939_
09:54:43,8.24,2,11743,8.25_8.26_8.27_8.28_8.29_,425_650_112_304_712_,8.24_8.23_8.22_8.21_8.20_,810_1300_1084_1141_9936_
09:54:48,8.24,2,11743,8.25_8.26_8.27_8.28_8.29_,425_650_112_304_712_,8.24_8.23_8.22_8.21_8.20_,828_943_1084_1141_9936_
09:56:15,8.25,5,11756,8.25_8.26_8.27_8.28_8.29_,462_651_112_304_712_,8.24_8.23_8.22_8.21_8.20_,1031_949_1089_1144_9943_
09:56:36,8.25,1,11759,8.25_8.26_8.27_8.28_8.29_,764_651_112_304_712_,8.24_8.23_8.22_8.21_8.20_,1031_949_1089_1144_9943_
09:57:07,8.25,5,11765,8.25_8.26_8.27_8.28_8.29_,758_651_112_304_712_,8.24_8.23_8.22_8.21_8.20_,1075_949_1089_1144_9945_
09:57:42,8.25,5,11765,8.25_8.26_8.27_8.28_8.29_,758_651_112_304_712_,8.24_8.23_8.22_8.21_8.20_,1076_949_1089_1144_9945_
09:57:48,8.25,5,11765,8.25_8.26_8.27_8.28_8.29_,758_651_112_304_712_,8.24_8.23_8.22_8.21_8.20_,1089_922_1089_1144_9945_
09:58:59,8.25,5,11789,8.25_8.26_8.27_8.28_8.29_,779_633_112_304_712_,8.24_8.23_8.22_8.21_8.20_,1072_923_1084_1144_9945_
09:59:05,8.25,1,11790,8.25_8.26_8.27_8.28_8.29_,778_633_112_304_712_,8.24_8.23_8.22_8.21_8.20_,1074_923_1084_1144_9945_
09:59:20,8.24,1,11791,8.25_8.26_8.27_8.28_8.29_,778_650_112_304_712_,8.24_8.23_8.22_8.21_8.20_,1081_923_1084_1144_9945_
09:59:25,8.25,5,11796,8.25_8.26_8.27_8.28_8.29_,773_650_112_304_712_,8.24_8.23_8.22_8.21_8.20_,1081_923_1084_1144_9945_
09:59:35,8.25,5,11796,8.25_8.26_8.27_8.28_8.29_,773_650_112_304_712_,8.24_8.23_8.22_8.21_8.20_,1131_923_1084_1144_9945_
10:02:04,8.25,5,11862,8.25_8.26_8.27_8.28_8.29_,790_633_112_304_712_,8.24_8.23_8.22_8.21_8.20_,1134_924_1086_1144_9947_
10:02:40,8.25,1,11880,8.25_8.26_8.27_8.28_8.29_,783_650_112_304_712_,8.24_8.23_8.22_8.21_8.20_,1119_928_1087_1144_9945_
10:04:07,8.24,2,12133,8.25_8.26_8.27_8.28_8.29_,574_633_112_304_712_,8.24_8.23_8.22_8.21_8.20_,1104_941_1087_1144_9947_
10:04:17,8.24,2,12133,8.25_8.26_8.27_8.28_8.29_,574_633_112_304_712_,8.24_8.23_8.22_8.21_8.20_,1104_945_1089_1144_9947_
10:04:43,8.24,1,12134,8.25_8.26_8.27_8.28_8.29_,574_633_112_304_712_,8.24_8.23_8.22_8.21_8.20_,1104_950_1089_1144_9947_
10:05:03,8.24,1,12134,8.25_8.26_8.27_8.28_8.29_,577_633_112_304_712_,8.24_8.23_8.22_8.21_8.20_,1104_950_1089_1144_9947_
10:06:10,8.24,23,12339,8.25_8.26_8.27_8.28_8.29_,821_720_172_304_712_,8.24_8.23_8.22_8.21_8.20_,1007_945_1089_1144_9952_
10:06:15,8.24,23,12339,8.25_8.26_8.27_8.28_8.29_,821_710_182_304_712_,8.24_8.23_8.22_8.21_8.20_,1606_945_1089_1144_9952_
10:06:20,8.24,23,12339,8.25_8.26_8.27_8.28_8.29_,821_710_182_304_712_,8.24_8.23_8.22_8.21_8.20_,1678_945_1089_1144_9952_
10:07:11,8.24,1,12375,8.25_8.26_8.27_8.28_8.29_,821_693_182_304_713_,8.24_8.23_8.22_8.21_8.20_,1825_936_1089_1144_9953_
10:07:47,8.24,10,12389,8.25_8.26_8.27_8.28_8.29_,821_693_182_304_713_,8.24_8.23_8.22_8.21_8.20_,1928_941_1089_1144_9953_
10:07:52,8.24,1,12390,8.25_8.26_8.27_8.28_8.29_,821_693_182_304_713_,8.24_8.23_8.22_8.21_8.20_,1933_937_1089_1144_9953_
10:11:43,8.24,1,12777,8.25_8.26_8.27_8.28_8.29_,1089_710_182_304_713_,8.24_8.23_8.22_8.21_8.20_,1715_972_1089_1144_9983_
10:11:48,8.24,202,12979,8.25_8.26_8.27_8.28_8.29_,1088_710_182_304_713_,8.24_8.23_8.22_8.21_8.20_,1513_972_1089_1144_9983_
10:11:53,8.24,53,13032,8.25_8.26_8.27_8.28_8.29_,1088_710_182_304_713_,8.24_8.23_8.22_8.21_8.20_,1337_972_1089_1144_9983_
10:11:58,8.24,17,13049,8.25_8.26_8.27_8.28_8.29_,1088_710_182_304_713_,8.24_8.23_8.22_8.21_8.20_,1422_972_1089_1144_9983_
10:12:03,8.24,17,13049,8.25_8.26_8.27_8.28_8.29_,1088_710_182_304_713_,8.24_8.23_8.22_8.21_8.20_,1482_972_1089_1144_9983_
10:12:08,8.25,1,13050,8.25_8.26_8.27_8.28_8.29_,1087_710_182_304_713_,8.24_8.23_8.22_8.21_8.20_,1603_962_1089_1144_9983_
10:12:13,8.25,1,13050,8.25_8.26_8.27_8.28_8.29_,1087_710_182_304_713_,8.24_8.23_8.22_8.21_8.20_,1543_962_1089_1144_9983_
10:12:18,8.24,5,13055,8.25_8.26_8.27_8.28_8.29_,1087_710_182_304_713_,8.24_8.23_8.22_8.21_8.20_,1538_962_1079_1144_9983_
10:12:24,8.24,9,13064,8.25_8.26_8.27_8.28_8.29_,1087_710_182_304_713_,8.24_8.23_8.22_8.21_8.20_,1528_973_1079_1144_9983_
10:12:29,8.24,5,13069,8.25_8.26_8.27_8.28_8.29_,1087_710_182_304_713_,8.24_8.23_8.22_8.21_8.20_,1523_973_1079_1145_9983_
10:12:34,8.24,2,13071,8.25_8.26_8.27_8.28_8.29_,1087_710_182_304_713_,8.24_8.23_8.22_8.21_8.20_,1621_973_1079_1145_9983_
10:12:39,8.24,2,13073,8.25_8.26_8.27_8.28_8.29_,1087_710_182_304_713_,8.24_8.23_8.22_8.21_8.20_,1619_973_1079_1145_9983_
10:12:44,8.24,2,13073,8.25_8.26_8.27_8.28_8.29_,1087_710_182_304_713_,8.24_8.23_8.22_8.21_8.20_,1619_973_1079_1145_9988_
10:12:54,8.24,268,13341,8.25_8.26_8.27_8.28_8.29_,1088_710_182_304_713_,8.24_8.23_8.22_8.21_8.20_,1351_973_1079_1145_9988_
10:12:59,8.24,5,13346,8.25_8.26_8.27_8.28_8.29_,1088_710_182_304_713_,8.24_8.23_8.22_8.21_8.20_,1347_978_1079_1145_9988_
10:13:05,8.24,17,13363,8.25_8.26_8.27_8.28_8.29_,1038_693_182_304_713_,8.24_8.23_8.22_8.21_8.20_,1334_974_1079_1145_9988_
10:15:18,8.23,16,14787,8.24_8.25_8.26_8.27_8.28_,1084_973_693_405_441_,8.23_8.22_8.21_8.20_8.19_,899_1084_1166_9804_398_
10:15:48,8.23,5,14792,8.24_8.25_8.26_8.27_8.28_,1087_973_693_405_441_,8.23_8.22_8.21_8.20_8.19_,695_984_1166_9804_398_
10:16:04,8.24,300,15092,8.24_8.25_8.26_8.27_8.28_,798_969_693_405_441_,8.23_8.22_8.21_8.20_8.19_,696_984_1166_9804_398_
10:17:41,8.22,2,15843,8.23_8.24_8.25_8.26_8.27_,839_713_969_916_522_,8.22_8.21_8.20_8.19_8.18_,1067_1172_9811_235_476_
10:18:22,8.22,5,15875,8.23_8.24_8.25_8.26_8.27_,840_713_969_916_522_,8.22_8.21_8.20_8.19_8.18_,1050_273_9831_235_476_
10:18:58,8.22,13,15889,8.23_8.24_8.25_8.26_8.27_,842_713_974_916_522_,8.22_8.21_8.20_8.19_8.18_,1032_273_1841_235_476_
10:19:13,8.22,100,15989,8.23_8.24_8.25_8.26_8.27_,858_697_974_916_525_,8.22_8.21_8.20_8.19_8.18_,933_277_1841_235_476_
10:19:18,8.22,100,16089,8.23_8.24_8.25_8.26_8.27_,858_697_974_916_525_,8.22_8.21_8.20_8.19_8.18_,834_277_1841_235_476_
10:19:59,8.23,10,16859,8.24_8.25_8.26_8.27_8.28_,698_974_693_408_441_,8.23_8.22_8.21_8.20_8.19_,59_799_221_1818_402_
10:20:04,8.23,6,16865,8.24_8.25_8.26_8.27_8.28_,699_974_693_408_441_,8.23_8.22_8.21_8.20_8.19_,62_799_221_1818_402_
10:20:10,8.23,6,16871,8.24_8.25_8.26_8.27_8.28_,699_974_693_408_441_,8.23_8.22_8.21_8.20_8.19_,77_799_221_1823_402_
10:20:15,8.23,61,16932,8.23_8.24_8.25_8.26_8.27_,82_699_974_693_408_,8.22_8.21_8.20_8.19_8.18_,796_220_1813_402_319_
10:20:56,8.22,30,17083,8.23_8.24_8.25_8.26_8.27_,390_714_974_916_525_,8.22_8.21_8.20_8.19_8.18_,677_221_1813_235_480_
10:21:01,8.22,9,17092,8.23_8.24_8.25_8.26_8.27_,390_715_974_916_525_,8.22_8.21_8.20_8.19_8.18_,668_221_1813_235_480_
10:21:42,8.22,3,17206,8.23_8.24_8.25_8.26_8.27_,384_715_974_916_525_,8.22_8.21_8.20_8.19_8.18_,580_222_1820_235_480_
10:21:47,8.23,5,17211,8.23_8.24_8.25_8.26_8.27_,379_715_974_916_525_,8.22_8.21_8.20_8.19_8.18_,580_226_1820_235_480_
10:21:52,8.23,10,17221,8.23_8.24_8.25_8.26_8.27_,370_715_974_916_525_,8.22_8.21_8.20_8.19_8.18_,580_226_1820_235_480_
10:22:02,8.22,6,17257,8.23_8.24_8.25_8.26_8.27_,486_699_974_910_525_,8.22_8.21_8.20_8.19_8.18_,549_228_1820_230_480_
10:23:34,8.22,9,17827,8.22_8.23_8.24_8.25_8.26_,840_555_699_1027_957_,8.21_8.20_8.19_8.18_8.17_,388_1888_230_319_201_
10:23:39,8.22,9,17827,8.22_8.23_8.24_8.25_8.26_,840_555_699_1027_957_,8.21_8.20_8.19_8.18_8.17_,387_1888_230_319_201_
10:23:45,8.22,9,17827,8.22_8.23_8.24_8.25_8.26_,840_555_699_1027_957_,8.21_8.20_8.19_8.18_8.17_,401_1888_230_319_201_
10:23:55,8.21,1,18028,8.22_8.23_8.24_8.25_8.26_,639_555_699_1007_958_,8.21_8.20_8.19_8.18_8.17_,503_1888_230_319_201_
10:24:00,8.21,1,18028,8.22_8.23_8.24_8.25_8.26_,659_555_699_1007_958_,8.21_8.20_8.19_8.18_8.17_,533_1883_230_319_201_
10:24:15,8.22,10,18053,8.22_8.23_8.24_8.25_8.26_,664_555_699_1002_961_,8.21_8.20_8.19_8.18_8.17_,565_1887_230_319_201_
10:24:31,8.21,5,18058,8.22_8.23_8.24_8.25_8.26_,665_555_699_1002_961_,8.21_8.20_8.19_8.18_8.17_,559_1887_230_319_201_
10:25:47,8.21,8,18126,8.22_8.23_8.24_8.25_8.26_,680_546_698_1002_962_,8.21_8.20_8.19_8.18_8.17_,539_1800_230_319_302_
10:26:44,8.22,40,18166,8.22_8.23_8.24_8.25_8.26_,640_562_698_1002_962_,8.21_8.20_8.19_8.18_8.17_,587_1805_230_329_302_
10:27:35,8.21,6,18195,8.22_8.23_8.24_8.25_8.26_,631_564_698_1002_962_,8.21_8.20_8.19_8.18_8.17_,603_1805_230_343_302_
10:27:40,8.22,3,18198,8.22_8.23_8.24_8.25_8.26_,628_564_698_1002_962_,8.21_8.20_8.19_8.18_8.17_,603_1805_230_343_302_
10:27:45,8.21,1,18199,8.22_8.23_8.24_8.25_8.26_,628_564_698_1002_962_,8.21_8.20_8.19_8.18_8.17_,622_1801_230_343_302_
10:27:50,8.21,14,18213,8.22_8.23_8.24_8.25_8.26_,653_564_698_1002_962_,8.21_8.20_8.19_8.18_8.17_,611_1801_230_343_302_
10:28:00,8.21,1,18215,8.22_8.23_8.24_8.25_8.26_,669_548_698_1002_962_,8.21_8.20_8.19_8.18_8.17_,609_1801_230_343_302_
10:28:11,8.21,13,18229,8.22_8.23_8.24_8.25_8.26_,669_548_698_1002_962_,8.21_8.20_8.19_8.18_8.17_,587_1801_230_343_302_
10:29:48,8.22,3,18286,8.22_8.23_8.24_8.25_8.26_,632_553_703_1002_962_,8.21_8.20_8.19_8.18_8.17_,566_1906_230_343_302_
10:31:25,8.22,1,18432,8.22_8.23_8.24_8.25_8.26_,594_537_703_1002_962_,8.21_8.20_8.19_8.18_8.17_,1647_941_236_343_302_
10:32:27,8.21,10,18461,8.22_8.23_8.24_8.25_8.26_,582_537_703_1002_962_,8.21_8.20_8.19_8.18_8.17_,1639_933_236_343_302_
10:32:47,8.21,10,18461,8.22_8.23_8.24_8.25_8.26_,567_537_703_1002_962_,8.21_8.20_8.19_8.18_8.17_,1645_937_236_343_302_
10:33:13,8.21,10,18461,8.22_8.23_8.24_8.25_8.26_,567_537_703_1002_962_,8.21_8.20_8.19_8.18_8.17_,1649_933_236_343_302_
10:33:44,8.21,50,18513,8.22_8.23_8.24_8.25_8.26_,574_558_704_1002_1012_,8.21_8.20_8.19_8.18_8.17_,1634_932_236_343_302_
10:33:49,8.21,15,18528,8.22_8.23_8.24_8.25_8.26_,574_558_704_1002_1012_,8.21_8.20_8.19_8.18_8.17_,1619_932_236_343_302_
10:33:54,8.21,15,18528,8.22_8.23_8.24_8.25_8.26_,674_558_704_1002_1012_,8.21_8.20_8.19_8.18_8.17_,1619_932_236_343_302_
10:34:04,8.21,10,18538,8.22_8.23_8.24_8.25_8.26_,695_537_704_1002_1012_,8.21_8.20_8.19_8.18_8.17_,1609_932_236_343_302_
10:34:45,8.21,30,18583,8.22_8.23_8.24_8.25_8.26_,737_537_704_1002_1012_,8.21_8.20_8.19_8.18_8.17_,1683_927_236_343_302_
10:34:50,8.21,30,18583,8.22_8.23_8.24_8.25_8.26_,737_537_704_1002_1012_,8.21_8.20_8.19_8.18_8.17_,1664_927_236_343_302_
10:34:55,8.21,30,18583,8.22_8.23_8.24_8.25_8.26_,737_537_704_982_1012_,8.21_8.20_8.19_8.18_8.17_,1669_927_236_343_302_
10:35:00,8.21,41,18624,8.22_8.23_8.24_8.25_8.26_,716_537_704_982_1012_,8.21_8.20_8.19_8.18_8.17_,1628_928_236_343_302_
10:35:06,8.21,41,18624,8.22_8.23_8.24_8.25_8.26_,715_537_704_982_1012_,8.21_8.20_8.19_8.18_8.17_,1633_928_236_343_302_
10:35:11,8.21,6,18630,8.22_8.23_8.24_8.25_8.26_,715_537_704_982_1012_,8.21_8.20_8.19_8.18_8.17_,1627_928_236_343_302_
10:36:32,8.22,2,18683,8.22_8.23_8.24_8.25_8.26_,702_553_704_982_1012_,8.21_8.20_8.19_8.18_8.17_,1661_929_254_343_303_
10:36:43,8.22,2,18683,8.22_8.23_8.24_8.25_8.26_,702_553_704_982_1013_,8.21_8.20_8.19_8.18_8.17_,1661_929_254_343_303_
10:36:53,8.22,5,18688,8.22_8.23_8.24_8.25_8.26_,697_553_704_982_1013_,8.21_8.20_8.19_8.18_8.17_,1661_929_254_343_303_
10:36:58,8.21,5,18693,8.22_8.23_8.24_8.25_8.26_,697_553_704_982_1013_,8.21_8.20_8.19_8.18_8.17_,1661_934_254_343_303_
10:37:03,8.22,5,18698,8.22_8.23_8.24_8.25_8.26_,693_553_704_982_1013_,8.21_8.20_8.19_8.18_8.17_,1661_934_254_343_303_
10:37:24,8.22,1,18719,8.22_8.23_8.24_8.25_8.26_,632_553_704_987_1013_,8.21_8.20_8.19_8.18_8.17_,1665_946_254_343_303_
10:37:29,8.22,10,18729,8.22_8.23_8.24_8.25_8.26_,622_553_704_987_1013_,8.21_8.20_8.19_8.18_8.17_,1655_946_254_343_303_
10:37:39,8.21,1,18730,8.22_8.23_8.24_8.25_8.26_,622_953_704_987_1013_,8.21_8.20_8.19_8.18_8.17_,1655_946_254_343_303_
10:39:17,8.21,16,18783,8.22_8.23_8.24_8.25_8.26_,613_953_709_999_1013_,8.21_8.20_8.19_8.18_8.17_,1616_1007_254_343_303_
10:39:47,8.22,3,18795,8.22_8.23_8.24_8.25_8.26_,602_953_709_999_1013_,8.21_8.20_8.19_8.18_8.17_,1623_1007_254_343_303_
10:39:52,8.22,5,18800,8.22_8.23_8.24_8.25_8.26_,597_953_709_999_1013_,8.21_8.20_8.19_8.18_8.17_,1623_1007_254_343_303_
10:40:08,8.22,102,18902,8.22_8.23_8.24_8.25_8.26_,495_953_709_999_1013_,8.21_8.20_8.19_8.18_8.17_,1623_997_264_353_313_
10:41:20,8.22,6,19002,8.22_8.23_8.24_8.25_8.26_,427_937_709_999_1013_,8.21_8.20_8.19_8.18_8.17_,1654_997_264_353_313_
10:42:26,8.22,2,19141,8.22_8.23_8.24_8.25_8.26_,306_954_709_999_1013_,8.21_8.20_8.19_8.18_8.17_,1639_1003_264_353_313_
10:42:47,8.22,5,19146,8.22_8.23_8.24_8.25_8.26_,301_954_709_999_1013_,8.21_8.20_8.19_8.18_8.17_,1635_1003_264_353_313_
10:43:43,8.21,2,19161,8.22_8.23_8.24_8.25_8.26_,288_954_709_999_1013_,8.21_8.20_8.19_8.18_8.17_,1660_929_264_353_313_
10:44:14,8.22,1,19175,8.22_8.23_8.24_8.25_8.26_,304_937_709_999_1015_,8.21_8.20_8.19_8.18_8.17_,1671_919_264_353_313_
10:45:20,8.22,4,19196,8.22_8.23_8.24_8.25_8.26_,308_953_709_989_1015_,8.21_8.20_8.19_8.18_8.17_,1656_919_262_353_313_
10:45:30,8.22,4,19196,8.22_8.23_8.24_8.25_8.26_,318_953_709_989_1015_,8.21_8.20_8.19_8.18_8.17_,1661_919_262_353_313_
10:45:36,8.22,4,19196,8.22_8.23_8.24_8.25_8.26_,313_953_709_989_1015_,8.21_8.20_8.19_8.18_8.17_,1661_919_262_353_313_
10:45:41,8.21,6,19202,8.22_8.23_8.24_8.25_8.26_,313_953_709_989_1015_,8.21_8.20_8.19_8.18_8.17_,1655_919_262_353_313_
10:45:46,8.21,6,19202,8.22_8.23_8.24_8.25_8.26_,313_953_709_989_1015_,8.21_8.20_8.19_8.18_8.17_,1636_919_262_353_313_
10:45:56,8.21,6,19202,8.22_8.23_8.24_8.25_8.26_,338_953_709_989_1015_,8.21_8.20_8.19_8.18_8.17_,1638_919_262_353_313_
10:46:22,8.22,1,19214,8.22_8.23_8.24_8.25_8.26_,332_953_709_989_1016_,8.21_8.20_8.19_8.18_8.17_,1630_919_262_353_313_
10:46:27,8.21,14,19228,8.22_8.23_8.24_8.25_8.26_,342_953_709_989_1016_,8.21_8.20_8.19_8.18_8.17_,1616_920_262_353_313_
10:46:37,8.21,14,19228,8.22_8.23_8.24_8.25_8.26_,345_953_709_989_1016_,8.21_8.20_8.19_8.18_8.17_,1616_920_262_353_316_
10:46:42,8.21,18,19246,8.22_8.23_8.24_8.25_8.26_,345_953_709_989_1016_,8.21_8.20_8.19_8.18_8.17_,1599_920_262_353_316_
10:46:47,8.21,18,19246,8.22_8.23_8.24_8.25_8.26_,646_653_709_989_1016_,8.21_8.20_8.19_8.18_8.17_,1599_920_262_353_316_
10:47:59,8.22,21,19321,8.22_8.23_8.24_8.25_8.26_,625_637_709_989_1016_,8.21_8.20_8.19_8.18_8.17_,1567_935_262_353_316_
10:48:04,8.21,16,19337,8.22_8.23_8.24_8.25_8.26_,609_637_709_989_1016_,8.21_8.20_8.19_8.18_8.17_,1551_925_262_353_316_
10:48:09,8.22,2,19339,8.22_8.23_8.24_8.25_8.26_,607_637_709_989_1016_,8.21_8.20_8.19_8.18_8.17_,1550_926_262_353_316_
10:48:14,8.22,2,19339,8.22_8.23_8.24_8.25_8.26_,858_637_709_989_1016_,8.21_8.20_8.19_8.18_8.17_,1550_926_262_353_326_
10:48:19,8.22,10,19349,8.22_8.23_8.24_8.25_8.26_,848_653_709_989_1016_,8.21_8.20_8.19_8.18_8.17_,1554_926_262_353_326_
10:48:45,8.21,12,19372,8.22_8.23_8.24_8.25_8.26_,858_653_709_989_1016_,8.21_8.20_8.19_8.18_8.17_,1531_926_262_353_326_
10:49:31,8.21,1,19408,8.22_8.23_8.24_8.25_8.26_,848_653_709_989_1016_,8.21_8.20_8.19_8.18_8.17_,1521_930_262_353_326_
10:50:33,8.21,100,19515,8.22_8.23_8.24_8.25_8.26_,865_637_709_989_1016_,8.21_8.20_8.19_8.18_8.17_,1419_926_257_353_326_
10:50:58,8.21,11,19526,8.22_8.23_8.24_8.25_8.26_,866_637_709_989_1016_,8.21_8.20_8.19_8.18_8.17_,1408_926_257_353_326_
10:51:29,8.21,6,19559,8.22_8.23_8.24_8.25_8.26_,851_654_709_988_1016_,8.21_8.20_8.19_8.18_8.17_,1370_926_257_353_326_
10:53:02,8.21,12,19661,8.22_8.23_8.24_8.25_8.26_,827_637_709_988_1016_,8.21_8.20_8.19_8.18_8.17_,1344_930_257_353_326_
10:53:12,8.21,10,19671,8.22_8.23_8.24_8.25_8.26_,827_637_709_988_1016_,8.21_8.20_8.19_8.18_8.17_,1336_930_257_353_326_
10:53:22,8.22,1,19672,8.22_8.23_8.24_8.25_8.26_,826_637_709_988_1016_,8.21_8.20_8.19_8.18_8.17_,1336_930_257_355_326_
10:53:27,8.21,6,19678,8.22_8.23_8.24_8.25_8.26_,837_637_709_988_1016_,8.21_8.20_8.19_8.18_8.17_,1334_930_257_355_326_
10:53:32,8.21,6,19678,8.22_8.23_8.24_8.25_8.26_,837_637_709_988_1016_,8.21_8.20_8.19_8.18_8.17_,1330_930_257_355_326_
10:54:54,8.22,8,19901,8.22_8.23_8.24_8.25_8.26_,823_653_709_988_1015_,8.21_8.20_8.19_8.18_8.17_,1337_933_257_345_325_
10:55:30,8.22,9,19958,8.22_8.23_8.24_8.25_8.26_,778_653_709_988_1015_,8.21_8.20_8.19_8.18_8.17_,1335_939_312_345_325_
10:55:35,8.22,10,19968,8.22_8.23_8.24_8.25_8.26_,783_653_709_988_1015_,8.21_8.20_8.19_8.18_8.17_,1340_939_312_345_325_
10:55:40,8.21,5,19973,8.22_8.23_8.24_8.25_8.26_,785_653_709_988_1015_,8.21_8.20_8.19_8.18_8.17_,1330_939_312_345_325_
10:55:45,8.21,5,19973,8.22_8.23_8.24_8.25_8.26_,785_653_709_988_1015_,8.21_8.20_8.19_8.18_8.17_,1335_939_312_345_325_
10:56:26,8.22,8,20033,8.22_8.23_8.24_8.25_8.26_,1079_637_709_658_1015_,8.21_8.20_8.19_8.18_8.17_,1342_939_312_345_325_
10:56:36,8.22,7,20049,8.22_8.23_8.24_8.25_8.26_,1063_637_709_658_1015_,8.21_8.20_8.19_8.18_8.17_,1342_939_312_345_325_
10:56:42,8.22,7,20056,8.22_8.23_8.24_8.25_8.26_,1056_637_709_658_1015_,8.21_8.20_8.19_8.18_8.17_,1342_939_312_345_325_
10:56:47,8.22,15,20071,8.22_8.23_8.24_8.25_8.26_,1041_637_709_658_1015_,8.21_8.20_8.19_8.18_8.17_,1340_939_312_345_325_
10:56:52,8.22,9,20080,8.22_8.23_8.24_8.25_8.26_,1032_637_709_658_1015_,8.21_8.20_8.19_8.18_8.17_,1328_939_312_345_325_
10:56:57,8.22,13,20093,8.22_8.23_8.24_8.25_8.26_,1019_637_709_658_1015_,8.21_8.20_8.19_8.18_8.17_,1356_939_312_345_325_
10:57:12,8.22,9,20130,8.22_8.23_8.24_8.25_8.26_,982_637_709_658_1015_,8.21_8.20_8.19_8.18_8.17_,1349_939_312_345_325_
10:57:22,8.22,7,20146,8.22_8.23_8.24_8.25_8.26_,966_653_709_658_1015_,8.21_8.20_8.19_8.18_8.17_,1349_939_312_345_325_
10:58:50,8.21,405,21285,8.22_8.23_8.24_8.25_8.26_,898_597_709_658_515_,8.21_8.20_8.19_8.18_8.17_,348_939_315_345_325_
10:58:55,8.22,8,21293,8.22_8.23_8.24_8.25_8.26_,895_597_709_658_515_,8.21_8.20_8.19_8.18_8.17_,307_939_315_345_325_
10:59:00,8.21,173,21466,8.22_8.23_8.24_8.25_8.26_,900_581_709_658_515_,8.21_8.20_8.19_8.18_8.17_,141_939_315_345_325_
10:59:10,8.21,35,21510,8.22_8.23_8.24_8.25_8.26_,890_581_709_658_515_,8.21_8.20_8.19_8.18_8.17_,114_939_315_345_325_
10:59:15,8.21,11,21521,8.22_8.23_8.24_8.25_8.26_,890_581_709_658_515_,8.21_8.20_8.19_8.18_8.17_,111_938_315_345_325_
10:59:20,8.21,11,21532,8.22_8.23_8.24_8.25_8.26_,890_581_709_658_515_,8.21_8.20_8.19_8.18_8.17_,108_938_315_345_325_
10:59:26,8.21,71,21603,8.22_8.23_8.24_8.25_8.26_,890_581_709_658_515_,8.21_8.20_8.19_8.18_8.17_,45_938_315_345_325_
10:59:31,8.21,1,21604,8.22_8.23_8.24_8.25_8.26_,890_581_709_658_515_,8.21_8.20_8.19_8.18_8.17_,45_938_315_345_325_
10:59:41,8.21,45,21656,8.21_8.22_8.23_8.24_8.25_,71_1290_581_709_658_,8.20_8.19_8.18_8.17_8.16_,932_315_345_325_271_
10:59:46,8.21,45,21656,8.21_8.22_8.23_8.24_8.25_,101_1285_581_932_775_,8.20_8.19_8.18_8.17_8.16_,932_315_345_174_419_
10:59:51,8.21,8,21664,8.21_8.22_8.23_8.24_8.25_,199_1285_581_932_775_,8.20_8.19_8.18_8.17_8.16_,932_315_345_174_419_
10:59:56,8.20,6,21670,8.21_8.22_8.23_8.24_8.25_,217_1285_581_932_775_,8.20_8.19_8.18_8.17_8.16_,1027_315_345_174_419_
11:00:01,8.20,16,21686,8.21_8.22_8.23_8.24_8.25_,234_1252_581_932_775_,8.20_8.19_8.18_8.17_8.16_,1011_315_345_174_419_
11:00:06,8.20,3,21689,8.21_8.22_8.23_8.24_8.25_,234_1252_581_932_775_,8.20_8.19_8.18_8.17_8.16_,1003_315_345_174_419_
11:00:12,8.20,15,21704,8.21_8.22_8.23_8.24_8.25_,244_1268_581_932_775_,8.20_8.19_8.18_8.17_8.16_,988_315_345_174_419_
11:00:17,8.20,1,21705,8.21_8.22_8.23_8.24_8.25_,244_1268_581_932_775_,8.20_8.19_8.18_8.17_8.16_,990_327_345_174_419_
11:01:18,8.20,7,22063,8.21_8.22_8.23_8.24_8.25_,230_1008_581_932_775_,8.20_8.19_8.18_8.17_8.16_,718_327_345_174_419_
11:01:59,8.20,5,22098,8.21_8.22_8.23_8.24_8.25_,230_1008_581_932_775_,8.20_8.19_8.18_8.17_8.16_,593_327_345_174_419_
11:02:04,8.20,5,22098,8.21_8.22_8.23_8.24_8.25_,246_992_581_932_775_,8.20_8.19_8.18_8.17_8.16_,593_327_345_174_419_
11:02:09,8.20,5,22098,8.21_8.22_8.23_8.24_8.25_,246_992_581_932_775_,8.20_8.19_8.18_8.17_8.16_,598_327_345_174_419_
11:02:15,8.20,5,22098,8.21_8.22_8.23_8.24_8.25_,246_992_581_932_775_,8.20_8.19_8.18_8.17_8.16_,598_328_345_174_419_
11:02:20,8.21,8,22106,8.21_8.22_8.23_8.24_8.25_,239_992_581_932_775_,8.20_8.19_8.18_8.17_8.16_,598_328_345_174_419_
11:02:25,8.21,8,22106,8.21_8.22_8.23_8.24_8.25_,249_992_581_932_775_,8.20_8.19_8.18_8.17_8.16_,598_328_345_174_419_
11:03:21,8.20,8,22161,8.21_8.22_8.23_8.24_8.25_,229_1009_586_932_775_,8.20_8.19_8.18_8.17_8.16_,573_328_350_174_419_
11:04:28,8.21,7,22201,8.21_8.22_8.23_8.24_8.25_,323_1009_586_932_769_,8.20_8.19_8.18_8.17_8.16_,563_345_350_174_419_
11:04:33,8.20,20,22221,8.21_8.22_8.23_8.24_8.25_,323_1009_586_932_769_,8.20_8.19_8.18_8.17_8.16_,543_345_355_174_419_
11:05:50,8.21,8,22290,8.21_8.22_8.23_8.24_8.25_,310_992_586_932_769_,8.20_8.19_8.18_8.17_8.16_,524_340_361_174_419_
11:05:55,8.20,10,22300,8.21_8.22_8.23_8.24_8.25_,310_992_586_932_769_,8.20_8.19_8.18_8.17_8.16_,519_340_361_174_419_
11:06:15,8.20,1,22318,8.21_8.22_8.23_8.24_8.25_,292_1008_586_932_769_,8.20_8.19_8.18_8.17_8.16_,695_340_363_174_422_
11:06:51,8.21,7,22377,8.21_8.22_8.23_8.24_8.25_,244_983_587_932_769_,8.20_8.19_8.18_8.17_8.16_,675_340_363_174_422_
11:07:01,8.21,8,22385,8.21_8.22_8.23_8.24_8.25_,236_983_587_932_769_,8.20_8.19_8.18_8.17_8.16_,675_340_363_174_422_
11:10:06,8.20,8,23254,8.20_8.21_8.22_8.23_8.24_,564_222_967_310_1048_,8.19_8.18_8.17_8.16_8.15_,337_376_174_275_265_
11:10:21,8.20,8,23262,8.20_8.21_8.22_8.23_8.24_,566_222_967_310_1048_,8.19_8.18_8.17_8.16_8.15_,439_384_174_275_265_
11:10:32,8.20,7,23269,8.20_8.21_8.22_8.23_8.24_,559_222_967_310_1048_,8.19_8.18_8.17_8.16_8.15_,439_384_174_275_265_
11:10:42,8.19,100,23369,8.20_8.21_8.22_8.23_8.24_,559_222_967_310_1048_,8.19_8.18_8.17_8.16_8.15_,342_384_174_275_265_
11:10:47,8.20,7,23376,8.20_8.21_8.22_8.23_8.24_,552_222_967_310_1048_,8.19_8.18_8.17_8.16_8.15_,342_384_174_275_265_
11:10:52,8.20,7,23376,8.20_8.21_8.22_8.23_8.24_,552_222_967_310_1048_,8.19_8.18_8.17_8.16_8.15_,367_384_174_275_265_
11:10:57,8.20,2,23378,8.20_8.21_8.22_8.23_8.24_,568_222_967_310_1048_,8.19_8.18_8.17_8.16_8.15_,367_384_174_275_265_
11:12:09,8.19,6,23427,8.20_8.21_8.22_8.23_8.24_,570_197_972_310_1048_,8.19_8.18_8.17_8.16_8.15_,458_373_165_255_250_
11:12:14,8.20,7,23434,8.20_8.21_8.22_8.23_8.24_,558_197_972_310_1048_,8.19_8.18_8.17_8.16_8.15_,458_374_165_255_250_
11:12:19,8.19,3,23437,8.20_8.21_8.22_8.23_8.24_,558_217_972_310_1048_,8.19_8.18_8.17_8.16_8.15_,455_374_165_255_250_
11:12:24,8.19,5,23442,8.20_8.21_8.22_8.23_8.24_,558_217_972_310_1049_,8.19_8.18_8.17_8.16_8.15_,451_374_165_255_250_
11:12:40,8.20,5,23452,8.20_8.21_8.22_8.23_8.24_,548_217_972_310_1049_,8.19_8.18_8.17_8.16_8.15_,446_574_165_255_250_
11:13:15,8.20,2,23462,8.20_8.21_8.22_8.23_8.24_,547_217_973_310_1049_,8.19_8.18_8.17_8.16_8.15_,439_578_165_255_250_
11:13:31,8.20,1,23463,8.20_8.21_8.22_8.23_8.24_,546_217_973_310_1049_,8.19_8.18_8.17_8.16_8.15_,439_578_165_255_250_
11:13:51,8.20,50,23525,8.20_8.21_8.22_8.23_8.24_,496_217_973_310_1049_,8.19_8.18_8.17_8.16_8.15_,432_574_165_255_250_
11:14:37,8.20,5,23541,8.20_8.21_8.22_8.23_8.24_,498_197_973_310_1049_,8.19_8.18_8.17_8.16_8.15_,453_568_165_255_250_
11:14:42,8.19,100,23641,8.20_8.21_8.22_8.23_8.24_,498_197_973_310_1049_,8.19_8.18_8.17_8.16_8.15_,353_568_165_255_255_
11:14:58,8.19,100,23641,8.20_8.21_8.22_8.23_8.24_,498_197_973_310_1049_,8.19_8.18_8.17_8.16_8.15_,363_568_165_255_255_
11:15:03,8.19,21,23662,8.20_8.21_8.22_8.23_8.24_,479_197_973_310_1049_,8.19_8.18_8.17_8.16_8.15_,342_568_165_255_255_
11:15:08,8.19,1,23663,8.20_8.21_8.22_8.23_8.24_,479_197_973_310_1049_,8.19_8.18_8.17_8.16_8.15_,341_568_165_255_255_
11:15:13,8.19,100,23763,8.20_8.21_8.22_8.23_8.24_,479_197_973_310_1049_,8.19_8.18_8.17_8.16_8.15_,241_568_165_255_255_
11:16:09,8.20,2,23873,8.20_8.21_8.22_8.23_8.24_,464_213_973_310_1049_,8.19_8.18_8.17_8.16_8.15_,139_543_165_255_255_
11:16:25,8.20,2,23873,8.20_8.21_8.22_8.23_8.24_,464_213_973_310_1049_,8.19_8.18_8.17_8.16_8.15_,141_558_165_255_255_
11:16:30,8.20,3,23876,8.20_8.21_8.22_8.23_8.24_,461_213_973_310_1049_,8.19_8.18_8.17_8.16_8.15_,151_558_165_255_255_
11:16:45,8.19,11,23887,8.20_8.21_8.22_8.23_8.24_,461_213_973_310_1049_,8.19_8.18_8.17_8.16_8.15_,145_553_165_255_255_
11:16:55,8.19,11,23887,8.20_8.21_8.22_8.23_8.24_,462_213_973_310_1049_,8.19_8.18_8.17_8.16_8.15_,246_553_165_255_255_
11:17:01,8.19,11,23887,8.20_8.21_8.22_8.23_8.24_,478_197_973_310_1049_,8.19_8.18_8.17_8.16_8.15_,250_549_165_255_255_
11:17:06,8.19,11,23887,8.20_8.21_8.22_8.23_8.24_,478_197_973_310_1049_,8.19_8.18_8.17_8.16_8.15_,256_549_165_255_255_
11:18:17,8.19,53,24157,8.19_8.20_8.21_8.22_8.23_,53_449_197_1196_427_,8.18_8.17_8.16_8.15_8.14_,555_183_255_90_212_
11:21:27,8.20,5,24313,8.20_8.21_8.22_8.23_8.24_,383_249_973_310_1054_,8.19_8.18_8.17_8.16_8.15_,235_686_183_260_269_
11:21:42,8.20,5,24313,8.20_8.21_8.22_8.23_8.24_,383_249_973_310_1054_,8.19_8.18_8.17_8.16_8.15_,236_686_183_260_269_
11:23:20,8.20,1,24319,8.20_8.21_8.22_8.23_8.24_,420_232_973_310_1055_,8.19_8.18_8.17_8.16_8.15_,253_686_183_260_269_
11:23:25,8.20,1,24319,8.20_8.21_8.22_8.23_8.24_,421_232_973_310_1055_,8.19_8.18_8.17_8.16_8.15_,254_686_183_260_269_
11:24:06,8.19,17,24338,8.20_8.21_8.22_8.23_8.24_,402_232_973_310_1055_,8.19_8.18_8.17_8.16_8.15_,223_691_183_262_269_
11:24:11,8.19,17,24338,8.20_8.21_8.22_8.23_8.24_,402_232_973_310_1055_,8.19_8.18_8.17_8.16_8.15_,235_691_183_262_269_
11:24:16,8.19,17,24338,8.20_8.21_8.22_8.23_8.24_,402_248_973_310_1055_,8.19_8.18_8.17_8.16_8.15_,235_691_183_262_269_
11:24:26,8.19,17,24338,8.20_8.21_8.22_8.23_8.24_,402_248_973_310_1055_,8.19_8.18_8.17_8.16_8.15_,235_691_183_265_269_
11:25:02,8.19,4,24342,8.20_8.21_8.22_8.23_8.24_,402_248_973_310_1055_,8.19_8.18_8.17_8.16_8.15_,238_691_183_333_201_
11:25:48,8.20,50,24392,8.20_8.21_8.22_8.23_8.24_,352_248_973_310_1055_,8.19_8.18_8.17_8.16_8.15_,271_700_183_265_269_
11:26:04,8.20,50,24392,8.20_8.21_8.22_8.23_8.24_,368_232_973_310_1055_,8.19_8.18_8.17_8.16_8.15_,277_700_178_265_269_
11:26:09,8.20,50,24392,8.20_8.21_8.22_8.23_8.24_,368_227_973_310_1055_,8.19_8.18_8.17_8.16_8.15_,277_700_178_265_269_
11:26:19,8.20,50,24392,8.20_8.21_8.22_8.23_8.24_,368_227_973_310_1055_,8.19_8.18_8.17_8.16_8.15_,281_696_178_265_269_
11:26:55,8.20,16,24512,8.20_8.21_8.22_8.23_8.24_,288_227_973_310_1055_,8.19_8.18_8.17_8.16_8.15_,328_596_177_265_280_
11:27:05,8.19,16,24528,8.20_8.21_8.22_8.23_8.24_,272_227_973_310_1055_,8.19_8.18_8.17_8.16_8.15_,312_596_177_333_212_
11:27:15,8.19,16,24528,8.20_8.21_8.22_8.23_8.24_,272_243_973_310_1055_,8.19_8.18_8.17_8.16_8.15_,312_596_177_333_212_
11:27:51,8.19,16,24545,8.20_8.21_8.22_8.23_8.24_,275_243_973_310_1055_,8.19_8.18_8.17_8.16_8.15_,301_606_177_333_212_
11:28:58,8.20,1,24581,8.20_8.21_8.22_8.23_8.24_,239_243_973_310_1055_,8.19_8.18_8.17_8.16_8.15_,315_610_176_265_280_
11:29:03,8.20,50,24631,8.20_8.21_8.22_8.23_8.24_,206_227_973_310_1055_,8.19_8.18_8.17_8.16_8.15_,315_610_176_265_280_
11:29:13,8.20,50,24631,8.20_8.21_8.22_8.23_8.24_,206_227_973_310_1055_,8.19_8.18_8.17_8.16_8.15_,318_610_176_265_280_
11:29:18,8.20,202,24833,8.20_8.21_8.22_8.23_8.24_,4_227_973_310_1055_,8.19_8.18_8.17_8.16_8.15_,323_606_176_265_280_
11:29:24,8.21,2,24835,8.21_8.22_8.23_8.24_8.25_,229_973_310_1055_124_,8.19_8.18_8.17_8.16_8.15_,323_594_175_265_280_
11:29:29,8.21,2,24835,8.21_8.22_8.23_8.24_8.25_,230_973_87_938_464_,8.19_8.18_8.17_8.16_8.15_,323_594_175_333_195_
11:29:39,8.21,4,24839,8.21_8.22_8.23_8.24_8.25_,146_973_87_938_464_,8.19_8.18_8.17_8.16_8.15_,323_594_175_333_195_
11:29:44,8.19,11,24850,8.21_8.22_8.23_8.24_8.25_,146_973_87_938_464_,8.19_8.18_8.17_8.16_8.15_,313_598_175_333_195_
11:30:35,8.20,2,24875,8.21_8.22_8.23_8.24_8.25_,156_989_85_937_464_,8.20_8.19_8.18_8.17_8.16_,82_267_597_175_423_
11:31:11,8.20,30,24994,8.21_8.22_8.23_8.24_8.25_,151_989_85_937_464_,8.20_8.19_8.18_8.17_8.16_,85_267_593_175_423_
11:31:21,8.20,30,24994,8.21_8.22_8.23_8.24_8.25_,151_989_85_937_464_,8.20_8.19_8.18_8.17_8.16_,135_267_593_175_423_
11:31:26,8.21,10,25004,8.21_8.22_8.23_8.24_8.25_,142_989_85_937_464_,8.20_8.19_8.18_8.17_8.16_,135_267_593_175_423_
11:32:13,8.21,11,25045,8.21_8.22_8.23_8.24_8.25_,159_973_85_935_464_,8.20_8.19_8.18_8.17_8.16_,152_267_593_175_423_
11:33:34,8.21,15,25154,8.21_8.22_8.23_8.24_8.25_,93_990_85_935_464_,8.20_8.19_8.18_8.17_8.16_,170_264_591_174_423_
11:35:27,8.21,137,25407,8.22_8.23_8.24_8.25_8.26_,990_87_712_347_510_,8.21_8.20_8.19_8.18_8.17_,80_178_145_587_328_
11:35:37,8.21,5,25412,8.22_8.23_8.24_8.25_8.26_,990_87_712_347_510_,8.21_8.20_8.19_8.18_8.17_,75_178_145_587_328_
11:35:47,8.21,5,25412,8.22_8.23_8.24_8.25_8.26_,990_87_712_347_510_,8.21_8.20_8.19_8.18_8.17_,81_174_145_587_328_
11:35:53,8.21,81,25493,8.21_8.22_8.23_8.24_8.25_,119_990_87_712_347_,8.20_8.19_8.18_8.17_8.16_,174_145_587_328_265_
11:35:58,8.21,81,25493,8.21_8.22_8.23_8.24_8.25_,119_990_87_935_464_,8.20_8.19_8.18_8.17_8.16_,173_149_587_170_426_
11:36:03,8.20,7,25500,8.21_8.22_8.23_8.24_8.25_,136_973_87_935_464_,8.20_8.19_8.18_8.17_8.16_,166_149_587_170_426_
11:36:23,8.20,7,25500,8.21_8.22_8.23_8.24_8.25_,163_989_87_935_464_,8.20_8.19_8.18_8.17_8.16_,171_149_587_170_426_
11:37:30,8.21,10,25515,8.21_8.22_8.23_8.24_8.25_,156_989_87_935_464_,8.20_8.19_8.18_8.17_8.16_,168_148_587_170_426_
11:38:01,8.20,16,25542,8.21_8.22_8.23_8.24_8.25_,161_973_87_935_464_,8.20_8.19_8.18_8.17_8.16_,159_148_587_170_426_
11:40:09,8.20,1,25619,8.21_8.22_8.23_8.24_8.25_,158_989_87_935_464_,8.20_8.19_8.18_8.17_8.16_,100_210_587_170_426_
11:40:45,8.20,3,25622,8.21_8.22_8.23_8.24_8.25_,159_989_87_935_464_,8.20_8.19_8.18_8.17_8.16_,212_210_587_170_426_
11:40:50,8.20,3,25622,8.21_8.22_8.23_8.24_8.25_,159_989_87_935_464_,8.20_8.19_8.18_8.17_8.16_,212_214_587_170_426_
11:41:00,8.20,16,25638,8.21_8.22_8.23_8.24_8.25_,159_973_87_935_464_,8.20_8.19_8.18_8.17_8.16_,197_214_587_170_426_
11:42:07,8.20,1,25664,8.21_8.22_8.23_8.24_8.25_,150_990_87_935_464_,8.20_8.19_8.18_8.17_8.16_,192_221_587_170_426_
11:42:38,8.20,3,25677,8.21_8.22_8.23_8.24_8.25_,142_990_87_935_464_,8.20_8.19_8.18_8.17_8.16_,198_221_588_170_426_
11:42:43,8.20,3,25677,8.21_8.22_8.23_8.24_8.25_,142_990_87_935_464_,8.20_8.19_8.18_8.17_8.16_,197_221_588_170_426_
11:43:44,8.20,1,25762,8.21_8.22_8.23_8.24_8.25_,148_990_87_935_464_,8.20_8.19_8.18_8.17_8.16_,116_221_588_170_426_
11:43:49,8.20,2,25764,8.21_8.22_8.23_8.24_8.25_,148_990_87_935_464_,8.20_8.19_8.18_8.17_8.16_,115_225_588_170_426_
11:43:54,8.20,1,25765,8.21_8.22_8.23_8.24_8.25_,148_990_87_935_464_,8.20_8.19_8.18_8.17_8.16_,114_225_588_170_426_
11:44:04,8.20,17,25782,8.21_8.22_8.23_8.24_8.25_,148_973_87_935_464_,8.20_8.19_8.18_8.17_8.16_,101_225_588_170_426_
11:44:10,8.21,10,25792,8.21_8.22_8.23_8.24_8.25_,138_973_87_935_464_,8.20_8.19_8.18_8.17_8.16_,101_225_588_170_426_
11:44:20,8.21,10,25792,8.21_8.22_8.23_8.24_8.25_,138_973_87_935_464_,8.20_8.19_8.18_8.17_8.16_,105_221_588_170_426_
11:44:25,8.20,2,25794,8.21_8.22_8.23_8.24_8.25_,138_973_87_935_464_,8.20_8.19_8.18_8.17_8.16_,103_221_588_170_426_
11:44:30,8.20,2,25794,8.21_8.22_8.23_8.24_8.25_,138_973_87_935_464_,8.20_8.19_8.18_8.17_8.16_,103_222_588_170_426_
11:44:35,8.20,2,25794,8.21_8.22_8.23_8.24_8.25_,138_973_87_935_464_,8.20_8.19_8.18_8.17_8.16_,104_222_588_170_426_
11:44:50,8.20,2,25794,8.21_8.22_8.23_8.24_8.25_,144_973_87_935_464_,8.20_8.19_8.18_8.17_8.16_,114_222_588_170_426_
11:45:16,8.20,2,25794,8.21_8.22_8.23_8.24_8.25_,144_990_87_935_464_,8.20_8.19_8.18_8.17_8.16_,114_222_588_170_426_
11:45:21,8.20,2,25794,8.21_8.22_8.23_8.24_8.25_,144_990_87_935_464_,8.20_8.19_8.18_8.17_8.16_,115_222_588_170_426_
11:48:46,8.20,10,25962,8.20_8.21_8.22_8.23_8.24_,77_210_973_310_1052_,8.19_8.18_8.17_8.16_8.15_,327_592_170_333_202_
11:48:52,8.20,40,26002,8.20_8.21_8.22_8.23_8.24_,37_210_973_310_1052_,8.19_8.18_8.17_8.16_8.15_,327_592_170_333_202_
11:48:57,8.19,3,26005,8.20_8.21_8.22_8.23_8.24_,37_210_973_310_1052_,8.19_8.18_8.17_8.16_8.15_,324_592_170_333_202_
11:49:02,8.19,225,26230,8.20_8.21_8.22_8.23_8.24_,37_210_973_310_1052_,8.19_8.18_8.17_8.16_8.15_,109_592_170_333_202_
11:49:07,8.20,10,26240,8.20_8.21_8.22_8.23_8.24_,27_210_973_310_1052_,8.19_8.18_8.17_8.16_8.15_,109_592_170_333_202_
11:49:27,8.20,11,26267,8.21_8.22_8.23_8.24_8.25_,211_973_87_935_464_,8.20_8.19_8.18_8.17_8.16_,11_107_593_238_356_
11:49:48,8.20,12,26279,8.21_8.22_8.23_8.24_8.25_,211_973_91_935_464_,8.20_8.19_8.18_8.17_8.16_,4_118_592_170_424_
11:49:58,8.19,59,26338,8.21_8.22_8.23_8.24_8.25_,211_973_91_935_464_,8.19_8.18_8.17_8.16_8.15_,63_592_170_424_104_
11:50:03,8.19,59,26338,8.21_8.22_8.23_8.24_8.25_,211_973_91_935_464_,8.19_8.18_8.17_8.16_8.15_,63_592_170_333_196_
11:50:14,8.19,59,26338,8.20_8.21_8.22_8.23_8.24_,2_210_973_314_1052_,8.19_8.18_8.17_8.16_8.15_,65_592_170_333_196_
11:50:19,8.20,3,26341,8.21_8.22_8.23_8.24_8.25_,210_974_314_1052_124_,8.20_8.19_8.18_8.17_8.16_,19_65_596_170_333_
11:50:24,8.20,3,26341,8.21_8.22_8.23_8.24_8.25_,220_974_91_935_464_,8.20_8.19_8.18_8.17_8.16_,19_65_596_170_427_
11:50:34,8.20,10,26351,8.21_8.22_8.23_8.24_8.25_,220_974_91_935_464_,8.20_8.19_8.18_8.17_8.16_,9_65_596_170_427_
11:50:39,8.20,10,26351,8.21_8.22_8.23_8.24_8.25_,220_974_91_935_464_,8.20_8.19_8.18_8.17_8.16_,11_65_596_170_427_
11:51:05,8.20,10,26376,8.20_8.21_8.22_8.23_8.24_,92_203_974_314_1052_,8.19_8.18_8.17_8.16_8.15_,166_592_170_333_198_
11:51:30,8.20,10,26426,8.20_8.21_8.22_8.23_8.24_,43_220_974_313_1052_,8.19_8.18_8.17_8.16_8.15_,166_592_180_333_198_
11:51:41,8.19,11,26449,8.20_8.21_8.22_8.23_8.24_,31_220_974_313_1052_,8.19_8.18_8.17_8.16_8.15_,184_592_180_265_266_
11:52:01,8.20,10,26483,8.20_8.21_8.22_8.23_8.24_,21_220_974_313_1053_,8.19_8.18_8.17_8.16_8.15_,170_603_180_533_198_
11:52:22,8.20,10,26504,8.20_8.21_8.22_8.23_8.24_,12_220_973_313_1053_,8.19_8.18_8.17_8.16_8.15_,222_607_180_533_198_
11:52:27,8.20,13,26517,8.20_8.21_8.22_8.23_8.24_,11_220_973_313_1053_,8.19_8.18_8.17_8.16_8.15_,222_607_180_465_266_
11:52:32,8.20,28,26545,8.21_8.22_8.23_8.24_8.25_,203_973_313_1053_124_,8.20_8.19_8.18_8.17_8.16_,118_222_607_180_465_
11:52:37,8.20,13,26558,8.21_8.22_8.23_8.24_8.25_,203_973_90_936_464_,8.20_8.19_8.18_8.17_8.16_,116_219_607_180_615_
11:52:42,8.21,10,26568,8.21_8.22_8.23_8.24_8.25_,193_973_90_936_464_,8.20_8.19_8.18_8.17_8.16_,118_221_607_186_615_
11:52:47,8.21,10,26578,8.21_8.22_8.23_8.24_8.25_,183_973_90_936_464_,8.20_8.19_8.18_8.17_8.16_,120_221_607_186_615_
11:53:13,8.20,17,26728,8.20_8.21_8.22_8.23_8.24_,83_173_973_90_936_,8.19_8.18_8.17_8.16_8.15_,233_607_186_615_104_
11:53:28,8.20,10,26755,8.20_8.21_8.22_8.23_8.24_,76_173_973_313_1053_,8.19_8.18_8.17_8.16_8.15_,235_611_186_465_261_
11:53:59,8.20,5,26781,8.20_8.21_8.22_8.23_8.24_,50_173_973_313_1053_,8.19_8.18_8.17_8.16_8.15_,239_607_186_465_261_
11:54:50,8.20,2,26835,8.20_8.21_8.22_8.23_8.24_,33_189_973_313_1053_,8.19_8.18_8.17_8.16_8.15_,251_607_186_531_194_
11:54:55,8.20,2,26835,8.20_8.21_8.22_8.23_8.24_,33_189_973_313_1053_,8.19_8.18_8.17_8.16_8.15_,256_607_186_531_194_
11:55:00,8.20,2,26835,8.20_8.21_8.22_8.23_8.24_,33_189_973_313_1053_,8.19_8.18_8.17_8.16_8.15_,257_607_186_531_194_
11:56:02,8.20,7,26857,8.20_8.21_8.22_8.23_8.24_,38_174_973_313_1053_,8.19_8.18_8.17_8.16_8.15_,255_611_186_531_194_
11:56:07,8.20,7,26857,8.20_8.21_8.22_8.23_8.24_,38_174_973_313_1053_,8.19_8.18_8.17_8.16_8.15_,255_611_186_581_194_
11:57:44,8.20,1,26869,8.20_8.21_8.22_8.23_8.24_,82_190_973_313_1053_,8.19_8.18_8.17_8.16_8.15_,273_607_186_513_264_
11:58:30,8.19,10,26883,8.20_8.21_8.22_8.23_8.24_,180_190_973_313_1053_,8.19_8.18_8.17_8.16_8.15_,259_607_186_581_196_
11:58:51,8.19,10,26883,8.20_8.21_8.22_8.23_8.24_,180_190_973_313_1053_,8.19_8.18_8.17_8.16_8.15_,259_612_186_581_196_
11:59:37,8.19,28,26931,8.20_8.21_8.22_8.23_8.24_,180_164_973_313_1053_,8.19_8.18_8.17_8.16_8.15_,227_608_186_581_196_
12:02:06,8.19,317,27275,8.19_8.20_8.21_8.22_8.23_,145_141_164_1196_430_,8.18_8.17_8.16_8.15_8.14_,779_183_513_185_127_
12:03:22,8.19,10,27369,8.19_8.20_8.21_8.22_8.23_,116_158_164_1199_431_,8.18_8.17_8.16_8.15_8.14_,760_197_523_185_127_
12:03:43,8.19,10,27379,8.19_8.20_8.21_8.22_8.23_,206_158_164_1199_431_,8.18_8.17_8.16_8.15_8.14_,760_197_523_185_127_
12:04:08,8.19,5,27384,8.19_8.20_8.21_8.22_8.23_,201_158_164_1199_431_,8.18_8.17_8.16_8.15_8.14_,760_197_523_185_127_
12:04:14,8.18,11,27395,8.19_8.20_8.21_8.22_8.23_,201_158_164_1199_431_,8.18_8.17_8.16_8.15_8.14_,755_201_523_185_127_
12:04:19,8.19,10,27405,8.19_8.20_8.21_8.22_8.23_,192_158_164_1199_431_,8.18_8.17_8.16_8.15_8.14_,750_201_523_185_127_
12:04:29,8.19,10,27425,8.19_8.20_8.21_8.22_8.23_,182_158_164_1199_431_,8.18_8.17_8.16_8.15_8.14_,751_201_523_190_127_
12:04:55,8.18,6,27473,8.19_8.20_8.21_8.22_8.23_,157_141_164_1199_431_,8.18_8.17_8.16_8.15_8.14_,746_205_523_190_127_
12:05:00,8.18,6,27473,8.19_8.20_8.21_8.22_8.23_,157_141_164_1199_431_,8.18_8.17_8.16_8.15_8.14_,741_205_523_190_127_
12:05:05,8.18,6,27479,8.19_8.20_8.21_8.22_8.23_,158_141_164_1199_431_,8.18_8.17_8.16_8.15_8.14_,735_205_523_190_127_
12:05:15,8.18,6,27485,8.19_8.20_8.21_8.22_8.23_,158_141_164_1199_431_,8.18_8.17_8.16_8.15_8.14_,729_205_523_190_127_
12:05:25,8.18,2,27487,8.19_8.20_8.21_8.22_8.23_,158_141_164_1199_431_,8.18_8.17_8.16_8.15_8.14_,732_205_523_190_127_
12:05:36,8.18,35,27522,8.19_8.20_8.21_8.22_8.23_,158_141_164_1199_431_,8.18_8.17_8.16_8.15_8.14_,697_205_523_190_127_
12:05:41,8.18,35,27522,8.19_8.20_8.21_8.22_8.23_,185_141_164_1199_431_,8.18_8.17_8.16_8.15_8.14_,697_205_523_190_127_
12:05:51,8.18,35,27522,8.19_8.20_8.21_8.22_8.23_,185_141_164_1199_431_,8.18_8.17_8.16_8.15_8.14_,701_201_523_190_127_
12:05:56,8.19,22,27544,8.19_8.20_8.21_8.22_8.23_,163_141_164_1199_431_,8.18_8.17_8.16_8.15_8.14_,701_201_523_190_127_
12:06:01,8.19,22,27544,8.19_8.20_8.21_8.22_8.23_,163_141_164_1199_431_,8.18_8.17_8.16_8.15_8.14_,708_201_523_190_127_
12:06:11,8.19,20,27577,8.19_8.20_8.21_8.22_8.23_,130_141_164_1199_431_,8.18_8.17_8.16_8.15_8.14_,708_201_523_190_127_
12:06:16,8.19,10,27587,8.19_8.20_8.21_8.22_8.23_,120_157_164_1199_431_,8.18_8.17_8.16_8.15_8.14_,708_201_523_190_127_
12:06:22,8.19,10,27597,8.19_8.20_8.21_8.22_8.23_,110_157_164_1199_431_,8.18_8.17_8.16_8.15_8.14_,708_201_523_190_127_
12:06:27,8.19,10,27607,8.19_8.20_8.21_8.22_8.23_,102_157_164_1199_431_,8.18_8.17_8.16_8.15_8.14_,708_210_523_190_127_
12:06:32,8.19,10,27607,8.19_8.20_8.21_8.22_8.23_,102_157_164_1199_431_,8.18_8.17_8.16_8.15_8.14_,714_210_523_190_127_
12:06:42,8.19,10,27607,8.19_8.20_8.21_8.22_8.23_,102_157_164_1199_431_,8.18_8.17_8.16_8.15_8.14_,718_210_523_190_127_
12:06:57,8.19,10,27622,8.19_8.20_8.21_8.22_8.23_,101_157_166_1199_431_,8.18_8.17_8.16_8.15_8.14_,714_210_523_190_127_
12:07:18,8.19,4,27626,8.19_8.20_8.21_8.22_8.23_,100_157_166_1199_431_,8.18_8.17_8.16_8.15_8.14_,711_215_523_190_127_
12:07:23,8.19,5,27631,8.19_8.20_8.21_8.22_8.23_,121_157_166_1199_431_,8.18_8.17_8.16_8.15_8.14_,711_215_523_190_127_
12:07:44,8.19,10,27651,8.19_8.20_8.21_8.22_8.23_,101_157_166_1199_431_,8.18_8.17_8.16_8.15_8.14_,710_215_523_190_127_
12:07:54,8.19,10,27671,8.19_8.20_8.21_8.22_8.23_,81_157_166_1199_431_,8.18_8.17_8.16_8.15_8.14_,711_215_523_190_127_
12:07:59,8.19,10,27681,8.19_8.20_8.21_8.22_8.23_,71_157_166_1199_431_,8.18_8.17_8.16_8.15_8.14_,711_215_523_190_127_
12:08:04,8.18,11,27692,8.19_8.20_8.21_8.22_8.23_,87_141_166_1199_431_,8.18_8.17_8.16_8.15_8.14_,710_215_523_190_127_
12:08:09,8.19,10,27702,8.19_8.20_8.21_8.22_8.23_,77_141_166_1199_431_,8.18_8.17_8.16_8.15_8.14_,704_215_523_190_127_
12:08:56,8.19,12,27781,8.20_8.21_8.22_8.23_8.24_,138_166_976_314_1053_,8.19_8.18_8.17_8.16_8.15_,39_686_210_523_278_
12:09:01,8.19,12,27781,8.20_8.21_8.22_8.23_8.24_,138_166_976_314_1053_,8.19_8.18_8.17_8.16_8.15_,133_616_206_591_210_
12:10:28,8.19,23,27990,8.20_8.21_8.22_8.23_8.24_,161_181_979_314_1053_,8.19_8.18_8.17_8.16_8.15_,102_632_206_591_210_
12:10:33,8.19,1,27991,8.20_8.21_8.22_8.23_8.24_,161_181_979_314_1053_,8.19_8.18_8.17_8.16_8.15_,101_632_206_591_210_
12:10:38,8.19,1,27991,8.20_8.21_8.22_8.23_8.24_,161_181_979_314_1053_,8.19_8.18_8.17_8.16_8.15_,102_632_206_591_210_
12:11:55,8.19,12,28036,8.20_8.21_8.22_8.23_8.24_,179_168_977_319_1053_,8.19_8.18_8.17_8.16_8.15_,88_636_206_591_210_
12:12:46,8.18,6,28186,8.19_8.20_8.21_8.22_8.23_,278_141_187_1200_436_,8.18_8.17_8.16_8.15_8.14_,605_206_523_192_119_
12:14:18,8.18,5,28576,8.19_8.20_8.21_8.22_8.23_,328_112_166_1200_436_,8.18_8.17_8.16_8.15_8.14_,209_226_523_192_119_
12:14:54,8.18,7,28618,8.19_8.20_8.21_8.22_8.23_,328_112_160_1200_436_,8.18_8.17_8.16_8.15_8.14_,168_221_523_192_119_
12:15:04,8.18,15,28633,8.19_8.20_8.21_8.22_8.23_,313_112_160_1200_436_,8.18_8.17_8.16_8.15_8.14_,154_222_523_192_119_
12:15:10,8.18,15,28633,8.19_8.20_8.21_8.22_8.23_,313_112_160_1200_436_,8.18_8.17_8.16_8.15_8.14_,154_222_524_192_119_
12:15:15,8.18,6,28639,8.19_8.20_8.21_8.22_8.23_,313_112_160_1200_436_,8.18_8.17_8.16_8.15_8.14_,148_222_524_192_119_
12:15:20,8.18,6,28639,8.19_8.20_8.21_8.22_8.23_,313_112_160_1200_436_,8.18_8.17_8.16_8.15_8.14_,154_222_524_192_119_
12:17:18,8.18,33,28740,8.19_8.20_8.21_8.22_8.23_,283_112_160_1210_436_,8.18_8.17_8.16_8.15_8.14_,117_232_524_194_119_
12:18:35,8.18,15,28807,8.19_8.20_8.21_8.22_8.23_,298_127_160_1210_436_,8.18_8.17_8.16_8.15_8.14_,68_255_524_194_121_
12:18:50,8.18,15,28807,8.19_8.20_8.21_8.22_8.23_,298_127_160_1210_436_,8.18_8.17_8.16_8.15_8.14_,69_255_524_194_121_
12:18:55,8.18,50,28857,8.19_8.20_8.21_8.22_8.23_,298_127_160_1210_436_,8.18_8.17_8.16_8.15_8.14_,19_255_524_194_121_
12:19:06,8.18,4,28866,8.19_8.20_8.21_8.22_8.23_,293_127_160_1210_436_,8.18_8.17_8.16_8.15_8.14_,10_259_524_194_121_
12:19:11,8.18,4,28866,8.19_8.20_8.21_8.22_8.23_,293_127_160_1210_436_,8.18_8.17_8.16_8.15_8.14_,15_254_524_194_121_
12:19:16,8.17,270,29136,8.17_8.18_8.19_8.20_8.21_,30_88_293_127_160_,8.16_8.15_8.14_8.13_8.12_,524_194_121_474_66_
12:19:26,8.17,270,29136,8.17_8.18_8.19_8.20_8.21_,54_80_268_350_500_,8.16_8.15_8.14_8.13_8.12_,536_126_35_542_183_
12:19:31,8.16,10,29146,8.17_8.18_8.19_8.20_8.21_,54_80_268_350_500_,8.16_8.15_8.14_8.13_8.12_,526_126_35_542_183_
12:20:53,8.16,15,29179,8.17_8.18_8.19_8.20_8.21_,102_80_248_334_500_,8.16_8.15_8.14_8.13_8.12_,418_121_240_542_185_
12:21:50,8.17,40,29283,8.18_8.19_8.20_8.21_8.22_,100_248_111_383_1327_,8.16_8.15_8.14_8.13_8.12_,424_125_238_542_178_
12:22:00,8.17,40,29283,8.18_8.19_8.20_8.21_8.22_,100_248_111_383_1327_,8.17_8.16_8.15_8.14_8.13_,20_424_125_238_542_
12:22:46,8.18,10,29342,8.18_8.19_8.20_8.21_8.22_,44_249_111_383_1327_,8.17_8.16_8.15_8.14_8.13_,212_422_120_306_584_
12:22:51,8.18,10,29352,8.18_8.19_8.20_8.21_8.22_,34_249_111_383_1327_,8.17_8.16_8.15_8.14_8.13_,212_422_120_306_584_
12:25:40,8.18,1,29406,8.19_8.20_8.21_8.22_8.23_,248_127_162_1212_436_,8.18_8.17_8.16_8.15_8.14_,49_234_422_191_345_
12:25:45,8.19,10,29416,8.19_8.20_8.21_8.22_8.23_,238_127_162_1212_436_,8.18_8.17_8.16_8.15_8.14_,49_234_422_191_345_
12:25:50,8.19,10,29416,8.19_8.20_8.21_8.22_8.23_,238_127_162_1212_436_,8.18_8.17_8.16_8.15_8.14_,50_234_422_123_413_
12:26:01,8.19,10,29416,8.19_8.20_8.21_8.22_8.23_,254_111_162_1212_436_,8.18_8.17_8.16_8.15_8.14_,50_234_422_123_413_
12:26:06,8.18,1,29417,8.19_8.20_8.21_8.22_8.23_,255_111_162_1212_436_,8.18_8.17_8.16_8.15_8.14_,49_234_422_123_413_
12:26:21,8.18,1,29417,8.19_8.20_8.21_8.22_8.23_,255_111_162_1212_436_,8.18_8.17_8.16_8.15_8.14_,54_230_422_191_345_
12:26:31,8.18,1,29417,8.19_8.20_8.21_8.22_8.23_,255_111_162_1212_436_,8.18_8.17_8.16_8.15_8.14_,61_230_422_191_345_
12:26:36,8.19,5,29422,8.19_8.20_8.21_8.22_8.23_,250_111_162_1212_436_,8.18_8.17_8.16_8.15_8.14_,61_230_422_191_345_
12:26:47,8.19,10,29432,8.19_8.20_8.21_8.22_8.23_,240_111_162_1212_436_,8.18_8.17_8.16_8.15_8.14_,71_230_422_123_413_
12:27:02,8.19,10,29452,8.19_8.20_8.21_8.22_8.23_,227_111_162_1212_436_,8.18_8.17_8.16_8.15_8.14_,82_230_422_123_413_
12:27:07,8.19,10,29462,8.19_8.20_8.21_8.22_8.23_,217_111_162_1212_436_,8.18_8.17_8.16_8.15_8.14_,82_243_422_123_413_
12:27:12,8.19,10,29462,8.19_8.20_8.21_8.22_8.23_,217_111_162_1212_436_,8.18_8.17_8.16_8.15_8.14_,182_243_422_123_413_
12:27:33,8.19,20,29512,8.19_8.20_8.21_8.22_8.23_,180_126_162_1212_436_,8.18_8.17_8.16_8.15_8.14_,197_243_422_123_413_
12:27:48,8.19,10,29536,8.19_8.20_8.21_8.22_8.23_,156_126_162_1212_436_,8.18_8.17_8.16_8.15_8.14_,199_243_422_123_413_
12:29:26,8.19,4,29703,8.19_8.20_8.21_8.22_8.23_,28_118_162_1212_436_,8.18_8.17_8.16_8.15_8.14_,177_258_322_191_345_
12:29:31,8.19,6,29709,8.19_8.20_8.21_8.22_8.23_,22_118_162_1212_436_,8.18_8.17_8.16_8.15_8.14_,178_258_322_123_413_
12:30:17,8.19,1,29715,8.19_8.20_8.21_8.22_8.23_,21_132_162_1212_436_,8.18_8.17_8.16_8.15_8.14_,183_258_322_123_413_
12:30:58,8.19,1,29715,8.19_8.20_8.21_8.22_8.23_,21_132_162_1212_436_,8.18_8.17_8.16_8.15_8.14_,188_258_322_191_345_
12:31:23,8.18,10,29727,8.19_8.20_8.21_8.22_8.23_,22_132_162_1212_436_,8.18_8.17_8.16_8.15_8.14_,178_258_322_191_345_
12:32:04,8.19,20,29747,8.19_8.20_8.21_8.22_8.23_,16_122_162_1212_436_,8.18_8.17_8.16_8.15_8.14_,178_262_322_191_345_
12:32:10,8.19,5,29752,8.19_8.20_8.21_8.22_8.23_,11_122_162_1212_436_,8.18_8.17_8.16_8.15_8.14_,173_262_322_123_413_
12:32:15,8.19,5,29752,8.19_8.20_8.21_8.22_8.23_,11_122_162_1212_436_,8.18_8.17_8.16_8.15_8.14_,179_262_322_123_413_
12:32:20,8.19,5,29752,8.19_8.20_8.21_8.22_8.23_,11_122_162_1212_436_,8.18_8.17_8.16_8.15_8.14_,188_258_322_123_413_
12:34:18,8.18,10,29778,8.19_8.20_8.21_8.22_8.23_,30_153_162_1212_438_,8.18_8.17_8.16_8.15_8.14_,215_268_322_203_346_
12:34:23,8.18,10,29778,8.19_8.20_8.21_8.22_8.23_,30_153_162_1212_438_,8.18_8.17_8.16_8.15_8.14_,216_268_322_203_346_
12:34:33,8.18,1,29779,8.19_8.20_8.21_8.22_8.23_,30_153_162_1212_438_,8.18_8.17_8.16_8.15_8.14_,215_268_322_203_346_
12:39:25,8.20,4,29883,8.20_8.21_8.22_8.23_8.24_,140_175_989_322_1053_,8.19_8.18_8.17_8.16_8.15_,178_178_139_331_315_
12:39:51,8.19,11,29901,8.20_8.21_8.22_8.23_8.24_,158_175_989_322_1053_,8.19_8.18_8.17_8.16_8.15_,167_178_139_331_315_
12:40:01,8.20,100,30001,8.20_8.21_8.22_8.23_8.24_,77_161_989_322_1053_,8.19_8.18_8.17_8.16_8.15_,191_178_126_327_315_
12:40:57,8.19,5,30036,8.20_8.21_8.22_8.23_8.24_,19_166_987_322_1053_,8.19_8.18_8.17_8.16_8.15_,190_177_126_326_315_
12:41:38,8.20,1,30041,8.20_8.21_8.22_8.23_8.24_,123_166_987_322_1053_,8.19_8.18_8.17_8.16_8.15_,205_177_134_326_315_
12:41:43,8.20,1,30041,8.20_8.21_8.22_8.23_8.24_,123_216_987_322_1053_,8.19_8.18_8.17_8.16_8.15_,205_177_134_326_315_
12:42:14,8.20,20,30068,8.20_8.21_8.22_8.23_8.24_,103_234_987_322_1053_,8.19_8.18_8.17_8.16_8.15_,203_177_134_326_317_
12:42:19,8.20,6,30074,8.20_8.21_8.22_8.23_8.24_,97_234_987_322_1053_,8.19_8.18_8.17_8.16_8.15_,197_177_134_326_317_
12:42:35,8.20,20,30094,8.20_8.21_8.22_8.23_8.24_,77_234_987_322_1053_,8.19_8.18_8.17_8.16_8.15_,197_177_134_326_317_
12:42:40,8.19,11,30105,8.20_8.21_8.22_8.23_8.24_,127_234_987_322_1053_,8.19_8.18_8.17_8.16_8.15_,192_177_134_326_317_
12:42:45,8.20,20,30125,8.20_8.21_8.22_8.23_8.24_,115_234_987_322_1053_,8.19_8.18_8.17_8.16_8.15_,192_177_134_326_317_
12:42:50,8.20,21,30146,8.20_8.21_8.22_8.23_8.24_,94_234_987_322_1053_,8.19_8.18_8.17_8.16_8.15_,192_177_134_325_317_
12:43:00,8.20,40,30186,8.20_8.21_8.22_8.23_8.24_,72_216_987_322_1053_,8.19_8.18_8.17_8.16_8.15_,207_162_131_324_317_
12:44:53,8.20,2,30555,8.21_8.22_8.23_8.24_8.25_,226_997_99_936_474_,8.20_8.19_8.18_8.17_8.16_,225_238_69_100_479_
12:46:05,8.20,4,30575,8.21_8.22_8.23_8.24_8.25_,314_997_499_936_474_,8.20_8.19_8.18_8.17_8.16_,195_252_69_100_479_
12:47:06,8.20,20,30761,8.21_8.22_8.23_8.24_8.25_,278_997_499_936_474_,8.20_8.19_8.18_8.17_8.16_,40_228_67_99_479_
12:47:16,8.20,20,30761,8.21_8.22_8.23_8.24_8.25_,287_997_499_936_474_,8.20_8.19_8.18_8.17_8.16_,45_218_67_99_479_
12:47:21,8.20,46,30807,8.20_8.21_8.22_8.23_8.24_,62_287_997_499_936_,8.19_8.18_8.17_8.16_8.15_,218_67_99_479_145_
12:49:19,8.19,6,30862,8.20_8.21_8.22_8.23_8.24_,262_234_997_722_1053_,8.19_8.18_8.17_8.16_8.15_,186_90_109_374_239_
12:49:35,8.19,6,30862,8.20_8.21_8.22_8.23_8.24_,312_234_997_722_1053_,8.19_8.18_8.17_8.16_8.15_,197_90_109_374_239_
12:49:45,8.20,10,30872,8.20_8.21_8.22_8.23_8.24_,302_234_997_722_1053_,8.19_8.18_8.17_8.16_8.15_,197_90_109_306_307_
12:50:10,8.19,6,30878,8.20_8.21_8.22_8.23_8.24_,300_234_997_722_1053_,8.19_8.18_8.17_8.16_8.15_,196_90_109_374_239_
12:50:36,8.19,5,31067,8.20_8.21_8.22_8.23_8.24_,302_250_997_722_1053_,8.19_8.18_8.17_8.16_8.15_,32_90_109_374_239_
12:51:27,8.18,16,31185,8.19_8.20_8.21_8.22_8.23_,21_270_200_1220_839_,8.18_8.17_8.16_8.15_8.14_,186_109_306_213_339_
12:51:58,8.18,20,31225,8.19_8.20_8.21_8.22_8.23_,1_270_200_1220_839_,8.18_8.17_8.16_8.15_8.14_,168_109_306_213_339_
12:52:29,8.19,2,31241,8.19_8.20_8.21_8.22_8.23_,8_261_200_997_722_,8.18_8.17_8.16_8.15_8.14_,160_109_374_248_242_
12:52:55,8.19,7,31251,8.19_8.20_8.21_8.22_8.23_,126_261_185_1220_839_,8.18_8.17_8.16_8.15_8.14_,166_125_306_218_346_
12:53:56,8.19,1,31263,8.19_8.20_8.21_8.22_8.23_,185_262_185_1210_839_,8.18_8.17_8.16_8.15_8.14_,163_133_306_219_346_
12:54:57,8.19,2,31277,8.19_8.20_8.21_8.22_8.23_,222_262_185_1210_844_,8.18_8.17_8.16_8.15_8.14_,182_138_306_221_346_
12:55:02,8.18,4,31281,8.19_8.20_8.21_8.22_8.23_,225_262_185_1210_844_,8.18_8.17_8.16_8.15_8.14_,178_138_306_221_346_
12:57:57,8.18,8,31653,8.19_8.20_8.21_8.22_8.23_,182_242_185_1210_844_,8.18_8.17_8.16_8.15_8.14_,153_90_331_224_344_
12:58:53,8.18,2,31847,8.19_8.20_8.21_8.22_8.23_,215_254_185_1210_844_,8.18_8.17_8.16_8.15_8.14_,158_91_331_224_344_
12:59:09,8.19,20,31871,8.19_8.20_8.21_8.22_8.23_,198_254_175_1210_844_,8.18_8.17_8.16_8.15_8.14_,159_87_332_224_344_
12:59:19,8.19,20,31871,8.19_8.20_8.21_8.22_8.23_,198_254_175_1210_844_,8.18_8.17_8.16_8.15_8.14_,164_87_332_224_344_
13:00:46,8.18,10,32072,8.19_8.20_8.21_8.22_8.23_,249_242_175_1210_844_,8.18_8.17_8.16_8.15_8.14_,36_101_332_224_344_
13:00:56,8.18,5,32133,8.18_8.19_8.20_8.21_8.22_,215_240_237_398_1327_,8.17_8.16_8.15_8.14_8.13_,101_332_156_310_602_
13:01:11,8.18,30,32167,8.18_8.19_8.20_8.21_8.22_,221_206_237_398_1327_,8.17_8.16_8.15_8.14_8.13_,178_332_156_310_602_
13:01:17,8.18,30,32167,8.18_8.19_8.20_8.21_8.22_,248_179_237_398_1327_,8.17_8.16_8.15_8.14_8.13_,178_332_156_310_602_
13:01:22,8.17,10,32177,8.18_8.19_8.20_8.21_8.22_,248_179_237_398_1327_,8.17_8.16_8.15_8.14_8.13_,174_332_156_310_602_
13:01:27,8.17,10,32177,8.18_8.19_8.20_8.21_8.22_,248_179_237_398_1327_,8.17_8.16_8.15_8.14_8.13_,210_332_156_310_602_
13:01:32,8.17,10,32177,8.18_8.19_8.20_8.21_8.22_,251_179_237_398_1327_,8.17_8.16_8.15_8.14_8.13_,210_332_156_310_602_
13:01:47,8.18,20,32197,8.18_8.19_8.20_8.21_8.22_,231_179_237_448_1327_,8.17_8.16_8.15_8.14_8.13_,215_332_156_310_602_
13:02:08,8.17,4,32231,8.18_8.19_8.20_8.21_8.22_,235_166_236_448_1327_,8.17_8.16_8.15_8.14_8.13_,182_334_156_310_602_
13:02:13,8.17,4,32231,8.18_8.19_8.20_8.21_8.22_,235_166_236_448_1327_,8.17_8.16_8.15_8.14_8.13_,212_334_156_310_602_
13:02:23,8.17,4,32231,8.18_8.19_8.20_8.21_8.22_,235_166_236_448_1327_,8.17_8.16_8.15_8.14_8.13_,213_338_156_310_602_
13:02:28,8.18,4,32235,8.18_8.19_8.20_8.21_8.22_,231_166_236_448_1327_,8.17_8.16_8.15_8.14_8.13_,213_341_156_310_602_
13:02:34,8.18,4,32235,8.18_8.19_8.20_8.21_8.22_,233_166_236_448_1327_,8.17_8.16_8.15_8.14_8.13_,219_341_156_310_602_
13:02:44,8.18,1,32236,8.18_8.19_8.20_8.21_8.22_,232_166_236_448_1327_,8.17_8.16_8.15_8.14_8.13_,219_341_156_310_602_
13:02:54,8.18,1,32236,8.18_8.19_8.20_8.21_8.22_,232_166_236_448_1327_,8.17_8.16_8.15_8.14_8.13_,223_337_156_310_602_
13:02:59,8.18,6,32242,8.18_8.19_8.20_8.21_8.22_,226_166_236_448_1327_,8.17_8.16_8.15_8.14_8.13_,223_337_156_310_602_
13:05:33,8.19,50,32781,8.20_8.21_8.22_8.23_8.24_,236_225_1210_854_713_,8.19_8.18_8.17_8.16_8.15_,50_506_42_320_222_
13:06:14,8.19,2,32783,8.20_8.21_8.22_8.23_8.24_,271_225_587_737_1053_,8.19_8.18_8.17_8.16_8.15_,112_477_23_391_256_
13:06:19,8.19,1,32784,8.20_8.21_8.22_8.23_8.24_,271_225_587_737_1053_,8.19_8.18_8.17_8.16_8.15_,111_478_23_394_256_
13:06:24,8.19,1,32784,8.20_8.21_8.22_8.23_8.24_,286_225_587_737_1053_,8.19_8.18_8.17_8.16_8.15_,111_483_23_397_256_
13:06:29,8.19,1,32784,8.20_8.21_8.22_8.23_8.24_,286_225_587_737_1053_,8.19_8.18_8.17_8.16_8.15_,118_483_17_400_256_
13:06:34,8.19,1,32784,8.20_8.21_8.22_8.23_8.24_,288_225_587_737_1053_,8.19_8.18_8.17_8.16_8.15_,118_483_17_400_256_
13:06:39,8.20,12,32796,8.20_8.21_8.22_8.23_8.24_,276_225_587_737_1053_,8.19_8.18_8.17_8.16_8.15_,118_483_17_403_256_
13:06:44,8.20,12,32796,8.20_8.21_8.22_8.23_8.24_,276_237_587_737_1053_,8.19_8.18_8.17_8.16_8.15_,118_483_17_338_324_
13:06:55,8.19,2,32800,8.20_8.21_8.22_8.23_8.24_,276_237_587_737_1053_,8.19_8.18_8.17_8.16_8.15_,119_478_19_406_256_
13:07:00,8.20,15,32815,8.20_8.21_8.22_8.23_8.24_,261_237_587_737_1053_,8.19_8.18_8.17_8.16_8.15_,119_478_19_406_256_
13:07:10,8.19,4,32819,8.20_8.21_8.22_8.23_8.24_,268_237_587_737_1053_,8.19_8.18_8.17_8.16_8.15_,115_478_19_406_256_
13:08:11,8.18,5,32950,8.19_8.20_8.21_8.22_8.23_,201_238_225_810_854_,8.18_8.17_8.16_8.15_8.14_,551_19_338_222_346_
13:09:39,8.18,18,33132,8.19_8.20_8.21_8.22_8.23_,286_248_225_810_854_,8.18_8.17_8.16_8.15_8.14_,507_19_358_223_346_
13:09:49,8.18,18,33132,8.19_8.20_8.21_8.22_8.23_,341_248_225_810_854_,8.18_8.17_8.16_8.15_8.14_,507_19_358_223_346_
13:10:04,8.18,5,33137,8.19_8.20_8.21_8.22_8.23_,349_238_225_810_854_,8.18_8.17_8.16_8.15_8.14_,501_19_358_223_346_
13:10:09,8.18,5,33137,8.19_8.20_8.21_8.22_8.23_,353_238_225_810_854_,8.18_8.17_8.16_8.15_8.14_,501_19_358_223_346_
13:13:04,8.17,12,33779,8.18_8.19_8.20_8.21_8.22_,387_350_225_448_597_,8.17_8.16_8.15_8.14_8.13_,5_373_155_310_605_
13:13:14,8.17,5,33784,8.17_8.18_8.19_8.20_8.21_,4_391_350_225_448_,8.16_8.15_8.14_8.13_8.12_,374_155_310_502_198_
13:13:19,8.17,2,33786,8.17_8.18_8.19_8.20_8.21_,25_380_350_442_565_,8.16_8.15_8.14_8.13_8.12_,377_155_242_570_198_
13:13:35,8.17,20,33808,8.17_8.18_8.19_8.20_8.21_,39_342_350_442_565_,8.16_8.15_8.14_8.13_8.12_,375_165_242_570_198_
13:13:45,8.16,20,33828,8.17_8.18_8.19_8.20_8.21_,80_305_350_438_565_,8.16_8.15_8.14_8.13_8.12_,357_165_242_570_201_
13:13:50,8.16,20,33828,8.17_8.18_8.19_8.20_8.21_,88_305_350_438_565_,8.16_8.15_8.14_8.13_8.12_,362_165_242_570_201_
13:14:15,8.16,15,33847,8.17_8.18_8.19_8.20_8.21_,92_305_350_439_565_,8.16_8.15_8.14_8.13_8.12_,351_166_242_570_201_
13:14:31,8.16,6,33865,8.17_8.18_8.19_8.20_8.21_,92_305_350_439_565_,8.16_8.15_8.14_8.13_8.12_,333_178_242_571_201_
13:15:22,8.17,1,33923,8.17_8.18_8.19_8.20_8.21_,125_305_350_439_565_,8.16_8.15_8.14_8.13_8.12_,288_183_242_571_201_
13:15:37,8.17,6,33936,8.17_8.18_8.19_8.20_8.21_,115_307_350_439_565_,8.16_8.15_8.14_8.13_8.12_,354_185_242_571_201_
13:16:18,8.16,10,33982,8.17_8.18_8.19_8.20_8.21_,132_308_350_439_565_,8.16_8.15_8.14_8.13_8.12_,351_184_243_571_202_
13:16:23,8.16,10,33982,8.17_8.18_8.19_8.20_8.21_,132_308_350_439_565_,8.16_8.15_8.14_8.13_8.12_,351_184_243_571_203_
13:16:49,8.16,2,33984,8.17_8.18_8.19_8.20_8.21_,137_308_350_439_545_,8.16_8.15_8.14_8.13_8.12_,376_185_243_571_203_
13:16:54,8.16,48,34032,8.17_8.18_8.19_8.20_8.21_,137_308_350_439_545_,8.16_8.15_8.14_8.13_8.12_,338_190_243_571_203_
13:16:59,8.16,48,34032,8.17_8.18_8.19_8.20_8.21_,172_308_350_419_545_,8.16_8.15_8.14_8.13_8.12_,338_190_243_571_203_
13:17:05,8.16,4,34036,8.17_8.18_8.19_8.20_8.21_,173_307_350_419_545_,8.16_8.15_8.14_8.13_8.12_,339_190_243_571_203_
13:17:10,8.16,7,34043,8.17_8.18_8.19_8.20_8.21_,174_313_350_419_545_,8.16_8.15_8.14_8.13_8.12_,352_190_243_571_203_
13:17:15,8.16,7,34043,8.17_8.18_8.19_8.20_8.21_,174_313_350_419_545_,8.16_8.15_8.14_8.13_8.12_,354_190_243_571_203_
13:17:40,8.16,1,34054,8.17_8.18_8.19_8.20_8.21_,175_314_350_414_545_,8.16_8.15_8.14_8.13_8.12_,361_185_243_571_203_
13:17:46,8.16,1,34055,8.17_8.18_8.19_8.20_8.21_,205_313_350_414_545_,8.16_8.15_8.14_8.13_8.12_,360_185_243_571_203_
13:17:51,8.16,2,34057,8.17_8.18_8.19_8.20_8.21_,205_311_350_414_545_,8.16_8.15_8.14_8.13_8.12_,363_190_243_571_203_
13:17:56,8.16,2,34057,8.17_8.18_8.19_8.20_8.21_,205_311_350_414_545_,8.16_8.15_8.14_8.13_8.12_,380_190_243_571_203_
13:18:16,8.17,10,34112,8.17_8.18_8.19_8.20_8.21_,259_311_350_414_545_,8.16_8.15_8.14_8.13_8.12_,337_190_243_571_203_
13:18:27,8.17,17,34139,8.17_8.18_8.19_8.20_8.21_,236_311_350_414_545_,8.16_8.15_8.14_8.13_8.12_,339_185_243_571_203_
13:18:32,8.17,10,34149,8.17_8.18_8.19_8.20_8.21_,226_311_350_414_545_,8.16_8.15_8.14_8.13_8.12_,339_192_243_571_203_
13:18:37,8.17,20,34169,8.17_8.18_8.19_8.20_8.21_,215_311_350_414_545_,8.16_8.15_8.14_8.13_8.12_,339_192_243_571_203_
13:18:42,8.17,20,34169,8.17_8.18_8.19_8.20_8.21_,202_311_350_414_545_,8.16_8.15_8.14_8.13_8.12_,342_192_243_571_203_
13:18:47,8.17,20,34169,8.17_8.18_8.19_8.20_8.21_,213_311_350_414_545_,8.16_8.15_8.14_8.13_8.12_,342_192_243_571_203_
13:18:52,8.17,8,34177,8.17_8.18_8.19_8.20_8.21_,207_311_350_414_545_,8.16_8.15_8.14_8.13_8.12_,353_192_243_571_203_
13:19:08,8.17,10,34202,8.17_8.18_8.19_8.20_8.21_,280_311_350_414_545_,8.16_8.15_8.14_8.13_8.12_,344_201_243_571_203_
13:20:30,8.17,10,34561,8.17_8.18_8.19_8.20_8.21_,237_301_350_415_545_,8.16_8.15_8.14_8.13_8.12_,176_187_245_571_203_
13:21:21,8.16,42,34665,8.17_8.18_8.19_8.20_8.21_,212_301_350_407_545_,8.16_8.15_8.14_8.13_8.12_,352_220_245_571_203_
13:21:57,8.17,10,34734,8.17_8.18_8.19_8.20_8.21_,164_301_350_407_545_,8.16_8.15_8.14_8.13_8.12_,379_221_245_571_203_
13:22:12,8.17,24,34806,8.17_8.18_8.19_8.20_8.21_,131_301_350_407_545_,8.16_8.15_8.14_8.13_8.12_,369_221_245_571_203_
13:22:17,8.17,28,34834,8.17_8.18_8.19_8.20_8.21_,103_305_350_407_545_,8.16_8.15_8.14_8.13_8.12_,358_221_245_571_203_
13:22:23,8.17,10,34844,8.17_8.18_8.19_8.20_8.21_,93_305_350_407_545_,8.16_8.15_8.14_8.13_8.12_,359_221_245_571_203_
13:22:28,8.17,15,34859,8.17_8.18_8.19_8.20_8.21_,78_305_350_407_545_,8.16_8.15_8.14_8.13_8.12_,359_221_245_571_203_
13:22:33,8.17,33,34892,8.17_8.18_8.19_8.20_8.21_,45_305_350_407_545_,8.16_8.15_8.14_8.13_8.12_,459_221_295_571_203_
13:22:38,8.17,10,34902,8.17_8.18_8.19_8.20_8.21_,40_323_350_407_421_,8.16_8.15_8.14_8.13_8.12_,459_221_295_571_203_
13:24:05,8.18,20,35244,8.18_8.19_8.20_8.21_8.22_,307_339_134_304_413_,8.17_8.16_8.15_8.14_8.13_,14_360_210_363_613_
13:24:15,8.16,12,35272,8.18_8.19_8.20_8.21_8.22_,307_329_357_421_73_,8.16_8.15_8.14_8.13_8.12_,349_210_295_571_209_
13:24:20,8.16,25,35297,8.17_8.18_8.19_8.20_8.21_,1_306_329_134_304_,8.16_8.15_8.14_8.13_8.12_,341_210_363_503_209_
13:24:25,8.16,25,35297,8.17_8.18_8.19_8.20_8.21_,26_306_304_357_421_,8.16_8.15_8.14_8.13_8.12_,341_210_295_571_208_
13:24:31,8.17,14,35311,8.17_8.18_8.19_8.20_8.21_,11_264_227_357_421_,8.16_8.15_8.14_8.13_8.12_,341_210_295_571_208_
13:24:56,8.18,10,35488,8.18_8.19_8.20_8.21_8.22_,254_227_134_304_413_,8.17_8.16_8.15_8.14_8.13_,139_207_211_363_611_
13:26:04,8.18,10,35488,8.17_8.18_8.19_8.20_8.21_,70_254_3_11_304_,8.13_8.12_8.11_8.10_8.09_,386_98_63_177_1_
13:26:19,8.18,10,35488,8.17_8.18_8.19_8.20_8.21_,70_254_3_11_304_,8.13_8.12_8.11_8.10_8.09_,451_98_63_177_1_
13:27:31,8.18,10,35488,8.17_8.18_8.19_8.20_8.21_,76_40_3_13_304_,8.13_8.12_8.11_8.10_8.09_,383_214_121_177_1_
13:27:51,8.18,10,35488,8.17_8.18_8.19_8.20_8.21_,76_40_3_13_304_,8.13_8.12_8.11_8.10_8.09_,421_214_121_177_1_
13:30:00,8.14,2944,38432,8.17_8.18_8.19_8.20_8.21_,323_86_6_11_372_,8.14_8.13_8.12_8.11_8.10_,658_812_312_189_249_
