09:00:06,265.00,9,9,266.00_266.50_267.00_268.00_269.00_,12_1_5_4_11_,265.00_264.00_263.00_262.00_261.00_,8_18_5_2_9_
09:00:12,266.00,1,10,266.00_266.50_267.00_268.00_269.00_,11_1_5_4_11_,265.00_264.00_263.00_262.00_261.00_,8_18_5_2_9_
09:00:17,266.00,1,11,266.00_266.50_267.00_268.00_269.00_,10_1_5_4_11_,265.00_264.00_263.00_262.00_261.00_,8_18_5_2_9_
09:00:22,266.00,1,12,266.00_266.50_267.00_268.00_269.00_,9_1_5_4_11_,265.00_264.00_263.00_262.00_261.00_,9_18_5_2_9_
09:00:37,266.00,1,13,266.00_266.50_267.00_268.00_269.00_,9_1_5_4_11_,265.00_264.00_263.00_262.00_261.00_,9_18_5_2_9_
09:00:42,266.00,2,15,266.00_266.50_267.00_268.00_269.00_,7_1_5_4_11_,265.00_264.00_263.00_262.00_261.00_,10_18_5_2_9_
09:00:47,266.00,7,22,266.50_267.00_268.00_269.00_269.50_,1_5_4_11_2_,266.00_265.00_264.00_263.00_262.00_,1_9_18_5_2_
09:00:53,266.00,7,22,266.50_267.00_268.00_269.00_269.50_,1_5_4_11_2_,266.00_265.00_264.00_263.00_262.00_,1_9_19_5_2_
09:00:58,266.50,2,24,267.00_268.00_269.00_269.50_270.00_,5_4_11_2_16_,266.00_265.00_264.00_263.00_262.00_,2_10_19_4_2_
09:01:03,266.50,2,24,267.00_268.00_269.00_269.50_270.00_,5_4_11_2_16_,266.00_265.00_264.00_263.00_262.00_,3_9_18_4_2_
09:01:08,267.00,1,25,267.00_268.00_268.50_269.00_269.50_,5_4_1_11_2_,266.00_265.00_264.00_263.00_262.00_,3_9_19_4_2_
09:01:13,267.00,1,25,267.00_268.00_268.50_269.00_269.50_,5_4_1_11_2_,266.00_265.00_264.00_263.00_262.00_,3_9_19_5_2_
09:01:18,267.00,1,26,267.00_268.00_268.50_269.00_269.50_,4_7_1_11_2_,266.50_266.00_265.00_264.00_263.00_,1_3_9_19_5_
09:01:23,267.00,1,26,267.00_268.00_268.50_269.00_269.50_,4_7_6_19_2_,266.50_266.00_265.50_265.00_264.50_,1_2_1_12_7_
09:01:29,267.00,1,27,267.00_268.00_268.50_269.00_269.50_,3_7_6_18_2_,266.50_266.00_265.50_265.00_264.50_,1_2_1_12_7_
09:01:34,267.00,1,28,267.00_268.00_268.50_269.00_269.50_,3_7_6_18_2_,266.50_266.00_265.50_265.00_264.50_,2_2_1_12_7_
09:01:39,266.50,1,29,267.00_268.00_268.50_269.00_269.50_,3_7_6_18_2_,266.00_265.50_265.00_264.50_264.00_,2_1_12_7_19_
09:01:44,266.50,1,30,267.00_268.00_268.50_269.00_269.50_,4_12_1_18_2_,266.00_265.00_264.00_263.00_262.00_,4_13_26_5_2_
09:01:49,267.00,4,34,267.00_268.00_268.50_269.00_269.50_,1_12_1_18_2_,266.00_265.00_264.00_263.00_262.00_,4_13_26_5_2_
09:01:54,267.00,4,34,267.00_268.00_268.50_269.00_269.50_,3_12_9_10_2_,266.00_265.00_264.00_263.00_262.00_,4_13_26_5_2_
09:02:05,267.00,1,35,267.00_268.00_268.50_269.00_269.50_,3_12_9_6_2_,266.50_266.00_265.00_264.00_263.00_,1_4_13_26_5_
09:02:10,267.00,1,35,267.00_268.00_268.50_269.00_269.50_,3_7_6_14_2_,266.50_266.00_265.50_265.00_264.50_,1_4_1_12_7_
09:02:15,267.00,2,37,267.00_268.00_268.50_269.00_269.50_,1_7_6_14_2_,266.50_266.00_265.50_265.00_264.50_,2_4_1_12_7_
09:02:20,267.00,1,38,268.00_268.50_269.00_269.50_270.00_,7_6_14_2_16_,266.50_266.00_265.50_265.00_264.50_,1_4_1_12_7_
09:02:25,267.00,1,38,268.00_268.50_269.00_269.50_270.00_,7_1_11_10_16_,266.50_266.00_265.50_265.00_264.00_,1_5_3_16_19_
09:02:30,267.00,1,38,268.00_268.50_269.00_269.50_270.00_,7_1_11_10_16_,267.00_266.50_266.00_265.50_265.00_,2_1_5_3_16_
09:02:35,267.00,1,38,268.00_268.50_269.00_269.50_270.00_,7_1_11_10_16_,267.00_266.50_266.00_265.00_264.00_,2_1_8_16_19_
09:02:40,267.00,1,38,268.00_268.50_269.00_269.50_270.00_,9_2_11_10_17_,267.00_266.50_266.00_265.00_264.00_,2_1_10_16_19_
09:02:45,267.00,1,39,268.00_268.50_269.00_269.50_270.00_,9_2_11_10_17_,267.00_266.50_266.00_265.00_264.00_,2_1_10_16_19_
09:02:51,268.00,1,40,268.00_268.50_269.00_269.50_270.00_,9_2_11_10_17_,267.00_266.50_266.00_265.00_264.00_,2_1_10_16_19_
09:02:56,267.50,1,41,267.50_268.00_268.50_269.00_269.50_,1_10_2_11_10_,267.00_266.50_266.00_265.00_264.00_,3_1_10_16_19_
09:03:01,267.00,1,42,267.50_268.00_268.50_269.00_269.50_,1_10_2_11_10_,267.00_266.50_266.00_265.50_265.00_,4_1_7_3_16_
09:03:11,267.00,2,44,267.50_268.00_268.50_269.00_269.50_,1_10_2_11_10_,267.00_266.50_266.00_265.50_265.00_,2_2_7_3_16_
09:03:16,267.00,2,46,267.50_268.00_268.50_269.00_269.50_,2_10_2_11_10_,267.00_266.50_266.00_265.50_265.00_,1_2_7_3_16_
09:03:21,267.00,1,47,267.00_267.50_268.00_268.50_269.00_,4_1_10_2_11_,266.50_266.00_265.50_265.00_264.00_,2_7_3_16_19_
09:03:27,266.50,2,49,266.50_267.00_267.50_268.00_268.50_,7_4_2_10_7_,266.00_265.50_265.00_264.50_264.00_,6_1_12_7_19_
09:03:32,266.00,1,50,266.50_267.00_267.50_268.00_268.50_,7_5_2_15_10_,266.00_265.00_264.50_264.00_263.00_,5_10_3_26_5_
09:03:37,266.00,4,54,266.00_266.50_267.00_267.50_268.00_,2_3_6_2_15_,265.00_264.50_264.00_263.00_262.00_,10_3_26_5_2_
09:03:42,266.00,4,54,266.00_266.50_267.00_267.50_268.00_,3_3_11_2_19_,265.00_264.00_263.00_262.00_261.00_,9_23_12_2_9_
09:03:47,266.00,1,55,266.50_267.00_267.50_268.00_268.50_,2_11_2_19_2_,265.00_264.00_263.00_262.00_261.00_,9_23_12_2_9_
09:03:52,266.00,1,56,266.00_266.50_267.00_267.50_268.00_,4_4_6_7_19_,265.00_264.50_264.00_263.50_263.00_,9_1_22_7_5_
09:03:57,265.50,1,57,265.50_266.00_266.50_267.00_267.50_,2_7_2_11_2_,265.00_264.00_263.00_262.00_261.00_,11_23_12_2_9_
09:04:03,265.00,3,60,265.50_266.00_267.00_267.50_268.00_,3_7_11_10_12_,265.00_264.00_263.50_263.00_262.00_,10_19_3_12_2_
09:04:08,265.50,1,61,265.50_266.00_267.00_267.50_268.00_,4_7_11_10_12_,265.00_264.00_263.50_263.00_262.00_,10_19_3_12_2_
09:04:13,265.50,1,61,265.50_266.00_267.00_267.50_268.00_,4_6_11_10_12_,265.00_264.00_263.50_263.00_262.00_,10_19_3_12_2_
09:04:18,265.50,2,63,265.50_266.00_266.50_267.00_267.50_,2_4_1_12_11_,265.00_264.00_263.50_263.00_262.00_,10_19_3_12_2_
09:04:23,265.00,2,65,265.50_266.00_266.50_267.00_267.50_,2_4_1_15_11_,265.00_264.00_263.50_263.00_262.00_,8_19_3_12_2_
09:04:28,265.50,2,67,265.50_266.00_266.50_267.00_267.50_,1_4_1_15_11_,265.00_264.00_263.50_263.00_262.00_,8_19_3_12_2_
09:04:39,265.50,1,68,265.50_266.00_266.50_267.00_267.50_,1_4_1_15_11_,265.00_264.00_263.50_263.00_262.00_,8_19_3_12_2_
09:04:44,265.50,1,68,265.50_266.00_266.50_267.00_267.50_,1_4_1_15_11_,265.00_264.00_263.50_263.00_262.00_,9_19_3_12_2_
09:04:49,265.50,1,69,266.00_266.50_267.00_267.50_268.00_,4_1_15_11_13_,265.50_265.00_264.00_263.50_263.00_,1_9_19_3_12_
09:04:54,265.50,1,69,266.00_266.50_267.00_267.50_268.00_,4_1_10_8_21_,265.50_265.00_264.50_264.00_263.50_,1_10_1_21_7_
09:04:59,265.50,1,69,266.00_266.50_267.00_267.50_268.00_,4_1_13_8_22_,265.50_265.00_264.50_264.00_263.50_,2_10_1_21_7_
09:05:04,265.50,1,69,266.00_266.50_267.00_267.50_268.00_,4_1_13_8_22_,265.50_265.00_264.50_264.00_263.50_,2_15_1_21_7_
09:05:09,265.50,2,71,266.00_266.50_267.00_267.50_268.00_,4_1_13_8_22_,265.00_264.50_264.00_263.50_263.00_,15_1_21_7_5_
09:05:15,265.50,2,71,266.00_266.50_267.00_267.50_268.00_,5_1_18_3_22_,265.00_264.00_263.00_262.00_261.00_,15_22_12_2_9_
09:05:20,265.50,2,71,266.00_266.50_267.00_267.50_268.00_,5_1_18_4_22_,265.00_264.00_263.00_262.00_261.00_,15_22_12_2_9_
09:05:35,265.00,1,72,266.00_266.50_267.00_267.50_268.00_,5_1_18_5_22_,265.00_264.00_263.00_262.00_261.00_,14_22_12_2_9_
09:05:40,265.00,1,72,266.00_266.50_267.00_267.50_268.00_,5_1_13_10_22_,265.00_264.00_263.00_262.00_261.00_,15_22_12_2_9_
09:05:45,265.00,1,72,266.00_266.50_267.00_267.50_268.00_,5_1_18_5_22_,265.00_264.00_263.00_262.00_261.00_,15_22_12_2_9_
09:05:56,265.00,1,72,266.00_266.50_267.00_267.50_268.00_,4_1_18_6_22_,265.00_264.00_263.00_262.00_261.00_,15_22_12_2_9_
09:06:01,265.00,1,72,266.00_266.50_267.00_267.50_268.00_,4_1_13_11_22_,265.00_264.00_263.00_262.00_261.00_,15_22_12_2_9_
09:06:06,265.00,1,72,266.00_266.50_267.00_267.50_268.00_,4_1_13_11_20_,265.00_264.00_263.00_262.00_261.00_,17_22_12_2_9_
09:06:16,265.00,1,72,266.00_266.50_267.00_267.50_268.00_,4_1_13_11_21_,265.00_264.00_263.00_262.00_261.00_,17_22_12_2_9_
09:06:21,265.00,1,72,265.50_266.00_266.50_267.00_267.50_,1_4_1_12_11_,265.00_264.00_263.00_262.00_261.00_,17_22_12_2_9_
09:06:26,265.00,1,73,265.50_266.00_266.50_267.00_267.50_,1_3_1_17_14_,265.00_264.00_263.50_263.00_262.00_,15_19_3_12_2_
09:06:37,265.00,1,73,265.50_266.00_266.50_267.00_267.50_,1_3_3_17_14_,265.00_264.00_263.50_263.00_262.00_,15_19_3_12_2_
09:06:42,265.00,3,76,265.50_266.00_266.50_267.00_267.50_,1_3_3_17_14_,265.00_264.00_263.50_263.00_262.00_,12_19_3_12_2_
09:07:12,265.00,3,76,265.50_266.00_266.50_267.00_267.50_,1_3_3_17_14_,265.00_264.00_263.50_263.00_262.00_,14_19_3_12_2_
09:07:18,265.50,1,77,266.00_266.50_267.00_267.50_268.00_,3_3_17_14_13_,265.00_264.00_263.50_263.00_262.00_,14_21_4_12_2_
09:07:23,265.50,1,77,266.00_266.50_267.00_267.50_268.00_,3_3_17_6_20_,265.00_264.00_263.50_263.00_262.00_,14_24_1_12_2_
09:07:28,265.50,1,77,266.00_266.50_267.00_267.50_268.00_,3_3_17_6_20_,265.00_264.00_263.50_263.00_262.00_,14_25_1_12_2_
09:07:33,266.00,1,78,266.00_266.50_267.00_267.50_268.00_,2_3_17_6_20_,265.00_264.00_263.50_263.00_262.00_,14_25_1_12_2_
09:07:38,266.00,1,78,266.00_266.50_267.00_267.50_268.00_,2_3_17_6_20_,265.50_265.00_264.00_263.50_263.00_,1_14_25_1_12_
09:07:43,266.00,1,78,266.00_266.50_267.00_267.50_268.00_,2_3_12_11_20_,265.50_265.00_264.50_264.00_263.50_,2_14_1_25_8_
09:07:48,266.00,1,79,266.00_266.50_267.00_267.50_268.00_,1_3_12_11_20_,265.50_265.00_264.50_264.00_263.50_,2_14_1_25_8_
09:07:59,266.00,1,79,266.00_266.50_267.00_267.50_268.00_,2_4_12_11_21_,265.50_265.00_264.50_264.00_263.50_,2_13_2_26_8_
09:08:14,266.00,1,79,266.00_266.50_267.00_267.50_268.00_,2_4_13_11_21_,265.50_265.00_264.50_264.00_263.50_,2_13_2_22_8_
09:08:24,266.00,1,80,266.00_266.50_267.00_267.50_268.00_,1_4_13_11_21_,265.50_265.00_264.50_264.00_263.50_,1_13_2_22_8_
09:08:35,266.00,1,80,266.00_266.50_267.00_267.50_268.00_,2_4_13_11_21_,265.50_265.00_264.50_264.00_263.50_,1_13_2_22_8_
09:08:45,266.00,1,80,266.00_266.50_267.00_267.50_268.00_,2_4_13_11_21_,265.50_265.00_264.50_264.00_263.50_,1_14_2_23_8_
09:08:50,266.00,2,82,266.50_267.00_267.50_268.00_268.50_,4_13_11_21_2_,266.00_265.50_265.00_264.50_264.00_,6_1_14_2_23_
09:08:55,266.00,2,82,266.50_267.00_267.50_268.00_268.50_,4_13_6_18_10_,266.00_265.50_265.00_264.50_264.00_,6_1_15_4_27_
09:09:00,266.00,2,82,266.50_267.00_267.50_268.00_268.50_,4_13_6_18_10_,266.00_265.50_265.00_264.50_264.00_,6_1_16_4_26_
09:09:11,266.00,2,82,266.50_267.00_267.50_268.00_268.50_,4_13_6_18_10_,266.00_265.00_264.50_264.00_263.50_,6_16_4_26_1_
09:09:16,266.00,2,82,266.50_267.00_267.50_268.00_268.50_,4_13_6_18_10_,266.00_265.00_264.50_264.00_263.50_,9_16_4_26_1_
09:09:21,266.00,2,82,266.50_267.00_267.50_268.00_268.50_,5_13_6_18_10_,266.00_265.00_264.50_264.00_263.50_,9_16_4_26_1_
09:09:31,266.00,2,84,266.50_267.00_267.50_268.00_268.50_,5_13_6_18_10_,266.00_265.00_264.50_264.00_263.50_,7_16_4_26_1_
09:09:36,266.00,2,84,266.50_267.00_267.50_268.00_268.50_,6_13_6_18_10_,266.00_265.00_264.50_264.00_263.50_,7_16_4_26_1_
09:09:46,266.00,7,91,266.00_266.50_267.00_267.50_268.00_,5_6_13_6_18_,265.00_264.50_264.00_263.50_263.00_,16_4_26_1_7_
09:09:52,265.00,8,99,266.00_266.50_267.00_267.50_268.00_,5_5_18_6_21_,265.00_264.50_264.00_263.50_263.00_,6_1_23_1_14_
09:09:57,265.00,8,99,266.00_266.50_267.00_267.50_268.00_,7_5_13_11_21_,265.00_264.50_264.00_263.50_263.00_,6_1_23_1_14_
09:10:02,265.00,8,99,266.00_266.50_267.00_267.50_268.00_,7_5_13_11_22_,265.00_264.50_264.00_263.50_263.00_,6_1_23_1_14_
09:10:07,265.00,2,101,266.00_266.50_267.00_267.50_268.00_,7_5_13_10_22_,265.00_264.50_264.00_263.50_263.00_,4_1_23_1_15_
09:10:12,265.00,2,103,266.00_266.50_267.00_267.50_268.00_,8_5_13_10_22_,265.00_264.50_264.00_263.50_263.00_,3_1_23_1_15_
09:10:17,265.00,3,106,265.00_266.00_266.50_267.00_267.50_,1_8_5_13_10_,264.50_264.00_263.50_263.00_262.00_,1_23_1_15_6_
09:10:22,264.50,1,107,265.00_266.00_266.50_267.00_267.50_,1_6_10_21_5_,264.00_263.50_263.00_262.50_262.00_,19_2_11_7_6_
09:10:27,264.50,1,107,265.00_266.00_266.50_267.00_267.50_,4_6_10_21_5_,264.00_263.50_263.00_262.00_261.00_,19_1_12_13_8_
09:10:33,264.50,1,107,265.00_266.00_266.50_267.00_267.50_,5_6_9_21_5_,264.00_263.50_263.00_262.00_261.00_,19_1_12_13_8_
09:10:38,264.00,1,108,265.00_266.00_266.50_267.00_267.50_,5_6_9_21_5_,264.00_263.50_263.00_262.00_261.00_,18_1_12_13_8_
09:10:43,264.00,1,108,265.00_266.00_266.50_267.00_267.50_,5_6_9_21_5_,264.00_263.50_263.00_262.50_262.00_,18_1_12_7_6_
09:10:58,265.00,2,110,265.00_266.00_266.50_267.00_267.50_,2_5_9_21_5_,264.00_263.50_263.00_262.50_262.00_,18_1_13_7_6_
09:11:03,264.00,1,111,265.00_266.00_266.50_267.00_267.50_,1_6_9_21_5_,264.00_263.50_263.00_262.00_261.00_,17_1_13_13_8_
09:11:08,265.00,2,113,266.00_266.50_267.00_267.50_268.00_,8_9_22_5_15_,264.00_263.50_263.00_262.50_262.00_,16_1_16_7_6_
09:11:14,265.00,2,113,266.00_266.50_267.00_267.50_268.00_,7_6_18_13_15_,264.50_264.00_263.50_263.00_262.50_,1_16_7_10_7_
09:11:24,265.00,2,113,265.00_266.00_266.50_267.00_267.50_,1_7_7_18_13_,264.50_264.00_263.50_263.00_262.00_,1_17_6_17_6_
09:11:29,265.00,2,113,265.00_266.00_266.50_267.00_267.50_,2_7_12_22_5_,264.50_264.00_263.50_263.00_262.50_,3_16_4_13_7_
09:11:34,265.00,2,113,265.00_266.00_266.50_267.00_267.50_,4_7_12_21_5_,264.50_264.00_263.50_263.00_262.50_,3_16_4_13_7_
09:11:39,265.00,2,113,265.00_266.00_266.50_267.00_267.50_,4_7_12_22_5_,264.50_264.00_263.50_263.00_262.50_,3_16_4_13_7_
09:11:44,265.00,2,115,265.00_266.00_266.50_267.00_267.50_,3_7_12_22_5_,264.50_264.00_263.50_263.00_262.50_,3_16_4_12_7_
09:11:55,265.00,2,115,265.00_266.00_266.50_267.00_267.50_,3_7_12_22_5_,264.50_264.00_263.50_263.00_262.50_,6_16_4_12_7_
09:12:00,265.00,1,116,265.00_266.00_266.50_267.00_267.50_,2_7_12_22_5_,264.50_264.00_263.50_263.00_262.50_,6_16_4_12_7_
09:12:05,265.00,1,116,265.00_266.00_266.50_267.00_267.50_,1_8_12_22_5_,264.50_264.00_263.50_263.00_262.50_,6_15_4_12_7_
09:12:10,265.00,1,117,266.00_266.50_267.00_267.50_268.00_,8_12_22_5_15_,264.50_264.00_263.50_263.00_262.50_,6_15_4_12_7_
09:12:15,266.00,1,118,266.00_266.50_267.00_267.50_268.00_,7_5_21_13_15_,265.00_264.50_264.00_263.50_263.00_,5_6_18_4_16_
09:12:20,266.00,1,118,266.00_266.50_267.00_267.50_268.00_,7_5_22_5_23_,265.00_264.50_264.00_263.50_263.00_,8_5_22_1_16_
09:12:25,265.50,1,119,266.00_266.50_267.00_267.50_268.00_,7_5_22_5_23_,265.00_264.50_264.00_263.50_263.00_,8_4_22_1_16_
09:12:31,266.00,2,121,266.00_266.50_267.00_267.50_268.00_,5_5_22_5_23_,265.00_264.50_264.00_263.50_263.00_,8_4_22_1_16_
09:12:36,266.00,2,121,266.00_266.50_267.00_267.50_268.00_,5_5_22_5_23_,265.00_264.50_264.00_263.50_263.00_,8_4_24_1_16_
09:12:41,266.00,2,121,266.00_266.50_267.00_267.50_268.00_,5_5_22_5_23_,265.00_264.50_264.00_263.50_263.00_,6_4_24_1_16_
09:12:56,266.00,2,123,266.00_266.50_267.00_267.50_268.00_,3_5_22_5_23_,265.00_264.50_264.00_263.50_263.00_,6_4_24_1_16_
09:13:01,266.00,2,123,266.00_266.50_267.00_267.50_268.00_,4_5_22_5_23_,265.00_264.50_264.00_263.50_263.00_,6_4_24_1_16_
09:13:06,266.00,2,123,266.00_266.50_267.00_267.50_268.00_,4_5_22_13_15_,265.00_264.50_264.00_263.50_263.00_,6_4_24_1_16_
09:13:12,266.00,1,124,266.00_266.50_267.00_267.50_268.00_,3_5_22_13_15_,265.00_264.50_264.00_263.50_263.00_,6_4_24_1_16_
09:13:17,265.00,1,125,266.00_266.50_267.00_267.50_268.00_,3_5_22_5_23_,265.00_264.50_264.00_263.50_263.00_,5_4_24_1_16_
09:13:22,265.00,1,125,266.00_266.50_267.00_267.50_268.00_,3_5_17_10_23_,265.00_264.50_264.00_263.50_263.00_,6_4_23_1_16_
09:13:32,265.00,1,125,266.00_266.50_267.00_267.50_268.00_,3_5_17_10_23_,265.00_264.50_264.00_263.50_263.00_,6_5_24_1_15_
09:13:37,265.00,1,125,266.00_266.50_267.00_267.50_268.00_,5_5_14_10_23_,265.00_264.50_264.00_263.50_263.00_,6_5_25_1_15_
09:13:42,265.00,1,125,266.00_266.50_267.00_267.50_268.00_,5_5_14_10_24_,265.00_264.50_264.00_263.50_263.00_,6_5_25_1_15_
09:13:47,265.00,1,125,266.00_266.50_267.00_267.50_268.00_,5_5_14_10_24_,265.00_264.50_264.00_263.50_263.00_,7_5_66_1_15_
09:13:58,265.00,1,125,266.00_266.50_267.00_267.50_268.00_,5_5_14_10_24_,265.50_265.00_264.50_264.00_263.50_,1_7_5_66_1_
09:14:03,265.00,1,125,266.00_266.50_267.00_267.50_268.00_,5_5_12_12_24_,265.50_265.00_264.50_264.00_263.50_,1_7_8_63_8_
09:14:08,265.50,1,126,265.50_266.00_266.50_267.00_267.50_,1_5_5_12_12_,265.00_264.50_264.00_263.50_263.00_,7_8_63_8_8_
09:14:13,265.50,1,126,265.50_266.00_266.50_267.00_267.50_,1_4_5_19_13_,265.00_264.50_264.00_263.50_263.00_,7_5_63_4_15_
09:14:18,265.50,1,126,265.50_266.00_266.50_267.00_267.50_,2_3_5_19_13_,265.00_264.50_264.00_263.50_263.00_,7_5_63_4_15_
09:14:23,265.50,1,126,265.50_266.00_266.50_267.00_267.50_,2_3_4_19_13_,265.00_264.50_264.00_263.50_263.00_,7_5_64_4_15_
09:14:34,265.50,2,128,266.00_266.50_267.00_267.50_268.00_,3_4_19_13_16_,265.00_264.50_264.00_263.50_263.00_,7_5_64_4_15_
09:14:39,265.50,2,128,266.00_266.50_267.00_267.50_268.00_,3_7_14_10_24_,265.00_264.50_264.00_263.50_263.00_,7_5_67_1_15_
09:14:49,265.50,2,128,266.00_266.50_267.00_267.50_268.00_,3_8_14_10_24_,265.00_264.50_264.00_263.50_263.00_,7_5_67_1_15_
09:14:54,265.00,1,129,266.00_266.50_267.00_267.50_268.00_,4_8_14_10_24_,265.00_264.50_264.00_263.50_263.00_,6_5_67_1_15_
09:15:15,265.00,1,129,266.00_266.50_267.00_267.50_268.00_,4_8_14_10_24_,265.00_264.50_264.00_263.50_263.00_,6_5_47_1_15_
09:15:20,265.00,1,129,266.00_266.50_267.00_267.50_268.00_,4_5_14_10_24_,265.00_264.50_264.00_263.50_263.00_,7_6_47_1_15_
09:15:30,265.00,2,131,266.00_266.50_267.00_267.50_268.00_,5_5_14_10_24_,265.00_264.50_264.00_263.50_263.00_,5_6_47_1_15_
09:15:35,265.00,2,131,265.50_266.00_266.50_267.00_267.50_,2_6_5_14_10_,265.00_264.50_264.00_263.50_263.00_,6_5_47_1_15_
09:15:41,265.00,2,131,265.50_266.00_266.50_267.00_267.50_,3_5_5_19_13_,265.00_264.50_264.00_263.50_263.00_,6_5_45_4_15_
09:15:46,265.00,2,131,265.50_266.00_266.50_267.00_267.50_,3_8_5_19_13_,265.00_264.50_264.00_263.50_263.00_,6_5_45_4_15_
09:15:51,265.00,2,131,265.50_266.00_266.50_267.00_267.50_,3_8_5_19_13_,265.00_264.50_264.00_263.50_263.00_,6_5_46_4_15_
09:15:56,265.50,1,132,265.50_266.00_266.50_267.00_267.50_,2_8_5_19_13_,265.00_264.50_264.00_263.50_263.00_,6_6_46_4_15_
09:16:01,265.50,2,134,265.50_266.00_266.50_267.00_267.50_,1_8_5_19_13_,265.00_264.50_264.00_263.50_263.00_,6_7_46_4_15_
09:16:06,265.00,3,137,265.50_266.00_266.50_267.00_267.50_,1_8_5_18_13_,265.00_264.50_264.00_263.50_263.00_,3_7_46_4_15_
09:16:32,265.00,3,137,265.50_266.00_266.50_267.00_267.50_,1_8_5_18_13_,265.00_264.50_264.00_263.50_263.00_,3_7_47_4_15_
09:16:37,265.50,1,138,266.00_266.50_267.00_267.50_268.00_,8_5_18_13_16_,265.00_264.50_264.00_263.50_263.00_,4_7_47_4_15_
09:16:42,265.50,1,138,266.00_266.50_267.00_267.50_268.00_,8_5_18_5_24_,265.00_264.50_264.00_263.50_263.00_,4_7_51_1_15_
09:16:47,265.50,1,138,266.00_266.50_267.00_267.50_268.00_,7_5_18_5_24_,265.00_264.50_264.00_263.50_263.00_,4_7_51_1_15_
09:16:52,265.50,1,138,266.00_266.50_267.00_267.50_268.00_,7_5_18_5_24_,265.00_264.50_264.00_263.50_263.00_,4_7_50_1_15_
09:17:02,265.50,1,138,266.00_266.50_267.00_267.50_268.00_,7_5_18_5_24_,265.00_264.50_264.00_263.50_263.00_,4_7_51_1_15_
09:17:08,265.50,1,138,266.00_266.50_267.00_267.50_268.00_,7_5_18_5_24_,265.00_264.50_264.00_263.50_263.00_,4_8_51_1_15_
09:17:13,265.50,1,138,266.00_266.50_267.00_267.50_268.00_,8_5_18_5_24_,265.00_264.50_264.00_263.50_263.00_,5_8_51_1_15_
09:17:18,265.50,1,138,266.00_266.50_267.00_267.50_268.00_,9_5_18_5_24_,265.00_264.50_264.00_263.50_263.00_,5_8_51_1_15_
09:17:23,265.50,1,138,266.00_266.50_267.00_267.50_268.00_,10_5_18_5_24_,265.00_264.50_264.00_263.50_263.00_,5_8_51_1_15_
09:17:43,265.50,1,138,266.00_266.50_267.00_267.50_268.00_,10_5_18_5_24_,265.00_264.50_264.00_263.50_263.00_,5_9_51_1_15_
09:17:54,265.50,1,138,266.00_266.50_267.00_267.50_268.00_,10_5_18_5_24_,265.50_265.00_264.50_264.00_263.50_,1_5_9_51_1_
09:17:59,265.50,1,139,265.50_266.00_266.50_267.00_267.50_,1_10_5_13_10_,265.00_264.50_264.00_263.50_263.00_,5_11_50_8_8_
09:18:04,265.50,1,139,265.50_266.00_266.50_267.00_267.50_,1_9_5_18_13_,265.00_264.50_264.00_263.50_263.00_,5_10_48_4_15_
09:18:09,265.50,1,139,265.50_266.00_266.50_267.00_267.50_,2_9_5_18_13_,265.00_264.50_264.00_263.50_263.00_,5_10_48_4_15_
09:18:19,265.50,1,139,265.50_266.00_266.50_267.00_267.50_,3_9_5_18_13_,265.00_264.50_264.00_263.50_263.00_,5_10_48_4_15_
09:18:40,265.50,1,139,265.50_266.00_266.50_267.00_267.50_,4_9_5_18_13_,265.00_264.50_264.00_263.50_263.00_,5_10_48_4_15_
09:18:45,265.00,1,140,265.50_266.00_266.50_267.00_267.50_,4_9_5_18_13_,265.00_264.50_264.00_263.50_263.00_,4_10_48_4_15_
09:18:50,265.00,1,140,265.50_266.00_266.50_267.00_267.50_,4_9_7_16_13_,265.00_264.50_264.00_263.50_263.00_,4_10_48_4_15_
09:18:55,265.00,1,140,265.50_266.00_266.50_267.00_267.50_,4_8_7_16_13_,265.00_264.50_264.00_263.50_263.00_,4_10_48_4_15_
09:19:16,265.00,1,141,265.50_266.00_266.50_267.00_267.50_,4_8_7_16_13_,265.00_264.50_264.00_263.50_263.00_,3_10_48_4_15_
09:19:21,265.00,1,141,265.50_266.00_266.50_267.00_267.50_,4_8_7_16_13_,265.00_264.50_264.00_263.50_263.00_,3_10_47_4_15_
09:19:36,265.00,1,141,265.50_266.00_266.50_267.00_267.50_,4_8_7_16_13_,265.00_264.50_264.00_263.50_263.00_,2_10_47_4_15_
09:19:42,265.00,1,142,265.50_266.00_266.50_267.00_267.50_,4_8_7_16_13_,265.00_264.50_264.00_263.50_263.00_,1_10_47_4_15_
09:19:52,264.50,4,146,265.00_265.50_266.00_266.50_267.00_,1_4_8_7_16_,264.50_264.00_263.50_263.00_262.50_,7_47_4_16_1_
09:19:57,264.50,4,146,265.00_265.50_266.00_266.50_267.00_,2_4_8_12_19_,264.50_264.00_263.50_263.00_262.50_,7_44_4_12_8_
09:20:02,264.50,4,146,265.00_265.50_266.00_266.50_267.00_,2_4_8_12_19_,264.50_264.00_263.50_263.00_262.50_,6_44_4_12_8_
09:20:07,264.50,4,146,265.00_265.50_266.00_266.50_267.00_,4_3_8_12_19_,264.50_264.00_263.50_263.00_262.50_,6_44_4_12_8_
09:20:12,264.50,2,148,265.00_265.50_266.00_266.50_267.00_,4_2_8_12_19_,264.50_264.00_263.50_263.00_262.50_,4_44_4_12_8_
09:20:17,264.50,2,148,265.00_265.50_266.00_266.50_267.00_,4_2_8_12_19_,264.50_264.00_263.50_263.00_262.50_,3_44_4_12_8_
09:20:22,264.50,2,148,265.00_265.50_266.00_266.50_267.00_,5_2_10_10_19_,264.50_264.00_263.50_263.00_262.50_,3_45_4_12_8_
09:20:28,264.50,1,149,265.00_265.50_266.00_266.50_267.00_,5_2_10_10_19_,264.50_264.00_263.50_263.00_262.50_,2_45_4_12_8_
09:20:38,264.50,1,149,265.00_265.50_266.00_266.50_267.00_,5_2_10_10_19_,264.50_264.00_263.50_263.00_262.50_,4_45_4_12_8_
09:20:43,264.50,1,149,265.00_265.50_266.00_266.50_267.00_,5_2_10_10_19_,264.50_264.00_263.50_263.00_262.50_,5_45_4_12_8_
09:20:48,264.50,1,149,265.00_265.50_266.00_266.50_267.00_,5_2_10_10_21_,264.50_264.00_263.50_263.00_262.50_,5_45_4_12_8_
09:20:53,265.00,1,150,265.00_265.50_266.00_266.50_267.00_,4_2_10_10_21_,264.50_264.00_263.50_263.00_262.50_,5_46_4_12_8_
09:20:59,265.00,1,150,265.00_265.50_266.00_266.50_267.00_,5_2_10_10_21_,264.50_264.00_263.50_263.00_262.50_,4_26_4_12_8_
09:21:09,265.00,1,150,265.00_265.50_266.00_266.50_267.00_,7_2_10_10_21_,264.50_264.00_263.50_263.00_262.50_,4_26_4_12_8_
09:21:14,264.50,1,151,265.00_265.50_266.00_266.50_267.00_,6_1_9_10_21_,264.50_264.00_263.50_263.00_262.50_,3_26_4_12_8_
09:21:19,264.50,1,151,265.00_265.50_266.00_266.50_267.00_,6_1_9_10_21_,264.50_264.00_263.50_263.00_262.50_,3_26_4_13_8_
09:21:29,264.50,1,151,265.00_265.50_266.00_266.50_267.00_,7_1_9_10_21_,264.50_264.00_263.50_263.00_262.50_,4_26_4_13_8_
09:21:34,264.50,1,152,265.00_265.50_266.00_266.50_267.00_,12_1_9_10_21_,264.50_264.00_263.50_263.00_262.50_,3_26_4_13_8_
09:21:40,264.50,3,155,264.50_265.00_265.50_266.00_266.50_,1_12_1_9_10_,264.00_263.50_263.00_262.50_262.00_,26_4_13_8_5_
09:21:45,264.50,2,157,264.50_265.00_265.50_266.00_266.50_,8_9_2_12_13_,264.00_263.50_263.00_262.50_262.00_,26_1_13_3_12_
09:21:50,264.00,1,158,264.50_265.00_265.50_266.00_266.50_,9_9_2_12_13_,264.00_263.50_263.00_262.50_262.00_,28_1_13_3_12_
09:21:55,264.00,1,158,264.50_265.00_265.50_266.00_266.50_,9_9_2_12_13_,264.00_263.50_263.00_262.50_262.00_,27_1_14_3_12_
09:22:00,264.00,2,160,264.50_265.00_265.50_266.00_266.50_,9_9_2_12_13_,264.00_263.50_263.00_262.50_262.00_,26_3_14_3_12_
09:22:05,264.00,2,160,264.50_265.00_265.50_266.00_266.50_,11_7_2_12_13_,264.00_263.50_263.00_262.50_262.00_,26_3_14_3_12_
09:22:10,264.00,1,161,264.50_265.00_265.50_266.00_266.50_,11_7_2_11_13_,264.00_263.50_263.00_262.50_262.00_,24_3_14_3_12_
09:22:16,264.00,1,161,264.50_265.00_265.50_266.00_266.50_,11_3_2_11_13_,264.00_263.50_263.00_262.50_262.00_,24_3_14_3_12_
09:22:21,264.00,1,162,264.50_265.00_265.50_266.00_266.50_,11_3_2_8_13_,264.00_263.50_263.00_262.50_262.00_,23_3_14_4_12_
09:22:26,264.00,1,162,264.50_265.00_265.50_266.00_266.50_,11_3_2_8_12_,264.00_263.50_263.00_262.50_262.00_,24_3_14_4_12_
09:22:31,264.00,1,163,264.50_265.00_265.50_266.00_266.50_,11_3_2_8_12_,264.00_263.50_263.00_262.50_262.00_,23_3_14_4_12_
09:22:36,264.00,1,163,264.50_265.00_265.50_266.00_266.50_,11_3_2_7_12_,264.00_263.50_263.00_262.50_262.00_,23_3_14_4_12_
09:22:41,264.00,1,164,264.50_265.00_265.50_266.00_266.50_,11_3_2_7_12_,264.00_263.50_263.00_262.50_262.00_,23_3_14_4_12_
09:22:51,264.00,1,164,264.50_265.00_265.50_266.00_266.50_,11_3_2_8_12_,264.00_263.50_263.00_262.50_262.00_,23_3_14_4_12_
09:22:57,264.00,1,165,264.50_265.00_265.50_266.00_266.50_,11_3_2_8_12_,264.00_263.50_263.00_262.50_262.00_,22_3_14_4_12_
09:23:02,264.00,1,165,264.50_265.00_265.50_266.00_266.50_,10_3_2_8_12_,264.00_263.50_263.00_262.50_262.00_,22_3_14_4_12_
09:23:07,264.00,1,166,264.50_265.00_265.50_266.00_266.50_,10_4_2_8_12_,264.00_263.50_263.00_262.50_262.00_,21_3_14_4_12_
09:23:12,264.00,4,170,264.50_265.00_265.50_266.00_266.50_,10_5_2_8_12_,264.00_263.50_263.00_262.50_262.00_,17_3_14_4_12_
09:23:17,264.00,4,170,264.50_265.00_265.50_266.00_266.50_,11_5_2_8_12_,264.00_263.50_263.00_262.50_262.00_,17_3_14_4_12_
09:23:22,264.50,1,171,264.50_265.00_265.50_266.00_266.50_,10_5_2_8_12_,264.00_263.50_263.00_262.50_262.00_,16_3_14_4_12_
09:23:27,264.00,3,174,264.50_265.00_265.50_266.00_266.50_,11_5_2_8_12_,264.00_263.50_263.00_262.50_262.00_,14_3_14_4_12_
09:23:33,264.00,1,175,264.50_265.00_265.50_266.00_266.50_,11_5_2_8_12_,264.00_263.50_263.00_262.50_262.00_,13_3_14_4_12_
09:23:38,264.50,1,176,264.50_265.00_265.50_266.00_266.50_,5_5_2_8_12_,264.00_263.50_263.00_262.50_262.00_,16_3_14_4_12_
09:23:48,264.00,1,177,264.50_265.00_265.50_266.00_266.50_,6_5_2_8_12_,264.00_263.50_263.00_262.50_262.00_,15_3_14_4_12_
09:23:53,264.00,1,178,264.50_265.00_265.50_266.00_266.50_,6_5_2_8_12_,264.00_263.50_263.00_262.50_262.00_,16_3_14_4_12_
09:23:58,264.00,1,179,264.50_265.00_265.50_266.00_266.50_,6_5_2_8_12_,264.00_263.50_263.00_262.50_262.00_,15_3_14_4_12_
09:24:03,264.00,2,181,264.50_265.00_265.50_266.00_266.50_,7_5_2_8_12_,264.00_263.50_263.00_262.50_262.00_,13_3_15_4_12_
09:24:08,264.50,2,183,264.50_265.00_265.50_266.00_266.50_,5_5_2_8_12_,264.00_263.50_263.00_262.50_262.00_,13_3_15_4_12_
09:24:14,264.50,2,183,264.50_265.00_265.50_266.00_266.50_,5_6_2_8_12_,264.00_263.50_263.00_262.50_262.00_,13_3_15_4_12_
09:24:24,264.50,1,184,264.50_265.00_265.50_266.00_266.50_,4_6_2_8_12_,264.00_263.50_263.00_262.50_262.00_,13_3_15_4_12_
09:24:29,264.50,1,184,264.50_265.00_265.50_266.00_266.50_,5_6_2_8_12_,264.00_263.50_263.00_262.50_262.00_,13_3_15_4_12_
09:24:39,264.00,2,186,264.50_265.00_265.50_266.00_266.50_,5_6_2_8_12_,264.00_263.50_263.00_262.50_262.00_,11_3_15_4_12_
09:24:44,264.00,5,191,264.50_265.00_265.50_266.00_266.50_,5_6_2_8_12_,264.00_263.50_263.00_262.50_262.00_,6_3_15_4_12_
09:24:49,264.00,1,192,264.50_265.00_265.50_266.00_266.50_,6_6_2_8_12_,264.00_263.50_263.00_262.50_262.00_,5_3_15_4_12_
09:24:55,264.00,1,193,264.50_265.00_265.50_266.00_266.50_,6_6_2_8_12_,264.00_263.50_263.00_262.50_262.00_,4_3_15_4_12_
09:25:00,264.00,2,195,264.50_265.00_265.50_266.00_266.50_,6_6_2_8_12_,264.00_263.50_263.00_262.50_262.00_,2_3_15_4_12_
09:25:05,263.50,4,199,264.00_264.50_265.00_266.00_266.50_,3_5_8_8_12_,263.50_263.00_262.50_262.00_261.50_,1_13_6_12_2_
09:25:10,263.50,1,200,264.00_264.50_265.00_265.50_266.00_,5_3_8_5_11_,263.50_263.00_262.50_262.00_261.50_,1_13_5_8_8_
09:25:15,263.50,2,202,264.00_264.50_265.00_265.50_266.00_,5_5_6_5_11_,263.00_262.50_262.00_261.50_261.00_,13_2_10_8_8_
09:25:20,263.50,2,202,264.00_264.50_265.00_265.50_266.00_,5_5_5_5_11_,263.00_262.50_262.00_261.50_261.00_,13_2_9_10_8_
09:25:26,263.50,2,202,264.00_264.50_265.00_265.50_266.00_,5_5_5_5_11_,263.00_262.50_262.00_261.50_261.00_,14_2_9_10_8_
09:25:31,263.50,2,202,264.00_264.50_265.00_265.50_266.00_,7_4_6_5_11_,263.00_262.50_262.00_261.50_261.00_,14_2_9_10_8_
09:25:36,263.50,2,202,264.00_264.50_265.00_265.50_266.00_,7_4_6_5_11_,263.00_262.50_262.00_261.50_261.00_,14_2_9_3_15_
09:25:41,263.50,2,202,263.50_264.00_264.50_265.00_265.50_,1_10_4_6_5_,263.00_262.50_262.00_261.50_261.00_,14_2_9_3_15_
09:25:46,263.50,2,202,263.50_264.00_264.50_265.00_265.50_,4_9_3_11_8_,263.00_262.50_262.00_261.50_261.00_,14_2_6_5_15_
09:25:51,263.50,2,202,263.50_264.00_264.50_265.00_266.00_,4_9_3_19_4_,263.00_262.50_262.00_261.50_261.00_,14_2_6_5_15_
09:25:56,263.00,1,203,263.50_264.00_264.50_265.00_266.00_,5_10_1_19_4_,263.00_262.50_262.00_261.50_261.00_,13_2_6_5_15_
09:26:01,263.00,1,203,263.50_264.00_264.50_265.00_265.50_,5_10_1_11_8_,263.00_262.50_262.00_261.50_261.00_,13_2_6_5_15_
09:26:06,263.00,3,206,263.50_264.00_264.50_265.00_265.50_,5_9_1_13_8_,263.00_262.50_262.00_261.50_261.00_,12_2_6_5_15_
09:26:12,263.00,3,206,263.50_264.00_264.50_265.00_266.00_,5_9_1_21_4_,263.00_262.50_262.00_261.50_261.00_,12_2_6_5_15_
09:26:17,263.00,1,207,263.50_264.00_264.50_265.00_266.00_,5_9_1_19_4_,263.00_262.50_262.00_261.50_261.00_,12_2_6_5_15_
09:26:22,263.50,1,208,263.50_264.00_264.50_265.00_266.00_,5_9_1_19_4_,263.00_262.50_262.00_261.50_261.00_,11_2_6_5_15_
09:26:27,263.50,1,208,263.50_264.00_264.50_265.00_265.50_,7_9_1_11_8_,263.00_262.50_262.00_261.50_261.00_,15_2_6_5_15_
09:26:32,263.00,3,211,263.50_264.00_264.50_265.00_266.00_,6_9_1_19_4_,263.00_262.50_262.00_261.50_261.00_,12_2_6_5_15_
09:26:37,263.00,1,212,263.50_264.00_264.50_265.00_265.50_,7_9_1_11_8_,263.00_262.50_262.00_261.50_261.00_,12_2_6_5_15_
09:26:42,263.00,1,212,263.50_264.00_264.50_265.00_266.00_,7_9_1_19_4_,263.00_262.50_262.00_261.50_261.00_,13_2_6_5_15_
09:26:48,263.00,1,212,263.50_264.00_264.50_265.00_265.50_,7_9_1_11_8_,263.00_262.50_262.00_261.50_261.00_,13_2_6_5_15_
09:26:53,263.50,1,213,263.50_264.00_264.50_265.00_265.50_,7_9_1_11_8_,263.00_262.50_262.00_261.50_261.00_,14_2_6_5_15_
09:26:58,263.50,1,213,263.50_264.00_264.50_265.00_266.00_,7_9_1_19_4_,263.00_262.50_262.00_261.50_261.00_,14_2_6_5_15_
09:27:29,263.50,1,213,263.50_264.00_264.50_265.00_266.00_,7_9_1_19_4_,263.00_262.50_262.00_261.50_261.00_,15_2_6_5_15_
09:27:34,263.50,1,214,263.50_264.00_264.50_265.00_265.50_,6_9_1_11_8_,263.00_262.50_262.00_261.50_261.00_,15_2_6_5_15_
09:27:39,263.00,10,224,263.50_264.00_264.50_265.00_266.00_,6_9_1_19_4_,263.00_262.50_262.00_261.50_261.00_,5_2_6_5_15_
09:27:44,263.00,10,224,263.50_264.00_264.50_265.00_265.50_,6_9_1_11_8_,263.00_262.50_262.00_261.50_261.00_,5_2_6_3_17_
09:27:49,263.00,1,225,263.50_264.00_264.50_265.00_265.50_,16_9_1_11_8_,263.00_262.50_262.00_261.50_261.00_,8_2_6_3_17_
09:27:55,263.50,2,227,263.50_264.00_264.50_265.00_266.00_,14_9_1_19_4_,263.00_262.50_262.00_261.50_261.00_,7_2_6_3_17_
09:28:00,263.50,2,227,263.50_264.00_264.50_265.00_265.50_,14_9_1_11_8_,263.00_262.50_262.00_261.50_261.00_,7_2_6_3_17_
09:28:05,263.00,1,228,263.50_264.00_264.50_265.00_265.50_,14_9_1_11_8_,263.00_262.50_262.00_261.50_261.00_,6_2_6_3_17_
09:28:10,263.00,3,231,263.50_264.00_264.50_265.00_266.00_,14_9_1_19_4_,263.00_262.50_262.00_261.50_261.00_,7_2_6_3_17_
09:28:15,263.00,3,231,263.50_264.00_264.50_265.00_265.50_,14_9_1_12_8_,263.00_262.50_262.00_261.50_261.00_,8_2_6_3_17_
09:28:20,263.00,3,231,263.50_264.00_264.50_265.00_266.00_,18_9_1_20_4_,263.00_262.50_262.00_261.50_261.00_,8_2_6_3_17_
09:28:25,263.00,3,231,263.50_264.00_264.50_265.00_265.50_,18_8_1_13_8_,263.00_262.50_262.00_261.50_261.00_,8_2_6_3_17_
09:28:30,263.00,3,231,263.50_264.00_264.50_265.00_265.50_,18_8_1_13_8_,263.00_262.50_262.00_261.50_261.00_,9_2_6_3_17_
09:28:36,263.00,1,232,263.50_264.00_264.50_265.00_266.00_,18_8_1_21_4_,263.00_262.50_262.00_261.50_261.00_,8_2_6_3_17_
09:28:41,263.00,2,234,263.50_264.00_264.50_265.00_265.50_,18_6_1_13_8_,263.00_262.50_262.00_261.50_261.00_,6_2_6_3_17_
09:28:46,263.00,3,237,263.50_264.00_264.50_265.00_266.00_,18_5_1_21_4_,263.00_262.50_262.00_261.50_261.00_,3_2_6_3_17_
09:28:51,263.00,1,238,263.50_264.00_264.50_265.00_265.50_,18_5_1_12_8_,263.00_262.50_262.00_261.50_261.00_,2_2_6_3_17_
09:28:56,263.00,1,239,263.50_264.00_264.50_265.00_266.00_,19_5_1_20_4_,263.00_262.50_262.00_261.50_261.00_,1_2_6_3_17_
09:29:01,263.00,1,239,263.50_264.00_264.50_265.00_265.50_,19_5_1_12_8_,263.00_262.50_262.00_261.50_261.00_,3_2_6_3_17_
09:29:06,263.00,1,239,263.50_264.00_264.50_265.00_266.00_,21_3_1_20_4_,263.00_262.50_262.00_261.50_261.00_,2_2_7_3_17_
09:29:11,263.00,2,241,263.00_263.50_264.00_264.50_265.00_,8_21_3_1_12_,262.50_262.00_261.50_261.00_260.50_,2_7_3_17_2_
09:29:17,263.00,2,241,263.00_263.50_264.00_264.50_265.00_,10_19_3_6_15_,262.50_262.00_261.50_261.00_260.50_,2_6_1_13_9_
09:29:22,262.50,2,243,263.00_263.50_264.00_264.50_265.00_,10_18_3_6_14_,262.00_261.50_261.00_260.50_260.00_,6_1_11_11_18_
09:29:27,262.50,1,244,263.00_263.50_264.00_264.50_265.00_,12_16_3_6_14_,262.00_261.50_261.00_260.50_260.00_,6_1_12_11_18_
09:29:32,262.00,1,245,263.00_263.50_264.00_264.50_265.00_,13_16_3_6_14_,262.00_261.50_261.00_260.50_260.00_,5_1_11_11_18_
09:29:37,262.00,1,245,263.00_263.50_264.00_264.50_265.00_,13_16_2_6_14_,262.00_261.50_261.00_260.50_260.00_,5_1_11_11_18_
09:29:42,262.00,1,246,263.00_263.50_264.00_264.50_265.00_,14_16_3_6_14_,262.00_261.50_261.00_260.50_260.00_,4_1_11_11_18_
09:29:58,262.00,1,247,262.50_263.00_263.50_264.00_264.50_,1_14_16_3_6_,262.00_261.50_261.00_260.50_260.00_,3_1_11_11_18_
09:30:03,262.00,1,247,262.50_263.00_263.50_264.00_264.50_,3_11_12_8_9_,262.00_261.50_261.00_260.50_260.00_,3_1_8_6_25_
09:30:08,262.00,1,247,262.50_263.00_263.50_264.00_264.50_,6_11_12_8_9_,262.00_261.50_261.00_260.50_260.00_,3_1_8_6_25_
09:30:13,262.00,1,247,262.50_263.00_263.50_264.00_264.50_,6_11_12_8_9_,262.00_261.50_261.00_260.50_260.00_,3_1_8_4_27_
09:30:18,262.00,1,248,262.50_263.00_263.50_264.00_264.50_,9_11_12_8_9_,262.00_261.50_261.00_260.50_260.00_,2_1_8_4_27_
09:30:23,262.00,2,250,262.50_263.00_263.50_264.00_264.50_,9_11_12_8_9_,261.50_261.00_260.50_260.00_259.50_,1_8_4_26_1_
09:30:28,262.00,2,250,262.00_262.50_263.00_263.50_264.00_,1_11_10_12_8_,261.50_261.00_260.50_260.00_259.50_,1_13_5_26_1_
09:30:33,262.00,2,250,262.00_262.50_263.00_263.50_264.00_,4_8_9_17_11_,261.00_260.50_260.00_259.50_259.00_,13_3_22_8_3_
09:30:39,262.00,2,250,262.00_262.50_263.00_263.50_264.00_,6_6_9_18_11_,261.00_260.50_260.00_259.50_259.00_,13_2_23_8_3_
09:30:44,262.00,2,250,262.00_262.50_263.00_263.50_264.00_,7_6_9_18_11_,261.00_260.50_260.00_259.50_259.00_,13_2_23_8_3_
09:30:49,262.00,2,250,262.00_262.50_263.00_263.50_264.00_,8_6_10_18_11_,261.00_260.50_260.00_259.50_259.00_,13_2_24_8_3_
09:30:54,262.00,2,250,262.00_262.50_263.00_263.50_264.00_,7_6_11_18_11_,261.00_260.50_260.00_259.50_259.00_,13_2_24_8_4_
09:30:59,262.00,2,250,262.00_262.50_263.00_263.50_264.00_,7_6_12_17_11_,261.50_261.00_260.50_260.00_259.50_,1_13_2_23_8_
09:31:04,262.00,2,250,262.00_262.50_263.00_263.50_264.00_,7_6_11_17_11_,261.50_261.00_260.50_260.00_259.50_,1_14_3_21_8_
09:31:09,262.00,2,250,262.00_262.50_263.00_263.50_264.00_,11_6_11_17_11_,261.50_261.00_260.50_260.00_259.50_,2_14_3_21_8_
09:31:15,261.50,1,251,262.00_262.50_263.00_263.50_264.00_,11_6_10_17_11_,261.50_261.00_260.50_260.00_259.50_,2_14_2_21_8_
09:31:20,261.50,1,252,262.00_262.50_263.00_263.50_264.00_,11_6_10_17_11_,261.00_260.50_260.00_259.50_259.00_,15_2_21_8_4_
09:31:25,261.50,1,253,262.00_262.50_263.00_263.50_264.00_,12_6_10_17_11_,261.00_260.50_260.00_259.50_259.00_,16_2_22_9_4_
09:31:30,261.50,1,253,262.00_262.50_263.00_263.50_264.00_,12_6_10_17_11_,261.00_260.50_260.00_259.50_259.00_,17_2_22_9_4_
09:31:40,261.50,1,254,261.50_262.00_262.50_263.00_263.50_,1_11_6_10_17_,261.00_260.50_260.00_259.50_259.00_,17_2_22_9_3_
09:31:45,261.50,1,254,261.50_262.00_262.50_263.00_263.50_,3_6_3_15_20_,261.00_260.50_260.00_259.50_259.00_,16_2_19_4_10_
09:31:51,261.50,1,254,261.50_262.00_262.50_263.00_263.50_,5_6_3_15_20_,261.00_260.50_260.00_259.50_259.00_,16_2_19_4_10_
09:31:56,261.50,1,255,261.50_262.00_262.50_263.00_263.50_,7_6_3_15_20_,261.00_260.50_260.00_259.50_259.00_,16_2_19_4_10_
09:32:01,261.50,1,256,261.50_262.00_262.50_263.00_263.50_,7_6_3_15_20_,261.00_260.50_260.00_259.50_259.00_,16_2_19_4_10_
09:32:06,261.50,2,258,261.50_262.00_262.50_263.00_263.50_,5_6_3_15_20_,261.00_260.50_260.00_259.50_259.00_,16_2_19_4_10_
09:32:16,261.50,2,260,261.50_262.00_262.50_263.00_263.50_,3_6_3_15_20_,261.00_260.50_260.00_259.50_259.00_,16_2_19_4_10_
09:32:21,261.50,3,261,261.50_262.00_262.50_263.00_263.50_,2_6_3_15_20_,261.00_260.50_260.00_259.50_259.00_,19_2_19_4_10_
09:32:26,261.50,2,263,262.00_262.50_263.00_263.50_264.00_,6_3_15_20_3_,261.00_260.50_260.00_259.50_259.00_,18_2_19_4_10_
09:32:32,261.50,1,264,262.00_262.50_263.00_263.50_264.00_,7_1_12_17_11_,261.00_260.50_260.00_259.50_259.00_,18_2_22_8_3_
09:32:37,261.50,1,264,262.00_262.50_263.00_263.50_264.00_,7_1_12_17_11_,261.50_261.00_260.50_260.00_259.50_,2_18_2_22_8_
09:32:42,262.00,1,265,262.00_262.50_263.00_263.50_264.00_,6_1_12_17_11_,261.50_261.00_260.50_260.00_259.50_,4_15_2_21_8_
09:32:47,262.00,1,265,262.00_262.50_263.00_263.50_264.00_,6_1_12_17_11_,261.50_261.00_260.50_260.00_259.50_,5_15_2_21_8_
09:32:57,262.00,1,265,262.00_262.50_263.00_263.50_264.00_,6_1_12_17_11_,261.50_261.00_260.50_260.00_259.50_,6_14_2_21_8_
09:33:02,262.00,2,267,262.00_262.50_263.00_263.50_264.00_,4_1_12_17_11_,261.50_261.00_260.50_260.00_259.50_,7_14_2_21_8_
09:33:07,262.00,2,269,262.00_262.50_263.00_263.50_264.00_,2_1_12_17_11_,261.50_261.00_260.50_260.00_259.50_,7_14_2_21_8_
09:33:13,262.00,2,271,262.50_263.00_263.50_264.00_265.00_,1_12_17_11_8_,262.00_261.50_261.00_260.50_260.00_,1_7_14_4_19_
09:33:18,262.00,1,272,262.50_263.00_263.50_264.00_264.50_,4_12_12_7_8_,261.50_261.00_260.50_260.00_259.50_,8_15_6_23_1_
09:33:23,262.00,1,273,262.50_263.00_263.50_264.00_265.00_,4_12_12_15_8_,262.00_261.50_261.00_260.50_260.00_,2_8_14_7_23_
09:33:28,262.50,2,275,262.50_263.00_263.50_264.00_264.50_,2_12_12_7_8_,262.00_261.50_261.00_260.50_260.00_,4_9_15_6_23_
09:33:33,262.50,2,275,262.50_263.00_263.50_264.00_265.00_,2_10_14_15_8_,262.00_261.50_261.00_260.50_260.00_,7_8_14_6_23_
09:33:38,262.50,2,277,263.00_263.50_264.00_264.50_265.00_,10_14_7_8_8_,262.00_261.50_261.00_260.50_260.00_,8_7_14_6_23_
09:33:43,262.50,2,277,263.00_263.50_264.00_264.50_265.00_,10_14_2_5_16_,262.00_261.50_261.00_260.50_260.00_,8_7_19_8_16_
09:33:49,262.00,1,278,263.00_263.50_264.00_264.50_265.00_,11_14_2_5_16_,262.00_261.50_261.00_260.50_260.00_,7_7_19_8_16_
09:33:54,263.00,1,279,263.00_263.50_264.00_264.50_265.00_,10_14_4_5_16_,262.00_261.50_261.00_260.50_260.00_,7_6_19_8_16_
09:33:59,263.00,1,279,263.00_263.50_264.00_264.50_265.00_,10_14_4_14_8_,262.00_261.50_261.00_260.50_260.00_,7_6_19_8_16_
09:34:04,263.00,1,279,263.00_263.50_264.00_264.50_265.00_,11_14_4_14_8_,262.00_261.50_261.00_260.50_260.00_,9_6_19_8_16_
09:34:09,262.00,1,280,263.00_263.50_264.00_264.50_265.00_,12_14_9_9_8_,262.00_261.50_261.00_260.50_260.00_,8_6_19_8_16_
09:34:14,262.00,1,280,263.00_263.50_264.00_264.50_265.00_,13_14_4_6_16_,262.00_261.50_261.00_260.50_260.00_,8_6_19_8_16_
09:34:25,262.00,1,280,263.00_263.50_264.00_264.50_265.00_,13_14_4_6_16_,262.00_261.50_261.00_260.50_260.00_,8_6_21_8_16_
09:34:30,262.00,1,280,262.50_263.00_263.50_264.00_264.50_,1_13_14_4_6_,262.00_261.50_261.00_260.50_260.00_,8_6_21_8_16_
09:34:35,262.00,2,282,262.50_263.00_263.50_264.00_264.50_,2_11_14_9_9_,262.00_261.50_261.00_260.50_260.00_,6_6_18_4_23_
09:34:40,262.00,2,282,262.50_263.00_263.50_264.00_264.50_,4_10_14_9_9_,262.00_261.50_261.00_260.50_260.00_,6_6_16_6_23_
09:34:50,262.00,1,283,262.50_263.00_263.50_264.00_264.50_,4_10_14_9_9_,262.00_261.50_261.00_260.50_260.00_,5_6_16_6_23_
09:35:01,262.00,1,284,262.50_263.00_263.50_264.00_264.50_,4_9_14_9_9_,262.00_261.50_261.00_260.50_260.00_,4_6_16_6_23_
09:35:06,262.00,1,284,262.50_263.00_263.50_264.00_264.50_,4_9_14_9_9_,262.00_261.50_261.00_260.50_260.00_,6_7_16_6_23_
09:35:11,262.50,4,288,263.00_263.50_264.00_264.50_265.00_,9_14_9_9_9_,262.00_261.50_261.00_260.50_260.00_,6_7_16_6_25_
09:35:16,262.50,4,288,263.00_263.50_264.00_264.50_265.00_,9_14_4_6_17_,262.00_261.50_261.00_260.50_260.00_,6_7_23_8_18_
09:35:21,262.50,4,288,263.00_263.50_264.00_264.50_265.00_,9_14_4_6_17_,262.00_261.50_261.00_260.50_260.00_,6_7_23_9_19_
09:35:57,262.50,4,288,263.00_263.50_264.00_264.50_265.00_,9_14_4_6_17_,262.00_261.50_261.00_260.50_260.00_,7_7_23_9_19_
09:36:17,262.50,4,288,263.00_263.50_264.00_264.50_265.00_,9_14_4_6_17_,262.00_261.50_261.00_260.50_260.00_,8_7_23_9_19_
09:36:22,262.00,1,289,263.00_263.50_264.00_264.50_265.00_,9_14_4_6_17_,262.00_261.50_261.00_260.50_260.00_,7_7_23_9_19_
09:36:28,262.00,1,289,263.00_263.50_264.00_264.50_265.00_,9_14_4_6_17_,262.00_261.50_261.00_260.50_260.00_,8_7_22_9_19_
09:36:38,262.00,1,289,263.00_263.50_264.00_264.50_265.00_,9_14_4_6_17_,262.00_261.50_261.00_260.50_260.00_,9_7_22_9_19_
09:36:43,262.00,1,290,263.00_263.50_264.00_264.50_265.00_,9_14_4_6_16_,262.00_261.50_261.00_260.50_260.00_,8_7_22_9_19_
09:36:48,262.00,1,290,263.00_263.50_264.00_264.50_265.00_,10_14_4_6_16_,262.00_261.50_261.00_260.50_260.00_,8_7_22_9_20_
09:36:58,263.00,1,291,263.00_263.50_264.00_264.50_265.00_,9_14_4_6_16_,262.00_261.50_261.00_260.50_260.00_,7_7_22_9_20_
09:37:04,263.00,1,291,263.00_263.50_264.00_264.50_265.00_,10_14_4_14_8_,262.00_261.50_261.00_260.50_260.00_,7_7_22_9_20_
09:37:14,263.00,1,291,263.00_263.50_264.00_264.50_265.00_,10_14_4_14_8_,262.00_261.50_261.00_260.50_260.00_,6_7_22_9_20_
09:37:29,263.00,1,291,263.00_263.50_264.00_264.50_265.00_,10_14_4_14_8_,262.00_261.50_261.00_260.50_260.00_,7_7_22_9_19_
09:37:45,263.00,1,291,263.00_263.50_264.00_264.50_265.00_,10_14_4_14_8_,262.00_261.50_261.00_260.50_260.00_,8_7_22_9_19_
09:38:00,263.00,1,291,263.00_263.50_264.00_264.50_265.00_,10_14_4_14_8_,262.00_261.50_261.00_260.50_260.00_,10_7_22_9_19_
09:38:05,263.00,1,292,263.00_263.50_264.00_264.50_265.00_,9_14_4_14_8_,262.00_261.50_261.00_260.50_260.00_,11_7_22_9_19_
09:38:20,262.00,10,302,263.00_263.50_264.00_264.50_265.00_,9_14_4_14_8_,262.00_261.50_261.00_260.50_260.00_,1_7_22_9_19_
09:38:26,262.00,10,302,263.00_263.50_264.00_264.50_265.00_,9_14_4_6_17_,262.00_261.50_261.00_260.50_260.00_,2_7_22_9_19_
09:38:31,263.00,9,311,263.50_264.00_264.50_265.00_266.00_,14_4_6_17_3_,262.00_261.50_261.00_260.50_260.00_,2_7_22_9_19_
09:38:36,263.00,9,311,263.50_264.00_264.50_265.00_266.00_,16_4_6_17_3_,262.00_261.50_261.00_260.50_260.00_,2_8_21_9_19_
09:38:41,263.00,9,311,263.50_264.00_264.50_265.00_266.00_,16_4_6_17_3_,262.00_261.50_261.00_260.50_260.00_,4_8_21_9_19_
09:38:46,263.00,9,311,263.50_264.00_264.50_265.00_266.00_,14_8_6_17_3_,262.50_262.00_261.50_261.00_260.50_,1_4_8_21_9_
09:38:51,263.00,9,311,263.50_264.00_264.50_265.00_266.00_,14_8_1_22_3_,262.50_262.00_261.50_261.00_260.50_,1_4_11_25_2_
09:39:01,263.00,9,311,263.50_264.00_264.50_265.00_266.00_,14_8_1_22_3_,263.00_262.50_262.00_261.50_261.00_,1_3_4_11_25_
09:39:07,263.00,9,311,263.50_264.00_264.50_265.00_265.50_,14_8_1_14_8_,263.00_262.50_262.00_261.50_261.00_,2_2_6_14_21_
09:39:12,263.00,1,312,263.50_264.00_264.50_265.00_266.00_,14_8_1_22_5_,263.00_262.50_262.00_261.50_261.00_,1_2_6_14_21_
09:39:17,263.00,1,312,263.50_264.00_264.50_265.00_265.50_,14_8_1_14_8_,263.00_262.50_262.00_261.50_261.00_,1_2_7_14_21_
09:39:27,263.00,1,312,263.50_264.00_264.50_265.00_265.50_,14_8_1_14_8_,263.00_262.50_262.00_261.50_261.00_,1_2_8_14_21_
09:39:32,263.00,1,312,263.50_264.00_264.50_265.00_265.50_,14_8_1_14_8_,263.00_262.50_262.00_261.50_261.00_,2_1_8_14_21_
09:39:42,263.00,3,315,263.50_264.00_264.50_265.00_266.00_,14_8_1_22_5_,262.50_262.00_261.50_261.00_260.50_,1_8_14_21_2_
09:39:48,263.00,3,315,263.50_264.00_264.50_265.00_266.00_,14_8_1_20_5_,262.50_262.00_261.50_261.00_260.50_,5_7_15_21_2_
09:39:53,263.00,3,315,263.50_264.00_264.50_265.00_266.00_,14_8_1_20_5_,262.50_262.00_261.50_261.00_260.50_,6_6_15_21_2_
09:40:08,263.00,3,315,263.00_263.50_264.00_264.50_265.00_,1_14_8_1_20_,262.50_262.00_261.50_261.00_260.50_,6_6_15_21_2_
09:40:13,263.00,3,315,263.00_263.50_264.00_264.50_265.00_,4_12_8_6_15_,262.50_262.00_261.50_261.00_260.50_,6_6_12_17_9_
09:40:23,263.00,3,315,263.00_263.50_264.00_264.50_265.00_,4_12_8_6_15_,262.50_262.00_261.50_261.00_260.50_,7_6_12_17_9_
09:41:10,263.00,3,315,263.00_263.50_264.00_264.50_265.00_,4_12_8_6_15_,262.50_262.00_261.50_261.00_260.50_,8_6_12_17_9_
09:41:20,263.00,4,319,263.50_264.00_264.50_265.00_266.00_,12_7_6_15_4_,263.00_262.50_262.00_261.50_261.00_,14_8_6_12_17_
09:41:25,263.50,1,320,263.50_264.00_264.50_265.00_265.50_,13_3_5_12_8_,263.00_262.50_262.00_261.50_261.00_,14_6_11_10_21_
09:41:30,263.00,2,322,263.50_264.00_264.50_265.00_266.00_,13_3_5_20_4_,263.00_262.50_262.00_261.50_261.00_,12_6_11_10_21_
09:41:35,263.00,2,322,263.50_264.00_264.50_265.00_265.50_,13_3_5_12_8_,263.00_262.50_262.00_261.50_261.00_,13_6_11_10_21_
09:41:40,263.00,2,322,263.50_264.00_264.50_265.00_266.00_,13_3_5_20_4_,263.00_262.50_262.00_261.50_261.00_,13_6_11_10_21_
09:41:51,263.50,3,325,263.50_264.00_264.50_265.00_266.00_,10_3_5_20_4_,263.00_262.50_262.00_261.50_261.00_,13_6_11_10_21_
09:41:56,263.50,3,325,263.50_264.00_264.50_265.00_265.50_,10_3_5_12_8_,263.00_262.50_262.00_261.50_261.00_,14_6_11_10_21_
09:42:01,263.50,3,325,263.50_264.00_264.50_265.00_266.00_,10_3_5_20_4_,263.00_262.50_262.00_261.50_261.00_,14_6_11_10_21_
09:42:06,263.50,3,325,263.50_264.00_264.50_265.00_266.00_,10_3_5_20_4_,263.00_262.50_262.00_261.50_261.00_,13_6_11_10_21_
09:42:11,263.50,3,325,263.50_264.00_264.50_265.00_265.50_,10_3_5_12_8_,263.00_262.50_262.00_261.50_261.00_,13_6_11_10_21_
09:42:16,263.50,3,325,263.50_264.00_264.50_265.00_265.50_,10_3_5_12_8_,263.00_262.50_262.00_261.50_261.00_,13_6_12_10_21_
09:42:21,263.50,3,325,263.50_264.00_264.50_265.00_265.50_,11_3_5_12_8_,263.00_262.50_262.00_261.50_261.00_,13_6_12_10_21_
09:42:27,263.50,3,325,263.50_264.00_264.50_265.00_266.00_,11_3_5_20_4_,263.00_262.50_262.00_261.50_261.00_,13_6_12_10_21_
09:42:57,263.50,1,326,263.50_264.00_264.50_265.00_266.00_,10_3_5_20_4_,263.00_262.50_262.00_261.50_261.00_,12_6_12_10_21_
09:43:02,263.50,1,327,263.50_264.00_264.50_265.00_265.50_,9_3_5_12_8_,263.00_262.50_262.00_261.50_261.00_,12_6_12_10_21_
09:43:08,263.50,1,327,263.50_264.00_264.50_265.00_266.00_,9_3_5_20_4_,263.00_262.50_262.00_261.50_261.00_,12_6_12_10_21_
09:43:13,263.50,1,327,263.50_264.00_264.50_265.00_266.00_,7_3_5_20_4_,263.00_262.50_262.00_261.50_261.00_,12_6_12_10_21_
09:43:18,263.50,1,327,263.50_264.00_264.50_265.00_265.50_,7_3_5_12_8_,263.00_262.50_262.00_261.50_261.00_,12_6_12_10_21_
09:43:23,263.50,1,328,263.50_264.00_264.50_265.00_265.50_,6_3_5_12_8_,263.00_262.50_262.00_261.50_261.00_,13_6_12_10_21_
09:43:28,263.50,1,329,263.50_264.00_264.50_265.00_266.00_,5_3_5_20_4_,263.00_262.50_262.00_261.50_261.00_,13_6_12_10_21_
09:43:33,263.50,1,329,263.50_264.00_264.50_265.00_265.50_,5_3_5_12_8_,263.00_262.50_262.00_261.50_261.00_,14_6_12_10_21_
09:43:38,263.50,1,329,263.50_264.00_264.50_265.00_266.00_,5_3_5_20_4_,263.00_262.50_262.00_261.50_261.00_,14_6_12_10_21_
09:43:49,263.50,1,329,263.50_264.00_264.50_265.00_266.00_,5_3_5_20_4_,263.00_262.50_262.00_261.50_261.00_,14_7_12_10_20_
09:43:59,263.50,1,330,263.50_264.00_264.50_265.00_266.00_,4_3_5_20_4_,263.00_262.50_262.00_261.50_261.00_,14_7_12_10_20_
09:44:04,263.50,1,330,263.50_264.00_264.50_265.00_265.50_,5_3_5_12_8_,263.00_262.50_262.00_261.50_261.00_,14_7_12_10_20_
09:44:09,263.50,1,330,263.50_264.00_264.50_265.00_266.00_,5_3_5_20_4_,263.00_262.50_262.00_261.50_261.00_,14_7_12_10_20_
09:44:25,263.50,1,330,263.50_264.00_264.50_265.00_266.00_,5_4_5_20_4_,263.00_262.50_262.00_261.50_261.00_,14_7_12_10_20_
09:44:30,263.50,1,331,263.50_264.00_264.50_265.00_266.00_,4_4_5_20_4_,263.00_262.50_262.00_261.50_261.00_,13_7_12_10_20_
09:44:35,263.50,1,331,263.50_264.00_264.50_265.00_265.50_,4_4_5_12_8_,263.00_262.50_262.00_261.50_261.00_,13_7_12_10_20_
09:44:40,263.50,1,331,263.50_264.00_264.50_265.00_265.50_,4_4_5_12_8_,263.00_262.50_262.00_261.50_261.00_,14_7_12_10_20_
09:44:45,263.50,1,332,263.50_264.00_264.50_265.00_266.00_,3_4_5_20_4_,263.00_262.50_262.00_261.50_261.00_,14_6_12_10_20_
09:44:50,263.50,1,333,263.50_264.00_264.50_265.00_265.50_,2_4_5_12_8_,263.00_262.50_262.00_261.50_261.00_,14_6_12_10_20_
09:44:55,263.50,1,333,263.50_264.00_264.50_265.00_266.00_,2_4_5_20_4_,263.00_262.50_262.00_261.50_261.00_,14_6_12_10_20_
09:45:00,263.50,1,334,263.50_264.00_264.50_265.00_266.00_,2_4_5_20_4_,263.00_262.50_262.00_261.50_261.00_,15_6_12_10_20_
09:45:06,263.50,1,334,263.50_264.00_264.50_265.00_265.50_,2_4_5_12_8_,263.00_262.50_262.00_261.50_261.00_,15_6_12_10_20_
09:45:16,263.50,2,336,263.50_264.00_264.50_265.00_266.00_,1_8_1_20_5_,263.00_262.50_262.00_261.50_261.00_,15_10_8_10_20_
09:45:21,263.50,2,336,263.50_264.00_264.50_265.00_265.50_,1_8_1_12_8_,263.00_262.50_262.00_261.50_261.00_,15_10_8_10_20_
09:45:26,263.50,2,336,263.50_264.00_264.50_265.00_265.50_,1_8_1_10_8_,263.00_262.50_262.00_261.50_261.00_,15_10_8_10_20_
09:45:31,263.50,1,337,264.00_264.50_265.00_265.50_266.00_,8_1_10_8_5_,263.00_262.50_262.00_261.50_261.00_,16_10_8_10_20_
09:45:36,263.50,1,337,264.00_264.50_265.00_265.50_266.00_,4_5_10_8_5_,263.00_262.50_262.00_261.50_261.00_,16_10_11_14_13_
09:45:52,263.50,1,337,264.00_264.50_265.00_265.50_266.00_,4_5_10_8_5_,263.00_262.50_262.00_261.50_261.00_,17_10_11_14_13_
09:45:57,264.00,1,338,264.00_264.50_265.00_265.50_266.00_,3_5_10_8_5_,263.00_262.50_262.00_261.50_261.00_,16_10_11_14_13_
09:46:07,264.00,3,341,264.50_265.00_265.50_266.00_266.50_,5_10_8_5_3_,263.50_263.00_262.50_262.00_261.50_,1_16_10_11_14_
09:46:12,264.00,3,341,264.50_265.00_265.50_266.00_266.50_,5_5_5_13_3_,263.50_263.00_262.50_262.00_261.50_,1_16_14_14_7_
09:46:17,264.00,3,341,264.50_265.00_265.50_266.00_266.50_,5_5_5_13_3_,264.00_263.50_263.00_262.50_262.00_,1_1_20_10_14_
09:46:22,264.00,3,341,264.50_265.00_266.00_266.50_267.00_,5_5_10_11_10_,264.00_263.50_263.00_262.50_262.00_,2_1_21_9_14_
09:46:28,264.00,3,341,264.50_265.00_266.00_266.50_267.00_,1_9_10_11_10_,264.00_263.50_263.00_262.50_262.00_,2_1_21_9_14_
09:46:33,264.00,3,341,264.50_265.00_266.00_266.50_267.00_,1_9_10_11_10_,264.00_263.50_263.00_262.50_262.00_,4_2_20_9_14_
09:46:38,264.00,3,341,264.50_265.00_266.00_266.50_267.00_,1_8_10_11_10_,264.00_263.50_263.00_262.50_262.00_,5_3_20_9_14_
09:46:43,264.00,3,341,264.50_265.00_266.00_266.50_267.00_,1_8_10_11_10_,264.00_263.50_263.00_262.50_262.00_,5_4_20_9_14_
09:46:48,264.50,1,342,265.00_266.00_266.50_267.00_267.50_,8_10_11_10_6_,264.00_263.50_263.00_262.50_262.00_,5_8_15_9_14_
09:46:53,264.50,1,342,265.00_266.00_266.50_267.00_267.50_,8_10_11_10_6_,264.00_263.50_263.00_262.50_262.00_,5_9_18_13_7_
09:46:58,265.00,1,343,265.00_266.00_266.50_267.00_267.50_,8_10_11_10_6_,264.00_263.50_263.00_262.50_262.00_,5_10_17_13_7_
09:47:03,265.00,2,345,265.00_266.00_266.50_267.00_267.50_,6_10_11_10_6_,264.00_263.50_263.00_262.50_262.00_,5_10_17_13_8_
09:47:09,265.00,2,347,265.50_266.00_266.50_267.00_267.50_,4_10_11_10_6_,264.00_263.50_263.00_262.50_262.00_,5_10_17_13_8_
09:47:14,265.00,2,347,265.50_266.00_266.50_267.00_267.50_,4_5_16_10_6_,265.00_264.00_263.50_263.00_262.50_,2_5_10_16_13_
09:47:19,265.50,1,348,265.50_266.00_266.50_267.00_267.50_,3_4_3_23_6_,265.00_264.00_263.50_263.00_262.50_,2_10_9_20_6_
09:47:24,265.50,2,350,266.00_266.50_267.00_267.50_268.00_,4_3_24_6_23_,265.50_264.00_263.50_263.00_262.50_,1_9_9_20_6_
09:47:29,265.50,1,351,266.00_266.50_267.00_267.50_268.00_,5_3_11_19_23_,265.50_265.00_264.50_264.00_263.50_,1_1_1_11_12_
09:47:34,265.50,1,351,266.00_266.50_267.00_267.50_268.00_,4_3_11_19_23_,265.50_265.00_264.50_264.00_263.50_,1_1_5_7_12_
09:47:39,265.50,1,352,266.00_266.50_267.00_267.50_268.00_,4_3_11_19_23_,265.50_265.00_264.50_264.00_263.50_,1_1_5_6_12_
09:47:44,265.50,1,352,266.00_266.50_267.00_267.50_268.00_,24_3_11_19_23_,265.50_265.00_264.50_264.00_263.50_,1_1_5_5_12_
09:47:50,265.50,1,353,266.00_266.50_267.00_267.50_268.00_,26_3_12_19_23_,265.00_264.50_264.00_263.50_263.00_,1_5_5_12_13_
09:47:55,265.50,1,353,266.00_266.50_267.00_267.50_268.00_,26_3_17_14_23_,265.00_264.00_263.50_263.00_262.50_,2_11_5_20_6_
09:48:00,265.50,1,353,265.50_266.00_266.50_267.00_267.50_,1_26_3_17_14_,265.00_264.00_263.50_263.00_262.50_,2_11_5_20_6_
09:48:05,265.50,1,353,265.50_266.00_266.50_267.00_267.50_,3_23_3_25_6_,265.00_264.00_263.50_263.00_262.50_,2_8_8_20_6_
09:48:10,265.00,1,354,265.50_266.00_266.50_267.00_267.50_,4_23_3_25_6_,265.00_264.00_263.50_263.00_262.50_,1_8_8_20_6_
09:48:20,265.00,1,354,265.50_266.00_266.50_267.00_267.50_,4_23_3_25_7_,265.00_264.00_263.50_263.00_262.50_,1_8_8_20_5_
09:48:31,265.00,1,354,265.50_266.00_266.50_267.00_267.50_,6_23_3_25_7_,265.00_264.00_263.50_263.00_262.50_,1_8_8_20_5_
09:48:46,265.00,1,354,265.50_266.00_266.50_267.00_267.50_,6_23_3_25_7_,265.00_264.00_263.50_263.00_262.50_,2_8_8_20_5_
09:48:51,265.50,1,355,265.50_266.00_266.50_267.00_267.50_,5_23_3_25_7_,265.00_264.00_263.50_263.00_262.50_,1_8_8_21_5_
09:49:01,265.50,1,355,265.50_266.00_266.50_267.00_267.50_,5_24_3_25_7_,265.00_264.00_263.50_263.00_262.50_,1_8_8_21_5_
09:49:22,265.50,1,355,265.50_266.00_266.50_267.00_267.50_,5_24_3_25_7_,265.00_264.00_263.50_263.00_262.50_,2_8_8_21_5_
09:49:27,265.50,1,355,265.50_266.00_266.50_267.00_267.50_,6_24_3_25_7_,265.00_264.00_263.50_263.00_262.50_,2_8_8_21_5_
09:49:32,265.50,1,355,265.50_266.00_266.50_267.00_267.50_,6_24_3_25_7_,265.00_264.00_263.50_263.00_262.50_,3_8_8_21_5_
09:49:37,265.50,1,356,265.50_266.00_266.50_267.00_267.50_,5_24_3_25_7_,265.00_264.00_263.50_263.00_262.50_,3_8_8_21_5_
09:49:42,265.50,1,357,265.50_266.00_266.50_267.00_267.50_,4_24_3_25_7_,265.00_264.00_263.50_263.00_262.50_,4_8_8_21_5_
09:49:48,265.50,4,361,265.50_266.00_266.50_267.00_267.50_,1_24_3_25_7_,265.00_264.00_263.50_263.00_262.50_,4_8_8_21_6_
09:49:58,265.50,1,362,266.00_266.50_267.00_267.50_268.00_,24_3_25_7_24_,265.00_264.00_263.50_263.00_262.50_,4_8_8_21_6_
09:50:03,265.50,1,362,266.00_266.50_267.00_267.50_268.00_,26_3_17_15_24_,265.00_264.00_263.50_263.00_262.50_,4_11_5_21_6_
09:50:08,265.50,1,362,266.00_266.50_267.00_267.50_268.00_,26_3_16_15_24_,265.00_264.00_263.50_263.00_262.50_,4_11_5_21_6_
09:50:13,265.50,1,362,265.50_266.00_266.50_267.00_267.50_,1_26_3_16_15_,265.00_264.00_263.50_263.00_262.50_,4_11_5_21_6_
09:50:18,265.50,1,362,265.50_266.00_266.50_267.00_267.50_,2_24_3_24_7_,265.00_264.00_263.50_263.00_262.50_,3_8_8_21_6_
09:50:23,265.50,1,363,265.50_266.00_266.50_267.00_267.50_,1_24_3_24_7_,265.00_264.00_263.50_263.00_262.50_,2_8_8_21_6_
09:50:29,265.50,1,364,266.00_266.50_267.00_267.50_268.00_,24_3_24_7_24_,265.00_264.00_263.50_263.00_262.50_,1_8_8_21_6_
09:50:34,266.00,2,366,266.00_266.50_267.00_267.50_268.00_,25_3_16_15_24_,265.00_264.00_263.50_263.00_262.50_,1_11_5_21_6_
09:50:39,265.00,1,367,266.00_266.50_267.00_267.50_268.00_,25_3_16_15_27_,264.00_263.50_263.00_262.50_262.00_,12_5_21_6_7_
09:50:44,265.00,1,367,265.50_266.00_266.50_267.00_267.50_,1_25_8_19_7_,264.00_263.50_263.00_262.50_262.00_,9_8_14_12_7_
09:50:49,265.00,1,367,265.50_266.00_266.50_267.00_267.50_,3_22_16_11_7_,264.00_263.50_263.00_262.50_262.00_,9_5_17_12_6_
09:50:54,265.00,1,367,265.50_266.00_266.50_267.00_267.50_,3_22_16_11_7_,264.00_263.50_263.00_262.50_262.00_,8_5_17_12_6_
09:50:59,265.00,1,367,265.50_266.00_266.50_267.00_267.50_,3_22_16_11_7_,264.00_263.50_263.00_262.50_262.00_,9_5_17_12_6_
09:51:05,265.00,1,367,265.50_266.00_266.50_267.00_267.50_,3_22_16_11_7_,264.00_263.50_263.00_262.50_262.00_,9_8_17_12_6_
09:51:10,265.00,1,367,265.50_266.00_266.50_267.00_267.50_,3_22_16_11_7_,264.00_263.50_263.00_262.50_262.00_,9_8_15_12_6_
09:51:25,265.00,1,367,265.50_266.00_266.50_267.00_267.50_,3_22_16_11_7_,264.00_263.50_263.00_262.50_262.00_,9_7_15_12_6_
09:51:40,265.00,1,367,265.50_266.00_266.50_267.00_267.50_,4_22_16_11_7_,264.00_263.50_263.00_262.50_262.00_,9_7_15_12_6_
09:51:51,265.00,1,367,265.00_265.50_266.00_266.50_267.00_,1_4_22_16_11_,264.00_263.50_263.00_262.50_262.00_,9_7_15_12_6_
09:51:56,265.00,1,368,265.00_265.50_266.00_266.50_267.00_,3_1_27_11_11_,264.00_263.50_263.00_262.50_262.00_,8_6_16_12_6_
09:52:06,265.00,1,368,265.00_265.50_266.00_266.50_267.00_,3_1_27_11_11_,264.00_263.50_263.00_262.50_262.00_,9_6_16_12_6_
09:52:16,265.00,1,368,265.00_265.50_266.00_266.50_267.00_,3_1_27_11_11_,264.50_264.00_263.50_263.00_262.50_,1_9_6_16_12_
09:52:21,264.50,1,369,265.00_265.50_266.00_266.50_267.00_,3_2_22_16_11_,264.50_264.00_263.50_263.00_262.50_,1_9_7_15_12_
09:52:27,264.50,1,369,265.00_265.50_266.00_266.50_267.00_,3_2_22_16_11_,264.50_264.00_263.50_263.00_262.50_,2_9_7_15_12_
09:52:32,264.50,1,369,265.00_265.50_266.00_266.50_267.00_,3_2_22_8_19_,264.50_264.00_263.50_263.00_262.50_,4_8_7_15_12_
09:52:37,264.50,1,369,265.00_265.50_266.00_266.50_267.00_,3_2_22_8_19_,264.50_264.00_263.50_263.00_262.50_,5_8_7_15_12_
09:53:13,265.00,1,370,265.00_265.50_266.00_266.50_267.00_,1_2_22_8_19_,264.50_264.00_263.50_263.00_262.50_,5_8_7_15_12_
09:53:18,265.00,1,370,265.00_265.50_266.00_266.50_267.00_,3_2_22_16_11_,264.50_264.00_263.50_263.00_262.50_,5_8_7_15_12_
09:53:23,265.00,2,372,265.00_265.50_266.00_266.50_267.00_,2_2_22_16_11_,264.50_264.00_263.50_263.00_262.50_,4_8_6_15_12_
09:53:43,265.00,2,372,265.00_265.50_266.00_266.50_267.00_,2_3_22_16_11_,264.50_264.00_263.50_263.00_262.50_,4_8_6_15_12_
09:53:49,265.00,2,372,265.00_265.50_266.00_266.50_267.00_,2_3_22_16_11_,264.50_264.00_263.50_263.00_262.50_,4_9_6_15_12_
09:54:04,265.00,2,372,265.00_265.50_266.00_266.50_267.00_,2_4_22_16_11_,264.50_264.00_263.50_263.00_262.50_,5_9_6_15_12_
09:54:19,265.00,1,373,265.00_265.50_266.00_266.50_267.00_,1_4_22_16_11_,264.50_264.00_263.50_263.00_262.50_,5_9_6_15_12_
09:54:24,265.00,1,373,265.00_265.50_266.00_266.50_267.00_,2_4_22_16_11_,264.50_264.00_263.50_263.00_262.50_,5_9_7_15_12_
09:54:30,265.00,1,374,265.00_265.50_266.00_266.50_267.00_,1_4_22_16_11_,264.50_264.00_263.50_263.00_262.50_,5_9_7_18_12_
09:54:35,265.00,1,374,265.00_265.50_266.00_266.50_267.00_,2_4_22_16_11_,264.50_264.00_263.50_263.00_262.50_,5_9_7_18_12_
09:54:40,265.00,1,375,265.00_265.50_266.00_266.50_267.00_,1_4_22_16_11_,264.50_264.00_263.50_263.00_262.50_,6_9_7_18_12_
09:54:45,265.00,1,375,265.00_265.50_266.00_266.50_267.00_,2_4_22_16_11_,264.50_264.00_263.50_263.00_262.50_,6_9_7_18_12_
09:54:50,265.00,1,375,265.00_265.50_266.00_266.50_267.00_,2_4_22_16_11_,264.50_264.00_263.50_263.00_262.50_,7_8_7_18_12_
09:55:00,265.00,1,376,265.00_265.50_266.00_266.50_267.00_,1_4_22_16_11_,264.50_264.00_263.50_263.00_262.50_,6_8_7_28_12_
09:55:06,265.00,1,377,265.00_265.50_266.00_266.50_267.00_,3_4_22_16_11_,264.50_264.00_263.50_263.00_262.50_,6_8_7_28_12_
09:55:11,265.00,1,377,265.00_265.50_266.00_266.50_267.00_,9_4_22_16_11_,264.50_264.00_263.50_263.00_262.50_,6_8_7_28_12_
09:55:16,265.00,1,377,265.00_265.50_266.00_266.50_267.00_,9_4_22_16_11_,264.50_264.00_263.50_263.00_262.50_,11_8_7_28_12_
09:55:26,265.00,1,377,265.00_265.50_266.00_266.50_267.00_,9_4_22_16_11_,264.50_264.00_263.50_263.00_262.50_,11_9_7_28_12_
09:55:31,265.00,1,377,265.00_265.50_266.00_266.50_267.00_,9_4_22_16_11_,264.50_264.00_263.50_263.00_262.50_,12_9_7_28_12_
09:56:02,265.00,1,378,265.00_265.50_266.00_266.50_267.00_,8_4_22_16_11_,264.50_264.00_263.50_263.00_262.50_,12_9_7_28_12_
09:56:07,265.00,1,379,265.00_265.50_266.00_266.50_267.00_,7_4_22_16_11_,264.50_264.00_263.50_263.00_262.50_,12_9_7_28_13_
09:56:12,265.00,1,380,265.00_265.50_266.00_266.50_267.00_,6_4_22_16_11_,264.50_264.00_263.50_263.00_262.50_,12_9_7_28_13_
09:56:27,265.00,1,381,265.00_265.50_266.00_266.50_267.00_,5_4_22_16_11_,264.50_264.00_263.50_263.00_262.50_,11_9_7_28_13_
09:56:32,265.00,1,381,265.00_265.50_266.00_266.50_267.00_,6_4_22_16_11_,264.50_264.00_263.50_263.00_262.50_,11_9_7_28_13_
09:56:58,265.00,1,381,265.00_265.50_266.00_266.50_267.00_,7_4_22_16_11_,264.50_264.00_263.50_263.00_262.50_,12_9_7_28_13_
09:57:03,265.00,1,382,265.00_265.50_266.00_266.50_267.00_,6_4_22_16_11_,264.50_264.00_263.50_263.00_262.50_,12_9_7_28_13_
09:57:29,265.00,6,388,265.50_266.00_266.50_267.00_267.50_,4_22_16_11_7_,264.50_264.00_263.50_263.00_262.50_,12_9_7_28_13_
09:57:34,265.00,6,388,265.50_266.00_266.50_267.00_267.50_,4_22_8_19_7_,264.50_264.00_263.50_263.00_262.50_,12_9_10_32_6_
09:57:39,265.50,2,390,265.50_266.00_266.50_267.00_267.50_,2_22_8_19_7_,264.50_264.00_263.50_263.00_262.50_,12_9_10_32_6_
09:57:49,265.50,2,390,265.50_266.00_266.50_267.00_267.50_,2_22_8_19_7_,265.00_264.50_264.00_263.50_263.00_,1_12_9_10_32_
09:57:54,265.50,1,391,265.50_266.00_266.50_267.00_267.50_,2_22_3_24_7_,265.00_264.50_264.00_263.50_263.00_,7_11_10_9_32_
09:58:00,265.50,1,391,265.50_266.00_266.50_267.00_267.50_,2_22_3_24_7_,265.00_264.50_264.00_263.50_263.00_,7_14_6_9_32_
09:58:05,265.50,1,391,265.50_266.00_266.50_267.00_267.50_,1_22_3_24_7_,265.00_264.50_264.00_263.50_263.00_,8_13_6_9_32_
09:58:10,265.50,1,391,265.50_266.00_266.50_267.00_267.50_,2_22_3_24_7_,265.00_264.50_264.00_263.50_263.00_,8_13_6_9_32_
09:58:15,265.50,1,392,265.50_266.00_266.50_267.00_267.50_,1_22_3_25_7_,265.00_264.50_264.00_263.50_263.00_,8_13_6_9_32_
09:58:20,265.50,1,393,266.00_266.50_267.00_267.50_268.00_,22_3_25_7_29_,265.50_265.00_264.50_264.00_263.50_,1_10_12_6_9_
09:58:25,265.50,1,393,266.00_266.50_267.00_267.50_268.00_,23_3_12_20_29_,265.50_265.00_264.50_264.00_263.50_,2_10_13_8_13_
09:58:30,265.50,1,393,266.00_266.50_267.00_267.50_268.00_,23_3_12_20_29_,265.50_265.00_264.50_264.00_263.50_,3_10_13_8_13_
09:58:35,265.50,1,393,266.00_266.50_267.00_267.50_268.00_,23_3_12_20_29_,265.50_265.00_264.50_264.00_263.50_,4_9_13_8_13_
09:58:46,265.50,1,393,266.00_266.50_267.00_267.50_268.00_,23_3_12_20_29_,265.50_265.00_264.50_264.00_263.50_,6_6_13_7_13_
09:58:56,265.50,1,393,266.00_266.50_267.00_267.50_268.00_,23_3_12_20_29_,265.50_265.00_264.50_264.00_263.50_,5_6_13_7_13_
09:59:11,266.00,1,394,266.00_266.50_267.00_267.50_268.00_,22_3_12_20_29_,265.50_265.00_264.50_264.00_263.50_,5_6_13_7_13_
09:59:16,266.00,1,394,266.00_266.50_267.00_267.50_268.00_,22_3_12_20_30_,265.50_265.00_264.50_264.00_263.50_,5_6_13_7_12_
09:59:22,266.00,1,395,266.00_266.50_267.00_267.50_268.00_,21_3_12_20_30_,265.50_265.00_264.50_264.00_263.50_,4_6_13_7_12_
09:59:27,266.00,1,395,266.00_266.50_267.00_267.50_268.00_,21_2_11_19_29_,265.50_265.00_264.50_264.00_263.50_,3_6_13_7_12_
09:59:52,266.00,1,395,266.00_266.50_267.00_267.50_268.00_,21_2_11_19_29_,265.50_265.00_264.50_264.00_263.50_,3_6_13_8_12_
09:59:57,266.00,1,396,266.00_266.50_267.00_267.50_268.00_,20_3_11_19_29_,265.50_265.00_264.50_264.00_263.50_,4_6_14_8_12_
10:00:08,266.00,1,397,266.00_266.50_267.00_267.50_268.00_,19_3_11_19_29_,265.50_265.00_264.50_264.00_263.50_,4_6_14_8_12_
10:00:13,266.00,1,397,266.00_266.50_267.00_267.50_268.00_,19_3_11_19_29_,265.50_265.00_264.50_264.00_263.50_,4_6_14_9_12_
10:00:18,266.00,1,398,266.00_266.50_267.00_267.50_268.00_,18_3_11_19_29_,265.50_265.00_264.50_264.00_263.50_,4_6_14_9_12_
10:00:38,266.00,1,399,266.00_266.50_267.00_267.50_268.00_,17_3_11_19_29_,265.50_265.00_264.50_264.00_263.50_,4_6_14_9_12_
10:00:43,266.00,1,400,266.00_266.50_267.00_267.50_268.00_,16_3_11_19_30_,265.50_265.00_264.50_264.00_263.50_,3_6_14_9_12_
10:00:49,266.00,1,400,266.00_266.50_267.00_267.50_268.00_,16_3_12_19_30_,265.50_265.00_264.50_264.00_263.50_,3_6_14_9_12_
10:00:54,266.00,1,401,266.00_266.50_267.00_267.50_268.00_,15_3_12_19_30_,265.50_265.00_264.50_264.00_263.50_,2_6_14_9_12_
10:00:59,266.00,1,401,266.00_266.50_267.00_267.50_268.00_,15_3_12_18_30_,265.50_265.00_264.50_264.00_263.50_,2_6_14_9_12_
10:01:04,266.00,1,402,266.00_266.50_267.00_267.50_268.00_,14_3_12_18_30_,265.50_265.00_264.50_264.00_263.50_,3_6_14_9_12_
10:01:09,266.00,1,403,266.00_266.50_267.00_267.50_268.00_,13_3_12_18_30_,265.50_265.00_264.50_264.00_263.50_,3_11_10_10_12_
10:01:25,266.00,1,403,266.00_266.50_267.00_267.50_268.00_,13_3_12_18_30_,265.50_265.00_264.50_264.00_263.50_,4_11_10_10_12_
10:01:30,266.00,1,403,266.00_266.50_267.00_267.50_268.00_,13_3_12_18_30_,265.50_265.00_264.50_264.00_263.50_,4_11_9_11_12_
10:01:55,266.00,4,407,266.00_266.50_267.00_267.50_268.00_,10_3_12_18_28_,265.50_265.00_264.50_264.00_263.50_,5_11_9_11_12_
10:02:06,266.00,1,408,266.00_266.50_267.00_267.50_268.00_,9_3_12_18_28_,265.50_265.00_264.50_264.00_263.50_,5_11_9_11_12_
10:02:11,266.00,2,410,266.00_266.50_267.00_267.50_268.00_,7_3_12_18_28_,265.50_265.00_264.50_264.00_263.50_,5_11_9_11_12_
10:02:16,266.00,1,411,266.00_266.50_267.00_267.50_268.00_,7_3_12_18_27_,265.50_265.00_264.50_264.00_263.50_,5_11_9_11_12_
10:02:26,266.00,2,413,266.00_266.50_267.00_267.50_268.00_,5_3_13_18_27_,265.50_265.00_264.50_264.00_263.50_,6_11_9_11_12_
10:02:37,266.00,2,413,266.00_266.50_267.00_267.50_268.00_,5_3_12_18_27_,265.50_265.00_264.50_264.00_263.50_,6_11_9_11_12_
10:02:42,266.00,2,413,266.00_266.50_267.00_267.50_268.00_,9_3_12_18_29_,265.50_265.00_264.50_264.00_263.50_,6_11_9_11_12_
10:02:52,266.00,1,414,266.00_266.50_267.00_267.50_268.00_,8_3_12_18_29_,265.50_265.00_264.50_264.00_263.50_,5_11_9_11_12_
10:02:57,266.00,1,415,266.00_266.50_267.00_267.50_268.00_,7_3_12_18_29_,265.50_265.00_264.50_264.00_263.50_,6_11_9_11_12_
10:03:02,265.50,5,420,266.00_266.50_267.00_267.50_268.00_,7_3_12_18_29_,265.50_265.00_264.50_264.00_263.50_,1_11_9_11_12_
10:03:07,266.00,2,422,266.00_266.50_267.00_267.50_268.00_,10_3_12_18_29_,265.50_265.00_264.50_264.00_263.50_,1_11_9_11_13_
10:03:13,265.50,1,423,266.00_266.50_267.00_267.50_268.00_,11_3_12_18_29_,265.00_264.50_264.00_263.50_263.00_,11_9_11_13_25_
10:03:18,265.50,1,423,266.00_266.50_267.00_267.50_268.00_,11_3_17_13_29_,265.00_264.50_264.00_263.50_263.00_,11_8_12_13_25_
10:03:28,265.50,1,423,266.00_266.50_267.00_267.50_268.00_,11_3_17_13_29_,265.00_264.50_264.00_263.50_263.00_,12_8_12_13_25_
10:03:54,265.50,1,423,266.00_266.50_267.00_267.50_268.00_,11_3_18_13_29_,265.00_264.50_264.00_263.50_263.00_,12_8_12_13_25_
10:03:59,265.50,1,423,266.00_266.50_267.00_267.50_268.00_,11_3_18_13_29_,265.00_264.50_264.00_263.50_263.00_,13_8_12_13_25_
10:04:04,265.50,1,423,266.00_266.50_267.00_267.50_268.00_,16_3_18_13_29_,265.00_264.50_264.00_263.50_263.00_,13_8_12_13_25_
10:04:09,265.50,1,423,266.00_266.50_267.00_267.50_268.00_,16_3_18_13_29_,265.00_264.50_264.00_263.50_263.00_,8_13_12_13_25_
10:04:14,265.50,1,423,266.00_266.50_267.00_267.50_268.00_,16_3_18_13_31_,265.00_264.50_264.00_263.50_263.00_,8_13_12_13_25_
10:04:30,265.50,1,423,266.00_266.50_267.00_267.50_268.00_,16_3_18_13_31_,265.00_264.50_264.00_263.50_263.00_,9_13_12_13_25_
10:04:45,265.50,1,423,266.00_266.50_267.00_267.50_268.00_,17_3_18_13_31_,265.00_264.50_264.00_263.50_263.00_,9_13_12_13_25_
10:05:00,265.50,1,423,266.00_266.50_267.00_267.50_268.00_,17_3_18_13_31_,265.00_264.50_264.00_263.50_263.00_,9_13_13_13_25_
10:05:05,265.50,1,423,266.00_266.50_267.00_267.50_268.00_,17_3_18_13_31_,265.00_264.50_264.00_263.50_263.00_,10_13_13_13_25_
10:05:11,265.50,1,423,266.00_266.50_267.00_267.50_268.00_,17_3_18_13_31_,265.00_264.50_264.00_263.50_263.00_,11_13_13_13_25_
10:05:26,265.50,1,423,266.00_266.50_267.00_267.50_268.00_,17_3_18_13_31_,265.00_264.50_264.00_263.50_263.00_,12_13_13_13_25_
10:05:31,266.00,1,424,266.00_266.50_267.00_267.50_268.00_,16_3_18_13_31_,265.00_264.50_264.00_263.50_263.00_,10_13_13_13_25_
10:05:41,266.00,1,424,265.50_266.00_266.50_267.00_267.50_,1_16_3_18_13_,265.00_264.50_264.00_263.50_263.00_,10_13_13_13_25_
10:05:46,266.00,1,424,265.50_266.00_266.50_267.00_267.50_,2_15_3_26_5_,265.00_264.50_264.00_263.50_263.00_,12_13_10_9_32_
10:06:02,266.00,1,424,265.50_266.00_266.50_267.00_267.50_,2_15_3_26_5_,265.00_264.50_264.00_263.50_263.00_,13_13_10_9_32_
10:06:07,265.50,1,425,265.50_266.00_266.50_267.00_267.50_,1_15_3_26_5_,265.00_264.50_264.00_263.50_263.00_,13_13_10_9_32_
10:06:12,265.50,1,425,265.50_266.00_266.50_267.00_267.50_,2_14_3_26_5_,265.00_264.50_264.00_263.50_263.00_,11_13_10_9_32_
10:06:22,265.50,2,427,266.00_266.50_267.00_267.50_268.00_,14_3_26_5_31_,265.00_264.50_264.00_263.50_263.00_,11_13_10_9_32_
10:06:27,265.50,2,427,266.00_266.50_267.00_267.50_268.00_,15_3_18_13_31_,265.00_264.50_264.00_263.50_263.00_,11_13_13_14_25_
10:06:48,265.50,2,427,266.00_266.50_267.00_267.50_268.00_,15_3_18_13_31_,265.50_265.00_264.50_264.00_263.50_,1_11_13_13_14_
10:06:53,265.50,2,427,266.00_266.50_267.00_267.50_268.00_,15_3_13_18_31_,265.50_265.00_264.50_264.00_263.50_,4_9_14_12_14_
10:06:58,266.00,2,429,266.00_266.50_267.00_267.50_268.00_,13_3_13_18_31_,265.50_265.00_264.50_264.00_263.50_,3_9_14_12_14_
10:07:03,266.00,2,429,266.00_266.50_267.00_267.50_268.00_,13_3_13_18_31_,265.50_265.00_264.50_264.00_263.50_,4_8_14_12_14_
10:07:19,266.00,2,429,266.00_266.50_267.00_267.50_268.00_,14_3_13_18_31_,265.50_265.00_264.50_264.00_263.50_,4_8_14_12_14_
10:07:29,266.00,2,429,266.00_266.50_267.00_267.50_268.00_,14_3_13_18_31_,265.50_265.00_264.50_264.00_263.50_,5_8_13_12_14_
10:07:34,266.00,2,429,266.00_266.50_267.00_267.50_268.00_,14_3_13_18_31_,265.50_265.00_264.50_264.00_263.50_,5_10_13_12_14_
10:07:39,266.00,2,429,266.00_266.50_267.00_267.50_268.00_,15_3_13_18_31_,265.50_265.00_264.50_264.00_263.50_,5_10_13_12_14_
10:07:54,266.00,2,429,266.00_266.50_267.00_267.50_268.00_,16_3_13_18_31_,265.50_265.00_264.50_264.00_263.50_,5_10_13_12_14_
10:08:25,266.00,1,430,266.00_266.50_267.00_267.50_268.00_,15_3_13_18_31_,265.50_265.00_264.50_264.00_263.50_,4_10_13_12_14_
10:08:30,266.00,1,430,266.00_266.50_267.00_267.50_268.00_,17_3_13_18_32_,265.50_265.00_264.50_264.00_263.50_,4_10_15_12_14_
10:08:41,266.00,1,430,266.00_266.50_267.00_267.50_268.00_,17_3_13_18_32_,265.50_265.00_264.50_264.00_263.50_,4_15_10_12_14_
10:08:56,266.00,1,430,266.00_266.50_267.00_267.50_268.00_,17_3_13_18_32_,265.50_265.00_264.50_264.00_263.50_,5_15_10_12_14_
10:09:01,266.00,1,430,266.00_266.50_267.00_267.50_268.00_,17_3_13_18_32_,265.50_265.00_264.50_264.00_263.50_,5_16_10_12_14_
10:09:22,266.00,1,430,266.00_266.50_267.00_267.50_268.00_,18_3_13_18_32_,265.50_265.00_264.50_264.00_263.50_,5_16_10_12_14_
10:09:37,266.00,1,430,266.00_266.50_267.00_267.50_268.00_,19_3_13_18_32_,265.50_265.00_264.50_264.00_263.50_,5_16_10_12_14_
10:09:47,266.00,1,430,266.00_266.50_267.00_267.50_268.00_,19_3_13_18_32_,265.50_265.00_264.50_264.00_263.50_,10_16_10_12_14_
10:09:52,265.50,1,431,266.00_266.50_267.00_267.50_268.00_,19_3_13_18_32_,265.50_265.00_264.50_264.00_263.50_,9_16_10_12_14_
10:09:57,266.00,1,432,266.00_266.50_267.00_267.50_268.00_,18_3_13_18_32_,265.50_265.00_264.50_264.00_263.50_,8_16_10_12_14_
10:10:03,266.00,1,432,266.00_266.50_267.00_267.50_268.00_,18_3_13_18_32_,265.50_265.00_264.50_264.00_263.50_,8_16_10_13_14_
10:10:18,266.00,3,435,266.00_266.50_267.00_267.50_268.00_,15_3_13_18_32_,265.50_265.00_264.50_264.00_263.50_,8_16_10_13_14_
10:10:23,266.00,3,435,266.00_266.50_267.00_267.50_268.00_,15_3_13_18_32_,265.50_265.00_264.50_264.00_263.50_,9_16_10_13_14_
10:10:33,266.00,3,435,266.00_266.50_267.00_267.50_268.00_,15_3_13_18_31_,265.50_265.00_264.50_264.00_263.50_,10_16_10_13_14_
10:10:38,266.00,3,435,266.00_266.50_267.00_267.50_268.00_,18_3_13_18_31_,265.50_265.00_264.50_264.00_263.50_,10_16_10_13_14_
10:10:44,266.00,3,435,266.00_266.50_267.00_267.50_268.00_,18_3_13_18_31_,265.50_265.00_264.50_264.00_263.50_,10_16_10_12_14_
10:10:49,266.00,1,436,266.00_266.50_267.00_267.50_268.00_,17_3_13_18_31_,265.50_265.00_264.50_264.00_263.50_,10_16_10_12_14_
10:11:04,266.00,1,436,266.00_266.50_267.00_267.50_268.00_,17_3_13_18_31_,265.50_265.00_264.50_264.00_263.50_,10_11_15_12_14_
10:11:09,266.00,1,437,266.00_266.50_267.00_267.50_268.00_,16_3_13_18_31_,265.50_265.00_264.50_264.00_263.50_,9_11_15_12_14_
10:11:20,266.00,1,437,266.00_266.50_267.00_267.50_268.00_,16_6_13_18_31_,265.50_265.00_264.50_264.00_263.50_,9_11_15_12_14_
10:11:25,266.00,1,438,266.00_266.50_267.00_267.50_268.00_,15_6_13_18_31_,265.50_265.00_264.50_264.00_263.50_,8_11_15_12_14_
10:11:30,266.00,1,438,266.00_266.50_267.00_267.50_268.00_,14_6_13_18_31_,265.50_265.00_264.50_264.00_263.50_,8_10_15_12_14_
10:11:40,266.00,1,439,266.00_266.50_267.00_267.50_268.00_,13_6_13_18_31_,265.50_265.00_264.50_264.00_263.50_,7_10_15_12_14_
10:11:45,266.00,1,439,266.00_266.50_267.00_267.50_268.00_,13_6_13_18_31_,265.50_265.00_264.50_264.00_263.50_,7_11_15_13_14_
10:11:56,266.00,1,439,266.00_266.50_267.00_267.50_268.00_,13_6_13_18_31_,265.50_265.00_264.50_264.00_263.50_,8_11_15_13_14_
10:12:01,266.00,1,439,266.00_266.50_267.00_267.50_268.00_,15_6_13_18_31_,265.50_265.00_264.50_264.00_263.50_,8_11_15_13_14_
10:12:06,266.00,1,439,266.00_266.50_267.00_267.50_268.00_,15_6_13_18_31_,265.50_265.00_264.50_264.00_263.50_,9_11_15_13_14_
10:12:11,266.00,1,439,266.00_266.50_267.00_267.50_268.00_,14_6_13_18_31_,265.50_265.00_264.50_264.00_263.50_,10_11_15_13_14_
10:12:16,266.00,5,444,266.00_266.50_267.00_267.50_268.00_,9_6_13_18_31_,265.50_265.00_264.50_264.00_263.50_,10_11_15_13_14_
10:12:21,266.00,5,444,266.00_266.50_267.00_267.50_268.00_,10_6_13_18_31_,265.50_265.00_264.50_264.00_263.50_,10_12_15_13_14_
10:12:26,266.00,5,444,266.00_266.50_267.00_267.50_268.00_,11_6_13_18_31_,265.50_265.00_264.50_264.00_263.50_,10_13_15_13_14_
10:12:42,266.00,4,448,266.00_266.50_267.00_267.50_268.00_,7_6_13_18_31_,265.50_265.00_264.50_264.00_263.50_,10_13_15_13_14_
10:12:47,266.00,4,448,266.00_266.50_267.00_267.50_268.00_,7_6_13_18_31_,265.50_265.00_264.50_264.00_263.50_,10_18_10_13_14_
10:12:57,266.00,3,455,266.00_266.50_267.00_267.50_268.00_,2_6_13_18_31_,265.50_265.00_264.50_264.00_263.50_,9_18_10_13_14_
10:13:07,266.00,2,457,266.50_267.00_267.50_268.00_268.50_,6_13_18_31_5_,265.50_265.00_264.50_264.00_263.50_,9_18_10_13_14_
10:13:13,266.00,2,457,266.50_267.00_267.50_268.00_268.50_,7_13_10_39_5_,265.50_265.00_264.50_264.00_263.50_,9_18_13_17_7_
10:13:18,266.00,2,457,266.00_266.50_267.00_267.50_268.00_,1_7_13_10_39_,265.50_265.00_264.50_264.00_263.50_,9_18_13_17_7_
10:13:23,266.00,1,458,266.00_266.50_267.00_267.50_268.00_,1_6_13_18_31_,265.50_265.00_264.50_264.00_263.50_,9_18_10_13_14_
10:13:28,266.00,1,459,266.50_267.00_267.50_268.00_268.50_,6_13_18_31_5_,266.00_265.50_265.00_264.50_264.00_,1_10_18_10_13_
10:13:33,266.00,1,459,266.50_267.00_267.50_268.00_268.50_,6_13_5_44_5_,266.00_265.50_265.00_264.50_264.00_,2_9_19_12_17_
10:13:38,266.00,1,459,266.50_267.00_267.50_268.00_268.50_,6_13_5_44_5_,266.00_265.50_265.00_264.50_264.00_,3_9_19_12_17_
10:13:48,266.50,2,461,266.50_267.00_267.50_268.00_268.50_,4_13_5_44_5_,266.00_265.50_265.00_264.50_264.00_,5_8_19_12_17_
10:13:54,266.50,1,462,266.50_267.00_267.50_268.00_268.50_,4_13_5_44_5_,266.00_265.50_265.00_264.50_264.00_,6_8_19_12_17_
10:14:04,266.50,1,462,266.50_267.00_267.50_268.00_268.50_,4_13_5_44_5_,266.00_265.50_265.00_264.50_264.00_,6_8_19_11_16_
10:14:09,266.50,1,462,266.50_267.00_267.50_268.00_268.50_,4_13_5_44_5_,266.00_265.50_265.00_264.50_264.00_,6_8_21_11_16_
10:14:19,266.50,1,463,266.50_267.00_267.50_268.00_268.50_,3_13_5_44_5_,266.00_265.50_265.00_264.50_264.00_,6_8_21_11_16_
10:14:24,266.50,1,464,266.50_267.00_267.50_268.00_268.50_,2_13_5_44_5_,266.00_265.50_265.00_264.50_264.00_,6_8_21_11_16_
10:14:30,266.50,1,465,266.50_267.00_267.50_268.00_268.50_,1_13_5_44_5_,266.00_265.50_265.00_264.50_264.00_,5_13_21_11_16_
10:14:35,266.50,1,466,267.00_267.50_268.00_268.50_269.00_,13_5_44_5_6_,266.50_266.00_265.50_265.00_264.50_,1_5_13_21_11_
10:14:40,266.50,1,466,267.00_267.50_268.00_268.50_269.00_,16_5_31_18_6_,266.50_266.00_265.50_265.00_264.50_,2_4_14_23_15_
10:14:45,266.50,1,466,267.00_267.50_268.00_268.50_269.00_,17_5_31_18_6_,266.50_266.00_265.50_265.00_264.50_,3_3_14_23_15_
10:15:00,266.50,1,466,267.00_267.50_268.00_268.50_269.00_,17_5_31_18_6_,266.50_266.00_265.50_265.00_264.50_,4_3_14_23_15_
10:15:05,266.50,2,468,267.00_267.50_268.00_268.50_269.00_,17_5_31_18_6_,266.50_266.00_265.50_265.00_264.50_,2_3_14_23_15_
10:15:16,266.50,2,470,267.00_267.50_268.00_268.50_269.00_,14_5_31_18_6_,266.00_265.50_265.00_264.50_264.00_,3_14_23_15_9_
10:15:21,266.50,2,470,266.50_267.00_267.50_268.00_268.50_,1_15_5_36_13_,266.00_265.50_265.00_264.50_264.00_,3_13_21_18_9_
10:15:26,266.50,2,470,266.50_267.00_267.50_268.00_268.50_,1_14_5_44_5_,266.00_265.50_265.00_264.50_264.00_,3_13_21_11_16_
10:15:31,266.50,2,470,266.50_267.00_267.50_268.00_268.50_,2_14_5_44_5_,266.00_265.50_265.00_264.50_264.00_,3_13_21_11_16_
10:15:41,266.50,1,471,266.50_267.00_267.50_268.00_268.50_,1_14_5_44_5_,266.00_265.50_265.00_264.50_264.00_,3_13_21_11_16_
10:15:52,266.50,1,472,267.00_267.50_268.00_268.50_269.00_,14_5_44_5_6_,266.50_266.00_265.50_265.00_264.50_,1_3_13_21_11_
10:15:57,266.50,1,472,267.00_267.50_268.00_268.50_269.00_,15_5_31_18_6_,266.50_266.00_265.50_265.00_264.50_,1_3_14_23_15_
10:16:02,266.50,1,472,267.00_267.50_268.00_268.50_269.00_,15_5_31_18_6_,266.50_266.00_265.50_265.00_264.50_,2_3_14_23_15_
10:16:07,267.00,3,475,267.00_267.50_268.00_268.50_269.00_,12_5_31_18_6_,266.50_266.00_265.50_265.00_264.50_,2_3_14_23_15_
10:16:12,267.00,2,477,267.00_267.50_268.00_268.50_269.00_,10_4_31_18_6_,266.50_266.00_265.50_265.00_264.50_,2_8_14_23_15_
10:16:17,267.00,1,478,267.00_267.50_268.00_268.50_269.00_,10_4_31_18_6_,266.50_266.00_265.50_265.00_264.50_,2_8_14_23_15_
10:16:22,267.00,4,482,267.00_267.50_268.00_268.50_269.00_,6_4_31_18_6_,266.50_266.00_265.50_265.00_264.50_,2_8_14_23_15_
10:16:27,267.00,7,489,267.50_268.00_268.50_269.00_269.50_,4_31_18_6_1_,267.00_266.50_266.00_265.50_265.00_,5_4_8_14_23_
10:16:33,267.00,7,489,267.50_268.00_268.50_269.00_269.50_,5_31_5_19_1_,267.00_266.50_266.00_265.50_265.00_,11_4_14_11_27_
10:16:38,267.50,2,491,267.50_268.00_268.50_269.00_269.50_,3_31_5_19_1_,267.00_266.50_266.00_265.50_265.00_,13_3_14_11_27_
10:16:43,267.50,2,493,267.50_268.00_268.50_269.00_269.50_,1_30_5_19_1_,267.00_266.50_266.00_265.50_265.00_,15_2_14_11_27_
10:16:48,267.50,2,495,268.00_268.50_269.00_269.50_270.00_,30_5_19_1_22_,267.00_266.50_266.00_265.50_265.00_,14_2_14_11_27_
10:16:53,267.50,1,496,268.00_268.50_269.00_269.50_270.00_,34_5_11_9_22_,267.50_267.00_266.50_266.00_265.50_,1_14_2_15_18_
10:16:58,268.00,1,497,268.00_268.50_269.00_269.50_270.00_,33_5_7_14_22_,267.50_267.00_266.50_266.00_265.50_,2_13_8_12_15_
10:17:03,268.00,1,497,268.00_268.50_269.00_269.50_270.00_,34_5_7_14_23_,267.50_267.00_266.50_266.00_265.50_,6_12_7_12_15_
10:17:08,268.00,6,503,268.00_268.50_269.00_269.50_270.00_,28_5_7_14_23_,267.50_267.00_266.50_266.00_265.50_,6_11_7_12_15_
10:17:13,268.00,3,506,268.00_268.50_269.00_269.50_270.00_,26_5_7_14_23_,267.50_267.00_266.50_266.00_265.50_,6_9_7_12_15_
10:17:19,268.00,6,512,268.00_268.50_269.00_269.50_270.00_,20_4_7_14_23_,267.50_267.00_266.50_266.00_265.50_,5_9_8_12_14_
10:17:24,268.00,12,524,268.00_268.50_269.00_269.50_270.00_,8_4_7_14_23_,267.50_267.00_266.50_266.00_265.50_,4_9_8_12_14_
10:17:29,268.50,9,533,268.50_269.00_269.50_270.00_270.50_,3_7_14_23_3_,268.00_267.50_267.00_266.50_266.00_,41_23_9_8_12_
10:17:34,268.50,1,534,268.50_269.00_269.50_270.00_270.50_,5_7_1_36_3_,268.00_267.50_267.00_266.50_266.00_,27_28_10_5_16_
10:17:39,269.00,12,546,269.50_270.00_270.50_271.00_272.00_,1_36_3_9_19_,269.00_268.50_268.00_267.50_267.00_,1_15_30_8_10_
10:17:44,269.50,1,547,270.00_270.50_271.00_272.00_272.50_,23_3_22_19_4_,269.50_269.00_268.50_268.00_267.50_,3_1_16_34_6_
10:17:49,270.00,2,549,270.00_270.50_271.00_271.50_272.00_,24_3_9_13_19_,269.50_269.00_268.50_268.00_267.50_,5_3_22_17_10_
10:17:54,270.00,24,573,270.50_271.00_271.50_272.00_272.50_,3_9_13_19_3_,270.00_269.50_269.00_268.50_268.00_,7_5_4_21_15_
10:18:00,270.50,4,577,271.00_272.00_272.50_273.00_273.50_,9_32_3_19_5_,270.50_270.00_269.50_269.00_268.50_,5_10_5_9_5_
10:18:05,271.00,12,589,272.00_272.50_273.00_273.50_274.00_,19_16_19_5_6_,271.00_270.50_270.00_269.50_269.00_,3_5_11_11_11_
10:18:10,272.00,17,606,272.00_272.50_273.00_273.50_274.00_,6_3_32_5_6_,271.00_270.50_270.00_269.50_269.00_,4_5_17_15_8_
10:18:15,272.00,7,613,272.50_273.00_273.50_274.00_274.50_,3_32_5_6_2_,272.00_271.00_270.00_269.50_269.00_,3_3_16_12_8_
10:18:20,272.00,15,628,272.50_273.00_273.50_274.00_274.50_,4_19_12_11_5_,272.00_271.00_270.50_270.00_269.50_,4_3_8_18_2_
10:18:25,273.00,13,641,273.00_273.50_274.00_274.50_275.00_,15_12_12_6_29_,272.00_271.00_270.50_270.00_269.50_,5_3_8_18_2_
10:18:30,273.00,6,647,273.00_273.50_274.00_274.50_275.00_,13_4_20_6_29_,272.00_271.00_270.50_270.00_269.50_,5_8_4_17_2_
10:18:35,273.00,4,651,273.00_273.50_274.00_274.50_275.00_,12_4_20_6_29_,272.00_271.00_270.50_270.00_269.50_,3_8_4_17_2_
10:18:41,273.00,3,654,273.00_273.50_274.00_274.50_275.00_,11_4_20_6_30_,272.00_271.00_270.50_270.00_269.50_,8_8_4_10_2_
10:18:46,272.50,3,657,272.50_273.00_273.50_274.00_274.50_,5_11_4_20_6_,272.00_271.00_270.50_270.00_269.50_,7_8_4_10_2_
10:18:51,272.50,2,659,272.50_273.00_273.50_274.00_274.50_,4_11_12_12_7_,272.00_271.00_270.50_270.00_269.50_,7_8_4_10_2_
10:18:56,272.00,4,663,272.50_273.00_273.50_274.00_274.50_,4_16_12_12_7_,272.00_271.00_270.50_270.00_269.50_,4_8_4_10_2_
10:19:01,272.00,11,674,272.50_273.00_273.50_274.00_274.50_,4_16_12_12_7_,271.00_270.50_270.00_269.50_269.00_,6_4_10_2_2_
10:19:06,272.00,2,676,272.00_272.50_273.00_273.50_274.00_,2_4_25_9_7_,270.50_270.00_269.50_269.00_268.00_,7_6_9_2_2_
10:19:11,272.00,3,679,272.00_272.50_273.00_273.50_274.00_,2_11_22_4_7_,270.50_270.00_269.50_269.00_268.00_,6_3_5_9_1_
10:19:16,272.00,1,680,272.00_272.50_273.00_273.50_274.00_,2_11_22_4_7_,270.50_270.00_269.50_269.00_268.50_,3_10_12_11_2_
10:19:22,272.00,1,680,271.50_272.00_272.50_273.00_273.50_,1_5_12_21_4_,271.00_270.50_270.00_269.50_269.00_,1_3_10_12_11_
10:19:27,272.00,1,680,271.50_272.00_272.50_273.00_273.50_,2_6_12_21_4_,271.00_270.50_270.00_269.50_269.00_,1_4_11_12_11_
10:19:32,272.00,1,680,271.50_272.00_272.50_273.00_273.50_,2_15_12_21_4_,271.00_270.50_270.00_269.50_269.00_,1_4_11_12_11_
10:19:37,271.00,1,681,271.50_272.00_272.50_273.00_273.50_,2_16_12_21_4_,271.00_270.50_270.00_269.50_269.00_,1_4_11_12_11_
10:19:42,271.50,3,684,272.00_272.50_273.00_273.50_274.00_,18_11_21_8_6_,271.50_271.00_270.50_270.00_269.50_,1_2_4_11_12_
10:19:47,271.50,1,685,271.50_272.00_272.50_273.00_273.50_,1_18_3_15_21_,271.00_270.50_270.00_269.50_269.00_,4_12_8_16_5_
10:19:52,271.50,1,685,271.50_272.00_272.50_273.00_273.50_,2_16_3_28_8_,271.00_270.50_270.00_269.50_269.00_,4_10_6_12_12_
10:19:57,271.50,1,686,271.50_272.00_272.50_273.00_273.50_,2_12_3_28_8_,271.00_270.50_270.00_269.50_269.00_,4_12_6_12_12_
10:20:03,271.50,1,687,271.50_272.00_272.50_273.00_273.50_,1_12_3_28_8_,271.00_270.50_270.00_269.50_269.00_,4_12_6_12_12_
10:20:08,271.50,1,687,271.50_272.00_272.50_273.00_273.50_,5_12_3_28_7_,271.00_270.50_270.00_269.50_269.00_,4_12_6_12_12_
10:20:13,271.00,2,689,271.50_272.00_272.50_273.00_273.50_,6_12_3_28_7_,271.00_270.50_270.00_269.50_269.00_,3_12_6_12_12_
10:20:18,271.00,3,692,271.50_272.00_272.50_273.00_273.50_,12_12_3_28_7_,270.50_270.00_269.50_269.00_268.50_,7_11_12_12_2_
10:20:23,270.50,3,695,271.50_272.00_272.50_273.00_273.50_,13_12_16_15_7_,270.50_270.00_269.50_269.00_268.50_,3_11_10_15_2_
10:20:28,270.50,3,695,271.00_271.50_272.00_272.50_273.00_,1_13_12_16_15_,270.50_270.00_269.50_269.00_268.50_,3_11_10_15_2_
10:20:33,271.00,2,697,271.00_271.50_272.00_272.50_273.00_,3_12_11_17_15_,270.50_270.00_269.50_269.00_268.50_,4_12_10_8_9_
10:20:38,271.00,2,697,271.00_271.50_272.00_272.50_273.00_,3_8_16_17_15_,270.50_270.00_269.50_269.00_268.50_,4_12_10_8_9_
10:20:44,271.00,1,698,271.00_271.50_272.00_272.50_273.00_,3_8_16_17_15_,270.50_270.00_269.50_269.00_268.50_,4_12_10_8_9_
10:20:49,271.00,1,699,271.50_272.00_272.50_273.00_273.50_,7_16_17_15_6_,270.50_270.00_269.50_269.00_268.50_,4_12_10_8_9_
10:20:54,271.00,1,699,271.50_272.00_272.50_273.00_273.50_,8_17_17_15_6_,270.50_270.00_269.50_269.00_268.50_,6_12_10_15_2_
10:20:59,271.00,1,699,271.00_271.50_272.00_272.50_273.00_,3_7_17_17_15_,270.50_270.00_269.50_269.00_268.50_,6_12_10_15_2_
10:21:04,271.00,4,703,271.00_271.50_272.00_272.50_273.00_,6_6_17_17_15_,270.50_270.00_269.50_269.00_268.50_,7_12_10_8_10_
10:21:09,271.00,4,703,271.00_271.50_272.00_272.50_273.00_,7_6_17_14_15_,270.50_270.00_269.50_269.00_268.50_,7_12_10_8_10_
10:21:14,270.50,1,704,271.00_271.50_272.00_272.50_273.00_,7_6_17_14_15_,270.50_270.00_269.50_269.00_268.50_,6_12_10_8_10_
10:21:20,270.50,1,704,271.00_271.50_272.00_272.50_273.00_,11_6_17_14_15_,270.50_270.00_269.50_269.00_268.50_,6_12_10_8_10_
10:21:25,270.50,2,706,271.00_271.50_272.00_272.50_273.00_,11_6_17_14_15_,270.50_270.00_269.50_269.00_268.50_,4_12_10_8_10_
10:21:30,270.50,1,707,271.00_271.50_272.00_272.50_273.00_,11_6_17_14_15_,270.50_270.00_269.50_269.00_268.50_,3_7_15_8_10_
10:21:35,271.00,1,708,271.00_271.50_272.00_272.50_273.00_,10_6_17_14_15_,270.50_270.00_269.50_269.00_268.50_,4_7_15_8_10_
10:21:40,271.00,5,713,271.00_271.50_272.00_272.50_273.00_,6_6_17_14_15_,270.50_270.00_269.50_269.00_268.50_,4_7_15_8_10_
10:21:45,271.00,3,716,271.00_271.50_272.00_272.50_273.00_,3_6_17_14_15_,270.50_270.00_269.50_269.00_268.50_,4_7_15_8_11_
10:21:50,271.00,1,717,271.00_271.50_272.00_272.50_273.00_,2_6_17_14_15_,270.50_270.00_269.50_269.00_268.50_,5_12_10_8_11_
10:21:56,271.00,2,719,271.50_272.00_272.50_273.00_273.50_,6_18_14_15_6_,271.00_270.50_270.00_269.50_269.00_,1_6_12_10_8_
10:22:01,271.00,1,720,271.50_272.00_272.50_273.00_273.50_,8_18_1_28_6_,271.00_270.50_270.00_269.50_269.00_,3_5_13_12_12_
10:22:06,271.00,1,720,271.50_272.00_272.50_273.00_273.50_,8_19_1_29_6_,271.00_270.50_270.00_269.50_269.00_,3_5_12_12_12_
10:22:11,271.00,1,721,271.50_272.00_272.50_273.00_273.50_,8_19_1_29_6_,271.00_270.50_270.00_269.50_269.00_,2_7_12_12_12_
10:22:16,271.00,2,723,271.00_271.50_272.00_272.50_273.00_,1_8_19_1_31_,270.50_270.00_269.50_269.00_268.50_,7_12_12_12_4_
10:22:21,271.00,1,724,271.00_271.50_272.00_272.50_273.00_,1_7_19_14_18_,270.50_270.00_269.50_269.00_268.50_,7_11_10_8_11_
10:22:26,271.00,1,724,271.00_271.50_272.00_272.50_273.00_,2_6_19_14_18_,270.50_270.00_269.50_269.00_268.50_,8_11_10_8_11_
10:22:31,271.00,1,724,271.00_271.50_272.00_272.50_273.00_,2_6_19_14_17_,270.50_270.00_269.50_269.00_268.50_,9_11_10_8_11_
10:22:37,271.00,2,726,271.50_272.00_272.50_273.00_273.50_,6_19_14_17_6_,271.00_270.50_270.00_269.50_269.00_,9_9_11_10_8_
10:22:42,271.00,2,726,271.50_272.00_272.50_273.00_273.50_,7_19_1_30_6_,271.00_270.50_270.00_269.50_269.00_,12_11_12_12_12_
10:22:47,271.00,2,726,271.50_272.00_272.50_273.00_273.50_,7_19_1_31_6_,271.00_270.50_270.00_269.50_269.00_,12_16_7_12_12_
10:22:52,271.00,2,726,271.50_272.00_272.50_273.00_273.50_,7_19_1_31_6_,271.00_270.50_270.00_269.50_269.00_,11_16_7_12_12_
10:22:57,271.00,1,727,271.50_272.00_272.50_273.00_273.50_,7_19_1_31_6_,271.00_270.50_270.00_269.50_269.00_,10_16_7_12_12_
10:23:02,271.00,1,727,271.50_272.00_272.50_273.00_273.50_,7_19_1_31_6_,271.00_270.50_270.00_269.50_269.00_,10_16_8_12_12_
10:23:13,271.00,1,727,271.50_272.00_272.50_273.00_273.50_,7_19_1_31_6_,271.00_270.50_270.00_269.50_269.00_,10_16_9_12_12_
10:23:18,271.00,1,727,271.50_272.00_272.50_273.00_273.50_,7_19_1_31_6_,271.00_270.50_270.00_269.50_269.00_,10_16_10_12_12_
10:23:23,271.50,1,728,271.50_272.00_272.50_273.00_273.50_,6_19_1_31_6_,271.00_270.50_270.00_269.50_269.00_,10_16_10_12_12_
10:23:33,271.50,1,729,271.50_272.00_272.50_273.00_273.50_,5_19_3_31_6_,271.00_270.50_270.00_269.50_269.00_,10_16_10_12_12_
10:23:38,271.00,1,730,271.50_272.00_272.50_273.00_273.50_,5_19_3_31_6_,271.00_270.50_270.00_269.50_269.00_,9_16_10_12_12_
10:23:43,271.50,2,732,271.50_272.00_272.50_273.00_273.50_,5_19_3_31_6_,271.00_270.50_270.00_269.50_269.00_,43_16_10_12_12_
10:23:48,271.00,1,733,271.50_272.00_272.50_273.00_273.50_,5_19_3_31_6_,271.00_270.50_270.00_269.50_269.00_,43_16_10_12_12_
10:23:53,271.50,1,734,271.50_272.00_272.50_273.00_273.50_,4_19_2_31_6_,271.00_270.50_270.00_269.50_269.00_,43_16_10_12_12_
10:23:59,271.50,4,738,272.00_272.50_273.00_273.50_274.00_,19_2_32_6_8_,271.50_271.00_270.50_270.00_269.50_,2_43_16_10_12_
10:24:04,271.50,4,738,272.00_272.50_273.00_273.50_274.00_,20_2_19_19_8_,271.50_271.00_270.50_270.00_269.50_,12_43_17_12_16_
10:24:09,272.00,1,739,272.00_272.50_273.00_273.50_274.00_,19_2_19_19_8_,271.50_271.00_270.50_270.00_269.50_,12_48_12_12_18_
10:24:14,271.50,5,744,272.00_272.50_273.00_273.50_274.00_,19_2_19_19_8_,271.50_271.00_270.50_270.00_269.50_,7_48_13_12_18_
10:24:19,271.50,3,747,272.00_272.50_273.00_273.50_274.00_,19_2_19_19_8_,271.50_271.00_270.50_270.00_269.50_,7_47_13_12_18_
10:24:24,272.00,19,766,272.50_273.00_273.50_274.00_274.50_,2_19_19_8_4_,271.50_271.00_270.50_270.00_269.50_,8_47_13_12_18_
10:24:29,272.50,1,767,272.50_273.00_273.50_274.00_274.50_,2_19_20_8_4_,271.50_271.00_270.50_270.00_269.50_,8_47_13_19_11_
10:24:35,272.50,2,769,273.00_273.50_274.00_274.50_275.00_,19_20_8_4_44_,272.50_271.50_271.00_270.50_270.00_,1_8_47_13_19_
10:24:40,273.00,1,770,273.00_273.50_274.00_274.50_275.00_,19_3_16_9_44_,272.50_271.50_271.00_270.50_270.00_,1_15_45_19_9_
10:24:45,273.00,8,778,273.00_273.50_274.00_274.50_275.00_,12_3_16_9_44_,272.50_271.50_271.00_270.50_270.00_,1_14_45_19_9_
10:24:50,273.00,2,780,273.00_273.50_274.00_274.50_275.00_,10_3_16_9_44_,272.50_271.50_271.00_270.50_270.00_,1_14_45_18_9_
10:24:55,273.00,4,784,273.00_273.50_274.00_274.50_275.00_,6_2_16_9_43_,272.50_271.50_271.00_270.50_270.00_,1_14_46_18_9_
10:25:00,273.50,9,793,274.00_274.50_275.00_275.50_276.00_,16_13_53_2_17_,273.00_272.50_271.50_271.00_270.50_,2_1_14_47_18_
10:25:05,274.00,4,797,274.00_274.50_275.00_275.50_276.00_,6_8_65_2_19_,273.00_272.50_272.00_271.50_271.00_,5_2_6_18_45_
10:25:10,274.50,6,803,274.50_275.00_275.50_276.00_276.50_,8_66_2_19_3_,274.00_273.00_272.50_272.00_271.50_,5_5_2_6_18_
10:25:16,274.50,5,808,274.50_275.00_275.50_276.00_276.50_,5_53_10_24_3_,274.00_273.00_272.50_272.00_271.50_,6_11_4_7_7_
10:25:21,274.50,7,815,275.00_275.50_276.00_276.50_277.00_,52_10_24_3_20_,274.50_274.00_273.00_272.50_272.00_,3_3_9_4_7_
10:25:26,274.50,1,816,275.00_275.50_276.00_276.50_277.00_,54_2_27_8_20_,274.50_274.00_273.50_273.00_272.50_,4_4_1_10_7_
10:25:31,274.50,4,820,275.00_275.50_276.00_276.50_277.00_,54_2_27_8_20_,274.50_274.00_273.50_273.00_272.50_,1_4_6_5_7_
10:25:36,274.50,1,821,275.00_275.50_276.00_276.50_277.00_,52_2_27_8_20_,274.50_274.00_273.50_273.00_272.50_,4_4_6_4_7_
10:25:41,274.50,3,824,275.00_275.50_276.00_276.50_277.00_,52_2_27_8_20_,274.50_274.00_273.50_273.00_272.50_,2_5_6_4_8_
10:25:46,274.50,4,828,274.50_275.00_275.50_276.00_276.50_,2_52_2_27_8_,274.00_273.50_273.00_272.50_272.00_,4_6_4_8_1_
10:25:51,274.00,4,832,274.50_275.00_275.50_276.00_276.50_,6_49_10_25_4_,274.00_273.00_272.50_272.00_271.50_,2_7_4_8_6_
10:25:57,274.00,4,832,274.50_275.00_275.50_276.00_276.50_,7_49_10_26_4_,274.00_273.00_272.50_272.00_271.50_,2_7_4_8_6_
10:26:02,274.00,1,833,274.50_275.00_275.50_276.00_276.50_,7_49_10_26_4_,273.00_272.50_272.00_271.50_271.00_,7_4_8_6_44_
10:26:07,274.00,1,834,274.50_275.00_275.50_276.00_276.50_,7_58_7_21_4_,273.00_272.50_272.00_271.50_271.00_,1_7_4_13_44_
10:26:12,274.50,5,839,274.50_275.00_275.50_276.00_276.50_,2_57_7_21_4_,273.00_272.50_272.00_271.50_271.00_,1_7_4_13_44_
10:26:17,274.00,1,840,274.00_274.50_275.00_275.50_276.00_,1_3_56_7_21_,273.00_272.50_272.00_271.50_271.00_,1_7_4_13_44_
10:26:22,274.00,1,841,274.00_274.50_275.00_275.50_276.00_,1_1_61_2_21_,273.00_272.50_272.00_271.50_271.00_,1_6_2_17_43_
10:26:27,274.00,1,842,274.00_274.50_275.00_275.50_276.00_,3_8_61_2_21_,273.00_272.50_272.00_271.50_271.00_,1_6_2_18_43_
10:26:32,273.00,2,844,273.00_274.00_274.50_275.00_275.50_,8_3_9_66_2_,272.50_272.00_271.50_271.00_270.50_,6_2_18_43_8_
10:26:37,273.00,2,844,273.00_274.00_274.50_275.00_275.50_,1_2_23_53_2_,272.50_272.00_271.50_271.00_270.50_,1_7_9_46_15_
10:26:43,274.50,10,854,274.50_275.00_275.50_276.00_276.50_,20_52_2_23_5_,272.50_272.00_271.50_271.00_270.50_,1_7_9_46_15_
10:26:48,272.50,1,855,273.00_274.00_274.50_275.00_275.50_,10_1_6_52_2_,272.00_271.50_271.00_270.50_270.00_,9_18_43_8_10_
10:26:53,272.50,1,855,273.00_274.00_274.50_275.00_275.50_,10_14_5_53_2_,272.50_272.00_271.50_271.00_270.50_,1_8_8_44_18_
10:26:58,272.50,1,855,273.00_274.00_274.50_275.00_275.50_,10_1_19_53_2_,272.50_272.00_271.50_271.00_270.50_,1_7_9_46_15_
10:27:03,272.50,1,855,273.00_274.00_274.50_275.00_275.50_,10_1_20_52_2_,272.50_272.00_271.50_271.00_270.50_,1_6_9_46_15_
10:27:13,272.50,1,855,273.00_274.00_274.50_275.00_275.50_,10_1_20_52_2_,272.50_272.00_271.50_271.00_270.50_,1_8_10_46_15_
10:27:18,272.50,1,855,273.00_274.00_274.50_275.00_275.50_,11_1_20_52_2_,272.50_272.00_271.50_271.00_270.50_,1_8_10_46_15_
10:27:24,272.50,1,856,273.00_274.00_274.50_275.00_275.50_,11_1_20_52_2_,272.50_272.00_271.50_271.00_270.50_,1_10_10_46_15_
10:27:29,272.50,1,856,273.00_274.00_274.50_275.00_275.50_,11_1_20_53_2_,272.50_272.00_271.50_271.00_270.50_,2_10_10_48_15_
10:27:34,273.00,5,861,273.00_274.00_274.50_275.00_275.50_,6_1_21_54_2_,272.50_272.00_271.50_271.00_270.50_,3_10_9_48_15_
10:27:39,273.00,2,863,273.00_274.00_274.50_275.00_275.50_,4_2_21_54_2_,272.50_272.00_271.50_271.00_270.50_,3_9_9_48_15_
10:27:44,273.00,1,864,273.00_274.00_274.50_275.00_275.50_,3_2_21_55_2_,272.50_272.00_271.50_271.00_270.50_,3_9_9_48_15_
10:27:49,273.00,1,865,273.00_274.00_274.50_275.00_275.50_,2_2_21_55_2_,272.50_272.00_271.50_271.00_270.50_,3_9_9_48_15_
10:27:54,273.00,1,866,273.00_274.00_274.50_275.00_275.50_,2_2_21_55_2_,272.50_272.00_271.50_271.00_270.50_,3_9_9_48_15_
10:27:59,273.00,2,868,274.00_274.50_275.00_275.50_276.00_,3_21_55_2_23_,272.50_272.00_271.50_271.00_270.50_,3_9_10_48_15_
10:28:05,273.00,2,868,274.00_274.50_275.00_275.50_276.00_,5_8_68_2_23_,272.50_272.00_271.50_271.00_270.50_,3_10_12_52_8_
10:28:10,273.00,2,868,274.00_274.50_275.00_275.50_276.00_,6_7_69_2_23_,273.00_272.50_272.00_271.50_271.00_,1_3_10_12_52_
10:28:15,273.00,2,868,274.00_274.50_275.00_275.50_276.00_,7_7_69_2_23_,273.00_272.50_272.00_271.50_271.00_,4_2_10_20_45_
10:28:20,273.00,2,868,274.00_274.50_275.00_275.50_276.00_,8_7_69_2_23_,273.00_272.50_272.00_271.50_271.00_,4_7_6_20_45_
10:28:25,273.50,1,869,273.50_274.00_274.50_275.00_275.50_,1_8_8_69_2_,273.00_272.50_272.00_271.50_271.00_,6_10_6_20_45_
10:28:30,273.50,1,870,274.00_274.50_275.00_275.50_276.00_,6_16_61_2_23_,273.00_272.50_272.00_271.50_271.00_,6_10_6_13_52_
10:28:35,274.00,7,877,274.50_275.00_275.50_276.00_276.50_,8_69_2_23_6_,274.00_273.00_272.50_272.00_271.50_,6_5_10_6_20_
10:28:41,274.50,3,880,274.50_275.00_275.50_276.00_276.50_,5_56_10_28_6_,274.00_273.00_272.50_272.00_271.50_,6_8_8_12_10_
10:28:46,274.50,4,884,274.50_275.00_275.50_276.00_276.50_,1_56_10_29_6_,274.00_273.00_272.50_272.00_271.50_,6_12_8_12_10_
10:28:51,275.00,3,887,275.00_275.50_276.00_276.50_277.00_,55_10_29_6_40_,274.50_274.00_273.50_273.00_272.50_,1_7_2_12_8_
10:28:56,275.00,3,890,275.00_275.50_276.00_276.50_277.00_,52_2_32_11_40_,274.50_274.00_273.50_273.00_272.50_,3_7_8_43_12_
10:29:01,275.00,8,898,275.00_275.50_276.00_276.50_277.00_,45_3_32_11_40_,274.50_274.00_273.50_273.00_272.50_,2_7_8_43_12_
10:29:06,275.00,7,905,275.00_275.50_276.00_276.50_277.00_,38_3_32_11_40_,274.50_274.00_273.50_273.00_272.50_,3_1_8_43_12_
10:29:11,275.00,34,939,275.00_275.50_276.00_276.50_277.00_,6_3_32_11_40_,274.50_273.50_273.00_272.50_272.00_,3_8_43_12_5_
10:29:16,275.50,6,945,275.50_276.00_276.50_277.00_277.50_,2_31_11_39_2_,275.00_274.50_273.50_273.00_272.50_,7_3_8_43_12_
10:29:22,276.00,6,951,276.00_276.50_277.00_277.50_278.00_,20_14_44_2_10_,275.50_275.00_274.50_274.00_273.50_,5_6_3_6_6_
10:29:27,276.00,14,965,276.00_276.50_277.00_277.50_278.00_,7_6_47_7_10_,275.50_275.00_274.50_274.00_273.50_,7_11_9_3_10_
10:29:32,276.00,7,972,276.50_277.00_277.50_278.00_278.50_,6_52_7_10_3_,276.00_275.50_275.00_274.50_274.00_,1_7_17_4_4_
10:29:37,276.50,6,978,276.50_277.00_277.50_278.00_278.50_,3_44_12_16_3_,276.00_275.50_275.00_274.50_274.00_,3_7_18_5_8_
10:29:42,276.50,4,982,277.00_277.50_278.00_278.50_279.00_,46_12_16_3_6_,276.00_275.50_275.00_274.50_274.00_,3_7_18_5_8_
10:29:47,276.00,6,988,277.00_277.50_278.00_278.50_279.00_,46_12_16_3_6_,275.50_275.00_274.50_274.00_273.50_,7_15_5_8_2_
10:29:52,277.00,5,993,277.00_277.50_278.00_278.50_279.00_,41_12_16_3_6_,276.50_275.50_275.00_274.50_274.00_,1_7_16_5_8_
10:29:57,276.50,1,994,276.50_277.00_277.50_278.00_278.50_,1_41_4_19_8_,275.50_275.00_274.50_274.00_273.50_,13_13_9_1_2_
10:30:02,276.50,1,995,277.00_277.50_278.00_278.50_279.00_,41_17_11_3_7_,275.50_275.00_274.50_274.00_273.50_,7_17_5_6_11_
10:30:08,276.00,1,996,276.50_277.00_277.50_278.00_278.50_,3_43_12_16_3_,275.50_275.00_274.50_274.00_273.50_,7_18_7_10_4_
10:30:13,275.50,5,1001,276.50_277.00_277.50_278.00_278.50_,3_53_17_31_3_,275.50_275.00_274.50_274.00_273.50_,5_17_5_6_12_
10:30:18,276.50,2,1003,276.50_277.00_277.50_278.00_278.50_,2_53_17_31_3_,276.00_275.50_275.00_274.50_274.00_,2_5_15_5_6_
10:30:23,276.50,1,1004,276.50_277.00_277.50_278.00_278.50_,2_53_12_36_3_,276.00_275.50_275.00_274.50_274.00_,2_6_16_7_10_
10:30:28,276.50,3,1007,276.50_277.00_277.50_278.00_278.50_,13_53_12_36_3_,276.00_275.50_275.00_274.50_274.00_,2_6_16_7_10_
10:30:33,276.50,6,1013,276.50_277.00_277.50_278.00_278.50_,9_53_12_36_1_,276.00_275.50_275.00_274.50_274.00_,2_6_16_7_10_
10:30:38,276.00,1,1014,276.50_277.00_277.50_278.00_278.50_,10_57_12_36_1_,276.00_275.50_275.00_274.50_274.00_,1_6_16_7_10_
10:30:43,276.50,2,1016,276.50_277.00_277.50_278.00_278.50_,8_57_12_36_31_,276.00_275.50_275.00_274.50_274.00_,1_6_16_7_10_
10:30:49,276.50,10,1026,277.00_277.50_278.00_278.50_279.00_,57_12_36_31_7_,276.00_275.50_275.00_274.50_274.00_,6_7_16_7_10_
10:30:54,276.50,2,1028,276.50_277.00_277.50_278.00_278.50_,1_57_4_44_31_,276.00_275.50_275.00_274.50_274.00_,6_5_11_7_10_
10:30:59,276.50,2,1028,276.50_277.00_277.50_278.00_278.50_,3_57_12_36_31_,276.00_275.50_275.00_274.50_274.00_,7_5_11_7_10_
10:31:04,276.50,3,1031,276.50_277.00_277.50_278.00_278.50_,3_56_12_36_31_,276.00_275.50_275.00_274.50_274.00_,7_5_11_7_10_
10:31:09,276.50,3,1034,277.00_277.50_278.00_278.50_279.00_,56_12_36_31_7_,276.50_276.00_275.50_275.00_274.50_,3_7_5_11_7_
10:31:14,276.50,1,1035,277.00_277.50_278.00_278.50_279.00_,56_4_41_36_7_,276.50_276.00_275.50_275.00_274.50_,9_7_12_6_11_
10:31:20,276.50,1,1036,277.00_277.50_278.00_278.50_279.00_,56_4_41_36_7_,276.50_276.00_275.50_275.00_274.50_,8_8_12_6_11_
10:31:25,276.50,2,1038,277.00_277.50_278.00_278.50_279.00_,56_4_41_36_7_,276.50_276.00_275.50_275.00_274.50_,9_8_12_6_11_
10:31:30,277.00,14,1052,277.00_277.50_278.00_278.50_279.00_,42_5_41_36_7_,276.50_276.00_275.50_275.00_274.50_,9_8_12_6_11_
10:31:35,276.50,3,1055,277.00_277.50_278.00_278.50_279.00_,42_5_38_36_7_,276.50_276.00_275.50_275.00_274.50_,7_8_12_6_11_
10:31:40,277.00,19,1074,277.00_277.50_278.00_278.50_279.00_,26_5_37_36_7_,276.50_276.00_275.50_275.00_274.50_,7_8_12_6_11_
10:31:45,277.00,4,1078,277.00_277.50_278.00_278.50_279.00_,22_5_37_36_6_,276.50_276.00_275.50_275.00_274.50_,7_8_12_6_11_
10:31:50,277.00,14,1092,277.00_277.50_278.00_278.50_279.00_,8_5_37_36_7_,276.50_276.00_275.50_275.00_274.50_,6_8_11_6_11_
10:31:55,277.00,8,1100,277.50_278.00_278.50_279.00_279.50_,5_37_36_7_7_,277.00_276.50_276.00_275.50_275.00_,3_6_13_5_6_
10:32:01,277.00,2,1102,277.50_278.00_278.50_279.00_279.50_,4_29_39_12_7_,277.00_276.50_276.00_275.50_275.00_,5_6_14_7_10_
10:32:06,277.00,1,1103,277.50_278.00_278.50_279.00_279.50_,14_29_39_12_7_,277.00_276.50_276.00_275.50_275.00_,4_11_9_7_10_
10:32:11,277.00,7,1110,277.00_277.50_278.00_278.50_279.00_,16_13_28_39_12_,276.50_276.00_275.50_275.00_274.50_,10_9_7_10_3_
10:32:16,277.00,2,1112,277.00_277.50_278.00_278.50_279.00_,18_13_36_36_7_,276.50_276.00_275.50_275.00_274.50_,5_13_5_6_10_
10:32:21,276.50,6,1118,276.50_277.00_277.50_278.00_278.50_,10_3_13_36_36_,276.00_275.50_275.00_274.50_274.00_,14_5_6_10_3_
10:32:26,276.50,5,1123,276.50_277.00_277.50_278.00_278.50_,5_3_20_33_31_,276.00_275.50_275.00_274.50_274.00_,9_9_4_6_10_
10:32:31,277.00,10,1133,277.50_278.00_278.50_279.00_279.50_,20_33_31_7_7_,276.00_275.50_275.00_274.50_274.00_,11_9_4_6_10_
10:32:37,276.50,1,1134,276.50_277.00_277.50_278.00_278.50_,2_5_12_36_36_,276.00_275.50_275.00_274.50_274.00_,10_10_6_9_5_
10:32:42,276.50,3,1137,277.00_277.50_278.00_278.50_279.00_,6_25_33_31_7_,276.50_276.00_275.50_275.00_274.50_,3_10_9_4_5_
10:32:47,277.00,1,1138,277.00_277.50_278.00_278.50_279.00_,7_17_36_36_7_,276.50_276.00_275.50_275.00_274.50_,4_10_10_6_9_
10:32:52,276.50,1,1139,277.00_277.50_278.00_278.50_279.00_,8_17_36_36_12_,276.50_276.00_275.50_275.00_274.50_,4_15_5_6_9_
10:32:57,276.50,2,1141,277.00_277.50_278.00_278.50_279.00_,8_17_36_36_22_,276.50_276.00_275.50_275.00_274.50_,3_15_5_6_9_
10:33:02,277.00,1,1142,277.00_277.50_278.00_278.50_279.00_,7_18_36_37_22_,276.50_276.00_275.50_275.00_274.50_,3_15_5_6_9_
10:33:07,277.00,3,1145,277.00_277.50_278.00_278.50_279.00_,5_18_36_37_22_,276.50_276.00_275.50_275.00_274.50_,3_15_5_7_9_
10:33:12,277.00,1,1146,277.00_277.50_278.00_278.50_279.00_,5_18_36_37_22_,276.50_276.00_275.50_275.00_274.50_,3_15_5_6_9_
10:33:18,277.00,1,1147,277.00_277.50_278.00_278.50_279.00_,4_18_36_37_22_,276.50_276.00_275.50_275.00_274.50_,3_15_5_6_9_
10:33:23,277.00,1,1147,277.00_277.50_278.00_278.50_279.00_,6_20_36_37_23_,276.50_276.00_275.50_275.00_274.50_,3_14_5_6_11_
10:33:28,277.00,1,1147,277.00_277.50_278.00_278.50_279.00_,10_21_36_37_23_,276.50_276.00_275.50_275.00_274.50_,4_14_5_6_11_
10:33:33,277.00,1,1148,277.00_277.50_278.00_278.50_279.00_,11_21_36_37_23_,276.50_276.00_275.50_275.00_274.50_,5_14_5_6_11_
10:33:38,276.50,3,1151,277.00_277.50_278.00_278.50_279.00_,11_21_37_37_23_,276.50_276.00_275.50_275.00_274.50_,1_14_5_6_11_
10:33:43,276.50,3,1151,277.00_277.50_278.00_278.50_279.00_,12_21_40_38_23_,276.50_276.00_275.50_275.00_274.50_,1_9_10_6_11_
10:33:48,276.50,1,1152,277.00_277.50_278.00_278.50_279.00_,13_21_40_38_23_,276.00_275.50_275.00_274.50_274.00_,9_10_6_11_3_
10:33:59,276.00,1,1153,276.50_277.00_277.50_278.00_278.50_,2_16_28_37_33_,276.00_275.50_275.00_274.50_274.00_,8_9_4_7_11_
10:34:04,276.00,1,1153,276.50_277.00_277.50_278.00_278.50_,4_17_29_36_33_,276.00_275.50_275.00_274.50_274.00_,8_9_4_7_11_
10:34:09,276.00,1,1154,276.50_277.00_277.50_278.00_278.50_,5_20_29_37_33_,276.00_275.50_275.00_274.50_274.00_,8_9_4_7_11_
10:34:14,276.00,4,1158,276.50_277.00_277.50_278.00_278.50_,6_20_29_37_33_,276.00_275.50_275.00_274.50_274.00_,5_9_4_7_11_
10:34:19,276.00,1,1159,276.50_277.00_277.50_278.00_278.50_,6_20_30_37_33_,276.00_275.50_275.00_274.50_274.00_,4_9_4_7_11_
10:34:24,276.00,4,1163,276.00_276.50_277.00_277.50_278.00_,2_5_22_30_38_,275.50_275.00_274.50_274.00_273.50_,4_9_7_11_4_
10:34:29,276.00,3,1166,276.00_276.50_277.00_277.50_278.00_,1_5_30_27_33_,275.50_275.00_274.50_274.00_273.50_,4_8_5_7_11_
10:34:34,276.00,3,1166,276.00_276.50_277.00_277.50_278.00_,4_3_32_26_33_,275.50_275.00_274.50_274.00_273.50_,4_8_5_7_11_
10:34:40,276.00,1,1167,276.00_276.50_277.00_277.50_278.00_,15_3_32_26_34_,275.50_275.00_274.50_274.00_273.50_,4_7_5_7_11_
10:34:45,276.00,1,1167,276.00_276.50_277.00_277.50_278.00_,16_4_32_26_34_,275.50_275.00_274.50_274.00_273.50_,5_2_10_7_11_
10:34:50,276.00,1,1167,276.00_276.50_277.00_277.50_278.00_,16_4_31_25_34_,275.50_275.00_274.50_274.00_273.50_,5_2_10_8_11_
10:34:55,276.00,1,1167,276.00_276.50_277.00_277.50_278.00_,12_4_31_25_34_,275.50_275.00_274.50_274.00_273.50_,5_2_10_8_11_
10:35:00,276.00,17,1184,276.50_277.00_277.50_278.00_278.50_,4_31_25_34_33_,276.00_275.50_275.00_274.50_274.00_,17_5_2_10_8_
10:35:05,276.00,5,1189,276.50_277.00_277.50_278.00_278.50_,4_23_28_39_33_,276.00_275.50_275.00_274.50_274.00_,13_10_3_7_12_
10:35:10,276.00,5,1189,276.50_277.00_277.50_278.00_278.50_,4_27_28_39_33_,276.00_275.50_275.00_274.50_274.00_,13_10_3_7_12_
10:35:15,276.50,1,1190,276.50_277.00_277.50_278.00_278.50_,3_27_28_39_33_,276.00_275.50_275.00_274.50_274.00_,13_10_3_7_12_
10:35:21,276.50,1,1190,276.50_277.00_277.50_278.00_278.50_,3_27_28_38_33_,276.00_275.50_275.00_274.50_274.00_,13_10_3_8_12_
10:35:26,276.50,1,1190,276.50_277.00_277.50_278.00_278.50_,4_28_28_39_33_,276.00_275.50_275.00_274.50_274.00_,14_10_3_8_11_
10:35:31,276.00,2,1192,276.50_277.00_277.50_278.00_278.50_,5_28_28_39_33_,276.00_275.50_275.00_274.50_274.00_,12_10_3_8_11_
10:35:36,276.50,5,1197,276.50_277.00_277.50_278.00_278.50_,2_28_28_39_33_,276.00_275.50_275.00_274.50_274.00_,12_10_3_8_11_
10:35:41,276.00,1,1198,276.50_277.00_277.50_278.00_278.50_,2_28_28_39_33_,276.00_275.50_275.00_274.50_274.00_,11_10_3_8_11_
10:35:46,276.00,1,1199,276.50_277.00_277.50_278.00_278.50_,2_28_28_39_33_,276.00_275.50_275.00_274.50_274.00_,10_10_3_8_11_
10:35:51,276.00,1,1199,276.50_277.00_277.50_278.00_278.50_,3_28_28_39_33_,276.00_275.50_275.00_274.50_274.00_,10_10_3_8_11_
10:35:56,276.00,1,1200,276.50_277.00_277.50_278.00_278.50_,4_28_28_39_33_,276.00_275.50_275.00_274.50_274.00_,9_10_3_8_11_
10:36:07,276.00,2,1202,276.50_277.00_277.50_278.00_278.50_,5_29_28_39_33_,276.00_275.50_275.00_274.50_274.00_,7_10_4_8_11_
10:36:12,276.00,1,1203,276.50_277.00_277.50_278.00_278.50_,5_29_28_39_33_,276.00_275.50_275.00_274.50_274.00_,6_10_4_8_11_
10:36:17,276.00,1,1203,276.50_277.00_277.50_278.00_278.50_,5_29_28_39_33_,276.00_275.50_275.00_274.50_274.00_,6_5_9_8_11_
10:36:22,276.00,5,1208,276.50_277.00_277.50_278.00_278.50_,5_32_28_39_33_,276.00_275.50_275.00_274.50_274.00_,1_5_9_8_12_
10:36:27,276.00,1,1209,276.50_277.00_277.50_278.00_278.50_,5_32_28_39_33_,275.50_275.00_274.50_274.00_273.50_,5_10_9_12_4_
10:36:32,275.50,1,1210,276.00_276.50_277.00_277.50_278.00_,1_5_32_33_34_,275.50_275.00_274.50_274.00_273.50_,4_9_7_15_4_
10:36:37,275.50,2,1212,276.50_277.00_277.50_278.00_278.50_,5_32_33_34_32_,275.50_275.00_274.50_274.00_273.50_,2_9_7_8_11_
10:36:42,275.50,2,1212,276.00_276.50_277.00_277.50_278.00_,2_4_32_33_34_,275.50_275.00_274.50_274.00_273.50_,2_9_7_15_4_
10:36:47,275.50,2,1214,276.00_276.50_277.00_277.50_278.00_,2_4_33_33_34_,275.00_274.50_274.00_273.50_273.00_,9_7_8_11_7_
10:36:53,275.00,3,1217,276.00_276.50_277.00_277.50_278.00_,3_4_46_20_34_,275.00_274.50_274.00_273.50_273.00_,6_6_6_14_7_
10:36:58,275.50,1,1218,276.00_276.50_277.00_277.50_278.00_,3_4_46_20_34_,275.00_274.50_274.00_273.50_273.00_,1_10_6_14_7_
10:37:03,275.50,1,1219,276.00_276.50_277.00_277.50_278.00_,3_4_46_20_34_,275.00_274.50_274.00_273.50_273.00_,1_10_6_14_7_
10:37:08,275.50,1,1219,276.00_276.50_277.00_277.50_278.00_,3_5_46_20_34_,275.00_274.50_274.00_273.50_273.00_,2_10_6_14_7_
10:37:13,275.50,1,1219,276.00_276.50_277.00_277.50_278.00_,3_5_46_20_34_,275.00_274.50_274.00_273.50_273.00_,2_10_7_14_7_
10:37:18,275.50,1,1219,276.00_276.50_277.00_277.50_278.00_,3_5_46_20_34_,275.00_274.50_274.00_273.50_273.00_,12_10_7_14_7_
10:37:23,275.50,1,1219,276.00_276.50_277.00_277.50_278.00_,4_7_46_20_33_,275.00_274.50_274.00_273.50_273.00_,13_10_7_14_7_
10:37:28,275.00,1,1220,276.00_276.50_277.00_277.50_278.00_,4_7_46_20_33_,275.00_274.50_274.00_273.50_273.00_,12_10_7_14_7_
10:37:34,275.00,1,1220,276.00_276.50_277.00_277.50_278.00_,5_7_46_20_33_,275.00_274.50_274.00_273.50_273.00_,12_10_7_14_7_
10:37:39,275.00,1,1220,275.50_276.00_276.50_277.00_277.50_,1_5_6_46_20_,275.00_274.50_274.00_273.50_273.00_,12_10_7_14_7_
10:37:44,275.00,1,1220,275.50_276.00_276.50_277.00_277.50_,3_4_8_46_21_,275.00_274.50_274.00_273.50_273.00_,12_10_7_7_15_
10:37:49,275.00,3,1223,275.50_276.00_276.50_277.00_277.50_,4_5_8_46_21_,275.00_274.50_274.00_273.50_273.00_,9_10_7_7_15_
10:37:54,275.50,3,1226,275.50_276.00_276.50_277.00_277.50_,1_5_8_46_21_,275.00_274.50_274.00_273.50_273.00_,9_10_7_7_15_
10:37:59,275.00,1,1227,275.50_276.00_276.50_277.00_277.50_,1_5_8_46_21_,275.00_274.50_274.00_273.50_273.00_,8_10_7_7_15_
10:38:09,275.50,1,1228,276.00_276.50_277.00_277.50_278.00_,5_8_45_21_32_,275.50_275.00_274.50_274.00_273.50_,1_9_10_8_7_
10:38:15,275.50,1,1229,276.00_276.50_277.00_277.50_278.00_,5_8_32_34_32_,275.50_275.00_274.50_274.00_273.50_,1_8_11_9_10_
10:38:20,275.50,1,1229,276.00_276.50_277.00_277.50_278.00_,5_9_32_34_32_,275.50_275.00_274.50_274.00_273.50_,1_9_11_9_10_
10:38:25,275.50,1,1229,276.00_276.50_277.00_277.50_278.00_,6_9_32_34_32_,275.50_275.00_274.50_274.00_273.50_,1_9_11_9_10_
10:38:30,275.50,1,1229,276.00_276.50_277.00_277.50_278.00_,6_9_33_34_32_,275.50_275.00_274.50_274.00_273.50_,1_9_11_9_10_
10:38:35,275.50,1,1229,276.00_276.50_277.00_277.50_278.00_,6_9_33_34_32_,275.50_275.00_274.50_274.00_273.50_,2_9_11_9_10_
10:38:40,276.00,1,1230,276.00_276.50_277.00_277.50_278.00_,5_9_33_34_32_,275.50_275.00_274.50_274.00_273.50_,11_9_11_9_10_
10:38:45,276.00,1,1230,276.00_276.50_277.00_277.50_278.00_,4_9_41_26_32_,275.50_275.00_274.50_274.00_273.50_,11_14_6_9_10_
10:38:51,276.00,1,1230,276.00_276.50_277.00_277.50_278.00_,4_8_41_25_32_,275.50_275.00_274.50_274.00_273.50_,11_14_6_9_10_
10:38:56,275.50,4,1234,276.00_276.50_277.00_277.50_278.00_,4_8_41_25_32_,275.50_275.00_274.50_274.00_273.50_,7_14_6_9_10_
10:39:01,275.50,2,1236,276.00_276.50_277.00_277.50_278.00_,4_8_33_33_32_,275.50_275.00_274.50_274.00_273.50_,5_14_6_9_10_
10:39:06,275.50,1,1237,276.00_276.50_277.00_277.50_278.00_,5_8_33_33_32_,275.50_275.00_274.50_274.00_273.50_,5_14_6_9_10_
10:39:11,275.50,3,1240,276.00_276.50_277.00_277.50_278.00_,7_8_33_33_32_,275.50_275.00_274.50_274.00_273.50_,3_14_6_9_10_
10:39:16,275.50,3,1240,276.00_276.50_277.00_277.50_278.00_,7_8_33_33_32_,275.50_275.00_274.50_274.00_273.50_,4_23_6_9_10_
10:39:21,275.50,1,1241,276.00_276.50_277.00_277.50_278.00_,7_8_33_33_31_,275.50_275.00_274.50_274.00_273.50_,3_23_6_9_10_
10:39:26,275.50,1,1241,276.00_276.50_277.00_277.50_278.00_,7_8_31_33_31_,275.50_275.00_274.50_274.00_273.50_,3_23_6_10_10_
10:39:32,275.50,1,1241,276.00_276.50_277.00_277.50_278.00_,7_8_29_33_31_,275.50_275.00_274.50_274.00_273.50_,3_23_6_10_10_
10:39:42,275.50,1,1241,276.00_276.50_277.00_277.50_278.00_,12_8_30_33_31_,275.50_275.00_274.50_274.00_273.50_,3_24_6_10_10_
10:39:47,275.50,1,1242,276.00_276.50_277.00_277.50_278.00_,16_8_30_33_31_,275.50_275.00_274.50_274.00_273.50_,2_24_6_11_10_
10:39:52,275.50,2,1244,276.00_276.50_277.00_277.50_278.00_,18_8_31_33_32_,275.00_274.50_274.00_273.50_273.00_,24_6_11_10_8_
10:39:57,275.50,2,1244,276.00_276.50_277.00_277.50_278.00_,18_8_44_20_32_,275.00_274.50_274.00_273.50_273.00_,19_10_9_13_8_
10:40:02,275.50,2,1244,275.50_276.00_276.50_277.00_277.50_,3_17_8_44_20_,275.00_274.50_274.00_273.50_273.00_,19_10_9_13_8_
10:40:07,275.50,2,1244,275.50_276.00_276.50_277.00_277.50_,5_37_8_43_20_,275.00_274.50_274.00_273.50_273.00_,19_10_9_6_15_
10:40:23,275.50,1,1245,275.50_276.00_276.50_277.00_277.50_,5_37_8_43_20_,275.00_274.50_274.00_273.50_273.00_,20_10_9_6_15_
10:40:28,275.50,1,1245,275.50_276.00_276.50_277.00_277.50_,6_37_8_43_20_,275.00_274.50_274.00_273.50_273.00_,20_10_9_6_15_
10:40:33,275.50,1,1246,275.50_276.00_276.50_277.00_277.50_,5_37_8_43_20_,275.00_274.50_274.00_273.50_273.00_,19_10_9_6_15_
10:40:38,275.50,2,1248,275.50_276.00_276.50_277.00_277.50_,4_37_8_45_20_,275.00_274.50_274.00_273.50_273.00_,19_10_9_6_15_
10:40:48,275.50,2,1248,275.50_276.00_276.50_277.00_277.50_,5_37_8_45_20_,275.00_274.50_274.00_273.50_273.00_,19_10_8_6_15_
10:40:54,275.50,2,1248,275.50_276.00_276.50_277.00_277.50_,5_37_8_47_20_,275.00_274.50_274.00_273.50_273.00_,19_10_8_6_15_
10:40:59,275.50,2,1248,275.50_276.00_276.50_277.00_277.50_,5_37_9_47_20_,275.00_274.50_274.00_273.50_273.00_,19_10_8_6_15_
10:41:04,275.50,1,1249,275.50_276.00_276.50_277.00_277.50_,4_37_9_48_20_,275.00_274.50_274.00_273.50_273.00_,21_10_8_6_15_
10:41:09,275.50,1,1250,275.50_276.00_276.50_277.00_277.50_,4_37_9_48_20_,275.00_274.50_274.00_273.50_273.00_,21_10_8_6_15_
10:41:14,275.00,1,1251,275.50_276.00_276.50_277.00_277.50_,4_37_9_48_20_,275.00_274.50_274.00_273.50_273.00_,20_10_8_6_15_
10:41:19,275.50,4,1255,276.00_276.50_277.00_277.50_278.00_,37_9_48_20_32_,275.50_275.00_274.50_274.00_273.50_,3_21_10_8_6_
10:41:25,275.50,4,1255,276.00_276.50_277.00_277.50_278.00_,37_9_36_33_32_,275.50_275.00_274.50_274.00_273.50_,4_20_11_10_10_
10:41:35,275.50,1,1256,276.00_276.50_277.00_277.50_278.00_,37_10_36_33_32_,275.50_275.00_274.50_274.00_273.50_,3_20_11_10_10_
10:41:45,275.50,1,1256,276.00_276.50_277.00_277.50_278.00_,38_10_36_33_32_,275.50_275.00_274.50_274.00_273.50_,3_20_11_10_10_
10:41:50,275.50,1,1256,276.00_276.50_277.00_277.50_278.00_,39_10_36_33_33_,275.50_275.00_274.50_274.00_273.50_,3_20_11_10_10_
10:41:55,275.50,1,1256,276.00_276.50_277.00_277.50_278.00_,39_10_36_33_33_,275.50_275.00_274.50_274.00_273.50_,3_21_11_10_10_
10:42:00,275.50,1,1256,276.00_276.50_277.00_277.50_278.00_,39_10_36_33_33_,275.50_275.00_274.50_274.00_273.50_,4_22_11_9_10_
10:42:11,275.50,1,1256,276.00_276.50_277.00_277.50_278.00_,38_10_36_33_33_,275.50_275.00_274.50_274.00_273.50_,5_22_11_9_10_
10:42:16,275.50,1,1257,276.00_276.50_277.00_277.50_278.00_,38_10_36_33_33_,275.50_275.00_274.50_274.00_273.50_,4_22_11_9_10_
10:42:26,275.50,3,1260,276.00_276.50_277.00_277.50_278.00_,38_10_36_33_33_,275.50_275.00_274.50_274.00_273.50_,1_22_11_9_10_
10:42:31,275.50,1,1261,275.50_276.00_276.50_277.00_277.50_,10_38_10_36_33_,275.00_274.50_274.00_273.50_273.00_,22_11_9_10_8_
10:42:36,275.50,1,1261,275.50_276.00_276.50_277.00_277.50_,10_38_10_49_20_,275.00_274.50_274.00_273.50_273.00_,22_10_7_6_15_
10:42:41,275.50,1,1261,275.50_276.00_276.50_277.00_277.50_,10_38_10_49_20_,275.00_274.50_274.00_273.50_273.00_,21_10_7_6_15_
10:42:47,275.50,1,1261,275.50_276.00_276.50_277.00_277.50_,10_38_10_48_20_,275.00_274.50_274.00_273.50_273.00_,21_10_7_6_15_
10:42:52,275.50,1,1261,275.50_276.00_276.50_277.00_277.50_,10_38_10_48_20_,275.00_274.50_274.00_273.50_273.00_,21_10_8_6_15_
10:42:57,275.50,1,1261,275.50_276.00_276.50_277.00_277.50_,10_39_10_48_20_,275.00_274.50_274.00_273.50_273.00_,21_10_8_6_15_
10:43:02,275.50,1,1261,275.50_276.00_276.50_277.00_277.50_,10_40_10_48_20_,275.00_274.50_274.00_273.50_273.00_,21_10_8_6_15_
10:43:07,275.50,1,1262,275.50_276.00_276.50_277.00_277.50_,9_35_10_48_20_,275.00_274.50_274.00_273.50_273.00_,21_10_8_6_15_
10:43:12,275.50,1,1262,275.50_276.00_276.50_277.00_277.50_,10_35_10_48_20_,275.00_274.50_274.00_273.50_273.00_,23_10_8_6_15_
10:43:17,275.50,1,1263,275.50_276.00_276.50_277.00_277.50_,14_35_10_48_20_,275.00_274.50_274.00_273.50_273.00_,23_10_8_6_15_
10:43:43,275.00,1,1264,275.50_276.00_276.50_277.00_277.50_,14_35_9_48_20_,275.00_274.50_274.00_273.50_273.00_,22_10_8_6_15_
10:43:48,275.50,15,1279,276.00_276.50_277.00_277.50_278.00_,35_9_48_20_34_,275.50_275.00_274.50_274.00_273.50_,25_22_10_8_6_
10:43:53,275.50,1,1280,276.00_276.50_277.00_277.50_278.00_,35_9_35_33_34_,275.50_275.00_274.50_274.00_273.50_,24_26_6_10_10_
10:43:58,275.50,1,1280,276.00_276.50_277.00_277.50_278.00_,36_9_35_33_34_,275.50_275.00_274.50_274.00_273.50_,25_24_6_10_10_
10:44:04,275.50,1,1280,276.00_276.50_277.00_277.50_278.00_,37_9_35_33_34_,275.50_275.00_274.50_274.00_273.50_,26_24_6_10_10_
10:44:09,275.50,3,1283,276.00_276.50_277.00_277.50_278.00_,37_9_34_33_34_,275.50_275.00_274.50_274.00_273.50_,23_24_6_10_10_
10:44:19,275.50,3,1283,276.00_276.50_277.00_277.50_278.00_,37_9_34_33_34_,275.50_275.00_274.50_274.00_273.50_,23_19_11_10_10_
10:44:24,276.00,1,1284,276.00_276.50_277.00_277.50_278.00_,36_9_33_33_34_,275.50_275.00_274.50_274.00_273.50_,22_19_11_10_10_
10:44:29,275.50,1,1285,276.00_276.50_277.00_277.50_278.00_,36_8_41_25_34_,275.50_275.00_274.50_274.00_273.50_,21_19_11_10_10_
10:44:34,275.50,1,1286,276.00_276.50_277.00_277.50_278.00_,36_8_32_33_34_,275.50_275.00_274.50_274.00_273.50_,20_19_11_10_10_
10:44:45,275.50,1,1287,276.00_276.50_277.00_277.50_278.00_,36_8_32_33_34_,275.50_275.00_274.50_274.00_273.50_,19_19_11_10_10_
10:44:50,275.50,1,1287,276.00_276.50_277.00_277.50_278.00_,36_8_32_33_34_,275.50_275.00_274.50_274.00_273.50_,19_20_11_10_10_
10:44:55,275.50,1,1288,276.00_276.50_277.00_277.50_278.00_,36_8_32_33_35_,275.50_275.00_274.50_274.00_273.50_,19_20_11_10_10_
10:45:00,275.50,3,1291,276.00_276.50_277.00_277.50_278.00_,36_8_33_33_35_,275.50_275.00_274.50_274.00_273.50_,17_20_11_10_10_
10:45:05,275.50,3,1291,276.00_276.50_277.00_277.50_278.00_,35_8_33_33_35_,275.50_275.00_274.50_274.00_273.50_,17_20_11_10_10_
10:45:10,275.50,1,1292,276.00_276.50_277.00_277.50_278.00_,35_8_36_33_35_,275.50_275.00_274.50_274.00_273.50_,16_20_11_10_10_
10:45:16,275.50,2,1294,276.00_276.50_277.00_277.50_278.00_,35_8_36_33_35_,275.50_275.00_274.50_274.00_273.50_,14_20_11_10_10_
10:45:21,275.50,2,1294,276.00_276.50_277.00_277.50_278.00_,35_8_37_33_35_,275.50_275.00_274.50_274.00_273.50_,14_20_11_10_10_
10:45:36,275.50,2,1294,276.00_276.50_277.00_277.50_278.00_,35_8_37_33_35_,275.50_275.00_274.50_274.00_273.50_,15_21_11_9_10_
10:45:41,275.50,2,1294,276.00_276.50_277.00_277.50_278.00_,35_8_38_33_36_,275.50_275.00_274.50_274.00_273.50_,15_21_11_9_10_
10:45:46,275.50,2,1296,276.00_276.50_277.00_277.50_278.00_,36_8_38_33_36_,275.50_275.00_274.50_274.00_273.50_,12_22_11_9_10_
10:45:52,276.00,1,1297,276.00_276.50_277.00_277.50_278.00_,35_9_38_33_36_,275.50_275.00_274.50_274.00_273.50_,12_22_11_9_10_
10:45:57,276.00,1,1297,276.00_276.50_277.00_277.50_278.00_,35_9_39_33_36_,275.50_275.00_274.50_274.00_273.50_,17_22_11_9_10_
10:46:02,276.00,1,1297,276.00_276.50_277.00_277.50_278.00_,35_9_39_33_36_,275.50_275.00_274.50_274.00_273.50_,12_22_11_9_10_
10:46:07,276.00,1,1297,276.00_276.50_277.00_277.50_278.00_,35_10_47_25_36_,275.50_275.00_274.50_274.00_273.50_,12_22_11_9_10_
10:46:12,276.00,1,1298,276.00_276.50_277.00_277.50_278.00_,34_10_47_25_36_,275.50_275.00_274.50_274.00_273.50_,11_22_11_9_10_
10:46:27,276.00,1,1298,276.00_276.50_277.00_277.50_278.00_,33_10_47_25_36_,275.50_275.00_274.50_274.00_273.50_,11_22_11_9_10_
10:46:48,276.00,1,1298,276.00_276.50_277.00_277.50_278.00_,33_9_48_25_36_,275.50_275.00_274.50_274.00_273.50_,11_22_11_9_10_
10:46:53,276.00,1,1298,276.00_276.50_277.00_277.50_278.00_,32_9_47_25_36_,275.50_275.00_274.50_274.00_273.50_,12_22_11_9_10_
10:46:58,276.00,2,1300,276.00_276.50_277.00_277.50_278.00_,30_9_47_26_37_,275.50_275.00_274.50_274.00_273.50_,12_22_11_9_10_
10:47:13,275.50,1,1301,276.00_276.50_277.00_277.50_278.00_,30_9_47_26_37_,275.50_275.00_274.50_274.00_273.50_,11_22_11_9_10_
10:47:19,275.50,1,1301,276.00_276.50_277.00_277.50_278.00_,29_9_39_34_37_,275.50_275.00_274.50_274.00_273.50_,11_22_11_9_10_
10:47:24,275.50,1,1302,276.00_276.50_277.00_277.50_278.00_,29_9_39_34_37_,275.50_275.00_274.50_274.00_273.50_,10_22_11_9_10_
10:47:29,275.50,1,1303,276.00_276.50_277.00_277.50_278.00_,29_9_39_34_37_,275.50_275.00_274.50_274.00_273.50_,9_22_11_9_10_
10:47:39,275.50,1,1304,276.00_276.50_277.00_277.50_278.00_,30_9_40_34_38_,275.50_275.00_274.50_274.00_273.50_,9_22_11_9_10_
10:47:44,275.50,1,1304,276.00_276.50_277.00_277.50_278.00_,31_9_40_34_38_,275.50_275.00_274.50_274.00_273.50_,14_22_11_9_10_
10:48:05,276.00,1,1305,276.00_276.50_277.00_277.50_278.00_,30_9_40_34_38_,275.50_275.00_274.50_274.00_273.50_,13_22_11_9_10_
10:48:10,276.00,1,1305,276.00_276.50_277.00_277.50_278.00_,30_9_48_26_38_,275.50_275.00_274.50_274.00_273.50_,13_22_11_9_10_
10:48:15,275.50,1,1306,276.00_276.50_277.00_277.50_278.00_,29_9_48_26_38_,275.50_275.00_274.50_274.00_273.50_,12_22_11_9_10_
10:48:20,275.50,1,1306,276.00_276.50_277.00_277.50_278.00_,29_9_40_34_38_,275.50_275.00_274.50_274.00_273.50_,12_22_11_9_10_
10:48:30,275.50,1,1306,276.00_276.50_277.00_277.50_278.00_,30_9_40_34_38_,275.50_275.00_274.50_274.00_273.50_,12_22_11_9_10_
10:48:35,275.50,1,1306,276.00_276.50_277.00_277.50_278.00_,30_10_40_34_38_,275.50_275.00_274.50_274.00_273.50_,12_22_11_9_10_
10:48:40,275.50,1,1306,276.00_276.50_277.00_277.50_278.00_,30_10_40_34_40_,275.50_275.00_274.50_274.00_273.50_,12_22_11_9_10_
10:48:46,275.50,1,1306,276.00_276.50_277.00_277.50_278.00_,30_10_39_34_40_,275.50_275.00_274.50_274.00_273.50_,12_22_11_9_10_
10:48:51,275.50,1,1306,276.00_276.50_277.00_277.50_278.00_,30_10_39_34_40_,275.50_275.00_274.50_274.00_273.50_,13_22_11_9_10_
10:49:01,275.50,1,1307,276.00_276.50_277.00_277.50_278.00_,30_10_39_34_40_,275.50_275.00_274.50_274.00_273.50_,12_22_11_9_10_
10:49:16,275.50,1,1307,276.00_276.50_277.00_277.50_278.00_,30_10_40_34_40_,275.50_275.00_274.50_274.00_273.50_,12_22_11_9_10_
10:49:22,275.50,2,1309,276.00_276.50_277.00_277.50_278.00_,30_10_40_34_40_,275.50_275.00_274.50_274.00_273.50_,10_22_11_9_10_
10:49:27,275.50,1,1310,276.00_276.50_277.00_277.50_278.00_,31_10_40_34_40_,275.50_275.00_274.50_274.00_273.50_,9_22_11_9_10_
10:49:32,275.50,1,1311,276.00_276.50_277.00_277.50_278.00_,32_10_39_34_40_,275.50_275.00_274.50_274.00_273.50_,8_22_11_9_10_
10:49:37,275.50,1,1312,276.00_276.50_277.00_277.50_278.00_,32_10_39_34_40_,275.50_275.00_274.50_274.00_273.50_,7_22_11_9_10_
10:49:52,275.50,2,1314,276.00_276.50_277.00_277.50_278.00_,32_10_40_29_40_,275.50_275.00_274.50_274.00_273.50_,7_22_11_9_10_
10:50:08,276.00,1,1316,276.00_276.50_277.00_277.50_278.00_,30_10_40_29_40_,275.50_275.00_274.50_274.00_273.50_,5_22_11_9_10_
10:50:13,276.00,1,1316,276.00_276.50_277.00_277.50_278.00_,30_10_48_21_40_,275.50_275.00_274.50_274.00_273.50_,5_22_11_9_10_
10:50:18,275.50,5,1321,275.50_276.00_276.50_277.00_277.50_,1_31_10_48_21_,275.00_274.50_274.00_273.50_273.00_,22_11_9_10_8_
10:50:23,275.50,5,1321,275.50_276.00_276.50_277.00_277.50_,2_30_10_53_16_,275.00_274.50_274.00_273.50_273.00_,22_10_7_6_15_
10:50:28,275.50,1,1322,275.50_276.00_276.50_277.00_277.50_,3_29_10_53_16_,275.00_274.50_274.00_273.50_273.00_,22_10_7_6_15_
10:50:33,275.50,1,1322,275.50_276.00_276.50_277.00_277.50_,4_29_10_53_16_,275.00_274.50_274.00_273.50_273.00_,22_10_7_6_15_
10:50:38,275.50,1,1322,275.50_276.00_276.50_277.00_277.50_,7_30_10_53_16_,275.00_274.50_274.00_273.50_273.00_,22_10_7_6_15_
10:50:44,275.50,1,1322,275.50_276.00_276.50_277.00_277.50_,10_31_10_53_16_,275.00_274.50_274.00_273.50_273.00_,22_10_7_6_15_
10:50:49,275.50,1,1322,275.50_276.00_276.50_277.00_277.50_,10_31_10_53_16_,275.00_274.50_274.00_273.50_273.00_,23_10_7_6_15_
10:51:09,275.50,1,1322,275.50_276.00_276.50_277.00_277.50_,16_41_10_53_16_,275.00_274.50_274.00_273.50_273.00_,23_10_7_6_15_
10:51:30,275.50,1,1322,275.50_276.00_276.50_277.00_277.50_,17_43_9_51_16_,275.00_274.50_274.00_273.50_273.00_,24_10_7_6_15_
10:51:45,275.50,1,1323,275.50_276.00_276.50_277.00_277.50_,16_43_9_51_16_,275.00_274.50_274.00_273.50_273.00_,24_10_7_6_15_
10:51:50,275.00,1,1324,275.50_276.00_276.50_277.00_277.50_,17_43_9_51_16_,275.00_274.50_274.00_273.50_273.00_,23_10_7_6_15_
10:51:56,275.50,1,1325,275.50_276.00_276.50_277.00_277.50_,16_43_9_51_16_,275.00_274.50_274.00_273.50_273.00_,24_10_7_6_15_
10:52:01,275.50,1,1326,275.50_276.00_276.50_277.00_277.50_,15_43_9_51_16_,275.00_274.50_274.00_273.50_273.00_,23_10_7_6_15_
10:52:11,275.50,1,1326,275.50_276.00_276.50_277.00_277.50_,16_43_9_51_16_,275.00_274.50_274.00_273.50_273.00_,23_10_7_6_15_
10:52:16,275.50,1,1327,275.50_276.00_276.50_277.00_277.50_,15_43_9_51_16_,275.00_274.50_274.00_273.50_273.00_,23_10_7_6_15_
10:52:32,275.50,1,1327,275.50_276.00_276.50_277.00_277.50_,16_43_9_51_16_,275.00_274.50_274.00_273.50_273.00_,23_10_7_6_15_
10:52:37,275.50,1,1327,275.50_276.00_276.50_277.00_277.50_,16_43_9_52_17_,275.00_274.50_274.00_273.50_273.00_,23_10_7_6_15_
10:52:47,275.50,1,1327,275.50_276.00_276.50_277.00_277.50_,18_43_9_52_17_,275.00_274.50_274.00_273.50_273.00_,24_10_7_6_15_
10:53:02,275.50,1,1328,275.50_276.00_276.50_277.00_277.50_,18_43_9_52_17_,275.00_274.50_274.00_273.50_273.00_,24_10_7_6_15_
10:53:18,275.50,1,1328,275.50_276.00_276.50_277.00_277.50_,18_43_9_50_17_,275.00_274.50_274.00_273.50_273.00_,24_10_7_6_15_
10:53:23,275.50,1,1328,275.50_276.00_276.50_277.00_277.50_,19_43_9_50_17_,275.00_274.50_274.00_273.50_273.00_,24_10_7_6_15_
10:53:33,275.50,1,1328,275.50_276.00_276.50_277.00_277.50_,18_43_9_50_17_,275.00_274.50_274.00_273.50_273.00_,24_10_7_6_15_
10:53:43,275.50,1,1328,275.50_276.00_276.50_277.00_277.50_,20_43_9_50_17_,275.00_274.50_274.00_273.50_273.00_,24_10_7_6_15_
10:53:49,275.50,1,1328,275.50_276.00_276.50_277.00_277.50_,20_44_9_50_17_,275.00_274.50_274.00_273.50_273.00_,24_10_7_6_15_
10:53:54,275.00,10,1338,275.50_276.00_276.50_277.00_277.50_,20_44_9_50_17_,275.00_274.50_274.00_273.50_273.00_,14_10_7_6_15_
10:53:59,275.50,1,1339,275.50_276.00_276.50_277.00_277.50_,19_44_9_50_17_,275.00_274.50_274.00_273.50_273.00_,13_5_12_6_15_
10:54:04,275.50,1,1339,275.50_276.00_276.50_277.00_277.50_,19_46_9_50_17_,275.00_274.50_274.00_273.50_273.00_,13_5_12_6_15_
10:54:14,275.50,1,1339,275.50_276.00_276.50_277.00_277.50_,21_46_9_50_17_,275.00_274.50_274.00_273.50_273.00_,16_5_12_6_15_
10:54:19,275.50,1,1339,275.50_276.00_276.50_277.00_277.50_,21_46_9_50_17_,275.00_274.50_274.00_273.50_273.00_,16_10_12_6_15_
10:54:24,275.00,1,1340,275.50_276.00_276.50_277.00_277.50_,21_46_9_50_17_,275.00_274.50_274.00_273.50_273.00_,15_10_12_6_15_
10:54:30,275.00,1,1341,275.50_276.00_276.50_277.00_277.50_,21_46_9_50_17_,275.00_274.50_274.00_273.50_273.00_,14_10_12_6_15_
10:54:35,275.00,2,1343,275.50_276.00_276.50_277.00_277.50_,20_47_9_50_17_,275.00_274.50_274.00_273.50_273.00_,13_10_12_6_15_
10:54:40,275.00,2,1343,275.50_276.00_276.50_277.00_277.50_,20_47_9_51_17_,275.00_274.50_274.00_273.50_273.00_,13_10_12_12_15_
10:54:45,275.00,1,1344,275.50_276.00_276.50_277.00_277.50_,20_47_9_51_17_,275.00_274.50_274.00_273.50_273.00_,10_10_12_12_16_
10:54:50,275.00,1,1344,275.50_276.00_276.50_277.00_277.50_,20_47_9_52_17_,275.00_274.50_274.00_273.50_273.00_,10_10_12_12_16_
10:54:55,275.00,1,1344,275.50_276.00_276.50_277.00_277.50_,20_47_9_52_17_,275.00_274.50_274.00_273.50_273.00_,10_12_12_12_16_
10:55:00,275.00,1,1345,275.50_276.00_276.50_277.00_277.50_,20_47_9_53_17_,275.00_274.50_274.00_273.50_273.00_,9_12_12_12_16_
10:55:05,275.00,1,1346,275.50_276.00_276.50_277.00_277.50_,19_47_9_53_17_,275.00_274.50_274.00_273.50_273.00_,8_13_12_12_16_
10:55:11,275.00,3,1349,275.50_276.00_276.50_277.00_277.50_,19_47_9_53_17_,275.00_274.50_274.00_273.50_273.00_,6_13_12_12_16_
10:55:16,275.00,6,1355,275.50_276.00_276.50_277.00_277.50_,19_47_9_53_17_,274.50_274.00_273.50_273.00_272.50_,13_12_12_16_2_
10:55:21,274.50,1,1356,275.00_275.50_276.00_276.50_277.00_,1_19_47_22_40_,274.50_274.00_273.50_273.00_272.50_,12_11_10_19_2_
10:55:26,274.50,1,1357,275.00_275.50_276.00_276.50_277.00_,1_18_46_22_40_,274.50_274.00_273.50_273.00_272.50_,11_11_10_12_9_
10:55:31,275.00,1,1358,275.00_275.50_276.00_276.50_277.00_,2_18_46_22_40_,274.50_274.00_273.50_273.00_272.50_,10_10_10_12_14_
10:55:36,275.00,1,1358,275.00_275.50_276.00_276.50_277.00_,2_18_45_22_40_,274.50_274.00_273.50_273.00_272.50_,10_10_13_13_14_
10:55:41,275.00,1,1358,275.00_275.50_276.00_276.50_277.00_,7_18_45_22_41_,274.50_274.00_273.50_273.00_272.50_,10_10_13_13_14_
10:55:46,275.00,8,1366,275.50_276.00_276.50_277.00_277.50_,18_45_22_41_17_,275.00_274.50_274.00_273.50_273.00_,7_10_10_13_13_
10:55:52,275.00,8,1366,275.50_276.00_276.50_277.00_277.50_,19_45_9_54_17_,275.00_274.50_274.00_273.50_273.00_,17_11_11_15_17_
10:55:57,275.00,2,1368,275.50_276.00_276.50_277.00_277.50_,19_45_9_53_17_,275.00_274.50_274.00_273.50_273.00_,16_11_11_15_17_
10:56:02,275.00,2,1368,275.50_276.00_276.50_277.00_277.50_,18_45_9_53_17_,275.00_274.50_274.00_273.50_273.00_,16_10_11_15_17_
10:56:07,275.00,2,1368,275.50_276.00_276.50_277.00_277.50_,19_45_8_53_17_,275.00_274.50_274.00_273.50_273.00_,16_10_16_15_17_
10:56:12,275.00,2,1368,275.50_276.00_276.50_277.00_277.50_,21_44_8_53_17_,275.00_274.50_274.00_273.50_273.00_,16_10_16_15_17_
10:56:17,275.00,1,1369,275.50_276.00_276.50_277.00_277.50_,21_44_8_53_17_,275.00_274.50_274.00_273.50_273.00_,15_10_16_15_17_
10:56:22,275.00,1,1369,275.50_276.00_276.50_277.00_277.50_,24_44_8_53_17_,275.00_274.50_274.00_273.50_273.00_,15_10_16_15_17_
10:56:27,275.00,1,1370,275.50_276.00_276.50_277.00_277.50_,24_44_8_53_17_,275.00_274.50_274.00_273.50_273.00_,14_10_16_15_17_
10:56:33,275.00,1,1370,275.50_276.00_276.50_277.00_277.50_,24_44_8_53_17_,275.00_274.50_274.00_273.50_273.00_,15_10_16_15_17_
10:56:43,275.00,1,1371,275.50_276.00_276.50_277.00_277.50_,24_44_8_53_17_,275.00_274.50_274.00_273.50_273.00_,15_10_16_15_17_
10:56:48,275.50,1,1372,275.50_276.00_276.50_277.00_277.50_,23_44_8_53_17_,275.00_274.50_274.00_273.50_273.00_,15_10_16_15_17_
10:56:58,275.50,1,1372,275.50_276.00_276.50_277.00_277.50_,23_44_8_54_17_,275.00_274.50_274.00_273.50_273.00_,15_10_16_15_17_
10:57:03,275.00,5,1377,275.50_276.00_276.50_277.00_277.50_,23_44_8_54_17_,275.00_274.50_274.00_273.50_273.00_,10_10_16_15_17_
10:57:08,275.00,1,1378,275.50_276.00_276.50_277.00_277.50_,24_44_8_54_17_,275.00_274.50_274.00_273.50_273.00_,9_10_16_15_17_
10:57:13,275.00,2,1380,275.50_276.00_276.50_277.00_277.50_,23_44_8_56_17_,275.00_274.50_274.00_273.50_273.00_,7_10_16_15_17_
10:57:19,275.00,2,1380,275.50_276.00_276.50_277.00_277.50_,24_44_8_56_17_,275.00_274.50_274.00_273.50_273.00_,7_10_16_15_17_
10:57:24,275.00,1,1381,275.50_276.00_276.50_277.00_277.50_,23_43_8_56_17_,275.00_274.50_274.00_273.50_273.00_,6_10_16_15_17_
10:57:34,275.00,1,1382,275.50_276.00_276.50_277.00_277.50_,23_43_8_56_17_,275.00_274.50_274.00_273.50_273.00_,5_10_16_15_17_
10:57:39,275.00,2,1384,275.50_276.00_276.50_277.00_277.50_,24_43_8_56_17_,275.00_274.50_274.00_273.50_273.00_,3_10_16_15_17_
10:57:49,275.00,2,1386,275.50_276.00_276.50_277.00_277.50_,24_43_8_56_17_,275.00_274.50_274.00_273.50_273.00_,1_10_16_15_17_
10:57:54,275.00,2,1386,275.50_276.00_276.50_277.00_277.50_,24_43_8_56_17_,274.50_274.00_273.50_273.00_272.50_,10_16_15_17_7_
10:58:00,275.00,2,1386,275.00_275.50_276.00_276.50_277.00_,1_24_43_21_43_,274.50_274.00_273.50_273.00_272.50_,10_15_13_20_7_
10:58:05,275.00,2,1386,275.00_275.50_276.00_276.50_277.00_,3_23_43_21_43_,274.50_274.00_273.50_273.00_272.50_,10_15_13_13_19_
10:58:10,275.00,2,1386,275.00_275.50_276.00_276.50_277.00_,5_23_43_21_43_,274.50_274.00_273.50_273.00_272.50_,11_15_13_13_19_
10:58:15,275.00,1,1387,275.00_275.50_276.00_276.50_277.00_,4_23_43_20_43_,274.50_274.00_273.50_273.00_272.50_,11_15_13_13_19_
10:58:20,275.00,2,1389,275.00_275.50_276.00_276.50_277.00_,3_23_43_20_43_,274.50_274.00_273.50_273.00_272.50_,11_15_13_13_19_
10:58:25,275.00,2,1389,275.00_275.50_276.00_276.50_277.00_,3_28_43_20_43_,274.50_274.00_273.50_273.00_272.50_,11_15_13_13_19_
10:58:30,275.00,2,1389,275.00_275.50_276.00_276.50_277.00_,3_28_43_20_43_,274.50_274.00_273.50_273.00_272.50_,12_15_13_13_19_
10:58:35,275.00,2,1389,275.00_275.50_276.00_276.50_277.00_,3_28_43_20_44_,274.50_274.00_273.50_273.00_272.50_,12_15_13_13_19_
10:58:41,275.00,2,1389,275.00_275.50_276.00_276.50_277.00_,3_28_43_20_44_,274.50_274.00_273.50_273.00_272.50_,12_16_13_13_19_
10:58:51,275.00,2,1389,275.00_275.50_276.00_276.50_277.00_,5_28_43_20_44_,274.50_274.00_273.50_273.00_272.50_,12_16_13_13_19_
10:59:11,274.50,10,1399,275.00_275.50_276.00_276.50_277.00_,5_28_43_20_44_,274.50_274.00_273.50_273.00_272.50_,2_16_13_13_19_
10:59:16,274.50,10,1399,275.00_275.50_276.00_276.50_277.00_,5_28_43_20_44_,274.50_274.00_273.50_273.00_272.50_,2_11_18_13_19_
10:59:22,274.50,10,1399,275.00_275.50_276.00_276.50_277.00_,7_28_43_20_43_,274.50_274.00_273.50_273.00_272.50_,5_11_18_13_19_
10:59:27,274.50,10,1399,275.00_275.50_276.00_276.50_277.00_,8_28_43_20_43_,274.50_274.00_273.50_273.00_272.50_,5_11_18_13_19_
10:59:32,274.50,1,1400,275.00_275.50_276.00_276.50_277.00_,8_28_48_20_43_,274.50_274.00_273.50_273.00_272.50_,4_11_18_13_19_
10:59:37,274.50,1,1401,275.00_275.50_276.00_276.50_277.00_,9_28_48_20_43_,274.50_274.00_273.50_273.00_272.50_,3_11_18_13_19_
10:59:42,274.50,1,1401,275.00_275.50_276.00_276.50_277.00_,10_28_48_20_43_,274.50_274.00_273.50_273.00_272.50_,3_11_18_13_19_
10:59:47,274.50,1,1401,275.00_275.50_276.00_276.50_277.00_,17_28_48_20_43_,274.50_274.00_273.50_273.00_272.50_,3_11_18_13_19_
10:59:52,274.50,1,1402,275.00_275.50_276.00_276.50_277.00_,17_28_48_20_43_,274.50_274.00_273.50_273.00_272.50_,2_11_18_13_19_
10:59:58,274.50,1,1403,275.00_275.50_276.00_276.50_277.00_,17_28_48_20_43_,274.50_274.00_273.50_273.00_272.50_,1_11_18_13_19_
11:00:03,274.50,1,1404,275.00_275.50_276.00_276.50_277.00_,17_28_48_20_44_,274.00_273.50_273.00_272.50_272.00_,11_18_13_19_6_
11:00:08,274.50,1,1404,275.00_275.50_276.00_276.50_277.00_,17_28_61_7_44_,274.00_273.50_273.00_272.50_272.00_,11_17_11_22_6_
11:00:13,274.50,1,1404,274.50_275.00_275.50_276.00_276.50_,1_17_28_61_7_,274.00_273.50_273.00_272.50_272.00_,11_17_11_22_6_
11:00:18,274.50,1,1404,274.50_275.00_275.50_276.00_276.50_,1_16_28_60_7_,274.00_273.50_273.00_272.50_272.00_,11_17_11_15_13_
11:00:23,274.50,1,1404,274.50_275.00_275.50_276.00_276.50_,2_17_28_60_7_,274.00_273.50_273.00_272.50_272.00_,12_17_11_15_13_
11:00:33,274.50,1,1404,274.50_275.00_275.50_276.00_276.50_,3_17_28_60_7_,274.00_273.50_273.00_272.50_272.00_,12_17_11_15_13_
11:00:38,274.50,1,1404,274.50_275.00_275.50_276.00_276.50_,3_15_28_60_8_,274.00_273.50_273.00_272.50_272.00_,12_17_11_15_13_
11:00:44,274.00,1,1405,274.50_275.00_275.50_276.00_276.50_,5_15_28_60_8_,274.00_273.50_273.00_272.50_272.00_,11_17_11_15_13_
11:00:54,274.00,1,1406,274.50_275.00_275.50_276.00_276.50_,5_14_26_60_8_,274.00_273.50_273.00_272.50_272.00_,10_17_11_15_13_
11:00:59,274.00,1,1406,274.50_275.00_275.50_276.00_276.50_,6_14_26_61_8_,274.00_273.50_273.00_272.50_272.00_,10_17_11_15_13_
11:01:04,274.00,1,1407,274.50_275.00_275.50_276.00_276.50_,7_14_26_61_8_,274.00_273.50_273.00_272.50_272.00_,9_17_11_15_14_
11:01:09,274.00,5,1412,274.50_275.00_275.50_276.00_276.50_,7_14_26_60_8_,274.00_273.50_273.00_272.50_272.00_,4_17_11_15_14_
11:01:15,274.00,5,1412,274.50_275.00_275.50_276.00_276.50_,7_14_26_61_8_,274.00_273.50_273.00_272.50_272.00_,4_12_16_15_14_
11:01:20,274.00,1,1413,274.50_275.00_275.50_276.00_276.50_,8_14_26_61_8_,274.00_273.50_273.00_272.50_272.00_,3_12_16_15_14_
11:01:25,274.00,2,1415,274.50_275.00_275.50_276.00_276.50_,10_14_26_61_9_,274.00_273.50_273.00_272.50_272.00_,1_12_16_15_14_
11:01:30,274.00,1,1416,274.00_274.50_275.00_275.50_276.00_,3_10_14_26_61_,273.50_273.00_272.50_272.00_271.50_,12_16_15_14_6_
11:01:35,274.00,1,1416,274.00_274.50_275.00_275.50_276.00_,3_8_14_39_48_,273.50_273.00_272.50_272.00_271.50_,12_15_13_10_13_
11:01:40,273.50,1,1417,274.00_274.50_275.00_275.50_276.00_,6_8_15_39_48_,273.50_273.00_272.50_272.00_271.50_,11_14_13_10_13_
11:01:45,274.00,3,1420,274.00_274.50_275.00_275.50_276.00_,4_8_15_39_48_,273.50_273.00_272.50_272.00_271.50_,11_14_13_10_13_
11:01:50,274.00,3,1420,274.00_274.50_275.00_275.50_276.00_,6_8_15_39_48_,273.50_273.00_272.50_272.00_271.50_,14_14_13_10_13_
11:01:56,273.50,1,1421,274.00_274.50_275.00_275.50_276.00_,6_8_15_39_48_,273.50_273.00_272.50_272.00_271.50_,13_14_13_10_14_
11:02:01,273.50,1,1422,274.00_274.50_275.00_275.50_276.00_,6_8_15_40_48_,273.50_273.00_272.50_272.00_271.50_,12_14_13_9_14_
11:02:06,274.00,1,1423,274.00_274.50_275.00_275.50_276.00_,5_8_15_40_48_,273.50_273.00_272.50_272.00_271.50_,12_14_13_9_14_
11:02:11,274.00,1,1423,274.00_274.50_275.00_275.50_276.00_,6_9_15_40_48_,273.50_273.00_272.50_272.00_271.50_,13_14_13_9_14_
11:02:16,274.00,1,1423,274.00_274.50_275.00_275.50_276.00_,7_8_15_40_48_,273.50_273.00_272.50_272.00_271.50_,13_14_13_9_14_
11:02:21,274.00,4,1427,274.00_274.50_275.00_275.50_276.00_,3_8_16_40_48_,273.50_273.00_272.50_272.00_271.50_,13_15_13_9_14_
11:02:31,274.00,2,1429,274.00_274.50_275.00_275.50_276.00_,12_8_16_39_48_,273.50_273.00_272.50_272.00_271.50_,13_15_13_9_14_
11:02:37,274.00,2,1429,274.00_274.50_275.00_275.50_276.00_,13_8_16_39_48_,273.50_273.00_272.50_272.00_271.50_,13_15_13_9_14_
11:02:42,273.50,1,1430,274.00_274.50_275.00_275.50_276.00_,13_8_16_39_48_,273.50_273.00_272.50_272.00_271.50_,12_15_13_9_14_
11:03:07,273.50,1,1430,274.00_274.50_275.00_275.50_276.00_,13_8_16_39_53_,273.50_273.00_272.50_272.00_271.50_,12_15_13_9_14_
11:03:18,273.50,1,1430,274.00_274.50_275.00_275.50_276.00_,13_7_16_39_53_,273.50_273.00_272.50_272.00_271.50_,12_10_18_9_14_
11:03:28,274.00,1,1431,274.00_274.50_275.00_275.50_276.00_,12_7_16_39_53_,273.50_273.00_272.50_272.00_271.50_,12_10_18_9_14_
11:03:33,274.00,1,1431,274.00_274.50_275.00_275.50_276.00_,12_7_15_39_53_,273.50_273.00_272.50_272.00_271.50_,12_10_18_9_14_
11:03:38,274.00,1,1431,274.00_274.50_275.00_275.50_276.00_,12_7_11_39_53_,273.50_273.00_272.50_272.00_271.50_,12_10_18_9_14_
11:03:43,273.50,2,1433,274.00_274.50_275.00_275.50_276.00_,12_7_11_39_53_,273.50_273.00_272.50_272.00_271.50_,10_10_18_9_14_
11:03:49,273.50,2,1435,274.00_274.50_275.00_275.50_276.00_,14_7_11_39_54_,273.50_273.00_272.50_272.00_271.50_,8_10_18_9_14_
11:03:54,274.00,12,1447,274.00_274.50_275.00_275.50_276.00_,3_7_11_39_54_,273.50_273.00_272.50_272.00_271.50_,8_10_18_9_14_
11:03:59,273.50,5,1452,274.00_274.50_275.00_275.50_276.00_,3_7_12_39_54_,273.50_273.00_272.50_272.00_271.50_,3_15_13_9_14_
11:04:09,273.50,1,1453,274.00_274.50_275.00_275.50_276.00_,3_7_12_39_54_,273.50_273.00_272.50_272.00_271.50_,2_15_13_9_14_
11:04:14,273.50,1,1453,274.00_274.50_275.00_275.50_276.00_,3_7_12_39_54_,273.50_273.00_272.50_272.00_271.50_,4_15_13_9_14_
11:04:30,274.00,1,1454,274.00_274.50_275.00_275.50_276.00_,2_7_13_39_54_,273.50_273.00_272.50_272.00_271.50_,4_15_13_9_14_
11:04:35,274.00,1,1454,274.00_274.50_275.00_275.50_276.00_,4_7_13_39_54_,273.50_273.00_272.50_272.00_271.50_,5_15_13_9_14_
11:04:40,273.50,5,1459,274.00_274.50_275.00_275.50_276.00_,4_7_13_39_54_,273.00_272.50_272.00_271.50_271.00_,15_13_9_14_12_
11:04:45,273.50,5,1459,274.00_274.50_275.00_275.50_276.00_,4_7_18_34_54_,273.00_272.50_272.00_271.50_271.00_,10_17_7_17_12_
11:04:55,273.50,5,1459,274.00_274.50_275.00_275.50_276.00_,5_7_18_34_54_,273.00_272.50_272.00_271.50_271.00_,10_17_7_17_12_
11:05:05,273.00,2,1461,274.00_274.50_275.00_275.50_276.00_,6_7_18_34_54_,273.00_272.50_272.00_271.50_271.00_,8_17_7_17_12_
11:05:11,273.00,2,1461,273.50_274.00_274.50_275.00_275.50_,4_10_7_18_34_,273.00_272.50_272.00_271.50_271.00_,8_17_7_17_12_
11:05:16,273.00,2,1461,273.50_274.00_274.50_275.00_275.50_,6_8_7_26_26_,273.00_272.50_272.00_271.50_271.00_,8_17_7_10_18_
11:05:21,273.00,2,1461,273.50_274.00_274.50_275.00_275.50_,6_8_7_26_26_,273.00_272.50_272.00_271.50_271.00_,9_17_7_10_18_
11:05:26,273.00,2,1461,273.50_274.00_274.50_275.00_275.50_,2_10_7_26_26_,273.00_272.50_272.00_271.50_271.00_,9_17_7_10_18_
11:05:41,273.00,2,1461,273.50_274.00_274.50_275.00_275.50_,4_10_7_26_26_,273.00_272.50_272.00_271.50_271.00_,9_17_7_10_18_
11:05:47,273.00,1,1462,273.50_274.00_274.50_275.00_275.50_,4_10_7_27_26_,273.00_272.50_272.00_271.50_271.00_,8_17_7_10_18_
11:05:52,273.00,1,1463,273.50_274.00_274.50_275.00_275.50_,4_10_7_27_26_,273.00_272.50_272.00_271.50_271.00_,7_17_7_10_18_
11:05:57,273.00,1,1463,273.50_274.00_274.50_275.00_275.50_,4_10_7_28_26_,273.00_272.50_272.00_271.50_271.00_,7_17_7_10_18_
11:06:07,273.00,6,1469,273.50_274.00_274.50_275.00_275.50_,4_10_6_28_26_,273.00_272.50_272.00_271.50_271.00_,2_18_7_10_18_
11:06:12,273.00,6,1469,273.50_274.00_274.50_275.00_275.50_,4_10_6_28_26_,273.00_272.50_272.00_271.50_271.00_,2_13_12_10_18_
11:06:17,273.00,2,1471,273.50_274.00_274.50_275.00_275.50_,4_10_6_27_25_,272.50_272.00_271.50_271.00_270.50_,13_12_10_18_9_
11:06:22,273.00,2,1471,273.00_273.50_274.00_274.50_275.00_,3_3_10_11_22_,272.50_272.00_271.50_271.00_270.50_,13_11_8_21_9_
11:06:27,273.00,2,1473,273.00_273.50_274.00_274.50_275.00_,1_3_10_19_14_,272.50_272.00_271.50_271.00_270.50_,13_11_8_13_16_
11:06:33,273.00,2,1473,273.00_273.50_274.00_274.50_275.00_,2_3_10_19_15_,272.50_272.00_271.50_271.00_270.50_,13_11_8_13_16_
11:06:38,272.50,10,1483,273.00_273.50_274.00_274.50_275.00_,2_3_10_19_15_,272.50_272.00_271.50_271.00_270.50_,3_11_8_13_16_
11:06:43,272.50,1,1484,273.00_273.50_274.00_274.50_275.00_,2_3_10_19_15_,272.50_272.00_271.50_271.00_270.50_,2_11_8_13_16_
11:06:48,272.50,1,1485,273.00_273.50_274.00_274.50_275.00_,2_3_10_20_15_,272.50_272.00_271.50_271.00_270.50_,4_12_9_13_16_
11:06:53,272.50,1,1486,273.00_273.50_274.00_274.50_275.00_,3_3_10_20_15_,272.50_272.00_271.50_271.00_270.50_,3_12_9_13_16_
11:07:14,272.50,3,1489,272.50_273.00_273.50_274.00_274.50_,2_3_3_10_20_,272.00_271.50_271.00_270.50_270.00_,12_9_13_16_23_
11:07:19,272.50,3,1489,272.50_273.00_273.50_274.00_274.50_,2_3_3_23_7_,272.00_271.50_271.00_270.50_270.00_,7_13_11_12_30_
11:07:34,272.50,3,1489,272.50_273.00_273.50_274.00_274.50_,3_3_3_23_7_,272.00_271.50_271.00_270.50_270.00_,7_13_11_12_30_
11:07:39,272.50,3,1489,272.50_273.00_274.00_274.50_275.00_,3_3_23_7_15_,272.00_271.50_271.00_270.50_270.00_,7_13_11_12_30_
11:07:44,272.50,1,1490,272.50_273.00_274.00_274.50_275.00_,4_3_23_7_15_,272.00_271.50_271.00_270.50_270.00_,6_13_11_12_30_
11:07:49,272.50,1,1490,272.50_273.00_274.00_274.50_275.00_,5_3_23_7_15_,272.00_271.50_271.00_270.50_270.00_,6_13_11_12_30_
11:07:54,272.00,1,1491,272.50_273.00_274.00_274.50_275.00_,5_3_23_6_15_,272.00_271.50_271.00_270.50_270.00_,5_13_11_13_30_
11:08:00,272.00,1,1491,272.50_273.00_274.00_274.50_275.00_,6_3_23_6_15_,272.00_271.50_271.00_270.50_270.00_,5_13_11_13_30_
11:08:05,272.00,1,1491,272.50_273.00_274.00_274.50_275.00_,6_3_23_6_15_,272.00_271.50_271.00_270.50_270.00_,11_13_11_13_30_
11:08:10,272.00,1,1491,272.50_273.00_274.00_274.50_275.00_,7_3_23_6_15_,272.00_271.50_271.00_270.50_270.00_,12_13_11_13_29_
11:08:20,272.00,1,1492,272.50_273.00_274.00_274.50_275.00_,7_3_23_6_15_,272.00_271.50_271.00_270.50_270.00_,11_13_11_13_29_
11:08:25,272.50,1,1493,272.50_273.00_274.00_274.50_275.00_,6_3_23_6_15_,272.00_271.50_271.00_270.50_270.00_,11_13_11_13_29_
11:08:40,272.50,6,1499,273.00_274.00_274.50_275.00_275.50_,3_23_6_15_25_,272.00_271.50_271.00_270.50_270.00_,11_13_11_13_29_
11:08:46,272.50,6,1499,273.00_274.00_274.50_275.00_275.50_,2_15_14_15_25_,272.50_272.00_271.50_271.00_270.50_,2_11_13_11_20_
11:08:51,272.50,6,1499,273.00_274.00_274.50_275.00_275.50_,3_10_19_15_25_,272.50_272.00_271.50_271.00_270.50_,2_11_14_13_17_
11:08:56,272.50,6,1499,273.00_274.00_274.50_275.00_275.50_,3_10_19_15_25_,272.50_272.00_271.50_271.00_270.50_,3_10_14_13_17_
11:09:01,272.50,6,1499,273.00_274.00_274.50_275.00_275.50_,4_10_19_15_25_,272.50_272.00_271.50_271.00_270.50_,3_10_14_13_17_
11:09:11,272.50,2,1501,273.00_274.00_274.50_275.00_275.50_,4_10_19_15_25_,272.50_272.00_271.50_271.00_270.50_,1_10_14_13_17_
11:09:27,272.50,2,1501,273.00_274.00_274.50_275.00_275.50_,4_10_19_15_25_,272.50_272.00_271.50_271.00_270.50_,1_11_14_14_17_
11:09:32,272.50,2,1501,273.00_274.00_274.50_275.00_275.50_,4_10_19_15_23_,272.50_272.00_271.50_271.00_270.50_,2_11_14_14_17_
11:09:37,272.00,5,1506,273.00_274.00_274.50_275.00_275.50_,4_10_19_15_23_,272.00_271.50_271.00_270.50_270.00_,14_9_14_17_22_
11:09:42,272.00,5,1506,273.00_274.00_274.50_275.00_275.50_,10_10_19_15_23_,272.00_271.50_271.00_270.50_270.00_,14_8_12_20_22_
11:09:47,272.00,5,1506,273.00_274.00_274.50_275.00_275.50_,10_10_19_15_23_,272.00_271.50_271.00_270.50_270.00_,9_13_12_20_22_
11:09:52,272.00,5,1506,273.00_274.00_274.50_275.00_275.50_,10_10_19_15_23_,272.00_271.50_271.00_270.50_270.00_,10_13_12_20_22_
11:09:57,272.00,1,1507,273.00_274.00_274.50_275.00_275.50_,10_10_19_15_23_,272.00_271.50_271.00_270.50_270.00_,10_13_12_20_22_
11:10:13,272.00,1,1507,273.00_274.00_274.50_275.00_275.50_,10_10_19_16_23_,272.00_271.50_271.00_270.50_270.00_,10_13_12_20_22_
11:10:28,272.00,1,1508,272.50_273.00_274.00_274.50_275.00_,1_10_10_19_17_,272.00_271.50_271.00_270.50_270.00_,9_13_12_20_22_
11:10:33,272.00,1,1508,272.50_273.00_274.00_274.50_275.00_,1_9_23_6_17_,272.00_271.50_271.00_270.50_270.00_,9_13_12_13_29_
11:10:38,272.00,1,1508,272.50_273.00_274.00_274.50_275.00_,2_9_23_6_17_,272.00_271.50_271.00_270.50_270.00_,9_13_12_13_29_
11:10:43,272.00,1,1508,272.50_273.00_274.00_274.50_275.00_,3_8_23_6_17_,272.00_271.50_271.00_270.50_270.00_,9_13_12_13_29_
11:10:48,272.00,5,1513,272.50_273.00_274.00_274.50_275.00_,3_8_23_6_17_,272.00_271.50_271.00_270.50_270.00_,4_13_13_13_29_
11:11:04,272.50,1,1514,272.50_273.00_274.00_274.50_275.00_,2_8_23_6_17_,272.00_271.50_271.00_270.50_270.00_,4_13_13_13_29_
11:11:09,272.50,1,1515,272.50_273.00_274.00_274.50_275.00_,1_8_23_6_17_,272.00_271.50_271.00_270.50_270.00_,3_13_13_13_29_
11:11:24,272.00,2,1517,272.50_273.00_274.00_274.50_275.00_,1_8_23_6_17_,272.00_271.50_271.00_270.50_270.00_,1_13_13_13_29_
11:11:30,272.00,2,1517,272.50_273.00_274.00_274.50_275.00_,1_7_23_6_17_,272.00_271.50_271.00_270.50_270.00_,1_13_13_13_29_
11:11:35,272.50,1,1518,273.00_274.00_274.50_275.00_275.50_,7_23_6_17_22_,272.00_271.50_271.00_270.50_270.00_,6_13_13_13_29_
11:11:40,272.50,1,1518,273.00_274.00_274.50_275.00_275.50_,7_14_14_17_22_,272.00_271.50_271.00_270.50_270.00_,6_13_13_20_22_
11:11:45,272.50,1,1518,272.50_273.00_274.00_274.50_275.00_,1_7_14_14_17_,272.00_271.50_271.00_270.50_270.00_,7_13_13_20_22_
11:11:50,272.50,1,1518,272.50_273.00_274.00_274.50_275.00_,1_7_22_6_17_,272.00_271.50_271.00_270.50_270.00_,8_13_13_13_28_
11:11:55,272.50,1,1518,272.50_273.00_274.00_274.50_275.00_,2_7_23_6_17_,272.00_271.50_271.00_270.50_270.00_,9_13_13_13_28_
11:12:05,272.50,1,1519,272.50_273.00_274.00_274.50_275.00_,1_7_23_6_17_,272.00_271.50_271.00_270.50_270.00_,9_12_13_13_28_
11:12:31,272.50,1,1519,272.50_273.00_274.00_274.50_275.00_,2_7_23_6_17_,272.00_271.50_271.00_270.50_270.00_,9_12_13_13_28_
11:12:41,272.50,1,1519,272.50_273.00_274.00_274.50_275.00_,2_7_23_6_16_,272.00_271.50_271.00_270.50_270.00_,9_12_13_13_28_
11:12:52,272.50,1,1519,272.50_273.00_274.00_274.50_275.00_,2_7_23_6_16_,272.00_271.50_271.00_270.50_270.00_,14_12_13_13_28_
11:12:57,272.50,1,1519,272.50_273.00_274.00_274.50_275.00_,2_7_23_6_16_,272.00_271.50_271.00_270.50_270.00_,15_12_13_13_28_
11:13:02,272.50,2,1521,273.00_274.00_274.50_275.00_275.50_,7_23_6_16_22_,272.00_271.50_271.00_270.50_270.00_,14_12_13_13_28_
11:13:07,272.50,2,1521,273.00_274.00_274.50_275.00_275.50_,7_15_14_16_22_,272.00_271.50_271.00_270.50_270.00_,15_12_13_20_21_
11:13:17,272.50,2,1521,273.00_274.00_274.50_275.00_275.50_,7_15_14_16_22_,272.50_272.00_271.50_271.00_270.50_,2_15_12_13_20_
11:13:22,272.50,2,1521,273.00_274.00_274.50_275.00_275.50_,8_10_19_16_22_,272.50_272.00_271.50_271.00_270.50_,3_14_13_15_17_
11:13:48,272.50,2,1521,273.00_274.00_274.50_275.00_275.50_,8_10_19_16_22_,272.50_272.00_271.50_271.00_270.50_,4_14_13_15_17_
11:14:29,272.50,2,1521,273.00_274.00_274.50_275.00_275.50_,8_10_19_16_22_,272.50_272.00_271.50_271.00_270.50_,4_15_13_15_17_
11:14:39,272.50,2,1521,273.00_274.00_274.50_275.00_275.50_,8_10_19_16_22_,272.50_272.00_271.50_271.00_270.50_,4_16_13_15_17_
11:14:49,272.50,2,1521,273.00_274.00_274.50_275.00_275.50_,8_10_19_16_22_,272.50_272.00_271.50_271.00_270.50_,4_16_13_15_19_
11:14:55,272.50,2,1521,273.00_274.00_274.50_275.00_275.50_,8_10_19_17_22_,272.50_272.00_271.50_271.00_270.50_,4_16_13_15_19_
11:15:00,273.00,1,1522,273.00_274.00_274.50_275.00_275.50_,7_10_19_17_22_,272.50_272.00_271.50_271.00_270.50_,5_16_13_15_19_
11:15:05,273.00,1,1523,273.00_274.00_274.50_275.00_275.50_,6_10_19_17_22_,272.50_272.00_271.50_271.00_270.50_,4_16_13_15_19_
11:15:25,273.00,1,1523,273.00_274.00_274.50_275.00_275.50_,6_10_19_16_22_,272.50_272.00_271.50_271.00_270.50_,4_16_13_15_19_
11:15:36,273.00,1,1523,273.00_274.00_274.50_275.00_275.50_,7_10_19_16_22_,272.50_272.00_271.50_271.00_270.50_,4_16_13_15_19_
11:15:41,273.00,1,1523,273.00_274.00_274.50_275.00_275.50_,7_10_19_16_22_,272.50_272.00_271.50_271.00_270.50_,5_16_13_15_19_
11:15:46,273.00,1,1524,273.00_274.00_274.50_275.00_275.50_,6_10_19_16_22_,272.50_272.00_271.50_271.00_270.50_,5_16_13_15_19_
11:16:16,273.00,1,1525,273.00_274.00_274.50_275.00_275.50_,5_10_19_16_22_,272.50_272.00_271.50_271.00_270.50_,5_17_13_15_19_
11:16:52,273.00,1,1526,273.00_274.00_274.50_275.00_275.50_,4_10_19_16_22_,272.50_272.00_271.50_271.00_270.50_,4_17_13_15_19_
11:16:57,273.00,1,1526,273.00_274.00_274.50_275.00_275.50_,4_10_19_16_22_,272.50_272.00_271.50_271.00_270.50_,5_17_13_15_19_
11:17:03,273.00,1,1526,273.00_274.00_274.50_275.00_275.50_,4_10_19_16_22_,272.50_272.00_271.50_271.00_270.50_,5_22_8_15_19_
11:17:13,273.00,1,1527,273.00_274.00_274.50_275.00_275.50_,3_10_19_16_22_,272.50_272.00_271.50_271.00_270.50_,7_22_8_15_19_
11:17:18,273.00,1,1528,273.00_274.00_274.50_275.00_275.50_,3_10_19_16_22_,272.50_272.00_271.50_271.00_270.50_,7_22_8_15_19_
11:17:28,273.00,3,1531,274.00_274.50_275.00_275.50_276.00_,10_19_16_22_55_,273.00_272.50_272.00_271.50_271.00_,4_7_22_8_15_
11:17:33,274.00,1,1532,274.00_274.50_275.00_275.50_276.00_,11_6_21_30_55_,273.00_272.50_272.00_271.50_271.00_,7_5_23_17_11_
11:17:38,274.00,1,1532,274.00_274.50_275.00_275.50_276.00_,11_6_29_22_55_,273.00_272.50_272.00_271.50_271.00_,8_5_23_17_11_
11:17:43,274.00,1,1533,274.00_274.50_275.00_275.50_276.00_,10_6_29_22_55_,273.00_272.50_272.00_271.50_271.00_,8_5_23_17_11_
11:17:49,274.00,1,1534,274.00_274.50_275.00_275.50_276.00_,9_6_29_22_55_,273.00_272.50_272.00_271.50_271.00_,8_5_23_17_11_
11:17:59,274.00,1,1534,274.00_274.50_275.00_275.50_276.00_,10_6_29_22_55_,273.00_272.50_272.00_271.50_271.00_,8_5_23_17_11_
11:18:04,274.00,1,1535,274.00_274.50_275.00_275.50_276.00_,9_6_29_22_55_,273.00_272.50_272.00_271.50_271.00_,8_5_23_17_11_
11:18:09,274.00,1,1535,274.00_274.50_275.00_275.50_276.00_,8_6_29_22_55_,273.00_272.50_272.00_271.50_271.00_,8_5_23_17_11_
11:18:14,274.00,1,1535,274.00_274.50_275.00_275.50_276.00_,8_6_29_22_55_,273.00_272.50_272.00_271.50_271.00_,7_5_23_17_11_
11:18:19,274.00,1,1535,274.00_274.50_275.00_275.50_276.00_,8_7_29_22_55_,273.00_272.50_272.00_271.50_271.00_,8_5_23_17_11_
11:18:25,274.00,1,1535,274.00_274.50_275.00_275.50_276.00_,8_7_29_22_55_,273.00_272.50_272.00_271.50_271.00_,9_5_23_17_11_
11:18:30,274.00,1,1535,274.00_274.50_275.00_275.50_276.00_,8_7_29_22_55_,273.50_273.00_272.50_272.00_271.50_,1_9_5_23_17_
11:18:35,274.00,1,1536,274.00_274.50_275.00_275.50_276.00_,7_7_16_35_55_,273.50_273.00_272.50_272.00_271.50_,2_7_11_19_14_
11:18:40,274.00,1,1536,274.00_274.50_275.00_275.50_276.00_,7_7_16_35_55_,273.50_273.00_272.50_272.00_271.50_,3_6_11_19_14_
11:18:45,274.00,1,1537,274.00_274.50_275.00_275.50_276.00_,7_7_16_35_55_,273.50_273.00_272.50_272.00_271.50_,2_6_11_19_14_
11:18:55,274.00,1,1537,274.00_274.50_275.00_275.50_276.00_,7_7_16_35_55_,273.50_273.00_272.50_272.00_271.50_,3_6_11_19_14_
11:19:00,274.00,1,1538,274.00_274.50_275.00_275.50_276.00_,6_7_16_35_56_,273.50_273.00_272.50_272.00_271.50_,3_6_11_19_14_
11:19:05,274.00,1,1538,274.00_274.50_275.00_275.50_276.00_,6_8_16_35_56_,273.50_273.00_272.50_272.00_271.50_,3_6_11_22_14_
11:19:11,274.00,1,1538,274.00_274.50_275.00_275.50_276.00_,6_8_16_35_56_,273.50_273.00_272.50_272.00_271.50_,3_5_11_22_14_
11:19:26,274.00,1,1538,274.00_274.50_275.00_275.50_276.00_,6_8_16_35_56_,273.50_273.00_272.50_272.00_271.50_,4_5_11_22_14_
11:19:52,273.50,1,1539,274.00_274.50_275.00_275.50_276.00_,6_8_16_35_56_,273.50_273.00_272.50_272.00_271.50_,3_5_11_22_14_
11:20:02,273.50,1,1540,274.00_274.50_275.00_275.50_276.00_,6_8_16_35_56_,273.50_273.00_272.50_272.00_271.50_,2_5_11_22_14_
11:20:17,273.50,1,1541,274.00_274.50_275.00_275.50_276.00_,6_8_16_35_56_,273.50_273.00_272.50_272.00_271.50_,2_5_11_22_14_
11:20:22,273.50,1,1542,274.00_274.50_275.00_275.50_276.00_,6_8_16_35_56_,273.50_273.00_272.50_272.00_271.50_,1_5_11_22_14_
11:20:28,273.50,1,1542,274.00_274.50_275.00_275.50_276.00_,7_8_16_35_56_,273.50_273.00_272.50_272.00_271.50_,1_5_11_22_14_
11:20:33,273.50,1,1542,274.00_274.50_275.00_275.50_276.00_,8_8_16_35_56_,273.50_273.00_272.50_272.00_271.50_,1_5_11_22_14_
11:20:38,273.50,1,1542,274.00_274.50_275.00_275.50_276.00_,8_7_16_35_56_,273.50_273.00_272.50_272.00_271.50_,1_5_11_22_14_
11:20:43,273.50,1,1542,274.00_274.50_275.00_275.50_276.00_,8_7_16_35_56_,273.50_273.00_272.50_272.00_271.50_,2_5_11_22_14_
11:20:48,273.50,1,1542,274.00_274.50_275.00_275.50_276.00_,8_7_18_35_56_,273.50_273.00_272.50_272.00_271.50_,2_5_11_22_14_
11:20:58,273.50,1,1542,274.00_274.50_275.00_275.50_276.00_,8_7_18_35_56_,273.50_273.00_272.50_272.00_271.50_,4_5_11_22_14_
11:21:09,273.50,1,1543,274.00_274.50_275.00_275.50_276.00_,8_7_18_35_56_,273.50_273.00_272.50_272.00_271.50_,3_5_11_22_14_
11:21:24,273.50,1,1543,274.00_274.50_275.00_275.50_276.00_,9_7_18_35_56_,273.50_273.00_272.50_272.00_271.50_,4_5_11_22_14_
11:21:29,273.50,1,1543,274.00_274.50_275.00_275.50_276.00_,10_7_19_35_56_,273.50_273.00_272.50_272.00_271.50_,4_5_11_22_14_
11:21:55,273.50,4,1547,273.50_274.00_274.50_275.00_275.50_,2_11_7_19_35_,273.00_272.50_272.00_271.50_271.00_,5_11_22_14_11_
11:22:00,273.50,4,1547,273.50_274.00_274.50_275.00_275.50_,3_8_7_32_22_,273.00_272.50_272.00_271.50_271.00_,5_10_20_10_18_
11:22:05,273.50,4,1547,273.50_274.00_274.50_275.00_275.50_,4_8_7_32_22_,273.00_272.50_272.00_271.50_271.00_,5_10_20_10_18_
11:22:10,273.50,4,1547,273.50_274.00_274.50_275.00_275.50_,5_8_7_32_22_,273.00_272.50_272.00_271.50_271.00_,5_10_20_10_18_
11:22:20,273.00,5,1552,273.50_274.00_274.50_275.00_275.50_,5_8_7_31_22_,272.50_272.00_271.50_271.00_270.50_,10_20_10_18_12_
11:22:25,272.50,1,1553,273.50_274.00_274.50_275.00_275.50_,6_7_12_26_22_,272.50_272.00_271.50_271.00_270.50_,4_24_8_21_12_
11:22:56,272.50,1,1553,273.50_274.00_274.50_275.00_275.50_,6_10_12_26_22_,272.50_272.00_271.50_271.00_270.50_,4_24_8_21_12_
11:23:01,272.50,1,1553,273.50_274.00_274.50_275.00_275.50_,7_10_12_26_22_,272.50_272.00_271.50_271.00_270.50_,5_24_8_21_12_
11:23:12,272.50,1,1553,273.50_274.00_274.50_275.00_275.50_,6_10_12_27_22_,272.50_272.00_271.50_271.00_270.50_,5_24_8_21_12_
11:23:17,272.50,1,1553,273.50_274.00_274.50_275.00_275.50_,6_10_12_27_22_,272.50_272.00_271.50_271.00_270.50_,6_24_8_21_12_
11:23:22,272.50,1,1553,273.00_273.50_274.00_274.50_275.00_,2_6_10_12_27_,272.50_272.00_271.50_271.00_270.50_,6_24_8_21_12_
11:23:27,272.50,1,1553,273.00_273.50_274.00_274.50_275.00_,4_3_10_20_19_,272.50_272.00_271.50_271.00_270.50_,6_24_8_14_19_
11:23:32,272.50,1,1553,273.00_273.50_274.00_274.50_275.00_,5_3_10_20_19_,272.50_272.00_271.50_271.00_270.50_,6_24_8_14_19_
11:23:37,272.50,1,1553,273.00_273.50_274.00_274.50_275.00_,5_3_10_20_19_,272.50_272.00_271.50_271.00_270.50_,6_24_9_14_19_
11:23:53,272.50,3,1556,273.00_273.50_274.00_274.50_275.00_,6_2_10_20_19_,272.50_272.00_271.50_271.00_270.50_,3_24_9_14_19_
11:24:08,272.50,3,1559,273.00_273.50_274.00_274.50_275.00_,6_2_9_21_19_,272.00_271.50_271.00_270.50_270.00_,24_9_14_19_27_
11:24:13,272.00,1,1560,273.00_273.50_274.00_274.50_275.00_,6_2_14_16_19_,272.00_271.50_271.00_270.50_270.00_,23_8_12_22_27_
11:24:23,272.00,1,1560,272.50_273.00_273.50_274.00_274.50_,1_6_2_14_16_,272.00_271.50_271.00_270.50_270.00_,23_8_12_22_27_
11:24:29,272.00,1,1561,272.50_273.00_273.50_274.00_274.50_,3_3_2_22_8_,272.00_271.50_271.00_270.50_270.00_,17_13_12_15_34_
11:24:34,272.00,1,1561,272.50_273.00_273.50_274.00_274.50_,6_3_2_22_8_,272.00_271.50_271.00_270.50_270.00_,17_13_12_15_34_
11:24:39,272.00,1,1561,272.50_273.00_273.50_274.00_274.50_,6_3_2_22_8_,272.00_271.50_271.00_270.50_270.00_,17_13_12_15_33_
11:24:49,272.00,10,1573,272.50_273.00_273.50_274.00_274.50_,4_2_2_22_8_,272.00_271.50_271.00_270.50_270.00_,9_13_12_15_33_
11:24:54,272.00,10,1573,272.50_273.00_273.50_274.00_274.50_,5_2_2_22_8_,272.00_271.50_271.00_270.50_270.00_,8_13_12_15_33_
11:25:15,272.00,10,1573,272.50_273.00_273.50_274.00_274.50_,5_2_2_22_8_,272.00_271.50_271.00_270.50_270.00_,9_13_12_15_33_
11:25:25,272.00,1,1574,272.50_273.00_273.50_274.00_274.50_,5_2_2_22_6_,272.00_271.50_271.00_270.50_270.00_,8_13_12_15_33_
11:25:30,272.00,1,1575,272.50_273.00_273.50_274.00_274.50_,5_2_2_22_6_,272.00_271.50_271.00_270.50_270.00_,7_13_12_15_33_
11:25:40,272.00,2,1577,272.50_273.00_273.50_274.00_274.50_,5_2_2_22_6_,272.00_271.50_271.00_270.50_270.00_,5_13_12_15_33_
11:25:46,272.00,2,1577,272.50_273.00_273.50_274.00_274.50_,6_2_2_22_6_,272.00_271.50_271.00_270.50_270.00_,5_13_12_15_33_
11:25:51,272.00,3,1580,272.50_273.00_273.50_274.00_274.50_,6_2_2_22_6_,272.00_271.50_271.00_270.50_270.00_,1_13_12_15_33_
11:25:56,272.00,3,1580,272.50_273.00_273.50_274.00_274.50_,5_2_4_22_6_,272.00_271.50_271.00_270.50_270.00_,1_13_12_15_33_
11:26:06,272.00,1,1581,272.00_272.50_273.00_273.50_274.00_,2_5_2_4_22_,271.50_271.00_270.50_270.00_269.50_,13_12_15_33_8_
11:26:11,272.00,1,1581,272.00_272.50_273.00_273.50_274.00_,5_1_2_17_9_,271.50_271.00_270.50_270.00_269.50_,8_16_13_28_14_
11:26:16,272.00,1,1581,272.00_273.00_273.50_274.00_274.50_,7_2_17_9_7_,271.50_271.00_270.50_270.00_269.50_,8_16_13_28_14_
11:26:21,272.00,1,1582,272.00_273.00_273.50_274.00_274.50_,6_2_17_9_7_,271.50_271.00_270.50_270.00_269.50_,8_16_13_28_14_
11:26:26,272.00,1,1582,272.00_273.00_273.50_274.00_274.50_,6_2_17_9_7_,271.50_271.00_270.50_270.00_269.50_,8_16_13_25_14_
11:26:31,272.00,1,1582,272.00_273.00_273.50_274.00_274.50_,7_2_17_9_7_,271.50_271.00_270.50_270.00_269.50_,8_16_13_23_14_
11:26:37,272.00,1,1583,272.00_273.00_273.50_274.00_274.50_,7_2_17_9_7_,271.50_271.00_270.50_270.00_269.50_,8_16_13_23_14_
11:26:42,272.00,1,1583,272.00_273.00_273.50_274.00_274.50_,7_2_17_9_7_,271.50_271.00_270.50_270.00_269.50_,8_16_12_23_14_
11:26:47,272.00,1,1583,272.00_272.50_273.00_273.50_274.00_,7_1_1_17_9_,271.50_271.00_270.50_270.00_269.50_,8_16_12_23_14_
11:27:02,272.00,1,1583,272.00_272.50_273.00_273.50_274.00_,7_1_1_17_10_,271.50_271.00_270.50_270.00_269.50_,8_16_12_23_14_
11:27:07,272.00,1,1583,272.00_272.50_273.00_273.50_274.00_,7_1_1_17_10_,271.50_271.00_270.50_270.00_269.50_,9_16_12_23_14_
11:27:12,272.00,1,1584,272.00_272.50_273.00_273.50_274.00_,6_1_1_17_10_,271.50_271.00_270.50_270.00_269.50_,9_16_12_23_14_
11:27:18,272.00,1,1584,272.00_272.50_273.00_273.50_274.00_,7_1_1_17_10_,271.50_271.00_270.50_270.00_269.50_,9_16_12_23_14_
11:27:23,272.00,1,1585,272.00_272.50_273.00_273.50_274.00_,6_1_1_17_10_,271.50_271.00_270.50_270.00_269.50_,9_16_12_24_14_
11:27:28,272.00,1,1585,272.00_272.50_273.00_273.50_274.00_,7_1_1_17_10_,271.50_271.00_270.50_270.00_269.50_,9_16_12_24_14_
11:27:43,272.00,1,1585,272.00_272.50_273.00_273.50_274.00_,9_1_1_17_10_,271.50_271.00_270.50_270.00_269.50_,9_16_12_24_14_
11:27:53,272.00,1,1585,272.00_272.50_273.00_273.50_274.00_,9_1_9_17_10_,271.50_271.00_270.50_270.00_269.50_,9_16_12_24_14_
11:27:59,272.00,1,1586,272.00_272.50_273.00_273.50_274.00_,9_1_9_17_10_,271.50_271.00_270.50_270.00_269.50_,10_16_12_24_14_
11:28:04,272.00,1,1586,272.00_272.50_273.00_273.50_274.00_,9_1_9_17_11_,271.50_271.00_270.50_270.00_269.50_,10_16_12_24_14_
11:28:09,272.00,1,1586,272.00_272.50_273.00_273.50_274.00_,10_1_9_17_11_,271.50_271.00_270.50_270.00_269.50_,10_16_12_24_14_
11:28:24,272.00,1,1587,272.00_272.50_273.00_273.50_274.00_,9_1_9_17_11_,271.50_271.00_270.50_270.00_269.50_,9_16_12_24_14_
11:28:40,272.00,1,1587,272.00_272.50_273.00_273.50_274.00_,9_1_9_17_11_,271.50_271.00_270.50_270.00_269.50_,12_16_12_24_14_
11:28:45,272.00,1,1588,272.00_272.50_273.00_273.50_274.00_,8_1_9_17_11_,271.50_271.00_270.50_270.00_269.50_,12_16_12_24_14_
11:28:55,272.00,1,1588,272.00_272.50_273.00_273.50_274.00_,8_1_9_17_11_,271.50_271.00_270.50_270.00_269.50_,12_16_12_26_14_
11:29:00,272.00,1,1588,272.00_272.50_273.00_273.50_274.00_,9_1_10_17_11_,271.50_271.00_270.50_270.00_269.50_,12_16_12_26_14_
11:29:05,272.00,2,1590,272.00_272.50_273.00_273.50_274.00_,7_1_10_17_11_,271.50_271.00_270.50_270.00_269.50_,12_16_12_26_14_
11:29:10,272.00,2,1590,272.00_272.50_273.00_273.50_274.00_,7_1_11_17_11_,271.50_271.00_270.50_270.00_269.50_,13_16_12_26_14_
11:29:15,271.50,1,1591,272.00_272.50_273.00_273.50_274.00_,7_1_11_17_11_,271.50_271.00_270.50_270.00_269.50_,12_16_12_26_14_
11:29:31,271.50,1,1592,272.00_272.50_273.00_273.50_274.00_,7_1_11_17_11_,271.50_271.00_270.50_270.00_269.50_,11_16_12_26_14_
11:29:36,271.50,1,1593,272.00_272.50_273.00_273.50_274.00_,7_1_11_17_11_,271.50_271.00_270.50_270.00_269.50_,10_16_12_26_14_
11:30:22,272.00,1,1594,272.00_272.50_273.00_273.50_274.00_,6_1_11_17_11_,271.50_271.00_270.50_270.00_269.50_,9_16_12_26_14_
11:30:43,272.00,1,1595,272.00_272.50_273.00_273.50_274.00_,4_1_11_17_11_,271.50_271.00_270.50_270.00_269.50_,9_16_12_26_14_
11:30:58,272.00,1,1596,272.00_272.50_273.00_273.50_274.00_,3_1_11_17_11_,271.50_271.00_270.50_270.00_269.50_,10_16_12_26_14_
11:31:09,272.00,1,1597,272.00_272.50_273.00_273.50_274.00_,2_1_11_17_11_,271.50_271.00_270.50_270.00_269.50_,10_16_13_26_14_
11:31:14,271.50,1,1598,272.00_272.50_273.00_273.50_274.00_,1_2_11_17_11_,271.50_271.00_270.50_270.00_269.50_,9_16_13_26_14_
11:31:19,271.50,1,1598,272.50_273.00_273.50_274.00_274.50_,2_11_17_11_5_,271.50_271.00_270.50_270.00_269.50_,9_16_13_26_14_
11:31:24,271.50,1,1598,272.50_273.00_273.50_274.00_274.50_,1_12_4_24_5_,271.50_271.00_270.50_270.00_269.50_,9_16_13_33_7_
11:31:29,271.50,1,1598,272.50_273.00_273.50_274.00_274.50_,1_12_4_24_5_,272.00_271.50_271.00_270.50_270.00_,1_9_16_13_33_
11:31:34,271.50,1,1598,272.50_273.00_273.50_274.00_274.50_,2_12_4_24_5_,272.00_271.50_271.00_270.50_270.00_,2_8_17_15_30_
11:31:39,271.50,1,1598,272.50_273.00_273.50_274.00_274.50_,3_11_4_24_5_,272.00_271.50_271.00_270.50_270.00_,2_8_17_15_30_
11:31:44,271.50,1,1598,272.50_273.00_273.50_274.00_274.50_,3_11_4_24_5_,272.00_271.50_271.00_270.50_270.00_,3_8_17_15_30_
11:31:50,271.50,1,1598,272.50_273.00_273.50_274.00_274.50_,4_11_4_24_5_,272.00_271.50_271.00_270.50_270.00_,3_8_17_15_30_
11:31:55,272.00,3,1601,272.00_272.50_273.00_273.50_274.00_,7_4_11_4_24_,271.50_271.00_270.50_270.00_269.50_,8_17_15_30_7_
11:32:00,272.00,3,1601,272.00_272.50_273.00_273.50_274.00_,8_4_10_17_11_,271.50_271.00_270.50_270.00_269.50_,8_16_13_26_14_
11:32:05,272.00,3,1601,272.00_272.50_273.00_273.50_274.00_,11_3_10_17_11_,271.50_271.00_270.50_270.00_269.50_,8_16_13_26_14_
11:32:10,272.00,1,1602,272.00_272.50_273.00_273.50_274.00_,10_3_10_17_11_,271.50_271.00_270.50_270.00_269.50_,9_16_13_26_14_
11:32:20,272.00,1,1603,272.00_272.50_273.00_273.50_274.00_,9_3_10_17_11_,271.50_271.00_270.50_270.00_269.50_,9_16_13_26_14_
11:32:26,272.00,1,1603,272.00_272.50_273.00_273.50_274.00_,10_3_10_17_11_,271.50_271.00_270.50_270.00_269.50_,9_16_13_26_14_
11:32:56,272.00,1,1604,272.00_272.50_273.00_273.50_274.00_,9_3_10_17_11_,271.50_271.00_270.50_270.00_269.50_,10_16_13_26_14_
11:33:12,272.00,1,1604,272.00_272.50_273.00_273.50_274.00_,8_3_10_17_12_,271.50_271.00_270.50_270.00_269.50_,10_16_13_26_14_
11:33:17,271.50,1,1605,272.00_272.50_273.00_273.50_274.00_,8_3_10_17_12_,271.50_271.00_270.50_270.00_269.50_,9_16_13_26_14_
11:33:27,271.50,1,1605,272.00_272.50_273.00_273.50_274.00_,9_3_10_17_12_,271.50_271.00_270.50_270.00_269.50_,9_16_13_26_14_
11:33:32,271.50,1,1605,272.00_272.50_273.00_273.50_274.00_,10_3_10_17_12_,271.50_271.00_270.50_270.00_269.50_,9_16_13_26_14_
11:33:58,271.50,1,1605,272.00_272.50_273.00_273.50_274.00_,10_5_10_17_12_,271.50_271.00_270.50_270.00_269.50_,9_16_13_26_14_
11:34:08,272.00,1,1606,272.00_272.50_273.00_273.50_274.00_,9_5_10_17_12_,271.50_271.00_270.50_270.00_269.50_,8_16_13_26_14_
11:34:49,272.00,1,1606,272.00_272.50_273.00_273.50_274.00_,9_5_10_17_12_,271.50_271.00_270.50_270.00_269.50_,9_16_13_26_14_
11:34:59,272.00,1,1606,272.00_272.50_273.00_273.50_274.00_,11_4_10_17_12_,271.50_271.00_270.50_270.00_269.50_,9_16_11_26_14_
11:35:05,272.00,1,1606,272.00_272.50_273.00_273.50_274.00_,10_4_10_17_12_,271.50_271.00_270.50_270.00_269.50_,9_16_11_26_14_
11:35:15,272.00,1,1606,272.00_272.50_273.00_273.50_274.00_,10_4_10_17_12_,271.50_271.00_270.50_270.00_269.50_,9_17_11_28_14_
11:36:01,272.00,1,1607,272.00_272.50_273.00_273.50_274.00_,9_4_10_17_12_,271.50_271.00_270.50_270.00_269.50_,8_17_11_28_14_
11:36:32,272.00,1,1607,272.00_272.50_273.00_273.50_274.00_,9_4_10_17_12_,271.50_271.00_270.50_270.00_269.50_,9_17_11_28_14_
11:36:42,272.00,1,1607,272.00_272.50_273.00_273.50_274.00_,8_4_10_17_12_,271.50_271.00_270.50_270.00_269.50_,10_17_11_28_14_
11:36:47,272.00,1,1607,272.00_272.50_273.00_273.50_274.00_,8_4_10_17_12_,271.50_271.00_270.50_270.00_269.50_,13_17_11_28_14_
11:37:07,272.00,3,1610,272.00_272.50_273.00_273.50_274.00_,5_4_10_17_12_,271.50_271.00_270.50_270.00_269.50_,13_17_11_28_14_
11:37:18,272.00,1,1611,272.00_272.50_273.00_273.50_274.00_,4_2_10_17_12_,271.50_271.00_270.50_270.00_269.50_,13_17_11_28_14_
11:37:23,272.00,1,1612,272.00_272.50_273.00_273.50_274.00_,3_2_10_17_12_,271.50_271.00_270.50_270.00_269.50_,13_17_11_28_14_
11:37:28,272.00,1,1613,272.00_272.50_273.00_273.50_274.00_,2_2_10_17_12_,271.50_271.00_270.50_270.00_269.50_,13_17_10_28_14_
11:37:33,272.00,1,1614,272.00_272.50_273.00_273.50_274.00_,1_2_10_17_12_,271.50_271.00_270.50_270.00_269.50_,13_17_10_28_14_
11:37:38,272.00,1,1614,272.00_272.50_273.00_273.50_274.00_,1_1_10_17_12_,271.50_271.00_270.50_270.00_269.50_,13_17_10_28_14_
11:37:43,272.00,1,1614,272.00_273.00_273.50_274.00_274.50_,1_11_17_12_6_,271.50_271.00_270.50_270.00_269.50_,13_17_10_28_14_
11:37:48,273.00,2,1616,273.00_273.50_274.00_274.50_275.00_,10_17_12_6_18_,272.00_271.50_271.00_270.50_270.00_,1_12_17_10_28_
11:37:54,273.00,2,1616,273.00_273.50_274.00_274.50_275.00_,10_4_17_14_18_,272.00_271.50_271.00_270.50_270.00_,2_11_18_19_24_
11:37:59,273.00,1,1617,273.00_273.50_274.00_274.50_275.00_,9_2_17_14_18_,272.00_271.50_271.00_270.50_270.00_,2_11_18_19_24_
11:38:04,272.00,2,1619,273.00_273.50_274.00_274.50_275.00_,9_2_17_14_18_,271.50_271.00_270.50_270.00_269.50_,16_13_19_24_7_
11:38:09,272.00,2,1619,273.00_273.50_274.00_274.50_275.00_,9_2_25_6_18_,271.50_271.00_270.50_270.00_269.50_,16_13_12_31_7_
11:38:14,272.00,2,1619,273.00_273.50_274.00_274.50_275.00_,9_2_25_6_18_,271.50_271.00_270.50_270.00_269.50_,15_13_12_31_7_
11:38:24,272.00,2,1619,273.00_273.50_274.00_274.50_275.00_,9_2_25_6_18_,272.00_271.50_271.00_270.50_270.00_,1_15_13_12_31_
11:38:35,272.00,2,1619,273.00_273.50_274.00_274.50_275.00_,10_2_17_14_18_,272.00_271.50_271.00_270.50_270.00_,3_15_13_19_24_
11:38:45,272.00,2,1619,273.00_273.50_274.00_274.50_275.00_,10_2_17_14_18_,272.50_272.00_271.50_271.00_270.50_,1_3_14_13_19_
11:38:50,272.00,2,1619,273.00_273.50_274.00_274.50_275.00_,10_2_12_19_18_,272.50_272.00_271.50_271.00_270.50_,1_3_15_15_16_
11:38:55,272.00,2,1619,273.00_273.50_274.00_274.50_275.00_,11_2_12_19_19_,272.50_272.00_271.50_271.00_270.50_,2_2_15_15_16_
11:39:00,272.50,1,1620,273.00_273.50_274.00_274.50_275.00_,11_2_12_19_19_,272.50_272.00_271.50_271.00_270.50_,1_2_15_15_16_
11:39:21,272.50,1,1620,273.00_273.50_274.00_274.50_275.00_,11_2_12_19_19_,272.50_272.00_271.50_271.00_270.50_,1_3_15_15_16_
11:39:46,272.50,1,1621,273.00_273.50_274.00_274.50_275.00_,11_2_12_19_19_,272.00_271.50_271.00_270.50_270.00_,3_15_15_16_24_
11:39:51,272.50,1,1621,273.00_273.50_274.00_274.50_275.00_,11_2_17_14_19_,272.00_271.50_271.00_270.50_270.00_,3_14_13_19_24_
11:39:57,272.50,1,1621,273.00_273.50_274.00_274.50_275.00_,11_2_17_14_19_,272.00_271.50_271.00_270.50_270.00_,3_14_13_19_44_
11:40:02,272.50,1,1621,273.00_273.50_274.00_274.50_275.00_,12_2_17_14_19_,272.00_271.50_271.00_270.50_270.00_,3_14_13_19_43_
11:40:17,273.00,1,1622,273.00_273.50_274.00_274.50_275.00_,11_2_17_14_19_,272.00_271.50_271.00_270.50_270.00_,3_14_13_19_43_
11:40:22,273.00,1,1623,273.00_273.50_274.00_274.50_275.00_,10_2_17_14_19_,272.00_271.50_271.00_270.50_270.00_,4_14_13_19_43_
11:40:32,273.00,4,1627,273.00_273.50_274.00_274.50_275.00_,6_2_17_14_19_,272.00_271.50_271.00_270.50_270.00_,5_14_13_19_43_
11:40:38,273.00,4,1627,273.00_273.50_274.00_274.50_275.00_,6_2_17_14_19_,272.00_271.50_271.00_270.50_270.00_,6_14_13_19_43_
11:40:43,273.00,4,1627,273.00_273.50_274.00_274.50_275.00_,6_2_17_14_19_,272.00_271.50_271.00_270.50_270.00_,6_14_12_19_43_
11:40:48,273.00,1,1628,273.00_273.50_274.00_274.50_275.00_,5_2_17_14_19_,272.00_271.50_271.00_270.50_270.00_,6_14_12_19_43_
11:40:58,273.00,1,1628,273.00_273.50_274.00_274.50_275.00_,5_2_17_14_19_,272.00_271.50_271.00_270.50_270.00_,7_14_12_19_43_
11:41:03,273.00,1,1629,273.00_273.50_274.00_274.50_275.00_,4_2_17_14_19_,272.00_271.50_271.00_270.50_270.00_,7_14_12_19_43_
11:41:14,273.00,1,1629,273.00_273.50_274.00_274.50_275.00_,4_2_17_14_19_,272.00_271.50_271.00_270.50_270.00_,8_14_12_19_43_
11:41:24,273.00,1,1629,273.00_273.50_274.00_274.50_275.00_,5_2_17_14_19_,272.00_271.50_271.00_270.50_270.00_,11_14_12_19_43_
11:41:29,273.00,1,1629,273.00_273.50_274.00_274.50_275.00_,6_2_17_14_19_,272.00_271.50_271.00_270.50_270.00_,10_14_12_19_43_
11:41:34,273.00,1,1630,273.00_273.50_274.00_274.50_275.00_,5_2_17_14_19_,272.00_271.50_271.00_270.50_270.00_,10_14_12_21_43_
11:41:44,273.00,1,1631,273.00_273.50_274.00_274.50_275.00_,4_2_17_14_19_,272.00_271.50_271.00_270.50_270.00_,10_14_12_21_43_
11:41:49,273.00,1,1632,273.00_273.50_274.00_274.50_275.00_,3_2_17_14_19_,272.50_272.00_271.50_271.00_270.50_,2_9_14_12_21_
11:41:55,273.00,1,1632,273.00_273.50_274.00_274.50_275.00_,3_2_12_19_19_,272.50_272.00_271.50_271.00_270.50_,2_9_15_14_18_
11:42:00,273.00,2,1634,273.00_273.50_274.00_274.50_275.00_,1_2_12_19_19_,272.50_272.00_271.50_271.00_270.50_,2_14_10_14_18_
11:42:05,273.00,1,1635,273.50_274.00_274.50_275.00_275.50_,2_12_19_19_19_,272.50_272.00_271.50_271.00_270.50_,2_14_10_14_18_
11:42:10,273.50,1,1636,273.50_274.00_274.50_275.00_275.50_,2_12_11_27_19_,273.00_272.50_272.00_271.50_271.00_,1_3_14_10_21_
11:42:15,273.50,1,1636,273.50_274.00_274.50_275.00_275.50_,2_12_6_32_19_,273.00_272.50_272.00_271.50_271.00_,1_3_15_12_18_
11:42:20,273.50,1,1637,273.50_274.00_274.50_275.00_275.50_,1_12_6_32_19_,273.00_272.50_272.00_271.50_271.00_,1_3_15_12_18_
11:42:25,273.00,1,1638,274.00_274.50_275.00_275.50_276.00_,12_6_32_19_60_,272.50_272.00_271.50_271.00_270.50_,3_15_12_18_11_
11:42:31,274.00,1,1639,274.00_274.50_275.00_275.50_276.00_,11_6_32_19_60_,272.50_272.00_271.50_271.00_270.50_,4_15_12_18_11_
11:42:36,274.00,1,1639,274.00_274.50_275.00_275.50_276.00_,11_6_32_19_61_,272.50_272.00_271.50_271.00_270.50_,4_15_12_18_11_
11:42:41,274.00,1,1640,274.00_274.50_275.00_275.50_276.00_,10_6_32_19_61_,272.50_272.00_271.50_271.00_270.50_,4_15_12_18_11_
11:42:46,274.00,1,1640,274.00_274.50_275.00_275.50_276.00_,11_5_32_19_61_,272.50_272.00_271.50_271.00_270.50_,4_15_12_18_11_
11:42:51,274.00,1,1641,274.00_274.50_275.00_275.50_276.00_,10_5_32_19_61_,272.50_272.00_271.50_271.00_270.50_,4_15_12_18_11_
11:43:06,272.50,4,1645,274.00_274.50_275.00_275.50_276.00_,10_5_32_19_61_,272.00_271.50_271.00_270.50_270.00_,15_12_18_11_44_
11:43:11,272.50,4,1645,274.00_274.50_275.00_275.50_276.00_,10_5_32_19_61_,272.00_271.50_271.00_270.50_270.00_,14_10_21_11_44_
11:43:17,272.50,4,1645,274.00_274.50_275.00_275.50_276.00_,10_10_27_19_61_,272.00_271.50_271.00_270.50_270.00_,14_10_21_11_44_
11:43:22,272.50,4,1645,274.00_274.50_275.00_275.50_276.00_,10_10_27_19_61_,272.50_272.00_271.50_271.00_270.50_,1_14_10_21_11_
11:43:27,272.50,4,1645,273.00_274.00_274.50_275.00_275.50_,1_12_5_32_19_,272.50_272.00_271.50_271.00_270.50_,1_15_12_18_11_
11:43:32,272.50,4,1645,273.00_273.50_274.00_274.50_275.00_,1_5_12_18_19_,272.50_272.00_271.50_271.00_270.50_,1_14_10_15_18_
11:43:37,272.50,4,1645,273.00_273.50_274.00_274.50_275.00_,2_5_12_18_19_,272.50_272.00_271.50_271.00_270.50_,1_15_10_15_18_
11:43:53,272.50,4,1645,273.00_273.50_274.00_274.50_275.00_,2_5_12_18_20_,272.50_272.00_271.50_271.00_270.50_,1_15_10_15_18_
11:44:18,272.50,4,1645,273.00_273.50_274.00_274.50_275.00_,2_5_12_18_20_,272.50_272.00_271.50_271.00_270.50_,2_15_10_15_18_
11:44:44,272.50,4,1645,273.00_273.50_274.00_274.50_275.00_,1_5_12_18_20_,272.50_272.00_271.50_271.00_270.50_,2_15_10_15_18_
11:44:59,272.50,4,1645,273.00_273.50_274.00_274.50_275.00_,1_5_12_18_20_,272.50_272.00_271.50_271.00_270.50_,4_15_10_15_18_
11:45:25,272.50,4,1645,273.00_273.50_274.00_274.50_275.00_,1_5_12_18_20_,272.50_272.00_271.50_271.00_270.50_,4_15_10_14_18_
11:45:35,272.50,1,1646,273.00_273.50_274.00_274.50_275.00_,1_5_12_18_20_,272.50_272.00_271.50_271.00_270.50_,3_15_10_14_18_
11:45:40,272.50,1,1646,273.00_273.50_274.00_274.50_275.00_,1_5_12_18_20_,272.50_272.00_271.50_271.00_270.50_,3_16_10_14_18_
11:45:55,272.50,1,1646,273.00_273.50_274.00_274.50_275.00_,1_5_12_18_20_,272.50_272.00_271.50_271.00_270.50_,8_16_10_14_18_
11:46:16,272.50,1,1646,273.00_273.50_274.00_274.50_275.00_,1_5_12_18_20_,272.50_272.00_271.50_271.00_270.50_,9_16_10_14_18_
11:46:26,272.50,1,1646,273.00_273.50_274.00_274.50_275.00_,5_5_13_18_20_,272.50_272.00_271.50_271.00_270.50_,10_16_10_14_18_
11:46:31,273.00,2,1648,273.00_273.50_274.00_274.50_275.00_,3_5_13_18_20_,272.50_272.00_271.50_271.00_270.50_,10_16_10_14_18_
11:46:52,273.00,2,1648,273.00_273.50_274.00_274.50_275.00_,3_5_13_18_20_,272.50_272.00_271.50_271.00_270.50_,10_13_10_14_18_
11:46:57,273.00,2,1648,273.00_273.50_274.00_274.50_275.00_,3_5_13_18_20_,272.50_272.00_271.50_271.00_270.50_,10_14_10_14_18_
11:47:33,273.00,1,1649,273.00_273.50_274.00_274.50_275.00_,2_5_13_18_20_,272.50_272.00_271.50_271.00_270.50_,9_14_10_14_18_
11:48:03,273.00,1,1650,273.00_273.50_274.00_274.50_275.00_,1_5_13_18_20_,272.50_272.00_271.50_271.00_270.50_,9_14_10_14_18_
11:48:08,273.00,1,1650,273.00_273.50_274.00_274.50_275.00_,2_5_13_18_20_,272.50_272.00_271.50_271.00_270.50_,9_14_10_14_18_
11:48:14,273.00,1,1651,273.00_273.50_274.00_274.50_275.00_,1_5_13_18_20_,272.50_272.00_271.50_271.00_270.50_,9_14_10_14_18_
11:48:19,273.00,1,1651,273.00_273.50_274.00_274.50_275.00_,1_5_13_18_20_,272.50_272.00_271.50_271.00_270.50_,10_14_10_14_18_
11:48:34,273.00,1,1652,273.50_274.00_274.50_275.00_275.50_,5_13_18_20_20_,272.50_272.00_271.50_271.00_270.50_,10_15_10_14_18_
11:48:39,273.00,1,1652,273.50_274.00_274.50_275.00_275.50_,5_13_10_28_20_,272.50_272.00_271.50_271.00_270.50_,10_15_10_21_11_
11:49:05,273.00,1,1652,273.50_274.00_274.50_275.00_275.50_,6_13_10_28_20_,272.50_272.00_271.50_271.00_270.50_,11_14_10_21_11_
11:49:15,273.00,1,1652,273.50_274.00_274.50_275.00_275.50_,6_13_10_28_20_,272.50_272.00_271.50_271.00_270.50_,12_14_10_21_11_
11:49:20,273.00,1,1652,273.00_273.50_274.00_274.50_275.00_,2_6_13_10_28_,272.50_272.00_271.50_271.00_270.50_,12_14_10_21_11_
11:49:25,273.00,1,1653,273.00_273.50_274.00_274.50_275.00_,1_5_13_18_20_,272.50_272.00_271.50_271.00_270.50_,11_14_10_14_18_
11:49:30,273.00,1,1653,273.00_273.50_274.00_274.50_275.00_,2_5_13_18_20_,272.50_272.00_271.50_271.00_270.50_,11_14_10_14_18_
11:49:46,273.00,1,1654,273.00_273.50_274.00_274.50_275.00_,1_8_13_18_20_,272.50_272.00_271.50_271.00_270.50_,11_14_10_14_18_
11:49:56,273.00,1,1654,273.00_273.50_274.00_274.50_275.00_,11_8_13_18_20_,272.50_272.00_271.50_271.00_270.50_,11_14_10_14_18_
11:50:01,273.00,1,1654,273.00_273.50_274.00_274.50_275.00_,12_8_13_18_20_,272.50_272.00_271.50_271.00_270.50_,11_9_15_14_18_
11:50:06,273.00,1,1654,273.00_273.50_274.00_274.50_275.00_,12_8_13_18_20_,272.50_272.00_271.50_271.00_270.50_,12_9_15_14_18_
11:50:37,273.00,1,1654,273.00_273.50_274.00_274.50_275.00_,12_8_13_18_20_,272.50_272.00_271.50_271.00_270.50_,12_10_15_14_18_
11:50:47,273.00,1,1655,273.00_273.50_274.00_274.50_275.00_,11_8_13_18_20_,272.50_272.00_271.50_271.00_270.50_,11_10_15_14_18_
11:51:18,273.00,2,1657,273.00_273.50_274.00_274.50_275.00_,9_8_13_18_20_,272.50_272.00_271.50_271.00_270.50_,10_10_15_14_18_
11:51:23,273.00,2,1657,273.00_273.50_274.00_274.50_275.00_,9_8_13_18_20_,272.50_272.00_271.50_271.00_270.50_,11_10_15_14_18_
11:51:34,273.00,2,1657,273.00_273.50_274.00_274.50_275.00_,9_8_13_18_20_,272.50_272.00_271.50_271.00_270.50_,6_10_15_14_18_
11:51:44,273.00,5,1662,273.00_273.50_274.00_274.50_275.00_,4_8_12_18_20_,272.50_272.00_271.50_271.00_270.50_,6_12_15_14_18_
11:51:49,273.00,5,1662,273.00_273.50_274.00_274.50_275.00_,5_8_12_18_20_,272.50_272.00_271.50_271.00_270.50_,6_12_15_14_18_
11:51:59,273.00,5,1662,273.00_273.50_274.00_274.50_275.00_,5_9_12_18_20_,272.50_272.00_271.50_271.00_270.50_,7_12_15_14_18_
11:52:09,273.00,1,1663,273.00_273.50_274.00_274.50_275.00_,4_9_12_18_20_,272.50_272.00_271.50_271.00_270.50_,7_12_15_14_18_
11:52:20,273.00,1,1663,273.00_273.50_274.00_274.50_275.00_,4_9_12_18_20_,272.50_272.00_271.50_271.00_270.50_,7_17_10_14_18_
11:52:30,273.00,1,1663,273.00_273.50_274.00_274.50_275.00_,4_9_12_18_20_,272.50_272.00_271.50_271.00_270.50_,7_17_10_15_18_
11:53:11,273.00,1,1664,273.00_273.50_274.00_274.50_275.00_,3_9_12_18_20_,272.50_272.00_271.50_271.00_270.50_,6_17_10_15_18_
11:53:27,273.00,1,1664,273.00_273.50_274.00_274.50_275.00_,4_9_12_18_20_,272.50_272.00_271.50_271.00_270.50_,6_17_10_15_18_
11:53:32,273.00,1,1664,273.00_273.50_274.00_274.50_275.00_,4_9_12_18_20_,272.50_272.00_271.50_271.00_270.50_,7_17_10_15_18_
11:53:57,273.00,1,1664,273.00_273.50_274.00_274.50_275.00_,4_9_12_18_20_,272.50_272.00_271.50_271.00_270.50_,8_17_10_15_18_
11:54:49,273.00,1,1664,273.00_273.50_274.00_274.50_275.00_,4_9_12_18_20_,272.50_272.00_271.50_271.00_270.50_,8_18_10_15_18_
11:54:54,273.00,1,1664,273.00_273.50_274.00_274.50_275.00_,8_9_12_18_20_,272.50_272.00_271.50_271.00_270.50_,8_18_10_15_18_
11:55:09,273.00,1,1665,273.00_273.50_274.00_274.50_275.00_,6_9_12_18_20_,272.50_272.00_271.50_271.00_270.50_,7_18_10_15_18_
11:55:25,273.00,2,1667,273.00_273.50_274.00_274.50_275.00_,4_9_12_18_20_,272.50_272.00_271.50_271.00_270.50_,7_18_10_15_18_
11:55:30,273.00,2,1667,273.00_273.50_274.00_274.50_275.00_,5_9_12_18_20_,272.50_272.00_271.50_271.00_270.50_,7_18_10_15_18_
11:55:35,273.00,2,1667,273.00_273.50_274.00_274.50_275.00_,5_9_12_18_20_,272.50_272.00_271.50_271.00_270.50_,7_17_10_15_18_
11:55:40,273.00,1,1668,273.00_273.50_274.00_274.50_275.00_,4_9_12_18_20_,272.50_272.00_271.50_271.00_270.50_,7_18_10_15_18_
11:55:50,273.00,1,1668,273.00_273.50_274.00_274.50_275.00_,4_9_11_18_20_,272.50_272.00_271.50_271.00_270.50_,7_18_10_15_18_
11:55:55,273.00,1,1668,273.00_273.50_274.00_274.50_275.00_,4_9_11_18_20_,272.50_272.00_271.50_271.00_270.50_,8_18_10_16_18_
11:56:01,273.00,1,1668,273.00_273.50_274.00_274.50_275.00_,4_9_11_18_20_,272.50_272.00_271.50_271.00_270.50_,8_18_10_17_18_
11:56:06,273.00,1,1668,273.00_273.50_274.00_274.50_275.00_,5_9_11_18_20_,272.50_272.00_271.50_271.00_270.50_,8_18_10_17_18_
11:56:11,273.00,1,1668,273.00_273.50_274.00_274.50_275.00_,5_9_11_18_20_,272.50_272.00_271.50_271.00_270.50_,8_18_10_18_18_
11:56:21,272.50,1,1669,273.00_273.50_274.00_274.50_275.00_,5_9_11_18_20_,272.50_272.00_271.50_271.00_270.50_,7_18_10_18_18_
11:56:26,272.50,1,1669,273.00_273.50_274.00_274.50_275.00_,6_8_11_18_20_,272.50_272.00_271.50_271.00_270.50_,7_18_10_18_18_
11:56:31,273.00,1,1670,273.00_273.50_274.00_274.50_275.00_,5_8_11_18_20_,272.50_272.00_271.50_271.00_270.50_,6_18_10_18_18_
11:56:42,273.00,1,1670,273.00_273.50_274.00_274.50_275.00_,6_8_11_18_20_,272.50_272.00_271.50_271.00_270.50_,7_18_10_18_18_
11:56:47,273.00,1,1670,273.00_273.50_274.00_274.50_275.00_,6_8_11_18_20_,272.50_272.00_271.50_271.00_270.50_,7_18_10_19_18_
11:56:52,273.00,1,1670,273.00_273.50_274.00_274.50_275.00_,7_8_11_18_20_,272.50_272.00_271.50_271.00_270.50_,7_17_10_19_18_
11:56:57,273.00,1,1670,273.00_273.50_274.00_274.50_275.00_,6_8_11_18_20_,272.50_272.00_271.50_271.00_270.50_,7_17_10_19_18_
11:57:07,273.00,1,1671,273.00_273.50_274.00_274.50_275.00_,5_8_11_18_20_,272.50_272.00_271.50_271.00_270.50_,7_17_10_19_18_
11:57:12,273.00,1,1672,273.00_273.50_274.00_274.50_275.00_,4_8_11_18_20_,272.50_272.00_271.50_271.00_270.50_,6_17_10_19_18_
11:57:28,273.00,1,1672,273.00_273.50_274.00_274.50_275.00_,6_8_11_18_30_,272.50_272.00_271.50_271.00_270.50_,6_17_10_19_18_
11:57:33,273.00,1,1672,273.00_273.50_274.00_274.50_275.00_,6_8_11_18_30_,272.50_272.00_271.50_271.00_270.50_,7_17_10_19_18_
11:57:48,273.00,2,1674,273.00_273.50_274.00_274.50_275.00_,4_8_11_18_30_,272.50_272.00_271.50_271.00_270.50_,8_17_10_19_18_
11:57:53,273.00,2,1674,273.00_273.50_274.00_274.50_275.00_,4_8_11_18_29_,272.50_272.00_271.50_271.00_270.50_,8_17_10_19_18_
11:57:59,273.00,1,1675,273.00_273.50_274.00_274.50_275.00_,3_8_11_18_29_,272.50_272.00_271.50_271.00_270.50_,8_17_10_19_18_
11:58:09,273.00,1,1676,273.00_273.50_274.00_274.50_275.00_,2_8_11_18_29_,272.50_272.00_271.50_271.00_270.50_,8_17_10_19_18_
11:58:14,273.00,1,1676,273.00_273.50_274.00_274.50_275.00_,1_9_11_18_29_,272.50_272.00_271.50_271.00_270.50_,8_17_10_19_18_
11:58:29,273.00,1,1677,273.50_274.00_274.50_275.00_275.50_,9_11_18_30_20_,272.50_272.00_271.50_271.00_270.50_,8_17_10_19_18_
11:58:34,273.00,1,1677,273.50_274.00_274.50_275.00_275.50_,10_11_10_38_20_,272.50_272.00_271.50_271.00_270.50_,8_17_10_26_11_
11:58:45,273.00,1,1677,273.50_274.00_274.50_275.00_275.50_,10_11_10_38_20_,272.50_272.00_271.50_271.00_270.50_,8_18_10_26_11_
11:58:50,272.50,1,1678,273.50_274.00_274.50_275.00_275.50_,10_11_10_38_20_,272.50_272.00_271.50_271.00_270.50_,7_18_10_26_11_
11:59:00,273.50,1,1679,273.50_274.00_274.50_275.00_275.50_,9_11_10_38_20_,272.50_272.00_271.50_271.00_270.50_,6_18_10_26_11_
11:59:05,273.50,1,1680,273.50_274.00_274.50_275.00_275.50_,10_11_18_30_20_,272.50_272.00_271.50_271.00_270.50_,6_18_10_26_11_
11:59:10,273.50,1,1680,273.50_274.00_274.50_275.00_275.50_,10_11_18_30_20_,273.00_272.50_272.00_271.50_271.00_,1_6_18_10_26_
11:59:20,273.50,11,1692,274.00_274.50_275.00_275.50_276.00_,9_5_43_20_60_,273.50_273.00_272.50_272.00_271.50_,4_1_6_19_12_
11:59:26,274.00,10,1702,274.50_275.00_275.50_276.00_276.50_,5_30_33_60_7_,274.00_273.50_273.00_272.50_272.00_,5_5_1_11_16_
11:59:31,274.50,1,1703,274.50_275.00_275.50_276.00_276.50_,5_30_20_73_7_,274.00_273.50_273.00_272.50_272.00_,5_5_7_8_19_
11:59:41,274.50,1,1703,274.50_275.00_275.50_276.00_276.50_,5_30_20_73_7_,274.00_273.50_273.00_272.50_272.00_,6_5_7_8_19_
11:59:46,274.50,3,1706,274.50_275.00_275.50_276.00_276.50_,2_30_20_73_7_,274.00_273.50_273.00_272.50_272.00_,6_5_7_8_19_
11:59:51,274.50,3,1706,274.50_275.00_275.50_276.00_276.50_,2_30_20_73_7_,274.00_273.50_273.00_272.50_272.00_,6_5_8_8_19_
11:59:56,274.50,1,1707,274.50_275.00_275.50_276.00_276.50_,1_30_20_73_7_,274.00_273.50_273.00_272.50_272.00_,7_4_8_10_20_
12:00:07,274.50,1,1707,274.50_275.00_275.50_276.00_276.50_,1_30_19_73_7_,274.00_273.50_273.00_272.50_272.00_,7_4_8_10_20_
12:00:12,274.50,1,1707,274.50_275.00_275.50_276.00_276.50_,1_31_19_73_7_,274.00_273.50_273.00_272.50_272.00_,7_4_8_10_20_
12:00:17,274.50,1,1708,275.00_275.50_276.00_276.50_277.00_,31_19_73_7_59_,274.50_274.00_273.50_273.00_272.50_,1_7_4_8_10_
12:00:22,274.50,1,1708,275.00_275.50_276.00_276.50_277.00_,33_19_60_20_59_,274.50_274.00_273.50_273.00_272.50_,3_5_10_5_14_
12:00:37,274.50,1,1708,275.00_275.50_276.00_276.50_277.00_,33_19_60_20_59_,274.50_274.00_273.50_273.00_272.50_,4_6_10_5_13_
12:00:42,274.50,1,1708,275.00_275.50_276.00_276.50_277.00_,34_19_60_20_59_,274.50_274.00_273.50_273.00_272.50_,5_6_10_5_13_
12:00:47,274.50,1,1708,275.00_275.50_276.00_276.50_277.00_,34_19_60_20_59_,274.50_274.00_273.50_273.00_272.50_,6_6_10_5_13_
12:00:52,275.00,1,1709,275.00_275.50_276.00_276.50_277.00_,33_19_60_20_59_,274.50_274.00_273.50_273.00_272.50_,6_6_10_5_13_
12:00:58,275.00,1,1709,275.00_275.50_276.00_276.50_277.00_,33_19_60_20_59_,274.50_274.00_273.50_273.00_272.50_,7_6_10_5_13_
12:01:03,275.00,1,1710,275.00_275.50_276.00_276.50_277.00_,33_19_60_20_59_,274.50_274.00_273.50_273.00_272.50_,7_6_10_6_13_
12:01:08,275.00,2,1712,275.00_275.50_276.00_276.50_277.00_,31_19_60_20_59_,274.50_274.00_273.50_273.00_272.50_,7_6_10_6_13_
12:01:13,275.00,2,1712,275.00_275.50_276.00_276.50_277.00_,32_19_60_20_59_,274.50_274.00_273.50_273.00_272.50_,7_6_10_6_13_
12:01:18,275.00,32,1744,275.50_276.00_276.50_277.00_277.50_,19_60_20_59_15_,275.00_274.50_274.00_273.50_273.00_,1_7_6_10_6_
12:01:23,275.50,10,1754,275.50_276.00_276.50_277.00_277.50_,10_60_7_72_15_,275.00_274.50_274.00_273.50_273.00_,1_5_7_3_10_
12:01:29,275.50,5,1759,275.50_276.00_276.50_277.00_277.50_,5_60_7_72_15_,275.00_274.50_274.00_273.50_273.00_,1_4_7_3_10_
12:01:34,275.00,2,1761,275.00_275.50_276.00_276.50_277.00_,3_5_60_7_72_,274.50_274.00_273.50_273.00_272.50_,4_6_3_10_6_
12:01:39,275.00,3,1764,275.00_275.50_276.00_276.50_277.00_,1_4_60_20_59_,274.50_274.00_273.50_273.00_272.50_,6_5_1_6_13_
12:01:44,275.00,3,1764,275.00_275.50_276.00_276.50_277.00_,1_4_60_20_59_,274.50_274.00_273.50_273.00_272.50_,7_5_1_6_13_
12:01:54,275.00,3,1764,275.00_275.50_276.00_276.50_277.00_,1_4_60_20_59_,274.50_274.00_273.50_273.00_272.50_,7_6_1_7_13_
12:02:04,275.00,1,1765,275.00_275.50_276.00_276.50_277.00_,1_5_59_20_59_,274.50_274.00_273.50_273.00_272.50_,6_6_1_7_13_
12:02:10,275.00,1,1765,275.00_275.50_276.00_276.50_277.00_,3_5_59_20_59_,274.50_274.00_273.50_273.00_272.50_,6_6_2_7_11_
12:02:15,274.50,1,1766,275.00_275.50_276.00_276.50_277.00_,4_5_59_20_59_,274.50_274.00_273.50_273.00_272.50_,5_6_2_7_11_
12:02:20,274.50,1,1766,275.00_275.50_276.00_276.50_277.00_,4_5_59_20_59_,274.50_274.00_273.50_273.00_272.50_,5_1_7_7_12_
12:02:25,274.50,2,1768,275.00_275.50_276.00_276.50_277.00_,5_5_59_20_59_,274.50_274.00_273.50_273.00_272.50_,4_1_7_8_11_
12:02:35,274.50,1,1769,275.00_275.50_276.00_276.50_277.00_,5_5_59_20_59_,274.50_274.00_273.50_273.00_272.50_,3_1_7_8_11_
12:02:40,274.50,1,1770,275.00_275.50_276.00_276.50_277.00_,6_5_59_20_59_,274.50_274.00_273.50_273.00_272.50_,2_1_7_8_11_
12:02:46,274.50,1,1771,275.00_275.50_276.00_276.50_277.00_,5_5_59_20_59_,274.50_274.00_273.50_273.00_272.50_,1_1_7_8_11_
12:03:06,274.50,1,1772,275.00_275.50_276.00_276.50_277.00_,5_5_59_20_59_,274.00_273.50_273.00_272.50_272.00_,1_7_8_11_8_
12:03:11,274.50,1,1772,275.00_275.50_276.00_276.50_277.00_,5_5_72_7_59_,274.00_273.50_273.00_272.50_272.00_,1_6_6_15_8_
12:03:21,274.50,1,1772,275.00_275.50_276.00_276.50_277.00_,5_5_72_7_59_,274.00_273.50_273.00_272.50_272.00_,2_6_6_15_8_
12:03:27,274.50,1,1772,275.00_275.50_276.00_276.50_277.00_,10_5_72_7_59_,274.00_273.50_273.00_272.50_272.00_,3_6_6_15_8_
12:03:32,274.50,1,1772,275.00_275.50_276.00_276.50_277.00_,11_7_72_7_59_,274.00_273.50_273.00_272.50_272.00_,3_6_6_15_8_
12:03:37,274.00,2,1774,275.00_275.50_276.00_276.50_277.00_,11_7_72_7_59_,274.00_273.50_273.00_272.50_272.00_,1_6_6_15_8_
12:03:42,274.00,2,1774,275.00_275.50_276.00_276.50_277.00_,11_7_72_7_59_,274.00_273.50_273.00_272.50_272.00_,2_1_11_15_8_
12:03:52,275.00,1,1775,275.00_275.50_276.00_276.50_277.00_,10_7_72_7_59_,274.00_273.50_273.00_272.50_272.00_,2_1_11_15_8_
12:03:57,275.00,5,1780,275.00_275.50_276.00_276.50_277.00_,5_7_72_7_59_,274.00_273.50_273.00_272.50_272.00_,2_1_11_15_8_
12:04:03,275.00,5,1780,274.50_275.00_275.50_276.00_276.50_,1_6_7_72_7_,274.00_273.50_273.00_272.50_272.00_,2_6_6_15_8_
12:04:08,274.50,1,1781,274.50_275.00_275.50_276.00_276.50_,2_6_7_72_7_,274.00_273.50_273.00_272.50_272.00_,2_6_6_8_15_
12:04:13,274.50,1,1781,274.50_275.00_275.50_276.00_276.50_,3_5_7_72_7_,274.00_273.50_273.00_272.50_272.00_,2_6_6_8_15_
12:04:18,274.50,1,1782,274.50_275.00_275.50_276.00_276.50_,2_5_7_72_7_,274.00_273.50_273.00_272.50_272.00_,2_6_7_8_15_
12:04:28,274.50,1,1782,274.50_275.00_275.50_276.00_276.50_,2_6_7_72_7_,274.00_273.50_273.00_272.50_272.00_,2_6_7_8_15_
12:04:33,274.50,1,1782,274.50_275.00_275.50_276.00_276.50_,3_6_7_72_7_,274.00_273.50_273.00_272.50_272.00_,2_6_7_8_15_
12:04:49,274.50,1,1783,274.50_275.00_275.50_276.00_276.50_,2_6_7_72_7_,274.00_273.50_273.00_272.50_272.00_,1_6_7_8_15_
12:04:54,274.50,1,1783,274.50_275.00_275.50_276.00_276.50_,7_6_7_72_7_,274.00_273.50_273.00_272.50_272.00_,1_6_7_8_15_
12:04:59,274.00,1,1784,274.50_275.00_275.50_276.00_276.50_,6_6_7_72_7_,273.50_273.00_272.50_272.00_271.50_,1_11_8_15_9_
12:05:04,273.50,1,1785,274.50_275.00_275.50_276.00_276.50_,7_6_20_59_7_,273.00_272.50_272.00_271.50_271.00_,10_6_18_9_23_
12:05:09,273.50,1,1785,274.50_275.00_275.50_276.00_276.50_,7_6_20_59_7_,273.00_272.50_272.00_271.50_271.00_,10_6_11_16_23_
12:05:14,273.50,1,1785,274.00_274.50_275.00_275.50_276.00_,1_7_6_20_59_,273.00_272.50_272.00_271.50_271.00_,10_6_11_16_23_
12:05:19,273.50,1,1785,274.00_274.50_275.00_275.50_276.00_,2_5_19_7_59_,273.00_272.50_272.00_271.50_271.00_,10_5_9_19_23_
12:05:25,273.50,1,1785,274.00_274.50_275.00_275.50_276.00_,3_5_19_7_59_,273.00_272.50_272.00_271.50_271.00_,10_5_9_19_23_
12:05:30,273.50,1,1785,274.00_274.50_275.00_275.50_276.00_,4_5_19_7_59_,273.00_272.50_272.00_271.50_271.00_,11_5_9_19_23_
12:05:35,273.50,1,1785,274.00_274.50_275.00_275.50_276.00_,4_5_19_7_59_,273.00_272.50_272.00_271.50_271.00_,10_5_9_19_23_
12:05:40,273.50,1,1785,274.00_274.50_275.00_275.50_276.00_,4_5_11_15_59_,273.00_272.50_272.00_271.50_271.00_,10_5_9_19_23_
12:05:55,273.50,1,1785,274.00_274.50_275.00_275.50_276.00_,4_5_11_15_59_,273.00_272.50_272.00_271.50_271.00_,10_6_9_19_23_
12:06:31,273.50,1,1785,274.00_274.50_275.00_275.50_276.00_,4_5_19_7_59_,273.00_272.50_272.00_271.50_271.00_,5_11_9_19_23_
12:06:47,274.00,1,1786,274.00_274.50_275.00_275.50_276.00_,3_6_19_7_59_,273.00_272.50_272.00_271.50_271.00_,4_11_9_19_23_
12:06:57,274.00,1,1786,274.00_274.50_275.00_275.50_276.00_,3_6_19_7_59_,273.00_272.50_272.00_271.50_271.00_,5_11_9_19_23_
12:07:07,274.00,1,1786,274.00_274.50_275.00_275.50_276.00_,3_6_19_7_59_,273.00_272.50_272.00_271.50_271.00_,5_11_10_19_23_
12:07:12,274.00,1,1786,274.00_274.50_275.00_275.50_276.00_,3_6_19_7_59_,273.00_272.50_272.00_271.50_271.00_,6_11_10_20_23_
12:07:17,274.00,1,1786,274.00_274.50_275.00_275.50_276.00_,3_6_19_7_59_,273.00_272.50_272.00_271.50_271.00_,8_11_10_20_23_
12:07:32,274.00,2,1788,274.00_274.50_275.00_275.50_276.00_,1_6_19_7_59_,273.00_272.50_272.00_271.50_271.00_,8_11_10_20_23_
12:07:38,274.00,2,1788,274.00_274.50_275.00_275.50_276.00_,2_6_19_7_59_,273.00_272.50_272.00_271.50_271.00_,8_11_10_20_23_
12:07:58,274.00,2,1790,274.50_275.00_275.50_276.00_276.50_,6_19_7_59_6_,274.00_273.00_272.50_272.00_271.50_,2_8_11_10_20_
12:08:03,274.00,2,1790,274.50_275.00_275.50_276.00_276.50_,7_6_7_72_6_,274.00_273.00_272.50_272.00_271.50_,3_13_8_16_10_
12:08:08,274.00,2,1790,274.50_275.00_275.50_276.00_276.50_,7_6_7_72_6_,274.00_273.00_272.50_272.00_271.50_,4_12_8_16_10_
12:08:13,274.00,2,1790,274.50_275.00_275.50_276.00_276.50_,7_6_7_72_6_,274.00_273.00_272.50_272.00_271.50_,3_12_8_16_10_
12:08:24,274.00,2,1790,274.50_275.00_275.50_276.00_276.50_,8_6_7_72_6_,274.00_273.00_272.50_272.00_271.50_,3_12_8_16_10_
12:08:39,274.50,1,1791,274.50_275.00_275.50_276.00_276.50_,8_6_7_72_6_,274.00_273.50_273.00_272.50_272.00_,3_1_12_8_16_
12:09:10,274.50,1,1791,274.50_275.00_275.50_276.00_276.50_,8_7_7_72_6_,274.00_273.50_273.00_272.50_272.00_,3_1_12_8_16_
12:09:15,274.50,1,1791,274.50_275.00_275.50_276.00_276.50_,8_7_9_72_6_,274.00_273.50_273.00_272.50_272.00_,3_1_12_8_16_
12:09:20,274.50,1,1791,274.50_275.00_275.50_276.00_276.50_,8_7_9_72_6_,274.00_273.50_273.00_272.50_272.00_,4_1_12_8_16_
12:09:30,274.50,1,1791,274.50_275.00_275.50_276.00_276.50_,8_7_9_72_7_,274.00_273.50_273.00_272.50_272.00_,4_1_12_8_16_
12:09:35,274.50,1,1791,274.50_275.00_275.50_276.00_276.50_,8_8_9_72_7_,274.00_273.50_273.00_272.50_272.00_,4_1_12_8_16_
12:09:46,274.50,1,1791,274.50_275.00_275.50_276.00_276.50_,8_8_9_72_7_,274.00_273.50_273.00_272.50_272.00_,5_1_12_8_16_
12:09:51,274.50,3,1794,274.50_275.00_275.50_276.00_276.50_,5_8_10_72_7_,274.00_273.50_273.00_272.50_272.00_,6_1_12_8_16_
12:10:01,274.50,3,1794,274.50_275.00_275.50_276.00_276.50_,5_8_10_72_7_,274.00_273.50_273.00_272.50_272.00_,6_1_11_8_16_
12:10:06,274.50,3,1794,274.50_275.00_275.50_276.00_276.50_,5_8_12_74_8_,274.00_273.50_273.00_272.50_272.00_,6_1_11_8_16_
12:10:11,274.50,1,1795,274.50_275.00_275.50_276.00_276.50_,4_8_12_74_8_,274.00_273.50_273.00_272.50_272.00_,6_1_11_8_16_
12:10:27,274.50,1,1795,274.50_275.00_275.50_276.00_276.50_,4_8_12_74_8_,274.00_273.50_273.00_272.50_272.00_,6_2_11_8_16_
12:10:32,274.50,1,1796,274.50_275.00_275.50_276.00_276.50_,3_8_12_74_8_,274.00_273.50_273.00_272.50_272.00_,5_2_11_8_16_
12:10:42,274.50,1,1796,274.50_275.00_275.50_276.00_276.50_,3_8_12_74_8_,274.00_273.50_273.00_272.50_272.00_,4_2_11_8_16_
12:10:47,274.50,1,1796,274.50_275.00_275.50_276.00_276.50_,3_8_16_74_8_,274.00_273.50_273.00_272.50_272.00_,4_2_11_8_16_
12:10:57,274.50,1,1796,274.50_275.00_275.50_276.00_276.50_,8_8_16_80_8_,274.00_273.50_273.00_272.50_272.00_,4_2_11_8_16_
12:11:03,274.50,1,1796,274.50_275.00_275.50_276.00_276.50_,8_8_17_80_7_,274.00_273.50_273.00_272.50_272.00_,4_2_11_8_16_
12:11:13,274.50,1,1796,274.50_275.00_275.50_276.00_276.50_,8_8_17_80_7_,274.00_273.50_273.00_272.50_272.00_,5_2_11_8_16_
12:11:33,274.50,1,1796,274.50_275.00_275.50_276.00_276.50_,7_8_17_80_7_,274.00_273.50_273.00_272.50_272.00_,5_2_11_8_16_
12:11:38,274.50,1,1796,274.50_275.00_275.50_276.00_276.50_,7_8_17_80_6_,274.00_273.50_273.00_272.50_272.00_,5_2_11_8_16_
12:11:49,274.50,1,1797,274.50_275.00_275.50_276.00_276.50_,6_8_17_80_6_,274.00_273.50_273.00_272.50_272.00_,5_2_11_8_16_
12:11:54,274.50,7,1804,275.00_275.50_276.00_276.50_277.00_,8_17_80_6_64_,274.00_273.50_273.00_272.50_272.00_,5_2_11_8_16_
12:11:59,274.50,7,1804,275.00_275.50_276.00_276.50_277.00_,9_17_80_6_68_,274.50_274.00_273.50_273.00_272.50_,1_4_2_11_15_
12:12:04,274.50,7,1804,275.00_275.50_276.00_276.50_277.00_,11_17_67_19_68_,274.50_274.00_273.50_273.00_272.50_,2_3_7_8_12_
12:12:09,274.50,7,1804,275.00_275.50_276.00_276.50_277.00_,11_17_67_19_68_,274.50_274.00_273.50_273.00_272.50_,2_3_7_9_12_
12:12:14,274.50,7,1804,275.00_275.50_276.00_276.50_277.00_,12_17_67_19_68_,274.50_274.00_273.50_273.00_272.50_,3_2_7_9_12_
12:12:20,274.50,7,1804,275.00_275.50_276.00_276.50_277.00_,12_17_67_19_68_,274.50_274.00_273.50_273.00_272.50_,4_2_7_9_12_
12:12:25,274.50,4,1808,275.00_275.50_276.00_276.50_277.00_,12_17_67_19_68_,274.00_273.50_273.00_272.50_272.00_,2_7_9_12_9_
12:12:30,274.50,4,1808,274.50_275.00_275.50_276.00_276.50_,1_12_17_80_6_,274.00_273.50_273.00_272.50_272.00_,2_1_12_15_9_
12:12:35,274.50,4,1808,274.50_275.00_275.50_276.00_276.50_,2_10_17_80_6_,274.00_273.50_273.00_272.50_272.00_,2_1_12_8_16_
12:12:40,274.50,4,1808,274.50_275.00_275.50_276.00_276.50_,3_10_17_80_6_,274.00_273.50_273.00_272.50_272.00_,2_1_12_8_16_
12:12:56,274.50,4,1808,274.50_275.00_275.50_276.00_276.50_,3_10_19_74_7_,274.00_273.50_273.00_272.50_272.00_,2_1_12_8_16_
12:13:01,274.00,1,1809,274.50_275.00_275.50_276.00_276.50_,3_10_19_74_7_,274.00_273.50_273.00_272.50_272.00_,1_1_12_8_16_
12:13:06,274.00,1,1809,274.50_275.00_275.50_276.00_276.50_,3_10_19_78_7_,274.00_273.50_273.00_272.50_272.00_,1_1_12_8_16_
12:13:11,274.00,1,1809,274.50_275.00_275.50_276.00_276.50_,3_10_19_78_7_,274.00_273.50_273.00_272.50_272.00_,2_1_12_8_16_
12:13:16,274.00,1,1810,274.50_275.00_275.50_276.00_276.50_,3_10_19_78_8_,274.00_273.50_273.00_272.50_272.00_,1_1_12_8_16_
12:14:18,274.00,1,1810,274.50_275.00_275.50_276.00_276.50_,3_10_19_75_8_,274.00_273.50_273.00_272.50_272.00_,1_1_12_8_16_
12:14:23,274.50,1,1811,274.50_275.00_275.50_276.00_276.50_,3_10_19_75_8_,273.50_273.00_272.50_272.00_271.50_,1_12_8_16_12_
12:14:28,274.50,1,1811,274.50_275.00_275.50_276.00_276.50_,3_10_32_62_8_,273.50_273.00_272.50_272.00_271.50_,1_11_6_19_12_
12:14:59,274.50,1,1811,274.50_275.00_275.50_276.00_276.50_,3_10_32_62_8_,273.50_273.00_272.50_272.00_271.50_,2_11_6_19_12_
12:15:14,274.50,1,1811,274.50_275.00_275.50_276.00_276.50_,2_10_32_62_8_,273.50_273.00_272.50_272.00_271.50_,2_11_6_19_12_
12:15:19,274.50,1,1811,274.50_275.00_275.50_276.00_276.50_,2_10_33_62_8_,273.50_273.00_272.50_272.00_271.50_,2_11_6_19_12_
12:15:45,274.50,1,1812,274.50_275.00_275.50_276.00_276.50_,2_10_33_62_8_,273.50_273.00_272.50_272.00_271.50_,2_11_6_19_12_
12:15:55,274.50,1,1812,274.50_275.00_275.50_276.00_276.50_,2_10_33_62_8_,273.50_273.00_272.50_272.00_271.50_,2_11_7_19_12_
12:16:00,274.50,1,1812,274.50_275.00_275.50_276.00_276.50_,2_11_33_62_8_,273.50_273.00_272.50_272.00_271.50_,2_11_7_19_12_
12:16:05,274.50,1,1812,274.50_275.00_275.50_276.00_276.50_,3_11_33_62_8_,273.50_273.00_272.50_272.00_271.50_,2_11_7_19_12_
12:16:15,274.50,1,1813,274.50_275.00_275.50_276.00_276.50_,2_11_33_62_8_,273.50_273.00_272.50_272.00_271.50_,1_11_7_19_12_
12:16:21,274.50,1,1813,274.50_275.00_275.50_276.00_276.50_,4_11_33_62_8_,273.50_273.00_272.50_272.00_271.50_,1_12_7_19_12_
12:16:36,274.50,1,1813,274.50_275.00_275.50_276.00_276.50_,4_11_33_62_8_,273.50_273.00_272.50_272.00_271.50_,2_12_7_19_12_
12:16:56,274.50,1,1813,274.50_275.00_275.50_276.00_276.50_,4_11_33_62_8_,273.50_273.00_272.50_272.00_271.50_,4_12_7_19_12_
12:17:02,274.50,1,1813,274.50_275.00_275.50_276.00_276.50_,7_11_33_62_8_,273.50_273.00_272.50_272.00_271.50_,4_12_7_19_12_
12:17:12,274.50,1,1814,274.50_275.00_275.50_276.00_276.50_,6_11_33_62_8_,273.50_273.00_272.50_272.00_271.50_,4_12_7_16_12_
12:17:17,274.50,2,1816,274.50_275.00_275.50_276.00_276.50_,4_11_33_62_8_,273.50_273.00_272.50_272.00_271.50_,4_12_7_16_12_
12:17:22,274.50,2,1816,274.50_275.00_275.50_276.00_276.50_,4_11_33_62_8_,273.50_273.00_272.50_272.00_271.50_,4_12_8_16_12_
12:17:27,274.50,2,1816,274.50_275.00_275.50_276.00_276.50_,6_11_33_62_8_,273.50_273.00_272.50_272.00_271.50_,4_12_8_16_12_
12:17:37,274.50,2,1816,274.50_275.00_275.50_276.00_276.50_,6_11_33_62_8_,273.50_273.00_272.50_272.00_271.50_,3_12_8_16_12_
12:17:43,274.50,1,1817,274.50_275.00_275.50_276.00_276.50_,5_11_33_62_8_,273.50_273.00_272.50_272.00_271.50_,3_12_8_16_12_
12:17:48,274.50,1,1817,274.50_275.00_275.50_276.00_276.50_,6_11_33_62_8_,273.50_273.00_272.50_272.00_271.50_,3_12_8_16_12_
12:17:53,274.50,1,1817,274.50_275.00_275.50_276.00_276.50_,6_11_33_62_8_,273.50_273.00_272.50_272.00_271.50_,3_12_7_16_12_
12:17:58,274.50,1,1817,274.50_275.00_275.50_276.00_276.50_,6_13_33_53_8_,273.50_273.00_272.50_272.00_271.50_,3_12_7_16_12_
12:18:03,274.50,1,1818,274.50_275.00_275.50_276.00_276.50_,5_14_33_51_8_,273.50_273.00_272.50_272.00_271.50_,3_12_7_16_12_
12:18:13,274.50,1,1819,274.50_275.00_275.50_276.00_276.50_,4_14_33_51_8_,274.00_273.50_273.00_272.50_272.00_,1_2_12_7_16_
12:18:18,274.50,1,1820,274.50_275.00_275.50_276.00_276.50_,4_14_20_64_8_,274.00_273.50_273.00_272.50_272.00_,1_2_13_6_16_
12:18:23,274.50,1,1820,274.50_275.00_275.50_276.00_276.50_,5_14_20_64_8_,274.00_273.50_273.00_272.50_272.00_,1_2_13_6_16_
12:18:54,274.50,1,1820,274.50_275.00_275.50_276.00_276.50_,6_14_20_64_8_,274.00_273.50_273.00_272.50_272.00_,2_2_13_6_16_
12:18:59,274.50,1,1820,274.50_275.00_275.50_276.00_276.50_,6_14_18_66_8_,274.00_273.50_273.00_272.50_272.00_,2_2_13_6_16_
12:19:05,274.50,1,1820,274.50_275.00_275.50_276.00_276.50_,7_14_17_67_8_,274.00_273.50_273.00_272.50_272.00_,2_2_13_6_16_
12:20:06,274.50,1,1821,274.50_275.00_275.50_276.00_276.50_,6_14_17_67_8_,274.00_273.50_273.00_272.50_272.00_,1_2_13_6_16_
12:20:11,274.50,1,1821,274.50_275.00_275.50_276.00_276.50_,6_14_17_70_8_,274.00_273.50_273.00_272.50_272.00_,1_2_13_6_16_
12:20:21,274.50,1,1821,274.50_275.00_275.50_276.00_276.50_,6_14_19_70_8_,274.00_273.50_273.00_272.50_272.00_,1_2_14_6_16_
12:20:27,274.50,1,1822,274.50_275.00_275.50_276.00_276.50_,5_14_19_70_8_,274.00_273.50_273.00_272.50_272.00_,1_2_14_6_16_
12:20:32,274.50,1,1822,274.50_275.00_275.50_276.00_276.50_,5_14_19_71_8_,274.00_273.50_273.00_272.50_272.00_,1_2_14_9_15_
12:20:47,274.50,1,1822,274.50_275.00_275.50_276.00_276.50_,5_14_19_71_8_,274.00_273.50_273.00_272.50_272.00_,3_2_14_9_14_
12:20:52,274.50,1,1823,274.50_275.00_275.50_276.00_276.50_,4_14_19_71_8_,274.00_273.50_273.00_272.50_272.00_,3_2_14_9_14_
12:20:57,274.50,1,1823,274.50_275.00_275.50_276.00_276.50_,5_14_19_71_8_,274.00_273.50_273.00_272.50_272.00_,4_7_9_9_14_
12:21:02,274.50,1,1823,274.50_275.00_275.50_276.00_276.50_,6_13_19_71_8_,274.00_273.50_273.00_272.50_272.00_,4_7_9_9_14_
12:21:13,274.50,1,1823,274.50_275.00_275.50_276.00_276.50_,7_13_19_71_8_,274.00_273.50_273.00_272.50_272.00_,4_7_9_9_14_
12:21:33,274.50,1,1823,274.50_275.00_275.50_276.00_276.50_,7_13_19_71_7_,274.00_273.50_273.00_272.50_272.00_,4_7_9_9_14_
12:21:59,274.50,1,1824,274.50_275.00_275.50_276.00_276.50_,8_11_19_71_7_,274.00_273.50_273.00_272.50_272.00_,3_7_9_9_14_
12:22:04,274.50,1,1824,274.50_275.00_275.50_276.00_276.50_,8_11_20_72_7_,274.00_273.50_273.00_272.50_272.00_,3_7_9_9_14_
12:22:09,274.50,1,1824,274.50_275.00_275.50_276.00_276.50_,8_11_20_72_7_,274.00_273.50_273.00_272.50_272.00_,3_7_8_9_14_
12:22:24,274.50,1,1824,274.50_275.00_275.50_276.00_276.50_,9_11_20_72_7_,274.00_273.50_273.00_272.50_272.00_,3_7_8_9_14_
12:22:30,274.50,1,1824,274.50_275.00_275.50_276.00_276.50_,10_11_20_72_7_,274.00_273.50_273.00_272.50_272.00_,3_7_8_9_14_
12:22:40,274.50,1,1824,274.50_275.00_275.50_276.00_276.50_,10_11_18_72_7_,274.00_273.50_273.00_272.50_272.00_,4_7_8_9_14_
12:22:55,274.50,1,1824,274.50_275.00_275.50_276.00_276.50_,10_11_18_73_7_,274.00_273.50_273.00_272.50_272.00_,4_8_8_9_14_
12:23:16,274.50,1,1824,274.50_275.00_275.50_276.00_276.50_,10_11_18_73_7_,274.00_273.50_273.00_272.50_272.00_,5_8_8_9_14_
12:23:21,274.00,1,1825,274.50_275.00_275.50_276.00_276.50_,10_11_18_73_7_,274.00_273.50_273.00_272.50_272.00_,4_8_8_9_14_
12:23:31,274.00,1,1826,274.50_275.00_275.50_276.00_276.50_,10_11_18_73_7_,274.00_273.50_273.00_272.50_272.00_,3_8_8_9_14_
12:23:47,274.00,1,1826,274.50_275.00_275.50_276.00_276.50_,10_11_18_71_7_,274.00_273.50_273.00_272.50_272.00_,3_8_8_9_14_
12:23:52,274.50,1,1827,274.50_275.00_275.50_276.00_276.50_,9_11_18_71_7_,274.00_273.50_273.00_272.50_272.00_,2_3_13_9_14_
12:23:57,274.50,1,1827,274.50_275.00_275.50_276.00_276.50_,9_11_20_69_7_,274.00_273.50_273.00_272.50_272.00_,2_3_13_9_14_
12:24:02,274.50,1,1827,274.50_275.00_275.50_276.00_276.50_,10_11_20_69_7_,274.00_273.50_273.00_272.50_272.00_,3_2_13_9_14_
12:24:07,274.50,1,1827,274.50_275.00_275.50_276.00_276.50_,12_11_20_69_7_,274.00_273.50_273.00_272.50_272.00_,3_2_14_9_29_
12:24:17,274.00,1,1828,274.50_275.00_275.50_276.00_276.50_,13_11_20_69_7_,274.00_273.50_273.00_272.50_272.00_,2_2_14_9_29_
12:24:22,274.00,1,1829,274.50_275.00_275.50_276.00_276.50_,13_11_20_69_7_,274.00_273.50_273.00_272.50_272.00_,1_2_14_9_29_
12:24:28,274.00,1,1829,274.50_275.00_275.50_276.00_276.50_,12_11_20_69_7_,274.00_273.50_273.00_272.50_272.00_,1_2_14_9_29_
12:24:33,274.00,1,1829,274.50_275.00_275.50_276.00_276.50_,12_11_20_69_7_,274.00_273.50_273.00_272.50_272.00_,2_2_14_9_29_
12:24:43,274.00,1,1829,274.50_275.00_275.50_276.00_276.50_,13_11_20_69_7_,274.00_273.50_273.00_272.50_272.00_,2_2_14_9_29_
12:24:58,274.00,1,1829,274.50_275.00_275.50_276.00_276.50_,15_11_20_69_7_,274.00_273.50_273.00_272.50_272.00_,2_2_14_9_29_
12:25:14,274.00,1,1830,274.50_275.00_275.50_276.00_276.50_,15_11_20_69_7_,274.00_273.50_273.00_272.50_272.00_,1_2_14_9_29_
12:25:19,273.50,2,1832,274.50_275.00_275.50_276.00_276.50_,15_11_20_69_7_,273.50_273.00_272.50_272.00_271.50_,1_14_9_29_12_
12:25:24,274.00,1,1833,274.50_275.00_275.50_276.00_276.50_,13_11_33_56_7_,273.50_273.00_272.50_272.00_271.50_,1_13_7_32_12_
12:25:34,274.00,1,1833,274.50_275.00_275.50_276.00_276.50_,13_11_33_56_7_,273.50_273.00_272.50_272.00_271.50_,8_13_7_32_12_
12:25:50,274.00,1,1833,274.50_275.00_275.50_276.00_276.50_,13_10_33_56_7_,273.50_273.00_272.50_272.00_271.50_,8_13_7_32_12_
12:26:00,274.00,1,1833,274.00_274.50_275.00_275.50_276.00_,2_13_10_33_56_,273.50_273.00_272.50_272.00_271.50_,8_13_7_32_12_
12:26:05,274.00,1,1833,274.00_274.50_275.00_275.50_276.00_,4_10_10_33_56_,273.50_273.00_272.50_272.00_271.50_,8_13_7_25_19_
12:26:10,274.00,1,1833,274.00_274.50_275.00_275.50_276.00_,5_10_10_33_56_,273.50_273.00_272.50_272.00_271.50_,8_13_7_25_19_
12:26:15,274.00,1,1833,274.00_274.50_275.00_275.50_276.00_,5_10_10_33_56_,273.50_273.00_272.50_272.00_271.50_,8_13_6_25_19_
12:26:20,274.00,1,1834,274.00_274.50_275.00_275.50_276.00_,4_10_10_33_56_,273.50_273.00_272.50_272.00_271.50_,8_13_6_25_19_
12:26:31,274.00,1,1834,274.00_274.50_275.00_275.50_276.00_,5_10_10_33_56_,273.50_273.00_272.50_272.00_271.50_,9_13_6_25_19_
12:27:12,274.00,1,1834,274.00_274.50_275.00_275.50_276.00_,11_10_10_33_56_,273.50_273.00_272.50_272.00_271.50_,9_13_6_25_19_
12:27:17,274.00,1,1834,274.00_274.50_275.00_275.50_276.00_,11_10_10_33_56_,273.50_273.00_272.50_272.00_271.50_,9_13_6_32_12_
12:27:42,274.00,1,1835,274.00_274.50_275.00_275.50_276.00_,10_10_10_33_56_,273.50_273.00_272.50_272.00_271.50_,8_13_6_32_12_
12:28:03,274.00,1,1835,274.00_274.50_275.00_275.50_276.00_,10_10_11_32_56_,273.50_273.00_272.50_272.00_271.50_,8_13_6_32_12_
12:28:08,273.50,5,1840,274.00_274.50_275.00_275.50_276.00_,10_10_11_32_56_,273.50_273.00_272.50_272.00_271.50_,3_13_6_32_12_
12:28:13,273.50,5,1840,274.00_274.50_275.00_275.50_276.00_,11_10_11_32_56_,273.50_273.00_272.50_272.00_271.50_,3_13_6_32_12_
12:28:28,273.50,5,1840,274.00_274.50_275.00_275.50_276.00_,11_10_11_32_56_,273.50_273.00_272.50_272.00_271.50_,4_13_6_32_12_
12:28:59,273.50,5,1840,274.00_274.50_275.00_275.50_276.00_,12_10_13_32_54_,273.50_273.00_272.50_272.00_271.50_,4_13_6_32_12_
12:29:04,273.50,5,1840,274.00_274.50_275.00_275.50_276.00_,11_10_13_33_53_,273.50_273.00_272.50_272.00_271.50_,4_13_6_32_12_
12:29:20,273.50,1,1841,274.00_274.50_275.00_275.50_276.00_,11_10_13_33_53_,273.50_273.00_272.50_272.00_271.50_,4_13_6_32_12_
12:29:35,274.00,1,1842,274.00_274.50_275.00_275.50_276.00_,10_10_13_33_53_,273.50_273.00_272.50_272.00_271.50_,3_13_6_32_12_
12:29:40,274.00,1,1842,274.00_274.50_275.00_275.50_276.00_,11_10_13_33_53_,273.50_273.00_272.50_272.00_271.50_,3_13_6_32_12_
12:29:50,274.00,1,1842,274.00_274.50_275.00_275.50_276.00_,12_10_13_33_53_,273.50_273.00_272.50_272.00_271.50_,3_13_6_32_12_
12:30:06,274.00,1,1842,274.00_274.50_275.00_275.50_276.00_,12_10_13_33_53_,273.50_273.00_272.50_272.00_271.50_,5_13_6_32_12_
12:30:11,274.00,1,1842,274.00_274.50_275.00_275.50_276.00_,12_11_14_33_53_,273.50_273.00_272.50_272.00_271.50_,5_13_6_32_12_
12:30:16,274.00,1,1842,274.00_274.50_275.00_275.50_276.00_,12_11_14_33_53_,273.50_273.00_272.50_272.00_271.50_,6_13_6_32_12_
12:30:26,274.00,1,1843,274.00_274.50_275.00_275.50_276.00_,11_11_14_33_53_,273.50_273.00_272.50_272.00_271.50_,5_13_6_32_12_
12:30:57,274.00,1,1843,274.00_274.50_275.00_275.50_276.00_,12_11_14_33_53_,273.50_273.00_272.50_272.00_271.50_,5_13_6_32_12_
12:31:02,273.50,1,1844,274.00_274.50_275.00_275.50_276.00_,12_12_13_33_53_,273.50_273.00_272.50_272.00_271.50_,4_13_6_32_12_
12:31:07,273.50,1,1844,274.00_274.50_275.00_275.50_276.00_,13_12_13_33_53_,273.50_273.00_272.50_272.00_271.50_,4_13_6_32_12_
12:31:12,273.50,2,1846,274.00_274.50_275.00_275.50_276.00_,13_12_13_33_53_,273.50_273.00_272.50_272.00_271.50_,2_13_6_32_12_
12:31:23,273.50,2,1846,274.00_274.50_275.00_275.50_276.00_,13_12_13_33_53_,273.50_273.00_272.50_272.00_271.50_,2_8_11_32_12_
12:31:33,274.00,1,1847,274.00_274.50_275.00_275.50_276.00_,12_12_13_33_53_,273.50_273.00_272.50_272.00_271.50_,1_8_11_32_12_
12:31:43,273.50,1,1848,274.00_274.50_275.00_275.50_276.00_,12_12_13_33_53_,273.00_272.50_272.00_271.50_271.00_,8_11_32_12_23_
12:31:48,273.50,1,1848,274.00_274.50_275.00_275.50_276.00_,12_12_26_20_53_,273.00_272.50_272.00_271.50_271.00_,8_10_23_22_23_
12:31:53,273.50,1,1848,274.00_274.50_275.00_275.50_276.00_,13_12_26_20_53_,273.00_272.50_272.00_271.50_271.00_,8_10_23_22_23_
12:31:59,273.50,1,1848,274.00_274.50_275.00_275.50_276.00_,13_14_24_20_53_,273.00_272.50_272.00_271.50_271.00_,8_10_23_22_23_
12:32:19,273.50,1,1848,274.00_274.50_275.00_275.50_276.00_,13_14_24_20_53_,273.00_272.50_272.00_271.50_271.00_,9_10_23_22_23_
12:32:24,273.50,1,1848,274.00_274.50_275.00_275.50_276.00_,13_14_25_20_53_,273.00_272.50_272.00_271.50_271.00_,10_10_23_22_23_
12:32:29,273.50,1,1848,273.50_274.00_274.50_275.00_275.50_,1_13_14_25_20_,273.00_272.50_272.00_271.50_271.00_,10_10_23_22_23_
12:32:34,273.50,1,1848,273.50_274.00_274.50_275.00_275.50_,3_9_14_25_20_,273.00_272.50_272.00_271.50_271.00_,10_10_23_22_22_
12:32:39,273.50,1,1848,273.50_274.00_274.50_275.00_275.50_,5_9_14_25_20_,273.00_272.50_272.00_271.50_271.00_,10_10_23_22_22_
12:32:45,273.50,2,1850,273.50_274.00_274.50_275.00_275.50_,3_9_14_25_20_,273.00_272.50_272.00_271.50_271.00_,10_10_23_22_22_
12:32:50,273.50,2,1850,273.50_274.00_274.50_275.00_275.50_,4_9_14_25_20_,273.00_272.50_272.00_271.50_271.00_,10_10_23_22_22_
12:32:55,273.50,2,1850,273.50_274.00_274.50_275.00_275.50_,4_9_14_25_20_,273.00_272.50_272.00_271.50_271.00_,10_10_23_22_20_
12:33:00,273.50,2,1850,273.50_274.00_274.50_275.00_275.50_,3_9_14_25_20_,273.00_272.50_272.00_271.50_271.00_,10_10_23_22_20_
12:33:15,273.50,2,1850,273.50_274.00_274.50_275.00_275.50_,3_9_14_24_20_,273.00_272.50_272.00_271.50_271.00_,10_10_23_22_20_
12:33:26,273.50,1,1851,273.50_274.00_274.50_275.00_275.50_,2_9_14_24_20_,273.00_272.50_272.00_271.50_271.00_,9_10_23_22_20_
12:33:31,273.50,1,1851,273.50_274.00_274.50_275.00_275.50_,3_9_14_24_20_,273.00_272.50_272.00_271.50_271.00_,9_10_23_22_20_
12:33:41,273.50,1,1851,273.50_274.00_274.50_275.00_275.50_,3_9_14_24_20_,273.00_272.50_272.00_271.50_271.00_,10_10_23_22_20_
12:34:07,273.50,1,1851,273.50_274.00_274.50_275.00_275.50_,3_9_14_24_20_,273.00_272.50_272.00_271.50_271.00_,11_10_23_22_20_
12:34:17,273.50,1,1851,273.50_274.00_274.50_275.00_275.50_,5_9_14_24_20_,273.00_272.50_272.00_271.50_271.00_,11_10_23_22_20_
12:34:22,273.00,1,1852,273.50_274.00_274.50_275.00_275.50_,5_9_14_24_20_,273.00_272.50_272.00_271.50_271.00_,10_10_23_22_20_
12:34:37,273.50,1,1853,273.50_274.00_274.50_275.00_275.50_,4_9_14_24_20_,273.00_272.50_272.00_271.50_271.00_,10_10_23_22_20_
12:34:58,273.50,1,1853,273.50_274.00_274.50_275.00_275.50_,4_9_14_24_20_,273.00_272.50_272.00_271.50_271.00_,10_10_22_22_20_
12:35:03,273.50,1,1853,273.50_274.00_274.50_275.00_275.50_,4_9_14_24_20_,273.00_272.50_272.00_271.50_271.00_,10_10_23_22_20_
12:35:18,273.50,1,1854,273.50_274.00_274.50_275.00_275.50_,3_9_14_24_20_,273.00_272.50_272.00_271.50_271.00_,9_10_23_22_20_
12:35:34,273.00,1,1855,273.50_274.00_274.50_275.00_275.50_,3_9_14_24_20_,273.00_272.50_272.00_271.50_271.00_,8_10_23_22_20_
12:35:59,273.00,1,1855,273.50_274.00_274.50_275.00_275.50_,3_9_14_24_20_,273.00_272.50_272.00_271.50_271.00_,10_10_23_22_20_
12:36:15,273.00,1,1855,273.50_274.00_274.50_275.00_275.50_,3_9_14_24_20_,273.00_272.50_272.00_271.50_271.00_,11_10_23_22_21_
12:36:20,273.00,1,1856,273.50_274.00_274.50_275.00_275.50_,3_9_14_24_20_,273.00_272.50_272.00_271.50_271.00_,10_10_23_22_21_
12:36:25,273.00,1,1856,273.50_274.00_274.50_275.00_275.50_,3_10_14_24_20_,273.00_272.50_272.00_271.50_271.00_,11_10_23_22_21_
12:36:35,273.00,1,1856,273.50_274.00_274.50_275.00_275.50_,3_9_14_24_20_,273.00_272.50_272.00_271.50_271.00_,11_10_23_22_21_
12:36:46,273.00,1,1856,273.50_274.00_274.50_275.00_275.50_,5_9_14_24_20_,273.00_272.50_272.00_271.50_271.00_,11_10_23_22_21_
12:36:51,273.50,2,1858,273.50_274.00_274.50_275.00_275.50_,4_9_14_24_20_,273.00_272.50_272.00_271.50_271.00_,11_10_23_22_21_
12:37:11,273.50,1,1859,273.50_274.00_274.50_275.00_275.50_,2_10_13_25_19_,273.00_272.50_272.00_271.50_271.00_,10_10_23_22_21_
12:37:37,273.00,5,1864,273.50_274.00_274.50_275.00_275.50_,1_11_13_25_19_,273.00_272.50_272.00_271.50_271.00_,5_11_23_22_21_
12:37:57,273.00,5,1864,273.50_274.00_274.50_275.00_275.50_,1_13_11_27_17_,273.00_272.50_272.00_271.50_271.00_,6_11_23_22_21_
12:38:08,273.00,5,1864,273.50_274.00_274.50_275.00_275.50_,2_13_11_27_17_,273.00_272.50_272.00_271.50_271.00_,6_11_23_25_21_
12:38:18,273.00,5,1864,273.50_274.00_274.50_275.00_275.50_,2_12_11_27_17_,273.00_272.50_272.00_271.50_271.00_,6_11_23_25_21_
12:38:23,273.00,1,1865,273.50_274.00_274.50_275.00_275.50_,3_12_11_27_17_,273.00_272.50_272.00_271.50_271.00_,5_11_23_25_21_
12:38:28,273.00,1,1865,273.50_274.00_274.50_275.00_275.50_,3_12_11_27_17_,273.00_272.50_272.00_271.50_271.00_,6_11_23_25_21_
12:38:33,273.00,1,1865,273.50_274.00_274.50_275.00_275.50_,3_12_11_27_17_,273.00_272.50_272.00_271.50_271.00_,13_11_23_25_21_
12:38:38,273.00,1,1865,273.50_274.00_274.50_275.00_275.50_,8_12_11_27_17_,273.00_272.50_272.00_271.50_271.00_,14_11_23_25_21_
12:38:43,273.00,1,1865,273.50_274.00_274.50_275.00_275.50_,9_12_11_27_17_,273.00_272.50_272.00_271.50_271.00_,14_11_23_25_21_
12:38:59,273.00,1,1865,273.50_274.00_274.50_275.00_275.50_,11_10_11_27_17_,273.00_272.50_272.00_271.50_271.00_,14_11_22_25_21_
12:39:04,273.00,1,1865,273.50_274.00_274.50_275.00_275.50_,12_9_11_27_17_,273.00_272.50_272.00_271.50_271.00_,14_11_22_25_21_
12:39:09,273.50,1,1866,273.50_274.00_274.50_275.00_275.50_,21_9_11_27_17_,273.00_272.50_272.00_271.50_271.00_,13_11_22_28_21_
12:39:14,273.50,1,1866,273.50_274.00_274.50_275.00_275.50_,21_9_11_27_17_,273.00_272.50_272.00_271.50_271.00_,17_13_22_28_21_
12:39:24,273.50,1,1866,273.50_274.00_274.50_275.00_275.50_,20_9_11_27_17_,273.00_272.50_272.00_271.50_271.00_,17_13_22_28_21_
12:39:35,273.50,1,1866,273.50_274.00_274.50_275.00_275.50_,20_9_16_27_17_,273.00_272.50_272.00_271.50_271.00_,17_13_22_28_21_
12:39:45,273.50,1,1866,273.50_274.00_274.50_275.00_275.50_,20_9_16_27_18_,273.00_272.50_272.00_271.50_271.00_,17_13_22_28_21_
12:39:50,273.50,1,1866,273.50_274.00_274.50_275.00_275.50_,22_9_16_27_18_,273.00_272.50_272.00_271.50_271.00_,17_13_22_28_21_
12:39:55,273.50,1,1866,273.50_274.00_274.50_275.00_275.50_,22_9_18_25_18_,273.00_272.50_272.00_271.50_271.00_,17_13_22_28_21_
12:40:00,273.50,1,1866,273.50_274.00_274.50_275.00_275.50_,22_9_18_25_18_,273.00_272.50_272.00_271.50_271.00_,18_13_22_28_21_
12:40:06,273.50,1,1866,273.50_274.00_274.50_275.00_275.50_,22_9_19_24_18_,273.00_272.50_272.00_271.50_271.00_,18_13_22_28_21_
12:40:11,273.50,1,1866,273.50_274.00_274.50_275.00_275.50_,22_10_19_24_18_,273.00_272.50_272.00_271.50_271.00_,18_13_22_28_24_
12:40:21,273.50,1,1866,273.50_274.00_274.50_275.00_275.50_,17_10_19_24_18_,273.00_272.50_272.00_271.50_271.00_,18_13_22_28_24_
12:40:36,273.50,1,1866,273.50_274.00_274.50_275.00_275.50_,17_10_19_24_18_,273.00_272.50_272.00_271.50_271.00_,18_13_22_28_24_
12:40:47,273.00,5,1871,273.50_274.00_274.50_275.00_275.50_,17_10_19_24_18_,273.00_272.50_272.00_271.50_271.00_,13_13_22_28_24_
12:40:52,273.00,3,1874,273.50_274.00_274.50_275.00_275.50_,17_10_19_24_18_,273.00_272.50_272.00_271.50_271.00_,10_13_22_28_24_
12:40:57,273.50,1,1875,273.50_274.00_274.50_275.00_275.50_,13_10_19_24_21_,273.00_272.50_272.00_271.50_271.00_,10_8_27_28_24_
12:41:12,273.50,1,1876,273.50_274.00_274.50_275.00_275.50_,13_10_19_24_21_,273.00_272.50_272.00_271.50_271.00_,9_8_27_28_24_
12:41:28,273.50,1,1876,273.50_274.00_274.50_275.00_275.50_,14_10_19_24_21_,273.00_272.50_272.00_271.50_271.00_,9_8_27_28_28_
12:41:43,273.50,1,1876,273.50_274.00_274.50_275.00_275.50_,14_10_19_24_21_,273.00_272.50_272.00_271.50_271.00_,10_8_27_28_28_
12:41:48,273.50,1,1876,273.50_274.00_274.50_275.00_275.50_,13_10_19_24_21_,273.00_272.50_272.00_271.50_271.00_,10_8_27_28_28_
12:41:53,273.50,1,1876,273.50_274.00_274.50_275.00_275.50_,13_10_19_24_21_,273.00_272.50_272.00_271.50_271.00_,11_13_22_28_28_
12:42:04,273.50,1,1876,273.50_274.00_274.50_275.00_275.50_,13_10_19_24_21_,273.00_272.50_272.00_271.50_271.00_,11_13_22_29_28_
12:42:19,273.50,1,1876,273.50_274.00_274.50_275.00_275.50_,13_10_19_24_21_,273.00_272.50_272.00_271.50_271.00_,11_13_21_29_28_
12:42:34,273.00,1,1877,273.50_274.00_274.50_275.00_275.50_,13_10_19_24_21_,273.00_272.50_272.00_271.50_271.00_,10_13_21_29_28_
12:43:00,273.50,1,1878,273.50_274.00_274.50_275.00_275.50_,12_10_19_24_21_,273.00_272.50_272.00_271.50_271.00_,9_13_21_29_28_
12:43:05,273.50,1,1878,273.50_274.00_274.50_275.00_275.50_,12_5_19_24_21_,273.00_272.50_272.00_271.50_271.00_,9_13_21_29_28_
12:43:26,273.50,1,1878,273.50_274.00_274.50_275.00_275.50_,12_6_19_24_21_,273.00_272.50_272.00_271.50_271.00_,9_13_21_29_28_
12:43:41,273.50,1,1878,273.50_274.00_274.50_275.00_275.50_,12_6_18_24_21_,273.00_272.50_272.00_271.50_271.00_,9_13_21_29_28_
12:43:46,273.50,1,1878,273.50_274.00_274.50_275.00_275.50_,12_6_18_24_21_,273.00_272.50_272.00_271.50_271.00_,10_13_21_29_28_
12:43:51,273.50,1,1878,273.50_274.00_274.50_275.00_275.50_,12_6_18_24_21_,273.00_272.50_272.00_271.50_271.00_,10_13_22_29_28_
12:44:17,273.50,1,1879,273.50_274.00_274.50_275.00_275.50_,10_6_18_24_21_,273.00_272.50_272.00_271.50_271.00_,10_13_22_29_28_
12:44:22,273.50,1,1879,273.50_274.00_274.50_275.00_275.50_,10_6_18_24_21_,273.00_272.50_272.00_271.50_271.00_,11_13_22_29_28_
12:44:53,273.50,1,1880,273.50_274.00_274.50_275.00_275.50_,9_6_18_24_21_,273.00_272.50_272.00_271.50_271.00_,10_13_22_29_28_
12:45:03,273.50,1,1880,273.50_274.00_274.50_275.00_275.50_,10_6_18_24_21_,273.00_272.50_272.00_271.50_271.00_,10_13_22_29_28_
12:45:08,273.00,1,1881,273.50_274.00_274.50_275.00_275.50_,10_6_18_24_21_,273.00_272.50_272.00_271.50_271.00_,9_13_22_29_28_
12:45:24,273.00,1,1881,273.50_274.00_274.50_275.00_275.50_,11_6_18_24_21_,273.00_272.50_272.00_271.50_271.00_,9_14_22_29_28_
12:45:29,273.00,1,1881,273.50_274.00_274.50_275.00_275.50_,12_6_18_24_21_,273.00_272.50_272.00_271.50_271.00_,9_14_22_29_28_
12:45:34,273.50,11,1892,273.50_274.00_274.50_275.00_275.50_,2_6_16_24_21_,273.00_272.50_272.00_271.50_271.00_,10_14_22_29_28_
12:45:39,273.50,11,1892,273.50_274.00_274.50_275.00_275.50_,2_6_16_24_21_,273.00_272.50_272.00_271.50_271.00_,10_15_22_29_28_
12:46:00,273.50,11,1892,273.50_274.00_274.50_275.00_275.50_,2_6_16_24_21_,273.00_272.50_272.00_271.50_271.00_,11_15_22_29_28_
12:46:05,273.50,2,1894,274.00_274.50_275.00_275.50_276.00_,6_16_24_23_48_,273.00_272.50_272.00_271.50_271.00_,11_14_22_29_28_
12:46:15,273.50,2,1894,274.00_274.50_275.00_275.50_276.00_,6_16_24_23_48_,273.50_273.00_272.50_272.00_271.50_,3_12_14_22_29_
12:46:20,273.50,1,1895,274.00_274.50_275.00_275.50_276.00_,6_16_11_36_48_,273.50_273.00_272.50_272.00_271.50_,4_10_15_31_19_
12:46:25,273.50,1,1895,274.00_274.50_275.00_275.50_276.00_,6_16_11_36_48_,273.50_273.00_272.50_272.00_271.50_,6_10_13_31_19_
12:46:30,273.50,1,1895,274.00_274.50_275.00_275.50_276.00_,6_16_11_36_48_,273.50_273.00_272.50_272.00_271.50_,8_10_13_31_19_
12:46:41,273.50,1,1895,274.00_274.50_275.00_275.50_276.00_,6_16_11_36_48_,273.50_273.00_272.50_272.00_271.50_,9_10_13_31_19_
12:46:46,273.50,1,1895,274.00_274.50_275.00_275.50_276.00_,5_16_11_36_48_,273.50_273.00_272.50_272.00_271.50_,10_9_13_31_19_
12:46:51,273.50,1,1895,274.00_274.50_275.00_275.50_276.00_,6_16_11_36_48_,273.50_273.00_272.50_272.00_271.50_,10_9_13_31_19_
12:46:56,274.00,1,1896,274.00_274.50_275.00_275.50_276.00_,5_17_11_36_48_,273.50_273.00_272.50_272.00_271.50_,9_9_13_31_19_
12:47:01,274.00,1,1896,274.00_274.50_275.00_275.50_276.00_,6_17_11_36_48_,273.50_273.00_272.50_272.00_271.50_,8_9_13_31_19_
12:47:06,274.00,1,1896,274.00_274.50_275.00_275.50_276.00_,7_16_11_36_48_,273.50_273.00_272.50_272.00_271.50_,8_9_13_35_19_
12:47:11,274.00,1,1896,274.00_274.50_275.00_275.50_276.00_,7_16_11_36_48_,273.50_273.00_272.50_272.00_271.50_,8_10_13_35_19_
12:47:16,274.00,1,1896,274.00_274.50_275.00_275.50_276.00_,8_16_11_36_48_,273.50_273.00_272.50_272.00_271.50_,8_10_13_35_19_
12:47:22,274.00,1,1896,274.00_274.50_275.00_275.50_276.00_,9_16_11_36_48_,273.50_273.00_272.50_272.00_271.50_,9_10_12_35_19_
12:47:32,274.00,1,1896,274.00_274.50_275.00_275.50_276.00_,9_16_10_36_48_,273.50_273.00_272.50_272.00_271.50_,9_10_12_35_19_
12:47:37,274.00,1,1896,274.00_274.50_275.00_275.50_276.00_,9_16_10_36_49_,273.50_273.00_272.50_272.00_271.50_,10_10_12_35_19_
12:47:52,274.00,1,1896,274.00_274.50_275.00_275.50_276.00_,10_16_10_36_49_,273.50_273.00_272.50_272.00_271.50_,10_10_12_35_19_
12:47:57,274.00,1,1896,274.00_274.50_275.00_275.50_276.00_,12_14_10_36_49_,273.50_273.00_272.50_272.00_271.50_,10_10_12_35_19_
12:48:03,274.00,1,1897,274.00_274.50_275.00_275.50_276.00_,11_14_10_36_49_,273.50_273.00_272.50_272.00_271.50_,9_10_12_35_19_
12:48:08,274.00,1,1898,274.00_274.50_275.00_275.50_276.00_,10_14_10_36_49_,273.50_273.00_272.50_272.00_271.50_,9_10_12_35_19_
12:48:13,274.00,1,1898,274.00_274.50_275.00_275.50_276.00_,10_14_10_36_49_,273.50_273.00_272.50_272.00_271.50_,9_10_14_35_19_
12:48:18,274.00,10,1908,274.50_275.00_275.50_276.00_276.50_,14_10_36_49_7_,273.50_273.00_272.50_272.00_271.50_,9_10_14_35_19_
12:48:23,273.50,2,1910,274.50_275.00_275.50_276.00_276.50_,17_10_34_53_7_,273.50_273.00_272.50_272.00_271.50_,7_15_9_35_19_
12:48:28,273.50,2,1910,274.50_275.00_275.50_276.00_276.50_,16_10_34_55_7_,273.50_273.00_272.50_272.00_271.50_,7_15_9_35_19_
12:48:43,273.50,2,1910,274.50_275.00_275.50_276.00_276.50_,16_10_34_55_7_,274.00_273.50_273.00_272.50_272.00_,1_7_15_9_35_
12:48:49,274.50,1,1911,274.50_275.00_275.50_276.00_276.50_,16_10_21_68_7_,274.00_273.50_273.00_272.50_272.00_,1_6_16_18_25_
12:48:54,274.00,1,1912,274.50_275.00_275.50_276.00_276.50_,16_10_21_68_8_,273.50_273.00_272.50_272.00_271.50_,6_16_18_25_19_
12:48:59,274.00,1,1912,274.50_275.00_275.50_276.00_276.50_,16_10_34_56_8_,273.50_273.00_272.50_272.00_271.50_,6_15_9_35_19_
12:49:04,274.00,1,1912,274.50_275.00_275.50_276.00_276.50_,16_10_34_56_7_,273.50_273.00_272.50_272.00_271.50_,6_15_9_35_19_
12:49:24,274.00,1,1912,274.50_275.00_275.50_276.00_276.50_,17_10_34_56_9_,273.50_273.00_272.50_272.00_271.50_,6_15_9_35_19_
12:49:30,274.00,1,1912,274.50_275.00_275.50_276.00_276.50_,17_10_34_56_9_,273.50_273.00_272.50_272.00_271.50_,7_15_9_35_19_
12:49:45,273.50,1,1913,274.50_275.00_275.50_276.00_276.50_,16_10_34_56_9_,273.50_273.00_272.50_272.00_271.50_,6_15_9_35_19_
12:49:55,273.50,1,1913,274.00_274.50_275.00_275.50_276.00_,10_16_10_34_56_,273.50_273.00_272.50_272.00_271.50_,7_15_9_35_19_
12:50:00,273.50,1,1914,274.00_274.50_275.00_275.50_276.00_,12_13_10_34_56_,273.50_273.00_272.50_272.00_271.50_,6_15_9_35_19_
12:50:05,273.50,1,1914,274.00_274.50_275.00_275.50_276.00_,13_13_10_35_55_,273.50_273.00_272.50_272.00_271.50_,6_15_9_35_19_
12:50:16,273.50,1,1915,274.00_274.50_275.00_275.50_276.00_,14_13_10_35_55_,273.50_273.00_272.50_272.00_271.50_,5_15_9_35_19_
12:50:26,273.50,1,1915,274.00_274.50_275.00_275.50_276.00_,14_13_10_35_55_,273.50_273.00_272.50_272.00_271.50_,6_15_9_35_19_
12:50:31,273.50,1,1915,274.00_274.50_275.00_275.50_276.00_,15_13_10_35_55_,273.50_273.00_272.50_272.00_271.50_,6_15_9_35_19_
12:50:36,274.00,1,1916,274.00_274.50_275.00_275.50_276.00_,13_13_10_35_55_,273.50_273.00_272.50_272.00_271.50_,5_15_9_35_19_
12:50:57,274.00,13,1929,274.50_275.00_275.50_276.00_276.50_,14_10_36_52_9_,273.50_273.00_272.50_272.00_271.50_,5_15_9_35_19_
12:51:02,274.00,13,1929,274.50_275.00_275.50_276.00_276.50_,19_10_36_52_9_,273.50_273.00_272.50_272.00_271.50_,5_15_9_35_19_
12:51:22,274.00,13,1929,274.50_275.00_275.50_276.00_276.50_,19_10_36_52_9_,274.00_273.50_273.00_272.50_272.00_,1_8_15_9_35_
12:51:27,274.00,1,1930,274.50_275.00_275.50_276.00_276.50_,19_10_23_65_9_,274.00_273.50_273.00_272.50_272.00_,1_7_16_18_25_
12:51:33,274.00,1,1930,274.50_275.00_275.50_276.00_276.50_,20_10_23_67_9_,274.00_273.50_273.00_272.50_272.00_,3_5_16_18_25_
12:51:38,274.00,1,1931,274.50_275.00_275.50_276.00_276.50_,20_10_23_67_9_,274.00_273.50_273.00_272.50_272.00_,3_5_16_18_25_
12:51:43,274.00,1,1931,274.50_275.00_275.50_276.00_276.50_,20_9_23_67_9_,274.00_273.50_273.00_272.50_272.00_,3_5_16_18_25_
12:51:48,274.00,1,1931,274.50_275.00_275.50_276.00_276.50_,21_9_23_67_9_,274.00_273.50_273.00_272.50_272.00_,3_5_16_18_25_
12:51:53,274.00,1,1931,274.50_275.00_275.50_276.00_276.50_,21_9_23_67_9_,274.00_273.50_273.00_272.50_272.00_,3_5_16_18_26_
12:52:03,274.50,21,1952,275.00_275.50_276.00_276.50_277.00_,9_23_67_9_64_,274.00_273.50_273.00_272.50_272.00_,3_5_16_18_26_
12:52:08,274.00,1,1953,275.00_275.50_276.00_276.50_277.00_,10_22_68_9_64_,274.00_273.50_273.00_272.50_272.00_,2_5_15_18_26_
12:52:14,274.00,1,1953,274.50_275.00_275.50_276.00_276.50_,1_10_22_69_9_,274.00_273.50_273.00_272.50_272.00_,2_5_15_18_26_
12:52:19,274.00,1,1953,274.50_275.00_275.50_276.00_276.50_,2_9_22_69_9_,274.00_273.50_273.00_272.50_272.00_,2_10_10_18_26_
12:52:24,274.00,1,1953,274.50_275.00_275.50_276.00_276.50_,2_9_22_69_9_,274.00_273.50_273.00_272.50_272.00_,2_12_10_18_26_
12:52:34,274.00,1,1953,274.50_275.00_275.50_276.00_276.50_,2_9_22_69_9_,274.00_273.50_273.00_272.50_272.00_,3_12_10_18_26_
12:52:44,274.00,3,1956,274.50_275.00_275.50_276.00_276.50_,2_9_22_69_9_,274.00_273.50_273.00_272.50_272.00_,1_11_10_18_26_
12:52:50,274.00,3,1956,274.50_275.00_275.50_276.00_276.50_,2_10_22_69_9_,274.00_273.50_273.00_272.50_272.00_,1_11_10_18_26_
12:52:55,274.00,3,1956,274.50_275.00_275.50_276.00_276.50_,2_11_21_69_9_,274.00_273.50_273.00_272.50_272.00_,1_11_9_18_26_
12:53:00,274.00,3,1956,274.50_275.00_275.50_276.00_276.50_,3_11_21_69_9_,274.00_273.50_273.00_272.50_272.00_,1_11_9_18_26_
12:53:05,274.00,3,1956,274.50_275.00_275.50_276.00_276.50_,3_12_20_69_9_,274.00_273.50_273.00_272.50_272.00_,1_11_9_18_26_
12:53:10,274.00,3,1956,274.50_275.00_275.50_276.00_276.50_,3_12_20_69_9_,274.00_273.50_273.00_272.50_272.00_,1_11_19_18_26_
12:53:20,274.00,1,1957,274.50_275.00_275.50_276.00_276.50_,4_12_20_69_9_,274.00_273.50_273.00_272.50_272.00_,1_11_19_18_26_
12:53:25,274.00,1,1957,274.50_275.00_275.50_276.00_276.50_,4_12_20_69_10_,274.00_273.50_273.00_272.50_272.00_,1_11_19_18_26_
12:53:41,274.00,1,1957,274.50_275.00_275.50_276.00_276.50_,5_12_20_69_10_,274.00_273.50_273.00_272.50_272.00_,1_11_19_18_26_
12:53:51,274.00,1,1957,274.50_275.00_275.50_276.00_276.50_,5_12_20_69_12_,274.00_273.50_273.00_272.50_272.00_,1_11_19_18_26_
12:53:56,274.00,1,1957,274.50_275.00_275.50_276.00_276.50_,5_12_20_69_12_,274.00_273.50_273.00_272.50_272.00_,1_9_19_18_26_
12:54:06,274.00,1,1958,274.50_275.00_275.50_276.00_276.50_,5_12_20_69_12_,274.00_273.50_273.00_272.50_272.00_,9_9_19_18_26_
12:54:17,274.00,1,1958,274.50_275.00_275.50_276.00_276.50_,4_12_20_69_12_,274.00_273.50_273.00_272.50_272.00_,10_9_19_18_26_
12:54:22,274.00,1,1958,274.50_275.00_275.50_276.00_276.50_,3_12_20_69_12_,274.00_273.50_273.00_272.50_272.00_,10_9_19_18_26_
12:54:37,274.00,1,1958,274.50_275.00_275.50_276.00_276.50_,3_12_20_69_12_,274.00_273.50_273.00_272.50_272.00_,10_9_19_18_22_
12:54:42,274.00,1,1958,274.50_275.00_275.50_276.00_276.50_,3_12_20_69_12_,274.00_273.50_273.00_272.50_272.00_,11_9_19_18_22_
12:54:47,274.00,1,1958,274.50_275.00_275.50_276.00_276.50_,3_12_20_69_12_,274.00_273.50_273.00_272.50_272.00_,12_9_19_18_22_
12:54:52,274.50,1,1959,274.50_275.00_275.50_276.00_276.50_,2_12_20_69_12_,274.00_273.50_273.00_272.50_272.00_,12_8_33_18_22_
12:55:03,274.50,1,1959,274.50_275.00_275.50_276.00_276.50_,3_12_20_69_12_,274.00_273.50_273.00_272.50_272.00_,12_8_33_18_22_
12:55:08,274.50,1,1959,274.50_275.00_275.50_276.00_276.50_,2_13_20_69_12_,274.00_273.50_273.00_272.50_272.00_,12_8_33_18_22_
12:55:13,274.50,1,1959,274.50_275.00_275.50_276.00_276.50_,3_13_20_69_12_,274.00_273.50_273.00_272.50_272.00_,12_8_33_18_22_
12:55:18,274.50,1,1959,274.50_275.00_275.50_276.00_276.50_,4_13_20_69_12_,274.00_273.50_273.00_272.50_272.00_,13_8_33_18_22_
12:55:23,274.50,4,1963,275.00_275.50_276.00_276.50_277.00_,13_20_69_12_62_,274.00_273.50_273.00_272.50_272.00_,13_8_33_18_22_
12:55:28,275.00,1,1964,275.00_275.50_276.00_276.50_277.00_,14_20_69_12_62_,274.00_273.50_273.00_272.50_272.00_,13_8_33_18_22_
12:55:49,275.00,1,1964,275.00_275.50_276.00_276.50_277.00_,15_20_69_12_62_,274.00_273.50_273.00_272.50_272.00_,13_8_33_18_22_
12:55:54,275.00,1,1964,275.00_275.50_276.00_276.50_277.00_,15_20_71_12_62_,274.00_273.50_273.00_272.50_272.00_,13_8_33_18_22_
12:55:59,275.00,1,1965,275.00_275.50_276.00_276.50_277.00_,14_20_71_11_63_,274.00_273.50_273.00_272.50_272.00_,13_8_33_18_22_
12:56:04,274.00,1,1966,275.00_275.50_276.00_276.50_277.00_,15_21_70_11_64_,274.00_273.50_273.00_272.50_272.00_,12_8_33_18_42_
12:56:09,274.00,1,1966,275.00_275.50_276.00_276.50_277.00_,16_21_71_11_64_,274.00_273.50_273.00_272.50_272.00_,12_8_33_18_42_
12:56:14,274.00,1,1966,275.00_275.50_276.00_276.50_277.00_,16_21_71_11_64_,274.00_273.50_273.00_272.50_272.00_,13_8_33_18_42_
12:56:19,274.00,1,1966,275.00_275.50_276.00_276.50_277.00_,16_19_71_11_64_,274.00_273.50_273.00_272.50_272.00_,13_8_33_18_42_
12:56:30,275.00,1,1967,275.00_275.50_276.00_276.50_277.00_,14_19_71_11_64_,274.00_273.50_273.00_272.50_272.00_,12_8_35_18_42_
12:56:35,275.00,1,1967,275.00_275.50_276.00_276.50_277.00_,14_19_71_11_64_,274.50_274.00_273.50_273.00_272.50_,1_12_8_35_18_
12:56:40,275.00,1,1967,275.00_275.50_276.00_276.50_277.00_,14_19_66_16_64_,274.50_274.00_273.50_273.00_272.50_,1_11_9_44_8_
12:56:45,275.00,1,1967,275.00_275.50_276.00_276.50_277.00_,14_19_66_16_64_,274.50_274.00_273.50_273.00_272.50_,2_10_9_44_8_
12:56:55,274.50,1,1968,275.00_275.50_276.00_276.50_277.00_,13_21_64_16_64_,274.50_274.00_273.50_273.00_272.50_,1_10_9_44_8_
12:57:00,274.50,1,1968,275.00_275.50_276.00_276.50_277.00_,13_21_56_24_64_,274.50_274.00_273.50_273.00_272.50_,1_10_9_44_8_
12:57:06,274.50,1,1968,275.00_275.50_276.00_276.50_277.00_,13_21_56_24_64_,274.50_274.00_273.50_273.00_272.50_,1_10_9_34_8_
12:57:11,275.00,1,1969,275.00_275.50_276.00_276.50_277.00_,13_21_56_24_64_,274.50_274.00_273.50_273.00_272.50_,2_10_9_34_8_
12:57:16,275.00,1,1969,275.00_275.50_276.00_276.50_277.00_,14_21_64_16_64_,274.50_274.00_273.50_273.00_272.50_,2_10_9_34_8_
12:57:21,275.00,1,1969,275.00_275.50_276.00_276.50_277.00_,14_23_64_16_64_,274.50_274.00_273.50_273.00_272.50_,2_10_9_34_8_
12:57:47,275.00,1,1969,275.00_275.50_276.00_276.50_277.00_,14_23_64_16_65_,274.50_274.00_273.50_273.00_272.50_,2_10_9_34_8_
12:58:12,275.00,1,1969,275.00_275.50_276.00_276.50_277.00_,15_23_64_16_65_,274.50_274.00_273.50_273.00_272.50_,2_10_9_34_8_
12:58:22,275.00,1,1970,275.00_275.50_276.00_276.50_277.00_,14_23_64_16_65_,274.50_274.00_273.50_273.00_272.50_,1_10_9_34_8_
12:58:28,275.00,1,1970,275.00_275.50_276.00_276.50_277.00_,14_23_56_24_65_,274.50_274.00_273.50_273.00_272.50_,1_10_9_34_8_
12:58:43,275.00,2,1972,275.00_275.50_276.00_276.50_277.00_,12_23_56_24_65_,274.50_274.00_273.50_273.00_272.50_,1_10_9_34_8_
12:58:48,275.00,2,1972,275.00_275.50_276.00_276.50_277.00_,12_23_64_16_65_,274.50_274.00_273.50_273.00_272.50_,1_10_9_34_8_
12:58:58,275.00,7,1979,275.00_275.50_276.00_276.50_277.00_,5_23_65_16_65_,274.50_274.00_273.50_273.00_272.50_,1_10_9_34_8_
12:59:03,275.00,7,1979,275.00_275.50_276.00_276.50_277.00_,7_23_65_16_65_,274.50_274.00_273.50_273.00_272.50_,3_10_9_34_8_
12:59:09,275.00,7,1979,275.00_275.50_276.00_276.50_277.00_,7_23_65_16_65_,274.50_274.00_273.50_273.00_272.50_,6_10_9_34_8_
12:59:19,275.00,7,1979,275.00_275.50_276.00_276.50_277.00_,8_23_65_16_65_,274.50_274.00_273.50_273.00_272.50_,6_10_9_34_7_
12:59:24,275.00,5,1984,275.00_275.50_276.00_276.50_277.00_,4_23_65_16_65_,274.50_274.00_273.50_273.00_272.50_,6_10_9_34_7_
12:59:29,275.00,5,1984,275.00_275.50_276.00_276.50_277.00_,4_24_65_16_65_,274.50_274.00_273.50_273.00_272.50_,7_10_9_34_7_
12:59:44,275.00,5,1984,275.00_275.50_276.00_276.50_277.00_,4_24_65_16_65_,274.50_274.00_273.50_273.00_272.50_,7_10_9_32_7_
12:59:55,275.00,1,1985,275.00_275.50_276.00_276.50_277.00_,3_24_65_17_64_,274.50_274.00_273.50_273.00_272.50_,6_10_9_32_7_
13:00:00,275.00,1,1986,275.00_275.50_276.00_276.50_277.00_,2_24_65_17_63_,274.50_274.00_273.50_273.00_272.50_,5_10_10_32_7_
13:00:05,275.00,1,1987,275.00_275.50_276.00_276.50_277.00_,2_24_65_17_63_,274.50_274.00_273.50_273.00_272.50_,5_10_10_32_7_
13:00:10,275.00,1,1987,275.00_275.50_276.00_276.50_277.00_,3_24_65_17_63_,274.50_274.00_273.50_273.00_272.50_,5_10_10_32_7_
13:00:15,275.00,1,1988,275.00_275.50_276.00_276.50_277.00_,2_24_65_18_63_,274.50_274.00_273.50_273.00_272.50_,4_10_10_32_7_
13:00:20,275.00,1,1988,275.00_275.50_276.00_276.50_277.00_,2_24_65_18_63_,274.50_274.00_273.50_273.00_272.50_,5_10_10_32_7_
13:00:56,275.00,1,1988,275.00_275.50_276.00_276.50_277.00_,2_24_65_16_63_,274.50_274.00_273.50_273.00_272.50_,6_10_10_32_7_
13:01:01,275.00,1,1989,275.00_275.50_276.00_276.50_277.00_,1_24_65_16_63_,274.50_274.00_273.50_273.00_272.50_,5_15_5_32_7_
13:01:06,275.00,1,1989,275.00_275.50_276.00_276.50_277.00_,3_23_65_16_65_,274.50_274.00_273.50_273.00_272.50_,5_15_5_32_7_
13:01:22,275.00,1,1989,275.00_275.50_276.00_276.50_277.00_,10_23_65_16_65_,274.50_274.00_273.50_273.00_272.50_,5_15_5_32_7_
13:01:27,275.00,1,1989,275.00_275.50_276.00_276.50_277.00_,11_23_65_16_65_,274.50_274.00_273.50_273.00_272.50_,5_10_10_32_7_
13:01:32,275.00,1,1989,275.00_275.50_276.00_276.50_277.00_,11_23_65_16_64_,274.50_274.00_273.50_273.00_272.50_,5_10_10_32_7_
13:01:37,275.00,1,1990,275.00_275.50_276.00_276.50_277.00_,11_23_66_16_64_,274.50_274.00_273.50_273.00_272.50_,5_10_10_32_7_
13:01:47,275.00,1,1990,275.00_275.50_276.00_276.50_277.00_,14_23_66_16_64_,274.50_274.00_273.50_273.00_272.50_,5_10_10_32_7_
13:01:58,275.00,1,1990,275.00_275.50_276.00_276.50_277.00_,16_23_65_15_64_,274.50_274.00_273.50_273.00_272.50_,5_10_10_32_7_
13:02:03,275.00,1,1991,275.00_275.50_276.00_276.50_277.00_,15_24_64_15_64_,274.50_274.00_273.50_273.00_272.50_,5_10_10_32_7_
13:02:08,275.00,1,1992,275.00_275.50_276.00_276.50_277.00_,17_24_64_15_64_,274.50_274.00_273.50_273.00_272.50_,4_10_10_32_7_
13:02:13,275.00,1,1993,275.00_275.50_276.00_276.50_277.00_,15_24_64_15_65_,274.50_274.00_273.50_273.00_272.50_,4_10_10_32_7_
13:02:18,275.00,1,1993,275.00_275.50_276.00_276.50_277.00_,16_24_64_15_65_,274.50_274.00_273.50_273.00_272.50_,4_10_10_32_7_
13:02:23,274.50,1,1994,275.00_275.50_276.00_276.50_277.00_,16_24_64_15_65_,274.50_274.00_273.50_273.00_272.50_,3_10_10_32_7_
13:02:28,274.50,1,1994,275.00_275.50_276.00_276.50_277.00_,14_24_56_23_65_,274.50_274.00_273.50_273.00_272.50_,3_10_10_32_7_
13:02:33,274.50,1,1994,275.00_275.50_276.00_276.50_277.00_,15_24_56_23_65_,274.50_274.00_273.50_273.00_272.50_,3_10_10_32_7_
13:02:39,274.50,1,1994,275.00_275.50_276.00_276.50_277.00_,15_24_56_23_66_,274.50_274.00_273.50_273.00_272.50_,3_10_10_32_7_
13:02:54,274.50,1,1994,275.00_275.50_276.00_276.50_277.00_,16_24_56_23_66_,274.50_274.00_273.50_273.00_272.50_,4_10_10_32_7_
13:02:59,274.50,1,1994,275.00_275.50_276.00_276.50_277.00_,16_24_56_23_66_,274.50_274.00_273.50_273.00_272.50_,9_10_10_32_7_
13:03:04,274.50,1,1994,275.00_275.50_276.00_276.50_277.00_,16_24_56_23_66_,274.50_274.00_273.50_273.00_272.50_,9_10_10_28_7_
13:03:09,274.50,1,1994,275.00_275.50_276.00_276.50_277.00_,17_24_56_23_66_,274.50_274.00_273.50_273.00_272.50_,9_10_10_28_7_
13:03:15,274.50,1,1995,275.00_275.50_276.00_276.50_277.00_,17_24_56_23_66_,274.50_274.00_273.50_273.00_272.50_,8_11_10_28_7_
13:03:20,274.50,5,2000,275.00_275.50_276.00_276.50_277.00_,17_24_56_23_66_,274.50_274.00_273.50_273.00_272.50_,5_11_14_28_7_
13:03:25,274.50,1,2001,275.00_275.50_276.00_276.50_277.00_,17_24_56_23_66_,274.50_274.00_273.50_273.00_272.50_,4_11_14_28_7_
13:03:30,274.50,1,2002,275.00_275.50_276.00_276.50_277.00_,17_24_56_23_66_,274.50_274.00_273.50_273.00_272.50_,3_11_14_28_7_
13:03:35,274.50,1,2002,275.00_275.50_276.00_276.50_277.00_,17_24_56_23_66_,274.50_274.00_273.50_273.00_272.50_,4_11_14_28_7_
13:03:40,274.50,2,2004,275.00_275.50_276.00_276.50_277.00_,17_24_56_23_66_,274.50_274.00_273.50_273.00_272.50_,2_11_14_28_7_
13:03:45,274.50,2,2006,274.50_275.00_275.50_276.00_276.50_,1_16_24_56_23_,274.00_273.50_273.00_272.50_272.00_,11_14_28_7_46_
13:03:50,274.50,2,2006,274.50_275.00_275.50_276.00_276.50_,3_15_24_69_10_,274.00_273.50_273.00_272.50_272.00_,11_13_19_17_46_
13:03:56,274.50,2,2006,274.50_275.00_275.50_276.00_276.50_,6_13_23_69_10_,274.00_273.50_273.00_272.50_272.00_,11_13_19_17_46_
13:04:06,274.50,2,2006,274.50_275.00_275.50_276.00_276.50_,7_13_23_69_10_,274.00_273.50_273.00_272.50_272.00_,11_13_19_17_46_
13:04:16,274.50,2,2006,274.50_275.00_275.50_276.00_276.50_,7_15_23_69_10_,274.00_273.50_273.00_272.50_272.00_,11_13_19_17_46_
13:04:21,274.50,2,2006,274.50_275.00_275.50_276.00_276.50_,9_16_23_69_10_,274.00_273.50_273.00_272.50_272.00_,11_13_19_17_46_
13:04:31,274.50,2,2006,274.50_275.00_275.50_276.00_276.50_,10_16_23_69_10_,274.00_273.50_273.00_272.50_272.00_,10_13_19_17_46_
13:04:47,274.50,2,2006,274.50_275.00_275.50_276.00_276.50_,10_16_23_70_10_,274.00_273.50_273.00_272.50_272.00_,10_13_19_17_46_
13:04:52,274.50,2,2006,274.50_275.00_275.50_276.00_276.50_,10_16_23_70_10_,274.00_273.50_273.00_272.50_272.00_,10_13_20_17_46_
13:05:07,274.50,2,2006,274.50_275.00_275.50_276.00_276.50_,10_16_23_70_10_,274.00_273.50_273.00_272.50_272.00_,11_13_20_17_46_
13:05:28,274.50,2,2006,274.50_275.00_275.50_276.00_276.50_,10_17_23_70_10_,274.00_273.50_273.00_272.50_272.00_,11_13_20_17_46_
13:05:33,274.50,2,2006,274.50_275.00_275.50_276.00_276.50_,11_17_23_70_10_,274.00_273.50_273.00_272.50_272.00_,11_13_20_17_46_
13:05:38,274.00,1,2007,274.50_275.00_275.50_276.00_276.50_,11_17_23_70_10_,274.00_273.50_273.00_272.50_272.00_,10_13_20_17_46_
13:05:43,274.00,1,2007,274.50_275.00_275.50_276.00_276.50_,11_17_23_69_10_,274.00_273.50_273.00_272.50_272.00_,10_13_20_17_46_
13:05:48,274.00,1,2007,274.50_275.00_275.50_276.00_276.50_,10_17_23_69_10_,274.00_273.50_273.00_272.50_272.00_,10_13_20_17_46_
13:06:04,274.00,2,2009,274.50_275.00_275.50_276.00_276.50_,11_18_22_69_10_,274.00_273.50_273.00_272.50_272.00_,8_13_20_17_46_
13:06:09,274.00,1,2010,274.50_275.00_275.50_276.00_276.50_,11_18_22_69_10_,274.00_273.50_273.00_272.50_272.00_,8_13_20_17_46_
13:06:19,274.00,1,2010,274.50_275.00_275.50_276.00_276.50_,11_18_22_68_10_,274.00_273.50_273.00_272.50_272.00_,11_13_20_17_46_
13:06:24,274.00,1,2010,274.50_275.00_275.50_276.00_276.50_,11_19_22_68_10_,274.00_273.50_273.00_272.50_272.00_,11_13_20_17_46_
13:06:29,274.00,1,2010,274.50_275.00_275.50_276.00_276.50_,12_19_22_68_10_,274.00_273.50_273.00_272.50_272.00_,11_14_20_16_45_
13:06:44,274.50,1,2011,274.50_275.00_275.50_276.00_276.50_,11_19_22_68_10_,274.00_273.50_273.00_272.50_272.00_,11_15_20_16_45_
13:06:55,274.50,1,2011,274.50_275.00_275.50_276.00_276.50_,11_21_20_68_10_,274.00_273.50_273.00_272.50_272.00_,11_15_20_16_45_
13:07:05,274.50,1,2011,274.50_275.00_275.50_276.00_276.50_,11_22_20_68_10_,274.00_273.50_273.00_272.50_272.00_,11_15_20_16_45_
13:07:10,274.50,1,2012,274.50_275.00_275.50_276.00_276.50_,10_22_20_68_10_,274.00_273.50_273.00_272.50_272.00_,11_15_20_16_45_
13:07:20,274.50,1,2012,274.50_275.00_275.50_276.00_276.50_,10_22_20_68_10_,274.00_273.50_273.00_272.50_272.00_,11_11_20_16_45_
13:07:25,274.00,1,2013,274.50_275.00_275.50_276.00_276.50_,10_22_20_68_10_,274.00_273.50_273.00_272.50_272.00_,11_11_20_16_45_
13:07:31,274.00,1,2013,274.50_275.00_275.50_276.00_276.50_,10_22_20_68_10_,274.00_273.50_273.00_272.50_272.00_,15_11_20_16_45_
13:07:41,274.00,1,2014,274.50_275.00_275.50_276.00_276.50_,10_22_20_68_10_,274.00_273.50_273.00_272.50_272.00_,14_11_20_16_45_
13:07:46,274.00,1,2014,274.50_275.00_275.50_276.00_276.50_,10_22_20_68_10_,274.00_273.50_273.00_272.50_272.00_,15_11_20_16_45_
13:07:51,274.00,1,2015,274.50_275.00_275.50_276.00_276.50_,10_22_20_68_10_,274.00_273.50_273.00_272.50_272.00_,14_11_20_16_45_
13:07:56,274.00,1,2016,274.50_275.00_275.50_276.00_276.50_,9_22_20_68_10_,274.00_273.50_273.00_272.50_272.00_,14_10_20_16_45_
13:08:01,274.00,1,2016,274.50_275.00_275.50_276.00_276.50_,9_22_20_69_10_,274.00_273.50_273.00_272.50_272.00_,14_10_20_16_45_
13:08:06,274.00,1,2016,274.50_275.00_275.50_276.00_276.50_,9_22_21_68_10_,274.00_273.50_273.00_272.50_272.00_,14_10_20_16_45_
13:08:12,274.00,1,2016,274.50_275.00_275.50_276.00_276.50_,9_22_21_68_10_,274.00_273.50_273.00_272.50_272.00_,15_10_20_16_45_
13:08:27,274.00,1,2016,274.50_275.00_275.50_276.00_276.50_,10_22_21_68_10_,274.00_273.50_273.00_272.50_272.00_,15_10_20_16_45_
13:08:32,274.00,1,2017,274.50_275.00_275.50_276.00_276.50_,10_22_21_68_10_,274.00_273.50_273.00_272.50_272.00_,14_10_20_16_45_
13:08:42,274.00,1,2017,274.50_275.00_275.50_276.00_276.50_,10_22_21_68_10_,274.00_273.50_273.00_272.50_272.00_,14_10_20_19_45_
13:08:53,274.00,1,2017,274.50_275.00_275.50_276.00_276.50_,10_23_21_68_10_,274.00_273.50_273.00_272.50_272.00_,14_10_20_19_45_
13:08:58,274.00,1,2017,274.50_275.00_275.50_276.00_276.50_,10_23_23_65_10_,274.00_273.50_273.00_272.50_272.00_,14_10_20_19_45_
13:09:03,274.00,1,2017,274.50_275.00_275.50_276.00_276.50_,9_23_23_66_10_,274.00_273.50_273.00_272.50_272.00_,14_10_20_19_45_
13:09:08,274.00,1,2017,274.50_275.00_275.50_276.00_276.50_,9_24_23_66_10_,274.00_273.50_273.00_272.50_272.00_,14_10_20_19_45_
13:09:13,274.00,1,2017,274.50_275.00_275.50_276.00_276.50_,10_24_23_66_10_,274.00_273.50_273.00_272.50_272.00_,14_10_20_19_45_
13:09:18,274.00,1,2018,274.50_275.00_275.50_276.00_276.50_,10_24_23_66_10_,274.00_273.50_273.00_272.50_272.00_,13_10_20_19_45_
13:09:23,274.00,2,2020,274.50_275.00_275.50_276.00_276.50_,8_25_23_66_10_,274.00_273.50_273.00_272.50_272.00_,11_10_20_19_45_
13:09:28,274.00,2,2020,274.50_275.00_275.50_276.00_276.50_,9_25_23_66_10_,274.00_273.50_273.00_272.50_272.00_,11_10_20_19_45_
13:09:34,274.00,2,2020,274.50_275.00_275.50_276.00_276.50_,9_27_23_66_10_,274.00_273.50_273.00_272.50_272.00_,11_10_20_19_45_
13:09:39,274.00,10,2030,274.50_275.00_275.50_276.00_276.50_,9_27_23_66_10_,274.00_273.50_273.00_272.50_272.00_,1_5_25_19_45_
13:09:44,274.50,2,2032,274.50_275.00_275.50_276.00_276.50_,10_27_23_66_10_,274.00_273.50_273.00_272.50_272.00_,1_5_25_19_45_
13:09:49,274.50,2,2032,274.50_275.00_275.50_276.00_276.50_,11_27_23_66_10_,274.00_273.50_273.00_272.50_272.00_,1_5_25_19_45_
13:09:54,274.50,2,2032,274.50_275.00_275.50_276.00_276.50_,12_26_23_66_10_,274.00_273.50_273.00_272.50_272.00_,1_5_25_19_45_
13:09:59,274.50,2,2032,274.50_275.00_275.50_276.00_276.50_,14_26_21_66_10_,274.00_273.50_273.00_272.50_272.00_,1_5_25_19_45_
13:10:04,274.00,1,2033,274.50_275.00_275.50_276.00_276.50_,14_26_20_66_10_,273.50_273.00_272.50_272.00_271.50_,5_25_19_45_16_
13:10:09,274.00,1,2033,274.50_275.00_275.50_276.00_276.50_,14_25_34_53_10_,273.50_273.00_272.50_272.00_271.50_,5_24_10_55_16_
13:10:14,274.00,1,2033,274.50_275.00_275.50_276.00_276.50_,14_25_34_53_10_,274.00_273.50_273.00_272.50_272.00_,1_5_24_10_55_
13:10:20,274.00,1,2033,274.50_275.00_275.50_276.00_276.50_,14_25_21_66_10_,274.00_273.50_273.00_272.50_272.00_,2_6_25_19_45_
13:10:25,274.00,1,2034,274.50_275.00_275.50_276.00_276.50_,14_25_21_66_10_,274.00_273.50_273.00_272.50_272.00_,1_6_25_19_45_
13:10:30,274.00,1,2035,274.00_274.50_275.00_275.50_276.00_,1_14_25_21_66_,273.50_273.00_272.50_272.00_271.50_,6_25_19_45_16_
13:10:35,274.00,1,2036,274.00_274.50_275.00_275.50_276.00_,5_9_24_34_54_,273.50_273.00_272.50_272.00_271.50_,6_24_10_54_16_
13:10:40,274.00,1,2036,274.00_274.50_275.00_275.50_276.00_,5_9_24_34_54_,273.50_273.00_272.50_272.00_271.50_,6_23_10_54_16_
13:10:45,274.00,1,2036,274.00_274.50_275.00_275.50_276.00_,7_9_24_34_54_,273.50_273.00_272.50_272.00_271.50_,6_23_10_54_16_
13:10:50,274.00,1,2036,274.00_274.50_275.00_275.50_276.00_,7_9_27_34_54_,273.50_273.00_272.50_272.00_271.50_,6_23_10_54_16_
13:10:56,274.00,1,2036,274.00_274.50_275.00_275.50_276.00_,7_9_25_36_54_,273.50_273.00_272.50_272.00_271.50_,6_23_12_54_16_
13:11:01,274.00,1,2036,274.00_274.50_275.00_275.50_276.00_,7_9_26_36_54_,273.50_273.00_272.50_272.00_271.50_,8_23_12_54_16_
13:11:06,273.50,4,2040,274.00_274.50_275.00_275.50_276.00_,8_9_26_36_54_,273.50_273.00_272.50_272.00_271.50_,4_23_12_54_16_
13:11:11,273.50,4,2040,274.00_274.50_275.00_275.50_276.00_,8_11_26_36_54_,273.50_273.00_272.50_272.00_271.50_,4_23_12_54_16_
13:11:16,273.50,1,2041,274.00_274.50_275.00_275.50_276.00_,8_11_26_36_54_,273.50_273.00_272.50_272.00_271.50_,3_23_12_54_16_
13:11:21,273.50,1,2041,274.00_274.50_275.00_275.50_276.00_,9_11_26_36_54_,273.50_273.00_272.50_272.00_271.50_,3_23_12_54_16_
13:11:31,273.50,1,2041,274.00_274.50_275.00_275.50_276.00_,9_11_25_36_54_,273.50_273.00_272.50_272.00_271.50_,3_23_12_54_16_
13:11:47,274.00,1,2043,274.00_274.50_275.00_275.50_276.00_,9_12_24_36_54_,273.50_273.00_272.50_272.00_271.50_,3_23_12_54_16_
13:12:02,274.00,1,2043,274.00_274.50_275.00_275.50_276.00_,10_11_27_35_52_,273.50_273.00_272.50_272.00_271.50_,4_23_12_54_16_
13:12:23,274.00,1,2048,274.00_274.50_275.00_275.50_276.00_,8_11_27_35_52_,273.50_273.00_272.50_272.00_271.50_,3_24_12_54_16_
13:12:38,274.00,1,2048,274.00_274.50_275.00_275.50_276.00_,8_11_37_35_52_,273.50_273.00_272.50_272.00_271.50_,6_24_12_54_16_
13:12:59,273.50,1,2049,274.00_274.50_275.00_275.50_276.00_,7_11_36_31_52_,273.50_273.00_272.50_272.00_271.50_,4_24_12_55_16_
13:13:04,274.00,1,2050,274.00_274.50_275.00_275.50_276.00_,7_11_36_31_52_,273.50_273.00_272.50_272.00_271.50_,4_24_12_55_16_
13:14:26,273.50,1,2053,274.00_274.50_275.00_275.50_276.00_,8_9_37_31_53_,273.50_273.00_272.50_272.00_271.50_,6_24_12_55_15_
13:14:41,273.50,4,2057,274.00_274.50_275.00_275.50_276.00_,8_8_37_31_53_,273.50_273.00_272.50_272.00_271.50_,2_24_12_55_15_
13:14:46,273.50,4,2057,274.00_274.50_275.00_275.50_276.00_,8_8_37_31_54_,273.50_273.00_272.50_272.00_271.50_,2_24_12_55_15_
13:14:51,273.50,1,2058,274.00_274.50_275.00_275.50_276.00_,7_10_37_31_54_,273.50_273.00_272.50_272.00_271.50_,2_24_12_55_15_
13:15:17,273.50,1,2058,274.00_274.50_275.00_275.50_276.00_,9_10_38_31_54_,273.50_273.00_272.50_272.00_271.50_,3_24_12_55_15_
13:15:22,273.50,1,2058,274.00_274.50_275.00_275.50_276.00_,10_10_38_31_54_,273.50_273.00_272.50_272.00_271.50_,3_24_12_55_15_
13:15:58,273.50,1,2059,274.00_274.50_275.00_275.50_276.00_,11_10_41_29_55_,273.50_273.00_272.50_272.00_271.50_,3_22_12_55_14_
13:16:03,273.50,1,2060,274.00_274.50_275.00_275.50_276.00_,11_11_40_29_55_,273.50_273.00_272.50_272.00_271.50_,2_22_12_55_14_
13:16:08,273.50,1,2061,274.00_274.50_275.00_275.50_276.00_,11_11_39_29_55_,273.50_273.00_272.50_272.00_271.50_,1_22_12_55_14_
13:16:13,273.50,1,2062,274.00_274.50_275.00_275.50_276.00_,11_11_39_29_55_,273.00_272.50_272.00_271.50_271.00_,22_12_55_14_17_
13:16:23,273.50,1,2062,273.50_274.00_274.50_275.00_275.50_,1_11_11_52_16_,273.00_272.50_272.00_271.50_271.00_,22_11_46_24_17_
13:16:49,273.00,3,2065,273.50_274.00_274.50_275.00_275.50_,6_9_11_52_16_,273.00_272.50_272.00_271.50_271.00_,13_16_46_24_17_
13:17:15,273.00,5,2070,273.50_274.00_274.50_275.00_275.50_,7_9_10_53_16_,273.00_272.50_272.00_271.50_271.00_,8_16_47_24_17_
13:17:20,273.00,5,2070,273.50_274.00_274.50_275.00_275.50_,8_8_10_53_16_,273.00_272.50_272.00_271.50_271.00_,8_16_47_24_17_
13:17:25,273.00,1,2071,273.50_274.00_274.50_275.00_275.50_,7_7_10_53_16_,273.00_272.50_272.00_271.50_271.00_,7_16_47_24_17_
13:17:40,273.00,1,2071,273.50_274.00_274.50_275.00_275.50_,8_7_10_53_16_,273.00_272.50_272.00_271.50_271.00_,7_16_47_24_17_
13:17:50,273.00,1,2072,273.50_274.00_274.50_275.00_275.50_,8_7_10_53_16_,273.00_272.50_272.00_271.50_271.00_,7_16_47_24_17_
13:18:06,273.00,1,2074,273.50_274.00_274.50_275.00_275.50_,8_6_13_50_16_,273.00_272.50_272.00_271.50_271.00_,7_16_47_24_17_
13:18:21,273.00,1,2074,273.50_274.00_274.50_275.00_275.50_,8_5_13_50_16_,273.00_272.50_272.00_271.50_271.00_,7_16_47_24_17_
13:18:31,273.00,1,2075,273.50_274.00_274.50_275.00_275.50_,8_6_13_50_16_,273.00_272.50_272.00_271.50_271.00_,6_16_46_24_17_
13:18:52,273.00,1,2075,273.50_274.00_274.50_275.00_275.50_,10_6_13_50_16_,273.00_272.50_272.00_271.50_271.00_,6_16_46_24_17_
13:19:02,273.00,2,2077,273.50_274.00_274.50_275.00_275.50_,10_7_12_50_16_,273.00_272.50_272.00_271.50_271.00_,4_16_46_24_17_
13:19:12,273.00,2,2077,273.50_274.00_274.50_275.00_275.50_,10_7_10_50_17_,273.00_272.50_272.00_271.50_271.00_,4_16_46_24_17_
13:19:23,273.00,1,2078,273.50_274.00_274.50_275.00_275.50_,10_7_10_52_17_,273.00_272.50_272.00_271.50_271.00_,3_16_46_24_17_
13:19:33,273.00,1,2079,273.50_274.00_274.50_275.00_275.50_,10_7_10_52_17_,273.00_272.50_272.00_271.50_271.00_,2_16_46_24_17_
13:19:38,273.00,2,2081,273.50_274.00_274.50_275.00_275.50_,10_7_10_52_17_,272.50_272.00_271.50_271.00_270.50_,16_46_24_17_8_
13:19:48,273.50,1,2082,273.50_274.00_274.50_275.00_275.50_,8_7_22_39_17_,272.50_272.00_271.50_271.00_270.50_,16_45_15_27_8_
13:19:53,273.00,1,2083,273.50_274.00_274.50_275.00_275.50_,8_8_22_39_17_,273.00_272.50_272.00_271.50_271.00_,1_16_44_15_27_
13:19:58,273.00,2,2085,273.50_274.00_274.50_275.00_275.50_,8_10_7_52_17_,273.00_272.50_272.00_271.50_271.00_,1_16_45_24_17_
13:20:04,273.00,2,2085,273.50_274.00_274.50_275.00_275.50_,9_10_7_52_17_,273.00_272.50_272.00_271.50_271.00_,1_16_45_24_17_
13:20:09,273.00,2,2085,273.50_274.00_274.50_275.00_275.50_,10_10_7_52_17_,273.00_272.50_272.00_271.50_271.00_,6_11_50_24_17_
13:20:14,273.00,1,2086,273.50_274.00_274.50_275.00_275.50_,10_10_7_52_18_,273.00_272.50_272.00_271.50_271.00_,5_11_50_24_17_
13:20:19,273.00,1,2087,273.50_274.00_274.50_275.00_275.50_,10_10_7_52_18_,273.00_272.50_272.00_271.50_271.00_,4_11_50_24_17_
13:20:39,273.00,1,2088,273.50_274.00_274.50_275.00_275.50_,11_10_7_52_18_,273.00_272.50_272.00_271.50_271.00_,3_11_50_24_17_
13:20:50,273.00,2,2090,273.50_274.00_274.50_275.00_275.50_,11_10_7_52_18_,273.00_272.50_272.00_271.50_271.00_,1_11_50_24_17_
13:20:55,272.50,2,2092,273.50_274.00_274.50_275.00_275.50_,11_8_7_53_18_,272.50_272.00_271.50_271.00_270.50_,10_50_24_17_9_
13:21:05,272.50,1,2094,273.50_274.00_274.50_275.00_275.50_,11_8_20_39_19_,272.50_272.00_271.50_271.00_270.50_,8_49_15_27_9_
13:21:10,272.50,1,2094,273.50_274.00_274.50_275.00_275.50_,12_8_20_39_19_,272.50_272.00_271.50_271.00_270.50_,8_49_15_27_9_
13:21:15,272.50,1,2094,273.50_274.00_274.50_275.00_275.50_,11_8_20_39_19_,272.50_272.00_271.50_271.00_270.50_,8_49_15_27_9_
13:21:21,272.50,1,2094,273.50_274.00_274.50_275.00_275.50_,11_8_20_38_19_,272.50_272.00_271.50_271.00_270.50_,8_49_15_27_9_
13:21:26,272.50,1,2095,273.50_274.00_274.50_275.00_275.50_,10_8_20_39_18_,272.50_272.00_271.50_271.00_270.50_,6_49_15_27_9_
13:21:31,272.50,1,2095,273.00_273.50_274.00_274.50_275.00_,1_10_8_20_39_,272.50_272.00_271.50_271.00_270.50_,7_49_15_27_8_
13:21:36,272.50,5,2100,273.00_273.50_274.00_274.50_275.00_,4_6_7_20_39_,272.50_272.00_271.50_271.00_270.50_,2_44_20_26_8_
13:21:51,272.50,5,2100,273.00_273.50_274.00_274.50_275.00_,9_5_7_20_39_,272.50_272.00_271.50_271.00_270.50_,2_44_20_26_8_
13:21:57,272.50,5,2100,273.00_273.50_274.00_274.50_275.00_,10_5_7_22_38_,272.50_272.00_271.50_271.00_270.50_,4_44_20_26_8_
13:22:02,272.50,4,2104,273.00_273.50_274.00_274.50_275.00_,10_5_7_22_38_,272.00_271.50_271.00_270.50_270.00_,44_20_26_8_42_
13:22:07,272.50,4,2104,273.00_273.50_274.00_274.50_275.00_,13_4_20_9_38_,272.00_271.50_271.00_270.50_270.00_,44_19_17_18_42_
13:22:12,272.50,1,2105,272.50_273.00_273.50_274.00_274.50_,1_12_4_20_9_,272.00_271.50_271.00_270.50_270.00_,44_19_17_18_42_
13:22:17,272.50,1,2105,272.50_273.00_273.50_274.00_274.50_,4_10_3_20_8_,272.00_271.50_271.00_270.50_270.00_,44_19_35_18_42_
13:22:22,272.50,1,2105,272.50_273.00_273.50_274.00_274.50_,9_9_3_20_8_,272.00_271.50_271.00_270.50_270.00_,44_19_35_18_42_
13:22:27,272.50,1,2106,272.50_273.00_273.50_274.00_274.50_,9_8_3_20_8_,272.00_271.50_271.00_270.50_270.00_,44_21_35_18_42_
13:22:32,272.50,1,2107,272.50_273.00_273.50_274.00_274.50_,8_8_3_20_8_,272.00_271.50_271.00_270.50_270.00_,44_21_35_18_42_
13:22:38,272.50,1,2107,272.50_273.00_273.50_274.00_274.50_,8_8_3_20_8_,272.00_271.50_271.00_270.50_270.00_,44_21_35_21_42_
13:22:43,272.50,1,2108,272.50_273.00_273.50_274.00_274.50_,8_8_4_20_8_,272.00_271.50_271.00_270.50_270.00_,44_21_38_21_42_
13:22:48,272.50,1,2108,272.50_273.00_273.50_274.00_274.50_,8_8_2_20_8_,272.00_271.50_271.00_270.50_270.00_,44_21_38_21_42_
13:22:53,272.00,1,2109,272.50_273.00_273.50_274.00_274.50_,8_8_2_20_8_,272.00_271.50_271.00_270.50_270.00_,43_21_38_21_42_
13:22:58,272.00,1,2109,272.50_273.00_273.50_274.00_274.50_,9_8_2_20_6_,272.00_271.50_271.00_270.50_270.00_,43_21_38_21_42_
13:23:03,272.00,1,2109,272.50_273.00_273.50_274.00_274.50_,11_7_4_20_6_,272.00_271.50_271.00_270.50_270.00_,45_21_38_21_40_
13:23:08,272.00,1,2109,272.50_273.00_273.50_274.00_274.50_,11_8_4_20_6_,272.00_271.50_271.00_270.50_270.00_,45_21_38_21_40_
13:23:14,272.00,3,2112,272.50_273.00_273.50_274.00_274.50_,11_7_4_19_6_,272.00_271.50_271.00_270.50_270.00_,42_21_38_21_41_
13:23:19,272.00,2,2114,272.50_273.00_273.50_274.00_274.50_,11_5_4_19_8_,272.00_271.50_271.00_270.50_270.00_,42_22_41_21_41_
13:23:24,272.50,5,2119,272.50_273.00_273.50_274.00_274.50_,6_5_4_19_8_,272.00_271.50_271.00_270.50_270.00_,42_22_41_21_41_
13:23:29,272.50,2,2121,272.50_273.00_273.50_274.00_274.50_,6_5_4_19_8_,272.00_271.50_271.00_270.50_270.00_,42_22_41_21_41_
13:23:34,272.50,3,2124,272.50_273.00_273.50_274.00_274.50_,5_4_4_19_8_,272.00_271.50_271.00_270.50_270.00_,42_22_41_21_41_
13:23:39,272.50,5,2129,273.00_273.50_274.00_274.50_275.00_,4_4_19_8_37_,272.50_272.00_271.50_271.00_270.50_,1_40_22_41_21_
13:23:44,272.50,2,2131,273.00_273.50_274.00_274.50_275.00_,5_4_6_21_37_,272.50_272.00_271.50_271.00_270.50_,2_40_23_50_11_
13:23:50,272.50,1,2132,273.00_273.50_274.00_274.50_275.00_,5_4_6_22_37_,272.50_272.00_271.50_271.00_270.50_,2_21_23_50_11_
13:23:55,272.50,2,2134,273.00_273.50_274.00_274.50_275.00_,5_5_6_21_37_,272.00_271.50_271.00_270.50_270.00_,21_23_50_11_41_
13:24:00,273.00,3,2137,273.00_273.50_274.00_274.50_275.00_,3_6_19_7_37_,272.00_271.50_271.00_270.50_270.00_,18_22_41_21_41_
13:24:05,273.00,3,2137,273.00_273.50_274.00_274.50_275.00_,3_6_19_7_37_,272.50_272.00_271.50_271.00_270.50_,1_18_22_41_21_
13:24:10,273.00,1,2138,273.00_273.50_274.00_274.50_275.00_,2_6_6_20_37_,272.50_272.00_271.50_271.00_270.50_,1_18_23_50_11_
13:24:15,273.00,1,2138,273.00_273.50_274.00_274.50_275.00_,3_6_6_20_37_,272.50_272.00_271.50_271.00_270.50_,1_18_23_50_11_
13:24:20,273.00,1,2138,273.00_273.50_274.00_274.50_275.00_,3_6_6_20_37_,272.50_272.00_271.50_271.00_270.50_,1_18_26_50_11_
13:24:26,272.50,1,2139,273.00_273.50_274.00_274.50_275.00_,3_6_6_20_37_,272.00_271.50_271.00_270.50_270.00_,18_26_50_11_41_
13:24:31,272.50,1,2139,273.00_273.50_274.00_274.50_275.00_,3_6_19_7_38_,272.00_271.50_271.00_270.50_270.00_,18_25_41_21_41_
13:24:36,273.00,2,2141,273.00_273.50_274.00_274.50_275.00_,2_6_19_7_37_,272.00_271.50_271.00_270.50_270.00_,18_25_41_21_41_
13:24:41,273.00,2,2141,273.00_273.50_274.00_274.50_275.00_,3_6_19_7_37_,272.00_271.50_271.00_270.50_270.00_,18_25_41_21_46_
13:24:46,272.50,1,2142,273.00_273.50_274.00_274.50_275.00_,4_6_19_7_37_,272.50_272.00_271.50_271.00_270.50_,1_18_29_37_21_
13:24:51,272.50,1,2142,273.00_273.50_274.00_274.50_275.00_,4_7_6_18_37_,272.50_272.00_271.50_271.00_270.50_,1_16_25_46_11_
13:24:56,272.50,1,2143,273.00_273.50_274.00_274.50_275.00_,4_6_7_18_37_,272.50_272.00_271.50_271.00_270.50_,1_16_25_46_11_
13:25:06,272.50,1,2143,272.50_,0_,272.00_,0_
13:25:11,272.50,1,2143,272.50_,0_,271.50_,0_
13:25:17,272.50,1,2143,272.50_,0_,271.50_,0_
13:25:22,272.50,1,2143,272.50_,0_,271.50_,0_
13:25:27,272.50,1,2143,272.50_,0_,271.50_,0_
13:25:32,272.50,1,2143,272.50_,0_,271.50_,0_
13:25:37,272.50,1,2143,272.50_,0_,271.50_,0_
13:25:42,272.50,1,2143,272.50_,0_,271.50_,0_
13:25:47,272.50,1,2143,272.50_,0_,271.50_,0_
13:25:53,272.50,1,2143,272.50_,0_,271.50_,0_
13:25:58,272.50,1,2143,272.50_,0_,271.50_,0_
13:26:03,272.50,1,2143,272.50_,0_,271.00_,0_
13:26:08,272.50,1,2143,272.50_,0_,271.00_,0_
13:26:13,272.50,1,2143,272.50_,0_,271.00_,0_
13:26:23,272.50,1,2143,272.50_,0_,271.00_,0_
13:26:28,272.50,1,2143,272.50_,0_,271.00_,0_
13:26:34,272.50,1,2143,272.50_,0_,271.00_,0_
13:26:39,272.50,1,2143,272.50_,0_,271.00_,0_
13:26:44,272.50,1,2143,272.50_,0_,271.00_,0_
13:26:49,272.50,1,2143,272.50_,0_,271.50_,0_
13:26:54,272.50,1,2143,272.50_,0_,271.50_,0_
13:26:59,272.50,1,2143,272.50_,0_,272.00_,0_
13:27:04,272.50,1,2143,272.50_,0_,271.50_,0_
13:27:09,272.50,1,2143,272.50_,0_,271.50_,0_
13:27:15,272.50,1,2143,272.50_,0_,272.00_,0_
13:27:20,272.50,1,2143,272.50_,0_,272.00_,0_
13:27:30,272.50,1,2143,272.50_,0_,272.00_,0_
13:27:56,272.50,1,2143,272.50_,0_,272.00_,0_
13:28:01,272.50,1,2143,272.50_,0_,272.00_,0_
13:28:06,272.50,1,2143,272.50_,0_,272.00_,0_
13:28:11,272.50,1,2143,272.00_,0_,271.50_,0_
13:28:26,272.50,1,2143,272.00_,0_,271.50_,0_
13:28:32,272.50,1,2143,272.00_,0_,271.50_,0_
13:28:37,272.50,1,2143,272.50_,0_,272.00_,0_
13:28:47,272.50,1,2143,272.50_,0_,272.00_,0_
13:28:52,272.50,1,2143,272.50_,0_,272.00_,0_
13:28:57,272.50,1,2143,272.50_,0_,272.00_,0_
13:29:02,272.50,1,2143,272.50_,0_,272.00_,0_
13:29:18,272.50,1,2143,272.50_,0_,272.00_,0_
13:29:28,272.50,1,2143,272.50_,0_,272.00_,0_
13:29:38,272.50,1,2143,272.50_,0_,272.00_,0_
13:29:48,272.50,1,2143,272.50_,0_,272.00_,0_
13:29:59,272.50,1,2143,272.50_,0_,272.00_,0_
13:30:00,272.00,72,2215,272.50_273.00_273.50_274.00_274.50_,1_20_4_9_18_,272.00_271.50_271.00_270.50_270.00_,9_25_91_30_94_
