09:00:04,50.00,109,109,50.60_50.80_50.90_51.00_51.10_,1_12_3_48_2_,50.00_49.95_49.90_49.85_49.80_,102_50_5_1_102_
09:00:09,50.00,10,119,50.50_50.60_50.70_50.80_50.90_,9_3_1_12_3_,50.00_49.95_49.90_49.85_49.80_,96_9_6_1_105_
09:00:14,50.00,10,119,50.40_50.50_50.60_50.70_50.80_,1_14_3_1_12_,50.00_49.95_49.90_49.85_49.80_,102_3_5_1_105_
09:00:19,50.00,2,121,50.40_50.50_50.60_50.70_50.80_,15_11_3_1_12_,50.00_49.95_49.90_49.85_49.80_,106_3_5_1_105_
09:00:24,50.40,5,126,50.40_50.50_50.60_50.70_50.80_,16_9_3_1_12_,50.10_50.00_49.95_49.90_49.85_,2_108_3_5_1_
09:00:29,50.20,1,127,50.30_50.40_50.50_50.60_50.70_,5_19_10_2_1_,50.20_50.10_50.00_49.95_49.90_,9_2_119_2_5_
09:00:34,50.20,7,134,50.30_50.40_50.50_50.60_50.80_,7_17_10_2_12_,50.20_50.10_50.00_49.95_49.90_,4_6_118_2_5_
09:00:39,50.20,3,137,50.30_50.40_50.50_50.60_50.80_,14_10_8_2_12_,50.20_50.10_50.00_49.95_49.90_,2_7_118_2_6_
09:00:45,50.20,1,138,50.30_50.40_50.50_50.60_50.80_,18_10_7_2_12_,50.10_50.00_49.95_49.90_49.85_,7_118_2_6_1_
09:00:50,50.20,1,138,50.20_50.30_50.40_50.50_50.60_,3_18_11_7_2_,50.10_50.00_49.95_49.90_49.85_,7_118_2_6_1_
09:00:55,50.20,1,139,50.20_50.30_50.40_50.50_50.60_,9_9_11_7_2_,50.10_50.00_49.95_49.90_49.85_,7_118_2_6_1_
09:01:00,50.20,1,140,50.20_50.30_50.40_50.50_50.60_,21_8_1_6_2_,50.10_50.00_49.95_49.90_49.85_,9_112_1_6_1_
09:01:05,50.20,1,140,50.20_50.30_50.40_50.50_50.60_,26_8_1_2_1_,50.10_50.00_49.90_49.85_49.80_,31_113_6_1_103_
09:01:10,50.20,1,140,50.20_50.30_50.40_50.50_50.60_,26_8_51_21_1_,50.10_50.00_49.90_49.85_49.80_,33_118_6_1_155_
09:01:15,50.20,2,142,50.20_50.30_50.40_50.50_50.60_,24_8_62_22_1_,50.10_50.00_49.90_49.85_49.80_,35_118_6_1_155_
09:01:21,50.20,12,154,50.20_50.30_50.40_50.50_50.60_,13_13_63_21_1_,50.10_50.00_49.90_49.85_49.80_,38_118_6_1_156_
09:01:26,50.10,10,164,50.20_50.30_50.40_50.50_50.60_,13_13_63_21_1_,50.10_50.00_49.90_49.85_49.80_,33_118_6_1_156_
09:01:31,50.20,11,175,50.20_50.30_50.40_50.50_50.60_,2_13_65_21_93_,50.10_50.00_49.90_49.85_49.80_,39_118_6_1_156_
09:01:36,50.20,3,178,50.20_50.30_50.40_50.50_50.60_,7_8_65_21_101_,50.10_50.00_49.90_49.85_49.80_,39_119_6_1_156_
09:01:41,50.10,1,179,50.20_50.30_50.40_50.50_50.60_,10_9_63_21_101_,50.10_50.00_49.90_49.85_49.80_,40_119_6_1_156_
09:01:46,50.20,5,184,50.20_50.30_50.40_50.50_50.60_,8_9_63_21_101_,50.10_50.00_49.95_49.90_49.85_,41_119_1_6_1_
09:01:51,50.20,2,186,50.20_50.30_50.40_50.50_50.60_,6_9_63_21_100_,50.10_50.00_49.95_49.90_49.85_,47_121_1_6_52_
09:01:57,50.20,6,192,50.30_50.40_50.50_50.60_50.70_,11_64_21_100_1_,50.20_50.10_50.00_49.95_49.90_,5_52_126_1_6_
09:02:02,50.20,2,194,50.30_50.40_50.50_50.60_50.70_,11_14_51_36_115_,50.20_50.10_50.00_49.95_49.90_,20_47_160_12_58_
09:02:07,50.20,1,195,50.30_50.40_50.50_50.60_50.70_,11_7_64_28_115_,50.20_50.10_50.00_49.95_49.90_,21_52_158_12_59_
09:02:12,50.30,1,196,50.30_50.40_50.50_50.60_50.70_,10_6_64_28_116_,50.20_50.10_50.00_49.95_49.90_,22_53_158_12_59_
09:02:17,50.30,10,206,50.40_50.50_50.60_50.70_50.80_,6_64_28_116_13_,50.20_50.10_50.00_49.95_49.90_,24_53_158_12_59_
09:02:22,50.20,7,213,50.40_50.50_50.60_50.70_50.80_,4_16_58_114_35_,50.20_50.10_50.00_49.95_49.90_,17_53_173_1_59_
09:02:27,50.20,1,214,50.40_50.50_50.60_50.70_50.80_,5_8_75_113_35_,50.20_50.10_50.00_49.95_49.90_,17_53_174_1_58_
09:02:32,50.20,1,214,50.40_50.50_50.60_50.70_50.80_,5_8_75_21_127_,50.20_50.10_50.00_49.95_49.90_,17_53_174_1_58_
09:02:38,50.20,1,214,50.30_50.40_50.50_50.60_50.70_,5_5_8_75_21_,50.20_50.10_50.00_49.95_49.90_,17_53_174_2_58_
09:02:43,50.20,1,214,50.30_50.40_50.50_50.60_50.70_,5_5_58_45_115_,50.20_50.10_50.00_49.95_49.90_,20_51_163_13_59_
09:02:48,50.30,2,216,50.30_50.40_50.50_50.60_50.70_,9_5_64_35_115_,50.20_50.10_50.00_49.95_49.90_,31_51_165_13_59_
09:02:53,50.30,2,216,50.30_50.40_50.50_50.60_50.70_,9_5_64_35_115_,50.20_50.10_50.00_49.95_49.90_,42_56_166_13_59_
09:02:58,50.30,2,216,50.30_50.40_50.50_50.60_50.70_,10_4_64_35_115_,50.20_50.10_50.00_49.95_49.90_,43_57_165_13_59_
09:03:03,50.30,13,229,50.40_50.50_50.60_50.70_50.80_,5_64_29_115_13_,50.30_50.20_50.10_50.00_49.95_,7_43_58_166_13_
09:03:08,50.30,2,231,50.40_50.50_50.60_50.70_50.80_,6_11_60_29_127_,50.30_50.20_50.10_50.00_49.95_,5_42_95_140_53_
09:03:13,50.30,2,233,50.40_50.50_50.60_50.70_50.80_,7_5_65_29_127_,50.30_50.20_50.10_50.00_49.95_,5_42_99_140_53_
09:03:19,50.30,2,233,50.40_50.50_50.60_50.70_50.80_,7_5_65_29_127_,50.30_50.20_50.10_50.00_49.95_,10_42_105_137_53_
09:03:24,50.30,2,233,50.40_50.50_50.60_50.70_50.80_,8_5_65_29_127_,50.30_50.20_50.10_50.00_49.95_,21_47_105_138_53_
09:03:34,50.30,2,233,50.40_50.50_50.60_50.70_50.80_,9_5_65_29_127_,50.30_50.20_50.10_50.00_49.95_,24_47_105_139_53_
09:03:39,50.30,2,233,50.40_50.50_50.60_50.70_50.80_,9_5_65_30_127_,50.30_50.20_50.10_50.00_49.95_,24_47_105_141_53_
09:03:44,50.40,1,234,50.40_50.50_50.60_50.70_50.80_,8_5_65_31_127_,50.30_50.20_50.10_50.00_49.95_,23_49_105_139_53_
09:03:49,50.30,1,235,50.40_50.50_50.60_50.70_50.80_,7_5_65_31_127_,50.30_50.20_50.10_50.00_49.95_,22_52_105_139_53_
09:03:55,50.30,5,240,50.40_50.50_50.60_50.70_50.80_,7_5_65_32_127_,50.30_50.20_50.10_50.00_49.95_,17_52_105_140_53_
09:04:00,50.30,4,244,50.40_50.50_50.60_50.70_50.80_,7_5_65_32_127_,50.30_50.20_50.10_50.00_49.95_,13_47_105_140_53_
09:04:05,50.30,5,249,50.40_50.50_50.60_50.70_50.80_,7_8_65_32_127_,50.30_50.20_50.10_50.00_49.95_,21_41_104_140_53_
09:04:10,50.30,1,250,50.40_50.50_50.60_50.70_50.80_,7_8_65_32_127_,50.30_50.20_50.10_50.00_49.95_,21_49_104_140_53_
09:04:15,50.30,15,265,50.40_50.50_50.60_50.70_50.80_,7_8_65_32_127_,50.30_50.20_50.10_50.00_49.95_,8_49_104_140_53_
09:04:20,50.20,9,274,50.30_50.40_50.50_50.60_50.70_,1_8_8_66_32_,50.20_50.10_50.00_49.95_49.90_,45_104_140_53_7_
09:04:25,50.30,3,277,50.30_50.40_50.50_50.60_50.70_,3_5_57_45_118_,50.20_50.10_50.00_49.95_49.90_,50_67_166_14_58_
09:04:31,50.30,1,278,50.30_50.40_50.50_50.60_50.70_,4_4_67_40_118_,50.20_50.10_50.00_49.95_49.90_,50_67_216_13_59_
09:04:36,50.20,1,279,50.30_50.40_50.50_50.60_50.70_,4_4_64_39_118_,50.20_50.10_50.00_49.95_49.90_,51_67_216_13_59_
09:04:41,50.20,1,280,50.30_50.40_50.50_50.60_50.70_,3_4_64_39_118_,50.20_50.10_50.00_49.95_49.90_,50_67_216_13_59_
09:04:46,50.30,3,283,50.30_50.40_50.50_50.60_50.70_,2_4_64_40_118_,50.20_50.10_50.00_49.95_49.90_,50_67_216_13_59_
09:04:51,50.30,3,283,50.30_50.40_50.50_50.60_50.70_,5_4_63_34_118_,50.20_50.10_50.00_49.95_49.90_,50_72_216_13_59_
09:04:56,50.30,3,283,50.30_50.40_50.50_50.60_50.70_,10_5_63_34_118_,50.20_50.10_50.00_49.95_49.90_,55_72_216_13_59_
09:05:01,50.30,3,283,50.30_50.40_50.50_50.60_50.70_,12_5_64_34_117_,50.20_50.10_50.00_49.95_49.90_,55_72_216_13_59_
09:05:07,50.30,3,283,50.30_50.40_50.50_50.60_50.70_,12_5_68_30_117_,50.20_50.10_50.00_49.95_49.90_,55_73_216_13_59_
09:05:12,50.30,10,293,50.30_50.40_50.50_50.60_50.70_,2_5_68_30_117_,50.20_50.10_50.00_49.95_49.90_,55_73_216_13_59_
09:05:17,50.20,2,295,50.30_50.40_50.50_50.60_50.70_,5_7_69_30_117_,50.20_50.10_50.00_49.95_49.90_,53_74_216_13_59_
09:05:22,50.20,2,295,50.30_50.40_50.50_50.60_50.70_,5_7_69_30_118_,50.20_50.10_50.00_49.95_49.90_,53_74_222_13_59_
09:05:27,50.20,5,300,50.30_50.40_50.50_50.60_50.70_,5_7_69_30_118_,50.20_50.10_50.00_49.95_49.90_,48_78_222_13_59_
09:05:32,50.20,5,305,50.30_50.40_50.50_50.60_50.70_,6_7_69_30_118_,50.20_50.10_50.00_49.95_49.90_,46_78_222_13_59_
09:05:37,50.20,2,307,50.30_50.40_50.50_50.60_50.70_,5_8_69_30_118_,50.20_50.10_50.00_49.95_49.90_,44_78_223_13_59_
09:05:43,50.20,1,308,50.30_50.40_50.50_50.60_50.70_,4_9_69_30_118_,50.20_50.10_50.00_49.95_49.90_,43_80_223_14_58_
09:05:48,50.20,1,308,50.30_50.40_50.50_50.60_50.70_,4_9_69_30_118_,50.20_50.10_50.00_49.95_49.90_,53_82_223_14_58_
09:05:53,50.20,1,308,50.30_50.40_50.50_50.60_50.70_,4_9_69_30_118_,50.20_50.10_50.00_49.95_49.90_,58_87_225_14_58_
09:05:58,50.20,1,308,50.30_50.40_50.50_50.60_50.70_,9_9_69_30_118_,50.20_50.10_50.00_49.95_49.90_,59_96_224_14_58_
09:06:03,50.20,1,308,50.30_50.40_50.50_50.60_50.70_,11_9_67_30_118_,50.20_50.10_50.00_49.95_49.90_,59_96_223_14_58_
09:06:13,50.20,1,308,50.30_50.40_50.50_50.60_50.70_,11_9_67_30_118_,50.20_50.10_50.00_49.95_49.90_,62_96_225_14_58_
09:06:18,50.30,1,309,50.30_50.40_50.50_50.60_50.70_,10_9_67_30_118_,50.20_50.10_50.00_49.95_49.90_,62_96_224_14_58_
09:06:23,50.30,2,311,50.30_50.40_50.50_50.60_50.70_,8_11_67_30_118_,50.20_50.10_50.00_49.95_49.90_,61_96_224_14_88_
09:06:29,50.30,2,311,50.30_50.40_50.50_50.60_50.70_,9_11_67_30_118_,50.20_50.10_50.00_49.95_49.90_,61_96_229_14_88_
09:06:34,50.30,2,311,50.30_50.40_50.50_50.60_50.70_,9_11_67_30_118_,50.20_50.10_50.00_49.95_49.90_,61_96_229_14_89_
09:06:44,50.30,2,313,50.30_50.40_50.50_50.60_50.70_,7_11_67_30_118_,50.20_50.10_50.00_49.95_49.90_,61_96_229_14_89_
09:06:49,50.30,10,323,50.40_50.50_50.60_50.70_50.80_,10_67_30_118_11_,50.30_50.20_50.10_50.00_49.95_,1_61_96_229_14_
09:06:54,50.30,2,325,50.40_50.50_50.60_50.70_50.80_,11_39_52_32_125_,50.30_50.20_50.10_50.00_49.95_,7_61_133_200_53_
09:06:59,50.30,2,325,50.40_50.50_50.60_50.70_50.80_,12_31_66_32_126_,50.30_50.20_50.10_50.00_49.95_,7_61_135_200_53_
09:07:04,50.30,2,325,50.40_50.50_50.60_50.70_50.80_,12_13_64_32_126_,50.30_50.20_50.10_50.00_49.95_,8_61_135_200_53_
09:07:10,50.30,2,325,50.40_50.50_50.60_50.70_50.80_,12_11_65_32_125_,50.30_50.20_50.10_50.00_49.95_,13_61_135_201_53_
09:07:15,50.30,2,325,50.40_50.50_50.60_50.70_50.80_,18_13_65_32_125_,50.30_50.20_50.10_50.00_49.95_,13_61_135_201_53_
09:07:30,50.30,2,325,50.40_50.50_50.60_50.70_50.80_,19_13_65_32_125_,50.30_50.20_50.10_50.00_49.95_,14_63_135_201_53_
09:07:35,50.40,1,326,50.40_50.50_50.60_50.70_50.80_,19_13_65_32_125_,50.30_50.20_50.10_50.00_49.95_,14_63_135_201_53_
09:07:45,50.40,1,326,50.40_50.50_50.60_50.70_50.80_,19_13_65_32_125_,50.30_50.20_50.10_50.00_49.95_,15_63_135_201_53_
09:07:51,50.40,1,327,50.40_50.50_50.60_50.70_50.80_,18_13_65_32_125_,50.30_50.20_50.10_50.00_49.95_,15_64_135_201_53_
09:07:56,50.40,1,327,50.40_50.50_50.60_50.70_50.80_,24_13_65_32_125_,50.30_50.20_50.10_50.00_49.95_,20_64_135_201_53_
09:08:01,50.40,1,327,50.40_50.50_50.60_50.70_50.80_,30_14_64_32_125_,50.30_50.20_50.10_50.00_49.95_,31_64_135_202_53_
09:08:16,50.40,1,327,50.40_50.50_50.60_50.70_50.80_,30_14_64_32_125_,50.30_50.20_50.10_50.00_49.95_,34_64_135_202_53_
09:08:21,50.40,1,327,50.40_50.50_50.60_50.70_50.80_,30_14_64_32_125_,50.30_50.20_50.10_50.00_49.95_,35_64_98_239_53_
09:08:32,50.40,1,327,50.40_50.50_50.60_50.70_50.80_,33_13_64_32_125_,50.30_50.20_50.10_50.00_49.95_,35_64_98_239_53_
09:08:42,50.40,1,327,50.40_50.50_50.60_50.70_50.80_,31_13_64_32_125_,50.30_50.20_50.10_50.00_49.95_,35_64_98_239_53_
09:08:47,50.40,1,327,50.40_50.50_50.60_50.70_50.80_,31_13_64_32_125_,50.30_50.20_50.10_50.00_49.95_,35_64_136_202_53_
09:08:52,50.40,1,327,50.40_50.50_50.60_50.70_50.80_,31_13_65_32_125_,50.30_50.20_50.10_50.00_49.95_,35_64_136_204_53_
09:09:03,50.40,1,327,50.40_50.50_50.60_50.70_50.80_,31_13_65_32_125_,50.30_50.20_50.10_50.00_49.95_,40_64_131_206_53_
09:09:08,50.30,5,332,50.40_50.50_50.60_50.70_50.80_,31_13_65_33_125_,50.30_50.20_50.10_50.00_49.95_,35_64_131_206_53_
09:09:13,50.30,2,334,50.40_50.50_50.60_50.70_50.80_,31_13_65_33_125_,50.30_50.20_50.10_50.00_49.95_,46_64_131_206_53_
09:09:18,50.30,2,334,50.40_50.50_50.60_50.70_50.80_,31_13_65_33_125_,50.30_50.20_50.10_50.00_49.95_,45_64_131_206_53_
09:09:23,50.30,2,336,50.40_50.50_50.60_50.70_50.80_,36_13_65_34_125_,50.30_50.20_50.10_50.00_49.95_,45_64_131_206_53_
09:09:28,50.30,2,336,50.40_50.50_50.60_50.70_50.80_,35_13_65_34_125_,50.30_50.20_50.10_50.00_49.95_,45_64_131_206_53_
09:09:33,50.30,2,336,50.40_50.50_50.60_50.70_50.80_,36_13_65_34_125_,50.30_50.20_50.10_50.00_49.95_,45_64_131_206_53_
09:09:44,50.30,2,336,50.40_50.50_50.60_50.70_50.80_,36_13_65_34_125_,50.30_50.20_50.10_50.00_49.95_,51_64_131_206_53_
09:09:49,50.40,1,337,50.40_50.50_50.60_50.70_50.80_,35_13_65_34_125_,50.30_50.20_50.10_50.00_49.95_,52_64_131_206_53_
09:09:54,50.30,5,342,50.40_50.50_50.60_50.70_50.80_,36_13_65_34_126_,50.30_50.20_50.10_50.00_49.95_,47_64_131_206_53_
09:09:59,50.40,20,362,50.40_50.50_50.60_50.70_50.80_,17_13_65_34_126_,50.30_50.20_50.10_50.00_49.95_,47_65_131_206_53_
09:10:04,50.40,7,369,50.40_50.50_50.60_50.70_50.80_,18_8_65_34_127_,50.30_50.20_50.10_50.00_49.95_,51_85_128_206_53_
09:10:09,50.40,1,370,50.40_50.50_50.60_50.70_50.80_,25_9_65_34_127_,50.30_50.20_50.10_50.00_49.95_,48_85_148_206_53_
09:10:14,50.40,1,370,50.40_50.50_50.60_50.70_50.80_,25_12_65_34_127_,50.30_50.20_50.10_50.00_49.95_,47_95_148_206_53_
09:10:20,50.30,2,372,50.40_50.50_50.60_50.70_50.80_,24_12_65_34_127_,50.30_50.20_50.10_50.00_49.95_,45_95_148_206_53_
09:10:25,50.40,10,382,50.40_50.50_50.60_50.70_50.80_,14_12_65_34_127_,50.30_50.20_50.10_50.00_49.95_,46_95_148_207_53_
09:10:30,50.40,2,384,50.40_50.50_50.60_50.70_50.80_,14_12_65_34_126_,50.30_50.20_50.10_50.00_49.95_,49_95_148_207_53_
09:10:35,50.40,1,385,50.40_50.50_50.60_50.70_50.80_,19_12_65_34_126_,50.30_50.20_50.10_50.00_49.95_,47_95_148_207_53_
09:10:40,50.40,1,386,50.40_50.50_50.60_50.70_50.80_,18_12_65_34_126_,50.30_50.20_50.10_50.00_49.95_,47_95_148_207_53_
09:10:45,50.40,1,386,50.40_50.50_50.60_50.70_50.80_,19_12_65_34_126_,50.30_50.20_50.10_50.00_49.95_,48_95_148_207_53_
09:10:50,50.40,1,386,50.40_50.50_50.60_50.70_50.80_,20_12_65_34_126_,50.30_50.20_50.10_50.00_49.95_,48_95_148_207_53_
09:10:55,50.40,1,386,50.40_50.50_50.60_50.70_50.80_,20_12_65_34_126_,50.30_50.20_50.10_50.00_49.95_,48_85_148_207_53_
09:11:00,50.30,1,387,50.40_50.50_50.60_50.70_50.80_,23_9_60_34_126_,50.30_50.20_50.10_50.00_49.95_,47_85_142_207_53_
09:11:06,50.30,1,387,50.40_50.50_50.60_50.70_50.80_,29_9_60_39_126_,50.30_50.20_50.10_50.00_49.95_,48_85_142_208_53_
09:11:11,50.30,1,387,50.40_50.50_50.60_50.70_50.80_,29_9_60_39_131_,50.30_50.20_50.10_50.00_49.95_,49_85_147_213_58_
09:11:16,50.30,1,388,50.40_50.50_50.60_50.70_50.80_,29_9_65_39_131_,50.30_50.20_50.10_50.00_49.95_,48_85_158_213_58_
09:11:21,50.40,1,389,50.40_50.50_50.60_50.70_50.80_,29_9_65_39_131_,50.30_50.20_50.10_50.00_49.95_,36_85_158_213_58_
09:11:26,50.40,1,389,50.40_50.50_50.60_50.70_50.80_,29_9_65_39_132_,50.30_50.20_50.10_50.00_49.95_,39_85_158_213_58_
09:11:31,50.30,1,390,50.40_50.50_50.60_50.70_50.80_,30_9_65_39_132_,50.30_50.20_50.10_50.00_49.95_,51_90_158_213_53_
09:11:36,50.30,1,391,50.40_50.50_50.60_50.70_50.80_,34_9_65_39_132_,50.30_50.20_50.10_50.00_49.95_,50_90_158_213_53_
09:11:42,50.30,1,391,50.40_50.50_50.60_50.70_50.80_,34_9_65_39_132_,50.30_50.20_50.10_50.00_49.95_,51_90_158_213_53_
09:12:02,50.40,1,392,50.40_50.50_50.60_50.70_50.80_,34_9_65_38_132_,50.30_50.20_50.10_50.00_49.95_,50_90_158_213_53_
09:12:07,50.30,7,399,50.40_50.50_50.60_50.70_50.80_,34_13_65_38_132_,50.30_50.20_50.10_50.00_49.95_,42_90_158_213_53_
09:12:12,50.30,7,399,50.40_50.50_50.60_50.70_50.80_,34_13_65_38_132_,50.30_50.20_50.10_50.00_49.95_,46_90_158_213_53_
09:12:17,50.30,7,399,50.40_50.50_50.60_50.70_50.80_,34_13_65_38_132_,50.30_50.20_50.10_50.00_49.95_,43_90_158_213_53_
09:12:33,50.30,1,400,50.40_50.50_50.60_50.70_50.80_,37_13_65_38_132_,50.30_50.20_50.10_50.00_49.95_,43_90_158_213_53_
09:12:38,50.30,1,400,50.40_50.50_50.60_50.70_50.80_,37_13_65_38_132_,50.30_50.20_50.10_50.00_49.95_,52_90_158_213_53_
09:12:43,50.30,1,400,50.40_50.50_50.60_50.70_50.80_,37_13_65_38_132_,50.30_50.20_50.10_50.00_49.95_,53_90_158_213_53_
09:12:48,50.30,1,401,50.40_50.50_50.60_50.70_50.80_,37_13_65_38_132_,50.30_50.20_50.10_50.00_49.95_,56_90_158_213_53_
09:12:53,50.30,1,401,50.40_50.50_50.60_50.70_50.80_,37_13_65_38_132_,50.30_50.20_50.10_50.00_49.95_,56_90_158_214_53_
09:12:59,50.30,23,424,50.40_50.50_50.60_50.70_50.80_,28_13_65_38_132_,50.30_50.20_50.10_50.00_49.95_,35_90_158_214_53_
09:13:04,50.30,28,452,50.40_50.50_50.60_50.70_50.80_,28_13_65_38_132_,50.30_50.20_50.10_50.00_49.95_,9_93_158_214_53_
09:13:09,50.20,7,459,50.30_50.40_50.50_50.60_50.70_,4_24_13_65_38_,50.20_50.10_50.00_49.95_49.90_,100_158_214_53_38_
09:13:14,50.20,1,460,50.30_50.40_50.50_50.60_50.70_,11_19_62_48_124_,50.20_50.10_50.00_49.95_49.90_,93_121_246_19_89_
09:13:19,50.20,1,460,50.30_50.40_50.50_50.60_50.70_,12_17_73_36_125_,50.20_50.10_50.00_49.95_49.90_,96_121_246_18_90_
09:13:24,50.20,2,462,50.30_50.40_50.50_50.60_50.70_,12_17_73_36_125_,50.20_50.10_50.00_49.95_49.90_,93_121_246_18_90_
09:13:29,50.20,3,465,50.30_50.40_50.50_50.60_50.70_,13_14_73_36_125_,50.20_50.10_50.00_49.95_49.90_,96_121_246_18_90_
09:13:35,50.20,3,465,50.30_50.40_50.50_50.60_50.70_,14_16_73_36_125_,50.20_50.10_50.00_49.95_49.90_,97_121_246_18_90_
09:13:40,50.30,1,466,50.30_50.40_50.50_50.60_50.70_,13_16_73_36_125_,50.20_50.10_50.00_49.95_49.90_,99_121_246_18_89_
09:13:45,50.30,1,466,50.30_50.40_50.50_50.60_50.70_,13_16_73_36_125_,50.20_50.10_50.00_49.95_49.90_,100_121_246_18_89_
09:13:50,50.20,1,467,50.30_50.40_50.50_50.60_50.70_,18_16_73_36_125_,50.20_50.10_50.00_49.95_49.90_,98_121_246_18_89_
09:13:55,50.20,1,467,50.30_50.40_50.50_50.60_50.70_,19_15_73_36_125_,50.20_50.10_50.00_49.95_49.90_,98_116_246_18_89_
09:14:00,50.30,10,477,50.30_50.40_50.50_50.60_50.70_,14_15_69_36_125_,50.20_50.10_50.00_49.95_49.90_,98_100_257_18_89_
09:14:05,50.30,5,482,50.30_50.40_50.50_50.60_50.70_,17_15_69_36_125_,50.20_50.10_50.00_49.95_49.90_,103_100_258_18_89_
09:14:10,50.30,2,484,50.30_50.40_50.50_50.60_50.70_,16_16_69_36_125_,50.20_50.10_50.00_49.95_49.90_,121_100_258_19_88_
09:14:26,50.30,10,494,50.30_50.40_50.50_50.60_50.70_,10_16_69_36_125_,50.20_50.10_50.00_49.95_49.90_,120_100_258_19_88_
09:14:31,50.20,8,502,50.30_50.40_50.50_50.60_50.70_,20_17_69_36_125_,50.20_50.10_50.00_49.95_49.90_,119_95_260_19_88_
09:14:36,50.30,2,504,50.30_50.40_50.50_50.60_50.70_,13_15_71_37_125_,50.20_50.10_50.00_49.95_49.90_,119_95_260_19_88_
09:14:41,50.20,10,514,50.30_50.40_50.50_50.60_50.70_,16_17_69_35_125_,50.20_50.10_50.00_49.95_49.90_,114_95_260_19_89_
09:14:46,50.30,4,518,50.30_50.40_50.50_50.60_50.70_,11_17_69_35_125_,50.20_50.10_50.00_49.95_49.90_,117_95_261_19_89_
09:14:51,50.30,1,519,50.30_50.40_50.50_50.60_50.70_,16_17_69_35_125_,50.20_50.10_50.00_49.95_49.90_,117_95_261_19_89_
09:14:57,50.30,1,519,50.30_50.40_50.50_50.60_50.70_,16_17_69_35_126_,50.20_50.10_50.00_49.95_49.90_,117_96_261_19_89_
09:15:02,50.30,1,520,50.30_50.40_50.50_50.60_50.70_,25_16_69_35_126_,50.20_50.10_50.00_49.95_49.90_,115_97_261_19_89_
09:15:07,50.30,2,522,50.30_50.40_50.50_50.60_50.70_,23_16_69_35_126_,50.20_50.10_50.00_49.95_49.90_,115_97_261_19_89_
09:15:12,50.30,2,522,50.30_50.40_50.50_50.60_50.70_,23_16_69_35_126_,50.20_50.10_50.00_49.95_49.90_,116_97_261_19_89_
09:15:17,50.30,1,523,50.30_50.40_50.50_50.60_50.70_,22_16_69_35_127_,50.20_50.10_50.00_49.95_49.90_,117_97_260_19_89_
09:15:22,50.30,1,524,50.30_50.40_50.50_50.60_50.70_,21_16_69_35_127_,50.20_50.10_50.00_49.95_49.90_,118_97_260_19_89_
09:15:27,50.30,11,535,50.30_50.40_50.50_50.60_50.70_,12_16_69_35_127_,50.20_50.10_50.00_49.95_49.90_,119_97_260_19_89_
09:15:32,50.20,9,544,50.30_50.40_50.50_50.60_50.70_,12_14_71_35_127_,50.20_50.10_50.00_49.95_49.90_,114_97_261_20_89_
09:15:38,50.30,2,546,50.30_50.40_50.50_50.60_50.70_,13_14_71_68_127_,50.20_50.10_50.00_49.95_49.90_,114_97_261_20_89_
09:15:43,50.30,2,546,50.30_50.40_50.50_50.60_50.70_,13_14_71_69_126_,50.20_50.10_50.00_49.95_49.90_,114_97_261_20_89_
09:15:48,50.30,2,546,50.30_50.40_50.50_50.60_50.70_,11_14_71_69_126_,50.20_50.10_50.00_49.95_49.90_,114_97_261_20_89_
09:15:53,50.30,2,546,50.30_50.40_50.50_50.60_50.70_,11_14_71_69_126_,50.20_50.10_50.00_49.95_49.90_,113_97_261_20_89_
09:15:58,50.30,2,546,50.30_50.40_50.50_50.60_50.70_,17_14_71_69_126_,50.20_50.10_50.00_49.95_49.90_,113_97_261_20_89_
09:16:03,50.30,2,546,50.30_50.40_50.50_50.60_50.70_,24_14_68_57_126_,50.20_50.10_50.00_49.95_49.90_,113_98_261_20_89_
09:16:13,50.20,1,547,50.30_50.40_50.50_50.60_50.70_,24_14_68_57_126_,50.20_50.10_50.00_49.95_49.90_,112_98_261_20_89_
09:16:19,50.30,21,568,50.30_50.40_50.50_50.60_50.70_,3_17_68_57_126_,50.20_50.10_50.00_49.95_49.90_,111_98_261_20_89_
09:16:24,50.40,6,574,50.40_50.50_50.60_50.70_50.80_,15_69_57_125_9_,50.20_50.10_50.00_49.95_49.90_,113_104_261_20_89_
09:16:29,50.40,6,574,50.40_50.50_50.60_50.70_50.80_,15_19_91_123_31_,50.20_50.10_50.00_49.95_49.90_,113_98_272_9_90_
09:16:34,50.40,6,574,50.40_50.50_50.60_50.70_50.80_,15_12_92_123_31_,50.20_50.10_50.00_49.95_49.90_,113_98_273_9_90_
09:16:44,50.40,6,574,50.40_50.50_50.60_50.70_50.80_,15_12_92_123_31_,50.20_50.10_50.00_49.95_49.90_,114_98_273_9_90_
09:16:49,50.40,6,574,50.40_50.50_50.60_50.70_50.80_,18_12_92_123_31_,50.20_50.10_50.00_49.95_49.90_,113_98_273_9_90_
09:16:54,50.40,6,574,50.40_50.50_50.60_50.70_50.80_,17_12_92_123_31_,50.30_50.20_50.10_50.00_49.95_,1_113_98_273_9_
09:17:00,50.40,6,574,50.40_50.50_50.60_50.70_50.80_,17_12_84_39_123_,50.20_50.10_50.00_49.95_49.90_,113_135_228_59_39_
09:17:05,50.40,6,574,50.40_50.50_50.60_50.70_50.80_,20_12_71_123_31_,50.30_50.20_50.10_50.00_49.95_,5_108_98_271_9_
09:17:10,50.40,6,574,50.40_50.50_50.60_50.70_50.80_,20_12_63_39_123_,50.30_50.20_50.10_50.00_49.95_,6_108_135_228_59_
09:17:15,50.40,6,574,50.40_50.50_50.60_50.70_50.80_,20_16_63_39_123_,50.30_50.20_50.10_50.00_49.95_,13_112_135_228_54_
09:17:20,50.40,6,574,50.40_50.50_50.60_50.70_50.80_,20_16_63_39_123_,50.30_50.20_50.10_50.00_49.95_,15_114_135_228_54_
09:17:25,50.40,6,574,50.40_50.50_50.60_50.70_50.80_,21_17_63_39_123_,50.30_50.20_50.10_50.00_49.95_,15_115_135_228_54_
09:17:30,50.40,6,574,50.40_50.50_50.60_50.70_50.80_,24_17_63_39_123_,50.30_50.20_50.10_50.00_49.95_,15_115_135_228_54_
09:17:35,50.40,1,575,50.40_50.50_50.60_50.70_50.80_,23_17_63_39_123_,50.30_50.20_50.10_50.00_49.95_,15_115_135_228_54_
09:17:41,50.40,1,575,50.40_50.50_50.60_50.70_50.80_,23_17_63_39_123_,50.30_50.20_50.10_50.00_49.95_,15_116_135_228_54_
09:17:46,50.40,1,575,50.40_50.50_50.60_50.70_50.80_,23_17_63_39_123_,50.30_50.20_50.10_50.00_49.95_,15_116_135_228_53_
09:17:51,50.40,1,575,50.40_50.50_50.60_50.70_50.80_,23_17_63_39_123_,50.30_50.20_50.10_50.00_49.95_,20_116_135_228_53_
09:17:56,50.40,1,575,50.40_50.50_50.60_50.70_50.80_,24_17_63_39_123_,50.30_50.20_50.10_50.00_49.95_,21_115_135_228_55_
09:18:01,50.40,1,575,50.40_50.50_50.60_50.70_50.80_,25_17_63_39_123_,50.30_50.20_50.10_50.00_49.95_,21_115_135_228_55_
09:18:11,50.40,1,575,50.40_50.50_50.60_50.70_50.80_,29_17_63_39_123_,50.30_50.20_50.10_50.00_49.95_,24_115_135_228_55_
09:18:16,50.40,1,575,50.40_50.50_50.60_50.70_50.80_,29_18_63_39_123_,50.30_50.20_50.10_50.00_49.95_,25_114_135_228_55_
09:18:22,50.40,1,575,50.40_50.50_50.60_50.70_50.80_,30_18_63_39_138_,50.30_50.20_50.10_50.00_49.95_,25_114_135_228_55_
09:18:27,50.40,1,575,50.40_50.50_50.60_50.70_50.80_,30_18_63_39_138_,50.30_50.20_50.10_50.00_49.95_,35_114_135_228_55_
09:18:32,50.40,1,575,50.40_50.50_50.60_50.70_50.80_,31_18_63_39_138_,50.30_50.20_50.10_50.00_49.95_,38_111_135_228_55_
09:18:37,50.40,1,575,50.40_50.50_50.60_50.70_50.80_,33_18_63_39_138_,50.30_50.20_50.10_50.00_49.95_,39_112_135_228_55_
09:18:42,50.40,1,575,50.40_50.50_50.60_50.70_50.80_,39_18_63_39_138_,50.30_50.20_50.10_50.00_49.95_,39_112_135_228_55_
09:18:47,50.40,1,575,50.40_50.50_50.60_50.70_50.80_,38_18_63_39_138_,50.30_50.20_50.10_50.00_49.95_,39_112_135_228_55_
09:18:52,50.40,1,575,50.40_50.50_50.60_50.70_50.80_,38_18_63_39_138_,50.30_50.20_50.10_50.00_49.95_,49_112_135_228_55_
09:18:58,50.40,1,575,50.40_50.50_50.60_50.70_50.80_,38_18_63_39_138_,50.30_50.20_50.10_50.00_49.95_,51_110_135_228_55_
09:19:03,50.40,1,576,50.40_50.50_50.60_50.70_50.80_,37_18_63_39_138_,50.30_50.20_50.10_50.00_49.95_,50_110_135_228_55_
09:19:08,50.40,1,576,50.40_50.50_50.60_50.70_50.80_,37_18_63_39_138_,50.30_50.20_50.10_50.00_49.95_,51_110_135_228_55_
09:19:28,50.40,1,576,50.40_50.50_50.60_50.70_50.80_,37_18_63_39_138_,50.30_50.20_50.10_50.00_49.95_,52_110_135_228_55_
09:19:34,50.40,1,576,50.40_50.50_50.60_50.70_50.80_,39_18_63_39_138_,50.30_50.20_50.10_50.00_49.95_,53_110_135_228_55_
09:19:39,50.40,1,576,50.40_50.50_50.60_50.70_50.80_,48_23_79_39_138_,50.30_50.20_50.10_50.00_49.95_,53_110_135_228_55_
09:19:44,50.40,1,576,50.40_50.50_50.60_50.70_50.80_,48_23_79_39_138_,50.30_50.20_50.10_50.00_49.95_,53_109_135_228_55_
09:19:54,50.40,1,576,50.40_50.50_50.60_50.70_50.80_,50_23_79_39_138_,50.30_50.20_50.10_50.00_49.95_,53_109_135_228_55_
09:19:59,50.40,2,578,50.40_50.50_50.60_50.70_50.80_,48_23_79_39_139_,50.30_50.20_50.10_50.00_49.95_,54_109_135_228_55_
09:20:04,50.40,2,578,50.40_50.50_50.60_50.70_50.80_,52_19_79_39_139_,50.30_50.20_50.10_50.00_49.95_,54_110_135_228_55_
09:20:15,50.40,2,578,50.40_50.50_50.60_50.70_50.80_,55_19_79_39_139_,50.30_50.20_50.10_50.00_49.95_,54_110_135_228_55_
09:20:20,50.40,2,578,50.40_50.50_50.60_50.70_50.80_,57_18_78_39_139_,50.30_50.20_50.10_50.00_49.95_,54_110_135_228_55_
09:20:25,50.40,1,579,50.40_50.50_50.60_50.70_50.80_,63_18_78_39_139_,50.30_50.20_50.10_50.00_49.95_,53_110_135_228_55_
09:20:30,50.40,1,579,50.40_50.50_50.60_50.70_50.80_,67_17_79_39_139_,50.30_50.20_50.10_50.00_49.95_,53_110_135_228_55_
09:20:35,50.40,1,579,50.40_50.50_50.60_50.70_50.80_,67_17_79_39_139_,50.30_50.20_50.10_50.00_49.95_,52_110_135_228_55_
09:20:40,50.40,1,579,50.40_50.50_50.60_50.70_50.80_,73_17_79_40_138_,50.30_50.20_50.10_50.00_49.95_,52_111_135_228_55_
09:20:45,50.40,1,579,50.40_50.50_50.60_50.70_50.80_,75_17_79_40_138_,50.30_50.20_50.10_50.00_49.95_,52_111_135_229_55_
09:20:50,50.30,1,580,50.40_50.50_50.60_50.70_50.80_,74_17_79_40_138_,50.30_50.20_50.10_50.00_49.95_,50_111_135_229_55_
09:20:56,50.30,1,580,50.40_50.50_50.60_50.70_50.80_,74_17_79_40_138_,50.30_50.20_50.10_50.00_49.95_,52_111_135_230_55_
09:21:11,50.30,1,580,50.40_50.50_50.60_50.70_50.80_,74_17_79_40_138_,50.30_50.20_50.10_50.00_49.95_,51_111_135_230_55_
09:21:16,50.30,1,580,50.40_50.50_50.60_50.70_50.80_,74_17_79_40_138_,50.30_50.20_50.10_50.00_49.95_,51_106_135_230_60_
09:21:26,50.30,1,580,50.40_50.50_50.60_50.70_50.80_,75_17_79_40_138_,50.30_50.20_50.10_50.00_49.95_,51_106_135_230_60_
09:21:47,50.30,1,581,50.40_50.50_50.60_50.70_50.80_,74_17_79_40_138_,50.30_50.20_50.10_50.00_49.95_,50_106_135_230_60_
09:21:52,50.30,1,582,50.40_50.50_50.60_50.70_50.80_,73_18_79_40_138_,50.30_50.20_50.10_50.00_49.95_,49_107_135_230_60_
09:21:57,50.30,1,582,50.40_50.50_50.60_50.70_50.80_,74_21_79_40_138_,50.30_50.20_50.10_50.00_49.95_,54_102_135_230_60_
09:22:02,50.30,1,582,50.40_50.50_50.60_50.70_50.80_,74_21_79_40_138_,50.30_50.20_50.10_50.00_49.95_,60_97_135_230_60_
09:22:08,50.30,1,582,50.40_50.50_50.60_50.70_50.80_,74_21_79_40_138_,50.30_50.20_50.10_50.00_49.95_,61_95_135_230_60_
09:22:13,50.30,1,583,50.40_50.50_50.60_50.70_50.80_,75_21_79_40_138_,50.30_50.20_50.10_50.00_49.95_,60_95_135_230_60_
09:22:18,50.30,1,583,50.40_50.50_50.60_50.70_50.80_,75_24_79_40_138_,50.30_50.20_50.10_50.00_49.95_,61_94_135_230_60_
09:22:28,50.30,1,583,50.40_50.50_50.60_50.70_50.80_,76_24_79_40_138_,50.30_50.20_50.10_50.00_49.95_,61_94_135_230_60_
09:22:33,50.30,1,583,50.40_50.50_50.60_50.70_50.80_,76_24_79_40_138_,50.30_50.20_50.10_50.00_49.95_,61_94_136_230_60_
09:22:38,50.30,1,583,50.40_50.50_50.60_50.70_50.80_,76_24_79_40_138_,50.30_50.20_50.10_50.00_49.95_,61_94_136_231_60_
09:22:43,50.30,1,584,50.40_50.50_50.60_50.70_50.80_,79_24_79_40_138_,50.30_50.20_50.10_50.00_49.95_,60_94_136_231_60_
09:22:49,50.30,1,584,50.40_50.50_50.60_50.70_50.80_,81_26_79_40_138_,50.30_50.20_50.10_50.00_49.95_,60_95_136_231_60_
09:22:54,50.30,23,607,50.40_50.50_50.60_50.70_50.80_,84_26_79_40_138_,50.30_50.20_50.10_50.00_49.95_,37_95_136_231_60_
09:22:59,50.30,22,629,50.40_50.50_50.60_50.70_50.80_,86_26_79_40_137_,50.30_50.20_50.10_50.00_49.95_,18_97_136_231_60_
09:23:04,50.30,10,639,50.40_50.50_50.60_50.70_50.80_,85_26_79_39_137_,50.30_50.20_50.10_50.00_49.95_,1_99_136_231_60_
09:23:09,50.30,1,640,50.40_50.50_50.60_50.70_50.80_,85_26_79_39_137_,50.20_50.10_50.00_49.95_49.90_,105_136_231_60_39_
09:23:14,50.30,1,640,50.30_50.40_50.50_50.60_50.70_,4_82_26_92_145_,50.20_50.10_50.00_49.95_49.90_,105_99_275_9_91_
09:23:19,50.30,1,640,50.30_50.40_50.50_50.60_50.70_,17_71_76_46_126_,50.20_50.10_50.00_49.95_49.90_,105_99_265_20_91_
09:23:25,50.30,1,640,50.30_50.40_50.50_50.60_50.70_,20_73_96_41_126_,50.20_50.10_50.00_49.95_49.90_,110_99_265_20_91_
09:23:30,50.30,1,640,50.30_50.40_50.50_50.60_50.70_,30_64_100_38_125_,50.20_50.10_50.00_49.95_49.90_,110_99_265_20_91_
09:23:35,50.30,1,640,50.30_50.40_50.50_50.60_50.70_,32_61_102_38_125_,50.20_50.10_50.00_49.95_49.90_,110_99_265_20_91_
09:23:40,50.30,1,640,50.30_50.40_50.50_50.60_50.70_,36_59_102_35_125_,50.20_50.10_50.00_49.95_49.90_,111_99_265_20_91_
09:23:45,50.20,2,642,50.30_50.40_50.50_50.60_50.70_,39_56_102_35_125_,50.20_50.10_50.00_49.95_49.90_,109_99_265_20_92_
09:23:50,50.20,1,643,50.30_50.40_50.50_50.60_50.70_,41_54_102_35_125_,50.20_50.10_50.00_49.95_49.90_,108_104_263_20_90_
09:23:55,50.20,1,643,50.30_50.40_50.50_50.60_50.70_,47_54_102_35_125_,50.20_50.10_50.00_49.95_49.90_,108_104_263_21_89_
09:24:00,50.20,1,643,50.30_50.40_50.50_50.60_50.70_,65_45_94_38_125_,50.20_50.10_50.00_49.95_49.90_,108_104_263_21_89_
09:24:06,50.20,1,643,50.30_50.40_50.50_50.60_50.70_,71_39_93_38_126_,50.20_50.10_50.00_49.95_49.90_,108_104_263_21_89_
09:24:11,50.20,1,644,50.30_50.40_50.50_50.60_50.70_,70_39_93_38_126_,50.20_50.10_50.00_49.95_49.90_,111_104_263_21_89_
09:24:16,50.20,1,644,50.30_50.40_50.50_50.60_50.70_,71_38_93_38_126_,50.20_50.10_50.00_49.95_49.90_,107_104_263_21_89_
09:24:31,50.30,1,645,50.30_50.40_50.50_50.60_50.70_,76_38_91_38_126_,50.20_50.10_50.00_49.95_49.90_,106_104_263_21_89_
09:24:36,50.30,1,645,50.30_50.40_50.50_50.60_50.70_,80_46_99_38_125_,50.20_50.10_50.00_49.95_49.90_,106_104_263_21_89_
09:24:41,50.20,2,647,50.30_50.40_50.50_50.60_50.70_,92_48_100_38_125_,50.20_50.10_50.00_49.95_49.90_,104_104_263_21_89_
09:24:47,50.20,2,647,50.30_50.40_50.50_50.60_50.70_,95_47_100_38_125_,50.20_50.10_50.00_49.95_49.90_,104_104_263_21_89_
09:24:52,50.20,2,647,50.30_50.40_50.50_50.60_50.70_,95_47_101_38_125_,50.20_50.10_50.00_49.95_49.90_,105_104_263_21_89_
09:25:02,50.20,2,649,50.30_50.40_50.50_50.60_50.70_,97_47_101_38_125_,50.20_50.10_50.00_49.95_49.90_,104_104_263_21_89_
09:25:07,50.20,4,653,50.30_50.40_50.50_50.60_50.70_,96_53_106_38_120_,50.20_50.10_50.00_49.95_49.90_,92_99_256_21_94_
09:25:12,50.20,1,654,50.30_50.40_50.50_50.60_50.70_,96_54_99_38_120_,50.20_50.10_50.00_49.95_49.90_,91_99_256_21_94_
09:25:17,50.20,1,655,50.30_50.40_50.50_50.60_50.70_,96_54_99_38_120_,50.20_50.10_50.00_49.95_49.90_,86_100_256_21_94_
09:25:22,50.20,1,655,50.30_50.40_50.50_50.60_50.70_,100_54_99_38_120_,50.20_50.10_50.00_49.95_49.90_,84_100_256_21_94_
09:25:28,50.20,1,655,50.30_50.40_50.50_50.60_50.70_,100_54_99_38_120_,50.20_50.10_50.00_49.95_49.90_,81_100_256_21_93_
09:25:33,50.20,1,655,50.30_50.40_50.50_50.60_50.70_,101_54_99_38_120_,50.20_50.10_50.00_49.95_49.90_,81_100_257_21_93_
09:25:38,50.20,1,655,50.30_50.40_50.50_50.60_50.70_,102_54_99_38_120_,50.20_50.10_50.00_49.95_49.90_,81_100_257_21_93_
09:25:43,50.20,6,661,50.30_50.40_50.50_50.60_50.70_,102_54_99_38_120_,50.20_50.10_50.00_49.95_49.90_,75_100_257_21_93_
09:25:48,50.20,1,662,50.30_50.40_50.50_50.60_50.70_,103_57_98_38_120_,50.20_50.10_50.00_49.95_49.90_,74_100_257_21_93_
09:25:59,50.20,2,664,50.30_50.40_50.50_50.60_50.70_,104_57_98_38_120_,50.20_50.10_50.00_49.95_49.90_,72_100_257_21_93_
09:26:04,50.20,5,669,50.30_50.40_50.50_50.60_50.70_,109_56_96_38_120_,50.20_50.10_50.00_49.95_49.90_,67_100_257_21_93_
09:26:09,50.20,58,727,50.30_50.40_50.50_50.60_50.70_,109_56_96_38_120_,50.20_50.10_50.00_49.95_49.90_,9_100_257_21_93_
09:26:14,50.10,31,758,50.20_50.30_50.40_50.50_50.60_,3_108_57_95_38_,50.10_50.00_49.95_49.90_49.85_,77_257_21_93_13_
09:26:19,50.10,6,764,50.20_50.30_50.40_50.50_50.60_,23_93_107_36_124_,50.10_50.00_49.95_49.90_49.85_,71_226_6_91_75_
09:26:24,50.10,1,765,50.20_50.30_50.40_50.50_50.60_,41_82_124_36_124_,50.10_50.00_49.95_49.90_49.85_,70_226_5_91_76_
09:26:29,50.10,2,767,50.20_50.30_50.40_50.50_50.60_,50_83_125_42_119_,50.10_50.00_49.95_49.90_49.85_,65_226_5_86_76_
09:26:35,50.10,1,768,50.20_50.30_50.40_50.50_50.60_,53_81_125_42_119_,50.10_50.00_49.95_49.90_49.85_,64_224_5_86_76_
09:26:45,50.10,1,770,50.20_50.30_50.40_50.50_50.60_,56_79_125_42_119_,50.10_50.00_49.95_49.90_49.85_,62_223_4_86_76_
09:26:50,50.10,1,771,50.20_50.30_50.40_50.50_50.60_,56_74_125_42_121_,50.10_50.00_49.95_49.90_49.85_,61_224_4_86_76_
09:26:55,50.10,5,776,50.20_50.30_50.40_50.50_50.60_,61_61_127_42_121_,50.10_50.00_49.95_49.90_49.85_,57_224_4_86_76_
09:27:00,50.10,2,778,50.20_50.30_50.40_50.50_50.60_,74_59_121_42_116_,50.10_50.00_49.95_49.90_49.85_,55_224_4_86_76_
09:27:05,50.10,6,784,50.20_50.30_50.40_50.50_50.60_,84_56_120_42_116_,50.10_50.00_49.95_49.90_49.85_,44_224_4_86_76_
09:27:11,50.10,10,794,50.20_50.30_50.40_50.50_50.60_,90_55_120_42_116_,50.10_50.00_49.95_49.90_49.85_,34_224_4_86_76_
09:27:16,50.10,12,806,50.20_50.30_50.40_50.50_50.60_,92_54_120_42_116_,50.10_50.00_49.95_49.90_49.85_,22_223_4_86_76_
09:27:21,50.10,17,823,50.20_50.30_50.40_50.50_50.60_,92_55_120_42_116_,50.10_50.00_49.95_49.90_49.85_,7_223_4_86_76_
09:27:26,50.10,4,827,50.20_50.30_50.40_50.50_50.60_,93_55_120_42_116_,50.10_50.00_49.95_49.90_49.85_,3_223_4_86_76_
09:27:31,50.10,2,829,50.20_50.30_50.40_50.50_50.60_,93_55_120_42_116_,50.10_50.00_49.95_49.90_49.85_,1_200_4_86_76_
09:27:36,50.10,1,830,50.10_50.20_50.30_50.40_50.50_,2_94_55_120_42_,50.00_49.95_49.90_49.85_49.80_,200_4_86_76_193_
09:27:42,50.10,1,830,50.10_50.20_50.30_50.40_50.50_,24_78_109_76_125_,50.00_49.95_49.90_49.85_49.80_,244_5_47_17_303_
09:27:47,50.10,1,830,50.10_50.20_50.30_50.40_50.50_,31_76_131_52_125_,50.00_49.95_49.90_49.85_49.80_,244_4_43_14_303_
09:27:52,50.00,3,833,50.10_50.20_50.30_50.40_50.50_,40_69_129_52_125_,50.00_49.95_49.90_49.85_49.80_,243_4_43_14_303_
09:27:57,50.00,3,833,50.10_50.20_50.30_50.40_50.50_,42_66_131_52_125_,50.00_49.95_49.90_49.85_49.80_,245_5_43_9_303_
09:28:02,50.00,6,839,50.10_50.20_50.30_50.40_50.50_,53_58_122_52_125_,50.00_49.95_49.90_49.85_49.80_,239_5_43_9_303_
09:28:07,50.00,6,839,50.10_50.20_50.30_50.40_50.50_,56_52_120_52_125_,50.00_49.95_49.90_49.85_49.80_,239_5_43_8_303_
09:28:12,50.00,2,841,50.10_50.20_50.30_50.40_50.50_,55_52_120_52_125_,50.00_49.95_49.90_49.85_49.80_,237_5_42_8_303_
09:28:17,50.00,2,841,50.10_50.20_50.30_50.40_50.50_,55_52_120_52_125_,50.00_49.95_49.90_49.85_49.80_,237_5_42_9_303_
09:28:22,50.00,1,842,50.10_50.20_50.30_50.40_50.50_,61_45_120_52_125_,50.00_49.95_49.90_49.85_49.80_,236_5_42_10_303_
09:28:28,50.00,1,842,50.10_50.20_50.30_50.40_50.50_,62_43_121_52_125_,50.00_49.95_49.90_49.85_49.80_,236_5_42_10_303_
09:28:33,50.00,1,843,50.10_50.20_50.30_50.40_50.50_,64_39_121_52_125_,50.00_49.95_49.90_49.85_49.80_,235_5_42_9_292_
09:28:38,50.00,200,1043,50.10_50.20_50.30_50.40_50.50_,66_37_119_52_125_,50.00_49.95_49.90_49.85_49.80_,35_5_42_10_292_
09:28:43,49.90,83,1126,49.90_50.10_50.20_50.30_50.40_,26_67_42_119_52_,49.85_49.80_49.75_49.70_49.65_,10_287_9_12_8_
09:28:48,49.80,113,1239,49.85_49.90_49.95_50.00_50.10_,9_22_4_21_84_,49.80_49.75_49.70_49.65_49.60_,112_4_7_106_64_
09:28:53,49.80,75,1314,49.80_49.85_49.90_49.95_50.00_,10_14_38_1_21_,49.75_49.70_49.65_49.60_49.55_,4_7_2_157_10_
09:28:58,49.75,46,1360,49.75_49.80_49.85_49.90_50.00_,17_20_14_36_217_,49.70_49.65_49.60_49.55_49.50_,8_2_64_104_21_
09:29:03,49.70,11,1371,49.75_49.80_49.85_49.90_49.95_,26_20_9_27_55_,49.70_49.65_49.60_49.50_49.45_,4_2_64_117_5_
09:29:09,49.70,5,1376,49.70_49.75_49.80_49.85_49.90_,33_37_27_3_20_,49.65_49.60_49.50_49.45_49.40_,4_60_52_70_111_
09:29:14,49.65,8,1384,49.70_49.75_49.80_49.85_49.90_,28_39_26_5_212_,49.60_49.50_49.45_49.40_49.35_,59_15_40_173_5_
09:29:19,49.60,24,1408,49.65_49.70_49.75_49.80_49.85_,11_36_36_22_55_,49.60_49.50_49.40_49.35_49.30_,38_15_153_67_12_
09:29:24,49.60,17,1425,49.65_49.70_49.75_49.80_49.85_,13_38_31_17_197_,49.60_49.50_49.45_49.40_49.35_,27_17_1_154_16_
09:29:29,49.60,9,1434,49.65_49.70_49.75_49.80_49.85_,17_40_30_19_198_,49.60_49.50_49.45_49.40_49.35_,18_18_1_154_67_
09:29:34,49.60,9,1443,49.65_49.70_49.75_49.80_49.85_,18_41_28_14_201_,49.60_49.50_49.45_49.40_49.35_,12_17_1_155_67_
09:29:39,49.60,15,1458,49.65_49.70_49.75_49.80_49.85_,18_42_32_19_201_,49.60_49.50_49.45_49.40_49.35_,6_18_4_154_67_
09:29:44,49.60,5,1463,49.60_49.65_49.70_49.75_49.80_,4_24_76_33_19_,49.50_49.45_49.40_49.35_49.30_,17_5_153_67_12_
09:29:50,49.50,12,1475,49.55_49.60_49.65_49.70_49.75_,1_14_22_83_77_,49.50_49.45_49.40_49.35_49.30_,5_11_115_37_79_
09:29:55,49.45,12,1487,49.50_49.55_49.60_49.65_49.70_,3_13_8_20_69_,49.45_49.40_49.30_49.25_49.20_,7_118_116_6_7_
09:30:00,49.45,8,1495,49.45_49.50_49.55_49.60_49.65_,2_14_16_2_23_,49.40_49.30_49.25_49.20_49.15_,122_7_43_74_5_
09:30:05,49.40,25,1520,49.45_49.50_49.55_49.60_49.65_,38_17_13_7_215_,49.40_49.30_49.25_49.20_49.15_,109_7_1_49_67_
09:30:15,49.45,21,1553,49.45_49.50_49.55_49.60_49.65_,42_22_13_6_245_,49.40_49.30_49.25_49.20_49.15_,108_10_1_42_71_
09:30:20,49.40,115,1668,49.40_49.45_49.50_49.55_49.60_,91_47_20_13_6_,49.30_49.25_49.20_49.15_49.10_,11_3_42_71_164_
09:30:25,49.40,105,1773,49.40_49.45_49.50_49.55_49.60_,47_50_22_65_150_,49.30_49.25_49.20_49.15_49.10_,11_5_11_37_226_
09:30:31,49.30,27,1800,49.35_49.40_49.45_49.50_49.55_,1_32_50_21_74_,49.30_49.25_49.20_49.10_49.05_,4_4_4_270_6_
09:30:36,49.40,10,1810,49.40_49.45_49.50_49.55_49.60_,33_50_16_216_8_,49.30_49.25_49.20_49.10_49.05_,4_4_5_209_68_
09:30:41,49.40,6,1816,49.40_49.45_49.50_49.55_49.60_,29_51_20_97_150_,49.30_49.25_49.20_49.10_49.05_,7_4_16_209_68_
09:30:46,49.35,5,1821,49.40_49.45_49.50_49.55_49.60_,31_49_20_80_150_,49.35_49.30_49.25_49.20_49.10_,1_7_4_16_210_
09:30:51,49.30,10,1831,49.35_49.40_49.45_49.50_49.55_,11_32_49_20_30_,49.30_49.25_49.20_49.15_49.10_,9_4_16_37_241_
09:30:56,49.30,8,1839,49.35_49.40_49.45_49.50_49.55_,16_23_48_16_211_,49.30_49.25_49.20_49.10_49.05_,6_4_17_279_33_
09:31:01,49.30,9,1848,49.35_49.40_49.45_49.50_49.55_,23_22_42_7_235_,49.30_49.25_49.20_49.10_49.05_,9_4_17_212_94_
09:31:07,49.30,9,1857,49.30_49.35_49.40_49.45_49.50_,3_15_22_40_7_,49.25_49.20_49.10_49.05_49.00_,4_17_214_94_44_
09:31:12,49.30,6,1863,49.35_49.40_49.45_49.50_49.55_,17_17_34_197_11_,49.30_49.25_49.20_49.15_49.10_,5_4_18_2_172_
09:31:17,49.30,3,1866,49.35_49.40_49.45_49.50_49.55_,18_19_32_8_202_,49.30_49.25_49.20_49.15_49.10_,8_4_20_7_271_
09:31:22,49.30,10,1876,49.30_49.35_49.40_49.45_49.50_,1_18_19_32_6_,49.25_49.20_49.15_49.10_49.05_,12_23_12_276_32_
09:31:27,49.30,4,1880,49.30_49.35_49.40_49.45_49.50_,2_17_17_30_198_,49.25_49.20_49.15_49.10_49.05_,13_23_12_172_131_
09:31:32,49.35,5,1885,49.35_49.40_49.45_49.50_49.55_,15_17_30_227_11_,49.30_49.25_49.20_49.15_49.10_,4_17_23_13_172_
09:31:37,49.35,5,1890,49.35_49.40_49.45_49.50_49.55_,18_17_30_8_202_,49.30_49.25_49.20_49.15_49.10_,5_17_23_14_271_
09:31:42,49.35,21,1911,49.40_49.45_49.50_49.55_49.60_,14_30_6_204_11_,49.35_49.30_49.25_49.20_49.15_,7_25_13_23_15_
09:31:48,49.30,39,1950,49.40_49.45_49.50_49.55_49.60_,12_31_3_40_197_,49.25_49.20_49.15_49.10_49.05_,13_25_119_179_33_
09:31:53,49.30,39,1950,49.40_49.45_49.50_49.55_49.60_,12_31_2_64_148_,49.30_49.25_49.20_49.15_49.10_,3_14_28_25_216_
09:31:58,49.30,10,1960,49.40_49.45_49.50_49.55_49.60_,12_31_2_71_148_,49.25_49.20_49.15_49.10_49.05_,14_28_62_241_40_
09:32:03,49.30,6,1966,49.40_49.45_49.50_49.55_49.60_,12_31_2_71_148_,49.30_49.25_49.20_49.15_49.10_,1_14_29_26_216_
09:32:08,49.30,6,1966,49.40_49.45_49.50_49.55_49.60_,12_31_2_71_148_,49.30_49.25_49.20_49.15_49.10_,7_13_29_63_241_
09:32:13,49.30,6,1966,49.40_49.45_49.50_49.55_49.60_,12_31_2_71_148_,49.30_49.25_49.20_49.15_49.10_,21_13_29_64_241_
09:32:18,49.40,1,1967,49.40_49.45_49.50_49.55_49.60_,15_31_2_71_147_,49.35_49.30_49.25_49.20_49.15_,5_28_17_29_64_
09:32:24,49.30,33,2000,49.30_49.40_49.45_49.55_49.60_,37_16_28_21_197_,49.25_49.20_49.15_49.10_49.05_,17_29_131_181_38_
09:32:34,49.30,8,2014,49.30_49.35_49.40_49.45_49.50_,33_4_10_26_197_,49.25_49.20_49.15_49.10_49.05_,27_35_27_173_142_
09:32:39,49.30,7,2021,49.30_49.35_49.40_49.45_49.50_,26_5_9_26_197_,49.25_49.20_49.15_49.10_49.05_,27_36_27_173_142_
09:32:44,49.20,100,2121,49.30_49.35_49.40_49.45_49.50_,26_5_9_26_197_,49.20_49.15_49.10_49.05_49.00_,10_27_181_142_57_
09:32:49,49.30,4,2125,49.30_49.35_49.40_49.45_49.50_,28_2_9_76_147_,49.25_49.20_49.15_49.10_49.05_,5_5_27_178_80_
09:32:54,49.30,1,2126,49.30_49.35_49.40_49.45_49.50_,25_2_9_33_197_,49.25_49.20_49.15_49.10_49.05_,9_5_27_178_142_
09:32:59,49.30,30,2156,49.35_49.40_49.45_49.50_49.55_,2_9_28_197_15_,49.30_49.25_49.20_49.15_49.10_,19_13_4_27_179_
09:33:05,49.30,2,2158,49.35_49.40_49.45_49.50_49.55_,2_9_28_31_202_,49.30_49.25_49.20_49.15_49.10_,18_19_5_28_285_
09:33:10,49.30,4,2162,49.35_49.40_49.45_49.50_49.55_,2_9_28_6_203_,49.30_49.25_49.20_49.15_49.10_,22_15_13_28_285_
09:33:15,49.30,4,2162,49.35_49.40_49.45_49.50_49.55_,2_9_28_6_203_,49.30_49.25_49.20_49.15_49.10_,28_11_26_28_286_
09:33:20,49.35,1,2163,49.35_49.40_49.45_49.50_49.55_,1_9_28_6_203_,49.30_49.25_49.20_49.15_49.10_,28_12_50_31_286_
09:33:25,49.30,50,2213,49.35_49.40_49.45_49.55_49.60_,1_9_28_203_10_,49.30_49.25_49.20_49.15_49.10_,10_12_51_31_286_
09:33:30,49.30,50,2213,49.35_49.40_49.45_49.50_49.55_,2_7_28_1_61_,49.30_49.25_49.20_49.15_49.10_,10_7_61_31_286_
09:33:35,49.30,1,2214,49.35_49.40_49.45_49.50_49.55_,2_8_28_1_203_,49.30_49.25_49.20_49.15_49.10_,13_7_63_31_287_
09:33:41,49.35,1,2215,49.35_49.40_49.45_49.50_49.55_,3_8_28_1_203_,49.30_49.25_49.20_49.15_49.10_,14_7_63_31_288_
09:33:46,49.30,21,2236,49.30_49.35_49.40_49.45_49.50_,29_3_8_28_1_,49.25_49.20_49.15_49.10_49.05_,7_64_31_288_44_
09:33:51,49.30,3,2239,49.30_49.35_49.40_49.45_49.50_,31_3_8_27_198_,49.25_49.20_49.15_49.10_49.05_,21_64_31_184_143_
09:33:56,49.30,1,2240,49.30_49.35_49.40_49.45_49.50_,30_3_8_27_199_,49.25_49.20_49.15_49.10_49.05_,21_65_31_186_144_
09:34:01,49.30,9,2249,49.30_49.35_49.40_49.45_49.50_,23_2_8_26_199_,49.25_49.20_49.15_49.10_49.05_,21_72_31_199_139_
09:34:06,49.30,8,2257,49.30_49.35_49.40_49.45_49.50_,15_2_8_26_199_,49.25_49.20_49.15_49.10_49.05_,22_73_31_199_139_
09:34:11,49.30,9,2266,49.30_49.40_49.45_49.50_49.55_,12_8_26_199_11_,49.25_49.20_49.15_49.10_49.05_,22_73_31_199_139_
09:34:17,49.30,12,2278,49.35_49.40_49.45_49.50_49.55_,1_8_26_57_153_,49.30_49.25_49.20_49.15_49.10_,3_24_73_33_199_
09:34:22,49.35,1,2279,49.40_49.45_49.50_49.55_49.60_,8_26_14_202_9_,49.30_49.25_49.20_49.15_49.10_,7_24_50_33_303_
09:34:27,49.40,5,2284,49.40_49.45_49.50_49.55_49.60_,3_26_2_61_151_,49.35_49.30_49.25_49.20_49.15_,13_7_11_50_32_
09:34:32,49.45,11,2295,49.45_49.50_49.55_49.60_49.65_,19_1_18_197_14_,49.40_49.35_49.30_49.25_49.20_,1_1_53_11_51_
09:34:37,49.45,11,2306,49.45_49.50_49.55_49.60_49.65_,8_2_7_31_202_,49.40_49.35_49.30_49.25_49.20_,14_2_42_12_151_
09:34:42,49.45,11,2306,49.45_49.50_49.55_49.60_49.65_,10_2_6_6_203_,49.40_49.35_49.30_49.25_49.20_,15_2_44_12_159_
09:34:47,49.45,10,2316,49.50_49.55_49.60_49.65_49.70_,2_6_6_203_50_,49.40_49.35_49.30_49.25_49.20_,16_2_44_13_164_
09:34:53,49.45,1,2317,49.50_49.55_49.60_49.65_49.70_,2_10_3_86_192_,49.45_49.40_49.35_49.30_49.25_,6_16_2_44_15_
09:34:58,49.30,30,2347,49.50_49.55_49.65_49.70_49.75_,4_10_22_262_12_,49.30_49.25_49.20_49.15_49.10_,43_122_68_40_199_
09:35:03,49.50,2,2349,49.50_49.55_49.60_49.65_49.70_,1_10_51_18_97_,49.30_49.25_49.20_49.15_49.10_,50_23_61_77_261_
09:35:08,49.50,2,2349,49.50_49.55_49.60_49.65_49.70_,1_10_59_18_189_,49.30_49.25_49.20_49.15_49.10_,55_23_61_92_261_
09:35:13,49.30,4,2353,49.50_49.55_49.60_49.65_49.70_,1_10_60_18_188_,49.30_49.25_49.20_49.15_49.10_,58_24_61_93_261_
09:35:18,49.50,2,2355,49.50_49.55_49.60_49.65_49.70_,29_10_60_18_188_,49.30_49.25_49.20_49.15_49.10_,61_24_61_93_261_
09:35:23,49.50,2,2355,49.50_49.55_49.60_49.65_49.70_,34_10_69_19_190_,49.35_49.30_49.25_49.20_49.15_,4_61_17_60_94_
09:35:28,49.50,2,2355,49.50_49.55_49.60_49.65_49.70_,85_10_19_69_190_,49.35_49.30_49.25_49.20_49.15_,5_64_17_53_156_
09:35:34,49.40,1,2356,49.40_49.50_49.55_49.60_49.65_,47_92_17_14_69_,49.35_49.30_49.25_49.20_49.15_,6_64_17_53_156_
09:35:39,49.40,1,2357,49.40_49.45_49.50_49.55_49.60_,47_1_95_68_61_,49.35_49.30_49.25_49.20_49.15_,8_64_17_53_156_
09:35:44,49.35,8,2365,49.40_49.45_49.50_49.55_49.60_,53_1_95_75_201_,49.35_49.30_49.25_49.20_49.15_,1_64_17_57_149_
09:35:49,49.40,3,2368,49.40_49.45_49.50_49.55_49.60_,50_1_96_74_201_,49.35_49.30_49.25_49.20_49.15_,1_64_18_57_149_
09:35:54,49.40,7,2375,49.40_49.45_49.50_49.55_49.60_,44_51_95_74_201_,49.35_49.30_49.25_49.20_49.15_,1_64_18_59_149_
09:35:59,49.40,7,2382,49.40_49.45_49.50_49.55_49.60_,40_58_94_66_201_,49.35_49.30_49.25_49.20_49.15_,2_74_19_79_149_
09:36:04,49.35,7,2389,49.40_49.45_49.50_49.55_49.60_,41_59_92_66_201_,49.35_49.30_49.25_49.20_49.15_,7_67_19_80_149_
09:36:09,49.40,3,2392,49.40_49.45_49.50_49.55_49.60_,38_59_92_66_201_,49.35_49.30_49.25_49.20_49.15_,7_66_19_79_149_
09:36:15,49.40,3,2392,49.40_49.45_49.50_49.55_49.60_,38_59_99_66_201_,49.35_49.30_49.25_49.20_49.15_,8_67_19_79_149_
09:36:20,49.40,4,2396,49.40_49.45_49.50_49.55_49.60_,38_59_99_66_201_,49.35_49.30_49.25_49.20_49.15_,8_72_19_79_149_
09:36:25,49.35,9,2405,49.35_49.40_49.45_49.50_49.55_,6_38_59_99_66_,49.30_49.25_49.20_49.15_49.10_,74_19_79_149_209_
09:36:30,49.35,1,2406,49.35_49.40_49.45_49.50_49.55_,9_37_60_96_257_,49.30_49.25_49.20_49.15_49.10_,74_19_81_48_301_
09:36:35,49.30,15,2421,49.35_49.40_49.45_49.50_49.55_,11_34_67_86_257_,49.30_49.25_49.20_49.15_49.10_,58_20_81_48_301_
09:36:40,49.35,6,2427,49.35_49.40_49.45_49.50_49.55_,5_34_67_86_257_,49.30_49.25_49.20_49.15_49.10_,68_20_81_48_306_
09:36:45,49.30,5,2432,49.35_49.40_49.45_49.50_49.55_,5_34_67_86_257_,49.30_49.25_49.20_49.15_49.10_,64_20_81_48_306_
09:36:50,49.35,5,2437,49.35_49.40_49.45_49.50_49.55_,2_37_67_86_257_,49.30_49.25_49.20_49.15_49.10_,64_20_81_48_306_
09:36:56,49.35,2,2439,49.35_49.40_49.45_49.50_49.55_,1_36_68_86_257_,49.30_49.25_49.20_49.15_49.10_,66_20_81_48_306_
09:37:01,49.30,4,2443,49.35_49.40_49.45_49.50_49.55_,1_36_61_86_257_,49.30_49.25_49.20_49.15_49.10_,65_20_81_48_306_
09:37:06,49.40,2,2445,49.40_49.45_49.50_49.55_49.60_,35_61_86_257_14_,49.35_49.30_49.25_49.20_49.15_,3_67_20_81_48_
09:37:11,49.40,46,2491,49.40_49.45_49.50_49.55_49.60_,3_61_96_65_201_,49.35_49.30_49.25_49.20_49.15_,3_67_20_81_147_
09:37:16,49.40,46,2491,49.40_49.45_49.50_49.55_49.60_,6_61_96_72_201_,49.35_49.30_49.25_49.20_49.15_,4_66_20_77_147_
09:37:21,49.40,21,2512,49.45_49.50_49.55_49.60_49.65_,61_96_72_201_15_,49.40_49.35_49.30_49.25_49.20_,19_5_66_20_77_
09:37:31,49.40,4,2516,49.45_49.50_49.55_49.60_49.65_,62_96_72_11_198_,49.40_49.35_49.30_49.25_49.20_,17_9_68_20_176_
09:37:37,49.40,10,2526,49.45_49.50_49.55_49.60_49.65_,62_96_72_11_198_,49.40_49.35_49.30_49.25_49.20_,11_9_68_20_176_
09:37:42,49.40,10,2526,49.45_49.50_49.55_49.60_49.65_,62_89_72_12_205_,49.40_49.35_49.30_49.25_49.20_,10_10_68_20_177_
09:37:47,49.40,10,2526,49.45_49.50_49.55_49.60_49.65_,62_89_72_12_205_,49.40_49.35_49.30_49.25_49.20_,30_10_70_20_177_
09:37:52,49.40,10,2526,49.45_49.50_49.55_49.60_49.65_,62_89_72_12_205_,49.40_49.35_49.30_49.25_49.20_,31_11_80_21_177_
09:37:57,49.40,5,2531,49.45_49.50_49.55_49.60_49.65_,61_89_72_12_205_,49.40_49.35_49.30_49.25_49.20_,29_11_80_21_177_
09:38:02,49.40,5,2531,49.45_49.50_49.55_49.60_49.65_,62_89_72_12_205_,49.40_49.35_49.30_49.25_49.20_,29_11_80_21_177_
09:38:07,49.40,2,2533,49.45_49.50_49.55_49.60_49.65_,62_90_72_12_205_,49.40_49.35_49.30_49.25_49.20_,27_11_79_21_177_
09:38:12,49.40,2,2533,49.45_49.50_49.55_49.60_49.65_,62_90_72_12_205_,49.40_49.35_49.30_49.25_49.20_,28_11_79_20_177_
09:38:23,49.40,4,2537,49.45_49.50_49.55_49.60_49.65_,65_90_72_12_205_,49.40_49.35_49.30_49.25_49.20_,25_13_79_20_177_
09:38:28,49.40,4,2537,49.45_49.50_49.55_49.60_49.65_,65_91_72_12_205_,49.40_49.35_49.30_49.25_49.20_,25_23_79_20_177_
09:38:33,49.40,8,2545,49.45_49.50_49.55_49.60_49.65_,65_91_72_12_205_,49.40_49.35_49.30_49.25_49.20_,17_23_79_20_177_
09:38:38,49.40,1,2546,49.45_49.50_49.55_49.60_49.65_,66_91_72_12_205_,49.40_49.35_49.30_49.25_49.20_,19_23_79_20_177_
09:38:43,49.40,1,2546,49.45_49.50_49.55_49.60_49.65_,68_91_72_10_205_,49.40_49.35_49.30_49.25_49.20_,22_24_74_20_177_
09:38:48,49.40,22,2568,49.45_49.50_49.55_49.60_49.65_,68_91_72_10_205_,49.35_49.30_49.25_49.20_49.15_,24_69_20_177_59_
09:38:53,49.35,3,2571,49.45_49.50_49.55_49.60_49.65_,69_90_72_60_155_,49.35_49.30_49.25_49.20_49.15_,22_69_20_78_158_
09:38:59,49.35,3,2571,49.40_49.45_49.50_49.55_49.60_,50_69_90_72_60_,49.35_49.30_49.25_49.20_49.15_,23_68_20_78_158_
09:39:04,49.35,3,2571,49.40_49.45_49.50_49.55_49.60_,53_66_91_72_201_,49.35_49.30_49.25_49.20_49.15_,23_67_20_80_151_
09:39:09,49.40,57,2628,49.40_49.45_49.50_49.55_49.60_,16_66_91_65_201_,49.35_49.30_49.25_49.20_49.15_,23_67_20_80_151_
09:39:14,49.40,16,2644,49.45_49.50_49.55_49.60_49.65_,66_91_65_201_19_,49.40_49.35_49.30_49.25_49.20_,14_23_67_20_90_
09:39:19,49.40,16,2644,49.45_49.50_49.55_49.60_49.65_,66_91_74_9_205_,49.40_49.35_49.30_49.25_49.20_,15_22_68_20_189_
09:39:24,49.40,6,2650,49.45_49.50_49.55_49.60_49.65_,66_91_74_9_205_,49.40_49.35_49.30_49.25_49.20_,9_22_69_20_189_
09:39:34,49.45,3,2653,49.45_49.50_49.55_49.60_49.65_,63_91_74_9_205_,49.40_49.35_49.30_49.25_49.20_,33_22_69_20_189_
09:39:40,49.45,3,2653,49.45_49.50_49.55_49.60_49.65_,65_91_72_9_205_,49.40_49.35_49.30_49.25_49.20_,33_22_69_20_186_
09:39:50,49.40,2,2655,49.45_49.50_49.55_49.60_49.65_,65_91_72_9_205_,49.40_49.35_49.30_49.25_49.20_,31_22_69_20_186_
09:39:55,49.45,1,2656,49.45_49.50_49.55_49.60_49.65_,64_91_72_9_205_,49.40_49.35_49.30_49.25_49.20_,30_22_69_20_187_
09:40:00,49.40,2,2658,49.45_49.50_49.55_49.60_49.65_,64_90_72_9_205_,49.40_49.35_49.30_49.25_49.20_,28_27_69_20_187_
09:40:05,49.40,2,2658,49.45_49.50_49.55_49.60_49.65_,64_91_72_9_205_,49.40_49.35_49.30_49.25_49.20_,52_27_69_20_187_
09:40:10,49.40,5,2663,49.45_49.50_49.55_49.60_49.65_,64_91_73_9_205_,49.40_49.35_49.30_49.25_49.20_,48_27_69_20_187_
09:40:15,49.40,10,2673,49.45_49.50_49.55_49.60_49.65_,64_91_73_9_205_,49.40_49.35_49.30_49.25_49.20_,39_27_69_21_187_
09:40:21,49.45,2,2675,49.45_49.50_49.55_49.60_49.65_,62_91_73_9_205_,49.40_49.35_49.30_49.25_49.20_,39_27_69_21_187_
09:40:26,49.40,3,2678,49.45_49.50_49.55_49.60_49.65_,64_94_73_9_205_,49.40_49.35_49.30_49.25_49.20_,70_31_69_21_187_
09:40:31,49.40,4,2682,49.45_49.50_49.55_49.60_49.65_,68_92_73_9_205_,49.40_49.35_49.30_49.25_49.20_,66_31_69_22_187_
09:40:36,49.40,4,2682,49.45_49.50_49.55_49.60_49.65_,69_92_73_9_205_,49.40_49.35_49.30_49.25_49.20_,67_31_72_22_187_
09:40:51,49.40,7,2689,49.45_49.50_49.55_49.60_49.65_,69_92_66_9_205_,49.40_49.35_49.30_49.25_49.20_,61_31_72_22_194_
09:40:56,49.45,3,2692,49.45_49.50_49.55_49.60_49.65_,66_92_66_9_205_,49.40_49.35_49.30_49.25_49.20_,61_31_73_22_194_
09:41:02,49.45,3,2692,49.45_49.50_49.55_49.60_49.65_,70_92_73_9_205_,49.40_49.35_49.30_49.25_49.20_,61_31_73_22_194_
09:41:07,49.45,3,2692,49.45_49.50_49.55_49.60_49.65_,71_92_73_9_205_,49.40_49.35_49.30_49.25_49.20_,61_31_73_22_187_
09:41:12,49.40,1,2693,49.45_49.50_49.55_49.60_49.65_,71_92_73_9_205_,49.40_49.35_49.30_49.25_49.20_,55_31_73_22_187_
09:41:17,49.40,55,2748,49.40_49.45_49.50_49.55_49.60_,50_71_92_73_9_,49.35_49.30_49.25_49.20_49.15_,31_73_22_187_60_
09:41:22,49.35,5,2753,49.40_49.45_49.50_49.55_49.60_,59_64_91_73_201_,49.35_49.30_49.25_49.20_49.15_,30_78_23_88_159_
09:41:27,49.35,2,2755,49.40_49.45_49.50_49.55_49.60_,67_64_98_65_201_,49.35_49.30_49.25_49.20_49.15_,28_78_23_88_159_
09:41:32,49.35,29,2784,49.35_49.40_49.45_49.50_49.55_,52_68_64_98_65_,49.30_49.25_49.20_49.15_49.10_,78_23_88_152_213_
09:41:37,49.30,6,2790,49.35_49.40_49.45_49.50_49.55_,57_65_64_98_257_,49.30_49.25_49.20_49.15_49.10_,72_23_90_50_312_
09:41:43,49.30,74,2864,49.30_49.35_49.40_49.45_49.50_,28_65_67_63_87_,49.25_49.20_49.15_49.10_49.05_,23_90_50_312_63_
09:41:48,49.25,2,2866,49.30_49.35_49.40_49.45_49.50_,35_61_66_68_249_,49.25_49.20_49.15_49.10_49.05_,21_91_50_206_151_
09:41:53,49.25,8,2874,49.30_49.35_49.40_49.45_49.50_,43_63_64_60_249_,49.25_49.20_49.15_49.10_49.05_,12_90_45_206_151_
09:41:58,49.25,12,2886,49.25_49.30_49.35_49.40_49.45_,63_44_63_63_60_,49.20_49.15_49.10_49.05_49.00_,90_40_210_151_158_
09:42:03,49.25,40,2926,49.25_49.30_49.35_49.40_49.45_,62_39_62_70_251_,49.20_49.15_49.10_49.05_49.00_,89_40_210_45_257_
09:42:08,49.20,100,3026,49.25_49.30_49.35_49.40_49.45_,71_14_62_62_251_,49.20_49.15_49.10_49.05_49.00_,10_40_210_45_257_
09:42:13,49.25,24,3050,49.25_49.30_49.35_49.40_49.45_,56_11_62_62_248_,49.20_49.15_49.10_49.05_49.00_,10_40_210_45_247_
09:42:18,49.15,26,3076,49.20_49.25_49.30_49.35_49.40_,79_53_11_62_62_,49.15_49.10_49.05_49.00_48.95_,24_210_45_253_18_
09:42:23,49.15,17,3093,49.20_49.25_49.30_49.35_49.40_,86_48_10_69_253_,49.15_49.10_49.05_49.00_48.95_,6_210_45_146_117_
09:42:29,49.10,22,3115,49.15_49.20_49.25_49.30_49.35_,10_97_48_10_59_,49.10_49.05_49.00_48.95_48.90_,193_45_147_119_18_
09:42:34,49.10,4,3119,49.15_49.20_49.25_49.30_49.35_,15_95_47_9_251_,49.10_49.05_49.00_48.95_48.90_,193_45_147_9_125_
09:42:39,49.10,194,3313,49.10_49.15_49.20_49.25_49.30_,69_18_95_48_8_,49.05_49.00_48.95_48.90_48.85_,45_147_9_125_17_
09:42:44,49.05,49,3362,49.10_49.15_49.20_49.25_49.30_,91_16_92_51_204_,49.05_49.00_48.95_48.90_48.85_,20_147_2_29_106_
09:42:49,49.05,31,3393,49.10_49.15_49.20_49.25_49.30_,114_16_91_51_203_,49.05_49.00_48.90_48.85_48.80_,3_147_22_108_60_
09:42:54,49.00,154,3547,49.00_49.05_49.10_49.15_49.20_,96_5_118_16_90_,48.90_48.85_48.80_48.75_48.70_,22_46_122_7_5_
09:42:59,48.90,21,3568,48.95_49.00_49.05_49.10_49.15_,2_111_7_109_71_,48.90_48.85_48.80_48.75_48.70_,9_2_47_44_79_
09:43:05,48.90,21,3568,48.95_49.00_49.05_49.10_49.15_,8_106_7_109_219_,48.90_48.80_48.75_48.70_48.65_,14_46_2_118_7_
09:43:10,48.90,10,3578,48.95_49.00_49.05_49.10_49.15_,8_112_13_108_231_,48.90_48.80_48.75_48.70_48.65_,9_45_2_58_69_
09:43:15,48.90,10,3588,48.95_49.00_49.05_49.10_49.15_,15_111_13_105_218_,48.80_48.70_48.65_48.60_48.55_,42_57_70_31_3_
09:43:20,48.80,20,3608,48.90_48.95_49.00_49.05_49.10_,8_12_111_12_151_,48.80_48.75_48.70_48.65_48.60_,36_1_12_48_47_
09:43:25,48.80,25,3633,48.85_48.90_48.95_49.00_49.05_,4_9_8_111_62_,48.80_48.75_48.70_48.65_48.60_,18_1_8_48_98_
09:43:30,48.80,18,3651,48.85_48.90_48.95_49.00_49.05_,8_5_8_118_209_,48.80_48.75_48.70_48.65_48.60_,5_1_8_2_140_
09:43:35,48.80,6,3657,48.85_48.90_48.95_49.00_49.05_,9_7_8_116_221_,48.80_48.75_48.70_48.60_48.55_,1_1_8_140_9_
09:43:40,48.80,6,3663,48.85_48.90_48.95_49.00_49.05_,12_6_5_116_221_,48.80_48.75_48.70_48.65_48.60_,1_1_8_1_79_
09:43:46,48.85,8,3671,48.85_48.90_48.95_49.00_49.05_,5_5_5_116_221_,48.80_48.75_48.70_48.65_48.60_,4_4_8_1_141_
09:43:51,48.80,22,3693,48.80_48.85_48.90_48.95_49.00_,1_7_5_3_116_,48.75_48.70_48.65_48.60_48.55_,5_9_2_141_10_
09:43:56,48.85,5,3698,48.85_48.90_48.95_49.00_49.05_,3_5_10_308_14_,48.80_48.75_48.70_48.65_48.60_,4_16_10_2_142_
09:44:01,48.80,2,3700,48.85_48.90_48.95_49.00_49.05_,3_5_3_133_204_,48.80_48.75_48.70_48.65_48.60_,9_16_10_1_237_
09:44:06,48.85,5,3705,48.90_48.95_49.00_49.05_49.10_,5_3_127_221_94_,48.85_48.80_48.75_48.70_48.65_,1_15_16_10_2_
09:44:16,48.90,1,3715,48.95_49.00_49.05_49.10_49.15_,8_120_14_87_199_,48.90_48.85_48.80_48.75_48.70_,2_14_22_15_114_
09:44:22,48.95,11,3726,48.95_49.00_49.05_49.10_49.15_,1_120_14_87_199_,48.90_48.85_48.80_48.75_48.70_,2_16_23_15_113_
09:44:27,49.00,5,3731,49.00_49.05_49.10_49.15_49.20_,116_14_87_199_88_,48.95_48.90_48.85_48.80_48.75_,2_4_18_24_15_
09:44:32,48.95,2,3733,49.00_49.05_49.10_49.15_49.20_,113_7_94_7_278_,48.95_48.90_48.85_48.80_48.75_,1_5_17_24_113_
09:44:37,49.00,2,3735,49.00_49.05_49.10_49.15_49.20_,108_7_94_7_278_,48.95_48.90_48.85_48.80_48.75_,2_10_20_36_120_
09:44:42,48.95,4,3739,49.00_49.05_49.10_49.15_49.20_,108_7_94_7_278_,48.95_48.90_48.85_48.80_48.75_,1_10_21_39_123_
09:44:47,49.00,3,3742,49.00_49.05_49.10_49.15_49.20_,106_7_94_7_278_,48.95_48.90_48.85_48.80_48.75_,1_10_22_39_123_
09:44:52,49.00,3,3745,49.00_49.05_49.10_49.15_49.20_,15_7_94_7_278_,48.95_48.90_48.85_48.80_48.75_,2_10_22_45_123_
09:44:57,49.00,2,3747,49.05_49.10_49.15_49.20_49.25_,7_87_7_301_55_,49.00_48.95_48.90_48.85_48.80_,30_2_11_12_49_
09:45:03,49.00,3,3750,49.05_49.10_49.20_49.25_49.30_,9_87_109_237_18_,49.00_48.95_48.90_48.85_48.80_,27_2_11_12_156_
09:45:08,49.00,3,3750,49.05_49.10_49.15_49.20_49.25_,9_87_7_101_95_,49.00_48.95_48.90_48.85_48.80_,27_2_14_13_154_
09:45:13,49.00,6,3756,49.05_49.10_49.15_49.20_49.25_,11_94_95_101_88_,49.00_48.95_48.90_48.85_48.80_,21_2_14_19_154_
09:45:18,49.05,10,3766,49.05_49.10_49.15_49.20_49.25_,8_94_104_86_230_,49.00_48.95_48.90_48.85_48.80_,22_2_15_11_155_
09:45:23,49.00,2,3768,49.05_49.10_49.15_49.20_49.25_,8_15_104_86_230_,49.00_48.95_48.90_48.85_48.80_,20_2_15_11_158_
09:45:28,49.00,2,3768,49.05_49.10_49.15_49.20_49.25_,8_9_105_86_230_,49.00_48.95_48.90_48.85_48.80_,21_2_15_18_159_
09:45:33,49.00,6,3774,49.05_49.10_49.15_49.20_49.25_,9_9_105_86_230_,49.00_48.95_48.90_48.85_48.80_,20_2_25_20_159_
09:45:38,49.00,6,3774,49.05_49.10_49.15_49.20_49.25_,10_9_105_86_230_,49.00_48.95_48.90_48.85_48.80_,20_2_25_20_159_
09:45:44,49.00,6,3780,49.05_49.10_49.15_49.20_49.25_,11_9_105_86_230_,49.00_48.95_48.90_48.85_48.80_,19_2_25_21_159_
09:45:49,49.00,20,3800,49.05_49.10_49.15_49.20_49.25_,11_9_105_86_230_,48.95_48.90_48.85_48.80_48.75_,2_25_21_159_26_
09:45:54,48.95,2,3802,49.05_49.10_49.15_49.20_49.25_,11_9_105_136_180_,48.90_48.85_48.80_48.75_48.70_,25_21_59_123_8_
09:45:59,48.95,2,3802,49.05_49.10_49.15_49.20_49.25_,11_9_105_136_180_,49.00_48.90_48.85_48.80_48.75_,1_26_21_59_64_
09:46:04,49.00,2,3804,49.05_49.10_49.15_49.20_49.25_,11_9_105_86_230_,49.00_48.95_48.90_48.85_48.80_,3_1_26_21_96_
09:46:09,49.05,1,3805,49.05_49.10_49.15_49.20_49.25_,10_9_105_86_230_,49.00_48.95_48.90_48.85_48.80_,5_1_25_22_158_
09:46:14,49.00,2,3807,49.05_49.10_49.15_49.20_49.25_,10_9_105_86_230_,49.00_48.95_48.90_48.85_48.80_,4_3_25_22_161_
09:46:19,49.00,2,3807,49.05_49.10_49.15_49.20_49.25_,10_2_105_86_237_,49.00_48.95_48.90_48.85_48.80_,9_3_25_23_162_
09:46:24,49.00,2,3809,49.05_49.10_49.15_49.20_49.25_,10_1_105_93_237_,49.00_48.95_48.90_48.85_48.80_,9_3_25_23_162_
09:46:30,49.05,1,3810,49.05_49.10_49.15_49.20_49.25_,9_4_105_93_237_,49.00_48.95_48.90_48.85_48.80_,9_3_25_22_162_
09:46:35,49.00,1,3811,49.05_49.10_49.15_49.20_49.25_,9_4_105_93_237_,49.00_48.95_48.90_48.85_48.80_,10_3_25_22_164_
09:46:40,49.00,1,3811,49.05_49.10_49.15_49.20_49.25_,10_4_105_93_237_,49.00_48.95_48.90_48.85_48.80_,15_3_15_22_164_
09:46:45,49.00,6,3817,49.05_49.10_49.15_49.20_49.25_,11_4_105_93_237_,49.00_48.95_48.90_48.85_48.80_,12_3_16_22_164_
09:46:50,49.00,6,3817,49.05_49.10_49.15_49.20_49.25_,11_4_105_93_237_,49.00_48.95_48.90_48.85_48.80_,33_3_16_32_165_
09:46:55,49.00,3,3820,49.05_49.10_49.15_49.20_49.25_,12_4_105_93_237_,49.00_48.95_48.90_48.85_48.80_,38_4_23_37_165_
09:47:00,49.00,3,3820,49.05_49.10_49.15_49.20_49.25_,14_4_105_93_237_,49.00_48.95_48.90_48.85_48.80_,38_5_23_37_165_
09:47:05,49.00,2,3822,49.05_49.10_49.15_49.20_49.25_,17_5_106_93_237_,49.00_48.95_48.90_48.85_48.80_,36_5_23_38_165_
09:47:11,49.05,1,3823,49.05_49.10_49.15_49.20_49.25_,16_5_106_93_237_,49.00_48.95_48.90_48.85_48.80_,36_5_23_37_165_
09:47:16,49.05,1,3823,49.05_49.10_49.15_49.20_49.25_,16_5_106_93_237_,49.00_48.95_48.90_48.85_48.80_,38_5_23_37_165_
09:47:21,49.05,1,3823,49.05_49.10_49.15_49.20_49.25_,16_5_106_93_237_,49.00_48.95_48.90_48.85_48.80_,38_5_23_37_166_
09:47:26,49.05,10,3833,49.05_49.10_49.15_49.20_49.25_,8_5_106_93_237_,49.00_48.95_48.90_48.85_48.80_,38_5_24_37_166_
09:47:31,49.05,10,3833,49.05_49.10_49.15_49.20_49.25_,8_5_106_93_237_,49.00_48.95_48.90_48.85_48.80_,39_5_24_38_166_
09:47:36,49.05,10,3833,49.05_49.10_49.15_49.20_49.25_,9_5_106_93_237_,49.00_48.95_48.90_48.85_48.80_,40_5_24_40_166_
09:47:41,49.05,6,3839,49.05_49.10_49.15_49.20_49.25_,4_5_106_93_237_,49.00_48.95_48.90_48.85_48.80_,46_5_24_40_166_
09:47:46,49.05,2,3841,49.05_49.10_49.15_49.20_49.25_,3_5_106_93_237_,49.00_48.95_48.90_48.85_48.80_,49_5_24_40_166_
09:47:52,49.05,8,3849,49.05_49.10_49.15_49.20_49.25_,3_5_99_93_237_,49.00_48.95_48.90_48.85_48.80_,46_5_24_40_168_
09:47:57,49.05,4,3853,49.10_49.15_49.20_49.25_49.30_,5_99_93_237_18_,49.05_49.00_48.95_48.90_48.85_,1_42_5_24_40_
09:48:02,49.05,4,3853,49.10_49.15_49.20_49.25_49.30_,5_99_93_45_201_,49.05_49.00_48.95_48.90_48.85_,2_41_12_24_139_
09:48:07,49.05,2,3855,49.10_49.15_49.20_49.25_49.30_,5_99_93_45_201_,49.05_49.00_48.95_48.90_48.85_,7_40_13_23_139_
09:48:12,49.05,2,3855,49.10_49.15_49.20_49.25_49.30_,5_99_93_45_201_,49.05_49.00_48.95_48.90_48.85_,8_41_6_23_139_
09:48:22,49.10,2,3862,49.15_49.20_49.25_49.30_49.35_,99_94_45_26_244_,49.10_49.05_49.00_48.95_48.90_,2_5_43_13_122_
09:48:27,49.10,2,3862,49.15_49.20_49.25_49.30_49.35_,99_94_45_11_244_,49.10_49.05_49.00_48.95_48.90_,2_15_44_12_122_
09:48:33,49.15,1,3863,49.15_49.20_49.25_49.30_49.35_,98_87_114_11_251_,49.10_49.05_49.00_48.95_48.90_,2_26_44_12_123_
09:48:38,49.10,3,3866,49.15_49.20_49.25_49.30_49.35_,99_87_123_9_251_,49.05_49.00_48.95_48.90_48.85_,26_47_12_123_40_
09:48:48,49.10,5,3872,49.10_49.15_49.20_49.25_49.30_,49_100_87_123_9_,49.05_49.00_48.95_48.90_48.85_,27_47_12_123_40_
09:48:53,49.05,3,3875,49.10_49.15_49.20_49.25_49.30_,49_100_94_123_202_,49.05_49.00_48.95_48.90_48.85_,24_47_12_24_139_
09:48:58,49.05,3,3875,49.10_49.15_49.20_49.25_49.30_,56_100_94_114_202_,49.05_49.00_48.95_48.90_48.85_,24_48_12_24_142_
09:49:03,49.05,3,3875,49.10_49.15_49.20_49.25_49.30_,56_100_94_114_202_,49.05_49.00_48.95_48.90_48.85_,28_48_12_24_142_
09:49:09,49.05,1,3876,49.10_49.15_49.20_49.25_49.30_,57_99_94_114_202_,49.05_49.00_48.95_48.90_48.85_,27_48_12_24_142_
09:49:14,49.05,1,3876,49.10_49.15_49.20_49.25_49.30_,57_99_94_114_202_,49.05_49.00_48.95_48.90_48.85_,27_50_12_24_142_
09:49:19,49.05,1,3876,49.10_49.15_49.20_49.25_49.30_,60_99_94_114_202_,49.05_49.00_48.95_48.90_48.85_,27_50_12_25_142_
09:49:24,49.05,2,3878,49.10_49.15_49.20_49.25_49.30_,60_99_94_114_202_,49.05_49.00_48.95_48.90_48.85_,25_50_12_32_142_
09:49:29,49.05,2,3878,49.10_49.15_49.20_49.25_49.30_,60_99_94_114_202_,49.05_49.00_48.95_48.90_48.85_,25_50_12_32_143_
09:49:34,49.05,2,3880,49.10_49.15_49.20_49.25_49.30_,74_99_94_114_202_,49.05_49.00_48.95_48.90_48.85_,23_50_5_37_143_
09:49:39,49.10,3,3883,49.10_49.15_49.20_49.25_49.30_,72_99_94_114_202_,49.05_49.00_48.95_48.90_48.85_,23_50_5_37_143_
09:49:44,49.10,7,3890,49.10_49.15_49.20_49.25_49.30_,68_99_94_114_202_,49.05_49.00_48.95_48.90_48.85_,24_50_5_37_143_
09:49:50,49.10,11,3901,49.10_49.15_49.20_49.25_49.30_,57_99_94_114_202_,49.05_49.00_48.95_48.90_48.85_,26_50_5_37_143_
09:49:55,49.05,8,3909,49.10_49.15_49.20_49.25_49.30_,57_99_94_114_202_,49.05_49.00_48.95_48.90_48.85_,19_48_5_37_141_
09:50:00,49.05,1,3910,49.10_49.15_49.20_49.25_49.30_,57_99_95_114_201_,49.05_49.00_48.95_48.90_48.85_,19_48_5_37_141_
09:50:05,49.05,13,3923,49.10_49.15_49.20_49.25_49.30_,57_106_95_114_194_,49.05_49.00_48.95_48.90_48.85_,23_98_5_37_141_
09:50:10,49.05,13,3923,49.10_49.15_49.20_49.25_49.30_,57_106_95_114_194_,49.05_49.00_48.95_48.90_48.85_,27_98_5_37_141_
09:50:15,49.05,4,3927,49.10_49.15_49.20_49.25_49.30_,57_99_95_114_201_,49.05_49.00_48.95_48.90_48.85_,27_102_5_37_141_
09:50:20,49.05,28,3955,49.05_49.10_49.15_49.20_49.25_,34_57_99_95_115_,49.00_48.95_48.90_48.85_48.80_,103_5_37_141_70_
09:50:25,49.05,16,3971,49.05_49.10_49.15_49.20_49.25_,27_55_106_95_307_,49.00_48.95_48.90_48.85_48.80_,98_9_37_41_169_
09:50:31,49.05,1,3972,49.05_49.10_49.15_49.20_49.25_,32_58_104_88_306_,49.00_48.95_48.90_48.85_48.80_,99_9_37_41_169_
09:50:36,49.05,10,3982,49.05_49.10_49.15_49.20_49.25_,23_57_104_88_306_,49.00_48.95_48.90_48.85_48.80_,99_13_37_41_172_
09:50:41,49.00,5,3987,49.05_49.10_49.15_49.20_49.25_,23_59_104_88_306_,49.00_48.95_48.90_48.85_48.80_,95_13_37_41_172_
09:50:46,49.05,6,3993,49.05_49.10_49.15_49.20_49.25_,20_56_104_88_306_,49.00_48.95_48.90_48.85_48.80_,95_13_38_41_172_
09:50:51,49.05,3,3996,49.05_49.10_49.15_49.20_49.25_,13_56_104_88_306_,49.00_48.95_48.90_48.85_48.80_,96_13_38_41_172_
09:50:56,49.00,3,3999,49.05_49.10_49.15_49.20_49.25_,12_56_104_88_306_,49.00_48.95_48.90_48.85_48.80_,103_13_38_41_172_
09:51:01,49.00,4,4003,49.05_49.10_49.15_49.20_49.25_,14_55_104_87_306_,49.00_48.95_48.90_48.85_48.80_,140_13_38_41_173_
09:51:07,49.00,20,4023,49.05_49.10_49.15_49.20_49.25_,16_55_104_87_306_,49.00_48.95_48.90_48.85_48.80_,118_13_38_41_175_
09:51:12,49.05,16,4039,49.10_49.15_49.20_49.25_49.30_,55_104_87_298_10_,49.05_49.00_48.95_48.90_48.85_,5_118_13_39_41_
09:51:17,49.05,5,4044,49.10_49.15_49.20_49.25_49.30_,55_97_94_114_193_,49.00_48.95_48.90_48.85_48.80_,121_13_39_128_77_
09:51:22,49.05,5,4044,49.10_49.15_49.20_49.25_49.30_,55_97_94_164_143_,49.00_48.95_48.90_48.85_48.80_,120_13_39_40_166_
09:51:32,49.05,5,4044,49.10_49.15_49.20_49.25_49.30_,57_97_94_164_143_,49.05_49.00_48.95_48.90_48.85_,2_128_13_39_40_
09:51:37,49.05,3,4047,49.10_49.15_49.20_49.25_49.30_,63_97_94_114_193_,49.00_48.95_48.90_48.85_48.80_,133_13_39_128_79_
09:51:42,49.10,50,4097,49.10_49.15_49.20_49.25_49.30_,15_97_94_164_143_,49.00_48.95_48.90_48.85_48.80_,133_13_39_40_167_
09:51:48,49.10,1,4098,49.10_49.15_49.20_49.25_49.30_,14_97_94_164_143_,49.05_49.00_48.95_48.90_48.85_,1_133_13_39_40_
09:51:53,49.00,2,4100,49.05_49.10_49.15_49.20_49.25_,2_14_97_94_114_,49.00_48.95_48.90_48.85_48.80_,134_13_39_127_79_
09:51:58,49.00,2,4100,49.05_49.10_49.15_49.20_49.25_,3_13_97_94_307_,49.00_48.95_48.90_48.85_48.80_,139_20_42_39_160_
09:52:03,49.00,12,4112,49.05_49.10_49.15_49.20_49.25_,3_13_98_94_322_,49.00_48.95_48.90_48.85_48.80_,137_13_42_39_167_
09:52:08,49.00,10,4122,49.05_49.10_49.15_49.20_49.25_,9_7_98_94_322_,49.00_48.95_48.90_48.85_48.80_,137_11_42_39_167_
09:52:13,49.05,9,4131,49.05_49.10_49.15_49.20_49.25_,2_7_105_94_322_,49.00_48.95_48.90_48.85_48.80_,139_11_42_39_169_
09:52:18,49.10,13,4144,49.15_49.20_49.25_49.30_49.45_,105_94_322_8_47_,49.10_49.05_49.00_48.95_48.90_,9_5_156_11_42_
09:52:24,49.10,9,4153,49.15_49.20_49.25_49.30_49.40_,98_94_139_9_61_,49.10_49.05_49.00_48.95_48.90_,5_1_156_18_130_
09:52:29,49.10,2,4155,49.15_49.20_49.25_49.30_49.35_,98_94_135_9_50_,49.10_49.05_49.00_48.95_48.90_,3_1_157_18_133_
09:52:34,49.15,2,4157,49.15_49.20_49.25_49.30_49.35_,96_94_135_9_184_,49.10_49.05_49.00_48.95_48.90_,3_3_157_18_203_
09:52:39,49.05,5,4162,49.15_49.20_49.25_49.30_49.35_,97_94_135_9_184_,49.05_49.00_48.95_48.90_48.85_,1_158_18_206_41_
09:52:44,49.05,1,4163,49.15_49.20_49.25_49.30_49.35_,97_94_134_59_134_,49.00_48.95_48.90_48.85_48.80_,159_18_118_129_75_
09:52:49,49.00,2,4165,49.15_49.20_49.25_49.30_49.35_,97_94_134_59_134_,49.00_48.95_48.90_48.85_48.80_,159_18_118_74_135_
09:52:54,49.00,1,4166,49.15_49.20_49.25_49.30_49.35_,98_94_134_59_134_,49.00_48.95_48.90_48.85_48.80_,158_18_118_74_135_
09:52:59,49.00,1,4166,49.15_49.20_49.25_49.30_49.35_,98_94_134_59_134_,49.00_48.95_48.90_48.85_48.80_,160_18_118_74_138_
09:53:04,49.00,8,4174,49.15_49.20_49.25_49.30_49.35_,98_94_134_59_134_,49.00_48.95_48.90_48.85_48.80_,152_18_118_74_139_
09:53:10,49.00,4,4178,49.15_49.20_49.25_49.30_49.35_,98_94_134_59_134_,49.00_48.95_48.90_48.85_48.80_,150_18_118_74_139_
09:53:15,49.00,1,4179,49.15_49.20_49.25_49.30_49.35_,98_94_134_59_134_,49.00_48.95_48.90_48.85_48.80_,154_18_118_74_139_
09:53:20,49.00,1,4179,49.15_49.20_49.25_49.30_49.35_,98_94_134_59_134_,49.00_48.95_48.90_48.85_48.80_,165_18_119_74_139_
09:53:25,49.00,1,4179,49.15_49.20_49.25_49.30_49.35_,98_94_134_59_134_,49.00_48.95_48.90_48.85_48.80_,168_18_119_74_139_
09:53:30,49.00,1,4180,49.15_49.20_49.25_49.30_49.35_,99_94_134_59_134_,49.00_48.95_48.90_48.85_48.80_,167_18_119_74_139_
09:53:35,49.00,15,4195,49.15_49.20_49.25_49.30_49.35_,100_94_134_59_134_,49.00_48.95_48.90_48.85_48.80_,152_18_119_74_139_
09:53:40,49.00,15,4195,49.15_49.20_49.25_49.30_49.35_,100_94_65_59_134_,49.00_48.95_48.90_48.85_48.80_,152_18_119_74_139_
09:53:46,49.15,20,4215,49.15_49.20_49.25_49.30_49.35_,82_94_53_59_134_,49.00_48.95_48.90_48.85_48.80_,152_18_120_74_139_
09:53:51,49.15,4,4219,49.15_49.20_49.25_49.30_49.35_,79_94_53_59_134_,49.00_48.95_48.90_48.85_48.80_,151_18_120_74_139_
09:53:56,49.15,4,4219,49.10_49.15_49.20_49.25_49.30_,69_83_87_53_59_,49.00_48.95_48.90_48.85_48.80_,152_18_120_74_143_
09:54:01,49.15,4,4219,49.10_49.15_49.20_49.25_49.30_,71_82_94_103_150_,49.05_49.00_48.95_48.90_48.85_,1_152_18_120_37_
09:54:06,49.05,4,4223,49.10_49.15_49.20_49.25_49.30_,80_81_94_45_200_,49.05_49.00_48.95_48.90_48.85_,1_153_18_119_125_
09:54:11,49.05,4,4223,49.10_49.15_49.20_49.25_49.30_,80_81_94_45_200_,49.05_49.00_48.95_48.90_48.85_,2_153_19_118_125_
09:54:16,49.05,1,4224,49.10_49.15_49.20_49.25_49.30_,80_81_94_45_200_,49.05_49.00_48.95_48.90_48.85_,14_159_19_118_125_
09:54:21,49.05,1,4224,49.10_49.15_49.20_49.25_49.30_,81_80_94_45_200_,49.05_49.00_48.95_48.90_48.85_,15_159_19_118_125_
09:54:27,49.05,2,4226,49.10_49.15_49.20_49.25_49.30_,88_77_94_45_200_,49.05_49.00_48.95_48.90_48.85_,20_170_19_118_125_
09:54:32,49.05,2,4226,49.10_49.15_49.20_49.25_49.30_,90_76_94_46_207_,49.05_49.00_48.95_48.90_48.85_,20_171_19_118_138_
09:54:37,49.05,6,4232,49.10_49.15_49.20_49.25_49.30_,91_76_94_46_207_,49.05_49.00_48.95_48.90_48.85_,16_171_19_118_138_
09:54:42,49.05,10,4242,49.10_49.15_49.20_49.25_49.30_,91_76_94_46_207_,49.05_49.00_48.95_48.90_48.85_,10_176_19_118_138_
09:54:47,49.10,2,4244,49.10_49.15_49.20_49.25_49.30_,89_76_94_46_207_,49.05_49.00_48.95_48.90_48.85_,15_177_19_118_138_
09:54:52,49.05,5,4249,49.10_49.15_49.20_49.25_49.30_,89_76_94_46_207_,49.05_49.00_48.95_48.90_48.85_,10_177_19_118_138_
09:55:02,49.05,5,4249,49.10_49.15_49.20_49.25_49.30_,89_76_94_46_207_,49.05_49.00_48.95_48.90_48.85_,10_182_19_118_138_
09:55:08,49.05,2,4251,49.10_49.15_49.20_49.25_49.30_,89_76_94_46_207_,49.05_49.00_48.95_48.90_48.85_,8_182_19_118_142_
09:55:13,49.05,4,4255,49.10_49.15_49.20_49.25_49.30_,89_76_94_46_207_,49.05_49.00_48.95_48.90_48.85_,4_182_19_118_142_
09:55:18,49.05,1,4256,49.10_49.15_49.20_49.25_49.30_,90_76_94_46_207_,49.05_49.00_48.95_48.90_48.85_,4_182_19_118_142_
09:55:23,49.05,1,4256,49.10_49.15_49.20_49.25_49.30_,91_76_94_46_208_,49.05_49.00_48.95_48.90_48.85_,4_194_19_119_144_
09:55:28,49.10,10,4266,49.10_49.15_49.20_49.25_49.30_,81_76_94_46_208_,49.05_49.00_48.95_48.90_48.85_,6_194_19_120_144_
09:55:33,49.05,6,4272,49.10_49.15_49.20_49.25_49.30_,81_76_94_46_208_,49.00_48.95_48.90_48.85_48.80_,194_19_120_144_99_
09:55:38,49.10,2,4274,49.10_49.15_49.20_49.25_49.30_,80_76_94_96_158_,49.00_48.95_48.90_48.85_48.80_,195_19_120_43_250_
09:55:43,49.10,2,4274,49.10_49.15_49.20_49.25_49.30_,80_76_94_96_158_,49.00_48.95_48.90_48.85_48.80_,195_19_121_43_250_
09:55:49,49.10,13,4287,49.10_49.15_49.20_49.25_49.30_,69_79_94_96_158_,49.00_48.95_48.90_48.85_48.80_,195_19_121_43_250_
09:55:54,49.10,13,4287,49.10_49.15_49.20_49.25_49.30_,71_79_94_96_158_,49.05_49.00_48.95_48.90_48.85_,1_195_19_121_43_
09:55:59,49.05,2,4289,49.10_49.15_49.20_49.25_49.30_,71_79_94_46_208_,49.05_49.00_48.95_48.90_48.85_,14_197_19_122_144_
09:56:09,49.05,1,4290,49.10_49.15_49.20_49.25_49.30_,71_79_94_46_208_,49.05_49.00_48.95_48.90_48.85_,14_199_19_122_144_
09:56:14,49.05,18,4308,49.05_49.10_49.15_49.20_49.25_,68_71_79_94_46_,49.00_48.95_48.90_48.85_48.80_,199_15_122_144_149_
09:56:19,49.05,9,4317,49.05_49.10_49.15_49.20_49.25_,76_64_79_87_236_,49.00_48.95_48.90_48.85_48.80_,199_9_122_43_257_
09:56:24,49.00,5,4322,49.05_49.10_49.15_49.20_49.25_,77_65_86_87_236_,49.00_48.95_48.90_48.85_48.80_,195_9_125_43_257_
09:56:29,49.00,2,4324,49.05_49.10_49.15_49.20_49.25_,78_63_86_87_236_,49.00_48.95_48.90_48.85_48.80_,197_9_126_43_257_
09:56:34,49.05,30,4354,49.05_49.10_49.15_49.20_49.25_,60_63_86_87_236_,49.00_48.95_48.90_48.85_48.80_,199_9_126_44_257_
09:56:40,49.00,7,4361,49.05_49.10_49.15_49.20_49.25_,61_63_86_87_236_,49.00_48.95_48.90_48.85_48.80_,192_9_126_44_258_
09:56:45,49.05,16,4377,49.05_49.10_49.15_49.20_49.25_,47_62_86_87_236_,49.00_48.95_48.90_48.85_48.80_,182_9_126_44_259_
09:56:50,49.05,1,4378,49.05_49.10_49.15_49.20_49.25_,50_59_86_87_236_,49.00_48.95_48.90_48.85_48.80_,197_12_126_44_259_
09:56:55,49.05,6,4384,49.05_49.10_49.15_49.20_49.25_,47_58_86_87_236_,49.00_48.95_48.90_48.85_48.80_,192_12_126_44_259_
09:57:00,49.05,1,4385,49.05_49.10_49.15_49.20_49.25_,48_58_85_87_236_,49.00_48.95_48.90_48.85_48.80_,192_12_126_44_260_
09:57:05,49.05,2,4387,49.05_49.10_49.15_49.20_49.25_,49_58_85_87_236_,49.00_48.95_48.90_48.85_48.80_,192_12_126_44_260_
09:57:10,49.00,5,4392,49.05_49.10_49.15_49.20_49.25_,49_58_85_87_236_,49.00_48.95_48.90_48.85_48.80_,187_12_126_44_260_
09:57:15,49.00,9,4401,49.05_49.10_49.15_49.20_49.25_,54_56_85_87_236_,49.00_48.95_48.90_48.85_48.80_,178_12_126_44_261_
09:57:21,49.05,3,4404,49.05_49.10_49.15_49.20_49.25_,53_56_85_87_236_,49.00_48.95_48.90_48.85_48.80_,178_15_126_44_261_
09:57:26,49.00,6,4410,49.05_49.10_49.15_49.20_49.25_,52_56_85_87_236_,49.00_48.95_48.90_48.85_48.80_,174_15_126_44_261_
09:57:36,49.05,1,4411,49.05_49.10_49.15_49.20_49.25_,51_56_84_87_236_,49.00_48.95_48.90_48.85_48.80_,174_15_126_44_261_
09:57:41,49.05,1,4411,49.05_49.10_49.15_49.20_49.25_,53_56_84_87_236_,49.00_48.95_48.90_48.85_48.80_,175_15_126_44_261_
09:57:46,49.00,4,4415,49.05_49.10_49.15_49.20_49.25_,53_57_84_87_236_,49.00_48.95_48.90_48.85_48.80_,173_15_127_44_261_
09:57:51,49.00,5,4420,49.05_49.10_49.15_49.20_49.25_,54_56_84_87_236_,49.00_48.95_48.90_48.85_48.80_,172_15_127_44_262_
09:57:56,49.00,2,4422,49.05_49.10_49.15_49.20_49.25_,54_56_84_87_236_,49.00_48.95_48.90_48.85_48.80_,170_15_127_54_264_
09:58:02,49.00,7,4429,49.05_49.10_49.15_49.20_49.25_,52_56_84_87_236_,49.00_48.95_48.90_48.85_48.80_,167_15_128_54_264_
09:58:07,49.00,1,4430,49.05_49.10_49.15_49.20_49.25_,52_56_84_87_236_,49.00_48.95_48.90_48.85_48.80_,167_15_128_54_272_
09:58:12,49.05,2,4432,49.05_49.10_49.15_49.20_49.25_,53_56_84_87_236_,49.00_48.95_48.90_48.85_48.80_,169_25_128_54_272_
09:58:17,49.05,1,4433,49.05_49.10_49.15_49.20_49.25_,52_56_84_87_236_,49.00_48.95_48.90_48.85_48.80_,211_25_129_54_272_
09:58:22,49.00,6,4439,49.05_49.10_49.15_49.20_49.25_,52_56_84_87_236_,49.00_48.95_48.90_48.85_48.80_,205_25_129_54_272_
09:58:27,49.05,2,4441,49.05_49.10_49.15_49.20_49.25_,50_56_84_87_236_,49.00_48.95_48.90_48.85_48.80_,205_25_129_54_272_
09:58:32,49.05,2,4441,49.05_49.10_49.15_49.20_49.25_,50_56_77_87_236_,49.00_48.95_48.90_48.85_48.80_,206_25_129_54_272_
09:58:37,49.00,3,4444,49.05_49.10_49.15_49.20_49.25_,51_56_77_87_236_,49.00_48.95_48.90_48.85_48.80_,208_25_129_54_272_
09:58:43,49.05,4,4448,49.05_49.10_49.15_49.20_49.25_,48_56_77_87_236_,49.00_48.95_48.90_48.85_48.80_,207_25_129_54_272_
09:58:48,49.05,1,4449,49.05_49.10_49.15_49.20_49.25_,47_56_77_87_236_,49.00_48.95_48.90_48.85_48.80_,210_25_129_54_272_
09:58:53,49.05,1,4450,49.05_49.10_49.15_49.20_49.25_,46_56_77_87_236_,49.00_48.95_48.90_48.85_48.80_,221_25_128_54_272_
09:58:58,49.05,4,4454,49.05_49.10_49.15_49.20_49.25_,42_56_77_87_236_,49.00_48.95_48.90_48.85_48.80_,219_25_128_54_272_
09:59:03,49.05,6,4460,49.05_49.10_49.15_49.20_49.25_,39_56_77_87_236_,49.00_48.95_48.90_48.85_48.80_,235_25_127_54_272_
09:59:08,49.05,6,4460,49.05_49.10_49.15_49.20_49.25_,39_56_77_87_236_,49.00_48.95_48.90_48.85_48.80_,238_25_127_54_272_
09:59:13,49.00,10,4470,49.05_49.10_49.15_49.20_49.25_,39_56_77_87_236_,49.00_48.95_48.90_48.85_48.80_,244_25_127_54_272_
09:59:18,49.00,3,4473,49.05_49.10_49.15_49.20_49.25_,38_66_87_87_236_,49.00_48.95_48.90_48.85_48.80_,253_25_127_54_272_
09:59:24,49.00,4,4477,49.05_49.10_49.15_49.20_49.25_,38_66_87_107_236_,49.00_48.95_48.90_48.85_48.80_,251_25_127_54_272_
09:59:29,49.05,1,4478,49.05_49.10_49.15_49.20_49.25_,37_66_87_109_236_,49.00_48.95_48.90_48.85_48.80_,251_25_127_54_272_
09:59:34,49.05,1,4478,49.05_49.10_49.15_49.20_49.25_,36_66_87_109_256_,49.00_48.95_48.90_48.85_48.80_,251_26_127_54_272_
09:59:39,49.05,1,4478,49.05_49.10_49.15_49.20_49.25_,37_66_87_109_256_,49.00_48.95_48.90_48.85_48.80_,251_26_127_54_272_
09:59:44,49.05,1,4479,49.05_49.10_49.15_49.20_49.25_,36_66_87_109_266_,49.00_48.95_48.90_48.85_48.80_,251_26_127_54_272_
09:59:49,49.05,1,4480,49.05_49.10_49.15_49.20_49.25_,35_66_87_109_266_,49.00_48.95_48.90_48.85_48.80_,252_26_127_54_272_
09:59:54,49.05,1,4481,49.05_49.10_49.15_49.20_49.25_,34_66_87_109_266_,49.00_48.95_48.90_48.85_48.80_,253_27_127_54_272_
09:59:59,49.05,30,4511,49.05_49.10_49.15_49.20_49.25_,6_66_87_109_266_,49.00_48.95_48.90_48.85_48.80_,254_27_127_54_272_
10:00:05,49.05,7,4518,49.10_49.15_49.20_49.25_49.30_,65_87_109_266_36_,49.05_49.00_48.95_48.90_48.85_,4_255_27_127_54_
10:00:10,49.05,1,4519,49.10_49.15_49.20_49.25_49.30_,65_87_117_75_227_,49.00_48.95_48.90_48.85_48.80_,259_34_126_153_162_
10:00:15,49.10,1,4520,49.10_49.15_49.20_49.25_49.30_,64_87_117_125_177_,49.00_48.95_48.90_48.85_48.80_,256_34_126_89_226_
10:00:20,49.10,1,4520,49.10_49.15_49.20_49.25_49.30_,64_87_117_125_177_,49.05_49.00_48.95_48.90_48.85_,5_259_34_126_89_
10:00:25,49.05,4,4524,49.10_49.15_49.20_49.25_49.30_,67_87_117_75_227_,49.05_49.00_48.95_48.90_48.85_,106_258_34_126_153_
10:00:30,49.10,1,4525,49.10_49.15_49.20_49.25_49.30_,66_87_110_76_227_,49.05_49.00_48.95_48.90_48.85_,106_261_34_126_153_
10:00:35,49.10,1,4525,49.10_49.15_49.20_49.25_49.30_,67_87_110_76_227_,49.05_49.00_48.95_48.90_48.85_,107_269_36_128_146_
10:00:40,49.05,10,4535,49.10_49.15_49.20_49.25_49.30_,68_87_110_76_227_,49.05_49.00_48.95_48.90_48.85_,98_274_36_128_146_
10:00:45,49.05,2,4537,49.10_49.15_49.20_49.25_49.30_,68_87_110_76_227_,49.05_49.00_48.95_48.90_48.85_,97_275_36_128_146_
10:00:51,49.10,6,4543,49.10_49.15_49.20_49.25_49.30_,62_87_110_76_227_,49.05_49.00_48.95_48.90_48.85_,98_266_36_128_155_
10:00:56,49.10,6,4543,49.10_49.15_49.20_49.25_49.30_,62_87_110_76_227_,49.05_49.00_48.95_48.90_48.85_,98_266_36_129_155_
10:01:01,49.10,6,4543,49.10_49.15_49.20_49.25_49.30_,65_84_110_76_227_,49.05_49.00_48.95_48.90_48.85_,98_269_36_130_155_
10:01:06,49.10,6,4543,49.10_49.15_49.20_49.25_49.30_,65_84_110_76_227_,49.05_49.00_48.95_48.90_48.85_,107_274_36_130_155_
10:01:11,49.10,6,4543,49.10_49.15_49.20_49.25_49.30_,65_84_110_76_227_,49.05_49.00_48.95_48.90_48.85_,107_264_36_130_155_
10:01:16,49.10,1,4544,49.10_49.15_49.20_49.25_49.30_,64_84_110_76_227_,49.05_49.00_48.95_48.90_48.85_,113_265_30_130_155_
10:01:21,49.10,11,4555,49.10_49.15_49.20_49.25_49.30_,53_84_110_76_227_,49.05_49.00_48.95_48.90_48.85_,118_266_40_130_155_
10:01:27,49.10,17,4572,49.10_49.15_49.20_49.25_49.30_,49_84_110_76_227_,49.05_49.00_48.95_48.90_48.85_,118_266_40_130_155_
10:01:32,49.10,51,4623,49.15_49.20_49.25_49.30_49.45_,84_119_78_229_5_,49.10_49.05_49.00_48.95_48.90_,59_112_251_40_130_
10:01:37,49.15,19,4642,49.15_49.20_49.25_49.30_49.35_,69_110_84_31_9_,49.10_49.05_49.00_48.95_48.90_,75_114_245_40_229_
10:01:42,49.10,9,4651,49.15_49.20_49.25_49.30_49.35_,71_110_84_31_200_,49.10_49.05_49.00_48.95_48.90_,67_114_248_39_228_
10:01:47,49.15,7,4658,49.15_49.20_49.25_49.30_49.35_,69_110_84_31_200_,49.10_49.05_49.00_48.95_48.90_,68_115_248_39_228_
10:01:52,49.10,6,4664,49.15_49.20_49.25_49.30_49.35_,69_110_84_31_200_,49.10_49.05_49.00_48.95_48.90_,64_116_248_34_228_
10:01:57,49.10,14,4678,49.15_49.20_49.25_49.30_49.35_,69_110_84_31_200_,49.10_49.05_49.00_48.95_48.90_,52_121_240_34_228_
10:02:02,49.10,19,4697,49.15_49.20_49.25_49.30_49.35_,69_110_84_31_200_,49.10_49.05_49.00_48.95_48.90_,38_120_240_34_228_
10:02:08,49.15,3,4700,49.15_49.20_49.25_49.30_49.35_,68_110_84_31_200_,49.10_49.05_49.00_48.95_48.90_,40_120_240_34_228_
10:02:13,49.15,4,4704,49.15_49.20_49.25_49.30_49.35_,68_110_84_31_200_,49.10_49.05_49.00_48.95_48.90_,46_114_240_34_227_
10:02:18,49.15,1,4705,49.15_49.20_49.25_49.30_49.35_,67_110_84_31_200_,49.10_49.05_49.00_48.95_48.90_,50_116_254_34_227_
10:02:23,49.15,1,4705,49.15_49.20_49.25_49.30_49.35_,67_110_84_31_200_,49.10_49.05_49.00_48.95_48.90_,50_116_235_34_227_
10:02:28,49.15,1,4705,49.15_49.20_49.25_49.30_49.35_,67_110_84_31_200_,49.10_49.05_49.00_48.95_48.90_,92_116_195_34_227_
10:02:33,49.10,4,4709,49.15_49.20_49.25_49.30_49.35_,67_110_84_31_200_,49.10_49.05_49.00_48.95_48.90_,88_116_195_34_227_
10:02:38,49.10,1,4710,49.15_49.20_49.25_49.30_49.35_,70_110_84_31_200_,49.10_49.05_49.00_48.95_48.90_,88_116_195_34_226_
10:02:44,49.10,1,4710,49.15_49.20_49.25_49.30_49.35_,75_110_84_31_200_,49.10_49.05_49.00_48.95_48.90_,88_120_195_34_226_
10:02:49,49.10,3,4713,49.15_49.20_49.25_49.30_49.35_,75_110_84_31_200_,49.10_49.05_49.00_48.95_48.90_,85_121_194_34_226_
10:02:54,49.10,3,4713,49.15_49.20_49.25_49.30_49.35_,75_110_84_31_200_,49.10_49.05_49.00_48.95_48.90_,88_121_194_34_226_
10:02:59,49.10,6,4719,49.15_49.20_49.25_49.30_49.35_,76_110_84_31_200_,49.10_49.05_49.00_48.95_48.90_,82_121_194_34_226_
10:03:04,49.10,6,4725,49.15_49.20_49.25_49.30_49.35_,76_110_84_31_200_,49.10_49.05_49.00_48.95_48.90_,77_121_195_34_226_
10:03:09,49.10,6,4725,49.15_49.20_49.25_49.30_49.35_,76_110_84_31_200_,49.10_49.05_49.00_48.95_48.90_,86_121_178_34_226_
10:03:14,49.10,6,4725,49.15_49.20_49.25_49.30_49.35_,77_110_84_31_200_,49.10_49.05_49.00_48.95_48.90_,87_121_179_34_226_
10:03:20,49.10,6,4725,49.15_49.20_49.25_49.30_49.35_,77_110_84_31_200_,49.10_49.05_49.00_48.95_48.90_,90_121_188_34_226_
10:03:25,49.10,6,4725,49.15_49.20_49.25_49.30_49.35_,77_110_84_31_200_,49.10_49.05_49.00_48.95_48.90_,91_121_188_34_229_
10:03:30,49.10,4,4729,49.15_49.20_49.25_49.30_49.35_,77_110_84_31_200_,49.10_49.05_49.00_48.95_48.90_,97_121_188_34_230_
10:03:35,49.10,5,4734,49.15_49.20_49.25_49.30_49.35_,77_110_84_31_200_,49.10_49.05_49.00_48.95_48.90_,93_124_188_34_230_
10:03:40,49.10,5,4734,49.15_49.20_49.25_49.30_49.35_,77_110_84_31_200_,49.10_49.05_49.00_48.95_48.90_,94_124_187_34_230_
10:03:50,49.15,3,4738,49.15_49.20_49.25_49.30_49.35_,75_113_84_31_200_,49.10_49.05_49.00_48.95_48.90_,94_124_187_34_230_
10:03:56,49.15,3,4738,49.15_49.20_49.25_49.30_49.35_,75_113_84_31_200_,49.10_49.05_49.00_48.95_48.90_,95_124_188_34_230_
10:04:01,49.15,3,4738,49.15_49.20_49.25_49.30_49.35_,75_113_84_31_200_,49.10_49.05_49.00_48.95_48.90_,95_124_196_34_230_
10:04:06,49.15,3,4738,49.15_49.20_49.25_49.30_49.35_,75_113_84_31_200_,49.10_49.05_49.00_48.95_48.90_,96_124_196_34_230_
10:04:11,49.10,5,4743,49.15_49.20_49.25_49.30_49.35_,75_114_84_31_200_,49.10_49.05_49.00_48.95_48.90_,96_124_201_34_230_
10:04:16,49.10,2,4745,49.15_49.20_49.25_49.30_49.35_,75_114_84_31_200_,49.10_49.05_49.00_48.95_48.90_,94_124_201_84_230_
10:04:21,49.10,2,4745,49.15_49.20_49.25_49.30_49.35_,75_114_84_31_200_,49.10_49.05_49.00_48.95_48.90_,94_124_201_84_229_
10:04:26,49.10,2,4745,49.15_49.20_49.25_49.30_49.35_,75_114_84_31_200_,49.10_49.05_49.00_48.95_48.90_,95_124_201_84_229_
10:04:31,49.10,2,4745,49.15_49.20_49.25_49.30_49.35_,77_114_84_31_200_,49.10_49.05_49.00_48.95_48.90_,100_124_201_84_229_
10:04:37,49.10,7,4752,49.15_49.20_49.25_49.30_49.35_,76_114_84_31_200_,49.10_49.05_49.00_48.95_48.90_,93_124_201_84_229_
10:04:42,49.10,7,4752,49.15_49.20_49.25_49.30_49.35_,76_115_84_31_200_,49.10_49.05_49.00_48.95_48.90_,93_125_201_84_229_
10:04:47,49.10,5,4757,49.15_49.20_49.25_49.30_49.35_,77_115_84_31_200_,49.10_49.05_49.00_48.95_48.90_,86_125_201_84_229_
10:04:52,49.10,5,4762,49.15_49.20_49.25_49.30_49.35_,77_115_84_31_200_,49.10_49.05_49.00_48.95_48.90_,81_135_201_84_229_
10:04:57,49.10,2,4764,49.15_49.20_49.25_49.30_49.35_,80_115_84_31_200_,49.10_49.05_49.00_48.95_48.90_,79_135_201_84_229_
10:05:02,49.10,2,4766,49.15_49.20_49.25_49.30_49.35_,80_115_84_31_200_,49.10_49.05_49.00_48.95_48.90_,79_135_202_84_229_
10:05:07,49.10,1,4767,49.15_49.20_49.25_49.30_49.35_,80_115_84_31_200_,49.10_49.05_49.00_48.95_48.90_,79_135_202_84_229_
10:05:12,49.10,1,4767,49.15_49.20_49.25_49.30_49.35_,80_115_84_31_200_,49.10_49.05_49.00_48.95_48.90_,84_135_205_84_229_
10:05:18,49.10,4,4771,49.15_49.20_49.25_49.30_49.35_,77_115_84_31_200_,49.10_49.05_49.00_48.95_48.90_,80_135_205_84_229_
10:05:23,49.15,5,4776,49.15_49.20_49.25_49.30_49.35_,71_116_83_31_200_,49.10_49.05_49.00_48.95_48.90_,76_135_205_84_227_
10:05:33,49.10,1,4777,49.15_49.20_49.25_49.30_49.35_,71_116_83_31_200_,49.10_49.05_49.00_48.95_48.90_,75_135_205_84_227_
10:05:38,49.10,2,4779,49.15_49.20_49.25_49.30_49.35_,72_116_83_31_201_,49.10_49.05_49.00_48.95_48.90_,75_135_205_84_228_
10:05:43,49.10,3,4782,49.15_49.20_49.25_49.30_49.35_,73_116_83_31_201_,49.10_49.05_49.00_48.95_48.90_,75_135_205_84_228_
10:05:48,49.10,3,4782,49.15_49.20_49.25_49.30_49.35_,74_116_83_31_201_,49.10_49.05_49.00_48.95_48.90_,77_135_205_84_228_
10:05:53,49.10,3,4782,49.15_49.20_49.25_49.30_49.35_,74_116_83_32_201_,49.10_49.05_49.00_48.95_48.90_,78_135_205_84_227_
10:06:04,49.10,3,4782,49.15_49.20_49.25_49.30_49.35_,74_116_83_32_201_,49.10_49.05_49.00_48.95_48.90_,79_135_205_84_237_
10:06:09,49.10,2,4784,49.15_49.20_49.25_49.30_49.35_,74_116_83_32_201_,49.10_49.05_49.00_48.95_48.90_,78_135_205_84_237_
10:06:14,49.10,2,4784,49.15_49.20_49.25_49.30_49.35_,74_116_83_32_201_,49.10_49.05_49.00_48.95_48.90_,80_134_205_84_237_
10:06:19,49.10,5,4789,49.15_49.20_49.25_49.30_49.35_,74_116_83_32_201_,49.10_49.05_49.00_48.95_48.90_,75_134_205_84_237_
10:06:24,49.15,5,4794,49.15_49.20_49.25_49.30_49.35_,70_116_83_32_201_,49.10_49.05_49.00_48.95_48.90_,78_134_205_84_237_
10:06:29,49.10,1,4795,49.15_49.20_49.25_49.30_49.35_,69_116_83_32_201_,49.10_49.05_49.00_48.95_48.90_,77_134_205_84_238_
10:06:34,49.10,1,4795,49.15_49.20_49.25_49.30_49.35_,69_116_83_32_201_,49.10_49.05_49.00_48.95_48.90_,77_134_205_84_237_
10:06:39,49.10,1,4795,49.15_49.20_49.25_49.30_49.35_,69_116_74_32_201_,49.10_49.05_49.00_48.95_48.90_,78_134_205_84_238_
10:06:45,49.10,4,4799,49.15_49.20_49.25_49.30_49.35_,70_116_74_32_201_,49.10_49.05_49.00_48.95_48.90_,74_134_205_84_238_
10:06:50,49.15,5,4804,49.15_49.20_49.25_49.30_49.35_,65_116_74_32_201_,49.10_49.05_49.00_48.95_48.90_,78_134_205_84_238_
10:06:55,49.10,2,4806,49.15_49.20_49.25_49.30_49.35_,70_116_74_32_201_,49.10_49.05_49.00_48.95_48.90_,76_134_205_85_239_
10:07:00,49.10,2,4808,49.15_49.20_49.25_49.30_49.35_,74_116_74_32_201_,49.10_49.05_49.00_48.95_48.90_,74_134_205_85_238_
10:07:05,49.10,2,4810,49.15_49.20_49.25_49.30_49.35_,74_116_74_32_201_,49.10_49.05_49.00_48.95_48.90_,72_134_206_85_239_
10:07:10,49.10,2,4810,49.15_49.20_49.25_49.30_49.35_,77_116_74_32_201_,49.10_49.05_49.00_48.95_48.90_,72_134_206_85_240_
10:07:15,49.10,1,4811,49.15_49.20_49.25_49.30_49.35_,77_116_74_32_201_,49.10_49.05_49.00_48.95_48.90_,76_131_206_85_240_
10:07:20,49.10,2,4813,49.15_49.20_49.25_49.30_49.35_,77_116_74_32_201_,49.10_49.05_49.00_48.95_48.90_,127_131_206_85_240_
10:07:26,49.10,1,4814,49.15_49.20_49.25_49.30_49.35_,76_116_74_32_201_,49.10_49.05_49.00_48.95_48.90_,126_131_206_85_240_
10:07:31,49.10,7,4821,49.15_49.20_49.25_49.30_49.35_,76_116_74_32_201_,49.10_49.05_49.00_48.95_48.90_,120_35_206_85_239_
10:07:36,49.10,7,4821,49.15_49.20_49.25_49.30_49.35_,76_116_74_32_201_,49.10_49.05_49.00_48.95_48.90_,121_35_206_85_240_
10:07:41,49.10,2,4823,49.15_49.20_49.25_49.30_49.35_,76_116_74_32_201_,49.10_49.05_49.00_48.95_48.90_,119_135_206_85_240_
10:07:46,49.10,11,4834,49.15_49.20_49.25_49.30_49.35_,74_116_74_32_201_,49.10_49.05_49.00_48.95_48.90_,111_135_206_85_239_
10:07:51,49.15,5,4839,49.15_49.20_49.25_49.30_49.35_,71_116_74_32_201_,49.10_49.05_49.00_48.95_48.90_,116_135_206_85_239_
10:07:56,49.10,2,4841,49.15_49.20_49.25_49.30_49.35_,78_116_74_32_201_,49.10_49.05_49.00_48.95_48.90_,121_135_206_85_239_
10:08:01,49.10,2,4841,49.15_49.20_49.25_49.30_49.35_,79_116_74_31_201_,49.10_49.05_49.00_48.95_48.90_,121_135_206_85_239_
10:08:07,49.10,2,4841,49.15_49.20_49.25_49.30_49.35_,79_116_74_31_201_,49.10_49.05_49.00_48.95_48.90_,122_135_206_85_239_
10:08:12,49.10,2,4843,49.15_49.20_49.25_49.30_49.35_,79_116_83_31_201_,49.10_49.05_49.00_48.95_48.90_,125_132_206_85_239_
10:08:17,49.10,2,4845,49.15_49.20_49.25_49.30_49.35_,79_116_83_31_201_,49.10_49.05_49.00_48.95_48.90_,123_132_206_85_239_
10:08:22,49.10,2,4845,49.15_49.20_49.25_49.30_49.35_,79_116_83_33_201_,49.10_49.05_49.00_48.95_48.90_,127_132_206_85_239_
10:08:27,49.10,5,4850,49.15_49.20_49.25_49.30_49.35_,78_116_83_33_201_,49.10_49.05_49.00_48.95_48.90_,122_132_206_85_239_
10:08:32,49.10,5,4850,49.15_49.20_49.25_49.30_49.35_,78_116_83_33_201_,49.10_49.05_49.00_48.95_48.90_,125_135_206_85_239_
10:08:37,49.10,4,4854,49.15_49.20_49.25_49.30_49.35_,78_116_83_33_201_,49.10_49.05_49.00_48.95_48.90_,121_135_207_85_239_
10:08:42,49.10,4,4854,49.15_49.20_49.25_49.30_49.35_,79_116_83_33_201_,49.10_49.05_49.00_48.95_48.90_,121_135_207_85_239_
10:08:48,49.10,7,4861,49.15_49.20_49.25_49.30_49.35_,79_116_83_33_201_,49.10_49.05_49.00_48.95_48.90_,117_135_208_85_239_
10:08:53,49.10,3,4864,49.15_49.20_49.25_49.30_49.35_,83_116_83_33_201_,49.10_49.05_49.00_48.95_48.90_,115_135_208_85_239_
10:08:58,49.10,20,4884,49.15_49.20_49.25_49.30_49.35_,83_116_83_33_201_,49.10_49.05_49.00_48.95_48.90_,96_135_208_85_239_
10:09:03,49.10,3,4887,49.15_49.20_49.25_49.30_49.35_,87_136_83_33_201_,49.10_49.05_49.00_48.95_48.90_,98_135_208_85_239_
10:09:08,49.15,9,4896,49.15_49.20_49.25_49.30_49.35_,80_136_83_33_200_,49.10_49.05_49.00_48.95_48.90_,99_135_208_85_239_
10:09:18,49.10,5,4903,49.15_49.20_49.25_49.30_49.35_,80_136_83_33_200_,49.10_49.05_49.00_48.95_48.90_,93_135_208_85_239_
10:09:23,49.10,7,4910,49.15_49.20_49.25_49.30_49.35_,79_136_83_33_200_,49.10_49.05_49.00_48.95_48.90_,89_135_208_85_239_
10:09:29,49.10,7,4910,49.15_49.20_49.25_49.30_49.35_,82_136_83_33_200_,49.10_49.05_49.00_48.95_48.90_,88_135_208_85_239_
10:09:34,49.10,1,4911,49.15_49.20_49.25_49.30_49.35_,82_136_83_33_200_,49.10_49.05_49.00_48.95_48.90_,87_135_208_85_239_
10:09:39,49.15,2,4913,49.15_49.20_49.25_49.30_49.35_,80_136_83_33_200_,49.10_49.05_49.00_48.95_48.90_,87_135_208_85_239_
10:09:44,49.15,2,4913,49.15_49.20_49.25_49.30_49.35_,81_136_83_33_200_,49.10_49.05_49.00_48.95_48.90_,89_138_208_85_239_
10:09:49,49.10,2,4915,49.15_49.20_49.25_49.30_49.35_,81_136_83_33_200_,49.10_49.05_49.00_48.95_48.90_,87_138_208_85_239_
10:09:54,49.10,3,4918,49.15_49.20_49.25_49.30_49.35_,81_136_83_33_200_,49.10_49.05_49.00_48.95_48.90_,84_138_208_85_239_
10:10:04,49.10,2,4920,49.15_49.20_49.25_49.30_49.35_,83_133_83_33_200_,49.10_49.05_49.00_48.95_48.90_,84_138_208_85_239_
10:10:10,49.10,1,4921,49.15_49.20_49.25_49.30_49.35_,83_133_83_33_200_,49.10_49.05_49.00_48.95_48.90_,83_138_212_85_239_
10:10:15,49.15,2,4923,49.15_49.20_49.25_49.30_49.35_,87_133_83_33_200_,49.10_49.05_49.00_48.95_48.90_,83_138_212_85_239_
10:10:20,49.10,9,4932,49.15_49.20_49.25_49.30_49.35_,86_133_83_33_200_,49.10_49.05_49.00_48.95_48.90_,74_138_212_85_239_
10:10:25,49.10,5,4937,49.15_49.20_49.25_49.30_49.35_,86_133_83_33_200_,49.10_49.05_49.00_48.95_48.90_,119_138_212_85_239_
10:10:30,49.10,2,4939,49.15_49.20_49.25_49.30_49.35_,88_133_83_33_200_,49.10_49.05_49.00_48.95_48.90_,132_138_212_85_239_
10:10:35,49.15,3,4942,49.15_49.20_49.25_49.30_49.35_,85_133_83_33_200_,49.10_49.05_49.00_48.95_48.90_,133_138_217_85_239_
10:10:40,49.10,1,4943,49.15_49.20_49.25_49.30_49.35_,85_133_83_33_200_,49.10_49.05_49.00_48.95_48.90_,132_138_217_85_239_
10:10:45,49.10,1,4943,49.15_49.20_49.25_49.30_49.35_,86_133_83_33_200_,49.10_49.05_49.00_48.95_48.90_,135_138_217_85_239_
10:10:51,49.15,7,4950,49.15_49.20_49.25_49.30_49.35_,80_133_83_33_200_,49.10_49.05_49.00_48.95_48.90_,135_138_217_85_239_
10:10:56,49.10,4,4954,49.15_49.20_49.25_49.30_49.35_,80_133_83_33_200_,49.10_49.05_49.00_48.95_48.90_,131_138_217_85_239_
10:11:01,49.15,1,4955,49.15_49.20_49.25_49.30_49.35_,79_133_83_33_200_,49.10_49.05_49.00_48.95_48.90_,131_138_217_85_239_
10:11:06,49.10,23,4978,49.15_49.20_49.25_49.30_49.35_,79_133_83_33_200_,49.10_49.05_49.00_48.95_48.90_,108_138_217_85_239_
10:11:11,49.10,5,4983,49.15_49.20_49.25_49.30_49.35_,78_133_83_33_200_,49.10_49.05_49.00_48.95_48.90_,103_138_217_85_239_
10:11:16,49.10,7,4990,49.15_49.20_49.25_49.30_49.35_,77_133_83_33_201_,49.10_49.05_49.00_48.95_48.90_,96_138_220_85_239_
10:11:21,49.10,7,4990,49.15_49.20_49.25_49.30_49.35_,78_133_83_33_201_,49.10_49.05_49.00_48.95_48.90_,97_138_220_85_239_
10:11:27,49.10,1,4991,49.15_49.20_49.25_49.30_49.35_,78_133_83_33_201_,49.10_49.05_49.00_48.95_48.90_,96_138_220_85_241_
10:11:32,49.15,1,4992,49.15_49.20_49.25_49.30_49.35_,81_133_83_33_201_,49.10_49.05_49.00_48.95_48.90_,96_138_220_85_241_
10:11:37,49.15,1,4992,49.15_49.20_49.25_49.30_49.35_,84_132_83_33_201_,49.10_49.05_49.00_48.95_48.90_,96_138_220_85_241_
10:11:42,49.15,1,4993,49.15_49.20_49.25_49.30_49.35_,83_135_83_33_201_,49.10_49.05_49.00_48.95_48.90_,96_138_220_85_241_
10:11:47,49.10,2,4995,49.15_49.20_49.25_49.30_49.35_,84_135_83_33_201_,49.10_49.05_49.00_48.95_48.90_,100_138_220_85_241_
10:11:52,49.15,8,5003,49.15_49.20_49.25_49.30_49.35_,76_135_83_33_201_,49.10_49.05_49.00_48.95_48.90_,100_138_221_85_241_
10:11:57,49.10,6,5009,49.15_49.20_49.25_49.30_49.35_,73_135_83_33_201_,49.10_49.05_49.00_48.95_48.90_,94_138_221_85_241_
10:12:08,49.10,6,5009,49.15_49.20_49.25_49.30_49.35_,73_135_83_33_201_,49.10_49.05_49.00_48.95_48.90_,125_184_222_85_241_
10:12:13,49.15,10,5019,49.15_49.20_49.25_49.30_49.35_,63_135_83_33_201_,49.10_49.05_49.00_48.95_48.90_,127_184_222_85_241_
10:12:18,49.15,3,5022,49.15_49.20_49.25_49.30_49.35_,60_135_83_33_201_,49.10_49.05_49.00_48.95_48.90_,130_189_222_85_242_
10:12:23,49.10,6,5028,49.15_49.20_49.25_49.30_49.35_,57_135_83_33_201_,49.10_49.05_49.00_48.95_48.90_,131_145_222_85_242_
10:12:28,49.15,2,5030,49.15_49.20_49.25_49.30_49.35_,55_135_83_33_201_,49.10_49.05_49.00_48.95_48.90_,136_145_223_85_242_
10:12:33,49.15,2,5030,49.15_49.20_49.25_49.30_49.35_,55_135_45_33_201_,49.10_49.05_49.00_48.95_48.90_,136_145_223_85_242_
10:12:38,49.10,2,5032,49.15_49.20_49.25_49.30_49.35_,55_135_45_33_202_,49.10_49.05_49.00_48.95_48.90_,134_145_223_85_242_
10:12:44,49.10,2,5032,49.15_49.20_49.25_49.30_49.35_,55_135_45_33_202_,49.10_49.05_49.00_48.95_48.90_,145_145_223_85_242_
10:12:49,49.15,6,5038,49.15_49.20_49.25_49.30_49.35_,89_135_45_33_202_,49.10_49.05_49.00_48.95_48.90_,166_145_228_85_242_
10:12:54,49.15,3,5041,49.15_49.20_49.25_49.30_49.35_,94_134_45_33_201_,49.10_49.05_49.00_48.95_48.90_,165_145_230_85_242_
10:12:59,49.15,1,5042,49.15_49.20_49.25_49.30_49.35_,94_134_45_33_202_,49.10_49.05_49.00_48.95_48.90_,171_145_230_85_238_
10:13:04,49.10,6,5048,49.15_49.20_49.25_49.30_49.35_,105_124_45_33_202_,49.10_49.05_49.00_48.95_48.90_,166_145_230_85_238_
10:13:09,49.15,2,5050,49.15_49.20_49.25_49.30_49.35_,103_124_45_33_202_,49.10_49.05_49.00_48.95_48.90_,166_145_230_85_238_
10:13:14,49.10,14,5064,49.15_49.20_49.25_49.30_49.35_,100_124_35_33_202_,49.10_49.05_49.00_48.95_48.90_,158_142_230_85_238_
10:13:19,49.15,5,5069,49.15_49.20_49.25_49.30_49.35_,98_124_33_33_202_,49.10_49.05_49.00_48.95_48.90_,158_142_230_85_238_
10:13:25,49.15,11,5080,49.15_49.20_49.25_49.30_49.35_,93_124_33_33_202_,49.10_49.05_49.00_48.95_48.90_,154_142_230_85_238_
10:13:30,49.15,3,5083,49.15_49.20_49.25_49.30_49.35_,92_124_33_33_202_,49.10_49.05_49.00_48.95_48.90_,154_142_230_85_238_
10:13:35,49.15,3,5083,49.15_49.20_49.25_49.30_49.35_,94_124_33_33_202_,49.10_49.05_49.00_48.95_48.90_,174_142_232_85_238_
10:13:40,49.15,3,5083,49.15_49.20_49.25_49.30_49.35_,95_124_33_33_202_,49.10_49.05_49.00_48.95_48.90_,174_142_232_85_238_
10:13:45,49.15,10,5093,49.15_49.20_49.25_49.30_49.35_,90_124_33_33_202_,49.10_49.05_49.00_48.95_48.90_,175_142_232_85_238_
10:13:50,49.15,13,5106,49.15_49.20_49.25_49.30_49.35_,82_124_33_33_202_,49.10_49.05_49.00_48.95_48.90_,166_142_232_85_238_
10:13:55,49.15,5,5111,49.15_49.20_49.25_49.30_49.35_,77_129_33_33_202_,49.10_49.05_49.00_48.95_48.90_,166_143_233_85_238_
10:14:01,49.15,80,5191,49.15_49.20_49.25_49.30_49.35_,1_129_33_33_202_,49.10_49.05_49.00_48.95_48.90_,171_143_233_85_238_
10:14:06,49.15,5,5196,49.20_49.25_49.30_49.35_49.40_,129_24_33_218_19_,49.15_49.10_49.05_49.00_48.95_,28_163_143_234_85_
10:14:11,49.15,1,5197,49.20_49.25_49.30_49.35_49.40_,128_24_33_27_200_,49.15_49.10_49.05_49.00_48.95_,34_161_151_225_186_
10:14:16,49.20,14,5211,49.20_49.25_49.30_49.35_49.40_,114_24_33_13_200_,49.15_49.10_49.05_49.00_48.95_,40_161_148_228_186_
10:14:21,49.20,14,5211,49.20_49.25_49.30_49.35_49.40_,114_25_33_12_200_,49.15_49.10_49.05_49.00_48.95_,39_163_148_231_266_
10:14:26,49.15,2,5213,49.20_49.25_49.30_49.35_49.40_,114_25_33_12_200_,49.15_49.10_49.05_49.00_48.95_,37_164_148_231_266_
10:14:37,49.15,2,5215,49.20_49.25_49.30_49.35_49.40_,114_25_33_12_200_,49.15_49.10_49.05_49.00_48.95_,36_164_148_231_266_
10:14:42,49.20,3,5218,49.20_49.25_49.30_49.35_49.40_,114_25_33_12_200_,49.15_49.10_49.05_49.00_48.95_,37_165_148_231_266_
10:14:47,49.20,3,5218,49.20_49.25_49.30_49.35_49.40_,120_25_33_12_200_,49.15_49.10_49.05_49.00_48.95_,38_165_148_231_266_
10:14:52,49.15,2,5220,49.20_49.25_49.30_49.35_49.40_,120_26_33_12_200_,49.15_49.10_49.05_49.00_48.95_,42_166_148_231_266_
10:14:57,49.20,1,5221,49.20_49.25_49.30_49.35_49.40_,119_26_33_12_200_,49.15_49.10_49.05_49.00_48.95_,44_166_148_231_266_
10:15:02,49.15,1,5222,49.20_49.25_49.30_49.35_49.40_,119_26_33_12_200_,49.15_49.10_49.05_49.00_48.95_,43_167_148_231_266_
10:15:07,49.15,5,5227,49.20_49.25_49.30_49.35_49.40_,122_26_33_12_200_,49.15_49.10_49.05_49.00_48.95_,38_167_148_231_266_
10:15:12,49.15,2,5229,49.20_49.25_49.30_49.35_49.40_,122_27_33_12_200_,49.15_49.10_49.05_49.00_48.95_,36_167_148_230_266_
10:15:18,49.15,1,5230,49.20_49.25_49.30_49.35_49.40_,122_27_33_12_200_,49.15_49.10_49.05_49.00_48.95_,35_167_148_230_266_
10:15:23,49.15,1,5230,49.20_49.25_49.30_49.35_49.40_,122_27_33_12_200_,49.15_49.10_49.05_49.00_48.95_,35_167_148_232_266_
10:15:28,49.15,2,5232,49.20_49.25_49.30_49.35_49.40_,122_27_33_12_200_,49.15_49.10_49.05_49.00_48.95_,33_167_148_232_266_
10:15:33,49.15,2,5232,49.20_49.25_49.30_49.35_49.40_,123_27_33_12_200_,49.15_49.10_49.05_49.00_48.95_,36_168_148_232_266_
10:15:38,49.15,2,5232,49.20_49.25_49.30_49.35_49.40_,123_27_33_17_200_,49.15_49.10_49.05_49.00_48.95_,36_168_148_252_266_
10:15:43,49.15,3,5235,49.20_49.25_49.30_49.35_49.40_,125_27_33_17_200_,49.15_49.10_49.05_49.00_48.95_,34_168_148_252_266_
10:15:48,49.15,3,5235,49.20_49.25_49.30_49.35_49.40_,125_27_33_17_201_,49.15_49.10_49.05_49.00_48.95_,35_171_148_252_266_
10:15:54,49.15,3,5235,49.20_49.25_49.30_49.35_49.40_,125_27_33_17_201_,49.15_49.10_49.05_49.00_48.95_,35_171_148_253_266_
10:16:04,49.15,3,5235,49.20_49.25_49.30_49.35_49.40_,128_27_33_17_201_,49.15_49.10_49.05_49.00_48.95_,35_171_148_253_266_
10:16:09,49.15,11,5246,49.20_49.25_49.30_49.35_49.40_,129_26_33_17_201_,49.15_49.10_49.05_49.00_48.95_,24_171_148_253_266_
10:16:14,49.15,8,5254,49.20_49.25_49.30_49.35_49.40_,129_26_33_17_201_,49.15_49.10_49.05_49.00_48.95_,17_173_148_253_266_
10:16:19,49.15,5,5259,49.20_49.25_49.30_49.35_49.40_,129_26_33_17_201_,49.15_49.10_49.05_49.00_48.95_,22_175_148_253_266_
10:16:24,49.15,10,5269,49.20_49.25_49.30_49.35_49.40_,129_26_33_17_201_,49.15_49.10_49.05_49.00_48.95_,12_175_148_253_266_
10:16:29,49.15,10,5269,49.20_49.25_49.30_49.35_49.40_,132_26_33_17_201_,49.15_49.10_49.05_49.00_48.95_,21_175_148_253_266_
10:16:34,49.15,10,5279,49.20_49.25_49.30_49.35_49.40_,132_26_33_17_201_,49.15_49.10_49.05_49.00_48.95_,15_175_148_253_265_
10:16:40,49.15,10,5279,49.20_49.25_49.30_49.35_49.40_,132_26_33_17_201_,49.15_49.10_49.05_49.00_48.95_,80_175_148_253_265_
10:16:45,49.15,1,5280,49.20_49.25_49.30_49.35_49.40_,134_26_33_17_201_,49.15_49.10_49.05_49.00_48.95_,79_175_148_253_265_
10:16:50,49.15,2,5282,49.20_49.25_49.30_49.35_49.40_,135_26_33_17_201_,49.15_49.10_49.05_49.00_48.95_,98_175_148_253_265_
10:16:55,49.15,2,5282,49.20_49.25_49.30_49.35_49.40_,135_26_33_17_201_,49.15_49.10_49.05_49.00_48.95_,100_175_148_253_265_
10:17:00,49.15,2,5282,49.20_49.25_49.30_49.35_49.40_,135_26_33_17_201_,49.15_49.10_49.05_49.00_48.95_,100_175_148_251_265_
10:17:05,49.15,2,5282,49.20_49.25_49.30_49.35_49.40_,135_26_33_17_201_,49.15_49.10_49.05_49.00_48.95_,100_162_149_251_265_
10:17:10,49.15,1,5283,49.20_49.25_49.30_49.35_49.40_,135_26_33_18_201_,49.15_49.10_49.05_49.00_48.95_,101_162_149_250_265_
10:17:15,49.15,4,5287,49.20_49.25_49.30_49.35_49.40_,135_26_33_18_201_,49.15_49.10_49.05_49.00_48.95_,98_162_149_250_265_
10:17:21,49.15,1,5288,49.20_49.25_49.30_49.35_49.40_,135_26_33_18_201_,49.15_49.10_49.05_49.00_48.95_,99_162_149_250_265_
10:17:26,49.15,1,5289,49.20_49.25_49.30_49.35_49.40_,135_26_33_18_201_,49.15_49.10_49.05_49.00_48.95_,98_162_149_250_265_
10:17:31,49.15,2,5291,49.20_49.25_49.30_49.35_49.40_,135_26_33_18_201_,49.15_49.10_49.05_49.00_48.95_,98_162_149_250_265_
10:17:36,49.15,1,5292,49.20_49.25_49.30_49.35_49.40_,141_26_33_18_201_,49.15_49.10_49.05_49.00_48.95_,97_162_149_250_265_
10:17:41,49.15,2,5294,49.20_49.25_49.30_49.35_49.40_,144_26_33_18_201_,49.15_49.10_49.05_49.00_48.95_,95_153_149_250_265_
10:17:46,49.15,2,5294,49.20_49.25_49.30_49.35_49.40_,145_26_33_18_201_,49.15_49.10_49.05_49.00_48.95_,98_158_149_250_265_
10:17:51,49.15,4,5298,49.20_49.25_49.30_49.35_49.40_,142_26_33_18_201_,49.15_49.10_49.05_49.00_48.95_,94_163_144_250_265_
10:17:56,49.15,4,5298,49.20_49.25_49.30_49.35_49.40_,144_26_33_18_201_,49.15_49.10_49.05_49.00_48.95_,94_164_143_250_265_
10:18:07,49.15,1,5299,49.20_49.25_49.30_49.35_49.40_,144_26_33_18_201_,49.15_49.10_49.05_49.00_48.95_,93_164_143_250_265_
10:18:12,49.15,4,5303,49.20_49.25_49.30_49.35_49.40_,144_26_33_18_201_,49.15_49.10_49.05_49.00_48.95_,91_163_143_250_265_
10:18:17,49.20,6,5309,49.20_49.25_49.30_49.35_49.40_,143_26_33_18_201_,49.15_49.10_49.05_49.00_48.95_,95_163_143_250_265_
10:18:22,49.20,6,5309,49.20_49.25_49.30_49.35_49.40_,146_26_33_18_201_,49.15_49.10_49.05_49.00_48.95_,95_163_143_250_265_
10:18:32,49.15,2,5314,49.20_49.25_49.30_49.35_49.40_,149_26_33_18_201_,49.15_49.10_49.05_49.00_48.95_,94_163_143_250_265_
10:18:38,49.15,1,5315,49.20_49.25_49.30_49.35_49.40_,148_26_33_18_201_,49.15_49.10_49.05_49.00_48.95_,94_163_143_250_265_
10:18:43,49.15,2,5317,49.20_49.25_49.30_49.35_49.40_,148_26_33_18_201_,49.15_49.10_49.05_49.00_48.95_,92_164_143_250_265_
10:18:48,49.15,2,5317,49.20_49.25_49.30_49.35_49.40_,149_26_33_18_201_,49.15_49.10_49.05_49.00_48.95_,93_164_143_250_265_
10:18:53,49.15,3,5320,49.20_49.25_49.30_49.35_49.40_,149_26_33_18_201_,49.15_49.10_49.05_49.00_48.95_,93_164_143_250_265_
10:18:58,49.15,15,5335,49.20_49.25_49.30_49.35_49.40_,149_26_33_18_201_,49.15_49.10_49.05_49.00_48.95_,80_164_143_250_265_
10:19:03,49.15,15,5335,49.20_49.25_49.30_49.35_49.40_,149_26_33_18_201_,49.15_49.10_49.05_49.00_48.95_,80_164_143_249_265_
10:19:13,49.15,15,5335,49.20_49.25_49.30_49.35_49.40_,170_26_33_18_201_,49.15_49.10_49.05_49.00_48.95_,83_161_143_250_265_
10:19:19,49.15,5,5340,49.20_49.25_49.30_49.35_49.40_,170_29_33_18_200_,49.15_49.10_49.05_49.00_48.95_,79_161_145_250_265_
10:19:24,49.15,1,5341,49.20_49.25_49.30_49.35_49.40_,170_29_33_18_200_,49.15_49.10_49.05_49.00_48.95_,77_161_145_250_265_
10:19:29,49.15,1,5342,49.20_49.25_49.30_49.35_49.40_,170_29_33_18_200_,49.15_49.10_49.05_49.00_48.95_,76_161_145_250_265_
10:19:39,49.15,2,5348,49.20_49.25_49.30_49.35_49.40_,174_29_33_18_200_,49.15_49.10_49.05_49.00_48.95_,110_166_145_250_265_
10:19:44,49.15,2,5348,49.20_49.25_49.30_49.35_49.40_,181_29_33_18_200_,49.15_49.10_49.05_49.00_48.95_,110_165_145_250_265_
10:19:49,49.20,9,5357,49.20_49.25_49.30_49.35_49.40_,172_29_33_18_200_,49.15_49.10_49.05_49.00_48.95_,110_165_145_250_265_
10:19:54,49.20,1,5358,49.20_49.25_49.30_49.35_49.40_,172_29_33_18_200_,49.15_49.10_49.05_49.00_48.95_,111_165_145_250_265_
10:19:59,49.15,2,5360,49.20_49.25_49.30_49.35_49.40_,172_29_33_18_200_,49.15_49.10_49.05_49.00_48.95_,109_170_145_250_265_
10:20:05,49.15,1,5361,49.20_49.25_49.30_49.35_49.40_,173_29_33_17_200_,49.15_49.10_49.05_49.00_48.95_,107_170_145_250_265_
10:20:10,49.15,1,5361,49.20_49.25_49.30_49.35_49.40_,173_29_33_17_200_,49.15_49.10_49.05_49.00_48.95_,107_171_145_250_265_
10:20:15,49.15,1,5361,49.20_49.25_49.30_49.35_49.40_,176_29_33_17_200_,49.15_49.10_49.05_49.00_48.95_,110_168_145_250_265_
10:20:20,49.15,5,5366,49.20_49.25_49.30_49.35_49.40_,173_29_33_17_200_,49.15_49.10_49.05_49.00_48.95_,106_168_145_250_265_
10:20:25,49.15,4,5370,49.20_49.25_49.30_49.35_49.40_,178_29_33_17_200_,49.15_49.10_49.05_49.00_48.95_,102_190_145_260_265_
10:20:30,49.15,1,5371,49.20_49.25_49.30_49.35_49.40_,177_29_33_17_200_,49.15_49.10_49.05_49.00_48.95_,101_190_145_260_265_
10:20:35,49.20,2,5373,49.20_49.25_49.30_49.35_49.40_,175_29_33_17_200_,49.15_49.10_49.05_49.00_48.95_,102_190_145_260_265_
10:20:40,49.15,1,5374,49.20_49.25_49.30_49.35_49.40_,175_29_33_17_200_,49.15_49.10_49.05_49.00_48.95_,102_190_145_260_265_
10:20:46,49.15,7,5381,49.20_49.25_49.30_49.35_49.40_,170_29_33_17_200_,49.15_49.10_49.05_49.00_48.95_,95_190_145_260_265_
10:20:51,49.15,7,5381,49.20_49.25_49.30_49.35_49.40_,171_29_33_17_200_,49.15_49.10_49.05_49.00_48.95_,95_190_145_260_265_
10:20:56,49.15,7,5381,49.20_49.25_49.30_49.35_49.40_,171_29_33_17_200_,49.15_49.10_49.05_49.00_48.95_,105_190_145_260_265_
10:21:01,49.15,2,5383,49.20_49.25_49.30_49.35_49.40_,171_29_33_17_200_,49.15_49.10_49.05_49.00_48.95_,103_190_145_260_265_
10:21:06,49.15,2,5383,49.20_49.25_49.30_49.35_49.40_,171_29_33_17_200_,49.15_49.10_49.05_49.00_48.95_,123_190_145_260_265_
10:21:11,49.15,1,5384,49.20_49.25_49.30_49.35_49.40_,171_29_33_17_200_,49.15_49.10_49.05_49.00_48.95_,125_190_145_260_265_
10:21:16,49.20,1,5385,49.20_49.25_49.30_49.35_49.40_,170_29_33_17_200_,49.15_49.10_49.05_49.00_48.95_,125_190_145_260_265_
10:21:22,49.20,1,5385,49.20_49.25_49.30_49.35_49.40_,171_29_33_17_200_,49.15_49.10_49.05_49.00_48.95_,126_193_145_260_265_
10:21:32,49.15,4,5394,49.20_49.25_49.30_49.35_49.40_,170_29_33_17_200_,49.15_49.10_49.05_49.00_48.95_,158_193_145_260_265_
10:21:37,49.15,6,5400,49.20_49.25_49.30_49.35_49.40_,168_29_33_17_200_,49.15_49.10_49.05_49.00_48.95_,153_193_145_260_265_
10:21:42,49.15,8,5408,49.20_49.25_49.30_49.35_49.40_,168_29_33_17_200_,49.15_49.10_49.05_49.00_48.95_,145_193_145_260_265_
10:21:47,49.15,9,5417,49.20_49.25_49.30_49.35_49.40_,169_29_33_17_200_,49.15_49.10_49.05_49.00_48.95_,136_193_146_260_265_
10:21:52,49.20,11,5428,49.20_49.25_49.30_49.35_49.40_,158_29_33_17_200_,49.15_49.10_49.05_49.00_48.95_,181_189_147_260_265_
10:21:58,49.20,1,5429,49.20_49.25_49.30_49.35_49.40_,158_32_33_17_200_,49.15_49.10_49.05_49.00_48.95_,184_189_147_280_265_
10:22:03,49.15,2,5431,49.20_49.25_49.30_49.35_49.40_,157_32_33_17_200_,49.15_49.10_49.05_49.00_48.95_,192_176_147_285_265_
10:22:08,49.15,2,5431,49.20_49.25_49.30_49.35_49.40_,157_32_33_17_200_,49.15_49.10_49.05_49.00_48.95_,194_176_160_284_265_
10:22:13,49.15,12,5443,49.20_49.25_49.30_49.35_49.40_,157_32_33_17_200_,49.15_49.10_49.05_49.00_48.95_,182_176_160_284_265_
10:22:18,49.15,1,5444,49.20_49.25_49.30_49.35_49.40_,157_32_33_17_200_,49.15_49.10_49.05_49.00_48.95_,185_178_146_284_265_
10:22:23,49.15,2,5446,49.20_49.25_49.30_49.35_49.40_,157_32_33_17_200_,49.15_49.10_49.05_49.00_48.95_,183_178_146_284_265_
10:22:28,49.15,8,5454,49.20_49.25_49.30_49.35_49.40_,156_32_33_17_200_,49.15_49.10_49.05_49.00_48.95_,175_178_146_284_265_
10:22:34,49.15,3,5457,49.20_49.25_49.30_49.35_49.40_,160_32_33_17_200_,49.15_49.10_49.05_49.00_48.95_,175_182_146_286_265_
10:22:39,49.20,2,5459,49.20_49.25_49.30_49.35_49.40_,159_32_33_17_200_,49.15_49.10_49.05_49.00_48.95_,176_182_146_286_265_
10:22:44,49.20,2,5459,49.20_49.25_49.30_49.35_49.40_,159_32_33_17_200_,49.15_49.10_49.05_49.00_48.95_,175_182_146_286_265_
10:22:49,49.20,2,5459,49.20_49.25_49.30_49.35_49.40_,160_32_33_17_200_,49.15_49.10_49.05_49.00_48.95_,176_182_146_286_265_
10:22:54,49.15,10,5469,49.20_49.25_49.30_49.35_49.40_,161_29_33_17_200_,49.15_49.10_49.05_49.00_48.95_,171_182_146_286_265_
10:22:59,49.15,19,5488,49.20_49.25_49.30_49.35_49.40_,160_29_33_17_200_,49.15_49.10_49.05_49.00_48.95_,153_182_146_286_265_
10:23:04,49.20,5,5493,49.20_49.25_49.30_49.35_49.40_,156_29_33_17_200_,49.15_49.10_49.05_49.00_48.95_,153_186_146_288_265_
10:23:09,49.15,2,5495,49.20_49.25_49.30_49.35_49.40_,156_29_33_17_200_,49.15_49.10_49.05_49.00_48.95_,154_186_146_288_265_
10:23:20,49.20,6,5501,49.20_49.25_49.30_49.35_49.40_,150_29_33_17_200_,49.15_49.10_49.05_49.00_48.95_,154_186_146_288_265_
10:23:25,49.15,2,5503,49.20_49.25_49.30_49.35_49.40_,150_29_33_17_200_,49.15_49.10_49.05_49.00_48.95_,151_186_146_288_265_
10:23:30,49.15,8,5511,49.20_49.25_49.30_49.35_49.40_,152_29_33_17_200_,49.15_49.10_49.05_49.00_48.95_,150_186_146_288_265_
10:23:45,49.15,1,5512,49.20_49.25_49.30_49.35_49.40_,151_29_33_17_200_,49.15_49.10_49.05_49.00_48.95_,149_186_146_288_265_
10:23:50,49.20,10,5522,49.20_49.25_49.30_49.35_49.40_,145_29_33_17_200_,49.15_49.10_49.05_49.00_48.95_,149_186_146_288_265_
10:23:56,49.20,2,5524,49.20_49.25_49.30_49.35_49.40_,143_29_33_17_200_,49.15_49.10_49.05_49.00_48.95_,149_186_146_288_265_
10:24:01,49.20,2,5526,49.20_49.25_49.30_49.35_49.40_,142_29_33_17_200_,49.15_49.10_49.05_49.00_48.95_,147_186_146_288_265_
10:24:06,49.15,1,5527,49.20_49.25_49.30_49.35_49.40_,142_29_33_17_200_,49.15_49.10_49.05_49.00_48.95_,146_161_146_288_265_
10:24:11,49.15,2,5529,49.20_49.25_49.30_49.35_49.40_,143_29_33_17_200_,49.15_49.10_49.05_49.00_48.95_,143_161_146_288_265_
10:24:16,49.15,6,5535,49.20_49.25_49.30_49.35_49.40_,140_29_33_17_200_,49.15_49.10_49.05_49.00_48.95_,138_161_146_288_265_
10:24:21,49.15,6,5541,49.20_49.25_49.30_49.35_49.40_,139_29_33_17_200_,49.15_49.10_49.05_49.00_48.95_,133_161_147_288_265_
10:24:26,49.15,10,5551,49.20_49.25_49.30_49.35_49.40_,139_32_33_17_200_,49.15_49.10_49.05_49.00_48.95_,123_161_147_288_265_
10:24:32,49.15,3,5554,49.20_49.25_49.30_49.35_49.40_,139_32_33_17_200_,49.15_49.10_49.05_49.00_48.95_,120_161_147_288_265_
10:24:37,49.15,9,5563,49.20_49.25_49.30_49.35_49.40_,136_32_33_12_200_,49.15_49.10_49.05_49.00_48.95_,111_161_147_288_265_
10:24:42,49.15,9,5563,49.20_49.25_49.30_49.35_49.40_,136_32_33_12_200_,49.15_49.10_49.05_49.00_48.95_,113_161_147_288_265_
10:24:47,49.15,2,5565,49.20_49.25_49.30_49.35_49.40_,139_32_33_12_200_,49.15_49.10_49.05_49.00_48.95_,112_161_147_288_265_
10:24:52,49.15,6,5571,49.20_49.25_49.30_49.35_49.40_,140_32_33_12_200_,49.15_49.10_49.05_49.00_48.95_,106_161_147_288_265_
10:24:57,49.15,1,5572,49.20_49.25_49.30_49.35_49.40_,140_32_33_12_200_,49.15_49.10_49.05_49.00_48.95_,106_161_147_288_265_
10:25:02,49.20,90,5662,49.20_49.25_49.30_49.35_49.40_,50_32_33_12_200_,49.15_49.10_49.05_49.00_48.95_,106_161_147_287_265_
10:25:07,49.15,1,5663,49.20_49.25_49.30_49.35_49.40_,46_32_33_12_200_,49.15_49.10_49.05_49.00_48.95_,105_161_147_287_265_
10:25:12,49.15,2,5665,49.20_49.25_49.30_49.35_49.40_,46_32_33_12_200_,49.15_49.10_49.05_49.00_48.95_,107_158_147_287_265_
10:25:18,49.15,2,5665,49.20_49.25_49.30_49.35_49.40_,46_32_33_12_200_,49.15_49.10_49.05_49.00_48.95_,107_161_147_287_265_
10:25:23,49.15,2,5667,49.20_49.25_49.30_49.35_49.40_,46_32_33_12_200_,49.15_49.10_49.05_49.00_48.95_,108_161_147_288_265_
10:25:28,49.15,2,5667,49.20_49.25_49.30_49.35_49.40_,47_32_33_12_200_,49.15_49.10_49.05_49.00_48.95_,109_161_147_288_265_
10:25:33,49.15,2,5667,49.20_49.25_49.30_49.35_49.40_,51_32_33_12_200_,49.15_49.10_49.05_49.00_48.95_,114_161_147_288_265_
10:25:38,49.15,5,5672,49.20_49.25_49.30_49.35_49.40_,51_32_33_12_200_,49.15_49.10_49.05_49.00_48.95_,110_161_147_289_265_
10:25:43,49.15,5,5672,49.20_49.25_49.30_49.35_49.40_,51_32_33_13_200_,49.15_49.10_49.05_49.00_48.95_,112_161_147_289_265_
10:25:48,49.20,40,5712,49.20_49.25_49.30_49.35_49.40_,13_32_24_13_200_,49.15_49.10_49.05_49.00_48.95_,112_161_147_289_265_
10:25:54,49.20,1,5713,49.20_49.25_49.30_49.35_49.40_,13_32_24_13_200_,49.15_49.10_49.05_49.00_48.95_,114_161_147_289_265_
10:25:59,49.20,7,5720,49.20_49.25_49.30_49.35_49.40_,8_32_24_13_200_,49.15_49.10_49.05_49.00_48.95_,114_161_147_289_265_
10:26:04,49.20,7,5720,49.20_49.25_49.30_49.35_49.40_,11_29_24_13_201_,49.15_49.10_49.05_49.00_48.95_,114_162_147_289_265_
10:26:09,49.20,11,5731,49.20_49.25_49.30_49.35_49.40_,2_29_24_13_201_,49.15_49.10_49.05_49.00_48.95_,124_162_147_289_265_
10:26:14,49.15,4,5735,49.25_49.30_49.35_49.40_49.45_,31_24_13_201_22_,49.15_49.10_49.05_49.00_48.95_,122_162_147_289_265_
10:26:19,49.25,1,5736,49.25_49.30_49.35_49.40_49.45_,30_24_13_76_163_,49.15_49.10_49.05_49.00_48.95_,122_171_147_326_219_
10:26:24,49.25,1,5736,49.25_49.30_49.35_49.40_49.45_,30_24_13_71_163_,49.20_49.15_49.10_49.05_49.00_,1_122_171_147_326_
10:26:29,49.25,1,5737,49.25_49.30_49.35_49.40_49.45_,30_24_13_21_213_,49.20_49.15_49.10_49.05_49.00_,23_120_156_147_390_
10:26:34,49.25,1,5737,49.25_49.30_49.35_49.40_49.45_,29_24_14_11_205_,49.20_49.15_49.10_49.05_49.00_,25_120_156_143_390_
10:26:40,49.20,5,5742,49.25_49.30_49.35_49.40_49.45_,32_25_14_11_205_,49.20_49.15_49.10_49.05_49.00_,21_114_156_143_470_
10:26:45,49.25,2,5744,49.25_49.30_49.35_49.40_49.45_,31_25_14_11_205_,49.20_49.15_49.10_49.05_49.00_,21_114_156_143_470_
10:26:50,49.25,2,5744,49.25_49.30_49.35_49.40_49.45_,32_25_14_11_205_,49.20_49.15_49.10_49.05_49.00_,21_114_156_143_470_
10:27:00,49.25,2,5744,49.25_49.30_49.35_49.40_49.45_,32_25_14_11_205_,49.20_49.15_49.10_49.05_49.00_,23_114_156_143_470_
10:27:05,49.25,2,5744,49.25_49.30_49.35_49.40_49.45_,36_25_14_11_205_,49.20_49.15_49.10_49.05_49.00_,23_114_156_143_470_
10:27:15,49.25,3,5747,49.25_49.30_49.35_49.40_49.45_,34_28_5_11_205_,49.20_49.15_49.10_49.05_49.00_,29_114_150_143_470_
10:27:20,49.20,2,5749,49.25_49.30_49.35_49.40_49.45_,34_28_4_11_205_,49.20_49.15_49.10_49.05_49.00_,30_114_150_143_470_
10:27:26,49.20,2,5749,49.25_49.30_49.35_49.40_49.45_,35_28_4_11_205_,49.20_49.15_49.10_49.05_49.00_,29_114_150_143_472_
10:27:31,49.20,2,5749,49.25_49.30_49.35_49.40_49.45_,35_28_4_11_205_,49.20_49.15_49.10_49.05_49.00_,31_113_150_143_472_
10:27:36,49.20,2,5749,49.25_49.30_49.35_49.40_49.45_,35_28_4_11_205_,49.20_49.15_49.10_49.05_49.00_,34_113_155_143_472_
10:27:41,49.20,5,5754,49.25_49.30_49.35_49.40_49.45_,35_28_4_11_205_,49.20_49.15_49.10_49.05_49.00_,30_113_155_143_474_
10:27:46,49.20,14,5768,49.25_49.30_49.35_49.40_49.45_,36_31_4_11_205_,49.20_49.15_49.10_49.05_49.00_,17_116_155_143_474_
10:27:51,49.20,6,5774,49.25_49.30_49.35_49.40_49.45_,37_31_4_11_205_,49.20_49.15_49.10_49.05_49.00_,14_116_155_143_474_
10:27:56,49.25,1,5775,49.25_49.30_49.35_49.40_49.45_,36_31_4_11_205_,49.20_49.15_49.10_49.05_49.00_,15_116_155_143_474_
10:28:01,49.20,2,5777,49.25_49.30_49.35_49.40_49.45_,24_46_4_11_205_,49.20_49.15_49.10_49.05_49.00_,11_117_153_143_474_
10:28:07,49.20,2,5777,49.25_49.30_49.35_49.40_49.45_,25_26_4_31_205_,49.20_49.15_49.10_49.05_49.00_,25_118_153_143_474_
10:28:12,49.20,2,5777,49.25_49.30_49.35_49.40_49.45_,25_26_4_31_205_,49.20_49.15_49.10_49.05_49.00_,28_118_153_143_475_
10:28:17,49.20,2,5777,49.25_49.30_49.35_49.40_49.45_,27_26_4_31_235_,49.20_49.15_49.10_49.05_49.00_,29_118_153_143_475_
10:28:22,49.25,1,5778,49.25_49.30_49.35_49.40_49.45_,27_27_3_32_236_,49.20_49.15_49.10_49.05_49.00_,30_119_153_144_475_
10:28:27,49.25,2,5780,49.25_49.30_49.35_49.40_49.45_,26_27_2_32_255_,49.20_49.15_49.10_49.05_49.00_,30_118_153_145_475_
10:28:43,49.20,2,5782,49.25_49.30_49.35_49.40_49.45_,27_27_2_32_255_,49.20_49.15_49.10_49.05_49.00_,29_118_153_145_475_
10:28:48,49.20,6,5788,49.25_49.30_49.35_49.40_49.45_,29_27_2_32_255_,49.20_49.15_49.10_49.05_49.00_,23_118_158_145_475_
10:28:53,49.20,3,5791,49.25_49.30_49.35_49.40_49.45_,29_27_2_32_255_,49.20_49.15_49.10_49.05_49.00_,20_118_158_146_487_
10:28:58,49.20,4,5795,49.25_49.30_49.35_49.40_49.45_,29_27_2_32_255_,49.20_49.15_49.10_49.05_49.00_,20_118_158_146_487_
10:29:03,49.20,4,5795,49.25_49.30_49.35_49.40_49.45_,29_27_2_32_255_,49.20_49.15_49.10_49.05_49.00_,23_118_158_146_487_
10:29:08,49.20,1,5796,49.25_49.30_49.35_49.40_49.45_,31_27_2_32_255_,49.20_49.15_49.10_49.05_49.00_,27_118_157_146_487_
10:29:18,49.25,1,5797,49.25_49.30_49.35_49.40_49.45_,30_27_2_32_255_,49.20_49.15_49.10_49.05_49.00_,66_118_157_146_487_
10:29:24,49.20,2,5799,49.25_49.30_49.35_49.40_49.45_,30_27_2_32_255_,49.20_49.15_49.10_49.05_49.00_,80_118_157_146_487_
10:29:29,49.25,3,5802,49.25_49.30_49.35_49.40_49.45_,31_27_2_32_255_,49.20_49.15_49.10_49.05_49.00_,79_118_157_145_487_
10:29:34,49.25,3,5805,49.25_49.30_49.35_49.40_49.45_,33_27_2_32_255_,49.20_49.15_49.10_49.05_49.00_,79_118_157_145_487_
10:29:39,49.25,4,5809,49.25_49.30_49.35_49.40_49.45_,31_27_2_32_255_,49.20_49.15_49.10_49.05_49.00_,78_118_157_145_487_
10:29:44,49.25,3,5812,49.25_49.30_49.35_49.40_49.45_,28_27_7_32_255_,49.20_49.15_49.10_49.05_49.00_,79_118_157_144_487_
10:29:49,49.20,4,5816,49.25_49.30_49.35_49.40_49.45_,27_27_7_32_255_,49.20_49.15_49.10_49.05_49.00_,75_118_157_144_487_
10:29:54,49.20,4,5816,49.25_49.30_49.35_49.40_49.45_,32_24_7_32_255_,49.20_49.15_49.10_49.05_49.00_,75_117_157_144_488_
10:29:59,49.25,2,5818,49.25_49.30_49.35_49.40_49.45_,56_24_7_32_255_,49.20_49.15_49.10_49.05_49.00_,75_117_157_144_488_
10:30:05,49.25,1,5819,49.25_49.30_49.35_49.40_49.45_,56_24_7_32_255_,49.20_49.15_49.10_49.05_49.00_,78_117_157_144_488_
10:30:10,49.20,2,5821,49.25_49.30_49.35_49.40_49.45_,56_24_7_32_255_,49.20_49.15_49.10_49.05_49.00_,76_117_157_144_485_
10:30:20,49.20,2,5821,49.25_49.30_49.35_49.40_49.45_,56_24_7_32_255_,49.20_49.15_49.10_49.05_49.00_,78_117_157_144_485_
10:30:25,49.20,1,5822,49.25_49.30_49.35_49.40_49.45_,55_24_7_32_255_,49.20_49.15_49.10_49.05_49.00_,78_117_157_144_485_
10:30:30,49.20,1,5822,49.25_49.30_49.35_49.40_49.45_,55_24_7_32_255_,49.20_49.15_49.10_49.05_49.00_,78_117_157_144_484_
10:30:35,49.20,4,5826,49.25_49.30_49.35_49.40_49.45_,56_24_7_32_254_,49.20_49.15_49.10_49.05_49.00_,74_117_157_144_484_
10:30:40,49.20,1,5827,49.25_49.30_49.35_49.40_49.45_,57_24_7_32_254_,49.20_49.15_49.10_49.05_49.00_,74_124_157_144_484_
10:30:46,49.20,1,5827,49.25_49.30_49.35_49.40_49.45_,57_26_7_32_254_,49.20_49.15_49.10_49.05_49.00_,74_124_157_144_484_
10:30:51,49.20,2,5829,49.25_49.30_49.35_49.40_49.45_,58_26_7_32_254_,49.20_49.15_49.10_49.05_49.00_,74_124_157_144_484_
10:30:56,49.20,3,5832,49.25_49.30_49.35_49.40_49.45_,58_26_7_32_254_,49.20_49.15_49.10_49.05_49.00_,72_124_157_144_484_
10:31:01,49.20,5,5837,49.25_49.30_49.35_49.40_49.45_,62_29_7_31_254_,49.20_49.15_49.10_49.05_49.00_,68_124_157_144_484_
10:31:06,49.20,5,5837,49.25_49.30_49.35_49.40_49.45_,62_29_7_31_254_,49.20_49.15_49.10_49.05_49.00_,70_114_157_144_484_
10:31:11,49.25,10,5847,49.25_49.30_49.35_49.40_49.45_,53_29_7_31_254_,49.20_49.15_49.10_49.05_49.00_,70_114_158_144_484_
10:31:16,49.25,1,5848,49.25_49.30_49.35_49.40_49.45_,53_29_7_31_255_,49.20_49.15_49.10_49.05_49.00_,72_111_158_144_484_
10:31:22,49.25,3,5851,49.25_49.30_49.35_49.40_49.45_,54_29_7_31_255_,49.20_49.15_49.10_49.05_49.00_,72_111_158_144_484_
10:31:27,49.25,2,5853,49.25_49.30_49.35_49.40_49.45_,52_29_7_31_255_,49.20_49.15_49.10_49.05_49.00_,72_111_158_144_484_
10:31:32,49.20,2,5855,49.25_49.30_49.35_49.40_49.45_,56_29_7_31_255_,49.20_49.15_49.10_49.05_49.00_,70_111_158_144_484_
10:31:37,49.25,3,5858,49.25_49.30_49.35_49.40_49.45_,53_29_7_31_255_,49.20_49.15_49.10_49.05_49.00_,71_111_158_144_484_
10:31:42,49.20,1,5859,49.25_49.30_49.35_49.40_49.45_,54_29_7_31_255_,49.20_49.15_49.10_49.05_49.00_,70_111_158_144_484_
10:31:47,49.20,1,5859,49.25_49.30_49.35_49.40_49.45_,56_29_7_31_255_,49.20_49.15_49.10_49.05_49.00_,70_114_158_144_484_
10:31:52,49.20,1,5859,49.25_49.30_49.35_49.40_49.45_,56_29_7_31_255_,49.20_49.15_49.10_49.05_49.00_,76_114_153_144_484_
10:31:57,49.20,4,5863,49.25_49.30_49.35_49.40_49.45_,57_29_7_31_255_,49.20_49.15_49.10_49.05_49.00_,75_114_153_144_484_
10:32:08,49.20,1,5864,49.25_49.30_49.35_49.40_49.45_,57_29_7_31_255_,49.20_49.15_49.10_49.05_49.00_,74_114_153_144_484_
10:32:13,49.20,2,5866,49.25_49.30_49.35_49.40_49.45_,57_29_7_31_255_,49.20_49.15_49.10_49.05_49.00_,72_114_153_144_484_
10:32:18,49.20,3,5869,49.25_49.30_49.35_49.40_49.45_,57_29_7_31_255_,49.20_49.15_49.10_49.05_49.00_,69_114_153_144_484_
10:32:23,49.20,10,5879,49.25_49.30_49.35_49.40_49.45_,60_29_7_31_255_,49.20_49.15_49.10_49.05_49.00_,59_114_153_144_484_
10:32:28,49.20,10,5879,49.25_49.30_49.35_49.40_49.45_,60_29_7_31_255_,49.20_49.15_49.10_49.05_49.00_,60_114_153_144_484_
10:32:33,49.20,10,5879,49.25_49.30_49.35_49.40_49.45_,60_29_7_31_255_,49.20_49.15_49.10_49.05_49.00_,60_115_153_144_484_
10:32:39,49.20,1,5880,49.25_49.30_49.35_49.40_49.45_,61_29_7_31_255_,49.20_49.15_49.10_49.05_49.00_,59_115_153_144_484_
10:32:44,49.20,1,5880,49.25_49.30_49.35_49.40_49.45_,62_29_7_31_255_,49.20_49.15_49.10_49.05_49.00_,59_115_153_144_484_
10:32:49,49.20,1,5881,49.25_49.30_49.35_49.40_49.45_,63_29_7_31_255_,49.20_49.15_49.10_49.05_49.00_,58_115_153_144_484_
10:32:54,49.20,2,5883,49.25_49.30_49.35_49.40_49.45_,63_29_7_31_255_,49.20_49.15_49.10_49.05_49.00_,57_115_153_144_484_
10:32:59,49.20,4,5887,49.25_49.30_49.35_49.40_49.45_,64_29_7_31_255_,49.20_49.15_49.10_49.05_49.00_,54_115_153_144_484_
10:33:04,49.20,2,5889,49.25_49.30_49.35_49.40_49.45_,63_29_7_31_255_,49.20_49.15_49.10_49.05_49.00_,52_115_153_144_484_
10:33:09,49.20,2,5889,49.25_49.30_49.35_49.40_49.45_,63_29_7_31_255_,49.20_49.15_49.10_49.05_49.00_,52_115_153_144_485_
10:33:15,49.20,2,5889,49.25_49.30_49.35_49.40_49.45_,63_29_7_31_255_,49.20_49.15_49.10_49.05_49.00_,52_115_153_145_485_
10:33:20,49.20,2,5889,49.25_49.30_49.35_49.40_49.45_,63_29_7_31_255_,49.20_49.15_49.10_49.05_49.00_,52_115_153_145_486_
10:33:25,49.20,1,5890,49.25_49.30_49.35_49.40_49.45_,63_29_7_31_255_,49.20_49.15_49.10_49.05_49.00_,52_115_153_145_486_
10:33:40,49.20,2,5892,49.25_49.30_49.35_49.40_49.45_,90_29_7_31_255_,49.20_49.15_49.10_49.05_49.00_,52_115_153_145_486_
10:33:45,49.20,1,5893,49.25_49.30_49.35_49.40_49.45_,94_29_7_31_254_,49.20_49.15_49.10_49.05_49.00_,50_115_153_146_486_
10:33:50,49.20,1,5893,49.25_49.30_49.35_49.40_49.45_,95_29_7_31_254_,49.20_49.15_49.10_49.05_49.00_,50_115_153_146_486_
10:33:55,49.20,1,5894,49.25_49.30_49.35_49.40_49.45_,98_26_7_31_254_,49.20_49.15_49.10_49.05_49.00_,51_115_153_146_486_
10:34:01,49.20,4,5898,49.25_49.30_49.35_49.40_49.45_,104_26_7_31_254_,49.20_49.15_49.10_49.05_49.00_,49_115_153_146_486_
10:34:06,49.20,1,5899,49.25_49.30_49.35_49.40_49.45_,103_26_16_31_254_,49.20_49.15_49.10_49.05_49.00_,49_115_153_146_486_
10:34:16,49.20,1,5899,49.25_49.30_49.35_49.40_49.45_,103_26_16_31_254_,49.20_49.15_49.10_49.05_49.00_,53_117_153_146_486_
10:34:21,49.20,2,5901,49.25_49.30_49.35_49.40_49.45_,103_26_16_31_254_,49.20_49.15_49.10_49.05_49.00_,54_117_149_146_486_
10:34:26,49.20,2,5901,49.25_49.30_49.35_49.40_49.45_,103_29_16_31_254_,49.20_49.15_49.10_49.05_49.00_,54_117_149_146_487_
10:34:31,49.20,3,5904,49.25_49.30_49.35_49.40_49.45_,102_29_16_31_254_,49.20_49.15_49.10_49.05_49.00_,52_117_149_146_487_
10:34:37,49.20,3,5904,49.25_49.30_49.35_49.40_49.45_,102_29_16_31_254_,49.20_49.15_49.10_49.05_49.00_,102_117_149_146_487_
10:34:42,49.20,3,5907,49.25_49.30_49.35_49.40_49.45_,102_29_16_31_254_,49.20_49.15_49.10_49.05_49.00_,100_117_149_145_487_
10:34:47,49.20,3,5907,49.25_49.30_49.35_49.40_49.45_,106_29_16_31_254_,49.20_49.15_49.10_49.05_49.00_,102_117_149_145_487_
10:34:52,49.20,13,5920,49.25_49.30_49.35_49.40_49.45_,106_29_16_31_254_,49.20_49.15_49.10_49.05_49.00_,89_117_149_145_487_
10:34:57,49.20,4,5924,49.25_49.30_49.35_49.40_49.45_,106_26_16_31_254_,49.20_49.15_49.10_49.05_49.00_,87_117_149_145_487_
10:35:02,49.20,3,5927,49.25_49.30_49.35_49.40_49.45_,109_23_16_31_254_,49.20_49.15_49.10_49.05_49.00_,91_110_149_145_488_
10:35:07,49.20,3,5930,49.25_49.30_49.35_49.40_49.45_,110_23_16_31_254_,49.20_49.15_49.10_49.05_49.00_,93_110_149_145_488_
10:35:12,49.20,1,5931,49.25_49.30_49.35_49.40_49.45_,111_23_16_31_254_,49.20_49.15_49.10_49.05_49.00_,95_113_149_145_488_
10:35:18,49.20,3,5934,49.25_49.30_49.35_49.40_49.45_,111_23_16_31_254_,49.20_49.15_49.10_49.05_49.00_,92_113_149_145_488_
10:35:23,49.20,3,5934,49.25_49.30_49.35_49.40_49.45_,111_23_16_31_254_,49.20_49.15_49.10_49.05_49.00_,94_113_149_145_488_
10:35:28,49.20,21,5955,49.25_49.30_49.35_49.40_49.45_,110_23_16_31_254_,49.20_49.15_49.10_49.05_49.00_,73_113_149_145_488_
10:35:33,49.20,5,5960,49.25_49.30_49.35_49.40_49.45_,111_23_16_31_254_,49.20_49.15_49.10_49.05_49.00_,71_113_169_145_488_
10:35:38,49.20,3,5963,49.25_49.30_49.35_49.40_49.45_,111_23_16_31_254_,49.20_49.15_49.10_49.05_49.00_,68_113_169_145_488_
10:35:43,49.20,5,5968,49.25_49.30_49.35_49.40_49.45_,108_23_16_31_254_,49.20_49.15_49.10_49.05_49.00_,63_113_169_145_489_
10:35:48,49.20,8,5976,49.25_49.30_49.35_49.40_49.45_,108_23_16_31_254_,49.20_49.15_49.10_49.05_49.00_,55_113_169_145_489_
10:35:53,49.25,1,5977,49.25_49.30_49.35_49.40_49.45_,108_23_7_31_254_,49.20_49.15_49.10_49.05_49.00_,55_113_169_145_489_
10:35:59,49.25,1,5977,49.25_49.30_49.35_49.40_49.45_,111_23_7_31_254_,49.20_49.15_49.10_49.05_49.00_,55_113_169_145_491_
10:36:04,49.25,7,5984,49.25_49.30_49.35_49.40_49.45_,104_23_7_31_254_,49.20_49.15_49.10_49.05_49.00_,48_113_169_145_491_
10:36:09,49.20,5,5989,49.25_49.30_49.35_49.40_49.45_,104_23_7_31_254_,49.20_49.15_49.10_49.05_49.00_,45_113_169_145_491_
10:36:14,49.20,5,5989,49.25_49.30_49.35_49.40_49.45_,104_23_7_31_254_,49.20_49.15_49.10_49.05_49.00_,44_113_169_145_491_
10:36:19,49.25,1,5990,49.25_49.30_49.35_49.40_49.45_,103_23_7_31_254_,49.20_49.15_49.10_49.05_49.00_,44_113_169_145_491_
10:36:24,49.20,4,5994,49.25_49.30_49.35_49.40_49.45_,101_23_7_31_255_,49.20_49.15_49.10_49.05_49.00_,45_113_169_146_490_
10:36:29,49.20,3,5997,49.25_49.30_49.35_49.40_49.45_,100_26_7_31_255_,49.20_49.15_49.10_49.05_49.00_,42_113_169_146_490_
10:36:34,49.20,3,5997,49.25_49.30_49.35_49.40_49.45_,102_26_7_31_255_,49.20_49.15_49.10_49.05_49.00_,42_113_169_146_490_
10:36:44,49.20,1,5998,49.25_49.30_49.35_49.40_49.45_,102_26_7_31_255_,49.20_49.15_49.10_49.05_49.00_,41_113_169_146_490_
10:36:55,49.20,1,5998,49.25_49.30_49.35_49.40_49.45_,103_26_7_31_255_,49.20_49.15_49.10_49.05_49.00_,42_113_169_146_490_
10:37:00,49.20,1,5998,49.25_49.30_49.35_49.40_49.45_,103_26_16_31_255_,49.20_49.15_49.10_49.05_49.00_,45_113_169_146_490_
10:37:05,49.20,1,5998,49.25_49.30_49.35_49.40_49.45_,103_26_16_31_255_,49.20_49.15_49.10_49.05_49.00_,47_113_169_146_490_
10:37:10,49.20,6,6004,49.25_49.30_49.35_49.40_49.45_,103_26_16_31_255_,49.20_49.15_49.10_49.05_49.00_,41_113_169_146_490_
10:37:15,49.20,1,6005,49.25_49.30_49.35_49.40_49.45_,103_26_16_31_255_,49.20_49.15_49.10_49.05_49.00_,41_113_169_146_490_
10:37:20,49.20,3,6008,49.25_49.30_49.35_49.40_49.45_,103_26_16_31_255_,49.20_49.15_49.10_49.05_49.00_,39_113_169_146_489_
10:37:25,49.20,4,6012,49.25_49.30_49.35_49.40_49.45_,102_26_16_31_255_,49.20_49.15_49.10_49.05_49.00_,38_113_169_146_489_
10:37:31,49.20,4,6012,49.25_49.30_49.35_49.40_49.45_,102_26_16_31_255_,49.20_49.15_49.10_49.05_49.00_,40_113_169_146_489_
10:37:36,49.20,1,6013,49.25_49.30_49.35_49.40_49.45_,102_26_16_31_255_,49.20_49.15_49.10_49.05_49.00_,39_113_169_146_489_
10:37:41,49.20,5,6018,49.25_49.30_49.35_49.40_49.45_,100_29_16_31_255_,49.20_49.15_49.10_49.05_49.00_,34_113_169_146_489_
10:37:46,49.20,5,6018,49.25_49.30_49.35_49.40_49.45_,100_29_16_31_254_,49.20_49.15_49.10_49.05_49.00_,34_114_169_146_489_
10:37:51,49.20,3,6021,49.25_49.30_49.35_49.40_49.45_,101_29_16_31_254_,49.20_49.15_49.10_49.05_49.00_,31_114_169_146_489_
10:37:56,49.25,1,6022,49.25_49.30_49.35_49.40_49.45_,101_29_16_31_254_,49.20_49.15_49.10_49.05_49.00_,32_114_169_147_489_
10:38:01,49.20,3,6025,49.25_49.30_49.35_49.40_49.45_,101_29_16_31_254_,49.20_49.15_49.10_49.05_49.00_,29_114_168_147_489_
10:38:06,49.20,3,6025,49.25_49.30_49.35_49.40_49.45_,101_29_16_31_254_,49.20_49.15_49.10_49.05_49.00_,30_114_168_147_489_
10:38:12,49.20,3,6025,49.25_49.30_49.35_49.40_49.45_,101_29_16_31_254_,49.20_49.15_49.10_49.05_49.00_,80_114_170_147_489_
10:38:17,49.20,3,6028,49.25_49.30_49.35_49.40_49.45_,101_27_16_31_254_,49.20_49.15_49.10_49.05_49.00_,81_111_170_146_489_
10:38:22,49.20,2,6030,49.25_49.30_49.35_49.40_49.45_,103_27_16_31_254_,49.20_49.15_49.10_49.05_49.00_,79_111_170_146_489_
10:38:27,49.20,2,6030,49.25_49.30_49.35_49.40_49.45_,103_27_16_31_254_,49.20_49.15_49.10_49.05_49.00_,80_111_170_146_491_
10:38:32,49.20,2,6032,49.25_49.30_49.35_49.40_49.45_,103_27_16_31_254_,49.20_49.15_49.10_49.05_49.00_,85_111_170_146_491_
10:38:37,49.20,2,6032,49.25_49.30_49.35_49.40_49.45_,103_27_16_31_254_,49.20_49.15_49.10_49.05_49.00_,83_111_170_146_491_
10:38:48,49.20,3,6035,49.25_49.30_49.35_49.40_49.45_,103_27_16_31_254_,49.20_49.15_49.10_49.05_49.00_,79_111_170_146_491_
10:38:53,49.20,3,6035,49.25_49.30_49.35_49.40_49.45_,105_27_16_31_254_,49.20_49.15_49.10_49.05_49.00_,79_111_170_146_491_
10:38:58,49.25,2,6037,49.25_49.30_49.35_49.40_49.45_,104_27_16_31_254_,49.20_49.15_49.10_49.05_49.00_,79_111_170_146_491_
10:39:03,49.25,2,6037,49.25_49.30_49.35_49.40_49.45_,104_27_16_31_254_,49.20_49.15_49.10_49.05_49.00_,80_114_170_146_491_
10:39:13,49.20,2,6039,49.25_49.30_49.35_49.40_49.45_,107_27_16_31_254_,49.20_49.15_49.10_49.05_49.00_,82_114_170_146_492_
10:39:18,49.20,5,6044,49.25_49.30_49.35_49.40_49.45_,115_27_16_31_254_,49.20_49.15_49.10_49.05_49.00_,76_114_170_146_492_
10:39:29,49.20,1,6045,49.25_49.30_49.35_49.40_49.45_,115_27_16_31_254_,49.20_49.15_49.10_49.05_49.00_,76_114_170_146_492_
10:39:39,49.25,1,6046,49.25_49.30_49.35_49.40_49.45_,114_27_16_31_254_,49.20_49.15_49.10_49.05_49.00_,75_114_170_146_492_
10:39:44,49.25,4,6050,49.25_49.30_49.35_49.40_49.45_,110_27_16_32_254_,49.20_49.15_49.10_49.05_49.00_,76_114_170_146_492_
10:39:49,49.20,4,6054,49.25_49.30_49.35_49.40_49.45_,109_27_16_32_254_,49.20_49.15_49.10_49.05_49.00_,72_114_170_146_492_
10:39:54,49.20,5,6059,49.25_49.30_49.35_49.40_49.45_,111_24_16_32_254_,49.20_49.15_49.10_49.05_49.00_,66_114_170_146_492_
10:39:59,49.20,1,6060,49.25_49.30_49.35_49.40_49.45_,111_24_16_32_254_,49.20_49.15_49.10_49.05_49.00_,66_114_170_147_492_
10:40:04,49.20,2,6062,49.25_49.30_49.35_49.40_49.45_,108_24_16_32_254_,49.20_49.15_49.10_49.05_49.00_,63_114_170_147_492_
10:40:09,49.20,20,6082,49.25_49.30_49.35_49.40_49.45_,108_24_16_32_254_,49.20_49.15_49.10_49.05_49.00_,49_114_165_147_492_
10:40:15,49.20,49,6131,49.25_49.30_49.35_49.40_49.45_,108_24_16_32_254_,49.20_49.15_49.10_49.05_49.00_,1_114_165_147_492_
10:40:20,49.15,4,6135,49.25_49.30_49.35_49.40_49.45_,132_24_16_12_254_,49.15_49.10_49.05_49.00_48.95_,112_165_152_492_92_
10:40:25,49.15,4,6135,49.20_49.25_49.30_49.35_49.40_,2_132_24_16_62_,49.15_49.10_49.05_49.00_48.95_,112_170_152_428_156_
10:40:30,49.20,9,6144,49.20_49.25_49.30_49.35_49.40_,11_123_32_16_203_,49.15_49.10_49.05_49.00_48.95_,112_161_152_391_186_
10:40:35,49.15,1,6145,49.20_49.25_49.30_49.35_49.40_,19_116_32_16_219_,49.15_49.10_49.05_49.00_48.95_,112_161_152_391_286_
10:40:40,49.15,3,6148,49.20_49.25_49.30_49.35_49.40_,19_116_32_16_219_,49.15_49.10_49.05_49.00_48.95_,108_161_152_391_286_
10:40:45,49.15,5,6153,49.20_49.25_49.30_49.35_49.40_,22_112_32_16_219_,49.15_49.10_49.05_49.00_48.95_,103_161_152_391_286_
10:40:51,49.20,1,6154,49.20_49.25_49.30_49.35_49.40_,21_112_32_16_219_,49.15_49.10_49.05_49.00_48.95_,104_161_152_391_286_
10:40:56,49.20,1,6155,49.20_49.25_49.30_49.35_49.40_,26_109_32_16_219_,49.15_49.10_49.05_49.00_48.95_,104_161_152_391_286_
10:41:01,49.20,1,6155,49.20_49.25_49.30_49.35_49.40_,32_106_30_16_218_,49.15_49.10_49.05_49.00_48.95_,104_161_152_391_286_
10:41:06,49.15,1,6156,49.20_49.25_49.30_49.35_49.40_,37_106_30_16_218_,49.15_49.10_49.05_49.00_48.95_,103_161_152_391_286_
10:41:11,49.15,1,6156,49.20_49.25_49.30_49.35_49.40_,37_106_30_16_218_,49.15_49.10_49.05_49.00_48.95_,104_161_152_391_286_
10:41:16,49.20,39,6195,49.25_49.30_49.35_49.40_49.45_,104_30_16_218_39_,49.20_49.15_49.10_49.05_49.00_,11_108_161_152_391_
10:41:21,49.20,3,6198,49.25_49.30_49.35_49.40_49.45_,98_27_16_27_235_,49.20_49.15_49.10_49.05_49.00_,10_118_161_151_492_
10:41:27,49.20,11,6209,49.20_49.25_49.30_49.35_49.40_,4_97_27_16_11_,49.15_49.10_49.05_49.00_48.95_,117_170_149_492_176_
10:41:32,49.20,11,6209,49.20_49.25_49.30_49.35_49.40_,10_87_37_16_202_,49.15_49.10_49.05_49.00_48.95_,118_161_152_391_286_
10:41:37,49.20,11,6209,49.20_49.25_49.30_49.35_49.40_,10_87_37_16_218_,49.15_49.10_49.05_49.00_48.95_,118_161_152_391_286_
10:41:42,49.20,1,6210,49.20_49.25_49.30_49.35_49.40_,10_87_37_16_218_,49.15_49.10_49.05_49.00_48.95_,118_162_152_391_286_
10:41:47,49.20,1,6210,49.20_49.25_49.30_49.35_49.40_,11_87_37_16_218_,49.15_49.10_49.05_49.00_48.95_,119_162_152_391_286_
10:41:52,49.15,1,6211,49.20_49.25_49.30_49.35_49.40_,11_87_37_16_218_,49.15_49.10_49.05_49.00_48.95_,118_162_152_391_286_
10:41:57,49.20,6,6217,49.20_49.25_49.30_49.35_49.40_,8_87_37_16_218_,49.15_49.10_49.05_49.00_48.95_,117_162_167_391_286_
10:42:02,49.20,5,6222,49.20_49.25_49.30_49.35_49.40_,6_87_36_16_218_,49.15_49.10_49.05_49.00_48.95_,118_162_167_391_286_
10:42:08,49.20,5,6222,49.20_49.25_49.30_49.35_49.40_,6_87_36_16_218_,49.15_49.10_49.05_49.00_48.95_,124_162_167_391_286_
10:42:13,49.20,7,6229,49.25_49.30_49.35_49.40_49.45_,87_36_16_218_38_,49.20_49.15_49.10_49.05_49.00_,4_126_162_167_391_
10:42:18,49.20,2,6231,49.25_49.30_49.35_49.40_49.45_,87_27_16_27_235_,49.20_49.15_49.10_49.05_49.00_,6_124_162_167_492_
10:42:23,49.20,2,6233,49.25_49.30_49.35_49.40_49.45_,87_27_16_11_256_,49.20_49.15_49.10_49.05_49.00_,107_124_162_164_492_
10:42:28,49.20,5,6238,49.25_49.30_49.35_49.40_49.45_,87_27_16_11_256_,49.20_49.15_49.10_49.05_49.00_,104_124_171_163_492_
10:42:33,49.25,1,6239,49.25_49.30_49.35_49.40_49.45_,87_27_16_11_256_,49.20_49.15_49.10_49.05_49.00_,105_124_171_163_492_
10:42:38,49.25,1,6239,49.25_49.30_49.35_49.40_49.45_,85_27_16_11_256_,49.20_49.15_49.10_49.05_49.00_,104_124_171_163_492_
10:42:43,49.20,6,6245,49.25_49.30_49.35_49.40_49.45_,88_27_16_11_256_,49.20_49.15_49.10_49.05_49.00_,101_124_171_163_492_
10:42:49,49.20,2,6247,49.25_49.30_49.35_49.40_49.45_,89_27_16_11_256_,49.20_49.15_49.10_49.05_49.00_,107_124_171_163_492_
10:42:54,49.20,2,6247,49.25_49.30_49.35_49.40_49.45_,89_27_16_11_256_,49.20_49.15_49.10_49.05_49.00_,107_120_171_163_492_
10:42:59,49.20,1,6248,49.25_49.30_49.35_49.40_49.45_,93_24_16_11_256_,49.20_49.15_49.10_49.05_49.00_,106_120_171_163_492_
10:43:04,49.20,1,6249,49.25_49.30_49.35_49.40_49.45_,96_21_16_11_256_,49.20_49.15_49.10_49.05_49.00_,105_120_171_163_493_
10:43:09,49.20,1,6250,49.25_49.30_49.35_49.40_49.45_,97_21_16_11_256_,49.20_49.15_49.10_49.05_49.00_,106_120_171_163_493_
10:43:14,49.20,1,6251,49.25_49.30_49.35_49.40_49.45_,98_21_16_11_256_,49.20_49.15_49.10_49.05_49.00_,106_121_171_163_493_
10:43:19,49.20,2,6253,49.25_49.30_49.35_49.40_49.45_,98_21_16_11_256_,49.20_49.15_49.10_49.05_49.00_,105_121_171_163_493_
10:43:25,49.20,3,6256,49.25_49.30_49.35_49.40_49.45_,101_21_16_11_256_,49.20_49.15_49.10_49.05_49.00_,102_121_171_163_493_
10:43:30,49.20,5,6261,49.25_49.30_49.35_49.40_49.45_,102_21_16_11_256_,49.20_49.15_49.10_49.05_49.00_,97_121_171_163_493_
10:43:35,49.25,1,6262,49.25_49.30_49.35_49.40_49.45_,101_21_16_11_256_,49.20_49.15_49.10_49.05_49.00_,99_121_171_163_495_
10:43:40,49.25,1,6262,49.25_49.30_49.35_49.40_49.45_,101_21_16_11_256_,49.20_49.15_49.10_49.05_49.00_,110_114_201_163_495_
10:43:45,49.25,1,6262,49.25_49.30_49.35_49.40_49.45_,102_21_16_11_256_,49.20_49.15_49.10_49.05_49.00_,110_114_201_163_495_
10:43:50,49.20,1,6263,49.25_49.30_49.35_49.40_49.45_,102_21_16_11_256_,49.20_49.15_49.10_49.05_49.00_,111_104_201_163_495_
10:43:55,49.25,3,6266,49.25_49.30_49.35_49.40_49.45_,101_21_16_11_256_,49.20_49.15_49.10_49.05_49.00_,111_104_201_163_495_
10:44:00,49.25,1,6267,49.25_49.30_49.35_49.40_49.45_,100_21_16_11_256_,49.20_49.15_49.10_49.05_49.00_,111_104_201_163_495_
10:44:06,49.20,2,6269,49.25_49.30_49.35_49.40_49.45_,100_21_16_11_256_,49.20_49.15_49.10_49.05_49.00_,117_104_201_162_495_
10:44:11,49.20,2,6269,49.25_49.30_49.35_49.40_49.45_,100_24_16_11_256_,49.20_49.15_49.10_49.05_49.00_,117_104_201_162_495_
10:44:16,49.20,2,6269,49.25_49.30_49.35_49.40_49.45_,100_24_16_11_256_,49.20_49.15_49.10_49.05_49.00_,120_101_201_162_495_
10:44:21,49.25,1,6270,49.25_49.30_49.35_49.40_49.45_,99_24_16_11_256_,49.20_49.15_49.10_49.05_49.00_,115_101_202_167_495_
10:44:26,49.20,1,6271,49.25_49.30_49.35_49.40_49.45_,99_24_16_11_256_,49.20_49.15_49.10_49.05_49.00_,114_101_202_167_495_
10:44:31,49.20,13,6284,49.25_49.30_49.35_49.40_49.45_,103_24_16_11_256_,49.20_49.15_49.10_49.05_49.00_,102_100_202_167_495_
10:44:36,49.20,14,6298,49.25_49.30_49.35_49.40_49.45_,103_24_16_11_256_,49.20_49.15_49.10_49.05_49.00_,89_100_193_167_515_
10:44:41,49.25,1,6299,49.25_49.30_49.35_49.40_49.45_,102_24_16_11_256_,49.20_49.15_49.10_49.05_49.00_,90_100_193_167_515_
10:44:47,49.20,10,6309,49.25_49.30_49.35_49.40_49.45_,102_24_16_11_256_,49.20_49.15_49.10_49.05_49.00_,80_100_193_167_515_
10:44:52,49.20,3,6312,49.25_49.30_49.35_49.40_49.45_,103_24_16_11_256_,49.20_49.15_49.10_49.05_49.00_,143_100_193_167_515_
10:44:57,49.20,3,6312,49.25_49.30_49.35_49.40_49.45_,106_24_16_11_256_,49.20_49.15_49.10_49.05_49.00_,144_100_193_167_515_
10:45:02,49.20,2,6314,49.25_49.30_49.35_49.40_49.45_,106_24_16_11_256_,49.20_49.15_49.10_49.05_49.00_,142_100_193_167_515_
10:45:07,49.20,4,6318,49.25_49.30_49.35_49.40_49.45_,104_24_16_11_256_,49.20_49.15_49.10_49.05_49.00_,138_100_193_167_515_
10:45:12,49.20,1,6319,49.25_49.30_49.35_49.40_49.45_,103_24_16_11_256_,49.20_49.15_49.10_49.05_49.00_,137_103_193_167_515_
10:45:17,49.20,1,6319,49.25_49.30_49.35_49.40_49.45_,103_27_16_11_256_,49.20_49.15_49.10_49.05_49.00_,140_103_202_164_515_
10:45:23,49.25,2,6321,49.25_49.30_49.35_49.40_49.45_,101_27_16_12_256_,49.20_49.15_49.10_49.05_49.00_,145_103_202_164_515_
10:45:28,49.25,2,6321,49.25_49.30_49.35_49.40_49.45_,101_27_16_12_256_,49.20_49.15_49.10_49.05_49.00_,144_103_202_164_515_
10:45:33,49.20,4,6325,49.25_49.30_49.35_49.40_49.45_,101_27_16_12_256_,49.20_49.15_49.10_49.05_49.00_,140_103_202_164_515_
10:45:38,49.20,5,6330,49.25_49.30_49.35_49.40_49.45_,101_27_16_12_256_,49.20_49.15_49.10_49.05_49.00_,137_103_202_164_515_
10:45:43,49.20,2,6332,49.25_49.30_49.35_49.40_49.45_,102_27_16_12_256_,49.20_49.15_49.10_49.05_49.00_,135_103_202_164_515_
10:45:48,49.20,1,6333,49.25_49.30_49.35_49.40_49.45_,108_27_16_12_256_,49.20_49.15_49.10_49.05_49.00_,135_103_202_164_515_
10:45:58,49.20,1,6334,49.25_49.30_49.35_49.40_49.45_,108_27_16_12_256_,49.20_49.15_49.10_49.05_49.00_,134_103_202_164_515_
10:46:03,49.20,1,6335,49.25_49.30_49.35_49.40_49.45_,108_27_16_12_256_,49.20_49.15_49.10_49.05_49.00_,133_103_202_164_515_
10:46:08,49.20,5,6340,49.25_49.30_49.35_49.40_49.45_,107_27_16_12_256_,49.20_49.15_49.10_49.05_49.00_,126_103_202_166_515_
10:46:14,49.20,12,6352,49.25_49.30_49.35_49.40_49.45_,108_27_16_12_256_,49.20_49.15_49.10_49.05_49.00_,114_103_202_166_515_
10:46:19,49.20,12,6352,49.25_49.30_49.35_49.40_49.45_,109_27_16_12_256_,49.20_49.15_49.10_49.05_49.00_,119_103_202_166_515_
10:46:29,49.20,12,6352,49.25_49.30_49.35_49.40_49.45_,109_27_16_12_256_,49.20_49.15_49.10_49.05_49.00_,122_103_202_166_515_
10:46:34,49.20,3,6355,49.25_49.30_49.35_49.40_49.45_,109_27_16_12_256_,49.20_49.15_49.10_49.05_49.00_,120_103_202_166_515_
10:46:39,49.20,5,6360,49.25_49.30_49.35_49.40_49.45_,109_27_16_12_256_,49.20_49.15_49.10_49.05_49.00_,120_103_203_166_515_
10:46:44,49.25,1,6361,49.25_49.30_49.35_49.40_49.45_,108_27_16_12_256_,49.20_49.15_49.10_49.05_49.00_,120_103_202_166_515_
10:46:49,49.25,1,6361,49.25_49.30_49.35_49.40_49.45_,109_27_17_12_256_,49.20_49.15_49.10_49.05_49.00_,120_103_202_166_515_
10:46:55,49.20,2,6363,49.25_49.30_49.35_49.40_49.45_,112_24_17_12_256_,49.20_49.15_49.10_49.05_49.00_,117_104_202_166_515_
10:47:00,49.20,2,6363,49.25_49.30_49.35_49.40_49.45_,115_24_17_12_256_,49.20_49.15_49.10_49.05_49.00_,118_104_203_165_515_
10:47:05,49.20,2,6363,49.25_49.30_49.35_49.40_49.45_,115_24_17_12_256_,49.20_49.15_49.10_49.05_49.00_,119_104_203_165_515_
10:47:10,49.20,1,6364,49.25_49.30_49.35_49.40_49.45_,117_24_17_12_256_,49.20_49.15_49.10_49.05_49.00_,120_104_203_166_515_
10:47:15,49.20,1,6365,49.25_49.30_49.35_49.40_49.45_,117_24_17_12_256_,49.20_49.15_49.10_49.05_49.00_,123_101_203_166_515_
10:47:20,49.20,2,6367,49.25_49.30_49.35_49.40_49.45_,117_24_17_12_256_,49.20_49.15_49.10_49.05_49.00_,121_102_160_166_515_
10:47:25,49.20,2,6367,49.25_49.30_49.35_49.40_49.45_,116_27_17_12_256_,49.20_49.15_49.10_49.05_49.00_,121_102_159_166_514_
10:47:30,49.20,1,6368,49.25_49.30_49.35_49.40_49.45_,116_27_17_12_256_,49.20_49.15_49.10_49.05_49.00_,120_102_160_166_514_
10:47:41,49.20,5,6379,49.25_49.30_49.35_49.40_49.45_,113_27_17_12_256_,49.20_49.15_49.10_49.05_49.00_,169_104_160_166_515_
10:47:46,49.20,12,6391,49.25_49.30_49.35_49.40_49.45_,113_27_17_12_256_,49.20_49.15_49.10_49.05_49.00_,157_104_160_166_515_
10:47:51,49.20,12,6391,49.25_49.30_49.35_49.40_49.45_,114_27_17_12_256_,49.20_49.15_49.10_49.05_49.00_,157_104_160_166_515_
10:47:56,49.25,10,6401,49.25_49.30_49.35_49.40_49.45_,106_27_17_12_256_,49.20_49.15_49.10_49.05_49.00_,159_104_160_164_515_
10:48:01,49.25,3,6404,49.25_49.30_49.35_49.40_49.45_,106_27_17_11_256_,49.20_49.15_49.10_49.05_49.00_,159_104_160_164_515_
10:48:06,49.25,5,6409,49.25_49.30_49.35_49.40_49.45_,102_27_17_11_256_,49.20_49.15_49.10_49.05_49.00_,159_104_161_164_515_
10:48:16,49.20,1,6410,49.25_49.30_49.35_49.40_49.45_,102_27_17_11_256_,49.20_49.15_49.10_49.05_49.00_,173_104_161_164_515_
10:48:22,49.20,5,6415,49.25_49.30_49.35_49.40_49.45_,102_27_17_11_256_,49.20_49.15_49.10_49.05_49.00_,168_104_161_164_515_
10:48:27,49.20,3,6418,49.25_49.30_49.35_49.40_49.45_,102_27_17_11_256_,49.20_49.15_49.10_49.05_49.00_,165_104_161_164_515_
10:48:32,49.20,1,6419,49.25_49.30_49.35_49.40_49.45_,102_27_17_11_256_,49.20_49.15_49.10_49.05_49.00_,164_104_161_164_515_
10:48:37,49.25,1,6420,49.25_49.30_49.35_49.40_49.45_,101_27_17_11_256_,49.20_49.15_49.10_49.05_49.00_,164_104_161_164_515_
10:48:42,49.20,2,6422,49.25_49.30_49.35_49.40_49.45_,100_27_17_11_256_,49.20_49.15_49.10_49.05_49.00_,163_104_161_164_515_
10:48:47,49.20,4,6426,49.25_49.30_49.35_49.40_49.45_,120_27_17_11_256_,49.20_49.15_49.10_49.05_49.00_,159_104_161_164_515_
10:48:52,49.20,1,6427,49.25_49.30_49.35_49.40_49.45_,121_29_17_11_256_,49.20_49.15_49.10_49.05_49.00_,158_104_161_164_515_
10:48:58,49.20,3,6430,49.25_49.30_49.35_49.40_49.45_,101_26_17_31_256_,49.20_49.15_49.10_49.05_49.00_,158_104_161_164_515_
10:49:03,49.20,4,6434,49.25_49.30_49.35_49.40_49.45_,100_26_17_31_256_,49.20_49.15_49.10_49.05_49.00_,154_104_161_164_515_
10:49:13,49.25,1,6435,49.25_49.30_49.35_49.40_49.45_,99_26_17_31_256_,49.20_49.15_49.10_49.05_49.00_,153_104_161_164_515_
10:49:23,49.20,1,6436,49.25_49.30_49.35_49.40_49.45_,102_26_17_31_256_,49.20_49.15_49.10_49.05_49.00_,152_106_161_164_515_
10:49:28,49.20,1,6436,49.25_49.30_49.35_49.40_49.45_,102_26_17_31_256_,49.20_49.15_49.10_49.05_49.00_,153_106_161_164_515_
10:49:33,49.20,1,6436,49.25_49.30_49.35_49.40_49.45_,105_26_17_31_256_,49.20_49.15_49.10_49.05_49.00_,153_106_161_164_515_
10:49:44,49.20,3,6439,49.25_49.30_49.35_49.40_49.45_,105_26_17_31_256_,49.20_49.15_49.10_49.05_49.00_,151_106_161_164_515_
10:49:49,49.20,4,6443,49.25_49.30_49.35_49.40_49.45_,109_26_17_31_256_,49.20_49.15_49.10_49.05_49.00_,148_109_161_164_515_
10:49:54,49.20,4,6443,49.25_49.30_49.35_49.40_49.45_,110_26_17_31_256_,49.20_49.15_49.10_49.05_49.00_,148_109_161_164_515_
10:49:59,49.20,1,6444,49.25_49.30_49.35_49.40_49.45_,110_26_17_31_256_,49.20_49.15_49.10_49.05_49.00_,147_109_161_164_515_
10:50:04,49.20,3,6447,49.25_49.30_49.35_49.40_49.45_,109_26_17_31_256_,49.20_49.15_49.10_49.05_49.00_,144_109_161_164_515_
10:50:09,49.20,1,6448,49.25_49.30_49.35_49.40_49.45_,109_26_17_31_256_,49.20_49.15_49.10_49.05_49.00_,144_109_161_164_515_
10:50:15,49.20,5,6453,49.25_49.30_49.35_49.40_49.45_,106_26_17_31_256_,49.20_49.15_49.10_49.05_49.00_,140_109_161_164_515_
10:50:20,49.20,5,6453,49.25_49.30_49.35_49.40_49.45_,106_26_17_31_256_,49.20_49.15_49.10_49.05_49.00_,490_109_161_164_515_
10:50:25,49.20,4,6457,49.25_49.30_49.35_49.40_49.45_,103_26_17_31_256_,49.20_49.15_49.10_49.05_49.00_,486_108_157_164_515_
10:50:30,49.20,2,6459,49.25_49.30_49.35_49.40_49.45_,102_26_17_31_256_,49.20_49.15_49.10_49.05_49.00_,485_108_157_164_515_
10:50:35,49.25,1,6460,49.25_49.30_49.35_49.40_49.45_,101_26_17_31_256_,49.20_49.15_49.10_49.05_49.00_,285_108_157_164_515_
10:50:40,49.20,22,6482,49.25_49.30_49.35_49.40_49.45_,102_26_17_31_256_,49.20_49.15_49.10_49.05_49.00_,267_108_160_164_516_
10:50:45,49.20,22,6482,49.25_49.30_49.35_49.40_49.45_,103_29_17_31_256_,49.20_49.15_49.10_49.05_49.00_,267_108_160_164_516_
10:50:50,49.20,5,6487,49.25_49.30_49.35_49.40_49.45_,104_29_17_31_256_,49.20_49.15_49.10_49.05_49.00_,262_108_160_164_516_
10:50:56,49.20,1,6488,49.25_49.30_49.35_49.40_49.45_,103_29_17_31_256_,49.20_49.15_49.10_49.05_49.00_,328_108_160_164_516_
10:51:01,49.25,3,6491,49.25_49.30_49.35_49.40_49.45_,100_29_17_31_256_,49.20_49.15_49.10_49.05_49.00_,327_107_160_164_516_
10:51:06,49.20,3,6494,49.25_49.30_49.35_49.40_49.45_,100_29_17_31_256_,49.20_49.15_49.10_49.05_49.00_,324_107_160_164_516_
10:51:11,49.20,3,6497,49.25_49.30_49.35_49.40_49.45_,100_29_17_31_256_,49.20_49.15_49.10_49.05_49.00_,321_107_160_164_516_
10:51:16,49.20,1,6498,49.25_49.30_49.35_49.40_49.45_,100_29_17_31_256_,49.20_49.15_49.10_49.05_49.00_,323_104_160_164_516_
10:51:21,49.20,1,6498,49.25_49.30_49.35_49.40_49.45_,100_29_17_31_256_,49.20_49.15_49.10_49.05_49.00_,323_104_160_164_507_
10:51:26,49.20,1,6499,49.25_49.30_49.35_49.40_49.45_,99_29_17_31_256_,49.20_49.15_49.10_49.05_49.00_,322_104_160_164_507_
10:51:32,49.20,1,6499,49.25_49.30_49.35_49.40_49.45_,99_29_17_31_256_,49.20_49.15_49.10_49.05_49.00_,323_104_160_164_507_
10:51:37,49.20,2,6501,49.25_49.30_49.35_49.40_49.45_,102_29_17_31_256_,49.20_49.15_49.10_49.05_49.00_,321_104_160_164_507_
10:51:42,49.20,2,6501,49.25_49.30_49.35_49.40_49.45_,104_29_17_31_256_,49.20_49.15_49.10_49.05_49.00_,322_104_160_164_507_
10:51:47,49.20,2,6501,49.25_49.30_49.35_49.40_49.45_,104_14_17_31_271_,49.20_49.15_49.10_49.05_49.00_,323_104_160_164_507_
10:51:52,49.20,5,6506,49.25_49.30_49.35_49.40_49.45_,105_14_17_31_271_,49.20_49.15_49.10_49.05_49.00_,322_104_160_164_507_
10:51:57,49.20,3,6509,49.25_49.30_49.35_49.40_49.45_,105_11_17_31_271_,49.20_49.15_49.10_49.05_49.00_,320_104_160_164_507_
10:52:02,49.20,3,6509,49.25_49.30_49.35_49.40_49.45_,108_8_17_31_271_,49.20_49.15_49.10_49.05_49.00_,320_104_160_164_507_
10:52:07,49.20,3,6509,49.25_49.30_49.35_49.40_49.45_,111_8_17_31_271_,49.20_49.15_49.10_49.05_49.00_,320_104_160_164_507_
10:52:13,49.25,3,6512,49.25_49.30_49.35_49.40_49.45_,109_8_17_31_271_,49.20_49.15_49.10_49.05_49.00_,321_104_160_164_507_
10:52:18,49.20,3,6515,49.25_49.30_49.35_49.40_49.45_,106_8_17_31_271_,49.20_49.15_49.10_49.05_49.00_,318_104_160_164_507_
10:52:23,49.20,2,6517,49.25_49.30_49.35_49.40_49.45_,104_8_17_31_271_,49.20_49.15_49.10_49.05_49.00_,318_107_160_164_507_
10:52:28,49.25,1,6518,49.25_49.30_49.35_49.40_49.45_,103_8_17_31_271_,49.20_49.15_49.10_49.05_49.00_,318_108_160_164_507_
10:52:33,49.20,4,6522,49.25_49.30_49.35_49.40_49.45_,103_8_17_31_271_,49.20_49.15_49.10_49.05_49.00_,316_108_160_167_507_
10:52:38,49.20,4,6522,49.25_49.30_49.35_49.40_49.45_,104_8_17_31_271_,49.20_49.15_49.10_49.05_49.00_,316_108_160_167_507_
10:52:43,49.20,1,6523,49.25_49.30_49.35_49.40_49.45_,104_8_17_31_271_,49.20_49.15_49.10_49.05_49.00_,318_108_160_167_508_
10:52:49,49.20,5,6528,49.25_49.30_49.35_49.40_49.45_,103_8_17_31_271_,49.20_49.15_49.10_49.05_49.00_,314_108_160_167_508_
10:52:54,49.20,1,6529,49.25_49.30_49.35_49.40_49.45_,105_8_17_31_271_,49.20_49.15_49.10_49.05_49.00_,314_108_160_167_508_
10:52:59,49.20,4,6533,49.25_49.30_49.35_49.40_49.45_,107_8_17_31_271_,49.20_49.15_49.10_49.05_49.00_,311_108_160_167_508_
10:53:09,49.20,4,6533,49.25_49.30_49.35_49.40_49.45_,108_8_17_31_271_,49.20_49.15_49.10_49.05_49.00_,311_108_160_167_508_
10:53:14,49.20,2,6535,49.25_49.30_49.35_49.40_49.45_,108_8_17_31_272_,49.20_49.15_49.10_49.05_49.00_,310_108_160_167_508_
10:53:19,49.20,1,6536,49.25_49.30_49.35_49.40_49.45_,107_8_17_31_272_,49.20_49.15_49.10_49.05_49.00_,308_108_160_167_508_
10:53:24,49.20,1,6537,49.25_49.30_49.35_49.40_49.45_,106_8_17_31_272_,49.20_49.15_49.10_49.05_49.00_,307_108_160_167_508_
10:53:30,49.20,7,6544,49.25_49.30_49.35_49.40_49.45_,106_8_17_31_272_,49.20_49.15_49.10_49.05_49.00_,300_108_160_167_508_
10:53:35,49.20,1,6545,49.25_49.30_49.35_49.40_49.45_,107_8_17_31_272_,49.20_49.15_49.10_49.05_49.00_,299_108_160_167_508_
10:53:40,49.20,1,6545,49.25_49.30_49.35_49.40_49.45_,111_8_17_31_272_,49.20_49.15_49.10_49.05_49.00_,299_108_160_167_508_
10:53:50,49.20,11,6556,49.25_49.30_49.35_49.40_49.45_,111_8_17_31_272_,49.20_49.15_49.10_49.05_49.00_,288_108_160_167_508_
10:53:55,49.20,2,6558,49.25_49.30_49.35_49.40_49.45_,114_11_17_31_271_,49.20_49.15_49.10_49.05_49.00_,286_108_160_167_508_
10:54:00,49.20,24,6582,49.25_49.30_49.35_49.40_49.45_,114_11_17_31_271_,49.20_49.15_49.10_49.05_49.00_,262_108_160_167_508_
10:54:06,49.20,24,6582,49.25_49.30_49.35_49.40_49.45_,115_11_17_31_271_,49.20_49.15_49.10_49.05_49.00_,264_108_160_167_508_
10:54:11,49.25,2,6584,49.25_49.30_49.35_49.40_49.45_,113_11_17_31_271_,49.20_49.15_49.10_49.05_49.00_,265_108_160_167_508_
10:54:16,49.25,2,6584,49.25_49.30_49.35_49.40_49.45_,113_11_17_31_271_,49.20_49.15_49.10_49.05_49.00_,268_105_160_167_508_
10:54:21,49.20,3,6587,49.25_49.30_49.35_49.40_49.45_,113_11_17_31_271_,49.20_49.15_49.10_49.05_49.00_,265_105_160_167_509_
10:54:26,49.20,1,6588,49.25_49.30_49.35_49.40_49.45_,114_11_17_31_271_,49.20_49.15_49.10_49.05_49.00_,265_105_160_167_509_
10:54:31,49.20,1,6588,49.25_49.30_49.35_49.40_49.45_,115_11_17_31_271_,49.20_49.15_49.10_49.05_49.00_,267_105_160_167_509_
10:54:36,49.20,2,6590,49.25_49.30_49.35_49.40_49.45_,115_11_17_31_271_,49.20_49.15_49.10_49.05_49.00_,265_105_160_167_509_
10:54:41,49.20,4,6594,49.25_49.30_49.35_49.40_49.45_,114_14_17_31_271_,49.20_49.15_49.10_49.05_49.00_,262_105_160_167_509_
10:54:47,49.25,2,6596,49.25_49.30_49.35_49.40_49.45_,113_14_17_31_271_,49.20_49.15_49.10_49.05_49.00_,263_105_160_167_509_
10:54:57,49.20,4,6600,49.25_49.30_49.35_49.40_49.45_,113_11_17_31_271_,49.20_49.15_49.10_49.05_49.00_,259_105_160_167_504_
10:55:02,49.20,3,6603,49.25_49.30_49.35_49.40_49.45_,113_11_17_31_271_,49.20_49.15_49.10_49.05_49.00_,257_105_160_167_504_
10:55:07,49.20,3,6603,49.25_49.30_49.35_49.40_49.45_,113_11_17_31_271_,49.20_49.15_49.10_49.05_49.00_,261_105_160_167_504_
10:55:12,49.20,1,6604,49.25_49.30_49.35_49.40_49.45_,112_11_17_31_271_,49.20_49.15_49.10_49.05_49.00_,261_105_160_167_504_
10:55:17,49.25,2,6606,49.25_49.30_49.35_49.40_49.45_,110_11_17_31_271_,49.20_49.15_49.10_49.05_49.00_,261_105_160_167_504_
10:55:22,49.20,7,6613,49.25_49.30_49.35_49.40_49.45_,107_11_17_31_271_,49.20_49.15_49.10_49.05_49.00_,254_105_160_167_504_
10:55:28,49.20,1,6614,49.25_49.30_49.35_49.40_49.45_,111_11_17_31_271_,49.20_49.15_49.10_49.05_49.00_,253_105_160_167_504_
10:55:33,49.20,1,6615,49.25_49.30_49.35_49.40_49.45_,113_11_17_31_271_,49.20_49.15_49.10_49.05_49.00_,252_105_160_167_504_
10:55:38,49.20,1,6615,49.25_49.30_49.35_49.40_49.45_,113_11_17_31_271_,49.20_49.15_49.10_49.05_49.00_,252_105_161_167_504_
10:55:43,49.20,1,6616,49.25_49.30_49.35_49.40_49.45_,113_11_17_31_271_,49.20_49.15_49.10_49.05_49.00_,251_105_161_167_505_
10:55:48,49.25,1,6617,49.25_49.30_49.35_49.40_49.45_,112_11_17_31_271_,49.20_49.15_49.10_49.05_49.00_,250_105_161_171_505_
10:55:58,49.25,1,6618,49.25_49.30_49.35_49.40_49.45_,112_11_17_31_271_,49.20_49.15_49.10_49.05_49.00_,250_105_161_171_505_
10:56:03,49.25,4,6622,49.25_49.30_49.35_49.40_49.45_,114_11_17_31_271_,49.20_49.15_49.10_49.05_49.00_,246_107_161_171_505_
10:56:09,49.20,4,6626,49.25_49.30_49.35_49.40_49.45_,116_11_17_31_271_,49.20_49.15_49.10_49.05_49.00_,242_111_161_171_505_
10:56:14,49.20,1,6627,49.25_49.30_49.35_49.40_49.45_,115_11_17_31_271_,49.20_49.15_49.10_49.05_49.00_,241_111_161_171_505_
10:56:19,49.20,2,6629,49.25_49.30_49.35_49.40_49.45_,116_11_17_31_271_,49.20_49.15_49.10_49.05_49.00_,240_111_161_171_505_
10:56:24,49.25,4,6633,49.25_49.30_49.35_49.40_49.45_,112_11_17_31_271_,49.20_49.15_49.10_49.05_49.00_,241_111_161_171_505_
10:56:29,49.20,4,6637,49.25_49.30_49.35_49.40_49.45_,112_11_17_31_271_,49.20_49.15_49.10_49.05_49.00_,239_111_161_171_505_
10:56:34,49.20,4,6637,49.25_49.30_49.35_49.40_49.45_,113_11_8_31_271_,49.20_49.15_49.10_49.05_49.00_,238_110_161_170_505_
10:56:39,49.20,4,6641,49.25_49.30_49.35_49.40_49.45_,110_11_8_31_271_,49.20_49.15_49.10_49.05_49.00_,236_110_161_170_505_
10:56:44,49.20,2,6643,49.25_49.30_49.35_49.40_49.45_,110_11_8_32_271_,49.20_49.15_49.10_49.05_49.00_,235_119_161_170_496_
10:56:50,49.20,1,6644,49.25_49.30_49.35_49.40_49.45_,111_11_17_32_271_,49.20_49.15_49.10_49.05_49.00_,236_111_161_170_505_
10:56:55,49.20,20,6664,49.25_49.30_49.35_49.40_49.45_,111_11_8_32_271_,49.20_49.15_49.10_49.05_49.00_,216_120_161_170_497_
10:57:00,49.20,20,6664,49.25_49.30_49.35_49.40_49.45_,111_11_8_32_271_,49.20_49.15_49.10_49.05_49.00_,211_120_161_170_497_
10:57:05,49.20,1,6665,49.25_49.30_49.35_49.40_49.45_,111_11_8_32_271_,49.20_49.15_49.10_49.05_49.00_,214_120_161_170_497_
10:57:10,49.20,5,6670,49.25_49.30_49.35_49.40_49.45_,111_11_8_32_271_,49.20_49.15_49.10_49.05_49.00_,211_120_161_170_497_
10:57:15,49.20,1,6671,49.25_49.30_49.35_49.40_49.45_,114_11_8_32_271_,49.20_49.15_49.10_49.05_49.00_,213_108_161_170_506_
10:57:20,49.20,1,6672,49.25_49.30_49.35_49.40_49.45_,114_14_8_32_271_,49.20_49.15_49.10_49.05_49.00_,222_108_161_170_506_
10:57:25,49.20,5,6677,49.25_49.30_49.35_49.40_49.45_,114_14_8_32_271_,49.20_49.15_49.10_49.05_49.00_,217_108_161_170_506_
10:57:36,49.20,5,6677,49.25_49.30_49.35_49.40_49.45_,112_14_8_32_271_,49.20_49.15_49.10_49.05_49.00_,217_108_161_170_506_
10:57:41,49.20,4,6681,49.25_49.30_49.35_49.40_49.45_,112_14_8_32_271_,49.20_49.15_49.10_49.05_49.00_,213_108_161_170_506_
10:57:46,49.20,4,6681,49.25_49.30_49.35_49.40_49.45_,112_14_17_32_271_,49.20_49.15_49.10_49.05_49.00_,214_111_161_170_506_
10:57:51,49.20,4,6685,49.25_49.30_49.35_49.40_49.45_,109_13_17_32_271_,49.20_49.15_49.10_49.05_49.00_,209_111_161_170_506_
10:57:56,49.20,2,6687,49.25_49.30_49.35_49.40_49.45_,110_13_18_32_271_,49.20_49.15_49.10_49.05_49.00_,206_111_161_170_504_
10:58:01,49.20,2,6687,49.25_49.30_49.35_49.40_49.45_,110_13_18_32_271_,49.20_49.15_49.10_49.05_49.00_,207_111_161_170_504_
10:58:06,49.20,3,6690,49.25_49.30_49.35_49.40_49.45_,109_13_18_32_271_,49.20_49.15_49.10_49.05_49.00_,204_111_161_170_504_
10:58:11,49.20,4,6694,49.25_49.30_49.35_49.40_49.45_,109_13_18_32_271_,49.20_49.15_49.10_49.05_49.00_,200_111_161_170_504_
10:58:17,49.20,2,6696,49.25_49.30_49.35_49.40_49.45_,112_13_18_32_271_,49.20_49.15_49.10_49.05_49.00_,200_111_161_170_504_
10:58:22,49.20,1,6697,49.25_49.30_49.35_49.40_49.45_,112_13_18_32_271_,49.20_49.15_49.10_49.05_49.00_,199_111_161_170_504_
10:58:27,49.20,1,6697,49.25_49.30_49.35_49.40_49.45_,112_13_18_32_271_,49.20_49.15_49.10_49.05_49.00_,198_111_161_170_504_
10:58:37,49.20,1,6698,49.25_49.30_49.35_49.40_49.45_,112_13_18_32_271_,49.20_49.15_49.10_49.05_49.00_,197_111_161_170_504_
10:58:42,49.20,1,6698,49.25_49.30_49.35_49.40_49.45_,112_13_17_32_271_,49.20_49.15_49.10_49.05_49.00_,197_111_161_170_504_
10:58:47,49.20,6,6704,49.25_49.30_49.35_49.40_49.45_,112_13_17_32_271_,49.20_49.15_49.10_49.05_49.00_,191_111_161_170_506_
10:58:53,49.20,1,6705,49.25_49.30_49.35_49.40_49.45_,112_13_17_32_271_,49.20_49.15_49.10_49.05_49.00_,190_111_161_170_506_
10:58:58,49.20,3,6708,49.25_49.30_49.35_49.40_49.45_,113_10_17_32_271_,49.20_49.15_49.10_49.05_49.00_,187_111_161_170_506_
10:59:03,49.20,4,6712,49.25_49.30_49.35_49.40_49.45_,111_10_17_31_271_,49.20_49.15_49.10_49.05_49.00_,183_116_161_170_506_
10:59:08,49.20,3,6715,49.25_49.30_49.35_49.40_49.45_,110_10_17_31_271_,49.20_49.15_49.10_49.05_49.00_,179_116_161_170_507_
10:59:13,49.20,4,6719,49.25_49.30_49.35_49.40_49.45_,110_10_17_31_271_,49.20_49.15_49.10_49.05_49.00_,174_116_161_170_507_
10:59:18,49.20,4,6719,49.25_49.30_49.35_49.40_49.45_,110_10_17_31_271_,49.20_49.15_49.10_49.05_49.00_,173_116_161_170_507_
10:59:23,49.20,1,6720,49.25_49.30_49.35_49.40_49.45_,110_10_17_31_271_,49.20_49.15_49.10_49.05_49.00_,172_116_161_170_507_
10:59:28,49.20,1,6720,49.25_49.30_49.35_49.40_49.45_,110_10_17_31_271_,49.20_49.15_49.10_49.05_49.00_,172_116_162_170_507_
10:59:34,49.20,2,6722,49.25_49.30_49.35_49.40_49.45_,110_10_17_31_271_,49.20_49.15_49.10_49.05_49.00_,170_116_162_170_507_
10:59:39,49.25,2,6724,49.25_49.30_49.35_49.40_49.45_,108_10_17_31_271_,49.20_49.15_49.10_49.05_49.00_,172_116_162_170_507_
10:59:44,49.20,1,6725,49.25_49.30_49.35_49.40_49.45_,107_10_17_31_271_,49.20_49.15_49.10_49.05_49.00_,171_116_162_170_507_
10:59:49,49.20,1,6725,49.25_49.30_49.35_49.40_49.45_,110_10_17_31_271_,49.20_49.15_49.10_49.05_49.00_,171_116_162_170_508_
10:59:54,49.20,5,6730,49.25_49.30_49.35_49.40_49.45_,111_10_17_31_271_,49.20_49.15_49.10_49.05_49.00_,166_116_162_170_510_
10:59:59,49.20,5,6730,49.25_49.30_49.35_49.40_49.45_,111_10_17_31_271_,49.20_49.15_49.10_49.05_49.00_,165_116_162_170_510_
11:00:04,49.20,4,6734,49.25_49.30_49.35_49.40_49.45_,110_7_17_31_271_,49.20_49.15_49.10_49.05_49.00_,161_116_167_170_510_
11:00:09,49.20,4,6734,49.25_49.30_49.35_49.40_49.45_,110_7_17_31_271_,49.20_49.15_49.10_49.05_49.00_,160_116_167_170_510_
11:00:15,49.20,3,6737,49.25_49.30_49.35_49.40_49.45_,110_7_17_31_271_,49.20_49.15_49.10_49.05_49.00_,161_113_167_170_510_
11:00:20,49.20,6,6743,49.25_49.30_49.35_49.40_49.45_,114_7_17_31_271_,49.20_49.15_49.10_49.05_49.00_,155_113_167_170_510_
11:00:25,49.25,1,6744,49.25_49.30_49.35_49.40_49.45_,113_7_17_31_271_,49.20_49.15_49.10_49.05_49.00_,154_113_167_170_510_
11:00:30,49.20,6,6750,49.25_49.30_49.35_49.40_49.45_,110_7_17_31_271_,49.20_49.15_49.10_49.05_49.00_,147_113_167_170_510_
11:00:35,49.25,3,6753,49.25_49.30_49.35_49.40_49.45_,108_10_17_31_271_,49.20_49.15_49.10_49.05_49.00_,145_113_167_170_510_
11:00:45,49.25,1,6754,49.25_49.30_49.35_49.40_49.45_,109_10_17_31_271_,49.20_49.15_49.10_49.05_49.00_,144_113_167_170_510_
11:00:50,49.20,1,6755,49.25_49.30_49.35_49.40_49.45_,112_10_17_31_271_,49.20_49.15_49.10_49.05_49.00_,143_113_168_170_510_
11:00:56,49.20,5,6760,49.25_49.30_49.35_49.40_49.45_,114_10_17_31_271_,49.20_49.15_49.10_49.05_49.00_,137_113_168_170_510_
11:01:01,49.20,6,6766,49.25_49.30_49.35_49.40_49.45_,110_10_17_31_271_,49.20_49.15_49.10_49.05_49.00_,131_113_168_170_510_
11:01:06,49.20,11,6777,49.25_49.30_49.35_49.40_49.45_,109_10_17_31_271_,49.20_49.15_49.10_49.05_49.00_,129_113_169_170_510_
11:01:11,49.20,1,6778,49.25_49.30_49.35_49.40_49.45_,109_10_17_31_271_,49.20_49.15_49.10_49.05_49.00_,128_113_169_170_510_
11:01:16,49.20,1,6778,49.25_49.30_49.35_49.40_49.45_,110_10_17_31_271_,49.20_49.15_49.10_49.05_49.00_,128_113_169_170_510_
11:01:21,49.20,4,6782,49.25_49.30_49.35_49.40_49.45_,110_10_17_31_271_,49.20_49.15_49.10_49.05_49.00_,126_113_169_170_510_
11:01:26,49.20,3,6785,49.25_49.30_49.35_49.40_49.45_,110_10_17_31_271_,49.20_49.15_49.10_49.05_49.00_,125_113_169_170_510_
11:01:32,49.20,3,6785,49.25_49.30_49.35_49.40_49.45_,110_10_17_31_271_,49.20_49.15_49.10_49.05_49.00_,125_113_168_170_510_
11:01:37,49.20,3,6788,49.25_49.30_49.35_49.40_49.45_,110_10_17_31_271_,49.20_49.15_49.10_49.05_49.00_,122_113_168_170_510_
11:01:42,49.20,3,6788,49.25_49.30_49.35_49.40_49.45_,110_10_17_31_271_,49.20_49.15_49.10_49.05_49.00_,122_116_169_170_510_
11:01:47,49.20,4,6792,49.25_49.30_49.35_49.40_49.45_,110_10_17_36_271_,49.20_49.15_49.10_49.05_49.00_,119_116_168_170_510_
11:01:52,49.20,4,6792,49.25_49.30_49.35_49.40_49.45_,111_10_17_36_271_,49.20_49.15_49.10_49.05_49.00_,119_116_168_170_510_
11:01:57,49.20,3,6795,49.25_49.30_49.35_49.40_49.45_,111_7_17_36_271_,49.20_49.15_49.10_49.05_49.00_,117_116_159_170_510_
11:02:02,49.20,1,6796,49.25_49.30_49.35_49.40_49.45_,110_10_17_36_271_,49.20_49.15_49.10_49.05_49.00_,115_116_159_170_510_
11:02:07,49.20,3,6799,49.25_49.30_49.35_49.40_49.45_,112_10_17_36_271_,49.20_49.15_49.10_49.05_49.00_,115_116_159_170_511_
11:02:18,49.20,4,6803,49.25_49.30_49.35_49.40_49.45_,112_10_17_36_271_,49.20_49.15_49.10_49.05_49.00_,112_116_159_170_511_
11:02:23,49.20,6,6809,49.25_49.30_49.35_49.40_49.45_,114_10_17_36_271_,49.20_49.15_49.10_49.05_49.00_,105_116_160_170_511_
11:02:28,49.20,2,6811,49.25_49.30_49.35_49.40_49.45_,114_10_17_36_271_,49.20_49.15_49.10_49.05_49.00_,102_116_164_170_511_
11:02:33,49.20,2,6813,49.25_49.30_49.35_49.40_49.45_,114_10_17_36_271_,49.20_49.15_49.10_49.05_49.00_,100_116_164_170_511_
11:02:38,49.20,2,6813,49.25_49.30_49.35_49.40_49.45_,114_10_17_36_271_,49.20_49.15_49.10_49.05_49.00_,99_116_164_170_511_
11:02:43,49.20,4,6817,49.25_49.30_49.35_49.40_49.45_,116_10_17_36_271_,49.20_49.15_49.10_49.05_49.00_,94_116_164_170_511_
11:02:49,49.20,4,6817,49.25_49.30_49.35_49.40_49.45_,116_10_18_36_271_,49.20_49.15_49.10_49.05_49.00_,94_116_169_170_511_
11:02:54,49.20,4,6821,49.25_49.30_49.35_49.40_49.45_,115_10_18_36_271_,49.20_49.15_49.10_49.05_49.00_,91_116_169_170_516_
11:02:59,49.20,3,6824,49.25_49.30_49.35_49.40_49.45_,114_10_18_36_271_,49.20_49.15_49.10_49.05_49.00_,88_116_169_170_516_
11:03:04,49.20,5,6829,49.25_49.30_49.35_49.40_49.45_,111_10_18_36_271_,49.20_49.15_49.10_49.05_49.00_,102_116_169_170_516_
11:03:09,49.20,1,6830,49.25_49.30_49.35_49.40_49.45_,111_10_18_36_271_,49.20_49.15_49.10_49.05_49.00_,101_116_169_170_516_
11:03:14,49.20,1,6831,49.25_49.30_49.35_49.40_49.45_,112_10_18_36_271_,49.20_49.15_49.10_49.05_49.00_,106_116_163_170_516_
11:03:19,49.20,2,6833,49.25_49.30_49.35_49.40_49.45_,112_10_18_36_271_,49.20_49.15_49.10_49.05_49.00_,104_116_163_170_515_
11:03:24,49.20,1,6834,49.25_49.30_49.35_49.40_49.45_,111_10_18_36_271_,49.20_49.15_49.10_49.05_49.00_,111_116_157_170_515_
11:03:30,49.20,4,6838,49.25_49.30_49.35_49.40_49.45_,111_10_18_36_271_,49.20_49.15_49.10_49.05_49.00_,107_116_157_170_515_
11:03:35,49.20,3,6841,49.25_49.30_49.35_49.40_49.45_,111_10_18_36_271_,49.20_49.15_49.10_49.05_49.00_,104_116_157_170_510_
11:03:40,49.25,5,6846,49.25_49.30_49.35_49.40_49.45_,107_10_18_36_271_,49.20_49.15_49.10_49.05_49.00_,154_116_157_170_510_
11:03:45,49.20,2,6848,49.25_49.30_49.35_49.40_49.45_,107_10_18_36_271_,49.20_49.15_49.10_49.05_49.00_,153_116_156_170_510_
11:03:50,49.20,1,6849,49.25_49.30_49.35_49.40_49.45_,107_12_17_36_271_,49.20_49.15_49.10_49.05_49.00_,210_116_156_170_510_
11:03:55,49.20,3,6852,49.25_49.30_49.35_49.40_49.45_,107_12_17_36_271_,49.20_49.15_49.10_49.05_49.00_,209_116_156_170_510_
11:04:00,49.20,20,6872,49.25_49.30_49.35_49.40_49.45_,107_12_17_36_271_,49.20_49.15_49.10_49.05_49.00_,193_116_156_170_510_
11:04:06,49.20,20,6872,49.25_49.30_49.35_49.40_49.45_,107_12_17_36_276_,49.20_49.15_49.10_49.05_49.00_,196_116_156_170_510_
11:04:11,49.20,1,6873,49.25_49.30_49.35_49.40_49.45_,107_12_17_36_276_,49.20_49.15_49.10_49.05_49.00_,196_116_156_170_510_
11:04:16,49.20,23,6896,49.25_49.30_49.35_49.40_49.45_,107_12_17_36_270_,49.20_49.15_49.10_49.05_49.00_,173_116_156_170_510_
11:04:21,49.20,3,6899,49.25_49.30_49.35_49.40_49.45_,107_12_17_36_270_,49.20_49.15_49.10_49.05_49.00_,167_116_156_170_510_
11:04:26,49.20,2,6901,49.25_49.30_49.35_49.40_49.45_,107_12_17_36_270_,49.20_49.15_49.10_49.05_49.00_,165_116_156_170_510_
11:04:31,49.20,4,6905,49.25_49.30_49.35_49.40_49.45_,107_12_17_36_270_,49.20_49.15_49.10_49.05_49.00_,162_116_156_170_510_
11:04:36,49.20,4,6905,49.25_49.30_49.35_49.40_49.45_,108_12_17_36_270_,49.20_49.15_49.10_49.05_49.00_,161_116_156_170_510_
11:04:41,49.20,5,6910,49.25_49.30_49.35_49.40_49.45_,108_12_17_36_270_,49.20_49.15_49.10_49.05_49.00_,161_116_156_170_510_
11:04:47,49.20,5,6910,49.25_49.30_49.35_49.40_49.45_,108_12_17_36_270_,49.20_49.15_49.10_49.05_49.00_,161_116_165_170_510_
11:04:52,49.20,5,6910,49.25_49.30_49.35_49.40_49.45_,111_12_17_36_270_,49.20_49.15_49.10_49.05_49.00_,160_116_165_170_510_
11:04:57,49.20,5,6915,49.25_49.30_49.35_49.40_49.45_,112_10_17_36_270_,49.20_49.15_49.10_49.05_49.00_,155_116_165_170_510_
11:05:02,49.20,5,6915,49.25_49.30_49.35_49.40_49.45_,115_10_17_36_270_,49.20_49.15_49.10_49.05_49.00_,154_116_159_170_510_
11:05:07,49.20,4,6919,49.25_49.30_49.35_49.40_49.45_,116_19_17_36_261_,49.20_49.15_49.10_49.05_49.00_,149_116_159_170_510_
11:05:12,49.20,14,6933,49.25_49.30_49.35_49.40_49.45_,116_19_17_36_261_,49.20_49.15_49.10_49.05_49.00_,135_116_159_170_510_
11:05:17,49.20,1,6934,49.25_49.30_49.35_49.40_49.45_,112_19_17_36_261_,49.20_49.15_49.10_49.05_49.00_,128_116_159_170_510_
11:05:23,49.20,1,6935,49.25_49.30_49.35_49.40_49.45_,112_19_17_36_261_,49.20_49.15_49.10_49.05_49.00_,126_116_159_170_510_
11:05:28,49.20,1,6936,49.25_49.30_49.35_49.40_49.45_,112_19_17_36_262_,49.20_49.15_49.10_49.05_49.00_,126_116_159_170_510_
11:05:33,49.20,52,6988,49.25_49.30_49.35_49.40_49.45_,113_19_17_36_262_,49.20_49.15_49.10_49.05_49.00_,74_116_160_170_510_
11:05:38,49.20,5,6993,49.25_49.30_49.35_49.40_49.45_,110_19_17_36_262_,49.20_49.15_49.10_49.05_49.00_,56_116_161_170_510_
11:05:43,49.20,5,6993,49.25_49.30_49.35_49.40_49.45_,111_19_17_36_262_,49.20_49.15_49.10_49.05_49.00_,58_116_161_170_510_
11:05:48,49.20,2,6995,49.25_49.30_49.35_49.40_49.45_,111_19_17_37_262_,49.20_49.15_49.10_49.05_49.00_,56_116_161_170_510_
11:05:53,49.20,7,7002,49.25_49.30_49.35_49.40_49.45_,111_19_17_37_262_,49.20_49.15_49.10_49.05_49.00_,51_116_161_170_496_
11:05:58,49.20,7,7002,49.25_49.30_49.35_49.40_49.45_,111_19_17_37_262_,49.20_49.15_49.10_49.05_49.00_,49_116_161_170_496_
11:06:03,49.20,2,7004,49.25_49.30_49.35_49.40_49.45_,111_19_17_37_262_,49.20_49.15_49.10_49.05_49.00_,68_116_161_170_496_
11:06:09,49.20,23,7027,49.25_49.30_49.35_49.40_49.45_,111_22_17_37_262_,49.20_49.15_49.10_49.05_49.00_,46_116_161_170_496_
11:06:14,49.20,21,7048,49.25_49.30_49.35_49.40_49.45_,111_22_17_37_262_,49.20_49.15_49.10_49.05_49.00_,26_116_161_170_496_
11:06:19,49.20,1,7049,49.25_49.30_49.35_49.40_49.45_,110_22_17_37_262_,49.20_49.15_49.10_49.05_49.00_,53_116_161_170_496_
11:06:24,49.20,1,7049,49.25_49.30_49.35_49.40_49.45_,110_22_17_37_262_,49.20_49.15_49.10_49.05_49.00_,68_116_161_170_496_
11:06:29,49.20,2,7051,49.25_49.30_49.35_49.40_49.45_,110_22_17_37_262_,49.20_49.15_49.10_49.05_49.00_,67_116_161_170_497_
11:06:34,49.20,15,7066,49.25_49.30_49.35_49.40_49.45_,110_22_17_37_262_,49.20_49.15_49.10_49.05_49.00_,52_116_161_170_497_
11:06:39,49.20,1,7067,49.25_49.30_49.35_49.40_49.45_,110_22_17_37_262_,49.20_49.15_49.10_49.05_49.00_,56_116_156_170_497_
11:06:50,49.20,1,7067,49.25_49.30_49.35_49.40_49.45_,110_22_17_37_262_,49.20_49.15_49.10_49.05_49.00_,58_116_156_170_497_
11:06:55,49.20,18,7085,49.25_49.30_49.35_49.40_49.45_,111_19_17_37_262_,49.20_49.15_49.10_49.05_49.00_,40_116_156_170_497_
11:07:00,49.20,3,7088,49.25_49.30_49.35_49.40_49.45_,117_19_17_37_262_,49.20_49.15_49.10_49.05_49.00_,41_116_156_170_497_
11:07:05,49.20,1,7089,49.25_49.30_49.35_49.40_49.45_,117_19_17_37_262_,49.20_49.15_49.10_49.05_49.00_,40_116_156_170_497_
11:07:10,49.20,1,7090,49.25_49.30_49.35_49.40_49.45_,117_19_17_37_262_,49.20_49.15_49.10_49.05_49.00_,42_116_156_170_497_
11:07:15,49.20,7,7097,49.25_49.30_49.35_49.40_49.45_,113_19_17_37_262_,49.20_49.15_49.10_49.05_49.00_,35_116_156_170_497_
11:07:20,49.20,1,7098,49.25_49.30_49.35_49.40_49.45_,112_19_17_37_262_,49.20_49.15_49.10_49.05_49.00_,34_116_156_170_497_
11:07:30,49.25,3,7101,49.25_49.30_49.35_49.40_49.45_,109_19_17_37_262_,49.20_49.15_49.10_49.05_49.00_,34_116_157_170_497_
11:07:36,49.25,1,7102,49.25_49.30_49.35_49.40_49.45_,108_19_17_37_262_,49.20_49.15_49.10_49.05_49.00_,33_116_157_170_497_
11:07:41,49.20,6,7108,49.25_49.30_49.35_49.40_49.45_,107_19_18_37_262_,49.20_49.15_49.10_49.05_49.00_,27_116_157_170_497_
11:07:46,49.20,1,7109,49.25_49.30_49.35_49.40_49.45_,107_19_18_37_262_,49.20_49.15_49.10_49.05_49.00_,51_117_157_170_497_
11:07:51,49.20,1,7109,49.25_49.30_49.35_49.40_49.45_,107_10_18_38_271_,49.20_49.15_49.10_49.05_49.00_,53_117_157_170_497_
11:07:56,49.20,6,7115,49.25_49.30_49.35_49.40_49.45_,108_10_18_38_271_,49.20_49.15_49.10_49.05_49.00_,48_117_157_170_498_
11:08:01,49.20,6,7115,49.25_49.30_49.35_49.40_49.45_,108_10_18_38_271_,49.20_49.15_49.10_49.05_49.00_,47_117_157_170_498_
11:08:11,49.20,4,7119,49.25_49.30_49.35_49.40_49.45_,108_10_18_38_271_,49.20_49.15_49.10_49.05_49.00_,46_117_156_170_498_
11:08:17,49.20,49,7168,49.20_49.25_49.30_49.35_49.40_,3_107_10_18_38_,49.15_49.10_49.05_49.00_48.95_,114_156_170_498_101_
11:08:22,49.20,5,7173,49.20_49.25_49.30_49.35_49.40_,8_100_19_18_229_,49.15_49.10_49.05_49.00_48.95_,114_156_173_397_202_
11:08:27,49.20,9,7182,49.25_49.30_49.35_49.40_49.45_,99_20_17_250_50_,49.20_49.15_49.10_49.05_49.00_,3_114_156_173_397_
11:08:32,49.20,6,7188,49.20_49.25_49.30_49.35_49.40_,1_100_20_17_59_,49.15_49.10_49.05_49.00_48.95_,114_156_172_499_101_
11:08:37,49.15,2,7190,49.20_49.25_49.30_49.35_49.40_,29_92_20_17_233_,49.15_49.10_49.05_49.00_48.95_,113_156_172_398_202_
11:08:42,49.20,31,7221,49.20_49.25_49.30_49.35_49.40_,8_89_20_17_250_,49.15_49.10_49.05_49.00_48.95_,113_156_172_398_202_
11:08:47,49.20,6,7227,49.25_49.30_49.35_49.40_49.45_,88_20_17_250_50_,49.15_49.10_49.05_49.00_48.95_,113_156_172_398_202_
11:08:52,49.25,3,7230,49.25_49.30_49.35_49.40_49.45_,85_20_17_109_196_,49.15_49.10_49.05_49.00_48.95_,113_156_172_435_165_
11:08:57,49.25,3,7230,49.20_49.25_49.30_49.35_49.40_,3_83_10_17_101_,49.15_49.10_49.05_49.00_48.95_,113_156_172_435_165_
11:09:03,49.15,1,7231,49.20_49.25_49.30_49.35_49.40_,10_80_17_17_241_,49.15_49.10_49.05_49.00_48.95_,112_156_172_399_202_
11:09:08,49.20,1,7232,49.20_49.25_49.30_49.35_49.40_,15_76_17_17_249_,49.15_49.10_49.05_49.00_48.95_,112_156_172_437_265_
11:09:13,49.20,1,7232,49.20_49.25_49.30_49.35_49.40_,19_72_17_17_249_,49.15_49.10_49.05_49.00_48.95_,112_156_172_400_302_
11:09:18,49.15,2,7234,49.20_49.25_49.30_49.35_49.40_,19_74_17_17_249_,49.15_49.10_49.05_49.00_48.95_,110_156_172_400_302_
11:09:23,49.15,1,7235,49.20_49.25_49.30_49.35_49.40_,22_72_17_17_249_,49.15_49.10_49.05_49.00_48.95_,110_156_172_437_265_
11:09:38,49.20,2,7237,49.20_49.25_49.30_49.35_49.40_,20_72_17_17_249_,49.15_49.10_49.05_49.00_48.95_,110_156_172_437_265_
11:09:44,49.15,5,7242,49.20_49.25_49.30_49.35_49.40_,21_71_17_17_249_,49.15_49.10_49.05_49.00_48.95_,107_159_172_400_302_
11:09:49,49.20,2,7244,49.20_49.25_49.30_49.35_49.40_,19_71_17_17_249_,49.15_49.10_49.05_49.00_48.95_,106_159_172_437_265_
11:09:54,49.15,1,7245,49.20_49.25_49.30_49.35_49.40_,19_71_17_17_249_,49.15_49.10_49.05_49.00_48.95_,106_159_172_400_302_
11:09:59,49.20,6,7251,49.20_49.25_49.30_49.35_49.40_,14_71_17_17_249_,49.15_49.10_49.05_49.00_48.95_,105_160_172_400_302_
11:10:04,49.20,10,7261,49.20_49.25_49.30_49.35_49.40_,12_65_16_17_249_,49.15_49.10_49.05_49.00_48.95_,106_160_172_400_302_
11:10:09,49.20,13,7274,49.25_49.30_49.35_49.40_49.45_,67_16_17_249_50_,49.20_49.15_49.10_49.05_49.00_,5_105_160_172_400_
11:10:14,49.20,13,7287,49.20_49.25_49.30_49.35_49.40_,14_66_7_17_58_,49.15_49.10_49.05_49.00_48.95_,102_160_172_501_201_
11:10:19,49.20,2,7289,49.20_49.25_49.30_49.35_49.40_,14_64_16_17_232_,49.15_49.10_49.05_49.00_48.95_,102_160_172_400_302_
11:10:25,49.20,2,7289,49.20_49.25_49.30_49.35_49.40_,13_64_16_17_249_,49.15_49.10_49.05_49.00_48.95_,102_160_172_405_302_
11:10:30,49.20,5,7294,49.20_49.25_49.30_49.35_49.40_,9_64_16_17_249_,49.15_49.10_49.05_49.00_48.95_,103_160_172_405_302_
11:10:35,49.20,3,7297,49.20_49.25_49.30_49.35_49.40_,7_64_16_17_249_,49.15_49.10_49.05_49.00_48.95_,102_161_172_405_302_
11:10:40,49.20,3,7297,49.20_49.25_49.30_49.35_49.40_,7_64_16_17_249_,49.15_49.10_49.05_49.00_48.95_,102_162_172_442_265_
11:10:45,49.15,2,7299,49.20_49.25_49.30_49.35_49.40_,7_64_16_17_249_,49.15_49.10_49.05_49.00_48.95_,100_162_172_442_265_
11:10:50,49.15,4,7303,49.20_49.25_49.30_49.35_49.40_,7_64_16_17_249_,49.15_49.10_49.05_49.00_48.95_,96_162_173_442_265_
11:10:55,49.15,4,7303,49.20_49.25_49.30_49.35_49.40_,12_63_16_17_249_,49.15_49.10_49.05_49.00_48.95_,97_162_173_442_265_
11:11:00,49.15,1,7304,49.20_49.25_49.30_49.35_49.40_,12_63_16_17_249_,49.15_49.10_49.05_49.00_48.95_,96_162_173_442_265_
11:11:06,49.15,1,7304,49.20_49.25_49.30_49.35_49.40_,14_63_16_17_249_,49.15_49.10_49.05_49.00_48.95_,96_162_173_442_265_
11:11:11,49.15,1,7304,49.20_49.25_49.30_49.35_49.40_,14_63_16_17_249_,49.15_49.10_49.05_49.00_48.95_,97_162_173_442_265_
11:11:16,49.15,1,7304,49.20_49.25_49.30_49.35_49.40_,14_63_7_17_249_,49.15_49.10_49.05_49.00_48.95_,97_165_173_442_265_
11:11:26,49.15,2,7306,49.20_49.25_49.30_49.35_49.40_,14_63_7_17_249_,49.15_49.10_49.05_49.00_48.95_,95_165_173_442_265_
11:11:31,49.15,2,7306,49.20_49.25_49.30_49.35_49.40_,17_63_7_17_249_,49.15_49.10_49.05_49.00_48.95_,95_165_173_442_265_
11:11:36,49.15,1,7307,49.20_49.25_49.30_49.35_49.40_,19_63_7_17_249_,49.15_49.10_49.05_49.00_48.95_,94_165_173_442_265_
11:11:41,49.20,1,7308,49.20_49.25_49.30_49.35_49.40_,18_63_7_17_249_,49.15_49.10_49.05_49.00_48.95_,94_165_173_442_265_
11:11:47,49.20,1,7308,49.20_49.25_49.30_49.35_49.40_,18_63_16_17_249_,49.15_49.10_49.05_49.00_48.95_,94_165_173_445_265_
11:11:52,49.15,3,7311,49.20_49.25_49.30_49.35_49.40_,18_63_16_17_249_,49.15_49.10_49.05_49.00_48.95_,91_165_173_445_265_
11:11:57,49.15,3,7311,49.20_49.25_49.30_49.35_49.40_,20_63_16_17_249_,49.15_49.10_49.05_49.00_48.95_,91_165_173_445_265_
11:12:02,49.15,3,7311,49.20_49.25_49.30_49.35_49.40_,21_63_16_17_249_,49.15_49.10_49.05_49.00_48.95_,91_165_173_445_265_
11:12:07,49.15,3,7314,49.20_49.25_49.30_49.35_49.40_,21_63_16_17_249_,49.15_49.10_49.05_49.00_48.95_,88_165_173_445_265_
11:12:12,49.15,3,7317,49.20_49.25_49.30_49.35_49.40_,23_66_16_17_249_,49.15_49.10_49.05_49.00_48.95_,85_165_173_445_265_
11:12:17,49.20,12,7329,49.20_49.25_49.30_49.35_49.40_,11_66_16_17_249_,49.15_49.10_49.05_49.00_48.95_,85_165_173_445_265_
11:12:23,49.20,12,7329,49.20_49.25_49.30_49.35_49.40_,11_66_16_17_249_,49.15_49.10_49.05_49.00_48.95_,85_165_173_408_303_
11:12:33,49.20,12,7329,49.20_49.25_49.30_49.35_49.40_,11_66_16_17_249_,49.15_49.10_49.05_49.00_48.95_,85_165_173_413_303_
11:12:38,49.20,2,7331,49.20_49.25_49.30_49.35_49.40_,10_66_16_17_249_,49.15_49.10_49.05_49.00_48.95_,85_165_173_413_303_
11:12:43,49.20,2,7331,49.20_49.25_49.30_49.35_49.40_,10_66_16_17_249_,49.15_49.10_49.05_49.00_48.95_,86_165_173_413_303_
11:12:48,49.15,2,7333,49.20_49.25_49.30_49.35_49.40_,10_66_17_17_249_,49.15_49.10_49.05_49.00_48.95_,85_165_173_413_303_
11:12:53,49.15,4,7337,49.20_49.25_49.30_49.35_49.40_,10_66_17_17_249_,49.15_49.10_49.05_49.00_48.95_,81_165_173_450_266_
11:12:58,49.15,1,7338,49.20_49.25_49.30_49.35_49.40_,11_66_17_17_249_,49.15_49.10_49.05_49.00_48.95_,80_165_173_450_266_
11:13:03,49.20,3,7341,49.20_49.25_49.30_49.35_49.40_,10_66_17_17_249_,49.15_49.10_49.05_49.00_48.95_,80_165_173_450_266_
11:13:09,49.20,3,7341,49.20_49.25_49.30_49.35_49.40_,10_66_17_17_249_,49.15_49.10_49.05_49.00_48.95_,80_165_173_413_303_
11:13:14,49.20,1,7342,49.20_49.25_49.30_49.35_49.40_,10_66_17_17_249_,49.15_49.10_49.05_49.00_48.95_,80_165_173_413_303_
11:13:19,49.20,1,7342,49.20_49.25_49.30_49.35_49.40_,10_66_17_17_249_,49.15_49.10_49.05_49.00_48.95_,80_165_173_414_303_
11:13:29,49.20,1,7342,49.20_49.25_49.30_49.35_49.40_,13_66_17_17_249_,49.15_49.10_49.05_49.00_48.95_,80_165_173_414_303_
11:13:34,49.15,2,7344,49.20_49.25_49.30_49.35_49.40_,13_66_17_18_249_,49.15_49.10_49.05_49.00_48.95_,78_165_173_414_303_
11:13:39,49.20,1,7345,49.20_49.25_49.30_49.35_49.40_,12_66_17_18_249_,49.15_49.10_49.05_49.00_48.95_,78_165_173_451_266_
11:13:45,49.15,1,7346,49.20_49.25_49.30_49.35_49.40_,12_66_17_18_249_,49.15_49.10_49.05_49.00_48.95_,78_165_173_414_303_
11:13:50,49.20,15,7361,49.25_49.30_49.35_49.40_49.45_,66_17_18_249_50_,49.20_49.15_49.10_49.05_49.00_,16_77_165_173_414_
11:13:55,49.20,5,7366,49.25_49.30_49.35_49.40_49.45_,66_8_18_58_250_,49.20_49.15_49.10_49.05_49.00_,11_77_165_173_515_
11:14:00,49.20,5,7366,49.25_49.30_49.35_49.40_49.45_,67_7_18_41_276_,49.20_49.15_49.10_49.05_49.00_,16_77_165_173_515_
11:14:05,49.20,4,7370,49.25_49.30_49.35_49.40_49.45_,67_7_18_41_276_,49.20_49.15_49.10_49.05_49.00_,12_79_169_173_515_
11:14:10,49.20,1,7371,49.25_49.30_49.35_49.40_49.45_,70_7_18_41_276_,49.20_49.15_49.10_49.05_49.00_,13_79_169_173_516_
11:14:15,49.20,2,7373,49.25_49.30_49.35_49.40_49.45_,70_7_18_41_276_,49.20_49.15_49.10_49.05_49.00_,11_79_178_173_516_
11:14:20,49.20,1,7374,49.25_49.30_49.35_49.40_49.45_,70_7_18_41_276_,49.20_49.15_49.10_49.05_49.00_,10_79_178_173_516_
11:14:26,49.20,1,7374,49.25_49.30_49.35_49.40_49.45_,70_7_18_41_276_,49.20_49.15_49.10_49.05_49.00_,11_80_178_173_516_
11:14:31,49.20,1,7375,49.25_49.30_49.35_49.40_49.45_,70_7_18_41_276_,49.20_49.15_49.10_49.05_49.00_,15_80_179_173_516_
11:14:36,49.20,1,7375,49.25_49.30_49.35_49.40_49.45_,70_7_18_41_276_,49.20_49.15_49.10_49.05_49.00_,16_80_179_173_516_
11:14:41,49.20,1,7375,49.25_49.30_49.35_49.40_49.45_,70_7_18_41_276_,49.20_49.15_49.10_49.05_49.00_,16_80_178_173_516_
11:14:46,49.20,17,7392,49.20_49.25_49.30_49.35_49.40_,3_70_7_18_41_,49.15_49.10_49.05_49.00_48.95_,80_169_173_516_202_
11:14:51,49.20,1,7393,49.20_49.25_49.30_49.35_49.40_,16_68_16_18_232_,49.15_49.10_49.05_49.00_48.95_,80_169_173_415_303_
11:14:56,49.15,2,7395,49.20_49.25_49.30_49.35_49.40_,12_67_16_18_249_,49.15_49.10_49.05_49.00_48.95_,78_169_173_415_303_
11:15:01,49.15,3,7398,49.20_49.25_49.30_49.35_49.40_,12_67_16_18_249_,49.15_49.10_49.05_49.00_48.95_,75_169_173_452_266_
11:15:12,49.15,3,7401,49.20_49.25_49.30_49.35_49.40_,12_67_16_18_249_,49.15_49.10_49.05_49.00_48.95_,73_169_173_452_266_
11:15:17,49.15,3,7401,49.20_49.25_49.30_49.35_49.40_,13_67_16_18_249_,49.15_49.10_49.05_49.00_48.95_,73_169_173_452_266_
11:15:27,49.15,1,7402,49.20_49.25_49.30_49.35_49.40_,13_67_16_18_249_,49.15_49.10_49.05_49.00_48.95_,72_169_173_452_266_
11:15:32,49.15,1,7402,49.20_49.25_49.30_49.35_49.40_,13_67_16_18_249_,49.15_49.10_49.05_49.00_48.95_,73_169_173_452_266_
11:15:37,49.15,3,7405,49.20_49.25_49.30_49.35_49.40_,54_67_16_18_249_,49.15_49.10_49.05_49.00_48.95_,70_169_173_452_266_
11:15:42,49.15,1,7406,49.20_49.25_49.30_49.35_49.40_,66_67_16_18_249_,49.15_49.10_49.05_49.00_48.95_,69_169_173_452_266_
11:15:48,49.15,1,7406,49.20_49.25_49.30_49.35_49.40_,63_67_16_18_249_,49.15_49.10_49.05_49.00_48.95_,70_169_173_452_266_
11:15:53,49.15,1,7406,49.20_49.25_49.30_49.35_49.40_,63_67_16_18_249_,49.15_49.10_49.05_49.00_48.95_,70_169_173_372_266_
11:15:58,49.15,1,7407,49.20_49.25_49.30_49.35_49.40_,64_67_16_18_249_,49.15_49.10_49.05_49.00_48.95_,69_169_173_372_266_
11:16:03,49.15,7,7414,49.20_49.25_49.30_49.35_49.40_,70_66_16_17_249_,49.15_49.10_49.05_49.00_48.95_,63_169_173_372_267_
11:16:08,49.15,2,7416,49.20_49.25_49.30_49.35_49.40_,70_66_16_17_249_,49.15_49.10_49.05_49.00_48.95_,62_169_173_372_267_
11:16:13,49.15,2,7416,49.20_49.25_49.30_49.35_49.40_,70_66_16_22_249_,49.15_49.10_49.05_49.00_48.95_,93_166_173_372_267_
11:16:18,49.15,3,7419,49.20_49.25_49.30_49.35_49.40_,70_66_16_22_249_,49.15_49.10_49.05_49.00_48.95_,96_166_223_372_267_
11:16:23,49.15,2,7421,49.20_49.25_49.30_49.35_49.40_,69_66_16_27_249_,49.15_49.10_49.05_49.00_48.95_,96_166_226_372_267_
11:16:28,49.15,1,7422,49.20_49.25_49.30_49.35_49.40_,69_66_16_27_249_,49.15_49.10_49.05_49.00_48.95_,95_166_226_372_267_
11:16:33,49.15,2,7424,49.20_49.25_49.30_49.35_49.40_,69_66_16_32_249_,49.15_49.10_49.05_49.00_48.95_,93_166_226_372_267_
11:16:39,49.15,2,7424,49.20_49.25_49.30_49.35_49.40_,69_66_16_32_249_,49.15_49.10_49.05_49.00_48.95_,93_166_226_373_347_
11:16:49,49.15,2,7424,49.20_49.25_49.30_49.35_49.40_,69_66_16_32_249_,49.15_49.10_49.05_49.00_48.95_,94_166_226_373_347_
11:16:59,49.20,2,7426,49.20_49.25_49.30_49.35_49.40_,72_66_16_32_249_,49.15_49.10_49.05_49.00_48.95_,94_166_226_373_347_
11:17:04,49.15,9,7435,49.20_49.25_49.30_49.35_49.40_,72_66_16_32_249_,49.15_49.10_49.05_49.00_48.95_,85_166_226_373_347_
11:17:09,49.15,5,7440,49.20_49.25_49.30_49.35_49.40_,72_65_16_32_249_,49.15_49.10_49.05_49.00_48.95_,84_166_226_373_347_
11:17:14,49.20,3,7443,49.20_49.25_49.30_49.35_49.40_,69_65_16_32_249_,49.15_49.10_49.05_49.00_48.95_,88_163_226_373_347_
11:17:20,49.15,2,7445,49.20_49.25_49.30_49.35_49.40_,69_65_16_32_249_,49.15_49.10_49.05_49.00_48.95_,86_163_226_336_384_
11:17:25,49.15,2,7445,49.20_49.25_49.30_49.35_49.40_,69_65_16_32_249_,49.15_49.10_49.05_49.00_48.95_,86_163_226_373_347_
11:17:30,49.15,2,7447,49.20_49.25_49.30_49.35_49.40_,69_65_16_32_249_,49.15_49.10_49.05_49.00_48.95_,84_163_226_373_347_
11:17:35,49.15,1,7448,49.20_49.25_49.30_49.35_49.40_,69_65_16_32_249_,49.15_49.10_49.05_49.00_48.95_,84_163_226_373_347_
11:17:40,49.15,1,7449,49.20_49.25_49.30_49.35_49.40_,69_65_16_32_249_,49.15_49.10_49.05_49.00_48.95_,83_166_226_375_347_
11:17:45,49.15,2,7451,49.20_49.25_49.30_49.35_49.40_,69_65_14_32_249_,49.15_49.10_49.05_49.00_48.95_,81_166_226_375_347_
11:17:50,49.15,2,7451,49.20_49.25_49.30_49.35_49.40_,71_65_14_32_249_,49.15_49.10_49.05_49.00_48.95_,81_166_226_375_347_
11:17:55,49.15,2,7451,49.20_49.25_49.30_49.35_49.40_,73_63_14_32_249_,49.15_49.10_49.05_49.00_48.95_,81_166_226_375_347_
11:18:01,49.15,2,7453,49.20_49.25_49.30_49.35_49.40_,73_63_14_32_249_,49.15_49.10_49.05_49.00_48.95_,79_166_226_375_347_
11:18:06,49.15,1,7454,49.20_49.25_49.30_49.35_49.40_,73_65_14_32_249_,49.15_49.10_49.05_49.00_48.95_,78_166_226_375_347_
11:18:11,49.15,5,7459,49.20_49.25_49.30_49.35_49.40_,77_65_14_32_249_,49.15_49.10_49.05_49.00_48.95_,73_166_226_375_347_
11:18:16,49.15,2,7461,49.20_49.25_49.30_49.35_49.40_,76_65_14_32_249_,49.15_49.10_49.05_49.00_48.95_,71_166_226_375_347_
11:18:21,49.15,1,7462,49.20_49.25_49.30_49.35_49.40_,75_65_14_32_249_,49.15_49.10_49.05_49.00_48.95_,70_166_226_375_347_
11:18:26,49.15,8,7470,49.20_49.25_49.30_49.35_49.40_,73_65_14_32_249_,49.15_49.10_49.05_49.00_48.95_,64_166_226_375_347_
11:18:31,49.15,11,7481,49.20_49.25_49.30_49.35_49.40_,74_66_14_32_249_,49.15_49.10_49.05_49.00_48.95_,53_166_226_375_347_
11:18:36,49.15,1,7482,49.20_49.25_49.30_49.35_49.40_,74_66_14_32_249_,49.15_49.10_49.05_49.00_48.95_,52_169_226_399_347_
11:18:42,49.20,1,7483,49.20_49.25_49.30_49.35_49.40_,73_66_14_32_249_,49.15_49.10_49.05_49.00_48.95_,61_169_226_399_347_
11:18:47,49.15,2,7485,49.20_49.25_49.30_49.35_49.40_,73_67_14_32_249_,49.15_49.10_49.05_49.00_48.95_,59_169_226_399_347_
11:18:52,49.15,2,7485,49.20_49.25_49.30_49.35_49.40_,74_67_14_32_249_,49.15_49.10_49.05_49.00_48.95_,59_169_226_399_347_
11:18:57,49.20,3,7488,49.20_49.25_49.30_49.35_49.40_,73_67_14_32_249_,49.15_49.10_49.05_49.00_48.95_,59_171_226_399_347_
11:19:02,49.20,3,7488,49.20_49.25_49.30_49.35_49.40_,76_64_14_32_249_,49.15_49.10_49.05_49.00_48.95_,59_171_226_399_347_
11:19:07,49.15,2,7490,49.20_49.25_49.30_49.35_49.40_,76_64_14_32_249_,49.15_49.10_49.05_49.00_48.95_,58_171_226_362_384_
11:19:12,49.15,4,7494,49.20_49.25_49.30_49.35_49.40_,76_64_14_32_249_,49.15_49.10_49.05_49.00_48.95_,54_171_226_399_347_
11:19:17,49.15,2,7496,49.20_49.25_49.30_49.35_49.40_,75_64_14_32_249_,49.15_49.10_49.05_49.00_48.95_,53_173_176_399_347_
11:19:22,49.15,1,7497,49.20_49.25_49.30_49.35_49.40_,76_64_14_32_249_,49.15_49.10_49.05_49.00_48.95_,52_173_176_401_347_
11:19:33,49.15,1,7498,49.20_49.25_49.30_49.35_49.40_,76_64_14_32_249_,49.15_49.10_49.05_49.00_48.95_,51_173_176_421_347_
11:19:38,49.15,1,7498,49.20_49.25_49.30_49.35_49.40_,76_64_14_32_249_,49.15_49.10_49.05_49.00_48.95_,53_173_176_421_347_
11:19:43,49.15,12,7510,49.20_49.25_49.30_49.35_49.40_,76_64_14_32_249_,49.15_49.10_49.05_49.00_48.95_,41_173_176_421_347_
11:19:48,49.15,22,7532,49.20_49.25_49.30_49.35_49.40_,76_64_14_32_249_,49.15_49.10_49.05_49.00_48.95_,20_173_176_421_347_
11:19:53,49.15,7,7539,49.20_49.25_49.30_49.35_49.40_,76_64_14_32_249_,49.15_49.10_49.05_49.00_48.95_,22_173_176_421_330_
11:19:58,49.15,7,7546,49.20_49.25_49.30_49.35_49.40_,76_64_14_32_249_,49.15_49.10_49.05_49.00_48.95_,15_173_176_421_330_
11:20:03,49.15,10,7556,49.20_49.25_49.30_49.35_49.40_,77_64_14_32_249_,49.15_49.10_49.05_49.00_48.95_,4_173_177_421_330_
11:20:09,49.15,3,7559,49.15_49.20_49.25_49.30_49.35_,23_77_64_14_32_,49.10_49.05_49.00_48.95_48.90_,173_177_421_380_85_
11:20:14,49.10,5,7564,49.15_49.20_49.25_49.30_49.35_,30_72_73_14_223_,49.10_49.05_49.00_48.95_48.90_,168_228_384_353_149_
11:20:19,49.10,3,7567,49.15_49.20_49.25_49.30_49.35_,32_74_69_14_247_,49.10_49.05_49.00_48.95_48.90_,165_228_384_353_149_
11:20:24,49.15,7,7574,49.15_49.20_49.25_49.30_49.35_,36_71_69_14_223_,49.10_49.05_49.00_48.95_48.90_,165_228_384_353_149_
11:20:29,49.15,1,7575,49.15_49.20_49.25_49.30_49.35_,35_71_69_14_223_,49.10_49.05_49.00_48.95_48.90_,165_228_384_353_149_
11:20:34,49.10,2,7577,49.15_49.20_49.25_49.30_49.35_,75_69_69_14_223_,49.10_49.05_49.00_48.95_48.90_,163_228_384_353_149_
11:20:39,49.10,20,7597,49.15_49.20_49.25_49.30_49.35_,76_69_69_14_223_,49.10_49.05_49.00_48.95_48.90_,148_219_384_353_158_
11:20:44,49.15,13,7610,49.15_49.20_49.25_49.30_49.35_,64_68_69_14_223_,49.10_49.05_49.00_48.95_48.90_,148_220_385_253_158_
11:20:50,49.15,13,7610,49.15_49.20_49.25_49.30_49.35_,64_68_69_14_223_,49.10_49.05_49.00_48.95_48.90_,148_220_385_173_158_
11:20:55,49.15,13,7610,49.15_49.20_49.25_49.30_49.35_,72_62_67_14_223_,49.10_49.05_49.00_48.95_48.90_,149_220_385_173_158_
11:21:00,49.10,1,7611,49.15_49.20_49.25_49.30_49.35_,73_62_67_14_223_,49.10_49.05_49.00_48.95_48.90_,148_220_385_174_158_
11:21:05,49.10,98,7709,49.15_49.20_49.25_49.30_49.35_,76_59_67_14_223_,49.10_49.05_49.00_48.95_48.90_,50_220_385_174_158_
11:21:10,49.15,26,7735,49.15_49.20_49.25_49.30_49.35_,60_57_67_14_223_,49.10_49.05_49.00_48.95_48.90_,54_169_387_174_158_
11:21:15,49.10,2,7737,49.15_49.20_49.25_49.30_49.35_,66_58_67_14_223_,49.10_49.05_49.00_48.95_48.90_,52_195_387_174_158_
11:21:20,49.10,14,7751,49.15_49.20_49.25_49.30_49.35_,70_58_64_14_223_,49.10_49.05_49.00_48.95_48.90_,40_195_387_174_158_
11:21:26,49.10,25,7776,49.15_49.20_49.25_49.30_49.35_,70_58_64_14_223_,49.10_49.05_49.00_48.95_48.90_,20_195_385_174_158_
11:21:31,49.10,1,7777,49.15_49.20_49.25_49.30_49.35_,70_58_64_14_223_,49.10_49.05_49.00_48.95_48.90_,19_196_385_174_158_
11:21:36,49.10,1,7777,49.15_49.20_49.25_49.30_49.35_,70_58_64_14_223_,49.10_49.05_49.00_48.95_48.90_,19_196_384_174_158_
11:21:41,49.15,1,7778,49.15_49.20_49.25_49.30_49.35_,69_58_64_14_223_,49.10_49.05_49.00_48.95_48.90_,21_192_384_174_158_
11:21:46,49.15,1,7778,49.15_49.20_49.25_49.30_49.35_,89_58_64_14_223_,49.10_49.05_49.00_48.95_48.90_,22_192_384_174_158_
11:21:51,49.15,1,7778,49.15_49.20_49.25_49.30_49.35_,89_58_64_14_223_,49.10_49.05_49.00_48.95_48.90_,22_192_385_174_158_
11:21:56,49.10,2,7780,49.15_49.20_49.25_49.30_49.35_,89_58_64_14_223_,49.10_49.05_49.00_48.95_48.90_,20_192_395_174_158_
11:22:01,49.15,9,7789,49.15_49.20_49.25_49.30_49.35_,81_61_64_14_223_,49.10_49.05_49.00_48.95_48.90_,20_192_395_174_158_
11:22:07,49.15,6,7795,49.15_49.20_49.25_49.30_49.35_,76_61_64_14_223_,49.10_49.05_49.00_48.95_48.90_,18_169_395_174_158_
11:22:12,49.10,3,7798,49.15_49.20_49.25_49.30_49.35_,75_61_64_14_223_,49.10_49.05_49.00_48.95_48.90_,15_172_395_174_158_
11:22:17,49.10,3,7798,49.15_49.20_49.25_49.30_49.35_,77_61_64_14_223_,49.10_49.05_49.00_48.95_48.90_,15_172_395_174_158_
11:22:22,49.10,9,7807,49.15_49.20_49.25_49.30_49.35_,77_61_64_14_223_,49.10_49.05_49.00_48.95_48.90_,13_172_395_174_158_
11:22:27,49.10,9,7807,49.15_49.20_49.25_49.30_49.35_,77_61_64_14_223_,49.10_49.05_49.00_48.95_48.90_,19_172_395_174_158_
11:22:32,49.10,19,7826,49.15_49.20_49.25_49.30_49.35_,80_70_64_14_214_,49.10_49.05_49.00_48.95_48.90_,1_172_398_174_158_
11:22:37,49.05,3,7829,49.15_49.20_49.25_49.30_49.35_,80_70_64_14_214_,49.05_49.00_48.95_48.90_48.85_,171_408_174_158_48_
11:22:42,49.05,3,7829,49.10_49.15_49.20_49.25_49.30_,3_78_70_64_64_,49.05_49.00_48.95_48.90_48.85_,171_408_137_115_130_
11:22:48,49.05,3,7832,49.10_49.15_49.20_49.25_49.30_,7_74_70_56_204_,49.05_49.00_48.95_48.90_48.85_,168_399_137_115_139_
11:22:53,49.10,3,7835,49.10_49.15_49.20_49.25_49.30_,4_76_68_56_204_,49.05_49.00_48.95_48.90_48.85_,168_399_137_115_139_
11:22:58,49.10,4,7839,49.10_49.15_49.20_49.25_49.30_,4_75_66_56_204_,49.05_49.00_48.95_48.90_48.85_,168_400_137_115_139_
11:23:03,49.10,1,7840,49.10_49.15_49.20_49.25_49.30_,8_75_63_56_204_,49.05_49.00_48.95_48.90_48.85_,168_401_137_115_140_
11:23:08,49.10,1,7840,49.10_49.15_49.20_49.25_49.30_,11_74_62_56_204_,49.05_49.00_48.95_48.90_48.85_,168_401_137_115_140_
11:23:13,49.10,6,7846,49.10_49.15_49.20_49.25_49.30_,8_74_62_56_204_,49.05_49.00_48.95_48.90_48.85_,168_405_137_115_140_
11:23:18,49.05,2,7848,49.10_49.15_49.20_49.25_49.30_,15_70_62_56_204_,49.05_49.00_48.95_48.90_48.85_,174_438_143_118_140_
11:23:23,49.10,5,7853,49.10_49.15_49.20_49.25_49.30_,19_70_62_56_204_,49.05_49.00_48.95_48.90_48.85_,174_438_143_118_140_
11:23:29,49.10,20,7873,49.15_49.20_49.25_49.30_49.35_,71_62_56_204_31_,49.10_49.05_49.00_48.95_48.90_,30_174_438_143_118_
11:23:34,49.10,3,7876,49.15_49.20_49.25_49.30_49.35_,71_65_62_13_222_,49.10_49.05_49.00_48.95_48.90_,31_180_424_180_142_
11:23:39,49.15,3,7879,49.15_49.20_49.25_49.30_49.35_,68_65_63_13_222_,49.10_49.05_49.00_48.95_48.90_,32_181_423_178_142_
11:23:44,49.10,1,7880,49.15_49.20_49.25_49.30_49.35_,68_65_63_13_222_,49.10_49.05_49.00_48.95_48.90_,32_181_423_178_142_
11:23:49,49.10,3,7883,49.15_49.20_49.25_49.30_49.35_,68_65_63_13_222_,49.10_49.05_49.00_48.95_48.90_,29_181_423_178_142_
11:23:54,49.10,1,7884,49.15_49.20_49.25_49.30_49.35_,68_65_63_13_222_,49.10_49.05_49.00_48.95_48.90_,29_181_423_178_142_
11:23:59,49.10,1,7885,49.15_49.20_49.25_49.30_49.35_,69_65_63_14_222_,49.10_49.05_49.00_48.95_48.90_,41_181_423_178_142_
11:24:05,49.15,15,7900,49.15_49.20_49.25_49.30_49.35_,54_68_63_14_222_,49.10_49.05_49.00_48.95_48.90_,42_175_422_178_142_
11:24:10,49.15,1,7901,49.15_49.20_49.25_49.30_49.35_,54_69_62_14_222_,49.10_49.05_49.00_48.95_48.90_,42_175_422_178_142_
11:24:15,49.10,2,7903,49.15_49.20_49.25_49.30_49.35_,54_69_62_13_222_,49.10_49.05_49.00_48.95_48.90_,41_175_422_128_142_
11:24:20,49.10,1,7904,49.15_49.20_49.25_49.30_49.35_,54_69_62_13_222_,49.10_49.05_49.00_48.95_48.90_,40_175_422_128_142_
11:24:25,49.10,4,7908,49.15_49.20_49.25_49.30_49.35_,54_69_62_13_222_,49.10_49.05_49.00_48.95_48.90_,41_175_422_78_142_
11:24:30,49.10,8,7916,49.15_49.20_49.25_49.30_49.35_,54_69_62_13_222_,49.10_49.05_49.00_48.95_48.90_,33_175_422_78_142_
11:24:35,49.10,1,7917,49.15_49.20_49.25_49.30_49.35_,54_69_62_14_222_,49.10_49.05_49.00_48.95_48.90_,32_175_422_78_142_
11:24:40,49.10,1,7917,49.15_49.20_49.25_49.30_49.35_,57_69_62_14_222_,49.10_49.05_49.00_48.95_48.90_,32_175_423_78_142_
11:24:46,49.10,3,7920,49.15_49.20_49.25_49.30_49.35_,57_69_62_14_222_,49.10_49.05_49.00_48.95_48.90_,29_175_423_78_142_
11:24:51,49.15,4,7924,49.15_49.20_49.25_49.30_49.35_,57_69_62_15_222_,49.10_49.05_49.00_48.95_48.90_,29_175_422_74_142_
11:24:56,49.10,1,7925,49.15_49.20_49.25_49.30_49.35_,57_69_62_15_222_,49.10_49.05_49.00_48.95_48.90_,28_175_422_74_142_
11:25:01,49.10,1,7925,49.15_49.20_49.25_49.30_49.35_,58_69_62_15_222_,49.10_49.05_49.00_48.95_48.90_,29_175_422_74_142_
11:25:06,49.10,2,7927,49.15_49.20_49.25_49.30_49.35_,58_69_62_15_222_,49.10_49.05_49.00_48.95_48.90_,27_175_422_74_142_
11:25:11,49.15,1,7928,49.15_49.20_49.25_49.30_49.35_,59_69_62_15_222_,49.10_49.05_49.00_48.95_48.90_,27_175_422_74_142_
11:25:16,49.15,1,7929,49.15_49.20_49.25_49.30_49.35_,58_69_62_15_222_,49.10_49.05_49.00_48.95_48.90_,26_178_422_74_142_
11:25:27,49.10,3,7932,49.15_49.20_49.25_49.30_49.35_,58_69_62_15_222_,49.10_49.05_49.00_48.95_48.90_,23_178_422_74_142_
11:25:32,49.10,4,7936,49.15_49.20_49.25_49.30_49.35_,58_69_62_15_222_,49.10_49.05_49.00_48.95_48.90_,22_178_422_74_142_
11:25:37,49.15,2,7938,49.15_49.20_49.25_49.30_49.35_,56_71_62_15_222_,49.10_49.05_49.00_48.95_48.90_,22_178_422_74_142_
11:25:47,49.15,2,7938,49.15_49.20_49.25_49.30_49.35_,57_71_62_15_222_,49.10_49.05_49.00_48.95_48.90_,23_178_422_74_142_
11:25:52,49.15,1,7939,49.15_49.20_49.25_49.30_49.35_,56_71_62_15_222_,49.10_49.05_49.00_48.95_48.90_,23_181_422_74_142_
11:25:57,49.10,1,7940,49.15_49.20_49.25_49.30_49.35_,59_68_62_15_222_,49.10_49.05_49.00_48.95_48.90_,22_181_422_74_142_
11:26:02,49.10,1,7940,49.15_49.20_49.25_49.30_49.35_,60_68_62_15_222_,49.10_49.05_49.00_48.95_48.90_,23_181_424_74_142_
11:26:08,49.10,4,7944,49.15_49.20_49.25_49.30_49.35_,60_68_62_15_222_,49.10_49.05_49.00_48.95_48.90_,19_181_424_74_147_
11:26:13,49.10,3,7947,49.15_49.20_49.25_49.30_49.35_,59_68_62_15_222_,49.10_49.05_49.00_48.95_48.90_,16_181_424_74_147_
11:26:18,49.10,3,7947,49.15_49.20_49.25_49.30_49.35_,59_68_62_15_222_,49.10_49.05_49.00_48.95_48.90_,19_181_424_76_146_
11:26:23,49.10,1,7948,49.15_49.20_49.25_49.30_49.35_,58_68_62_15_222_,49.10_49.05_49.00_48.95_48.90_,18_181_424_76_146_
11:26:28,49.10,1,7949,49.15_49.20_49.25_49.30_49.35_,58_68_62_15_222_,49.10_49.05_49.00_48.95_48.90_,17_181_424_76_146_
11:26:33,49.10,10,7959,49.15_49.20_49.25_49.30_49.35_,58_68_62_15_222_,49.10_49.05_49.00_48.95_48.90_,7_181_424_76_146_
11:26:38,49.10,10,7959,49.15_49.20_49.25_49.30_49.35_,58_68_62_15_222_,49.10_49.05_49.00_48.95_48.90_,7_181_425_76_146_
11:26:48,49.10,2,7961,49.15_49.20_49.25_49.30_49.35_,69_68_62_15_222_,49.10_49.05_49.00_48.95_48.90_,5_181_425_76_146_
11:26:54,49.10,5,7966,49.10_49.15_49.20_49.25_49.30_,5_79_71_62_15_,49.05_49.00_48.95_48.90_48.85_,181_425_76_146_67_
11:26:59,49.10,5,7966,49.10_49.15_49.20_49.25_49.30_,17_74_68_62_205_,49.05_49.00_48.95_48.90_48.85_,194_432_41_122_140_
11:27:04,49.10,1,7967,49.10_49.15_49.20_49.25_49.30_,21_75_63_62_205_,49.05_49.00_48.95_48.90_48.85_,195_432_39_122_140_
11:27:14,49.10,1,7968,49.10_49.15_49.20_49.25_49.30_,31_72_63_62_205_,49.05_49.00_48.95_48.90_48.85_,195_432_39_122_140_
11:27:19,49.05,4,7972,49.10_49.15_49.20_49.25_49.30_,36_67_63_56_205_,49.05_49.00_48.95_48.90_48.85_,191_432_39_122_140_
11:27:24,49.05,4,7972,49.10_49.15_49.20_49.25_49.30_,37_67_63_56_205_,49.05_49.00_48.95_48.90_48.85_,191_432_39_122_140_
11:27:29,49.05,2,7974,49.10_49.15_49.20_49.25_49.30_,37_67_63_56_205_,49.05_49.00_48.95_48.90_48.85_,189_432_39_122_140_
11:27:35,49.05,5,7979,49.10_49.15_49.20_49.25_49.30_,37_67_63_56_205_,49.05_49.00_48.95_48.90_48.85_,184_432_39_122_140_
11:27:45,49.05,2,7981,49.10_49.15_49.20_49.25_49.30_,37_67_63_56_205_,49.05_49.00_48.95_48.90_48.85_,182_432_39_122_140_
11:27:50,49.10,6,7987,49.10_49.15_49.20_49.25_49.30_,31_67_63_56_205_,49.05_49.00_48.95_48.90_48.85_,182_432_39_122_140_
11:27:55,49.10,1,7988,49.10_49.15_49.20_49.25_49.30_,30_67_63_56_205_,49.05_49.00_48.95_48.90_48.85_,183_432_39_122_140_
11:28:00,49.10,1,7989,49.10_49.15_49.20_49.25_49.30_,31_67_63_56_205_,49.05_49.00_48.95_48.90_48.85_,183_432_39_122_140_
11:28:10,49.05,4,7993,49.10_49.15_49.20_49.25_49.30_,31_67_63_56_205_,49.05_49.00_48.95_48.90_48.85_,179_432_39_124_140_
11:28:16,49.05,2,7995,49.10_49.15_49.20_49.25_49.30_,32_67_63_56_205_,49.05_49.00_48.95_48.90_48.85_,177_432_39_124_140_
11:28:21,49.05,1,7996,49.10_49.15_49.20_49.25_49.30_,37_67_63_56_205_,49.05_49.00_48.95_48.90_48.85_,177_432_39_124_140_
11:28:26,49.10,1,7997,49.10_49.15_49.20_49.25_49.30_,34_67_63_56_205_,49.05_49.00_48.95_48.90_48.85_,176_432_39_124_140_
11:28:31,49.10,1,7997,49.10_49.15_49.20_49.25_49.30_,34_67_63_56_205_,49.05_49.00_48.95_48.90_48.85_,177_452_39_124_140_
11:28:36,49.10,3,8000,49.10_49.15_49.20_49.25_49.30_,31_67_63_56_205_,49.05_49.00_48.95_48.90_48.85_,176_455_39_124_140_
11:28:41,49.05,4,8004,49.10_49.15_49.20_49.25_49.30_,30_68_63_56_205_,49.05_49.00_48.95_48.90_48.85_,172_455_39_124_140_
11:28:46,49.05,3,8007,49.10_49.15_49.20_49.25_49.30_,28_68_63_56_205_,49.05_49.00_48.95_48.90_48.85_,168_455_39_124_140_
11:28:51,49.05,3,8007,49.10_49.15_49.20_49.25_49.30_,28_68_63_56_205_,49.05_49.00_48.95_48.90_48.85_,184_455_39_124_140_
11:28:57,49.10,5,8012,49.10_49.15_49.20_49.25_49.30_,27_67_63_56_205_,49.05_49.00_48.95_48.90_48.85_,184_455_39_124_140_
11:29:02,49.10,5,8012,49.10_49.15_49.20_49.25_49.30_,29_67_63_56_205_,49.05_49.00_48.95_48.90_48.85_,185_455_39_124_140_
11:29:07,49.10,5,8012,49.10_49.15_49.20_49.25_49.30_,29_67_63_56_205_,49.05_49.00_48.95_48.90_48.85_,186_469_39_124_140_
11:29:12,49.10,5,8012,49.10_49.15_49.20_49.25_49.30_,33_67_63_56_205_,49.05_49.00_48.95_48.90_48.85_,187_471_39_124_140_
11:29:17,49.05,3,8015,49.10_49.15_49.20_49.25_49.30_,31_67_63_58_205_,49.05_49.00_48.95_48.90_48.85_,184_471_40_124_140_
11:29:22,49.05,3,8015,49.10_49.15_49.20_49.25_49.30_,31_67_63_58_205_,49.05_49.00_48.95_48.90_48.85_,183_476_40_124_140_
11:29:27,49.05,3,8015,49.10_49.15_49.20_49.25_49.30_,31_67_63_58_205_,49.05_49.00_48.95_48.90_48.85_,183_476_52_124_140_
11:29:33,49.05,3,8015,49.10_49.15_49.20_49.25_49.30_,31_67_63_58_205_,49.05_49.00_48.95_48.90_48.85_,183_476_52_125_140_
11:29:38,49.05,2,8017,49.10_49.15_49.20_49.25_49.30_,31_67_63_58_205_,49.05_49.00_48.95_48.90_48.85_,183_476_52_136_140_
11:29:43,49.05,4,8021,49.10_49.15_49.20_49.25_49.30_,31_67_63_58_205_,49.05_49.00_48.95_48.90_48.85_,182_476_52_136_140_
11:29:48,49.05,1,8022,49.10_49.15_49.20_49.25_49.30_,31_67_63_58_205_,49.05_49.00_48.95_48.90_48.85_,181_477_52_136_140_
11:29:58,49.10,3,8025,49.10_49.15_49.20_49.25_49.30_,30_65_63_58_205_,49.05_49.00_48.95_48.90_48.85_,181_477_52_136_140_
11:30:03,49.10,3,8028,49.10_49.15_49.20_49.25_49.30_,32_65_63_58_205_,49.05_49.00_48.95_48.90_48.85_,182_477_52_136_140_
11:30:08,49.10,3,8028,49.10_49.15_49.20_49.25_49.30_,32_68_63_58_205_,49.05_49.00_48.95_48.90_48.85_,182_477_52_136_140_
11:30:14,49.10,1,8029,49.10_49.15_49.20_49.25_49.30_,31_68_63_58_205_,49.05_49.00_48.95_48.90_48.85_,181_477_52_136_140_
11:30:19,49.05,3,8032,49.10_49.15_49.20_49.25_49.30_,31_68_63_58_205_,49.05_49.00_48.95_48.90_48.85_,178_477_52_136_140_
11:30:24,49.10,4,8036,49.10_49.15_49.20_49.25_49.30_,28_68_61_58_205_,49.05_49.00_48.95_48.90_48.85_,177_477_52_136_140_
11:30:29,49.10,4,8036,49.10_49.15_49.20_49.25_49.30_,28_68_61_58_205_,49.05_49.00_48.95_48.90_48.85_,178_487_52_136_131_
11:30:34,49.10,20,8056,49.10_49.15_49.20_49.25_49.30_,21_68_61_59_205_,49.05_49.00_48.95_48.90_48.85_,178_487_52_136_131_
11:30:39,49.10,4,8060,49.10_49.15_49.20_49.25_49.30_,22_68_61_59_205_,49.05_49.00_48.95_48.90_48.85_,179_487_52_136_131_
11:30:44,49.05,4,8064,49.10_49.15_49.20_49.25_49.30_,22_68_61_59_205_,49.05_49.00_48.95_48.90_48.85_,178_492_52_136_131_
11:30:49,49.05,10,8074,49.10_49.15_49.20_49.25_49.30_,22_68_61_59_205_,49.05_49.00_48.95_48.90_48.85_,169_492_53_136_131_
11:30:55,49.10,24,8098,49.15_49.20_49.25_49.30_49.35_,68_61_59_205_31_,49.10_49.05_49.00_48.95_48.90_,11_170_492_53_136_
11:31:00,49.10,3,8101,49.15_49.20_49.25_49.30_49.35_,68_61_65_14_222_,49.10_49.05_49.00_48.95_48.90_,23_157_472_90_163_
11:31:05,49.10,3,8101,49.15_49.20_49.25_49.30_49.35_,68_54_65_14_231_,49.10_49.05_49.00_48.95_48.90_,30_156_471_90_151_
11:31:10,49.10,3,8101,49.15_49.20_49.25_49.30_49.35_,70_54_65_14_231_,49.10_49.05_49.00_48.95_48.90_,31_156_471_90_151_
11:31:15,49.10,3,8101,49.15_49.20_49.25_49.30_49.35_,70_57_65_14_231_,49.10_49.05_49.00_48.95_48.90_,38_149_471_90_151_
11:31:20,49.10,3,8101,49.15_49.20_49.25_49.30_49.35_,70_57_65_14_231_,49.10_49.05_49.00_48.95_48.90_,38_149_471_90_146_
11:31:31,49.10,1,8102,49.15_49.20_49.25_49.30_49.35_,73_57_65_14_231_,49.10_49.05_49.00_48.95_48.90_,37_149_471_90_146_
11:31:36,49.10,1,8102,49.15_49.20_49.25_49.30_49.35_,73_57_65_14_231_,49.10_49.05_49.00_48.95_48.90_,36_149_471_90_146_
11:31:41,49.10,1,8102,49.15_49.20_49.25_49.30_49.35_,73_57_65_14_231_,49.10_49.05_49.00_48.95_48.90_,36_149_472_90_146_
11:31:46,49.10,2,8104,49.15_49.20_49.25_49.30_49.35_,73_57_65_14_231_,49.10_49.05_49.00_48.95_48.90_,34_149_472_90_146_
11:31:51,49.10,3,8107,49.15_49.20_49.25_49.30_49.35_,78_57_65_14_231_,49.10_49.05_49.00_48.95_48.90_,34_149_472_90_146_
11:32:01,49.10,2,8109,49.15_49.20_49.25_49.30_49.35_,78_57_65_14_231_,49.10_49.05_49.00_48.95_48.90_,35_149_472_90_146_
11:32:07,49.10,2,8109,49.15_49.20_49.25_49.30_49.35_,84_57_65_14_231_,49.10_49.05_49.00_48.95_48.90_,35_149_472_90_146_
11:32:12,49.10,2,8109,49.15_49.20_49.25_49.30_49.35_,84_57_65_14_231_,49.10_49.05_49.00_48.95_48.90_,35_148_473_90_146_
11:32:17,49.10,2,8109,49.15_49.20_49.25_49.30_49.35_,84_57_65_14_231_,49.10_49.05_49.00_48.95_48.90_,38_151_473_90_146_
11:32:22,49.10,2,8109,49.15_49.20_49.25_49.30_49.35_,86_57_65_14_231_,49.10_49.05_49.00_48.95_48.90_,40_151_473_90_146_
11:32:27,49.10,2,8111,49.15_49.20_49.25_49.30_49.35_,86_57_65_14_231_,49.10_49.05_49.00_48.95_48.90_,38_151_473_90_146_
11:32:32,49.10,2,8111,49.15_49.20_49.25_49.30_49.35_,89_57_65_14_231_,49.10_49.05_49.00_48.95_48.90_,39_154_473_90_146_
11:32:37,49.10,1,8112,49.15_49.20_49.25_49.30_49.35_,89_57_65_14_231_,49.10_49.05_49.00_48.95_48.90_,38_155_473_90_146_
11:32:43,49.10,1,8112,49.15_49.20_49.25_49.30_49.35_,89_57_65_14_231_,49.10_49.05_49.00_48.95_48.90_,38_157_473_90_146_
11:32:53,49.10,4,8116,49.15_49.20_49.25_49.30_49.35_,89_57_65_14_231_,49.10_49.05_49.00_48.95_48.90_,34_157_473_90_146_
11:33:03,49.10,3,8119,49.15_49.20_49.25_49.30_49.35_,92_57_64_14_231_,49.10_49.05_49.00_48.95_48.90_,41_157_473_90_146_
11:33:08,49.10,3,8122,49.15_49.20_49.25_49.30_49.35_,93_57_64_14_231_,49.10_49.05_49.00_48.95_48.90_,41_157_472_90_146_
11:33:19,49.10,3,8122,49.15_49.20_49.25_49.30_49.35_,93_57_64_14_231_,49.10_49.05_49.00_48.95_48.90_,41_157_473_90_146_
11:33:24,49.10,1,8123,49.15_49.20_49.25_49.30_49.35_,92_57_64_14_231_,49.10_49.05_49.00_48.95_48.90_,40_157_476_90_146_
11:33:29,49.10,1,8123,49.15_49.20_49.25_49.30_49.35_,92_60_64_14_231_,49.10_49.05_49.00_48.95_48.90_,50_155_478_90_146_
11:33:34,49.15,1,8124,49.15_49.20_49.25_49.30_49.35_,91_60_64_14_231_,49.10_49.05_49.00_48.95_48.90_,50_155_478_90_146_
11:33:39,49.15,1,8124,49.15_49.20_49.25_49.30_49.35_,91_60_64_14_231_,49.10_49.05_49.00_48.95_48.90_,51_155_488_90_146_
11:33:44,49.10,1,8125,49.15_49.20_49.25_49.30_49.35_,91_60_64_14_231_,49.10_49.05_49.00_48.95_48.90_,50_155_488_90_146_
11:33:49,49.10,2,8127,49.15_49.20_49.25_49.30_49.35_,94_60_64_14_231_,49.10_49.05_49.00_48.95_48.90_,47_155_488_90_146_
11:33:55,49.10,4,8131,49.15_49.20_49.25_49.30_49.35_,94_60_64_14_231_,49.10_49.05_49.00_48.95_48.90_,55_155_488_190_146_
11:34:00,49.10,4,8131,49.15_49.20_49.25_49.30_49.35_,94_60_64_14_231_,49.10_49.05_49.00_48.95_48.90_,56_155_490_190_146_
11:34:05,49.15,1,8132,49.15_49.20_49.25_49.30_49.35_,94_60_64_14_231_,49.10_49.05_49.00_48.95_48.90_,56_155_489_190_226_
11:34:10,49.15,1,8132,49.15_49.20_49.25_49.30_49.35_,94_60_64_14_231_,49.10_49.05_49.00_48.95_48.90_,57_155_489_190_226_
11:34:15,49.10,5,8137,49.15_49.20_49.25_49.30_49.35_,95_60_64_14_231_,49.10_49.05_49.00_48.95_48.90_,52_155_489_190_226_
11:34:20,49.15,2,8139,49.15_49.20_49.25_49.30_49.35_,93_60_64_14_231_,49.10_49.05_49.00_48.95_48.90_,51_155_489_190_226_
11:34:25,49.15,1,8140,49.15_49.20_49.25_49.30_49.35_,92_60_64_14_231_,49.10_49.05_49.00_48.95_48.90_,52_155_489_190_226_
11:34:30,49.10,2,8142,49.15_49.20_49.25_49.30_49.35_,92_60_64_14_231_,49.10_49.05_49.00_48.95_48.90_,51_155_489_190_226_
11:34:36,49.10,2,8142,49.15_49.20_49.25_49.30_49.35_,92_59_64_14_231_,49.10_49.05_49.00_48.95_48.90_,52_155_487_190_226_
11:34:46,49.10,2,8142,49.15_49.20_49.25_49.30_49.35_,92_59_64_14_231_,49.10_49.05_49.00_48.95_48.90_,57_155_487_190_226_
11:34:51,49.10,1,8143,49.15_49.20_49.25_49.30_49.35_,92_59_64_14_231_,49.10_49.05_49.00_48.95_48.90_,57_155_486_190_226_
11:34:56,49.10,3,8146,49.15_49.20_49.25_49.30_49.35_,92_59_64_14_231_,49.10_49.05_49.00_48.95_48.90_,54_155_486_190_226_
11:35:01,49.10,2,8148,49.15_49.20_49.25_49.30_49.35_,96_59_64_14_231_,49.10_49.05_49.00_48.95_48.90_,52_155_486_190_226_
11:35:06,49.10,2,8148,49.15_49.20_49.25_49.30_49.35_,97_78_64_14_231_,49.10_49.05_49.00_48.95_48.90_,51_156_486_190_226_
11:35:12,49.10,2,8150,49.15_49.20_49.25_49.30_49.35_,97_78_64_14_231_,49.10_49.05_49.00_48.95_48.90_,49_156_489_190_226_
11:35:17,49.10,2,8150,49.15_49.20_49.25_49.30_49.35_,97_78_64_14_231_,49.10_49.05_49.00_48.95_48.90_,49_156_488_190_226_
11:35:22,49.10,7,8157,49.15_49.20_49.25_49.30_49.35_,95_78_64_14_231_,49.10_49.05_49.00_48.95_48.90_,47_156_488_190_226_
11:35:27,49.10,7,8157,49.15_49.20_49.25_49.30_49.35_,95_78_64_14_231_,49.10_49.05_49.00_48.95_48.90_,47_156_488_220_226_
11:35:32,49.10,4,8161,49.15_49.20_49.25_49.30_49.35_,96_78_64_14_231_,49.10_49.05_49.00_48.95_48.90_,43_156_488_220_226_
11:35:37,49.10,1,8162,49.15_49.20_49.25_49.30_49.35_,96_78_64_14_231_,49.10_49.05_49.00_48.95_48.90_,48_156_490_223_226_
11:35:42,49.10,4,8166,49.15_49.20_49.25_49.30_49.35_,93_78_64_14_231_,49.10_49.05_49.00_48.95_48.90_,44_156_488_223_226_
11:35:53,49.10,4,8166,49.15_49.20_49.25_49.30_49.35_,93_78_64_14_231_,49.10_49.05_49.00_48.95_48.90_,44_156_489_223_226_
11:36:03,49.10,4,8173,49.15_49.20_49.25_49.30_49.35_,100_75_64_14_231_,49.10_49.05_49.00_48.95_48.90_,42_156_491_223_226_
11:36:08,49.10,4,8173,49.15_49.20_49.25_49.30_49.35_,105_75_64_14_231_,49.10_49.05_49.00_48.95_48.90_,44_156_490_223_226_
11:36:13,49.15,2,8175,49.15_49.20_49.25_49.30_49.35_,103_75_64_14_231_,49.10_49.05_49.00_48.95_48.90_,45_155_488_223_226_
11:36:18,49.10,1,8176,49.15_49.20_49.25_49.30_49.35_,102_75_64_14_231_,49.10_49.05_49.00_48.95_48.90_,45_155_488_223_226_
11:36:23,49.10,1,8176,49.15_49.20_49.25_49.30_49.35_,102_75_64_14_231_,49.10_49.05_49.00_48.95_48.90_,44_155_488_223_226_
11:36:28,49.10,1,8177,49.15_49.20_49.25_49.30_49.35_,102_75_64_14_231_,49.10_49.05_49.00_48.95_48.90_,44_155_488_223_226_
11:36:33,49.10,4,8181,49.15_49.20_49.25_49.30_49.35_,102_75_64_14_231_,49.10_49.05_49.00_48.95_48.90_,40_155_488_223_226_
11:36:38,49.10,2,8183,49.15_49.20_49.25_49.30_49.35_,104_77_64_14_231_,49.10_49.05_49.00_48.95_48.90_,37_155_488_223_226_
11:36:44,49.10,1,8184,49.15_49.20_49.25_49.30_49.35_,103_77_64_14_231_,49.10_49.05_49.00_48.95_48.90_,37_155_490_223_227_
11:36:49,49.15,2,8186,49.15_49.20_49.25_49.30_49.35_,101_77_64_14_231_,49.10_49.05_49.00_48.95_48.90_,37_155_490_223_227_
11:36:54,49.15,2,8186,49.15_49.20_49.25_49.30_49.35_,101_77_64_14_231_,49.10_49.05_49.00_48.95_48.90_,40_155_490_223_227_
11:36:59,49.10,1,8187,49.15_49.20_49.25_49.30_49.35_,102_77_64_14_231_,49.10_49.05_49.00_48.95_48.90_,41_155_489_223_227_
11:37:04,49.10,4,8191,49.15_49.20_49.25_49.30_49.35_,102_77_64_14_231_,49.10_49.05_49.00_48.95_48.90_,37_155_489_223_227_
11:37:09,49.10,4,8191,49.15_49.20_49.25_49.30_49.35_,102_77_64_14_231_,49.10_49.05_49.00_48.95_48.90_,48_155_489_223_227_
11:37:14,49.10,7,8198,49.15_49.20_49.25_49.30_49.35_,101_77_64_14_231_,49.10_49.05_49.00_48.95_48.90_,45_155_483_223_227_
11:37:19,49.10,2,8200,49.15_49.20_49.25_49.30_49.35_,98_77_64_14_231_,49.10_49.05_49.00_48.95_48.90_,58_155_482_223_227_
11:37:25,49.10,2,8200,49.15_49.20_49.25_49.30_49.35_,98_77_64_14_231_,49.10_49.05_49.00_48.95_48.90_,58_155_481_223_227_
11:37:30,49.10,2,8200,49.15_49.20_49.25_49.30_49.35_,98_77_64_14_231_,49.10_49.05_49.00_48.95_48.90_,59_155_481_223_227_
11:37:35,49.10,5,8205,49.15_49.20_49.25_49.30_49.35_,100_77_64_14_231_,49.10_49.05_49.00_48.95_48.90_,55_155_481_223_227_
11:37:45,49.10,5,8205,49.15_49.20_49.25_49.30_49.35_,100_77_64_14_231_,49.10_49.05_49.00_48.95_48.90_,55_156_481_223_227_
11:37:50,49.10,5,8205,49.15_49.20_49.25_49.30_49.35_,100_77_64_14_231_,49.10_49.05_49.00_48.95_48.90_,55_156_481_223_226_
11:37:55,49.10,22,8227,49.15_49.20_49.25_49.30_49.35_,101_75_64_14_231_,49.10_49.05_49.00_48.95_48.90_,33_156_481_223_226_
11:38:01,49.10,22,8249,49.15_49.20_49.25_49.30_49.35_,104_72_64_14_231_,49.10_49.05_49.00_48.95_48.90_,19_153_484_223_226_
11:38:06,49.10,10,8259,49.15_49.20_49.25_49.30_49.35_,108_72_64_14_231_,49.10_49.05_49.00_48.95_48.90_,11_153_483_223_226_
11:38:11,49.10,9,8268,49.15_49.20_49.25_49.30_49.35_,107_72_64_14_231_,49.10_49.05_49.00_48.95_48.90_,3_153_483_223_226_
11:38:16,49.10,14,8282,49.10_49.15_49.20_49.25_49.30_,9_105_72_64_14_,49.05_49.00_48.95_48.90_48.85_,149_483_223_226_73_
11:38:21,49.05,3,8285,49.10_49.15_49.20_49.25_49.30_,18_96_81_64_205_,49.05_49.00_48.95_48.90_48.85_,182_503_191_204_137_
11:38:26,49.10,3,8288,49.10_49.15_49.20_49.25_49.30_,19_94_81_64_205_,49.05_49.00_48.95_48.90_48.85_,182_505_191_204_137_
11:38:31,49.10,2,8290,49.10_49.15_49.20_49.25_49.30_,17_94_81_64_205_,49.05_49.00_48.95_48.90_48.85_,182_506_191_215_137_
11:38:36,49.10,1,8291,49.10_49.15_49.20_49.25_49.30_,16_94_81_58_205_,49.05_49.00_48.95_48.90_48.85_,189_508_189_215_137_
11:38:42,49.05,6,8297,49.10_49.15_49.20_49.25_49.30_,21_87_81_58_205_,49.05_49.00_48.95_48.90_48.85_,185_506_189_215_137_
11:38:47,49.05,6,8297,49.10_49.15_49.20_49.25_49.30_,23_85_81_58_205_,49.05_49.00_48.95_48.90_48.85_,185_512_189_215_137_
11:38:52,49.10,2,8299,49.10_49.15_49.20_49.25_49.30_,23_85_81_58_205_,49.05_49.00_48.95_48.90_48.85_,185_512_189_215_137_
11:38:57,49.10,26,8325,49.15_49.20_49.25_49.30_49.35_,82_81_58_205_31_,49.10_49.05_49.00_48.95_48.90_,4_186_514_189_215_
11:39:02,49.10,5,8330,49.15_49.20_49.25_49.30_49.35_,82_72_64_14_231_,49.10_49.05_49.00_48.95_48.90_,11_170_494_225_237_
11:39:07,49.10,5,8330,49.15_49.20_49.25_49.30_49.35_,83_72_64_14_231_,49.10_49.05_49.00_48.95_48.90_,16_169_494_225_227_
11:39:12,49.10,5,8335,49.15_49.20_49.25_49.30_49.35_,83_72_64_14_231_,49.10_49.05_49.00_48.95_48.90_,12_169_494_225_227_
11:39:17,49.10,5,8335,49.15_49.20_49.25_49.30_49.35_,80_72_64_14_231_,49.10_49.05_49.00_48.95_48.90_,26_170_494_125_227_
11:39:23,49.10,5,8335,49.15_49.20_49.25_49.30_49.35_,80_72_64_14_231_,49.10_49.05_49.00_48.95_48.90_,28_170_494_125_227_
11:39:28,49.10,2,8337,49.15_49.20_49.25_49.30_49.35_,80_72_64_14_231_,49.10_49.05_49.00_48.95_48.90_,33_170_494_125_227_
11:39:33,49.10,2,8337,49.15_49.20_49.25_49.30_49.35_,81_72_64_14_231_,49.10_49.05_49.00_48.95_48.90_,34_173_495_125_226_
11:39:38,49.10,2,8337,49.15_49.20_49.25_49.30_49.35_,81_70_64_14_231_,49.10_49.05_49.00_48.95_48.90_,37_173_495_125_226_
11:39:43,49.10,2,8339,49.15_49.20_49.25_49.30_49.35_,81_70_64_14_231_,49.10_49.05_49.00_48.95_48.90_,35_173_497_125_226_
11:39:48,49.10,1,8340,49.15_49.20_49.25_49.30_49.35_,81_70_64_14_231_,49.10_49.05_49.00_48.95_48.90_,35_176_497_125_226_
11:39:53,49.15,1,8341,49.15_49.20_49.25_49.30_49.35_,80_70_64_14_231_,49.10_49.05_49.00_48.95_48.90_,34_176_497_125_226_
11:39:58,49.15,1,8341,49.15_49.20_49.25_49.30_49.35_,80_70_64_14_231_,49.10_49.05_49.00_48.95_48.90_,39_176_497_125_226_
11:40:04,49.15,1,8341,49.15_49.20_49.25_49.30_49.35_,81_70_64_14_231_,49.10_49.05_49.00_48.95_48.90_,40_176_497_125_226_
11:40:09,49.10,2,8343,49.15_49.20_49.25_49.30_49.35_,83_70_64_14_231_,49.10_49.05_49.00_48.95_48.90_,38_176_497_125_226_
11:40:14,49.10,4,8347,49.15_49.20_49.25_49.30_49.35_,83_70_64_14_231_,49.10_49.05_49.00_48.95_48.90_,42_176_497_125_226_
11:40:19,49.10,1,8348,49.15_49.20_49.25_49.30_49.35_,83_70_64_14_231_,49.10_49.05_49.00_48.95_48.90_,46_176_497_125_226_
11:40:24,49.10,1,8348,49.15_49.20_49.25_49.30_49.35_,86_70_64_14_231_,49.10_49.05_49.00_48.95_48.90_,49_176_497_125_226_
11:40:29,49.10,1,8348,49.15_49.20_49.25_49.30_49.35_,86_70_64_14_231_,49.10_49.05_49.00_48.95_48.90_,53_176_497_125_226_
11:40:34,49.10,1,8348,49.15_49.20_49.25_49.30_49.35_,86_70_64_14_231_,49.10_49.05_49.00_48.95_48.90_,59_176_497_125_226_
11:40:39,49.10,2,8350,49.15_49.20_49.25_49.30_49.35_,85_70_64_14_231_,49.10_49.05_49.00_48.95_48.90_,57_176_497_125_226_
11:40:45,49.10,4,8354,49.15_49.20_49.25_49.30_49.35_,85_70_64_14_231_,49.10_49.05_49.00_48.95_48.90_,54_176_497_125_226_
11:40:50,49.10,2,8356,49.15_49.20_49.25_49.30_49.35_,87_70_64_14_231_,49.10_49.05_49.00_48.95_48.90_,54_176_497_125_226_
11:40:55,49.10,1,8357,49.15_49.20_49.25_49.30_49.35_,90_70_64_14_231_,49.10_49.05_49.00_48.95_48.90_,53_176_498_125_226_
11:41:00,49.10,1,8357,49.15_49.20_49.25_49.30_49.35_,90_76_64_14_231_,49.10_49.05_49.00_48.95_48.90_,53_176_498_125_226_
11:41:05,49.15,2,8359,49.15_49.20_49.25_49.30_49.35_,89_76_64_14_231_,49.10_49.05_49.00_48.95_48.90_,53_176_498_125_226_
11:41:10,49.15,2,8359,49.15_49.20_49.25_49.30_49.35_,89_76_64_14_231_,49.10_49.05_49.00_48.95_48.90_,63_176_498_125_226_
11:41:15,49.10,4,8363,49.15_49.20_49.25_49.30_49.35_,89_76_64_14_231_,49.10_49.05_49.00_48.95_48.90_,61_176_498_125_226_
11:41:26,49.10,1,8364,49.15_49.20_49.25_49.30_49.35_,89_76_64_14_231_,49.10_49.05_49.00_48.95_48.90_,60_176_498_125_226_
11:41:31,49.10,2,8366,49.15_49.20_49.25_49.30_49.35_,89_76_64_14_231_,49.10_49.05_49.00_48.95_48.90_,58_176_498_125_226_
11:41:36,49.10,1,8367,49.15_49.20_49.25_49.30_49.35_,88_76_64_14_231_,49.10_49.05_49.00_48.95_48.90_,58_176_498_125_226_
11:41:41,49.10,1,8367,49.15_49.20_49.25_49.30_49.35_,89_76_64_14_231_,49.10_49.05_49.00_48.95_48.90_,59_176_498_125_226_
11:41:51,49.10,1,8367,49.15_49.20_49.25_49.30_49.35_,89_76_64_15_231_,49.10_49.05_49.00_48.95_48.90_,59_176_498_125_226_
11:41:56,49.10,4,8371,49.15_49.20_49.25_49.30_49.35_,89_76_64_15_231_,49.10_49.05_49.00_48.95_48.90_,55_176_498_125_226_
11:42:02,49.15,5,8376,49.15_49.20_49.25_49.30_49.35_,85_76_64_15_231_,49.10_49.05_49.00_48.95_48.90_,55_176_498_125_226_
11:42:07,49.15,5,8376,49.15_49.20_49.25_49.30_49.35_,86_76_64_15_231_,49.10_49.05_49.00_48.95_48.90_,57_176_498_125_226_
11:42:12,49.15,3,8379,49.15_49.20_49.25_49.30_49.35_,85_76_64_15_231_,49.10_49.05_49.00_48.95_48.90_,57_176_498_125_226_
11:42:17,49.10,3,8382,49.15_49.20_49.25_49.30_49.35_,85_76_64_15_231_,49.10_49.05_49.00_48.95_48.90_,54_176_498_125_228_
11:42:22,49.10,3,8382,49.15_49.20_49.25_49.30_49.35_,85_76_64_15_231_,49.10_49.05_49.00_48.95_48.90_,54_176_500_125_228_
11:42:27,49.15,1,8383,49.15_49.20_49.25_49.30_49.35_,84_76_64_15_231_,49.10_49.05_49.00_48.95_48.90_,54_176_500_125_228_
11:42:32,49.10,2,8385,49.15_49.20_49.25_49.30_49.35_,83_76_64_15_231_,49.10_49.05_49.00_48.95_48.90_,52_176_500_125_228_
11:42:37,49.10,2,8385,49.15_49.20_49.25_49.30_49.35_,83_76_64_15_231_,49.10_49.05_49.00_48.95_48.90_,53_176_500_125_228_
11:42:43,49.10,2,8385,49.15_49.20_49.25_49.30_49.35_,89_76_64_15_231_,49.10_49.05_49.00_48.95_48.90_,54_176_500_125_228_
11:42:48,49.10,1,8386,49.15_49.20_49.25_49.30_49.35_,89_76_64_15_231_,49.10_49.05_49.00_48.95_48.90_,53_176_500_125_228_
11:42:53,49.10,1,8386,49.15_49.20_49.25_49.30_49.35_,89_76_64_15_231_,49.10_49.05_49.00_48.95_48.90_,59_176_500_125_228_
11:42:58,49.10,2,8388,49.15_49.20_49.25_49.30_49.35_,89_76_64_15_231_,49.10_49.05_49.00_48.95_48.90_,59_176_500_125_228_
11:43:03,49.10,3,8391,49.15_49.20_49.25_49.30_49.35_,86_76_64_15_231_,49.10_49.05_49.00_48.95_48.90_,56_176_500_125_228_
11:43:08,49.10,1,8392,49.15_49.20_49.25_49.30_49.35_,87_76_64_15_231_,49.10_49.05_49.00_48.95_48.90_,55_176_500_125_228_
11:43:13,49.15,1,8393,49.15_49.20_49.25_49.30_49.35_,86_76_64_15_231_,49.10_49.05_49.00_48.95_48.90_,59_176_500_125_228_
11:43:18,49.15,1,8393,49.15_49.20_49.25_49.30_49.35_,87_76_64_15_231_,49.10_49.05_49.00_48.95_48.90_,60_176_499_125_228_
11:43:24,49.10,7,8400,49.15_49.20_49.25_49.30_49.35_,84_76_64_15_231_,49.10_49.05_49.00_48.95_48.90_,55_176_499_125_228_
11:43:29,49.10,1,8401,49.15_49.20_49.25_49.30_49.35_,83_76_64_15_231_,49.10_49.05_49.00_48.95_48.90_,54_176_499_125_228_
11:43:34,49.10,1,8401,49.15_49.20_49.25_49.30_49.35_,83_76_64_15_231_,49.10_49.05_49.00_48.95_48.90_,57_177_500_119_228_
11:43:39,49.10,3,8404,49.15_49.20_49.25_49.30_49.35_,83_76_64_15_231_,49.10_49.05_49.00_48.95_48.90_,55_177_500_119_228_
11:43:44,49.10,1,8405,49.15_49.20_49.25_49.30_49.35_,83_76_64_15_231_,49.10_49.05_49.00_48.95_48.90_,55_177_500_119_228_
11:43:49,49.10,1,8405,49.15_49.20_49.25_49.30_49.35_,87_76_64_15_231_,49.10_49.05_49.00_48.95_48.90_,64_177_500_119_228_
11:43:54,49.10,1,8405,49.15_49.20_49.25_49.30_49.35_,90_73_64_15_231_,49.10_49.05_49.00_48.95_48.90_,66_177_500_119_228_
11:43:59,49.10,1,8405,49.15_49.20_49.25_49.30_49.35_,90_73_64_15_231_,49.10_49.05_49.00_48.95_48.90_,66_175_500_119_228_
11:44:05,49.10,1,8405,49.15_49.20_49.25_49.30_49.35_,92_73_64_14_231_,49.10_49.05_49.00_48.95_48.90_,66_175_500_119_228_
11:44:10,49.10,1,8406,49.15_49.20_49.25_49.30_49.35_,97_73_64_14_231_,49.10_49.05_49.00_48.95_48.90_,65_175_500_119_228_
11:44:15,49.10,1,8407,49.15_49.20_49.25_49.30_49.35_,97_73_64_14_231_,49.10_49.05_49.00_48.95_48.90_,64_175_500_119_228_
11:44:20,49.10,2,8409,49.15_49.20_49.25_49.30_49.35_,97_75_64_14_231_,49.10_49.05_49.00_48.95_48.90_,63_175_501_119_228_
11:44:25,49.10,4,8413,49.15_49.20_49.25_49.30_49.35_,99_75_64_14_231_,49.10_49.05_49.00_48.95_48.90_,62_175_501_119_228_
11:44:30,49.10,1,8414,49.15_49.20_49.25_49.30_49.35_,98_75_64_14_231_,49.10_49.05_49.00_48.95_48.90_,61_175_501_119_228_
11:44:35,49.10,1,8414,49.15_49.20_49.25_49.30_49.35_,98_75_64_14_231_,49.10_49.05_49.00_48.95_48.90_,63_175_501_119_228_
11:44:40,49.10,1,8415,49.15_49.20_49.25_49.30_49.35_,98_75_64_14_231_,49.10_49.05_49.00_48.95_48.90_,62_175_501_119_228_
11:44:46,49.10,4,8419,49.15_49.20_49.25_49.30_49.35_,98_75_64_14_231_,49.10_49.05_49.00_48.95_48.90_,59_175_501_119_228_
11:44:51,49.15,1,8420,49.15_49.20_49.25_49.30_49.35_,97_75_64_14_231_,49.10_49.05_49.00_48.95_48.90_,58_175_501_119_228_
11:44:56,49.10,2,8422,49.15_49.20_49.25_49.30_49.35_,100_73_64_14_231_,49.10_49.05_49.00_48.95_48.90_,58_175_501_119_228_
11:45:01,49.10,4,8426,49.15_49.20_49.25_49.30_49.35_,97_73_64_14_231_,49.10_49.05_49.00_48.95_48.90_,53_175_501_119_228_
11:45:06,49.10,2,8428,49.15_49.20_49.25_49.30_49.35_,96_73_64_14_231_,49.10_49.05_49.00_48.95_48.90_,51_180_501_119_228_
11:45:16,49.10,2,8428,49.15_49.20_49.25_49.30_49.35_,96_73_64_14_231_,49.10_49.05_49.00_48.95_48.90_,57_174_501_119_228_
11:45:22,49.10,1,8429,49.15_49.20_49.25_49.30_49.35_,96_73_64_14_232_,49.10_49.05_49.00_48.95_48.90_,56_174_501_119_228_
11:45:27,49.10,4,8433,49.15_49.20_49.25_49.30_49.35_,96_73_64_14_232_,49.10_49.05_49.00_48.95_48.90_,52_174_501_119_228_
11:45:32,49.10,4,8433,49.15_49.20_49.25_49.30_49.35_,95_73_64_14_232_,49.10_49.05_49.00_48.95_48.90_,55_174_501_119_228_
11:45:37,49.10,4,8433,49.15_49.20_49.25_49.30_49.35_,96_73_64_14_232_,49.10_49.05_49.00_48.95_48.90_,55_174_501_119_228_
11:45:42,49.10,2,8435,49.15_49.20_49.25_49.30_49.35_,96_73_64_14_232_,49.10_49.05_49.00_48.95_48.90_,56_171_501_119_228_
11:45:47,49.10,3,8438,49.15_49.20_49.25_49.30_49.35_,96_73_64_14_232_,49.10_49.05_49.00_48.95_48.90_,54_171_501_119_228_
11:45:52,49.10,1,8439,49.15_49.20_49.25_49.30_49.35_,96_73_64_14_232_,49.10_49.05_49.00_48.95_48.90_,54_171_502_119_228_
11:46:02,49.10,15,8454,49.15_49.20_49.25_49.30_49.35_,96_73_42_14_232_,49.10_49.05_49.00_48.95_48.90_,39_171_507_119_228_
11:46:07,49.10,9,8463,49.15_49.20_49.25_49.30_49.35_,96_73_42_14_232_,49.10_49.05_49.00_48.95_48.90_,30_172_507_119_228_
11:46:13,49.10,9,8472,49.15_49.20_49.25_49.30_49.35_,96_73_42_14_232_,49.10_49.05_49.00_48.95_48.90_,22_172_507_119_228_
11:46:18,49.10,7,8479,49.15_49.20_49.25_49.30_49.35_,96_73_42_14_232_,49.10_49.05_49.00_48.95_48.90_,20_172_507_119_228_
11:46:23,49.15,4,8483,49.15_49.20_49.25_49.30_49.35_,92_73_42_14_232_,49.10_49.05_49.00_48.95_48.90_,22_172_507_119_228_
11:46:28,49.10,3,8486,49.15_49.20_49.25_49.30_49.35_,92_73_42_14_232_,49.10_49.05_49.00_48.95_48.90_,26_172_507_119_227_
11:46:33,49.10,4,8490,49.15_49.20_49.25_49.30_49.35_,92_76_42_14_232_,49.10_49.05_49.00_48.95_48.90_,21_175_507_119_227_
11:46:38,49.15,1,8491,49.15_49.20_49.25_49.30_49.35_,91_76_42_14_232_,49.10_49.05_49.00_48.95_48.90_,21_177_507_119_227_
11:46:48,49.10,2,8493,49.15_49.20_49.25_49.30_49.35_,91_76_42_14_232_,49.10_49.05_49.00_48.95_48.90_,19_177_507_119_227_
11:46:54,49.15,4,8497,49.15_49.20_49.25_49.30_49.35_,87_76_42_14_232_,49.10_49.05_49.00_48.95_48.90_,20_177_508_119_227_
11:46:59,49.10,4,8501,49.15_49.20_49.25_49.30_49.35_,87_76_42_14_232_,49.10_49.05_49.00_48.95_48.90_,16_177_508_119_227_
11:47:04,49.10,4,8501,49.15_49.20_49.25_49.30_49.35_,88_76_42_14_232_,49.10_49.05_49.00_48.95_48.90_,17_177_508_119_227_
11:47:09,49.10,2,8503,49.15_49.20_49.25_49.30_49.35_,90_76_42_14_232_,49.10_49.05_49.00_48.95_48.90_,15_177_508_119_227_
11:47:19,49.15,2,8505,49.15_49.20_49.25_49.30_49.35_,88_76_42_14_232_,49.10_49.05_49.00_48.95_48.90_,15_177_508_119_227_
11:47:24,49.10,2,8507,49.15_49.20_49.25_49.30_49.35_,86_76_42_14_232_,49.10_49.05_49.00_48.95_48.90_,13_180_508_119_227_
11:47:29,49.10,2,8507,49.15_49.20_49.25_49.30_49.35_,86_76_42_14_232_,49.10_49.05_49.00_48.95_48.90_,13_181_508_119_227_
11:47:34,49.10,5,8512,49.15_49.20_49.25_49.30_49.35_,86_76_42_14_232_,49.10_49.05_49.00_48.95_48.90_,8_181_510_119_227_
11:47:40,49.10,5,8512,49.15_49.20_49.25_49.30_49.35_,86_76_42_14_232_,49.10_49.05_49.00_48.95_48.90_,19_181_510_119_227_
11:47:45,49.10,5,8512,49.15_49.20_49.25_49.30_49.35_,86_76_39_14_232_,49.10_49.05_49.00_48.95_48.90_,21_181_510_119_227_
11:47:50,49.10,3,8515,49.15_49.20_49.25_49.30_49.35_,85_76_39_14_232_,49.10_49.05_49.00_48.95_48.90_,18_182_510_119_227_
11:47:55,49.10,4,8519,49.15_49.20_49.25_49.30_49.35_,84_73_39_14_232_,49.10_49.05_49.00_48.95_48.90_,14_182_510_119_227_
11:48:00,49.10,4,8523,49.15_49.20_49.25_49.30_49.35_,84_73_39_14_232_,49.10_49.05_49.00_48.95_48.90_,16_182_510_119_227_
11:48:05,49.10,1,8524,49.15_49.20_49.25_49.30_49.35_,85_73_39_14_232_,49.10_49.05_49.00_48.95_48.90_,16_182_510_119_227_
11:48:10,49.10,1,8524,49.15_49.20_49.25_49.30_49.35_,86_73_39_14_232_,49.10_49.05_49.00_48.95_48.90_,19_182_510_119_227_
11:48:15,49.10,1,8524,49.15_49.20_49.25_49.30_49.35_,86_73_39_14_232_,49.10_49.05_49.00_48.95_48.90_,20_182_510_119_227_
11:48:21,49.10,1,8525,49.15_49.20_49.25_49.30_49.35_,85_73_39_14_232_,49.10_49.05_49.00_48.95_48.90_,19_182_510_119_227_
11:48:26,49.15,1,8526,49.15_49.20_49.25_49.30_49.35_,84_73_39_14_232_,49.10_49.05_49.00_48.95_48.90_,19_182_510_119_227_
11:48:31,49.10,4,8530,49.15_49.20_49.25_49.30_49.35_,84_73_39_14_232_,49.10_49.05_49.00_48.95_48.90_,15_182_510_119_227_
11:48:36,49.10,5,8535,49.15_49.20_49.25_49.30_49.35_,84_73_39_14_232_,49.10_49.05_49.00_48.95_48.90_,15_181_509_120_227_
11:48:41,49.10,5,8535,49.15_49.20_49.25_49.30_49.35_,84_73_39_14_232_,49.10_49.05_49.00_48.95_48.90_,20_181_509_120_227_
11:48:46,49.15,3,8538,49.15_49.20_49.25_49.30_49.35_,82_73_39_14_232_,49.10_49.05_49.00_48.95_48.90_,21_181_509_120_227_
11:48:51,49.10,1,8539,49.15_49.20_49.25_49.30_49.35_,82_73_39_14_232_,49.10_49.05_49.00_48.95_48.90_,20_181_509_120_227_
11:48:56,49.10,1,8539,49.15_49.20_49.25_49.30_49.35_,102_73_39_14_232_,49.10_49.05_49.00_48.95_48.90_,21_181_509_120_227_
11:49:02,49.10,1,8539,49.15_49.20_49.25_49.30_49.35_,103_73_36_14_232_,49.10_49.05_49.00_48.95_48.90_,22_181_509_120_227_
11:49:07,49.10,3,8542,49.15_49.20_49.25_49.30_49.35_,105_73_36_16_232_,49.10_49.05_49.00_48.95_48.90_,21_181_509_120_227_
11:49:12,49.10,4,8546,49.15_49.20_49.25_49.30_49.35_,105_82_36_16_223_,49.10_49.05_49.00_48.95_48.90_,17_181_509_120_227_
11:49:17,49.10,2,8548,49.15_49.20_49.25_49.30_49.35_,107_82_36_16_223_,49.10_49.05_49.00_48.95_48.90_,16_182_509_120_227_
11:49:22,49.10,2,8548,49.15_49.20_49.25_49.30_49.35_,107_82_36_16_223_,49.10_49.05_49.00_48.95_48.90_,17_182_509_120_227_
11:49:27,49.10,2,8548,49.15_49.20_49.25_49.30_49.35_,108_82_36_16_223_,49.10_49.05_49.00_48.95_48.90_,22_182_510_120_227_
11:49:32,49.10,1,8549,49.15_49.20_49.25_49.30_49.35_,108_82_36_16_223_,49.10_49.05_49.00_48.95_48.90_,22_182_510_120_227_
11:49:37,49.10,1,8550,49.15_49.20_49.25_49.30_49.35_,108_82_36_16_223_,49.10_49.05_49.00_48.95_48.90_,21_182_510_120_227_
11:49:42,49.10,4,8554,49.15_49.20_49.25_49.30_49.35_,108_82_36_16_223_,49.10_49.05_49.00_48.95_48.90_,17_182_510_120_227_
11:49:48,49.10,2,8556,49.15_49.20_49.25_49.30_49.35_,105_85_36_16_223_,49.10_49.05_49.00_48.95_48.90_,12_182_510_120_227_
11:49:53,49.10,2,8556,49.15_49.20_49.25_49.30_49.35_,106_85_36_16_223_,49.10_49.05_49.00_48.95_48.90_,11_182_509_120_227_
11:49:58,49.10,2,8558,49.15_49.20_49.25_49.30_49.35_,106_85_36_16_223_,49.10_49.05_49.00_48.95_48.90_,10_182_509_120_227_
11:50:03,49.10,3,8561,49.15_49.20_49.25_49.30_49.35_,106_82_36_16_223_,49.10_49.05_49.00_48.95_48.90_,7_182_509_120_227_
11:50:08,49.10,1,8562,49.15_49.20_49.25_49.30_49.35_,107_82_36_16_223_,49.10_49.05_49.00_48.95_48.90_,7_182_509_120_227_
11:50:13,49.10,6,8568,49.15_49.20_49.25_49.30_49.35_,106_82_36_16_223_,49.10_49.05_49.00_48.95_48.90_,1_182_509_120_227_
11:50:18,49.10,2,8570,49.15_49.20_49.25_49.30_49.35_,105_82_36_16_223_,49.10_49.05_49.00_48.95_48.90_,5_182_508_120_227_
11:50:23,49.10,2,8570,49.15_49.20_49.25_49.30_49.35_,106_82_36_16_223_,49.10_49.05_49.00_48.95_48.90_,5_182_508_120_227_
11:50:29,49.10,2,8570,49.15_49.20_49.25_49.30_49.35_,106_82_36_16_223_,49.10_49.05_49.00_48.95_48.90_,8_192_508_120_227_
11:50:34,49.15,3,8573,49.15_49.20_49.25_49.30_49.35_,103_82_36_16_223_,49.10_49.05_49.00_48.95_48.90_,9_192_508_120_227_
11:50:39,49.10,2,8575,49.15_49.20_49.25_49.30_49.35_,104_82_36_16_223_,49.10_49.05_49.00_48.95_48.90_,38_192_508_120_227_
11:50:44,49.10,4,8579,49.15_49.20_49.25_49.30_49.35_,104_82_36_16_223_,49.10_49.05_49.00_48.95_48.90_,48_192_507_120_227_
11:50:49,49.10,1,8580,49.15_49.20_49.25_49.30_49.35_,104_82_36_16_223_,49.10_49.05_49.00_48.95_48.90_,54_192_508_120_227_
11:50:54,49.10,3,8583,49.15_49.20_49.25_49.30_49.35_,104_79_36_16_223_,49.10_49.05_49.00_48.95_48.90_,52_192_508_120_227_
11:50:59,49.10,1,8584,49.15_49.20_49.25_49.30_49.35_,104_79_36_16_223_,49.10_49.05_49.00_48.95_48.90_,51_192_508_120_227_
11:51:05,49.10,2,8586,49.15_49.20_49.25_49.30_49.35_,104_77_36_16_223_,49.10_49.05_49.00_48.95_48.90_,52_192_508_120_227_
11:51:10,49.10,1,8587,49.15_49.20_49.25_49.30_49.35_,104_77_36_16_223_,49.10_49.05_49.00_48.95_48.90_,57_192_508_120_227_
11:51:15,49.10,1,8587,49.15_49.20_49.25_49.30_49.35_,104_77_36_16_223_,49.10_49.05_49.00_48.95_48.90_,59_192_508_120_227_
11:51:20,49.10,2,8589,49.15_49.20_49.25_49.30_49.35_,104_77_36_16_223_,49.10_49.05_49.00_48.95_48.90_,57_190_508_120_227_
11:51:25,49.10,2,8591,49.15_49.20_49.25_49.30_49.35_,104_77_36_16_223_,49.10_49.05_49.00_48.95_48.90_,57_190_508_120_227_
11:51:30,49.10,3,8594,49.15_49.20_49.25_49.30_49.35_,104_80_36_16_223_,49.10_49.05_49.00_48.95_48.90_,54_190_508_120_227_
11:51:35,49.10,1,8595,49.15_49.20_49.25_49.30_49.35_,106_71_36_16_232_,49.10_49.05_49.00_48.95_48.90_,53_193_508_120_227_
11:51:41,49.10,2,8597,49.15_49.20_49.25_49.30_49.35_,104_71_36_16_232_,49.10_49.05_49.00_48.95_48.90_,53_193_508_120_227_
11:51:46,49.10,3,8600,49.15_49.20_49.25_49.30_49.35_,104_71_36_16_232_,49.10_49.05_49.00_48.95_48.90_,52_193_508_120_227_
11:51:51,49.10,3,8600,49.15_49.20_49.25_49.30_49.35_,104_71_36_15_232_,49.10_49.05_49.00_48.95_48.90_,52_193_508_120_227_
11:51:56,49.10,1,8601,49.15_49.20_49.25_49.30_49.35_,104_69_36_15_232_,49.10_49.05_49.00_48.95_48.90_,52_193_508_120_227_
11:52:01,49.10,4,8605,49.15_49.20_49.25_49.30_49.35_,104_69_36_15_232_,49.10_49.05_49.00_48.95_48.90_,50_193_508_120_227_
11:52:11,49.10,1,8606,49.15_49.20_49.25_49.30_49.35_,105_69_36_15_232_,49.10_49.05_49.00_48.95_48.90_,49_193_508_120_227_
11:52:17,49.10,1,8606,49.15_49.20_49.25_49.30_49.35_,105_69_36_15_232_,49.10_49.05_49.00_48.95_48.90_,54_190_508_120_227_
11:52:22,49.10,1,8606,49.15_49.20_49.25_49.30_49.35_,105_69_36_15_232_,49.10_49.05_49.00_48.95_48.90_,55_190_508_120_227_
11:52:27,49.10,1,8606,49.15_49.20_49.25_49.30_49.35_,105_69_36_15_232_,49.10_49.05_49.00_48.95_48.90_,56_190_508_120_227_
11:52:32,49.10,1,8607,49.15_49.20_49.25_49.30_49.35_,105_69_36_15_232_,49.10_49.05_49.00_48.95_48.90_,55_190_508_120_227_
11:52:37,49.15,1,8608,49.15_49.20_49.25_49.30_49.35_,104_69_36_15_232_,49.10_49.05_49.00_48.95_48.90_,55_190_508_120_227_
11:52:42,49.10,6,8614,49.15_49.20_49.25_49.30_49.35_,103_69_36_15_232_,49.10_49.05_49.00_48.95_48.90_,49_190_507_120_227_
11:52:47,49.10,4,8618,49.15_49.20_49.25_49.30_49.35_,104_68_36_15_232_,49.10_49.05_49.00_48.95_48.90_,52_190_507_120_227_
11:52:52,49.10,1,8619,49.15_49.20_49.25_49.30_49.35_,104_68_36_15_232_,49.10_49.05_49.00_48.95_48.90_,51_190_507_120_228_
11:52:58,49.15,1,8620,49.15_49.20_49.25_49.30_49.35_,103_68_36_15_232_,49.10_49.05_49.00_48.95_48.90_,51_190_507_120_228_
11:53:03,49.10,1,8621,49.15_49.20_49.25_49.30_49.35_,103_68_36_16_232_,49.10_49.05_49.00_48.95_48.90_,50_190_507_120_228_
11:53:08,49.15,1,8622,49.15_49.20_49.25_49.30_49.35_,103_70_36_16_232_,49.10_49.05_49.00_48.95_48.90_,50_190_507_120_228_
11:53:13,49.15,1,8622,49.15_49.20_49.25_49.30_49.35_,103_69_36_16_232_,49.10_49.05_49.00_48.95_48.90_,51_189_507_120_228_
11:53:18,49.15,1,8622,49.15_49.20_49.25_49.30_49.35_,103_69_36_16_232_,49.10_49.05_49.00_48.95_48.90_,53_195_507_120_228_
11:53:23,49.15,1,8622,49.15_49.20_49.25_49.30_49.35_,103_69_36_16_232_,49.10_49.05_49.00_48.95_48.90_,53_195_506_120_228_
11:53:28,49.15,2,8624,49.15_49.20_49.25_49.30_49.35_,104_69_36_16_232_,49.10_49.05_49.00_48.95_48.90_,53_195_506_120_228_
11:53:34,49.15,5,8629,49.15_49.20_49.25_49.30_49.35_,100_69_36_16_232_,49.10_49.05_49.00_48.95_48.90_,54_196_507_119_228_
11:53:39,49.10,3,8632,49.15_49.20_49.25_49.30_49.35_,100_69_36_16_232_,49.10_49.05_49.00_48.95_48.90_,56_196_507_119_228_
11:53:44,49.10,3,8632,49.15_49.20_49.25_49.30_49.35_,100_69_36_16_232_,49.10_49.05_49.00_48.95_48.90_,81_196_507_119_228_
11:53:49,49.15,2,8634,49.15_49.20_49.25_49.30_49.35_,100_69_36_16_224_,49.10_49.05_49.00_48.95_48.90_,110_192_507_119_228_
11:53:54,49.10,6,8640,49.15_49.20_49.25_49.30_49.35_,99_67_36_16_224_,49.10_49.05_49.00_48.95_48.90_,124_192_507_119_228_
11:53:59,49.15,2,8642,49.15_49.20_49.25_49.30_49.35_,102_67_36_16_224_,49.10_49.05_49.00_48.95_48.90_,124_195_507_119_228_
11:54:04,49.10,4,8646,49.15_49.20_49.25_49.30_49.35_,100_66_36_16_224_,49.10_49.05_49.00_48.95_48.90_,124_196_507_119_228_
11:54:10,49.10,3,8649,49.15_49.20_49.25_49.30_49.35_,101_66_36_16_224_,49.10_49.05_49.00_48.95_48.90_,122_196_507_119_228_
11:54:15,49.15,1,8650,49.15_49.20_49.25_49.30_49.35_,100_66_36_16_224_,49.10_49.05_49.00_48.95_48.90_,122_196_507_119_229_
11:54:20,49.15,1,8651,49.15_49.20_49.25_49.30_49.35_,99_66_36_16_224_,49.10_49.05_49.00_48.95_48.90_,127_196_507_119_229_
11:54:25,49.15,1,8652,49.15_49.20_49.25_49.30_49.35_,98_66_36_16_224_,49.10_49.05_49.00_48.95_48.90_,128_196_507_119_229_
11:54:30,49.15,1,8652,49.15_49.20_49.25_49.30_49.35_,98_66_36_16_224_,49.10_49.05_49.00_48.95_48.90_,133_204_523_119_229_
11:54:35,49.15,10,8662,49.15_49.20_49.25_49.30_49.35_,108_66_36_16_224_,49.10_49.05_49.00_48.95_48.90_,133_204_523_119_229_
11:54:40,49.15,72,8734,49.15_49.20_49.25_49.30_49.35_,36_66_36_16_224_,49.10_49.05_49.00_48.95_48.90_,134_204_523_119_229_
11:54:46,49.15,31,8765,49.15_49.20_49.25_49.30_49.35_,5_73_36_16_224_,49.10_49.05_49.00_48.95_48.90_,135_211_523_119_220_
11:54:51,49.15,3,8768,49.15_49.20_49.25_49.30_49.35_,13_66_36_16_224_,49.10_49.05_49.00_48.95_48.90_,136_212_523_119_220_
11:54:56,49.15,16,8784,49.20_49.25_49.30_49.35_49.40_,66_36_16_224_35_,49.15_49.10_49.05_49.00_48.95_,8_133_213_523_119_
11:55:01,49.20,2,8786,49.20_49.25_49.30_49.35_49.40_,66_27_15_33_235_,49.15_49.10_49.05_49.00_48.95_,39_120_213_538_144_
11:55:06,49.20,2,8786,49.20_49.25_49.30_49.35_49.40_,67_27_15_33_226_,49.15_49.10_49.05_49.00_48.95_,51_119_212_538_131_
11:55:11,49.20,7,8793,49.20_49.25_49.30_49.35_49.40_,61_27_15_33_226_,49.15_49.10_49.05_49.00_48.95_,80_120_211_538_131_
11:55:16,49.20,31,8824,49.20_49.25_49.30_49.35_49.40_,31_30_15_33_226_,49.15_49.10_49.05_49.00_48.95_,92_121_205_538_131_
11:55:21,49.20,11,8835,49.20_49.25_49.30_49.35_49.40_,21_30_15_33_226_,49.15_49.10_49.05_49.00_48.95_,96_131_198_538_202_
11:55:27,49.20,21,8856,49.25_49.30_49.35_49.40_49.45_,30_15_33_226_57_,49.20_49.15_49.10_49.05_49.00_,44_93_132_198_539_
11:55:32,49.25,14,8870,49.25_49.30_49.35_49.40_49.45_,22_7_33_35_250_,49.20_49.15_49.10_49.05_49.00_,59_75_125_229_539_
11:55:37,49.25,3,8873,49.25_49.30_49.35_49.40_49.45_,19_7_33_35_250_,49.20_49.15_49.10_49.05_49.00_,72_73_125_229_539_
11:55:42,49.25,13,8886,49.25_49.30_49.35_49.40_49.45_,6_5_33_35_250_,49.20_49.15_49.10_49.05_49.00_,73_72_125_229_619_
11:55:47,49.25,3,8889,49.25_49.30_49.35_49.40_49.45_,3_5_33_35_250_,49.20_49.15_49.10_49.05_49.00_,75_80_124_229_610_
11:55:52,49.25,1,8890,49.25_49.30_49.35_49.40_49.45_,7_5_32_35_250_,49.20_49.15_49.10_49.05_49.00_,76_80_124_229_610_
11:55:57,49.20,4,8894,49.25_49.30_49.35_49.40_49.45_,7_6_32_35_250_,49.20_49.15_49.10_49.05_49.00_,83_80_124_229_609_
11:56:02,49.25,6,8900,49.25_49.30_49.35_49.40_49.45_,2_6_32_35_250_,49.20_49.15_49.10_49.05_49.00_,85_80_124_229_609_
11:56:08,49.25,4,8904,49.30_49.35_49.40_49.45_49.50_,6_32_35_250_8_,49.25_49.20_49.15_49.10_49.05_,4_91_80_124_229_
11:56:13,49.25,5,8909,49.30_49.35_49.40_49.45_49.50_,6_24_35_59_201_,49.25_49.20_49.15_49.10_49.05_,8_95_75_154_241_
11:56:18,49.25,5,8909,49.30_49.35_49.40_49.45_49.50_,6_24_36_59_201_,49.25_49.20_49.15_49.10_49.05_,10_96_75_154_231_
11:56:23,49.25,1,8910,49.30_49.35_49.40_49.45_49.50_,7_24_36_59_201_,49.25_49.20_49.15_49.10_49.05_,11_102_78_158_311_
11:56:28,49.25,1,8911,49.30_49.35_49.40_49.45_49.50_,7_24_36_59_201_,49.25_49.20_49.15_49.10_49.05_,11_102_78_159_311_
11:56:33,49.25,1,8911,49.30_49.35_49.40_49.45_49.50_,8_24_36_59_201_,49.25_49.20_49.15_49.10_49.05_,12_103_78_159_311_
11:56:38,49.25,1,8911,49.30_49.35_49.40_49.45_49.50_,11_24_36_59_201_,49.25_49.20_49.15_49.10_49.05_,12_103_73_159_311_
11:56:43,49.25,10,8921,49.30_49.35_49.40_49.45_49.50_,11_24_36_59_201_,49.25_49.20_49.15_49.10_49.05_,3_103_73_159_311_
11:56:49,49.25,1,8922,49.30_49.35_49.40_49.45_49.50_,11_24_36_59_201_,49.25_49.20_49.15_49.10_49.05_,14_103_78_159_311_
11:56:54,49.25,2,8924,49.30_49.35_49.40_49.45_49.50_,11_24_36_59_201_,49.25_49.20_49.15_49.10_49.05_,16_103_78_159_311_
11:56:59,49.25,5,8929,49.30_49.35_49.40_49.45_49.50_,11_24_36_59_201_,49.25_49.20_49.15_49.10_49.05_,13_104_78_159_311_
11:57:04,49.25,5,8929,49.30_49.35_49.40_49.45_49.50_,11_24_36_59_201_,49.25_49.20_49.15_49.10_49.05_,15_104_77_154_311_
11:57:09,49.30,12,8941,49.35_49.40_49.45_49.50_49.55_,25_36_59_201_8_,49.30_49.25_49.20_49.15_49.10_,3_15_104_77_154_
11:57:14,49.30,1,8942,49.35_49.40_49.45_49.50_49.55_,25_38_59_10_199_,49.30_49.25_49.20_49.15_49.10_,5_16_98_114_176_
11:57:19,49.30,2,8944,49.35_49.40_49.45_49.50_49.55_,29_37_59_10_199_,49.30_49.25_49.20_49.15_49.10_,4_31_106_117_169_
11:57:24,49.30,2,8944,49.35_49.40_49.45_49.50_49.55_,32_37_59_10_199_,49.30_49.25_49.20_49.15_49.10_,4_34_106_80_201_
11:57:30,49.30,1,8945,49.35_49.40_49.45_49.50_49.55_,33_37_59_10_199_,49.30_49.25_49.20_49.15_49.10_,3_34_120_77_201_
11:57:35,49.35,2,8947,49.35_49.40_49.45_49.50_49.55_,31_37_59_10_199_,49.30_49.25_49.20_49.15_49.10_,3_37_119_109_165_
11:57:40,49.30,3,8950,49.35_49.40_49.45_49.50_49.55_,32_28_60_10_208_,49.25_49.20_49.15_49.10_49.05_,37_119_111_164_238_
11:57:45,49.30,3,8950,49.30_49.35_49.40_49.45_49.50_,2_29_28_60_60_,49.25_49.20_49.15_49.10_49.05_,45_124_76_141_302_
11:57:50,49.30,3,8950,49.30_49.35_49.40_49.45_49.50_,5_26_37_60_201_,49.25_49.20_49.15_49.10_49.05_,46_123_74_141_301_
11:57:55,49.30,3,8950,49.30_49.35_49.40_49.45_49.50_,6_26_37_60_201_,49.25_49.20_49.15_49.10_49.05_,47_124_74_141_301_
11:58:00,49.30,5,8955,49.30_49.35_49.40_49.45_49.50_,1_26_37_60_201_,49.25_49.20_49.15_49.10_49.05_,47_124_74_144_300_
11:58:05,49.25,5,8960,49.30_49.35_49.40_49.45_49.50_,2_25_37_60_201_,49.25_49.20_49.15_49.10_49.05_,43_124_74_144_300_
11:58:11,49.25,5,8960,49.30_49.35_49.40_49.45_49.50_,6_23_37_60_201_,49.25_49.20_49.15_49.10_49.05_,45_123_74_144_300_
11:58:16,49.30,1,8961,49.30_49.35_49.40_49.45_49.50_,8_23_37_60_201_,49.25_49.20_49.15_49.10_49.05_,45_123_74_144_300_
11:58:21,49.25,2,8963,49.30_49.35_49.40_49.45_49.50_,14_23_37_60_201_,49.25_49.20_49.15_49.10_49.05_,44_124_73_144_300_
11:58:26,49.30,2,8965,49.30_49.35_49.40_49.45_49.50_,12_23_37_60_201_,49.25_49.20_49.15_49.10_49.05_,47_124_73_144_300_
11:58:31,49.30,2,8965,49.30_49.35_49.40_49.45_49.50_,16_25_37_60_201_,49.25_49.20_49.15_49.10_49.05_,48_124_73_144_300_
11:58:36,49.25,1,8966,49.30_49.35_49.40_49.45_49.50_,16_25_37_60_201_,49.25_49.20_49.15_49.10_49.05_,47_124_73_145_300_
11:58:41,49.25,1,8966,49.30_49.35_49.40_49.45_49.50_,16_25_37_61_201_,49.25_49.20_49.15_49.10_49.05_,47_124_73_144_300_
11:58:47,49.25,1,8966,49.30_49.35_49.40_49.45_49.50_,16_25_37_61_201_,49.25_49.20_49.15_49.10_49.05_,48_124_73_145_300_
11:58:52,49.30,16,8982,49.35_49.40_49.45_49.50_49.55_,25_37_61_201_8_,49.30_49.25_49.20_49.15_49.10_,9_48_125_74_145_
11:58:57,49.35,3,8985,49.35_49.40_49.45_49.50_49.55_,24_28_61_10_208_,49.30_49.25_49.20_49.15_49.10_,18_44_125_109_168_
11:59:02,49.30,2,8987,49.35_49.40_49.45_49.50_49.55_,24_28_61_10_202_,49.30_49.25_49.20_49.15_49.10_,18_44_125_110_164_
11:59:07,49.30,4,8991,49.35_49.40_49.45_49.50_49.55_,25_28_61_10_202_,49.30_49.25_49.20_49.15_49.10_,16_52_125_110_155_
11:59:12,49.30,4,8991,49.35_49.40_49.45_49.50_49.55_,25_28_61_10_202_,49.30_49.25_49.20_49.15_49.10_,22_52_122_110_155_
11:59:17,49.30,4,8991,49.35_49.40_49.45_49.50_49.55_,25_28_61_10_202_,49.30_49.25_49.20_49.15_49.10_,32_50_121_106_155_
11:59:22,49.30,4,8991,49.35_49.40_49.45_49.50_49.55_,25_28_61_10_202_,49.30_49.25_49.20_49.15_49.10_,35_50_120_106_155_
11:59:27,49.30,4,8991,49.35_49.40_49.45_49.50_49.55_,25_28_61_10_202_,49.30_49.25_49.20_49.15_49.10_,35_51_120_105_155_
11:59:33,49.35,1,8992,49.35_49.40_49.45_49.50_49.55_,24_28_61_10_202_,49.30_49.25_49.20_49.15_49.10_,34_51_120_105_235_
11:59:38,49.35,1,8992,49.35_49.40_49.45_49.50_49.55_,27_28_61_10_202_,49.30_49.25_49.20_49.15_49.10_,34_51_120_105_235_
11:59:43,49.30,3,8995,49.35_49.40_49.45_49.50_49.55_,27_29_61_11_202_,49.30_49.25_49.20_49.15_49.10_,41_51_102_68_273_
11:59:48,49.35,5,9000,49.35_49.40_49.45_49.50_49.55_,22_32_61_11_202_,49.30_49.25_49.20_49.15_49.10_,47_49_101_105_236_
11:59:53,49.35,5,9000,49.35_49.40_49.45_49.50_49.55_,25_32_61_11_202_,49.30_49.25_49.20_49.15_49.10_,48_49_101_105_236_
12:00:03,49.35,22,9022,49.35_49.40_49.45_49.50_49.55_,3_32_61_11_202_,49.30_49.25_49.20_49.15_49.10_,48_49_101_105_236_
12:00:08,49.35,7,9029,49.35_49.40_49.45_49.50_49.55_,3_32_61_11_202_,49.30_49.25_49.20_49.15_49.10_,48_49_101_105_236_
12:00:13,49.35,7,9029,49.35_49.40_49.45_49.50_49.55_,3_31_61_11_202_,49.30_49.25_49.20_49.15_49.10_,49_48_101_105_236_
12:00:19,49.35,5,9034,49.40_49.45_49.50_49.55_49.60_,31_61_11_202_17_,49.35_49.30_49.25_49.20_49.15_,7_49_48_101_105_
12:00:24,49.35,2,9036,49.40_49.45_49.50_49.55_49.60_,32_52_11_11_217_,49.35_49.30_49.25_49.20_49.15_,10_49_48_138_132_
12:00:29,49.35,2,9036,49.40_49.45_49.50_49.55_49.60_,32_52_11_11_211_,49.35_49.30_49.25_49.20_49.15_,16_46_49_141_208_
12:00:34,49.35,2,9036,49.40_49.45_49.50_49.55_49.60_,34_52_11_11_211_,49.35_49.30_49.25_49.20_49.15_,16_47_46_135_205_
12:00:39,49.35,2,9036,49.40_49.45_49.50_49.55_49.60_,36_52_11_11_211_,49.35_49.30_49.25_49.20_49.15_,17_47_46_134_205_
12:00:44,49.35,19,9055,49.35_49.40_49.45_49.50_49.55_,23_37_52_11_12_,49.30_49.25_49.20_49.15_49.10_,45_46_143_205_93_
12:00:49,49.35,3,9058,49.35_49.40_49.45_49.50_49.55_,24_37_60_11_204_,49.30_49.25_49.20_49.15_49.10_,42_49_107_178_157_
12:00:54,49.35,3,9058,49.35_49.40_49.45_49.50_49.55_,25_37_60_11_204_,49.30_49.25_49.20_49.15_49.10_,41_49_104_178_157_
12:01:00,49.35,3,9058,49.35_49.40_49.45_49.50_49.55_,27_35_60_11_204_,49.30_49.25_49.20_49.15_49.10_,41_49_104_182_157_
12:01:05,49.35,3,9058,49.35_49.40_49.45_49.50_49.55_,27_35_60_11_204_,49.30_49.25_49.20_49.15_49.10_,41_50_104_182_157_
12:01:10,49.30,2,9060,49.35_49.40_49.45_49.50_49.55_,28_35_60_11_204_,49.30_49.25_49.20_49.15_49.10_,39_50_104_183_157_
12:01:15,49.30,4,9064,49.35_49.40_49.45_49.50_49.55_,28_35_60_11_204_,49.30_49.25_49.20_49.15_49.10_,35_41_105_183_166_
12:01:20,49.30,1,9065,49.35_49.40_49.45_49.50_49.55_,29_34_60_11_204_,49.30_49.25_49.20_49.15_49.10_,40_40_104_183_166_
12:01:25,49.30,1,9065,49.35_49.40_49.45_49.50_49.55_,29_34_60_11_204_,49.30_49.25_49.20_49.15_49.10_,44_40_104_183_166_
12:01:36,49.35,22,9087,49.35_49.40_49.45_49.50_49.55_,9_34_60_11_204_,49.30_49.25_49.20_49.15_49.10_,44_40_104_183_166_
12:01:41,49.35,3,9090,49.35_49.40_49.45_49.50_49.55_,6_34_60_11_204_,49.30_49.25_49.20_49.15_49.10_,44_43_104_183_166_
12:01:46,49.35,3,9090,49.35_49.40_49.45_49.50_49.55_,6_34_60_11_204_,49.30_49.25_49.20_49.15_49.10_,45_43_104_183_166_
12:01:51,49.30,2,9092,49.35_49.40_49.45_49.50_49.55_,7_34_60_11_204_,49.30_49.25_49.20_49.15_49.10_,43_44_104_183_167_
12:01:56,49.30,1,9093,49.35_49.40_49.45_49.50_49.55_,7_34_60_11_204_,49.30_49.25_49.20_49.15_49.10_,39_45_104_183_167_
12:02:01,49.30,1,9093,49.35_49.40_49.45_49.50_49.55_,7_34_60_11_204_,49.30_49.25_49.20_49.15_49.10_,39_45_107_183_167_
12:02:06,49.30,1,9093,49.35_49.40_49.45_49.50_49.55_,13_34_60_11_204_,49.30_49.25_49.20_49.15_49.10_,39_45_108_183_167_
12:02:11,49.30,1,9093,49.35_49.40_49.45_49.50_49.55_,15_34_60_11_204_,49.30_49.25_49.20_49.15_49.10_,39_45_108_186_167_
12:02:17,49.30,3,9096,49.35_49.40_49.45_49.50_49.55_,15_34_60_11_204_,49.30_49.25_49.20_49.15_49.10_,37_45_108_186_167_
12:02:22,49.30,3,9096,49.35_49.40_49.45_49.50_49.55_,15_34_60_11_204_,49.30_49.25_49.20_49.15_49.10_,38_45_107_186_167_
12:02:27,49.30,1,9097,49.35_49.40_49.45_49.50_49.55_,15_34_60_11_204_,49.30_49.25_49.20_49.15_49.10_,37_45_107_186_167_
12:02:32,49.35,3,9100,49.35_49.40_49.45_49.50_49.55_,17_34_60_11_204_,49.30_49.25_49.20_49.15_49.10_,40_45_107_186_167_
12:02:37,49.35,3,9100,49.35_49.40_49.45_49.50_49.55_,18_34_60_11_204_,49.30_49.25_49.20_49.15_49.10_,40_45_107_186_167_
12:02:42,49.35,1,9101,49.35_49.40_49.45_49.50_49.55_,17_34_60_11_204_,49.30_49.25_49.20_49.15_49.10_,39_45_107_186_167_
12:02:52,49.35,1,9101,49.35_49.40_49.45_49.50_49.55_,17_34_60_11_204_,49.30_49.25_49.20_49.15_49.10_,45_46_108_188_168_
12:02:58,49.35,1,9101,49.35_49.40_49.45_49.50_49.55_,20_31_60_11_204_,49.30_49.25_49.20_49.15_49.10_,46_46_108_188_168_
12:03:03,49.35,3,9104,49.35_49.40_49.45_49.50_49.55_,21_31_60_11_204_,49.30_49.25_49.20_49.15_49.10_,47_46_108_189_168_
12:03:08,49.35,3,9104,49.35_49.40_49.45_49.50_49.55_,22_31_60_11_204_,49.30_49.25_49.20_49.15_49.10_,47_46_108_189_268_
12:03:13,49.30,2,9106,49.35_49.40_49.45_49.50_49.55_,22_31_60_11_204_,49.30_49.25_49.20_49.15_49.10_,45_46_108_189_268_
12:03:18,49.30,4,9110,49.35_49.40_49.45_49.50_49.55_,22_31_60_11_204_,49.30_49.25_49.20_49.15_49.10_,41_46_108_189_268_
12:03:23,49.30,4,9110,49.35_49.40_49.45_49.50_49.55_,22_31_60_11_204_,49.30_49.25_49.20_49.15_49.10_,42_46_108_189_268_
12:03:33,49.30,1,9111,49.35_49.40_49.45_49.50_49.55_,22_31_60_11_204_,49.30_49.25_49.20_49.15_49.10_,41_46_108_189_268_
12:03:39,49.30,1,9111,49.35_49.40_49.45_49.50_49.55_,22_31_60_11_204_,49.30_49.25_49.20_49.15_49.10_,42_46_108_189_268_
12:03:44,49.30,1,9111,49.35_49.40_49.45_49.50_49.55_,22_31_60_11_204_,49.30_49.25_49.20_49.15_49.10_,36_40_99_181_268_
12:03:49,49.30,1,9111,49.35_49.40_49.45_49.50_49.55_,23_31_60_11_204_,49.30_49.25_49.20_49.15_49.10_,36_39_88_181_268_
12:03:54,49.30,2,9113,49.35_49.40_49.45_49.50_49.55_,23_31_60_11_204_,49.30_49.25_49.20_49.15_49.10_,37_39_87_181_268_
12:03:59,49.30,10,9123,49.35_49.40_49.45_49.50_49.55_,24_33_60_11_204_,49.30_49.25_49.20_49.15_49.10_,27_39_87_181_269_
12:04:04,49.30,1,9124,49.35_49.40_49.45_49.50_49.55_,23_33_60_11_204_,49.30_49.25_49.20_49.15_49.10_,26_48_78_188_269_
12:04:09,49.30,1,9125,49.35_49.40_49.45_49.50_49.55_,27_33_60_11_204_,49.30_49.25_49.20_49.15_49.10_,25_51_78_194_269_
12:04:15,49.30,1,9125,49.35_49.40_49.45_49.50_49.55_,27_33_60_11_204_,49.30_49.25_49.20_49.15_49.10_,25_51_78_114_269_
12:04:20,49.30,1,9125,49.35_49.40_49.45_49.50_49.55_,29_33_60_12_204_,49.30_49.25_49.20_49.15_49.10_,25_51_78_108_269_
12:04:25,49.30,4,9129,49.35_49.40_49.45_49.50_49.55_,29_33_60_12_204_,49.30_49.25_49.20_49.15_49.10_,21_51_80_108_269_
12:04:30,49.35,6,9135,49.35_49.40_49.45_49.50_49.55_,27_33_60_12_204_,49.30_49.25_49.20_49.15_49.10_,22_51_80_108_269_
12:04:40,49.30,13,9148,49.35_49.40_49.45_49.50_49.55_,27_33_60_12_204_,49.30_49.25_49.20_49.15_49.10_,18_51_80_108_269_
12:04:45,49.30,13,9148,49.35_49.40_49.45_49.50_49.55_,27_33_60_12_204_,49.30_49.25_49.20_49.15_49.10_,21_53_81_110_269_
12:04:51,49.30,13,9148,49.35_49.40_49.45_49.50_49.55_,29_33_60_12_204_,49.30_49.25_49.20_49.15_49.10_,22_53_81_110_269_
12:04:56,49.30,13,9148,49.35_49.40_49.45_49.50_49.55_,30_33_60_12_204_,49.30_49.25_49.20_49.15_49.10_,22_53_82_110_269_
12:05:01,49.30,13,9148,49.35_49.40_49.45_49.50_49.55_,30_33_60_12_204_,49.30_49.25_49.20_49.15_49.10_,23_53_82_110_269_
12:05:06,49.30,13,9148,49.35_49.40_49.45_49.50_49.55_,30_33_60_12_204_,49.30_49.25_49.20_49.15_49.10_,23_53_82_110_270_
12:05:11,49.30,13,9148,49.35_49.40_49.45_49.50_49.55_,32_33_60_12_204_,49.30_49.25_49.20_49.15_49.10_,23_53_82_110_270_
12:05:16,49.30,1,9149,49.35_49.40_49.45_49.50_49.55_,32_33_60_12_204_,49.30_49.25_49.20_49.15_49.10_,23_53_82_110_270_
12:05:21,49.30,3,9152,49.35_49.40_49.45_49.50_49.55_,33_33_60_12_204_,49.30_49.25_49.20_49.15_49.10_,23_53_82_110_270_
12:05:26,49.30,3,9155,49.35_49.40_49.45_49.50_49.55_,33_33_60_12_204_,49.30_49.25_49.20_49.15_49.10_,21_53_82_110_270_
12:05:32,49.30,3,9155,49.35_49.40_49.45_49.50_49.55_,33_33_60_12_204_,49.30_49.25_49.20_49.15_49.10_,22_53_82_110_270_
12:05:37,49.30,3,9155,49.35_49.40_49.45_49.50_49.55_,33_33_60_12_204_,49.30_49.25_49.20_49.15_49.10_,25_52_82_103_270_
12:05:47,49.30,1,9156,49.35_49.40_49.45_49.50_49.55_,34_33_60_12_204_,49.30_49.25_49.20_49.15_49.10_,24_52_82_103_270_
12:05:52,49.30,1,9156,49.35_49.40_49.45_49.50_49.55_,40_33_60_12_204_,49.30_49.25_49.20_49.15_49.10_,23_52_82_103_270_
12:05:57,49.30,1,9157,49.35_49.40_49.45_49.50_49.55_,44_33_60_12_204_,49.30_49.25_49.20_49.15_49.10_,23_52_82_103_270_
12:06:07,49.30,2,9159,49.35_49.40_49.45_49.50_49.55_,44_33_60_12_204_,49.30_49.25_49.20_49.15_49.10_,34_42_82_103_271_
12:06:13,49.30,2,9159,49.35_49.40_49.45_49.50_49.55_,45_33_60_12_204_,49.30_49.25_49.20_49.15_49.10_,38_39_82_103_271_
12:06:18,49.30,2,9159,49.35_49.40_49.45_49.50_49.55_,45_33_60_12_204_,49.30_49.25_49.20_49.15_49.10_,46_38_81_103_271_
12:06:33,49.30,3,9170,49.35_49.40_49.45_49.50_49.55_,46_33_60_12_204_,49.30_49.25_49.20_49.15_49.10_,38_38_79_103_271_
12:06:43,49.30,2,9172,49.35_49.40_49.45_49.50_49.55_,46_33_60_12_204_,49.30_49.25_49.20_49.15_49.10_,37_38_79_103_271_
12:06:53,49.30,2,9176,49.35_49.40_49.45_49.50_49.55_,47_33_60_12_204_,49.30_49.25_49.20_49.15_49.10_,57_38_79_103_251_
12:07:04,49.30,2,9176,49.35_49.40_49.45_49.50_49.55_,51_30_60_11_204_,49.30_49.25_49.20_49.15_49.10_,57_38_79_103_251_
12:07:09,49.30,2,9176,49.35_49.40_49.45_49.50_49.55_,53_30_60_11_204_,49.30_49.25_49.20_49.15_49.10_,57_38_79_103_252_
12:07:14,49.35,3,9179,49.35_49.40_49.45_49.50_49.55_,53_30_60_11_204_,49.30_49.25_49.20_49.15_49.10_,57_38_79_103_252_
12:07:19,49.35,1,9180,49.35_49.40_49.45_49.50_49.55_,53_30_60_11_204_,49.30_49.25_49.20_49.15_49.10_,60_38_78_103_252_
12:07:24,49.35,3,9183,49.35_49.40_49.45_49.50_49.55_,52_30_60_11_204_,49.30_49.25_49.20_49.15_49.10_,61_39_78_103_252_
12:07:29,49.30,5,9188,49.35_49.40_49.45_49.50_49.55_,52_30_60_11_204_,49.30_49.25_49.20_49.15_49.10_,56_42_78_103_252_
12:07:35,49.30,3,9191,49.35_49.40_49.45_49.50_49.55_,53_30_60_11_204_,49.30_49.25_49.20_49.15_49.10_,53_42_78_103_252_
12:07:40,49.30,1,9192,49.35_49.40_49.45_49.50_49.55_,54_30_60_11_204_,49.30_49.25_49.20_49.15_49.10_,53_42_78_103_252_
12:07:45,49.30,1,9192,49.35_49.40_49.45_49.50_49.55_,55_30_60_11_204_,49.30_49.25_49.20_49.15_49.10_,52_42_78_103_253_
12:07:50,49.35,1,9193,49.35_49.40_49.45_49.50_49.55_,54_30_60_11_204_,49.30_49.25_49.20_49.15_49.10_,52_42_78_103_253_
12:07:55,49.30,1,9194,49.35_49.40_49.45_49.50_49.55_,53_30_60_11_204_,49.30_49.25_49.20_49.15_49.10_,57_42_76_102_253_
12:08:00,49.30,1,9195,49.35_49.40_49.45_49.50_49.55_,53_30_60_11_204_,49.30_49.25_49.20_49.15_49.10_,56_42_75_102_253_
12:08:10,49.30,2,9197,49.35_49.40_49.45_49.50_49.55_,54_30_60_11_204_,49.30_49.25_49.20_49.15_49.10_,54_42_75_102_253_
12:08:15,49.30,1,9198,49.35_49.40_49.45_49.50_49.55_,54_30_60_11_204_,49.30_49.25_49.20_49.15_49.10_,53_42_75_102_254_
12:08:21,49.30,1,9198,49.35_49.40_49.45_49.50_49.55_,54_30_60_11_204_,49.30_49.25_49.20_49.15_49.10_,54_42_75_102_254_
12:08:26,49.30,1,9198,49.35_49.40_49.45_49.50_49.55_,54_30_60_11_204_,49.30_49.25_49.20_49.15_49.10_,55_42_75_102_254_
12:08:46,49.35,1,9208,49.35_49.40_49.45_49.50_49.55_,57_30_60_11_204_,49.30_49.25_49.20_49.15_49.10_,59_43_75_102_256_
12:08:51,49.30,43,9251,49.35_49.40_49.45_49.50_49.55_,56_30_60_11_204_,49.30_49.25_49.20_49.15_49.10_,18_43_75_102_256_
12:08:56,49.30,2,9253,49.35_49.40_49.45_49.50_49.55_,56_28_60_11_204_,49.30_49.25_49.20_49.15_49.10_,15_43_76_109_256_
12:09:07,49.30,4,9259,49.35_49.40_49.45_49.50_49.55_,57_37_60_11_195_,49.30_49.25_49.20_49.15_49.10_,11_43_99_109_256_
12:09:12,49.30,4,9259,49.35_49.40_49.45_49.50_49.55_,62_37_60_11_195_,49.30_49.25_49.20_49.15_49.10_,11_44_100_109_256_
12:09:17,49.30,4,9259,49.35_49.40_49.45_49.50_49.55_,62_37_60_12_195_,49.30_49.25_49.20_49.15_49.10_,11_43_100_109_257_
12:09:22,49.30,3,9262,49.35_49.40_49.45_49.50_49.55_,62_37_60_12_195_,49.30_49.25_49.20_49.15_49.10_,8_43_100_109_257_
12:09:27,49.30,8,9270,49.30_49.35_49.40_49.45_49.50_,5_61_40_60_12_,49.25_49.20_49.15_49.10_49.05_,43_100_109_257_150_
12:09:32,49.25,2,9272,49.30_49.35_49.40_49.45_49.50_,38_42_39_60_203_,49.25_49.20_49.15_49.10_49.05_,42_104_72_236_214_
12:09:37,49.25,4,9276,49.30_49.35_49.40_49.45_49.50_,40_40_39_60_203_,49.25_49.20_49.15_49.10_49.05_,38_101_70_236_213_
12:09:43,49.25,1,9277,49.30_49.35_49.40_49.45_49.50_,48_35_39_60_203_,49.25_49.20_49.15_49.10_49.05_,37_101_70_240_213_
12:09:48,49.25,1,9278,49.30_49.35_49.40_49.45_49.50_,51_31_39_60_203_,49.25_49.20_49.15_49.10_49.05_,36_101_70_240_293_
12:09:53,49.25,1,9278,49.30_49.35_49.40_49.45_49.50_,51_31_39_60_203_,49.25_49.20_49.15_49.10_49.05_,37_101_70_240_293_
12:09:58,49.25,1,9278,49.30_49.35_49.40_49.45_49.50_,57_28_36_60_203_,49.25_49.20_49.15_49.10_49.05_,37_101_70_240_293_
12:10:03,49.25,1,9279,49.30_49.35_49.40_49.45_49.50_,57_28_36_60_203_,49.25_49.20_49.15_49.10_49.05_,38_101_70_240_293_
12:10:08,49.25,1,9279,49.30_49.35_49.40_49.45_49.50_,65_23_36_60_203_,49.25_49.20_49.15_49.10_49.05_,38_101_70_240_293_
12:10:13,49.25,3,9282,49.30_49.35_49.40_49.45_49.50_,66_23_36_60_203_,49.25_49.20_49.15_49.10_49.05_,38_98_70_241_293_
12:10:18,49.25,3,9282,49.30_49.35_49.40_49.45_49.50_,68_21_36_60_203_,49.25_49.20_49.15_49.10_49.05_,38_98_70_241_293_
12:10:24,49.25,4,9286,49.30_49.35_49.40_49.45_49.50_,68_21_36_60_203_,49.25_49.20_49.15_49.10_49.05_,34_98_70_242_293_
12:10:29,49.25,3,9289,49.30_49.35_49.40_49.45_49.50_,68_20_36_60_203_,49.25_49.20_49.15_49.10_49.05_,33_98_70_242_293_
12:10:34,49.25,3,9289,49.30_49.35_49.40_49.45_49.50_,68_20_36_60_203_,49.25_49.20_49.15_49.10_49.05_,33_98_70_142_293_
12:10:39,49.25,7,9296,49.30_49.35_49.40_49.45_49.50_,65_20_36_60_203_,49.25_49.20_49.15_49.10_49.05_,26_98_70_142_293_
12:10:44,49.25,2,9298,49.30_49.35_49.40_49.45_49.50_,64_20_36_60_202_,49.25_49.20_49.15_49.10_49.05_,29_98_70_146_293_
12:10:49,49.25,1,9299,49.30_49.35_49.40_49.45_49.50_,64_20_36_60_202_,49.25_49.20_49.15_49.10_49.05_,29_99_70_142_293_
12:10:54,49.25,5,9304,49.30_49.35_49.40_49.45_49.50_,64_17_36_60_202_,49.25_49.20_49.15_49.10_49.05_,25_100_70_142_213_
12:10:59,49.30,1,9305,49.30_49.35_49.40_49.45_49.50_,63_17_36_60_202_,49.25_49.20_49.15_49.10_49.05_,27_100_70_142_210_
12:11:05,49.30,1,9305,49.30_49.35_49.40_49.45_49.50_,63_17_36_60_202_,49.25_49.20_49.15_49.10_49.05_,28_100_71_142_209_
12:11:15,49.30,1,9305,49.30_49.35_49.40_49.45_49.50_,64_17_36_60_202_,49.25_49.20_49.15_49.10_49.05_,28_100_71_142_209_
12:11:20,49.25,1,9306,49.30_49.35_49.40_49.45_49.50_,64_17_36_60_202_,49.25_49.20_49.15_49.10_49.05_,27_100_71_142_209_
12:11:25,49.25,21,9327,49.30_49.35_49.40_49.45_49.50_,65_17_36_60_202_,49.25_49.20_49.15_49.10_49.05_,9_100_71_143_209_
12:11:30,49.25,21,9327,49.30_49.35_49.40_49.45_49.50_,65_17_36_60_202_,49.25_49.20_49.15_49.10_49.05_,11_103_72_147_209_
12:11:35,49.25,4,9331,49.30_49.35_49.40_49.45_49.50_,67_17_36_60_202_,49.25_49.20_49.15_49.10_49.05_,8_103_72_147_209_
12:11:41,49.25,3,9334,49.30_49.35_49.40_49.45_49.50_,67_17_36_60_202_,49.25_49.20_49.15_49.10_49.05_,5_103_72_152_209_
12:11:46,49.25,4,9338,49.30_49.35_49.40_49.45_49.50_,66_17_36_60_202_,49.25_49.20_49.15_49.10_49.05_,2_102_72_153_209_
12:11:51,49.25,4,9338,49.30_49.35_49.40_49.45_49.50_,66_17_36_60_202_,49.25_49.20_49.15_49.10_49.05_,5_102_72_153_209_
12:11:56,49.25,2,9340,49.30_49.35_49.40_49.45_49.50_,66_17_36_60_202_,49.25_49.20_49.15_49.10_49.05_,5_100_72_148_209_
12:12:01,49.25,2,9340,49.30_49.35_49.40_49.45_49.50_,66_17_36_60_202_,49.25_49.20_49.15_49.10_49.05_,6_100_72_147_209_
12:12:06,49.25,2,9340,49.30_49.35_49.40_49.45_49.50_,66_17_36_60_202_,49.25_49.20_49.15_49.10_49.05_,7_100_72_147_208_
12:12:16,49.25,2,9340,49.30_49.35_49.40_49.45_49.50_,67_17_36_60_202_,49.25_49.20_49.15_49.10_49.05_,7_100_72_147_208_
12:12:22,49.25,3,9343,49.30_49.35_49.40_49.45_49.50_,66_17_36_60_202_,49.25_49.20_49.15_49.10_49.05_,5_99_71_147_208_
12:12:27,49.25,1,9344,49.30_49.35_49.40_49.45_49.50_,71_17_36_60_202_,49.25_49.20_49.15_49.10_49.05_,11_99_71_147_208_
12:12:32,49.25,1,9344,49.30_49.35_49.40_49.45_49.50_,71_15_36_60_202_,49.25_49.20_49.15_49.10_49.05_,10_99_71_153_208_
12:12:37,49.25,1,9344,49.30_49.35_49.40_49.45_49.50_,72_15_36_60_202_,49.25_49.20_49.15_49.10_49.05_,10_99_71_149_208_
12:12:42,49.25,4,9348,49.30_49.35_49.40_49.45_49.50_,71_15_36_60_202_,49.25_49.20_49.15_49.10_49.05_,8_99_71_147_208_
12:12:47,49.25,6,9354,49.30_49.35_49.40_49.45_49.50_,71_17_36_60_202_,49.25_49.20_49.15_49.10_49.05_,6_99_72_144_208_
12:12:52,49.25,6,9354,49.30_49.35_49.40_49.45_49.50_,71_17_36_60_202_,49.25_49.20_49.15_49.10_49.05_,9_98_72_140_207_
12:12:58,49.25,1,9355,49.30_49.35_49.40_49.45_49.50_,71_17_36_60_202_,49.25_49.20_49.15_49.10_49.05_,8_98_72_140_207_
12:13:03,49.25,4,9359,49.30_49.35_49.40_49.45_49.50_,69_17_36_60_202_,49.25_49.20_49.15_49.10_49.05_,9_99_72_140_207_
12:13:08,49.25,4,9359,49.30_49.35_49.40_49.45_49.50_,70_17_36_60_202_,49.25_49.20_49.15_49.10_49.05_,15_99_72_140_207_
12:13:13,49.25,16,9375,49.25_49.30_49.35_49.40_49.45_,5_69_17_36_60_,49.20_49.15_49.10_49.05_49.00_,99_72_140_206_600_
12:13:18,49.25,3,9378,49.25_49.30_49.35_49.40_49.45_,32_45_26_36_251_,49.20_49.15_49.10_49.05_49.00_,112_73_107_181_664_
12:13:23,49.25,9,9387,49.25_49.30_49.35_49.40_49.45_,27_45_22_36_251_,49.20_49.15_49.10_49.05_49.00_,115_73_102_176_664_
12:13:28,49.20,2,9389,49.25_49.30_49.35_49.40_49.45_,26_40_22_36_251_,49.20_49.15_49.10_49.05_49.00_,117_73_100_183_665_
12:13:33,49.25,2,9391,49.25_49.30_49.35_49.40_49.45_,30_40_22_36_251_,49.20_49.15_49.10_49.05_49.00_,115_74_101_183_665_
12:13:39,49.20,1,9392,49.25_49.30_49.35_49.40_49.45_,33_36_22_36_251_,49.20_49.15_49.10_49.05_49.00_,114_75_101_183_665_
12:13:44,49.20,2,9394,49.25_49.30_49.35_49.40_49.45_,33_36_22_36_251_,49.20_49.15_49.10_49.05_49.00_,114_75_100_183_665_
12:13:49,49.20,4,9398,49.25_49.30_49.35_49.40_49.45_,33_36_22_36_251_,49.20_49.15_49.10_49.05_49.00_,111_75_101_183_665_
12:13:54,49.25,1,9399,49.25_49.30_49.35_49.40_49.45_,35_36_22_36_251_,49.20_49.15_49.10_49.05_49.00_,111_75_102_183_665_
12:13:59,49.20,2,9401,49.25_49.30_49.35_49.40_49.45_,43_28_20_36_251_,49.20_49.15_49.10_49.05_49.00_,110_75_101_183_664_
12:14:04,49.20,3,9404,49.25_49.30_49.35_49.40_49.45_,46_28_17_36_251_,49.20_49.15_49.10_49.05_49.00_,107_75_101_184_664_
12:14:09,49.25,3,9407,49.25_49.30_49.35_49.40_49.45_,44_27_17_36_251_,49.20_49.15_49.10_49.05_49.00_,107_71_101_185_664_
12:14:14,49.25,2,9409,49.25_49.30_49.35_49.40_49.45_,43_27_15_36_251_,49.20_49.15_49.10_49.05_49.00_,107_71_101_185_664_
12:14:20,49.25,2,9409,49.25_49.30_49.35_49.40_49.45_,44_27_15_36_251_,49.20_49.15_49.10_49.05_49.00_,107_71_101_185_664_
12:14:25,49.20,2,9411,49.25_49.30_49.35_49.40_49.45_,44_27_15_36_251_,49.20_49.15_49.10_49.05_49.00_,105_71_101_185_664_
12:14:30,49.20,3,9414,49.25_49.30_49.35_49.40_49.45_,44_27_14_36_251_,49.20_49.15_49.10_49.05_49.00_,102_62_101_185_673_
12:14:35,49.20,1,9415,49.25_49.30_49.35_49.40_49.45_,43_27_14_36_251_,49.20_49.15_49.10_49.05_49.00_,103_62_101_185_677_
12:14:40,49.20,1,9416,49.25_49.30_49.35_49.40_49.45_,43_27_14_36_251_,49.20_49.15_49.10_49.05_49.00_,102_62_102_185_677_
12:14:45,49.20,2,9418,49.25_49.30_49.35_49.40_49.45_,43_27_14_36_251_,49.20_49.15_49.10_49.05_49.00_,100_71_102_185_677_
12:14:50,49.20,3,9421,49.25_49.30_49.35_49.40_49.45_,43_27_14_36_251_,49.20_49.15_49.10_49.05_49.00_,98_71_102_185_677_
12:14:55,49.20,3,9421,49.25_49.30_49.35_49.40_49.45_,43_30_14_36_251_,49.20_49.15_49.10_49.05_49.00_,98_71_102_185_678_
12:15:01,49.20,1,9422,49.25_49.30_49.35_49.40_49.45_,43_30_14_36_251_,49.20_49.15_49.10_49.05_49.00_,97_71_102_185_678_
12:15:06,49.20,2,9424,49.25_49.30_49.35_49.40_49.45_,44_30_14_36_251_,49.20_49.15_49.10_49.05_49.00_,73_71_102_185_678_
12:15:11,49.20,1,9425,49.25_49.30_49.35_49.40_49.45_,45_30_14_36_251_,49.20_49.15_49.10_49.05_49.00_,71_74_102_185_678_
12:15:16,49.20,1,9425,49.25_49.30_49.35_49.40_49.45_,45_30_14_36_251_,49.20_49.15_49.10_49.05_49.00_,73_74_102_185_678_
12:15:21,49.20,1,9425,49.25_49.30_49.35_49.40_49.45_,49_29_14_36_251_,49.20_49.15_49.10_49.05_49.00_,73_74_102_185_678_
12:15:26,49.20,5,9430,49.25_49.30_49.35_49.40_49.45_,47_29_14_36_251_,49.20_49.15_49.10_49.05_49.00_,68_74_102_185_678_
12:15:31,49.25,3,9433,49.25_49.30_49.35_49.40_49.45_,45_29_14_36_251_,49.20_49.15_49.10_49.05_49.00_,68_74_102_185_678_
12:15:37,49.20,1,9434,49.25_49.30_49.35_49.40_49.45_,44_29_14_36_251_,49.20_49.15_49.10_49.05_49.00_,67_74_102_185_678_
12:15:42,49.20,1,9434,49.25_49.30_49.35_49.40_49.45_,44_29_14_37_251_,49.20_49.15_49.10_49.05_49.00_,67_74_103_185_678_
12:15:47,49.20,1,9435,49.25_49.30_49.35_49.40_49.45_,44_29_14_37_251_,49.20_49.15_49.10_49.05_49.00_,67_74_103_185_678_
12:15:52,49.20,2,9437,49.25_49.30_49.35_49.40_49.45_,44_29_14_37_251_,49.20_49.15_49.10_49.05_49.00_,65_74_103_185_678_
12:15:57,49.20,7,9444,49.25_49.30_49.35_49.40_49.45_,44_26_14_37_251_,49.20_49.15_49.10_49.05_49.00_,58_74_103_185_678_
12:16:02,49.20,1,9445,49.25_49.30_49.35_49.40_49.45_,43_26_14_37_251_,49.20_49.15_49.10_49.05_49.00_,57_79_103_185_678_
12:16:07,49.20,1,9445,49.25_49.30_49.35_49.40_49.45_,46_26_14_37_251_,49.20_49.15_49.10_49.05_49.00_,57_79_103_185_678_
12:16:18,49.20,1,9450,49.25_49.30_49.35_49.40_49.45_,47_26_14_37_251_,49.20_49.15_49.10_49.05_49.00_,53_79_103_185_678_
12:16:23,49.20,1,9450,49.25_49.30_49.35_49.40_49.45_,47_35_14_37_242_,49.20_49.15_49.10_49.05_49.00_,53_79_103_185_678_
12:16:28,49.25,1,9451,49.25_49.30_49.35_49.40_49.45_,46_35_14_37_242_,49.20_49.15_49.10_49.05_49.00_,54_79_103_185_678_
12:16:33,49.20,4,9455,49.25_49.30_49.35_49.40_49.45_,52_35_14_37_242_,49.20_49.15_49.10_49.05_49.00_,50_79_103_185_678_
12:16:48,49.20,4,9455,49.25_49.30_49.35_49.40_49.45_,52_35_14_37_242_,49.20_49.15_49.10_49.05_49.00_,50_79_104_185_678_
12:16:53,49.20,4,9459,49.25_49.30_49.35_49.40_49.45_,50_35_14_37_242_,49.20_49.15_49.10_49.05_49.00_,46_79_104_185_678_
12:16:58,49.20,6,9465,49.25_49.30_49.35_49.40_49.45_,49_35_14_37_242_,49.20_49.15_49.10_49.05_49.00_,40_79_104_185_678_
12:17:04,49.20,3,9468,49.25_49.30_49.35_49.40_49.45_,53_32_14_37_242_,49.20_49.15_49.10_49.05_49.00_,37_79_109_185_665_
12:17:09,49.20,1,9469,49.25_49.30_49.35_49.40_49.45_,54_32_14_37_235_,49.20_49.15_49.10_49.05_49.00_,41_82_109_185_652_
12:17:14,49.20,5,9474,49.25_49.30_49.35_49.40_49.45_,56_32_13_37_235_,49.20_49.15_49.10_49.05_49.00_,36_83_109_185_652_
12:17:19,49.20,3,9477,49.25_49.30_49.35_49.40_49.45_,53_32_13_37_235_,49.20_49.15_49.10_49.05_49.00_,37_82_110_185_652_
12:17:24,49.20,1,9478,49.25_49.30_49.35_49.40_49.45_,53_32_13_37_235_,49.20_49.15_49.10_49.05_49.00_,36_82_110_185_652_
12:17:29,49.20,1,9479,49.25_49.30_49.35_49.40_49.45_,52_32_13_37_235_,49.20_49.15_49.10_49.05_49.00_,35_82_110_185_652_
12:17:34,49.20,1,9480,49.25_49.30_49.35_49.40_49.45_,52_32_13_37_235_,49.20_49.15_49.10_49.05_49.00_,34_82_110_185_652_
12:17:39,49.25,2,9482,49.25_49.30_49.35_49.40_49.45_,51_32_13_37_235_,49.20_49.15_49.10_49.05_49.00_,30_83_110_196_652_
12:17:45,49.20,2,9484,49.25_49.30_49.35_49.40_49.45_,51_32_13_37_235_,49.20_49.15_49.10_49.05_49.00_,28_90_111_196_652_
12:17:50,49.20,3,9487,49.25_49.30_49.35_49.40_49.45_,51_32_13_37_235_,49.20_49.15_49.10_49.05_49.00_,25_90_112_196_652_
12:17:55,49.20,4,9491,49.25_49.30_49.35_49.40_49.45_,51_32_13_37_235_,49.20_49.15_49.10_49.05_49.00_,23_90_112_196_652_
12:18:00,49.20,9,9500,49.25_49.30_49.35_49.40_49.45_,49_32_13_36_235_,49.20_49.15_49.10_49.05_49.00_,15_90_112_196_652_
12:18:05,49.20,1,9501,49.25_49.30_49.35_49.40_49.45_,49_32_13_36_235_,49.20_49.15_49.10_49.05_49.00_,15_90_112_196_652_
12:18:10,49.20,1,9502,49.25_49.30_49.35_49.40_49.45_,51_32_13_36_235_,49.20_49.15_49.10_49.05_49.00_,15_90_112_196_652_
12:18:15,49.20,3,9505,49.25_49.30_49.35_49.40_49.45_,52_34_13_36_235_,49.20_49.15_49.10_49.05_49.00_,13_90_133_196_652_
12:18:20,49.20,3,9505,49.25_49.30_49.35_49.40_49.45_,53_34_13_36_235_,49.20_49.15_49.10_49.05_49.00_,13_90_135_195_652_
12:18:26,49.20,3,9505,49.25_49.30_49.35_49.40_49.45_,53_34_13_36_235_,49.20_49.15_49.10_49.05_49.00_,13_112_135_195_652_
12:18:31,49.20,1,9506,49.25_49.30_49.35_49.40_49.45_,53_34_13_36_235_,49.20_49.15_49.10_49.05_49.00_,12_113_135_196_652_
12:18:36,49.20,2,9508,49.25_49.30_49.35_49.40_49.45_,53_34_13_36_235_,49.20_49.15_49.10_49.05_49.00_,10_113_135_196_652_
12:18:41,49.20,10,9518,49.25_49.30_49.35_49.40_49.45_,53_34_13_36_235_,49.15_49.10_49.05_49.00_48.95_,113_135_196_652_75_
12:18:46,49.15,1,9519,49.20_49.25_49.30_49.35_49.40_,13_52_34_13_86_,49.15_49.10_49.05_49.00_48.95_,129_141_159_653_126_
12:18:51,49.15,1,9519,49.20_49.25_49.30_49.35_49.40_,39_35_34_10_219_,49.15_49.10_49.05_49.00_48.95_,135_132_155_653_135_
12:18:56,49.15,3,9522,49.20_49.25_49.30_49.35_49.40_,45_28_32_10_219_,49.15_49.10_49.05_49.00_48.95_,132_132_155_655_135_
12:19:01,49.15,1,9523,49.20_49.25_49.30_49.35_49.40_,51_22_32_11_219_,49.15_49.10_49.05_49.00_48.95_,131_132_155_583_135_
12:19:07,49.15,4,9527,49.20_49.25_49.30_49.35_49.40_,51_22_32_11_219_,49.15_49.10_49.05_49.00_48.95_,127_133_156_583_135_
12:19:17,49.15,3,9530,49.20_49.25_49.30_49.35_49.40_,54_18_32_11_219_,49.15_49.10_49.05_49.00_48.95_,124_133_156_583_135_
12:19:22,49.15,2,9532,49.20_49.25_49.30_49.35_49.40_,54_18_32_11_219_,49.15_49.10_49.05_49.00_48.95_,122_133_156_583_135_
12:19:27,49.15,3,9535,49.20_49.25_49.30_49.35_49.40_,53_16_32_11_219_,49.15_49.10_49.05_49.00_48.95_,119_133_157_583_135_
12:19:32,49.15,3,9538,49.20_49.25_49.30_49.35_49.40_,53_16_32_11_219_,49.15_49.10_49.05_49.00_48.95_,118_131_157_583_135_
12:19:37,49.15,1,9539,49.20_49.25_49.30_49.35_49.40_,53_16_32_11_219_,49.15_49.10_49.05_49.00_48.95_,117_131_157_583_135_
12:19:42,49.20,3,9542,49.20_49.25_49.30_49.35_49.40_,51_19_32_11_219_,49.15_49.10_49.05_49.00_48.95_,118_131_157_583_135_
12:19:48,49.15,1,9543,49.20_49.25_49.30_49.35_49.40_,56_14_32_11_219_,49.15_49.10_49.05_49.00_48.95_,118_131_157_604_135_
12:19:53,49.15,1,9544,49.20_49.25_49.30_49.35_49.40_,55_14_32_11_219_,49.15_49.10_49.05_49.00_48.95_,116_131_157_604_135_
12:19:58,49.15,1,9544,49.20_49.25_49.30_49.35_49.40_,58_11_32_11_219_,49.15_49.10_49.05_49.00_48.95_,116_132_157_604_135_
12:20:03,49.15,4,9548,49.20_49.25_49.30_49.35_49.40_,57_11_32_11_219_,49.15_49.10_49.05_49.00_48.95_,112_132_157_604_135_
12:20:08,49.15,5,9553,49.20_49.25_49.30_49.35_49.40_,57_11_32_11_219_,49.15_49.10_49.05_49.00_48.95_,107_132_157_604_135_
12:20:13,49.15,1,9554,49.20_49.25_49.30_49.35_49.40_,57_11_32_11_219_,49.15_49.10_49.05_49.00_48.95_,107_132_157_604_135_
12:20:18,49.15,1,9555,49.20_49.25_49.30_49.35_49.40_,61_11_32_11_219_,49.15_49.10_49.05_49.00_48.95_,106_132_157_604_135_
12:20:23,49.15,4,9559,49.20_49.25_49.30_49.35_49.40_,61_11_31_11_225_,49.15_49.10_49.05_49.00_48.95_,102_132_157_604_149_
12:20:29,49.15,4,9559,49.20_49.25_49.30_49.35_49.40_,61_13_31_11_225_,49.15_49.10_49.05_49.00_48.95_,102_132_157_605_149_
12:20:39,49.15,4,9559,49.20_49.25_49.30_49.35_49.40_,62_13_31_11_225_,49.15_49.10_49.05_49.00_48.95_,102_132_157_605_149_
12:20:44,49.15,3,9562,49.20_49.25_49.30_49.35_49.40_,62_13_31_11_225_,49.15_49.10_49.05_49.00_48.95_,104_132_179_605_149_
12:20:49,49.15,2,9564,49.20_49.25_49.30_49.35_49.40_,61_13_31_11_225_,49.15_49.10_49.05_49.00_48.95_,102_132_181_605_149_
12:20:54,49.15,3,9567,49.20_49.25_49.30_49.35_49.40_,62_11_31_13_225_,49.15_49.10_49.05_49.00_48.95_,99_132_191_605_149_
12:20:59,49.15,3,9567,49.20_49.25_49.30_49.35_49.40_,62_11_31_13_225_,49.15_49.10_49.05_49.00_48.95_,99_132_192_605_149_
12:21:04,49.15,3,9567,49.20_49.25_49.30_49.35_49.40_,62_11_31_13_225_,49.15_49.10_49.05_49.00_48.95_,99_133_192_605_149_
12:21:10,49.15,4,9571,49.20_49.25_49.30_49.35_49.40_,62_11_31_13_225_,49.15_49.10_49.05_49.00_48.95_,96_133_192_605_149_
12:21:15,49.15,4,9575,49.20_49.25_49.30_49.35_49.40_,62_11_29_13_225_,49.15_49.10_49.05_49.00_48.95_,94_131_192_604_149_
12:21:20,49.15,1,9576,49.20_49.25_49.30_49.35_49.40_,63_11_29_13_225_,49.15_49.10_49.05_49.00_48.95_,100_131_192_606_149_
12:21:25,49.15,2,9578,49.20_49.25_49.30_49.35_49.40_,63_11_29_13_225_,49.15_49.10_49.05_49.00_48.95_,100_130_192_606_149_
12:21:40,49.15,3,9581,49.20_49.25_49.30_49.35_49.40_,61_11_29_13_225_,49.15_49.10_49.05_49.00_48.95_,99_130_192_602_149_
12:21:46,49.15,3,9581,49.20_49.25_49.30_49.35_49.40_,61_11_29_13_225_,49.15_49.10_49.05_49.00_48.95_,99_132_192_602_149_
12:21:51,49.15,2,9583,49.20_49.25_49.30_49.35_49.40_,60_11_29_13_225_,49.15_49.10_49.05_49.00_48.95_,98_132_192_602_149_
12:21:56,49.15,2,9583,49.20_49.25_49.30_49.35_49.40_,60_11_29_13_225_,49.15_49.10_49.05_49.00_48.95_,101_129_194_602_149_
12:22:01,49.20,2,9585,49.20_49.25_49.30_49.35_49.40_,59_11_29_13_225_,49.15_49.10_49.05_49.00_48.95_,101_129_194_602_149_
12:22:06,49.15,2,9587,49.20_49.25_49.30_49.35_49.40_,79_11_29_13_225_,49.15_49.10_49.05_49.00_48.95_,99_130_194_602_149_
12:22:11,49.15,7,9594,49.20_49.25_49.30_49.35_49.40_,79_11_29_13_225_,49.15_49.10_49.05_49.00_48.95_,94_130_194_602_149_
12:22:16,49.15,7,9594,49.20_49.25_49.30_49.35_49.40_,91_11_29_13_225_,49.15_49.10_49.05_49.00_48.95_,96_131_194_602_149_
12:22:21,49.15,7,9594,49.20_49.25_49.30_49.35_49.40_,91_11_29_13_225_,49.15_49.10_49.05_49.00_48.95_,103_132_192_602_149_
12:22:27,49.15,1,9595,49.20_49.25_49.30_49.35_49.40_,91_11_29_13_225_,49.15_49.10_49.05_49.00_48.95_,102_132_192_602_149_
12:22:32,49.20,5,9600,49.20_49.25_49.30_49.35_49.40_,87_11_29_13_225_,49.15_49.10_49.05_49.00_48.95_,102_132_192_602_149_
12:22:37,49.15,1,9601,49.20_49.25_49.30_49.35_49.40_,87_14_29_13_225_,49.15_49.10_49.05_49.00_48.95_,101_132_192_602_149_
12:22:42,49.15,1,9601,49.20_49.25_49.30_49.35_49.40_,90_14_29_13_225_,49.15_49.10_49.05_49.00_48.95_,101_132_192_602_149_
12:22:47,49.15,1,9602,49.20_49.25_49.30_49.35_49.40_,89_14_29_13_225_,49.15_49.10_49.05_49.00_48.95_,100_132_192_602_149_
12:22:52,49.15,2,9604,49.20_49.25_49.30_49.35_49.40_,89_14_29_13_225_,49.15_49.10_49.05_49.00_48.95_,100_132_195_602_149_
12:22:57,49.15,1,9605,49.20_49.25_49.30_49.35_49.40_,90_14_29_13_225_,49.15_49.10_49.05_49.00_48.95_,101_132_195_605_149_
12:23:08,49.15,2,9607,49.20_49.25_49.30_49.35_49.40_,90_14_29_13_225_,49.15_49.10_49.05_49.00_48.95_,99_132_195_605_149_
12:23:13,49.15,2,9607,49.20_49.25_49.30_49.35_49.40_,90_14_29_13_225_,49.15_49.10_49.05_49.00_48.95_,99_133_195_605_149_
12:23:18,49.15,4,9611,49.20_49.25_49.30_49.35_49.40_,91_14_29_13_225_,49.15_49.10_49.05_49.00_48.95_,95_134_195_605_149_
12:23:28,49.15,1,9612,49.20_49.25_49.30_49.35_49.40_,91_14_29_13_225_,49.15_49.10_49.05_49.00_48.95_,94_134_195_605_149_
12:23:33,49.15,2,9614,49.20_49.25_49.30_49.35_49.40_,91_14_29_13_225_,49.15_49.10_49.05_49.00_48.95_,92_134_195_606_149_
12:23:38,49.20,30,9644,49.20_49.25_49.30_49.35_49.40_,61_14_29_13_225_,49.15_49.10_49.05_49.00_48.95_,92_134_195_606_149_
12:23:43,49.20,5,9649,49.20_49.25_49.30_49.35_49.40_,59_14_29_13_225_,49.15_49.10_49.05_49.00_48.95_,95_134_194_606_149_
12:23:49,49.20,5,9649,49.20_49.25_49.30_49.35_49.40_,59_14_29_13_225_,49.15_49.10_49.05_49.00_48.95_,99_134_194_606_149_
12:23:54,49.20,3,9652,49.20_49.25_49.30_49.35_49.40_,58_14_29_13_225_,49.15_49.10_49.05_49.00_48.95_,99_134_194_606_149_
12:24:04,49.15,4,9656,49.20_49.25_49.30_49.35_49.40_,58_11_29_13_225_,49.15_49.10_49.05_49.00_48.95_,100_134_194_606_149_
12:24:09,49.15,4,9656,49.20_49.25_49.30_49.35_49.40_,58_11_29_13_225_,49.15_49.10_49.05_49.00_48.95_,100_135_194_606_149_
12:24:14,49.15,2,9658,49.20_49.25_49.30_49.35_49.40_,60_11_29_13_225_,49.15_49.10_49.05_49.00_48.95_,98_136_194_608_149_
12:24:19,49.15,11,9669,49.20_49.25_49.30_49.35_49.40_,60_11_29_13_225_,49.15_49.10_49.05_49.00_48.95_,90_136_194_608_149_
12:24:25,49.20,4,9673,49.20_49.25_49.30_49.35_49.40_,58_11_29_13_225_,49.15_49.10_49.05_49.00_48.95_,90_136_194_608_149_
12:24:30,49.20,1,9674,49.20_49.25_49.30_49.35_49.40_,58_11_29_13_225_,49.15_49.10_49.05_49.00_48.95_,91_135_194_608_149_
12:24:35,49.15,1,9675,49.20_49.25_49.30_49.35_49.40_,55_14_29_13_225_,49.15_49.10_49.05_49.00_48.95_,90_135_194_608_149_
12:24:40,49.15,1,9675,49.20_49.25_49.30_49.35_49.40_,56_14_29_13_225_,49.15_49.10_49.05_49.00_48.95_,90_135_194_608_149_
12:24:45,49.15,1,9675,49.20_49.25_49.30_49.35_49.40_,58_14_29_13_225_,49.15_49.10_49.05_49.00_48.95_,89_135_194_608_149_
12:24:50,49.15,1,9675,49.20_49.25_49.30_49.35_49.40_,58_14_29_13_225_,49.15_49.10_49.05_49.00_48.95_,90_135_194_613_149_
12:24:55,49.20,5,9680,49.20_49.25_49.30_49.35_49.40_,58_11_29_13_225_,49.15_49.10_49.05_49.00_48.95_,90_135_194_613_149_
12:25:00,49.20,5,9680,49.20_49.25_49.30_49.35_49.40_,58_11_29_13_225_,49.15_49.10_49.05_49.00_48.95_,91_135_194_613_149_
12:25:06,49.20,1,9681,49.20_49.25_49.30_49.35_49.40_,57_11_29_13_225_,49.15_49.10_49.05_49.00_48.95_,93_135_194_613_149_
12:25:11,49.15,1,9682,49.20_49.25_49.30_49.35_49.40_,57_11_29_13_225_,49.15_49.10_49.05_49.00_48.95_,93_138_194_613_149_
12:25:16,49.15,3,9685,49.20_49.25_49.30_49.35_49.40_,59_11_29_13_225_,49.15_49.10_49.05_49.00_48.95_,94_138_194_613_149_
12:25:21,49.15,3,9688,49.20_49.25_49.30_49.35_49.40_,61_11_29_13_225_,49.15_49.10_49.05_49.00_48.95_,91_139_194_613_149_
12:25:26,49.15,3,9688,49.20_49.25_49.30_49.35_49.40_,63_11_29_13_225_,49.15_49.10_49.05_49.00_48.95_,91_139_194_613_149_
12:25:31,49.15,1,9689,49.20_49.25_49.30_49.35_49.40_,63_11_29_13_225_,49.15_49.10_49.05_49.00_48.95_,91_139_194_613_149_
12:25:36,49.15,2,9691,49.20_49.25_49.30_49.35_49.40_,63_11_29_13_225_,49.15_49.10_49.05_49.00_48.95_,90_139_194_613_149_
12:25:41,49.15,2,9693,49.20_49.25_49.30_49.35_49.40_,71_11_29_13_225_,49.15_49.10_49.05_49.00_48.95_,88_139_194_613_149_
12:25:47,49.20,2,9695,49.20_49.25_49.30_49.35_49.40_,69_11_29_13_225_,49.15_49.10_49.05_49.00_48.95_,86_140_194_613_149_
12:25:52,49.20,8,9703,49.20_49.25_49.30_49.35_49.40_,61_11_29_13_225_,49.15_49.10_49.05_49.00_48.95_,206_140_194_623_149_
12:25:57,49.20,16,9719,49.20_49.25_49.30_49.35_49.40_,45_13_29_13_225_,49.15_49.10_49.05_49.00_48.95_,200_137_194_611_149_
12:26:02,49.20,5,9724,49.20_49.25_49.30_49.35_49.40_,38_13_29_13_225_,49.15_49.10_49.05_49.00_48.95_,206_138_194_611_149_
12:26:07,49.20,3,9727,49.20_49.25_49.30_49.35_49.40_,55_13_29_13_225_,49.15_49.10_49.05_49.00_48.95_,206_138_194_611_149_
12:26:12,49.20,1,9728,49.20_49.25_49.30_49.35_49.40_,55_13_29_13_225_,49.15_49.10_49.05_49.00_48.95_,209_138_194_612_149_
12:26:17,49.15,3,9731,49.20_49.25_49.30_49.35_49.40_,55_13_29_13_225_,49.15_49.10_49.05_49.00_48.95_,209_138_194_612_149_
12:26:22,49.15,5,9736,49.20_49.25_49.30_49.35_49.40_,54_13_29_13_225_,49.15_49.10_49.05_49.00_48.95_,204_139_194_612_149_
12:26:28,49.15,4,9740,49.20_49.25_49.30_49.35_49.40_,54_13_29_13_225_,49.15_49.10_49.05_49.00_48.95_,203_139_194_612_149_
12:26:33,49.15,4,9740,49.20_49.25_49.30_49.35_49.40_,57_13_29_13_225_,49.15_49.10_49.05_49.00_48.95_,203_139_194_614_149_
12:26:38,49.15,4,9740,49.20_49.25_49.30_49.35_49.40_,60_13_29_13_225_,49.15_49.10_49.05_49.00_48.95_,203_139_191_614_149_
12:26:48,49.15,2,9742,49.20_49.25_49.30_49.35_49.40_,60_13_29_13_225_,49.15_49.10_49.05_49.00_48.95_,201_139_191_614_149_
12:26:53,49.15,1,9743,49.20_49.25_49.30_49.35_49.40_,60_13_29_13_225_,49.15_49.10_49.05_49.00_48.95_,203_139_191_614_149_
12:26:58,49.20,3,9746,49.20_49.25_49.30_49.35_49.40_,57_13_29_13_225_,49.15_49.10_49.05_49.00_48.95_,203_139_191_614_149_
12:27:03,49.15,2,9748,49.20_49.25_49.30_49.35_49.40_,60_10_29_14_225_,49.15_49.10_49.05_49.00_48.95_,201_139_191_614_149_
12:27:08,49.15,2,9748,49.20_49.25_49.30_49.35_49.40_,60_10_29_14_225_,49.15_49.10_49.05_49.00_48.95_,201_139_191_614_150_
12:27:14,49.20,4,9752,49.20_49.25_49.30_49.35_49.40_,60_10_29_14_225_,49.15_49.10_49.05_49.00_48.95_,200_139_191_614_150_
12:27:19,49.20,4,9752,49.20_49.25_49.30_49.35_49.40_,62_10_29_14_225_,49.15_49.10_49.05_49.00_48.95_,200_139_191_614_150_
12:27:24,49.15,1,9753,49.20_49.25_49.30_49.35_49.40_,62_10_29_14_225_,49.15_49.10_49.05_49.00_48.95_,200_139_191_614_150_
12:27:29,49.15,4,9757,49.20_49.25_49.30_49.35_49.40_,62_10_29_14_225_,49.15_49.10_49.05_49.00_48.95_,196_140_191_614_150_
12:27:34,49.20,1,9758,49.20_49.25_49.30_49.35_49.40_,61_10_29_14_225_,49.15_49.10_49.05_49.00_48.95_,201_140_191_614_150_
12:27:44,49.20,2,9760,49.20_49.25_49.30_49.35_49.40_,62_10_29_14_225_,49.15_49.10_49.05_49.00_48.95_,201_141_186_614_150_
12:27:49,49.20,1,9761,49.20_49.25_49.30_49.35_49.40_,62_10_29_14_225_,49.15_49.10_49.05_49.00_48.95_,201_141_186_614_150_
12:27:55,49.15,1,9762,49.20_49.25_49.30_49.35_49.40_,65_8_29_14_225_,49.15_49.10_49.05_49.00_48.95_,201_141_186_614_150_
12:28:00,49.20,6,9768,49.20_49.25_49.30_49.35_49.40_,60_8_29_14_225_,49.15_49.10_49.05_49.00_48.95_,201_141_186_614_150_
12:28:05,49.20,3,9771,49.20_49.25_49.30_49.35_49.40_,57_8_29_14_225_,49.15_49.10_49.05_49.00_48.95_,201_141_186_614_150_
12:28:10,49.20,3,9771,49.20_49.25_49.30_49.35_49.40_,57_10_29_14_225_,49.15_49.10_49.05_49.00_48.95_,201_141_186_614_150_
12:28:15,49.15,2,9773,49.20_49.25_49.30_49.35_49.40_,62_10_29_14_225_,49.15_49.10_49.05_49.00_48.95_,204_138_186_614_150_
12:28:20,49.15,2,9773,49.20_49.25_49.30_49.35_49.40_,64_10_29_14_225_,49.15_49.10_49.05_49.00_48.95_,204_138_186_614_150_
12:28:25,49.15,12,9785,49.20_49.25_49.30_49.35_49.40_,64_10_29_14_225_,49.15_49.10_49.05_49.00_48.95_,197_138_186_614_150_
12:28:30,49.15,4,9789,49.20_49.25_49.30_49.35_49.40_,71_10_29_14_225_,49.15_49.10_49.05_49.00_48.95_,206_139_186_614_150_
12:28:35,49.15,4,9789,49.20_49.25_49.30_49.35_49.40_,71_10_29_14_225_,49.15_49.10_49.05_49.00_48.95_,206_139_186_604_150_
12:28:41,49.15,1,9790,49.20_49.25_49.30_49.35_49.40_,91_10_29_14_225_,49.15_49.10_49.05_49.00_48.95_,206_139_186_604_150_
12:28:46,49.15,1,9790,49.20_49.25_49.30_49.35_49.40_,91_10_29_14_225_,49.15_49.10_49.05_49.00_48.95_,206_139_186_599_150_
12:28:51,49.15,1,9790,49.20_49.25_49.30_49.35_49.40_,91_10_29_14_225_,49.15_49.10_49.05_49.00_48.95_,205_139_186_599_150_
12:29:01,49.15,2,9792,49.20_49.25_49.30_49.35_49.40_,91_10_29_13_225_,49.15_49.10_49.05_49.00_48.95_,203_139_196_599_150_
12:29:06,49.15,2,9794,49.20_49.25_49.30_49.35_49.40_,91_10_29_13_225_,49.15_49.10_49.05_49.00_48.95_,202_139_196_599_150_
12:29:11,49.20,10,9804,49.20_49.25_49.30_49.35_49.40_,84_10_29_13_225_,49.15_49.10_49.05_49.00_48.95_,202_139_196_599_150_
12:29:16,49.20,10,9804,49.20_49.25_49.30_49.35_49.40_,85_10_29_13_225_,49.15_49.10_49.05_49.00_48.95_,202_139_196_599_150_
12:29:22,49.20,10,9804,49.20_49.25_49.30_49.35_49.40_,85_10_29_13_225_,49.15_49.10_49.05_49.00_48.95_,226_142_196_599_150_
12:29:27,49.20,10,9804,49.20_49.25_49.30_49.35_49.40_,85_10_29_13_225_,49.15_49.10_49.05_49.00_48.95_,231_140_196_599_150_
12:29:32,49.15,4,9808,49.20_49.25_49.30_49.35_49.40_,85_10_29_13_225_,49.15_49.10_49.05_49.00_48.95_,228_140_196_599_150_
12:29:37,49.20,3,9811,49.20_49.25_49.30_49.35_49.40_,83_10_29_13_225_,49.15_49.10_49.05_49.00_48.95_,231_140_196_599_150_
12:29:42,49.20,3,9811,49.20_49.25_49.30_49.35_49.40_,83_13_29_13_225_,49.15_49.10_49.05_49.00_48.95_,231_140_196_602_150_
12:29:47,49.20,2,9813,49.20_49.25_49.30_49.35_49.40_,82_13_29_13_225_,49.15_49.10_49.05_49.00_48.95_,231_140_196_603_150_
12:29:52,49.15,2,9815,49.20_49.25_49.30_49.35_49.40_,83_13_29_13_225_,49.15_49.10_49.05_49.00_48.95_,229_140_196_603_150_
12:29:57,49.15,1,9816,49.20_49.25_49.30_49.35_49.40_,83_13_29_13_225_,49.15_49.10_49.05_49.00_48.95_,228_140_196_603_150_
12:30:02,49.15,1,9816,49.20_49.25_49.30_49.35_49.40_,83_13_29_13_225_,49.15_49.10_49.05_49.00_48.95_,228_141_196_603_150_
12:30:08,49.15,4,9820,49.20_49.25_49.30_49.35_49.40_,83_13_29_13_225_,49.15_49.10_49.05_49.00_48.95_,224_141_196_603_150_
12:30:13,49.15,4,9820,49.20_49.25_49.30_49.35_49.40_,87_13_29_13_225_,49.15_49.10_49.05_49.00_48.95_,225_141_196_604_150_
12:30:18,49.15,4,9820,49.20_49.25_49.30_49.35_49.40_,88_13_29_13_225_,49.15_49.10_49.05_49.00_48.95_,225_141_196_604_150_
12:30:23,49.15,4,9820,49.20_49.25_49.30_49.35_49.40_,89_13_29_13_225_,49.15_49.10_49.05_49.00_48.95_,225_141_196_604_150_
12:30:28,49.20,1,9821,49.20_49.25_49.30_49.35_49.40_,89_13_29_13_225_,49.15_49.10_49.05_49.00_48.95_,227_141_196_604_150_
12:30:33,49.20,17,9838,49.20_49.25_49.30_49.35_49.40_,76_13_29_13_225_,49.15_49.10_49.05_49.00_48.95_,226_141_196_604_150_
12:30:38,49.20,4,9842,49.20_49.25_49.30_49.35_49.40_,76_13_29_13_225_,49.15_49.10_49.05_49.00_48.95_,225_142_196_604_150_
12:30:43,49.15,1,9843,49.20_49.25_49.30_49.35_49.40_,76_13_29_13_225_,49.15_49.10_49.05_49.00_48.95_,230_147_196_604_150_
12:30:49,49.15,1,9843,49.20_49.25_49.30_49.35_49.40_,76_13_29_13_225_,49.15_49.10_49.05_49.00_48.95_,232_145_196_604_150_
12:30:54,49.20,2,9845,49.20_49.25_49.30_49.35_49.40_,74_13_29_13_225_,49.15_49.10_49.05_49.00_48.95_,232_145_196_609_150_
12:30:59,49.15,2,9847,49.20_49.25_49.30_49.35_49.40_,73_13_29_13_225_,49.15_49.10_49.05_49.00_48.95_,230_145_196_609_150_
12:31:04,49.15,2,9849,49.20_49.25_49.30_49.35_49.40_,72_13_29_13_225_,49.15_49.10_49.05_49.00_48.95_,229_141_196_609_150_
12:31:09,49.20,5,9854,49.20_49.25_49.30_49.35_49.40_,67_13_29_13_225_,49.15_49.10_49.05_49.00_48.95_,230_141_196_609_150_
12:31:14,49.15,5,9859,49.20_49.25_49.30_49.35_49.40_,67_13_29_13_225_,49.15_49.10_49.05_49.00_48.95_,214_129_190_609_150_
12:31:19,49.20,24,9883,49.20_49.25_49.30_49.35_49.40_,46_13_29_13_225_,49.15_49.10_49.05_49.00_48.95_,225_133_190_609_150_
12:31:25,49.20,7,9890,49.20_49.25_49.30_49.35_49.40_,39_13_29_13_225_,49.15_49.10_49.05_49.00_48.95_,222_134_190_609_150_
12:31:30,49.20,1,9891,49.20_49.25_49.30_49.35_49.40_,40_13_29_13_225_,49.15_49.10_49.05_49.00_48.95_,221_134_190_609_150_
12:31:35,49.20,5,9896,49.20_49.25_49.30_49.35_49.40_,35_13_29_13_225_,49.15_49.10_49.05_49.00_48.95_,221_134_190_609_150_
12:31:40,49.15,3,9899,49.20_49.25_49.30_49.35_49.40_,35_13_29_13_225_,49.15_49.10_49.05_49.00_48.95_,220_134_190_608_150_
12:31:45,49.15,3,9899,49.20_49.25_49.30_49.35_49.40_,35_13_29_13_225_,49.15_49.10_49.05_49.00_48.95_,219_135_190_608_150_
12:31:50,49.15,1,9900,49.20_49.25_49.30_49.35_49.40_,35_13_29_13_225_,49.15_49.10_49.05_49.00_48.95_,219_135_190_608_150_
12:31:55,49.15,3,9903,49.20_49.25_49.30_49.35_49.40_,40_13_29_13_225_,49.15_49.10_49.05_49.00_48.95_,219_135_190_604_150_
12:32:06,49.15,3,9903,49.20_49.25_49.30_49.35_49.40_,40_13_29_13_225_,49.15_49.10_49.05_49.00_48.95_,224_135_190_604_150_
12:32:11,49.20,5,9908,49.20_49.25_49.30_49.35_49.40_,36_13_29_13_225_,49.15_49.10_49.05_49.00_48.95_,223_135_190_612_150_
12:32:16,49.20,5,9908,49.20_49.25_49.30_49.35_49.40_,37_13_29_13_225_,49.15_49.10_49.05_49.00_48.95_,225_135_190_612_150_
12:32:21,49.15,2,9910,49.20_49.25_49.30_49.35_49.40_,38_13_29_13_225_,49.15_49.10_49.05_49.00_48.95_,223_135_190_612_151_
12:32:26,49.20,4,9914,49.20_49.25_49.30_49.35_49.40_,34_13_29_13_225_,49.15_49.10_49.05_49.00_48.95_,224_135_190_612_151_
12:32:31,49.20,7,9921,49.20_49.25_49.30_49.35_49.40_,27_13_29_13_225_,49.15_49.10_49.05_49.00_48.95_,224_135_190_612_151_
12:32:36,49.15,2,9923,49.20_49.25_49.30_49.35_49.40_,30_13_29_13_225_,49.15_49.10_49.05_49.00_48.95_,222_135_190_612_151_
12:32:42,49.15,1,9924,49.20_49.25_49.30_49.35_49.40_,30_13_29_13_225_,49.15_49.10_49.05_49.00_48.95_,221_135_190_612_151_
12:32:47,49.15,4,9928,49.20_49.25_49.30_49.35_49.40_,30_13_29_13_225_,49.15_49.10_49.05_49.00_48.95_,220_136_190_612_151_
12:32:52,49.15,1,9929,49.20_49.25_49.30_49.35_49.40_,30_13_29_13_225_,49.15_49.10_49.05_49.00_48.95_,220_137_190_612_151_
12:32:57,49.20,30,9959,49.20_49.25_49.30_49.35_49.40_,3_13_29_13_225_,49.15_49.10_49.05_49.00_48.95_,219_137_191_612_151_
12:33:02,49.20,5,9964,49.25_49.30_49.35_49.40_49.45_,13_27_13_225_57_,49.20_49.15_49.10_49.05_49.00_,5_218_137_191_612_
12:33:07,49.20,3,9967,49.25_49.30_49.35_49.40_49.45_,13_18_13_35_250_,49.20_49.15_49.10_49.05_49.00_,14_212_155_228_640_
12:33:12,49.25,1,9968,49.25_49.30_49.35_49.40_49.45_,13_18_13_35_250_,49.20_49.15_49.10_49.05_49.00_,48_215_152_228_621_
12:33:17,49.25,3,9971,49.25_49.30_49.35_49.40_49.45_,11_18_13_35_250_,49.20_49.15_49.10_49.05_49.00_,61_217_151_227_622_
12:33:23,49.15,102,10073,49.25_49.30_49.35_49.40_49.45_,11_18_13_35_250_,49.15_49.10_49.05_49.00_48.95_,179_151_227_622_77_
12:33:28,49.25,4,10077,49.25_49.30_49.35_49.40_49.45_,8_18_13_85_200_,49.20_49.15_49.10_49.05_49.00_,3_172_156_308_557_
12:33:33,49.20,2,10079,49.25_49.30_49.35_49.40_49.45_,8_18_13_35_250_,49.20_49.15_49.10_49.05_49.00_,6_166_157_307_627_
12:33:38,49.20,2,10079,49.25_49.30_49.35_49.40_49.45_,12_20_13_35_250_,49.20_49.15_49.10_49.05_49.00_,11_166_162_307_627_
12:33:43,49.25,12,10091,49.30_49.35_49.40_49.45_49.50_,20_13_35_250_9_,49.20_49.15_49.10_49.05_49.00_,14_166_162_307_626_
12:33:48,49.20,5,10096,49.30_49.35_49.40_49.45_49.50_,24_4_35_110_158_,49.20_49.15_49.10_49.05_49.00_,12_168_199_270_626_
12:33:53,49.20,5,10096,49.30_49.35_49.40_49.45_49.50_,24_4_35_110_158_,49.20_49.15_49.10_49.05_49.00_,33_168_201_271_626_
12:33:58,49.20,5,10096,49.30_49.35_49.40_49.45_49.50_,24_4_35_110_158_,49.25_49.20_49.15_49.10_49.05_,4_34_164_201_271_
12:34:04,49.25,3,10099,49.30_49.35_49.40_49.45_49.50_,24_4_35_60_202_,49.25_49.20_49.15_49.10_49.05_,6_30_164_201_336_
12:34:09,49.25,3,10099,49.30_49.35_49.40_49.45_49.50_,26_4_35_60_202_,49.25_49.20_49.15_49.10_49.05_,3_30_174_201_328_
12:34:14,49.25,3,10099,49.30_49.35_49.40_49.45_49.50_,26_4_35_60_202_,49.25_49.20_49.15_49.10_49.05_,3_50_173_195_328_
12:34:19,49.25,3,10099,49.30_49.35_49.40_49.45_49.50_,26_4_35_60_202_,49.25_49.20_49.15_49.10_49.05_,11_57_169_193_328_
12:34:24,49.25,3,10099,49.30_49.35_49.40_49.45_49.50_,27_4_35_60_202_,49.25_49.20_49.15_49.10_49.05_,12_57_169_193_328_
12:34:29,49.25,3,10099,49.30_49.35_49.40_49.45_49.50_,27_4_35_60_202_,49.25_49.20_49.15_49.10_49.05_,14_57_169_193_328_
12:34:34,49.25,3,10102,49.30_49.35_49.40_49.45_49.50_,27_4_35_60_202_,49.25_49.20_49.15_49.10_49.05_,12_57_169_193_328_
12:34:39,49.25,3,10102,49.30_49.35_49.40_49.45_49.50_,27_2_35_60_202_,49.25_49.20_49.15_49.10_49.05_,13_79_169_193_328_
12:34:45,49.25,14,10116,49.25_49.30_49.35_49.40_49.45_,8_28_3_35_60_,49.20_49.15_49.10_49.05_49.00_,79_170_193_328_555_
12:34:50,49.25,5,10121,49.25_49.30_49.35_49.40_49.45_,10_25_12_35_250_,49.20_49.15_49.10_49.05_49.00_,81_170_158_300_620_
12:34:55,49.25,2,10123,49.25_49.30_49.35_49.40_49.45_,12_21_12_35_250_,49.20_49.15_49.10_49.05_49.00_,82_170_159_300_619_
12:35:00,49.25,2,10125,49.25_49.30_49.35_49.40_49.45_,22_21_12_35_250_,49.20_49.15_49.10_49.05_49.00_,85_170_159_304_619_
12:35:05,49.25,1,10126,49.25_49.30_49.35_49.40_49.45_,22_21_12_35_250_,49.20_49.15_49.10_49.05_49.00_,85_170_159_305_619_
12:35:15,49.25,2,10128,49.25_49.30_49.35_49.40_49.45_,22_20_12_35_250_,49.20_49.15_49.10_49.05_49.00_,87_169_156_305_619_
12:35:21,49.25,2,10128,49.25_49.30_49.35_49.40_49.45_,28_20_12_35_250_,49.20_49.15_49.10_49.05_49.00_,90_169_156_305_619_
12:35:26,49.20,2,10130,49.25_49.30_49.35_49.40_49.45_,29_20_12_35_250_,49.20_49.15_49.10_49.05_49.00_,88_169_156_305_619_
12:35:31,49.25,3,10133,49.25_49.30_49.35_49.40_49.45_,26_20_12_35_250_,49.20_49.15_49.10_49.05_49.00_,93_170_156_305_619_
12:35:36,49.25,3,10133,49.25_49.30_49.35_49.40_49.45_,26_20_12_35_250_,49.20_49.15_49.10_49.05_49.00_,93_170_157_305_619_
12:35:41,49.20,1,10134,49.25_49.30_49.35_49.40_49.45_,26_20_12_35_250_,49.20_49.15_49.10_49.05_49.00_,92_170_157_305_619_
12:35:46,49.25,10,10144,49.25_49.30_49.35_49.40_49.45_,18_20_12_35_250_,49.20_49.15_49.10_49.05_49.00_,92_170_157_305_619_
12:35:51,49.20,3,10147,49.25_49.30_49.35_49.40_49.45_,19_20_12_35_250_,49.20_49.15_49.10_49.05_49.00_,90_170_157_305_619_
12:35:56,49.20,3,10147,49.25_49.30_49.35_49.40_49.45_,19_20_12_35_250_,49.20_49.15_49.10_49.05_49.00_,90_161_157_305_628_
12:36:02,49.25,4,10151,49.25_49.30_49.35_49.40_49.45_,16_20_12_37_250_,49.20_49.15_49.10_49.05_49.00_,91_161_158_305_630_
12:36:07,49.20,3,10154,49.25_49.30_49.35_49.40_49.45_,19_20_12_37_250_,49.20_49.15_49.10_49.05_49.00_,90_161_158_305_630_
12:36:17,49.25,2,10156,49.25_49.30_49.35_49.40_49.45_,18_20_12_42_250_,49.20_49.15_49.10_49.05_49.00_,90_161_158_305_630_
12:36:22,49.25,3,10159,49.25_49.30_49.35_49.40_49.45_,16_20_12_42_250_,49.20_49.15_49.10_49.05_49.00_,90_161_158_305_630_
12:36:27,49.25,2,10161,49.25_49.30_49.35_49.40_49.45_,16_20_12_42_250_,49.20_49.15_49.10_49.05_49.00_,90_161_158_305_630_
12:36:32,49.20,1,10162,49.25_49.30_49.35_49.40_49.45_,16_20_12_42_250_,49.20_49.15_49.10_49.05_49.00_,88_160_159_305_630_
12:36:48,49.20,4,10167,49.25_49.30_49.35_49.40_49.45_,21_20_12_42_250_,49.20_49.15_49.10_49.05_49.00_,83_160_159_305_630_
12:36:53,49.20,1,10168,49.25_49.30_49.35_49.40_49.45_,21_20_12_42_250_,49.20_49.15_49.10_49.05_49.00_,83_163_159_305_630_
12:36:58,49.20,4,10172,49.25_49.30_49.35_49.40_49.45_,21_20_12_42_250_,49.20_49.15_49.10_49.05_49.00_,95_163_159_305_630_
12:37:13,49.20,1,10173,49.25_49.30_49.35_49.40_49.45_,21_20_12_42_250_,49.20_49.15_49.10_49.05_49.00_,93_163_165_305_630_
12:37:18,49.20,11,10184,49.25_49.30_49.35_49.40_49.45_,22_20_12_42_250_,49.20_49.15_49.10_49.05_49.00_,85_164_164_305_630_
12:37:54,49.20,1,10212,49.25_49.30_49.35_49.40_49.45_,38_20_12_42_250_,49.20_49.15_49.10_49.05_49.00_,61_170_164_305_629_
12:37:59,49.20,4,10216,49.25_49.30_49.35_49.40_49.45_,58_20_12_42_250_,49.20_49.15_49.10_49.05_49.00_,54_170_164_305_629_
12:38:04,49.20,20,10236,49.25_49.30_49.35_49.40_49.45_,58_20_12_42_250_,49.20_49.15_49.10_49.05_49.00_,34_170_142_283_629_
12:38:10,49.20,25,10261,49.25_49.30_49.35_49.40_49.45_,58_20_12_43_250_,49.20_49.15_49.10_49.05_49.00_,10_170_143_203_629_
12:38:15,49.20,12,10273,49.25_49.30_49.35_49.40_49.45_,61_20_12_43_250_,49.20_49.15_49.10_49.05_49.00_,2_170_147_203_616_
12:38:20,49.20,12,10273,49.25_49.30_49.35_49.40_49.45_,62_20_12_43_250_,49.20_49.15_49.10_49.05_49.00_,2_170_152_203_616_
12:38:25,49.20,2,10275,49.20_49.25_49.30_49.35_49.40_,9_62_20_12_43_,49.15_49.10_49.05_49.00_48.95_,192_152_203_617_77_
12:38:30,49.20,6,10281,49.20_49.25_49.30_49.35_49.40_,26_49_29_12_233_,49.15_49.10_49.05_49.00_48.95_,193_145_166_589_151_
12:38:35,49.20,1,10282,49.20_49.25_49.30_49.35_49.40_,27_47_29_12_233_,49.15_49.10_49.05_49.00_48.95_,218_145_166_589_151_
12:38:40,49.20,3,10285,49.20_49.25_49.30_49.35_49.40_,26_45_29_12_233_,49.15_49.10_49.05_49.00_48.95_,218_145_166_589_151_
12:38:45,49.20,24,10309,49.20_49.25_49.30_49.35_49.40_,2_45_29_12_233_,49.15_49.10_49.05_49.00_48.95_,216_145_166_603_151_
12:38:51,49.20,1,10310,49.20_49.25_49.30_49.35_49.40_,3_44_29_12_233_,49.15_49.10_49.05_49.00_48.95_,216_145_166_604_151_
12:38:56,49.15,2,10312,49.20_49.25_49.30_49.35_49.40_,9_72_27_22_233_,49.15_49.10_49.05_49.00_48.95_,214_145_166_604_151_
12:39:01,49.15,4,10316,49.20_49.25_49.30_49.35_49.40_,42_69_27_22_233_,49.15_49.10_49.05_49.00_48.95_,211_145_166_604_151_
12:39:06,49.15,4,10316,49.20_49.25_49.30_49.35_49.40_,42_69_27_22_233_,49.15_49.10_49.05_49.00_48.95_,211_145_166_604_231_
12:39:11,49.15,2,10318,49.20_49.25_49.30_49.35_49.40_,43_68_27_22_233_,49.15_49.10_49.05_49.00_48.95_,210_146_166_604_231_
12:39:16,49.15,1,10319,49.20_49.25_49.30_49.35_49.40_,43_68_27_22_233_,49.15_49.10_49.05_49.00_48.95_,210_146_166_606_231_
12:39:21,49.20,2,10321,49.20_49.25_49.30_49.35_49.40_,42_68_27_22_233_,49.15_49.10_49.05_49.00_48.95_,210_146_166_606_231_
12:39:26,49.15,1,10322,49.20_49.25_49.30_49.35_49.40_,42_70_27_22_233_,49.15_49.10_49.05_49.00_48.95_,209_146_166_606_231_
12:39:32,49.20,3,10325,49.20_49.25_49.30_49.35_49.40_,41_70_27_22_233_,49.15_49.10_49.05_49.00_48.95_,211_146_166_607_231_
12:39:37,49.15,2,10327,49.20_49.25_49.30_49.35_49.40_,41_70_27_22_233_,49.15_49.10_49.05_49.00_48.95_,209_145_166_607_231_
12:39:42,49.15,1,10328,49.20_49.25_49.30_49.35_49.40_,41_70_27_22_233_,49.15_49.10_49.05_49.00_48.95_,209_145_166_607_231_
12:39:47,49.20,3,10331,49.20_49.25_49.30_49.35_49.40_,39_70_27_22_233_,49.15_49.10_49.05_49.00_48.95_,209_145_166_607_231_
12:39:52,49.20,1,10332,49.20_49.25_49.30_49.35_49.40_,39_70_27_22_233_,49.15_49.10_49.05_49.00_48.95_,211_145_166_607_231_
12:39:57,49.20,2,10334,49.20_49.25_49.30_49.35_49.40_,40_69_27_22_233_,49.15_49.10_49.05_49.00_48.95_,211_145_166_607_231_
12:40:02,49.15,4,10338,49.20_49.25_49.30_49.35_49.40_,40_69_28_22_232_,49.15_49.10_49.05_49.00_48.95_,207_145_166_607_231_
12:40:08,49.15,1,10339,49.20_49.25_49.30_49.35_49.40_,43_71_28_22_232_,49.15_49.10_49.05_49.00_48.95_,206_145_166_607_231_
12:40:13,49.20,20,10359,49.20_49.25_49.30_49.35_49.40_,27_70_28_22_232_,49.15_49.10_49.05_49.00_48.95_,206_148_166_607_231_
12:40:18,49.15,2,10361,49.20_49.25_49.30_49.35_49.40_,50_70_28_22_232_,49.15_49.10_49.05_49.00_48.95_,204_149_166_607_231_
12:40:23,49.20,3,10364,49.20_49.25_49.30_49.35_49.40_,49_70_28_22_232_,49.15_49.10_49.05_49.00_48.95_,205_149_166_607_231_
12:40:28,49.20,1,10365,49.20_49.25_49.30_49.35_49.40_,49_70_28_22_232_,49.15_49.10_49.05_49.00_48.95_,204_149_166_607_231_
12:40:33,49.20,3,10368,49.20_49.25_49.30_49.35_49.40_,46_70_28_22_232_,49.15_49.10_49.05_49.00_48.95_,204_149_166_607_231_
12:40:38,49.15,1,10369,49.20_49.25_49.30_49.35_49.40_,48_70_28_21_232_,49.15_49.10_49.05_49.00_48.95_,203_150_166_607_230_
12:40:43,49.15,1,10370,49.20_49.25_49.30_49.35_49.40_,48_70_28_21_232_,49.15_49.10_49.05_49.00_48.95_,202_150_166_607_230_
12:40:49,49.15,1,10371,49.20_49.25_49.30_49.35_49.40_,48_70_28_21_232_,49.15_49.10_49.05_49.00_48.95_,201_150_166_607_230_
12:40:54,49.20,1,10372,49.20_49.25_49.30_49.35_49.40_,47_70_28_21_232_,49.15_49.10_49.05_49.00_48.95_,211_155_171_608_230_
12:40:59,49.15,1,10373,49.20_49.25_49.30_49.35_49.40_,52_70_28_21_232_,49.15_49.10_49.05_49.00_48.95_,212_155_171_606_230_
12:41:04,49.15,2,10375,49.20_49.25_49.30_49.35_49.40_,54_70_27_21_232_,49.15_49.10_49.05_49.00_48.95_,213_155_171_606_230_
12:41:09,49.15,4,10379,49.20_49.25_49.30_49.35_49.40_,54_70_27_21_232_,49.15_49.10_49.05_49.00_48.95_,209_155_171_612_230_
12:41:14,49.20,10,10389,49.20_49.25_49.30_49.35_49.40_,53_70_27_21_232_,49.15_49.10_49.05_49.00_48.95_,209_155_171_612_230_
12:41:20,49.20,10,10389,49.20_49.25_49.30_49.35_49.40_,56_70_27_21_232_,49.15_49.10_49.05_49.00_48.95_,209_156_171_612_230_
12:41:25,49.20,32,10421,49.20_49.25_49.30_49.35_49.40_,25_70_27_21_232_,49.15_49.10_49.05_49.00_48.95_,209_156_171_611_230_
12:41:30,49.20,14,10435,49.20_49.25_49.30_49.35_49.40_,16_70_27_21_232_,49.15_49.10_49.05_49.00_48.95_,209_156_171_611_230_
12:41:35,49.20,2,10437,49.20_49.25_49.30_49.35_49.40_,14_73_27_21_232_,49.15_49.10_49.05_49.00_48.95_,209_156_171_611_230_
12:41:40,49.20,2,10439,49.20_49.25_49.30_49.35_49.40_,12_73_27_21_237_,49.15_49.10_49.05_49.00_48.95_,208_156_171_611_230_
12:41:45,49.20,4,10443,49.20_49.25_49.30_49.35_49.40_,11_73_27_21_237_,49.15_49.10_49.05_49.00_48.95_,210_156_171_611_230_
12:41:50,49.20,3,10446,49.20_49.25_49.30_49.35_49.40_,8_73_27_21_237_,49.15_49.10_49.05_49.00_48.95_,211_161_171_611_230_
12:41:55,49.20,2,10448,49.20_49.25_49.30_49.35_49.40_,6_73_27_21_237_,49.15_49.10_49.05_49.00_48.95_,211_161_171_611_230_
12:42:01,49.20,1,10449,49.20_49.25_49.30_49.35_49.40_,9_72_27_21_237_,49.15_49.10_49.05_49.00_48.95_,213_161_171_616_230_
12:42:06,49.20,8,10457,49.20_49.25_49.30_49.35_49.40_,1_72_27_21_237_,49.15_49.10_49.05_49.00_48.95_,190_161_171_616_230_
12:42:11,49.15,3,10460,49.20_49.25_49.30_49.35_49.40_,2_72_27_21_237_,49.15_49.10_49.05_49.00_48.95_,187_161_171_616_230_
12:42:16,49.20,3,10463,49.25_49.30_49.35_49.40_49.45_,72_27_21_237_58_,49.20_49.15_49.10_49.05_49.00_,9_184_161_171_616_
12:42:21,49.20,2,10465,49.25_49.30_49.35_49.40_49.45_,72_29_21_47_248_,49.20_49.15_49.10_49.05_49.00_,30_178_169_208_644_
12:42:26,49.20,22,10487,49.25_49.30_49.35_49.40_49.45_,73_29_21_47_241_,49.20_49.15_49.10_49.05_49.00_,10_176_170_203_634_
12:42:31,49.20,15,10502,49.20_49.25_49.30_49.35_49.40_,5_73_31_21_47_,49.15_49.10_49.05_49.00_48.95_,175_170_203_634_156_
12:42:37,49.20,6,10508,49.25_49.30_49.35_49.40_49.45_,72_29_21_237_51_,49.20_49.15_49.10_49.05_49.00_,2_178_161_172_604_
12:42:42,49.20,6,10508,49.25_49.30_49.35_49.40_49.45_,72_29_21_47_241_,49.20_49.15_49.10_49.05_49.00_,11_175_170_208_632_
12:42:47,49.20,6,10508,49.25_49.30_49.35_49.40_49.45_,75_29_21_47_241_,49.20_49.15_49.10_49.05_49.00_,11_175_170_209_632_
12:42:52,49.20,1,10509,49.25_49.30_49.35_49.40_49.45_,75_29_21_47_241_,49.20_49.15_49.10_49.05_49.00_,28_175_170_209_632_
12:42:57,49.20,1,10509,49.25_49.30_49.35_49.40_49.45_,75_20_21_47_250_,49.20_49.15_49.10_49.05_49.00_,28_175_170_210_632_
12:43:07,49.25,5,10514,49.25_49.30_49.35_49.40_49.45_,72_20_21_47_250_,49.20_49.15_49.10_49.05_49.00_,28_175_170_210_632_
12:43:12,49.20,4,10518,49.25_49.30_49.35_49.40_49.45_,73_22_21_47_250_,49.20_49.15_49.10_49.05_49.00_,27_175_170_210_632_
12:43:18,49.20,4,10518,49.25_49.30_49.35_49.40_49.45_,73_22_21_47_250_,49.20_49.15_49.10_49.05_49.00_,34_175_164_210_632_
12:43:23,49.20,4,10518,49.25_49.30_49.35_49.40_49.45_,74_22_21_47_250_,49.20_49.15_49.10_49.05_49.00_,36_175_169_204_632_
12:43:28,49.20,1,10519,49.25_49.30_49.35_49.40_49.45_,74_22_21_47_250_,49.20_49.15_49.10_49.05_49.00_,35_175_170_204_632_
12:43:33,49.20,1,10519,49.25_49.30_49.35_49.40_49.45_,74_22_21_47_250_,49.20_49.15_49.10_49.05_49.00_,35_175_170_284_632_
12:43:38,49.25,2,10521,49.25_49.30_49.35_49.40_49.45_,72_22_21_47_250_,49.20_49.15_49.10_49.05_49.00_,35_175_170_284_632_
12:43:43,49.25,2,10521,49.25_49.30_49.35_49.40_49.45_,81_22_21_47_250_,49.20_49.15_49.10_49.05_49.00_,35_175_170_284_632_
12:43:48,49.20,2,10523,49.25_49.30_49.35_49.40_49.45_,83_22_21_47_250_,49.20_49.15_49.10_49.05_49.00_,34_153_170_284_632_
12:43:53,49.20,2,10523,49.25_49.30_49.35_49.40_49.45_,83_22_21_48_250_,49.20_49.15_49.10_49.05_49.00_,56_152_170_285_632_
12:43:59,49.20,1,10524,49.25_49.30_49.35_49.40_49.45_,86_22_21_48_250_,49.20_49.15_49.10_49.05_49.00_,58_152_170_285_632_
12:44:04,49.20,1,10524,49.25_49.30_49.35_49.40_49.45_,88_22_21_48_250_,49.20_49.15_49.10_49.05_49.00_,59_152_170_285_632_
12:44:09,49.20,1,10524,49.25_49.30_49.35_49.40_49.45_,90_22_21_48_250_,49.20_49.15_49.10_49.05_49.00_,59_152_170_285_632_
12:44:14,49.20,1,10524,49.25_49.30_49.35_49.40_49.45_,90_22_21_48_250_,49.20_49.15_49.10_49.05_49.00_,62_152_170_285_632_
12:44:19,49.20,4,10528,49.25_49.30_49.35_49.40_49.45_,92_22_21_48_250_,49.20_49.15_49.10_49.05_49.00_,58_152_170_283_632_
12:44:24,49.25,5,10533,49.25_49.30_49.35_49.40_49.45_,91_22_21_48_250_,49.20_49.15_49.10_49.05_49.00_,60_152_170_283_632_
12:44:29,49.25,1,10534,49.25_49.30_49.35_49.40_49.45_,93_22_21_48_250_,49.20_49.15_49.10_49.05_49.00_,60_152_172_283_632_
12:44:35,49.20,3,10537,49.25_49.30_49.35_49.40_49.45_,93_22_21_48_250_,49.20_49.15_49.10_49.05_49.00_,58_152_173_283_632_
12:44:40,49.20,3,10537,49.25_49.30_49.35_49.40_49.45_,94_22_21_48_250_,49.20_49.15_49.10_49.05_49.00_,58_152_173_283_632_
12:44:50,49.25,1,10541,49.25_49.30_49.35_49.40_49.45_,94_22_21_48_250_,49.20_49.15_49.10_49.05_49.00_,58_152_173_283_632_
12:44:55,49.25,1,10541,49.25_49.30_49.35_49.40_49.45_,96_25_21_48_250_,49.20_49.15_49.10_49.05_49.00_,58_161_173_283_624_
12:45:00,49.25,1,10541,49.25_49.30_49.35_49.40_49.45_,96_25_21_48_250_,49.20_49.15_49.10_49.05_49.00_,64_161_173_283_624_
12:45:10,49.25,5,10547,49.25_49.30_49.35_49.40_49.45_,93_25_21_48_250_,49.20_49.15_49.10_49.05_49.00_,63_161_173_283_624_
12:45:15,49.25,6,10553,49.25_49.30_49.35_49.40_49.45_,90_25_21_48_250_,49.20_49.15_49.10_49.05_49.00_,64_159_170_283_624_
12:45:26,49.20,21,10578,49.25_49.30_49.35_49.40_49.45_,91_25_21_48_250_,49.20_49.15_49.10_49.05_49.00_,41_159_170_283_624_
12:45:36,49.20,1,10580,49.25_49.30_49.35_49.40_49.45_,91_25_21_48_250_,49.20_49.15_49.10_49.05_49.00_,45_150_177_283_633_
12:45:41,49.25,3,10583,49.25_49.30_49.35_49.40_49.45_,89_25_21_48_250_,49.20_49.15_49.10_49.05_49.00_,46_150_177_283_633_
12:45:46,49.25,3,10583,49.25_49.30_49.35_49.40_49.45_,89_25_21_48_250_,49.20_49.15_49.10_49.05_49.00_,46_151_177_283_633_
12:45:56,49.20,2,10587,49.25_49.30_49.35_49.40_49.45_,87_25_21_48_250_,49.20_49.15_49.10_49.05_49.00_,42_151_177_283_633_
12:46:02,49.25,2,10589,49.25_49.30_49.35_49.40_49.45_,86_25_21_47_250_,49.20_49.15_49.10_49.05_49.00_,42_151_177_283_633_
12:46:07,49.25,2,10591,49.25_49.30_49.35_49.40_49.45_,87_25_21_47_250_,49.20_49.15_49.10_49.05_49.00_,42_151_177_283_633_
12:46:12,49.20,1,10592,49.25_49.30_49.35_49.40_49.45_,87_25_21_47_250_,49.20_49.15_49.10_49.05_49.00_,56_150_177_283_638_
12:46:17,49.20,1,10593,49.25_49.30_49.35_49.40_49.45_,88_25_21_47_250_,49.20_49.15_49.10_49.05_49.00_,57_150_175_283_638_
12:46:22,49.20,4,10597,49.25_49.30_49.35_49.40_49.45_,89_25_21_47_250_,49.20_49.15_49.10_49.05_49.00_,54_150_175_283_638_
12:46:27,49.20,4,10597,49.25_49.30_49.35_49.40_49.45_,90_25_21_47_250_,49.20_49.15_49.10_49.05_49.00_,54_155_175_283_638_
12:46:32,49.25,1,10598,49.25_49.30_49.35_49.40_49.45_,89_25_21_47_250_,49.20_49.15_49.10_49.05_49.00_,54_155_175_283_638_
12:46:37,49.25,2,10600,49.25_49.30_49.35_49.40_49.45_,89_25_21_47_250_,49.20_49.15_49.10_49.05_49.00_,53_155_175_283_638_
12:46:43,49.20,20,10620,49.25_49.30_49.35_49.40_49.45_,89_25_21_47_250_,49.20_49.15_49.10_49.05_49.00_,34_155_176_283_638_
12:46:48,49.20,21,10641,49.25_49.30_49.35_49.40_49.45_,89_25_21_47_250_,49.20_49.15_49.10_49.05_49.00_,13_155_176_283_638_
12:46:53,49.20,20,10661,49.20_49.25_49.30_49.35_49.40_,2_89_25_21_47_,49.15_49.10_49.05_49.00_48.95_,155_176_292_638_76_
12:46:58,49.15,2,10663,49.20_49.25_49.30_49.35_49.40_,38_72_30_21_237_,49.15_49.10_49.05_49.00_48.95_,156_182_255_610_141_
12:47:03,49.15,1,10664,49.20_49.25_49.30_49.35_49.40_,42_71_27_21_237_,49.15_49.10_49.05_49.00_48.95_,155_174_174_610_150_
12:47:13,49.15,3,10667,49.20_49.25_49.30_49.35_49.40_,47_66_27_21_237_,49.15_49.10_49.05_49.00_48.95_,155_173_171_621_230_
12:47:18,49.15,4,10671,49.20_49.25_49.30_49.35_49.40_,50_61_27_21_237_,49.15_49.10_49.05_49.00_48.95_,152_173_171_621_230_
12:47:29,49.15,5,10676,49.20_49.25_49.30_49.35_49.40_,50_61_27_21_237_,49.15_49.10_49.05_49.00_48.95_,148_173_171_621_230_
12:47:34,49.15,5,10676,49.20_49.25_49.30_49.35_49.40_,53_58_27_21_237_,49.15_49.10_49.05_49.00_48.95_,148_173_171_621_230_
12:47:44,49.15,5,10676,49.20_49.25_49.30_49.35_49.40_,54_57_27_21_237_,49.15_49.10_49.05_49.00_48.95_,148_174_171_621_230_
12:47:49,49.15,4,10680,49.20_49.25_49.30_49.35_49.40_,53_56_27_21_237_,49.15_49.10_49.05_49.00_48.95_,144_174_171_621_230_
12:47:54,49.15,1,10681,49.20_49.25_49.30_49.35_49.40_,55_56_27_21_237_,49.15_49.10_49.05_49.00_48.95_,143_174_171_621_230_
12:48:05,49.15,2,10685,49.20_49.25_49.30_49.35_49.40_,56_56_27_21_237_,49.15_49.10_49.05_49.00_48.95_,142_174_171_621_230_
12:48:10,49.15,2,10685,49.20_49.25_49.30_49.35_49.40_,57_56_27_21_237_,49.15_49.10_49.05_49.00_48.95_,142_174_171_621_230_
12:48:15,49.15,2,10687,49.20_49.25_49.30_49.35_49.40_,56_56_27_21_237_,49.15_49.10_49.05_49.00_48.95_,140_174_172_621_230_
12:48:20,49.15,1,10688,49.20_49.25_49.30_49.35_49.40_,56_56_27_21_237_,49.15_49.10_49.05_49.00_48.95_,143_172_172_621_230_
12:48:25,49.15,1,10689,49.20_49.25_49.30_49.35_49.40_,58_56_27_21_237_,49.15_49.10_49.05_49.00_48.95_,142_172_172_621_230_
12:48:35,49.15,2,10695,49.20_49.25_49.30_49.35_49.40_,88_56_27_21_237_,49.15_49.10_49.05_49.00_48.95_,139_172_173_621_230_
12:48:46,49.15,2,10697,49.20_49.25_49.30_49.35_49.40_,88_56_27_21_237_,49.15_49.10_49.05_49.00_48.95_,135_172_172_622_230_
12:48:51,49.20,3,10700,49.20_49.25_49.30_49.35_49.40_,85_57_27_21_237_,49.15_49.10_49.05_49.00_48.95_,135_173_172_622_230_
12:48:56,49.15,10,10710,49.20_49.25_49.30_49.35_49.40_,86_52_27_21_237_,49.15_49.10_49.05_49.00_48.95_,126_170_172_622_230_
12:49:01,49.15,10,10710,49.20_49.25_49.30_49.35_49.40_,86_52_27_21_236_,49.15_49.10_49.05_49.00_48.95_,126_170_172_622_230_
12:49:06,49.15,10,10710,49.20_49.25_49.30_49.35_49.40_,86_52_27_22_236_,49.15_49.10_49.05_49.00_48.95_,126_170_172_622_230_
12:49:11,49.15,1,10711,49.20_49.25_49.30_49.35_49.40_,85_52_27_22_236_,49.15_49.10_49.05_49.00_48.95_,126_170_172_622_230_
12:49:16,49.20,1,10712,49.20_49.25_49.30_49.35_49.40_,87_52_27_22_236_,49.15_49.10_49.05_49.00_48.95_,126_170_172_622_230_
12:49:21,49.20,3,10715,49.20_49.25_49.30_49.35_49.40_,84_52_27_22_236_,49.15_49.10_49.05_49.00_48.95_,126_170_172_622_230_
12:49:26,49.20,3,10718,49.20_49.25_49.30_49.35_49.40_,84_52_27_22_236_,49.15_49.10_49.05_49.00_48.95_,126_170_172_622_230_
12:49:32,49.15,5,10723,49.20_49.25_49.30_49.35_49.40_,84_52_27_22_236_,49.15_49.10_49.05_49.00_48.95_,121_173_172_622_230_
12:49:42,49.20,2,10725,49.20_49.25_49.30_49.35_49.40_,85_52_27_22_236_,49.15_49.10_49.05_49.00_48.95_,122_173_171_622_230_
12:49:47,49.20,2,10725,49.20_49.25_49.30_49.35_49.40_,95_52_27_22_236_,49.15_49.10_49.05_49.00_48.95_,122_173_172_623_230_
12:49:52,49.15,2,10727,49.20_49.25_49.30_49.35_49.40_,95_52_27_22_236_,49.15_49.10_49.05_49.00_48.95_,121_174_172_623_230_
12:49:57,49.20,10,10737,49.20_49.25_49.30_49.35_49.40_,87_55_27_22_236_,49.15_49.10_49.05_49.00_48.95_,121_174_172_623_230_
12:50:02,49.15,1,10738,49.20_49.25_49.30_49.35_49.40_,89_55_27_22_236_,49.15_49.10_49.05_49.00_48.95_,123_174_172_623_230_
12:50:07,49.15,4,10742,49.20_49.25_49.30_49.35_49.40_,88_55_27_22_236_,49.15_49.10_49.05_49.00_48.95_,119_174_172_623_230_
12:50:13,49.20,1,10743,49.20_49.25_49.30_49.35_49.40_,87_55_27_22_236_,49.15_49.10_49.05_49.00_48.95_,118_174_172_623_230_
12:50:28,49.20,1,10743,49.20_49.25_49.30_49.35_49.40_,90_55_27_22_236_,49.15_49.10_49.05_49.00_48.95_,120_174_172_623_230_
12:50:33,49.15,4,10747,49.20_49.25_49.30_49.35_49.40_,90_55_27_22_236_,49.15_49.10_49.05_49.00_48.95_,117_174_172_623_230_
12:50:38,49.15,2,10749,49.20_49.25_49.30_49.35_49.40_,90_55_27_22_237_,49.15_49.10_49.05_49.00_48.95_,116_174_172_623_230_
12:50:43,49.15,1,10750,49.20_49.25_49.30_49.35_49.40_,92_55_27_22_237_,49.15_49.10_49.05_49.00_48.95_,115_174_172_623_230_
12:50:48,49.15,2,10752,49.20_49.25_49.30_49.35_49.40_,92_55_27_22_237_,49.15_49.10_49.05_49.00_48.95_,114_174_172_623_230_
12:50:54,49.15,1,10753,49.20_49.25_49.30_49.35_49.40_,102_55_27_22_237_,49.15_49.10_49.05_49.00_48.95_,113_176_172_623_230_
12:50:59,49.15,1,10754,49.20_49.25_49.30_49.35_49.40_,101_55_27_22_237_,49.15_49.10_49.05_49.00_48.95_,112_177_172_623_230_
12:51:04,49.15,1,10755,49.20_49.25_49.30_49.35_49.40_,110_55_27_22_237_,49.15_49.10_49.05_49.00_48.95_,111_177_172_624_230_
12:51:09,49.15,2,10757,49.20_49.25_49.30_49.35_49.40_,110_55_27_22_237_,49.15_49.10_49.05_49.00_48.95_,119_177_172_624_230_
12:51:14,49.20,2,10759,49.20_49.25_49.30_49.35_49.40_,108_55_27_22_237_,49.15_49.10_49.05_49.00_48.95_,121_177_172_624_230_
12:51:19,49.20,2,10759,49.20_49.25_49.30_49.35_49.40_,108_55_27_22_237_,49.15_49.10_49.05_49.00_48.95_,122_177_172_624_230_
12:51:24,49.15,3,10762,49.20_49.25_49.30_49.35_49.40_,107_55_27_22_237_,49.15_49.10_49.05_49.00_48.95_,120_177_172_624_230_
12:51:29,49.15,4,10766,49.20_49.25_49.30_49.35_49.40_,113_55_27_22_237_,49.15_49.10_49.05_49.00_48.95_,116_177_172_624_230_
12:51:35,49.15,2,10768,49.20_49.25_49.30_49.35_49.40_,113_55_27_22_237_,49.15_49.10_49.05_49.00_48.95_,117_178_172_625_230_
12:51:40,49.15,5,10773,49.20_49.25_49.30_49.35_49.40_,113_64_27_22_228_,49.15_49.10_49.05_49.00_48.95_,113_178_172_626_230_
12:51:45,49.15,2,10775,49.20_49.25_49.30_49.35_49.40_,113_64_27_22_228_,49.15_49.10_49.05_49.00_48.95_,111_179_172_626_230_
12:51:50,49.15,15,10790,49.20_49.25_49.30_49.35_49.40_,113_64_27_22_228_,49.15_49.10_49.05_49.00_48.95_,96_179_172_626_230_
12:51:55,49.15,8,10798,49.20_49.25_49.30_49.35_49.40_,110_61_27_22_228_,49.15_49.10_49.05_49.00_48.95_,98_179_172_626_230_
12:52:00,49.15,13,10811,49.20_49.25_49.30_49.35_49.40_,110_61_27_22_228_,49.15_49.10_49.05_49.00_48.95_,87_180_172_626_230_
12:52:05,49.15,9,10820,49.20_49.25_49.30_49.35_49.40_,108_61_27_22_228_,49.15_49.10_49.05_49.00_48.95_,77_180_163_626_230_
12:52:11,49.15,11,10831,49.20_49.25_49.30_49.35_49.40_,109_61_26_22_228_,49.15_49.10_49.05_49.00_48.95_,66_180_163_626_230_
12:52:16,49.15,24,10855,49.20_49.25_49.30_49.35_49.40_,129_61_26_21_228_,49.15_49.10_49.05_49.00_48.95_,47_177_163_627_230_
12:52:21,49.15,11,10866,49.20_49.25_49.30_49.35_49.40_,129_61_26_21_228_,49.15_49.10_49.05_49.00_48.95_,41_177_163_646_213_
12:52:26,49.15,43,10909,49.15_49.20_49.25_49.30_49.35_,1_132_61_26_21_,49.10_49.05_49.00_48.95_48.90_,177_163_646_213_117_
12:52:31,49.10,1,10910,49.15_49.20_49.25_49.30_49.35_,20_122_60_26_201_,49.10_49.05_49.00_48.95_48.90_,174_169_609_192_182_
12:52:36,49.15,2,10912,49.15_49.20_49.25_49.30_49.35_,20_122_60_26_201_,49.10_49.05_49.00_48.95_48.90_,174_169_609_191_182_
12:52:41,49.10,3,10915,49.15_49.20_49.25_49.30_49.35_,22_120_60_26_201_,49.10_49.05_49.00_48.95_48.90_,172_169_609_192_182_
12:52:46,49.10,3,10915,49.15_49.20_49.25_49.30_49.35_,22_120_60_26_201_,49.10_49.05_49.00_48.95_48.90_,174_169_609_203_182_
12:52:52,49.10,1,10916,49.15_49.20_49.25_49.30_49.35_,34_113_60_26_201_,49.10_49.05_49.00_48.95_48.90_,173_169_609_203_182_
12:52:57,49.10,2,10918,49.15_49.20_49.25_49.30_49.35_,41_108_60_26_201_,49.10_49.05_49.00_48.95_48.90_,171_169_609_123_182_
12:53:02,49.15,3,10921,49.15_49.20_49.25_49.30_49.35_,44_104_58_26_201_,49.10_49.05_49.00_48.95_48.90_,177_170_609_117_182_
12:53:07,49.15,2,10923,49.15_49.20_49.25_49.30_49.35_,44_104_58_26_201_,49.10_49.05_49.00_48.95_48.90_,179_170_609_117_182_
12:53:17,49.15,1,10924,49.15_49.20_49.25_49.30_49.35_,45_102_58_26_201_,49.10_49.05_49.00_48.95_48.90_,179_171_609_117_182_
12:53:22,49.10,1,10925,49.15_49.20_49.25_49.30_49.35_,48_101_58_26_201_,49.10_49.05_49.00_48.95_48.90_,178_171_609_117_182_
12:53:27,49.10,1,10925,49.15_49.20_49.25_49.30_49.35_,48_101_58_26_201_,49.10_49.05_49.00_48.95_48.90_,177_171_609_117_182_
12:53:33,49.10,7,10932,49.15_49.20_49.25_49.30_49.35_,48_101_58_26_201_,49.10_49.05_49.00_48.95_48.90_,176_171_609_117_182_
12:53:38,49.10,2,10934,49.15_49.20_49.25_49.30_49.35_,51_101_58_26_201_,49.10_49.05_49.00_48.95_48.90_,174_171_609_117_182_
12:53:43,49.10,4,10938,49.15_49.20_49.25_49.30_49.35_,51_92_58_26_210_,49.10_49.05_49.00_48.95_48.90_,171_171_609_117_182_
12:53:48,49.10,9,10947,49.15_49.20_49.25_49.30_49.35_,48_92_58_26_210_,49.10_49.05_49.00_48.95_48.90_,162_171_609_117_182_
12:53:53,49.10,1,10948,49.15_49.20_49.25_49.30_49.35_,48_92_58_26_210_,49.10_49.05_49.00_48.95_48.90_,164_171_609_117_182_
12:53:58,49.10,2,10950,49.15_49.20_49.25_49.30_49.35_,47_92_58_26_210_,49.10_49.05_49.00_48.95_48.90_,173_171_609_117_182_
12:54:03,49.10,2,10950,49.15_49.20_49.25_49.30_49.35_,47_92_58_26_210_,49.10_49.05_49.00_48.95_48.90_,173_176_608_117_182_
12:54:08,49.10,2,10950,49.15_49.20_49.25_49.30_49.35_,47_92_57_26_210_,49.10_49.05_49.00_48.95_48.90_,175_176_608_117_182_
12:54:14,49.10,2,10950,49.15_49.20_49.25_49.30_49.35_,47_92_57_25_210_,49.10_49.05_49.00_48.95_48.90_,175_175_608_117_182_
12:54:19,49.10,2,10952,49.15_49.20_49.25_49.30_49.35_,47_92_57_25_210_,49.10_49.05_49.00_48.95_48.90_,173_175_608_117_182_
12:54:24,49.10,2,10954,49.15_49.20_49.25_49.30_49.35_,48_92_57_25_210_,49.10_49.05_49.00_48.95_48.90_,171_175_608_117_182_
12:54:29,49.15,5,10959,49.15_49.20_49.25_49.30_49.35_,45_94_57_25_210_,49.10_49.05_49.00_48.95_48.90_,171_178_609_117_182_
12:54:34,49.15,1,10960,49.15_49.20_49.25_49.30_49.35_,46_94_57_25_210_,49.10_49.05_49.00_48.95_48.90_,174_178_609_117_182_
12:54:39,49.10,3,10963,49.15_49.20_49.25_49.30_49.35_,46_94_57_25_210_,49.10_49.05_49.00_48.95_48.90_,171_178_609_117_181_
12:54:44,49.15,5,10968,49.15_49.20_49.25_49.30_49.35_,45_94_57_25_210_,49.10_49.05_49.00_48.95_48.90_,170_178_609_117_181_
12:54:49,49.10,6,10974,49.15_49.20_49.25_49.30_49.35_,51_94_57_25_210_,49.10_49.05_49.00_48.95_48.90_,175_178_609_117_181_
12:54:55,49.10,2,10976,49.15_49.20_49.25_49.30_49.35_,52_92_57_25_210_,49.10_49.05_49.00_48.95_48.90_,174_178_609_117_181_
12:55:00,49.10,4,10980,49.15_49.20_49.25_49.30_49.35_,52_92_57_25_210_,49.10_49.05_49.00_48.95_48.90_,170_178_609_117_181_
12:55:05,49.10,1,10981,49.15_49.20_49.25_49.30_49.35_,52_92_57_25_210_,49.10_49.05_49.00_48.95_48.90_,170_178_609_117_181_
12:55:10,49.10,1,10982,49.15_49.20_49.25_49.30_49.35_,52_92_57_26_210_,49.10_49.05_49.00_48.95_48.90_,170_178_610_117_181_
12:55:15,49.10,1,10982,49.15_49.20_49.25_49.30_49.35_,72_92_57_26_210_,49.10_49.05_49.00_48.95_48.90_,171_180_610_117_181_
12:55:20,49.10,1,10982,49.15_49.20_49.25_49.30_49.35_,72_92_57_26_210_,49.10_49.05_49.00_48.95_48.90_,171_180_611_117_181_
12:55:25,49.10,1,10983,49.15_49.20_49.25_49.30_49.35_,72_92_57_26_210_,49.10_49.05_49.00_48.95_48.90_,170_180_611_117_181_
12:55:30,49.10,2,10985,49.15_49.20_49.25_49.30_49.35_,74_94_57_26_210_,49.10_49.05_49.00_48.95_48.90_,168_180_612_117_181_
12:55:36,49.10,3,10988,49.15_49.20_49.25_49.30_49.35_,74_94_57_26_210_,49.10_49.05_49.00_48.95_48.90_,166_180_612_117_181_
12:55:41,49.10,2,10990,49.15_49.20_49.25_49.30_49.35_,74_94_57_26_210_,49.10_49.05_49.00_48.95_48.90_,165_180_612_117_181_
12:55:46,49.10,6,10996,49.15_49.20_49.25_49.30_49.35_,71_94_56_26_210_,49.10_49.05_49.00_48.95_48.90_,175_180_612_117_181_
12:55:51,49.10,4,11000,49.15_49.20_49.25_49.30_49.35_,71_94_56_26_210_,49.10_49.05_49.00_48.95_48.90_,176_180_612_117_181_
12:55:56,49.10,1,11001,49.15_49.20_49.25_49.30_49.35_,78_94_56_26_210_,49.10_49.05_49.00_48.95_48.90_,177_180_612_117_181_
12:56:01,49.10,1,11002,49.15_49.20_49.25_49.30_49.35_,78_94_56_26_210_,49.10_49.05_49.00_48.95_48.90_,178_180_612_117_181_
12:56:06,49.10,1,11003,49.15_49.20_49.25_49.30_49.35_,78_95_56_26_210_,49.10_49.05_49.00_48.95_48.90_,177_186_611_117_181_
12:56:11,49.10,1,11004,49.15_49.20_49.25_49.30_49.35_,80_95_56_26_210_,49.10_49.05_49.00_48.95_48.90_,178_187_611_117_181_
12:56:16,49.10,2,11006,49.15_49.20_49.25_49.30_49.35_,80_95_56_26_210_,49.10_49.05_49.00_48.95_48.90_,177_197_611_117_181_
12:56:22,49.10,4,11010,49.15_49.20_49.25_49.30_49.35_,79_93_56_26_210_,49.10_49.05_49.00_48.95_48.90_,173_197_611_118_181_
12:56:27,49.10,3,11013,49.15_49.20_49.25_49.30_49.35_,80_93_56_26_210_,49.10_49.05_49.00_48.95_48.90_,170_197_611_118_181_
12:56:32,49.10,2,11015,49.15_49.20_49.25_49.30_49.35_,86_93_56_26_210_,49.10_49.05_49.00_48.95_48.90_,168_197_611_120_181_
12:56:37,49.15,2,11017,49.15_49.20_49.25_49.30_49.35_,85_93_56_26_210_,49.10_49.05_49.00_48.95_48.90_,168_200_611_120_181_
12:56:42,49.15,1,11018,49.15_49.20_49.25_49.30_49.35_,84_93_56_26_210_,49.10_49.05_49.00_48.95_48.90_,169_200_611_120_181_
12:56:47,49.10,1,11019,49.15_49.20_49.25_49.30_49.35_,84_93_56_26_210_,49.10_49.05_49.00_48.95_48.90_,169_200_611_120_181_
12:56:52,49.10,4,11023,49.15_49.20_49.25_49.30_49.35_,84_93_56_26_210_,49.10_49.05_49.00_48.95_48.90_,163_200_611_120_181_
12:56:57,49.10,3,11026,49.15_49.20_49.25_49.30_49.35_,85_93_56_26_210_,49.10_49.05_49.00_48.95_48.90_,161_200_611_120_181_
12:57:02,49.10,2,11028,49.15_49.20_49.25_49.30_49.35_,88_91_56_26_210_,49.10_49.05_49.00_48.95_48.90_,159_200_611_120_181_
12:57:08,49.15,4,11032,49.15_49.20_49.25_49.30_49.35_,86_91_56_26_210_,49.10_49.05_49.00_48.95_48.90_,159_200_611_120_181_
12:57:13,49.15,3,11035,49.15_49.20_49.25_49.30_49.35_,86_91_56_26_210_,49.10_49.05_49.00_48.95_48.90_,159_200_611_120_181_
12:57:18,49.15,3,11035,49.15_49.20_49.25_49.30_49.35_,88_91_56_26_210_,49.10_49.05_49.00_48.95_48.90_,160_200_611_126_181_
12:57:23,49.15,3,11035,49.15_49.20_49.25_49.30_49.35_,90_91_56_26_210_,49.10_49.05_49.00_48.95_48.90_,161_200_612_126_181_
12:57:28,49.15,1,11036,49.15_49.20_49.25_49.30_49.35_,90_91_56_26_210_,49.10_49.05_49.00_48.95_48.90_,161_200_612_126_181_
12:57:33,49.10,3,11039,49.15_49.20_49.25_49.30_49.35_,90_91_56_26_210_,49.10_49.05_49.00_48.95_48.90_,161_200_612_126_181_
12:57:38,49.10,6,11045,49.15_49.20_49.25_49.30_49.35_,87_91_56_26_210_,49.10_49.05_49.00_48.95_48.90_,155_200_612_126_181_
12:57:44,49.10,2,11047,49.15_49.20_49.25_49.30_49.35_,88_91_56_26_210_,49.10_49.05_49.00_48.95_48.90_,155_200_612_126_181_
12:57:49,49.15,8,11055,49.15_49.20_49.25_49.30_49.35_,83_91_56_26_210_,49.10_49.05_49.00_48.95_48.90_,157_200_612_126_181_
12:57:54,49.15,92,11147,49.20_49.25_49.30_49.35_49.40_,88_56_26_210_42_,49.15_49.10_49.05_49.00_48.95_,108_158_200_612_126_
12:57:59,49.20,3,11150,49.20_49.25_49.30_49.35_49.40_,92_47_25_20_241_,49.15_49.10_49.05_49.00_48.95_,135_148_209_630_142_
12:58:04,49.20,4,11154,49.20_49.25_49.30_49.35_49.40_,91_47_25_20_241_,49.15_49.10_49.05_49.00_48.95_,142_197_259_630_142_
12:58:09,49.20,4,11158,49.20_49.25_49.30_49.35_49.40_,87_47_25_20_241_,49.15_49.10_49.05_49.00_48.95_,141_198_261_630_142_
12:58:14,49.20,1,11159,49.20_49.25_49.30_49.35_49.40_,86_47_25_20_241_,49.15_49.10_49.05_49.00_48.95_,146_198_258_630_142_
12:58:19,49.15,5,11164,49.20_49.25_49.30_49.35_49.40_,66_47_25_20_241_,49.15_49.10_49.05_49.00_48.95_,148_198_252_630_142_
12:58:24,49.20,2,11166,49.20_49.25_49.30_49.35_49.40_,65_47_25_20_241_,49.15_49.10_49.05_49.00_48.95_,148_201_252_630_142_
12:58:30,49.15,3,11169,49.20_49.25_49.30_49.35_49.40_,66_47_25_20_241_,49.15_49.10_49.05_49.00_48.95_,145_201_252_630_142_
12:58:35,49.15,3,11169,49.20_49.25_49.30_49.35_49.40_,66_47_25_20_241_,49.15_49.10_49.05_49.00_48.95_,146_201_252_630_142_
12:58:40,49.15,4,11173,49.20_49.25_49.30_49.35_49.40_,66_49_21_20_241_,49.15_49.10_49.05_49.00_48.95_,142_201_252_630_142_
12:58:45,49.15,15,11188,49.20_49.25_49.30_49.35_49.40_,66_49_21_20_241_,49.15_49.10_49.05_49.00_48.95_,127_201_252_630_142_
12:58:50,49.20,1,11189,49.20_49.25_49.30_49.35_49.40_,67_49_21_20_241_,49.15_49.10_49.05_49.00_48.95_,127_201_252_630_142_
12:59:00,49.15,3,11192,49.20_49.25_49.30_49.35_49.40_,67_49_21_20_241_,49.15_49.10_49.05_49.00_48.95_,125_201_252_630_142_
12:59:05,49.15,2,11194,49.20_49.25_49.30_49.35_49.40_,70_49_21_20_241_,49.15_49.10_49.05_49.00_48.95_,124_201_252_630_142_
12:59:11,49.15,2,11196,49.20_49.25_49.30_49.35_49.40_,73_49_21_20_241_,49.15_49.10_49.05_49.00_48.95_,122_201_252_630_142_
12:59:16,49.20,4,11200,49.20_49.25_49.30_49.35_49.40_,69_49_21_20_241_,49.15_49.10_49.05_49.00_48.95_,125_197_249_630_142_
12:59:21,49.20,4,11200,49.20_49.25_49.30_49.35_49.40_,69_49_21_20_241_,49.15_49.10_49.05_49.00_48.95_,125_204_249_629_222_
12:59:26,49.20,4,11200,49.20_49.25_49.30_49.35_49.40_,70_49_21_20_241_,49.15_49.10_49.05_49.00_48.95_,127_203_249_629_222_
12:59:31,49.15,1,11201,49.20_49.25_49.30_49.35_49.40_,70_49_21_20_241_,49.15_49.10_49.05_49.00_48.95_,127_204_249_629_222_
12:59:36,49.15,1,11201,49.20_49.25_49.30_49.35_49.40_,71_49_21_20_241_,49.15_49.10_49.05_49.00_48.95_,134_204_249_629_222_
12:59:41,49.20,10,11211,49.20_49.25_49.30_49.35_49.40_,63_46_21_20_241_,49.15_49.10_49.05_49.00_48.95_,135_204_249_629_222_
12:59:52,49.15,3,11214,49.20_49.25_49.30_49.35_49.40_,64_46_21_20_241_,49.15_49.10_49.05_49.00_48.95_,133_204_249_629_222_
12:59:57,49.15,1,11215,49.20_49.25_49.30_49.35_49.40_,64_46_21_20_241_,49.15_49.10_49.05_49.00_48.95_,134_204_249_629_222_
13:00:02,49.15,6,11221,49.20_49.25_49.30_49.35_49.40_,63_46_21_20_241_,49.15_49.10_49.05_49.00_48.95_,129_204_249_629_222_
13:00:17,49.20,1,11222,49.20_49.25_49.30_49.35_49.40_,62_48_21_20_241_,49.15_49.10_49.05_49.00_48.95_,129_203_249_629_222_
13:00:22,49.20,1,11222,49.20_49.25_49.30_49.35_49.40_,62_50_21_20_241_,49.15_49.10_49.05_49.00_48.95_,129_206_249_629_222_
13:00:27,49.20,1,11222,49.20_49.25_49.30_49.35_49.40_,89_50_21_20_241_,49.15_49.10_49.05_49.00_48.95_,124_206_249_629_222_
13:00:33,49.20,1,11222,49.20_49.25_49.30_49.35_49.40_,89_50_21_20_241_,49.15_49.10_49.05_49.00_48.95_,123_207_249_629_222_
13:00:38,49.20,1,11223,49.20_49.25_49.30_49.35_49.40_,88_50_21_20_241_,49.15_49.10_49.05_49.00_48.95_,124_207_249_629_222_
13:00:43,49.20,1,11223,49.20_49.25_49.30_49.35_49.40_,88_48_21_20_241_,49.15_49.10_49.05_49.00_48.95_,124_207_249_628_222_
13:00:48,49.20,1,11224,49.20_49.25_49.30_49.35_49.40_,88_48_21_20_241_,49.15_49.10_49.05_49.00_48.95_,125_207_249_628_222_
13:00:53,49.15,1,11225,49.20_49.25_49.30_49.35_49.40_,90_48_21_20_241_,49.15_49.10_49.05_49.00_48.95_,124_210_249_628_222_
13:00:58,49.20,3,11228,49.20_49.25_49.30_49.35_49.40_,87_50_21_20_241_,49.15_49.10_49.05_49.00_48.95_,125_211_249_628_222_
13:01:03,49.15,1,11229,49.20_49.25_49.30_49.35_49.40_,87_50_21_20_241_,49.15_49.10_49.05_49.00_48.95_,122_209_247_626_222_
13:01:09,49.15,1,11229,49.20_49.25_49.30_49.35_49.40_,87_50_21_20_241_,49.15_49.10_49.05_49.00_48.95_,126_209_247_626_222_
13:01:14,49.15,1,11229,49.20_49.25_49.30_49.35_49.40_,87_50_21_20_241_,49.15_49.10_49.05_49.00_48.95_,129_206_247_626_222_
13:01:19,49.15,3,11232,49.20_49.25_49.30_49.35_49.40_,90_50_21_20_241_,49.15_49.10_49.05_49.00_48.95_,126_206_247_626_222_
13:01:24,49.20,3,11235,49.20_49.25_49.30_49.35_49.40_,87_50_21_20_241_,49.15_49.10_49.05_49.00_48.95_,126_206_247_626_222_
13:01:29,49.20,5,11240,49.20_49.25_49.30_49.35_49.40_,83_50_21_20_241_,49.15_49.10_49.05_49.00_48.95_,126_206_247_626_222_
13:01:34,49.15,3,11243,49.20_49.25_49.30_49.35_49.40_,78_50_21_20_241_,49.15_49.10_49.05_49.00_48.95_,128_213_250_601_222_
13:01:39,49.20,2,11245,49.20_49.25_49.30_49.35_49.40_,83_50_21_20_241_,49.15_49.10_49.05_49.00_48.95_,129_239_250_602_222_
13:01:44,49.15,2,11247,49.20_49.25_49.30_49.35_49.40_,83_50_21_20_241_,49.15_49.10_49.05_49.00_48.95_,128_239_250_602_222_
13:01:50,49.20,1,11248,49.20_49.25_49.30_49.35_49.40_,82_50_21_20_241_,49.15_49.10_49.05_49.00_48.95_,119_229_246_588_222_
13:01:55,49.15,6,11254,49.20_49.25_49.30_49.35_49.40_,82_50_21_20_241_,49.15_49.10_49.05_49.00_48.95_,113_229_246_583_222_
13:02:00,49.20,2,11256,49.20_49.25_49.30_49.35_49.40_,81_50_21_20_241_,49.15_49.10_49.05_49.00_48.95_,113_229_246_583_222_
13:02:05,49.15,2,11258,49.20_49.25_49.30_49.35_49.40_,80_50_21_20_241_,49.15_49.10_49.05_49.00_48.95_,115_229_246_583_222_
13:02:10,49.20,5,11263,49.20_49.25_49.30_49.35_49.40_,75_50_21_20_241_,49.15_49.10_49.05_49.00_48.95_,115_229_246_583_222_
13:02:15,49.15,2,11265,49.20_49.25_49.30_49.35_49.40_,76_52_21_20_241_,49.15_49.10_49.05_49.00_48.95_,114_229_246_583_222_
13:02:20,49.15,1,11266,49.20_49.25_49.30_49.35_49.40_,76_52_21_20_241_,49.15_49.10_49.05_49.00_48.95_,113_229_246_583_222_
13:02:25,49.15,1,11267,49.20_49.25_49.30_49.35_49.40_,77_52_21_20_241_,49.15_49.10_49.05_49.00_48.95_,112_232_246_583_222_
13:02:30,49.20,1,11268,49.20_49.25_49.30_49.35_49.40_,77_52_21_20_241_,49.15_49.10_49.05_49.00_48.95_,111_232_246_583_222_
13:02:36,49.20,1,11268,49.20_49.25_49.30_49.35_49.40_,79_50_21_20_241_,49.15_49.10_49.05_49.00_48.95_,112_232_246_583_222_
13:02:41,49.20,2,11270,49.20_49.25_49.30_49.35_49.40_,82_50_21_20_241_,49.15_49.10_49.05_49.00_48.95_,111_238_246_583_222_
13:02:46,49.20,1,11271,49.20_49.25_49.30_49.35_49.40_,82_50_21_20_241_,49.15_49.10_49.05_49.00_48.95_,110_238_246_583_222_
13:02:51,49.15,20,11291,49.20_49.25_49.30_49.35_49.40_,82_50_21_20_241_,49.15_49.10_49.05_49.00_48.95_,91_238_246_583_222_
13:02:56,49.20,1,11292,49.20_49.25_49.30_49.35_49.40_,83_48_21_20_241_,49.15_49.10_49.05_49.00_48.95_,91_238_246_583_222_
13:03:06,49.20,3,11295,49.20_49.25_49.30_49.35_49.40_,80_48_21_20_241_,49.15_49.10_49.05_49.00_48.95_,86_238_246_583_222_
13:03:11,49.20,3,11295,49.20_49.25_49.30_49.35_49.40_,90_48_21_16_241_,49.15_49.10_49.05_49.00_48.95_,88_238_246_583_222_
13:03:17,49.20,3,11298,49.20_49.25_49.30_49.35_49.40_,88_50_21_16_241_,49.15_49.10_49.05_49.00_48.95_,85_237_245_583_222_
13:03:22,49.20,3,11298,49.20_49.25_49.30_49.35_49.40_,88_52_21_16_241_,49.15_49.10_49.05_49.00_48.95_,85_237_245_583_222_
13:03:27,49.20,3,11298,49.20_49.25_49.30_49.35_49.40_,92_52_21_16_241_,49.15_49.10_49.05_49.00_48.95_,85_237_245_583_222_
13:03:32,49.15,4,11302,49.20_49.25_49.30_49.35_49.40_,92_50_21_16_241_,49.15_49.10_49.05_49.00_48.95_,81_237_245_584_222_
13:03:37,49.15,2,11304,49.20_49.25_49.30_49.35_49.40_,92_50_21_16_241_,49.15_49.10_49.05_49.00_48.95_,79_237_245_584_222_
13:03:42,49.20,11,11315,49.20_49.25_49.30_49.35_49.40_,84_50_21_16_241_,49.15_49.10_49.05_49.00_48.95_,79_237_245_584_222_
13:03:47,49.20,11,11315,49.20_49.25_49.30_49.35_49.40_,84_50_21_16_242_,49.15_49.10_49.05_49.00_48.95_,79_238_245_584_222_
13:03:52,49.20,11,11315,49.20_49.25_49.30_49.35_49.40_,84_50_21_16_242_,49.15_49.10_49.05_49.00_48.95_,80_238_245_585_222_
13:03:58,49.20,1,11316,49.20_49.25_49.30_49.35_49.40_,84_50_21_16_242_,49.15_49.10_49.05_49.00_48.95_,80_238_245_585_222_
13:04:08,49.15,3,11319,49.20_49.25_49.30_49.35_49.40_,81_50_21_16_242_,49.15_49.10_49.05_49.00_48.95_,77_238_245_585_222_
13:04:13,49.20,7,11326,49.20_49.25_49.30_49.35_49.40_,76_50_21_16_242_,49.15_49.10_49.05_49.00_48.95_,79_235_245_585_222_
13:04:18,49.15,1,11327,49.20_49.25_49.30_49.35_49.40_,75_52_21_16_242_,49.15_49.10_49.05_49.00_48.95_,79_235_245_585_222_
13:04:23,49.15,1,11327,49.20_49.25_49.30_49.35_49.40_,75_52_21_16_242_,49.15_49.10_49.05_49.00_48.95_,79_235_282_548_222_
13:04:28,49.15,1,11327,49.20_49.25_49.30_49.35_49.40_,77_52_21_16_242_,49.15_49.10_49.05_49.00_48.95_,79_235_283_548_222_
13:04:33,49.15,2,11329,49.20_49.25_49.30_49.35_49.40_,77_50_21_16_242_,49.15_49.10_49.05_49.00_48.95_,78_235_246_585_222_
13:04:39,49.15,2,11329,49.20_49.25_49.30_49.35_49.40_,77_50_21_16_242_,49.15_49.10_49.05_49.00_48.95_,80_235_244_585_222_
13:04:44,49.20,1,11330,49.20_49.25_49.30_49.35_49.40_,76_50_21_16_242_,49.15_49.10_49.05_49.00_48.95_,80_235_245_585_222_
13:04:49,49.20,3,11333,49.20_49.25_49.30_49.35_49.40_,73_50_21_16_242_,49.15_49.10_49.05_49.00_48.95_,79_236_245_585_222_
13:04:54,49.15,1,11334,49.20_49.25_49.30_49.35_49.40_,81_50_21_16_242_,49.15_49.10_49.05_49.00_48.95_,78_237_245_585_222_
13:04:59,49.15,1,11334,49.20_49.25_49.30_49.35_49.40_,81_50_21_16_242_,49.15_49.10_49.05_49.00_48.95_,78_241_245_585_222_
13:05:04,49.15,1,11334,49.20_49.25_49.30_49.35_49.40_,83_48_21_16_242_,49.15_49.10_49.05_49.00_48.95_,78_241_245_585_222_
13:05:09,49.15,4,11338,49.20_49.25_49.30_49.35_49.40_,85_48_21_16_242_,49.15_49.10_49.05_49.00_48.95_,74_241_245_585_222_
13:05:14,49.15,1,11339,49.20_49.25_49.30_49.35_49.40_,84_53_21_16_242_,49.15_49.10_49.05_49.00_48.95_,80_238_245_585_222_
13:05:20,49.20,2,11341,49.20_49.25_49.30_49.35_49.40_,84_53_21_16_242_,49.15_49.10_49.05_49.00_48.95_,81_240_243_585_222_
13:05:25,49.20,2,11341,49.20_49.25_49.30_49.35_49.40_,85_53_21_16_242_,49.15_49.10_49.05_49.00_48.95_,82_240_243_585_222_
13:05:30,49.20,2,11341,49.20_49.25_49.30_49.35_49.40_,86_53_21_16_242_,49.15_49.10_49.05_49.00_48.95_,83_240_243_585_222_
13:05:35,49.20,3,11344,49.20_49.25_49.30_49.35_49.40_,85_51_21_16_242_,49.15_49.10_49.05_49.00_48.95_,83_240_243_585_222_
13:05:40,49.20,1,11345,49.20_49.25_49.30_49.35_49.40_,84_51_21_16_242_,49.15_49.10_49.05_49.00_48.95_,83_240_243_586_222_
13:05:45,49.15,1,11346,49.20_49.25_49.30_49.35_49.40_,83_51_21_16_242_,49.15_49.10_49.05_49.00_48.95_,84_240_243_586_222_
13:05:50,49.20,1,11347,49.20_49.25_49.30_49.35_49.40_,82_51_21_16_242_,49.15_49.10_49.05_49.00_48.95_,84_240_280_550_222_
13:05:55,49.20,1,11348,49.20_49.25_49.30_49.35_49.40_,84_51_21_16_242_,49.15_49.10_49.05_49.00_48.95_,84_241_245_587_222_
13:06:01,49.20,1,11348,49.20_49.25_49.30_49.35_49.40_,84_51_21_16_242_,49.15_49.10_49.05_49.00_48.95_,84_241_243_586_222_
13:06:11,49.20,3,11351,49.20_49.25_49.30_49.35_49.40_,81_51_21_16_242_,49.15_49.10_49.05_49.00_48.95_,81_241_243_586_222_
13:06:16,49.15,2,11353,49.20_49.25_49.30_49.35_49.40_,81_53_21_16_242_,49.15_49.10_49.05_49.00_48.95_,81_241_244_586_222_
13:06:21,49.15,3,11356,49.20_49.25_49.30_49.35_49.40_,81_53_21_16_242_,49.15_49.10_49.05_49.00_48.95_,78_241_244_587_222_
13:06:26,49.20,2,11358,49.20_49.25_49.30_49.35_49.40_,80_53_21_16_242_,49.15_49.10_49.05_49.00_48.95_,77_241_244_587_222_
13:06:31,49.20,2,11358,49.20_49.25_49.30_49.35_49.40_,80_51_21_16_242_,49.15_49.10_49.05_49.00_48.95_,77_241_245_587_222_
13:06:36,49.20,1,11359,49.20_49.25_49.30_49.35_49.40_,79_51_21_16_242_,49.15_49.10_49.05_49.00_48.95_,77_241_245_587_222_
13:06:41,49.15,20,11379,49.20_49.25_49.30_49.35_49.40_,99_51_21_16_242_,49.15_49.10_49.05_49.00_48.95_,59_241_245_597_222_
13:06:47,49.15,20,11399,49.20_49.25_49.30_49.35_49.40_,100_51_21_16_242_,49.15_49.10_49.05_49.00_48.95_,39_241_245_597_222_
13:06:52,49.15,41,11440,49.15_49.20_49.25_49.30_49.35_,11_92_51_21_16_,49.10_49.05_49.00_48.95_48.90_,241_245_615_222_106_
13:06:57,49.15,1,11441,49.15_49.20_49.25_49.30_49.35_,30_72_58_21_206_,49.10_49.05_49.00_48.95_48.90_,243_236_578_194_180_
13:07:02,49.15,1,11441,49.15_49.20_49.25_49.30_49.35_,34_72_55_21_206_,49.10_49.05_49.00_48.95_48.90_,244_240_578_194_180_
13:07:07,49.15,1,11441,49.15_49.20_49.25_49.30_49.35_,36_70_55_21_206_,49.10_49.05_49.00_48.95_48.90_,245_240_615_157_180_
13:07:12,49.15,1,11441,49.15_49.20_49.25_49.30_49.35_,37_70_55_21_206_,49.10_49.05_49.00_48.95_48.90_,251_243_616_157_180_
13:07:17,49.15,1,11442,49.15_49.20_49.25_49.30_49.35_,44_64_55_21_206_,49.10_49.05_49.00_48.95_48.90_,252_243_579_194_180_
13:07:22,49.15,1,11442,49.15_49.20_49.25_49.30_49.35_,49_64_55_21_206_,49.10_49.05_49.00_48.95_48.90_,252_243_579_194_180_
13:07:27,49.15,1,11443,49.15_49.20_49.25_49.30_49.35_,49_64_55_21_206_,49.10_49.05_49.00_48.95_48.90_,255_243_579_194_180_
13:07:33,49.15,3,11446,49.15_49.20_49.25_49.30_49.35_,49_63_55_21_206_,49.10_49.05_49.00_48.95_48.90_,255_243_616_157_180_
13:07:38,49.15,6,11452,49.15_49.20_49.25_49.30_49.35_,49_63_55_21_206_,49.10_49.05_49.00_48.95_48.90_,255_243_611_157_180_
13:07:43,49.15,1,11453,49.15_49.20_49.25_49.30_49.35_,52_60_55_21_206_,49.10_49.05_49.00_48.95_48.90_,255_243_611_157_180_
13:07:48,49.15,2,11455,49.15_49.20_49.25_49.30_49.35_,51_60_55_21_206_,49.10_49.05_49.00_48.95_48.90_,255_243_611_157_180_
13:07:53,49.15,2,11457,49.15_49.20_49.25_49.30_49.35_,49_60_55_21_206_,49.10_49.05_49.00_48.95_48.90_,255_243_611_157_180_
13:07:58,49.15,2,11457,49.15_49.20_49.25_49.30_49.35_,53_60_55_21_206_,49.10_49.05_49.00_48.95_48.90_,255_244_611_157_180_
13:08:03,49.15,5,11462,49.15_49.20_49.25_49.30_49.35_,48_60_55_21_206_,49.10_49.05_49.00_48.95_48.90_,257_243_611_157_180_
13:08:08,49.15,48,11510,49.20_49.25_49.30_49.35_49.40_,60_55_21_206_43_,49.15_49.10_49.05_49.00_48.95_,4_256_244_611_157_
13:08:14,49.20,4,11514,49.20_49.25_49.30_49.35_49.40_,52_61_21_16_233_,49.15_49.10_49.05_49.00_48.95_,12_252_281_556_222_
13:08:24,49.15,13,11527,49.15_49.20_49.25_49.30_49.35_,7_52_61_21_16_,49.10_49.05_49.00_48.95_48.90_,252_252_593_222_106_
13:08:29,49.15,13,11527,49.15_49.20_49.25_49.30_49.35_,10_52_59_21_206_,49.10_49.05_49.00_48.95_48.90_,243_249_611_164_180_
13:08:34,49.15,13,11527,49.15_49.20_49.25_49.30_49.35_,30_52_59_21_206_,49.10_49.05_49.00_48.95_48.90_,243_249_611_162_180_
13:08:39,49.15,13,11527,49.15_49.20_49.25_49.30_49.35_,62_52_59_21_206_,49.10_49.05_49.00_48.95_48.90_,245_249_611_163_180_
13:08:44,49.15,20,11547,49.15_49.20_49.25_49.30_49.35_,42_52_59_21_206_,49.10_49.05_49.00_48.95_48.90_,247_249_611_163_180_
13:08:49,49.15,1,11548,49.15_49.20_49.25_49.30_49.35_,41_52_59_21_206_,49.10_49.05_49.00_48.95_48.90_,247_249_612_163_180_
13:08:55,49.15,2,11550,49.15_49.20_49.25_49.30_49.35_,39_52_59_21_206_,49.10_49.05_49.00_48.95_48.90_,247_249_612_163_180_
13:09:00,49.15,2,11552,49.15_49.20_49.25_49.30_49.35_,37_52_59_21_206_,49.10_49.05_49.00_48.95_48.90_,247_249_612_163_180_
13:09:05,49.15,20,11572,49.15_49.20_49.25_49.30_49.35_,17_52_59_21_206_,49.10_49.05_49.00_48.95_48.90_,248_249_612_163_180_
13:09:10,49.15,1,11573,49.15_49.20_49.25_49.30_49.35_,16_52_59_21_206_,49.10_49.05_49.00_48.95_48.90_,260_247_613_158_180_
13:09:15,49.15,5,11578,49.15_49.20_49.25_49.30_49.35_,14_52_59_21_206_,49.10_49.05_49.00_48.95_48.90_,260_246_613_158_180_
13:09:20,49.15,5,11578,49.15_49.20_49.25_49.30_49.35_,14_52_59_21_206_,49.10_49.05_49.00_48.95_48.90_,264_244_613_158_180_
13:09:25,49.15,3,11581,49.15_49.20_49.25_49.30_49.35_,13_52_59_21_206_,49.10_49.05_49.00_48.95_48.90_,264_244_613_158_180_
13:09:30,49.10,1,11582,49.15_49.20_49.25_49.30_49.35_,16_52_59_21_206_,49.10_49.05_49.00_48.95_48.90_,263_244_613_158_180_
13:09:36,49.10,1,11582,49.15_49.20_49.25_49.30_49.35_,17_42_69_21_206_,49.10_49.05_49.00_48.95_48.90_,262_244_577_195_180_
13:09:41,49.15,6,11588,49.15_49.20_49.25_49.30_49.35_,11_42_69_21_206_,49.10_49.05_49.00_48.95_48.90_,262_244_577_195_180_
13:09:46,49.15,5,11593,49.15_49.20_49.25_49.30_49.35_,6_42_69_21_206_,49.10_49.05_49.00_48.95_48.90_,261_244_577_195_180_
13:09:51,49.15,7,11600,49.15_49.20_49.25_49.30_49.35_,1_42_69_21_206_,49.10_49.05_49.00_48.95_48.90_,264_245_576_195_180_
13:09:56,49.15,1,11601,49.20_49.25_49.30_49.35_49.40_,43_59_21_206_43_,49.10_49.05_49.00_48.95_48.90_,265_244_577_195_180_
13:10:01,49.15,1,11601,49.20_49.25_49.30_49.35_49.40_,43_59_21_66_183_,49.10_49.05_49.00_48.95_48.90_,265_253_614_158_171_
13:10:06,49.15,1,11601,49.20_49.25_49.30_49.35_49.40_,43_61_21_66_183_,49.15_49.10_49.05_49.00_48.95_,1_265_253_614_158_
13:10:11,49.20,7,11608,49.20_49.25_49.30_49.35_49.40_,38_59_21_16_233_,49.15_49.10_49.05_49.00_48.95_,13_258_291_577_223_
13:10:22,49.15,18,11626,49.15_49.20_49.25_49.30_49.35_,2_45_59_21_16_,49.10_49.05_49.00_48.95_48.90_,258_254_614_223_106_
13:10:27,49.15,1,11627,49.15_49.20_49.25_49.30_49.35_,15_36_59_21_206_,49.10_49.05_49.00_48.95_48.90_,258_245_614_158_180_
13:10:32,49.15,1,11627,49.15_49.20_49.25_49.30_49.35_,17_36_71_21_206_,49.10_49.05_49.00_48.95_48.90_,260_245_614_158_180_
13:10:37,49.15,1,11628,49.15_49.20_49.25_49.30_49.35_,16_36_71_21_206_,49.10_49.05_49.00_48.95_48.90_,260_245_614_158_180_
13:10:42,49.15,1,11629,49.15_49.20_49.25_49.30_49.35_,17_36_71_21_206_,49.10_49.05_49.00_48.95_48.90_,261_245_614_158_180_
13:10:52,49.15,3,11632,49.15_49.20_49.25_49.30_49.35_,14_36_71_21_206_,49.10_49.05_49.00_48.95_48.90_,262_245_614_158_180_
13:10:58,49.15,3,11632,49.15_49.20_49.25_49.30_49.35_,16_36_69_21_206_,49.10_49.05_49.00_48.95_48.90_,263_245_614_158_180_
13:11:03,49.10,1,11633,49.15_49.20_49.25_49.30_49.35_,40_36_69_21_206_,49.10_49.05_49.00_48.95_48.90_,262_245_614_158_180_
13:11:08,49.10,1,11633,49.15_49.20_49.25_49.30_49.35_,60_56_69_21_206_,49.10_49.05_49.00_48.95_48.90_,266_245_614_158_180_
13:11:13,49.10,1,11634,49.15_49.20_49.25_49.30_49.35_,63_78_69_21_206_,49.10_49.05_49.00_48.95_48.90_,274_243_614_158_180_
13:11:18,49.10,1,11634,49.15_49.20_49.25_49.30_49.35_,63_78_69_21_206_,49.10_49.05_49.00_48.95_48.90_,277_242_614_158_180_
13:11:23,49.10,1,11634,49.15_49.20_49.25_49.30_49.35_,63_78_69_21_206_,49.10_49.05_49.00_48.95_48.90_,282_242_614_158_180_
13:11:28,49.10,1,11635,49.15_49.20_49.25_49.30_49.35_,66_76_69_21_206_,49.10_49.05_49.00_48.95_48.90_,284_242_614_158_180_
13:11:34,49.15,2,11637,49.15_49.20_49.25_49.30_49.35_,65_76_69_21_206_,49.10_49.05_49.00_48.95_48.90_,283_242_614_158_180_
13:11:49,49.15,3,11640,49.15_49.20_49.25_49.30_49.35_,62_76_69_21_206_,49.10_49.05_49.00_48.95_48.90_,284_242_614_158_180_
13:12:04,49.15,2,11644,49.15_49.20_49.25_49.30_49.35_,64_79_67_21_206_,49.10_49.05_49.00_48.95_48.90_,287_242_577_195_180_
13:12:09,49.15,3,11647,49.15_49.20_49.25_49.30_49.35_,61_79_67_21_206_,49.10_49.05_49.00_48.95_48.90_,276_242_614_158_180_
13:12:25,49.15,1,11658,49.15_49.20_49.25_49.30_49.35_,55_81_67_21_206_,49.10_49.05_49.00_48.95_48.90_,279_242_615_158_180_
13:12:30,49.10,11,11669,49.15_49.20_49.25_49.30_49.35_,61_81_67_11_206_,49.10_49.05_49.00_48.95_48.90_,268_242_615_158_180_
13:12:35,49.15,2,11671,49.15_49.20_49.25_49.30_49.35_,85_79_67_11_206_,49.10_49.05_49.00_48.95_48.90_,267_242_615_158_180_
13:12:45,49.15,1,11673,49.15_49.20_49.25_49.30_49.35_,84_79_67_11_206_,49.10_49.05_49.00_48.95_48.90_,267_242_615_158_180_
13:13:01,49.15,1,11676,49.15_49.20_49.25_49.30_49.35_,86_76_67_11_206_,49.10_49.05_49.00_48.95_48.90_,268_242_615_158_180_
13:13:06,49.15,1,11676,49.15_49.20_49.25_49.30_49.35_,86_78_67_11_206_,49.10_49.05_49.00_48.95_48.90_,270_244_615_158_180_
13:14:28,49.10,3,11719,49.15_49.20_49.25_49.30_49.35_,57_81_68_11_206_,49.10_49.05_49.00_48.95_48.90_,263_247_614_158_180_
13:14:43,49.15,1,11725,49.15_49.20_49.25_49.30_49.35_,107_79_68_11_206_,49.10_49.05_49.00_48.95_48.90_,262_247_614_158_180_
13:14:48,49.15,1,11726,49.15_49.20_49.25_49.30_49.35_,106_78_68_11_206_,49.10_49.05_49.00_48.95_48.90_,263_247_614_158_180_
13:14:53,49.15,2,11728,49.15_49.20_49.25_49.30_49.35_,107_78_66_11_206_,49.10_49.05_49.00_48.95_48.90_,263_247_614_158_180_
13:15:19,49.10,1,11736,49.15_49.20_49.25_49.30_49.35_,101_82_66_11_206_,49.10_49.05_49.00_48.95_48.90_,266_247_613_78_180_
13:15:24,49.10,1,11736,49.15_49.20_49.25_49.30_49.35_,102_77_66_11_206_,49.10_49.05_49.00_48.95_48.90_,266_247_613_78_180_
13:16:00,49.10,1,11745,49.15_49.20_49.25_49.30_49.35_,101_76_66_12_206_,49.10_49.05_49.00_48.95_48.90_,265_248_613_78_180_
13:16:05,49.10,1,11746,49.15_49.20_49.25_49.30_49.35_,103_74_66_12_206_,49.10_49.05_49.00_48.95_48.90_,264_248_614_78_180_
13:16:10,49.15,2,11748,49.15_49.20_49.25_49.30_49.35_,99_74_66_12_206_,49.10_49.05_49.00_48.95_48.90_,274_248_614_78_180_
13:16:15,49.15,5,11753,49.15_49.20_49.25_49.30_49.35_,94_74_66_12_206_,49.10_49.05_49.00_48.95_48.90_,272_246_576_115_180_
13:16:20,49.15,20,11773,49.15_49.20_49.25_49.30_49.35_,84_74_66_12_206_,49.10_49.05_49.00_48.95_48.90_,272_246_576_115_180_
13:16:26,49.15,2,11775,49.15_49.20_49.25_49.30_49.35_,83_74_66_12_206_,49.10_49.05_49.00_48.95_48.90_,272_246_576_115_180_
13:16:56,49.15,2,11788,49.15_49.20_49.25_49.30_49.35_,87_76_66_12_206_,49.10_49.05_49.00_48.95_48.90_,315_249_612_78_180_
13:17:01,49.10,2,11790,49.15_49.20_49.25_49.30_49.35_,92_76_66_12_206_,49.10_49.05_49.00_48.95_48.90_,313_250_575_115_180_
13:17:17,49.15,9,11860,49.15_49.20_49.25_49.30_49.35_,90_56_66_12_206_,49.10_49.05_49.00_48.95_48.90_,257_245_612_78_180_
13:17:22,49.10,12,11872,49.15_49.20_49.25_49.30_49.35_,102_56_66_12_206_,49.10_49.05_49.00_48.95_48.90_,249_245_612_78_180_
13:17:42,49.10,5,11901,49.15_49.20_49.25_49.30_49.35_,112_58_66_12_206_,49.10_49.05_49.00_48.95_48.90_,225_246_612_78_180_
13:18:18,49.15,5,11943,49.15_49.20_49.25_49.30_49.35_,113_56_66_12_206_,49.10_49.05_49.00_48.95_48.90_,197_239_608_72_180_
13:18:23,49.15,5,11943,49.15_49.20_49.25_49.30_49.35_,114_56_66_12_206_,49.10_49.05_49.00_48.95_48.90_,199_239_608_72_180_
13:18:28,49.15,5,11948,49.15_49.20_49.25_49.30_49.35_,111_58_66_12_206_,49.10_49.05_49.00_48.95_48.90_,204_239_608_72_180_
13:18:33,49.15,1,11949,49.15_49.20_49.25_49.30_49.35_,111_58_66_12_206_,49.10_49.05_49.00_48.95_48.90_,209_239_608_72_180_
13:18:39,49.10,5,11954,49.15_49.20_49.25_49.30_49.35_,111_56_66_12_206_,49.10_49.05_49.00_48.95_48.90_,204_239_608_72_180_
13:18:44,49.10,6,11960,49.15_49.20_49.25_49.30_49.35_,111_56_66_12_206_,49.10_49.05_49.00_48.95_48.90_,233_239_608_78_180_
13:18:49,49.10,2,11962,49.15_49.20_49.25_49.30_49.35_,111_59_66_12_206_,49.10_49.05_49.00_48.95_48.90_,233_239_608_78_180_
13:18:54,49.15,5,11967,49.15_49.20_49.25_49.30_49.35_,110_59_66_12_206_,49.10_49.05_49.00_48.95_48.90_,234_239_608_78_180_
13:19:04,49.15,7,11974,49.15_49.20_49.25_49.30_49.35_,110_59_66_11_206_,49.10_49.05_49.00_48.95_48.90_,284_239_608_78_180_
13:19:09,49.15,7,11974,49.15_49.20_49.25_49.30_49.35_,116_59_66_11_206_,49.10_49.05_49.00_48.95_48.90_,287_239_608_78_180_
13:19:14,49.15,5,11979,49.15_49.20_49.25_49.30_49.35_,111_59_66_11_206_,49.10_49.05_49.00_48.95_48.90_,302_239_608_78_180_
13:19:20,49.15,9,11988,49.15_49.20_49.25_49.30_49.35_,102_59_66_11_206_,49.10_49.05_49.00_48.95_48.90_,308_239_608_78_180_
13:19:25,49.15,43,12031,49.15_49.20_49.25_49.30_49.35_,61_59_66_11_206_,49.10_49.05_49.00_48.95_48.90_,267_239_607_78_180_
13:19:30,49.10,5,12036,49.15_49.20_49.25_49.30_49.35_,63_57_66_11_206_,49.10_49.05_49.00_48.95_48.90_,264_239_606_78_180_
13:19:35,49.10,1,12037,49.15_49.20_49.25_49.30_49.35_,65_57_66_11_206_,49.10_49.05_49.00_48.95_48.90_,263_239_605_78_180_
13:19:45,49.15,3,12041,49.15_49.20_49.25_49.30_49.35_,65_57_66_11_206_,49.10_49.05_49.00_48.95_48.90_,267_239_603_78_180_
13:19:50,49.15,1,12042,49.15_49.20_49.25_49.30_49.35_,66_57_66_11_206_,49.10_49.05_49.00_48.95_48.90_,270_239_606_78_180_
13:19:55,49.15,2,12044,49.15_49.20_49.25_49.30_49.35_,72_54_66_11_206_,49.10_49.05_49.00_48.95_48.90_,270_239_606_78_180_
13:20:01,49.10,1,12045,49.15_49.20_49.25_49.30_49.35_,72_54_66_11_206_,49.10_49.05_49.00_48.95_48.90_,290_239_569_115_180_
13:20:11,49.10,5,12051,49.15_49.20_49.25_49.30_49.35_,74_54_56_11_206_,49.10_49.05_49.00_48.95_48.90_,285_249_605_78_171_
13:20:16,49.15,5,12056,49.15_49.20_49.25_49.30_49.35_,69_54_56_11_206_,49.10_49.05_49.00_48.95_48.90_,287_249_605_78_171_
13:20:26,49.10,20,12077,49.15_49.20_49.25_49.30_49.35_,89_54_56_11_206_,49.10_49.05_49.00_48.95_48.90_,267_260_605_78_180_
13:20:36,49.10,21,12102,49.15_49.20_49.25_49.30_49.35_,109_56_56_11_206_,49.10_49.05_49.00_48.95_48.90_,243_260_626_78_180_
13:20:41,49.15,1,12103,49.15_49.20_49.25_49.30_49.35_,113_56_56_11_206_,49.10_49.05_49.00_48.95_48.90_,244_260_626_78_180_
13:20:52,49.15,5,12114,49.15_49.20_49.25_49.30_49.35_,104_54_56_11_206_,49.10_49.05_49.00_48.95_48.90_,245_263_626_98_180_
13:20:57,49.15,1,12115,49.15_49.20_49.25_49.30_49.35_,104_53_56_11_206_,49.10_49.05_49.00_48.95_48.90_,247_263_625_98_180_
13:21:02,49.10,2,12117,49.15_49.20_49.25_49.30_49.35_,104_53_56_11_206_,49.10_49.05_49.00_48.95_48.90_,255_263_625_98_180_
13:21:07,49.10,5,12122,49.15_49.20_49.25_49.30_49.35_,104_54_56_11_206_,49.10_49.05_49.00_48.95_48.90_,252_273_625_98_180_
13:21:12,49.15,4,12126,49.15_49.20_49.25_49.30_49.35_,103_54_56_11_206_,49.10_49.05_49.00_48.95_48.90_,244_272_625_98_180_
13:21:18,49.15,1,12127,49.15_49.20_49.25_49.30_49.35_,110_54_65_11_206_,49.10_49.05_49.00_48.95_48.90_,245_272_625_98_180_
13:21:23,49.10,1,12128,49.15_49.20_49.25_49.30_49.35_,109_54_65_11_206_,49.10_49.05_49.00_48.95_48.90_,244_272_625_98_180_
13:21:28,49.10,1,12129,49.15_49.20_49.25_49.30_49.35_,109_54_61_11_206_,49.10_49.05_49.00_48.95_48.90_,243_272_625_98_180_
13:21:33,49.10,1,12130,49.15_49.20_49.25_49.30_49.35_,118_56_58_11_206_,49.10_49.05_49.00_48.95_48.90_,247_274_588_135_180_
13:21:38,49.10,27,12157,49.15_49.20_49.25_49.30_49.35_,121_56_37_11_206_,49.10_49.05_49.00_48.95_48.90_,225_274_616_101_180_
13:21:43,49.10,19,12176,49.15_49.20_49.25_49.30_49.35_,126_54_32_11_206_,49.10_49.05_49.00_48.95_48.90_,206_274_620_101_180_
13:21:53,49.10,2,12183,49.15_49.20_49.25_49.30_49.35_,125_54_32_11_206_,49.10_49.05_49.00_48.95_48.90_,203_274_592_138_180_
13:21:59,49.10,11,12194,49.15_49.20_49.25_49.30_49.35_,121_55_32_11_206_,49.10_49.05_49.00_48.95_48.90_,192_275_592_138_180_
13:22:04,49.10,6,12200,49.15_49.20_49.25_49.30_49.35_,120_54_32_11_206_,49.10_49.05_49.00_48.95_48.90_,186_276_594_139_180_
13:22:09,49.10,3,12203,49.15_49.20_49.25_49.30_49.35_,120_55_32_11_206_,49.10_49.05_49.00_48.95_48.90_,186_276_631_102_180_
13:22:14,49.10,5,12208,49.15_49.20_49.25_49.30_49.35_,120_55_32_11_206_,49.10_49.05_49.00_48.95_48.90_,180_274_636_101_180_
13:22:19,49.10,3,12211,49.15_49.20_49.25_49.30_49.35_,119_56_32_11_206_,49.10_49.05_49.00_48.95_48.90_,180_274_591_137_180_
13:22:24,49.10,20,12231,49.15_49.20_49.25_49.30_49.35_,108_55_32_11_206_,49.10_49.05_49.00_48.95_48.90_,160_274_591_137_180_
13:22:29,49.10,4,12235,49.15_49.20_49.25_49.30_49.35_,119_55_20_11_206_,49.10_49.05_49.00_48.95_48.90_,158_274_626_100_180_
13:22:35,49.10,6,12241,49.15_49.20_49.25_49.30_49.35_,111_56_20_11_206_,49.10_49.05_49.00_48.95_48.90_,148_274_590_137_180_
13:22:40,49.10,1,12242,49.15_49.20_49.25_49.30_49.35_,110_56_20_11_206_,49.10_49.05_49.00_48.95_48.90_,147_275_641_90_180_
13:22:45,49.10,4,12246,49.15_49.20_49.25_49.30_49.35_,109_56_20_11_206_,49.10_49.05_49.00_48.95_48.90_,144_274_641_90_180_
13:22:50,49.10,1,12247,49.15_49.20_49.25_49.30_49.35_,108_56_19_11_206_,49.10_49.05_49.00_48.95_48.90_,154_275_642_88_180_
13:22:55,49.15,15,12262,49.15_49.20_49.25_49.30_49.35_,94_55_19_11_206_,49.10_49.05_49.00_48.95_48.90_,154_276_642_88_180_
13:23:00,49.15,8,12270,49.15_49.20_49.25_49.30_49.35_,90_55_19_11_206_,49.10_49.05_49.00_48.95_48.90_,153_276_643_88_180_
13:23:05,49.15,8,12278,49.15_49.20_49.25_49.30_49.35_,83_55_19_11_206_,49.10_49.05_49.00_48.95_48.90_,152_276_643_88_180_
13:23:10,49.15,3,12281,49.15_49.20_49.25_49.30_49.35_,82_55_19_10_206_,49.10_49.05_49.00_48.95_48.90_,151_276_643_88_180_
13:23:16,49.10,7,12288,49.15_49.20_49.25_49.30_49.35_,80_56_19_10_206_,49.10_49.05_49.00_48.95_48.90_,148_275_605_125_180_
13:23:21,49.10,1,12289,49.15_49.20_49.25_49.30_49.35_,80_56_19_10_206_,49.10_49.05_49.00_48.95_48.90_,148_276_642_98_180_
13:23:26,49.15,2,12291,49.15_49.20_49.25_49.30_49.35_,79_56_19_10_206_,49.10_49.05_49.00_48.95_48.90_,148_275_642_98_180_
13:23:31,49.10,2,12293,49.15_49.20_49.25_49.30_49.35_,77_56_19_10_206_,49.10_49.05_49.00_48.95_48.90_,149_275_643_98_180_
13:23:36,49.10,2,12293,49.15_49.20_49.25_49.30_49.35_,77_56_19_10_206_,49.10_49.05_49.00_48.95_48.90_,150_276_643_98_180_
13:23:41,49.10,2,12295,49.15_49.20_49.25_49.30_49.35_,81_56_19_10_206_,49.10_49.05_49.00_48.95_48.90_,148_278_642_98_180_
13:23:46,49.15,81,12376,49.20_49.25_49.30_49.35_49.40_,56_19_10_206_75_,49.15_49.10_49.05_49.00_48.95_,21_148_278_642_98_
13:23:51,49.15,81,12376,49.20_49.25_49.30_49.35_49.40_,56_10_10_16_274_,49.15_49.10_49.05_49.00_48.95_,32_156_323_592_163_
13:23:57,49.20,2,12378,49.20_49.25_49.30_49.35_49.40_,54_10_10_16_274_,49.15_49.10_49.05_49.00_48.95_,31_156_325_592_143_
13:24:02,49.15,1,12379,49.20_49.25_49.30_49.35_49.40_,54_10_10_16_267_,49.15_49.10_49.05_49.00_48.95_,30_155_288_629_143_
13:24:07,49.15,1,12380,49.20_49.25_49.30_49.35_49.40_,54_10_10_16_267_,49.15_49.10_49.05_49.00_48.95_,29_155_324_592_143_
13:24:12,49.20,4,12384,49.20_49.25_49.30_49.35_49.40_,50_10_10_16_267_,49.15_49.10_49.05_49.00_48.95_,29_152_323_592_143_
13:24:17,49.20,2,12386,49.20_49.25_49.30_49.35_49.40_,50_10_10_16_267_,49.15_49.10_49.05_49.00_48.95_,30_152_286_629_143_
13:24:22,49.15,1,12387,49.20_49.25_49.30_49.35_49.40_,50_10_10_16_267_,49.15_49.10_49.05_49.00_48.95_,29_152_285_629_143_
13:24:27,49.20,6,12393,49.20_49.25_49.30_49.35_49.40_,45_10_10_16_267_,49.15_49.10_49.05_49.00_48.95_,29_148_322_592_143_
13:24:33,49.15,3,12396,49.20_49.25_49.30_49.35_49.40_,45_10_10_16_267_,49.15_49.10_49.05_49.00_48.95_,26_147_286_630_143_
13:24:38,49.10,65,12461,49.15_49.20_49.30_49.35_49.40_,1_5_10_16_267_,49.10_49.05_49.00_48.95_48.90_,109_322_596_143_88_
13:24:43,49.10,1,12462,49.15_49.20_49.30_49.35_49.40_,5_3_10_74_209_,49.10_49.05_49.00_48.95_48.90_,109_277_636_78_162_
13:24:48,49.15,2,12464,49.15_49.20_49.30_49.35_49.40_,4_3_10_74_209_,49.10_49.05_49.00_48.95_48.90_,110_275_637_78_162_
13:24:53,49.15,5,12469,49.15_49.20_49.30_49.35_49.40_,11_13_1_65_200_,49.10_49.05_49.00_48.95_48.90_,112_275_628_69_153_
13:24:58,49.15,2,12471,49.15_49.20_49.30_49.35_49.40_,11_12_1_65_200_,49.10_49.05_49.00_48.95_48.90_,112_275_628_76_153_
13:25:04,49.15,2,12471,49.15_,0_,49.10_,0_
13:25:09,49.15,2,12471,49.10_,0_,49.05_,0_
13:25:14,49.15,2,12471,49.10_,0_,49.05_,0_
13:25:19,49.15,2,12471,49.10_,0_,49.05_,0_
13:25:24,49.15,2,12471,49.10_,0_,49.05_,0_
13:25:29,49.15,2,12471,49.10_,0_,49.05_,0_
13:25:35,49.15,2,12471,49.10_,0_,49.05_,0_
13:25:40,49.15,2,12471,49.15_,0_,49.10_,0_
13:25:45,49.15,2,12471,49.15_,0_,49.10_,0_
13:25:50,49.15,2,12471,49.15_,0_,49.10_,0_
13:25:55,49.15,2,12471,49.15_,0_,49.10_,0_
13:26:00,49.15,2,12471,49.15_,0_,49.10_,0_
13:26:05,49.15,2,12471,49.15_,0_,49.10_,0_
13:26:10,49.15,2,12471,49.15_,0_,49.10_,0_
13:26:16,49.15,2,12471,49.15_,0_,49.10_,0_
13:26:21,49.15,2,12471,49.15_,0_,49.10_,0_
13:26:26,49.15,2,12471,49.15_,0_,49.10_,0_
13:26:31,49.15,2,12471,49.15_,0_,49.10_,0_
13:26:36,49.15,2,12471,49.15_,0_,49.10_,0_
13:26:41,49.15,2,12471,49.15_,0_,49.10_,0_
13:26:46,49.15,2,12471,49.15_,0_,49.10_,0_
13:26:51,49.15,2,12471,49.15_,0_,49.10_,0_
13:26:57,49.15,2,12471,49.15_,0_,49.10_,0_
13:27:02,49.15,2,12471,49.15_,0_,49.10_,0_
13:27:07,49.15,2,12471,49.15_,0_,49.10_,0_
13:27:12,49.15,2,12471,49.15_,0_,49.10_,0_
13:27:17,49.15,2,12471,49.15_,0_,49.10_,0_
13:27:22,49.15,2,12471,49.15_,0_,49.10_,0_
13:27:32,49.15,2,12471,49.15_,0_,49.10_,0_
13:27:37,49.15,2,12471,49.15_,0_,49.10_,0_
13:27:43,49.15,2,12471,49.15_,0_,49.10_,0_
13:27:48,49.15,2,12471,49.15_,0_,49.10_,0_
13:27:53,49.15,2,12471,49.15_,0_,49.10_,0_
13:27:58,49.15,2,12471,49.15_,0_,49.10_,0_
13:28:03,49.15,2,12471,49.15_,0_,49.10_,0_
13:28:08,49.15,2,12471,49.15_,0_,49.10_,0_
13:28:13,49.15,2,12471,49.15_,0_,49.10_,0_
13:28:19,49.15,2,12471,49.15_,0_,49.10_,0_
13:28:39,49.15,2,12471,49.15_,0_,49.10_,0_
13:28:44,49.15,2,12471,49.15_,0_,49.10_,0_
13:28:49,49.15,2,12471,49.15_,0_,49.10_,0_
13:28:55,49.15,2,12471,49.15_,0_,49.10_,0_
13:29:00,49.15,2,12471,49.15_,0_,49.10_,0_
13:29:05,49.15,2,12471,49.15_,0_,49.10_,0_
13:29:15,49.15,2,12471,49.15_,0_,49.10_,0_
13:29:20,49.15,2,12471,49.15_,0_,49.10_,0_
13:29:30,49.15,2,12471,49.15_,0_,49.10_,0_
13:29:36,49.15,2,12471,49.15_,0_,49.10_,0_
13:29:41,49.15,2,12471,49.15_,0_,49.10_,0_
13:29:46,49.15,2,12471,49.15_,0_,49.10_,0_
13:29:51,49.15,2,12471,49.15_,0_,49.10_,0_
13:29:56,49.15,2,12471,49.15_,0_,49.10_,0_
13:30:00,49.10,555,13026,49.15_49.20_49.25_49.30_49.35_,21_1_30_75_203_,49.10_49.05_49.00_48.95_48.90_,72_315_638_234_471_
