09:00:03,88.20,273,273,88.20_88.30_88.40_88.50_88.60_,72_88_78_177_95_,88.10_88.00_87.90_87.80_87.60_,16_51_28_2_11_
09:00:08,88.20,17,290,88.20_88.30_88.40_88.50_88.60_,69_90_78_177_95_,88.10_88.00_87.90_87.80_87.60_,39_52_28_2_11_
09:00:13,88.20,69,359,88.30_88.40_88.50_88.60_88.70_,91_78_178_95_8_,88.20_88.10_88.00_87.90_87.80_,10_42_54_28_2_
09:00:18,88.30,35,394,88.30_88.40_88.50_88.60_88.70_,59_78_177_95_8_,88.20_88.10_88.00_87.90_87.80_,17_25_53_28_2_
09:00:24,88.30,38,432,88.30_88.40_88.50_88.60_88.70_,21_80_177_95_8_,88.20_88.10_88.00_87.90_87.80_,18_19_50_28_2_
09:00:29,88.30,10,442,88.30_88.40_88.50_88.60_88.70_,11_80_178_95_8_,88.20_88.10_88.00_87.90_87.80_,25_21_50_28_2_
09:00:34,88.40,13,455,88.40_88.50_88.60_88.70_88.80_,75_180_95_7_68_,88.30_88.20_88.10_88.00_87.90_,8_29_21_50_28_
09:00:39,88.40,3,458,88.40_88.50_88.60_88.70_88.80_,72_180_95_7_68_,88.30_88.20_88.10_88.00_87.90_,27_25_16_50_28_
09:00:44,88.40,7,465,88.40_88.50_88.60_88.70_88.80_,65_190_95_7_68_,88.30_88.20_88.10_88.00_87.90_,29_25_12_50_28_
09:00:49,88.40,6,471,88.40_88.50_88.60_88.70_88.80_,59_190_95_7_68_,88.30_88.20_88.10_88.00_87.90_,35_20_12_51_28_
09:00:54,88.30,4,475,88.40_88.50_88.60_88.70_88.80_,59_190_95_7_68_,88.30_88.20_88.10_88.00_87.90_,32_20_12_52_28_
09:00:59,88.40,18,493,88.40_88.50_88.60_88.70_88.80_,41_195_95_7_68_,88.30_88.20_88.10_88.00_87.90_,34_18_11_52_28_
09:01:04,88.40,5,498,88.40_88.50_88.60_88.70_88.80_,36_195_95_7_68_,88.30_88.20_88.10_88.00_87.90_,35_13_11_51_28_
09:01:10,88.40,17,515,88.40_88.50_88.60_88.70_88.80_,19_194_95_8_68_,88.30_88.20_88.10_88.00_87.90_,40_17_11_51_28_
09:01:15,88.40,15,530,88.40_88.50_88.60_88.70_88.80_,4_193_95_9_63_,88.30_88.20_88.10_88.00_87.90_,43_17_12_51_28_
09:01:20,88.40,4,534,88.50_88.60_88.70_88.80_88.90_,193_95_9_63_76_,88.40_88.30_88.20_88.10_88.00_,18_47_18_11_51_
09:01:25,88.50,5,539,88.50_88.60_88.70_88.80_88.90_,191_95_9_63_107_,88.40_88.30_88.20_88.10_88.00_,39_34_21_11_105_
09:01:30,88.50,4,543,88.50_88.60_88.70_88.80_88.90_,187_95_9_63_107_,88.40_88.30_88.20_88.10_88.00_,39_33_21_11_105_
09:01:35,88.50,20,563,88.50_88.60_88.70_88.80_88.90_,168_95_9_63_107_,88.40_88.30_88.20_88.10_88.00_,47_33_21_11_105_
09:01:40,88.50,16,579,88.50_88.60_88.70_88.80_88.90_,152_95_9_63_107_,88.40_88.30_88.20_88.10_88.00_,50_27_21_11_105_
09:01:45,88.50,3,582,88.50_88.60_88.70_88.80_88.90_,151_95_9_63_107_,88.40_88.30_88.20_88.10_88.00_,49_26_21_11_105_
09:01:51,88.50,3,582,88.50_88.60_88.70_88.80_88.90_,151_95_9_64_107_,88.40_88.30_88.20_88.10_88.00_,51_26_22_11_105_
09:01:56,88.50,22,604,88.50_88.60_88.70_88.80_88.90_,80_95_9_64_107_,88.40_88.30_88.20_88.10_88.00_,52_27_22_12_105_
09:02:01,88.50,33,637,88.50_88.60_88.70_88.80_88.90_,47_95_9_67_107_,88.40_88.30_88.20_88.10_88.00_,52_27_22_12_105_
09:02:06,88.50,47,684,88.60_88.70_88.80_88.90_89.00_,95_9_67_113_183_,88.50_88.40_88.30_88.20_88.10_,23_49_27_21_12_
09:02:11,88.60,2,686,88.60_88.70_88.80_88.90_89.00_,93_9_67_82_218_,88.50_88.40_88.30_88.20_88.10_,41_35_27_16_68_
09:02:16,88.60,10,696,88.60_88.70_88.80_88.90_89.00_,85_9_67_76_227_,88.50_88.40_88.30_88.20_88.10_,91_36_27_16_68_
09:02:21,88.60,45,741,88.60_88.70_88.80_88.90_89.00_,45_9_67_76_227_,88.50_88.40_88.30_88.20_88.10_,95_35_25_16_68_
09:02:26,88.60,17,758,88.60_88.70_88.80_88.90_89.00_,31_19_68_76_227_,88.50_88.40_88.30_88.20_88.10_,99_33_24_16_72_
09:02:32,88.60,46,804,88.60_88.70_88.80_88.90_89.00_,5_19_68_81_229_,88.50_88.40_88.30_88.20_88.10_,105_33_25_16_72_
09:02:37,88.70,15,819,88.70_88.80_88.90_89.00_89.10_,7_68_81_229_10_,88.60_88.50_88.40_88.30_88.20_,6_105_33_24_16_
09:02:42,88.80,12,831,88.80_88.90_89.00_89.10_89.20_,64_83_189_48_36_,88.60_88.50_88.40_88.30_88.20_,42_95_33_24_71_
09:02:47,88.70,5,836,88.80_88.90_89.00_89.10_89.20_,67_83_189_17_67_,88.70_88.60_88.50_88.40_88.30_,10_60_95_33_24_
09:02:52,88.60,42,878,88.80_88.90_89.00_89.10_89.20_,65_84_189_17_67_,88.60_88.50_88.40_88.30_88.20_,33_87_33_74_20_
09:02:57,88.70,4,882,88.80_88.90_89.00_89.10_89.20_,65_84_189_17_67_,88.70_88.60_88.50_88.40_88.30_,3_36_86_33_18_
09:03:02,88.80,33,915,88.80_88.90_89.00_89.10_89.20_,35_84_191_17_67_,88.70_88.60_88.50_88.40_88.30_,4_37_87_33_68_
09:03:08,88.70,25,940,88.80_88.90_89.00_89.10_89.20_,36_84_204_10_74_,88.70_88.60_88.50_88.40_88.30_,2_26_87_33_71_
09:03:13,88.80,13,953,88.80_88.90_89.00_89.10_89.20_,31_83_204_10_74_,88.70_88.60_88.50_88.40_88.30_,5_26_87_28_71_
09:03:18,88.80,16,969,88.80_88.90_89.00_89.10_89.20_,37_84_204_10_74_,88.70_88.60_88.50_88.40_88.30_,6_26_87_28_65_
09:03:23,88.70,5,974,88.80_88.90_89.00_89.10_89.20_,40_85_203_10_74_,88.70_88.60_88.50_88.40_88.30_,6_30_87_28_65_
09:03:28,88.70,4,978,88.80_88.90_89.00_89.10_89.20_,40_85_214_10_74_,88.70_88.60_88.50_88.40_88.30_,8_30_87_23_65_
09:03:33,88.70,3,981,88.80_88.90_89.00_89.10_89.20_,41_86_214_10_74_,88.70_88.60_88.50_88.40_88.30_,9_31_91_23_65_
09:03:38,88.70,2,983,88.80_88.90_89.00_89.10_89.20_,41_88_214_10_76_,88.70_88.60_88.50_88.40_88.30_,10_31_91_23_65_
09:03:44,88.70,5,988,88.80_88.90_89.00_89.10_89.20_,42_88_215_10_76_,88.70_88.60_88.50_88.40_88.30_,5_31_91_23_65_
09:03:49,88.70,5,988,88.80_88.90_89.00_89.10_89.20_,42_88_216_10_76_,88.70_88.60_88.50_88.40_88.30_,5_31_91_23_65_
09:03:54,88.70,12,1000,88.70_88.80_88.90_89.00_89.10_,9_43_88_219_10_,88.60_88.50_88.40_88.30_88.20_,31_91_23_65_20_
09:03:59,88.70,1,1001,88.70_88.80_88.90_89.00_89.10_,32_48_88_222_42_,88.60_88.50_88.40_88.30_88.20_,37_86_23_15_69_
09:04:04,88.70,1,1002,88.70_88.80_88.90_89.00_89.10_,45_49_88_222_50_,88.60_88.50_88.40_88.30_88.20_,37_86_24_15_69_
09:04:09,88.70,1,1003,88.70_88.80_88.90_89.00_89.10_,51_49_88_222_50_,88.60_88.50_88.40_88.30_88.20_,37_86_24_15_69_
09:04:15,88.60,7,1010,88.70_88.80_88.90_89.00_89.10_,47_50_86_222_50_,88.60_88.50_88.40_88.30_88.20_,30_86_24_15_69_
09:04:20,88.60,2,1012,88.70_88.80_88.90_89.00_89.10_,47_43_86_229_50_,88.60_88.50_88.40_88.30_88.20_,28_86_23_15_69_
09:04:25,88.60,1,1013,88.70_88.80_88.90_89.00_89.10_,48_43_87_230_50_,88.60_88.50_88.40_88.30_88.20_,28_87_23_16_69_
09:04:30,88.60,11,1024,88.70_88.80_88.90_89.00_89.10_,48_43_87_230_50_,88.60_88.50_88.40_88.30_88.20_,17_87_23_16_69_
09:04:35,88.60,5,1029,88.70_88.80_88.90_89.00_89.10_,49_43_92_231_50_,88.60_88.50_88.40_88.30_88.20_,16_87_23_15_69_
09:04:40,88.60,10,1039,88.70_88.80_88.90_89.00_89.10_,50_43_93_233_50_,88.60_88.50_88.40_88.30_88.20_,6_87_23_15_69_
09:04:45,88.60,6,1045,88.60_88.70_88.80_88.90_89.00_,1_50_42_94_233_,88.50_88.40_88.30_88.20_88.10_,87_24_15_69_12_
09:04:50,88.60,1,1046,88.70_88.80_88.90_89.00_89.10_,50_39_95_263_19_,88.60_88.50_88.40_88.30_88.20_,4_91_24_15_16_
09:04:56,88.60,6,1052,88.70_88.80_88.90_89.00_89.10_,51_39_96_233_49_,88.50_88.40_88.30_88.20_88.10_,87_24_15_64_16_
09:05:01,88.70,1,1053,88.70_88.80_88.90_89.00_89.10_,50_39_97_233_49_,88.60_88.50_88.40_88.30_88.20_,1_91_27_15_15_
09:05:06,88.50,20,1073,88.60_88.70_88.80_88.90_89.00_,5_50_39_99_233_,88.50_88.40_88.30_88.20_88.10_,70_27_15_64_16_
09:05:11,88.50,10,1083,88.60_88.70_88.80_88.90_89.00_,7_50_43_100_265_,88.50_88.40_88.30_88.20_88.10_,66_28_15_15_65_
09:05:16,88.60,4,1087,88.60_88.70_88.80_88.90_89.00_,14_50_43_101_274_,88.50_88.40_88.30_88.20_88.10_,65_28_15_15_65_
09:05:21,88.60,15,1102,88.60_88.70_88.80_88.90_89.00_,10_49_43_102_275_,88.50_88.40_88.30_88.20_88.10_,66_27_16_15_65_
09:05:26,88.60,10,1112,88.70_88.80_88.90_89.00_89.10_,49_43_103_275_10_,88.60_88.50_88.40_88.30_88.20_,6_67_27_16_15_
09:05:31,88.60,6,1118,88.70_88.80_88.90_89.00_89.10_,49_44_105_245_40_,88.60_88.50_88.40_88.30_88.20_,17_66_25_15_64_
09:05:37,88.70,10,1128,88.70_88.80_88.90_89.00_89.10_,41_49_105_236_49_,88.60_88.50_88.40_88.30_88.20_,21_66_25_18_64_
09:05:42,88.70,8,1136,88.70_88.80_88.90_89.00_89.10_,38_49_107_236_49_,88.60_88.50_88.40_88.30_88.20_,21_65_25_17_64_
09:05:47,88.70,1,1137,88.70_88.80_88.90_89.00_89.10_,38_49_107_238_49_,88.60_88.50_88.40_88.30_88.20_,32_65_23_17_64_
09:05:52,88.70,3,1140,88.70_88.80_88.90_89.00_89.10_,35_49_109_238_49_,88.60_88.50_88.40_88.30_88.20_,33_65_23_17_64_
09:05:57,88.60,2,1142,88.70_88.80_88.90_89.00_89.10_,35_49_109_238_49_,88.60_88.50_88.40_88.30_88.20_,21_65_23_18_64_
09:06:02,88.70,11,1153,88.70_88.80_88.90_89.00_89.10_,28_49_109_239_49_,88.60_88.50_88.40_88.30_88.20_,21_65_23_18_64_
09:06:07,88.70,23,1176,88.70_88.80_88.90_89.00_89.10_,5_49_109_239_50_,88.60_88.50_88.40_88.30_88.20_,23_65_23_18_64_
09:06:12,88.70,2,1178,88.70_88.80_88.90_89.00_89.10_,4_49_109_239_50_,88.60_88.50_88.40_88.30_88.20_,25_65_23_20_64_
09:06:18,88.70,1,1179,88.70_88.80_88.90_89.00_89.10_,3_49_109_239_50_,88.60_88.50_88.40_88.30_88.20_,25_65_23_20_64_
09:06:23,88.60,10,1189,88.70_88.80_88.90_89.00_89.10_,3_50_109_247_58_,88.60_88.50_88.40_88.30_88.20_,19_65_23_20_64_
09:06:28,88.70,1,1190,88.70_88.80_88.90_89.00_89.10_,2_50_118_250_58_,88.60_88.50_88.40_88.30_88.20_,23_65_23_20_64_
09:06:38,88.70,2,1192,88.70_88.80_88.90_89.00_89.10_,2_51_118_250_59_,88.60_88.50_88.40_88.30_88.20_,23_65_23_20_65_
09:06:43,88.70,2,1194,88.70_88.80_88.90_89.00_89.10_,10_51_118_249_59_,88.60_88.50_88.40_88.30_88.20_,23_65_23_20_65_
09:06:48,88.70,6,1200,88.70_88.80_88.90_89.00_89.10_,4_51_120_249_59_,88.60_88.50_88.40_88.30_88.20_,24_66_23_20_65_
09:06:53,88.70,4,1204,88.70_88.80_88.90_89.00_89.10_,1_51_120_249_59_,88.60_88.50_88.40_88.30_88.20_,27_66_22_23_66_
09:06:59,88.80,3,1207,88.80_88.90_89.00_89.10_89.20_,49_120_249_59_53_,88.70_88.60_88.50_88.40_88.30_,5_27_66_22_20_
09:07:04,88.70,12,1219,88.80_88.90_89.00_89.10_89.20_,52_120_249_30_83_,88.70_88.60_88.50_88.40_88.30_,6_19_66_22_71_
09:07:09,88.70,12,1231,88.70_88.80_88.90_89.00_89.10_,1_52_120_252_30_,88.60_88.50_88.40_88.30_88.20_,20_66_22_71_17_
09:07:14,88.70,7,1238,88.70_88.80_88.90_89.00_89.10_,1_52_120_263_60_,88.60_88.50_88.40_88.30_88.20_,25_66_23_22_66_
09:07:19,88.70,7,1238,88.70_88.80_88.90_89.00_89.10_,2_53_120_263_60_,88.60_88.50_88.40_88.30_88.20_,25_66_22_22_66_
09:07:24,88.70,1,1239,88.70_88.80_88.90_89.00_89.10_,1_53_120_263_60_,88.60_88.50_88.40_88.30_88.20_,28_66_22_22_66_
09:07:29,88.70,1,1240,88.80_88.90_89.00_89.10_89.20_,55_120_263_60_53_,88.70_88.60_88.50_88.40_88.30_,1_28_66_22_22_
09:07:34,88.70,1,1240,88.80_88.90_89.00_89.10_89.20_,55_130_264_30_83_,88.70_88.60_88.50_88.40_88.30_,4_24_66_22_71_
09:07:40,88.80,4,1244,88.80_88.90_89.00_89.10_89.20_,52_130_264_30_83_,88.70_88.60_88.50_88.40_88.30_,5_24_66_23_71_
09:07:45,88.80,5,1249,88.80_88.90_89.00_89.10_89.20_,47_130_264_30_83_,88.70_88.60_88.50_88.40_88.30_,15_24_66_23_71_
09:07:50,88.70,2,1251,88.80_88.90_89.00_89.10_89.20_,47_130_264_21_92_,88.70_88.60_88.50_88.40_88.30_,29_56_66_23_71_
09:07:55,88.80,3,1254,88.80_88.90_89.00_89.10_89.20_,63_130_264_21_92_,88.70_88.60_88.50_88.40_88.30_,29_66_63_24_71_
09:08:00,88.80,3,1257,88.80_88.90_89.00_89.10_89.20_,75_140_264_21_92_,88.70_88.60_88.50_88.40_88.30_,29_68_63_24_71_
09:08:05,88.70,20,1277,88.80_88.90_89.00_89.10_89.20_,75_140_264_21_92_,88.70_88.60_88.50_88.40_88.30_,15_68_63_24_71_
09:08:10,88.80,3,1280,88.80_88.90_89.00_89.10_89.20_,73_140_264_21_93_,88.70_88.60_88.50_88.40_88.30_,19_69_64_24_71_
09:08:16,88.80,6,1286,88.80_88.90_89.00_89.10_89.20_,69_140_264_21_93_,88.70_88.60_88.50_88.40_88.30_,19_69_65_24_71_
09:08:21,88.80,2,1288,88.80_88.90_89.00_89.10_89.20_,74_140_264_21_93_,88.70_88.60_88.50_88.40_88.30_,21_69_65_24_71_
09:08:26,88.80,13,1301,88.80_88.90_89.00_89.10_89.20_,69_140_264_21_94_,88.70_88.60_88.50_88.40_88.30_,21_69_65_24_71_
09:08:31,88.80,14,1315,88.80_88.90_89.00_89.10_89.20_,60_140_264_21_94_,88.70_88.60_88.50_88.40_88.30_,21_69_70_23_71_
09:08:36,88.80,24,1339,88.80_88.90_89.00_89.10_89.20_,41_140_264_21_94_,88.70_88.60_88.50_88.40_88.30_,23_69_70_23_71_
09:08:41,88.80,41,1380,88.90_89.00_89.10_89.20_89.30_,140_268_21_94_19_,88.80_88.70_88.60_88.50_88.40_,20_36_69_70_23_
09:08:47,88.90,15,1395,88.90_89.00_89.10_89.20_89.30_,125_272_22_64_49_,88.80_88.70_88.60_88.50_88.40_,33_19_68_70_63_
09:08:52,88.90,12,1407,88.90_89.00_89.10_89.20_89.30_,116_281_22_55_58_,88.80_88.70_88.60_88.50_88.40_,33_18_69_69_68_
09:08:57,88.90,20,1427,88.90_89.00_89.10_89.20_89.30_,98_282_22_55_58_,88.80_88.70_88.60_88.50_88.40_,34_18_69_69_68_
09:09:02,88.90,44,1471,88.90_89.00_89.10_89.20_89.30_,104_291_22_56_58_,88.80_88.70_88.60_88.50_88.40_,39_18_69_69_68_
09:09:07,88.90,44,1515,88.90_89.00_89.10_89.20_89.30_,79_294_22_56_58_,88.80_88.70_88.60_88.50_88.40_,39_20_69_69_68_
09:09:12,88.90,36,1551,88.90_89.00_89.10_89.20_89.30_,59_295_22_56_58_,88.80_88.70_88.60_88.50_88.40_,41_20_69_69_68_
09:09:17,88.90,34,1585,88.90_89.00_89.10_89.20_89.30_,51_297_21_56_58_,88.80_88.70_88.60_88.50_88.40_,41_20_69_69_68_
09:09:23,88.90,39,1624,88.90_89.00_89.10_89.20_89.30_,14_297_21_57_58_,88.80_88.70_88.60_88.50_88.40_,43_40_69_69_68_
09:09:28,89.00,46,1670,89.00_89.10_89.20_89.30_89.40_,266_21_57_56_17_,88.90_88.80_88.70_88.60_88.50_,12_43_40_38_119_
09:09:33,88.90,25,1695,89.00_89.10_89.20_89.30_89.40_,330_21_57_26_42_,88.90_88.80_88.70_88.60_88.50_,55_39_40_38_161_
09:09:38,89.00,23,1718,89.00_89.10_89.20_89.30_89.40_,310_21_57_17_52_,88.90_88.80_88.70_88.60_88.50_,66_35_40_38_161_
09:09:43,89.00,18,1736,89.00_89.10_89.20_89.30_89.40_,307_21_57_17_52_,88.90_88.80_88.70_88.60_88.50_,91_31_30_38_161_
09:09:48,89.00,16,1752,89.00_89.10_89.20_89.30_89.40_,298_31_62_17_52_,88.90_88.80_88.70_88.60_88.50_,97_36_30_38_161_
09:09:53,89.00,11,1763,89.00_89.10_89.20_89.30_89.40_,291_31_62_17_52_,88.90_88.80_88.70_88.60_88.50_,100_37_30_40_161_
09:09:58,89.00,20,1783,89.00_89.10_89.20_89.30_89.40_,274_31_62_17_52_,88.90_88.80_88.70_88.60_88.50_,96_37_29_40_161_
09:10:04,89.00,43,1826,89.00_89.10_89.20_89.30_89.40_,236_31_62_17_53_,88.90_88.80_88.70_88.60_88.50_,101_37_29_41_161_
09:10:09,89.00,157,1983,89.00_89.10_89.20_89.30_89.40_,84_31_65_17_53_,88.90_88.80_88.70_88.60_88.50_,100_35_29_41_161_
09:10:14,89.00,87,2070,89.10_89.20_89.30_89.40_89.50_,31_65_17_53_187_,89.00_88.90_88.80_88.70_88.60_,180_111_37_9_37_
09:10:19,89.20,42,2112,89.20_89.30_89.40_89.50_89.60_,54_17_14_224_13_,89.10_89.00_88.90_88.80_88.70_,22_206_102_35_5_
09:10:24,89.20,54,2166,89.30_89.40_89.50_89.60_89.70_,17_14_195_43_9_,89.20_89.10_89.00_88.90_88.80_,28_19_103_97_24_
09:10:29,89.30,25,2191,89.30_89.40_89.50_89.60_89.70_,7_15_188_13_44_,89.20_89.10_89.00_88.90_88.80_,42_18_97_91_62_
09:10:34,89.40,22,2213,89.40_89.50_89.60_89.70_89.80_,4_189_13_44_59_,89.30_89.20_89.10_89.00_88.90_,12_50_18_99_90_
09:10:40,89.40,9,2222,89.40_89.50_89.60_89.70_89.80_,3_189_13_9_95_,89.30_89.20_89.10_89.00_88.90_,39_41_17_104_79_
09:10:45,89.50,8,2230,89.50_89.60_89.70_89.80_89.90_,183_13_9_95_41_,89.40_89.30_89.20_89.10_89.00_,44_43_41_17_99_
09:10:50,89.50,32,2262,89.50_89.60_89.70_89.80_89.90_,124_13_9_65_121_,89.40_89.30_89.20_89.10_89.00_,81_31_40_17_141_
09:10:55,89.50,89,2351,89.50_89.60_89.70_89.80_89.90_,37_10_9_59_127_,89.40_89.30_89.20_89.10_89.00_,81_29_39_17_141_
09:11:00,89.60,52,2403,89.60_89.70_89.80_89.90_90.00_,1_20_59_127_182_,89.50_89.40_89.30_89.20_89.10_,41_58_29_39_17_
09:11:05,89.60,7,2410,89.70_89.80_89.90_90.00_90.10_,20_59_97_212_3_,89.50_89.40_89.30_89.20_89.10_,33_46_25_113_163_
09:11:10,89.60,21,2431,89.70_89.80_89.90_90.00_90.10_,20_58_91_182_40_,89.60_89.50_89.40_89.30_89.20_,40_28_47_134_113_
09:11:15,89.70,36,2467,89.70_89.80_89.90_90.00_90.10_,5_58_93_182_40_,89.60_89.50_89.40_89.30_89.20_,54_17_45_134_157_
09:11:21,89.70,24,2491,89.80_89.90_90.00_90.10_90.20_,57_109_188_40_3_,89.70_89.60_89.50_89.40_89.30_,19_37_24_45_134_
09:11:26,89.70,24,2515,89.80_89.90_90.00_90.10_90.20_,58_110_189_3_40_,89.70_89.60_89.50_89.40_89.30_,28_24_24_43_186_
09:11:31,89.70,33,2548,89.80_89.90_90.00_90.10_90.20_,58_120_192_3_40_,89.70_89.60_89.50_89.40_89.30_,9_44_24_154_196_
09:11:36,89.70,18,2566,89.80_89.90_90.00_90.10_90.20_,66_120_193_3_40_,89.70_89.60_89.50_89.40_89.30_,4_44_136_153_196_
09:11:41,89.70,42,2608,89.70_89.80_89.90_90.00_90.10_,7_66_120_192_3_,89.60_89.50_89.40_89.30_89.20_,44_136_153_196_104_
09:11:46,89.60,22,2630,89.70_89.80_89.90_90.00_90.10_,8_66_120_196_33_,89.60_89.50_89.40_89.30_89.20_,139_138_153_149_152_
09:11:51,89.60,23,2653,89.70_89.80_89.90_90.00_90.10_,22_67_120_197_33_,89.60_89.50_89.40_89.30_89.20_,134_136_152_147_152_
09:11:56,89.70,10,2663,89.70_89.80_89.90_90.00_90.10_,28_66_120_198_33_,89.60_89.50_89.40_89.30_89.20_,135_136_152_146_152_
09:12:02,89.70,20,2683,89.70_89.80_89.90_90.00_90.10_,27_66_120_203_33_,89.60_89.50_89.40_89.30_89.20_,135_136_152_146_152_
09:12:07,89.60,11,2694,89.70_89.80_89.90_90.00_90.10_,30_58_120_203_33_,89.60_89.50_89.40_89.30_89.20_,127_126_151_146_152_
09:12:12,89.70,35,2729,89.80_89.90_90.00_90.10_90.20_,59_120_208_33_10_,89.70_89.60_89.50_89.40_89.30_,9_127_126_150_146_
09:12:17,89.70,17,2746,89.70_89.80_89.90_90.00_90.10_,3_61_121_211_3_,89.60_89.50_89.40_89.30_89.20_,126_124_150_194_104_
09:12:22,89.70,8,2754,89.70_89.80_89.90_90.00_90.10_,8_61_116_212_33_,89.60_89.50_89.40_89.30_89.20_,127_124_119_146_152_
09:12:27,89.70,15,2769,89.80_89.90_90.00_90.10_90.20_,61_116_212_33_10_,89.70_89.60_89.50_89.40_89.30_,112_128_124_119_145_
09:12:32,89.70,9,2778,89.80_89.90_90.00_90.10_90.20_,61_116_212_4_41_,89.70_89.60_89.50_89.40_89.30_,122_137_124_119_193_
09:12:38,89.70,35,2813,89.80_89.90_90.00_90.10_90.20_,58_117_212_4_41_,89.70_89.60_89.50_89.40_89.30_,101_125_124_119_193_
09:12:43,89.80,37,2850,89.80_89.90_90.00_90.10_90.20_,35_117_227_4_41_,89.70_89.60_89.50_89.40_89.30_,25_16_13_8_83_
09:12:48,89.60,71,2921,89.70_89.80_89.90_90.00_90.10_,86_35_117_233_4_,89.60_89.50_89.40_89.30_89.20_,2_18_8_83_5_
09:12:53,89.50,18,2939,89.60_89.70_89.80_89.90_90.00_,18_8_34_112_236_,89.50_89.40_89.30_89.20_89.10_,6_12_51_55_21_
09:12:58,89.50,24,2963,89.50_89.60_89.70_89.80_89.90_,51_5_25_34_120_,89.40_89.30_89.20_89.10_89.00_,15_45_7_69_91_
09:13:03,89.30,32,2995,89.40_89.50_89.60_89.70_89.80_,5_51_74_26_46_,89.30_89.20_89.10_89.00_88.90_,37_8_21_143_28_
09:13:08,89.30,13,3008,89.40_89.50_89.60_89.70_89.80_,17_51_77_26_80_,89.30_89.20_89.10_89.00_88.90_,35_11_21_95_77_
09:13:13,89.30,7,3015,89.40_89.50_89.60_89.70_89.80_,20_9_10_27_86_,89.30_89.20_89.10_89.00_88.90_,29_13_26_95_77_
09:13:19,89.30,30,3045,89.30_89.40_89.50_89.60_89.70_,35_23_6_10_28_,89.20_89.10_89.00_88.90_88.80_,13_31_95_80_5_
09:13:24,89.40,17,3062,89.40_89.50_89.60_89.70_89.80_,14_6_9_60_52_,89.20_89.10_89.00_88.90_88.80_,23_30_92_38_58_
09:13:29,89.40,7,3069,89.40_89.50_89.60_89.70_89.80_,9_6_9_30_84_,89.30_89.20_89.10_89.00_88.90_,22_28_31_94_38_
09:13:34,89.40,3,3072,89.40_89.50_89.60_89.70_89.80_,7_16_9_48_86_,89.30_89.20_89.10_89.00_88.90_,32_26_46_94_90_
09:13:39,89.40,2,3074,89.40_89.50_89.60_89.70_89.80_,8_17_14_48_86_,89.30_89.20_89.10_89.00_88.90_,36_25_56_94_90_
09:13:44,89.40,15,3089,89.40_89.50_89.60_89.70_89.80_,6_17_14_48_87_,89.30_89.20_89.10_89.00_88.90_,36_25_56_94_90_
09:13:49,89.30,37,3126,89.40_89.50_89.60_89.70_89.80_,6_20_14_48_87_,89.30_89.20_89.10_89.00_88.90_,7_33_56_94_90_
09:13:55,89.40,8,3134,89.50_89.60_89.70_89.80_89.90_,21_14_48_87_155_,89.40_89.30_89.20_89.10_89.00_,5_4_33_56_94_
09:14:00,89.50,10,3144,89.50_89.60_89.70_89.80_89.90_,16_17_48_50_185_,89.40_89.30_89.20_89.10_89.00_,6_8_83_56_143_
09:14:05,89.40,8,3152,89.50_89.60_89.70_89.80_89.90_,17_20_58_52_185_,89.40_89.30_89.20_89.10_89.00_,3_7_83_56_144_
09:14:10,89.40,3,3155,89.50_89.60_89.70_89.80_89.90_,69_21_58_54_185_,89.40_89.30_89.20_89.10_89.00_,32_8_83_58_144_
09:14:15,89.40,2,3157,89.50_89.60_89.70_89.80_89.90_,69_21_58_55_185_,89.40_89.30_89.20_89.10_89.00_,43_8_84_58_144_
09:14:20,89.40,24,3181,89.50_89.60_89.70_89.80_89.90_,71_21_58_54_185_,89.40_89.30_89.20_89.10_89.00_,20_8_84_58_149_
09:14:26,89.50,13,3194,89.50_89.60_89.70_89.80_89.90_,59_21_58_55_185_,89.40_89.30_89.20_89.10_89.00_,20_8_84_58_149_
09:14:31,89.50,13,3194,89.50_89.60_89.70_89.80_89.90_,64_21_58_57_186_,89.40_89.30_89.20_89.10_89.00_,20_8_84_58_149_
09:14:36,89.40,27,3221,89.40_89.50_89.60_89.70_89.80_,10_64_21_58_55_,89.30_89.20_89.10_89.00_88.90_,10_84_58_149_42_
09:14:41,89.40,3,3224,89.40_89.50_89.60_89.70_89.80_,8_64_21_58_90_,89.30_89.20_89.10_89.00_88.90_,11_84_54_100_89_
09:14:46,89.30,13,3237,89.40_89.50_89.60_89.70_89.80_,8_64_16_58_90_,89.30_89.20_89.10_89.00_88.90_,11_85_54_100_89_
09:14:51,89.30,2,3239,89.40_89.50_89.60_89.70_89.80_,23_64_17_58_90_,89.30_89.20_89.10_89.00_88.90_,15_85_55_100_89_
09:14:56,89.40,5,3244,89.40_89.50_89.60_89.70_89.80_,18_64_17_58_91_,89.30_89.20_89.10_89.00_88.90_,16_85_55_100_89_
09:15:01,89.30,21,3265,89.40_89.50_89.60_89.70_89.80_,19_62_17_64_93_,89.30_89.20_89.10_89.00_88.90_,21_85_55_100_89_
09:15:07,89.30,24,3289,89.40_89.50_89.60_89.70_89.80_,19_62_14_64_95_,89.20_89.10_89.00_88.90_88.80_,85_55_100_89_5_
09:15:12,89.40,3,3292,89.40_89.50_89.60_89.70_89.80_,20_62_14_64_95_,89.20_89.10_89.00_88.90_88.80_,88_55_100_42_52_
09:15:17,89.40,8,3300,89.40_89.50_89.60_89.70_89.80_,19_62_14_64_99_,89.20_89.10_89.00_88.90_88.80_,88_55_100_42_52_
09:15:22,89.40,1,3301,89.40_89.50_89.60_89.70_89.80_,19_64_14_70_99_,89.30_89.20_89.10_89.00_88.90_,1_88_56_101_42_
09:15:27,89.30,4,3305,89.40_89.50_89.60_89.70_89.80_,43_65_14_74_99_,89.30_89.20_89.10_89.00_88.90_,4_88_55_115_89_
09:15:32,89.40,3,3308,89.40_89.50_89.60_89.70_89.80_,40_65_16_73_99_,89.30_89.20_89.10_89.00_88.90_,24_88_56_115_89_
09:15:37,89.30,11,3319,89.40_89.50_89.60_89.70_89.80_,41_65_16_73_101_,89.30_89.20_89.10_89.00_88.90_,21_88_56_115_89_
09:15:42,89.30,21,3340,89.40_89.50_89.60_89.70_89.80_,40_65_16_73_101_,89.30_89.20_89.10_89.00_88.90_,13_88_56_115_89_
09:15:48,89.30,8,3348,89.40_89.50_89.60_89.70_89.80_,55_65_16_73_101_,89.30_89.20_89.10_89.00_88.90_,11_88_56_116_89_
09:15:53,89.30,16,3364,89.30_89.40_89.50_89.60_89.70_,16_55_64_16_73_,89.20_89.10_89.00_88.90_88.80_,88_56_116_89_20_
09:15:58,89.30,5,3369,89.30_89.40_89.50_89.60_89.70_,12_53_61_17_107_,89.20_89.10_89.00_88.90_88.80_,88_56_116_42_68_
09:16:03,89.30,1,3370,89.30_89.40_89.50_89.60_89.70_,21_55_64_17_107_,89.20_89.10_89.00_88.90_88.80_,89_56_116_42_68_
09:16:08,89.30,2,3372,89.30_89.40_89.50_89.60_89.70_,19_55_65_17_107_,89.20_89.10_89.00_88.90_88.80_,89_56_116_42_69_
09:16:13,89.30,21,3393,89.30_89.40_89.50_89.60_89.70_,15_55_65_17_107_,89.20_89.10_89.00_88.90_88.80_,92_56_116_42_69_
09:16:18,89.30,16,3409,89.40_89.50_89.60_89.70_89.80_,55_65_17_107_79_,89.30_89.20_89.10_89.00_88.90_,18_92_57_116_42_
09:16:23,89.30,14,3423,89.40_89.50_89.60_89.70_89.80_,59_65_17_77_109_,89.30_89.20_89.10_89.00_88.90_,15_90_57_124_90_
09:16:28,89.30,18,3441,89.40_89.50_89.60_89.70_89.80_,59_65_17_77_109_,89.30_89.20_89.10_89.00_88.90_,21_90_57_124_90_
09:16:34,89.30,13,3454,89.40_89.50_89.60_89.70_89.80_,59_65_20_77_108_,89.30_89.20_89.10_89.00_88.90_,21_85_57_124_90_
09:16:39,89.40,16,3470,89.40_89.50_89.60_89.70_89.80_,48_65_20_77_108_,89.30_89.20_89.10_89.00_88.90_,27_86_57_124_90_
09:16:44,89.40,52,3522,89.40_89.50_89.60_89.70_89.80_,1_66_20_73_115_,89.30_89.20_89.10_89.00_88.90_,28_85_57_124_90_
09:16:49,89.40,6,3528,89.50_89.60_89.70_89.80_89.90_,66_20_84_115_160_,89.40_89.30_89.20_89.10_89.00_,5_33_85_57_124_
09:16:54,89.40,3,3531,89.50_89.60_89.70_89.80_89.90_,66_20_84_85_190_,89.40_89.30_89.20_89.10_89.00_,15_39_85_59_172_
09:16:59,89.40,11,3542,89.50_89.60_89.70_89.80_89.90_,66_20_84_85_190_,89.40_89.30_89.20_89.10_89.00_,14_40_84_59_172_
09:17:04,89.50,66,3608,89.50_89.60_89.70_89.80_89.90_,5_20_84_85_190_,89.40_89.30_89.20_89.10_89.00_,16_40_84_59_172_
09:17:10,89.50,4,3612,89.50_89.60_89.70_89.80_89.90_,3_20_84_80_197_,89.40_89.30_89.20_89.10_89.00_,16_39_84_39_172_
09:17:15,89.40,11,3623,89.50_89.60_89.70_89.80_89.90_,3_60_84_83_203_,89.40_89.30_89.20_89.10_89.00_,8_40_84_39_173_
09:17:20,89.50,7,3630,89.50_89.60_89.70_89.80_89.90_,1_60_84_85_204_,89.40_89.30_89.20_89.10_89.00_,17_40_84_39_173_
09:17:25,89.50,3,3633,89.60_89.70_89.80_89.90_90.00_,60_84_86_204_388_,89.50_89.40_89.30_89.20_89.10_,6_18_41_83_39_
09:17:30,89.50,3,3636,89.60_89.70_89.80_89.90_90.00_,60_84_91_174_418_,89.50_89.40_89.30_89.20_89.10_,15_14_41_84_89_
09:17:35,89.50,3,3639,89.60_89.70_89.80_89.90_90.00_,61_84_91_174_418_,89.50_89.40_89.30_89.20_89.10_,20_14_41_84_89_
09:17:40,89.50,2,3641,89.60_89.70_89.80_89.90_90.00_,61_84_90_174_418_,89.50_89.40_89.30_89.20_89.10_,20_14_41_84_89_
09:17:45,89.50,11,3652,89.60_89.70_89.80_89.90_90.00_,61_84_90_174_418_,89.50_89.40_89.30_89.20_89.10_,9_14_36_84_88_
09:17:51,89.60,22,3674,89.60_89.70_89.80_89.90_90.00_,42_84_92_174_419_,89.50_89.40_89.30_89.20_89.10_,26_17_35_84_87_
09:17:56,89.60,29,3703,89.60_89.70_89.80_89.90_90.00_,29_84_92_174_419_,89.50_89.40_89.30_89.20_89.10_,30_17_35_84_87_
09:18:01,89.50,12,3715,89.60_89.70_89.80_89.90_90.00_,39_84_92_143_420_,89.50_89.40_89.30_89.20_89.10_,18_18_35_74_87_
09:18:06,89.60,2,3717,89.60_89.70_89.80_89.90_90.00_,38_84_92_143_427_,89.50_89.40_89.30_89.20_89.10_,18_21_36_74_87_
09:18:11,89.60,6,3723,89.60_89.70_89.80_89.90_90.00_,32_84_91_143_433_,89.50_89.40_89.30_89.20_89.10_,18_21_36_74_87_
09:18:16,89.60,7,3730,89.60_89.70_89.80_89.90_90.00_,30_94_91_142_435_,89.50_89.40_89.30_89.20_89.10_,19_21_36_74_87_
09:18:22,89.50,20,3750,89.50_89.60_89.70_89.80_89.90_,1_30_95_92_142_,89.40_89.30_89.20_89.10_89.00_,21_36_74_87_123_
09:18:27,89.40,13,3763,89.50_89.60_89.70_89.80_89.90_,1_31_95_92_172_,89.40_89.30_89.20_89.10_89.00_,13_36_74_39_171_
09:18:32,89.50,1,3764,89.60_89.70_89.80_89.90_90.00_,36_95_92_172_410_,89.40_89.30_89.20_89.10_89.00_,13_36_74_39_171_
09:18:37,89.60,5,3769,89.60_89.70_89.80_89.90_90.00_,32_95_92_142_440_,89.50_89.40_89.30_89.20_89.10_,9_13_36_74_39_
09:18:42,89.60,5,3774,89.60_89.70_89.80_89.90_90.00_,27_95_92_142_450_,89.50_89.40_89.30_89.20_89.10_,12_12_36_74_87_
09:18:52,89.60,1,3779,89.60_89.70_89.80_89.90_90.00_,56_95_90_142_453_,89.50_89.40_89.30_89.20_89.10_,13_15_36_74_87_
09:18:57,89.60,59,3838,89.70_89.80_89.90_90.00_90.10_,95_91_142_469_20_,89.60_89.50_89.40_89.30_89.20_,19_13_15_36_74_
09:19:02,89.60,8,3846,89.70_89.80_89.90_90.00_90.10_,98_91_135_440_59_,89.60_89.50_89.40_89.30_89.20_,15_12_15_36_120_
09:19:08,89.60,9,3855,89.70_89.80_89.90_90.00_90.10_,98_91_135_440_59_,89.60_89.50_89.40_89.30_89.20_,7_12_15_36_120_
09:19:13,89.70,11,3866,89.70_89.80_89.90_90.00_90.10_,91_91_136_450_59_,89.60_89.50_89.40_89.30_89.20_,7_12_15_37_120_
09:19:18,89.60,5,3871,89.70_89.80_89.90_90.00_90.10_,90_91_136_451_59_,89.60_89.50_89.40_89.30_89.20_,23_11_15_37_120_
09:19:23,89.70,7,3878,89.70_89.80_89.90_90.00_90.10_,85_91_136_451_59_,89.60_89.50_89.40_89.30_89.20_,27_11_15_27_119_
09:19:28,89.60,25,3903,89.70_89.80_89.90_90.00_90.10_,88_91_136_452_59_,89.60_89.50_89.40_89.30_89.20_,13_11_15_27_119_
09:19:33,89.60,13,3916,89.70_89.80_89.90_90.00_90.10_,88_91_136_452_59_,89.60_89.50_89.40_89.30_89.20_,1_11_15_27_119_
09:19:39,89.60,2,3918,89.60_89.70_89.80_89.90_90.00_,2_88_90_136_453_,89.50_89.40_89.30_89.20_89.10_,14_15_27_119_39_
09:19:44,89.50,10,3928,89.60_89.70_89.80_89.90_90.00_,6_88_90_136_493_,89.50_89.40_89.30_89.20_89.10_,2_18_24_71_87_
09:19:49,89.50,2,3930,89.60_89.70_89.80_89.90_90.00_,20_89_90_136_494_,89.50_89.40_89.30_89.20_89.10_,5_17_24_71_87_
09:19:54,89.50,15,3945,89.60_89.70_89.80_89.90_90.00_,21_89_90_136_494_,89.50_89.40_89.30_89.20_89.10_,11_18_24_71_87_
09:19:59,89.60,20,3965,89.60_89.70_89.80_89.90_90.00_,14_89_90_136_494_,89.50_89.40_89.30_89.20_89.10_,12_18_25_71_87_
09:20:04,89.60,13,3978,89.60_89.70_89.80_89.90_90.00_,7_89_89_138_494_,89.50_89.40_89.30_89.20_89.10_,21_18_25_71_87_
09:20:09,89.60,3,3981,89.60_89.70_89.80_89.90_90.00_,25_90_91_138_493_,89.50_89.40_89.30_89.20_89.10_,18_18_25_71_87_
09:20:15,89.50,4,3985,89.60_89.70_89.80_89.90_90.00_,26_90_91_138_500_,89.50_89.40_89.30_89.20_89.10_,15_18_25_71_87_
09:20:20,89.50,15,4000,89.50_89.60_89.70_89.80_89.90_,9_28_90_91_138_,89.40_89.30_89.20_89.10_89.00_,18_25_71_87_128_
09:20:25,89.40,4,4004,89.50_89.60_89.70_89.80_89.90_,32_33_88_91_168_,89.40_89.30_89.20_89.10_89.00_,19_25_72_39_176_
09:20:30,89.40,20,4024,89.50_89.60_89.70_89.80_89.90_,36_34_88_92_166_,89.40_89.30_89.20_89.10_89.00_,1_25_72_36_182_
09:20:35,89.50,22,4046,89.50_89.60_89.70_89.80_89.90_,22_34_78_92_166_,89.40_89.30_89.20_89.10_89.00_,2_25_72_36_182_
09:20:40,89.50,29,4075,89.50_89.60_89.70_89.80_89.90_,7_35_77_93_166_,89.40_89.30_89.20_89.10_89.00_,2_25_72_36_182_
09:20:46,89.40,2,4077,89.50_89.60_89.70_89.80_89.90_,7_35_77_93_171_,89.30_89.20_89.10_89.00_88.90_,25_72_36_182_43_
09:20:51,89.40,2,4077,89.50_89.60_89.70_89.80_89.90_,8_35_77_93_173_,89.30_89.20_89.10_89.00_88.90_,26_72_36_134_91_
09:20:56,89.40,2,4077,89.50_89.60_89.70_89.80_89.90_,10_40_77_93_173_,89.30_89.20_89.10_89.00_88.90_,25_72_37_134_91_
09:21:06,89.30,10,4087,89.50_89.60_89.70_89.80_89.90_,10_40_77_93_173_,89.30_89.20_89.10_89.00_88.90_,17_72_37_134_91_
09:21:11,89.30,2,4089,89.40_89.50_89.60_89.70_89.80_,26_12_29_77_93_,89.30_89.20_89.10_89.00_88.90_,15_72_37_134_91_
09:21:16,89.30,11,4100,89.40_89.50_89.60_89.70_89.80_,26_22_29_77_123_,89.30_89.20_89.10_89.00_88.90_,4_72_38_134_91_
09:21:21,89.30,5,4105,89.40_89.50_89.60_89.70_89.80_,26_26_30_77_138_,89.30_89.20_89.10_89.00_88.90_,2_72_38_134_91_
09:21:27,89.30,3,4108,89.30_89.40_89.50_89.60_89.70_,8_28_26_30_77_,89.20_89.10_89.00_88.90_88.80_,72_38_134_91_23_
09:21:32,89.20,8,4116,89.30_89.40_89.50_89.60_89.70_,8_28_24_31_110_,89.20_89.10_89.00_88.90_88.80_,66_40_128_43_78_
09:21:37,89.20,4,4120,89.30_89.40_89.50_89.60_89.70_,8_29_24_31_110_,89.20_89.10_89.00_88.90_88.80_,63_40_128_43_78_
09:21:42,89.30,12,4132,89.30_89.40_89.50_89.60_89.70_,4_28_24_31_110_,89.20_89.10_89.00_88.90_88.80_,63_40_128_43_78_
09:21:47,89.20,17,4149,89.30_89.40_89.50_89.60_89.70_,4_28_24_32_110_,89.20_89.10_89.00_88.90_88.80_,50_40_129_43_78_
09:21:52,89.20,11,4160,89.30_89.40_89.50_89.60_89.70_,9_28_25_32_110_,89.20_89.10_89.00_88.90_88.80_,44_40_129_43_78_
09:21:58,89.20,12,4172,89.30_89.40_89.50_89.60_89.70_,9_29_26_32_110_,89.20_89.10_89.00_88.90_88.80_,43_40_129_43_78_
09:22:03,89.20,17,4189,89.30_89.40_89.50_89.60_89.70_,9_29_26_32_110_,89.20_89.10_89.00_88.90_88.80_,26_35_129_43_79_
09:22:08,89.20,26,4215,89.20_89.30_89.40_89.50_89.60_,8_9_29_26_35_,89.10_89.00_88.90_88.80_88.70_,30_129_45_79_2_
09:22:13,89.10,11,4226,89.20_89.30_89.40_89.50_89.60_,10_9_4_25_65_,89.10_89.00_88.90_88.80_88.70_,19_129_45_31_50_
09:22:18,89.20,10,4236,89.20_89.30_89.40_89.50_89.60_,1_10_4_25_72_,89.10_89.00_88.90_88.80_88.70_,19_129_45_24_50_
09:22:23,89.10,7,4243,89.20_89.30_89.40_89.50_89.60_,1_10_4_25_72_,89.10_89.00_88.90_88.80_88.70_,22_132_45_24_50_
09:22:28,89.10,1,4244,89.20_89.30_89.40_89.50_89.60_,9_10_4_26_71_,89.10_89.00_88.90_88.80_88.70_,21_132_45_24_50_
09:22:33,89.20,10,4254,89.20_89.30_89.40_89.50_89.60_,2_10_4_27_71_,89.10_89.00_88.90_88.80_88.70_,27_132_44_24_50_
09:22:39,89.30,10,4264,89.30_89.40_89.50_89.60_89.70_,4_4_27_71_86_,89.20_89.10_89.00_88.90_88.80_,10_26_132_44_24_
09:22:44,89.50,10,4274,89.50_89.60_89.70_89.80_89.90_,27_41_116_106_120_,89.20_89.10_89.00_88.90_88.80_,25_35_142_44_72_
09:22:49,89.50,10,4284,89.50_89.60_89.70_89.80_89.90_,17_41_83_114_150_,89.20_89.10_89.00_88.90_88.80_,25_36_142_44_72_
09:22:54,89.40,10,4294,89.40_89.50_89.60_89.70_89.80_,2_17_41_83_114_,89.20_89.10_89.00_88.90_88.80_,25_36_142_44_75_
09:22:59,89.20,1,4295,89.40_89.50_89.60_89.70_89.80_,2_18_41_83_144_,89.20_89.10_89.00_88.90_88.80_,24_36_143_44_75_
09:23:04,89.50,10,4305,89.50_89.60_89.70_89.80_89.90_,10_43_83_144_120_,89.20_89.10_89.00_88.90_88.80_,24_36_143_44_75_
09:23:09,89.50,1,4306,89.50_89.60_89.70_89.80_89.90_,16_43_83_114_150_,89.20_89.10_89.00_88.90_88.80_,30_36_142_45_75_
09:23:15,89.30,2,4308,89.50_89.60_89.70_89.80_89.90_,15_43_82_115_155_,89.20_89.10_89.00_88.90_88.80_,29_36_142_45_75_
09:23:20,89.40,1,4309,89.40_89.50_89.60_89.70_89.80_,10_16_53_83_115_,89.20_89.10_89.00_88.90_88.80_,31_36_142_46_74_
09:23:25,89.40,1,4309,89.40_89.50_89.60_89.70_89.80_,11_18_53_83_145_,89.30_89.20_89.10_89.00_88.90_,1_31_36_142_45_
09:23:30,89.40,1,4309,89.40_89.50_89.60_89.70_89.80_,11_20_53_84_147_,89.30_89.20_89.10_89.00_88.90_,6_30_36_142_93_
09:23:35,89.40,1,4310,89.40_89.50_89.60_89.70_89.80_,13_20_53_84_148_,89.30_89.20_89.10_89.00_88.90_,6_30_36_142_93_
09:23:40,89.40,1,4311,89.40_89.50_89.60_89.70_89.80_,13_23_55_84_148_,89.30_89.20_89.10_89.00_88.90_,6_30_36_142_93_
09:23:45,89.40,1,4312,89.40_89.50_89.60_89.70_89.80_,13_26_55_85_148_,89.30_89.20_89.10_89.00_88.90_,7_30_36_142_93_
09:23:51,89.30,10,4322,89.30_89.40_89.50_89.60_89.70_,3_24_27_55_87_,89.20_89.10_89.00_88.90_88.80_,30_36_142_93_27_
09:23:56,89.20,10,4332,89.30_89.40_89.50_89.60_89.70_,3_24_29_55_120_,89.20_89.10_89.00_88.90_88.80_,23_36_142_45_75_
09:24:01,89.20,1,4333,89.30_89.40_89.50_89.60_89.70_,4_42_29_55_120_,89.20_89.10_89.00_88.90_88.80_,23_36_142_45_75_
09:24:06,89.10,30,4363,89.30_89.40_89.50_89.60_89.70_,5_43_34_55_121_,89.10_89.00_88.90_88.80_88.70_,29_142_45_75_2_
09:24:11,89.10,3,4366,89.20_89.30_89.40_89.50_89.60_,2_5_43_34_55_,89.10_89.00_88.90_88.80_88.70_,27_142_45_27_51_
09:24:16,89.10,10,4376,89.20_89.30_89.40_89.50_89.60_,8_5_43_37_87_,89.10_89.00_88.90_88.80_88.70_,18_142_45_27_51_
09:24:22,89.10,1,4377,89.20_89.30_89.40_89.50_89.60_,8_5_43_39_87_,89.10_89.00_88.90_88.80_88.70_,19_139_45_20_58_
09:24:27,89.10,1,4378,89.20_89.30_89.40_89.50_89.60_,8_4_43_45_89_,89.10_89.00_88.90_88.80_88.70_,26_139_45_20_58_
09:24:32,89.10,6,4384,89.20_89.30_89.40_89.50_89.60_,7_5_43_45_89_,89.10_89.00_88.90_88.80_88.70_,20_139_45_20_58_
09:24:37,89.10,1,4385,89.20_89.30_89.40_89.50_89.60_,7_5_43_45_89_,89.10_89.00_88.90_88.80_88.70_,19_139_45_20_58_
09:24:42,89.10,11,4396,89.20_89.30_89.40_89.50_89.60_,8_5_43_46_89_,89.10_89.00_88.90_88.80_88.70_,13_139_45_20_58_
09:24:47,89.10,12,4408,89.20_89.30_89.40_89.50_89.60_,8_5_43_50_89_,89.10_89.00_88.90_88.80_88.70_,3_139_45_20_58_
09:24:53,89.20,2,4410,89.20_89.30_89.40_89.50_89.60_,7_5_43_52_89_,89.10_89.00_88.90_88.80_88.70_,7_139_45_20_58_
09:24:58,89.10,17,4427,89.10_89.20_89.30_89.40_89.50_,1_7_5_43_54_,89.00_88.90_88.80_88.70_88.60_,145_45_20_58_27_
09:25:03,89.20,7,4434,89.20_89.30_89.40_89.50_89.60_,5_5_43_96_59_,89.10_89.00_88.90_88.80_88.70_,2_143_45_20_9_
09:25:08,89.20,7,4441,89.30_89.40_89.50_89.60_89.70_,5_28_66_89_89_,89.20_89.10_89.00_88.90_88.80_,3_7_143_44_20_
09:25:13,89.20,1,4442,89.30_89.40_89.50_89.60_89.70_,8_28_66_60_119_,89.20_89.10_89.00_88.90_88.80_,2_10_143_44_68_
09:25:18,89.30,10,4452,89.30_89.40_89.50_89.60_89.70_,7_26_65_60_119_,89.20_89.10_89.00_88.90_88.80_,3_10_143_44_68_
09:25:23,89.30,3,4455,89.30_89.40_89.50_89.60_89.70_,6_26_65_60_119_,89.20_89.10_89.00_88.90_88.80_,6_10_140_54_83_
09:25:29,89.20,4,4459,89.30_89.40_89.50_89.60_89.70_,8_26_65_61_124_,89.20_89.10_89.00_88.90_88.80_,2_10_140_54_83_
09:25:34,89.10,5,4464,89.20_89.30_89.40_89.50_89.60_,1_13_26_65_61_,89.10_89.00_88.90_88.80_88.70_,13_90_54_83_4_
09:25:39,89.20,2,4466,89.30_89.40_89.50_89.60_89.70_,18_26_73_91_94_,89.20_89.10_89.00_88.90_88.80_,3_13_90_54_35_
09:25:44,89.20,3,4469,89.20_89.30_89.40_89.50_89.60_,12_18_26_74_62_,89.10_89.00_88.90_88.80_88.70_,13_89_54_83_4_
09:25:49,89.20,3,4472,89.20_89.30_89.40_89.50_89.60_,12_18_26_74_95_,89.10_89.00_88.90_88.80_88.70_,13_87_54_37_52_
09:25:54,89.10,3,4475,89.20_89.30_89.40_89.50_89.60_,12_18_27_74_95_,89.10_89.00_88.90_88.80_88.70_,20_87_54_37_52_
09:26:00,89.10,3,4478,89.20_89.30_89.40_89.50_89.60_,12_19_26_75_95_,89.10_89.00_88.90_88.80_88.70_,17_87_54_37_52_
09:26:05,89.20,4,4482,89.20_89.30_89.40_89.50_89.60_,9_20_26_75_95_,89.10_89.00_88.90_88.80_88.70_,17_87_54_37_52_
09:26:10,89.10,8,4490,89.20_89.30_89.40_89.50_89.60_,15_20_26_75_96_,89.10_89.00_88.90_88.80_88.70_,10_88_54_37_52_
09:26:15,89.10,3,4493,89.20_89.30_89.40_89.50_89.60_,16_22_26_79_96_,89.10_89.00_88.90_88.80_88.70_,9_90_54_37_52_
09:26:20,89.10,3,4496,89.20_89.30_89.40_89.50_89.60_,16_19_26_79_98_,89.10_89.00_88.90_88.80_88.70_,7_93_54_37_52_
09:26:25,89.10,2,4498,89.20_89.30_89.40_89.50_89.60_,16_19_26_79_98_,89.10_89.00_88.90_88.80_88.70_,5_96_54_37_52_
09:26:30,89.10,1,4499,89.20_89.30_89.40_89.50_89.60_,16_19_26_79_99_,89.10_89.00_88.90_88.80_88.70_,4_99_55_37_52_
09:26:35,89.10,9,4508,89.10_89.20_89.30_89.40_89.50_,22_26_21_26_79_,89.00_88.90_88.80_88.70_88.60_,99_55_37_52_27_
09:26:40,89.10,5,4513,89.10_89.20_89.30_89.40_89.50_,17_29_21_26_109_,89.00_88.90_88.80_88.70_88.60_,100_55_32_4_80_
09:26:46,89.10,3,4516,89.10_89.20_89.30_89.40_89.50_,15_33_23_26_109_,89.00_88.90_88.80_88.70_88.60_,100_55_32_4_80_
09:26:51,89.10,12,4528,89.10_89.20_89.30_89.40_89.50_,3_38_23_29_110_,89.00_88.90_88.80_88.70_88.60_,100_55_32_4_80_
09:26:56,89.10,1,4529,89.20_89.30_89.40_89.50_89.60_,37_27_29_110_69_,89.10_89.00_88.90_88.80_88.70_,2_102_55_32_4_
09:27:01,89.10,1,4530,89.20_89.30_89.40_89.50_89.60_,43_27_29_80_99_,89.10_89.00_88.90_88.80_88.70_,4_101_55_32_53_
09:27:06,89.10,2,4532,89.20_89.30_89.40_89.50_89.60_,43_29_30_80_99_,89.10_89.00_88.90_88.80_88.70_,5_101_56_32_53_
09:27:11,89.20,2,4534,89.20_89.30_89.40_89.50_89.60_,41_29_30_80_99_,89.10_89.00_88.90_88.80_88.70_,7_101_56_32_53_
09:27:16,89.10,3,4537,89.20_89.30_89.40_89.50_89.60_,41_29_30_81_99_,89.10_89.00_88.90_88.80_88.70_,9_101_56_32_53_
09:27:22,89.10,8,4545,89.20_89.30_89.40_89.50_89.60_,41_29_30_81_99_,89.10_89.00_88.90_88.80_88.70_,5_100_56_32_53_
09:27:27,89.20,2,4547,89.20_89.30_89.40_89.50_89.60_,39_29_30_81_99_,89.10_89.00_88.90_88.80_88.70_,6_100_56_32_53_
09:27:32,89.10,4,4551,89.20_89.30_89.40_89.50_89.60_,45_29_30_82_99_,89.10_89.00_88.90_88.80_88.70_,26_100_56_32_53_
09:27:37,89.20,1,4552,89.20_89.30_89.40_89.50_89.60_,44_39_30_82_99_,89.10_89.00_88.90_88.80_88.70_,27_100_56_32_53_
09:27:42,89.10,12,4564,89.20_89.30_89.40_89.50_89.60_,47_39_30_82_99_,89.10_89.00_88.90_88.80_88.70_,15_100_56_32_53_
09:27:47,89.10,12,4564,89.20_89.30_89.40_89.50_89.60_,53_26_30_81_99_,89.10_89.00_88.90_88.80_88.70_,2_100_56_32_53_
09:27:52,89.10,2,4566,89.10_89.20_89.30_89.40_89.50_,15_53_26_30_81_,89.00_88.90_88.80_88.70_88.60_,100_56_32_53_32_
09:27:58,89.10,6,4572,89.10_89.20_89.30_89.40_89.50_,10_54_25_30_111_,89.00_88.90_88.80_88.70_88.60_,102_56_32_5_80_
09:28:08,89.10,6,4572,89.10_89.20_89.30_89.40_89.50_,9_54_25_30_111_,89.00_88.90_88.80_88.70_88.60_,104_56_32_5_80_
09:28:18,89.10,21,4593,89.20_89.30_89.40_89.50_89.60_,52_25_30_111_69_,89.10_89.00_88.90_88.80_88.70_,19_104_56_32_5_
09:28:23,89.10,21,4593,89.20_89.30_89.40_89.50_89.60_,52_25_30_81_99_,89.10_89.00_88.90_88.80_88.70_,37_103_56_32_53_
09:28:28,89.20,1,4594,89.20_89.30_89.40_89.50_89.60_,63_25_30_81_99_,89.10_89.00_88.90_88.80_88.70_,48_102_56_32_53_
09:28:34,89.20,1,4594,89.20_89.30_89.40_89.50_89.60_,63_24_30_81_99_,89.10_89.00_88.90_88.80_88.70_,48_102_56_32_53_
09:28:39,89.10,6,4600,89.20_89.30_89.40_89.50_89.60_,63_24_30_81_99_,89.10_89.00_88.90_88.80_88.70_,46_101_56_32_53_
09:28:44,89.20,2,4602,89.20_89.30_89.40_89.50_89.60_,62_24_30_81_99_,89.10_89.00_88.90_88.80_88.70_,37_101_56_32_53_
09:28:49,89.10,12,4614,89.20_89.30_89.40_89.50_89.60_,54_23_30_82_99_,89.10_89.00_88.90_88.80_88.70_,28_101_56_32_53_
09:28:54,89.10,9,4623,89.20_89.30_89.40_89.50_89.60_,52_23_30_132_99_,89.10_89.00_88.90_88.80_88.70_,19_101_56_32_53_
09:28:59,89.10,4,4627,89.20_89.30_89.40_89.50_89.60_,51_23_30_132_99_,89.10_89.00_88.90_88.80_88.70_,8_101_56_32_53_
09:29:04,89.10,4,4631,89.20_89.30_89.40_89.50_89.60_,50_23_30_132_99_,89.10_89.00_88.90_88.80_88.70_,6_101_56_32_53_
09:29:10,89.10,4,4631,89.20_89.30_89.40_89.50_89.60_,50_23_30_133_99_,89.10_89.00_88.90_88.80_88.70_,7_102_56_32_53_
09:29:15,89.00,11,4642,89.10_89.20_89.30_89.40_89.50_,1_51_23_30_133_,89.00_88.90_88.80_88.70_88.60_,99_56_32_53_22_
09:29:20,89.00,7,4649,89.10_89.20_89.30_89.40_89.50_,1_53_23_30_163_,89.00_88.90_88.80_88.70_88.60_,96_56_32_5_70_
09:29:25,89.00,20,4669,89.10_89.20_89.30_89.40_89.50_,1_53_24_30_164_,89.00_88.90_88.80_88.70_88.60_,76_56_32_5_70_
09:29:30,89.00,70,4739,89.10_89.20_89.30_89.40_89.50_,8_53_24_30_163_,89.00_88.90_88.80_88.70_88.60_,16_56_32_5_70_
09:29:35,89.00,5,4744,89.10_89.20_89.30_89.40_89.50_,8_53_24_30_179_,89.00_88.90_88.80_88.70_88.60_,23_56_32_5_70_
09:29:40,89.10,10,4754,89.10_89.20_89.30_89.40_89.50_,1_53_24_30_179_,89.00_88.90_88.80_88.70_88.60_,23_56_32_5_71_
09:29:45,89.00,8,4762,89.10_89.20_89.30_89.40_89.50_,1_52_24_30_179_,89.00_88.90_88.80_88.70_88.60_,16_56_32_5_71_
09:29:51,89.00,2,4764,89.10_89.20_89.30_89.40_89.50_,2_52_24_31_179_,89.00_88.90_88.80_88.70_88.60_,14_58_32_5_71_
09:29:56,89.10,1,4765,89.10_89.20_89.30_89.40_89.50_,1_52_24_31_181_,89.00_88.90_88.80_88.70_88.60_,14_58_32_5_71_
09:30:01,89.10,1,4765,89.10_89.20_89.30_89.40_89.50_,2_52_24_34_181_,89.00_88.90_88.80_88.70_88.60_,14_58_32_5_71_
09:30:06,89.10,1,4765,89.10_89.20_89.30_89.40_89.50_,3_52_24_34_182_,89.00_88.90_88.80_88.70_88.60_,17_58_32_15_71_
09:30:11,89.10,1,4765,89.10_89.20_89.30_89.40_89.50_,4_52_24_34_184_,89.00_88.90_88.80_88.70_88.60_,17_58_32_15_71_
09:30:21,89.10,1,4765,89.10_89.20_89.30_89.40_89.50_,4_52_24_34_186_,89.00_88.90_88.80_88.70_88.60_,17_58_32_15_71_
09:30:27,89.10,3,4768,89.10_89.20_89.30_89.40_89.50_,2_52_25_39_186_,89.00_88.90_88.80_88.70_88.60_,24_59_32_15_71_
09:30:32,89.10,5,4773,89.20_89.30_89.40_89.50_89.60_,52_26_39_186_64_,89.10_89.00_88.90_88.80_88.70_,2_24_59_32_15_
09:30:37,89.10,3,4776,89.20_89.30_89.40_89.50_89.60_,52_26_39_157_94_,89.10_89.00_88.90_88.80_88.70_,2_21_58_32_63_
09:30:42,89.10,3,4776,89.20_89.30_89.40_89.50_89.60_,52_26_39_152_101_,89.10_89.00_88.90_88.80_88.70_,2_21_58_32_63_
09:30:47,89.00,3,4779,89.10_89.20_89.30_89.40_89.50_,1_52_26_39_153_,89.00_88.90_88.80_88.70_88.60_,20_58_32_63_23_
09:30:52,89.00,20,4799,89.10_89.20_89.30_89.40_89.50_,3_54_26_39_183_,88.90_88.80_88.70_88.60_88.50_,58_32_15_71_17_
09:30:57,89.10,3,4802,89.20_89.30_89.40_89.50_89.60_,54_26_39_192_64_,89.10_88.90_88.80_88.70_88.60_,2_59_35_15_23_
09:31:03,89.10,4,4806,89.10_89.20_89.30_89.40_89.50_,2_60_27_39_157_,89.00_88.90_88.80_88.70_88.60_,3_56_35_16_70_
09:31:08,89.10,4,4806,89.10_89.20_89.30_89.40_89.50_,2_61_26_39_187_,89.00_88.90_88.80_88.70_88.60_,3_56_35_15_71_
09:31:13,89.10,11,4817,89.20_89.30_89.40_89.50_89.60_,64_26_40_187_71_,89.10_89.00_88.90_88.80_88.70_,2_53_58_32_15_
09:31:18,89.20,1,4818,89.20_89.30_89.40_89.50_89.60_,63_26_39_157_101_,89.10_89.00_88.90_88.80_88.70_,3_53_58_32_63_
09:31:23,89.20,1,4819,89.20_89.30_89.40_89.50_89.60_,62_31_39_157_100_,89.10_89.00_88.90_88.80_88.70_,3_53_63_32_63_
09:31:28,89.10,6,4825,89.10_89.20_89.30_89.40_89.50_,1_62_31_39_157_,89.00_88.90_88.80_88.70_88.60_,53_63_32_63_23_
09:31:33,89.00,1,4826,89.10_89.20_89.30_89.40_89.50_,6_62_31_39_187_,89.00_88.90_88.80_88.70_88.60_,56_63_32_15_71_
09:31:38,89.00,4,4830,89.10_89.20_89.30_89.40_89.50_,9_62_31_39_187_,89.00_88.90_88.80_88.70_88.60_,58_63_32_15_71_
09:31:43,89.00,1,4831,89.10_89.20_89.30_89.40_89.50_,9_62_31_39_187_,89.00_88.90_88.80_88.70_88.60_,57_63_32_15_71_
09:31:49,89.00,2,4833,89.10_89.20_89.30_89.40_89.50_,5_62_31_39_188_,89.00_88.90_88.80_88.70_88.60_,57_63_32_15_71_
09:31:54,89.10,2,4835,89.10_89.20_89.30_89.40_89.50_,6_62_31_39_186_,89.00_88.90_88.80_88.70_88.60_,57_63_32_15_71_
09:31:59,89.10,1,4836,89.10_89.20_89.30_89.40_89.50_,9_62_31_39_197_,89.00_88.90_88.80_88.70_88.60_,68_63_32_15_71_
09:32:04,89.00,1,4837,89.10_89.20_89.30_89.40_89.50_,13_62_31_39_197_,89.00_88.90_88.80_88.70_88.60_,67_63_32_15_71_
09:32:09,89.00,2,4839,89.10_89.20_89.30_89.40_89.50_,14_62_31_39_197_,89.00_88.90_88.80_88.70_88.60_,95_63_32_15_71_
09:32:14,89.10,4,4843,89.10_89.20_89.30_89.40_89.50_,23_61_31_39_197_,89.00_88.90_88.80_88.70_88.60_,95_63_33_15_71_
09:32:19,89.10,13,4856,89.10_89.20_89.30_89.40_89.50_,10_61_32_49_197_,89.00_88.90_88.80_88.70_88.60_,95_63_33_15_71_
09:32:25,89.00,5,4861,89.10_89.20_89.30_89.40_89.50_,10_61_32_49_197_,89.00_88.90_88.80_88.70_88.60_,91_63_33_15_71_
09:32:30,89.10,1,4862,89.10_89.20_89.30_89.40_89.50_,9_61_32_49_199_,89.00_88.90_88.80_88.70_88.60_,93_63_33_15_71_
09:32:35,89.10,4,4866,89.10_89.20_89.30_89.40_89.50_,7_61_32_49_199_,89.00_88.90_88.80_88.70_88.60_,93_63_33_15_71_
09:32:40,89.10,4,4870,89.10_89.20_89.30_89.40_89.50_,6_61_32_49_210_,89.00_88.90_88.80_88.70_88.60_,93_63_33_15_71_
09:32:45,89.10,12,4882,89.20_89.30_89.40_89.50_89.60_,62_31_49_211_70_,89.00_88.90_88.80_88.70_88.60_,93_63_33_15_71_
09:32:50,89.10,2,4884,89.10_89.20_89.30_89.40_89.50_,2_62_31_49_182_,89.00_88.90_88.80_88.70_88.60_,93_63_33_15_71_
09:32:55,89.10,2,4886,89.20_89.30_89.40_89.50_89.60_,62_32_49_212_70_,89.10_89.00_88.90_88.80_88.70_,3_93_63_33_15_
09:33:01,89.20,2,4888,89.20_89.30_89.40_89.50_89.60_,60_35_49_182_100_,89.10_89.00_88.90_88.80_88.70_,4_92_63_33_63_
09:33:06,89.10,1,4889,89.20_89.30_89.40_89.50_89.60_,60_35_52_181_100_,89.10_89.00_88.90_88.80_88.70_,8_94_63_33_63_
09:33:11,89.20,9,4898,89.20_89.30_89.40_89.50_89.60_,51_35_53_181_100_,89.10_89.00_88.90_88.80_88.70_,33_94_63_33_63_
09:33:16,89.20,24,4922,89.20_89.30_89.40_89.50_89.60_,29_35_53_181_100_,89.10_89.00_88.90_88.80_88.70_,43_94_63_33_63_
09:33:21,89.10,1,4923,89.20_89.30_89.40_89.50_89.60_,30_35_53_196_100_,89.10_89.00_88.90_88.80_88.70_,43_88_63_33_68_
09:33:26,89.20,32,4955,89.30_89.40_89.50_89.60_89.70_,34_53_196_100_92_,89.20_89.10_89.00_88.90_88.80_,4_53_88_63_33_
09:33:31,89.30,2,4957,89.30_89.40_89.50_89.60_89.70_,36_57_198_63_131_,89.20_89.10_89.00_88.90_88.80_,36_66_89_63_78_
09:33:37,89.30,2,4959,89.30_89.40_89.50_89.60_89.70_,34_57_198_63_131_,89.20_89.10_89.00_88.90_88.80_,62_66_89_63_78_
09:33:42,89.30,13,4972,89.30_89.40_89.50_89.60_89.70_,30_57_199_63_131_,89.20_89.10_89.00_88.90_88.80_,62_67_85_63_78_
09:33:47,89.30,7,4979,89.30_89.40_89.50_89.60_89.70_,28_57_199_64_131_,89.20_89.10_89.00_88.90_88.80_,62_67_86_63_78_
09:33:52,89.20,2,4981,89.30_89.40_89.50_89.60_89.70_,30_57_199_64_131_,89.20_89.10_89.00_88.90_88.80_,65_67_86_62_78_
09:33:57,89.20,3,4984,89.30_89.40_89.50_89.60_89.70_,34_57_199_64_131_,89.20_89.10_89.00_88.90_88.80_,64_67_86_62_78_
09:34:02,89.20,2,4986,89.30_89.40_89.50_89.60_89.70_,32_57_199_64_131_,89.20_89.10_89.00_88.90_88.80_,73_70_86_62_78_
09:34:07,89.30,6,4992,89.30_89.40_89.50_89.60_89.70_,26_57_199_64_131_,89.20_89.10_89.00_88.90_88.80_,73_70_86_62_78_
09:34:12,89.30,6,4998,89.30_89.40_89.50_89.60_89.70_,20_57_199_64_131_,89.20_89.10_89.00_88.90_88.80_,73_70_86_62_78_
09:34:18,89.30,5,5003,89.30_89.40_89.50_89.60_89.70_,16_57_199_64_131_,89.20_89.10_89.00_88.90_88.80_,73_72_86_61_78_
09:34:23,89.20,6,5009,89.30_89.40_89.50_89.60_89.70_,16_57_199_64_131_,89.20_89.10_89.00_88.90_88.80_,68_72_86_61_78_
09:34:28,89.30,7,5016,89.30_89.40_89.50_89.60_89.70_,10_57_199_64_181_,89.20_89.10_89.00_88.90_88.80_,70_72_86_61_78_
09:34:33,89.30,5,5021,89.30_89.40_89.50_89.60_89.70_,10_62_199_64_181_,89.20_89.10_89.00_88.90_88.80_,70_72_86_61_78_
09:34:38,89.30,1,5022,89.30_89.40_89.50_89.60_89.70_,10_62_199_64_181_,89.20_89.10_89.00_88.90_88.80_,71_72_86_61_78_
09:34:43,89.30,3,5025,89.30_89.40_89.50_89.60_89.70_,8_62_199_64_181_,89.20_89.10_89.00_88.90_88.80_,71_72_86_61_78_
09:34:48,89.30,3,5028,89.30_89.40_89.50_89.60_89.70_,5_62_199_64_181_,89.20_89.10_89.00_88.90_88.80_,71_72_86_61_78_
09:34:54,89.30,3,5031,89.30_89.40_89.50_89.60_89.70_,2_72_199_64_181_,89.20_89.10_89.00_88.90_88.80_,70_72_86_61_78_
09:34:59,89.20,5,5036,89.30_89.40_89.50_89.60_89.70_,2_72_199_64_181_,89.20_89.10_89.00_88.90_88.80_,68_72_86_61_78_
09:35:04,89.30,3,5039,89.40_89.50_89.60_89.70_89.80_,72_199_64_181_176_,89.30_89.20_89.10_89.00_88.90_,1_68_72_86_61_
09:35:09,89.30,6,5045,89.30_89.40_89.50_89.60_89.70_,2_72_199_64_151_,89.20_89.10_89.00_88.90_88.80_,63_72_86_111_30_
09:35:14,89.20,7,5052,89.30_89.40_89.50_89.60_89.70_,4_72_199_64_181_,89.20_89.10_89.00_88.90_88.80_,59_72_86_64_77_
09:35:19,89.20,7,5052,89.30_89.40_89.50_89.60_89.70_,5_72_205_67_171_,89.20_89.10_89.00_88.90_88.80_,59_72_86_64_77_
09:35:24,89.20,7,5052,89.30_89.40_89.50_89.60_89.70_,5_72_205_67_171_,89.20_89.10_89.00_88.90_88.80_,62_74_86_65_77_
09:35:30,89.20,7,5052,89.30_89.40_89.50_89.60_89.70_,16_62_205_67_171_,89.20_89.10_89.00_88.90_88.80_,55_74_86_65_77_
09:35:35,89.20,7,5052,89.30_89.40_89.50_89.60_89.70_,22_72_205_68_171_,89.20_89.10_89.00_88.90_88.80_,55_74_86_64_77_
09:35:40,89.20,7,5052,89.30_89.40_89.50_89.60_89.70_,23_72_205_68_171_,89.20_89.10_89.00_88.90_88.80_,55_74_86_64_77_
09:35:45,89.30,3,5055,89.30_89.40_89.50_89.60_89.70_,21_72_205_68_171_,89.20_89.10_89.00_88.90_88.80_,55_74_86_64_77_
09:35:50,89.30,1,5056,89.30_89.40_89.50_89.60_89.70_,20_72_205_69_171_,89.20_89.10_89.00_88.90_88.80_,55_74_86_64_77_
09:35:55,89.30,1,5056,89.30_89.40_89.50_89.60_89.70_,20_72_205_69_171_,89.20_89.10_89.00_88.90_88.80_,56_74_86_64_77_
09:36:00,89.30,1,5056,89.30_89.40_89.50_89.60_89.70_,21_72_202_69_171_,89.20_89.10_89.00_88.90_88.80_,55_74_86_64_77_
09:36:06,89.30,1,5056,89.30_89.40_89.50_89.60_89.70_,22_82_203_69_171_,89.20_89.10_89.00_88.90_88.80_,55_74_86_64_77_
09:36:11,89.30,1,5056,89.30_89.40_89.50_89.60_89.70_,22_82_200_70_171_,89.20_89.10_89.00_88.90_88.80_,55_74_86_64_77_
09:36:16,89.30,1,5057,89.30_89.40_89.50_89.60_89.70_,22_82_200_70_171_,89.20_89.10_89.00_88.90_88.80_,55_74_86_64_77_
09:36:21,89.20,22,5079,89.30_89.40_89.50_89.60_89.70_,23_82_198_70_171_,89.20_89.10_89.00_88.90_88.80_,39_74_86_64_77_
09:36:26,89.30,1,5080,89.30_89.40_89.50_89.60_89.70_,22_82_198_70_171_,89.20_89.10_89.00_88.90_88.80_,39_73_86_64_77_
09:36:31,89.30,20,5100,89.30_89.40_89.50_89.60_89.70_,10_82_198_70_171_,89.20_89.10_89.00_88.90_88.80_,39_73_86_64_77_
09:36:37,89.30,2,5102,89.30_89.40_89.50_89.60_89.70_,10_82_200_70_171_,89.20_89.10_89.00_88.90_88.80_,39_73_86_64_77_
09:36:42,89.30,2,5102,89.30_89.40_89.50_89.60_89.70_,11_83_200_70_171_,89.20_89.10_89.00_88.90_88.80_,39_68_86_64_77_
09:36:47,89.30,3,5105,89.30_89.40_89.50_89.60_89.70_,5_83_200_70_171_,89.20_89.10_89.00_88.90_88.80_,39_69_86_64_77_
09:36:52,89.30,15,5120,89.40_89.50_89.60_89.70_89.80_,83_204_70_171_167_,89.30_89.20_89.10_89.00_88.90_,16_40_69_86_64_
09:36:57,89.40,3,5123,89.40_89.50_89.60_89.70_89.80_,83_204_70_141_197_,89.30_89.20_89.10_89.00_88.90_,27_35_69_86_111_
09:37:02,89.30,7,5130,89.40_89.50_89.60_89.70_89.80_,83_204_70_132_207_,89.30_89.20_89.10_89.00_88.90_,20_35_69_86_111_
09:37:07,89.30,7,5137,89.40_89.50_89.60_89.70_89.80_,83_201_70_132_210_,89.30_89.20_89.10_89.00_88.90_,28_35_69_91_111_
09:37:12,89.30,7,5137,89.40_89.50_89.60_89.70_89.80_,84_199_70_132_211_,89.30_89.20_89.10_89.00_88.90_,29_35_75_91_111_
09:37:18,89.30,1,5138,89.40_89.50_89.60_89.70_89.80_,85_199_70_132_211_,89.30_89.20_89.10_89.00_88.90_,28_9_75_111_111_
09:37:23,89.40,51,5189,89.40_89.50_89.60_89.70_89.80_,36_200_70_132_211_,89.30_89.20_89.10_89.00_88.90_,26_9_75_111_111_
09:37:28,89.30,24,5213,89.40_89.50_89.60_89.70_89.80_,33_201_70_132_211_,89.30_89.20_89.10_89.00_88.90_,3_14_75_111_111_
09:37:33,89.30,4,5217,89.40_89.50_89.60_89.70_89.80_,33_203_70_132_212_,89.30_89.20_89.10_89.00_88.90_,3_14_75_112_111_
09:37:38,89.30,3,5220,89.30_89.40_89.50_89.60_89.70_,2_43_203_70_132_,89.20_89.10_89.00_88.90_88.80_,24_76_112_111_22_
09:37:43,89.30,2,5222,89.40_89.50_89.60_89.70_89.80_,43_213_71_162_182_,89.30_89.20_89.10_89.00_88.90_,2_25_76_112_64_
09:37:48,89.30,1,5223,89.40_89.50_89.60_89.70_89.80_,43_213_71_132_212_,89.30_89.20_89.10_89.00_88.90_,4_24_76_112_111_
09:37:53,89.30,5,5228,89.40_89.50_89.60_89.70_89.80_,44_213_71_132_209_,89.30_89.20_89.10_89.00_88.90_,1_24_76_112_111_
09:37:59,89.30,1,5229,89.30_89.40_89.50_89.60_89.70_,3_45_213_71_132_,89.20_89.10_89.00_88.90_88.80_,24_76_112_111_22_
09:38:04,89.30,3,5232,89.30_89.40_89.50_89.60_89.70_,5_48_213_71_162_,89.20_89.10_89.00_88.90_88.80_,24_76_112_64_69_
09:38:09,89.20,4,5236,89.30_89.40_89.50_89.60_89.70_,5_48_214_71_162_,89.20_89.10_89.00_88.90_88.80_,24_76_112_64_69_
09:38:14,89.20,3,5239,89.30_89.40_89.50_89.60_89.70_,5_48_214_70_162_,89.20_89.10_89.00_88.90_88.80_,22_76_112_64_69_
09:38:19,89.20,2,5241,89.30_89.40_89.50_89.60_89.70_,5_52_219_70_162_,89.20_89.10_89.00_88.90_88.80_,22_76_112_64_69_
09:38:24,89.20,1,5242,89.30_89.40_89.50_89.60_89.70_,16_52_219_70_162_,89.20_89.10_89.00_88.90_88.80_,22_76_112_64_69_
09:38:29,89.30,9,5251,89.30_89.40_89.50_89.60_89.70_,7_64_220_70_171_,89.20_89.10_89.00_88.90_88.80_,22_76_112_64_69_
09:38:34,89.20,5,5256,89.30_89.40_89.50_89.60_89.70_,14_64_220_70_171_,89.20_89.10_89.00_88.90_88.80_,19_76_112_64_67_
09:38:40,89.20,5,5256,89.30_89.40_89.50_89.60_89.70_,14_64_232_70_171_,89.20_89.10_89.00_88.90_88.80_,19_76_117_64_67_
09:38:45,89.30,11,5267,89.30_89.40_89.50_89.60_89.70_,10_64_231_70_171_,89.20_89.10_89.00_88.90_88.80_,19_76_117_64_67_
09:38:50,89.30,3,5270,89.30_89.40_89.50_89.60_89.70_,13_64_231_70_171_,89.20_89.10_89.00_88.90_88.80_,19_76_117_64_67_
09:38:55,89.20,1,5271,89.30_89.40_89.50_89.60_89.70_,24_69_231_70_171_,89.20_89.10_89.00_88.90_88.80_,18_76_118_64_67_
09:39:00,89.20,1,5271,89.30_89.40_89.50_89.60_89.70_,26_69_231_70_171_,89.20_89.10_89.00_88.90_88.80_,23_76_118_64_67_
09:39:05,89.30,1,5272,89.30_89.40_89.50_89.60_89.70_,28_69_233_70_171_,89.20_89.10_89.00_88.90_88.80_,25_76_118_62_65_
09:39:10,89.20,2,5274,89.30_89.40_89.50_89.60_89.70_,29_70_243_71_171_,89.20_89.10_89.00_88.90_88.80_,24_76_118_62_65_
09:39:15,89.30,1,5275,89.30_89.40_89.50_89.60_89.70_,34_66_243_71_171_,89.20_89.10_89.00_88.90_88.80_,24_76_118_62_65_
09:39:21,89.30,1,5275,89.30_89.40_89.50_89.60_89.70_,36_66_243_71_171_,89.20_89.10_89.00_88.90_88.80_,24_76_98_62_65_
09:39:26,89.30,1,5276,89.30_89.40_89.50_89.60_89.70_,36_66_244_71_171_,89.20_89.10_89.00_88.90_88.80_,24_76_98_62_65_
09:39:31,89.20,1,5277,89.30_89.40_89.50_89.60_89.70_,36_76_245_62_171_,89.20_89.10_89.00_88.90_88.80_,23_76_98_62_65_
09:39:36,89.20,2,5279,89.30_89.40_89.50_89.60_89.70_,36_76_246_62_171_,89.20_89.10_89.00_88.90_88.80_,22_76_98_62_65_
09:39:41,89.20,6,5285,89.30_89.40_89.50_89.60_89.70_,36_76_246_63_171_,89.20_89.10_89.00_88.90_88.80_,17_76_98_82_68_
09:39:46,89.20,4,5289,89.30_89.40_89.50_89.60_89.70_,37_76_249_63_171_,89.20_89.10_89.00_88.90_88.80_,14_76_98_82_68_
09:39:52,89.30,2,5291,89.30_89.40_89.50_89.60_89.70_,36_76_249_63_171_,89.20_89.10_89.00_88.90_88.80_,14_76_98_82_68_
09:39:57,89.20,6,5297,89.30_89.40_89.50_89.60_89.70_,40_81_249_63_171_,89.20_89.10_89.00_88.90_88.80_,12_76_98_82_68_
09:40:02,89.20,6,5297,89.30_89.40_89.50_89.60_89.70_,40_81_250_63_171_,89.20_89.10_89.00_88.90_88.80_,12_76_98_82_68_
09:40:07,89.20,3,5300,89.30_89.40_89.50_89.60_89.70_,39_81_251_64_171_,89.20_89.10_89.00_88.90_88.80_,11_76_98_82_68_
09:40:12,89.30,4,5304,89.30_89.40_89.50_89.60_89.70_,35_81_254_64_171_,89.20_89.10_89.00_88.90_88.80_,11_78_98_82_68_
09:40:17,89.30,4,5304,89.30_89.40_89.50_89.60_89.70_,36_81_254_64_171_,89.20_89.10_89.00_88.90_88.80_,11_78_98_82_68_
09:40:22,89.30,2,5306,89.30_89.40_89.50_89.60_89.70_,34_85_255_64_171_,89.20_89.10_89.00_88.90_88.80_,15_79_99_82_68_
09:40:28,89.30,3,5309,89.30_89.40_89.50_89.60_89.70_,31_85_255_64_171_,89.20_89.10_89.00_88.90_88.80_,18_79_99_82_68_
09:40:33,89.30,8,5317,89.30_89.40_89.50_89.60_89.70_,28_85_255_64_171_,89.20_89.10_89.00_88.90_88.80_,28_79_99_82_68_
09:40:38,89.30,3,5320,89.30_89.40_89.50_89.60_89.70_,25_85_254_64_171_,89.20_89.10_89.00_88.90_88.80_,28_79_99_82_68_
09:40:43,89.30,9,5329,89.30_89.40_89.50_89.60_89.70_,18_85_254_64_171_,89.20_89.10_89.00_88.90_88.80_,30_79_99_82_68_
09:40:48,89.30,1,5330,89.30_89.40_89.50_89.60_89.70_,17_84_254_66_171_,89.20_89.10_89.00_88.90_88.80_,31_79_99_82_68_
09:40:53,89.30,4,5334,89.30_89.40_89.50_89.60_89.70_,15_84_254_66_171_,89.20_89.10_89.00_88.90_88.80_,31_79_99_82_68_
09:40:58,89.30,6,5340,89.30_89.40_89.50_89.60_89.70_,9_84_254_67_171_,89.20_89.10_89.00_88.90_88.80_,32_79_99_82_68_
09:41:04,89.30,9,5349,89.40_89.50_89.60_89.70_89.80_,84_254_67_171_172_,89.30_89.20_89.10_89.00_88.90_,1_32_79_103_82_
09:41:09,89.30,4,5353,89.40_89.50_89.60_89.70_89.80_,87_256_67_132_212_,89.30_89.20_89.10_89.00_88.90_,24_22_78_103_129_
09:41:14,89.40,2,5355,89.40_89.50_89.60_89.70_89.80_,85_254_67_132_212_,89.30_89.20_89.10_89.00_88.90_,30_21_78_103_129_
09:41:19,89.30,10,5365,89.40_89.50_89.60_89.70_89.80_,86_254_67_132_212_,89.30_89.20_89.10_89.00_88.90_,43_21_78_103_129_
09:41:24,89.40,1,5366,89.40_89.50_89.60_89.70_89.80_,91_254_67_132_212_,89.30_89.20_89.10_89.00_88.90_,43_21_78_103_129_
09:41:29,89.40,5,5371,89.40_89.50_89.60_89.70_89.80_,90_254_67_132_212_,89.30_89.20_89.10_89.00_88.90_,48_19_78_103_129_
09:41:34,89.40,5,5371,89.40_89.50_89.60_89.70_89.80_,90_255_67_132_212_,89.30_89.20_89.10_89.00_88.90_,48_19_78_103_129_
09:41:39,89.40,2,5373,89.40_89.50_89.60_89.70_89.80_,88_255_67_132_212_,89.30_89.20_89.10_89.00_88.90_,48_19_78_103_129_
09:41:44,89.30,3,5376,89.40_89.50_89.60_89.70_89.80_,89_257_68_132_212_,89.30_89.20_89.10_89.00_88.90_,81_19_78_103_129_
09:41:50,89.40,5,5381,89.40_89.50_89.60_89.70_89.80_,85_257_68_132_212_,89.30_89.20_89.10_89.00_88.90_,82_19_78_103_129_
09:41:55,89.40,2,5383,89.40_89.50_89.60_89.70_89.80_,83_258_68_136_212_,89.30_89.20_89.10_89.00_88.90_,82_19_78_103_129_
09:42:00,89.30,23,5406,89.40_89.50_89.60_89.70_89.80_,85_258_68_136_212_,89.30_89.20_89.10_89.00_88.90_,60_19_83_103_129_
09:42:05,89.40,6,5412,89.40_89.50_89.60_89.70_89.80_,81_258_68_136_212_,89.30_89.20_89.10_89.00_88.90_,61_19_84_103_129_
09:42:10,89.40,1,5413,89.40_89.50_89.60_89.70_89.80_,82_258_68_136_212_,89.30_89.20_89.10_89.00_88.90_,63_19_84_103_129_
09:42:15,89.40,3,5416,89.40_89.50_89.60_89.70_89.80_,82_258_68_137_212_,89.30_89.20_89.10_89.00_88.90_,64_19_84_103_129_
09:42:20,89.40,8,5424,89.40_89.50_89.60_89.70_89.80_,85_258_68_137_212_,89.30_89.20_89.10_89.00_88.90_,64_29_84_103_119_
09:42:25,89.40,2,5426,89.40_89.50_89.60_89.70_89.80_,83_257_68_137_212_,89.30_89.20_89.10_89.00_88.90_,64_29_84_103_119_
09:42:31,89.30,1,5427,89.40_89.50_89.60_89.70_89.80_,83_257_68_137_212_,89.30_89.20_89.10_89.00_88.90_,63_29_84_103_119_
09:42:36,89.40,1,5428,89.40_89.50_89.60_89.70_89.80_,82_257_68_137_212_,89.30_89.20_89.10_89.00_88.90_,64_29_84_103_119_
09:42:41,89.40,2,5430,89.40_89.50_89.60_89.70_89.80_,80_257_68_137_212_,89.30_89.20_89.10_89.00_88.90_,65_29_84_103_119_
09:42:46,89.40,1,5431,89.40_89.50_89.60_89.70_89.80_,81_258_68_137_212_,89.30_89.20_89.10_89.00_88.90_,70_29_84_103_119_
09:42:51,89.30,3,5434,89.40_89.50_89.60_89.70_89.80_,82_258_68_137_212_,89.30_89.20_89.10_89.00_88.90_,67_29_84_103_119_
09:42:56,89.30,3,5434,89.40_89.50_89.60_89.70_89.80_,82_258_68_137_212_,89.30_89.20_89.10_89.00_88.90_,68_29_84_103_119_
09:43:01,89.40,3,5437,89.40_89.50_89.60_89.70_89.80_,79_258_68_137_212_,89.30_89.20_89.10_89.00_88.90_,68_29_84_103_119_
09:43:07,89.40,5,5442,89.40_89.50_89.60_89.70_89.80_,74_258_68_137_212_,89.30_89.20_89.10_89.00_88.90_,67_29_84_103_119_
09:43:12,89.40,10,5452,89.40_89.50_89.60_89.70_89.80_,64_258_68_137_212_,89.30_89.20_89.10_89.00_88.90_,67_29_84_103_119_
09:43:17,89.30,2,5454,89.40_89.50_89.60_89.70_89.80_,64_258_68_137_212_,89.30_89.20_89.10_89.00_88.90_,65_29_84_103_119_
09:43:22,89.30,3,5457,89.40_89.50_89.60_89.70_89.80_,65_260_68_137_213_,89.30_89.20_89.10_89.00_88.90_,65_29_84_103_119_
09:43:27,89.40,1,5458,89.40_89.50_89.60_89.70_89.80_,64_260_68_137_214_,89.30_89.20_89.10_89.00_88.90_,65_29_84_103_119_
09:43:32,89.40,1,5458,89.40_89.50_89.60_89.70_89.80_,64_265_68_137_214_,89.30_89.20_89.10_89.00_88.90_,65_29_86_103_119_
09:43:37,89.40,1,5458,89.40_89.50_89.60_89.70_89.80_,64_265_71_137_215_,89.30_89.20_89.10_89.00_88.90_,80_29_86_103_119_
09:43:43,89.30,2,5460,89.40_89.50_89.60_89.70_89.80_,64_265_72_137_215_,89.30_89.20_89.10_89.00_88.90_,85_29_86_103_119_
09:43:48,89.40,1,5461,89.40_89.50_89.60_89.70_89.80_,63_265_72_137_215_,89.30_89.20_89.10_89.00_88.90_,88_29_86_103_119_
09:43:53,89.40,1,5462,89.40_89.50_89.60_89.70_89.80_,63_265_72_137_215_,89.30_89.20_89.10_89.00_88.90_,88_29_86_103_119_
09:43:58,89.40,2,5464,89.40_89.50_89.60_89.70_89.80_,62_265_74_137_216_,89.30_89.20_89.10_89.00_88.90_,88_29_86_103_119_
09:44:03,89.40,63,5527,89.50_89.60_89.70_89.80_89.90_,266_74_137_216_139_,89.40_89.30_89.20_89.10_89.00_,7_88_29_86_103_
09:44:08,89.40,63,5527,89.50_89.60_89.70_89.80_89.90_,266_74_137_186_169_,89.40_89.30_89.20_89.10_89.00_,16_83_29_86_168_
09:44:13,89.40,2,5529,89.50_89.60_89.70_89.80_89.90_,266_74_137_187_169_,89.40_89.30_89.20_89.10_89.00_,20_83_29_66_168_
09:44:18,89.40,2,5529,89.50_89.60_89.70_89.80_89.90_,266_74_137_187_169_,89.40_89.30_89.20_89.10_89.00_,21_83_29_66_168_
09:44:23,89.50,1,5530,89.50_89.60_89.70_89.80_89.90_,265_74_142_187_169_,89.40_89.30_89.20_89.10_89.00_,22_82_29_66_168_
09:44:29,89.50,2,5532,89.50_89.60_89.70_89.80_89.90_,263_74_142_187_169_,89.40_89.30_89.20_89.10_89.00_,23_83_29_66_168_
09:44:34,89.40,5,5537,89.50_89.60_89.70_89.80_89.90_,261_74_142_187_169_,89.40_89.30_89.20_89.10_89.00_,28_48_30_66_168_
09:44:39,89.40,5,5537,89.50_89.60_89.70_89.80_89.90_,264_74_147_187_169_,89.40_89.30_89.20_89.10_89.00_,28_48_31_66_168_
09:44:44,89.50,2,5539,89.50_89.60_89.70_89.80_89.90_,263_75_147_187_169_,89.40_89.30_89.20_89.10_89.00_,28_48_31_67_169_
09:44:49,89.50,2,5539,89.50_89.60_89.70_89.80_89.90_,263_76_147_192_169_,89.40_89.30_89.20_89.10_89.00_,28_48_31_67_170_
09:44:54,89.50,2,5539,89.50_89.60_89.70_89.80_89.90_,263_76_147_192_169_,89.40_89.30_89.20_89.10_89.00_,29_62_31_67_170_
09:44:59,89.40,8,5547,89.50_89.60_89.70_89.80_89.90_,265_76_147_192_169_,89.40_89.30_89.20_89.10_89.00_,21_62_31_67_170_
09:45:05,89.40,9,5556,89.50_89.60_89.70_89.80_89.90_,266_76_147_192_169_,89.40_89.30_89.20_89.10_89.00_,14_63_31_67_170_
09:45:10,89.40,3,5559,89.50_89.60_89.70_89.80_89.90_,268_76_147_194_169_,89.40_89.30_89.20_89.10_89.00_,11_63_31_67_170_
09:45:15,89.40,11,5570,89.50_89.60_89.70_89.80_89.90_,268_76_147_194_169_,89.40_89.30_89.20_89.10_89.00_,7_63_31_67_170_
09:45:20,89.40,4,5574,89.50_89.60_89.70_89.80_89.90_,268_76_147_195_169_,89.40_89.30_89.20_89.10_89.00_,10_57_32_67_170_
09:45:25,89.40,5,5579,89.50_89.60_89.70_89.80_89.90_,267_76_147_195_169_,89.40_89.30_89.20_89.10_89.00_,6_57_32_67_169_
09:45:30,89.40,6,5585,89.40_89.50_89.60_89.70_89.80_,2_268_76_147_196_,89.30_89.20_89.10_89.00_88.90_,57_32_67_169_53_
09:45:35,89.40,2,5587,89.40_89.50_89.60_89.70_89.80_,21_268_76_147_229_,89.30_89.20_89.10_89.00_88.90_,57_31_67_122_100_
09:45:40,89.40,1,5588,89.40_89.50_89.60_89.70_89.80_,40_269_76_147_220_,89.30_89.20_89.10_89.00_88.90_,57_31_67_122_100_
09:45:46,89.40,1,5588,89.40_89.50_89.60_89.70_89.80_,53_268_76_147_228_,89.30_89.20_89.10_89.00_88.90_,58_31_67_122_100_
09:45:51,89.40,1,5588,89.40_89.50_89.60_89.70_89.80_,53_269_78_147_229_,89.30_89.20_89.10_89.00_88.90_,106_31_67_122_100_
09:45:56,89.40,3,5591,89.40_89.50_89.60_89.70_89.80_,50_269_78_147_231_,89.30_89.20_89.10_89.00_88.90_,106_31_67_122_100_
09:46:01,89.50,62,5653,89.50_89.60_89.70_89.80_89.90_,260_78_148_231_139_,89.30_89.20_89.10_89.00_88.90_,128_31_67_122_100_
09:46:06,89.30,1,5654,89.50_89.60_89.70_89.80_89.90_,261_78_148_201_169_,89.30_89.20_89.10_89.00_88.90_,127_31_67_122_100_
09:46:11,89.50,5,5659,89.50_89.60_89.70_89.80_89.90_,256_78_148_201_169_,89.30_89.20_89.10_89.00_88.90_,130_31_67_122_100_
09:46:16,89.50,10,5669,89.50_89.60_89.70_89.80_89.90_,253_78_148_201_171_,89.40_89.30_89.20_89.10_89.00_,2_131_31_67_122_
09:46:22,89.40,5,5674,89.50_89.60_89.70_89.80_89.90_,258_78_148_201_171_,89.40_89.30_89.20_89.10_89.00_,1_130_31_67_169_
09:46:27,89.40,1,5675,89.50_89.60_89.70_89.80_89.90_,269_78_148_202_171_,89.30_89.20_89.10_89.00_88.90_,130_31_67_169_53_
09:46:32,89.40,1,5675,89.50_89.60_89.70_89.80_89.90_,269_78_149_202_171_,89.40_89.30_89.20_89.10_89.00_,6_130_31_67_122_
09:46:37,89.40,8,5683,89.50_89.60_89.70_89.80_89.90_,269_78_149_202_171_,89.40_89.30_89.20_89.10_89.00_,3_130_31_67_169_
09:46:42,89.40,1,5684,89.50_89.60_89.70_89.80_89.90_,272_78_149_202_171_,89.40_89.30_89.20_89.10_89.00_,2_130_31_67_169_
09:46:47,89.40,2,5686,89.40_89.50_89.60_89.70_89.80_,8_273_78_149_202_,89.30_89.20_89.10_89.00_88.90_,130_31_67_169_53_
09:46:52,89.40,1,5687,89.40_89.50_89.60_89.70_89.80_,8_274_78_149_232_,89.30_89.20_89.10_89.00_88.90_,135_31_67_122_100_
09:46:58,89.40,2,5689,89.40_89.50_89.60_89.70_89.80_,6_276_78_149_232_,89.30_89.20_89.10_89.00_88.90_,135_31_67_122_100_
09:47:03,89.40,7,5696,89.50_89.60_89.70_89.80_89.90_,276_78_149_232_147_,89.40_89.30_89.20_89.10_89.00_,1_136_31_65_122_
09:47:08,89.50,1,5697,89.50_89.60_89.70_89.80_89.90_,275_78_149_203_177_,89.40_89.30_89.20_89.10_89.00_,2_136_31_65_169_
09:47:13,89.40,2,5699,89.40_89.50_89.60_89.70_89.80_,3_278_78_149_203_,89.30_89.20_89.10_89.00_88.90_,136_31_65_169_53_
09:47:18,89.30,2,5701,89.40_89.50_89.60_89.70_89.80_,4_278_78_149_233_,89.30_89.20_89.10_89.00_88.90_,134_31_65_122_100_
09:47:23,89.30,2,5701,89.40_89.50_89.60_89.70_89.80_,5_278_78_149_233_,89.30_89.20_89.10_89.00_88.90_,134_31_66_122_75_
09:47:28,89.40,1,5702,89.40_89.50_89.60_89.70_89.80_,4_279_78_149_233_,89.30_89.20_89.10_89.00_88.90_,134_31_66_122_75_
09:47:34,89.40,1,5703,89.40_89.50_89.60_89.70_89.80_,4_279_81_149_233_,89.30_89.20_89.10_89.00_88.90_,135_31_66_122_75_
09:47:39,89.40,1,5704,89.40_89.50_89.60_89.70_89.80_,28_279_82_149_233_,89.30_89.20_89.10_89.00_88.90_,135_31_66_122_74_
09:47:44,89.40,1,5705,89.40_89.50_89.60_89.70_89.80_,28_283_82_149_233_,89.30_89.20_89.10_89.00_88.90_,135_33_66_122_74_
09:47:49,89.40,1,5705,89.40_89.50_89.60_89.70_89.80_,30_294_82_149_233_,89.30_89.20_89.10_89.00_88.90_,139_33_66_122_74_
09:47:54,89.40,6,5711,89.40_89.50_89.60_89.70_89.80_,29_294_82_149_234_,89.30_89.20_89.10_89.00_88.90_,140_33_66_122_74_
09:47:59,89.40,3,5714,89.40_89.50_89.60_89.70_89.80_,27_294_82_149_234_,89.30_89.20_89.10_89.00_88.90_,140_33_66_122_74_
09:48:04,89.40,5,5719,89.40_89.50_89.60_89.70_89.80_,29_295_82_149_234_,89.30_89.20_89.10_89.00_88.90_,139_33_66_122_74_
09:48:09,89.40,5,5719,89.40_89.50_89.60_89.70_89.80_,29_297_82_149_234_,89.30_89.20_89.10_89.00_88.90_,139_33_66_122_74_
09:48:15,89.40,1,5720,89.40_89.50_89.60_89.70_89.80_,30_297_82_149_235_,89.30_89.20_89.10_89.00_88.90_,139_33_66_122_74_
09:48:20,89.40,5,5725,89.40_89.50_89.60_89.70_89.80_,27_298_82_149_235_,89.30_89.20_89.10_89.00_88.90_,139_31_66_122_74_
09:48:25,89.30,3,5728,89.40_89.50_89.60_89.70_89.80_,29_299_83_149_236_,89.30_89.20_89.10_89.00_88.90_,137_31_66_122_74_
09:48:30,89.30,2,5730,89.40_89.50_89.60_89.70_89.80_,30_299_82_149_236_,89.30_89.20_89.10_89.00_88.90_,135_31_66_122_74_
09:48:35,89.30,2,5730,89.40_89.50_89.60_89.70_89.80_,33_299_82_149_236_,89.30_89.20_89.10_89.00_88.90_,135_31_66_122_74_
09:48:40,89.30,1,5731,89.40_89.50_89.60_89.70_89.80_,33_300_82_149_236_,89.30_89.20_89.10_89.00_88.90_,135_31_66_122_74_
09:48:45,89.40,2,5733,89.40_89.50_89.60_89.70_89.80_,42_300_82_149_236_,89.30_89.20_89.10_89.00_88.90_,135_31_66_122_74_
09:48:50,89.30,4,5737,89.40_89.50_89.60_89.70_89.80_,42_312_82_149_236_,89.30_89.20_89.10_89.00_88.90_,133_31_66_122_74_
09:48:56,89.30,4,5737,89.40_89.50_89.60_89.70_89.80_,47_312_82_149_236_,89.30_89.20_89.10_89.00_88.90_,134_31_66_122_74_
09:49:01,89.30,4,5737,89.40_89.50_89.60_89.70_89.80_,47_313_82_149_236_,89.30_89.20_89.10_89.00_88.90_,134_31_66_122_74_
09:49:06,89.30,1,5738,89.40_89.50_89.60_89.70_89.80_,47_313_82_149_236_,89.30_89.20_89.10_89.00_88.90_,134_31_66_122_74_
09:49:11,89.30,1,5738,89.40_89.50_89.60_89.70_89.80_,47_312_82_149_239_,89.30_89.20_89.10_89.00_88.90_,134_31_66_122_74_
09:49:16,89.30,1,5739,89.40_89.50_89.60_89.70_89.80_,67_311_82_149_239_,89.30_89.20_89.10_89.00_88.90_,133_31_66_122_74_
09:49:21,89.30,67,5806,89.40_89.50_89.60_89.70_89.80_,67_307_82_149_239_,89.30_89.20_89.10_89.00_88.90_,66_31_66_122_74_
09:49:26,89.30,22,5828,89.40_89.50_89.60_89.70_89.80_,70_307_82_149_240_,89.30_89.20_89.10_89.00_88.90_,44_31_66_122_74_
09:49:32,89.30,38,5866,89.30_89.40_89.50_89.60_89.70_,22_70_308_82_149_,89.20_89.10_89.00_88.90_88.80_,31_66_122_74_22_
09:49:37,89.20,4,5870,89.30_89.40_89.50_89.60_89.70_,22_70_308_82_188_,89.20_89.10_89.00_88.90_88.80_,31_66_122_27_69_
09:49:42,89.30,3,5873,89.30_89.40_89.50_89.60_89.70_,20_71_308_82_188_,89.20_89.10_89.00_88.90_88.80_,31_66_122_27_69_
09:49:47,89.30,3,5873,89.30_89.40_89.50_89.60_89.70_,21_71_308_82_188_,89.20_89.10_89.00_88.90_88.80_,32_66_122_27_69_
09:49:52,89.30,3,5873,89.30_89.40_89.50_89.60_89.70_,21_75_308_82_188_,89.20_89.10_89.00_88.90_88.80_,32_66_122_27_69_
09:49:57,89.30,1,5874,89.30_89.40_89.50_89.60_89.70_,20_75_308_82_192_,89.20_89.10_89.00_88.90_88.80_,32_66_122_27_69_
09:50:02,89.20,1,5875,89.30_89.40_89.50_89.60_89.70_,20_75_308_82_192_,89.20_89.10_89.00_88.90_88.80_,31_66_102_27_69_
09:50:08,89.30,2,5877,89.30_89.40_89.50_89.60_89.70_,19_75_308_82_192_,89.20_89.10_89.00_88.90_88.80_,31_66_102_27_69_
09:50:18,89.30,2,5877,89.30_89.40_89.50_89.60_89.70_,21_80_308_81_192_,89.20_89.10_89.00_88.90_88.80_,31_66_101_27_69_
09:50:23,89.30,3,5880,89.30_89.40_89.50_89.60_89.70_,19_80_312_81_192_,89.20_89.10_89.00_88.90_88.80_,31_67_102_27_69_
09:50:33,89.20,1,5881,89.30_89.40_89.50_89.60_89.70_,19_80_313_81_192_,89.20_89.10_89.00_88.90_88.80_,31_67_102_27_69_
09:50:38,89.20,21,5902,89.30_89.40_89.50_89.60_89.70_,21_81_312_81_192_,89.20_89.10_89.00_88.90_88.80_,26_67_102_27_69_
09:50:44,89.20,21,5902,89.30_89.40_89.50_89.60_89.70_,21_93_302_81_193_,89.20_89.10_89.00_88.90_88.80_,26_67_101_27_69_
09:50:49,89.20,20,5922,89.30_89.40_89.50_89.60_89.70_,21_91_303_81_193_,89.20_89.10_89.00_88.90_88.80_,6_67_101_27_69_
09:50:54,89.20,4,5926,89.30_89.40_89.50_89.60_89.70_,21_91_303_81_193_,89.20_89.10_89.00_88.90_88.80_,3_66_111_27_69_
09:50:59,89.30,3,5929,89.30_89.40_89.50_89.60_89.70_,18_91_305_81_193_,89.20_89.10_89.00_88.90_88.80_,3_66_111_87_69_
09:51:04,89.20,4,5933,89.20_89.30_89.40_89.50_89.60_,2_18_91_305_81_,89.10_89.00_88.90_88.80_88.70_,66_111_87_69_15_
09:51:09,89.10,3,5936,89.20_89.30_89.40_89.50_89.60_,2_18_91_295_110_,89.10_89.00_88.90_88.80_88.70_,64_121_82_22_67_
09:51:14,89.10,3,5936,89.20_89.30_89.40_89.50_89.60_,2_25_92_296_110_,89.10_89.00_88.90_88.80_88.70_,68_121_82_22_67_
09:51:19,89.10,3,5939,89.20_89.30_89.40_89.50_89.60_,5_25_91_296_110_,89.10_89.00_88.90_88.80_88.70_,66_121_82_22_67_
09:51:25,89.10,2,5941,89.20_89.30_89.40_89.50_89.60_,8_25_91_296_110_,89.10_89.00_88.90_88.80_88.70_,66_124_82_22_67_
09:51:30,89.20,2,5943,89.20_89.30_89.40_89.50_89.60_,9_27_91_296_110_,89.10_89.00_88.90_88.80_88.70_,74_124_82_22_67_
09:51:35,89.20,4,5947,89.20_89.30_89.40_89.50_89.60_,7_27_91_296_110_,89.10_89.00_88.90_88.80_88.70_,74_124_82_22_68_
09:51:40,89.20,1,5948,89.20_89.30_89.40_89.50_89.60_,7_27_131_296_110_,89.10_89.00_88.90_88.80_88.70_,74_124_82_22_68_
09:51:45,89.20,1,5948,89.20_89.30_89.40_89.50_89.60_,8_27_132_296_110_,89.10_89.00_88.90_88.80_88.70_,74_124_82_22_68_
09:51:50,89.20,1,5949,89.20_89.30_89.40_89.50_89.60_,7_27_132_296_110_,89.10_89.00_88.90_88.80_88.70_,74_124_82_22_68_
09:51:55,89.20,5,5954,89.20_89.30_89.40_89.50_89.60_,2_27_132_296_128_,89.10_89.00_88.90_88.80_88.70_,74_124_82_22_68_
09:52:00,89.20,5,5954,89.20_89.30_89.40_89.50_89.60_,2_27_133_299_128_,89.10_89.00_88.90_88.80_88.70_,74_124_82_22_68_
09:52:06,89.20,5,5954,89.20_89.30_89.40_89.50_89.60_,4_27_133_303_128_,89.10_89.00_88.90_88.80_88.70_,74_124_82_22_68_
09:52:11,89.20,2,5956,89.20_89.30_89.40_89.50_89.60_,2_27_136_306_128_,89.10_89.00_88.90_88.80_88.70_,74_124_82_22_68_
09:52:16,89.10,9,5965,89.20_89.30_89.40_89.50_89.60_,2_27_126_308_128_,89.10_89.00_88.90_88.80_88.70_,68_124_82_22_68_
09:52:21,89.10,3,5968,89.20_89.30_89.40_89.50_89.60_,3_27_126_308_128_,89.10_89.00_88.90_88.80_88.70_,65_124_82_22_68_
09:52:26,89.20,1,5969,89.20_89.30_89.40_89.50_89.60_,4_27_126_308_128_,89.10_89.00_88.90_88.80_88.70_,65_124_82_22_68_
09:52:31,89.20,1,5969,89.20_89.30_89.40_89.50_89.60_,10_27_126_308_128_,89.10_89.00_88.90_88.80_88.70_,68_124_82_22_68_
09:52:36,89.20,2,5971,89.20_89.30_89.40_89.50_89.60_,8_27_126_309_137_,89.10_89.00_88.90_88.80_88.70_,68_124_82_22_68_
09:52:41,89.20,2,5971,89.20_89.30_89.40_89.50_89.60_,8_27_126_311_137_,89.10_89.00_88.90_88.80_88.70_,69_124_82_22_68_
09:52:47,89.10,1,5972,89.20_89.30_89.40_89.50_89.60_,9_27_126_311_137_,89.10_89.00_88.90_88.80_88.70_,68_124_82_22_68_
09:52:52,89.10,1,5973,89.20_89.30_89.40_89.50_89.60_,11_27_126_315_137_,89.10_89.00_88.90_88.80_88.70_,68_124_82_22_68_
09:52:57,89.20,1,5974,89.20_89.30_89.40_89.50_89.60_,10_27_126_315_136_,89.10_89.00_88.90_88.80_88.70_,68_124_82_22_68_
09:53:02,89.10,20,5994,89.20_89.30_89.40_89.50_89.60_,10_27_126_320_136_,89.10_89.00_88.90_88.80_88.70_,49_124_82_22_68_
09:53:07,89.10,2,5996,89.20_89.30_89.40_89.50_89.60_,10_27_127_320_136_,89.10_89.00_88.90_88.80_88.70_,49_124_82_22_68_
09:53:12,89.20,1,5997,89.20_89.30_89.40_89.50_89.60_,9_27_127_320_136_,89.10_89.00_88.90_88.80_88.70_,49_124_82_22_68_
09:53:17,89.10,20,6017,89.20_89.30_89.40_89.50_89.60_,9_27_128_320_136_,89.10_89.00_88.90_88.80_88.70_,32_124_82_22_68_
09:53:23,89.10,20,6017,89.20_89.30_89.40_89.50_89.60_,9_27_129_320_136_,89.10_89.00_88.90_88.80_88.70_,32_124_82_22_68_
09:53:28,89.10,20,6037,89.20_89.30_89.40_89.50_89.60_,9_27_129_319_136_,89.10_89.00_88.90_88.80_88.70_,14_124_82_22_68_
09:53:33,89.10,2,6039,89.20_89.30_89.40_89.50_89.60_,9_28_129_318_136_,89.10_89.00_88.90_88.80_88.70_,11_124_82_22_68_
09:53:38,89.10,7,6046,89.20_89.30_89.40_89.50_89.60_,9_28_129_318_136_,89.10_89.00_88.90_88.80_88.70_,7_124_82_22_68_
09:53:43,89.10,3,6049,89.20_89.30_89.40_89.50_89.60_,9_28_129_318_136_,89.10_89.00_88.90_88.80_88.70_,3_124_82_22_68_
09:53:48,89.10,3,6049,89.20_89.30_89.40_89.50_89.60_,10_28_129_318_136_,89.10_89.00_88.90_88.80_88.70_,3_124_82_22_68_
09:53:54,89.10,3,6052,89.20_89.30_89.40_89.50_89.60_,10_28_129_319_136_,89.10_89.00_88.90_88.80_88.70_,11_124_79_22_68_
09:53:59,89.10,10,6062,89.20_89.30_89.40_89.50_89.60_,10_28_129_321_136_,89.10_89.00_88.90_88.80_88.70_,4_124_79_22_68_
09:54:09,89.20,1,6063,89.20_89.30_89.40_89.50_89.60_,9_28_129_321_136_,89.10_89.00_88.90_88.80_88.70_,9_124_79_22_68_
09:54:14,89.20,1,6063,89.20_89.30_89.40_89.50_89.60_,9_29_137_322_136_,89.10_89.00_88.90_88.80_88.70_,9_125_79_22_68_
09:54:19,89.20,1,6063,89.20_89.30_89.40_89.50_89.60_,9_29_137_322_134_,89.10_89.00_88.90_88.80_88.70_,9_125_79_22_68_
09:54:24,89.10,1,6064,89.20_89.30_89.40_89.50_89.60_,9_29_137_322_134_,89.10_89.00_88.90_88.80_88.70_,8_125_79_22_68_
09:54:29,89.10,1,6064,89.20_89.30_89.40_89.50_89.60_,9_29_139_322_134_,89.10_89.00_88.90_88.80_88.70_,8_125_79_22_68_
09:54:35,89.10,1,6064,89.20_89.30_89.40_89.50_89.60_,9_29_139_322_134_,89.10_89.00_88.90_88.80_88.70_,9_125_79_22_68_
09:54:40,89.20,2,6066,89.20_89.30_89.40_89.50_89.60_,7_29_139_322_134_,89.10_89.00_88.90_88.80_88.70_,9_125_79_22_68_
09:54:45,89.10,1,6067,89.20_89.30_89.40_89.50_89.60_,11_29_139_322_134_,89.10_89.00_88.90_88.80_88.70_,8_125_79_22_68_
09:54:50,89.10,1,6068,89.20_89.30_89.40_89.50_89.60_,12_28_139_322_134_,89.10_89.00_88.90_88.80_88.70_,10_125_79_22_68_
09:54:55,89.10,1,6069,89.20_89.30_89.40_89.50_89.60_,12_16_139_322_144_,89.10_89.00_88.90_88.80_88.70_,10_125_79_22_68_
09:55:00,89.10,1,6069,89.20_89.30_89.40_89.50_89.60_,12_17_138_322_144_,89.10_89.00_88.90_88.80_88.70_,10_125_79_22_68_
09:55:05,89.20,2,6071,89.20_89.30_89.40_89.50_89.60_,11_17_138_322_144_,89.10_89.00_88.90_88.80_88.70_,10_125_79_22_68_
09:55:10,89.10,14,6085,89.10_89.20_89.30_89.40_89.50_,4_11_17_138_322_,89.00_88.90_88.80_88.70_88.60_,125_79_22_68_15_
09:55:16,89.10,2,6087,89.10_89.20_89.30_89.40_89.50_,8_11_17_139_352_,89.00_88.90_88.80_88.70_88.60_,126_79_22_22_61_
09:55:21,89.10,1,6088,89.10_89.20_89.30_89.40_89.50_,8_11_17_139_352_,89.00_88.90_88.80_88.70_88.60_,134_80_22_22_61_
09:55:26,89.00,1,6089,89.10_89.20_89.30_89.40_89.50_,8_11_17_139_352_,89.00_88.90_88.80_88.70_88.60_,133_80_22_22_61_
09:55:31,89.00,1,6089,89.10_89.20_89.30_89.40_89.50_,8_13_17_139_352_,89.00_88.90_88.80_88.70_88.60_,133_80_22_22_61_
09:55:36,89.00,3,6092,89.10_89.20_89.30_89.40_89.50_,8_13_19_139_352_,89.00_88.90_88.80_88.70_88.60_,131_81_22_22_61_
09:55:46,89.00,1,6093,89.10_89.20_89.30_89.40_89.50_,10_13_19_140_352_,89.00_88.90_88.80_88.70_88.60_,131_81_22_22_61_
09:55:52,89.10,3,6096,89.10_89.20_89.30_89.40_89.50_,7_13_19_140_353_,89.00_88.90_88.80_88.70_88.60_,132_81_22_22_61_
09:55:57,89.00,4,6100,89.10_89.20_89.30_89.40_89.50_,7_13_19_140_353_,89.00_88.90_88.80_88.70_88.60_,128_81_22_22_61_
09:56:02,89.00,3,6103,89.10_89.20_89.30_89.40_89.50_,9_14_19_140_352_,89.00_88.90_88.80_88.70_88.60_,127_81_22_22_61_
09:56:07,89.00,1,6104,89.10_89.20_89.30_89.40_89.50_,9_14_21_140_352_,89.00_88.90_88.80_88.70_88.60_,126_85_22_22_61_
09:56:12,89.10,3,6107,89.10_89.20_89.30_89.40_89.50_,6_15_22_141_352_,89.00_88.90_88.80_88.70_88.60_,125_85_22_22_61_
09:56:17,89.10,2,6109,89.10_89.20_89.30_89.40_89.50_,6_16_22_141_352_,89.00_88.90_88.80_88.70_88.60_,125_85_22_22_61_
09:56:22,89.10,2,6109,89.10_89.20_89.30_89.40_89.50_,7_16_22_141_352_,89.00_88.90_88.80_88.70_88.60_,125_85_22_22_61_
09:56:28,89.10,7,6116,89.20_89.30_89.40_89.50_89.60_,16_22_141_352_115_,89.00_88.90_88.80_88.70_88.60_,126_85_22_22_61_
09:56:33,89.20,1,6117,89.20_89.30_89.40_89.50_89.60_,18_22_141_321_145_,89.00_88.90_88.80_88.70_88.60_,129_82_22_23_60_
09:56:38,89.20,3,6120,89.20_89.30_89.40_89.50_89.60_,15_22_141_321_145_,89.10_89.00_88.90_88.80_88.70_,1_129_82_22_23_
09:56:43,89.10,1,6121,89.20_89.30_89.40_89.50_89.60_,15_22_141_321_145_,89.10_89.00_88.90_88.80_88.70_,14_124_81_22_68_
09:56:48,89.10,1,6121,89.20_89.30_89.40_89.50_89.60_,15_22_142_321_145_,89.10_89.00_88.90_88.80_88.70_,15_124_81_22_68_
09:56:53,89.10,1,6122,89.20_89.30_89.40_89.50_89.60_,15_22_142_321_145_,89.10_89.00_88.90_88.80_88.70_,22_124_81_22_68_
09:56:58,89.10,5,6127,89.20_89.30_89.40_89.50_89.60_,15_32_142_321_145_,89.10_89.00_88.90_88.80_88.70_,25_124_81_22_68_
09:57:03,89.20,1,6128,89.20_89.30_89.40_89.50_89.60_,24_32_142_320_145_,89.10_89.00_88.90_88.80_88.70_,25_125_81_22_68_
09:57:09,89.20,1,6128,89.20_89.30_89.40_89.50_89.60_,24_41_141_320_145_,89.10_89.00_88.90_88.80_88.70_,25_125_81_22_68_
09:57:14,89.10,1,6129,89.20_89.30_89.40_89.50_89.60_,25_41_141_320_185_,89.10_89.00_88.90_88.80_88.70_,24_125_81_22_68_
09:57:19,89.10,2,6131,89.20_89.30_89.40_89.50_89.60_,36_42_141_320_185_,89.10_89.00_88.90_88.80_88.70_,24_125_81_22_68_
09:57:24,89.10,1,6132,89.20_89.30_89.40_89.50_89.60_,39_43_141_320_186_,89.10_89.00_88.90_88.80_88.70_,18_125_81_22_68_
09:57:29,89.10,1,6132,89.20_89.30_89.40_89.50_89.60_,40_43_141_320_186_,89.10_89.00_88.90_88.80_88.70_,18_124_81_22_68_
09:57:34,89.10,1,6132,89.20_89.30_89.40_89.50_89.60_,36_43_141_320_186_,89.10_89.00_88.90_88.80_88.70_,18_124_81_22_68_
09:57:39,89.10,1,6132,89.20_89.30_89.40_89.50_89.60_,36_43_141_320_186_,89.10_89.00_88.90_88.80_88.70_,20_124_81_22_68_
09:57:44,89.10,1,6133,89.20_89.30_89.40_89.50_89.60_,37_43_141_322_186_,89.10_89.00_88.90_88.80_88.70_,19_124_81_22_68_
09:57:50,89.10,1,6133,89.20_89.30_89.40_89.50_89.60_,37_46_141_322_186_,89.10_89.00_88.90_88.80_88.70_,19_124_81_22_68_
09:57:55,89.10,1,6133,89.20_89.30_89.40_89.50_89.60_,48_46_141_327_186_,89.10_89.00_88.90_88.80_88.70_,19_124_81_22_68_
09:58:00,89.10,1,6133,89.20_89.30_89.40_89.50_89.60_,45_57_141_327_186_,89.10_89.00_88.90_88.80_88.70_,20_124_81_22_68_
09:58:10,89.10,1,6133,89.20_89.30_89.40_89.50_89.60_,45_57_141_332_186_,89.10_89.00_88.90_88.80_88.70_,43_124_81_22_68_
09:58:15,89.10,22,6155,89.20_89.30_89.40_89.50_89.60_,46_57_141_331_186_,89.10_89.00_88.90_88.80_88.70_,21_124_81_22_68_
09:58:20,89.10,22,6155,89.20_89.30_89.40_89.50_89.60_,46_57_142_331_185_,89.10_89.00_88.90_88.80_88.70_,22_124_81_22_68_
09:58:25,89.20,50,6205,89.20_89.30_89.40_89.50_89.60_,6_57_142_329_185_,89.10_89.00_88.90_88.80_88.70_,23_124_81_22_68_
09:58:31,89.10,4,6209,89.20_89.30_89.40_89.50_89.60_,6_57_142_331_185_,89.10_89.00_88.90_88.80_88.70_,19_124_81_22_68_
09:58:36,89.20,2,6211,89.20_89.30_89.40_89.50_89.60_,4_57_142_331_185_,89.10_89.00_88.90_88.80_88.70_,19_124_81_22_68_
09:58:41,89.20,2,6211,89.20_89.30_89.40_89.50_89.60_,4_57_142_331_185_,89.10_89.00_88.90_88.80_88.70_,39_124_81_22_68_
09:58:46,89.20,2,6211,89.20_89.30_89.40_89.50_89.60_,3_57_142_331_185_,89.10_89.00_88.90_88.80_88.70_,39_124_81_22_68_
09:58:51,89.20,2,6213,89.20_89.30_89.40_89.50_89.60_,1_58_142_331_185_,89.10_89.00_88.90_88.80_88.70_,39_124_81_22_68_
09:58:56,89.20,2,6215,89.30_89.40_89.50_89.60_89.70_,57_142_331_185_155_,89.20_89.10_89.00_88.90_88.80_,48_41_124_81_22_
09:59:01,89.20,2,6217,89.30_89.40_89.50_89.60_89.70_,57_142_332_155_185_,89.20_89.10_89.00_88.90_88.80_,48_40_124_81_68_
09:59:07,89.20,2,6217,89.30_89.40_89.50_89.60_89.70_,57_142_332_155_185_,89.20_89.10_89.00_88.90_88.80_,49_41_124_81_68_
09:59:12,89.20,2,6217,89.30_89.40_89.50_89.60_89.70_,57_142_332_155_185_,89.20_89.10_89.00_88.90_88.80_,49_49_124_81_68_
09:59:22,89.20,5,6222,89.30_89.40_89.50_89.60_89.70_,57_157_332_155_185_,89.20_89.10_89.00_88.90_88.80_,44_32_124_81_68_
09:59:32,89.20,1,6223,89.30_89.40_89.50_89.60_89.70_,63_157_332_155_185_,89.20_89.10_89.00_88.90_88.80_,60_32_124_81_68_
09:59:37,89.20,1,6223,89.30_89.40_89.50_89.60_89.70_,64_157_332_155_185_,89.20_89.10_89.00_88.90_88.80_,60_32_124_81_68_
09:59:42,89.20,1,6223,89.30_89.40_89.50_89.60_89.70_,65_157_333_155_185_,89.20_89.10_89.00_88.90_88.80_,60_32_124_81_68_
09:59:47,89.30,1,6224,89.30_89.40_89.50_89.60_89.70_,64_157_333_155_185_,89.20_89.10_89.00_88.90_88.80_,60_37_124_81_68_
09:59:53,89.20,1,6225,89.30_89.40_89.50_89.60_89.70_,64_157_333_155_185_,89.20_89.10_89.00_88.90_88.80_,59_37_124_81_68_
09:59:58,89.20,5,6230,89.30_89.40_89.50_89.60_89.70_,64_157_333_155_185_,89.20_89.10_89.00_88.90_88.80_,54_37_124_81_68_
10:00:03,89.30,1,6231,89.30_89.40_89.50_89.60_89.70_,63_157_333_155_185_,89.20_89.10_89.00_88.90_88.80_,54_37_124_81_68_
10:00:08,89.30,1,6231,89.30_89.40_89.50_89.60_89.70_,63_157_335_155_185_,89.20_89.10_89.00_88.90_88.80_,54_37_124_81_68_
10:00:13,89.20,5,6236,89.30_89.40_89.50_89.60_89.70_,63_157_335_155_185_,89.20_89.10_89.00_88.90_88.80_,49_40_124_81_68_
10:00:23,89.20,1,6237,89.30_89.40_89.50_89.60_89.70_,63_157_335_155_185_,89.20_89.10_89.00_88.90_88.80_,52_40_122_81_68_
10:00:28,89.30,32,6269,89.30_89.40_89.50_89.60_89.70_,31_157_335_155_185_,89.20_89.10_89.00_88.90_88.80_,52_40_122_81_68_
10:00:34,89.30,32,6269,89.30_89.40_89.50_89.60_89.70_,31_157_335_146_194_,89.20_89.10_89.00_88.90_88.80_,52_40_122_81_68_
10:00:39,89.30,1,6270,89.30_89.40_89.50_89.60_89.70_,30_157_335_146_194_,89.20_89.10_89.00_88.90_88.80_,53_40_122_81_68_
10:00:44,89.30,1,6270,89.30_89.40_89.50_89.60_89.70_,33_157_335_146_194_,89.20_89.10_89.00_88.90_88.80_,53_40_122_81_68_
10:00:49,89.30,5,6275,89.30_89.40_89.50_89.60_89.70_,28_157_336_146_194_,89.20_89.10_89.00_88.90_88.80_,53_40_122_81_68_
10:00:54,89.30,5,6275,89.30_89.40_89.50_89.60_89.70_,28_157_336_146_194_,89.20_89.10_89.00_88.90_88.80_,54_40_122_81_68_
10:00:59,89.30,1,6276,89.30_89.40_89.50_89.60_89.70_,28_157_336_146_194_,89.20_89.10_89.00_88.90_88.80_,54_40_122_81_68_
10:01:04,89.30,1,6276,89.30_89.40_89.50_89.60_89.70_,31_162_337_146_194_,89.20_89.10_89.00_88.90_88.80_,54_40_122_81_68_
10:01:09,89.20,5,6281,89.30_89.40_89.50_89.60_89.70_,31_162_337_146_194_,89.20_89.10_89.00_88.90_88.80_,55_40_122_81_68_
10:01:14,89.30,1,6282,89.30_89.40_89.50_89.60_89.70_,30_163_336_146_194_,89.20_89.10_89.00_88.90_88.80_,54_41_122_81_68_
10:01:20,89.20,1,6283,89.30_89.40_89.50_89.60_89.70_,32_163_336_147_194_,89.20_89.10_89.00_88.90_88.80_,54_41_122_81_68_
10:01:25,89.30,1,6284,89.30_89.40_89.50_89.60_89.70_,31_163_336_147_194_,89.20_89.10_89.00_88.90_88.80_,56_41_122_81_68_
10:01:30,89.30,1,6284,89.30_89.40_89.50_89.60_89.70_,31_163_336_147_194_,89.20_89.10_89.00_88.90_88.80_,58_41_122_81_68_
10:01:35,89.20,10,6294,89.30_89.40_89.50_89.60_89.70_,34_163_336_147_194_,89.20_89.10_89.00_88.90_88.80_,47_41_122_81_68_
10:01:40,89.20,1,6295,89.30_89.40_89.50_89.60_89.70_,35_163_336_147_194_,89.20_89.10_89.00_88.90_88.80_,46_41_122_81_69_
10:01:45,89.20,1,6296,89.30_89.40_89.50_89.60_89.70_,34_163_336_147_194_,89.20_89.10_89.00_88.90_88.80_,45_41_122_81_69_
10:01:50,89.20,10,6306,89.30_89.40_89.50_89.60_89.70_,35_163_336_147_194_,89.20_89.10_89.00_88.90_88.80_,36_40_122_81_69_
10:01:55,89.20,10,6306,89.30_89.40_89.50_89.60_89.70_,38_163_336_147_194_,89.20_89.10_89.00_88.90_88.80_,36_40_122_81_69_
10:02:00,89.20,10,6306,89.30_89.40_89.50_89.60_89.70_,38_163_336_147_195_,89.20_89.10_89.00_88.90_88.80_,39_40_122_81_69_
10:02:06,89.20,10,6306,89.30_89.40_89.50_89.60_89.70_,38_163_336_147_196_,89.20_89.10_89.00_88.90_88.80_,40_40_122_81_69_
10:02:11,89.30,1,6307,89.30_89.40_89.50_89.60_89.70_,37_163_336_147_196_,89.20_89.10_89.00_88.90_88.80_,40_50_112_81_69_
10:02:16,89.30,2,6309,89.30_89.40_89.50_89.60_89.70_,36_163_336_145_196_,89.20_89.10_89.00_88.90_88.80_,40_50_112_81_69_
10:02:21,89.30,2,6311,89.30_89.40_89.50_89.60_89.70_,39_163_336_145_196_,89.20_89.10_89.00_88.90_88.80_,40_50_112_81_69_
10:02:26,89.30,2,6311,89.30_89.40_89.50_89.60_89.70_,39_163_347_145_196_,89.20_89.10_89.00_88.90_88.80_,40_50_112_81_69_
10:02:36,89.20,2,6313,89.30_89.40_89.50_89.60_89.70_,39_163_347_145_196_,89.20_89.10_89.00_88.90_88.80_,38_50_112_81_69_
10:02:47,89.30,2,6315,89.30_89.40_89.50_89.60_89.70_,37_163_347_145_196_,89.20_89.10_89.00_88.90_88.80_,38_50_112_81_69_
10:02:52,89.30,3,6318,89.30_89.40_89.50_89.60_89.70_,39_163_347_145_196_,89.20_89.10_89.00_88.90_88.80_,38_50_112_81_69_
10:02:57,89.30,1,6319,89.30_89.40_89.50_89.60_89.70_,38_163_350_145_196_,89.20_89.10_89.00_88.90_88.80_,38_57_112_81_69_
10:03:02,89.30,1,6319,89.30_89.40_89.50_89.60_89.70_,43_163_351_145_196_,89.20_89.10_89.00_88.90_88.80_,41_57_107_81_69_
10:03:07,89.30,1,6319,89.30_89.40_89.50_89.60_89.70_,42_163_351_145_196_,89.20_89.10_89.00_88.90_88.80_,40_62_107_81_69_
10:03:17,89.30,1,6319,89.30_89.40_89.50_89.60_89.70_,42_163_351_145_195_,89.20_89.10_89.00_88.90_88.80_,40_62_107_81_69_
10:03:22,89.20,5,6324,89.30_89.40_89.50_89.60_89.70_,45_148_351_145_195_,89.20_89.10_89.00_88.90_88.80_,35_62_107_81_69_
10:03:33,89.20,5,6324,89.30_89.40_89.50_89.60_89.70_,46_148_351_145_195_,89.20_89.10_89.00_88.90_88.80_,36_62_107_81_69_
10:03:38,89.20,2,6326,89.30_89.40_89.50_89.60_89.70_,46_149_351_145_195_,89.20_89.10_89.00_88.90_88.80_,34_61_106_81_69_
10:03:43,89.20,2,6326,89.30_89.40_89.50_89.60_89.70_,46_149_352_146_195_,89.20_89.10_89.00_88.90_88.80_,47_61_106_81_69_
10:03:48,89.20,1,6327,89.30_89.40_89.50_89.60_89.70_,46_149_351_146_195_,89.20_89.10_89.00_88.90_88.80_,46_61_106_81_69_
10:03:53,89.20,2,6329,89.30_89.40_89.50_89.60_89.70_,46_149_351_146_193_,89.20_89.10_89.00_88.90_88.80_,44_61_106_81_69_
10:03:58,89.20,1,6330,89.30_89.40_89.50_89.60_89.70_,47_149_351_146_193_,89.20_89.10_89.00_88.90_88.80_,44_63_106_81_69_
10:04:03,89.20,4,6334,89.30_89.40_89.50_89.60_89.70_,47_147_351_146_193_,89.20_89.10_89.00_88.90_88.80_,40_63_106_81_69_
10:04:09,89.30,22,6356,89.30_89.40_89.50_89.60_89.70_,25_147_351_146_193_,89.20_89.10_89.00_88.90_88.80_,41_65_106_81_69_
10:04:14,89.30,22,6356,89.30_89.40_89.50_89.60_89.70_,25_152_351_146_193_,89.20_89.10_89.00_88.90_88.80_,43_65_108_81_69_
10:04:19,89.30,22,6356,89.30_89.40_89.50_89.60_89.70_,25_152_361_146_193_,89.20_89.10_89.00_88.90_88.80_,43_45_108_81_69_
10:04:24,89.30,22,6356,89.30_89.40_89.50_89.60_89.70_,27_152_364_146_193_,89.20_89.10_89.00_88.90_88.80_,42_45_108_81_69_
10:04:34,89.30,22,6356,89.30_89.40_89.50_89.60_89.70_,28_153_364_146_193_,89.20_89.10_89.00_88.90_88.80_,42_45_108_81_70_
10:04:39,89.30,22,6356,89.30_89.40_89.50_89.60_89.70_,29_153_364_146_193_,89.20_89.10_89.00_88.90_88.80_,42_45_108_81_70_
10:04:44,89.30,22,6356,89.30_89.40_89.50_89.60_89.70_,29_153_364_146_193_,89.20_89.10_89.00_88.90_88.80_,38_45_108_81_70_
10:04:49,89.30,1,6357,89.30_89.40_89.50_89.60_89.70_,29_153_365_146_193_,89.20_89.10_89.00_88.90_88.80_,38_45_108_81_70_
10:04:55,89.30,3,6360,89.30_89.40_89.50_89.60_89.70_,26_153_360_146_194_,89.20_89.10_89.00_88.90_88.80_,39_45_108_81_70_
10:05:00,89.30,26,6386,89.40_89.50_89.60_89.70_89.80_,153_360_146_194_177_,89.30_89.20_89.10_89.00_88.90_,39_39_45_108_81_
10:05:05,89.40,2,6388,89.40_89.50_89.60_89.70_89.80_,152_360_146_164_207_,89.30_89.20_89.10_89.00_88.90_,55_27_45_107_132_
10:05:10,89.40,2,6388,89.40_89.50_89.60_89.70_89.80_,152_359_146_164_206_,89.30_89.20_89.10_89.00_88.90_,57_26_45_107_132_
10:05:15,89.40,1,6389,89.40_89.50_89.60_89.70_89.80_,151_359_146_164_206_,89.30_89.20_89.10_89.00_88.90_,58_26_45_107_132_
10:05:20,89.40,1,6389,89.40_89.50_89.60_89.70_89.80_,151_359_146_165_206_,89.30_89.20_89.10_89.00_88.90_,65_26_46_107_132_
10:05:25,89.30,3,6392,89.40_89.50_89.60_89.70_89.80_,151_358_146_165_206_,89.30_89.20_89.10_89.00_88.90_,62_26_46_108_132_
10:05:30,89.30,1,6393,89.40_89.50_89.60_89.70_89.80_,151_368_146_165_206_,89.30_89.20_89.10_89.00_88.90_,62_25_46_108_132_
10:05:41,89.30,1,6394,89.40_89.50_89.60_89.70_89.80_,151_368_146_165_207_,89.30_89.20_89.10_89.00_88.90_,61_25_46_108_132_
10:05:46,89.40,2,6396,89.40_89.50_89.60_89.70_89.80_,150_369_146_165_207_,89.30_89.20_89.10_89.00_88.90_,61_25_46_108_132_
10:05:51,89.30,10,6406,89.40_89.50_89.60_89.70_89.80_,149_369_146_165_207_,89.30_89.20_89.10_89.00_88.90_,51_25_46_108_132_
10:05:56,89.40,4,6410,89.40_89.50_89.60_89.70_89.80_,149_369_146_165_207_,89.30_89.20_89.10_89.00_88.90_,52_24_43_108_132_
10:06:01,89.40,3,6413,89.40_89.50_89.60_89.70_89.80_,147_369_146_165_207_,89.30_89.20_89.10_89.00_88.90_,51_25_42_109_132_
10:06:07,89.30,5,6418,89.40_89.50_89.60_89.70_89.80_,147_369_146_165_207_,89.30_89.20_89.10_89.00_88.90_,46_25_42_109_132_
10:06:12,89.30,6,6424,89.40_89.50_89.60_89.70_89.80_,147_369_146_165_207_,89.30_89.20_89.10_89.00_88.90_,40_25_42_109_132_
10:06:17,89.30,6,6424,89.40_89.50_89.60_89.70_89.80_,148_369_146_165_207_,89.30_89.20_89.10_89.00_88.90_,40_25_42_109_132_
10:06:22,89.30,2,6426,89.40_89.50_89.60_89.70_89.80_,148_369_146_165_207_,89.30_89.20_89.10_89.00_88.90_,39_25_42_109_132_
10:06:27,89.30,20,6446,89.40_89.50_89.60_89.70_89.80_,149_369_146_165_207_,89.30_89.20_89.10_89.00_88.90_,19_25_42_109_132_
10:06:32,89.40,2,6448,89.40_89.50_89.60_89.70_89.80_,148_379_141_165_207_,89.30_89.20_89.10_89.00_88.90_,23_25_42_109_132_
10:06:37,89.40,2,6448,89.40_89.50_89.60_89.70_89.80_,148_381_142_165_207_,89.30_89.20_89.10_89.00_88.90_,22_25_42_110_132_
10:06:42,89.40,5,6453,89.40_89.50_89.60_89.70_89.80_,146_381_142_165_207_,89.30_89.20_89.10_89.00_88.90_,22_25_42_110_132_
10:06:47,89.30,3,6456,89.40_89.50_89.60_89.70_89.80_,146_383_142_165_207_,89.30_89.20_89.10_89.00_88.90_,19_25_42_110_132_
10:06:53,89.30,1,6457,89.40_89.50_89.60_89.70_89.80_,146_383_142_165_207_,89.30_89.20_89.10_89.00_88.90_,21_25_42_110_132_
10:06:58,89.30,3,6460,89.40_89.50_89.60_89.70_89.80_,151_383_142_165_207_,89.30_89.20_89.10_89.00_88.90_,19_24_42_110_132_
10:07:03,89.30,3,6460,89.40_89.50_89.60_89.70_89.80_,155_383_142_165_207_,89.30_89.20_89.10_89.00_88.90_,20_24_42_110_132_
10:07:08,89.30,2,6462,89.40_89.50_89.60_89.70_89.80_,156_383_142_165_207_,89.30_89.20_89.10_89.00_88.90_,18_23_42_110_132_
10:07:13,89.30,2,6464,89.40_89.50_89.60_89.70_89.80_,156_383_142_165_207_,89.30_89.20_89.10_89.00_88.90_,16_23_42_110_132_
10:07:18,89.30,12,6476,89.40_89.50_89.60_89.70_89.80_,156_383_142_165_208_,89.30_89.20_89.10_89.00_88.90_,4_26_42_110_132_
10:07:23,89.30,2,6478,89.40_89.50_89.60_89.70_89.80_,157_383_142_165_208_,89.30_89.20_89.10_89.00_88.90_,4_26_42_110_132_
10:07:29,89.30,2,6480,89.40_89.50_89.60_89.70_89.80_,157_388_142_165_208_,89.30_89.20_89.10_89.00_88.90_,8_26_42_110_132_
10:07:34,89.30,8,6488,89.30_89.40_89.50_89.60_89.70_,1_157_388_142_165_,89.20_89.10_89.00_88.90_88.80_,27_42_109_132_24_
10:07:39,89.20,1,6489,89.30_89.40_89.50_89.60_89.70_,13_203_388_145_145_,89.20_89.10_89.00_88.90_88.80_,26_42_109_86_70_
10:07:44,89.20,1,6489,89.30_89.40_89.50_89.60_89.70_,23_203_390_145_145_,89.20_89.10_89.00_88.90_88.80_,26_42_109_86_70_
10:07:49,89.20,6,6495,89.30_89.40_89.50_89.60_89.70_,27_213_390_145_145_,89.20_89.10_89.00_88.90_88.80_,24_42_109_86_70_
10:07:54,89.30,2,6497,89.30_89.40_89.50_89.60_89.70_,26_213_391_145_145_,89.20_89.10_89.00_88.90_88.80_,24_42_109_86_70_
10:07:59,89.20,8,6505,89.30_89.40_89.50_89.60_89.70_,27_213_391_145_145_,89.20_89.10_89.00_88.90_88.80_,16_42_108_86_70_
10:08:04,89.20,1,6506,89.30_89.40_89.50_89.60_89.70_,26_213_391_145_146_,89.20_89.10_89.00_88.90_88.80_,15_42_108_80_76_
10:08:10,89.20,15,6521,89.20_89.30_89.40_89.50_89.60_,1_29_213_392_144_,89.10_89.00_88.90_88.80_88.70_,42_108_80_76_16_
10:08:15,89.10,12,6533,89.20_89.30_89.40_89.50_89.60_,3_26_213_404_183_,89.10_89.00_88.90_88.80_88.70_,29_110_80_30_62_
10:08:20,89.10,12,6533,89.20_89.30_89.40_89.50_89.60_,3_25_213_407_223_,89.10_89.00_88.90_88.80_88.70_,30_111_80_30_62_
10:08:25,89.10,3,6536,89.20_89.30_89.40_89.50_89.60_,3_25_213_407_223_,89.10_89.00_88.90_88.80_88.70_,27_111_80_30_62_
10:08:30,89.10,1,6537,89.20_89.30_89.40_89.50_89.60_,3_25_213_408_223_,89.10_89.00_88.90_88.80_88.70_,26_111_80_30_62_
10:08:35,89.10,1,6537,89.20_89.30_89.40_89.50_89.60_,3_25_213_399_223_,89.10_89.00_88.90_88.80_88.70_,26_111_80_30_62_
10:08:40,89.10,1,6538,89.20_89.30_89.40_89.50_89.60_,3_25_213_399_224_,89.10_89.00_88.90_88.80_88.70_,25_110_80_30_62_
10:08:45,89.10,1,6538,89.20_89.30_89.40_89.50_89.60_,3_26_216_399_224_,89.10_89.00_88.90_88.80_88.70_,26_110_80_30_62_
10:08:51,89.10,1,6539,89.20_89.30_89.40_89.50_89.60_,15_46_216_399_224_,89.10_89.00_88.90_88.80_88.70_,25_110_80_30_62_
10:08:56,89.10,10,6549,89.20_89.30_89.40_89.50_89.60_,17_77_216_399_224_,89.10_89.00_88.90_88.80_88.70_,18_110_80_30_62_
10:09:01,89.10,12,6561,89.20_89.30_89.40_89.50_89.60_,17_77_217_399_224_,89.10_89.00_88.90_88.80_88.70_,6_110_80_30_62_
10:09:06,89.10,6,6567,89.10_89.20_89.30_89.40_89.50_,6_19_77_218_399_,89.00_88.90_88.80_88.70_88.60_,100_80_30_62_16_
10:09:11,89.10,6,6573,89.10_89.20_89.30_89.40_89.50_,1_19_77_213_438_,89.00_88.90_88.80_88.70_88.60_,100_83_24_16_67_
10:09:16,89.10,6,6573,89.10_89.20_89.30_89.40_89.50_,5_19_77_226_438_,89.00_88.90_88.80_88.70_88.60_,101_83_24_16_67_
10:09:21,89.00,1,6574,89.10_89.20_89.30_89.40_89.50_,5_19_77_226_438_,89.00_88.90_88.80_88.70_88.60_,100_83_24_16_67_
10:09:26,89.00,1,6574,89.10_89.20_89.30_89.40_89.50_,5_29_77_226_458_,89.00_88.90_88.80_88.70_88.60_,102_83_24_16_67_
10:09:32,89.00,1,6575,89.10_89.20_89.30_89.40_89.50_,10_29_77_226_458_,89.00_88.90_88.80_88.70_88.60_,102_83_24_16_67_
10:09:37,89.00,1,6576,89.10_89.20_89.30_89.40_89.50_,11_29_87_226_458_,89.00_88.90_88.80_88.70_88.60_,102_23_24_16_67_
10:09:42,89.10,2,6578,89.10_89.20_89.30_89.40_89.50_,10_29_87_226_458_,89.00_88.90_88.80_88.70_88.60_,100_26_24_76_67_
10:09:47,89.10,2,6578,89.10_89.20_89.30_89.40_89.50_,11_29_87_226_458_,89.00_88.90_88.80_88.70_88.60_,100_26_24_76_67_
10:09:52,89.10,1,6579,89.10_89.20_89.30_89.40_89.50_,11_29_87_226_458_,89.00_88.90_88.80_88.70_88.60_,98_26_24_76_67_
10:09:57,89.10,1,6579,89.10_89.20_89.30_89.40_89.50_,12_29_87_226_458_,89.00_88.90_88.80_88.70_88.60_,98_26_24_76_67_
10:10:02,89.10,10,6589,89.10_89.20_89.30_89.40_89.50_,2_33_87_231_458_,89.00_88.90_88.80_88.70_88.60_,98_26_24_76_67_
10:10:07,89.10,10,6589,89.10_89.20_89.30_89.40_89.50_,3_33_87_248_458_,89.00_88.90_88.80_88.70_88.60_,98_24_24_76_67_
10:10:13,89.00,1,6590,89.10_89.20_89.30_89.40_89.50_,7_33_88_248_459_,89.00_88.90_88.80_88.70_88.60_,97_24_24_76_67_
10:10:18,89.00,1,6591,89.10_89.20_89.30_89.40_89.50_,9_34_88_248_460_,89.00_88.90_88.80_88.70_88.60_,96_24_24_76_67_
10:10:23,89.00,1,6591,89.10_89.20_89.30_89.40_89.50_,9_34_88_248_460_,89.00_88.90_88.80_88.70_88.60_,98_24_24_77_67_
10:10:28,89.00,10,6601,89.10_89.20_89.30_89.40_89.50_,14_34_89_248_460_,89.00_88.90_88.80_88.70_88.60_,88_24_24_77_67_
10:10:33,89.00,2,6603,89.10_89.20_89.30_89.40_89.50_,19_34_90_248_461_,89.00_88.90_88.80_88.70_88.60_,86_24_24_76_67_
10:10:38,89.00,15,6618,89.10_89.20_89.30_89.40_89.50_,19_30_89_249_458_,89.00_88.90_88.80_88.70_88.60_,71_24_24_76_67_
10:10:43,89.00,3,6621,89.10_89.20_89.30_89.40_89.50_,19_30_92_249_458_,89.00_88.90_88.80_88.70_88.60_,76_23_24_76_67_
10:10:49,89.00,3,6624,89.10_89.20_89.30_89.40_89.50_,18_29_92_249_458_,89.00_88.90_88.80_88.70_88.60_,75_23_25_76_67_
10:10:54,89.00,4,6628,89.10_89.20_89.30_89.40_89.50_,19_29_93_249_458_,89.00_88.90_88.80_88.70_88.60_,71_23_25_76_67_
10:10:59,89.00,2,6630,89.10_89.20_89.30_89.40_89.50_,19_29_93_249_458_,89.00_88.90_88.80_88.70_88.60_,79_23_25_76_67_
10:11:04,89.00,2,6632,89.10_89.20_89.30_89.40_89.50_,19_29_83_248_459_,89.00_88.90_88.80_88.70_88.60_,77_23_25_76_67_
10:11:09,89.00,2,6634,89.10_89.20_89.30_89.40_89.50_,19_29_83_248_459_,89.00_88.90_88.80_88.70_88.60_,78_23_25_76_67_
10:11:14,89.00,5,6639,89.10_89.20_89.30_89.40_89.50_,19_29_83_248_459_,89.00_88.90_88.80_88.70_88.60_,73_23_25_76_67_
10:11:19,89.10,2,6641,89.10_89.20_89.30_89.40_89.50_,21_29_83_248_459_,89.00_88.90_88.80_88.70_88.60_,74_23_25_76_67_
10:11:24,89.10,2,6643,89.10_89.20_89.30_89.40_89.50_,19_29_83_248_460_,89.00_88.90_88.80_88.70_88.60_,74_23_25_76_67_
10:11:29,89.00,7,6650,89.10_89.20_89.30_89.40_89.50_,29_31_83_248_461_,89.00_88.90_88.80_88.70_88.60_,67_23_25_76_67_
10:11:34,89.00,6,6656,89.10_89.20_89.30_89.40_89.50_,32_31_83_248_461_,89.00_88.90_88.80_88.70_88.60_,63_23_25_76_67_
10:11:40,89.00,3,6659,89.10_89.20_89.30_89.40_89.50_,32_31_83_248_461_,89.00_88.90_88.80_88.70_88.60_,61_23_25_76_67_
10:11:45,89.00,2,6661,89.10_89.20_89.30_89.40_89.50_,32_31_83_248_462_,89.00_88.90_88.80_88.70_88.60_,47_24_25_76_67_
10:11:50,89.00,2,6663,89.10_89.20_89.30_89.40_89.50_,32_31_84_248_462_,89.00_88.90_88.80_88.70_88.60_,47_25_25_76_67_
10:11:55,89.00,47,6710,89.00_89.10_89.20_89.30_89.40_,15_33_31_85_247_,88.90_88.80_88.70_88.60_88.50_,25_25_76_67_25_
10:12:00,88.90,21,6731,89.00_89.10_89.20_89.30_89.40_,19_32_31_85_283_,88.90_88.80_88.70_88.60_88.50_,6_25_79_16_75_
10:12:05,88.90,3,6734,89.00_89.10_89.20_89.30_89.40_,22_32_30_86_283_,88.90_88.80_88.70_88.60_88.50_,6_25_79_16_75_
10:12:10,88.90,4,6738,88.90_89.00_89.10_89.20_89.30_,1_23_32_30_86_,88.80_88.70_88.60_88.50_88.40_,26_79_16_75_3_
10:12:15,88.80,3,6741,88.90_89.00_89.10_89.20_89.30_,5_23_31_30_114_,88.80_88.70_88.60_88.50_88.40_,23_83_16_29_49_
10:12:21,88.90,5,6746,88.90_89.00_89.10_89.20_89.30_,3_23_31_30_118_,88.80_88.70_88.60_88.50_88.40_,24_84_16_29_49_
10:12:26,88.80,2,6748,88.90_89.00_89.10_89.20_89.30_,12_27_26_30_118_,88.80_88.70_88.60_88.50_88.40_,22_84_16_29_49_
10:12:31,88.80,5,6753,88.90_89.00_89.10_89.20_89.30_,12_57_26_30_118_,88.80_88.70_88.60_88.50_88.40_,18_84_16_29_49_
10:12:36,88.80,2,6755,88.90_89.00_89.10_89.20_89.30_,12_58_26_32_119_,88.80_88.70_88.60_88.50_88.40_,16_84_16_25_52_
10:12:41,88.80,17,6772,88.80_88.90_89.00_89.10_89.20_,1_12_60_26_30_,88.70_88.60_88.50_88.40_88.30_,84_16_25_52_16_
10:12:46,88.80,5,6777,88.80_88.90_89.00_89.10_89.20_,11_11_62_26_60_,88.70_88.60_88.50_88.40_88.30_,85_17_26_6_62_
10:12:51,88.70,20,6797,88.80_88.90_89.00_89.10_89.20_,11_10_62_27_63_,88.70_88.60_88.50_88.40_88.30_,66_17_26_6_62_
10:12:56,88.70,20,6797,88.80_88.90_89.00_89.10_89.20_,14_10_62_27_63_,88.70_88.60_88.50_88.40_88.30_,65_17_26_7_62_
10:13:02,88.70,4,6801,88.80_88.90_89.00_89.10_89.20_,15_10_63_27_63_,88.70_88.60_88.50_88.40_88.30_,61_17_26_7_62_
10:13:07,88.70,31,6832,88.70_88.80_88.90_89.00_89.10_,24_15_10_63_27_,88.60_88.50_88.40_88.30_88.20_,17_26_7_62_21_
10:13:12,88.70,2,6834,88.70_88.80_88.90_89.00_89.10_,26_12_10_63_60_,88.60_88.50_88.40_88.30_88.20_,17_27_4_19_69_
10:13:17,88.60,6,6840,88.70_88.80_88.90_89.00_89.10_,26_12_10_63_60_,88.60_88.50_88.40_88.30_88.20_,14_27_5_19_69_
10:13:22,88.60,5,6845,88.70_88.80_88.90_89.00_89.10_,26_12_10_63_60_,88.60_88.50_88.40_88.30_88.20_,9_26_5_19_69_
10:13:27,88.70,1,6846,88.70_88.80_88.90_89.00_89.10_,24_12_10_61_60_,88.60_88.50_88.40_88.30_88.20_,9_26_10_19_79_
10:13:32,88.60,2,6848,88.70_88.80_88.90_89.00_89.10_,24_12_10_60_60_,88.60_88.50_88.40_88.30_88.20_,7_26_10_19_79_
10:13:37,88.60,5,6853,88.70_88.80_88.90_89.00_89.10_,25_14_10_64_60_,88.60_88.50_88.40_88.30_88.20_,2_26_10_18_79_
10:13:43,88.60,2,6855,88.60_88.70_88.80_88.90_89.00_,49_4_14_10_64_,88.50_88.40_88.30_88.20_88.10_,26_10_18_79_29_
10:13:48,88.50,2,6857,88.60_88.80_88.90_89.00_89.10_,53_9_10_95_28_,88.50_88.40_88.30_88.20_88.10_,24_11_16_31_78_
10:13:53,88.60,20,6877,88.60_88.80_88.90_89.00_89.10_,33_9_10_65_58_,88.50_88.40_88.30_88.20_88.10_,26_11_16_31_78_
10:13:58,88.50,28,6905,88.50_88.60_88.80_88.90_89.00_,22_33_9_10_65_,88.40_88.30_88.20_88.10_88.00_,11_16_31_78_44_
10:14:03,88.50,1,6906,88.50_88.60_88.80_88.90_89.00_,24_5_9_10_95_,88.40_88.30_88.20_88.10_88.00_,11_16_33_32_90_
10:14:08,88.50,1,6906,88.50_88.60_88.80_88.90_89.00_,3_5_9_10_95_,88.40_88.30_88.20_88.10_88.00_,11_18_34_32_90_
10:14:13,88.50,10,6916,88.60_88.80_88.90_89.00_89.10_,1_9_10_96_28_,88.50_88.40_88.30_88.20_88.10_,4_12_18_33_32_
10:14:18,88.60,2,6918,88.80_88.90_89.00_89.10_89.20_,9_10_69_58_30_,88.50_88.40_88.30_88.20_88.10_,29_13_18_33_78_
10:14:24,88.50,5,6923,88.80_88.90_89.00_89.10_89.20_,2_10_67_31_60_,88.50_88.40_88.30_88.20_88.10_,44_15_18_34_77_
10:14:29,88.50,25,6948,88.80_88.90_89.00_89.10_89.20_,4_10_69_31_60_,88.50_88.40_88.30_88.20_88.10_,22_15_18_37_74_
10:14:34,88.50,2,6950,88.80_88.90_89.00_89.10_89.20_,3_10_71_31_60_,88.50_88.40_88.30_88.20_88.10_,20_15_18_37_74_
10:14:39,88.50,2,6952,88.80_88.90_89.00_89.10_89.20_,3_10_71_31_60_,88.50_88.40_88.30_88.20_88.10_,30_15_18_37_74_
10:14:44,88.50,1,6953,88.80_88.90_89.00_89.10_89.20_,5_10_71_31_60_,88.50_88.40_88.30_88.20_88.10_,33_15_17_36_74_
10:14:49,88.50,1,6953,88.80_88.90_89.00_89.10_89.20_,5_10_71_31_60_,88.50_88.40_88.30_88.20_88.10_,37_15_18_35_74_
10:14:54,88.50,1,6953,88.80_88.90_89.00_89.10_89.20_,5_10_71_31_60_,88.50_88.40_88.30_88.20_88.10_,50_15_18_35_74_
10:14:59,88.60,25,6978,88.80_88.90_89.00_89.10_89.20_,5_10_71_31_60_,88.60_88.50_88.40_88.30_88.20_,1_55_15_18_35_
10:15:05,88.50,12,6990,88.80_88.90_89.00_89.10_89.20_,5_10_71_31_60_,88.50_88.40_88.30_88.20_88.10_,49_15_19_79_29_
10:15:10,88.80,2,6992,88.80_88.90_89.00_89.10_89.20_,5_10_71_31_60_,88.60_88.50_88.40_88.30_88.20_,1_51_16_18_35_
10:15:15,88.60,2,6994,88.80_88.90_89.00_89.10_89.20_,3_10_71_31_60_,88.60_88.50_88.40_88.30_88.20_,4_52_16_19_79_
10:15:20,88.60,2,6994,88.80_88.90_89.00_89.10_89.20_,6_10_81_31_60_,88.60_88.50_88.40_88.30_88.20_,5_52_16_22_79_
10:15:25,88.80,3,6997,88.80_88.90_89.00_89.10_89.20_,4_10_82_31_61_,88.60_88.50_88.40_88.30_88.20_,6_52_16_22_80_
10:15:30,88.80,3,6997,88.80_88.90_89.00_89.10_89.20_,3_10_82_31_61_,88.60_88.50_88.40_88.30_88.20_,6_52_16_22_80_
10:15:35,88.80,3,6997,88.80_88.90_89.00_89.10_89.20_,3_12_82_31_61_,88.60_88.50_88.40_88.30_88.20_,7_52_16_22_80_
10:15:40,88.80,3,6997,88.80_88.90_89.00_89.10_89.20_,14_12_82_31_61_,88.60_88.50_88.40_88.30_88.20_,7_55_16_22_81_
10:15:46,88.80,3,7000,88.80_88.90_89.00_89.10_89.20_,11_12_82_31_61_,88.60_88.50_88.40_88.30_88.20_,10_53_16_21_81_
10:15:51,88.80,2,7002,88.80_88.90_89.00_89.10_89.20_,9_12_82_31_61_,88.70_88.60_88.50_88.40_88.30_,1_16_48_15_21_
10:15:56,88.80,2,7004,88.80_88.90_89.00_89.10_89.20_,8_13_81_32_61_,88.70_88.60_88.50_88.40_88.30_,2_19_47_15_68_
10:16:01,88.80,5,7009,88.80_88.90_89.00_89.10_89.20_,3_13_81_29_64_,88.70_88.60_88.50_88.40_88.30_,3_19_47_15_68_
10:16:06,88.70,3,7012,88.70_88.80_88.90_89.00_89.10_,3_3_12_81_28_,88.60_88.50_88.40_88.30_88.20_,29_47_15_68_33_
10:16:11,88.70,3,7015,88.80_88.90_89.00_89.10_89.20_,2_12_81_58_34_,88.70_88.60_88.50_88.40_88.30_,1_33_47_16_22_
10:16:17,88.70,1,7016,88.80_88.90_89.00_89.10_89.20_,2_12_81_28_64_,88.70_88.60_88.50_88.40_88.30_,1_33_47_16_68_
10:16:22,88.70,1,7016,88.80_88.90_89.00_89.10_89.20_,2_12_81_28_64_,88.70_88.60_88.50_88.40_88.30_,2_33_47_16_68_
10:16:27,88.70,1,7016,88.80_88.90_89.00_89.10_89.20_,2_42_81_28_64_,88.70_88.60_88.50_88.40_88.30_,2_63_48_16_68_
10:16:32,88.70,1,7016,88.80_88.90_89.00_89.10_89.20_,2_42_81_28_65_,88.70_88.60_88.50_88.40_88.30_,2_63_48_16_68_
10:16:37,88.70,1,7016,88.80_88.90_89.00_89.10_89.20_,3_42_81_28_65_,88.70_88.60_88.50_88.40_88.30_,4_63_48_16_68_
10:16:42,88.80,5,7021,88.90_89.00_89.10_89.20_89.30_,42_81_28_65_86_,88.80_88.70_88.60_88.50_88.40_,2_9_63_48_16_
10:16:47,88.80,2,7023,88.90_89.00_89.10_89.20_89.30_,15_84_28_35_116_,88.80_88.70_88.60_88.50_88.40_,4_8_60_46_62_
10:16:52,88.90,2,7025,88.90_89.00_89.10_89.20_89.30_,14_84_28_32_121_,88.80_88.70_88.60_88.50_88.40_,6_9_59_44_62_
10:16:58,88.90,2,7025,88.90_89.00_89.10_89.20_89.30_,14_84_28_32_121_,88.80_88.70_88.60_88.50_88.40_,6_9_59_45_62_
10:17:03,88.90,1,7026,88.90_89.00_89.10_89.20_89.30_,14_84_28_32_121_,88.80_88.70_88.60_88.50_88.40_,6_9_59_45_63_
10:17:08,88.80,2,7028,88.90_89.00_89.10_89.20_89.30_,14_84_28_32_121_,88.80_88.70_88.60_88.50_88.40_,4_9_59_45_63_
10:17:13,88.90,3,7031,88.90_89.00_89.10_89.20_89.30_,11_84_28_32_121_,88.80_88.70_88.60_88.50_88.40_,4_9_61_45_63_
10:17:18,88.90,1,7032,88.90_89.00_89.10_89.20_89.30_,10_84_28_32_121_,88.80_88.70_88.60_88.50_88.40_,4_9_61_45_63_
10:17:23,88.90,1,7032,88.90_89.00_89.10_89.20_89.30_,10_84_28_32_121_,88.80_88.70_88.60_88.50_88.40_,5_9_61_45_63_
10:17:33,88.80,5,7037,88.90_89.00_89.10_89.20_89.30_,20_84_28_32_121_,88.80_88.70_88.60_88.50_88.40_,1_9_61_45_63_
10:17:39,88.80,2,7039,88.80_88.90_89.00_89.10_89.20_,4_20_84_28_32_,88.70_88.60_88.50_88.40_88.30_,8_61_47_63_22_
10:17:44,88.80,1,7040,88.80_88.90_89.00_89.10_89.20_,7_20_81_28_65_,88.70_88.60_88.50_88.40_88.30_,10_64_44_16_67_
10:17:49,88.80,1,7040,88.80_88.90_89.00_89.10_89.20_,7_20_81_28_65_,88.70_88.60_88.50_88.40_88.30_,12_64_44_16_67_
10:17:54,88.80,2,7042,88.80_88.90_89.00_89.10_89.20_,5_21_81_28_65_,88.70_88.60_88.50_88.40_88.30_,12_62_44_16_67_
10:17:59,88.80,2,7042,88.80_88.90_89.00_89.10_89.20_,5_21_82_28_65_,88.70_88.60_88.50_88.40_88.30_,12_62_44_16_67_
10:18:04,88.80,1,7043,88.80_88.90_89.00_89.10_89.20_,4_21_82_28_65_,88.70_88.60_88.50_88.40_88.30_,12_62_43_16_67_
10:18:09,88.80,1,7044,88.80_88.90_89.00_89.10_89.20_,4_21_82_28_66_,88.70_88.60_88.50_88.40_88.30_,13_64_47_16_67_
10:18:14,88.80,1,7045,88.80_88.90_89.00_89.10_89.20_,4_21_82_28_66_,88.70_88.60_88.50_88.40_88.30_,14_64_47_16_67_
10:18:20,88.80,1,7045,88.80_88.90_89.00_89.10_89.20_,4_21_82_29_66_,88.70_88.60_88.50_88.40_88.30_,15_64_47_16_67_
10:18:25,88.80,2,7047,88.80_88.90_89.00_89.10_89.20_,12_21_82_29_56_,88.70_88.60_88.50_88.40_88.30_,15_64_47_16_67_
10:18:30,88.80,2,7047,88.80_88.90_89.00_89.10_89.20_,16_18_82_29_56_,88.70_88.60_88.50_88.40_88.30_,16_64_47_16_67_
10:18:35,88.80,2,7047,88.80_88.90_89.00_89.10_89.20_,17_28_82_29_58_,88.70_88.60_88.50_88.40_88.30_,17_64_47_16_67_
10:18:40,88.80,2,7047,88.80_88.90_89.00_89.10_89.20_,18_28_82_29_58_,88.70_88.60_88.50_88.40_88.30_,17_64_45_16_67_
10:18:45,88.80,3,7050,88.80_88.90_89.00_89.10_89.20_,43_28_87_29_59_,88.70_88.60_88.50_88.40_88.30_,18_63_46_16_67_
10:18:50,88.80,4,7054,88.80_88.90_89.00_89.10_89.20_,42_28_87_29_59_,88.70_88.60_88.50_88.40_88.30_,18_63_47_16_67_
10:18:55,88.80,4,7054,88.80_88.90_89.00_89.10_89.20_,42_28_88_29_59_,88.70_88.60_88.50_88.40_88.30_,18_63_47_16_67_
10:19:11,88.70,1,7055,88.80_88.90_89.00_89.10_89.20_,42_36_91_29_59_,88.70_88.60_88.50_88.40_88.30_,17_63_47_16_67_
10:19:16,88.80,10,7065,88.80_88.90_89.00_89.10_89.20_,33_36_91_29_59_,88.70_88.60_88.50_88.40_88.30_,17_63_47_16_67_
10:19:21,88.70,2,7067,88.80_88.90_89.00_89.10_89.20_,33_38_91_29_59_,88.70_88.60_88.50_88.40_88.30_,15_63_47_16_67_
10:19:31,88.70,6,7073,88.80_88.90_89.00_89.10_89.20_,33_38_91_29_59_,88.70_88.60_88.50_88.40_88.30_,9_63_47_16_67_
10:19:36,88.70,1,7074,88.80_88.90_89.00_89.10_89.20_,8_38_91_29_59_,88.70_88.60_88.50_88.40_88.30_,9_63_47_16_67_
10:19:42,88.70,2,7076,88.80_88.90_89.00_89.10_89.20_,8_38_91_29_59_,88.70_88.60_88.50_88.40_88.30_,7_63_47_16_67_
10:19:47,88.70,2,7076,88.80_88.90_89.00_89.10_89.20_,13_38_91_29_59_,88.70_88.60_88.50_88.40_88.30_,7_63_47_16_67_
10:19:52,88.70,2,7076,88.80_88.90_89.00_89.10_89.20_,14_38_90_29_59_,88.70_88.60_88.50_88.40_88.30_,7_63_47_16_67_
10:20:02,88.70,2,7076,88.80_88.90_89.00_89.10_89.20_,14_38_90_29_59_,88.70_88.60_88.50_88.40_88.30_,7_65_47_16_67_
10:20:07,88.70,2,7076,88.80_88.90_89.00_89.10_89.20_,14_38_105_29_62_,88.70_88.60_88.50_88.40_88.30_,11_65_47_16_67_
10:20:12,88.70,2,7076,88.80_88.90_89.00_89.10_89.20_,15_38_105_29_62_,88.70_88.60_88.50_88.40_88.30_,11_65_47_16_67_
10:20:23,88.70,2,7076,88.80_88.90_89.00_89.10_89.20_,15_38_106_29_62_,88.70_88.60_88.50_88.40_88.30_,11_65_47_16_67_
10:20:28,88.70,2,7076,88.80_88.90_89.00_89.10_89.20_,15_38_106_29_62_,88.70_88.60_88.50_88.40_88.30_,14_65_48_16_67_
10:20:33,88.70,2,7076,88.80_88.90_89.00_89.10_89.20_,15_38_106_29_62_,88.70_88.60_88.50_88.40_88.30_,15_66_48_16_67_
10:20:38,88.80,2,7078,88.80_88.90_89.00_89.10_89.20_,13_38_106_29_62_,88.70_88.60_88.50_88.40_88.30_,18_66_48_16_67_
10:20:43,88.80,2,7078,88.80_88.90_89.00_89.10_89.20_,13_38_107_29_62_,88.70_88.60_88.50_88.40_88.30_,18_67_47_16_67_
10:20:48,88.80,2,7078,88.80_88.90_89.00_89.10_89.20_,16_38_109_29_63_,88.70_88.60_88.50_88.40_88.30_,19_65_46_16_67_
10:20:53,88.70,1,7079,88.80_88.90_89.00_89.10_89.20_,16_38_109_29_63_,88.70_88.60_88.50_88.40_88.30_,18_65_46_16_67_
10:20:58,88.70,4,7083,88.80_88.90_89.00_89.10_89.20_,16_38_109_29_63_,88.70_88.60_88.50_88.40_88.30_,16_65_46_16_67_
10:21:04,88.70,1,7084,88.80_88.90_89.00_89.10_89.20_,16_38_109_29_63_,88.70_88.60_88.50_88.40_88.30_,16_65_46_16_67_
10:21:09,88.70,1,7084,88.80_88.90_89.00_89.10_89.20_,26_38_159_29_63_,88.70_88.60_88.50_88.40_88.30_,16_65_46_16_67_
10:21:14,88.70,1,7084,88.80_88.90_89.00_89.10_89.20_,26_38_159_29_64_,88.70_88.60_88.50_88.40_88.30_,16_65_46_16_67_
10:21:24,88.70,11,7095,88.80_88.90_89.00_89.10_89.20_,26_38_159_29_64_,88.70_88.60_88.50_88.40_88.30_,5_65_46_16_67_
10:21:29,88.70,11,7095,88.80_88.90_89.00_89.10_89.20_,26_38_159_29_64_,88.70_88.60_88.50_88.40_88.30_,5_64_47_16_67_
10:21:44,88.70,11,7095,88.80_88.90_89.00_89.10_89.20_,26_48_160_29_64_,88.70_88.60_88.50_88.40_88.30_,10_64_47_16_67_
10:22:05,88.80,1,7096,88.80_88.90_89.00_89.10_89.20_,51_48_160_29_64_,88.70_88.60_88.50_88.40_88.30_,10_64_47_16_67_
10:22:10,88.80,1,7096,88.80_88.90_89.00_89.10_89.20_,58_48_160_29_64_,88.70_88.60_88.50_88.40_88.30_,10_64_47_16_67_
10:22:15,88.80,2,7098,88.80_88.90_89.00_89.10_89.20_,57_48_160_29_64_,88.70_88.60_88.50_88.40_88.30_,10_64_47_16_67_
10:22:20,88.80,1,7099,88.80_88.90_89.00_89.10_89.20_,56_48_160_29_64_,88.70_88.60_88.50_88.40_88.30_,10_64_47_16_67_
10:22:25,88.80,1,7099,88.80_88.90_89.00_89.10_89.20_,57_48_160_29_64_,88.70_88.60_88.50_88.40_88.30_,10_65_48_16_67_
10:22:31,88.70,5,7104,88.80_88.90_89.00_89.10_89.20_,57_48_160_29_64_,88.70_88.60_88.50_88.40_88.30_,5_65_48_16_67_
10:22:36,88.70,5,7104,88.80_88.90_89.00_89.10_89.20_,58_48_161_29_64_,88.70_88.60_88.50_88.40_88.30_,7_65_50_16_67_
10:22:41,88.70,3,7107,88.80_88.90_89.00_89.10_89.20_,58_48_161_29_64_,88.70_88.60_88.50_88.40_88.30_,4_65_50_16_67_
10:22:51,88.70,1,7108,88.80_88.90_89.00_89.10_89.20_,58_48_161_29_64_,88.70_88.60_88.50_88.40_88.30_,3_65_50_16_67_
10:22:56,88.70,1,7109,88.80_88.90_89.00_89.10_89.20_,58_48_164_29_64_,88.70_88.60_88.50_88.40_88.30_,3_65_50_16_67_
10:23:01,88.70,1,7109,88.80_88.90_89.00_89.10_89.20_,58_48_164_29_64_,88.70_88.60_88.50_88.40_88.30_,3_65_50_16_69_
10:23:06,88.80,1,7110,88.80_88.90_89.00_89.10_89.20_,57_48_164_29_65_,88.70_88.60_88.50_88.40_88.30_,3_65_50_16_69_
10:23:17,88.80,1,7111,88.80_88.90_89.00_89.10_89.20_,56_48_164_29_65_,88.70_88.60_88.50_88.40_88.30_,4_65_50_16_69_
10:23:22,88.80,1,7111,88.80_88.90_89.00_89.10_89.20_,57_46_164_29_65_,88.70_88.60_88.50_88.40_88.30_,14_65_50_16_69_
10:23:27,88.70,4,7115,88.80_88.90_89.00_89.10_89.20_,57_46_164_29_65_,88.70_88.60_88.50_88.40_88.30_,10_65_50_16_69_
10:23:32,88.80,2,7117,88.80_88.90_89.00_89.10_89.20_,55_47_164_29_65_,88.70_88.60_88.50_88.40_88.30_,11_66_50_16_69_
10:23:42,88.70,2,7119,88.80_88.90_89.00_89.10_89.20_,45_47_164_29_65_,88.70_88.60_88.50_88.40_88.30_,13_66_50_16_69_
10:23:47,88.70,2,7119,88.80_88.90_89.00_89.10_89.20_,55_47_164_29_65_,88.70_88.60_88.50_88.40_88.30_,14_65_50_16_69_
10:23:52,88.70,2,7119,88.80_88.90_89.00_89.10_89.20_,55_57_164_29_65_,88.70_88.60_88.50_88.40_88.30_,18_64_50_16_69_
10:23:58,88.70,1,7120,88.80_88.90_89.00_89.10_89.20_,79_57_174_29_65_,88.70_88.60_88.50_88.40_88.30_,17_64_50_16_69_
10:24:03,88.70,6,7126,88.80_88.90_89.00_89.10_89.20_,79_57_174_29_65_,88.70_88.60_88.50_88.40_88.30_,13_64_50_16_69_
10:24:08,88.80,3,7129,88.80_88.90_89.00_89.10_89.20_,51_57_174_29_65_,88.70_88.60_88.50_88.40_88.30_,13_64_50_16_69_
10:24:13,88.80,7,7136,88.80_88.90_89.00_89.10_89.20_,21_57_174_29_65_,88.70_88.60_88.50_88.40_88.30_,13_64_50_16_69_
10:24:18,88.80,7,7136,88.80_88.90_89.00_89.10_89.20_,17_57_174_29_65_,88.70_88.60_88.50_88.40_88.30_,13_64_50_16_69_
10:24:28,88.80,2,7138,88.80_88.90_89.00_89.10_89.20_,17_57_174_29_65_,88.70_88.60_88.50_88.40_88.30_,14_64_50_16_69_
10:24:33,88.80,2,7138,88.80_88.90_89.00_89.10_89.20_,17_57_175_29_65_,88.70_88.60_88.50_88.40_88.30_,14_64_50_16_69_
10:24:39,88.80,2,7140,88.80_88.90_89.00_89.10_89.20_,15_57_175_29_65_,88.70_88.60_88.50_88.40_88.30_,15_64_50_17_69_
10:24:44,88.80,1,7141,88.80_88.90_89.00_89.10_89.20_,14_57_175_29_65_,88.70_88.60_88.50_88.40_88.30_,21_65_49_17_69_
10:24:49,88.80,1,7141,88.80_88.90_89.00_89.10_89.20_,13_57_175_29_65_,88.70_88.60_88.50_88.40_88.30_,27_65_48_17_69_
10:24:54,88.80,1,7141,88.80_88.90_89.00_89.10_89.20_,13_60_175_29_65_,88.70_88.60_88.50_88.40_88.30_,27_65_48_17_69_
10:24:59,88.80,1,7142,88.80_88.90_89.00_89.10_89.20_,12_60_175_29_65_,88.70_88.60_88.50_88.40_88.30_,27_65_48_17_69_
10:25:04,88.80,1,7142,88.80_88.90_89.00_89.10_89.20_,12_60_178_29_65_,88.70_88.60_88.50_88.40_88.30_,27_66_49_17_69_
10:25:09,88.80,3,7145,88.80_88.90_89.00_89.10_89.20_,9_60_178_29_65_,88.70_88.60_88.50_88.40_88.30_,27_66_49_17_69_
10:25:14,88.80,3,7145,88.80_88.90_89.00_89.10_89.20_,9_60_178_29_65_,88.70_88.60_88.50_88.40_88.30_,32_66_49_17_69_
10:25:20,88.70,3,7148,88.80_88.90_89.00_89.10_89.20_,9_60_178_29_65_,88.70_88.60_88.50_88.40_88.30_,30_67_50_17_69_
10:25:25,88.80,2,7150,88.80_88.90_89.00_89.10_89.20_,7_60_178_29_65_,88.70_88.60_88.50_88.40_88.30_,31_67_50_17_69_
10:25:30,88.80,10,7160,88.90_89.00_89.10_89.20_89.30_,60_178_29_65_65_,88.80_88.70_88.60_88.50_88.40_,41_34_67_50_17_
10:25:35,88.80,10,7160,88.90_89.00_89.10_89.20_89.30_,64_178_29_32_102_,88.80_88.70_88.60_88.50_88.40_,60_25_75_50_63_
10:25:40,88.90,2,7162,88.90_89.00_89.10_89.20_89.30_,62_178_29_32_102_,88.80_88.70_88.60_88.50_88.40_,63_20_75_50_63_
10:25:45,88.90,2,7162,88.90_89.00_89.10_89.20_89.30_,63_183_29_32_102_,88.80_88.70_88.60_88.50_88.40_,66_18_74_50_68_
10:25:50,88.90,3,7165,88.90_89.00_89.10_89.20_89.30_,60_183_29_32_102_,88.80_88.70_88.60_88.50_88.40_,69_17_73_49_68_
10:25:55,88.90,3,7168,88.90_89.00_89.10_89.20_89.30_,54_183_29_32_102_,88.80_88.70_88.60_88.50_88.40_,69_17_73_49_68_
10:26:01,88.90,2,7170,88.90_89.00_89.10_89.20_89.30_,53_186_29_32_102_,88.80_88.70_88.60_88.50_88.40_,69_17_73_49_68_
10:26:06,88.90,1,7171,88.90_89.00_89.10_89.20_89.30_,52_186_29_32_102_,88.80_88.70_88.60_88.50_88.40_,69_17_73_50_68_
10:26:11,88.90,1,7171,88.90_89.00_89.10_89.20_89.30_,52_186_29_32_102_,88.80_88.70_88.60_88.50_88.40_,69_17_73_50_67_
10:26:16,88.90,1,7172,88.90_89.00_89.10_89.20_89.30_,52_186_29_32_102_,88.80_88.70_88.60_88.50_88.40_,69_17_73_50_67_
10:26:21,88.90,1,7173,88.90_89.00_89.10_89.20_89.30_,53_186_29_32_102_,88.80_88.70_88.60_88.50_88.40_,69_17_73_50_67_
10:26:26,88.90,1,7174,88.90_89.00_89.10_89.20_89.30_,52_186_29_32_102_,88.80_88.70_88.60_88.50_88.40_,69_17_74_50_67_
10:26:31,88.90,1,7174,88.90_89.00_89.10_89.20_89.30_,52_187_29_32_102_,88.80_88.70_88.60_88.50_88.40_,64_17_74_50_67_
10:26:37,88.90,1,7174,88.90_89.00_89.10_89.20_89.30_,53_187_29_32_102_,88.80_88.70_88.60_88.50_88.40_,64_17_74_50_67_
10:26:47,88.90,1,7174,88.90_89.00_89.10_89.20_89.30_,53_187_28_32_102_,88.80_88.70_88.60_88.50_88.40_,64_17_74_50_67_
10:26:57,88.80,1,7175,88.90_89.00_89.10_89.20_89.30_,53_187_28_32_102_,88.80_88.70_88.60_88.50_88.40_,64_17_74_50_67_
10:27:02,88.80,1,7175,88.90_89.00_89.10_89.20_89.30_,55_187_28_32_102_,88.80_88.70_88.60_88.50_88.40_,64_17_74_50_67_
10:27:12,88.80,1,7175,88.90_89.00_89.10_89.20_89.30_,55_187_28_32_102_,88.80_88.70_88.60_88.50_88.40_,65_18_74_50_67_
10:27:18,88.80,1,7175,88.90_89.00_89.10_89.20_89.30_,55_187_28_32_102_,88.80_88.70_88.60_88.50_88.40_,65_19_74_50_67_
10:27:23,88.80,1,7175,88.90_89.00_89.10_89.20_89.30_,55_187_28_32_102_,88.80_88.70_88.60_88.50_88.40_,65_20_74_50_67_
10:27:28,88.80,1,7175,88.90_89.00_89.10_89.20_89.30_,56_187_28_33_102_,88.80_88.70_88.60_88.50_88.40_,65_20_74_50_67_
10:27:33,88.80,1,7176,88.90_89.00_89.10_89.20_89.30_,56_187_28_33_102_,88.80_88.70_88.60_88.50_88.40_,64_20_74_50_67_
10:27:38,88.80,1,7176,88.90_89.00_89.10_89.20_89.30_,56_187_28_33_102_,88.80_88.70_88.60_88.50_88.40_,67_20_74_50_67_
10:27:43,88.80,1,7176,88.90_89.00_89.10_89.20_89.30_,56_188_28_33_102_,88.80_88.70_88.60_88.50_88.40_,67_20_74_50_67_
10:27:48,88.90,2,7178,88.90_89.00_89.10_89.20_89.30_,60_188_28_33_102_,88.80_88.70_88.60_88.50_88.40_,67_20_74_50_67_
10:27:53,88.90,3,7181,88.90_89.00_89.10_89.20_89.30_,57_188_28_33_102_,88.80_88.70_88.60_88.50_88.40_,67_20_74_50_67_
10:28:04,88.90,2,7183,88.90_89.00_89.10_89.20_89.30_,55_188_28_33_102_,88.80_88.70_88.60_88.50_88.40_,67_20_74_50_67_
10:28:14,88.80,1,7184,88.90_89.00_89.10_89.20_89.30_,55_188_28_33_102_,88.80_88.70_88.60_88.50_88.40_,66_20_74_50_67_
10:28:19,88.80,1,7184,88.90_89.00_89.10_89.20_89.30_,55_188_28_33_102_,88.80_88.70_88.60_88.50_88.40_,69_20_74_50_67_
10:28:29,88.80,1,7184,88.90_89.00_89.10_89.20_89.30_,55_188_28_33_102_,88.80_88.70_88.60_88.50_88.40_,70_20_74_50_67_
10:28:40,88.80,1,7185,88.90_89.00_89.10_89.20_89.30_,55_188_28_33_102_,88.80_88.70_88.60_88.50_88.40_,69_20_74_50_67_
10:28:45,88.90,1,7186,88.90_89.00_89.10_89.20_89.30_,54_185_28_33_102_,88.80_88.70_88.60_88.50_88.40_,70_21_73_50_67_
10:28:50,88.80,3,7189,88.90_89.00_89.10_89.20_89.30_,57_185_28_33_102_,88.80_88.70_88.60_88.50_88.40_,68_22_72_50_67_
10:29:05,88.80,1,7190,88.90_89.00_89.10_89.20_89.30_,57_185_28_33_102_,88.80_88.70_88.60_88.50_88.40_,68_22_72_50_67_
10:29:10,88.80,1,7191,88.90_89.00_89.10_89.20_89.30_,57_185_28_33_102_,88.80_88.70_88.60_88.50_88.40_,68_22_72_50_67_
10:29:16,88.90,1,7192,88.90_89.00_89.10_89.20_89.30_,56_185_28_33_102_,88.80_88.70_88.60_88.50_88.40_,68_22_72_50_67_
10:29:21,88.80,4,7196,88.90_89.00_89.10_89.20_89.30_,56_185_28_33_102_,88.80_88.70_88.60_88.50_88.40_,64_22_72_50_67_
10:29:31,88.80,2,7198,88.90_89.00_89.10_89.20_89.30_,56_185_28_33_102_,88.80_88.70_88.60_88.50_88.40_,62_22_72_50_67_
10:29:36,88.90,1,7199,88.90_89.00_89.10_89.20_89.30_,55_185_28_33_102_,88.80_88.70_88.60_88.50_88.40_,62_22_72_50_67_
10:29:41,88.80,3,7202,88.90_89.00_89.10_89.20_89.30_,55_185_28_33_102_,88.80_88.70_88.60_88.50_88.40_,61_22_72_50_67_
10:29:46,88.80,3,7202,88.90_89.00_89.10_89.20_89.30_,55_185_28_33_102_,88.80_88.70_88.60_88.50_88.40_,65_22_72_50_67_
10:30:02,88.80,3,7202,88.90_89.00_89.10_89.20_89.30_,55_186_28_33_102_,88.80_88.70_88.60_88.50_88.40_,65_22_72_50_67_
10:30:07,88.90,1,7203,88.90_89.00_89.10_89.20_89.30_,54_186_28_33_102_,88.80_88.70_88.60_88.50_88.40_,65_22_72_50_67_
10:30:12,88.80,3,7206,88.90_89.00_89.10_89.20_89.30_,54_187_28_33_102_,88.80_88.70_88.60_88.50_88.40_,62_22_72_50_67_
10:30:22,88.80,3,7206,88.90_89.00_89.10_89.20_89.30_,54_187_28_33_102_,88.80_88.70_88.60_88.50_88.40_,63_22_72_50_67_
10:30:32,88.90,2,7210,88.90_89.00_89.10_89.20_89.30_,50_188_28_33_102_,88.80_88.70_88.60_88.50_88.40_,64_22_73_50_67_
10:30:43,88.90,2,7210,88.90_89.00_89.10_89.20_89.30_,51_190_28_33_102_,88.80_88.70_88.60_88.50_88.40_,64_22_73_50_67_
10:30:48,88.90,1,7211,88.90_89.00_89.10_89.20_89.30_,50_190_28_33_102_,88.80_88.70_88.60_88.50_88.40_,65_23_72_50_67_
10:30:53,88.80,2,7213,88.90_89.00_89.10_89.20_89.30_,53_192_28_33_102_,88.80_88.70_88.60_88.50_88.40_,63_23_72_50_67_
10:30:58,88.80,2,7213,88.90_89.00_89.10_89.20_89.30_,53_192_28_33_102_,88.80_88.70_88.60_88.50_88.40_,62_23_72_50_67_
10:31:03,88.90,1,7214,88.90_89.00_89.10_89.20_89.30_,52_192_28_33_102_,88.80_88.70_88.60_88.50_88.40_,61_23_72_50_67_
10:31:13,88.80,5,7219,88.90_89.00_89.10_89.20_89.30_,52_192_28_33_102_,88.80_88.70_88.60_88.50_88.40_,56_23_72_50_67_
10:31:18,88.80,5,7219,88.90_89.00_89.10_89.20_89.30_,52_192_28_33_102_,88.80_88.70_88.60_88.50_88.40_,56_23_71_50_67_
10:31:23,88.80,5,7219,88.90_89.00_89.10_89.20_89.30_,54_192_28_33_102_,88.80_88.70_88.60_88.50_88.40_,59_23_71_50_67_
10:31:29,88.80,3,7222,88.90_89.00_89.10_89.20_89.30_,54_192_28_33_102_,88.80_88.70_88.60_88.50_88.40_,56_23_71_50_67_
10:31:49,88.80,3,7222,88.90_89.00_89.10_89.20_89.30_,54_192_28_32_102_,88.80_88.70_88.60_88.50_88.40_,56_23_71_50_67_
10:32:04,88.80,11,7233,88.90_89.00_89.10_89.20_89.30_,55_192_28_32_102_,88.80_88.70_88.60_88.50_88.40_,45_23_71_50_67_
10:32:10,88.80,1,7234,88.90_89.00_89.10_89.20_89.30_,55_192_28_32_102_,88.80_88.70_88.60_88.50_88.40_,45_23_71_50_67_
10:32:15,88.80,1,7234,88.90_89.00_89.10_89.20_89.30_,55_195_28_32_102_,88.80_88.70_88.60_88.50_88.40_,45_28_71_50_67_
10:32:20,88.80,1,7234,88.90_89.00_89.10_89.20_89.30_,55_196_28_32_102_,88.80_88.70_88.60_88.50_88.40_,45_28_71_50_67_
10:32:25,88.80,2,7236,88.90_89.00_89.10_89.20_89.30_,55_196_28_32_102_,88.80_88.70_88.60_88.50_88.40_,43_28_71_50_67_
10:32:35,88.80,2,7236,88.90_89.00_89.10_89.20_89.30_,55_196_28_32_103_,88.80_88.70_88.60_88.50_88.40_,45_28_71_50_67_
10:32:40,88.80,1,7237,88.90_89.00_89.10_89.20_89.30_,55_198_28_32_103_,88.80_88.70_88.60_88.50_88.40_,44_28_71_50_67_
10:32:45,88.90,2,7239,88.90_89.00_89.10_89.20_89.30_,53_198_28_32_103_,88.80_88.70_88.60_88.50_88.40_,44_29_71_50_67_
10:32:51,88.90,1,7240,88.90_89.00_89.10_89.20_89.30_,52_198_28_32_103_,88.80_88.70_88.60_88.50_88.40_,44_29_71_50_67_
10:32:56,88.90,3,7243,88.90_89.00_89.10_89.20_89.30_,51_198_28_32_103_,88.80_88.70_88.60_88.50_88.40_,44_29_70_53_67_
10:33:06,88.90,3,7243,88.90_89.00_89.10_89.20_89.30_,49_198_28_32_104_,88.80_88.70_88.60_88.50_88.40_,44_29_70_53_67_
10:33:11,88.80,4,7247,88.90_89.00_89.10_89.20_89.30_,49_198_28_32_104_,88.80_88.70_88.60_88.50_88.40_,40_29_70_53_67_
10:33:26,88.80,4,7247,88.90_89.00_89.10_89.20_89.30_,69_198_28_32_104_,88.80_88.70_88.60_88.50_88.40_,40_29_70_53_67_
10:33:32,88.80,1,7248,88.90_89.00_89.10_89.20_89.30_,94_198_28_32_104_,88.80_88.70_88.60_88.50_88.40_,38_29_70_53_67_
10:33:37,88.80,2,7250,88.90_89.00_89.10_89.20_89.30_,94_198_28_32_104_,88.80_88.70_88.60_88.50_88.40_,36_29_70_53_67_
10:33:42,88.80,25,7275,88.90_89.00_89.10_89.20_89.30_,94_198_28_32_104_,88.80_88.70_88.60_88.50_88.40_,11_29_70_53_67_
10:33:47,88.80,3,7278,88.90_89.00_89.10_89.20_89.30_,94_198_28_32_104_,88.80_88.70_88.60_88.50_88.40_,13_25_74_53_67_
10:33:52,88.80,12,7290,88.80_88.90_89.00_89.10_89.20_,13_69_198_28_32_,88.70_88.60_88.50_88.40_88.30_,25_74_53_67_21_
10:33:57,88.80,12,7290,88.80_88.90_89.00_89.10_89.20_,23_60_198_28_68_,88.70_88.60_88.50_88.40_88.30_,24_75_53_16_71_
10:34:02,88.70,2,7292,88.80_88.90_89.00_89.10_89.20_,31_60_198_28_68_,88.70_88.60_88.50_88.40_88.30_,22_75_53_16_71_
10:34:07,88.80,1,7293,88.80_88.90_89.00_89.10_89.20_,31_60_197_28_68_,88.70_88.60_88.50_88.40_88.30_,23_75_53_16_71_
10:34:13,88.70,14,7307,88.80_88.90_89.00_89.10_89.20_,41_60_197_28_68_,88.70_88.60_88.50_88.40_88.30_,9_75_53_16_71_
10:34:18,88.80,3,7310,88.80_88.90_89.00_89.10_89.20_,54_60_197_28_68_,88.70_88.60_88.50_88.40_88.30_,9_75_53_16_71_
10:34:23,88.80,3,7310,88.80_88.90_89.00_89.10_89.20_,54_60_197_28_68_,88.70_88.60_88.50_88.40_88.30_,9_74_52_16_71_
10:34:28,88.80,3,7310,88.80_88.90_89.00_89.10_89.20_,39_60_197_28_68_,88.70_88.60_88.50_88.40_88.30_,9_74_52_16_71_
10:34:33,88.70,1,7311,88.80_88.90_89.00_89.10_89.20_,30_65_198_28_68_,88.70_88.60_88.50_88.40_88.30_,8_74_52_16_71_
10:34:38,88.60,10,7321,88.70_88.80_88.90_89.00_89.10_,9_46_65_198_28_,88.60_88.50_88.40_88.30_88.20_,72_52_16_71_40_
10:34:43,88.60,2,7323,88.70_88.80_88.90_89.00_89.10_,9_39_62_198_64_,88.60_88.50_88.40_88.30_88.20_,74_57_16_26_85_
10:34:48,88.70,9,7332,88.80_88.90_89.00_89.10_89.20_,40_61_198_64_32_,88.70_88.60_88.50_88.40_88.30_,1_75_57_16_26_
10:34:54,88.70,1,7333,88.80_88.90_89.00_89.10_89.20_,48_61_198_34_62_,88.60_88.50_88.40_88.30_88.20_,75_57_16_71_40_
10:34:59,88.70,1,7334,88.80_88.90_89.00_89.10_89.20_,33_61_198_34_61_,88.60_88.50_88.40_88.30_88.20_,75_57_16_26_85_
10:35:04,88.70,1,7335,88.80_88.90_89.00_89.10_89.20_,32_61_198_34_61_,88.60_88.50_88.40_88.30_88.20_,76_57_16_26_85_
10:35:09,88.70,1,7335,88.70_88.80_88.90_89.00_89.10_,15_32_61_198_34_,88.60_88.50_88.40_88.30_88.20_,76_59_16_26_85_
10:35:14,88.70,1,7335,88.70_88.80_88.90_89.00_89.10_,15_24_61_198_64_,88.60_88.50_88.40_88.30_88.20_,76_59_16_25_86_
10:35:19,88.70,3,7338,88.70_88.80_88.90_89.00_89.10_,12_14_61_198_64_,88.60_88.50_88.40_88.30_88.20_,77_60_16_25_86_
10:35:24,88.70,3,7338,88.70_88.80_88.90_89.00_89.10_,12_14_61_193_64_,88.60_88.50_88.40_88.30_88.20_,77_61_16_25_86_
10:35:29,88.70,3,7338,88.70_88.80_88.90_89.00_89.10_,17_14_61_193_64_,88.60_88.50_88.40_88.30_88.20_,77_58_16_25_86_
10:35:35,88.60,3,7341,88.70_88.80_88.90_89.00_89.10_,17_14_61_193_64_,88.60_88.50_88.40_88.30_88.20_,74_58_16_25_86_
10:35:40,88.60,3,7341,88.70_88.80_88.90_89.00_89.10_,20_14_61_193_64_,88.60_88.50_88.40_88.30_88.20_,74_58_16_25_86_
10:35:45,88.60,1,7342,88.70_88.80_88.90_89.00_89.10_,30_14_61_193_64_,88.60_88.50_88.40_88.30_88.20_,75_58_16_25_86_
10:35:50,88.60,2,7344,88.70_88.80_88.90_89.00_89.10_,39_14_56_189_64_,88.60_88.50_88.40_88.30_88.20_,73_57_17_25_86_
10:35:55,88.60,2,7344,88.70_88.80_88.90_89.00_89.10_,45_14_56_189_64_,88.60_88.50_88.40_88.30_88.20_,73_57_17_25_86_
10:36:00,88.60,2,7344,88.70_88.80_88.90_89.00_89.10_,45_15_56_189_64_,88.60_88.50_88.40_88.30_88.20_,73_57_17_25_86_
10:36:05,88.60,1,7345,88.70_88.80_88.90_89.00_89.10_,45_15_56_190_64_,88.60_88.50_88.40_88.30_88.20_,72_57_17_25_86_
10:36:11,88.60,1,7346,88.70_88.80_88.90_89.00_89.10_,45_15_56_190_64_,88.60_88.50_88.40_88.30_88.20_,71_57_17_25_86_
10:36:16,88.60,4,7350,88.70_88.80_88.90_89.00_89.10_,45_15_56_190_64_,88.60_88.50_88.40_88.30_88.20_,67_57_17_25_86_
10:36:21,88.60,3,7353,88.70_88.80_88.90_89.00_89.10_,45_16_56_190_64_,88.60_88.50_88.40_88.30_88.20_,64_57_17_25_86_
10:36:26,88.60,64,7417,88.60_88.70_88.80_88.90_89.00_,10_45_18_56_190_,88.50_88.40_88.30_88.20_88.10_,57_17_25_86_29_
10:36:31,88.50,10,7427,88.60_88.70_88.80_88.90_89.00_,14_33_7_55_218_,88.50_88.40_88.30_88.20_88.10_,52_19_22_40_79_
10:36:36,88.50,48,7475,88.50_88.60_88.70_88.80_88.90_,52_15_33_7_55_,88.40_88.30_88.20_88.10_88.00_,19_22_41_78_47_
10:36:41,88.40,10,7485,88.50_88.60_88.70_88.80_88.90_,56_15_33_7_88_,88.40_88.30_88.20_88.10_88.00_,13_25_42_30_96_
10:36:46,88.40,12,7497,88.50_88.60_88.70_88.80_88.90_,71_13_33_7_88_,88.40_88.30_88.20_88.10_88.00_,2_26_40_30_96_
10:36:52,88.40,3,7500,88.40_88.50_88.60_88.70_88.80_,2_70_7_34_7_,88.30_88.20_88.10_88.00_87.90_,26_40_30_96_21_
10:36:57,88.40,3,7500,88.40_88.50_88.60_88.70_88.80_,2_70_7_22_37_,88.30_88.20_88.10_88.00_87.90_,32_42_29_52_66_
10:37:02,88.40,3,7500,88.40_88.50_88.60_88.70_88.80_,2_69_7_22_37_,88.30_88.20_88.10_88.00_87.90_,33_42_29_52_66_
10:37:07,88.40,1,7501,88.40_88.50_88.60_88.70_88.80_,2_20_7_22_37_,88.30_88.20_88.10_88.00_87.90_,35_42_29_52_66_
10:37:12,88.30,2,7503,88.40_88.50_88.60_88.70_88.80_,14_20_7_22_37_,88.30_88.20_88.10_88.00_87.90_,43_42_29_52_66_
10:37:17,88.30,2,7503,88.40_88.50_88.60_88.70_88.80_,15_20_7_22_37_,88.30_88.20_88.10_88.00_87.90_,34_42_29_52_66_
10:37:22,88.30,2,7503,88.40_88.50_88.60_88.70_88.80_,15_20_7_22_37_,88.30_88.20_88.10_88.00_87.90_,34_42_30_52_66_
10:37:27,88.30,2,7503,88.40_88.50_88.60_88.70_88.80_,15_20_7_22_38_,88.30_88.20_88.10_88.00_87.90_,34_42_30_52_66_
10:37:33,88.40,25,7528,88.50_88.60_88.70_88.80_88.90_,20_7_23_48_59_,88.40_88.30_88.20_88.10_88.00_,15_45_42_30_54_
10:37:38,88.40,25,7528,88.50_88.60_88.70_88.80_88.90_,20_7_23_18_89_,88.40_88.30_88.20_88.10_88.00_,19_44_42_31_98_
10:37:43,88.40,10,7538,88.50_88.60_88.70_88.80_88.90_,20_7_23_18_89_,88.40_88.30_88.20_88.10_88.00_,13_44_42_31_98_
10:37:48,88.40,5,7543,88.50_88.60_88.70_88.80_88.90_,21_7_20_18_90_,88.40_88.30_88.20_88.10_88.00_,13_40_42_31_98_
10:37:53,88.40,2,7545,88.50_88.60_88.70_88.80_88.90_,21_7_20_18_90_,88.40_88.30_88.20_88.10_88.00_,15_39_42_31_98_
10:37:58,88.40,10,7555,88.50_88.60_88.70_88.80_88.90_,21_7_20_18_90_,88.40_88.30_88.20_88.10_88.00_,6_39_42_31_98_
10:38:03,88.40,8,7563,88.40_88.50_88.60_88.70_88.80_,7_22_7_20_18_,88.30_88.20_88.10_88.00_87.90_,44_41_31_98_21_
10:38:08,88.30,3,7566,88.40_88.50_88.60_88.70_88.80_,12_22_7_20_48_,88.30_88.20_88.10_88.00_87.90_,42_42_30_54_66_
10:38:14,88.30,3,7566,88.40_88.50_88.60_88.70_88.80_,12_23_7_20_48_,88.30_88.20_88.10_88.00_87.90_,43_43_30_54_66_
10:38:19,88.30,43,7609,88.30_88.40_88.50_88.60_88.70_,47_12_23_7_19_,88.20_88.10_88.00_87.90_87.80_,45_30_53_66_11_
10:38:24,88.30,3,7612,88.30_88.40_88.50_88.60_88.70_,10_7_23_7_53_,88.20_88.10_88.00_87.90_87.80_,45_32_48_22_60_
10:38:29,88.30,1,7613,88.30_88.40_88.50_88.60_88.70_,9_7_19_7_53_,88.20_88.10_88.00_87.90_87.80_,48_32_48_22_60_
10:38:34,88.30,5,7618,88.30_88.40_88.50_88.60_88.70_,4_7_19_7_53_,88.20_88.10_88.00_87.90_87.80_,48_33_48_22_60_
10:38:39,88.30,1,7619,88.30_88.40_88.50_88.60_88.70_,29_13_19_7_53_,88.20_88.10_88.00_87.90_87.80_,45_33_49_22_60_
10:38:44,88.20,1,7620,88.30_88.40_88.50_88.60_88.70_,34_13_19_9_53_,88.20_88.10_88.00_87.90_87.80_,44_33_49_22_60_
10:38:49,88.20,2,7622,88.30_88.40_88.50_88.60_88.70_,34_13_19_9_53_,88.20_88.10_88.00_87.90_87.80_,42_34_49_22_60_
10:38:55,88.20,40,7662,88.30_88.40_88.50_88.60_88.70_,34_13_19_9_53_,88.20_88.10_88.00_87.90_87.80_,4_45_49_22_60_
10:39:00,88.20,5,7667,88.20_88.30_88.40_88.50_88.60_,5_34_10_18_9_,88.10_88.00_87.90_87.80_87.60_,45_51_22_60_7_
10:39:05,88.20,5,7667,88.20_88.30_88.40_88.50_88.60_,5_34_10_3_39_,88.10_88.00_87.90_87.80_87.60_,45_53_21_16_52_
10:39:10,88.10,23,7690,88.20_88.30_88.40_88.50_88.60_,5_34_10_3_40_,88.10_88.00_87.90_87.80_87.60_,22_53_21_16_52_
10:39:15,88.20,6,7696,88.20_88.30_88.40_88.50_88.60_,6_34_10_3_40_,88.10_88.00_87.90_87.80_87.60_,22_53_21_16_52_
10:39:20,88.10,20,7716,88.20_88.30_88.40_88.50_88.60_,6_34_10_3_40_,88.10_88.00_87.90_87.80_87.60_,4_53_21_16_52_
10:39:25,88.10,1,7717,88.20_88.30_88.40_88.50_88.60_,6_34_10_3_40_,88.10_88.00_87.90_87.80_87.70_,5_62_21_12_2_
10:39:30,88.10,1,7717,88.20_88.30_88.40_88.50_88.60_,6_35_10_3_40_,88.10_88.00_87.90_87.80_87.70_,5_63_21_12_48_
10:39:36,88.10,1,7717,88.20_88.30_88.40_88.50_88.60_,6_35_10_3_40_,88.10_88.00_87.90_87.80_87.70_,7_63_21_22_48_
10:39:41,88.10,10,7727,88.20_88.30_88.40_88.50_88.60_,6_35_11_3_40_,88.10_88.00_87.90_87.80_87.70_,3_63_21_23_48_
10:39:46,88.20,6,7733,88.20_88.30_88.40_88.50_88.60_,4_36_9_3_40_,88.10_88.00_87.90_87.80_87.70_,3_64_22_25_48_
10:39:51,88.20,3,7736,88.20_88.30_88.40_88.50_88.60_,2_36_9_3_40_,88.10_88.00_87.90_87.80_87.70_,4_64_22_25_48_
10:40:01,88.20,3,7736,88.20_88.30_88.40_88.50_88.60_,3_36_9_3_40_,88.10_88.00_87.90_87.80_87.70_,5_63_22_25_48_
10:40:06,88.20,3,7739,88.30_88.40_88.50_88.60_88.70_,36_9_3_40_21_,88.20_88.10_88.00_87.90_87.80_,21_25_63_22_25_
10:40:12,88.20,3,7742,88.30_88.40_88.50_88.60_88.70_,36_9_3_9_53_,88.20_88.10_88.00_87.90_87.80_,19_24_63_23_73_
10:40:17,88.20,3,7742,88.30_88.40_88.50_88.60_88.70_,36_9_3_9_53_,88.20_88.10_88.00_87.90_87.80_,21_27_63_22_73_
10:40:22,88.20,3,7742,88.30_88.40_88.50_88.60_88.70_,36_9_3_9_53_,88.20_88.10_88.00_87.90_87.80_,23_27_64_22_73_
10:40:27,88.20,1,7743,88.30_88.40_88.50_88.60_88.70_,36_9_2_9_53_,88.20_88.10_88.00_87.90_87.80_,23_27_64_22_73_
10:40:37,88.20,1,7743,88.30_88.40_88.50_88.60_88.70_,36_9_2_9_53_,88.20_88.10_88.00_87.90_87.80_,24_37_64_22_73_
10:40:47,88.20,10,7753,88.30_88.40_88.50_88.60_88.70_,39_9_2_9_53_,88.20_88.10_88.00_87.90_87.80_,16_38_61_22_72_
10:40:53,88.30,20,7773,88.30_88.40_88.50_88.60_88.70_,19_9_2_9_53_,88.20_88.10_88.00_87.90_87.80_,20_35_61_22_72_
10:40:58,88.30,20,7773,88.30_88.40_88.50_88.60_88.70_,20_10_2_9_52_,88.20_88.10_88.00_87.90_87.80_,22_35_61_22_72_
10:41:03,88.20,1,7774,88.30_88.40_88.50_88.60_88.70_,20_10_2_9_52_,88.20_88.10_88.00_87.90_87.80_,21_36_61_22_72_
10:41:08,88.20,9,7783,88.30_88.40_88.50_88.60_88.70_,20_10_2_9_52_,88.20_88.10_88.00_87.90_87.80_,12_36_61_22_72_
10:41:13,88.30,10,7793,88.30_88.40_88.50_88.60_88.70_,10_10_2_9_52_,88.20_88.10_88.00_87.90_87.80_,14_37_59_22_72_
10:41:18,88.20,10,7803,88.30_88.40_88.50_88.60_88.70_,10_10_2_9_52_,88.20_88.10_88.00_87.90_87.80_,8_42_59_22_72_
10:41:23,88.20,10,7803,88.30_88.40_88.50_88.60_88.70_,10_10_2_9_52_,88.20_88.10_88.00_87.90_87.80_,9_42_59_22_72_
10:41:28,88.20,2,7805,88.30_88.40_88.50_88.60_88.70_,10_10_2_13_55_,88.20_88.10_88.00_87.90_87.80_,8_42_59_22_72_
10:41:33,88.20,2,7807,88.30_88.40_88.50_88.60_88.70_,10_10_3_13_55_,88.20_88.10_88.00_87.90_87.80_,6_42_59_22_72_
10:41:39,88.20,6,7813,88.20_88.30_88.40_88.50_88.60_,1_10_10_3_13_,88.10_88.00_87.90_87.80_87.60_,42_60_22_72_16_
10:41:44,88.20,3,7816,88.20_88.30_88.40_88.50_88.60_,4_2_10_3_43_,88.10_88.00_87.90_87.80_87.60_,44_62_21_27_62_
10:41:49,88.20,6,7822,88.20_88.30_88.40_88.50_88.60_,2_2_10_3_43_,88.10_88.00_87.90_87.80_87.60_,46_63_21_27_62_
10:41:54,88.20,2,7824,88.30_88.40_88.50_88.60_88.70_,2_10_3_43_27_,88.20_88.10_88.00_87.90_87.80_,2_47_63_21_27_
10:41:59,88.30,1,7825,88.30_88.40_88.50_88.60_88.70_,1_10_3_13_57_,88.20_88.10_88.00_87.90_87.80_,7_45_63_22_72_
10:42:04,88.30,1,7826,88.40_88.50_88.60_88.70_88.80_,10_3_13_57_40_,88.30_88.20_88.10_88.00_87.90_,2_7_45_63_22_
10:42:09,88.40,3,7829,88.40_88.50_88.60_88.70_88.80_,9_3_13_25_72_,88.30_88.20_88.10_88.00_87.90_,4_5_45_64_69_
10:42:14,88.40,3,7829,88.40_88.50_88.60_88.70_88.80_,9_3_13_25_72_,88.30_88.20_88.10_88.00_87.90_,5_15_45_64_69_
10:42:19,88.40,4,7833,88.40_88.50_88.60_88.70_88.80_,5_4_13_25_72_,88.30_88.20_88.10_88.00_87.90_,5_16_45_64_69_
10:42:25,88.40,5,7838,88.50_88.60_88.70_88.80_88.90_,4_13_25_72_57_,88.40_88.30_88.20_88.10_88.00_,11_5_16_45_64_
10:42:30,88.50,4,7842,88.60_88.70_88.80_88.90_89.00_,13_25_40_90_185_,88.40_88.30_88.20_88.10_88.00_,13_3_18_46_111_
10:42:35,88.60,2,7844,88.60_88.70_88.80_88.90_89.00_,11_25_40_60_215_,88.50_88.40_88.30_88.20_88.10_,1_13_13_18_46_
10:42:40,88.60,1,7845,88.60_88.70_88.80_88.90_89.00_,7_25_40_60_215_,88.50_88.40_88.30_88.20_88.10_,5_11_13_19_90_
10:42:45,88.60,4,7849,88.60_88.70_88.80_88.90_89.00_,4_25_40_57_221_,88.50_88.40_88.30_88.20_88.10_,5_11_13_19_90_
10:42:50,88.60,4,7853,88.70_88.80_88.90_89.00_89.10_,15_40_57_221_28_,88.60_88.50_88.40_88.30_88.20_,4_5_11_13_19_
10:42:55,88.70,8,7861,88.70_88.80_88.90_89.00_89.10_,5_42_57_191_58_,88.60_88.50_88.40_88.30_88.20_,6_3_11_14_64_
10:43:01,88.70,3,7864,88.70_88.80_88.90_89.00_89.10_,2_42_57_191_59_,88.60_88.50_88.40_88.30_88.20_,8_3_11_13_65_
10:43:06,88.70,1,7865,88.70_88.80_88.90_89.00_89.10_,1_25_57_191_60_,88.60_88.50_88.40_88.30_88.20_,8_3_11_19_64_
10:43:11,88.70,1,7865,88.70_88.80_88.90_89.00_89.10_,4_25_57_185_66_,88.60_88.50_88.40_88.30_88.20_,8_3_11_18_65_
10:43:16,88.70,5,7870,88.70_88.80_88.90_89.00_89.10_,2_25_57_185_66_,88.60_88.50_88.40_88.30_88.20_,8_3_11_19_56_
10:43:21,88.70,2,7872,88.70_88.80_88.90_89.00_89.10_,2_25_57_185_66_,88.60_88.50_88.40_88.30_88.20_,8_3_11_14_56_
10:43:26,88.80,5,7877,88.80_88.90_89.00_89.10_89.20_,22_57_185_66_70_,88.60_88.50_88.40_88.30_88.20_,8_3_11_14_56_
10:43:31,88.80,5,7877,88.80_88.90_89.00_89.10_89.20_,22_57_185_36_100_,88.70_88.60_88.50_88.40_88.30_,2_8_3_11_15_
10:43:36,88.80,2,7879,88.80_88.90_89.00_89.10_89.20_,19_57_185_36_100_,88.70_88.60_88.50_88.40_88.30_,5_6_3_11_60_
10:43:41,88.80,1,7880,88.80_88.90_89.00_89.10_89.20_,19_57_185_36_100_,88.70_88.60_88.50_88.40_88.30_,5_6_3_11_60_
10:43:47,88.70,1,7881,88.80_88.90_89.00_89.10_89.20_,20_57_185_36_100_,88.70_88.60_88.50_88.40_88.30_,4_6_3_11_60_
10:43:57,88.80,19,7900,88.90_89.00_89.10_89.20_89.30_,57_185_36_100_148_,88.80_88.70_88.60_88.50_88.40_,1_4_6_3_11_
10:44:02,88.80,2,7902,88.90_89.00_89.10_89.20_89.30_,62_190_30_70_187_,88.80_88.70_88.60_88.50_88.40_,2_1_6_3_53_
10:44:07,88.80,2,7902,88.90_89.00_89.10_89.20_89.30_,63_190_30_70_187_,88.80_88.70_88.60_88.50_88.40_,2_1_6_3_53_
10:44:12,88.80,2,7904,88.80_88.90_89.00_89.10_89.20_,3_63_191_30_70_,88.70_88.60_88.50_88.40_88.30_,1_6_3_53_4_
10:44:17,88.80,1,7905,88.80_88.90_89.00_89.10_89.20_,2_63_191_30_100_,88.70_88.60_88.50_88.40_88.30_,1_6_3_9_49_
10:44:22,88.80,1,7905,88.80_88.90_89.00_89.10_89.20_,3_63_191_30_100_,88.70_88.60_88.50_88.40_88.30_,1_6_3_9_49_
10:44:28,88.70,1,7906,88.80_88.90_89.00_89.10_89.20_,4_63_191_30_100_,88.70_88.60_88.50_88.40_88.30_,1_6_3_9_49_
10:44:33,88.70,1,7906,88.80_88.90_89.00_89.10_89.20_,4_63_191_30_100_,88.70_88.60_88.50_88.40_88.30_,1_6_3_10_48_
10:44:38,88.70,1,7907,88.80_88.90_89.00_89.10_89.20_,4_63_191_30_100_,88.60_88.50_88.40_88.30_88.20_,6_3_7_48_6_
10:44:43,88.70,1,7907,88.80_88.90_89.00_89.10_89.20_,6_63_191_30_107_,88.60_88.50_88.40_88.30_88.20_,6_3_5_4_52_
10:44:48,88.60,1,7908,88.80_88.90_89.00_89.10_89.20_,14_63_191_30_107_,88.60_88.50_88.40_88.30_88.20_,5_3_5_4_52_
10:44:53,88.80,1,7909,88.80_88.90_89.00_89.10_89.20_,15_64_191_30_107_,88.60_88.50_88.40_88.30_88.20_,5_3_5_4_52_
10:44:58,88.80,1,7909,88.80_88.90_89.00_89.10_89.20_,18_64_191_30_107_,88.60_88.50_88.40_88.30_88.20_,5_3_5_4_52_
10:45:14,88.80,1,7909,88.80_88.90_89.00_89.10_89.20_,18_64_191_30_107_,88.60_88.50_88.40_88.30_88.20_,7_2_3_3_54_
10:45:19,88.80,1,7909,88.80_88.90_89.00_89.10_89.20_,18_64_191_30_107_,88.60_88.50_88.40_88.30_88.20_,7_2_3_3_56_
10:45:24,88.80,1,7909,88.80_88.90_89.00_89.10_89.20_,19_64_191_30_107_,88.60_88.50_88.40_88.30_88.20_,10_2_3_3_56_
10:45:29,88.80,1,7909,88.80_88.90_89.00_89.10_89.20_,18_64_191_30_107_,88.60_88.50_88.40_88.30_88.20_,11_2_3_3_56_
10:45:34,88.80,1,7909,88.70_88.80_88.90_89.00_89.10_,5_21_64_191_30_,88.60_88.50_88.40_88.30_88.20_,11_2_3_3_56_
10:45:39,88.60,1,7910,88.70_88.80_88.90_89.00_89.10_,6_21_64_191_60_,88.60_88.50_88.40_88.30_88.20_,10_2_3_2_57_
10:45:44,88.60,1,7910,88.70_88.80_88.90_89.00_89.10_,6_21_64_191_60_,88.60_88.50_88.40_88.30_88.20_,11_3_3_3_58_
10:45:50,88.60,1,7910,88.70_88.80_88.90_89.00_89.10_,3_21_60_188_60_,88.60_88.50_88.40_88.30_88.20_,11_3_3_3_58_
10:46:00,88.70,1,7911,88.70_88.80_88.90_89.00_89.10_,2_21_60_188_60_,88.60_88.50_88.40_88.30_88.20_,11_3_3_3_58_
10:46:05,88.70,1,7912,88.70_88.80_88.90_89.00_89.10_,1_21_60_188_60_,88.60_88.50_88.40_88.30_88.20_,11_3_3_12_59_
10:46:10,88.60,3,7915,88.70_88.80_88.90_89.00_89.10_,1_21_60_175_60_,88.60_88.50_88.40_88.30_88.20_,9_3_3_12_59_
10:46:15,88.70,1,7916,88.80_88.90_89.00_89.10_89.20_,24_60_175_60_77_,88.60_88.50_88.40_88.30_88.20_,9_3_3_14_57_
10:46:20,88.60,1,7917,88.70_88.80_88.90_89.00_89.10_,5_24_60_175_30_,88.60_88.50_88.40_88.30_88.20_,8_3_3_14_57_
10:46:26,88.70,2,7919,88.70_88.80_88.90_89.00_89.10_,21_21_60_177_60_,88.60_88.50_88.40_88.30_88.20_,8_3_3_14_57_
10:46:31,88.60,3,7922,88.70_88.80_88.90_89.00_89.10_,21_24_60_177_60_,88.60_88.50_88.40_88.30_88.20_,5_3_3_14_57_
10:46:36,88.70,2,7924,88.70_88.80_88.90_89.00_89.10_,24_18_60_177_60_,88.60_88.50_88.40_88.30_88.20_,5_3_3_14_57_
10:46:41,88.70,2,7924,88.70_88.80_88.90_89.00_89.10_,26_16_60_177_60_,88.60_88.50_88.40_88.30_88.20_,6_3_3_14_58_
10:46:46,88.70,3,7927,88.70_88.80_88.90_89.00_89.10_,26_18_60_177_60_,88.60_88.50_88.40_88.30_88.20_,6_3_3_15_57_
10:46:51,88.70,1,7928,88.70_88.80_88.90_89.00_89.10_,25_18_60_177_60_,88.60_88.50_88.40_88.30_88.20_,7_3_3_15_57_
10:46:56,88.70,1,7929,88.70_88.80_88.90_89.00_89.10_,24_19_60_177_60_,88.60_88.50_88.40_88.30_88.20_,8_3_3_15_57_
10:47:02,88.60,10,7939,88.70_88.80_88.90_89.00_89.10_,24_19_60_177_60_,88.50_88.40_88.30_88.20_88.10_,3_3_15_57_46_
10:47:07,88.70,24,7963,88.80_88.90_89.00_89.10_89.20_,19_60_177_66_70_,88.70_88.50_88.40_88.30_88.20_,1_4_6_14_12_
10:47:12,88.70,1,7964,88.80_88.90_89.00_89.10_89.20_,19_60_177_30_107_,88.70_88.50_88.40_88.30_88.20_,1_4_7_14_56_
10:47:17,88.80,1,7965,88.80_88.90_89.00_89.10_89.20_,18_60_177_30_107_,88.70_88.50_88.40_88.30_88.20_,1_4_8_14_56_
10:47:22,88.70,1,7966,88.70_88.80_88.90_89.00_89.10_,2_18_60_177_30_,88.50_88.40_88.30_88.20_88.10_,4_7_15_56_46_
10:47:27,88.70,1,7967,88.70_88.80_88.90_89.00_89.10_,1_18_59_177_65_,88.50_88.40_88.30_88.20_88.10_,7_7_13_12_93_
10:47:32,88.50,7,7974,88.70_88.80_88.90_89.00_89.10_,1_18_59_177_65_,88.50_88.40_88.30_88.20_88.10_,1_6_14_11_95_
10:47:37,88.70,1,7975,88.80_88.90_89.00_89.10_89.20_,18_59_177_65_70_,88.50_88.40_88.30_88.20_88.10_,1_6_14_11_95_
10:47:43,88.70,1,7975,88.80_88.90_89.00_89.10_89.20_,18_59_177_35_100_,88.50_88.40_88.30_88.20_88.10_,1_6_15_10_95_
10:47:48,88.70,1,7975,88.80_88.90_89.00_89.10_89.20_,18_58_177_35_100_,88.50_88.40_88.30_88.20_88.10_,1_6_14_9_98_
10:47:53,88.70,1,7975,88.70_88.80_88.90_89.00_89.10_,1_18_58_178_35_,88.50_88.40_88.30_88.20_88.10_,1_6_14_10_98_
10:47:58,88.70,1,7975,88.70_88.80_88.90_89.00_89.10_,21_18_58_178_65_,88.50_88.40_88.30_88.20_88.10_,1_6_13_11_98_
10:48:03,88.70,1,7975,88.70_88.80_88.90_89.00_89.10_,21_18_58_176_65_,88.50_88.40_88.30_88.20_88.10_,1_6_13_11_98_
10:48:08,88.70,1,7975,88.70_88.80_88.90_89.00_89.10_,21_18_58_177_65_,88.50_88.40_88.30_88.20_88.10_,1_6_13_11_98_
10:48:18,88.70,1,7975,88.70_88.80_88.90_89.00_89.10_,24_18_58_177_65_,88.50_88.40_88.30_88.20_88.10_,1_6_13_11_98_
10:48:24,88.70,1,7975,88.70_88.80_88.90_89.00_89.10_,24_18_58_180_65_,88.50_88.40_88.30_88.20_88.10_,2_6_13_11_98_
10:48:29,88.70,1,7976,88.70_88.80_88.90_89.00_89.10_,23_18_58_180_65_,88.50_88.40_88.30_88.20_88.10_,2_6_13_11_98_
10:48:34,88.70,8,7984,88.70_88.80_88.90_89.00_89.10_,15_18_58_180_65_,88.50_88.40_88.30_88.20_88.10_,4_6_13_12_98_
10:48:44,88.70,8,7984,88.70_88.80_88.90_89.00_89.10_,15_18_58_180_65_,88.50_88.40_88.30_88.20_88.10_,4_6_25_12_97_
10:48:49,88.70,8,7984,88.60_88.70_88.80_88.90_89.00_,1_15_18_58_180_,88.50_88.40_88.30_88.20_88.10_,4_6_25_12_97_
10:48:54,88.70,8,7984,88.60_88.70_88.80_88.90_89.00_,1_15_18_57_210_,88.50_88.40_88.30_88.20_88.10_,4_6_25_12_97_
10:49:00,88.70,8,7984,88.60_88.70_88.80_88.90_89.00_,1_15_38_57_214_,88.50_88.40_88.30_88.20_88.10_,4_6_25_12_97_
10:49:05,88.60,1,7985,88.70_88.80_88.90_89.00_89.10_,15_38_57_214_35_,88.50_88.40_88.30_88.20_88.10_,4_6_25_12_97_
10:49:10,88.60,1,7985,88.70_88.80_88.90_89.00_89.10_,15_38_57_184_65_,88.50_88.40_88.30_88.20_88.10_,4_6_25_12_97_
10:49:15,88.60,1,7985,88.70_88.80_88.90_89.00_89.10_,15_38_57_184_65_,88.50_88.40_88.30_88.20_88.10_,5_6_24_13_96_
10:49:20,88.60,1,7985,88.70_88.80_88.90_89.00_89.10_,15_38_57_184_65_,88.50_88.40_88.30_88.20_88.10_,5_6_36_13_96_
10:49:30,88.60,1,7985,88.70_88.80_88.90_89.00_89.10_,15_38_57_184_65_,88.50_88.40_88.30_88.20_88.10_,8_6_36_13_96_
10:49:41,88.70,1,7986,88.70_88.80_88.90_89.00_89.10_,14_38_57_184_65_,88.50_88.40_88.30_88.20_88.10_,8_6_36_13_96_
10:49:46,88.50,1,7987,88.70_88.80_88.90_89.00_89.10_,14_58_57_184_65_,88.50_88.40_88.30_88.20_88.10_,7_6_37_13_94_
10:49:56,88.50,1,7987,88.70_88.80_88.90_89.00_89.10_,14_58_57_184_65_,88.50_88.40_88.30_88.20_88.10_,7_7_37_13_94_
10:50:06,88.50,1,7987,88.70_88.80_88.90_89.00_89.10_,14_58_57_184_65_,88.50_88.40_88.30_88.20_88.10_,7_7_37_12_94_
10:50:17,88.50,1,7987,88.70_88.80_88.90_89.00_89.10_,14_58_57_184_65_,88.50_88.40_88.30_88.20_88.10_,7_7_38_11_94_
10:50:22,88.50,1,7987,88.70_88.80_88.90_89.00_89.10_,14_60_57_185_65_,88.50_88.40_88.30_88.20_88.10_,10_7_38_11_94_
10:50:27,88.50,1,7987,88.70_88.80_88.90_89.00_89.10_,20_60_57_185_65_,88.50_88.40_88.30_88.20_88.10_,10_7_38_11_94_
10:50:32,88.50,10,7997,88.60_88.70_88.80_88.90_89.00_,1_20_60_57_185_,88.40_88.30_88.20_88.10_88.00_,17_38_11_94_78_
10:50:37,88.50,10,7997,88.60_88.70_88.80_88.90_89.00_,9_15_60_57_216_,88.40_88.30_88.20_88.10_88.00_,23_38_9_49_123_
10:50:42,88.50,10,7997,88.60_88.70_88.80_88.90_89.00_,9_15_60_57_223_,88.40_88.30_88.20_88.10_88.00_,23_38_9_49_123_
10:50:47,88.50,10,7997,88.60_88.70_88.80_88.90_89.00_,9_16_61_58_223_,88.40_88.30_88.20_88.10_88.00_,23_38_9_49_123_
10:50:53,88.60,1,7998,88.60_88.70_88.80_88.90_89.00_,8_16_61_58_223_,88.40_88.30_88.20_88.10_88.00_,23_40_9_49_123_
10:50:58,88.60,1,7998,88.60_88.70_88.80_88.90_89.00_,8_16_61_58_224_,88.40_88.30_88.20_88.10_88.00_,23_40_9_49_123_
10:51:03,88.40,1,7999,88.60_88.70_88.80_88.90_89.00_,8_17_61_58_224_,88.40_88.30_88.20_88.10_88.00_,22_40_9_49_123_
10:51:08,88.40,1,7999,88.60_88.70_88.80_88.90_89.00_,8_17_71_68_224_,88.40_88.30_88.20_88.10_88.00_,22_40_9_49_123_
10:51:18,88.40,1,7999,88.60_88.70_88.80_88.90_89.00_,8_17_71_68_224_,88.40_88.30_88.20_88.10_88.00_,22_40_9_50_123_
10:51:28,88.40,1,7999,88.60_88.70_88.80_88.90_89.00_,8_17_70_68_224_,88.40_88.30_88.20_88.10_88.00_,22_40_9_50_123_
10:51:33,88.40,1,8000,88.50_88.60_88.70_88.80_88.90_,10_8_17_70_68_,88.40_88.30_88.20_88.10_88.00_,21_40_9_48_127_
10:51:39,88.50,2,8002,88.50_88.70_88.80_88.90_89.00_,18_16_70_97_194_,88.40_88.30_88.20_88.10_88.00_,25_40_9_48_127_
10:51:44,88.40,10,8012,88.50_88.70_88.80_88.90_89.00_,18_16_70_67_224_,88.40_88.30_88.20_88.10_88.00_,15_40_9_48_127_
10:51:49,88.40,10,8022,88.50_88.70_88.80_88.90_89.00_,18_16_70_67_224_,88.40_88.30_88.20_88.10_88.00_,5_40_9_48_128_
10:51:54,88.40,10,8022,88.50_88.60_88.70_88.80_88.90_,19_1_16_67_67_,88.40_88.30_88.20_88.10_88.00_,6_30_9_48_128_
10:51:59,88.50,2,8024,88.50_88.60_88.70_88.80_88.90_,17_1_16_67_97_,88.40_88.30_88.20_88.10_88.00_,6_30_9_48_128_
10:52:04,88.50,1,8025,88.50_88.60_88.70_88.80_88.90_,16_1_16_67_97_,88.40_88.30_88.20_88.10_88.00_,6_30_9_48_128_
10:52:09,88.50,5,8030,88.50_88.60_88.70_88.80_88.90_,11_1_26_67_97_,88.40_88.30_88.20_88.10_88.00_,6_30_9_48_128_
10:52:14,88.40,3,8033,88.50_88.60_88.70_88.80_88.90_,11_11_26_67_97_,88.40_88.30_88.20_88.10_88.00_,4_30_9_48_128_
10:52:19,88.40,3,8033,88.50_88.60_88.70_88.80_88.90_,11_11_28_67_97_,88.40_88.30_88.20_88.10_88.00_,4_30_9_58_128_
10:52:25,88.50,1,8034,88.50_88.60_88.70_88.80_88.90_,10_11_28_67_97_,88.40_88.30_88.20_88.10_88.00_,5_30_9_58_128_
10:52:30,88.50,1,8034,88.50_88.60_88.70_88.80_88.90_,10_11_28_67_97_,88.40_88.30_88.20_88.10_88.00_,6_30_9_58_128_
10:52:35,88.50,1,8034,88.50_88.60_88.70_88.80_88.90_,10_11_28_67_98_,88.40_88.30_88.20_88.10_88.00_,7_30_9_58_128_
10:52:40,88.50,1,8034,88.50_88.60_88.70_88.80_88.90_,10_11_28_67_98_,88.40_88.30_88.20_88.10_88.00_,9_30_9_58_128_
10:52:45,88.50,1,8034,88.50_88.60_88.70_88.80_88.90_,10_11_28_67_98_,88.40_88.30_88.20_88.10_88.00_,9_29_9_69_128_
10:52:55,88.50,1,8034,88.50_88.60_88.70_88.80_88.90_,10_11_28_67_98_,88.40_88.30_88.20_88.10_88.00_,9_29_10_69_128_
10:53:11,88.50,1,8034,88.50_88.60_88.70_88.80_88.90_,10_11_28_67_98_,88.40_88.30_88.20_88.10_88.00_,20_29_10_69_128_
10:53:16,88.50,2,8036,88.50_88.60_88.70_88.80_88.90_,8_11_28_67_98_,88.40_88.30_88.20_88.10_88.00_,20_29_10_69_128_
10:53:26,88.50,2,8038,88.50_88.60_88.70_88.80_88.90_,6_11_28_67_98_,88.40_88.30_88.20_88.10_88.00_,20_29_10_69_128_
10:53:36,88.50,6,8044,88.60_88.70_88.80_88.90_89.00_,11_29_67_98_195_,88.50_88.40_88.30_88.20_88.10_,9_20_29_10_69_
10:53:42,88.50,6,8044,88.60_88.70_88.80_88.90_89.00_,16_29_67_68_225_,88.50_88.40_88.30_88.20_88.10_,12_19_29_11_113_
10:53:47,88.60,3,8047,88.60_88.70_88.80_88.90_89.00_,13_29_67_68_225_,88.50_88.40_88.30_88.20_88.10_,13_15_29_13_114_
10:53:52,88.60,2,8049,88.60_88.70_88.80_88.90_89.00_,11_29_67_68_225_,88.50_88.40_88.30_88.20_88.10_,13_20_29_13_114_
10:53:57,88.60,7,8056,88.60_88.70_88.80_88.90_89.00_,4_29_67_68_225_,88.50_88.40_88.30_88.20_88.10_,13_20_29_13_114_
10:54:02,88.60,1,8057,88.60_88.70_88.80_88.90_89.00_,3_29_67_68_225_,88.50_88.40_88.30_88.20_88.10_,13_20_29_13_111_
10:54:07,88.70,4,8061,88.70_88.80_88.90_89.00_89.10_,28_67_68_225_30_,88.50_88.40_88.30_88.20_88.10_,13_19_29_13_111_
10:54:12,88.70,4,8061,88.70_88.80_88.90_89.00_89.10_,28_67_68_189_68_,88.60_88.50_88.40_88.30_88.20_,1_14_19_29_13_
10:54:17,88.70,4,8061,88.70_88.80_88.90_89.00_89.10_,28_67_68_189_68_,88.60_88.50_88.40_88.30_88.20_,3_13_17_30_57_
10:54:27,88.70,1,8062,88.70_88.80_88.90_89.00_89.10_,28_67_68_189_68_,88.60_88.50_88.40_88.30_88.20_,4_13_17_30_57_
10:54:43,88.70,1,8062,88.70_88.80_88.90_89.00_89.10_,28_67_68_189_68_,88.60_88.50_88.40_88.30_88.20_,4_13_17_32_57_
10:54:48,88.60,2,8064,88.70_88.80_88.90_89.00_89.10_,28_67_78_189_68_,88.60_88.50_88.40_88.30_88.20_,2_12_17_32_59_
10:54:58,88.60,1,8065,88.70_88.80_88.90_89.00_89.10_,28_67_78_189_68_,88.60_88.50_88.40_88.30_88.20_,1_32_17_32_59_
10:55:03,88.60,1,8066,88.70_88.80_88.90_89.00_89.10_,28_67_78_189_68_,88.60_88.50_88.40_88.30_88.20_,2_32_17_33_59_
10:55:08,88.60,1,8066,88.70_88.80_88.90_89.00_89.10_,28_67_78_189_68_,88.60_88.50_88.40_88.30_88.20_,12_32_18_33_59_
10:55:14,88.60,1,8066,88.70_88.80_88.90_89.00_89.10_,35_67_78_189_68_,88.60_88.50_88.40_88.30_88.20_,13_32_18_32_59_
10:55:19,88.60,1,8066,88.70_88.80_88.90_89.00_89.10_,35_67_68_189_68_,88.60_88.50_88.40_88.30_88.20_,15_32_18_32_59_
10:55:24,88.60,1,8066,88.70_88.80_88.90_89.00_89.10_,35_57_68_189_68_,88.60_88.50_88.40_88.30_88.20_,15_32_18_32_59_
10:55:39,88.70,1,8067,88.70_88.80_88.90_89.00_89.10_,34_57_68_189_68_,88.60_88.50_88.40_88.30_88.20_,15_32_18_32_59_
10:55:44,88.70,1,8067,88.70_88.80_88.90_89.00_89.10_,34_57_68_189_68_,88.60_88.50_88.40_88.30_88.20_,15_32_19_31_59_
10:55:49,88.70,1,8067,88.70_88.80_88.90_89.00_89.10_,44_57_68_189_68_,88.60_88.50_88.40_88.30_88.20_,16_35_19_31_59_
10:55:55,88.60,10,8077,88.70_88.80_88.90_89.00_89.10_,48_58_69_191_68_,88.60_88.50_88.40_88.30_88.20_,11_35_19_31_59_
10:56:00,88.60,10,8077,88.70_88.80_88.90_89.00_89.10_,51_58_69_191_68_,88.60_88.50_88.40_88.30_88.20_,12_35_19_31_59_
10:56:05,88.60,2,8079,88.70_88.80_88.90_89.00_89.10_,51_57_69_191_68_,88.60_88.50_88.40_88.30_88.20_,10_35_19_31_59_
10:56:20,88.60,1,8080,88.70_88.80_88.90_89.00_89.10_,51_58_69_191_68_,88.60_88.50_88.40_88.30_88.20_,9_35_19_31_59_
10:56:30,88.60,1,8081,88.70_88.80_88.90_89.00_89.10_,51_58_69_191_68_,88.60_88.50_88.40_88.30_88.20_,10_35_19_30_59_
10:56:36,88.70,1,8082,88.70_88.80_88.90_89.00_89.10_,50_58_69_191_68_,88.60_88.50_88.40_88.30_88.20_,10_35_19_30_59_
10:56:41,88.70,1,8083,88.70_88.80_88.90_89.00_89.10_,40_58_69_191_68_,88.60_88.50_88.40_88.30_88.20_,10_35_19_30_59_
10:56:46,88.60,10,8093,88.60_88.70_88.80_88.90_89.00_,3_42_58_69_191_,88.50_88.40_88.30_88.20_88.10_,36_18_30_59_68_
10:56:51,88.70,1,8094,88.70_88.80_88.90_89.00_89.10_,41_58_68_219_38_,88.50_88.40_88.30_88.20_88.10_,38_19_29_15_113_
10:56:56,88.70,1,8094,88.70_88.80_88.90_89.00_89.10_,41_58_68_189_68_,88.50_88.40_88.30_88.20_88.10_,38_19_29_15_113_
10:57:01,88.70,1,8094,88.70_88.80_88.90_89.00_89.10_,38_58_68_189_68_,88.50_88.40_88.30_88.20_88.10_,38_19_29_15_113_
10:57:06,88.70,1,8094,88.70_88.80_88.90_89.00_89.10_,38_58_68_189_68_,88.50_88.40_88.30_88.20_88.10_,39_19_29_15_113_
10:57:12,88.70,1,8094,88.70_88.80_88.90_89.00_89.10_,38_61_68_189_68_,88.50_88.40_88.30_88.20_88.10_,39_19_29_15_113_
10:57:17,88.70,1,8094,88.70_88.80_88.90_89.00_89.10_,38_61_68_189_68_,88.50_88.40_88.30_88.20_88.10_,38_19_29_16_113_
10:57:27,88.50,1,8095,88.70_88.80_88.90_89.00_89.10_,38_61_68_189_68_,88.50_88.40_88.30_88.20_88.10_,37_19_29_26_113_
10:57:37,88.50,1,8095,88.60_88.70_88.80_88.90_89.00_,1_38_61_68_189_,88.50_88.40_88.30_88.20_88.10_,38_19_29_26_113_
10:57:42,88.60,1,8096,88.60_88.70_88.80_88.90_89.00_,8_27_61_68_219_,88.50_88.40_88.30_88.20_88.10_,38_19_29_26_113_
10:57:48,88.60,2,8098,88.60_88.70_88.80_88.90_89.00_,6_32_61_68_219_,88.50_88.40_88.30_88.20_88.10_,40_20_28_24_113_
10:57:58,88.60,1,8099,88.60_88.70_88.80_88.90_89.00_,5_32_61_68_219_,88.50_88.40_88.30_88.20_88.10_,40_20_28_24_113_
10:58:03,88.60,1,8100,88.60_88.70_88.80_88.90_89.00_,4_32_61_68_219_,88.50_88.40_88.30_88.20_88.10_,40_20_28_24_113_
10:58:08,88.60,1,8100,88.60_88.70_88.80_88.90_89.00_,5_32_61_68_219_,88.50_88.40_88.30_88.20_88.10_,41_20_28_24_113_
10:58:13,88.50,1,8101,88.60_88.70_88.80_88.90_89.00_,5_32_61_68_219_,88.50_88.40_88.30_88.20_88.10_,40_20_28_24_113_
10:58:18,88.50,1,8101,88.60_88.70_88.80_88.90_89.00_,7_32_61_68_220_,88.50_88.40_88.30_88.20_88.10_,44_20_28_23_113_
10:58:23,88.50,2,8103,88.60_88.70_88.80_88.90_89.00_,7_32_61_68_220_,88.50_88.40_88.30_88.20_88.10_,42_20_28_23_113_
10:58:39,88.50,2,8103,88.60_88.70_88.80_88.90_89.00_,7_32_61_68_220_,88.50_88.40_88.30_88.20_88.10_,42_20_28_33_113_
10:58:44,88.50,2,8103,88.60_88.70_88.80_88.90_89.00_,7_32_61_68_221_,88.50_88.40_88.30_88.20_88.10_,42_20_28_33_113_
10:58:49,88.50,2,8103,88.60_88.70_88.80_88.90_89.00_,7_32_62_68_222_,88.50_88.40_88.30_88.20_88.10_,42_20_28_33_113_
10:58:54,88.50,2,8103,88.60_88.70_88.80_88.90_89.00_,8_32_62_68_222_,88.50_88.40_88.30_88.20_88.10_,42_20_28_33_113_
10:59:09,88.50,1,8104,88.60_88.70_88.80_88.90_89.00_,8_32_62_68_222_,88.50_88.40_88.30_88.20_88.10_,44_20_28_33_113_
10:59:15,88.60,1,8105,88.60_88.70_88.80_88.90_89.00_,7_32_61_68_222_,88.50_88.40_88.30_88.20_88.10_,44_20_29_33_113_
10:59:20,88.60,1,8106,88.60_88.70_88.80_88.90_89.00_,6_32_61_68_222_,88.50_88.40_88.30_88.20_88.10_,43_20_29_33_113_
10:59:25,88.60,1,8106,88.60_88.70_88.80_88.90_89.00_,6_32_61_68_222_,88.50_88.40_88.30_88.20_88.10_,44_20_29_33_113_
10:59:30,88.60,2,8108,88.60_88.70_88.80_88.90_89.00_,4_32_61_68_222_,88.50_88.40_88.30_88.20_88.10_,44_20_29_33_113_
10:59:35,88.60,3,8111,88.60_88.70_88.80_88.90_89.00_,1_32_61_68_222_,88.50_88.40_88.30_88.20_88.10_,44_20_29_33_113_
10:59:40,88.60,1,8112,88.60_88.70_88.80_88.90_89.00_,9_32_61_68_222_,88.50_88.40_88.30_88.20_88.10_,47_20_29_33_113_
10:59:45,88.60,1,8113,88.70_88.80_88.90_89.00_89.10_,32_61_68_222_38_,88.60_88.50_88.40_88.30_88.20_,4_47_20_29_33_
10:59:51,88.70,3,8116,88.70_88.80_88.90_89.00_89.10_,39_61_68_192_68_,88.60_88.50_88.40_88.30_88.20_,13_42_20_30_77_
10:59:56,88.70,1,8117,88.70_88.80_88.90_89.00_89.10_,38_58_68_192_68_,88.60_88.50_88.40_88.30_88.20_,13_42_20_30_77_
11:00:01,88.70,1,8118,88.70_88.80_88.90_89.00_89.10_,40_58_68_192_68_,88.60_88.50_88.40_88.30_88.20_,13_42_20_30_77_
11:00:06,88.70,1,8119,88.70_88.80_88.90_89.00_89.10_,45_58_68_192_68_,88.60_88.50_88.40_88.30_88.20_,13_42_20_30_77_
11:00:11,88.60,1,8120,88.70_88.80_88.90_89.00_89.10_,45_58_68_190_68_,88.60_88.50_88.40_88.30_88.20_,16_39_20_30_77_
11:00:16,88.60,1,8120,88.70_88.80_88.90_89.00_89.10_,45_58_68_190_68_,88.60_88.50_88.40_88.30_88.20_,17_37_21_30_77_
11:00:27,88.60,3,8123,88.70_88.80_88.90_89.00_89.10_,45_58_68_190_68_,88.60_88.50_88.40_88.30_88.20_,16_37_21_31_77_
11:00:32,88.60,3,8123,88.70_88.80_88.90_89.00_89.10_,45_58_68_190_68_,88.60_88.50_88.40_88.30_88.20_,17_37_21_31_77_
11:00:47,88.60,1,8124,88.70_88.80_88.90_89.00_89.10_,47_58_70_191_68_,88.60_88.50_88.40_88.30_88.20_,17_35_20_32_78_
11:00:57,88.70,1,8125,88.70_88.80_88.90_89.00_89.10_,46_59_70_191_68_,88.60_88.50_88.40_88.30_88.20_,18_35_20_32_78_
11:01:02,88.70,1,8125,88.70_88.80_88.90_89.00_89.10_,46_59_70_190_68_,88.60_88.50_88.40_88.30_88.20_,18_35_20_32_78_
11:01:13,88.60,2,8127,88.70_88.80_88.90_89.00_89.10_,46_59_70_190_68_,88.60_88.50_88.40_88.30_88.20_,16_35_20_32_78_
11:01:18,88.60,2,8127,88.70_88.80_88.90_89.00_89.10_,46_59_70_190_68_,88.60_88.50_88.40_88.30_88.20_,18_34_20_32_78_
11:01:28,88.60,1,8128,88.70_88.80_88.90_89.00_89.10_,46_59_70_190_68_,88.60_88.50_88.40_88.30_88.20_,17_34_20_32_78_
11:01:38,88.70,1,8129,88.70_88.80_88.90_89.00_89.10_,46_59_70_190_68_,88.60_88.50_88.40_88.30_88.20_,19_34_20_32_78_
11:01:43,88.70,1,8129,88.70_88.80_88.90_89.00_89.10_,46_59_70_191_68_,88.60_88.50_88.40_88.30_88.20_,19_34_20_32_78_
11:01:49,88.70,1,8129,88.70_88.80_88.90_89.00_89.10_,46_59_70_191_68_,88.60_88.50_88.40_88.30_88.20_,20_34_20_32_78_
11:01:59,88.70,1,8129,88.70_88.80_88.90_89.00_89.10_,46_59_70_191_85_,88.60_88.50_88.40_88.30_88.20_,20_34_20_32_78_
11:02:04,88.70,1,8129,88.70_88.80_88.90_89.00_89.10_,46_59_70_191_85_,88.60_88.50_88.40_88.30_88.20_,22_39_20_32_78_
11:02:09,88.70,1,8129,88.70_88.80_88.90_89.00_89.10_,46_59_70_191_85_,88.60_88.50_88.40_88.30_88.20_,22_39_20_31_78_
11:02:14,88.70,1,8129,88.70_88.80_88.90_89.00_89.10_,46_59_70_191_85_,88.60_88.50_88.40_88.30_88.20_,22_40_19_31_78_
11:02:19,88.70,1,8129,88.70_88.80_88.90_89.00_89.10_,48_59_70_191_85_,88.60_88.50_88.40_88.30_88.20_,22_40_19_31_78_
11:02:24,88.70,1,8129,88.70_88.80_88.90_89.00_89.10_,48_59_70_191_85_,88.60_88.50_88.40_88.30_88.20_,25_40_19_31_78_
11:02:29,88.60,5,8134,88.70_88.80_88.90_89.00_89.10_,49_59_70_191_85_,88.60_88.50_88.40_88.30_88.20_,19_40_19_31_78_
11:02:35,88.70,1,8135,88.70_88.80_88.90_89.00_89.10_,48_59_70_191_85_,88.60_88.50_88.40_88.30_88.20_,19_40_19_31_78_
11:02:45,88.70,1,8135,88.70_88.80_88.90_89.00_89.10_,49_59_70_192_85_,88.60_88.50_88.40_88.30_88.20_,29_41_18_31_78_
11:02:50,88.60,2,8137,88.70_88.80_88.90_89.00_89.10_,49_59_70_192_85_,88.60_88.50_88.40_88.30_88.20_,28_41_18_31_78_
11:03:00,88.60,20,8157,88.70_88.80_88.90_89.00_89.10_,49_59_70_192_85_,88.60_88.50_88.40_88.30_88.20_,8_41_18_31_78_
11:03:05,88.60,20,8157,88.70_88.80_88.90_89.00_89.10_,50_59_70_192_85_,88.60_88.50_88.40_88.30_88.20_,9_40_25_30_77_
11:03:16,88.60,20,8157,88.70_88.80_88.90_89.00_89.10_,50_59_70_192_85_,88.60_88.50_88.40_88.30_88.20_,10_40_25_30_77_
11:03:31,88.70,1,8158,88.70_88.80_88.90_89.00_89.10_,51_59_71_192_85_,88.60_88.50_88.40_88.30_88.20_,10_40_25_30_77_
11:03:41,88.70,1,8158,88.70_88.80_88.90_89.00_89.10_,51_59_71_192_85_,88.60_88.50_88.40_88.30_88.20_,11_40_25_30_77_
11:04:02,88.70,1,8159,88.70_88.80_88.90_89.00_89.10_,50_59_71_192_85_,88.60_88.50_88.40_88.30_88.20_,11_40_25_30_77_
11:04:07,88.60,2,8161,88.70_88.80_88.90_89.00_89.10_,50_59_71_192_85_,88.60_88.50_88.40_88.30_88.20_,9_40_25_30_77_
11:04:12,88.60,2,8161,88.70_88.80_88.90_89.00_89.10_,60_59_71_192_85_,88.60_88.50_88.40_88.30_88.20_,9_40_25_30_77_
11:04:17,88.60,3,8164,88.70_88.80_88.90_89.00_89.10_,60_59_71_192_85_,88.60_88.50_88.40_88.30_88.20_,6_40_25_30_77_
11:04:22,88.70,7,8171,88.70_88.80_88.90_89.00_89.10_,53_59_71_192_85_,88.60_88.50_88.40_88.30_88.20_,6_40_25_30_77_
11:04:27,88.70,7,8171,88.70_88.80_88.90_89.00_89.10_,43_59_71_192_85_,88.60_88.50_88.40_88.30_88.20_,6_40_25_30_77_
11:04:33,88.60,6,8177,88.60_88.70_88.80_88.90_89.00_,4_44_59_71_192_,88.50_88.40_88.30_88.20_88.10_,40_25_30_77_71_
11:04:38,88.60,2,8179,88.60_88.70_88.80_88.90_89.00_,3_42_59_71_221_,88.50_88.40_88.30_88.20_88.10_,44_26_28_33_116_
11:04:43,88.60,2,8179,88.60_88.70_88.80_88.90_89.00_,4_42_59_71_221_,88.50_88.40_88.30_88.20_88.10_,45_26_28_33_116_
11:04:48,88.50,30,8209,88.60_88.70_88.80_88.90_89.00_,4_42_59_71_221_,88.50_88.40_88.30_88.20_88.10_,17_26_28_33_116_
11:04:53,88.50,30,8209,88.60_88.70_88.80_88.90_89.00_,4_44_59_69_221_,88.50_88.40_88.30_88.20_88.10_,17_26_28_33_116_
11:04:58,88.50,30,8209,88.60_88.70_88.80_88.90_89.00_,4_44_59_69_221_,88.50_88.40_88.30_88.20_88.10_,17_27_28_33_116_
11:05:08,88.50,30,8209,88.60_88.70_88.80_88.90_89.00_,4_44_59_69_221_,88.50_88.40_88.30_88.20_88.10_,16_27_28_33_116_
11:05:14,88.60,1,8210,88.60_88.70_88.80_88.90_89.00_,3_44_59_69_221_,88.50_88.40_88.30_88.20_88.10_,16_26_29_33_116_
11:05:19,88.60,1,8210,88.60_88.70_88.80_88.90_89.00_,3_44_59_69_222_,88.50_88.40_88.30_88.20_88.10_,16_26_29_33_106_
11:05:24,88.50,1,8211,88.60_88.70_88.80_88.90_89.00_,3_44_59_69_222_,88.50_88.40_88.30_88.20_88.10_,15_26_29_33_106_
11:05:29,88.50,1,8211,88.60_88.70_88.80_88.90_89.00_,3_44_59_68_222_,88.50_88.40_88.30_88.20_88.10_,15_26_29_33_106_
11:05:44,88.50,1,8211,88.60_88.70_88.80_88.90_89.00_,3_44_59_67_222_,88.50_88.40_88.30_88.20_88.10_,15_26_29_33_106_
11:05:49,88.50,1,8212,88.60_88.70_88.80_88.90_89.00_,7_41_58_67_222_,88.50_88.40_88.30_88.20_88.10_,14_26_29_33_106_
11:05:54,88.50,1,8212,88.60_88.70_88.80_88.90_89.00_,7_41_58_67_222_,88.50_88.40_88.30_88.20_88.10_,15_25_30_33_106_
11:06:05,88.50,1,8212,88.60_88.70_88.80_88.90_89.00_,7_41_58_67_226_,88.50_88.40_88.30_88.20_88.10_,15_25_30_33_106_
11:06:10,88.50,1,8212,88.60_88.70_88.80_88.90_89.00_,7_40_58_67_228_,88.50_88.40_88.30_88.20_88.10_,15_25_30_33_106_
11:06:15,88.50,1,8212,88.60_88.70_88.80_88.90_89.00_,7_38_58_67_228_,88.50_88.40_88.30_88.20_88.10_,15_25_30_33_106_
11:06:20,88.50,1,8212,88.60_88.70_88.80_88.90_89.00_,8_38_58_67_228_,88.50_88.40_88.30_88.20_88.10_,15_25_30_33_106_
11:06:25,88.60,1,8213,88.60_88.70_88.80_88.90_89.00_,7_38_58_67_228_,88.50_88.40_88.30_88.20_88.10_,15_25_30_33_106_
11:06:36,88.60,1,8213,88.60_88.70_88.80_88.90_89.00_,7_38_58_67_228_,88.50_88.40_88.30_88.20_88.10_,16_25_30_33_106_
11:06:41,88.60,1,8213,88.60_88.70_88.80_88.90_89.00_,7_38_60_67_228_,88.50_88.40_88.30_88.20_88.10_,16_25_30_33_106_
11:06:56,88.60,1,8213,88.60_88.70_88.80_88.90_89.00_,7_38_60_67_238_,88.50_88.40_88.30_88.20_88.10_,16_24_30_33_106_
11:07:01,88.60,1,8214,88.60_88.70_88.80_88.90_89.00_,6_38_61_67_238_,88.50_88.40_88.30_88.20_88.10_,16_24_30_33_106_
11:07:06,88.60,1,8215,88.60_88.70_88.80_88.90_89.00_,5_38_61_67_238_,88.50_88.40_88.30_88.20_88.10_,16_24_30_33_106_
11:07:12,88.50,1,8216,88.60_88.70_88.80_88.90_89.00_,5_39_61_67_238_,88.50_88.40_88.30_88.20_88.10_,15_24_30_33_106_
11:07:17,88.60,2,8218,88.60_88.70_88.80_88.90_89.00_,3_39_61_67_238_,88.50_88.40_88.30_88.20_88.10_,17_25_29_33_106_
11:07:22,88.60,2,8218,88.60_88.70_88.80_88.90_89.00_,3_39_61_67_238_,88.50_88.40_88.30_88.20_88.10_,18_25_29_33_106_
11:07:27,88.60,2,8218,88.60_88.70_88.80_88.90_89.00_,5_39_61_67_238_,88.50_88.40_88.30_88.20_88.10_,19_25_29_33_106_
11:07:37,88.50,20,8238,88.50_88.60_88.70_88.80_88.90_,30_5_39_61_67_,88.40_88.30_88.20_88.10_88.00_,26_29_33_106_81_
11:07:42,88.50,20,8238,88.50_88.60_88.70_88.80_88.90_,38_8_37_61_101_,88.40_88.30_88.20_88.10_88.00_,32_29_33_59_131_
11:07:53,88.50,1,8239,88.50_88.60_88.70_88.80_88.90_,37_8_38_61_101_,88.40_88.30_88.20_88.10_88.00_,31_29_33_59_131_
11:07:58,88.50,1,8239,88.50_88.60_88.70_88.80_88.90_,37_8_38_61_101_,88.40_88.30_88.20_88.10_88.00_,30_29_33_59_131_
11:08:03,88.50,1,8239,88.50_88.60_88.70_88.80_88.90_,37_18_48_61_101_,88.40_88.30_88.20_88.10_88.00_,31_34_33_59_131_
11:08:13,88.50,1,8239,88.50_88.60_88.70_88.80_88.90_,37_16_48_61_101_,88.40_88.30_88.20_88.10_88.00_,31_34_33_60_131_
11:08:18,88.50,1,8239,88.50_88.60_88.70_88.80_88.90_,37_16_48_61_101_,88.40_88.30_88.20_88.10_88.00_,31_35_32_60_131_
11:08:39,88.50,1,8239,88.50_88.60_88.70_88.80_88.90_,37_16_48_61_101_,88.40_88.30_88.20_88.10_88.00_,32_35_32_60_131_
11:08:44,88.50,1,8239,88.50_88.60_88.70_88.80_88.90_,38_16_49_61_101_,88.40_88.30_88.20_88.10_88.00_,32_35_32_60_131_
11:08:49,88.50,2,8241,88.50_88.60_88.70_88.80_88.90_,36_16_49_61_101_,88.40_88.30_88.20_88.10_88.00_,32_35_32_60_131_
11:08:54,88.50,2,8241,88.50_88.60_88.70_88.80_88.90_,36_17_49_61_101_,88.40_88.30_88.20_88.10_88.00_,36_35_32_60_131_
11:09:04,88.50,1,8242,88.50_88.60_88.70_88.80_88.90_,35_17_49_61_101_,88.40_88.30_88.20_88.10_88.00_,36_35_32_60_131_
11:09:10,88.50,1,8242,88.50_88.60_88.70_88.80_88.90_,35_17_49_61_101_,88.40_88.30_88.20_88.10_88.00_,36_36_32_60_131_
11:09:15,88.50,1,8242,88.50_88.60_88.70_88.80_88.90_,36_17_49_91_101_,88.40_88.30_88.20_88.10_88.00_,36_36_32_60_131_
11:09:20,88.50,1,8243,88.50_88.60_88.70_88.80_88.90_,36_17_49_91_101_,88.40_88.30_88.20_88.10_88.00_,36_36_32_60_131_
11:09:30,88.40,2,8245,88.50_88.60_88.70_88.80_88.90_,36_17_49_91_101_,88.40_88.30_88.20_88.10_88.00_,34_36_32_60_131_
11:09:35,88.40,2,8245,88.50_88.60_88.70_88.80_88.90_,37_18_46_91_101_,88.40_88.30_88.20_88.10_88.00_,34_36_32_60_131_
11:09:45,88.40,2,8245,88.50_88.60_88.70_88.80_88.90_,37_18_46_91_101_,88.40_88.30_88.20_88.10_88.00_,35_36_32_60_131_
11:09:56,88.40,2,8245,88.50_88.60_88.70_88.80_88.90_,37_18_46_91_101_,88.40_88.30_88.20_88.10_88.00_,35_36_32_60_132_
11:10:01,88.50,1,8246,88.50_88.60_88.70_88.80_88.90_,36_18_46_91_103_,88.40_88.30_88.20_88.10_88.00_,35_36_32_60_132_
11:10:11,88.40,4,8250,88.50_88.60_88.70_88.80_88.90_,37_18_45_91_103_,88.40_88.30_88.20_88.10_88.00_,31_36_32_60_132_
11:10:16,88.40,4,8250,88.50_88.60_88.70_88.80_88.90_,37_18_45_91_103_,88.40_88.30_88.20_88.10_88.00_,37_37_32_60_132_
11:10:31,88.40,4,8250,88.50_88.60_88.70_88.80_88.90_,37_20_45_91_103_,88.40_88.30_88.20_88.10_88.00_,37_37_32_60_132_
11:10:42,88.40,1,8251,88.50_88.60_88.70_88.80_88.90_,38_20_45_91_103_,88.40_88.30_88.20_88.10_88.00_,32_37_32_60_132_
11:10:47,88.40,1,8251,88.50_88.60_88.70_88.80_88.90_,38_20_45_91_103_,88.40_88.30_88.20_88.10_88.00_,33_36_32_60_131_
11:10:52,88.40,4,8255,88.50_88.60_88.70_88.80_88.90_,41_19_46_92_103_,88.40_88.30_88.20_88.10_88.00_,29_36_32_60_131_
11:10:57,88.40,1,8256,88.50_88.60_88.70_88.80_88.90_,45_18_46_92_103_,88.40_88.30_88.20_88.10_88.00_,28_36_32_60_131_
11:11:02,88.40,28,8284,88.40_88.50_88.60_88.70_88.80_,3_44_18_46_91_,88.30_88.20_88.10_88.00_87.90_,36_32_60_131_22_
11:11:07,88.40,28,8284,88.40_88.50_88.60_88.70_88.80_,11_33_17_45_121_,88.30_88.20_88.10_88.00_87.90_,38_37_59_87_67_
11:11:12,88.40,1,8285,88.40_88.50_88.60_88.70_88.80_,10_33_17_45_125_,88.30_88.20_88.10_88.00_87.90_,39_37_59_87_67_
11:11:18,88.40,1,8285,88.40_88.50_88.60_88.70_88.80_,10_33_17_45_124_,88.30_88.20_88.10_88.00_87.90_,39_36_59_87_67_
11:11:23,88.40,1,8285,88.40_88.50_88.60_88.70_88.80_,10_33_17_46_124_,88.30_88.20_88.10_88.00_87.90_,39_36_59_87_67_
11:11:33,88.40,1,8285,88.40_88.50_88.60_88.70_88.80_,10_33_17_46_124_,88.30_88.20_88.10_88.00_87.90_,39_36_54_87_67_
11:11:38,88.40,1,8285,88.40_88.50_88.60_88.70_88.80_,15_33_17_46_124_,88.30_88.20_88.10_88.00_87.90_,39_36_54_87_67_
11:11:48,88.30,5,8290,88.40_88.50_88.60_88.70_88.80_,15_34_17_46_124_,88.30_88.20_88.10_88.00_87.90_,34_36_54_87_67_
11:11:58,88.40,1,8291,88.40_88.50_88.60_88.70_88.80_,14_34_17_46_124_,88.30_88.20_88.10_88.00_87.90_,34_36_53_87_68_
11:12:04,88.40,1,8292,88.40_88.50_88.60_88.70_88.80_,14_34_17_46_124_,88.30_88.20_88.10_88.00_87.90_,34_41_53_87_68_
11:12:09,88.40,1,8292,88.40_88.50_88.60_88.70_88.80_,14_34_17_76_124_,88.30_88.20_88.10_88.00_87.90_,34_41_53_87_68_
11:12:14,88.40,5,8297,88.40_88.50_88.60_88.70_88.80_,9_34_17_76_124_,88.30_88.20_88.10_88.00_87.90_,35_41_53_87_68_
11:12:19,88.40,5,8297,88.40_88.50_88.60_88.70_88.80_,9_34_17_79_124_,88.30_88.20_88.10_88.00_87.90_,35_43_53_87_68_
11:12:24,88.40,1,8298,88.40_88.50_88.60_88.70_88.80_,8_33_17_79_124_,88.30_88.20_88.10_88.00_87.90_,35_43_53_87_68_
11:12:29,88.40,8,8306,88.50_88.60_88.70_88.80_88.90_,33_17_79_124_71_,88.40_88.30_88.20_88.10_88.00_,3_35_43_53_87_
11:12:34,88.40,4,8310,88.50_88.60_88.70_88.80_88.90_,41_17_79_94_101_,88.40_88.30_88.20_88.10_88.00_,1_33_43_54_131_
11:12:39,88.40,4,8310,88.50_88.60_88.70_88.80_88.90_,42_17_79_94_101_,88.40_88.30_88.20_88.10_88.00_,1_33_43_54_131_
11:12:45,88.40,1,8311,88.50_88.60_88.70_88.80_88.90_,42_17_79_94_101_,88.30_88.20_88.10_88.00_87.90_,34_43_54_131_23_
11:12:50,88.40,1,8311,88.50_88.60_88.70_88.80_88.90_,42_17_80_94_101_,88.40_88.30_88.20_88.10_88.00_,1_34_43_54_86_
11:12:55,88.40,1,8312,88.50_88.60_88.70_88.80_88.90_,42_17_80_94_101_,88.40_88.30_88.20_88.10_88.00_,5_34_40_54_131_
11:13:00,88.40,1,8312,88.50_88.60_88.70_88.80_88.90_,42_17_80_90_107_,88.40_88.30_88.20_88.10_88.00_,10_34_40_54_131_
11:13:05,88.50,2,8314,88.50_88.60_88.70_88.80_88.90_,40_17_80_90_107_,88.40_88.30_88.20_88.10_88.00_,10_34_40_54_131_
11:13:10,88.50,1,8315,88.50_88.60_88.70_88.80_88.90_,40_17_80_69_107_,88.40_88.30_88.20_88.10_88.00_,11_34_40_54_131_
11:13:15,88.50,1,8315,88.50_88.60_88.70_88.80_88.90_,40_17_80_69_107_,88.40_88.30_88.20_88.10_88.00_,15_32_40_54_131_
11:13:20,88.30,20,8335,88.50_88.60_88.70_88.80_88.90_,40_17_80_69_107_,88.30_88.20_88.10_88.00_87.90_,27_40_54_131_23_
11:13:25,88.30,20,8335,88.50_88.60_88.70_88.80_88.90_,40_17_80_69_107_,88.30_88.20_88.10_88.00_87.90_,28_43_54_86_69_
11:13:31,88.30,20,8335,88.40_88.50_88.60_88.70_88.80_,30_40_17_81_69_,88.30_88.20_88.10_88.00_87.90_,28_43_54_86_69_
11:13:36,88.40,2,8337,88.40_88.50_88.60_88.70_88.80_,38_32_17_51_103_,88.30_88.20_88.10_88.00_87.90_,28_43_53_87_69_
11:13:41,88.30,30,8367,88.40_88.50_88.60_88.70_88.80_,38_32_17_51_104_,88.20_88.10_88.00_87.90_87.80_,43_53_87_69_24_
11:13:46,88.30,30,8367,88.40_88.50_88.60_88.70_88.80_,38_32_17_51_104_,88.20_88.10_88.00_87.90_87.80_,47_55_82_23_75_
11:13:56,88.20,3,8370,88.40_88.50_88.60_88.70_88.80_,38_32_17_51_104_,88.20_88.10_88.00_87.90_87.80_,44_55_82_23_75_
11:14:01,88.40,1,8371,88.40_88.50_88.60_88.70_88.80_,37_32_17_51_104_,88.30_88.20_88.10_88.00_87.90_,1_44_55_83_23_
11:14:06,88.40,1,8371,88.40_88.50_88.60_88.70_88.80_,37_32_17_51_104_,88.30_88.20_88.10_88.00_87.90_,1_39_60_83_69_
11:14:12,88.40,1,8371,88.40_88.50_88.60_88.70_88.80_,37_32_17_51_104_,88.30_88.20_88.10_88.00_87.90_,22_39_60_83_69_
11:14:17,88.40,1,8371,88.40_88.50_88.60_88.70_88.80_,37_9_17_51_104_,88.30_88.20_88.10_88.00_87.90_,23_39_59_83_69_
11:14:22,88.40,1,8372,88.40_88.50_88.60_88.70_88.80_,36_9_17_51_105_,88.30_88.20_88.10_88.00_87.90_,24_49_59_83_69_
11:14:27,88.40,1,8372,88.40_88.50_88.60_88.70_88.80_,37_6_17_51_105_,88.30_88.20_88.10_88.00_87.90_,31_49_59_83_69_
11:14:32,88.30,20,8392,88.40_88.50_88.60_88.70_88.80_,37_6_17_51_105_,88.30_88.20_88.10_88.00_87.90_,12_49_59_83_69_
11:14:37,88.30,2,8394,88.40_88.50_88.60_88.70_88.80_,37_6_17_51_105_,88.30_88.20_88.10_88.00_87.90_,10_49_59_83_69_
11:14:47,88.40,1,8395,88.40_88.50_88.60_88.70_88.80_,36_6_17_51_105_,88.30_88.20_88.10_88.00_87.90_,13_49_59_83_69_
11:14:58,88.40,1,8395,88.40_88.50_88.60_88.70_88.80_,37_6_17_51_105_,88.30_88.20_88.10_88.00_87.90_,15_49_59_83_69_
11:15:03,88.40,1,8396,88.40_88.50_88.60_88.70_88.80_,36_6_17_51_105_,88.30_88.20_88.10_88.00_87.90_,15_49_59_83_69_
11:15:08,88.40,1,8396,88.40_88.50_88.60_88.70_88.80_,36_6_19_51_105_,88.30_88.20_88.10_88.00_87.90_,17_49_59_83_69_
11:15:13,88.40,2,8398,88.40_88.50_88.60_88.70_88.80_,34_6_19_51_105_,88.30_88.20_88.10_88.00_87.90_,17_49_59_83_69_
11:15:18,88.40,2,8398,88.40_88.50_88.60_88.70_88.80_,34_6_19_51_105_,88.30_88.20_88.10_88.00_87.90_,18_50_58_88_69_
11:15:23,88.40,2,8398,88.40_88.50_88.60_88.70_88.80_,34_6_19_51_105_,88.30_88.20_88.10_88.00_87.90_,20_50_58_88_69_
11:15:28,88.40,2,8398,88.40_88.50_88.60_88.70_88.80_,34_6_19_51_105_,88.30_88.20_88.10_88.00_87.90_,24_51_58_88_69_
11:15:33,88.40,2,8400,88.40_88.50_88.60_88.70_88.80_,34_6_19_51_105_,88.30_88.20_88.10_88.00_87.90_,24_51_58_88_69_
11:15:39,88.40,2,8400,88.40_88.50_88.60_88.70_88.80_,34_6_19_51_105_,88.30_88.20_88.10_88.00_87.90_,25_51_58_88_69_
11:15:44,88.40,30,8430,88.40_88.50_88.60_88.70_88.80_,4_6_19_51_105_,88.30_88.20_88.10_88.00_87.90_,30_51_58_88_69_
11:15:49,88.40,2,8432,88.40_88.50_88.60_88.70_88.80_,3_6_19_51_105_,88.30_88.20_88.10_88.00_87.90_,30_51_58_88_69_
11:15:59,88.40,2,8434,88.40_88.50_88.60_88.70_88.80_,1_6_19_51_105_,88.30_88.20_88.10_88.00_87.90_,30_51_58_88_69_
11:16:04,88.40,1,8435,88.50_88.60_88.70_88.80_88.90_,6_19_51_105_69_,88.30_88.20_88.10_88.00_87.90_,30_51_58_88_69_
11:16:09,88.30,1,8436,88.50_88.60_88.70_88.80_88.90_,6_19_51_75_99_,88.30_88.20_88.10_88.00_87.90_,29_51_59_87_69_
11:16:14,88.30,1,8436,88.50_88.60_88.70_88.80_88.90_,6_19_51_75_99_,88.40_88.30_88.20_88.10_88.00_,1_27_51_60_88_
11:16:20,88.50,1,8437,88.50_88.60_88.70_88.80_88.90_,5_17_51_71_104_,88.40_88.30_88.20_88.10_88.00_,4_22_50_60_138_
11:16:30,88.50,1,8438,88.50_88.60_88.70_88.80_88.90_,4_17_51_71_104_,88.40_88.30_88.20_88.10_88.00_,5_22_50_60_138_
11:16:35,88.50,1,8438,88.50_88.60_88.70_88.80_88.90_,4_18_51_71_104_,88.40_88.30_88.20_88.10_88.00_,5_22_50_60_138_
11:16:40,88.50,1,8438,88.50_88.60_88.70_88.80_88.90_,4_18_51_71_104_,88.40_88.30_88.20_88.10_88.00_,5_26_50_60_138_
11:16:50,88.50,1,8438,88.50_88.60_88.70_88.80_88.90_,4_18_51_70_104_,88.40_88.30_88.20_88.10_88.00_,5_26_50_60_138_
11:16:56,88.40,1,8439,88.50_88.60_88.70_88.80_88.90_,4_18_51_70_104_,88.40_88.30_88.20_88.10_88.00_,4_26_50_60_138_
11:17:11,88.50,1,8440,88.50_88.60_88.70_88.80_88.90_,3_19_51_70_104_,88.40_88.30_88.20_88.10_88.00_,4_30_50_60_138_
11:17:16,88.50,3,8443,88.60_88.70_88.80_88.90_89.00_,19_51_70_104_174_,88.40_88.30_88.20_88.10_88.00_,4_31_49_61_137_
11:17:21,88.50,3,8443,88.60_88.70_88.80_88.90_89.00_,19_51_70_74_204_,88.40_88.30_88.20_88.10_88.00_,5_31_49_61_136_
11:17:26,88.50,3,8443,88.60_88.70_88.80_88.90_89.00_,19_51_70_74_204_,88.40_88.30_88.20_88.10_88.00_,6_31_49_61_136_
11:17:31,88.50,3,8443,88.60_88.70_88.80_88.90_89.00_,19_51_70_74_204_,88.40_88.30_88.20_88.10_88.00_,6_31_50_60_136_
11:17:37,88.50,3,8443,88.60_88.70_88.80_88.90_89.00_,19_51_70_74_204_,88.40_88.30_88.20_88.10_88.00_,6_31_50_60_137_
11:17:42,88.50,3,8443,88.60_88.70_88.80_88.90_89.00_,19_51_70_74_204_,88.40_88.30_88.20_88.10_88.00_,6_31_50_61_137_
11:17:57,88.60,2,8445,88.60_88.70_88.80_88.90_89.00_,17_61_70_74_204_,88.40_88.30_88.20_88.10_88.00_,6_31_50_61_137_
11:18:02,88.60,2,8445,88.60_88.70_88.80_88.90_89.00_,17_61_70_74_204_,88.40_88.30_88.20_88.10_88.00_,6_31_49_62_137_
11:18:07,88.60,2,8445,88.60_88.70_88.80_88.90_89.00_,17_61_70_74_204_,88.40_88.30_88.20_88.10_88.00_,10_31_48_62_137_
11:18:12,88.60,2,8445,88.50_88.60_88.70_88.80_88.90_,5_17_61_70_74_,88.40_88.30_88.20_88.10_88.00_,10_28_48_62_137_
11:18:18,88.50,3,8448,88.50_88.60_88.70_88.80_88.90_,2_17_61_70_104_,88.40_88.30_88.20_88.10_88.00_,10_28_48_62_137_
11:18:23,88.50,1,8449,88.50_88.60_88.70_88.80_88.90_,1_17_61_70_104_,88.40_88.30_88.20_88.10_88.00_,10_28_48_62_137_
11:18:38,88.50,1,8450,88.60_88.70_88.80_88.90_89.00_,18_60_70_104_174_,88.40_88.30_88.20_88.10_88.00_,10_28_48_62_137_
11:18:43,88.50,1,8450,88.60_88.70_88.80_88.90_89.00_,18_60_70_74_204_,88.40_88.30_88.20_88.10_88.00_,10_28_48_62_137_
11:18:48,88.60,1,8451,88.60_88.70_88.80_88.90_89.00_,17_60_70_74_204_,88.40_88.30_88.20_88.10_88.00_,11_28_48_62_137_
11:18:59,88.60,1,8451,88.50_88.60_88.70_88.80_88.90_,10_17_60_70_74_,88.40_88.30_88.20_88.10_88.00_,11_28_48_62_137_
11:19:04,88.50,1,8452,88.50_88.60_88.70_88.80_88.90_,9_17_60_70_104_,88.40_88.30_88.20_88.10_88.00_,11_28_48_62_137_
11:19:09,88.50,4,8456,88.50_88.60_88.70_88.80_88.90_,5_17_60_70_104_,88.40_88.30_88.20_88.10_88.00_,11_28_48_62_137_
11:19:14,88.50,4,8456,88.50_88.60_88.70_88.80_88.90_,7_17_60_70_104_,88.40_88.30_88.20_88.10_88.00_,11_28_49_61_137_
11:19:19,88.50,4,8456,88.50_88.60_88.70_88.80_88.90_,7_17_60_70_104_,88.40_88.30_88.20_88.10_88.00_,12_28_49_61_137_
11:19:24,88.50,4,8456,88.50_88.60_88.70_88.80_88.90_,7_17_60_70_104_,88.40_88.30_88.20_88.10_88.00_,20_28_49_61_137_
11:19:29,88.50,2,8458,88.50_88.60_88.70_88.80_88.90_,5_17_60_70_104_,88.40_88.30_88.20_88.10_88.00_,20_28_49_61_137_
11:19:34,88.50,2,8460,88.50_88.60_88.70_88.80_88.90_,3_17_60_70_104_,88.40_88.30_88.20_88.10_88.00_,19_28_49_61_137_
11:19:40,88.50,1,8461,88.50_88.60_88.70_88.80_88.90_,2_17_60_70_104_,88.40_88.30_88.20_88.10_88.00_,19_28_50_61_137_
11:19:45,88.50,1,8462,88.50_88.60_88.70_88.80_88.90_,1_17_60_70_104_,88.40_88.30_88.20_88.10_88.00_,19_28_50_61_137_
11:19:55,88.50,1,8463,88.60_88.70_88.80_88.90_89.00_,17_60_70_104_175_,88.40_88.30_88.20_88.10_88.00_,19_28_50_61_137_
11:20:00,88.50,1,8463,88.60_88.70_88.80_88.90_89.00_,17_59_70_74_205_,88.40_88.30_88.20_88.10_88.00_,19_28_51_60_137_
11:20:10,88.50,1,8463,88.60_88.70_88.80_88.90_89.00_,17_59_70_74_205_,88.50_88.40_88.30_88.20_88.10_,1_19_28_51_60_
11:20:15,88.50,1,8463,88.60_88.70_88.80_88.90_89.00_,17_59_70_69_213_,88.50_88.40_88.30_88.20_88.10_,9_13_27_51_105_
11:20:21,88.50,5,8468,88.60_88.70_88.80_88.90_89.00_,17_59_70_69_213_,88.50_88.40_88.30_88.20_88.10_,4_13_27_51_109_
11:20:26,88.50,5,8468,88.60_88.70_88.80_88.90_89.00_,17_59_70_69_213_,88.50_88.40_88.30_88.20_88.10_,4_13_27_51_111_
11:20:36,88.50,5,8468,88.60_88.70_88.80_88.90_89.00_,18_59_70_69_213_,88.50_88.40_88.30_88.20_88.10_,4_13_27_51_111_
11:20:46,88.50,1,8469,88.60_88.70_88.80_88.90_89.00_,18_59_70_69_213_,88.50_88.40_88.30_88.20_88.10_,4_13_27_51_111_
11:20:51,88.50,1,8470,88.60_88.70_88.80_88.90_89.00_,19_62_72_69_213_,88.50_88.40_88.30_88.20_88.10_,3_13_27_51_111_
11:21:01,88.50,1,8470,88.60_88.70_88.80_88.90_89.00_,19_62_72_69_213_,88.50_88.40_88.30_88.20_88.10_,6_13_27_51_111_
11:21:17,88.50,1,8471,88.60_88.70_88.80_88.90_89.00_,19_62_72_69_213_,88.50_88.40_88.30_88.20_88.10_,5_21_35_59_111_
11:21:22,88.50,1,8472,88.60_88.70_88.80_88.90_89.00_,22_62_72_69_213_,88.50_88.40_88.30_88.20_88.10_,4_21_35_59_111_
11:21:27,88.60,3,8475,88.60_88.70_88.80_88.90_89.00_,19_62_72_69_213_,88.50_88.40_88.30_88.20_88.10_,4_21_35_59_111_
11:21:32,88.60,1,8476,88.60_88.70_88.80_88.90_89.00_,18_62_72_69_213_,88.50_88.40_88.30_88.20_88.10_,4_21_35_59_111_
11:21:37,88.60,1,8476,88.60_88.70_88.80_88.90_89.00_,18_62_73_69_213_,88.50_88.40_88.30_88.20_88.10_,4_21_35_59_111_
11:21:42,88.50,5,8481,88.50_88.60_88.70_88.80_88.90_,2_18_62_73_69_,88.40_88.30_88.20_88.10_88.00_,21_35_59_111_88_
11:21:48,88.50,2,8483,88.60_88.70_88.80_88.90_89.00_,25_62_73_99_183_,88.40_88.30_88.20_88.10_88.00_,21_35_58_67_133_
11:21:53,88.50,2,8483,88.60_88.70_88.80_88.90_89.00_,25_62_73_69_213_,88.50_88.40_88.30_88.20_88.10_,1_21_35_59_66_
11:21:58,88.60,1,8484,88.60_88.70_88.80_88.90_89.00_,24_62_73_69_213_,88.50_88.40_88.30_88.20_88.10_,1_21_35_59_111_
11:22:08,88.60,1,8484,88.60_88.70_88.80_88.90_89.00_,25_62_73_69_213_,88.50_88.40_88.30_88.20_88.10_,1_21_35_59_111_
11:22:13,88.60,1,8484,88.60_88.70_88.80_88.90_89.00_,25_62_73_69_215_,88.50_88.40_88.30_88.20_88.10_,2_21_35_59_111_
11:22:18,88.60,1,8484,88.60_88.70_88.80_88.90_89.00_,25_62_73_69_215_,88.50_88.40_88.30_88.20_88.10_,2_21_36_59_109_
11:22:23,88.60,1,8484,88.60_88.70_88.80_88.90_89.00_,27_62_73_69_215_,88.50_88.40_88.30_88.20_88.10_,2_21_36_59_109_
11:22:34,88.50,1,8485,88.60_88.70_88.80_88.90_89.00_,27_62_73_69_215_,88.50_88.40_88.30_88.20_88.10_,1_21_36_59_109_
11:22:44,88.50,1,8485,88.60_88.70_88.80_88.90_89.00_,27_62_73_69_215_,88.50_88.40_88.30_88.20_88.10_,1_22_36_60_109_
11:23:10,88.60,7,8492,88.60_88.70_88.80_88.90_89.00_,20_62_73_69_215_,88.50_88.40_88.30_88.20_88.10_,4_19_36_60_109_
11:23:30,88.60,5,8497,88.60_88.70_88.80_88.90_89.00_,15_62_73_69_215_,88.50_88.40_88.30_88.20_88.10_,4_19_36_60_109_
11:23:35,88.50,3,8500,88.60_88.70_88.80_88.90_89.00_,15_62_73_69_215_,88.50_88.40_88.30_88.20_88.10_,1_19_36_60_109_
11:23:40,88.50,3,8500,88.60_88.70_88.80_88.90_89.00_,15_62_73_69_215_,88.50_88.40_88.30_88.20_88.10_,3_19_36_61_109_
11:23:45,88.50,1,8501,88.60_88.70_88.80_88.90_89.00_,15_62_73_69_215_,88.50_88.40_88.30_88.20_88.10_,2_19_36_61_109_
11:23:56,88.50,1,8502,88.60_88.70_88.80_88.90_89.00_,15_62_73_69_215_,88.50_88.40_88.30_88.20_88.10_,1_19_36_61_109_
11:24:01,88.60,2,8504,88.60_88.70_88.80_88.90_89.00_,14_62_73_69_216_,88.50_88.40_88.30_88.20_88.10_,2_19_36_61_109_
11:24:16,88.60,2,8504,88.60_88.70_88.80_88.90_89.00_,14_62_73_69_216_,88.50_88.40_88.30_88.20_88.10_,2_20_36_60_109_
11:24:26,88.60,1,8505,88.60_88.70_88.80_88.90_89.00_,13_62_73_69_216_,88.50_88.40_88.30_88.20_88.10_,2_20_36_60_109_
11:25:02,88.60,1,8505,88.60_88.70_88.80_88.90_89.00_,13_62_73_69_216_,88.50_88.40_88.30_88.20_88.10_,3_20_35_60_109_
11:25:07,88.60,1,8505,88.60_88.70_88.80_88.90_89.00_,13_62_73_69_216_,88.50_88.40_88.30_88.20_88.10_,8_20_35_60_109_
11:25:12,88.60,1,8505,88.60_88.70_88.80_88.90_89.00_,13_62_73_69_216_,88.50_88.40_88.30_88.20_88.10_,13_20_35_60_109_
11:25:17,88.60,1,8505,88.60_88.70_88.80_88.90_89.00_,19_62_73_69_216_,88.50_88.40_88.30_88.20_88.10_,14_24_35_61_108_
11:25:23,88.60,1,8505,88.60_88.70_88.80_88.90_89.00_,17_62_73_69_216_,88.50_88.40_88.30_88.20_88.10_,16_24_35_62_108_
11:25:33,88.50,1,8506,88.60_88.70_88.80_88.90_89.00_,17_62_73_69_216_,88.50_88.40_88.30_88.20_88.10_,18_24_35_62_108_
11:25:38,88.60,1,8507,88.60_88.70_88.80_88.90_89.00_,16_62_73_69_216_,88.50_88.40_88.30_88.20_88.10_,21_24_35_62_108_
11:25:43,88.60,1,8507,88.60_88.70_88.80_88.90_89.00_,16_62_73_69_216_,88.50_88.40_88.30_88.20_88.10_,21_24_35_61_108_
11:25:48,88.50,3,8510,88.60_88.70_88.80_88.90_89.00_,16_62_73_70_216_,88.50_88.40_88.30_88.20_88.10_,18_24_35_61_108_
11:25:53,88.50,3,8510,88.60_88.70_88.80_88.90_89.00_,18_62_73_71_216_,88.50_88.40_88.30_88.20_88.10_,18_24_35_61_108_
11:26:04,88.50,3,8510,88.60_88.70_88.80_88.90_89.00_,18_62_73_71_216_,88.50_88.40_88.30_88.20_88.10_,18_24_37_61_108_
11:26:09,88.50,3,8510,88.60_88.70_88.80_88.90_89.00_,19_62_73_71_216_,88.50_88.40_88.30_88.20_88.10_,18_24_37_61_108_
11:26:29,88.50,1,8511,88.60_88.70_88.80_88.90_89.00_,20_62_73_71_216_,88.50_88.40_88.30_88.20_88.10_,18_24_37_61_108_
11:26:35,88.50,2,8513,88.60_88.70_88.80_88.90_89.00_,21_62_73_71_216_,88.50_88.40_88.30_88.20_88.10_,16_24_37_61_108_
11:26:40,88.50,16,8529,88.50_88.60_88.70_88.80_88.90_,15_21_62_73_71_,88.40_88.30_88.20_88.10_88.00_,24_37_61_108_98_
11:26:45,88.50,16,8529,88.50_88.60_88.70_88.80_88.90_,15_24_65_73_100_,88.40_88.30_88.20_88.10_88.00_,27_39_58_64_143_
11:27:05,88.50,16,8529,88.50_88.60_88.70_88.80_88.90_,15_27_65_73_100_,88.40_88.30_88.20_88.10_88.00_,27_39_58_64_143_
11:27:10,88.50,16,8529,88.50_88.60_88.70_88.80_88.90_,15_27_65_73_100_,88.40_88.30_88.20_88.10_88.00_,29_39_58_64_143_
11:27:41,88.40,2,8531,88.50_88.60_88.70_88.80_88.90_,15_26_65_73_100_,88.40_88.30_88.20_88.10_88.00_,27_39_58_64_143_
11:27:46,88.40,7,8538,88.50_88.60_88.70_88.80_88.90_,15_25_65_73_100_,88.40_88.30_88.20_88.10_88.00_,20_39_58_64_143_
11:27:57,88.40,7,8538,88.50_88.60_88.70_88.80_88.90_,15_25_65_74_100_,88.40_88.30_88.20_88.10_88.00_,20_39_58_64_143_
11:28:07,88.40,5,8543,88.50_88.60_88.70_88.80_88.90_,15_25_65_74_100_,88.40_88.30_88.20_88.10_88.00_,15_39_58_64_143_
11:28:12,88.40,5,8543,88.50_88.60_88.70_88.80_88.90_,22_25_65_72_100_,88.40_88.30_88.20_88.10_88.00_,15_39_58_64_143_
11:28:17,88.40,5,8543,88.50_88.60_88.70_88.80_88.90_,22_55_65_42_100_,88.40_88.30_88.20_88.10_88.00_,15_39_58_64_143_
11:28:22,88.40,1,8544,88.50_88.60_88.70_88.80_88.90_,22_55_65_42_100_,88.40_88.30_88.20_88.10_88.00_,14_39_58_64_143_
11:28:32,88.40,1,8544,88.50_88.60_88.70_88.80_88.90_,22_55_65_42_100_,88.40_88.30_88.20_88.10_88.00_,14_49_58_64_143_
11:28:38,88.40,1,8544,88.50_88.60_88.70_88.80_88.90_,22_55_65_42_100_,88.40_88.30_88.20_88.10_88.00_,15_49_58_64_143_
11:28:43,88.40,1,8545,88.50_88.60_88.70_88.80_88.90_,22_55_65_42_100_,88.40_88.30_88.20_88.10_88.00_,14_49_58_64_143_
11:28:53,88.40,5,8550,88.50_88.60_88.70_88.80_88.90_,22_55_65_42_100_,88.40_88.30_88.20_88.10_88.00_,9_49_58_64_143_
11:28:58,88.40,2,8552,88.50_88.60_88.70_88.80_88.90_,22_55_65_42_100_,88.40_88.30_88.20_88.10_88.00_,7_49_58_64_143_
11:29:03,88.40,2,8554,88.50_88.60_88.70_88.80_88.90_,22_55_65_42_100_,88.40_88.30_88.20_88.10_88.00_,5_49_58_60_149_
11:29:08,88.40,2,8554,88.50_88.60_88.70_88.80_88.90_,22_55_62_42_105_,88.40_88.30_88.20_88.10_88.00_,9_49_58_60_149_
11:29:13,88.40,2,8554,88.50_88.60_88.70_88.80_88.90_,22_55_62_42_105_,88.40_88.30_88.20_88.10_88.00_,10_49_58_60_149_
11:29:18,88.40,2,8554,88.50_88.60_88.70_88.80_88.90_,22_58_62_42_105_,88.40_88.30_88.20_88.10_88.00_,10_49_58_60_149_
11:29:39,88.40,2,8554,88.50_88.60_88.70_88.80_88.90_,22_58_62_42_105_,88.40_88.30_88.20_88.10_88.00_,6_49_58_60_144_
11:29:44,88.40,2,8554,88.50_88.60_88.70_88.80_88.90_,22_58_62_42_105_,88.40_88.30_88.20_88.10_88.00_,5_51_58_60_144_
11:29:49,88.50,5,8559,88.50_88.60_88.70_88.80_88.90_,17_58_62_42_105_,88.40_88.30_88.20_88.10_88.00_,5_51_58_60_144_
11:29:54,88.50,5,8559,88.50_88.60_88.70_88.80_88.90_,17_58_62_42_105_,88.40_88.30_88.20_88.10_88.00_,5_52_58_60_144_
11:29:59,88.50,5,8559,88.50_88.60_88.70_88.80_88.90_,17_58_63_42_105_,88.40_88.30_88.20_88.10_88.00_,8_52_58_60_144_
11:30:10,88.50,2,8561,88.50_88.60_88.70_88.80_88.90_,17_58_63_42_105_,88.40_88.30_88.20_88.10_88.00_,8_52_58_60_144_
11:30:15,88.50,2,8563,88.50_88.60_88.70_88.80_88.90_,15_58_63_42_105_,88.40_88.30_88.20_88.10_88.00_,8_52_58_60_144_
11:30:20,88.40,2,8565,88.50_88.60_88.70_88.80_88.90_,15_58_63_42_105_,88.40_88.30_88.20_88.10_88.00_,7_51_58_60_144_
11:30:25,88.40,5,8570,88.50_88.60_88.70_88.80_88.90_,15_58_63_42_105_,88.40_88.30_88.20_88.10_88.00_,6_51_60_60_144_
11:30:35,88.40,5,8570,88.50_88.60_88.70_88.80_88.90_,16_58_63_42_105_,88.40_88.30_88.20_88.10_88.00_,7_51_60_60_144_
11:30:46,88.40,5,8570,88.50_88.60_88.70_88.80_88.90_,16_58_63_42_105_,88.40_88.30_88.20_88.10_88.00_,8_51_60_60_144_
11:30:56,88.40,4,8574,88.50_88.60_88.70_88.80_88.90_,16_53_61_43_105_,88.40_88.30_88.20_88.10_88.00_,10_51_60_60_144_
11:31:01,88.40,4,8574,88.50_88.60_88.70_88.80_88.90_,17_53_61_43_105_,88.40_88.30_88.20_88.10_88.00_,10_51_60_60_143_
11:31:06,88.40,4,8574,88.50_88.60_88.70_88.80_88.90_,17_53_61_43_105_,88.40_88.30_88.20_88.10_88.00_,11_51_60_60_143_
11:31:11,88.40,4,8574,88.50_88.60_88.70_88.80_88.90_,17_53_62_43_105_,88.40_88.30_88.20_88.10_88.00_,11_51_60_60_143_
11:31:16,88.50,5,8579,88.50_88.60_88.70_88.80_88.90_,12_53_62_43_105_,88.40_88.30_88.20_88.10_88.00_,12_50_60_60_143_
11:31:21,88.40,1,8580,88.50_88.60_88.70_88.80_88.90_,12_53_62_43_105_,88.40_88.30_88.20_88.10_88.00_,11_50_60_60_143_
11:31:26,88.40,1,8580,88.50_88.60_88.70_88.80_88.90_,12_53_62_43_105_,88.40_88.30_88.20_88.10_88.00_,22_50_60_60_143_
11:31:32,88.40,1,8580,88.50_88.60_88.70_88.80_88.90_,12_53_62_42_105_,88.40_88.30_88.20_88.10_88.00_,22_50_59_60_143_
11:31:37,88.50,1,8581,88.50_88.60_88.70_88.80_88.90_,11_54_62_42_105_,88.40_88.30_88.20_88.10_88.00_,22_50_59_60_143_
11:31:42,88.40,1,8582,88.50_88.60_88.70_88.80_88.90_,11_54_62_42_105_,88.40_88.30_88.20_88.10_88.00_,22_50_59_60_143_
11:31:47,88.40,2,8584,88.50_88.60_88.70_88.80_88.90_,11_54_62_42_105_,88.40_88.30_88.20_88.10_88.00_,20_50_59_60_143_
11:31:52,88.40,2,8584,88.50_88.60_88.70_88.80_88.90_,11_54_62_42_105_,88.40_88.30_88.20_88.10_88.00_,26_50_59_60_143_
11:31:57,88.50,1,8585,88.50_88.60_88.70_88.80_88.90_,10_54_62_42_105_,88.40_88.30_88.20_88.10_88.00_,25_51_59_60_133_
11:32:02,88.50,1,8586,88.50_88.60_88.70_88.80_88.90_,10_54_62_42_105_,88.40_88.30_88.20_88.10_88.00_,24_51_59_60_133_
11:32:12,88.50,5,8591,88.50_88.60_88.70_88.80_88.90_,5_54_62_42_105_,88.40_88.30_88.20_88.10_88.00_,24_51_59_60_133_
11:32:18,88.40,4,8595,88.50_88.60_88.70_88.80_88.90_,5_54_62_42_105_,88.40_88.30_88.20_88.10_88.00_,20_52_58_60_133_
11:32:23,88.40,4,8595,88.50_88.60_88.70_88.80_88.90_,5_55_62_42_105_,88.40_88.30_88.20_88.10_88.00_,20_52_58_60_133_
11:32:43,88.50,2,8597,88.50_88.60_88.70_88.80_88.90_,3_55_62_42_105_,88.40_88.30_88.20_88.10_88.00_,20_52_58_60_133_
11:32:48,88.50,3,8600,88.50_88.60_88.70_88.80_88.90_,2_55_62_42_105_,88.40_88.30_88.20_88.10_88.00_,20_52_58_60_133_
11:32:53,88.50,3,8600,88.50_88.60_88.70_88.80_88.90_,2_55_62_42_105_,88.40_88.30_88.20_88.10_88.00_,21_52_58_60_133_
11:33:04,88.50,1,8601,88.50_88.60_88.70_88.80_88.90_,2_55_62_42_105_,88.40_88.30_88.20_88.10_88.00_,21_52_58_60_133_
11:33:09,88.50,1,8601,88.50_88.60_88.70_88.80_88.90_,6_55_62_42_105_,88.40_88.30_88.20_88.10_88.00_,21_52_58_60_133_
11:33:14,88.40,3,8604,88.50_88.60_88.70_88.80_88.90_,6_55_62_42_105_,88.40_88.30_88.20_88.10_88.00_,19_51_59_60_133_
11:33:19,88.50,2,8606,88.50_88.60_88.70_88.80_88.90_,4_55_62_42_106_,88.40_88.30_88.20_88.10_88.00_,19_51_59_60_133_
11:33:29,88.50,4,8610,88.60_88.70_88.80_88.90_89.00_,55_62_42_106_180_,88.40_88.30_88.20_88.10_88.00_,19_51_59_60_133_
11:33:34,88.40,19,8629,88.50_88.60_88.70_88.80_88.90_,3_55_62_42_76_,88.40_88.30_88.20_88.10_88.00_,3_51_60_59_134_
11:33:39,88.40,19,8629,88.50_88.60_88.70_88.80_88.90_,8_55_62_42_106_,88.40_88.30_88.20_88.10_88.00_,5_51_59_60_134_
11:33:50,88.50,1,8630,88.50_88.60_88.70_88.80_88.90_,7_55_62_42_106_,88.40_88.30_88.20_88.10_88.00_,5_51_59_60_134_
11:33:55,88.50,1,8630,88.50_88.60_88.70_88.80_88.90_,7_55_62_42_106_,88.40_88.30_88.20_88.10_88.00_,6_51_59_60_134_
11:34:00,88.50,1,8631,88.50_88.60_88.70_88.80_88.90_,6_55_62_42_106_,88.40_88.30_88.20_88.10_88.00_,9_51_59_60_134_
11:34:05,88.50,2,8633,88.50_88.60_88.70_88.80_88.90_,4_55_62_42_106_,88.40_88.30_88.20_88.10_88.00_,9_51_59_60_134_
11:34:10,88.50,2,8635,88.50_88.60_88.70_88.80_88.90_,2_55_62_42_106_,88.40_88.30_88.20_88.10_88.00_,9_51_59_60_134_
11:34:15,88.50,2,8635,88.50_88.60_88.70_88.80_88.90_,2_55_62_42_106_,88.40_88.30_88.20_88.10_88.00_,9_52_58_60_134_
11:34:36,88.50,1,8636,88.50_88.60_88.70_88.80_88.90_,1_55_62_42_106_,88.40_88.30_88.20_88.10_88.00_,9_52_58_60_134_
11:34:41,88.50,1,8637,88.60_88.70_88.80_88.90_89.00_,56_62_42_106_180_,88.40_88.30_88.20_88.10_88.00_,9_52_58_60_134_
11:34:46,88.40,1,8638,88.60_88.70_88.80_88.90_89.00_,56_62_42_76_210_,88.40_88.30_88.20_88.10_88.00_,11_52_59_59_134_
11:34:51,88.60,1,8639,88.60_88.70_88.80_88.90_89.00_,55_62_42_76_210_,88.40_88.30_88.20_88.10_88.00_,11_52_59_59_134_
11:34:56,88.60,1,8639,88.60_88.70_88.80_88.90_89.00_,52_62_42_76_210_,88.40_88.30_88.20_88.10_88.00_,11_52_58_60_134_
11:35:01,88.60,1,8639,88.60_88.70_88.80_88.90_89.00_,52_65_42_76_210_,88.50_88.40_88.30_88.20_88.10_,2_11_52_58_60_
11:35:07,88.60,1,8639,88.60_88.70_88.80_88.90_89.00_,52_65_42_76_210_,88.50_88.40_88.30_88.20_88.10_,5_9_52_59_105_
11:35:12,88.60,2,8641,88.60_88.70_88.80_88.90_89.00_,50_62_42_71_218_,88.50_88.40_88.30_88.20_88.10_,5_9_52_59_105_
11:35:17,88.50,5,8646,88.50_88.60_88.70_88.80_88.90_,5_53_62_42_71_,88.40_88.30_88.20_88.10_88.00_,8_51_61_105_88_
11:35:22,88.50,5,8646,88.50_88.60_88.70_88.80_88.90_,5_59_62_42_101_,88.40_88.30_88.20_88.10_88.00_,9_51_60_60_134_
11:35:27,88.50,1,8647,88.50_88.60_88.70_88.80_88.90_,4_59_62_42_101_,88.40_88.30_88.20_88.10_88.00_,15_51_61_60_134_
11:35:32,88.50,1,8648,88.50_88.60_88.70_88.80_88.90_,3_59_62_42_101_,88.40_88.30_88.20_88.10_88.00_,19_47_60_60_134_
11:35:42,88.50,3,8651,88.60_88.70_88.80_88.90_89.00_,59_62_42_101_189_,88.50_88.40_88.30_88.20_88.10_,1_19_43_60_60_
11:35:48,88.50,1,8652,88.60_88.70_88.80_88.90_89.00_,66_62_42_71_219_,88.50_88.40_88.30_88.20_88.10_,1_14_43_61_105_
11:35:53,88.50,2,8654,88.50_88.60_88.70_88.80_88.90_,2_63_62_42_71_,88.40_88.30_88.20_88.10_88.00_,14_43_61_105_88_
11:35:58,88.40,1,8655,88.50_88.60_88.70_88.80_88.90_,2_63_62_42_101_,88.40_88.30_88.20_88.10_88.00_,15_43_60_60_134_
11:36:03,88.40,1,8655,88.50_88.60_88.70_88.80_88.90_,2_64_62_42_101_,88.40_88.30_88.20_88.10_88.00_,15_43_60_60_134_
11:36:13,88.40,1,8655,88.50_88.60_88.70_88.80_88.90_,2_64_62_42_101_,88.40_88.30_88.20_88.10_88.00_,17_43_58_60_134_
11:36:24,88.50,1,8656,88.50_88.60_88.70_88.80_88.90_,1_64_62_42_101_,88.40_88.30_88.20_88.10_88.00_,18_43_58_60_134_
11:36:29,88.50,1,8657,88.60_88.70_88.80_88.90_89.00_,64_62_42_101_189_,88.40_88.30_88.20_88.10_88.00_,18_43_58_60_134_
11:36:34,88.50,1,8657,88.60_88.70_88.80_88.90_89.00_,64_62_42_71_219_,88.50_88.40_88.30_88.20_88.10_,1_18_43_59_59_
11:36:39,88.50,2,8659,88.60_88.70_88.80_88.90_89.00_,64_62_42_71_219_,88.50_88.40_88.30_88.20_88.10_,8_17_43_59_105_
11:36:49,88.50,2,8661,88.60_88.70_88.80_88.90_89.00_,64_62_42_71_219_,88.50_88.40_88.30_88.20_88.10_,6_17_43_59_105_
11:37:05,88.50,2,8661,88.60_88.70_88.80_88.90_89.00_,64_62_42_71_219_,88.50_88.40_88.30_88.20_88.10_,7_17_43_59_105_
11:37:15,88.50,4,8665,88.60_88.70_88.80_88.90_89.00_,64_62_42_71_219_,88.50_88.40_88.30_88.20_88.10_,3_16_43_60_105_
11:37:20,88.50,4,8665,88.60_88.70_88.80_88.90_89.00_,64_62_42_71_219_,88.50_88.40_88.30_88.20_88.10_,6_16_43_60_105_
11:37:25,88.50,1,8666,88.60_88.70_88.80_88.90_89.00_,64_62_42_71_231_,88.50_88.40_88.30_88.20_88.10_,5_16_43_60_105_
11:37:36,88.60,1,8667,88.60_88.70_88.80_88.90_89.00_,63_62_42_71_231_,88.50_88.40_88.30_88.20_88.10_,5_16_43_60_105_
11:37:46,88.50,1,8668,88.60_88.70_88.80_88.90_89.00_,63_62_42_71_231_,88.50_88.40_88.30_88.20_88.10_,4_16_43_60_105_
11:37:51,88.60,1,8669,88.60_88.70_88.80_88.90_89.00_,62_62_42_71_231_,88.50_88.40_88.30_88.20_88.10_,5_16_43_60_105_
11:37:56,88.50,2,8671,88.60_88.70_88.80_88.90_89.00_,62_62_42_71_231_,88.50_88.40_88.30_88.20_88.10_,3_16_43_60_105_
11:38:01,88.50,2,8671,88.60_88.70_88.80_88.90_89.00_,62_62_42_71_232_,88.50_88.40_88.30_88.20_88.10_,3_16_43_60_105_
11:38:06,88.50,2,8673,88.60_88.70_88.80_88.90_89.00_,62_62_42_71_232_,88.50_88.40_88.30_88.20_88.10_,1_16_43_60_105_
11:38:22,88.50,2,8673,88.60_88.70_88.80_88.90_89.00_,62_62_42_71_236_,88.50_88.40_88.30_88.20_88.10_,1_16_43_60_105_
11:38:32,88.50,2,8673,88.60_88.70_88.80_88.90_89.00_,62_62_42_76_236_,88.50_88.40_88.30_88.20_88.10_,1_16_43_60_105_
11:38:47,88.60,1,8674,88.60_88.70_88.80_88.90_89.00_,61_62_42_76_236_,88.50_88.40_88.30_88.20_88.10_,1_16_43_60_105_
11:38:58,88.60,1,8674,88.60_88.70_88.80_88.90_89.00_,61_62_42_79_236_,88.50_88.40_88.30_88.20_88.10_,1_16_43_60_105_
11:39:03,88.60,1,8674,88.60_88.70_88.80_88.90_89.00_,31_60_42_80_237_,88.50_88.40_88.30_88.20_88.10_,1_16_43_60_105_
11:39:13,88.50,1,8675,88.50_88.60_88.70_88.80_88.90_,4_31_60_42_80_,88.40_88.30_88.20_88.10_88.00_,16_43_60_105_88_
11:39:18,88.50,1,8675,88.50_88.60_88.70_88.80_88.90_,10_31_60_42_110_,88.40_88.30_88.20_88.10_88.00_,19_43_58_60_134_
11:39:23,88.50,1,8675,88.50_88.60_88.70_88.80_88.90_,10_32_60_42_110_,88.40_88.30_88.20_88.10_88.00_,19_43_58_60_134_
11:39:33,88.40,3,8678,88.50_88.60_88.70_88.80_88.90_,10_32_60_41_110_,88.40_88.30_88.20_88.10_88.00_,16_43_58_60_133_
11:39:39,88.40,3,8678,88.50_88.60_88.70_88.80_88.90_,10_32_60_41_110_,88.40_88.30_88.20_88.10_88.00_,19_43_58_60_133_
11:39:49,88.40,3,8678,88.50_88.60_88.70_88.80_88.90_,10_32_60_41_115_,88.40_88.30_88.20_88.10_88.00_,19_43_58_60_133_
11:39:59,88.50,1,8679,88.50_88.60_88.70_88.80_88.90_,9_32_60_41_115_,88.40_88.30_88.20_88.10_88.00_,19_43_58_60_133_
11:40:09,88.50,1,8679,88.50_88.60_88.70_88.80_88.90_,10_32_60_41_115_,88.40_88.30_88.20_88.10_88.00_,19_43_58_60_133_
11:40:25,88.50,1,8679,88.50_88.60_88.70_88.80_88.90_,10_32_60_41_115_,88.40_88.30_88.20_88.10_88.00_,20_44_58_60_133_
11:40:35,88.50,1,8679,88.50_88.60_88.70_88.80_88.90_,11_32_60_41_115_,88.40_88.30_88.20_88.10_88.00_,20_44_58_60_133_
11:40:45,88.40,1,8680,88.50_88.60_88.70_88.80_88.90_,11_32_60_41_115_,88.40_88.30_88.20_88.10_88.00_,19_44_58_60_133_
11:40:50,88.40,3,8683,88.50_88.60_88.70_88.80_88.90_,15_20_61_41_115_,88.40_88.30_88.20_88.10_88.00_,17_44_58_60_133_
11:40:56,88.40,15,8698,88.50_88.60_88.70_88.80_88.90_,15_20_61_41_115_,88.40_88.30_88.20_88.10_88.00_,2_44_58_60_133_
11:41:01,88.40,1,8699,88.50_88.60_88.70_88.80_88.90_,15_20_61_41_115_,88.40_88.30_88.20_88.10_88.00_,4_43_60_60_133_
11:41:11,88.40,1,8700,88.50_88.60_88.70_88.80_88.90_,15_20_61_41_115_,88.40_88.30_88.20_88.10_88.00_,4_43_60_60_133_
11:41:21,88.40,1,8701,88.50_88.60_88.70_88.80_88.90_,15_20_61_41_115_,88.40_88.30_88.20_88.10_88.00_,3_43_60_60_133_
11:41:26,88.40,1,8701,88.50_88.60_88.70_88.80_88.90_,19_17_61_41_115_,88.40_88.30_88.20_88.10_88.00_,3_43_60_60_133_
11:41:57,88.40,1,8702,88.50_88.60_88.70_88.80_88.90_,19_17_61_41_115_,88.40_88.30_88.20_88.10_88.00_,2_43_60_60_133_
11:42:12,88.40,1,8702,88.50_88.60_88.70_88.80_88.90_,19_21_61_41_115_,88.40_88.30_88.20_88.10_88.00_,5_43_60_60_133_
11:42:23,88.50,1,8703,88.50_88.60_88.70_88.80_88.90_,18_21_61_41_115_,88.40_88.30_88.20_88.10_88.00_,5_43_60_60_133_
11:42:33,88.40,1,8704,88.50_88.60_88.70_88.80_88.90_,18_21_61_41_115_,88.40_88.30_88.20_88.10_88.00_,4_43_60_60_133_
11:42:38,88.50,5,8709,88.50_88.60_88.70_88.80_88.90_,13_21_61_41_115_,88.40_88.30_88.20_88.10_88.00_,4_43_60_60_133_
11:42:43,88.50,5,8709,88.50_88.60_88.70_88.80_88.90_,13_21_61_41_116_,88.40_88.30_88.20_88.10_88.00_,4_43_60_60_133_
11:43:04,88.40,2,8711,88.50_88.60_88.70_88.80_88.90_,13_21_61_41_116_,88.40_88.30_88.20_88.10_88.00_,2_43_60_60_133_
11:43:09,88.40,2,8711,88.50_88.60_88.70_88.80_88.90_,13_21_61_41_116_,88.40_88.30_88.20_88.10_88.00_,4_43_60_60_133_
11:43:14,88.40,2,8711,88.50_88.60_88.70_88.80_88.90_,13_21_61_41_116_,88.40_88.30_88.20_88.10_88.00_,6_43_60_60_133_
11:43:24,88.40,2,8711,88.50_88.60_88.70_88.80_88.90_,15_21_61_41_116_,88.40_88.30_88.20_88.10_88.00_,6_43_60_60_133_
11:43:34,88.50,1,8712,88.50_88.60_88.70_88.80_88.90_,14_21_61_41_106_,88.40_88.30_88.20_88.10_88.00_,6_43_60_60_133_
11:43:45,88.40,3,8715,88.50_88.60_88.70_88.80_88.90_,24_21_61_41_106_,88.40_88.30_88.20_88.10_88.00_,3_43_60_60_133_
11:43:50,88.40,3,8715,88.50_88.60_88.70_88.80_88.90_,26_31_61_41_106_,88.40_88.30_88.20_88.10_88.00_,3_43_60_60_133_
11:43:55,88.40,3,8715,88.50_88.60_88.70_88.80_88.90_,26_31_66_41_106_,88.40_88.30_88.20_88.10_88.00_,3_43_60_60_133_
11:44:10,88.50,1,8716,88.50_88.60_88.70_88.80_88.90_,25_31_66_41_106_,88.40_88.30_88.20_88.10_88.00_,4_43_60_60_133_
11:44:21,88.50,2,8718,88.50_88.60_88.70_88.80_88.90_,23_31_66_41_106_,88.40_88.30_88.20_88.10_88.00_,4_43_61_60_133_
11:44:26,88.50,2,8718,88.50_88.60_88.70_88.80_88.90_,28_36_66_41_106_,88.40_88.30_88.20_88.10_88.00_,4_49_61_60_133_
11:44:31,88.50,2,8718,88.50_88.60_88.70_88.80_88.90_,27_36_66_41_106_,88.40_88.30_88.20_88.10_88.00_,4_49_61_60_133_
11:44:36,88.50,2,8718,88.50_88.60_88.70_88.80_88.90_,25_36_66_41_106_,88.40_88.30_88.20_88.10_88.00_,4_49_61_60_133_
11:44:46,88.50,1,8719,88.50_88.60_88.70_88.80_88.90_,24_36_66_42_106_,88.40_88.30_88.20_88.10_88.00_,12_49_61_60_133_
11:44:51,88.50,1,8719,88.50_88.60_88.70_88.80_88.90_,33_36_66_42_106_,88.40_88.30_88.20_88.10_88.00_,12_49_61_60_133_
11:44:57,88.40,2,8721,88.50_88.60_88.70_88.80_88.90_,33_36_66_44_106_,88.40_88.30_88.20_88.10_88.00_,10_49_61_60_133_
11:45:02,88.40,2,8721,88.50_88.60_88.70_88.80_88.90_,33_36_66_44_106_,88.40_88.30_88.20_88.10_88.00_,11_49_61_60_133_
11:45:07,88.40,2,8721,88.50_88.60_88.70_88.80_88.90_,33_36_66_44_106_,88.40_88.30_88.20_88.10_88.00_,12_49_61_60_133_
11:45:17,88.40,2,8721,88.50_88.60_88.70_88.80_88.90_,33_36_66_42_106_,88.40_88.30_88.20_88.10_88.00_,14_48_60_60_133_
11:45:22,88.40,2,8721,88.50_88.60_88.70_88.80_88.90_,33_36_66_42_106_,88.40_88.30_88.20_88.10_88.00_,15_48_60_60_133_
11:45:27,88.40,2,8721,88.50_88.60_88.70_88.80_88.90_,33_36_66_42_106_,88.40_88.30_88.20_88.10_88.00_,19_49_60_60_133_
11:45:32,88.50,3,8724,88.50_88.60_88.70_88.80_88.90_,30_36_66_42_106_,88.40_88.30_88.20_88.10_88.00_,19_49_60_60_133_
11:45:38,88.50,3,8724,88.50_88.60_88.70_88.80_88.90_,34_36_66_47_106_,88.40_88.30_88.20_88.10_88.00_,19_49_60_60_133_
11:45:43,88.50,2,8726,88.50_88.60_88.70_88.80_88.90_,38_36_66_47_106_,88.40_88.30_88.20_88.10_88.00_,19_49_60_60_133_
11:45:48,88.50,2,8726,88.50_88.60_88.70_88.80_88.90_,38_36_66_47_106_,88.40_88.30_88.20_88.10_88.00_,18_49_60_60_133_
11:45:53,88.50,2,8728,88.50_88.60_88.70_88.80_88.90_,39_37_65_48_108_,88.40_88.30_88.20_88.10_88.00_,16_49_60_60_133_
11:45:58,88.50,2,8730,88.50_88.60_88.70_88.80_88.90_,37_37_65_48_108_,88.40_88.30_88.20_88.10_88.00_,16_49_60_60_133_
11:46:03,88.50,4,8734,88.50_88.60_88.70_88.80_88.90_,33_37_65_48_108_,88.40_88.30_88.20_88.10_88.00_,16_49_60_60_133_
11:46:08,88.50,1,8735,88.50_88.60_88.70_88.80_88.90_,32_37_65_48_108_,88.40_88.30_88.20_88.10_88.00_,16_49_60_60_133_
11:46:14,88.50,2,8737,88.50_88.60_88.70_88.80_88.90_,30_37_65_47_108_,88.40_88.30_88.20_88.10_88.00_,16_50_59_60_133_
11:46:24,88.40,1,8738,88.50_88.60_88.70_88.80_88.90_,30_37_65_47_108_,88.40_88.30_88.20_88.10_88.00_,15_50_59_60_133_
11:46:29,88.50,2,8740,88.50_88.60_88.70_88.80_88.90_,28_37_65_47_108_,88.40_88.30_88.20_88.10_88.00_,15_50_59_60_133_
11:46:39,88.50,1,8741,88.50_88.60_88.70_88.80_88.90_,27_37_65_47_108_,88.40_88.30_88.20_88.10_88.00_,15_50_59_60_133_
11:46:55,88.50,12,8753,88.50_88.60_88.70_88.80_88.90_,15_37_65_47_108_,88.40_88.30_88.20_88.10_88.00_,15_50_59_60_133_
11:47:00,88.50,1,8754,88.50_88.60_88.70_88.80_88.90_,14_37_65_47_108_,88.40_88.30_88.20_88.10_88.00_,16_50_59_60_133_
11:47:10,88.50,1,8755,88.50_88.60_88.70_88.80_88.90_,14_37_65_47_108_,88.40_88.30_88.20_88.10_88.00_,16_50_59_60_133_
11:47:15,88.50,1,8755,88.50_88.60_88.70_88.80_88.90_,14_37_65_47_108_,88.40_88.30_88.20_88.10_88.00_,18_49_60_60_133_
11:47:20,88.50,1,8755,88.50_88.60_88.70_88.80_88.90_,14_37_65_47_108_,88.40_88.30_88.20_88.10_88.00_,20_49_60_60_133_
11:47:25,88.50,2,8757,88.50_88.60_88.70_88.80_88.90_,12_37_65_47_108_,88.40_88.30_88.20_88.10_88.00_,20_49_60_60_133_
11:47:31,88.50,1,8758,88.50_88.60_88.70_88.80_88.90_,11_37_65_47_108_,88.40_88.30_88.20_88.10_88.00_,20_49_60_60_133_
11:47:41,88.50,11,8769,88.60_88.70_88.80_88.90_89.00_,37_65_47_108_187_,88.50_88.40_88.30_88.20_88.10_,1_20_49_62_60_
11:47:46,88.50,11,8769,88.60_88.70_88.80_88.90_89.00_,37_65_47_78_217_,88.50_88.40_88.30_88.20_88.10_,30_14_48_62_104_
11:47:51,88.50,11,8769,88.60_88.70_88.80_88.90_89.00_,37_65_47_73_225_,88.50_88.40_88.30_88.20_88.10_,30_14_48_62_109_
11:47:56,88.60,1,8770,88.60_88.70_88.80_88.90_89.00_,36_65_47_73_225_,88.50_88.40_88.30_88.20_88.10_,30_14_48_62_109_
11:48:01,88.60,1,8770,88.60_88.70_88.80_88.90_89.00_,37_65_46_73_225_,88.50_88.40_88.30_88.20_88.10_,30_14_48_62_109_
11:48:11,88.60,1,8770,88.60_88.70_88.80_88.90_89.00_,37_65_47_73_225_,88.50_88.40_88.30_88.20_88.10_,30_14_48_65_109_
11:48:17,88.60,3,8773,88.60_88.70_88.80_88.90_89.00_,35_65_47_73_225_,88.50_88.40_88.30_88.20_88.10_,31_12_48_66_109_
11:48:22,88.60,1,8774,88.60_88.70_88.80_88.90_89.00_,34_65_47_73_225_,88.50_88.40_88.30_88.20_88.10_,31_12_48_66_109_
11:48:27,88.50,3,8777,88.60_88.70_88.80_88.90_89.00_,34_65_47_73_221_,88.50_88.40_88.30_88.20_88.10_,28_12_48_66_109_
11:48:32,88.50,1,8778,88.60_88.70_88.80_88.90_89.00_,34_65_47_73_221_,88.50_88.40_88.30_88.20_88.10_,27_12_48_66_109_
11:48:37,88.50,1,8779,88.60_88.70_88.80_88.90_89.00_,34_65_47_73_221_,88.50_88.40_88.30_88.20_88.10_,26_12_48_66_109_
11:49:03,88.50,4,8783,88.60_88.70_88.80_88.90_89.00_,34_65_47_73_221_,88.50_88.40_88.30_88.20_88.10_,22_12_48_66_109_
11:49:08,88.50,5,8788,88.60_88.70_88.80_88.90_89.00_,37_65_47_73_221_,88.50_88.40_88.30_88.20_88.10_,18_13_48_66_109_
11:49:13,88.60,1,8789,88.60_88.70_88.80_88.90_89.00_,36_65_47_73_221_,88.50_88.40_88.30_88.20_88.10_,18_13_48_66_110_
11:49:23,88.50,5,8794,88.60_88.70_88.80_88.90_89.00_,36_65_47_73_221_,88.50_88.40_88.30_88.20_88.10_,13_13_48_66_110_
11:49:28,88.50,1,8795,88.60_88.70_88.80_88.90_89.00_,36_65_47_73_221_,88.50_88.40_88.30_88.20_88.10_,12_13_51_66_110_
11:49:34,88.50,2,8797,88.60_88.70_88.80_88.90_89.00_,36_65_47_73_221_,88.50_88.40_88.30_88.20_88.10_,11_13_51_66_110_
11:49:39,88.50,2,8799,88.60_88.70_88.80_88.90_89.00_,36_65_47_73_221_,88.50_88.40_88.30_88.20_88.10_,9_13_51_66_110_
11:49:49,88.50,2,8799,88.60_88.70_88.80_88.90_89.00_,36_65_47_73_221_,88.50_88.40_88.30_88.20_88.10_,11_13_51_66_110_
11:49:59,88.50,6,8805,88.60_88.70_88.80_88.90_89.00_,36_65_47_73_221_,88.50_88.40_88.30_88.20_88.10_,5_13_51_66_110_
11:50:04,88.50,7,8812,88.60_88.70_88.80_88.90_89.00_,36_65_47_73_221_,88.40_88.30_88.20_88.10_88.00_,12_51_66_110_82_
11:50:09,88.50,7,8812,88.60_88.70_88.80_88.90_89.00_,39_65_47_73_221_,88.40_88.30_88.20_88.10_88.00_,12_51_66_65_127_
11:50:20,88.50,7,8812,88.60_88.70_88.80_88.90_89.00_,39_65_47_73_221_,88.50_88.40_88.30_88.20_88.10_,5_12_49_66_65_
11:50:25,88.50,7,8812,88.60_88.70_88.80_88.90_89.00_,39_65_47_73_221_,88.50_88.40_88.30_88.20_88.10_,5_12_48_66_110_
11:50:40,88.60,1,8813,88.60_88.70_88.80_88.90_89.00_,38_65_47_73_221_,88.50_88.40_88.30_88.20_88.10_,5_15_48_66_110_
11:50:45,88.60,1,8814,88.60_88.70_88.80_88.90_89.00_,38_65_47_83_221_,88.50_88.40_88.30_88.20_88.10_,8_12_49_66_110_
11:50:50,88.50,1,8815,88.60_88.70_88.80_88.90_89.00_,41_67_48_84_221_,88.50_88.40_88.30_88.20_88.10_,3_12_49_66_110_
11:50:56,88.50,1,8816,88.60_88.70_88.80_88.90_89.00_,41_67_48_84_221_,88.50_88.40_88.30_88.20_88.10_,2_12_49_66_110_
11:51:16,88.50,1,8816,88.60_88.70_88.80_88.90_89.00_,41_67_48_84_221_,88.50_88.40_88.30_88.20_88.10_,2_12_49_65_111_
11:51:26,88.50,1,8816,88.60_88.70_88.80_88.90_89.00_,41_67_48_84_221_,88.50_88.40_88.30_88.20_88.10_,2_15_49_65_111_
11:51:42,88.60,1,8817,88.60_88.70_88.80_88.90_89.00_,40_67_43_84_221_,88.50_88.40_88.30_88.20_88.10_,2_15_49_65_111_
11:51:47,88.60,1,8817,88.60_88.70_88.80_88.90_89.00_,40_67_43_84_221_,88.50_88.40_88.30_88.20_88.10_,2_15_49_65_110_
11:51:57,88.60,1,8818,88.60_88.70_88.80_88.90_89.00_,39_67_43_84_221_,88.50_88.40_88.30_88.20_88.10_,2_15_49_65_110_
11:52:02,88.50,1,8819,88.60_88.70_88.80_88.90_89.00_,39_67_43_84_221_,88.50_88.40_88.30_88.20_88.10_,1_15_49_65_110_
11:52:07,88.50,1,8820,88.60_88.70_88.80_88.90_89.00_,38_67_44_84_221_,88.40_88.30_88.20_88.10_88.00_,15_49_65_110_82_
11:52:12,88.50,1,8820,88.50_88.60_88.70_88.80_88.90_,5_37_67_44_83_,88.40_88.30_88.20_88.10_88.00_,16_49_65_65_127_
11:52:17,88.40,1,8821,88.50_88.60_88.70_88.80_88.90_,5_37_67_43_117_,88.40_88.30_88.20_88.10_88.00_,18_48_63_65_127_
11:52:22,88.40,1,8821,88.50_88.60_88.70_88.80_88.90_,5_37_67_43_117_,88.40_88.30_88.20_88.10_88.00_,20_48_63_65_127_
11:52:28,88.50,1,8822,88.50_88.60_88.70_88.80_88.90_,4_37_67_43_117_,88.40_88.30_88.20_88.10_88.00_,20_48_63_65_127_
11:52:33,88.50,1,8822,88.50_88.60_88.70_88.80_88.90_,7_36_67_43_117_,88.40_88.30_88.20_88.10_88.00_,20_48_63_65_127_
11:52:58,88.50,1,8822,88.50_88.60_88.70_88.80_88.90_,7_36_67_43_117_,88.40_88.30_88.20_88.10_88.00_,20_48_63_65_129_
11:53:03,88.50,2,8824,88.50_88.60_88.70_88.80_88.90_,5_36_67_43_117_,88.40_88.30_88.20_88.10_88.00_,20_48_63_65_129_
11:53:09,88.50,1,8825,88.50_88.60_88.70_88.80_88.90_,4_38_67_43_117_,88.40_88.30_88.20_88.10_88.00_,20_48_63_65_129_
11:53:14,88.50,1,8826,88.50_88.60_88.70_88.80_88.90_,6_38_67_43_117_,88.40_88.30_88.20_88.10_88.00_,20_48_63_65_129_
11:53:19,88.50,1,8827,88.50_88.60_88.70_88.80_88.90_,8_36_67_43_117_,88.40_88.30_88.20_88.10_88.00_,20_48_63_65_129_
11:53:24,88.40,2,8829,88.50_88.60_88.70_88.80_88.90_,4_36_67_43_117_,88.40_88.30_88.20_88.10_88.00_,18_48_63_65_129_
11:53:29,88.50,2,8831,88.50_88.60_88.70_88.80_88.90_,2_39_67_43_117_,88.40_88.30_88.20_88.10_88.00_,18_48_63_65_129_
11:53:39,88.40,1,8832,88.50_88.60_88.70_88.80_88.90_,2_39_67_43_117_,88.40_88.30_88.20_88.10_88.00_,17_48_63_65_129_
11:53:44,88.40,1,8832,88.50_88.60_88.70_88.80_88.90_,2_39_67_43_117_,88.40_88.30_88.20_88.10_88.00_,18_48_63_65_129_
11:53:55,88.40,3,8835,88.50_88.60_88.70_88.80_88.90_,2_39_67_43_117_,88.40_88.30_88.20_88.10_88.00_,15_48_63_65_129_
11:54:00,88.40,3,8835,88.50_88.60_88.70_88.80_88.90_,9_39_67_43_117_,88.40_88.30_88.20_88.10_88.00_,15_48_63_65_129_
11:54:05,88.40,3,8835,88.50_88.60_88.70_88.80_88.90_,12_36_67_43_117_,88.40_88.30_88.20_88.10_88.00_,15_48_63_65_129_
11:54:10,88.40,3,8835,88.50_88.60_88.70_88.80_88.90_,12_36_67_43_117_,88.40_88.30_88.20_88.10_88.00_,16_48_63_65_129_
11:54:15,88.40,3,8835,88.50_88.60_88.70_88.80_88.90_,12_36_67_43_117_,88.40_88.30_88.20_88.10_88.00_,17_48_63_65_129_
11:54:20,88.40,3,8838,88.50_88.60_88.70_88.80_88.90_,17_36_67_43_117_,88.40_88.30_88.20_88.10_88.00_,15_48_63_65_129_
11:54:30,88.50,1,8839,88.50_88.60_88.70_88.80_88.90_,16_39_67_43_117_,88.40_88.30_88.20_88.10_88.00_,18_48_63_65_129_
11:54:36,88.40,2,8841,88.50_88.60_88.70_88.80_88.90_,16_39_67_43_117_,88.40_88.30_88.20_88.10_88.00_,16_48_63_65_129_
11:54:46,88.40,1,8842,88.50_88.60_88.70_88.80_88.90_,16_39_67_43_117_,88.40_88.30_88.20_88.10_88.00_,16_48_63_65_129_
11:54:51,88.40,1,8842,88.50_88.60_88.70_88.80_88.90_,16_39_67_43_117_,88.40_88.30_88.20_88.10_88.00_,20_48_63_65_129_
11:54:56,88.40,1,8842,88.50_88.60_88.70_88.80_88.90_,16_39_67_43_117_,88.40_88.30_88.20_88.10_88.00_,25_48_63_65_129_
11:55:06,88.50,1,8843,88.50_88.60_88.70_88.80_88.90_,15_49_67_43_117_,88.40_88.30_88.20_88.10_88.00_,27_48_63_65_129_
11:55:22,88.50,1,8843,88.50_88.60_88.70_88.80_88.90_,15_49_67_43_117_,88.40_88.30_88.20_88.10_88.00_,27_49_63_66_129_
11:55:27,88.50,1,8844,88.50_88.60_88.70_88.80_88.90_,14_49_67_43_117_,88.40_88.30_88.20_88.10_88.00_,27_49_63_66_129_
11:55:32,88.50,1,8845,88.50_88.60_88.70_88.80_88.90_,15_49_67_43_117_,88.40_88.30_88.20_88.10_88.00_,27_49_63_66_129_
11:55:42,88.50,1,8845,88.50_88.60_88.70_88.80_88.90_,16_49_67_43_117_,88.40_88.30_88.20_88.10_88.00_,27_49_63_66_129_
11:55:47,88.50,1,8845,88.50_88.60_88.70_88.80_88.90_,22_48_66_43_117_,88.40_88.30_88.20_88.10_88.00_,27_49_63_66_129_
11:55:52,88.50,1,8845,88.50_88.60_88.70_88.80_88.90_,22_48_66_43_117_,88.40_88.30_88.20_88.10_88.00_,27_50_63_66_129_
11:55:58,88.40,2,8847,88.50_88.60_88.70_88.80_88.90_,22_48_66_43_117_,88.40_88.30_88.20_88.10_88.00_,26_50_63_67_129_
11:56:08,88.40,2,8847,88.50_88.60_88.70_88.80_88.90_,22_48_66_43_117_,88.40_88.30_88.20_88.10_88.00_,27_50_63_67_129_
11:56:13,88.50,2,8849,88.50_88.60_88.70_88.80_88.90_,20_48_66_43_117_,88.40_88.30_88.20_88.10_88.00_,27_50_63_67_129_
11:56:18,88.40,1,8850,88.50_88.60_88.70_88.80_88.90_,20_48_66_43_117_,88.40_88.30_88.20_88.10_88.00_,26_50_63_67_129_
11:56:44,88.50,1,8851,88.50_88.60_88.70_88.80_88.90_,19_48_66_43_117_,88.40_88.30_88.20_88.10_88.00_,31_50_63_67_129_
11:56:49,88.50,1,8851,88.50_88.60_88.70_88.80_88.90_,21_48_66_43_117_,88.40_88.30_88.20_88.10_88.00_,31_50_63_67_129_
11:56:54,88.50,1,8851,88.50_88.60_88.70_88.80_88.90_,21_48_66_43_117_,88.40_88.30_88.20_88.10_88.00_,31_50_63_67_130_
11:57:05,88.50,1,8851,88.50_88.60_88.70_88.80_88.90_,22_48_66_43_117_,88.40_88.30_88.20_88.10_88.00_,32_50_63_67_130_
11:57:10,88.50,1,8852,88.50_88.60_88.70_88.80_88.90_,21_48_66_43_117_,88.40_88.30_88.20_88.10_88.00_,32_49_63_66_130_
11:57:20,88.50,1,8852,88.50_88.60_88.70_88.80_88.90_,22_48_66_43_117_,88.40_88.30_88.20_88.10_88.00_,32_49_63_66_130_
11:57:30,88.40,1,8853,88.50_88.60_88.70_88.80_88.90_,22_48_66_43_117_,88.40_88.30_88.20_88.10_88.00_,31_49_63_66_130_
11:57:35,88.40,1,8853,88.50_88.60_88.70_88.80_88.90_,23_45_66_43_117_,88.40_88.30_88.20_88.10_88.00_,31_49_63_66_130_
11:57:40,88.40,1,8853,88.50_88.60_88.70_88.80_88.90_,23_45_66_43_117_,88.40_88.30_88.20_88.10_88.00_,33_49_63_66_130_
11:57:46,88.40,1,8853,88.50_88.60_88.70_88.80_88.90_,23_45_66_43_117_,88.40_88.30_88.20_88.10_88.00_,43_50_63_66_130_
11:57:51,88.40,1,8853,88.50_88.60_88.70_88.80_88.90_,23_45_66_43_117_,88.40_88.30_88.20_88.10_88.00_,44_49_63_66_130_
11:57:56,88.50,1,8854,88.50_88.60_88.70_88.80_88.90_,22_45_66_43_117_,88.40_88.30_88.20_88.10_88.00_,44_49_63_66_130_
11:58:22,88.50,18,8872,88.50_88.60_88.70_88.80_88.90_,4_45_66_43_117_,88.40_88.30_88.20_88.10_88.00_,44_49_63_66_130_
11:58:27,88.50,5,8877,88.50_88.60_88.70_88.80_88.90_,4_45_66_43_117_,88.40_88.30_88.20_88.10_88.00_,43_49_63_66_130_
11:58:32,88.50,5,8877,88.50_88.60_88.70_88.80_88.90_,4_52_66_43_117_,88.40_88.30_88.20_88.10_88.00_,43_49_63_66_130_
11:58:37,88.40,20,8897,88.50_88.60_88.70_88.80_88.90_,4_52_66_43_117_,88.40_88.30_88.20_88.10_88.00_,24_49_63_66_130_
11:58:42,88.40,5,8902,88.50_88.60_88.70_88.80_88.90_,4_55_66_43_117_,88.40_88.30_88.20_88.10_88.00_,23_48_63_66_130_
11:58:57,88.50,1,8903,88.50_88.60_88.70_88.80_88.90_,3_55_66_43_117_,88.40_88.30_88.20_88.10_88.00_,26_48_63_66_130_
11:59:02,88.40,5,8908,88.50_88.60_88.70_88.80_88.90_,3_55_66_43_117_,88.40_88.30_88.20_88.10_88.00_,21_48_63_66_130_
11:59:08,88.50,4,8912,88.60_88.70_88.80_88.90_89.00_,55_66_43_117_185_,88.50_88.40_88.30_88.20_88.10_,2_21_48_63_66_
11:59:13,88.50,3,8915,88.60_88.70_88.80_88.90_89.00_,54_66_43_87_215_,88.50_88.40_88.30_88.20_88.10_,2_19_48_64_110_
11:59:18,88.50,2,8917,88.60_88.70_88.80_88.90_89.00_,54_66_43_87_215_,88.40_88.30_88.20_88.10_88.00_,18_49_64_110_85_
11:59:23,88.40,3,8920,88.50_88.60_88.70_88.80_88.90_,8_55_69_43_87_,88.40_88.30_88.20_88.10_88.00_,15_59_64_65_130_
11:59:28,88.40,3,8920,88.50_88.60_88.70_88.80_88.90_,13_50_69_43_117_,88.40_88.30_88.20_88.10_88.00_,15_59_63_66_130_
11:59:33,88.40,3,8920,88.50_88.60_88.70_88.80_88.90_,13_50_69_43_117_,88.40_88.30_88.20_88.10_88.00_,15_59_64_61_136_
11:59:59,88.40,3,8920,88.50_88.60_88.70_88.80_88.90_,13_50_69_43_117_,88.40_88.30_88.20_88.10_88.00_,15_60_64_61_136_
12:00:04,88.40,3,8920,88.50_88.60_88.70_88.80_88.90_,13_50_69_43_117_,88.40_88.30_88.20_88.10_88.00_,15_60_65_61_136_
12:00:09,88.40,3,8920,88.50_88.60_88.70_88.80_88.90_,13_50_69_43_117_,88.40_88.30_88.20_88.10_88.00_,15_60_66_61_136_
12:00:14,88.40,3,8920,88.50_88.60_88.70_88.80_88.90_,13_50_69_43_117_,88.40_88.30_88.20_88.10_88.00_,18_59_66_61_136_
12:00:19,88.50,1,8921,88.50_88.60_88.70_88.80_88.90_,9_50_69_43_117_,88.40_88.30_88.20_88.10_88.00_,18_59_65_62_137_
12:00:24,88.50,1,8921,88.50_88.60_88.70_88.80_88.90_,9_52_69_43_117_,88.40_88.30_88.20_88.10_88.00_,18_60_66_62_137_
12:00:30,88.50,1,8922,88.50_88.60_88.70_88.80_88.90_,13_52_69_43_117_,88.40_88.30_88.20_88.10_88.00_,18_60_66_62_137_
12:00:35,88.40,2,8924,88.50_88.60_88.70_88.80_88.90_,15_51_69_43_117_,88.40_88.30_88.20_88.10_88.00_,17_60_66_62_137_
12:00:40,88.40,2,8924,88.50_88.60_88.70_88.80_88.90_,21_51_69_43_117_,88.40_88.30_88.20_88.10_88.00_,17_60_66_62_137_
12:00:50,88.40,2,8924,88.50_88.60_88.70_88.80_88.90_,23_51_69_43_117_,88.40_88.30_88.20_88.10_88.00_,17_60_66_62_137_
12:01:21,88.40,2,8924,88.50_88.60_88.70_88.80_88.90_,23_51_69_43_117_,88.40_88.30_88.20_88.10_88.00_,32_60_66_62_137_
12:01:26,88.40,2,8924,88.50_88.60_88.70_88.80_88.90_,23_51_69_43_117_,88.40_88.30_88.20_88.10_88.00_,33_60_66_62_137_
12:01:31,88.50,1,8925,88.50_88.60_88.70_88.80_88.90_,22_51_69_43_117_,88.40_88.30_88.20_88.10_88.00_,33_60_66_62_137_
12:01:36,88.40,2,8927,88.50_88.60_88.70_88.80_88.90_,22_50_69_43_117_,88.40_88.30_88.20_88.10_88.00_,31_60_66_62_137_
12:01:46,88.40,2,8927,88.50_88.60_88.70_88.80_88.90_,22_50_69_43_117_,88.40_88.30_88.20_88.10_88.00_,31_65_66_62_137_
12:01:51,88.40,2,8927,88.50_88.60_88.70_88.80_88.90_,22_50_69_44_117_,88.40_88.30_88.20_88.10_88.00_,31_65_66_62_137_
12:01:57,88.40,6,8933,88.50_88.60_88.70_88.80_88.90_,22_50_69_44_117_,88.40_88.30_88.20_88.10_88.00_,25_65_66_62_137_
12:02:02,88.50,1,8934,88.50_88.60_88.70_88.80_88.90_,21_49_69_44_117_,88.40_88.30_88.20_88.10_88.00_,25_65_66_62_137_
12:02:07,88.40,2,8936,88.50_88.60_88.70_88.80_88.90_,24_49_69_44_117_,88.40_88.30_88.20_88.10_88.00_,24_65_66_62_137_
12:02:22,88.40,2,8936,88.50_88.60_88.70_88.80_88.90_,25_49_69_44_117_,88.40_88.30_88.20_88.10_88.00_,24_65_66_62_137_
12:02:33,88.50,2,8938,88.50_88.60_88.70_88.80_88.90_,23_49_69_44_117_,88.40_88.30_88.20_88.10_88.00_,24_65_66_62_137_
12:02:38,88.50,2,8938,88.50_88.60_88.70_88.80_88.90_,25_49_69_44_117_,88.40_88.30_88.20_88.10_88.00_,24_65_66_62_137_
12:02:43,88.50,1,8939,88.50_88.60_88.70_88.80_88.90_,24_49_69_44_117_,88.40_88.30_88.20_88.10_88.00_,24_65_66_62_137_
12:02:53,88.50,1,8939,88.50_88.60_88.70_88.80_88.90_,24_49_69_44_117_,88.40_88.30_88.20_88.10_88.00_,26_65_66_62_137_
12:02:58,88.50,1,8939,88.50_88.60_88.70_88.80_88.90_,25_49_69_44_117_,88.40_88.30_88.20_88.10_88.00_,26_65_66_62_137_
12:03:14,88.40,1,8940,88.50_88.60_88.70_88.80_88.90_,28_49_69_44_117_,88.40_88.30_88.20_88.10_88.00_,25_65_66_62_137_
12:03:24,88.50,1,8941,88.50_88.60_88.70_88.80_88.90_,27_49_69_44_117_,88.40_88.30_88.20_88.10_88.00_,25_65_66_62_137_
12:03:44,88.50,2,8943,88.50_88.60_88.70_88.80_88.90_,25_49_69_44_117_,88.40_88.30_88.20_88.10_88.00_,25_65_66_62_137_
12:03:55,88.50,1,8944,88.50_88.60_88.70_88.80_88.90_,24_49_69_44_117_,88.40_88.30_88.20_88.10_88.00_,25_65_66_62_137_
12:04:05,88.50,1,8944,88.50_88.60_88.70_88.80_88.90_,24_49_69_44_118_,88.40_88.30_88.20_88.10_88.00_,25_65_66_62_137_
12:04:15,88.50,1,8944,88.50_88.60_88.70_88.80_88.90_,30_49_69_44_118_,88.40_88.30_88.20_88.10_88.00_,25_65_66_62_137_
12:04:30,88.50,1,8944,88.50_88.60_88.70_88.80_88.90_,30_49_69_44_118_,88.40_88.30_88.20_88.10_88.00_,28_65_66_62_137_
12:04:41,88.50,5,8949,88.50_88.60_88.70_88.80_88.90_,28_49_69_44_118_,88.40_88.30_88.20_88.10_88.00_,28_65_66_62_137_
12:04:46,88.50,5,8954,88.50_88.60_88.70_88.80_88.90_,26_49_69_44_118_,88.40_88.30_88.20_88.10_88.00_,28_65_66_62_137_
12:04:51,88.40,1,8955,88.50_88.60_88.70_88.80_88.90_,30_49_69_44_118_,88.40_88.30_88.20_88.10_88.00_,27_65_66_62_137_
12:05:01,88.50,1,8956,88.50_88.60_88.70_88.80_88.90_,32_49_69_44_118_,88.40_88.30_88.20_88.10_88.00_,33_65_66_62_137_
12:05:06,88.50,1,8957,88.50_88.60_88.70_88.80_88.90_,31_49_69_44_118_,88.40_88.30_88.20_88.10_88.00_,33_65_66_62_137_
12:05:11,88.50,10,8967,88.50_88.60_88.70_88.80_88.90_,21_49_69_44_118_,88.40_88.30_88.20_88.10_88.00_,33_65_66_62_137_
12:05:16,88.50,10,8967,88.50_88.60_88.70_88.80_88.90_,27_49_69_44_118_,88.40_88.30_88.20_88.10_88.00_,33_64_66_62_137_
12:05:22,88.50,10,8967,88.50_88.60_88.70_88.80_88.90_,27_49_69_44_118_,88.40_88.30_88.20_88.10_88.00_,39_64_67_62_137_
12:05:27,88.50,10,8967,88.50_88.60_88.70_88.80_88.90_,27_49_69_44_118_,88.40_88.30_88.20_88.10_88.00_,39_64_66_62_137_
12:05:32,88.50,5,8972,88.50_88.60_88.70_88.80_88.90_,22_49_69_44_118_,88.40_88.30_88.20_88.10_88.00_,39_64_66_62_137_
12:05:37,88.50,5,8972,88.50_88.60_88.70_88.80_88.90_,22_55_69_44_118_,88.40_88.30_88.20_88.10_88.00_,39_64_66_62_137_
12:05:42,88.50,5,8972,88.50_88.60_88.70_88.80_88.90_,24_55_69_44_118_,88.40_88.30_88.20_88.10_88.00_,39_64_66_62_137_
12:05:47,88.50,15,8987,88.50_88.60_88.70_88.80_88.90_,9_55_69_44_118_,88.40_88.30_88.20_88.10_88.00_,39_64_66_62_127_
12:05:52,88.50,15,8987,88.50_88.60_88.70_88.80_88.90_,15_55_69_44_118_,88.40_88.30_88.20_88.10_88.00_,39_64_66_62_127_
12:05:57,88.50,7,8994,88.50_88.60_88.70_88.80_88.90_,10_55_69_44_118_,88.40_88.30_88.20_88.10_88.00_,49_64_66_62_127_
12:06:03,88.50,7,8994,88.50_88.60_88.70_88.80_88.90_,13_55_69_44_118_,88.40_88.30_88.20_88.10_88.00_,49_64_66_62_127_
12:06:08,88.50,10,9004,88.50_88.60_88.70_88.80_88.90_,3_55_69_44_118_,88.40_88.30_88.20_88.10_88.00_,49_64_66_62_127_
12:06:13,88.50,1,9005,88.50_88.60_88.70_88.80_88.90_,1_58_69_47_118_,88.40_88.30_88.20_88.10_88.00_,49_64_66_62_127_
12:06:18,88.60,1,9006,88.60_88.70_88.80_88.90_89.00_,59_69_47_118_208_,88.40_88.30_88.20_88.10_88.00_,49_64_66_62_127_
12:06:23,88.60,1,9006,88.60_88.70_88.80_88.90_89.00_,59_69_47_88_238_,88.50_88.40_88.30_88.20_88.10_,2_49_64_67_61_
12:06:28,88.60,1,9006,88.60_88.70_88.80_88.90_89.00_,58_69_47_88_238_,88.50_88.40_88.30_88.20_88.10_,11_35_63_67_106_
12:06:39,88.50,3,9009,88.60_88.70_88.80_88.90_89.00_,58_69_47_88_238_,88.50_88.40_88.30_88.20_88.10_,8_35_63_67_106_
12:06:44,88.50,3,9012,88.60_88.70_88.80_88.90_89.00_,58_69_47_88_238_,88.50_88.40_88.30_88.20_88.10_,15_35_63_67_106_
12:06:59,88.50,3,9012,88.60_88.70_88.80_88.90_89.00_,58_69_46_88_238_,88.50_88.40_88.30_88.20_88.10_,15_35_63_67_106_
12:07:04,88.50,1,9013,88.60_88.70_88.80_88.90_89.00_,58_69_46_88_238_,88.50_88.40_88.30_88.20_88.10_,14_35_63_67_106_
12:07:09,88.50,1,9014,88.60_88.70_88.80_88.90_89.00_,57_69_46_88_238_,88.50_88.40_88.30_88.20_88.10_,13_35_63_67_106_
12:07:15,88.50,1,9014,88.60_88.70_88.80_88.90_89.00_,57_69_46_88_238_,88.50_88.40_88.30_88.20_88.10_,14_34_63_67_106_
12:07:20,88.50,13,9027,88.60_88.70_88.80_88.90_89.00_,57_69_46_88_238_,88.50_88.40_88.30_88.20_88.10_,1_34_63_67_106_
12:07:25,88.40,3,9030,88.60_88.70_88.80_88.90_89.00_,63_69_46_88_238_,88.40_88.30_88.20_88.10_88.00_,33_63_67_106_82_
12:07:30,88.40,3,9033,88.50_88.60_88.70_88.80_88.90_,3_65_69_46_88_,88.40_88.30_88.20_88.10_88.00_,36_63_67_61_127_
12:07:35,88.40,3,9033,88.50_88.60_88.70_88.80_88.90_,6_65_69_46_118_,88.40_88.30_88.20_88.10_88.00_,36_63_66_62_127_
12:07:45,88.40,3,9033,88.50_88.60_88.70_88.80_88.90_,6_65_69_46_118_,88.40_88.30_88.20_88.10_88.00_,38_63_66_62_127_
12:08:01,88.40,3,9033,88.50_88.60_88.70_88.80_88.90_,15_65_69_46_118_,88.40_88.30_88.20_88.10_88.00_,39_63_67_62_127_
12:08:06,88.40,3,9033,88.50_88.60_88.70_88.80_88.90_,19_62_69_46_118_,88.40_88.30_88.20_88.10_88.00_,40_65_67_63_127_
12:08:21,88.40,1,9034,88.50_88.60_88.70_88.80_88.90_,29_62_69_46_118_,88.40_88.30_88.20_88.10_88.00_,39_65_67_63_127_
12:08:26,88.40,1,9034,88.50_88.60_88.70_88.80_88.90_,31_60_69_46_118_,88.40_88.30_88.20_88.10_88.00_,39_65_67_73_127_
12:08:31,88.50,10,9044,88.50_88.60_88.70_88.80_88.90_,21_60_69_46_118_,88.40_88.30_88.20_88.10_88.00_,39_65_67_73_127_
12:08:37,88.40,2,9046,88.50_88.60_88.70_88.80_88.90_,26_57_69_46_118_,88.40_88.30_88.20_88.10_88.00_,37_65_67_73_127_
12:08:42,88.50,1,9047,88.50_88.60_88.70_88.80_88.90_,31_57_69_46_118_,88.40_88.30_88.20_88.10_88.00_,37_65_67_73_127_
12:08:47,88.50,1,9047,88.50_88.60_88.70_88.80_88.90_,33_57_69_46_118_,88.40_88.30_88.20_88.10_88.00_,37_65_67_73_127_
12:08:52,88.50,1,9047,88.50_88.60_88.70_88.80_88.90_,33_57_69_46_118_,88.40_88.30_88.20_88.10_88.00_,47_65_67_73_127_
12:08:57,88.40,3,9050,88.50_88.60_88.70_88.80_88.90_,33_51_69_47_118_,88.40_88.30_88.20_88.10_88.00_,45_65_67_73_127_
12:09:02,88.40,3,9050,88.50_88.60_88.70_88.80_88.90_,29_51_69_47_118_,88.40_88.30_88.20_88.10_88.00_,45_65_67_73_127_
12:09:07,88.40,4,9054,88.50_88.60_88.70_88.80_88.90_,29_51_69_47_118_,88.40_88.30_88.20_88.10_88.00_,41_65_67_73_127_
12:09:12,88.40,3,9057,88.50_88.60_88.70_88.80_88.90_,29_51_69_47_118_,88.40_88.30_88.20_88.10_88.00_,39_65_67_73_127_
12:09:23,88.40,3,9057,88.50_88.60_88.70_88.80_88.90_,23_51_69_47_118_,88.40_88.30_88.20_88.10_88.00_,40_65_67_73_127_
12:09:28,88.40,3,9057,88.50_88.60_88.70_88.80_88.90_,23_51_69_47_118_,88.40_88.30_88.20_88.10_88.00_,37_65_67_73_127_
12:09:54,88.50,1,9058,88.50_88.60_88.70_88.80_88.90_,22_51_69_47_118_,88.40_88.30_88.20_88.10_88.00_,37_65_67_73_127_
12:09:59,88.50,1,9058,88.50_88.60_88.70_88.80_88.90_,22_51_69_47_118_,88.40_88.30_88.20_88.10_88.00_,45_65_67_73_127_
12:10:04,88.50,1,9058,88.50_88.60_88.70_88.80_88.90_,22_51_69_47_118_,88.40_88.30_88.20_88.10_88.00_,46_65_67_73_127_
12:10:09,88.50,1,9058,88.50_88.60_88.70_88.80_88.90_,22_51_69_47_118_,88.40_88.30_88.20_88.10_88.00_,46_64_67_73_127_
12:10:14,88.50,20,9078,88.50_88.60_88.70_88.80_88.90_,2_51_69_47_118_,88.40_88.30_88.20_88.10_88.00_,46_64_67_73_127_
12:10:19,88.50,1,9079,88.50_88.60_88.70_88.80_88.90_,2_57_69_47_118_,88.40_88.30_88.20_88.10_88.00_,48_64_67_73_127_
12:10:24,88.50,1,9079,88.50_88.60_88.70_88.80_88.90_,2_57_69_47_118_,88.40_88.30_88.20_88.10_88.00_,48_66_67_74_127_
12:10:35,88.50,1,9079,88.50_88.60_88.70_88.80_88.90_,2_57_69_47_118_,88.40_88.30_88.20_88.10_88.00_,48_66_67_74_117_
12:10:50,88.50,1,9080,88.50_88.60_88.70_88.80_88.90_,6_57_69_47_118_,88.40_88.30_88.20_88.10_88.00_,48_66_67_74_117_
12:10:55,88.50,1,9080,88.50_88.60_88.70_88.80_88.90_,10_54_69_47_118_,88.40_88.30_88.20_88.10_88.00_,48_66_67_74_117_
12:11:05,88.50,1,9081,88.50_88.60_88.70_88.80_88.90_,9_54_69_47_118_,88.40_88.30_88.20_88.10_88.00_,48_66_67_74_117_
12:11:21,88.50,1,9081,88.50_88.60_88.70_88.80_88.90_,11_54_69_48_118_,88.40_88.30_88.20_88.10_88.00_,48_66_67_74_117_
12:11:26,88.50,1,9081,88.50_88.60_88.70_88.80_88.90_,13_53_69_48_118_,88.40_88.30_88.20_88.10_88.00_,48_66_67_74_117_
12:11:46,88.40,3,9084,88.50_88.60_88.70_88.80_88.90_,14_53_69_48_118_,88.40_88.30_88.20_88.10_88.00_,48_66_67_74_117_
12:11:51,88.40,3,9084,88.50_88.60_88.70_88.80_88.90_,16_52_69_48_118_,88.40_88.30_88.20_88.10_88.00_,48_66_67_74_117_
12:11:56,88.50,3,9087,88.50_88.60_88.70_88.80_88.90_,13_52_69_48_118_,88.40_88.30_88.20_88.10_88.00_,48_66_67_74_117_
12:12:02,88.40,2,9089,88.50_88.60_88.70_88.80_88.90_,13_52_68_48_118_,88.40_88.30_88.20_88.10_88.00_,48_66_67_74_117_
12:12:07,88.40,2,9089,88.50_88.60_88.70_88.80_88.90_,13_54_68_48_118_,88.40_88.30_88.20_88.10_88.00_,48_65_68_74_117_
12:12:17,88.50,1,9090,88.50_88.60_88.70_88.80_88.90_,12_54_68_48_118_,88.40_88.30_88.20_88.10_88.00_,48_65_68_74_117_
12:12:22,88.50,1,9091,88.50_88.60_88.70_88.80_88.90_,12_56_68_48_118_,88.40_88.30_88.20_88.10_88.00_,48_65_68_74_117_
12:12:27,88.50,1,9091,88.50_88.60_88.70_88.80_88.90_,12_58_68_48_118_,88.40_88.30_88.20_88.10_88.00_,48_65_68_74_117_
12:12:43,88.50,10,9101,88.50_88.60_88.70_88.80_88.90_,2_58_68_38_118_,88.40_88.30_88.20_88.10_88.00_,48_65_68_74_117_
12:12:48,88.50,1,9102,88.50_88.60_88.70_88.80_88.90_,14_60_68_38_118_,88.40_88.30_88.20_88.10_88.00_,50_65_68_74_117_
12:12:53,88.50,1,9102,88.50_88.60_88.70_88.80_88.90_,17_55_68_38_118_,88.40_88.30_88.20_88.10_88.00_,49_66_68_74_118_
12:12:58,88.50,1,9102,88.50_88.60_88.70_88.80_88.90_,23_55_68_38_118_,88.40_88.30_88.20_88.10_88.00_,49_66_68_74_118_
12:13:19,88.40,2,9104,88.50_88.60_88.70_88.80_88.90_,23_53_68_38_118_,88.40_88.30_88.20_88.10_88.00_,47_66_68_74_118_
12:13:24,88.50,1,9105,88.50_88.60_88.70_88.80_88.90_,22_53_68_38_118_,88.40_88.30_88.20_88.10_88.00_,47_66_68_74_118_
12:13:29,88.50,1,9106,88.50_88.60_88.70_88.80_88.90_,22_53_68_38_118_,88.40_88.30_88.20_88.10_88.00_,47_66_68_74_118_
12:13:34,88.40,2,9108,88.50_88.60_88.70_88.80_88.90_,23_53_68_38_118_,88.40_88.30_88.20_88.10_88.00_,45_66_68_74_118_
12:13:44,88.40,2,9108,88.50_88.60_88.70_88.80_88.90_,24_53_68_38_118_,88.40_88.30_88.20_88.10_88.00_,45_66_68_74_118_
12:13:49,88.40,2,9108,88.50_88.60_88.70_88.80_88.90_,26_51_68_38_118_,88.40_88.30_88.20_88.10_88.00_,45_66_68_74_118_
12:13:54,88.50,1,9109,88.50_88.60_88.70_88.80_88.90_,27_51_68_36_118_,88.40_88.30_88.20_88.10_88.00_,45_66_68_74_118_
12:14:00,88.40,1,9110,88.50_88.60_88.70_88.80_88.90_,28_51_68_36_118_,88.40_88.30_88.20_88.10_88.00_,45_66_68_74_118_
12:14:05,88.40,1,9110,88.50_88.60_88.70_88.80_88.90_,28_51_68_36_118_,88.40_88.30_88.20_88.10_88.00_,47_66_69_73_118_
12:14:10,88.50,2,9112,88.50_88.60_88.70_88.80_88.90_,27_51_69_36_118_,88.40_88.30_88.20_88.10_88.00_,47_66_68_74_118_
12:14:15,88.40,3,9115,88.50_88.60_88.70_88.80_88.90_,27_52_69_36_118_,88.40_88.30_88.20_88.10_88.00_,44_66_68_74_118_
12:14:20,88.40,1,9116,88.50_88.60_88.70_88.80_88.90_,29_50_69_36_118_,88.40_88.30_88.20_88.10_88.00_,45_66_69_73_118_
12:14:25,88.40,1,9116,88.50_88.60_88.70_88.80_88.90_,35_50_69_36_118_,88.40_88.30_88.20_88.10_88.00_,47_66_69_73_118_
12:14:30,88.40,1,9116,88.50_88.60_88.70_88.80_88.90_,35_49_69_36_118_,88.40_88.30_88.20_88.10_88.00_,47_66_69_73_118_
12:14:41,88.40,3,9119,88.50_88.60_88.70_88.80_88.90_,36_46_69_36_118_,88.40_88.30_88.20_88.10_88.00_,47_66_69_73_118_
12:14:46,88.40,1,9120,88.50_88.60_88.70_88.80_88.90_,26_46_69_36_118_,88.40_88.30_88.20_88.10_88.00_,46_67_69_73_118_
12:14:51,88.50,1,9121,88.50_88.60_88.70_88.80_88.90_,25_46_69_36_118_,88.40_88.30_88.20_88.10_88.00_,46_67_69_73_118_
12:14:56,88.40,20,9141,88.50_88.60_88.70_88.80_88.90_,25_46_69_36_118_,88.40_88.30_88.20_88.10_88.00_,26_67_68_74_118_
12:15:01,88.40,6,9147,88.50_88.60_88.70_88.80_88.90_,27_46_69_36_118_,88.40_88.30_88.20_88.10_88.00_,21_66_70_72_118_
12:15:06,88.40,2,9149,88.50_88.60_88.70_88.80_88.90_,27_46_70_36_118_,88.40_88.30_88.20_88.10_88.00_,19_66_70_72_118_
12:15:11,88.50,1,9150,88.50_88.60_88.70_88.80_88.90_,26_46_70_36_118_,88.40_88.30_88.20_88.10_88.00_,19_65_68_72_118_
12:15:16,88.50,1,9150,88.50_88.60_88.70_88.80_88.90_,19_46_70_36_118_,88.40_88.30_88.20_88.10_88.00_,22_65_67_74_118_
12:15:22,88.50,1,9150,88.50_88.60_88.70_88.80_88.90_,19_46_70_36_118_,88.40_88.30_88.20_88.10_88.00_,22_65_67_73_118_
12:15:27,88.40,1,9151,88.50_88.60_88.70_88.80_88.90_,19_46_70_36_118_,88.40_88.30_88.20_88.10_88.00_,23_65_67_73_118_
12:15:32,88.40,1,9151,88.50_88.60_88.70_88.80_88.90_,19_46_70_36_118_,88.40_88.30_88.20_88.10_88.00_,23_65_68_72_118_
12:15:42,88.40,1,9151,88.50_88.60_88.70_88.80_88.90_,19_46_70_36_118_,88.40_88.30_88.20_88.10_88.00_,26_65_68_72_118_
12:15:52,88.50,1,9152,88.50_88.60_88.70_88.80_88.90_,21_46_70_36_118_,88.40_88.30_88.20_88.10_88.00_,26_65_68_72_118_
12:15:58,88.50,1,9153,88.50_88.60_88.70_88.80_88.90_,20_46_70_36_118_,88.40_88.30_88.20_88.10_88.00_,26_65_67_73_118_
12:16:13,88.50,3,9156,88.50_88.60_88.70_88.80_88.90_,28_46_70_36_118_,88.40_88.30_88.20_88.10_88.00_,26_65_67_73_118_
12:16:23,88.50,3,9156,88.50_88.60_88.70_88.80_88.90_,28_46_70_36_118_,88.40_88.30_88.20_88.10_88.00_,26_65_67_73_119_
12:16:34,88.50,3,9156,88.50_88.60_88.70_88.80_88.90_,28_46_69_36_118_,88.40_88.30_88.20_88.10_88.00_,26_65_67_73_119_
12:16:39,88.50,1,9157,88.50_88.60_88.70_88.80_88.90_,27_46_68_36_118_,88.40_88.30_88.20_88.10_88.00_,26_65_67_73_119_
12:16:44,88.50,1,9158,88.50_88.60_88.70_88.80_88.90_,26_46_68_36_118_,88.40_88.30_88.20_88.10_88.00_,26_65_67_73_119_
12:16:49,88.40,1,9159,88.50_88.60_88.70_88.80_88.90_,27_46_68_36_118_,88.40_88.30_88.20_88.10_88.00_,25_63_67_73_119_
12:16:54,88.40,1,9159,88.50_88.60_88.70_88.80_88.90_,27_46_68_36_118_,88.40_88.30_88.20_88.10_88.00_,26_63_68_72_119_
12:17:04,88.50,1,9160,88.50_88.60_88.70_88.80_88.90_,26_46_68_36_118_,88.40_88.30_88.20_88.10_88.00_,26_63_68_72_119_
12:17:09,88.40,1,9161,88.50_88.60_88.70_88.80_88.90_,26_46_68_36_118_,88.40_88.30_88.20_88.10_88.00_,25_63_67_73_119_
12:17:15,88.40,1,9161,88.50_88.60_88.70_88.80_88.90_,26_46_68_36_118_,88.40_88.30_88.20_88.10_88.00_,25_63_67_72_119_
12:17:20,88.50,1,9162,88.50_88.60_88.70_88.80_88.90_,25_46_68_36_118_,88.40_88.30_88.20_88.10_88.00_,25_63_67_72_119_
12:17:25,88.50,1,9162,88.50_88.60_88.70_88.80_88.90_,33_46_68_36_118_,88.40_88.30_88.20_88.10_88.00_,25_63_66_73_119_
12:17:35,88.50,1,9163,88.50_88.60_88.70_88.80_88.90_,34_46_68_36_118_,88.40_88.30_88.20_88.10_88.00_,25_63_66_73_119_
12:17:45,88.50,1,9164,88.50_88.60_88.70_88.80_88.90_,33_46_68_36_118_,88.40_88.30_88.20_88.10_88.00_,25_63_66_73_119_
12:17:51,88.50,1,9164,88.50_88.60_88.70_88.80_88.90_,35_46_68_36_118_,88.40_88.30_88.20_88.10_88.00_,25_63_66_73_119_
12:17:56,88.50,1,9164,88.50_88.60_88.70_88.80_88.90_,43_46_68_36_118_,88.40_88.30_88.20_88.10_88.00_,25_63_66_73_114_
12:18:01,88.50,2,9166,88.50_88.60_88.70_88.80_88.90_,47_46_68_36_118_,88.40_88.30_88.20_88.10_88.00_,25_63_66_73_114_
12:18:06,88.40,1,9167,88.50_88.60_88.70_88.80_88.90_,47_46_68_36_118_,88.40_88.30_88.20_88.10_88.00_,24_65_66_73_114_
12:18:11,88.50,4,9171,88.50_88.60_88.70_88.80_88.90_,43_46_68_36_118_,88.40_88.30_88.20_88.10_88.00_,26_65_67_72_114_
12:18:16,88.50,1,9172,88.50_88.60_88.70_88.80_88.90_,43_46_68_36_118_,88.40_88.30_88.20_88.10_88.00_,26_65_66_73_114_
12:18:26,88.50,1,9173,88.50_88.60_88.70_88.80_88.90_,42_46_68_36_118_,88.40_88.30_88.20_88.10_88.00_,26_65_66_73_114_
12:18:32,88.50,1,9174,88.50_88.60_88.70_88.80_88.90_,41_46_68_36_118_,88.40_88.30_88.20_88.10_88.00_,26_65_66_73_113_
12:18:37,88.40,1,9175,88.50_88.60_88.70_88.80_88.90_,41_46_68_36_118_,88.40_88.30_88.20_88.10_88.00_,25_65_66_73_113_
12:18:42,88.40,1,9176,88.50_88.60_88.70_88.80_88.90_,42_46_68_36_118_,88.40_88.30_88.20_88.10_88.00_,24_65_67_72_113_
12:18:52,88.40,3,9179,88.50_88.60_88.70_88.80_88.90_,42_46_68_36_118_,88.40_88.30_88.20_88.10_88.00_,21_65_67_72_113_
12:18:57,88.40,3,9182,88.50_88.60_88.70_88.80_88.90_,42_46_68_36_118_,88.40_88.30_88.20_88.10_88.00_,18_65_67_72_113_
12:19:02,88.40,3,9182,88.50_88.60_88.70_88.80_88.90_,45_46_68_36_118_,88.40_88.30_88.20_88.10_88.00_,18_65_67_72_113_
12:19:07,88.40,3,9182,88.50_88.60_88.70_88.80_88.90_,46_46_68_36_118_,88.40_88.30_88.20_88.10_88.00_,18_65_67_72_113_
12:19:13,88.50,1,9183,88.50_88.60_88.70_88.80_88.90_,45_46_68_37_118_,88.40_88.30_88.20_88.10_88.00_,18_65_67_72_113_
12:19:18,88.40,1,9184,88.50_88.60_88.70_88.80_88.90_,44_46_68_37_118_,88.40_88.30_88.20_88.10_88.00_,17_65_66_73_113_
12:19:23,88.50,1,9185,88.50_88.60_88.70_88.80_88.90_,43_46_68_37_118_,88.40_88.30_88.20_88.10_88.00_,17_65_67_72_113_
12:19:28,88.40,4,9189,88.50_88.60_88.70_88.80_88.90_,43_46_68_37_118_,88.40_88.30_88.20_88.10_88.00_,14_65_66_73_113_
12:19:33,88.40,1,9190,88.50_88.60_88.70_88.80_88.90_,49_46_68_37_118_,88.40_88.30_88.20_88.10_88.00_,13_65_67_72_113_
12:19:38,88.40,1,9190,88.50_88.60_88.70_88.80_88.90_,49_46_66_38_118_,88.40_88.30_88.20_88.10_88.00_,13_65_67_72_113_
12:19:43,88.40,1,9190,88.50_88.60_88.70_88.80_88.90_,52_46_66_38_118_,88.40_88.30_88.20_88.10_88.00_,13_65_67_72_113_
12:19:48,88.40,1,9190,88.50_88.60_88.70_88.80_88.90_,52_46_66_40_118_,88.40_88.30_88.20_88.10_88.00_,13_65_67_72_113_
12:19:54,88.40,1,9190,88.50_88.60_88.70_88.80_88.90_,52_46_66_40_121_,88.40_88.30_88.20_88.10_88.00_,13_65_67_72_113_
12:19:59,88.40,1,9190,88.50_88.60_88.70_88.80_88.90_,52_46_66_40_121_,88.40_88.30_88.20_88.10_88.00_,16_65_67_72_113_
12:20:14,88.50,1,9191,88.50_88.60_88.70_88.80_88.90_,51_46_66_40_121_,88.40_88.30_88.20_88.10_88.00_,17_65_67_72_113_
12:20:19,88.50,1,9191,88.50_88.60_88.70_88.80_88.90_,50_46_66_40_121_,88.40_88.30_88.20_88.10_88.00_,20_65_66_73_113_
12:20:24,88.50,1,9191,88.50_88.60_88.70_88.80_88.90_,50_46_66_40_121_,88.40_88.30_88.20_88.10_88.00_,23_65_68_72_113_
12:20:30,88.50,1,9191,88.50_88.60_88.70_88.80_88.90_,50_46_66_40_121_,88.40_88.30_88.20_88.10_88.00_,23_65_67_73_113_
12:20:35,88.40,1,9192,88.50_88.60_88.70_88.80_88.90_,50_46_66_40_121_,88.40_88.30_88.20_88.10_88.00_,22_65_67_73_113_
12:20:40,88.40,1,9193,88.50_88.60_88.70_88.80_88.90_,50_46_66_40_121_,88.40_88.30_88.20_88.10_88.00_,22_65_68_72_113_
12:20:45,88.40,1,9193,88.50_88.60_88.70_88.80_88.90_,50_46_66_40_121_,88.40_88.30_88.20_88.10_88.00_,23_65_68_72_113_
12:20:50,88.40,1,9193,88.50_88.60_88.70_88.80_88.90_,56_47_67_40_121_,88.40_88.30_88.20_88.10_88.00_,24_65_68_72_113_
12:20:55,88.40,1,9193,88.50_88.60_88.70_88.80_88.90_,56_47_66_40_121_,88.40_88.30_88.20_88.10_88.00_,24_65_68_72_113_
12:21:05,88.40,1,9193,88.50_88.60_88.70_88.80_88.90_,56_47_66_41_121_,88.40_88.30_88.20_88.10_88.00_,24_65_68_72_113_
12:21:16,88.40,1,9193,88.50_88.60_88.70_88.80_88.90_,56_47_66_42_121_,88.40_88.30_88.20_88.10_88.00_,24_65_68_72_113_
12:21:21,88.40,11,9204,88.50_88.60_88.70_88.80_88.90_,56_47_66_42_121_,88.40_88.30_88.20_88.10_88.00_,13_65_68_72_113_
12:21:26,88.40,11,9215,88.50_88.60_88.70_88.80_88.90_,56_47_66_42_121_,88.40_88.30_88.20_88.10_88.00_,2_65_67_72_113_
12:21:31,88.40,3,9218,88.50_88.60_88.70_88.80_88.90_,58_47_66_42_121_,88.30_88.20_88.10_88.00_87.90_,64_67_72_113_25_
12:21:36,88.30,3,9221,88.50_88.60_88.70_88.80_88.90_,58_47_66_42_121_,88.30_88.20_88.10_88.00_87.90_,61_66_73_68_70_
12:21:41,88.30,2,9223,88.40_88.50_88.60_88.70_88.80_,3_56_47_66_42_,88.30_88.20_88.10_88.00_87.90_,59_66_73_68_70_
12:21:46,88.30,1,9224,88.40_88.50_88.60_88.70_88.80_,3_50_47_66_72_,88.30_88.20_88.10_88.00_87.90_,59_66_73_68_70_
12:21:52,88.40,2,9226,88.40_88.50_88.60_88.70_88.80_,1_52_47_66_72_,88.30_88.20_88.10_88.00_87.90_,61_66_73_68_70_
12:21:57,88.40,1,9227,88.50_88.60_88.70_88.80_88.90_,52_47_66_72_91_,88.40_88.30_88.20_88.10_88.00_,2_61_68_73_68_
12:22:02,88.40,1,9228,88.50_88.60_88.70_88.80_88.90_,59_47_66_42_121_,88.40_88.30_88.20_88.10_88.00_,4_61_69_72_113_
12:22:12,88.40,1,9228,88.50_88.60_88.70_88.80_88.90_,59_47_66_42_121_,88.40_88.30_88.20_88.10_88.00_,5_61_69_72_113_
12:22:17,88.40,5,9233,88.40_88.50_88.60_88.70_88.80_,5_59_47_66_42_,88.30_88.20_88.10_88.00_87.90_,61_69_72_113_25_
12:22:22,88.40,5,9233,88.40_88.50_88.60_88.70_88.80_,9_51_47_66_72_,88.30_88.20_88.10_88.00_87.90_,61_68_73_68_70_
12:22:28,88.30,2,9235,88.40_88.50_88.60_88.70_88.80_,9_51_47_66_76_,88.30_88.20_88.10_88.00_87.90_,59_68_73_68_70_
12:22:33,88.30,2,9235,88.40_88.50_88.60_88.70_88.80_,9_56_47_66_76_,88.30_88.20_88.10_88.00_87.90_,59_68_73_68_70_
12:22:48,88.30,2,9235,88.40_88.50_88.60_88.70_88.80_,9_56_47_66_76_,88.30_88.20_88.10_88.00_87.90_,60_68_73_68_70_
12:22:53,88.30,2,9235,88.40_88.50_88.60_88.70_88.80_,9_56_47_66_76_,88.30_88.20_88.10_88.00_87.90_,62_68_73_68_70_
12:22:58,88.30,2,9235,88.40_88.50_88.60_88.70_88.80_,9_56_47_56_76_,88.30_88.20_88.10_88.00_87.90_,63_68_73_68_70_
12:23:03,88.40,2,9237,88.40_88.50_88.60_88.70_88.80_,7_56_47_56_76_,88.30_88.20_88.10_88.00_87.90_,64_68_73_68_70_
12:23:09,88.40,1,9238,88.40_88.50_88.60_88.70_88.80_,8_58_47_56_76_,88.30_88.20_88.10_88.00_87.90_,64_68_73_68_70_
12:23:19,88.40,1,9238,88.40_88.50_88.60_88.70_88.80_,13_58_47_56_76_,88.30_88.20_88.10_88.00_87.90_,64_68_73_68_70_
12:23:24,88.40,1,9239,88.40_88.50_88.60_88.70_88.80_,26_65_47_56_76_,88.30_88.20_88.10_88.00_87.90_,64_68_73_68_70_
12:23:29,88.30,1,9240,88.40_88.50_88.60_88.70_88.80_,30_61_47_56_76_,88.30_88.20_88.10_88.00_87.90_,63_68_73_68_70_
12:23:34,88.40,1,9241,88.40_88.50_88.60_88.70_88.80_,29_61_47_56_76_,88.30_88.20_88.10_88.00_87.90_,63_68_73_68_70_
12:23:39,88.40,1,9241,88.40_88.50_88.60_88.70_88.80_,29_63_47_56_76_,88.30_88.20_88.10_88.00_87.90_,63_68_73_68_70_
12:23:50,88.40,2,9243,88.40_88.50_88.60_88.70_88.80_,27_63_47_56_76_,88.30_88.20_88.10_88.00_87.90_,63_68_73_68_70_
12:23:55,88.30,1,9244,88.40_88.50_88.60_88.70_88.80_,27_62_47_56_76_,88.30_88.20_88.10_88.00_87.90_,62_68_73_88_70_
12:24:05,88.30,1,9244,88.40_88.50_88.60_88.70_88.80_,27_62_47_56_76_,88.30_88.20_88.10_88.00_87.90_,61_68_73_88_70_
12:24:10,88.30,1,9244,88.40_88.50_88.60_88.70_88.80_,27_62_47_56_76_,88.30_88.20_88.10_88.00_87.90_,62_68_73_88_70_
12:24:15,88.40,1,9245,88.40_88.50_88.60_88.70_88.80_,26_62_47_56_76_,88.30_88.20_88.10_88.00_87.90_,62_68_73_88_70_
12:24:20,88.30,3,9248,88.40_88.50_88.60_88.70_88.80_,26_62_47_56_76_,88.30_88.20_88.10_88.00_87.90_,59_68_73_88_70_
12:24:25,88.30,3,9248,88.40_88.50_88.60_88.70_88.80_,29_61_47_56_76_,88.30_88.20_88.10_88.00_87.90_,59_68_73_88_70_
12:24:31,88.40,1,9249,88.40_88.50_88.60_88.70_88.80_,28_61_47_56_76_,88.30_88.20_88.10_88.00_87.90_,59_68_73_88_70_
12:24:36,88.40,1,9250,88.40_88.50_88.60_88.70_88.80_,27_61_47_56_76_,88.30_88.20_88.10_88.00_87.90_,62_68_73_88_70_
12:24:41,88.40,1,9250,88.40_88.50_88.60_88.70_88.80_,27_62_47_56_76_,88.30_88.20_88.10_88.00_87.90_,62_68_73_88_70_
12:24:56,88.40,1,9250,88.40_88.50_88.60_88.70_88.80_,27_62_46_56_76_,88.30_88.20_88.10_88.00_87.90_,62_68_73_88_70_
12:25:01,88.40,1,9250,88.40_88.50_88.60_88.70_88.80_,26_62_46_56_76_,88.30_88.20_88.10_88.00_87.90_,62_68_73_88_70_
12:25:06,88.40,1,9251,88.40_88.50_88.60_88.70_88.80_,25_62_46_56_76_,88.30_88.20_88.10_88.00_87.90_,62_68_73_88_70_
12:25:12,88.40,1,9251,88.40_88.50_88.60_88.70_88.80_,25_63_46_56_76_,88.30_88.20_88.10_88.00_87.90_,62_68_73_88_70_
12:25:17,88.30,4,9255,88.40_88.50_88.60_88.70_88.80_,28_63_46_56_76_,88.30_88.20_88.10_88.00_87.90_,58_68_73_88_70_
12:25:22,88.30,4,9255,88.40_88.50_88.60_88.70_88.80_,32_62_46_56_76_,88.30_88.20_88.10_88.00_87.90_,64_69_74_88_70_
12:25:27,88.40,1,9256,88.40_88.50_88.60_88.70_88.80_,31_62_46_56_76_,88.30_88.20_88.10_88.00_87.90_,64_69_73_88_70_
12:25:32,88.40,1,9256,88.40_88.50_88.60_88.70_88.80_,31_63_46_56_76_,88.30_88.20_88.10_88.00_87.90_,64_66_73_88_70_
12:25:47,88.30,2,9258,88.40_88.50_88.60_88.70_88.80_,32_60_45_56_77_,88.30_88.20_88.10_88.00_87.90_,63_66_73_88_70_
12:25:53,88.40,1,9259,88.40_88.50_88.60_88.70_88.80_,31_58_45_56_77_,88.30_88.20_88.10_88.00_87.90_,63_66_73_88_70_
12:25:58,88.40,1,9259,88.40_88.50_88.60_88.70_88.80_,35_58_45_56_77_,88.30_88.20_88.10_88.00_87.90_,63_66_73_88_70_
12:26:08,88.40,1,9259,88.40_88.50_88.60_88.70_88.80_,35_78_45_56_77_,88.30_88.20_88.10_88.00_87.90_,64_66_73_88_70_
12:26:13,88.40,2,9261,88.40_88.50_88.60_88.70_88.80_,33_78_45_56_77_,88.30_88.20_88.10_88.00_87.90_,64_66_73_88_70_
12:26:18,88.30,1,9262,88.40_88.50_88.60_88.70_88.80_,33_78_45_56_77_,88.30_88.20_88.10_88.00_87.90_,63_66_73_88_70_
12:26:24,88.30,1,9262,88.40_88.50_88.60_88.70_88.80_,33_78_45_55_77_,88.30_88.20_88.10_88.00_87.90_,63_66_73_88_70_
12:26:34,88.30,1,9262,88.40_88.50_88.60_88.70_88.80_,33_78_45_55_77_,88.30_88.20_88.10_88.00_87.90_,74_66_73_88_71_
12:26:39,88.40,1,9263,88.40_88.50_88.60_88.70_88.80_,32_78_45_55_77_,88.30_88.20_88.10_88.00_87.90_,69_66_73_88_71_
12:26:44,88.30,4,9267,88.40_88.50_88.60_88.70_88.80_,32_78_47_55_77_,88.30_88.20_88.10_88.00_87.90_,65_66_73_88_71_
12:26:49,88.30,1,9268,88.40_88.50_88.60_88.70_88.80_,32_78_47_55_77_,88.30_88.20_88.10_88.00_87.90_,64_65_73_88_71_
12:26:54,88.30,1,9268,88.40_88.50_88.60_88.70_88.80_,32_80_47_55_77_,88.30_88.20_88.10_88.00_87.90_,64_64_73_88_71_
12:27:00,88.30,1,9269,88.40_88.50_88.60_88.70_88.80_,32_80_47_55_77_,88.30_88.20_88.10_88.00_87.90_,64_64_73_88_70_
12:27:05,88.30,1,9270,88.40_88.50_88.60_88.70_88.80_,32_79_47_55_77_,88.30_88.20_88.10_88.00_87.90_,63_64_73_88_70_
12:27:10,88.40,1,9271,88.40_88.50_88.60_88.70_88.80_,31_79_47_55_77_,88.30_88.20_88.10_88.00_87.90_,63_64_73_88_70_
12:27:15,88.40,1,9271,88.40_88.50_88.60_88.70_88.80_,31_79_47_55_77_,88.30_88.20_88.10_88.00_87.90_,66_64_73_88_70_
12:27:20,88.40,6,9277,88.40_88.50_88.60_88.70_88.80_,30_79_47_55_77_,88.30_88.20_88.10_88.00_87.90_,66_64_73_88_70_
12:27:25,88.30,3,9280,88.40_88.50_88.60_88.70_88.80_,30_81_47_55_77_,88.30_88.20_88.10_88.00_87.90_,63_64_73_88_70_
12:27:41,88.30,3,9280,88.40_88.50_88.60_88.70_88.80_,30_81_47_55_77_,88.30_88.20_88.10_88.00_87.90_,66_64_73_88_70_
12:27:51,88.40,1,9281,88.40_88.50_88.60_88.70_88.80_,25_81_47_55_77_,88.30_88.20_88.10_88.00_87.90_,66_64_73_88_70_
12:27:56,88.40,1,9282,88.40_88.50_88.60_88.70_88.80_,24_81_47_55_77_,88.30_88.20_88.10_88.00_87.90_,66_64_73_88_71_
12:28:01,88.40,1,9283,88.40_88.50_88.60_88.70_88.80_,23_81_47_55_77_,88.30_88.20_88.10_88.00_87.90_,66_64_73_88_71_
12:28:06,88.30,1,9284,88.40_88.50_88.60_88.70_88.80_,23_81_47_55_77_,88.30_88.20_88.10_88.00_87.90_,65_64_73_88_71_
12:28:11,88.40,1,9285,88.40_88.50_88.60_88.70_88.80_,24_81_47_55_77_,88.30_88.20_88.10_88.00_87.90_,65_64_73_88_71_
12:28:17,88.40,1,9285,88.40_88.50_88.60_88.70_88.80_,24_81_49_55_77_,88.30_88.20_88.10_88.00_87.90_,65_64_73_88_71_
12:28:42,88.40,10,9295,88.40_88.50_88.60_88.70_88.80_,14_81_49_55_77_,88.30_88.20_88.10_88.00_87.90_,65_64_73_88_71_
12:28:47,88.30,3,9298,88.40_88.50_88.60_88.70_88.80_,14_81_49_55_77_,88.30_88.20_88.10_88.00_87.90_,62_64_73_88_71_
12:28:52,88.30,3,9298,88.40_88.50_88.60_88.70_88.80_,14_81_49_55_77_,88.30_88.20_88.10_88.00_87.90_,61_64_73_88_71_
12:28:58,88.30,3,9298,88.40_88.50_88.60_88.70_88.80_,14_84_49_55_77_,88.30_88.20_88.10_88.00_87.90_,51_64_73_88_71_
12:29:03,88.30,1,9299,88.40_88.50_88.60_88.70_88.80_,14_84_49_55_77_,88.30_88.20_88.10_88.00_87.90_,51_64_73_88_71_
12:29:08,88.30,1,9299,88.40_88.50_88.60_88.70_88.80_,31_84_49_55_77_,88.30_88.20_88.10_88.00_87.90_,51_64_73_68_71_
12:29:13,88.30,1,9299,88.40_88.50_88.60_88.70_88.80_,42_81_49_55_77_,88.30_88.20_88.10_88.00_87.90_,51_64_73_68_71_
12:29:18,88.30,1,9299,88.40_88.50_88.60_88.70_88.80_,45_78_47_55_77_,88.30_88.20_88.10_88.00_87.90_,52_64_73_68_71_
12:29:23,88.30,1,9299,88.40_88.50_88.60_88.70_88.80_,46_78_47_55_77_,88.30_88.20_88.10_88.00_87.90_,52_64_73_68_71_
12:29:44,88.30,10,9309,88.40_88.50_88.60_88.70_88.80_,47_78_47_54_77_,88.30_88.20_88.10_88.00_87.90_,42_64_73_68_71_
12:29:49,88.30,10,9309,88.40_88.50_88.60_88.70_88.80_,51_78_47_54_77_,88.30_88.20_88.10_88.00_87.90_,43_64_73_68_71_
12:29:54,88.30,10,9309,88.40_88.50_88.60_88.70_88.80_,51_78_47_54_77_,88.30_88.20_88.10_88.00_87.90_,44_64_73_68_71_
12:29:59,88.30,10,9309,88.40_88.50_88.60_88.70_88.80_,51_79_47_54_77_,88.30_88.20_88.10_88.00_87.90_,45_64_73_68_71_
12:30:09,88.30,3,9312,88.40_88.50_88.60_88.70_88.80_,51_79_47_54_77_,88.30_88.20_88.10_88.00_87.90_,42_64_73_68_71_
12:30:14,88.30,2,9314,88.40_88.50_88.60_88.70_88.80_,51_81_47_54_77_,88.30_88.20_88.10_88.00_87.90_,41_64_73_68_71_
12:30:20,88.30,2,9314,88.40_88.50_88.60_88.70_88.80_,51_81_47_54_77_,88.30_88.20_88.10_88.00_87.90_,43_65_73_68_71_
12:30:25,88.30,1,9315,88.40_88.50_88.60_88.70_88.80_,51_81_47_54_77_,88.30_88.20_88.10_88.00_87.90_,42_65_73_68_71_
12:30:30,88.30,2,9317,88.40_88.50_88.60_88.70_88.80_,51_83_47_54_77_,88.30_88.20_88.10_88.00_87.90_,40_65_73_68_71_
12:30:35,88.30,2,9319,88.40_88.50_88.60_88.70_88.80_,51_83_47_54_77_,88.30_88.20_88.10_88.00_87.90_,38_65_73_68_71_
12:30:40,88.30,2,9319,88.40_88.50_88.60_88.70_88.80_,51_85_47_54_77_,88.30_88.20_88.10_88.00_87.90_,38_65_73_68_71_
12:30:50,88.30,2,9319,88.40_88.50_88.60_88.70_88.80_,56_86_47_54_77_,88.30_88.20_88.10_88.00_87.90_,41_65_73_68_71_
12:31:01,88.30,15,9334,88.40_88.50_88.60_88.70_88.80_,57_86_47_54_77_,88.30_88.20_88.10_88.00_87.90_,26_65_73_68_71_
12:31:06,88.30,28,9362,88.30_88.40_88.50_88.60_88.70_,4_57_86_47_54_,88.20_88.10_88.00_87.90_87.80_,65_73_68_71_16_
12:31:11,88.20,8,9370,88.30_88.40_88.50_88.60_88.70_,24_53_80_47_88_,88.20_88.10_88.00_87.90_87.80_,57_74_63_26_67_
12:31:16,88.30,1,9371,88.30_88.40_88.50_88.60_88.70_,40_36_80_47_88_,88.20_88.10_88.00_87.90_87.80_,57_74_63_26_67_
12:31:21,88.30,1,9371,88.30_88.40_88.50_88.60_88.70_,40_38_80_47_88_,88.20_88.10_88.00_87.90_87.80_,57_74_63_26_67_
12:31:26,88.30,1,9372,88.30_88.40_88.50_88.60_88.70_,39_38_80_47_88_,88.20_88.10_88.00_87.90_87.80_,58_74_63_26_67_
12:31:42,88.30,1,9373,88.30_88.40_88.50_88.60_88.70_,38_38_80_47_88_,88.20_88.10_88.00_87.90_87.80_,58_74_63_26_67_
12:31:47,88.30,2,9375,88.30_88.40_88.50_88.60_88.70_,38_38_80_47_88_,88.20_88.10_88.00_87.90_87.80_,58_74_63_26_67_
12:31:52,88.30,2,9375,88.30_88.40_88.50_88.60_88.70_,38_40_80_47_88_,88.20_88.10_88.00_87.90_87.80_,59_74_63_26_67_
12:32:07,88.30,2,9377,88.30_88.40_88.50_88.60_88.70_,36_40_80_47_88_,88.20_88.10_88.00_87.90_87.80_,59_74_63_26_67_
12:32:12,88.30,2,9377,88.30_88.40_88.50_88.60_88.70_,38_38_80_47_88_,88.20_88.10_88.00_87.90_87.80_,59_74_63_26_67_
12:32:23,88.30,1,9378,88.30_88.40_88.50_88.60_88.70_,37_38_81_47_88_,88.20_88.10_88.00_87.90_87.80_,59_74_63_26_67_
12:32:43,88.30,1,9379,88.30_88.40_88.50_88.60_88.70_,36_38_81_47_88_,88.20_88.10_88.00_87.90_87.80_,59_74_63_26_67_
12:32:48,88.20,1,9380,88.30_88.40_88.50_88.60_88.70_,40_36_81_47_88_,88.20_88.10_88.00_87.90_87.80_,58_74_63_26_67_
12:32:53,88.20,1,9380,88.30_88.40_88.50_88.60_88.70_,40_36_82_47_88_,88.20_88.10_88.00_87.90_87.80_,58_74_63_26_67_
12:33:04,88.20,1,9380,88.30_88.40_88.50_88.60_88.70_,40_36_82_47_88_,88.20_88.10_88.00_87.90_87.80_,63_74_63_26_67_
12:33:09,88.20,1,9380,88.30_88.40_88.50_88.60_88.70_,51_36_82_47_88_,88.20_88.10_88.00_87.90_87.80_,63_74_63_26_67_
12:33:50,88.30,1,9381,88.30_88.40_88.50_88.60_88.70_,50_36_82_47_88_,88.20_88.10_88.00_87.90_87.80_,66_74_63_26_67_
12:33:55,88.30,1,9381,88.30_88.40_88.50_88.60_88.70_,50_36_82_47_88_,88.20_88.10_88.00_87.90_87.80_,67_74_63_26_67_
12:34:05,88.30,1,9382,88.30_88.40_88.50_88.60_88.70_,50_36_82_47_88_,88.20_88.10_88.00_87.90_87.80_,67_73_63_26_67_
12:34:10,88.20,1,9383,88.30_88.40_88.50_88.60_88.70_,50_36_82_47_88_,88.20_88.10_88.00_87.90_87.80_,66_73_63_26_67_
12:34:15,88.20,1,9384,88.30_88.40_88.50_88.60_88.70_,50_38_82_47_88_,88.20_88.10_88.00_87.90_87.80_,66_73_63_26_67_
12:34:21,88.20,1,9385,88.30_88.40_88.50_88.60_88.70_,50_37_82_47_88_,88.20_88.10_88.00_87.90_87.80_,65_73_63_26_67_
12:34:31,88.20,1,9385,88.30_88.40_88.50_88.60_88.70_,50_37_82_47_88_,88.20_88.10_88.00_87.90_87.80_,66_73_63_25_67_
12:34:36,88.20,3,9388,88.30_88.40_88.50_88.60_88.70_,50_37_82_47_88_,88.20_88.10_88.00_87.90_87.80_,63_73_63_25_67_
12:34:41,88.20,3,9388,88.30_88.40_88.50_88.60_88.70_,55_34_83_47_88_,88.20_88.10_88.00_87.90_87.80_,63_73_63_25_67_
12:34:46,88.20,1,9389,88.30_88.40_88.50_88.60_88.70_,55_34_83_47_88_,88.20_88.10_88.00_87.90_87.80_,63_73_63_25_67_
12:34:51,88.20,1,9390,88.30_88.40_88.50_88.60_88.70_,55_34_83_47_88_,88.20_88.10_88.00_87.90_87.80_,62_73_63_25_67_
12:34:56,88.20,1,9390,88.30_88.40_88.50_88.60_88.70_,55_34_75_47_88_,88.20_88.10_88.00_87.90_87.80_,62_73_63_25_67_
12:35:02,88.20,3,9393,88.30_88.40_88.50_88.60_88.70_,55_34_75_47_88_,88.20_88.10_88.00_87.90_87.80_,60_73_63_25_67_
12:35:07,88.20,1,9394,88.30_88.40_88.50_88.60_88.70_,55_37_75_47_88_,88.20_88.10_88.00_87.90_87.80_,60_73_63_25_67_
12:35:12,88.20,15,9409,88.30_88.40_88.50_88.60_88.70_,55_37_75_47_88_,88.20_88.10_88.00_87.90_87.80_,45_73_63_25_67_
12:35:17,88.20,12,9421,88.30_88.40_88.50_88.60_88.70_,55_37_75_47_88_,88.20_88.10_88.00_87.90_87.80_,38_73_63_25_67_
12:35:22,88.20,3,9424,88.30_88.40_88.50_88.60_88.70_,55_42_75_47_88_,88.20_88.10_88.00_87.90_87.80_,37_74_63_25_67_
12:35:27,88.20,1,9425,88.30_88.40_88.50_88.60_88.70_,56_42_75_47_88_,88.20_88.10_88.00_87.90_87.80_,37_74_63_25_67_
12:35:32,88.20,1,9425,88.30_88.40_88.50_88.60_88.70_,56_42_75_47_88_,88.20_88.10_88.00_87.90_87.80_,37_75_63_24_67_
12:35:38,88.30,2,9427,88.30_88.40_88.50_88.60_88.70_,54_42_75_47_88_,88.20_88.10_88.00_87.90_87.80_,37_75_63_24_67_
12:35:43,88.30,1,9428,88.30_88.40_88.50_88.60_88.70_,55_40_75_47_88_,88.20_88.10_88.00_87.90_87.80_,37_75_63_24_67_
12:35:48,88.20,1,9429,88.30_88.40_88.50_88.60_88.70_,55_40_75_47_88_,88.20_88.10_88.00_87.90_87.80_,36_75_63_24_67_
12:35:53,88.20,2,9431,88.30_88.40_88.50_88.60_88.70_,55_30_71_47_88_,88.20_88.10_88.00_87.90_87.80_,34_75_63_24_67_
12:35:58,88.30,1,9432,88.30_88.40_88.50_88.60_88.70_,54_30_71_47_88_,88.20_88.10_88.00_87.90_87.80_,34_75_63_24_67_
12:36:03,88.30,1,9432,88.30_88.40_88.50_88.60_88.70_,56_29_71_47_88_,88.20_88.10_88.00_87.90_87.80_,34_75_68_24_67_
12:36:08,88.30,1,9432,88.30_88.40_88.50_88.60_88.70_,58_29_71_47_88_,88.20_88.10_88.00_87.90_87.80_,34_75_68_24_67_
12:36:14,88.20,5,9437,88.30_88.40_88.50_88.60_88.70_,58_29_71_47_88_,88.20_88.10_88.00_87.90_87.80_,39_75_68_24_67_
12:36:19,88.30,1,9438,88.30_88.40_88.50_88.60_88.70_,57_32_71_47_88_,88.20_88.10_88.00_87.90_87.80_,39_75_68_24_67_
12:36:24,88.30,1,9438,88.30_88.40_88.50_88.60_88.70_,57_32_71_47_88_,88.20_88.10_88.00_87.90_87.80_,41_75_68_24_67_
12:36:29,88.30,1,9438,88.30_88.40_88.50_88.60_88.70_,57_32_71_47_88_,88.20_88.10_88.00_87.90_87.80_,43_75_68_24_67_
12:36:34,88.20,4,9442,88.30_88.40_88.50_88.60_88.70_,68_32_71_47_88_,88.20_88.10_88.00_87.90_87.80_,39_75_68_24_67_
12:36:39,88.30,1,9443,88.30_88.40_88.50_88.60_88.70_,67_34_71_47_88_,88.20_88.10_88.00_87.90_87.80_,39_75_68_24_67_
12:36:44,88.30,1,9443,88.30_88.40_88.50_88.60_88.70_,69_32_71_47_88_,88.20_88.10_88.00_87.90_87.80_,39_75_68_24_67_
12:36:55,88.30,1,9443,88.30_88.40_88.50_88.60_88.70_,69_32_71_47_88_,88.20_88.10_88.00_87.90_87.80_,42_75_68_24_67_
12:37:00,88.20,1,9444,88.30_88.40_88.50_88.60_88.70_,69_32_71_47_88_,88.20_88.10_88.00_87.90_87.80_,41_75_68_24_67_
12:37:05,88.20,1,9445,88.30_88.40_88.50_88.60_88.70_,69_32_71_47_88_,88.20_88.10_88.00_87.90_87.80_,40_75_68_24_67_
12:37:10,88.30,1,9446,88.30_88.40_88.50_88.60_88.70_,68_33_71_47_88_,88.20_88.10_88.00_87.90_87.80_,40_75_68_24_67_
12:37:15,88.20,1,9447,88.30_88.40_88.50_88.60_88.70_,68_33_71_47_88_,88.20_88.10_88.00_87.90_87.80_,39_75_68_24_67_
12:37:25,88.20,1,9448,88.30_88.40_88.50_88.60_88.70_,68_33_71_47_88_,88.20_88.10_88.00_87.90_87.80_,38_75_68_24_67_
12:37:31,88.30,2,9450,88.30_88.40_88.50_88.60_88.70_,66_35_72_47_88_,88.20_88.10_88.00_87.90_87.80_,38_75_68_24_67_
12:37:36,88.30,1,9451,88.30_88.40_88.50_88.60_88.70_,69_32_72_47_88_,88.20_88.10_88.00_87.90_87.80_,38_75_68_24_67_
12:37:46,88.30,1,9451,88.30_88.40_88.50_88.60_88.70_,69_34_72_47_88_,88.20_88.10_88.00_87.90_87.80_,38_75_68_24_67_
12:37:51,88.20,1,9452,88.30_88.40_88.50_88.60_88.70_,69_34_72_47_88_,88.20_88.10_88.00_87.90_87.80_,37_75_68_24_67_
12:37:56,88.30,1,9453,88.30_88.40_88.50_88.60_88.70_,68_34_72_47_88_,88.20_88.10_88.00_87.90_87.80_,37_75_68_24_67_
12:38:01,88.20,5,9458,88.30_88.40_88.50_88.60_88.70_,68_34_72_47_88_,88.20_88.10_88.00_87.90_87.80_,32_75_68_24_67_
12:38:06,88.20,8,9466,88.30_88.40_88.50_88.60_88.70_,68_37_72_47_88_,88.20_88.10_88.00_87.90_87.80_,24_75_67_24_67_
12:38:11,88.20,8,9466,88.30_88.40_88.50_88.60_88.70_,68_37_72_47_88_,88.20_88.10_88.00_87.90_87.80_,25_75_67_24_67_
12:38:17,88.20,1,9467,88.30_88.40_88.50_88.60_88.70_,68_37_72_47_88_,88.20_88.10_88.00_87.90_87.80_,24_75_67_24_67_
12:38:22,88.20,9,9476,88.30_88.40_88.50_88.60_88.70_,68_37_72_47_88_,88.20_88.10_88.00_87.90_87.80_,15_75_67_24_67_
12:38:27,88.20,1,9477,88.30_88.40_88.50_88.60_88.70_,61_37_73_47_88_,88.20_88.10_88.00_87.90_87.80_,16_75_67_24_67_
12:38:32,88.20,1,9477,88.30_88.40_88.50_88.60_88.70_,68_37_73_47_88_,88.20_88.10_88.00_87.90_87.80_,16_75_67_24_67_
12:38:37,88.20,8,9485,88.30_88.40_88.50_88.60_88.70_,61_37_73_47_88_,88.20_88.10_88.00_87.90_87.80_,9_75_67_24_67_
12:38:42,88.20,3,9488,88.30_88.40_88.50_88.60_88.70_,61_37_74_47_88_,88.20_88.10_88.00_87.90_87.80_,7_75_67_24_67_
12:38:53,88.20,3,9488,88.30_88.40_88.50_88.60_88.70_,61_37_74_47_88_,88.20_88.10_88.00_87.90_87.80_,8_75_67_24_67_
12:38:58,88.20,3,9488,88.30_88.40_88.50_88.60_88.70_,61_37_74_47_88_,88.20_88.10_88.00_87.90_87.80_,10_75_67_24_67_
12:39:03,88.20,3,9488,88.30_88.40_88.50_88.60_88.70_,61_37_74_47_88_,88.20_88.10_88.00_87.90_87.80_,11_75_67_24_67_
12:39:13,88.20,10,9498,88.30_88.40_88.50_88.60_88.70_,61_37_74_46_88_,88.20_88.10_88.00_87.90_87.80_,1_75_67_24_67_
12:39:18,88.10,6,9504,88.20_88.30_88.40_88.50_88.60_,1_61_37_74_46_,88.10_88.00_87.90_87.80_87.70_,73_67_24_67_2_
12:39:23,88.10,6,9510,88.20_88.30_88.40_88.50_88.60_,22_50_26_74_76_,88.10_88.00_87.90_87.80_87.70_,68_68_25_21_48_
12:39:28,88.10,6,9510,88.20_88.30_88.40_88.50_88.60_,34_50_26_74_80_,88.10_88.00_87.90_87.80_87.70_,68_68_25_16_52_
12:39:34,88.10,1,9511,88.20_88.30_88.40_88.50_88.60_,34_50_26_74_80_,88.10_88.00_87.90_87.80_87.70_,67_68_25_16_52_
12:39:39,88.20,5,9516,88.20_88.30_88.40_88.50_88.60_,39_40_26_74_80_,88.10_88.00_87.90_87.80_87.70_,67_70_25_16_52_
12:39:44,88.20,5,9516,88.20_88.30_88.40_88.50_88.60_,39_40_20_74_80_,88.10_88.00_87.90_87.80_87.70_,67_70_25_17_52_
12:39:49,88.20,5,9516,88.20_88.30_88.40_88.50_88.60_,45_40_20_74_80_,88.10_88.00_87.90_87.80_87.70_,67_70_25_17_52_
12:39:54,88.20,1,9517,88.20_88.30_88.40_88.50_88.60_,44_40_18_79_80_,88.10_88.00_87.90_87.80_87.70_,69_70_25_17_52_
12:39:59,88.20,4,9521,88.20_88.30_88.40_88.50_88.60_,40_38_16_79_80_,88.10_88.00_87.90_87.80_87.70_,69_70_25_17_52_
12:40:04,88.20,4,9521,88.20_88.30_88.40_88.50_88.60_,49_38_11_79_80_,88.10_88.00_87.90_87.80_87.70_,69_70_25_17_52_
12:40:20,88.20,4,9521,88.20_88.30_88.40_88.50_88.60_,49_38_11_79_80_,88.10_88.00_87.90_87.80_87.70_,73_71_25_17_52_
12:40:25,88.10,3,9524,88.20_88.30_88.40_88.50_88.60_,49_38_11_79_80_,88.10_88.00_87.90_87.80_87.70_,74_71_25_17_52_
12:40:35,88.10,3,9524,88.20_88.30_88.40_88.50_88.60_,49_38_11_79_80_,88.10_88.00_87.90_87.80_87.70_,75_71_25_17_52_
12:40:40,88.10,3,9524,88.20_88.30_88.40_88.50_88.60_,49_38_11_79_80_,88.10_88.00_87.90_87.80_87.70_,75_71_25_19_52_
12:40:46,88.10,2,9526,88.20_88.30_88.40_88.50_88.60_,51_34_11_79_80_,88.10_88.00_87.90_87.80_87.70_,73_69_25_19_52_
12:40:51,88.10,2,9528,88.20_88.30_88.40_88.50_88.60_,52_35_11_79_80_,88.10_88.00_87.90_87.80_87.70_,71_69_25_19_52_
12:40:56,88.10,2,9528,88.20_88.30_88.40_88.50_88.60_,52_35_11_79_80_,88.10_88.00_87.90_87.80_87.70_,71_69_27_19_52_
12:41:01,88.20,2,9530,88.20_88.30_88.40_88.50_88.60_,50_35_11_79_80_,88.10_88.00_87.90_87.80_87.70_,70_70_27_19_52_
12:41:06,88.10,3,9533,88.20_88.30_88.40_88.50_88.60_,52_34_10_79_80_,88.10_88.00_87.90_87.80_87.70_,69_70_27_19_54_
12:41:11,88.10,1,9534,88.20_88.30_88.40_88.50_88.60_,52_34_10_79_80_,88.10_88.00_87.90_87.80_87.70_,70_69_27_19_54_
12:41:16,88.10,1,9534,88.20_88.30_88.40_88.50_88.60_,52_34_10_79_80_,88.10_88.00_87.90_87.80_87.70_,71_69_27_19_54_
12:41:21,88.10,1,9534,88.20_88.30_88.40_88.50_88.60_,54_34_10_79_80_,88.10_88.00_87.90_87.80_87.70_,71_69_27_19_54_
12:41:32,88.20,1,9535,88.20_88.30_88.40_88.50_88.60_,53_34_10_79_80_,88.10_88.00_87.90_87.80_87.70_,73_69_27_19_54_
12:41:42,88.10,12,9547,88.20_88.30_88.40_88.50_88.60_,53_34_10_79_80_,88.10_88.00_87.90_87.80_87.70_,70_69_27_19_54_
12:41:47,88.20,4,9551,88.20_88.30_88.40_88.50_88.60_,49_34_10_79_80_,88.10_88.00_87.90_87.80_87.70_,71_69_27_19_54_
12:41:52,88.20,4,9551,88.20_88.30_88.40_88.50_88.60_,49_39_10_82_75_,88.10_88.00_87.90_87.80_87.70_,71_69_27_19_54_
12:41:57,88.20,4,9551,88.20_88.30_88.40_88.50_88.60_,54_39_9_72_75_,88.10_88.00_87.90_87.80_87.70_,71_69_27_19_54_
12:42:02,88.20,4,9555,88.20_88.30_88.40_88.50_88.60_,50_39_9_72_75_,88.10_88.00_87.90_87.80_87.70_,71_69_27_19_54_
12:42:08,88.20,4,9555,88.20_88.30_88.40_88.50_88.60_,50_35_9_72_75_,88.10_88.00_87.90_87.80_87.70_,151_69_27_19_54_
12:42:13,88.10,5,9560,88.20_88.30_88.40_88.50_88.60_,72_35_9_72_75_,88.10_88.00_87.90_87.80_87.70_,150_69_27_19_54_
12:42:18,88.20,2,9562,88.20_88.30_88.40_88.50_88.60_,70_35_9_72_75_,88.10_88.00_87.90_87.80_87.70_,70_68_27_17_54_
12:42:23,88.10,70,9632,88.10_88.20_88.30_88.40_88.50_,11_70_35_9_72_,88.00_87.90_87.80_87.70_87.60_,68_27_17_54_31_
12:42:28,88.00,6,9638,88.10_88.20_88.30_88.40_88.50_,39_40_23_10_102_,88.00_87.90_87.80_87.70_87.60_,63_28_18_8_77_
12:42:33,88.00,6,9638,88.10_88.20_88.30_88.40_88.50_,49_48_23_10_106_,88.00_87.90_87.80_87.70_87.60_,63_28_18_8_77_
12:42:44,88.10,1,9641,88.10_88.20_88.30_88.40_88.50_,48_48_21_10_106_,88.00_87.90_87.80_87.70_87.60_,62_28_18_8_77_
12:42:49,88.10,1,9642,88.10_88.20_88.30_88.40_88.50_,62_38_21_10_106_,88.00_87.90_87.80_87.70_87.60_,62_28_18_8_77_
12:42:54,88.10,3,9645,88.10_88.20_88.30_88.40_88.50_,60_38_21_10_106_,88.00_87.90_87.80_87.70_87.60_,62_28_18_8_77_
12:42:59,88.00,6,9651,88.10_88.20_88.30_88.40_88.50_,60_36_21_10_106_,88.00_87.90_87.80_87.70_87.60_,59_28_18_8_77_
12:43:04,88.00,6,9651,88.10_88.20_88.30_88.40_88.50_,60_32_21_10_108_,88.00_87.90_87.80_87.70_87.60_,60_33_18_8_77_
12:43:19,88.00,1,9652,88.10_88.20_88.30_88.40_88.50_,60_32_21_10_108_,88.00_87.90_87.80_87.70_87.60_,59_33_18_8_77_
12:43:25,88.00,1,9652,88.10_88.20_88.30_88.40_88.50_,64_32_21_10_108_,88.00_87.90_87.80_87.70_87.60_,59_33_18_8_77_
12:43:30,88.00,1,9652,88.10_88.20_88.30_88.40_88.50_,64_34_21_10_108_,88.00_87.90_87.80_87.70_87.60_,59_33_18_26_77_
12:43:35,88.00,5,9657,88.10_88.20_88.30_88.40_88.50_,64_36_21_10_108_,88.00_87.90_87.80_87.70_87.60_,54_33_18_26_77_
12:43:40,88.00,3,9660,88.10_88.20_88.30_88.40_88.50_,64_38_21_10_108_,88.00_87.90_87.80_87.70_87.60_,52_33_18_23_81_
12:43:45,88.00,10,9670,88.10_88.20_88.30_88.40_88.50_,54_35_21_10_108_,88.00_87.90_87.80_87.70_87.60_,46_33_18_23_81_
12:43:50,88.00,26,9696,88.10_88.20_88.30_88.40_88.50_,51_35_21_10_108_,88.00_87.90_87.80_87.70_87.60_,21_33_18_23_81_
12:43:55,88.00,4,9700,88.10_88.20_88.30_88.40_88.50_,45_35_21_10_108_,88.00_87.90_87.80_87.70_87.60_,18_33_18_23_81_
12:44:01,88.00,6,9706,88.10_88.20_88.30_88.40_88.50_,45_35_21_10_108_,88.00_87.90_87.80_87.70_87.60_,15_33_18_23_81_
12:44:06,88.00,13,9719,88.10_88.20_88.30_88.40_88.50_,45_35_21_10_108_,88.00_87.90_87.80_87.70_87.60_,2_33_18_23_81_
12:44:11,88.00,4,9723,88.10_88.20_88.30_88.40_88.50_,41_35_21_10_108_,87.90_87.80_87.70_87.60_87.50_,33_18_23_81_20_
12:44:16,88.00,4,9723,88.00_88.10_88.20_88.30_88.40_,6_31_35_21_10_,87.90_87.80_87.70_87.60_87.50_,33_20_23_35_66_
12:44:21,88.00,1,9724,88.00_88.10_88.20_88.30_88.40_,15_22_34_21_40_,87.90_87.80_87.70_87.60_87.50_,33_19_24_35_66_
12:44:26,88.00,2,9726,88.00_88.10_88.20_88.30_88.40_,13_22_34_21_42_,87.90_87.80_87.70_87.60_87.50_,33_15_24_35_66_
12:44:31,88.00,1,9727,88.00_88.10_88.20_88.30_88.40_,12_22_34_21_42_,87.90_87.80_87.70_87.60_87.50_,35_15_24_35_66_
12:44:36,87.90,10,9737,88.00_88.10_88.20_88.30_88.40_,13_22_34_21_42_,87.90_87.80_87.70_87.60_87.50_,25_15_24_35_66_
12:44:42,87.90,4,9741,88.00_88.10_88.20_88.30_88.40_,16_17_34_21_42_,87.90_87.80_87.70_87.60_87.50_,23_15_24_35_66_
12:44:47,87.90,3,9744,88.00_88.10_88.20_88.30_88.40_,20_17_34_21_42_,87.90_87.80_87.70_87.60_87.50_,20_15_24_35_66_
12:44:52,88.00,2,9746,88.00_88.10_88.20_88.30_88.40_,18_17_34_21_42_,87.90_87.80_87.70_87.60_87.50_,20_15_24_35_66_
12:44:57,88.00,2,9746,88.00_88.10_88.20_88.30_88.40_,18_17_34_21_42_,87.90_87.80_87.70_87.60_87.50_,20_15_24_35_96_
12:45:02,88.00,3,9749,88.00_88.10_88.20_88.30_88.40_,16_17_34_21_42_,87.90_87.80_87.70_87.60_87.50_,21_13_24_35_96_
12:45:07,88.00,5,9754,88.00_88.10_88.20_88.30_88.40_,12_17_34_21_43_,87.90_87.80_87.70_87.60_87.50_,22_13_24_35_96_
12:45:12,88.00,2,9756,88.00_88.10_88.20_88.30_88.40_,11_17_34_21_44_,87.90_87.80_87.70_87.60_87.50_,23_13_24_35_97_
12:45:17,88.00,7,9763,88.00_88.10_88.20_88.30_88.40_,4_18_34_21_44_,87.90_87.80_87.70_87.60_87.50_,23_13_24_35_98_
12:45:23,88.00,6,9769,88.10_88.20_88.30_88.40_88.50_,18_34_21_44_74_,88.00_87.90_87.80_87.70_87.60_,4_26_13_24_35_
12:45:28,88.10,2,9771,88.10_88.20_88.30_88.40_88.50_,16_34_21_14_104_,88.00_87.90_87.80_87.70_87.60_,7_25_14_23_81_
12:45:33,88.10,1,9772,88.10_88.20_88.30_88.40_88.50_,15_34_21_12_107_,88.00_87.90_87.80_87.70_87.60_,7_25_14_23_81_
12:45:38,88.10,1,9773,88.10_88.20_88.30_88.40_88.50_,14_34_21_12_107_,88.00_87.90_87.80_87.70_87.60_,7_26_14_23_81_
12:45:43,88.10,1,9773,88.10_88.20_88.30_88.40_88.50_,14_34_21_11_107_,88.00_87.90_87.80_87.70_87.60_,20_26_14_23_81_
12:45:48,88.10,2,9775,88.10_88.20_88.30_88.40_88.50_,13_34_21_10_107_,88.00_87.90_87.80_87.70_87.60_,20_26_14_23_81_
12:45:53,88.10,1,9776,88.10_88.20_88.30_88.40_88.50_,12_36_22_10_107_,88.00_87.90_87.80_87.70_87.60_,20_26_14_23_81_
12:45:58,88.10,4,9780,88.10_88.20_88.30_88.40_88.50_,8_36_22_11_107_,88.00_87.90_87.80_87.70_87.60_,24_26_14_23_81_
12:46:04,88.00,1,9781,88.10_88.20_88.30_88.40_88.50_,8_36_22_11_107_,88.00_87.90_87.80_87.70_87.60_,23_26_14_23_81_
12:46:14,88.00,1,9781,88.10_88.20_88.30_88.40_88.50_,8_36_22_11_107_,88.00_87.90_87.80_87.70_87.60_,24_26_14_22_81_
12:46:19,88.00,3,9784,88.10_88.20_88.30_88.40_88.50_,9_36_22_11_107_,88.00_87.90_87.80_87.70_87.60_,22_26_14_22_81_
12:46:34,88.00,3,9784,88.10_88.20_88.30_88.40_88.50_,9_36_22_11_107_,88.00_87.90_87.80_87.70_87.60_,24_26_15_22_81_
12:46:40,88.10,2,9786,88.10_88.20_88.30_88.40_88.50_,7_36_22_11_107_,88.00_87.90_87.80_87.70_87.60_,23_26_15_22_81_
12:46:50,88.00,2,9788,88.10_88.20_88.30_88.40_88.50_,7_36_22_11_107_,88.00_87.90_87.80_87.70_87.60_,22_26_15_22_81_
12:46:55,88.00,2,9788,88.10_88.20_88.30_88.40_88.50_,7_36_22_11_107_,88.00_87.90_87.80_87.70_87.60_,23_26_15_22_81_
12:47:00,88.10,2,9790,88.10_88.20_88.30_88.40_88.50_,5_36_22_11_107_,88.00_87.90_87.80_87.70_87.60_,23_26_15_22_81_
12:47:05,88.10,1,9791,88.10_88.20_88.30_88.40_88.50_,4_36_22_11_107_,88.00_87.90_87.80_87.70_87.60_,28_26_15_22_81_
12:47:10,88.10,2,9793,88.10_88.20_88.30_88.40_88.50_,2_36_22_12_107_,88.00_87.90_87.80_87.70_87.60_,30_26_15_22_81_
12:47:16,88.10,2,9795,88.20_88.30_88.40_88.50_88.60_,36_21_12_107_33_,88.10_88.00_87.90_87.80_87.70_,1_31_26_15_22_
12:47:21,88.20,1,9796,88.20_88.30_88.40_88.50_88.60_,35_21_12_74_67_,88.10_88.00_87.90_87.80_87.70_,5_29_28_14_68_
12:47:26,88.20,1,9796,88.20_88.30_88.40_88.50_88.60_,35_21_12_74_67_,88.10_88.00_87.90_87.80_87.70_,5_29_28_14_70_
12:47:31,88.20,1,9797,88.20_88.30_88.40_88.50_88.60_,34_21_12_74_67_,88.10_88.00_87.90_87.80_87.70_,5_29_28_14_70_
12:47:36,88.20,1,9797,88.20_88.30_88.40_88.50_88.60_,34_21_12_74_67_,88.10_88.00_87.90_87.80_87.70_,6_28_28_14_70_
12:47:41,88.20,1,9798,88.20_88.30_88.40_88.50_88.60_,33_21_12_74_67_,88.10_88.00_87.90_87.80_87.70_,7_28_28_14_70_
12:47:46,88.20,1,9799,88.20_88.30_88.40_88.50_88.60_,32_21_12_74_67_,88.10_88.00_87.90_87.80_87.70_,10_33_28_14_70_
12:47:51,88.20,5,9804,88.20_88.30_88.40_88.50_88.60_,27_21_12_74_67_,88.10_88.00_87.90_87.80_87.70_,11_33_28_14_70_
12:47:57,88.20,5,9804,88.20_88.30_88.40_88.50_88.60_,27_21_12_74_67_,88.10_88.00_87.90_87.80_87.70_,19_33_28_14_70_
12:48:02,88.20,1,9805,88.20_88.30_88.40_88.50_88.60_,33_21_12_74_69_,88.10_88.00_87.90_87.80_87.70_,25_33_28_14_70_
12:48:07,88.20,1,9806,88.20_88.30_88.40_88.50_88.60_,33_21_12_74_69_,88.10_88.00_87.90_87.80_87.70_,25_33_28_14_70_
12:48:12,88.20,2,9808,88.20_88.30_88.40_88.50_88.60_,31_21_12_74_69_,88.10_88.00_87.90_87.80_87.70_,25_32_28_14_70_
12:48:17,88.20,1,9809,88.20_88.30_88.40_88.50_88.60_,30_21_12_74_69_,88.10_88.00_87.90_87.80_87.70_,25_32_28_13_70_
12:48:22,88.20,1,9810,88.20_88.30_88.40_88.50_88.60_,29_21_12_74_69_,88.10_88.00_87.90_87.80_87.70_,25_32_28_13_70_
12:48:33,88.20,8,9818,88.20_88.30_88.40_88.50_88.60_,21_21_12_74_69_,88.10_88.00_87.90_87.80_87.70_,25_32_28_13_70_
12:48:38,88.20,21,9839,88.30_88.40_88.50_88.60_88.70_,21_12_74_69_48_,88.20_88.10_88.00_87.90_87.80_,29_25_32_28_13_
12:48:43,88.20,21,9839,88.30_88.40_88.50_88.60_88.70_,21_12_74_35_82_,88.20_88.10_88.00_87.90_87.80_,36_21_33_27_58_
12:48:53,88.20,4,9843,88.30_88.40_88.50_88.60_88.70_,16_12_74_35_82_,88.20_88.10_88.00_87.90_87.80_,32_21_33_27_58_
12:48:58,88.30,7,9850,88.30_88.40_88.50_88.60_88.70_,12_22_74_35_82_,88.20_88.10_88.00_87.90_87.80_,32_21_33_26_58_
12:49:03,88.30,4,9854,88.30_88.40_88.50_88.60_88.70_,8_22_74_35_82_,88.20_88.10_88.00_87.90_87.80_,32_20_33_26_58_
12:49:08,88.30,2,9856,88.30_88.40_88.50_88.60_88.70_,6_22_74_35_82_,88.20_88.10_88.00_87.90_87.80_,36_20_33_26_58_
12:49:13,88.30,3,9859,88.30_88.40_88.50_88.60_88.70_,3_22_74_35_82_,88.20_88.10_88.00_87.90_87.80_,37_21_33_26_58_
12:49:24,88.30,3,9862,88.40_88.50_88.60_88.70_88.80_,22_74_35_82_45_,88.30_88.20_88.10_88.00_87.90_,2_37_21_33_26_
12:49:29,88.30,2,9864,88.40_88.50_88.60_88.70_88.80_,28_74_35_52_75_,88.30_88.20_88.10_88.00_87.90_,4_33_22_32_69_
12:49:34,88.40,1,9865,88.40_88.50_88.60_88.70_88.80_,27_74_35_52_75_,88.30_88.20_88.10_88.00_87.90_,9_32_17_32_69_
12:49:39,88.40,1,9865,88.40_88.50_88.60_88.70_88.80_,27_74_35_48_79_,88.30_88.20_88.10_88.00_87.90_,14_32_12_31_69_
12:49:44,88.40,4,9869,88.40_88.50_88.60_88.70_88.80_,23_74_35_48_79_,88.30_88.20_88.10_88.00_87.90_,15_33_12_30_69_
12:49:49,88.40,5,9874,88.40_88.50_88.60_88.70_88.80_,18_74_35_48_79_,88.30_88.20_88.10_88.00_87.90_,15_33_12_30_69_
12:49:59,88.40,1,9875,88.40_88.50_88.60_88.70_88.80_,17_74_35_48_79_,88.30_88.20_88.10_88.00_87.90_,16_32_12_30_69_
12:50:05,88.40,1,9876,88.40_88.50_88.60_88.70_88.80_,16_74_35_48_79_,88.30_88.20_88.10_88.00_87.90_,16_32_12_30_69_
12:50:10,88.40,1,9877,88.40_88.50_88.60_88.70_88.80_,15_74_35_48_79_,88.30_88.20_88.10_88.00_87.90_,16_32_12_30_69_
12:50:15,88.30,3,9880,88.40_88.50_88.60_88.70_88.80_,15_74_35_48_81_,88.30_88.20_88.10_88.00_87.90_,13_32_12_30_69_
12:50:20,88.30,3,9880,88.40_88.50_88.60_88.70_88.80_,15_74_35_48_81_,88.30_88.20_88.10_88.00_87.90_,15_32_12_30_69_
12:50:25,88.30,2,9882,88.40_88.50_88.60_88.70_88.80_,15_73_35_48_82_,88.30_88.20_88.10_88.00_87.90_,15_32_12_30_69_
12:50:30,88.30,2,9884,88.40_88.50_88.60_88.70_88.80_,25_73_35_48_82_,88.30_88.20_88.10_88.00_87.90_,14_32_12_30_69_
12:50:35,88.40,2,9886,88.40_88.50_88.60_88.70_88.80_,23_73_35_48_82_,88.30_88.20_88.10_88.00_87.90_,14_33_13_30_69_
12:50:41,88.30,10,9896,88.40_88.50_88.60_88.70_88.80_,23_73_35_48_82_,88.30_88.20_88.10_88.00_87.90_,5_37_13_30_69_
12:50:46,88.30,2,9898,88.40_88.50_88.60_88.70_88.80_,23_73_35_48_82_,88.30_88.20_88.10_88.00_87.90_,5_37_13_30_69_
12:50:51,88.30,2,9900,88.40_88.50_88.60_88.70_88.80_,26_77_36_49_82_,88.30_88.20_88.10_88.00_87.90_,3_37_12_30_69_
12:50:56,88.40,1,9901,88.40_88.50_88.60_88.70_88.80_,25_77_36_49_82_,88.30_88.20_88.10_88.00_87.90_,3_37_12_30_69_
12:51:01,88.40,2,9903,88.40_88.50_88.60_88.70_88.80_,23_77_36_49_82_,88.30_88.20_88.10_88.00_87.90_,4_37_12_30_69_
12:51:16,88.40,2,9905,88.40_88.50_88.60_88.70_88.80_,21_77_35_49_82_,88.30_88.20_88.10_88.00_87.90_,4_37_12_30_69_
12:51:21,88.40,2,9907,88.40_88.50_88.60_88.70_88.80_,20_77_34_49_82_,88.30_88.20_88.10_88.00_87.90_,4_37_12_30_69_
12:51:27,88.40,1,9908,88.40_88.50_88.60_88.70_88.80_,19_77_34_49_82_,88.30_88.20_88.10_88.00_87.90_,4_37_12_30_69_
12:51:32,88.40,2,9910,88.40_88.50_88.60_88.70_88.80_,18_82_34_49_82_,88.30_88.20_88.10_88.00_87.90_,4_37_12_30_69_
12:51:37,88.40,2,9910,88.40_88.50_88.60_88.70_88.80_,10_82_34_49_82_,88.30_88.20_88.10_88.00_87.90_,4_37_12_30_69_
12:51:42,88.40,2,9910,88.40_88.50_88.60_88.70_88.80_,10_82_34_49_82_,88.30_88.20_88.10_88.00_87.90_,4_40_12_30_69_
12:51:52,88.40,2,9910,88.40_88.50_88.60_88.70_88.80_,10_82_34_49_82_,88.30_88.20_88.10_88.00_87.90_,6_41_12_30_69_
12:51:57,88.40,2,9910,88.40_88.50_88.60_88.70_88.80_,10_83_34_49_82_,88.30_88.20_88.10_88.00_87.90_,6_41_12_30_69_
12:52:08,88.40,2,9912,88.40_88.50_88.60_88.70_88.80_,8_84_34_49_82_,88.30_88.20_88.10_88.00_87.90_,5_41_12_30_69_
12:52:18,88.40,1,9913,88.40_88.50_88.60_88.70_88.80_,7_84_34_49_82_,88.30_88.20_88.10_88.00_87.90_,5_41_12_30_69_
12:52:23,88.40,1,9914,88.40_88.50_88.60_88.70_88.80_,7_84_34_49_82_,88.30_88.20_88.10_88.00_87.90_,8_41_11_30_69_
12:52:28,88.40,1,9915,88.40_88.50_88.60_88.70_88.80_,6_84_34_49_82_,88.30_88.20_88.10_88.00_87.90_,8_41_11_30_69_
12:52:48,88.30,1,9916,88.40_88.50_88.60_88.70_88.80_,6_84_34_49_82_,88.30_88.20_88.10_88.00_87.90_,7_41_11_30_69_
12:52:59,88.30,2,9918,88.40_88.50_88.60_88.70_88.80_,6_84_36_49_82_,88.30_88.20_88.10_88.00_87.90_,5_41_11_30_69_
12:53:04,88.40,2,9920,88.40_88.50_88.60_88.70_88.80_,4_84_36_49_82_,88.30_88.20_88.10_88.00_87.90_,7_41_11_30_69_
12:53:09,88.40,2,9920,88.40_88.50_88.60_88.70_88.80_,4_86_36_48_82_,88.30_88.20_88.10_88.00_87.90_,7_41_11_30_69_
12:53:14,88.40,3,9923,88.40_88.50_88.60_88.70_88.80_,6_88_36_48_82_,88.30_88.20_88.10_88.00_87.90_,8_41_11_30_69_
12:53:24,88.40,3,9923,88.40_88.50_88.60_88.70_88.80_,6_88_36_48_82_,88.30_88.20_88.10_88.00_87.90_,11_41_11_30_69_
12:53:30,88.40,1,9924,88.40_88.50_88.60_88.70_88.80_,5_88_36_48_82_,88.30_88.20_88.10_88.00_87.90_,11_41_11_30_69_
12:53:35,88.40,2,9926,88.40_88.50_88.60_88.70_88.80_,3_88_36_48_82_,88.30_88.20_88.10_88.00_87.90_,11_41_11_30_68_
12:53:40,88.40,2,9926,88.40_88.50_88.60_88.70_88.80_,3_83_36_48_82_,88.30_88.20_88.10_88.00_87.90_,11_41_11_31_68_
12:54:00,88.40,1,9927,88.40_88.50_88.60_88.70_88.80_,3_83_36_48_82_,88.30_88.20_88.10_88.00_87.90_,10_41_11_31_68_
12:54:05,88.40,2,9929,88.40_88.50_88.60_88.70_88.80_,1_83_36_48_82_,88.30_88.20_88.10_88.00_87.90_,10_41_11_31_68_
12:54:11,88.40,1,9930,88.50_88.60_88.70_88.80_88.90_,83_36_48_82_89_,88.40_88.30_88.20_88.10_88.00_,1_10_41_11_31_
12:54:16,88.40,6,9936,88.50_88.60_88.70_88.80_88.90_,83_35_48_52_119_,88.40_88.30_88.20_88.10_88.00_,2_7_42_10_75_
12:54:26,88.40,3,9939,88.40_88.50_88.60_88.70_88.80_,13_83_35_48_52_,88.30_88.20_88.10_88.00_87.90_,7_42_10_75_23_
12:54:31,88.30,3,9942,88.40_88.50_88.60_88.70_88.80_,13_84_35_48_82_,88.30_88.20_88.10_88.00_87.90_,4_41_11_30_68_
12:54:36,88.30,3,9942,88.40_88.50_88.60_88.70_88.80_,13_84_35_48_82_,88.30_88.20_88.10_88.00_87.90_,5_41_11_30_68_
12:54:41,88.40,1,9943,88.40_88.50_88.60_88.70_88.80_,12_84_35_48_82_,88.30_88.20_88.10_88.00_87.90_,5_41_11_30_68_
12:54:46,88.40,1,9944,88.40_88.50_88.60_88.70_88.80_,11_84_35_48_83_,88.30_88.20_88.10_88.00_87.90_,5_41_11_30_68_
12:54:57,88.30,1,9945,88.40_88.50_88.60_88.70_88.80_,11_84_35_48_83_,88.30_88.20_88.10_88.00_87.90_,4_41_11_30_69_
12:55:07,88.30,1,9945,88.40_88.50_88.60_88.70_88.80_,15_84_35_48_83_,88.30_88.20_88.10_88.00_87.90_,4_41_11_30_69_
12:55:12,88.40,2,9947,88.40_88.50_88.60_88.70_88.80_,14_84_35_48_83_,88.30_88.20_88.10_88.00_87.90_,4_41_11_30_69_
12:55:17,88.30,1,9948,88.40_88.50_88.60_88.70_88.80_,24_84_35_48_83_,88.30_88.20_88.10_88.00_87.90_,3_41_11_31_69_
12:55:27,88.30,1,9948,88.40_88.50_88.60_88.70_88.80_,24_84_35_48_83_,88.30_88.20_88.10_88.00_87.90_,6_41_11_32_69_
12:55:33,88.30,1,9948,88.40_88.50_88.60_88.70_88.80_,29_84_35_48_83_,88.30_88.20_88.10_88.00_87.90_,7_41_11_33_69_
12:55:43,88.30,1,9948,88.40_88.50_88.60_88.70_88.80_,29_84_35_48_83_,88.30_88.20_88.10_88.00_87.90_,7_41_11_33_68_
12:55:48,88.30,4,9952,88.40_88.50_88.60_88.70_88.80_,29_84_35_48_83_,88.30_88.20_88.10_88.00_87.90_,3_41_11_33_68_
12:55:53,88.40,2,9954,88.40_88.50_88.60_88.70_88.80_,34_85_36_48_83_,88.30_88.20_88.10_88.00_87.90_,4_41_11_33_68_
12:55:58,88.40,2,9954,88.40_88.50_88.60_88.70_88.80_,34_86_36_48_83_,88.30_88.20_88.10_88.00_87.90_,5_41_11_33_68_
12:56:03,88.30,1,9955,88.40_88.50_88.60_88.70_88.80_,34_86_36_48_83_,88.30_88.20_88.10_88.00_87.90_,4_41_11_34_68_
12:56:09,88.30,1,9955,88.40_88.50_88.60_88.70_88.80_,34_86_36_48_83_,88.30_88.20_88.10_88.00_87.90_,4_41_11_35_68_
12:56:19,88.30,4,9959,88.30_88.40_88.50_88.60_88.70_,1_34_86_36_48_,88.20_88.10_88.00_87.90_87.80_,41_11_35_68_9_
12:56:24,88.30,4,9959,88.30_88.40_88.50_88.60_88.70_,6_34_86_35_82_,88.20_88.10_88.00_87.90_87.80_,41_10_35_24_57_
12:56:29,88.30,4,9959,88.30_88.40_88.50_88.60_88.70_,14_34_86_35_82_,88.20_88.10_88.00_87.90_87.80_,41_10_35_24_57_
12:56:39,88.30,4,9959,88.30_88.40_88.50_88.60_88.70_,14_34_86_35_82_,88.20_88.10_88.00_87.90_87.80_,41_11_35_24_57_
12:57:05,88.30,4,9959,88.30_88.40_88.50_88.60_88.70_,14_34_86_35_82_,88.20_88.10_88.00_87.90_87.80_,42_11_35_24_57_
12:57:10,88.20,3,9962,88.30_88.40_88.50_88.60_88.70_,14_34_85_36_82_,88.20_88.10_88.00_87.90_87.80_,40_11_35_24_57_
12:57:15,88.20,3,9962,88.30_88.40_88.50_88.60_88.70_,14_34_85_36_82_,88.20_88.10_88.00_87.90_87.80_,41_11_35_24_57_
12:57:20,88.20,3,9962,88.30_88.40_88.50_88.60_88.70_,15_34_85_36_82_,88.20_88.10_88.00_87.90_87.80_,42_11_35_24_57_
12:57:26,88.20,3,9962,88.30_88.40_88.50_88.60_88.70_,15_34_84_36_82_,88.20_88.10_88.00_87.90_87.80_,42_11_35_24_57_
12:57:31,88.20,1,9963,88.30_88.40_88.50_88.60_88.70_,15_34_83_36_82_,88.20_88.10_88.00_87.90_87.80_,41_11_35_24_57_
12:57:51,88.20,5,9968,88.30_88.40_88.50_88.60_88.70_,15_34_83_36_82_,88.20_88.10_88.00_87.90_87.80_,36_11_35_26_57_
12:57:56,88.30,14,9982,88.30_88.40_88.50_88.60_88.70_,1_34_83_36_82_,88.20_88.10_88.00_87.90_87.80_,38_11_35_26_57_
12:58:02,88.30,1,9983,88.30_88.40_88.50_88.60_88.70_,8_34_83_36_82_,88.20_88.10_88.00_87.90_87.80_,38_11_35_26_57_
12:58:07,88.30,1,9983,88.40_88.50_88.60_88.70_88.80_,34_83_36_82_46_,88.20_88.10_88.00_87.90_87.80_,38_11_35_26_58_
12:58:12,88.30,1,9983,88.40_88.50_88.60_88.70_88.80_,41_83_36_52_76_,88.20_88.10_88.00_87.90_87.80_,38_12_34_26_58_
12:58:17,88.30,1,9983,88.40_88.50_88.60_88.70_88.80_,41_83_36_52_76_,88.30_88.20_88.10_88.00_87.90_,1_37_12_34_26_
12:58:22,88.40,1,9984,88.40_88.50_88.60_88.70_88.80_,40_83_36_52_76_,88.30_88.20_88.10_88.00_87.90_,6_36_12_34_71_
12:58:32,88.40,6,9990,88.40_88.50_88.60_88.70_88.80_,41_83_36_52_76_,88.30_88.20_88.10_88.00_87.90_,7_36_12_34_71_
12:58:43,88.40,6,9990,88.40_88.50_88.60_88.70_88.80_,41_83_36_52_76_,88.30_88.20_88.10_88.00_87.90_,8_37_12_34_71_
12:58:48,88.30,5,9995,88.40_88.50_88.60_88.70_88.80_,41_83_36_52_76_,88.30_88.20_88.10_88.00_87.90_,4_37_12_34_71_
12:58:53,88.30,5,9995,88.40_88.50_88.60_88.70_88.80_,42_83_36_52_76_,88.30_88.20_88.10_88.00_87.90_,4_37_12_34_71_
12:58:58,88.30,5,9995,88.40_88.50_88.60_88.70_88.80_,42_83_36_52_76_,88.30_88.20_88.10_88.00_87.90_,4_37_12_34_70_
12:59:08,88.40,2,9997,88.40_88.50_88.60_88.70_88.80_,40_83_36_52_76_,88.30_88.20_88.10_88.00_87.90_,4_37_12_34_70_
12:59:13,88.40,1,9998,88.40_88.50_88.60_88.70_88.80_,40_82_36_52_76_,88.30_88.20_88.10_88.00_87.90_,4_37_12_34_70_
12:59:24,88.40,1,9999,88.40_88.50_88.60_88.70_88.80_,39_82_36_52_76_,88.30_88.20_88.10_88.00_87.90_,5_37_12_34_70_
12:59:29,88.40,1,9999,88.40_88.50_88.60_88.70_88.80_,40_82_36_52_76_,88.30_88.20_88.10_88.00_87.90_,5_37_12_34_70_
12:59:34,88.40,1,10000,88.40_88.50_88.60_88.70_88.80_,39_82_36_52_76_,88.30_88.20_88.10_88.00_87.90_,6_37_12_34_70_
12:59:39,88.40,1,10000,88.40_88.50_88.60_88.70_88.80_,39_82_36_52_76_,88.30_88.20_88.10_88.00_87.90_,8_37_12_34_70_
12:59:44,88.40,1,10001,88.40_88.50_88.60_88.70_88.80_,38_82_36_52_76_,88.30_88.20_88.10_88.00_87.90_,8_37_12_44_70_
12:59:49,88.40,1,10002,88.40_88.50_88.60_88.70_88.80_,37_82_36_52_76_,88.30_88.20_88.10_88.00_87.90_,8_37_12_44_70_
12:59:55,88.40,1,10002,88.40_88.50_88.60_88.70_88.80_,37_82_36_52_76_,88.30_88.20_88.10_88.00_87.90_,9_37_13_44_70_
13:00:00,88.40,1,10002,88.40_88.50_88.60_88.70_88.80_,37_82_36_52_76_,88.30_88.20_88.10_88.00_87.90_,11_37_13_44_70_
13:00:05,88.40,1,10003,88.40_88.50_88.60_88.70_88.80_,37_82_36_52_76_,88.30_88.20_88.10_88.00_87.90_,11_37_13_43_70_
13:00:15,88.30,8,10011,88.40_88.50_88.60_88.70_88.80_,37_82_36_52_76_,88.30_88.20_88.10_88.00_87.90_,3_37_13_43_70_
13:00:20,88.30,8,10011,88.40_88.50_88.60_88.70_88.80_,38_82_36_52_76_,88.30_88.20_88.10_88.00_87.90_,12_33_13_43_70_
13:00:36,88.30,8,10011,88.40_88.50_88.60_88.70_88.80_,38_82_36_52_76_,88.30_88.20_88.10_88.00_87.90_,17_33_13_43_70_
13:00:41,88.40,1,10012,88.40_88.50_88.60_88.70_88.80_,37_82_36_52_76_,88.30_88.20_88.10_88.00_87.90_,18_33_13_43_70_
13:00:46,88.30,1,10013,88.40_88.50_88.60_88.70_88.80_,37_82_36_52_76_,88.30_88.20_88.10_88.00_87.90_,17_33_13_43_70_
13:00:56,88.30,2,10015,88.40_88.50_88.60_88.70_88.80_,39_82_36_53_76_,88.30_88.20_88.10_88.00_87.90_,15_33_13_43_70_
13:01:01,88.30,1,10016,88.40_88.50_88.60_88.70_88.80_,39_82_36_53_76_,88.30_88.20_88.10_88.00_87.90_,15_33_13_43_70_
13:01:06,88.30,3,10019,88.40_88.50_88.60_88.70_88.80_,39_82_36_53_76_,88.30_88.20_88.10_88.00_87.90_,12_33_13_43_70_
13:01:11,88.30,2,10021,88.40_88.50_88.60_88.70_88.80_,39_83_36_53_76_,88.30_88.20_88.10_88.00_87.90_,12_33_13_43_70_
13:01:17,88.30,2,10021,88.40_88.50_88.60_88.70_88.80_,40_83_36_53_76_,88.30_88.20_88.10_88.00_87.90_,13_33_13_43_70_
13:01:22,88.40,1,10022,88.40_88.50_88.60_88.70_88.80_,39_83_36_53_76_,88.30_88.20_88.10_88.00_87.90_,13_33_13_43_70_
13:01:32,88.40,1,10023,88.40_88.50_88.60_88.70_88.80_,39_83_36_53_76_,88.30_88.20_88.10_88.00_87.90_,16_33_13_43_70_
13:01:37,88.40,1,10023,88.40_88.50_88.60_88.70_88.80_,39_83_36_53_76_,88.30_88.20_88.10_88.00_87.90_,17_33_13_43_70_
13:01:42,88.40,1,10023,88.40_88.50_88.60_88.70_88.80_,39_83_36_53_76_,88.30_88.20_88.10_88.00_87.90_,27_33_13_38_70_
13:01:47,88.40,1,10023,88.40_88.50_88.60_88.70_88.80_,39_83_36_48_81_,88.30_88.20_88.10_88.00_87.90_,32_33_13_38_70_
13:01:52,88.40,1,10023,88.40_88.50_88.60_88.70_88.80_,39_84_36_48_81_,88.30_88.20_88.10_88.00_87.90_,32_33_13_38_70_
13:01:58,88.40,1,10023,88.40_88.50_88.60_88.70_88.80_,39_84_36_48_80_,88.30_88.20_88.10_88.00_87.90_,32_33_13_38_70_
13:02:03,88.40,5,10028,88.40_88.50_88.60_88.70_88.80_,34_84_36_48_80_,88.30_88.20_88.10_88.00_87.90_,32_33_13_38_70_
13:02:18,88.40,1,10029,88.40_88.50_88.60_88.70_88.80_,33_84_36_48_80_,88.30_88.20_88.10_88.00_87.90_,32_33_13_38_70_
13:02:23,88.30,5,10034,88.40_88.50_88.60_88.70_88.80_,33_84_36_48_80_,88.30_88.20_88.10_88.00_87.90_,27_33_13_38_70_
13:02:28,88.30,5,10034,88.40_88.50_88.60_88.70_88.80_,33_84_36_48_80_,88.30_88.20_88.10_88.00_87.90_,28_36_13_38_70_
13:02:34,88.40,1,10035,88.40_88.50_88.60_88.70_88.80_,32_84_36_48_80_,88.30_88.20_88.10_88.00_87.90_,28_36_13_38_70_
13:02:44,88.40,1,10036,88.40_88.50_88.60_88.70_88.80_,31_84_36_48_80_,88.30_88.20_88.10_88.00_87.90_,31_36_13_38_70_
13:02:49,88.40,2,10038,88.40_88.50_88.60_88.70_88.80_,29_84_36_48_80_,88.30_88.20_88.10_88.00_87.90_,35_33_13_38_70_
13:02:59,88.40,2,10038,88.40_88.50_88.60_88.70_88.80_,29_84_36_48_80_,88.30_88.20_88.10_88.00_87.90_,35_33_12_39_70_
13:03:04,88.40,2,10038,88.40_88.50_88.60_88.70_88.80_,28_84_36_48_81_,88.30_88.20_88.10_88.00_87.90_,35_33_12_40_70_
13:03:09,88.30,1,10039,88.40_88.50_88.60_88.70_88.80_,28_84_36_48_81_,88.30_88.20_88.10_88.00_87.90_,34_33_12_41_70_
13:03:14,88.40,2,10041,88.40_88.50_88.60_88.70_88.80_,26_84_36_48_81_,88.30_88.20_88.10_88.00_87.90_,34_33_11_41_71_
13:03:20,88.30,2,10043,88.40_88.50_88.60_88.70_88.80_,26_84_36_48_81_,88.30_88.20_88.10_88.00_87.90_,34_33_11_41_71_
13:03:35,88.40,1,10044,88.40_88.50_88.60_88.70_88.80_,25_84_36_48_81_,88.30_88.20_88.10_88.00_87.90_,34_33_11_41_71_
13:03:40,88.40,1,10045,88.40_88.50_88.60_88.70_88.80_,24_84_36_48_81_,88.30_88.20_88.10_88.00_87.90_,34_33_11_41_71_
13:03:50,88.30,1,10046,88.40_88.50_88.60_88.70_88.80_,24_84_36_48_81_,88.30_88.20_88.10_88.00_87.90_,33_33_11_41_81_
13:03:55,88.40,1,10047,88.40_88.50_88.60_88.70_88.80_,23_84_36_48_81_,88.30_88.20_88.10_88.00_87.90_,34_33_11_41_81_
13:04:05,88.40,1,10048,88.40_88.50_88.60_88.70_88.80_,24_84_36_48_81_,88.30_88.20_88.10_88.00_87.90_,34_33_11_41_81_
13:04:11,88.40,1,10048,88.40_88.50_88.60_88.70_88.80_,26_84_36_48_81_,88.30_88.20_88.10_88.00_87.90_,39_33_11_41_81_
13:04:16,88.40,12,10060,88.40_88.50_88.60_88.70_88.80_,14_84_36_48_81_,88.30_88.20_88.10_88.00_87.90_,46_33_11_41_81_
13:04:21,88.30,6,10066,88.40_88.50_88.60_88.70_88.80_,14_84_36_48_81_,88.30_88.20_88.10_88.00_87.90_,45_33_11_41_81_
13:04:26,88.40,14,10080,88.50_88.60_88.70_88.80_88.90_,84_36_48_81_89_,88.40_88.30_88.20_88.10_88.00_,38_43_33_11_41_
13:04:31,88.40,14,10080,88.50_88.60_88.70_88.80_88.90_,84_36_48_46_125_,88.40_88.30_88.20_88.10_88.00_,44_39_34_10_89_
13:04:36,88.40,14,10080,88.50_88.60_88.70_88.80_88.90_,84_36_48_46_125_,88.40_88.30_88.20_88.10_88.00_,50_33_34_10_89_
13:04:41,88.40,1,10081,88.50_88.60_88.70_88.80_88.90_,84_36_48_46_126_,88.40_88.30_88.20_88.10_88.00_,49_34_34_10_89_
13:04:46,88.40,1,10081,88.50_88.60_88.70_88.80_88.90_,84_36_48_46_126_,88.40_88.30_88.20_88.10_88.00_,54_30_34_10_89_
13:04:52,88.50,1,10082,88.50_88.60_88.70_88.80_88.90_,83_36_48_46_126_,88.40_88.30_88.20_88.10_88.00_,54_30_34_10_89_
13:04:57,88.40,5,10087,88.50_88.60_88.70_88.80_88.90_,83_36_48_46_126_,88.40_88.30_88.20_88.10_88.00_,49_30_34_9_89_
13:05:02,88.50,1,10088,88.50_88.60_88.70_88.80_88.90_,83_36_48_45_126_,88.40_88.30_88.20_88.10_88.00_,54_30_34_9_89_
13:05:07,88.50,1,10089,88.50_88.60_88.70_88.80_88.90_,83_36_48_45_126_,88.40_88.30_88.20_88.10_88.00_,53_30_34_9_89_
13:05:17,88.40,1,10090,88.50_88.60_88.70_88.80_88.90_,84_36_48_45_126_,88.40_88.30_88.20_88.10_88.00_,53_36_34_9_89_
13:05:22,88.40,2,10092,88.50_88.60_88.70_88.80_88.90_,84_36_48_45_126_,88.40_88.30_88.20_88.10_88.00_,51_36_34_9_89_
13:05:27,88.40,2,10092,88.50_88.60_88.70_88.80_88.90_,84_36_48_55_126_,88.40_88.30_88.20_88.10_88.00_,52_36_34_9_89_
13:05:33,88.40,2,10092,88.50_88.60_88.70_88.80_88.90_,84_36_48_55_126_,88.40_88.30_88.20_88.10_88.00_,52_36_34_9_90_
13:05:38,88.40,2,10092,88.50_88.60_88.70_88.80_88.90_,84_36_48_55_126_,88.40_88.30_88.20_88.10_88.00_,52_36_34_9_92_
13:05:43,88.40,2,10092,88.50_88.60_88.70_88.80_88.90_,84_36_48_55_126_,88.40_88.30_88.20_88.10_88.00_,53_36_34_9_92_
13:05:48,88.40,1,10093,88.50_88.60_88.70_88.80_88.90_,84_36_48_55_126_,88.40_88.30_88.20_88.10_88.00_,53_36_34_9_92_
13:05:53,88.50,5,10098,88.50_88.60_88.70_88.80_88.90_,83_36_48_55_126_,88.40_88.30_88.20_88.10_88.00_,53_36_34_9_92_
13:06:03,88.50,5,10098,88.50_88.60_88.70_88.80_88.90_,83_36_48_55_126_,88.40_88.30_88.20_88.10_88.00_,54_36_34_9_92_
13:06:09,88.50,1,10099,88.50_88.60_88.70_88.80_88.90_,82_36_48_55_126_,88.40_88.30_88.20_88.10_88.00_,55_36_34_9_92_
13:06:14,88.50,1,10099,88.50_88.60_88.70_88.80_88.90_,82_36_48_55_126_,88.40_88.30_88.20_88.10_88.00_,55_36_34_10_92_
13:06:19,88.50,1,10100,88.50_88.60_88.70_88.80_88.90_,86_36_48_55_126_,88.40_88.30_88.20_88.10_88.00_,55_36_34_10_92_
13:06:29,88.50,1,10100,88.50_88.60_88.70_88.80_88.90_,86_36_48_55_126_,88.40_88.30_88.20_88.10_88.00_,56_36_34_10_92_
13:06:34,88.50,1,10100,88.50_88.60_88.70_88.80_88.90_,86_36_48_55_157_,88.40_88.30_88.20_88.10_88.00_,56_36_34_10_92_
13:06:39,88.50,1,10100,88.50_88.60_88.70_88.80_88.90_,86_36_48_55_157_,88.40_88.30_88.20_88.10_88.00_,55_36_34_10_92_
13:06:45,88.40,3,10103,88.50_88.60_88.70_88.80_88.90_,86_37_48_55_157_,88.40_88.30_88.20_88.10_88.00_,52_36_34_10_92_
13:06:50,88.40,3,10103,88.50_88.60_88.70_88.80_88.90_,86_37_48_55_157_,88.40_88.30_88.20_88.10_88.00_,55_36_34_10_92_
13:06:55,88.40,3,10103,88.50_88.60_88.70_88.80_88.90_,86_37_48_55_158_,88.40_88.30_88.20_88.10_88.00_,55_36_34_10_92_
13:07:00,88.40,3,10103,88.50_88.60_88.70_88.80_88.90_,86_37_48_55_158_,88.40_88.30_88.20_88.10_88.00_,56_36_34_10_92_
13:07:10,88.40,3,10103,88.50_88.60_88.70_88.80_88.90_,86_37_48_55_158_,88.40_88.30_88.20_88.10_88.00_,59_36_34_10_92_
13:07:15,88.40,3,10103,88.50_88.60_88.70_88.80_88.90_,86_37_48_55_158_,88.40_88.30_88.20_88.10_88.00_,60_36_34_10_92_
13:07:25,88.40,3,10103,88.50_88.60_88.70_88.80_88.90_,86_37_48_55_158_,88.40_88.30_88.20_88.10_88.00_,61_36_34_10_92_
13:07:31,88.50,8,10111,88.50_88.60_88.70_88.80_88.90_,79_37_48_55_158_,88.40_88.30_88.20_88.10_88.00_,61_37_34_10_92_
13:07:36,88.50,8,10111,88.50_88.60_88.70_88.80_88.90_,79_37_48_55_158_,88.40_88.30_88.20_88.10_88.00_,62_37_34_10_92_
13:07:46,88.50,8,10111,88.50_88.60_88.70_88.80_88.90_,79_37_48_55_158_,88.40_88.30_88.20_88.10_88.00_,62_36_34_10_92_
13:07:56,88.50,8,10111,88.50_88.60_88.70_88.80_88.90_,79_37_48_56_158_,88.40_88.30_88.20_88.10_88.00_,62_36_34_10_92_
13:08:01,88.50,8,10111,88.50_88.60_88.70_88.80_88.90_,79_37_48_56_158_,88.40_88.30_88.20_88.10_88.00_,63_36_34_10_92_
13:08:07,88.50,2,10113,88.50_88.60_88.70_88.80_88.90_,77_37_48_56_158_,88.40_88.30_88.20_88.10_88.00_,64_36_34_10_92_
13:08:12,88.50,2,10115,88.50_88.60_88.70_88.80_88.90_,75_37_48_56_158_,88.40_88.30_88.20_88.10_88.00_,63_36_34_10_92_
13:08:17,88.40,2,10117,88.50_88.60_88.70_88.80_88.90_,75_36_48_56_158_,88.40_88.30_88.20_88.10_88.00_,60_36_34_10_92_
13:08:22,88.40,1,10118,88.50_88.60_88.70_88.80_88.90_,75_36_48_56_158_,88.40_88.30_88.20_88.10_88.00_,59_36_34_10_92_
13:08:32,88.40,1,10118,88.50_88.60_88.70_88.80_88.90_,75_36_48_56_158_,88.40_88.30_88.20_88.10_88.00_,60_36_34_10_92_
13:08:37,88.50,10,10128,88.50_88.60_88.70_88.80_88.90_,65_36_48_56_158_,88.40_88.30_88.20_88.10_88.00_,59_36_34_10_92_
13:08:42,88.50,10,10128,88.50_88.60_88.70_88.80_88.90_,72_36_48_56_158_,88.40_88.30_88.20_88.10_88.00_,59_36_34_10_92_
13:08:48,88.50,1,10129,88.50_88.60_88.70_88.80_88.90_,71_36_48_56_158_,88.40_88.30_88.20_88.10_88.00_,59_37_34_10_92_
13:08:58,88.50,1,10129,88.50_88.60_88.70_88.80_88.90_,71_36_48_56_158_,88.40_88.30_88.20_88.10_88.00_,61_37_34_10_92_
13:09:03,88.50,1,10129,88.50_88.60_88.70_88.80_88.90_,71_36_48_56_158_,88.40_88.30_88.20_88.10_88.00_,62_37_34_10_92_
13:09:08,88.50,1,10130,88.50_88.60_88.70_88.80_88.90_,70_36_48_56_158_,88.40_88.30_88.20_88.10_88.00_,61_37_34_10_92_
13:09:13,88.50,1,10130,88.50_88.60_88.70_88.80_88.90_,70_36_48_56_158_,88.40_88.30_88.20_88.10_88.00_,66_37_34_10_92_
13:09:18,88.50,2,10132,88.50_88.60_88.70_88.80_88.90_,68_36_48_56_158_,88.40_88.30_88.20_88.10_88.00_,66_37_34_10_92_
13:09:24,88.50,3,10135,88.50_88.60_88.70_88.80_88.90_,65_36_48_56_158_,88.40_88.30_88.20_88.10_88.00_,66_37_34_10_92_
13:09:29,88.40,1,10136,88.50_88.60_88.70_88.80_88.90_,66_36_48_56_158_,88.40_88.30_88.20_88.10_88.00_,65_37_34_10_92_
13:09:34,88.40,6,10142,88.50_88.60_88.70_88.80_88.90_,66_36_43_56_158_,88.40_88.30_88.20_88.10_88.00_,59_37_34_10_92_
13:09:39,88.40,1,10143,88.50_88.60_88.70_88.80_88.90_,66_37_43_56_158_,88.40_88.30_88.20_88.10_88.00_,58_37_34_10_92_
13:09:44,88.40,1,10143,88.50_88.60_88.70_88.80_88.90_,66_37_44_56_158_,88.40_88.30_88.20_88.10_88.00_,58_37_34_10_92_
13:09:49,88.50,3,10146,88.50_88.60_88.70_88.80_88.90_,63_37_44_56_158_,88.40_88.30_88.20_88.10_88.00_,58_37_34_10_92_
13:09:54,88.50,3,10146,88.50_88.60_88.70_88.80_88.90_,63_37_44_55_158_,88.40_88.30_88.20_88.10_88.00_,58_37_34_10_92_
13:10:00,88.50,3,10146,88.50_88.60_88.70_88.80_88.90_,64_37_44_55_158_,88.40_88.30_88.20_88.10_88.00_,58_37_34_10_92_
13:10:05,88.50,1,10147,88.50_88.60_88.70_88.80_88.90_,64_37_44_55_158_,88.40_88.30_88.20_88.10_88.00_,58_37_34_10_92_
13:10:15,88.40,3,10150,88.50_88.60_88.70_88.80_88.90_,64_37_38_55_158_,88.40_88.30_88.20_88.10_88.00_,55_37_34_10_92_
13:10:20,88.40,3,10150,88.50_88.60_88.70_88.80_88.90_,70_37_38_55_158_,88.40_88.30_88.20_88.10_88.00_,55_37_34_10_92_
13:10:25,88.50,1,10151,88.50_88.60_88.70_88.80_88.90_,69_37_38_55_159_,88.40_88.30_88.20_88.10_88.00_,54_37_35_10_92_
13:10:35,88.40,1,10152,88.50_88.60_88.70_88.80_88.90_,69_37_38_55_159_,88.40_88.30_88.20_88.10_88.00_,53_37_35_10_92_
13:10:41,88.40,6,10158,88.50_88.60_88.70_88.80_88.90_,70_37_38_55_159_,88.40_88.30_88.20_88.10_88.00_,48_37_35_10_92_
13:10:46,88.40,1,10159,88.50_88.60_88.70_88.80_88.90_,73_37_38_55_159_,88.40_88.30_88.20_88.10_88.00_,47_37_34_10_92_
13:10:51,88.40,3,10162,88.50_88.60_88.70_88.80_88.90_,73_38_38_55_159_,88.40_88.30_88.20_88.10_88.00_,44_37_34_10_92_
13:10:56,88.50,2,10164,88.50_88.60_88.70_88.80_88.90_,72_38_38_55_159_,88.40_88.30_88.20_88.10_88.00_,44_37_34_10_92_
13:11:01,88.40,10,10174,88.50_88.60_88.70_88.80_88.90_,72_38_38_55_159_,88.40_88.30_88.20_88.10_88.00_,34_37_34_10_92_
13:11:11,88.50,4,10178,88.50_88.60_88.70_88.80_88.90_,69_38_38_55_159_,88.40_88.30_88.20_88.10_88.00_,34_37_34_10_92_
13:11:16,88.40,2,10180,88.50_88.60_88.70_88.80_88.90_,69_38_38_55_159_,88.40_88.30_88.20_88.10_88.00_,32_37_34_10_92_
13:11:21,88.40,1,10181,88.50_88.60_88.70_88.80_88.90_,70_38_38_55_159_,88.40_88.30_88.20_88.10_88.00_,31_37_34_10_92_
13:11:26,88.40,1,10182,88.50_88.60_88.70_88.80_88.90_,70_38_38_55_159_,88.40_88.30_88.20_88.10_88.00_,31_37_34_10_92_
13:11:32,88.40,1,10183,88.50_88.60_88.70_88.80_88.90_,71_38_38_55_159_,88.40_88.30_88.20_88.10_88.00_,30_37_34_10_92_
13:11:37,88.40,2,10185,88.50_88.60_88.70_88.80_88.90_,71_38_38_55_159_,88.40_88.30_88.20_88.10_88.00_,28_37_34_10_92_
13:11:42,88.40,2,10185,88.50_88.60_88.70_88.80_88.90_,76_37_38_55_159_,88.40_88.30_88.20_88.10_88.00_,28_37_34_10_92_
13:11:47,88.40,6,10191,88.50_88.60_88.70_88.80_88.90_,86_37_38_55_159_,88.40_88.30_88.20_88.10_88.00_,22_37_34_10_92_
13:11:52,88.40,5,10196,88.50_88.60_88.70_88.80_88.90_,86_37_38_55_159_,88.40_88.30_88.20_88.10_88.00_,17_37_34_10_92_
13:11:57,88.40,5,10196,88.50_88.60_88.70_88.80_88.90_,87_37_38_55_159_,88.40_88.30_88.20_88.10_88.00_,17_37_34_10_92_
13:12:02,88.40,1,10197,88.50_88.60_88.70_88.80_88.90_,93_37_38_55_159_,88.40_88.30_88.20_88.10_88.00_,17_37_34_10_92_
13:12:07,88.50,1,10198,88.50_88.60_88.70_88.80_88.90_,92_37_38_59_159_,88.40_88.30_88.20_88.10_88.00_,17_37_34_10_92_
13:12:13,88.50,1,10198,88.50_88.60_88.70_88.80_88.90_,92_37_38_60_159_,88.40_88.30_88.20_88.10_88.00_,17_37_34_10_92_
13:12:18,88.40,5,10203,88.50_88.60_88.70_88.80_88.90_,92_37_38_60_159_,88.40_88.30_88.20_88.10_88.00_,12_37_34_10_92_
13:12:23,88.40,10,10213,88.50_88.60_88.70_88.80_88.90_,92_37_38_60_159_,88.40_88.30_88.20_88.10_88.00_,2_37_34_10_92_
13:12:28,88.40,7,10220,88.40_88.50_88.60_88.70_88.80_,3_92_37_38_60_,88.30_88.20_88.10_88.00_87.90_,37_34_10_92_36_
13:12:33,88.40,7,10220,88.40_88.50_88.60_88.70_88.80_,6_86_37_38_94_,88.30_88.20_88.10_88.00_87.90_,37_34_11_47_81_
13:12:38,88.40,7,10220,88.40_88.50_88.60_88.70_88.80_,6_86_37_38_94_,88.30_88.20_88.10_88.00_87.90_,37_34_11_64_85_
13:12:43,88.30,3,10223,88.40_88.50_88.60_88.70_88.80_,6_86_37_38_94_,88.30_88.20_88.10_88.00_87.90_,35_34_11_64_85_
13:12:49,88.30,3,10223,88.40_88.50_88.60_88.70_88.80_,6_86_37_38_94_,88.30_88.20_88.10_88.00_87.90_,36_34_11_64_85_
13:12:54,88.40,5,10228,88.40_88.50_88.60_88.70_88.80_,3_86_37_38_94_,88.30_88.20_88.10_88.00_87.90_,37_34_11_64_85_
13:12:59,88.40,1,10229,88.40_88.50_88.60_88.70_88.80_,7_86_37_38_94_,88.30_88.20_88.10_88.00_87.90_,36_34_11_64_85_
13:13:04,88.40,1,10229,88.40_88.50_88.60_88.70_88.80_,8_86_37_38_93_,88.30_88.20_88.10_88.00_87.90_,36_34_11_64_85_
13:13:09,88.40,5,10234,88.40_88.50_88.60_88.70_88.80_,3_86_37_38_93_,88.30_88.20_88.10_88.00_87.90_,36_34_11_64_85_
13:13:14,88.40,5,10234,88.40_88.50_88.60_88.70_88.80_,4_86_37_38_93_,88.30_88.20_88.10_88.00_87.90_,37_34_12_64_85_
13:13:19,88.40,1,10235,88.40_88.50_88.60_88.70_88.80_,3_86_37_38_93_,88.30_88.20_88.10_88.00_87.90_,37_34_12_64_85_
13:13:24,88.40,1,10235,88.40_88.50_88.60_88.70_88.80_,3_87_37_38_93_,88.30_88.20_88.10_88.00_87.90_,37_34_12_64_85_
13:13:30,88.30,2,10237,88.40_88.50_88.60_88.70_88.80_,3_87_37_38_93_,88.30_88.20_88.10_88.00_87.90_,36_34_22_64_85_
13:13:35,88.30,1,10238,88.40_88.50_88.60_88.70_88.80_,3_87_37_38_93_,88.30_88.20_88.10_88.00_87.90_,35_34_22_64_85_
13:13:40,88.30,1,10238,88.40_88.50_88.60_88.70_88.80_,4_87_37_38_93_,88.30_88.20_88.10_88.00_87.90_,35_34_22_64_85_
13:13:45,88.30,1,10238,88.40_88.50_88.60_88.70_88.80_,9_87_35_38_93_,88.30_88.20_88.10_88.00_87.90_,35_34_22_64_85_
13:13:50,88.30,9,10247,88.40_88.50_88.60_88.70_88.80_,15_87_35_38_93_,88.30_88.20_88.10_88.00_87.90_,26_34_22_64_85_
13:13:55,88.40,10,10257,88.40_88.50_88.60_88.70_88.80_,10_87_35_38_93_,88.30_88.20_88.10_88.00_87.90_,26_34_22_64_85_
13:14:00,88.40,1,10258,88.40_88.50_88.60_88.70_88.80_,12_87_35_38_93_,88.30_88.20_88.10_88.00_87.90_,26_34_22_64_85_
13:14:06,88.40,1,10258,88.40_88.50_88.60_88.70_88.80_,18_87_35_38_93_,88.30_88.20_88.10_88.00_87.90_,26_34_22_64_85_
13:14:16,88.40,1,10259,88.40_88.50_88.60_88.70_88.80_,17_87_35_38_93_,88.30_88.20_88.10_88.00_87.90_,25_34_22_64_85_
13:14:31,88.40,1,10259,88.40_88.50_88.60_88.70_88.80_,34_87_35_38_93_,88.30_88.20_88.10_88.00_87.90_,30_34_22_64_85_
13:14:36,88.40,1,10259,88.40_88.50_88.60_88.70_88.80_,34_88_35_38_93_,88.30_88.20_88.10_88.00_87.90_,31_34_22_64_85_
13:14:47,88.40,2,10261,88.40_88.50_88.60_88.70_88.80_,33_88_35_38_93_,88.30_88.20_88.10_88.00_87.90_,34_32_22_64_85_
13:14:52,88.40,2,10263,88.40_88.50_88.60_88.70_88.80_,31_88_35_38_93_,88.30_88.20_88.10_88.00_87.90_,34_32_22_64_85_
13:14:57,88.40,2,10263,88.40_88.50_88.60_88.70_88.80_,31_88_35_38_93_,88.30_88.20_88.10_88.00_87.90_,35_32_22_64_85_
13:15:02,88.40,2,10263,88.40_88.50_88.60_88.70_88.80_,31_88_35_38_93_,88.30_88.20_88.10_88.00_87.90_,37_35_22_64_85_
13:15:07,88.30,1,10264,88.40_88.50_88.60_88.70_88.80_,38_88_35_38_93_,88.30_88.20_88.10_88.00_87.90_,36_35_22_64_85_
13:15:12,88.40,2,10266,88.40_88.50_88.60_88.70_88.80_,37_88_35_38_93_,88.30_88.20_88.10_88.00_87.90_,36_35_22_64_85_
13:15:17,88.30,1,10267,88.40_88.50_88.60_88.70_88.80_,37_88_35_38_93_,88.30_88.20_88.10_88.00_87.90_,35_35_22_64_85_
13:15:22,88.40,1,10268,88.40_88.50_88.60_88.70_88.80_,36_88_35_38_93_,88.30_88.20_88.10_88.00_87.90_,35_35_22_65_85_
13:15:27,88.40,1,10268,88.40_88.50_88.60_88.70_88.80_,36_88_35_38_93_,88.30_88.20_88.10_88.00_87.90_,38_36_22_65_85_
13:15:38,88.40,1,10269,88.40_88.50_88.60_88.70_88.80_,35_88_35_38_93_,88.30_88.20_88.10_88.00_87.90_,37_36_22_65_85_
13:15:48,88.30,3,10272,88.40_88.50_88.60_88.70_88.80_,35_88_35_38_93_,88.30_88.20_88.10_88.00_87.90_,34_36_22_65_85_
13:15:53,88.30,2,10274,88.40_88.50_88.60_88.70_88.80_,36_83_35_38_93_,88.30_88.20_88.10_88.00_87.90_,37_33_22_65_85_
13:15:58,88.30,6,10280,88.40_88.50_88.60_88.70_88.80_,36_83_35_38_93_,88.30_88.20_88.10_88.00_87.90_,33_33_32_65_85_
13:16:03,88.40,3,10283,88.40_88.50_88.60_88.70_88.80_,33_83_35_38_93_,88.30_88.20_88.10_88.00_87.90_,33_33_32_65_85_
13:16:09,88.30,14,10297,88.40_88.50_88.60_88.70_88.80_,33_83_35_38_93_,88.30_88.20_88.10_88.00_87.90_,19_33_32_65_85_
13:16:14,88.30,14,10297,88.40_88.50_88.60_88.70_88.80_,33_82_35_38_93_,88.30_88.20_88.10_88.00_87.90_,19_32_32_65_85_
13:16:24,88.30,14,10297,88.40_88.50_88.60_88.70_88.80_,34_82_35_38_93_,88.30_88.20_88.10_88.00_87.90_,19_32_32_65_85_
13:16:29,88.30,10,10307,88.40_88.50_88.60_88.70_88.80_,34_82_35_38_83_,88.30_88.20_88.10_88.00_87.90_,9_32_32_65_85_
13:16:34,88.30,5,10312,88.40_88.50_88.60_88.70_88.80_,34_82_35_38_83_,88.30_88.20_88.10_88.00_87.90_,7_32_32_65_85_
13:16:39,88.40,1,10313,88.40_88.50_88.60_88.70_88.80_,43_82_35_38_83_,88.30_88.20_88.10_88.00_87.90_,7_31_32_65_85_
13:16:50,88.40,1,10313,88.40_88.50_88.60_88.70_88.80_,42_82_35_38_83_,88.30_88.20_88.10_88.00_87.90_,7_31_32_65_85_
13:16:55,88.40,1,10314,88.40_88.50_88.60_88.70_88.80_,41_82_35_38_83_,88.30_88.20_88.10_88.00_87.90_,6_31_32_65_85_
13:17:00,88.30,1,10315,88.40_88.50_88.60_88.70_88.80_,41_83_35_38_83_,88.30_88.20_88.10_88.00_87.90_,5_31_32_65_85_
13:17:05,88.30,1,10316,88.40_88.50_88.60_88.70_88.80_,41_83_35_38_83_,88.30_88.20_88.10_88.00_87.90_,5_31_32_65_85_
13:17:10,88.30,1,10316,88.40_88.50_88.60_88.70_88.80_,41_83_35_38_84_,88.30_88.20_88.10_88.00_87.90_,6_31_32_65_85_
13:17:15,88.30,1,10316,88.40_88.50_88.60_88.70_88.80_,51_83_35_38_84_,88.30_88.20_88.10_88.00_87.90_,7_31_32_65_85_
13:17:26,88.30,1,10316,88.40_88.50_88.60_88.70_88.80_,51_83_35_38_84_,88.30_88.20_88.10_88.00_87.90_,8_31_33_65_84_
13:17:36,88.30,1,10317,88.40_88.50_88.60_88.70_88.80_,51_83_35_38_84_,88.30_88.20_88.10_88.00_87.90_,7_31_33_65_84_
13:17:41,88.30,1,10318,88.40_88.50_88.60_88.70_88.80_,54_83_35_38_84_,88.30_88.20_88.10_88.00_87.90_,9_31_33_65_84_
13:17:51,88.30,1,10318,88.40_88.50_88.60_88.70_88.80_,54_83_35_38_84_,88.30_88.20_88.10_88.00_87.90_,9_31_33_66_84_
13:17:56,88.40,1,10319,88.40_88.50_88.60_88.70_88.80_,53_83_35_38_84_,88.30_88.20_88.10_88.00_87.90_,9_31_33_66_84_
13:18:02,88.30,2,10321,88.40_88.50_88.60_88.70_88.80_,53_83_35_38_84_,88.30_88.20_88.10_88.00_87.90_,7_31_33_66_84_
13:18:07,88.30,8,10329,88.30_88.40_88.50_88.60_88.70_,5_53_83_35_38_,88.20_88.10_88.00_87.90_87.80_,31_33_66_84_9_
13:18:12,88.20,7,10336,88.30_88.40_88.50_88.60_88.70_,5_53_83_33_72_,88.20_88.10_88.00_87.90_87.80_,26_32_67_39_54_
13:18:17,88.30,1,10337,88.30_88.40_88.50_88.60_88.70_,4_54_83_33_72_,88.20_88.10_88.00_87.90_87.80_,28_32_67_39_54_
13:18:27,88.30,1,10337,88.30_88.40_88.50_88.60_88.70_,4_54_83_33_72_,88.20_88.10_88.00_87.90_87.80_,31_33_67_39_54_
13:18:32,88.20,4,10341,88.30_88.40_88.50_88.60_88.70_,5_54_83_33_72_,88.20_88.10_88.00_87.90_87.80_,27_33_67_39_54_
13:18:37,88.20,1,10342,88.30_88.40_88.50_88.60_88.70_,5_54_83_33_72_,88.20_88.10_88.00_87.90_87.80_,26_33_67_39_54_
13:18:43,88.20,1,10342,88.30_88.40_88.50_88.60_88.70_,10_54_83_33_72_,88.20_88.10_88.00_87.90_87.80_,27_33_67_39_54_
13:18:48,88.20,5,10347,88.30_88.40_88.50_88.60_88.70_,10_54_78_33_73_,88.20_88.10_88.00_87.90_87.80_,22_33_67_39_54_
13:18:53,88.20,5,10347,88.30_88.40_88.50_88.60_88.70_,11_54_78_33_74_,88.20_88.10_88.00_87.90_87.80_,22_33_67_39_54_
13:18:58,88.20,1,10348,88.30_88.40_88.50_88.60_88.70_,11_54_78_33_74_,88.20_88.10_88.00_87.90_87.80_,26_33_67_39_54_
13:19:03,88.20,20,10368,88.30_88.40_88.50_88.60_88.70_,16_54_78_33_74_,88.20_88.10_88.00_87.90_87.80_,7_33_67_39_55_
13:19:08,88.20,20,10368,88.30_88.40_88.50_88.60_88.70_,16_54_78_33_74_,88.20_88.10_88.00_87.90_87.80_,10_33_66_39_55_
13:19:13,88.30,1,10369,88.30_88.40_88.50_88.60_88.70_,15_54_78_33_74_,88.20_88.10_88.00_87.90_87.80_,10_33_66_39_55_
13:19:24,88.30,1,10369,88.30_88.40_88.50_88.60_88.70_,15_54_78_33_74_,88.20_88.10_88.00_87.90_87.80_,10_32_66_39_55_
13:19:29,88.30,1,10369,88.30_88.40_88.50_88.60_88.70_,16_54_78_33_74_,88.20_88.10_88.00_87.90_87.80_,10_32_66_39_55_
13:19:34,88.30,1,10369,88.30_88.40_88.50_88.60_88.70_,16_56_78_33_74_,88.20_88.10_88.00_87.90_87.80_,14_22_66_39_55_
13:19:39,88.20,8,10377,88.30_88.40_88.50_88.60_88.70_,16_56_78_33_74_,88.20_88.10_88.00_87.90_87.80_,9_22_66_39_55_
13:19:44,88.20,8,10377,88.30_88.40_88.50_88.60_88.70_,17_56_78_33_74_,88.20_88.10_88.00_87.90_87.80_,9_22_66_39_55_
13:19:49,88.20,8,10377,88.30_88.40_88.50_88.60_88.70_,17_56_78_33_74_,88.20_88.10_88.00_87.90_87.80_,9_25_66_39_55_
13:19:54,88.20,8,10377,88.30_88.40_88.50_88.60_88.70_,17_56_79_33_74_,88.20_88.10_88.00_87.90_87.80_,11_25_66_39_55_
13:19:59,88.20,8,10377,88.30_88.40_88.50_88.60_88.70_,17_56_79_33_74_,88.20_88.10_88.00_87.90_87.80_,20_25_66_39_55_
13:20:05,88.20,8,10377,88.30_88.40_88.50_88.60_88.70_,17_56_79_33_74_,88.20_88.10_88.00_87.90_87.80_,20_25_66_39_58_
13:20:10,88.20,5,10382,88.30_88.40_88.50_88.60_88.70_,17_56_79_33_74_,88.20_88.10_88.00_87.90_87.80_,15_25_66_49_58_
13:20:15,88.30,4,10386,88.30_88.40_88.50_88.60_88.70_,13_56_79_33_74_,88.20_88.10_88.00_87.90_87.80_,28_24_66_49_58_
13:20:20,88.30,1,10387,88.30_88.40_88.50_88.60_88.70_,18_56_72_33_74_,88.20_88.10_88.00_87.90_87.80_,31_21_66_49_58_
13:20:25,88.20,4,10391,88.30_88.40_88.50_88.60_88.70_,18_56_72_33_74_,88.20_88.10_88.00_87.90_87.80_,27_22_67_49_58_
13:20:30,88.20,1,10392,88.30_88.40_88.50_88.60_88.70_,18_56_72_33_74_,88.20_88.10_88.00_87.90_87.80_,26_22_67_49_58_
13:20:35,88.30,1,10393,88.30_88.40_88.50_88.60_88.70_,20_56_72_33_74_,88.20_88.10_88.00_87.90_87.80_,26_22_69_49_58_
13:20:40,88.30,1,10393,88.30_88.40_88.50_88.60_88.70_,20_49_72_33_74_,88.20_88.10_88.00_87.90_87.80_,27_22_69_49_58_
13:20:46,88.30,1,10393,88.30_88.40_88.50_88.60_88.70_,20_49_75_33_74_,88.20_88.10_88.00_87.90_87.80_,27_22_69_49_58_
13:20:51,88.20,9,10402,88.30_88.40_88.50_88.60_88.70_,22_49_75_33_74_,88.20_88.10_88.00_87.90_87.80_,18_22_69_49_58_
13:20:56,88.20,9,10402,88.30_88.40_88.50_88.60_88.70_,22_49_75_33_74_,88.20_88.10_88.00_87.90_87.80_,18_22_70_45_62_
13:21:01,88.20,9,10402,88.30_88.40_88.50_88.60_88.70_,23_49_75_33_74_,88.20_88.10_88.00_87.90_87.80_,18_21_70_45_62_
13:21:06,88.20,1,10403,88.30_88.40_88.50_88.60_88.70_,23_49_75_33_74_,88.20_88.10_88.00_87.90_87.80_,22_21_75_45_62_
13:21:16,88.20,1,10403,88.30_88.40_88.50_88.60_88.70_,33_49_75_33_74_,88.20_88.10_88.00_87.90_87.80_,23_23_75_45_62_
13:21:21,88.20,1,10403,88.30_88.40_88.50_88.60_88.70_,25_49_75_33_74_,88.20_88.10_88.00_87.90_87.80_,24_23_75_45_62_
13:21:27,88.20,4,10407,88.30_88.40_88.50_88.60_88.70_,25_49_75_33_74_,88.20_88.10_88.00_87.90_87.80_,20_23_74_45_62_
13:21:32,88.20,4,10407,88.30_88.40_88.50_88.60_88.70_,25_49_75_33_74_,88.20_88.10_88.00_87.90_87.80_,25_23_75_45_62_
13:21:37,88.20,4,10407,88.30_88.40_88.50_88.60_88.70_,30_49_75_33_74_,88.20_88.10_88.00_87.90_87.80_,25_23_75_45_62_
13:21:42,88.20,4,10407,88.30_88.40_88.50_88.60_88.70_,30_49_75_33_74_,88.20_88.10_88.00_87.90_87.80_,25_23_75_44_62_
13:21:52,88.20,4,10407,88.30_88.40_88.50_88.60_88.70_,30_49_75_33_74_,88.20_88.10_88.00_87.90_87.80_,25_32_75_44_62_
13:21:57,88.20,1,10408,88.30_88.40_88.50_88.60_88.70_,30_49_75_33_74_,88.20_88.10_88.00_87.90_87.80_,28_30_75_44_62_
13:22:02,88.30,1,10409,88.30_88.40_88.50_88.60_88.70_,29_49_75_33_74_,88.20_88.10_88.00_87.90_87.80_,27_31_74_44_62_
13:22:07,88.30,1,10409,88.30_88.40_88.50_88.60_88.70_,30_49_75_33_74_,88.20_88.10_88.00_87.90_87.80_,27_31_74_44_62_
13:22:13,88.20,1,10410,88.30_88.40_88.50_88.60_88.70_,30_49_79_33_74_,88.20_88.10_88.00_87.90_87.80_,28_31_74_44_62_
13:22:18,88.20,8,10418,88.30_88.40_88.50_88.60_88.70_,30_49_79_33_74_,88.20_88.10_88.00_87.90_87.80_,24_31_74_44_62_
13:22:23,88.20,8,10418,88.30_88.40_88.50_88.60_88.70_,30_49_79_33_74_,88.20_88.10_88.00_87.90_87.80_,27_31_74_44_62_
13:22:33,88.30,1,10419,88.30_88.40_88.50_88.60_88.70_,29_49_79_33_74_,88.20_88.10_88.00_87.90_87.80_,27_31_74_94_62_
13:22:38,88.20,22,10441,88.30_88.40_88.50_88.60_88.70_,29_49_79_33_74_,88.20_88.10_88.00_87.90_87.80_,7_31_74_94_62_
13:22:43,88.30,4,10445,88.30_88.40_88.50_88.60_88.70_,25_49_79_33_74_,88.20_88.10_88.00_87.90_87.80_,11_29_74_84_62_
13:22:48,88.30,3,10448,88.30_88.40_88.50_88.60_88.70_,23_49_79_33_74_,88.20_88.10_88.00_87.90_87.80_,12_28_74_84_62_
13:22:53,88.20,1,10449,88.30_88.40_88.50_88.60_88.70_,23_49_79_33_74_,88.20_88.10_88.00_87.90_87.80_,12_28_75_84_62_
13:22:59,88.20,3,10452,88.30_88.40_88.50_88.60_88.70_,23_49_79_33_74_,88.20_88.10_88.00_87.90_87.80_,12_28_75_84_62_
13:23:04,88.20,3,10452,88.30_88.40_88.50_88.60_88.70_,23_49_79_31_74_,88.20_88.10_88.00_87.90_87.80_,22_28_75_84_62_
13:23:09,88.20,3,10452,88.30_88.40_88.50_88.60_88.70_,23_49_79_31_74_,88.20_88.10_88.00_87.90_87.80_,23_18_75_84_62_
13:23:14,88.20,3,10455,88.30_88.40_88.50_88.60_88.70_,24_49_79_31_74_,88.20_88.10_88.00_87.90_87.80_,20_18_75_84_62_
13:23:19,88.20,1,10456,88.30_88.40_88.50_88.60_88.70_,23_49_79_31_74_,88.20_88.10_88.00_87.90_87.80_,20_18_75_84_62_
13:23:24,88.20,4,10460,88.30_88.40_88.50_88.60_88.70_,23_49_79_31_74_,88.20_88.10_88.00_87.90_87.80_,18_28_75_84_62_
13:23:29,88.20,3,10463,88.30_88.40_88.50_88.60_88.70_,25_49_83_31_74_,88.20_88.10_88.00_87.90_87.80_,15_28_75_84_62_
13:23:34,88.20,1,10464,88.30_88.40_88.50_88.60_88.70_,25_49_83_31_74_,88.20_88.10_88.00_87.90_87.80_,14_28_75_84_62_
13:23:40,88.20,2,10466,88.30_88.40_88.50_88.60_88.70_,25_39_83_31_74_,88.20_88.10_88.00_87.90_87.80_,12_28_75_84_62_
13:23:45,88.20,10,10476,88.30_88.40_88.50_88.60_88.70_,25_39_83_31_74_,88.20_88.10_88.00_87.90_87.80_,3_28_75_84_62_
13:23:50,88.20,3,10479,88.20_88.30_88.40_88.50_88.60_,2_26_37_80_31_,88.10_88.00_87.90_87.80_87.70_,28_75_84_62_22_
13:23:55,88.10,1,10480,88.20_88.30_88.40_88.50_88.60_,2_26_37_80_64_,88.10_88.00_87.90_87.80_87.70_,27_74_85_17_67_
13:24:00,88.20,1,10481,88.20_88.30_88.40_88.50_88.60_,1_26_35_80_61_,88.10_88.00_87.90_87.80_87.70_,27_74_85_13_67_
13:24:05,88.20,2,10483,88.20_88.30_88.40_88.50_88.60_,2_26_35_80_61_,88.10_88.00_87.90_87.80_87.70_,27_74_85_13_67_
13:24:10,88.20,2,10483,88.20_88.30_88.40_88.50_88.60_,2_26_35_79_61_,88.10_88.00_87.90_87.80_87.70_,27_74_85_13_67_
13:24:21,88.20,1,10484,88.20_88.30_88.40_88.50_88.60_,2_26_35_80_61_,88.10_88.00_87.90_87.80_87.70_,27_74_85_13_67_
13:24:26,88.20,3,10487,88.20_88.30_88.40_88.50_88.60_,2_26_35_80_61_,88.10_88.00_87.90_87.80_87.70_,27_74_85_13_67_
13:24:31,88.10,3,10490,88.20_88.30_88.40_88.50_88.60_,3_26_35_80_61_,88.10_88.00_87.90_87.80_87.70_,24_74_85_13_67_
13:24:36,88.20,1,10491,88.20_88.30_88.40_88.50_88.60_,2_26_38_80_61_,88.10_88.00_87.90_87.80_87.70_,24_74_85_13_67_
13:24:41,88.20,2,10493,88.30_88.40_88.50_88.60_88.70_,26_38_80_61_39_,88.10_88.00_87.90_87.80_87.70_,24_74_85_13_67_
13:24:46,88.20,2,10493,88.30_88.40_88.50_88.60_88.70_,26_38_80_31_69_,88.20_88.10_88.00_87.90_87.80_,5_24_75_84_13_
13:24:51,88.30,3,10496,88.30_88.40_88.50_88.60_88.70_,24_38_80_31_69_,88.20_88.10_88.00_87.90_87.80_,5_26_75_84_58_
13:24:56,88.20,1,10497,88.30_88.40_88.50_88.60_88.70_,24_38_80_31_69_,88.20_88.10_88.00_87.90_87.80_,7_26_75_84_58_
13:25:03,88.20,1,10497,88.30_,0_,88.20_,0_
13:25:08,88.20,1,10497,88.40_,0_,88.30_,0_
13:25:13,88.20,1,10497,88.30_,0_,88.20_,0_
13:25:19,88.20,1,10497,88.30_,0_,88.20_,0_
13:25:24,88.20,1,10497,88.30_,0_,88.20_,0_
13:25:29,88.20,1,10497,88.30_,0_,88.20_,0_
13:25:34,88.20,1,10497,88.40_,0_,88.30_,0_
13:25:39,88.20,1,10497,88.30_,0_,88.20_,0_
13:25:44,88.20,1,10497,88.30_,0_,88.20_,0_
13:25:49,88.20,1,10497,88.30_,0_,88.20_,0_
13:25:54,88.20,1,10497,88.30_,0_,88.20_,0_
13:26:00,88.20,1,10497,88.30_,0_,88.20_,0_
13:26:10,88.20,1,10497,88.20_,0_,88.10_,0_
13:26:15,88.20,1,10497,88.20_,0_,88.10_,0_
13:26:20,88.20,1,10497,88.20_,0_,88.10_,0_
13:26:25,88.20,1,10497,88.20_,0_,88.10_,0_
13:26:30,88.20,1,10497,88.20_,0_,88.10_,0_
13:26:35,88.20,1,10497,88.20_,0_,88.10_,0_
13:26:41,88.20,1,10497,88.20_,0_,88.10_,0_
13:26:46,88.20,1,10497,88.20_,0_,88.10_,0_
13:26:51,88.20,1,10497,88.20_,0_,88.10_,0_
13:26:56,88.20,1,10497,88.20_,0_,88.10_,0_
13:27:01,88.20,1,10497,88.20_,0_,88.10_,0_
13:27:06,88.20,1,10497,88.20_,0_,88.10_,0_
13:27:11,88.20,1,10497,88.20_,0_,88.10_,0_
13:27:16,88.20,1,10497,88.20_,0_,88.10_,0_
13:27:22,88.20,1,10497,88.20_,0_,88.10_,0_
13:27:27,88.20,1,10497,88.20_,0_,88.10_,0_
13:27:32,88.20,1,10497,88.20_,0_,88.10_,0_
13:27:37,88.20,1,10497,88.20_,0_,88.10_,0_
13:27:42,88.20,1,10497,88.20_,0_,88.10_,0_
13:27:47,88.20,1,10497,88.20_,0_,88.10_,0_
13:27:52,88.20,1,10497,88.20_,0_,88.10_,0_
13:27:57,88.20,1,10497,88.20_,0_,88.10_,0_
13:28:03,88.20,1,10497,88.20_,0_,88.10_,0_
13:28:08,88.20,1,10497,88.20_,0_,88.10_,0_
13:28:23,88.20,1,10497,88.20_,0_,88.10_,0_
13:28:33,88.20,1,10497,88.20_,0_,88.10_,0_
13:28:38,88.20,1,10497,88.20_,0_,88.10_,0_
13:28:44,88.20,1,10497,88.20_,0_,88.10_,0_
13:28:49,88.20,1,10497,88.20_,0_,88.10_,0_
13:28:54,88.20,1,10497,88.20_,0_,88.10_,0_
13:28:59,88.20,1,10497,88.20_,0_,88.10_,0_
13:29:04,88.20,1,10497,88.20_,0_,88.10_,0_
13:29:09,88.20,1,10497,88.20_,0_,88.10_,0_
13:29:14,88.20,1,10497,88.20_,0_,88.10_,0_
13:29:19,88.20,1,10497,88.20_,0_,88.10_,0_
13:29:25,88.20,1,10497,88.30_,0_,88.20_,0_
13:29:30,88.20,1,10497,88.30_,0_,88.20_,0_
13:29:45,88.20,1,10497,88.30_,0_,88.20_,0_
13:29:50,88.20,1,10497,88.30_,0_,88.20_,0_
13:29:55,88.20,1,10497,88.30_,0_,88.20_,0_
13:30:00,88.20,309,10806,88.30_88.40_88.50_88.60_88.70_,40_38_69_72_149_,88.20_88.10_88.00_87.90_87.80_,16_43_56_110_142_
