13:01:18,93.10,1,3668,93.20_93.30_93.40_93.50_93.60_,4_8_17_13_13_,93.10_93.00_92.90_92.80_92.70_,20_104_24_40_22_
13:01:23,93.10,1,3668,93.20_93.30_93.40_93.50_93.60_,4_8_17_13_13_,93.10_93.00_92.90_92.80_92.70_,22_104_24_40_22_
13:01:33,93.10,1,3669,93.20_93.30_93.40_93.50_93.60_,4_8_17_13_13_,93.10_93.00_92.90_92.80_92.70_,21_104_24_40_22_
13:04:32,93.10,1,3707,93.20_93.30_93.40_93.50_93.60_,8_7_16_13_13_,93.10_93.00_92.90_92.80_92.70_,6_111_25_32_30_
13:04:37,93.10,1,3707,93.20_93.30_93.40_93.50_93.60_,9_7_16_13_13_,93.10_93.00_92.90_92.80_92.70_,6_112_25_32_30_
13:06:04,93.10,1,3723,93.10_93.20_93.30_93.40_93.50_,12_10_7_16_18_,93.00_92.90_92.80_92.70_92.60_,109_35_30_30_25_
13:06:10,93.00,1,3724,93.10_93.20_93.30_93.40_93.50_,13_10_7_16_18_,93.00_92.90_92.80_92.70_92.60_,108_35_30_30_25_
13:06:15,93.00,1,3725,93.10_93.20_93.30_93.40_93.50_,13_10_7_16_18_,93.00_92.90_92.80_92.70_92.60_,107_35_30_30_25_
13:06:20,93.00,1,3725,93.10_93.20_93.30_93.40_93.50_,13_10_7_16_18_,93.00_92.90_92.80_92.70_92.60_,107_35_29_30_25_
13:08:33,93.10,1,3782,93.20_93.30_93.40_93.50_93.60_,11_7_16_14_13_,93.10_93.00_92.90_92.80_92.70_,2_85_26_32_29_
13:08:54,93.10,1,3784,93.20_93.30_93.40_93.50_93.60_,13_7_16_14_13_,93.10_93.00_92.90_92.80_92.70_,3_82_26_32_29_
13:09:04,93.10,1,3785,93.20_93.30_93.40_93.50_93.60_,14_8_16_14_13_,93.10_93.00_92.90_92.80_92.70_,2_82_26_32_29_
13:09:09,93.10,1,3785,93.20_93.30_93.40_93.50_93.60_,14_8_16_14_13_,93.10_93.00_92.90_92.80_92.70_,2_83_26_32_29_
13:10:31,93.10,11,3810,93.20_93.30_93.40_93.50_93.60_,18_18_16_14_8_,93.10_93.00_92.90_92.80_92.70_,8_87_32_32_28_
13:10:36,93.10,11,3810,93.20_93.30_93.40_93.50_93.60_,18_18_16_14_8_,93.10_93.00_92.90_92.80_92.70_,11_87_32_32_28_
13:10:41,93.10,2,3812,93.20_93.30_93.40_93.50_93.60_,18_18_16_14_8_,93.10_93.00_92.90_92.80_92.70_,10_86_32_32_28_
13:10:46,93.10,3,3815,93.20_93.30_93.40_93.50_93.60_,18_18_16_14_8_,93.10_93.00_92.90_92.80_92.70_,13_86_26_32_28_
13:10:52,93.10,1,3816,93.20_93.30_93.40_93.50_93.60_,18_18_16_14_8_,93.10_93.00_92.90_92.80_92.70_,12_86_26_32_28_
13:10:57,93.10,4,3820,93.20_93.30_93.40_93.50_93.60_,19_22_16_14_8_,93.10_93.00_92.90_92.80_92.70_,8_87_26_32_28_
13:11:07,93.10,1,3821,93.20_93.30_93.40_93.50_93.60_,19_22_16_14_8_,93.10_93.00_92.90_92.80_92.70_,7_87_26_32_28_
13:11:17,93.10,1,3823,93.20_93.30_93.40_93.50_93.60_,19_22_16_14_8_,93.10_93.00_92.90_92.80_92.70_,12_87_26_32_28_
13:11:22,93.10,2,3825,93.20_93.30_93.40_93.50_93.60_,19_22_16_14_8_,93.10_93.00_92.90_92.80_92.70_,10_87_26_32_28_
13:12:03,93.10,3,3830,93.20_93.30_93.40_93.50_93.60_,23_22_16_14_8_,93.10_93.00_92.90_92.80_92.70_,4_86_29_32_27_
13:12:24,93.00,2,3838,93.20_93.30_93.40_93.50_93.60_,24_22_16_15_9_,93.00_92.90_92.80_92.70_92.60_,86_29_29_29_25_
13:14:48,93.10,1,3882,93.10_93.20_93.30_93.40_93.50_,9_15_19_16_18_,93.00_92.90_92.80_92.70_92.60_,84_32_29_28_25_
13:15:03,93.10,1,3882,93.10_93.20_93.30_93.40_93.50_,9_15_19_16_18_,93.00_92.90_92.80_92.70_92.60_,85_32_28_28_25_
13:16:50,93.10,6,3927,93.10_93.20_93.30_93.40_93.50_,4_19_19_16_16_,93.00_92.90_92.80_92.70_92.60_,86_29_38_20_22_
13:16:55,93.00,1,3928,93.10_93.20_93.30_93.40_93.50_,4_22_19_16_20_,93.00_92.90_92.80_92.70_92.60_,85_29_35_19_22_
13:18:43,93.00,6,3953,93.10_93.20_93.30_93.40_93.50_,12_18_19_16_22_,93.00_92.90_92.80_92.70_92.60_,79_36_27_26_22_
13:20:56,93.10,19,4116,93.20_93.30_93.40_93.50_93.60_,17_17_16_22_4_,93.10_93.00_92.90_92.80_92.70_,1_47_31_26_18_
13:22:08,93.10,2,4153,93.10_93.20_93.30_93.40_93.50_,10_19_17_16_22_,93.00_92.90_92.80_92.70_92.60_,52_27_26_18_35_
13:22:24,93.10,2,4160,93.10_93.20_93.30_93.40_93.50_,7_17_17_16_22_,93.00_92.90_92.80_92.70_92.60_,56_29_26_18_35_
13:22:29,93.00,10,4170,93.10_93.20_93.30_93.40_93.50_,7_17_17_16_22_,93.00_92.90_92.80_92.70_92.60_,46_29_26_18_35_
13:25:14,93.10,1,4234,93.20_93.30_93.40_93.50_93.60_,3_15_14_16_9_,93.00_92.90_92.80_92.70_92.60_,27_40_31_19_20_
13:25:40,93.10,1,4234,93.10_93.20_93.30_93.40_93.50_,12_3_14_20_43_,92.90_92.80_92.70_92.60_92.50_,8_32_19_19_105_
13:25:45,93.10,1,4234,93.10_93.20_93.30_93.40_93.50_,12_3_14_20_43_,92.90_92.80_92.70_92.60_92.50_,7_32_19_19_105_
13:25:55,93.10,1,4234,93.10_93.20_93.30_93.40_93.50_,12_3_14_20_43_,92.90_92.80_92.70_92.60_92.50_,7_29_19_19_105_
13:27:22,93.10,1,4234,92.90_93.10_93.20_93.30_93.40_,10_12_3_14_20_,92.80_92.70_92.60_92.50_92.40_,16_43_19_105_72_
13:27:37,93.10,1,4234,92.90_93.10_93.20_93.30_93.40_,10_12_3_14_20_,92.80_92.70_92.60_92.50_92.40_,16_41_24_105_78_
13:28:03,93.10,1,4234,92.90_93.10_93.20_93.30_93.40_,10_12_3_14_20_,92.80_92.70_92.60_92.50_92.40_,24_41_24_105_78_
13:28:34,93.10,1,4234,93.20_93.30_93.40_93.50_93.60_,3_14_20_44_18_,92.80_92.70_92.60_92.50_92.40_,33_42_24_105_78_
13:28:39,93.10,1,4234,93.20_93.30_93.40_93.50_93.60_,3_14_20_44_18_,92.90_92.80_92.70_92.60_92.50_,7_34_40_24_105_
13:28:44,93.10,1,4234,93.20_93.30_93.40_93.50_93.60_,3_14_20_44_18_,92.90_92.80_92.70_92.60_92.50_,15_34_40_24_105_
13:28:49,93.10,1,4234,93.20_93.30_93.40_93.50_93.60_,3_14_20_44_18_,92.90_92.80_92.70_92.60_92.50_,14_34_40_24_105_
13:29:35,93.10,1,4234,93.20_93.30_93.40_93.50_93.60_,5_14_20_44_18_,92.90_92.80_92.70_92.60_92.50_,38_45_40_24_92_
13:29:40,93.10,1,4234,93.20_93.30_93.40_93.50_93.60_,5_14_20_44_18_,92.90_92.80_92.70_92.60_92.50_,39_45_40_24_92_
13:29:45,93.10,1,4234,93.20_93.30_93.40_93.50_93.60_,5_14_20_44_18_,92.90_92.80_92.70_92.60_92.50_,41_45_40_24_92_
13:29:50,93.10,1,4234,93.20_93.30_93.40_93.50_93.60_,5_14_20_44_18_,92.90_92.80_92.70_92.60_92.50_,43_45_40_24_92_
13:29:56,93.10,1,4234,93.20_93.30_93.40_93.50_93.60_,5_14_20_44_18_,92.90_92.80_92.70_92.60_92.50_,47_45_40_24_92_
13:30:00,92.90,256,4490,93.00_93.20_93.30_93.40_93.50_,3_5_14_20_44_,92.90_92.80_92.70_92.60_92.50_,65_45_40_24_92_
09:00:35,93.80,2,48,93.80_93.90_94.00_94.10_94.20_,6_18_32_7_9_,93.60_93.50_93.40_93.30_93.20_,5_5_2_7_3_
09:00:40,93.60,1,49,93.70_93.80_93.90_94.00_94.10_,5_7_18_32_7_,93.60_93.50_93.40_93.30_93.20_,4_5_2_7_3_
09:01:10,93.60,1,53,93.70_93.80_93.90_94.00_94.10_,13_10_16_31_9_,93.60_93.50_93.40_93.30_93.20_,1_4_2_7_3_
09:01:16,93.60,1,53,93.70_93.80_93.90_94.00_94.10_,13_10_16_31_9_,93.60_93.50_93.40_93.30_93.20_,2_4_3_7_3_
09:01:21,93.70,1,54,93.70_93.80_93.90_94.00_94.10_,12_14_18_31_9_,93.60_93.50_93.40_93.30_93.20_,2_5_2_7_3_
09:01:26,93.60,2,56,93.60_93.70_93.80_93.90_94.00_,4_12_14_18_31_,93.50_93.40_93.30_93.20_93.10_,5_2_7_3_4_
09:01:31,93.60,1,57,93.60_93.70_93.80_93.90_94.00_,4_12_14_18_35_,93.50_93.40_93.30_93.20_93.10_,1_2_7_3_9_
09:01:36,93.60,5,62,93.60_93.70_93.80_93.90_94.00_,9_13_14_18_35_,93.40_93.30_93.20_93.10_93.00_,2_7_3_10_30_
09:03:24,93.30,1,88,93.40_93.50_93.60_93.70_93.80_,1_10_10_12_18_,93.30_93.20_93.10_93.00_92.90_,3_11_13_36_38_
09:03:24,93.30,1,88,93.40_93.50_93.60_93.70_93.80_,1_10_10_12_18_,93.30_93.20_93.10_93.00_92.90_,3_11_13_36_38_
09:03:29,93.30,1,89,93.40_93.50_93.60_93.70_93.80_,3_10_10_12_19_,93.30_93.20_93.10_93.00_92.90_,3_11_15_30_38_
09:03:34,93.30,1,89,93.40_93.50_93.60_93.70_93.80_,4_10_10_11_19_,93.30_93.20_93.10_93.00_92.90_,3_11_15_35_38_
09:03:34,93.30,1,89,93.40_93.50_93.60_93.70_93.80_,4_10_10_11_19_,93.30_93.20_93.10_93.00_92.90_,3_11_15_35_38_
09:03:44,93.30,1,89,93.40_93.50_93.60_93.70_93.80_,5_10_9_16_19_,93.30_93.20_93.10_93.00_92.90_,3_11_15_35_38_
09:05:01,93.20,10,128,93.40_93.50_93.60_93.70_93.80_,2_8_16_16_23_,93.10_93.00_92.90_92.80_92.60_,14_34_38_6_9_
09:05:01,93.20,10,128,93.40_93.50_93.60_93.70_93.80_,2_8_16_16_23_,93.10_93.00_92.90_92.80_92.60_,14_34_38_6_9_
09:05:06,93.20,10,128,93.40_93.50_93.60_93.70_93.80_,2_8_16_21_18_,93.10_93.00_92.90_92.80_92.60_,14_35_38_6_5_
09:05:11,93.40,1,129,93.40_93.50_93.60_93.70_93.80_,3_8_16_21_18_,93.10_93.00_92.90_92.80_92.60_,14_35_38_6_5_
09:05:16,93.40,1,129,93.40_93.50_93.60_93.70_93.80_,8_8_17_21_21_,93.10_93.00_92.90_92.80_92.60_,14_34_35_7_5_
09:05:57,93.30,1,132,93.30_93.40_93.50_93.60_93.70_,4_8_26_17_21_,93.20_93.10_93.00_92.90_92.80_,4_14_34_34_4_
09:06:07,93.30,1,132,93.30_93.40_93.50_93.60_93.70_,5_8_26_17_19_,93.20_93.10_93.00_92.90_92.80_,4_15_34_33_5_
09:06:13,93.30,1,132,93.30_93.40_93.50_93.60_93.70_,6_8_26_18_19_,93.20_93.10_93.00_92.90_92.80_,14_16_34_33_5_
09:06:23,93.30,1,132,93.30_93.40_93.50_93.60_93.70_,7_8_25_13_19_,93.20_93.10_93.00_92.90_92.80_,17_16_33_33_5_
09:06:28,93.30,1,132,93.30_93.40_93.50_93.60_93.70_,7_8_25_13_19_,93.20_93.10_93.00_92.90_92.80_,17_16_31_33_5_
09:07:04,93.30,4,155,93.40_93.50_93.60_93.70_93.80_,8_25_13_19_19_,93.30_93.20_93.10_93.00_92.90_,1_11_26_30_34_
09:07:09,93.30,4,155,93.40_93.50_93.60_93.70_93.80_,6_24_11_15_23_,93.30_93.20_93.10_93.00_92.90_,1_11_26_30_28_
09:07:29,93.40,1,158,93.40_93.50_93.60_93.70_93.80_,5_24_11_15_23_,93.30_93.20_93.10_93.00_92.90_,12_12_24_25_27_
09:07:55,93.30,9,171,93.30_93.40_93.50_93.60_93.70_,6_14_27_11_15_,93.20_93.10_93.00_92.90_92.80_,19_23_26_27_4_
09:08:00,93.30,3,174,93.30_93.40_93.50_93.60_93.70_,6_14_27_11_19_,93.20_93.10_93.00_92.90_92.80_,19_24_26_26_5_
09:08:00,93.30,3,174,93.30_93.40_93.50_93.60_93.70_,6_14_27_11_19_,93.20_93.10_93.00_92.90_92.80_,19_24_26_26_5_
09:08:10,93.30,2,177,93.30_93.40_93.50_93.60_93.70_,5_14_27_11_19_,93.20_93.10_93.00_92.90_92.80_,18_23_26_26_5_
09:08:15,93.30,2,177,93.30_93.40_93.50_93.60_93.70_,5_14_26_11_19_,93.20_93.10_93.00_92.90_92.80_,18_23_26_26_5_
09:08:15,93.30,2,177,93.30_93.40_93.50_93.60_93.70_,5_14_26_11_19_,93.20_93.10_93.00_92.90_92.80_,18_23_26_26_5_
09:11:51,93.20,2,273,93.20_93.30_93.40_93.50_93.60_,7_23_14_17_18_,93.10_93.00_92.90_92.80_92.60_,12_42_26_7_3_
09:13:53,93.00,1,312,93.10_93.20_93.30_93.40_93.50_,8_14_23_23_22_,93.00_92.90_92.80_92.70_92.60_,30_16_6_1_3_
09:14:55,93.00,1,346,93.00_93.10_93.20_93.30_93.40_,15_15_12_9_12_,92.90_92.80_92.60_92.50_92.40_,16_6_4_9_1_
09:15:20,92.80,7,370,92.80_92.90_93.00_93.10_93.20_,4_30_7_16_10_,92.60_92.50_92.40_92.30_92.20_,5_10_1_4_1_
09:15:26,92.80,7,370,92.80_92.90_93.00_93.10_93.20_,4_33_7_13_15_,92.60_92.50_92.40_92.30_92.20_,5_9_2_4_1_
09:15:31,92.80,7,370,92.80_92.90_93.00_93.10_93.20_,7_32_7_13_12_,92.60_92.50_92.40_92.30_92.20_,5_8_2_4_1_
09:15:36,92.60,5,375,92.80_92.90_93.00_93.10_93.20_,7_32_7_13_12_,92.50_92.40_92.30_92.20_92.10_,8_2_4_1_6_
09:15:41,92.70,1,376,92.80_92.90_93.00_93.10_93.20_,7_32_7_13_12_,92.60_92.50_92.40_92.30_92.20_,2_8_2_5_1_
09:15:51,92.60,3,379,92.80_92.90_93.00_93.10_93.20_,18_19_7_13_12_,92.60_92.50_92.40_92.30_92.20_,4_9_3_4_1_
09:16:01,92.60,2,381,92.80_92.90_93.00_93.10_93.20_,17_19_8_13_22_,92.60_92.50_92.40_92.30_92.20_,2_9_5_4_1_
09:16:06,92.80,1,382,92.80_92.90_93.00_93.10_93.20_,16_19_8_13_22_,92.70_92.60_92.50_92.40_92.30_,1_4_9_4_4_
09:16:12,92.60,5,387,92.70_92.80_92.90_93.00_93.10_,1_18_17_8_12_,92.60_92.50_92.40_92.30_92.20_,1_9_4_4_1_
09:16:17,92.60,5,387,92.70_92.80_92.90_93.00_93.10_,2_16_17_7_16_,92.60_92.50_92.40_92.30_92.20_,1_9_3_5_1_
09:16:22,92.60,4,391,92.60_92.70_92.80_92.90_93.00_,10_3_16_17_7_,92.50_92.40_92.30_92.20_92.10_,9_3_5_1_15_
09:18:04,92.20,4,464,92.20_92.30_92.40_92.50_92.60_,8_7_1_22_3_,92.10_92.00_91.90_91.80_91.70_,15_64_3_17_4_
09:18:09,92.10,2,466,92.20_92.30_92.40_92.50_92.60_,13_1_1_22_7_,92.10_92.00_91.90_91.80_91.70_,13_64_2_18_4_
09:18:20,92.00,8,485,92.10_92.20_92.40_92.50_92.60_,5_19_1_17_7_,92.00_91.90_91.80_91.70_91.60_,63_2_18_4_5_
09:18:25,92.00,17,502,92.10_92.20_92.40_92.50_92.60_,10_13_1_18_6_,92.00_91.90_91.80_91.70_91.60_,47_2_17_5_5_
09:18:30,92.00,49,551,92.00_92.10_92.20_92.40_92.50_,19_15_13_1_17_,91.90_91.80_91.70_91.60_91.50_,2_17_5_5_20_
09:21:49,92.10,11,752,92.10_92.20_92.40_92.50_92.80_,3_5_3_15_8_,92.00_91.90_91.80_91.70_91.60_,17_41_27_18_29_
09:22:10,92.10,2,759,92.20_92.40_92.50_92.80_92.90_,10_9_15_5_15_,92.10_92.00_91.90_91.80_91.70_,1_22_38_28_16_
09:22:41,92.30,1,768,92.40_92.50_92.70_92.80_92.90_,9_15_4_6_15_,92.30_92.20_92.10_92.00_91.90_,6_7_5_27_37_
09:22:41,92.30,1,768,92.40_92.50_92.70_92.80_92.90_,9_15_4_6_15_,92.30_92.20_92.10_92.00_91.90_,6_7_5_27_37_
09:22:51,92.40,6,774,92.40_92.50_92.70_92.80_92.90_,4_15_4_6_16_,92.30_92.20_92.10_92.00_91.90_,6_8_7_25_37_
09:23:01,92.40,3,782,92.50_92.70_92.80_92.90_93.00_,14_1_9_14_7_,92.40_92.30_92.20_92.10_92.00_,4_8_8_9_24_
09:23:11,92.50,1,785,92.50_92.60_92.70_92.80_92.90_,15_2_1_10_17_,92.40_92.30_92.20_92.10_92.00_,4_8_8_13_24_
09:23:22,92.40,4,789,92.40_92.50_92.60_92.70_92.80_,4_15_2_5_10_,92.30_92.20_92.10_92.00_91.90_,8_8_13_22_36_
09:23:27,92.40,4,789,92.40_92.50_92.60_92.70_92.80_,4_15_2_5_10_,92.30_92.20_92.10_92.00_91.90_,8_8_11_24_36_
09:23:27,92.40,4,789,92.40_92.50_92.60_92.70_92.80_,4_15_2_5_10_,92.30_92.20_92.10_92.00_91.90_,8_8_11_24_36_
09:23:47,92.30,1,797,92.50_92.60_92.70_92.80_92.90_,15_3_5_7_16_,92.40_92.30_92.20_92.10_92.00_,4_9_8_12_24_
09:24:03,92.40,3,802,92.40_92.50_92.60_92.70_92.80_,7_15_3_4_11_,92.30_92.20_92.10_92.00_91.90_,10_8_11_33_37_
09:24:03,92.40,3,802,92.40_92.50_92.60_92.70_92.80_,7_15_3_4_11_,92.30_92.20_92.10_92.00_91.90_,10_8_11_33_37_
09:24:08,92.40,3,802,92.40_92.50_92.60_92.70_92.80_,9_15_3_9_10_,92.30_92.20_92.10_92.00_91.90_,10_8_11_33_37_
09:25:30,92.20,3,820,92.20_92.30_92.40_92.50_92.60_,7_12_11_16_6_,92.10_92.00_91.90_91.80_91.70_,9_34_27_23_15_
09:25:40,92.10,2,822,92.20_92.30_92.40_92.50_92.60_,9_13_10_16_6_,92.10_92.00_91.90_91.80_91.70_,8_34_26_23_15_
09:26:00,92.10,2,825,92.20_92.30_92.40_92.50_92.60_,10_12_10_16_6_,92.10_92.00_91.90_91.80_91.70_,5_37_26_23_15_
09:26:11,92.00,1,831,92.10_92.20_92.30_92.40_92.50_,23_4_12_10_20_,92.00_91.90_91.80_91.70_91.60_,32_27_21_16_30_
09:28:09,92.00,1,867,92.00_92.10_92.20_92.30_92.40_,22_19_3_11_13_,91.90_91.80_91.70_91.60_91.50_,25_23_16_31_33_
09:28:09,92.00,1,867,92.00_92.10_92.20_92.30_92.40_,22_19_3_11_13_,91.90_91.80_91.70_91.60_91.50_,25_23_16_31_33_
09:28:14,91.90,1,868,92.00_92.10_92.20_92.30_92.40_,22_19_3_11_13_,91.90_91.80_91.70_91.60_91.50_,24_23_16_31_33_
09:28:19,92.00,2,870,92.00_92.10_92.20_92.30_92.40_,21_19_3_11_13_,91.90_91.80_91.70_91.60_91.50_,23_23_16_32_33_
09:28:24,92.00,2,870,92.00_92.10_92.20_92.30_92.40_,21_19_3_11_13_,91.90_91.80_91.70_91.60_91.50_,25_23_16_33_33_
09:28:24,92.00,2,870,92.00_92.10_92.20_92.30_92.40_,21_19_3_11_13_,91.90_91.80_91.70_91.60_91.50_,25_23_16_33_33_
09:29:10,92.00,1,901,92.10_92.20_92.30_92.40_92.50_,20_3_11_11_19_,92.00_91.90_91.80_91.70_91.60_,5_32_17_17_31_
09:29:15,92.00,1,902,92.10_92.20_92.30_92.40_92.50_,20_3_11_11_19_,92.00_91.90_91.80_91.70_91.60_,5_32_16_17_31_
09:29:25,92.10,2,904,92.10_92.20_92.30_92.40_92.50_,18_3_11_11_19_,92.00_91.90_91.80_91.70_91.60_,6_32_16_17_31_
09:29:31,92.00,1,905,92.10_92.20_92.30_92.40_92.50_,18_3_11_11_19_,92.00_91.90_91.80_91.70_91.60_,7_32_16_17_31_
09:30:27,92.00,1,914,92.10_92.20_92.30_92.40_92.50_,17_3_11_11_20_,92.00_91.90_91.80_91.70_91.60_,11_35_20_17_31_
09:30:32,92.00,1,915,92.10_92.20_92.30_92.40_92.50_,17_3_11_11_20_,92.00_91.90_91.80_91.70_91.60_,10_35_20_17_31_
09:30:37,92.00,4,919,92.10_92.20_92.30_92.40_92.50_,19_3_11_11_20_,92.00_91.90_91.80_91.70_91.60_,9_34_20_17_31_
09:30:42,92.00,1,920,92.10_92.20_92.30_92.40_92.50_,19_3_11_11_20_,92.00_91.90_91.80_91.70_91.60_,10_34_20_17_31_
09:30:52,92.10,2,922,92.10_92.20_92.30_92.40_92.50_,18_3_11_11_20_,92.00_91.90_91.80_91.70_91.60_,10_34_20_17_31_
09:31:33,92.10,6,933,92.10_92.20_92.30_92.40_92.50_,15_3_11_11_20_,92.00_91.90_91.80_91.70_91.60_,9_32_20_17_31_
09:31:43,92.10,6,933,92.10_92.20_92.30_92.40_92.50_,16_3_11_11_20_,92.00_91.90_91.80_91.70_91.60_,9_32_20_17_31_
09:33:05,91.90,1,947,92.00_92.10_92.20_92.30_92.40_,18_20_2_10_13_,91.90_91.80_91.70_91.60_91.50_,28_20_16_32_36_
09:33:10,91.90,6,953,92.00_92.10_92.20_92.30_92.40_,18_22_2_10_13_,91.90_91.80_91.70_91.60_91.50_,22_20_16_32_36_
09:35:34,91.50,2,1072,91.60_91.70_91.80_91.90_92.00_,7_13_19_6_28_,91.50_91.40_91.30_91.20_91.10_,37_6_10_38_8_
09:35:39,91.50,3,1075,91.60_91.70_91.80_91.90_92.00_,7_13_19_6_28_,91.50_91.40_91.30_91.20_91.10_,34_7_10_38_8_
09:37:37,91.60,2,1168,91.60_91.70_91.80_91.90_92.00_,5_11_1_4_24_,91.50_91.40_91.30_91.20_91.10_,16_32_26_41_13_
09:37:42,91.60,5,1173,91.60_91.70_91.80_91.90_92.00_,2_11_1_4_25_,91.50_91.40_91.30_91.20_91.10_,17_32_27_41_13_
09:37:47,91.60,2,1175,91.70_91.80_91.90_92.00_92.10_,11_1_4_25_20_,91.60_91.50_91.40_91.30_91.20_,3_18_32_28_41_
09:37:52,91.70,3,1178,91.70_91.80_91.90_92.00_92.10_,8_1_4_21_24_,91.60_91.50_91.40_91.30_91.20_,6_17_32_29_39_
09:38:59,91.60,1,1198,91.90_92.00_92.10_92.20_92.30_,4_21_25_13_14_,91.60_91.50_91.40_91.30_91.20_,5_12_30_31_39_
09:40:52,91.70,3,1234,91.70_92.00_92.10_92.20_92.30_,90_15_25_12_12_,91.60_91.50_91.40_91.30_91.20_,11_22_30_29_41_
09:41:27,91.60,12,1249,91.60_91.70_91.80_92.00_92.10_,8_89_4_23_28_,91.50_91.40_91.30_91.20_91.10_,21_31_30_42_15_
09:41:42,91.50,2,1254,91.60_91.70_91.80_92.00_92.10_,14_88_4_23_28_,91.50_91.40_91.30_91.20_91.10_,18_31_30_42_15_
09:41:42,91.50,2,1254,91.60_91.70_91.80_92.00_92.10_,14_88_4_23_28_,91.50_91.40_91.30_91.20_91.10_,18_31_30_42_15_
09:41:53,91.50,1,1255,91.60_91.70_91.80_92.00_92.10_,15_87_4_23_28_,91.50_91.40_91.30_91.20_91.10_,18_31_30_42_15_
09:41:58,91.50,1,1256,91.60_91.70_91.80_92.00_92.10_,15_87_4_23_28_,91.50_91.40_91.30_91.20_91.10_,17_31_30_42_15_
09:42:34,91.60,6,1271,91.60_91.70_91.80_92.00_92.10_,4_87_4_33_29_,91.50_91.40_91.30_91.20_91.10_,25_30_30_43_14_
09:44:37,91.60,1,1348,91.70_91.80_92.00_92.10_92.20_,77_9_32_26_16_,91.60_91.50_91.40_91.30_91.20_,10_22_33_33_42_
09:45:33,91.70,1,1358,91.70_91.80_92.00_92.10_92.20_,70_10_33_26_16_,91.60_91.50_91.40_91.30_91.20_,16_26_34_40_42_
09:45:33,91.70,1,1358,91.70_91.80_92.00_92.10_92.20_,70_10_33_26_16_,91.60_91.50_91.40_91.30_91.20_,16_26_34_40_42_
09:46:14,91.70,8,1386,91.70_91.80_92.00_92.10_92.20_,46_10_33_26_16_,91.60_91.50_91.40_91.30_91.20_,19_32_34_40_42_
09:46:24,91.70,13,1404,91.70_91.80_92.00_92.10_92.20_,29_10_33_26_16_,91.60_91.50_91.40_91.30_91.20_,19_32_34_40_42_
09:48:17,92.00,1,1467,92.00_92.10_92.20_92.30_92.40_,17_25_13_12_11_,91.80_91.70_91.60_91.50_91.40_,18_25_21_42_37_
09:48:22,92.00,1,1467,92.00_92.10_92.20_92.30_92.40_,17_25_13_12_11_,91.80_91.70_91.60_91.50_91.40_,18_25_21_42_67_
09:48:32,92.00,1,1468,92.00_92.10_92.20_92.30_92.40_,19_25_13_22_21_,91.80_91.70_91.60_91.50_91.40_,19_25_21_42_71_
09:50:30,91.90,2,1482,92.00_92.10_92.20_92.30_92.40_,14_65_3_11_13_,91.90_91.80_91.70_91.60_91.50_,3_19_13_33_45_
09:51:01,91.80,1,1491,92.00_92.10_92.20_92.30_92.40_,32_65_13_22_22_,91.80_91.70_91.60_91.50_91.40_,20_14_32_47_70_
09:51:31,92.00,2,1499,92.00_92.10_92.20_92.30_92.40_,28_65_13_22_22_,91.80_91.70_91.60_91.50_91.40_,20_14_32_48_70_
09:52:12,91.90,2,1504,92.00_92.10_92.20_92.30_92.40_,27_65_13_21_23_,91.90_91.80_91.70_91.60_91.50_,2_25_14_39_46_
09:52:18,91.90,2,1504,92.00_92.10_92.20_92.30_92.40_,27_65_13_21_23_,91.90_91.80_91.70_91.60_91.50_,3_25_14_40_47_
09:53:04,91.90,4,1510,92.00_92.10_92.20_92.30_92.40_,30_65_13_21_23_,91.80_91.70_91.60_91.50_91.40_,25_18_40_54_64_
09:53:44,92.00,1,1513,92.00_92.10_92.20_92.30_92.40_,30_65_13_21_23_,91.90_91.80_91.70_91.60_91.50_,4_27_14_43_58_
09:54:10,92.00,1,1514,92.00_92.10_92.20_92.30_92.40_,29_65_13_21_23_,91.90_91.80_91.70_91.60_91.50_,9_26_12_44_58_
09:54:31,92.00,1,1517,92.00_92.10_92.20_92.30_92.40_,28_65_13_21_22_,91.90_91.80_91.70_91.60_91.50_,8_27_12_44_58_
09:55:58,92.00,1,1552,92.10_92.20_92.30_92.40_92.50_,64_13_21_17_38_,92.00_91.90_91.80_91.70_91.60_,4_12_31_14_38_
09:56:18,92.00,1,1555,92.10_92.20_92.30_92.40_92.50_,64_3_11_7_38_,92.00_91.90_91.80_91.70_91.60_,11_9_30_13_38_
09:56:54,92.00,2,1566,92.10_92.20_92.30_92.40_92.50_,64_43_11_7_38_,92.00_91.90_91.80_91.70_91.60_,11_19_26_17_43_
09:56:54,92.00,2,1566,92.10_92.20_92.30_92.40_92.50_,64_43_11_7_38_,92.00_91.90_91.80_91.70_91.60_,11_19_26_17_43_
09:57:15,92.10,1,1567,92.10_92.20_92.30_92.40_92.50_,63_43_11_7_39_,92.00_91.90_91.80_91.70_91.60_,11_19_26_17_43_
09:57:25,92.10,5,1573,92.10_92.20_92.30_92.40_92.50_,57_43_11_7_39_,92.00_91.90_91.80_91.70_91.60_,11_19_25_15_45_
09:58:11,92.00,2,1578,92.10_92.20_92.30_92.40_92.50_,58_42_11_7_39_,92.00_91.90_91.80_91.70_91.60_,16_21_25_17_43_
09:58:52,92.00,2,1588,92.10_92.20_92.30_92.40_92.50_,58_42_11_7_39_,92.00_91.90_91.80_91.70_91.60_,7_23_25_17_43_
09:59:07,92.10,1,1589,92.10_92.20_92.30_92.40_92.50_,57_42_11_7_39_,92.00_91.90_91.80_91.70_91.60_,7_22_25_15_45_
09:59:12,92.10,1,1589,92.10_92.20_92.30_92.40_92.50_,57_42_11_7_39_,92.00_91.90_91.80_91.70_91.60_,17_22_25_15_45_
09:59:18,92.00,2,1591,92.10_92.20_92.30_92.40_92.50_,57_42_11_7_39_,92.00_91.90_91.80_91.70_91.60_,15_21_25_15_45_
09:59:23,92.00,2,1591,92.10_92.20_92.30_92.40_92.50_,57_42_11_7_39_,92.00_91.90_91.80_91.70_91.60_,15_21_25_17_43_
09:59:23,92.00,2,1591,92.10_92.20_92.30_92.40_92.50_,57_42_11_7_39_,92.00_91.90_91.80_91.70_91.60_,15_21_25_17_43_
09:59:33,92.00,2,1591,92.10_92.20_92.30_92.40_92.50_,57_42_11_7_39_,92.00_91.90_91.80_91.70_91.60_,15_21_24_17_43_
09:59:33,92.00,2,1591,92.10_92.20_92.30_92.40_92.50_,57_42_11_7_39_,92.00_91.90_91.80_91.70_91.60_,15_21_24_17_43_
09:59:43,92.00,2,1593,92.10_92.20_92.30_92.40_92.50_,67_42_11_7_39_,92.00_91.90_91.80_91.70_91.60_,13_21_24_17_43_
10:01:20,92.00,1,1611,92.10_92.20_92.30_92.40_92.50_,66_42_11_7_29_,92.00_91.90_91.80_91.70_91.60_,2_22_23_23_43_
10:01:20,92.00,1,1611,92.10_92.20_92.30_92.40_92.50_,66_42_11_7_29_,92.00_91.90_91.80_91.70_91.60_,2_22_23_23_43_
10:02:11,92.00,1,1617,92.00_92.10_92.20_92.30_92.40_,13_65_42_10_11_,91.90_91.80_91.70_91.60_91.50_,22_23_12_52_66_
10:02:22,91.90,1,1618,92.00_92.10_92.20_92.30_92.40_,13_65_42_10_11_,91.90_91.80_91.70_91.60_91.50_,21_23_12_52_66_
10:02:27,91.90,1,1618,92.00_92.10_92.20_92.30_92.40_,13_65_42_10_11_,91.90_91.80_91.70_91.60_91.50_,21_24_12_52_66_
10:02:37,92.00,2,1623,92.00_92.10_92.20_92.30_92.40_,8_65_42_10_11_,91.90_91.80_91.70_91.60_91.50_,21_24_12_52_66_
10:03:08,92.00,2,1633,92.00_92.10_92.20_92.30_92.40_,3_65_42_10_7_,91.90_91.80_91.70_91.60_91.50_,24_26_25_43_61_
10:03:13,92.00,2,1633,92.00_92.10_92.20_92.30_92.40_,5_65_42_10_11_,91.90_91.80_91.70_91.60_91.50_,24_26_15_53_67_
10:05:05,91.90,2,1642,92.00_92.10_92.20_92.30_92.40_,10_66_42_10_11_,91.90_91.80_91.70_91.60_91.50_,19_26_15_55_71_
10:05:26,91.90,1,1643,92.00_92.10_92.20_92.30_92.40_,11_66_42_10_11_,91.90_91.80_91.70_91.60_91.50_,18_26_15_55_74_
10:05:26,91.90,1,1643,92.00_92.10_92.20_92.30_92.40_,11_66_42_10_11_,91.90_91.80_91.70_91.60_91.50_,18_26_15_55_74_
10:05:52,91.90,2,1645,92.00_92.10_92.20_92.30_92.40_,14_66_42_10_11_,91.90_91.80_91.70_91.60_91.50_,16_26_15_55_74_
10:06:07,91.90,1,1646,92.00_92.10_92.20_92.30_92.40_,14_66_42_10_11_,91.90_91.80_91.70_91.60_91.50_,15_26_15_55_74_
10:08:05,91.90,6,1670,91.90_92.00_92.10_92.20_92.30_,4_20_66_42_14_,91.80_91.70_91.60_91.50_91.40_,26_15_54_77_34_
10:08:15,91.90,1,1673,92.00_92.10_92.20_92.30_92.40_,22_66_42_14_7_,91.90_91.80_91.70_91.60_91.50_,1_24_15_46_85_
10:08:56,91.90,4,1677,92.00_92.10_92.20_92.30_92.40_,23_66_41_11_11_,91.80_91.70_91.60_91.50_91.40_,24_16_46_87_34_
10:09:01,91.80,3,1680,92.00_92.10_92.20_92.30_92.40_,23_66_41_11_11_,91.80_91.70_91.60_91.50_91.40_,21_16_46_87_34_
10:10:23,91.80,5,1688,91.90_92.00_92.10_92.20_92.30_,10_28_66_41_11_,91.80_91.70_91.60_91.50_91.40_,23_17_42_80_33_
10:10:23,91.80,5,1688,91.90_92.00_92.10_92.20_92.30_,10_28_66_41_11_,91.80_91.70_91.60_91.50_91.40_,23_17_42_80_33_
10:10:34,91.80,5,1688,91.90_92.00_92.10_92.20_92.30_,11_27_66_41_14_,91.80_91.70_91.60_91.50_91.40_,23_17_42_80_33_
10:11:04,91.80,1,1695,91.90_92.00_92.10_92.20_92.30_,13_25_66_41_14_,91.80_91.70_91.60_91.50_91.40_,16_20_33_88_33_
10:12:16,91.80,2,1697,91.90_92.00_92.10_92.20_92.30_,13_27_66_41_14_,91.80_91.70_91.60_91.50_91.40_,17_20_33_90_33_
10:12:21,91.80,2,1697,91.90_92.00_92.10_92.20_92.30_,14_27_66_41_14_,91.80_91.70_91.60_91.50_91.40_,17_20_33_92_33_
10:12:26,91.80,2,1697,91.90_92.00_92.10_92.20_92.30_,14_27_66_41_14_,91.80_91.70_91.60_91.50_91.40_,17_20_33_91_33_
10:12:31,91.80,2,1697,91.90_92.00_92.10_92.20_92.30_,14_37_66_41_14_,91.80_91.70_91.60_91.50_91.40_,17_20_33_91_33_
10:12:31,91.80,2,1697,91.90_92.00_92.10_92.20_92.30_,14_37_66_41_14_,91.80_91.70_91.60_91.50_91.40_,17_20_33_91_33_
10:12:41,91.80,2,1697,91.90_92.00_92.10_92.20_92.30_,14_37_66_41_14_,91.80_91.70_91.60_91.50_91.40_,17_20_33_92_33_
10:13:02,91.80,2,1697,91.90_92.00_92.10_92.20_92.30_,14_37_66_41_14_,91.80_91.70_91.60_91.50_91.40_,24_20_33_90_33_
10:13:23,91.80,2,1700,91.90_92.00_92.10_92.20_92.30_,13_39_66_41_14_,91.80_91.70_91.60_91.50_91.40_,23_20_33_90_22_
10:13:38,91.80,2,1700,91.90_92.00_92.10_92.20_92.30_,14_39_66_41_14_,91.80_91.70_91.60_91.50_91.40_,24_19_33_90_22_
10:13:38,91.80,2,1700,91.90_92.00_92.10_92.20_92.30_,14_39_66_41_14_,91.80_91.70_91.60_91.50_91.40_,24_19_33_90_22_
10:15:05,91.80,2,1704,91.90_92.00_92.10_92.20_92.30_,12_41_66_41_14_,91.80_91.70_91.60_91.50_91.40_,22_20_32_90_22_
10:15:05,91.80,2,1704,91.90_92.00_92.10_92.20_92.30_,12_41_66_41_14_,91.80_91.70_91.60_91.50_91.40_,22_20_32_90_22_
10:15:15,91.80,1,1705,91.90_92.00_92.10_92.20_92.30_,12_61_66_41_14_,91.80_91.70_91.60_91.50_91.40_,23_19_32_91_22_
10:15:20,91.80,1,1705,91.90_92.00_92.10_92.20_92.30_,32_73_66_41_14_,91.80_91.70_91.60_91.50_91.40_,23_19_32_91_22_
10:15:25,91.80,2,1707,91.90_92.00_92.10_92.20_92.30_,32_73_66_41_14_,91.80_91.70_91.60_91.50_91.40_,21_19_32_90_22_
10:15:31,91.80,1,1708,91.90_92.00_92.10_92.20_92.30_,32_73_66_41_14_,91.80_91.70_91.60_91.50_91.40_,21_19_32_90_22_
10:15:51,91.80,2,1710,91.90_92.00_92.10_92.20_92.30_,32_73_56_41_14_,91.80_91.70_91.60_91.50_91.40_,19_19_32_90_22_
10:15:51,91.80,2,1710,91.90_92.00_92.10_92.20_92.30_,32_73_56_41_14_,91.80_91.70_91.60_91.50_91.40_,19_19_32_90_22_
10:16:01,91.80,2,1712,91.90_92.00_92.10_92.20_92.30_,32_73_56_41_14_,91.80_91.70_91.60_91.50_91.40_,17_19_32_90_22_
10:17:54,91.70,1,1745,91.80_91.90_92.00_92.10_92.20_,5_28_55_15_5_,91.70_91.60_91.50_91.40_91.30_,15_33_77_35_45_
10:18:04,91.70,1,1747,91.80_91.90_92.00_92.10_92.20_,4_28_55_15_5_,91.70_91.60_91.50_91.40_91.30_,15_33_77_35_45_
10:18:09,91.70,1,1747,91.80_91.90_92.00_92.10_92.20_,4_28_55_15_5_,91.70_91.60_91.50_91.40_91.30_,15_33_74_35_45_
10:18:09,91.70,1,1747,91.80_91.90_92.00_92.10_92.20_,4_28_55_15_5_,91.70_91.60_91.50_91.40_91.30_,15_33_74_35_45_
10:18:20,91.70,2,1749,91.80_91.90_92.00_92.10_92.20_,25_28_55_15_5_,91.70_91.60_91.50_91.40_91.30_,13_33_74_35_45_
10:18:20,91.70,2,1749,91.80_91.90_92.00_92.10_92.20_,25_28_55_15_5_,91.70_91.60_91.50_91.40_91.30_,13_33_74_35_45_
10:18:35,91.70,2,1753,91.80_91.90_92.00_92.10_92.20_,27_28_57_15_5_,91.70_91.60_91.50_91.40_91.30_,9_33_74_35_45_
10:18:35,91.70,2,1753,91.80_91.90_92.00_92.10_92.20_,27_28_57_15_5_,91.70_91.60_91.50_91.40_91.30_,9_33_74_35_45_
10:18:50,91.70,1,1761,91.80_91.90_92.00_92.10_92.20_,27_28_57_15_5_,91.70_91.60_91.50_91.40_91.30_,2_33_75_35_45_
10:19:21,91.70,1,1763,91.70_91.80_91.90_92.00_92.10_,4_28_28_57_15_,91.60_91.50_91.40_91.30_91.20_,34_75_34_45_46_
10:19:26,91.70,1,1764,91.70_91.80_91.90_92.00_92.10_,3_28_28_57_19_,91.60_91.50_91.40_91.30_91.20_,34_75_31_48_51_
10:19:31,91.70,1,1765,91.70_91.80_91.90_92.00_92.10_,3_27_28_57_19_,91.60_91.50_91.40_91.30_91.20_,34_76_31_48_51_
10:19:37,91.60,2,1767,91.70_91.80_91.90_92.00_92.10_,5_25_28_57_19_,91.60_91.50_91.40_91.30_91.20_,32_76_31_48_51_
10:20:18,91.60,1,1768,91.70_91.80_91.90_92.00_92.10_,6_25_28_59_20_,91.60_91.50_91.40_91.30_91.20_,39_76_25_57_51_
10:20:33,91.60,1,1770,91.70_91.80_91.90_92.00_92.10_,6_25_28_59_20_,91.60_91.50_91.40_91.30_91.20_,41_76_27_59_51_
10:22:56,91.70,2,1796,91.70_91.80_91.90_92.00_92.10_,5_22_28_59_20_,91.60_91.50_91.40_91.30_91.20_,22_83_27_61_53_
10:23:37,91.70,1,1802,91.70_91.80_91.90_92.00_92.10_,4_22_20_61_20_,91.60_91.50_91.40_91.30_91.20_,23_83_27_61_53_
10:23:57,91.70,1,1802,91.70_91.80_91.90_92.00_92.10_,5_22_20_61_20_,91.60_91.50_91.40_91.30_91.20_,23_85_27_61_53_
10:24:08,91.70,1,1803,91.70_91.80_91.90_92.00_92.10_,5_22_20_61_20_,91.60_91.50_91.40_91.30_91.20_,23_85_27_61_53_
10:24:18,91.60,1,1804,91.70_91.80_91.90_92.00_92.10_,5_22_20_61_20_,91.60_91.50_91.40_91.30_91.20_,22_85_27_61_53_
10:24:44,91.60,1,1808,91.70_91.80_91.90_92.00_92.10_,5_22_20_61_20_,91.60_91.50_91.40_91.30_91.20_,20_85_27_61_53_
10:24:54,91.60,3,1811,91.70_91.80_91.90_92.00_92.10_,3_22_20_61_20_,91.60_91.50_91.40_91.30_91.20_,17_85_27_61_53_
10:26:47,91.70,1,1826,91.70_91.80_91.90_92.00_92.10_,3_21_21_65_20_,91.60_91.50_91.40_91.30_91.20_,36_87_29_60_54_
10:27:28,91.60,2,1832,91.80_91.90_92.00_92.10_92.20_,3_21_67_16_5_,91.70_91.60_91.50_91.40_91.30_,2_41_87_40_49_
10:28:24,91.70,1,1835,91.80_91.90_92.00_92.10_92.20_,1_21_67_16_5_,91.70_91.60_91.50_91.40_91.30_,4_55_88_40_49_
10:28:34,91.70,2,1837,91.80_91.90_92.00_92.10_92.20_,2_21_67_16_5_,91.70_91.60_91.50_91.40_91.30_,3_55_88_40_49_
10:30:01,91.80,1,1838,91.80_91.90_92.00_92.10_92.20_,1_20_67_16_5_,91.70_91.60_91.50_91.40_91.30_,9_44_91_40_49_
10:31:03,91.80,2,1840,91.90_92.00_92.10_92.20_92.30_,22_67_16_1_14_,91.80_91.70_91.60_91.50_91.40_,1_10_44_104_28_
10:31:43,91.70,1,1843,91.90_92.00_92.10_92.20_92.30_,22_67_18_4_15_,91.70_91.60_91.50_91.40_91.30_,11_44_100_31_51_
10:33:16,91.80,2,1846,91.90_92.00_92.10_92.20_92.30_,21_70_18_7_12_,91.70_91.60_91.50_91.40_91.30_,23_47_94_40_51_
10:35:49,91.80,1,1870,91.90_92.00_92.10_92.20_92.30_,24_68_19_3_16_,91.70_91.60_91.50_91.40_91.30_,12_50_105_27_46_
10:36:35,91.70,1,1872,91.80_91.90_92.00_92.10_92.20_,3_20_68_19_7_,91.70_91.60_91.50_91.40_91.30_,15_51_101_28_51_
10:37:21,91.70,1,1874,91.80_91.90_92.00_92.10_92.20_,5_20_68_19_7_,91.70_91.60_91.50_91.40_91.30_,14_51_101_30_51_
10:37:37,91.70,1,1876,91.80_91.90_92.00_92.10_92.20_,5_20_68_19_7_,91.70_91.60_91.50_91.40_91.30_,13_51_101_30_54_
10:37:37,91.70,1,1876,91.80_91.90_92.00_92.10_92.20_,5_20_68_19_7_,91.70_91.60_91.50_91.40_91.30_,13_51_101_30_54_
10:37:47,91.70,1,1876,91.80_91.90_92.00_92.10_92.20_,5_21_68_19_7_,91.70_91.60_91.50_91.40_91.30_,13_51_101_32_54_
10:38:02,91.70,1,1879,91.80_91.90_92.00_92.10_92.20_,4_21_68_19_7_,91.70_91.60_91.50_91.40_91.30_,11_51_101_32_54_
10:38:02,91.70,1,1879,91.80_91.90_92.00_92.10_92.20_,4_21_68_19_7_,91.70_91.60_91.50_91.40_91.30_,11_51_101_32_54_
10:38:02,91.70,1,1879,91.80_91.90_92.00_92.10_92.20_,4_21_68_19_7_,91.70_91.60_91.50_91.40_91.30_,11_51_101_32_54_
10:38:02,91.70,1,1879,91.80_91.90_92.00_92.10_92.20_,4_21_68_19_7_,91.70_91.60_91.50_91.40_91.30_,11_51_101_32_54_
10:38:02,91.70,1,1879,91.80_91.90_92.00_92.10_92.20_,4_21_68_19_7_,91.70_91.60_91.50_91.40_91.30_,11_51_101_32_54_
10:39:29,91.70,1,1879,91.80_91.90_92.00_92.10_92.20_,4_21_68_19_7_,91.70_91.60_91.50_91.40_91.30_,12_51_101_32_54_
10:39:29,91.70,1,1879,91.80_91.90_92.00_92.10_92.20_,4_21_68_19_7_,91.70_91.60_91.50_91.40_91.30_,12_51_101_32_54_
10:39:50,91.70,1,1879,91.80_91.90_92.00_92.10_92.20_,5_21_68_19_7_,91.70_91.60_91.50_91.40_91.30_,12_51_101_32_54_
10:40:00,91.70,1,1879,91.80_91.90_92.00_92.10_92.20_,5_21_68_19_7_,91.70_91.60_91.50_91.40_91.30_,13_50_101_32_54_
10:40:00,91.70,1,1879,91.80_91.90_92.00_92.10_92.20_,5_21_68_19_7_,91.70_91.60_91.50_91.40_91.30_,13_50_101_32_54_
10:40:21,91.70,2,1881,91.80_91.90_92.00_92.10_92.20_,5_21_68_19_7_,91.70_91.60_91.50_91.40_91.30_,12_50_101_32_54_
10:41:37,91.80,1,1896,91.80_91.90_92.00_92.10_92.20_,11_16_67_20_7_,91.70_91.60_91.50_91.40_91.30_,24_52_103_32_54_
10:41:43,91.80,1,1896,91.80_91.90_92.00_92.10_92.20_,20_16_67_20_7_,91.70_91.60_91.50_91.40_91.30_,24_52_103_32_54_
10:42:34,91.70,1,1974,91.80_91.90_92.00_92.10_92.20_,20_17_70_20_6_,91.60_91.50_91.40_91.30_91.20_,2_97_40_53_56_
10:42:34,91.70,1,1974,91.80_91.90_92.00_92.10_92.20_,20_17_70_20_6_,91.60_91.50_91.40_91.30_91.20_,2_97_40_53_56_
10:42:59,91.50,7,2079,91.50_91.70_91.80_91.90_92.00_,17_5_2_18_74_,91.40_91.30_91.20_91.10_91.00_,21_53_63_25_226_
10:42:59,91.50,7,2079,91.50_91.70_91.80_91.90_92.00_,17_5_2_18_74_,91.40_91.30_91.20_91.10_91.00_,21_53_63_25_226_
10:43:04,91.40,5,2084,91.50_91.70_91.80_91.90_92.00_,18_5_2_18_74_,91.40_91.30_91.20_91.10_91.00_,16_53_63_25_226_
10:43:04,91.40,5,2084,91.50_91.70_91.80_91.90_92.00_,18_5_2_18_74_,91.40_91.30_91.20_91.10_91.00_,16_53_63_25_226_
10:43:20,91.40,5,2084,91.50_91.70_91.80_91.90_92.00_,18_3_3_18_74_,91.40_91.30_91.20_91.10_91.00_,17_51_63_25_226_
10:43:20,91.40,5,2084,91.50_91.70_91.80_91.90_92.00_,18_3_3_18_74_,91.40_91.30_91.20_91.10_91.00_,17_51_63_25_226_
10:44:11,91.50,1,2100,91.50_91.70_91.80_91.90_92.00_,7_3_3_18_74_,91.40_91.30_91.20_91.10_91.00_,19_52_63_25_226_
10:44:16,91.50,1,2101,91.50_91.70_91.80_91.90_92.00_,6_3_3_18_74_,91.40_91.30_91.20_91.10_91.00_,19_52_63_25_226_
10:44:26,91.50,4,2107,91.70_91.80_91.90_92.00_92.10_,3_3_18_74_19_,91.50_91.40_91.30_91.20_91.10_,7_19_51_63_25_
10:44:31,91.50,4,2107,91.70_91.80_91.90_92.00_92.10_,1_3_17_72_22_,91.50_91.40_91.30_91.20_91.10_,8_21_62_55_25_
10:44:42,91.50,1,2108,91.70_91.80_91.90_92.00_92.10_,1_3_17_72_22_,91.50_91.40_91.30_91.20_91.10_,10_22_62_57_25_
10:44:42,91.50,1,2108,91.70_91.80_91.90_92.00_92.10_,1_3_17_72_22_,91.50_91.40_91.30_91.20_91.10_,10_22_62_57_25_
10:44:47,91.50,1,2108,91.70_91.80_91.90_92.00_92.10_,1_3_17_72_22_,91.50_91.40_91.30_91.20_91.10_,13_22_62_57_25_
10:44:47,91.50,1,2108,91.70_91.80_91.90_92.00_92.10_,1_3_17_72_22_,91.50_91.40_91.30_91.20_91.10_,13_22_62_57_25_
10:44:57,91.60,1,2109,91.60_91.70_91.80_91.90_92.00_,2_1_3_17_71_,91.50_91.40_91.30_91.20_91.10_,15_25_62_57_23_
10:44:57,91.60,1,2109,91.60_91.70_91.80_91.90_92.00_,2_1_3_17_71_,91.50_91.40_91.30_91.20_91.10_,15_25_62_57_23_
10:45:33,91.60,1,2113,91.70_91.80_91.90_92.00_92.10_,7_8_17_61_23_,91.60_91.50_91.40_91.30_91.20_,1_18_30_63_57_
10:45:58,91.60,2,2117,91.70_91.80_91.90_92.00_92.10_,9_8_17_61_23_,91.60_91.50_91.40_91.30_91.20_,2_17_30_63_55_
10:45:58,91.60,2,2117,91.70_91.80_91.90_92.00_92.10_,9_8_17_61_23_,91.60_91.50_91.40_91.30_91.20_,2_17_30_63_55_
10:46:09,91.50,1,2126,91.60_91.70_91.80_91.90_92.00_,4_9_8_17_65_,91.50_91.40_91.30_91.20_91.10_,15_30_60_58_28_
10:48:58,91.70,1,2145,91.70_91.80_91.90_92.00_92.10_,5_8_18_62_23_,91.60_91.50_91.40_91.30_91.20_,2_30_32_56_65_
10:50:46,91.50,1,2149,91.60_91.70_91.80_91.90_92.00_,13_4_8_18_67_,91.50_91.40_91.30_91.20_91.10_,27_34_53_66_34_
10:52:18,91.60,1,2162,91.60_91.70_91.80_91.90_92.00_,14_7_7_18_67_,91.50_91.40_91.30_91.20_91.10_,27_34_53_58_43_
10:52:48,91.60,1,2168,91.60_91.70_91.80_91.90_92.00_,14_7_7_18_67_,91.50_91.40_91.30_91.20_91.10_,22_35_53_58_44_
10:52:48,91.60,1,2168,91.60_91.70_91.80_91.90_92.00_,14_7_7_18_67_,91.50_91.40_91.30_91.20_91.10_,22_35_53_58_44_
10:53:04,91.60,1,2168,91.60_91.70_91.80_91.90_92.00_,14_7_7_18_67_,91.50_91.40_91.30_91.20_91.10_,22_35_54_58_45_
10:53:45,91.40,2,2196,91.50_91.60_91.70_91.80_91.90_,14_11_7_7_22_,91.40_91.30_91.20_91.10_91.00_,26_54_56_37_242_
10:53:55,91.40,2,2198,91.50_91.60_91.70_91.80_91.90_,14_11_7_7_22_,91.40_91.30_91.20_91.10_91.00_,24_54_56_37_243_
10:54:56,91.30,10,2242,91.40_91.50_91.60_91.70_91.80_,14_16_4_7_11_,91.30_91.20_91.10_91.00_90.90_,56_59_34_245_21_
10:55:58,91.20,1,2310,91.30_91.40_91.50_91.60_91.70_,17_14_13_3_11_,91.20_91.10_91.00_90.90_90.80_,51_33_239_29_25_
10:59:07,91.40,1,2385,91.40_91.50_91.60_91.70_91.80_,4_18_4_7_11_,91.30_91.20_91.10_91.00_90.90_,16_25_44_242_21_
10:59:33,91.40,1,2385,91.40_91.50_91.60_91.70_91.80_,6_17_4_7_11_,91.30_91.20_91.10_91.00_90.90_,16_27_45_243_21_
10:59:54,91.40,2,2389,91.40_91.50_91.60_91.70_91.80_,2_17_4_7_11_,91.30_91.20_91.10_91.00_90.90_,18_26_46_243_21_
11:00:24,91.30,1,2393,91.50_91.60_91.70_91.80_91.90_,17_4_7_8_5_,91.30_91.20_91.10_91.00_90.90_,18_27_58_232_21_
11:00:29,91.30,1,2394,91.50_91.60_91.70_91.80_91.90_,17_4_7_8_5_,91.30_91.20_91.10_91.00_90.90_,18_27_58_232_21_
11:00:35,91.30,1,2395,91.50_91.60_91.70_91.80_91.90_,17_4_7_8_5_,91.30_91.20_91.10_91.00_90.90_,17_27_58_232_21_
11:00:55,91.30,1,2395,91.50_91.60_91.70_91.80_91.90_,19_4_7_8_5_,91.30_91.20_91.10_91.00_90.90_,23_26_58_232_21_
11:00:55,91.30,1,2395,91.50_91.60_91.70_91.80_91.90_,19_4_7_8_5_,91.30_91.20_91.10_91.00_90.90_,23_26_58_232_21_
11:01:26,91.50,1,2400,91.50_91.60_91.70_91.80_91.90_,20_4_7_7_6_,91.40_91.30_91.20_91.10_91.00_,1_24_28_58_233_
11:01:41,91.40,1,2401,91.50_91.60_91.70_91.80_91.90_,20_4_7_7_6_,91.30_91.20_91.10_91.00_90.90_,25_27_58_233_21_
11:02:37,91.40,1,2407,91.50_91.60_91.70_91.80_91.90_,22_5_7_7_7_,91.40_91.30_91.20_91.10_91.00_,2_31_26_58_230_
11:03:44,91.50,1,2424,91.50_91.60_91.70_91.80_91.90_,7_5_7_7_9_,91.40_91.30_91.20_91.10_91.00_,17_31_32_50_228_
11:03:54,91.50,1,2424,91.50_91.60_91.70_91.80_91.90_,7_5_7_7_9_,91.40_91.30_91.20_91.10_91.00_,17_31_32_50_230_
11:04:04,91.50,1,2425,91.50_91.60_91.70_91.80_91.90_,7_9_7_7_9_,91.40_91.30_91.20_91.10_91.00_,17_31_34_49_230_
11:04:04,91.50,1,2425,91.50_91.60_91.70_91.80_91.90_,7_9_7_7_9_,91.40_91.30_91.20_91.10_91.00_,17_31_34_49_230_
11:04:04,91.50,1,2425,91.50_91.60_91.70_91.80_91.90_,7_9_7_7_9_,91.40_91.30_91.20_91.10_91.00_,17_31_34_49_230_
11:04:15,91.50,6,2431,91.50_91.60_91.70_91.80_91.90_,1_12_7_7_9_,91.40_91.30_91.20_91.10_91.00_,17_31_34_49_230_
11:04:45,91.50,1,2433,91.60_91.70_91.80_91.90_92.00_,16_7_7_5_64_,91.50_91.40_91.30_91.20_91.10_,5_17_38_29_47_
11:04:56,91.50,3,2436,91.60_91.70_91.80_91.90_92.00_,16_7_7_5_65_,91.50_91.40_91.30_91.20_91.10_,2_17_49_39_47_
11:04:56,91.50,3,2436,91.60_91.70_91.80_91.90_92.00_,16_7_7_5_65_,91.50_91.40_91.30_91.20_91.10_,2_17_49_39_47_
11:05:06,91.50,3,2436,91.60_91.70_91.80_91.90_92.00_,16_10_7_5_65_,91.50_91.40_91.30_91.20_91.10_,3_17_50_40_47_
11:05:16,91.50,3,2436,91.60_91.70_91.80_91.90_92.00_,16_10_7_5_65_,91.50_91.40_91.30_91.20_91.10_,4_17_50_40_47_
11:06:18,91.40,2,2451,91.60_91.70_91.80_91.90_92.00_,17_10_7_6_64_,91.40_91.30_91.20_91.10_91.00_,8_41_47_47_221_
11:06:23,91.40,1,2452,91.50_91.60_91.70_91.80_91.90_,7_17_10_7_7_,91.40_91.30_91.20_91.10_91.00_,7_41_47_47_221_
11:06:28,91.50,1,2453,91.50_91.60_91.70_91.80_91.90_,8_12_10_7_10_,91.40_91.30_91.20_91.10_91.00_,13_41_45_49_220_
11:06:28,91.50,1,2453,91.50_91.60_91.70_91.80_91.90_,8_12_10_7_10_,91.40_91.30_91.20_91.10_91.00_,13_41_45_49_220_
11:06:33,91.50,1,2453,91.50_91.60_91.70_91.80_91.90_,11_12_10_7_10_,91.40_91.30_91.20_91.10_91.00_,13_41_45_49_220_
11:06:43,91.40,1,2457,91.50_91.60_91.70_91.80_91.90_,12_12_10_7_10_,91.40_91.30_91.20_91.10_91.00_,8_41_45_50_220_
11:07:24,91.50,1,2476,91.50_91.60_91.70_91.80_91.90_,10_12_7_7_10_,91.40_91.30_91.20_91.10_91.00_,11_38_46_50_219_
11:07:40,91.50,1,2478,91.50_91.60_91.70_91.80_91.90_,8_12_7_7_10_,91.40_91.30_91.20_91.10_91.00_,11_40_46_49_219_
11:07:45,91.50,1,2478,91.50_91.60_91.70_91.80_91.90_,8_12_7_7_10_,91.40_91.30_91.20_91.10_91.00_,12_41_46_49_219_
11:07:55,91.50,7,2487,91.60_91.70_91.80_91.90_92.00_,12_7_7_10_61_,91.50_91.40_91.30_91.20_91.10_,1_11_41_46_49_
11:08:00,91.60,1,2488,91.60_91.70_91.80_91.90_92.00_,13_7_7_6_65_,91.50_91.40_91.30_91.20_91.10_,23_11_41_48_46_
11:08:10,91.60,1,2488,91.60_91.70_91.80_91.90_92.00_,15_7_7_6_65_,91.50_91.40_91.30_91.20_91.10_,27_12_48_40_46_
11:08:16,91.50,1,2489,91.60_91.70_91.80_91.90_92.00_,15_7_7_6_65_,91.50_91.40_91.30_91.20_91.10_,27_12_48_40_46_
11:08:21,91.50,1,2489,91.60_91.70_91.80_91.90_92.00_,13_7_7_6_65_,91.50_91.40_91.30_91.20_91.10_,27_12_48_39_46_
11:09:32,91.60,3,2510,91.70_91.80_91.90_92.00_92.10_,7_7_7_62_13_,91.60_91.50_91.40_91.30_91.20_,12_36_7_50_37_
11:10:44,91.70,1,2520,91.70_91.80_91.90_92.00_92.10_,1_13_9_63_10_,91.60_91.50_91.40_91.30_91.20_,16_35_11_51_39_
11:10:44,91.70,1,2520,91.70_91.80_91.90_92.00_92.10_,1_13_9_63_10_,91.60_91.50_91.40_91.30_91.20_,16_35_11_51_39_
11:10:49,91.70,1,2520,91.70_91.80_91.90_92.00_92.10_,3_11_9_63_13_,91.60_91.50_91.40_91.30_91.20_,16_35_11_51_39_
11:10:49,91.70,1,2520,91.70_91.80_91.90_92.00_92.10_,3_11_9_63_13_,91.60_91.50_91.40_91.30_91.20_,16_35_11_51_39_
11:10:59,91.60,1,2521,91.70_91.80_91.90_92.00_92.10_,4_11_9_63_13_,91.60_91.50_91.40_91.30_91.20_,15_35_11_51_39_
11:11:04,91.70,1,2522,91.70_91.80_91.90_92.00_92.10_,4_11_9_63_13_,91.60_91.50_91.40_91.30_91.20_,15_35_9_48_37_
11:11:35,91.60,1,2527,91.70_91.80_91.90_92.00_92.10_,4_11_9_63_13_,91.60_91.50_91.40_91.30_91.20_,11_35_7_49_34_
11:13:58,91.60,2,2544,91.70_91.80_91.90_92.00_92.10_,8_13_10_65_18_,91.60_91.50_91.40_91.30_91.20_,5_35_7_40_43_
11:14:04,91.60,2,2544,91.70_91.80_91.90_92.00_92.10_,18_13_10_65_18_,91.60_91.50_91.40_91.30_91.20_,5_35_7_40_43_
11:14:09,91.60,1,2545,91.70_91.80_91.90_92.00_92.10_,18_13_10_65_18_,91.60_91.50_91.40_91.30_91.20_,4_35_7_40_43_
11:14:19,91.60,1,2546,91.70_91.80_91.90_92.00_92.10_,18_13_10_65_18_,91.60_91.50_91.40_91.30_91.20_,3_35_7_40_43_
11:14:24,91.60,1,2547,91.70_91.80_91.90_92.00_92.10_,18_13_10_65_18_,91.60_91.50_91.40_91.30_91.20_,2_35_7_40_43_
11:14:39,91.60,1,2548,91.70_91.80_91.90_92.00_92.10_,18_13_10_65_18_,91.60_91.50_91.40_91.30_91.20_,2_35_7_40_43_
11:15:10,91.60,2,2550,91.70_91.80_91.90_92.00_92.10_,18_13_10_66_17_,91.50_91.40_91.30_91.20_91.10_,35_8_38_37_53_
11:16:53,91.50,4,2590,91.60_91.70_91.80_91.90_92.00_,16_5_13_10_69_,91.50_91.40_91.30_91.20_91.10_,3_6_35_36_54_
11:17:39,91.30,1,2599,91.50_91.60_91.70_91.80_91.90_,8_13_5_12_10_,91.30_91.20_91.10_91.00_90.90_,25_24_46_227_31_
11:19:57,91.30,1,2608,91.40_91.50_91.60_91.70_91.80_,9_6_12_5_15_,91.30_91.20_91.10_91.00_90.90_,41_27_57_228_41_
11:20:02,91.30,1,2608,91.40_91.50_91.60_91.70_91.80_,9_6_12_5_15_,91.30_91.20_91.10_91.00_90.90_,40_27_57_228_41_
11:20:08,91.30,1,2608,91.40_91.50_91.60_91.70_91.80_,11_6_12_5_15_,91.30_91.20_91.10_91.00_90.90_,40_27_57_228_41_
11:20:13,91.30,1,2608,91.40_91.50_91.60_91.70_91.80_,11_6_12_5_15_,91.30_91.20_91.10_91.00_90.90_,40_28_57_248_41_
11:20:13,91.30,1,2608,91.40_91.50_91.60_91.70_91.80_,11_6_12_5_15_,91.30_91.20_91.10_91.00_90.90_,40_28_57_248_41_
11:20:23,91.30,1,2608,91.40_91.50_91.60_91.70_91.80_,11_6_12_5_15_,91.30_91.20_91.10_91.00_90.90_,39_29_58_248_41_
11:20:23,91.30,1,2608,91.40_91.50_91.60_91.70_91.80_,11_6_12_5_15_,91.30_91.20_91.10_91.00_90.90_,39_29_58_248_41_
11:21:04,91.30,2,2610,91.40_91.50_91.60_91.70_91.80_,11_6_12_5_15_,91.30_91.20_91.10_91.00_90.90_,39_29_58_253_41_
11:21:29,91.30,1,2612,91.40_91.50_91.60_91.70_91.80_,11_6_12_5_15_,91.30_91.20_91.10_91.00_90.90_,38_29_58_253_43_
11:21:45,91.30,1,2613,91.40_91.50_91.60_91.70_91.80_,11_6_12_5_15_,91.30_91.20_91.10_91.00_90.90_,39_29_61_253_43_
11:24:03,91.30,2,2707,91.40_91.50_91.60_91.70_91.80_,3_10_12_5_15_,91.30_91.20_91.10_91.00_90.90_,5_48_65_254_41_
11:24:34,91.30,1,2708,91.40_91.50_91.60_91.70_91.80_,5_9_12_5_15_,91.30_91.20_91.10_91.00_90.90_,18_41_60_253_43_
11:24:39,91.30,1,2708,91.40_91.50_91.60_91.70_91.80_,15_9_12_5_15_,91.30_91.20_91.10_91.00_90.90_,21_41_60_253_43_
11:24:49,91.40,1,2709,91.40_91.50_91.60_91.70_91.80_,14_9_12_5_15_,91.30_91.20_91.10_91.00_90.90_,22_42_60_253_43_
11:24:54,91.40,1,2709,91.40_91.50_91.60_91.70_91.80_,15_9_12_5_15_,91.30_91.20_91.10_91.00_90.90_,22_43_60_252_43_
11:24:59,91.40,1,2709,91.40_91.50_91.60_91.70_91.80_,15_9_12_5_15_,91.30_91.20_91.10_91.00_90.90_,23_43_60_252_43_
11:25:20,91.40,2,2713,91.40_91.50_91.60_91.70_91.80_,12_9_12_5_15_,91.30_91.20_91.10_91.00_90.90_,26_44_60_252_43_
11:26:37,91.30,1,2733,91.40_91.50_91.60_91.70_91.80_,6_9_12_5_15_,91.30_91.20_91.10_91.00_90.90_,29_46_58_254_43_
11:27:23,91.30,1,2733,91.40_91.50_91.60_91.70_91.80_,8_9_12_5_15_,91.30_91.20_91.10_91.00_90.90_,31_46_68_255_44_
11:27:28,91.30,1,2733,91.40_91.50_91.60_91.70_91.80_,8_9_12_5_15_,91.30_91.20_91.10_91.00_90.90_,33_47_68_255_44_
11:27:38,91.30,1,2733,91.40_91.50_91.60_91.70_91.80_,8_9_12_5_15_,91.30_91.20_91.10_91.00_90.90_,33_48_68_255_44_
11:27:38,91.30,1,2733,91.40_91.50_91.60_91.70_91.80_,8_9_12_5_15_,91.30_91.20_91.10_91.00_90.90_,33_48_68_255_44_
11:29:31,91.40,2,2760,91.50_91.60_91.70_91.80_91.90_,9_12_5_15_5_,91.40_91.30_91.20_91.10_91.00_,1_40_50_76_252_
11:30:23,91.50,2,2763,91.50_91.60_91.70_91.80_91.90_,8_12_5_11_9_,91.40_91.30_91.20_91.10_91.00_,15_37_49_77_253_
11:31:39,91.50,1,2768,91.50_91.60_91.70_91.80_91.90_,8_12_5_11_11_,91.40_91.30_91.20_91.10_91.00_,23_37_49_78_253_
11:32:00,91.50,5,2774,91.50_91.60_91.70_91.80_91.90_,4_12_5_11_11_,91.40_91.30_91.20_91.10_91.00_,23_37_49_78_253_
11:32:05,91.50,5,2774,91.50_91.60_91.70_91.80_91.90_,5_12_5_11_11_,91.40_91.30_91.20_91.10_91.00_,23_37_49_78_253_
11:32:10,91.50,5,2774,91.50_91.60_91.70_91.80_91.90_,6_12_5_11_11_,91.40_91.30_91.20_91.10_91.00_,23_37_49_78_253_
11:32:15,91.50,1,2775,91.50_91.60_91.70_91.80_91.90_,5_12_5_11_11_,91.40_91.30_91.20_91.10_91.00_,23_37_49_78_253_
11:32:15,91.50,1,2775,91.50_91.60_91.70_91.80_91.90_,5_12_5_11_11_,91.40_91.30_91.20_91.10_91.00_,23_37_49_78_253_
11:32:30,91.50,1,2777,91.50_91.60_91.70_91.80_91.90_,3_12_5_11_11_,91.40_91.30_91.20_91.10_91.00_,23_37_49_78_253_
11:34:08,91.50,1,2787,91.50_91.60_91.70_91.80_91.90_,2_12_5_11_11_,91.40_91.30_91.20_91.10_91.00_,24_35_49_78_250_
11:34:13,91.50,1,2787,91.50_91.60_91.70_91.80_91.90_,2_12_5_11_11_,91.40_91.30_91.20_91.10_91.00_,26_38_49_78_250_
11:34:18,91.50,2,2789,91.60_91.70_91.80_91.90_92.00_,12_5_11_11_66_,91.40_91.30_91.20_91.10_91.00_,26_38_49_78_250_
11:34:18,91.50,2,2789,91.60_91.70_91.80_91.90_92.00_,12_5_11_11_66_,91.40_91.30_91.20_91.10_91.00_,26_38_49_78_250_
11:34:23,91.50,2,2789,91.60_91.70_91.80_91.90_92.00_,11_5_11_8_71_,91.40_91.30_91.20_91.10_91.00_,26_38_57_70_250_
11:35:55,91.50,2,2802,91.60_91.70_91.80_91.90_92.00_,4_5_11_25_72_,91.50_91.40_91.30_91.20_91.10_,9_20_37_60_68_
11:36:06,91.50,2,2802,91.60_91.70_91.80_91.90_92.00_,4_5_11_25_72_,91.50_91.40_91.30_91.20_91.10_,9_20_37_59_68_
11:36:06,91.50,2,2802,91.60_91.70_91.80_91.90_92.00_,4_5_11_25_72_,91.50_91.40_91.30_91.20_91.10_,9_20_37_59_68_
11:36:06,91.50,2,2802,91.60_91.70_91.80_91.90_92.00_,4_5_11_25_72_,91.50_91.40_91.30_91.20_91.10_,9_20_37_59_68_
11:36:31,91.50,2,2802,91.60_91.70_91.80_91.90_92.00_,5_5_11_25_72_,91.50_91.40_91.30_91.20_91.10_,9_20_37_59_68_
11:36:31,91.50,2,2802,91.60_91.70_91.80_91.90_92.00_,5_5_11_25_72_,91.50_91.40_91.30_91.20_91.10_,9_20_37_59_68_
11:36:31,91.50,2,2802,91.60_91.70_91.80_91.90_92.00_,5_5_11_25_72_,91.50_91.40_91.30_91.20_91.10_,9_20_37_59_68_
11:37:23,91.50,2,2802,91.60_91.70_91.80_91.90_92.00_,6_5_11_25_72_,91.50_91.40_91.30_91.20_91.10_,11_20_37_59_69_
11:38:40,91.40,1,2821,91.50_91.60_91.70_91.80_91.90_,15_5_5_11_29_,91.40_91.30_91.20_91.10_91.00_,18_39_49_77_259_
11:38:45,91.40,1,2822,91.50_91.60_91.70_91.80_91.90_,15_5_5_11_29_,91.40_91.30_91.20_91.10_91.00_,18_39_49_77_259_
11:39:10,91.40,1,2822,91.50_91.60_91.70_91.80_91.90_,16_5_5_11_29_,91.40_91.30_91.20_91.10_91.00_,20_39_49_77_259_
11:40:53,91.40,1,2829,91.50_91.60_91.70_91.80_91.90_,16_5_5_11_29_,91.40_91.30_91.20_91.10_91.00_,17_40_50_77_259_
11:41:24,91.50,1,2834,91.50_91.60_91.70_91.80_91.90_,13_5_5_11_29_,91.40_91.30_91.20_91.10_91.00_,15_40_50_77_259_
11:41:29,91.50,2,2836,91.50_91.60_91.70_91.80_91.90_,13_5_5_11_29_,91.40_91.30_91.20_91.10_91.00_,15_40_50_77_259_
11:41:39,91.50,2,2836,91.50_91.60_91.70_91.80_91.90_,14_5_5_11_29_,91.40_91.30_91.20_91.10_91.00_,15_40_50_77_259_
11:42:30,91.40,1,2847,91.50_91.60_91.70_91.80_91.90_,7_5_5_11_29_,91.40_91.30_91.20_91.10_91.00_,13_39_50_77_259_
11:46:21,91.50,2,2875,91.50_91.60_91.70_91.80_91.90_,3_8_10_11_29_,91.40_91.30_91.20_91.10_91.00_,17_39_51_77_263_
11:46:21,91.50,2,2875,91.50_91.60_91.70_91.80_91.90_,3_8_10_11_29_,91.40_91.30_91.20_91.10_91.00_,17_39_51_77_263_
11:46:31,91.50,2,2875,91.50_91.60_91.70_91.80_91.90_,4_8_10_11_29_,91.40_91.30_91.20_91.10_91.00_,17_39_51_77_263_
11:46:31,91.50,2,2875,91.50_91.60_91.70_91.80_91.90_,4_8_10_11_29_,91.40_91.30_91.20_91.10_91.00_,17_39_51_77_263_
11:46:31,91.50,2,2875,91.50_91.60_91.70_91.80_91.90_,4_8_10_11_29_,91.40_91.30_91.20_91.10_91.00_,17_39_51_77_263_
11:47:38,91.40,1,2885,91.60_91.70_91.80_91.90_92.00_,5_10_11_26_94_,91.40_91.30_91.20_91.10_91.00_,12_38_55_75_263_
11:49:51,91.40,1,2886,91.60_91.70_91.80_91.90_92.00_,8_12_16_25_95_,91.50_91.40_91.30_91.20_91.10_,6_14_38_55_75_
11:50:07,91.40,1,2886,91.60_91.70_91.80_91.90_92.00_,8_12_16_25_95_,91.50_91.40_91.30_91.20_91.10_,6_12_38_55_78_
11:50:12,91.40,1,2886,91.60_91.70_91.80_91.90_92.00_,8_12_16_25_96_,91.50_91.40_91.30_91.20_91.10_,6_12_38_55_78_
11:50:17,91.50,1,2887,91.60_91.70_91.80_91.90_92.00_,8_12_16_25_96_,91.50_91.40_91.30_91.20_91.10_,6_12_38_55_78_
11:50:32,91.50,1,2890,91.60_91.70_91.80_91.90_92.00_,9_12_16_25_96_,91.50_91.40_91.30_91.20_91.10_,6_12_38_55_78_
11:50:32,91.50,1,2890,91.60_91.70_91.80_91.90_92.00_,9_12_16_25_96_,91.50_91.40_91.30_91.20_91.10_,6_12_38_55_78_
11:50:43,91.50,1,2891,91.60_91.70_91.80_91.90_92.00_,8_12_16_25_96_,91.50_91.40_91.30_91.20_91.10_,5_12_38_55_78_
11:50:43,91.50,1,2891,91.60_91.70_91.80_91.90_92.00_,8_12_16_25_96_,91.50_91.40_91.30_91.20_91.10_,5_12_38_55_78_
11:50:53,91.50,5,2896,91.60_91.70_91.80_91.90_92.00_,8_12_16_25_96_,91.50_91.40_91.30_91.20_91.10_,1_12_38_55_78_
11:51:29,91.50,1,2897,91.50_91.60_91.70_91.80_91.90_,9_7_12_16_29_,91.40_91.30_91.20_91.10_91.00_,12_38_53_78_265_
11:52:40,91.50,1,2897,91.50_91.60_91.70_91.80_91.90_,9_8_12_16_29_,91.40_91.30_91.20_91.10_91.00_,15_37_53_78_265_
11:53:11,91.50,1,2897,91.50_91.60_91.70_91.80_91.90_,9_8_12_16_29_,91.40_91.30_91.20_91.10_91.00_,21_37_52_78_265_
11:53:37,91.50,2,2899,91.50_91.60_91.70_91.80_91.90_,7_8_12_16_29_,91.40_91.30_91.20_91.10_91.00_,41_37_53_78_265_
11:55:04,91.50,2,2910,91.60_91.70_91.80_91.90_92.00_,6_12_16_25_96_,91.50_91.40_91.30_91.20_91.10_,6_39_37_64_73_
11:56:05,91.40,1,2920,91.50_91.60_91.70_91.80_91.90_,8_8_12_16_29_,91.40_91.30_91.20_91.10_91.00_,38_38_63_81_266_
11:56:46,91.50,9,2932,91.60_91.70_91.80_91.90_92.00_,6_12_16_25_97_,91.50_91.40_91.30_91.20_91.10_,12_15_42_73_73_
11:56:51,91.50,9,2932,91.60_91.70_91.80_91.90_92.00_,11_12_16_25_97_,91.50_91.40_91.30_91.20_91.10_,12_15_42_73_73_
11:57:02,91.50,10,2942,91.60_91.70_91.80_91.90_92.00_,11_12_16_25_97_,91.50_91.40_91.30_91.20_91.10_,2_16_41_73_73_
11:57:12,91.50,1,2943,91.60_91.70_91.80_91.90_92.00_,11_12_16_25_97_,91.50_91.40_91.30_91.20_91.10_,1_17_41_73_73_
12:00:32,91.50,1,2955,91.50_91.60_91.70_91.80_91.90_,7_10_10_16_29_,91.40_91.30_91.20_91.10_91.00_,20_41_68_73_266_
12:00:37,91.40,1,2956,91.50_91.60_91.70_91.80_91.90_,8_10_10_16_29_,91.40_91.30_91.20_91.10_91.00_,19_41_68_73_266_
12:01:08,91.40,1,2961,91.50_91.60_91.70_91.80_91.90_,6_10_10_16_29_,91.40_91.30_91.20_91.10_91.00_,21_42_68_73_266_
12:02:14,91.50,1,2988,91.60_91.70_91.80_91.90_92.00_,8_10_16_25_97_,91.50_91.40_91.30_91.20_91.10_,23_21_41_70_73_
12:02:14,91.50,1,2988,91.60_91.70_91.80_91.90_92.00_,8_10_16_25_97_,91.50_91.40_91.30_91.20_91.10_,23_21_41_70_73_
12:02:30,91.50,1,2988,91.60_91.70_91.80_91.90_92.00_,8_10_16_25_97_,91.50_91.40_91.30_91.20_91.10_,24_21_41_70_74_
12:02:35,91.50,1,2988,91.60_91.70_91.80_91.90_92.00_,10_10_16_25_97_,91.50_91.40_91.30_91.20_91.10_,25_19_41_70_74_
12:04:33,91.60,1,2998,91.60_91.70_91.80_91.90_92.00_,2_10_16_27_97_,91.50_91.40_91.30_91.20_91.10_,32_22_40_70_73_
12:04:53,91.60,1,2999,91.60_91.70_91.80_91.90_92.00_,1_10_16_27_97_,91.50_91.40_91.30_91.20_91.10_,32_22_40_70_72_
12:05:34,91.60,2,3001,91.60_91.70_91.80_91.90_92.00_,1_10_17_27_97_,91.50_91.40_91.30_91.20_91.10_,31_22_40_70_72_
12:06:56,91.60,1,3002,91.70_91.80_91.90_92.00_92.10_,10_18_27_93_11_,91.60_91.50_91.40_91.30_91.20_,5_34_23_56_62_
12:07:01,91.60,1,3002,91.70_91.80_91.90_92.00_92.10_,11_17_27_93_11_,91.60_91.50_91.40_91.30_91.20_,7_31_21_55_62_
12:07:01,91.60,1,3002,91.70_91.80_91.90_92.00_92.10_,11_17_27_93_11_,91.60_91.50_91.40_91.30_91.20_,7_31_21_55_62_
12:11:23,91.60,1,3018,91.70_91.80_91.90_92.00_92.10_,13_17_27_94_11_,91.60_91.50_91.40_91.30_91.20_,10_32_19_55_62_
12:11:33,91.60,1,3018,91.70_91.80_91.90_92.00_92.10_,13_18_27_94_11_,91.60_91.50_91.40_91.30_91.20_,10_32_19_55_62_
12:14:12,91.70,1,3034,91.70_91.80_91.90_92.00_92.10_,1_18_27_102_13_,91.60_91.50_91.40_91.30_91.20_,16_32_27_47_62_
12:14:17,91.70,1,3035,91.80_91.90_92.00_92.10_92.20_,18_27_102_13_1_,91.70_91.60_91.50_91.40_91.30_,4_16_32_27_47_
12:14:22,91.70,1,3035,91.80_91.90_92.00_92.10_92.20_,18_27_102_9_5_,91.70_91.60_91.50_91.40_91.30_,4_16_32_29_45_
12:14:27,91.70,2,3037,91.80_91.90_92.00_92.10_92.20_,18_27_102_9_5_,91.70_91.60_91.50_91.40_91.30_,3_16_31_30_44_
12:14:32,91.70,1,3038,91.80_91.90_92.00_92.10_92.20_,18_26_102_9_5_,91.70_91.60_91.50_91.40_91.30_,3_15_31_30_44_
12:14:37,91.70,1,3038,91.80_91.90_92.00_92.10_92.20_,18_26_102_9_5_,91.70_91.60_91.50_91.40_91.30_,3_15_31_22_44_
12:14:43,91.70,1,3038,91.80_91.90_92.00_92.10_92.20_,18_26_102_9_5_,91.70_91.60_91.50_91.40_91.30_,3_15_39_22_44_
12:17:52,91.80,3,3071,91.90_92.00_92.10_92.20_92.30_,25_93_9_4_11_,91.80_91.70_91.60_91.50_91.40_,13_12_19_36_21_
12:18:03,91.80,3,3071,91.90_92.00_92.10_92.20_92.30_,25_93_9_4_11_,91.80_91.70_91.60_91.50_91.40_,14_11_19_36_22_
12:18:08,91.80,1,3072,91.90_92.00_92.10_92.20_92.30_,24_93_9_4_11_,91.80_91.70_91.60_91.50_91.40_,13_11_19_36_22_
12:18:39,91.80,1,3072,91.90_92.00_92.10_92.20_92.30_,25_93_9_4_11_,91.80_91.70_91.60_91.50_91.40_,14_11_19_36_22_
12:18:59,91.80,1,3072,91.90_92.00_92.10_92.20_92.30_,25_94_9_4_11_,91.80_91.70_91.60_91.50_91.40_,15_10_19_36_22_
12:20:26,91.80,1,3077,91.90_92.00_92.10_92.20_92.30_,25_93_9_4_11_,91.80_91.70_91.60_91.50_91.40_,13_10_19_37_22_
12:20:47,91.80,1,3077,91.90_92.00_92.10_92.20_92.30_,25_93_9_4_11_,91.80_91.70_91.60_91.50_91.40_,13_10_19_37_23_
12:22:34,91.90,2,3105,92.00_92.10_92.20_92.30_92.40_,92_9_4_9_14_,91.90_91.80_91.70_91.60_91.50_,10_12_22_13_36_
12:24:42,91.80,5,3135,91.90_92.00_92.10_92.20_92.30_,4_90_9_4_17_,91.80_91.70_91.60_91.50_91.40_,2_13_19_41_26_
12:25:44,91.90,2,3140,91.90_92.00_92.10_92.20_92.30_,2_90_9_4_17_,91.80_91.70_91.60_91.50_91.40_,3_14_19_42_26_
12:26:20,91.90,1,3141,91.90_92.00_92.10_92.20_92.30_,2_90_9_4_17_,91.80_91.70_91.60_91.50_91.40_,5_15_19_40_27_
12:26:51,91.80,1,3145,91.90_92.00_92.10_92.20_92.30_,3_90_9_4_17_,91.80_91.70_91.60_91.50_91.40_,11_15_21_44_27_
12:28:18,91.80,4,3161,91.80_91.90_92.00_92.10_92.20_,2_11_90_9_8_,91.70_91.60_91.50_91.40_91.30_,17_13_51_27_50_
12:28:38,91.80,4,3161,91.80_91.90_92.00_92.10_92.20_,9_10_90_9_8_,91.70_91.60_91.50_91.40_91.30_,20_13_51_27_50_
12:31:12,91.60,8,3223,91.70_91.80_91.90_92.00_92.10_,37_6_5_88_11_,91.60_91.50_91.40_91.30_91.20_,4_43_30_59_69_
12:31:17,91.60,2,3225,91.70_91.80_91.90_92.00_92.10_,38_6_5_88_11_,91.60_91.50_91.40_91.30_91.20_,3_43_30_59_69_
12:31:22,91.60,2,3225,91.70_91.80_91.90_92.00_92.10_,8_6_5_88_11_,91.60_91.50_91.40_91.30_91.20_,3_42_30_59_69_
12:32:24,91.60,1,3250,91.60_91.70_91.80_91.90_92.00_,25_1_5_6_92_,91.50_91.40_91.30_91.20_91.10_,44_30_57_71_72_
12:33:20,91.50,5,3279,91.60_91.70_91.80_91.90_92.00_,19_1_5_7_92_,91.50_91.40_91.30_91.20_91.10_,24_34_60_71_70_
12:33:35,91.50,5,3279,91.60_91.70_91.80_91.90_92.00_,19_1_5_7_92_,91.50_91.40_91.30_91.20_91.10_,25_34_60_71_70_
12:34:06,91.60,5,3284,91.60_91.70_91.80_91.90_92.00_,14_1_5_7_92_,91.50_91.40_91.30_91.20_91.10_,32_38_60_71_70_
12:35:23,91.60,2,3305,91.70_91.80_91.90_92.00_92.10_,1_4_9_88_16_,91.60_91.50_91.40_91.30_91.20_,6_32_38_62_69_
12:36:35,91.70,1,3310,91.80_91.90_92.00_92.10_92.20_,4_10_88_13_6_,91.60_91.50_91.40_91.30_91.20_,9_34_40_61_69_
12:41:26,91.60,2,3326,91.70_91.80_91.90_92.00_92.10_,2_4_13_89_21_,91.60_91.50_91.40_91.30_91.20_,15_38_46_61_69_
12:43:29,91.70,1,3330,91.80_91.90_92.00_92.10_92.20_,8_7_89_17_13_,91.70_91.60_91.50_91.40_91.30_,7_15_40_56_52_
12:44:00,91.70,1,3330,91.80_91.90_92.00_92.10_92.20_,8_7_89_17_13_,91.70_91.60_91.50_91.40_91.30_,8_15_39_56_52_
12:46:03,91.70,1,3358,91.80_91.90_92.00_92.10_92.20_,11_7_89_17_13_,91.70_91.60_91.50_91.40_91.30_,7_17_42_57_52_
12:47:10,91.60,5,3373,91.70_91.80_91.90_92.00_92.10_,9_9_7_88_21_,91.60_91.50_91.40_91.30_91.20_,14_42_47_62_70_
12:47:15,91.60,5,3373,91.70_91.80_91.90_92.00_92.10_,9_9_8_88_21_,91.60_91.50_91.40_91.30_91.20_,14_42_47_62_70_
12:48:47,91.70,1,3375,91.70_91.80_91.90_92.00_92.10_,9_9_12_90_22_,91.60_91.50_91.40_91.30_91.20_,23_44_47_62_72_
12:48:47,91.70,1,3375,91.70_91.80_91.90_92.00_92.10_,9_9_12_90_22_,91.60_91.50_91.40_91.30_91.20_,23_44_47_62_72_
12:49:13,91.70,1,3375,91.70_91.80_91.90_92.00_92.10_,14_9_12_90_22_,91.60_91.50_91.40_91.30_91.20_,23_44_47_62_72_
12:49:18,91.60,1,3376,91.70_91.80_91.90_92.00_92.10_,16_9_12_90_22_,91.60_91.50_91.40_91.30_91.20_,22_44_47_62_72_
12:50:35,91.60,2,3379,91.70_91.80_91.90_92.00_92.10_,19_9_13_90_22_,91.60_91.50_91.40_91.30_91.20_,21_43_49_62_73_
12:53:50,91.60,2,3395,91.70_91.80_91.90_92.00_92.10_,30_9_14_90_12_,91.60_91.50_91.40_91.30_91.20_,31_44_50_61_74_
12:54:20,91.70,4,3399,91.70_91.80_91.90_92.00_92.10_,26_9_14_90_12_,91.60_91.50_91.40_91.30_91.20_,31_45_50_61_76_
12:54:25,91.70,4,3399,91.70_91.80_91.90_92.00_92.10_,26_9_14_90_12_,91.60_91.50_91.40_91.30_91.20_,31_46_50_61_76_
12:55:11,91.60,1,3406,91.70_91.80_91.90_92.00_92.10_,25_11_14_90_12_,91.60_91.50_91.40_91.30_91.20_,29_47_50_61_77_
12:55:17,91.70,5,3411,91.70_91.80_91.90_92.00_92.10_,20_11_14_90_12_,91.60_91.50_91.40_91.30_91.20_,29_47_50_61_77_
12:55:17,91.70,5,3411,91.70_91.80_91.90_92.00_92.10_,20_11_14_90_12_,91.60_91.50_91.40_91.30_91.20_,29_47_50_61_77_
12:55:42,91.70,5,3411,91.70_91.80_91.90_92.00_92.10_,20_11_14_90_12_,91.60_91.50_91.40_91.30_91.20_,34_47_50_61_77_
12:55:52,91.60,1,3412,91.70_91.80_91.90_92.00_92.10_,20_11_14_90_12_,91.60_91.50_91.40_91.30_91.20_,33_47_50_61_77_
12:55:58,91.60,1,3413,91.70_91.80_91.90_92.00_92.10_,20_11_14_90_12_,91.60_91.50_91.40_91.30_91.20_,32_47_50_61_77_
12:56:03,91.60,1,3414,91.70_91.80_91.90_92.00_92.10_,20_11_14_90_12_,91.60_91.50_91.40_91.30_91.20_,32_46_50_61_78_
12:56:44,91.60,1,3416,91.70_91.80_91.90_92.00_92.10_,20_12_14_90_12_,91.60_91.50_91.40_91.30_91.20_,31_46_50_61_78_
