09:00:41,101.50,1,9,102.00_102.50_103.00_103.50_104.00_,16_8_12_21_16_,101.50_101.00_100.50_100.00_99.90_,2_8_15_31_3_
09:01:12,101.50,1,9,102.00_102.50_103.00_103.50_104.00_,16_7_13_21_16_,101.50_101.00_100.50_100.00_99.90_,2_8_15_31_3_
09:01:22,101.50,1,9,102.00_102.50_103.00_103.50_104.00_,16_7_13_21_16_,101.50_101.00_100.50_100.00_99.90_,2_9_15_31_3_
09:03:05,101.00,2,21,101.50_102.00_102.50_103.00_103.50_,4_17_8_13_21_,101.00_100.50_100.00_99.90_99.80_,1_15_34_6_2_
09:03:10,101.00,1,22,101.50_102.00_102.50_103.00_103.50_,4_17_8_13_21_,100.50_100.00_99.90_99.80_99.50_,15_34_6_2_6_
09:04:37,101.50,3,27,101.50_102.00_102.50_103.00_103.50_,1_17_10_13_21_,101.00_100.50_100.00_99.90_99.80_,4_19_34_6_3_
09:05:59,101.50,3,27,101.50_102.00_102.50_103.00_103.50_,7_17_7_11_21_,101.00_100.50_100.00_99.90_99.80_,5_19_34_6_3_
09:06:24,101.50,3,27,101.50_102.00_102.50_103.00_103.50_,8_17_7_11_21_,101.00_100.50_100.00_99.90_99.80_,6_20_34_7_3_
09:07:36,101.50,1,28,101.50_102.00_102.50_103.00_103.50_,5_18_6_11_22_,101.00_100.50_100.00_99.90_99.80_,6_18_35_10_3_
09:08:06,101.00,1,29,101.50_102.00_102.50_103.00_103.50_,8_18_7_11_22_,101.00_100.50_100.00_99.90_99.80_,5_18_35_10_4_
09:08:37,101.00,1,29,101.50_102.00_102.50_103.00_103.50_,8_18_7_11_22_,101.00_100.50_100.00_99.90_99.80_,7_18_35_7_7_
09:08:42,101.00,1,29,101.50_102.00_102.50_103.00_103.50_,8_18_7_12_22_,101.00_100.50_100.00_99.90_99.80_,7_18_35_7_7_
09:10:14,101.00,1,34,101.50_102.00_102.50_103.00_103.50_,11_18_7_12_22_,101.00_100.50_100.00_99.90_99.80_,8_18_46_7_7_
09:11:26,101.00,1,35,101.50_102.00_102.50_103.00_103.50_,12_19_7_12_22_,101.00_100.50_100.00_99.90_99.80_,7_28_46_7_7_
09:12:12,101.00,1,36,101.50_102.00_102.50_103.00_103.50_,12_19_7_12_22_,101.00_100.50_100.00_99.90_99.80_,18_18_46_10_4_
09:13:09,101.50,1,39,101.50_102.00_102.50_103.00_103.50_,11_20_7_12_22_,101.00_100.50_100.00_99.90_99.80_,15_19_46_10_4_
09:14:41,101.50,1,55,102.00_102.50_103.00_103.50_104.00_,20_7_12_32_13_,101.50_101.00_100.50_100.00_99.90_,1_12_19_50_7_
09:14:56,101.50,1,55,102.00_102.50_103.00_103.50_104.00_,20_7_12_32_13_,101.50_101.00_100.50_100.00_99.90_,2_12_19_50_7_
09:15:01,101.50,1,55,102.00_102.50_103.00_103.50_104.00_,20_7_12_32_13_,101.50_101.00_100.50_100.00_99.90_,2_14_20_50_7_
09:15:06,101.50,1,56,102.00_102.50_103.00_103.50_104.00_,20_7_12_32_13_,101.50_101.00_100.50_100.00_99.90_,2_17_20_47_7_
09:15:17,101.50,1,56,102.00_102.50_103.00_103.50_104.00_,20_6_12_32_13_,101.50_101.00_100.50_100.00_99.90_,2_18_20_47_7_
09:16:13,101.50,1,56,102.00_102.50_103.00_103.50_104.00_,21_9_11_34_15_,101.50_101.00_100.50_100.00_99.90_,2_23_21_46_7_
09:20:08,101.50,1,74,102.00_102.50_103.00_103.50_104.00_,9_8_17_33_15_,101.50_101.00_100.50_100.00_99.90_,16_21_21_46_7_
09:21:15,102.00,1,77,102.00_102.50_103.00_103.50_104.00_,8_8_17_33_16_,101.50_101.00_100.50_100.00_99.90_,17_21_21_46_7_
09:22:06,102.00,3,85,102.50_103.00_103.50_104.00_104.50_,8_17_33_16_14_,102.00_101.50_101.00_100.50_100.00_,1_17_21_21_46_
09:22:32,102.00,3,85,102.50_103.00_103.50_104.00_104.50_,8_18_33_16_14_,102.00_101.50_101.00_100.50_100.00_,17_17_9_24_46_
09:22:47,102.50,3,89,102.50_103.00_103.50_104.00_104.50_,4_18_33_16_15_,102.00_101.50_101.00_100.50_100.00_,18_16_9_24_46_
09:24:25,102.50,1,98,103.00_103.50_104.00_104.50_105.00_,20_34_25_15_35_,102.50_102.00_101.50_101.00_100.50_,7_19_10_8_54_
09:25:16,102.50,1,98,103.00_103.50_104.00_104.50_105.00_,21_34_25_15_36_,102.50_102.00_101.50_101.00_100.50_,10_22_10_10_54_
09:26:02,102.50,1,99,103.00_103.50_104.00_104.50_105.00_,21_34_25_15_36_,102.50_102.00_101.50_101.00_100.50_,11_22_10_10_54_
09:26:48,102.50,5,104,103.00_103.50_104.00_104.50_105.00_,21_34_25_15_37_,102.50_102.00_101.50_101.00_100.50_,7_22_11_15_21_
09:29:06,102.00,2,114,102.50_103.00_103.50_104.00_104.50_,3_23_39_47_15_,102.00_101.50_101.00_100.50_100.00_,19_11_15_21_51_
09:31:35,102.00,1,133,102.00_102.50_103.00_103.50_104.00_,13_8_33_40_38_,101.50_101.00_100.50_100.00_99.90_,14_10_23_55_4_
09:33:12,101.50,1,136,102.00_102.50_103.00_103.50_104.00_,9_8_32_55_38_,101.50_101.00_100.50_100.00_99.90_,11_14_23_56_4_
09:36:22,101.50,1,138,102.00_102.50_103.00_103.50_104.00_,10_10_33_55_38_,101.50_101.00_100.50_100.00_99.90_,23_11_24_56_4_
09:37:28,101.50,1,163,101.50_102.00_102.50_103.00_103.50_,3_23_9_33_55_,101.00_100.50_100.00_99.90_99.80_,17_23_57_4_3_
09:37:49,101.50,1,163,101.50_102.00_102.50_103.00_103.50_,6_23_9_33_55_,101.00_100.50_100.00_99.90_99.80_,17_23_57_4_3_
09:39:00,101.50,2,172,101.50_102.00_102.50_103.00_103.50_,2_24_29_34_55_,101.00_100.50_100.00_99.90_99.80_,29_23_58_4_5_
09:39:16,101.50,2,174,102.00_102.50_103.00_103.50_104.00_,24_29_34_55_38_,101.50_101.00_100.50_100.00_99.90_,13_24_24_57_4_
09:39:31,101.50,2,174,102.00_102.50_103.00_103.50_104.00_,24_29_38_55_38_,101.50_101.00_100.50_100.00_99.90_,12_24_24_57_4_
09:41:44,101.50,2,174,102.00_102.50_103.00_103.50_104.00_,25_31_39_55_39_,101.50_101.00_100.50_100.00_99.90_,15_23_24_57_4_
09:42:05,101.50,2,174,102.00_102.50_103.00_103.50_104.00_,25_31_39_55_39_,101.50_101.00_100.50_100.00_99.90_,15_23_22_57_4_
09:44:18,101.50,2,174,102.00_102.50_103.00_103.50_104.00_,25_31_39_55_39_,101.50_101.00_100.50_100.00_99.90_,15_24_22_59_4_
09:44:38,101.50,2,174,102.00_102.50_103.00_103.50_104.00_,25_32_39_55_39_,101.50_101.00_100.50_100.00_99.90_,15_24_22_59_4_
09:48:08,101.50,1,175,102.00_102.50_103.00_103.50_104.00_,25_29_39_56_38_,101.50_101.00_100.50_100.00_99.90_,17_25_22_59_4_
09:48:44,102.00,1,176,102.00_102.50_103.00_103.50_104.00_,24_29_39_56_38_,101.50_101.00_100.50_100.00_99.90_,16_25_22_59_4_
09:48:59,102.00,1,176,102.00_102.50_103.00_103.50_104.00_,24_29_39_56_38_,101.50_101.00_100.50_100.00_99.90_,15_25_22_59_4_
09:51:28,102.00,1,183,102.00_102.50_103.00_103.50_104.00_,17_24_39_56_38_,101.50_101.00_100.50_100.00_99.90_,14_25_22_100_4_
09:53:00,102.00,1,183,102.00_102.50_103.00_103.50_104.00_,18_24_39_56_38_,101.50_101.00_100.50_100.00_99.90_,14_25_22_100_4_
09:53:30,102.00,1,184,102.00_102.50_103.00_103.50_104.00_,17_24_39_56_38_,101.50_101.00_100.50_100.00_99.90_,14_25_22_100_4_
09:54:58,102.00,2,187,102.00_102.50_103.00_103.50_104.00_,14_24_39_56_38_,101.50_101.00_100.50_100.00_99.90_,14_26_22_100_4_
09:55:03,102.00,2,187,102.00_102.50_103.00_103.50_104.00_,15_24_39_55_38_,101.50_101.00_100.50_100.00_99.90_,14_26_22_100_4_
09:55:44,102.00,2,187,102.00_102.50_103.00_103.50_104.00_,15_24_39_55_38_,101.50_101.00_100.50_100.00_99.90_,14_27_22_100_4_
09:59:59,102.50,1,227,102.50_103.00_103.50_104.00_104.50_,8_41_55_42_15_,102.00_101.50_101.00_100.50_100.00_,14_17_26_24_97_
10:00:10,102.50,1,227,102.50_103.00_103.50_104.00_104.50_,8_41_55_42_15_,102.00_101.50_101.00_100.50_100.00_,15_17_26_24_97_
10:00:20,102.50,1,227,102.50_103.00_103.50_104.00_104.50_,9_41_55_42_15_,102.00_101.50_101.00_100.50_100.00_,15_17_26_24_97_
10:00:51,102.50,4,231,103.00_103.50_104.00_104.50_105.00_,41_55_42_15_45_,102.50_102.00_101.50_101.00_100.50_,1_18_17_26_24_
10:03:14,103.00,2,236,103.00_103.50_104.00_104.50_105.00_,41_53_44_15_46_,102.50_102.00_101.50_101.00_100.50_,10_20_18_27_21_
10:03:55,102.50,10,247,102.50_103.00_103.50_104.00_104.50_,10_41_53_44_16_,102.00_101.50_101.00_100.50_100.00_,21_18_28_21_56_
10:04:41,102.50,10,247,102.50_103.00_103.50_104.00_104.50_,14_51_53_44_16_,102.00_101.50_101.00_100.50_100.00_,17_22_29_21_56_
10:04:57,102.50,10,247,102.50_103.00_103.50_104.00_104.50_,15_51_53_44_16_,102.00_101.50_101.00_100.50_100.00_,17_22_29_21_56_
10:05:58,102.50,10,247,102.50_103.00_103.50_104.00_104.50_,17_52_53_45_17_,102.00_101.50_101.00_100.50_100.00_,21_22_29_22_56_
10:07:09,102.50,10,247,102.50_103.00_103.50_104.00_104.50_,22_52_48_45_17_,102.00_101.50_101.00_100.50_100.00_,21_22_29_22_56_
10:07:40,102.50,10,247,102.50_103.00_103.50_104.00_104.50_,22_57_48_45_17_,102.00_101.50_101.00_100.50_100.00_,21_22_29_22_56_
10:07:50,102.50,10,247,102.50_103.00_103.50_104.00_104.50_,22_58_48_45_17_,102.00_101.50_101.00_100.50_100.00_,28_22_29_22_56_
10:08:11,102.50,10,247,102.50_103.00_103.50_104.00_104.50_,21_59_48_45_17_,102.00_101.50_101.00_100.50_100.00_,29_21_29_22_56_
10:08:57,102.50,10,247,102.50_103.00_103.50_104.00_104.50_,21_64_43_45_17_,102.00_101.50_101.00_100.50_100.00_,29_21_29_22_56_
10:09:43,102.50,10,247,102.50_103.00_103.50_104.00_104.50_,25_66_43_44_17_,102.00_101.50_101.00_100.50_100.00_,29_31_39_22_86_
10:09:53,102.50,10,247,102.50_103.00_103.50_104.00_104.50_,25_67_43_44_17_,102.00_101.50_101.00_100.50_100.00_,29_31_39_22_86_
10:10:08,102.50,10,247,102.50_103.00_103.50_104.00_104.50_,25_69_43_44_17_,102.00_101.50_101.00_100.50_100.00_,29_31_39_22_86_
10:10:49,102.50,10,247,102.50_103.00_103.50_104.00_104.50_,30_68_42_44_17_,102.00_101.50_101.00_100.50_100.00_,29_31_39_22_86_
10:11:25,102.50,10,247,102.50_103.00_103.50_104.00_104.50_,30_68_42_44_17_,102.00_101.50_101.00_100.50_100.00_,30_31_39_22_86_
10:13:39,102.50,1,248,102.50_103.00_103.50_104.00_104.50_,29_69_53_44_27_,102.00_101.50_101.00_100.50_100.00_,31_31_39_22_86_
10:14:09,102.50,1,248,102.50_103.00_103.50_104.00_104.50_,31_69_53_44_27_,102.00_101.50_101.00_100.50_100.00_,31_31_39_22_86_
10:15:26,102.50,1,248,102.50_103.00_103.50_104.00_104.50_,35_68_53_44_27_,102.00_101.50_101.00_100.50_100.00_,31_31_39_22_86_
10:17:19,102.00,1,251,102.50_103.00_103.50_104.00_104.50_,35_68_53_45_27_,102.00_101.50_101.00_100.50_100.00_,32_31_40_22_86_
10:19:06,102.50,1,257,102.50_103.00_103.50_104.00_104.50_,29_67_53_45_27_,102.00_101.50_101.00_100.50_100.00_,35_32_40_22_86_
10:20:02,102.50,1,258,102.50_103.00_103.50_104.00_104.50_,28_79_53_45_27_,102.00_101.50_101.00_100.50_100.00_,34_32_41_22_86_
10:25:15,102.50,1,258,102.50_103.00_103.50_104.00_104.50_,32_79_53_45_27_,102.00_101.50_101.00_100.50_100.00_,34_32_44_22_86_
10:26:12,102.50,1,258,102.50_103.00_103.50_104.00_104.50_,32_80_53_45_27_,102.00_101.50_101.00_100.50_100.00_,34_32_44_22_86_
10:26:32,102.50,1,258,102.50_103.00_103.50_104.00_104.50_,32_80_53_45_27_,102.00_101.50_101.00_100.50_100.00_,34_33_44_22_86_
10:29:16,102.50,1,258,102.50_103.00_103.50_104.00_104.50_,29_80_53_45_27_,102.00_101.50_101.00_100.50_100.00_,36_32_44_22_86_
10:29:41,102.50,1,258,102.50_103.00_103.50_104.00_104.50_,29_81_53_45_27_,102.00_101.50_101.00_100.50_100.00_,36_35_44_22_86_
10:31:08,102.00,1,295,102.00_102.50_103.00_103.50_104.00_,4_28_81_53_45_,101.50_101.00_100.50_100.00_99.90_,41_41_23_89_4_
10:31:24,102.00,1,295,102.00_102.50_103.00_103.50_104.00_,4_28_81_53_45_,101.50_101.00_100.50_100.00_99.90_,43_40_23_89_4_
10:31:55,102.00,1,295,102.00_102.50_103.00_103.50_104.00_,4_27_81_53_45_,101.50_101.00_100.50_100.00_99.90_,43_40_23_89_4_
10:32:25,102.00,1,295,102.00_102.50_103.00_103.50_104.00_,6_29_71_53_45_,101.50_101.00_100.50_100.00_99.90_,43_40_23_89_4_
10:36:06,102.00,1,309,102.00_102.50_103.00_103.50_104.00_,2_31_71_55_45_,101.50_101.00_100.50_100.00_99.90_,36_42_26_87_4_
10:36:36,102.00,1,309,102.00_102.50_103.00_103.50_104.00_,2_31_71_55_45_,101.50_101.00_100.50_100.00_99.90_,36_49_26_87_4_
10:37:58,102.00,1,309,102.00_102.50_103.00_103.50_104.00_,12_31_71_55_45_,101.50_101.00_100.50_100.00_99.90_,36_49_26_87_4_
10:38:44,102.00,1,309,102.00_102.50_103.00_103.50_104.00_,17_30_71_55_45_,101.50_101.00_100.50_100.00_99.90_,36_49_26_87_4_
10:40:37,102.00,1,310,102.00_102.50_103.00_103.50_104.00_,26_33_71_65_45_,101.50_101.00_100.50_100.00_99.90_,30_47_26_87_4_
10:40:42,101.50,2,312,102.00_102.50_103.00_103.50_104.00_,26_33_69_65_45_,101.50_101.00_100.50_100.00_99.90_,28_47_26_87_4_
10:40:47,101.50,2,312,102.00_102.50_103.00_103.50_104.00_,27_33_69_65_45_,101.50_101.00_100.50_100.00_99.90_,28_47_26_87_4_
10:41:59,101.50,1,314,102.00_102.50_103.00_103.50_104.00_,28_32_69_65_45_,101.50_101.00_100.50_100.00_99.90_,26_46_27_88_4_
10:44:12,101.50,1,314,102.00_102.50_103.00_103.50_104.00_,28_33_89_65_45_,101.50_101.00_100.50_100.00_99.90_,27_45_28_89_4_
10:44:58,101.50,1,314,102.00_102.50_103.00_103.50_104.00_,32_37_89_65_45_,101.50_101.00_100.50_100.00_99.90_,27_45_28_89_4_
10:46:00,101.50,1,315,102.00_102.50_103.00_103.50_104.00_,32_37_89_65_45_,101.50_101.00_100.50_100.00_99.90_,26_45_28_89_4_
10:46:25,101.50,5,320,102.00_102.50_103.00_103.50_104.00_,37_37_89_65_55_,101.50_101.00_100.50_100.00_99.90_,23_45_28_90_4_
10:47:01,101.50,5,320,102.00_102.50_103.00_103.50_104.00_,37_37_93_65_55_,101.50_101.00_100.50_100.00_99.90_,23_45_28_90_4_
10:47:06,101.50,1,321,102.00_102.50_103.00_103.50_104.00_,37_37_93_65_55_,101.50_101.00_100.50_100.00_99.90_,22_45_28_90_4_
10:47:32,101.50,1,321,102.00_102.50_103.00_103.50_104.00_,37_37_93_65_55_,101.50_101.00_100.50_100.00_99.90_,24_45_28_90_4_
10:48:13,101.50,1,321,102.00_102.50_103.00_103.50_104.00_,37_37_93_65_55_,101.50_101.00_100.50_100.00_99.90_,25_45_28_90_4_
10:51:12,102.00,1,328,102.00_102.50_103.00_103.50_104.00_,30_38_93_65_55_,101.50_101.00_100.50_100.00_99.90_,37_45_28_97_5_
10:51:37,102.00,1,328,102.00_102.50_103.00_103.50_104.00_,30_38_93_65_55_,101.50_101.00_100.50_100.00_99.90_,43_39_28_97_5_
10:53:41,102.00,1,329,102.00_102.50_103.00_103.50_104.00_,29_38_93_65_55_,101.50_101.00_100.50_100.00_99.90_,42_39_28_90_5_
10:54:27,102.00,1,329,102.00_102.50_103.00_103.50_104.00_,39_34_93_65_55_,101.50_101.00_100.50_100.00_99.90_,42_39_28_90_5_
10:55:39,102.00,4,333,102.00_102.50_103.00_103.50_104.00_,35_32_94_65_55_,101.50_101.00_100.50_100.00_99.90_,42_39_28_90_5_
10:55:49,102.00,4,333,102.00_102.50_103.00_103.50_104.00_,36_32_94_65_55_,101.50_101.00_100.50_100.00_99.90_,42_39_28_90_5_
10:57:16,102.00,1,334,102.00_102.50_103.00_103.50_104.00_,38_32_94_65_55_,101.50_101.00_100.50_100.00_99.90_,41_39_28_90_5_
10:57:46,102.00,1,334,102.00_102.50_103.00_103.50_104.00_,38_32_94_65_55_,101.50_101.00_100.50_100.00_99.90_,42_39_28_90_5_
10:58:58,102.00,1,335,102.00_102.50_103.00_103.50_104.00_,37_32_94_65_55_,101.50_101.00_100.50_100.00_99.90_,43_39_28_90_5_
10:59:54,102.00,1,335,102.00_102.50_103.00_103.50_104.00_,37_32_94_65_55_,101.50_101.00_100.50_100.00_99.90_,37_45_28_90_5_
11:04:57,102.00,1,338,102.00_102.50_103.00_103.50_104.00_,36_28_95_65_58_,101.50_101.00_100.50_100.00_99.90_,37_45_30_90_5_
11:07:00,102.00,5,343,102.00_102.50_103.00_103.50_104.00_,32_28_95_63_58_,101.50_101.00_100.50_100.00_99.90_,43_45_30_90_5_
11:07:41,102.00,5,343,102.00_102.50_103.00_103.50_104.00_,32_30_95_63_58_,101.50_101.00_100.50_100.00_99.90_,44_45_30_90_5_
11:09:13,102.00,1,344,102.00_102.50_103.00_103.50_104.00_,31_30_95_63_58_,101.50_101.00_100.50_100.00_99.90_,43_45_30_90_5_
11:09:29,102.00,2,346,102.00_102.50_103.00_103.50_104.00_,29_30_95_63_58_,101.50_101.00_100.50_100.00_99.90_,44_45_30_91_5_
11:10:30,101.50,1,347,102.00_102.50_103.00_103.50_104.00_,28_30_95_63_58_,101.50_101.00_100.50_100.00_99.90_,45_44_30_91_5_
11:11:11,101.50,1,348,102.00_102.50_103.00_103.50_104.00_,30_30_64_33_28_,101.50_101.00_100.50_100.00_99.90_,50_38_30_90_6_
11:12:38,101.50,1,349,102.00_102.50_103.00_103.50_104.00_,30_31_64_33_28_,101.50_101.00_100.50_100.00_99.90_,49_40_30_90_6_
11:15:28,101.50,2,351,102.00_102.50_103.00_103.50_104.00_,30_31_64_33_28_,101.50_101.00_100.50_100.00_99.90_,42_46_70_90_6_
11:17:51,101.50,10,365,102.00_102.50_103.00_103.50_104.00_,39_31_64_33_28_,101.50_101.00_100.50_100.00_99.90_,34_46_30_90_6_
11:18:01,101.50,10,365,102.00_102.50_103.00_103.50_104.00_,39_31_64_33_28_,101.50_101.00_100.50_100.00_99.90_,36_46_30_90_6_
11:18:07,101.50,10,365,102.00_102.50_103.00_103.50_104.00_,39_31_64_33_30_,101.50_101.00_100.50_100.00_99.90_,36_46_30_90_6_
11:18:12,101.50,10,365,102.00_102.50_103.00_103.50_104.00_,39_31_64_33_30_,101.50_101.00_100.50_100.00_99.90_,37_46_30_90_6_
11:19:08,101.50,2,369,102.00_102.50_103.00_103.50_104.00_,39_31_64_33_30_,101.50_101.00_100.50_100.00_99.90_,35_46_30_90_6_
11:19:39,101.50,2,369,102.00_102.50_103.00_103.50_104.00_,39_31_64_33_30_,101.50_101.00_100.50_100.00_99.90_,46_46_30_90_6_
11:23:04,102.00,6,376,102.00_102.50_103.00_103.50_104.00_,32_31_64_33_30_,101.50_101.00_100.50_100.00_99.90_,53_40_30_90_6_
11:24:47,102.00,1,377,102.00_102.50_103.00_103.50_104.00_,35_31_64_33_30_,101.50_101.00_100.50_100.00_99.90_,54_40_30_90_6_
11:26:04,102.00,1,377,102.00_102.50_103.00_103.50_104.00_,35_31_64_33_30_,101.50_101.00_100.50_100.00_99.90_,48_49_30_90_6_
11:26:24,102.00,1,377,102.00_102.50_103.00_103.50_104.00_,35_31_65_33_30_,101.50_101.00_100.50_100.00_99.90_,48_49_30_90_6_
11:29:24,102.00,1,378,102.00_102.50_103.00_103.50_104.00_,34_31_65_33_30_,101.50_101.00_100.50_100.00_99.90_,47_49_30_90_6_
11:30:00,102.00,1,378,102.00_102.50_103.00_103.50_104.00_,34_31_65_33_30_,101.50_101.00_100.50_100.00_99.90_,45_49_30_100_6_
11:36:24,102.00,1,412,102.50_103.00_103.50_104.00_104.50_,25_71_33_30_16_,102.00_101.50_101.00_100.50_100.00_,17_47_42_19_101_
11:37:41,102.00,1,412,102.50_103.00_103.50_104.00_104.50_,27_71_33_30_16_,102.00_101.50_101.00_100.50_100.00_,18_47_43_18_101_
11:38:37,102.00,1,412,102.50_103.00_103.50_104.00_104.50_,27_69_33_30_16_,102.00_101.50_101.00_100.50_100.00_,19_47_43_18_101_
11:40:15,102.00,1,420,102.50_103.00_103.50_104.00_104.50_,20_69_33_30_16_,102.00_101.50_101.00_100.50_100.00_,19_48_44_18_101_
11:41:11,102.00,1,420,102.50_103.00_103.50_104.00_104.50_,20_70_33_30_16_,102.00_101.50_101.00_100.50_100.00_,25_42_44_18_101_
11:41:27,102.00,1,420,102.50_103.00_103.50_104.00_104.50_,21_70_33_30_16_,102.00_101.50_101.00_100.50_100.00_,25_42_44_18_101_
11:41:52,102.00,1,420,102.50_103.00_103.50_104.00_104.50_,21_70_33_30_16_,102.00_101.50_101.00_100.50_100.00_,25_41_44_18_101_
11:42:39,102.00,1,421,102.50_103.00_103.50_104.00_104.50_,21_70_33_30_16_,102.00_101.50_101.00_100.50_100.00_,24_41_44_18_101_
11:44:11,102.50,2,425,102.50_103.00_103.50_104.00_104.50_,17_70_33_30_16_,102.00_101.50_101.00_100.50_100.00_,24_41_44_18_101_
11:44:42,102.50,2,428,102.50_103.00_103.50_104.00_104.50_,16_69_33_30_16_,102.00_101.50_101.00_100.50_100.00_,25_41_44_18_101_
11:44:47,102.50,2,428,102.50_103.00_103.50_104.00_104.50_,16_69_33_30_16_,102.00_101.50_101.00_100.50_100.00_,26_41_44_18_101_
11:46:19,102.50,10,444,102.50_103.00_103.50_104.00_104.50_,12_74_33_32_16_,102.00_101.50_101.00_100.50_100.00_,29_41_102_48_103_
11:46:30,102.50,10,444,102.50_103.00_103.50_104.00_104.50_,12_74_33_32_16_,102.00_101.50_101.00_100.50_100.00_,29_42_102_48_103_
11:49:44,102.50,10,444,102.50_103.00_103.50_104.00_104.50_,12_74_33_32_16_,102.00_101.50_101.00_100.50_100.00_,29_42_101_48_102_
11:52:13,102.50,1,446,102.50_103.00_103.50_104.00_104.50_,10_74_33_32_16_,102.00_101.50_101.00_100.50_100.00_,32_42_101_48_102_
11:54:16,102.50,2,449,102.50_103.00_103.50_104.00_104.50_,7_75_33_32_16_,102.00_101.50_101.00_100.50_100.00_,37_42_101_48_102_
11:55:38,102.50,1,460,103.00_103.50_104.00_104.50_105.00_,75_31_34_16_46_,102.50_102.00_101.50_101.00_100.50_,3_35_43_103_45_
11:59:34,102.50,18,478,102.50_103.00_103.50_104.00_104.50_,15_75_31_34_17_,102.00_101.50_101.00_100.50_100.00_,26_41_134_15_102_
12:00:15,102.00,2,480,102.50_103.00_103.50_104.00_104.50_,15_75_31_34_17_,102.00_101.50_101.00_100.50_100.00_,18_47_44_15_102_
12:06:09,102.00,2,484,102.50_103.00_103.50_104.00_104.50_,24_75_31_34_17_,102.00_101.50_101.00_100.50_100.00_,17_48_44_15_102_
12:06:45,102.00,2,486,102.50_103.00_103.50_104.00_104.50_,24_75_31_34_17_,102.00_101.50_101.00_100.50_100.00_,15_48_44_15_102_
12:07:00,102.50,24,510,103.00_103.50_104.00_104.50_105.00_,75_31_34_17_47_,102.00_101.50_101.00_100.50_100.00_,15_48_44_15_95_
12:08:47,103.00,1,518,103.00_103.50_104.00_104.50_105.00_,68_31_35_17_47_,102.50_102.00_101.50_101.00_100.50_,18_22_43_43_15_
12:08:53,103.00,1,518,103.00_103.50_104.00_104.50_105.00_,67_31_35_17_47_,102.50_102.00_101.50_101.00_100.50_,18_22_43_43_15_
12:10:30,102.50,2,537,103.00_103.50_104.00_104.50_105.00_,71_32_37_17_47_,102.50_102.00_101.50_101.00_100.50_,2_23_43_43_15_
12:11:37,103.00,5,543,103.00_103.50_104.00_104.50_105.00_,67_32_37_17_47_,102.00_101.50_101.00_100.50_100.00_,30_46_43_15_95_
12:12:07,103.00,5,543,102.50_103.00_103.50_104.00_104.50_,1_67_32_37_17_,102.00_101.50_101.00_100.50_100.00_,30_75_43_15_95_
12:12:23,102.50,1,544,103.00_103.50_104.00_104.50_105.00_,67_32_37_17_47_,102.00_101.50_101.00_100.50_100.00_,30_75_43_15_95_
12:12:38,102.50,1,544,103.00_103.50_104.00_104.50_105.00_,67_32_37_17_47_,102.00_101.50_101.00_100.50_100.00_,31_75_43_15_95_
12:14:52,102.00,2,546,102.50_103.00_103.50_104.00_104.50_,1_69_32_36_17_,102.00_101.50_101.00_100.50_100.00_,31_75_43_15_95_
12:15:12,102.00,2,546,102.50_103.00_103.50_104.00_104.50_,1_69_32_36_17_,102.00_101.50_101.00_100.50_100.00_,31_75_46_15_95_
12:15:58,102.00,2,546,102.50_103.00_103.50_104.00_104.50_,3_69_32_36_17_,102.00_101.50_101.00_100.50_100.00_,31_75_46_15_95_
12:16:50,102.00,2,548,102.50_103.00_103.50_104.00_104.50_,3_69_32_36_17_,102.00_101.50_101.00_100.50_100.00_,29_75_46_15_95_
12:20:10,102.00,2,550,102.50_103.00_103.50_104.00_104.50_,3_69_32_35_17_,102.00_101.50_101.00_100.50_100.00_,27_76_46_15_94_
12:23:25,102.00,2,553,102.50_103.00_103.50_104.00_104.50_,2_69_32_35_17_,102.00_101.50_101.00_100.50_100.00_,26_75_45_15_94_
12:24:16,102.00,2,553,102.50_103.00_103.50_104.00_104.50_,3_70_32_35_17_,102.00_101.50_101.00_100.50_100.00_,26_75_45_15_84_
12:25:38,102.00,2,553,102.50_103.00_103.50_104.00_104.50_,4_70_33_35_17_,102.00_101.50_101.00_100.50_100.00_,30_75_45_15_84_
12:26:04,102.00,2,553,102.50_103.00_103.50_104.00_104.50_,4_70_33_35_16_,102.00_101.50_101.00_100.50_100.00_,30_75_45_15_84_
12:26:45,102.00,2,555,102.50_103.00_103.50_104.00_104.50_,4_70_33_35_16_,102.00_101.50_101.00_100.50_100.00_,28_75_45_15_84_
12:26:50,102.00,2,555,102.50_103.00_103.50_104.00_104.50_,6_70_33_33_16_,102.00_101.50_101.00_100.50_100.00_,27_75_45_15_84_
12:27:51,102.50,6,561,103.00_103.50_104.00_104.50_105.00_,70_33_33_16_43_,102.00_101.50_101.00_100.50_100.00_,27_75_46_15_84_
12:29:44,103.00,1,563,103.00_103.50_104.00_104.50_105.00_,64_32_33_16_43_,102.50_102.00_101.50_101.00_100.50_,1_28_77_45_15_
12:29:54,103.00,1,563,103.00_103.50_104.00_104.50_105.00_,64_32_33_16_43_,102.50_102.00_101.50_101.00_100.50_,3_28_77_45_15_
12:30:10,102.50,2,565,103.00_103.50_104.00_104.50_105.00_,64_32_33_16_43_,102.50_102.00_101.50_101.00_100.50_,1_28_77_45_15_
12:30:15,102.50,2,565,103.00_103.50_104.00_104.50_105.00_,64_32_33_16_43_,102.50_102.00_101.50_101.00_100.50_,2_29_77_45_15_
12:30:20,102.50,2,565,103.00_103.50_104.00_104.50_105.00_,63_32_33_16_43_,102.50_102.00_101.50_101.00_100.50_,2_29_77_45_15_
12:31:06,102.50,2,565,103.00_103.50_104.00_104.50_105.00_,73_27_33_17_43_,102.50_102.00_101.50_101.00_100.50_,4_29_77_45_15_
12:31:37,102.50,2,565,103.00_103.50_104.00_104.50_105.00_,78_28_34_17_43_,102.50_102.00_101.50_101.00_100.50_,4_29_77_45_15_
12:33:40,102.50,2,567,103.00_103.50_104.00_104.50_105.00_,77_27_34_17_43_,102.50_102.00_101.50_101.00_100.50_,2_29_77_45_15_
12:34:01,102.50,2,567,103.00_103.50_104.00_104.50_105.00_,78_27_34_17_43_,102.50_102.00_101.50_101.00_100.50_,2_29_77_45_15_
12:34:47,102.50,2,567,103.00_103.50_104.00_104.50_105.00_,77_27_34_17_43_,102.50_102.00_101.50_101.00_100.50_,2_29_77_45_15_
12:38:53,102.50,1,570,102.50_103.00_103.50_104.00_104.50_,6_75_28_34_17_,102.00_101.50_101.00_100.50_100.00_,25_77_45_15_84_
12:40:00,102.50,1,570,102.50_103.00_103.50_104.00_104.50_,6_75_28_34_17_,102.00_101.50_101.00_100.50_100.00_,26_77_45_15_84_
12:46:09,102.50,1,577,102.50_103.00_103.50_104.00_104.50_,28_74_25_34_17_,102.00_101.50_101.00_100.50_100.00_,21_84_45_15_84_
12:46:45,102.50,1,577,102.50_103.00_103.50_104.00_104.50_,28_75_25_34_17_,102.00_101.50_101.00_100.50_100.00_,21_84_45_15_84_
12:49:24,102.00,1,578,102.50_103.00_103.50_104.00_104.50_,30_75_25_33_17_,102.00_101.50_101.00_100.50_100.00_,26_79_47_14_84_
12:53:30,102.50,1,579,102.50_103.00_103.50_104.00_104.50_,31_73_24_33_17_,102.00_101.50_101.00_100.50_100.00_,30_84_55_14_74_
12:54:11,102.50,1,579,102.50_103.00_103.50_104.00_104.50_,32_72_24_33_17_,102.00_101.50_101.00_100.50_100.00_,30_84_55_14_74_
12:55:38,102.50,1,579,102.50_103.00_103.50_104.00_104.50_,34_72_24_33_17_,102.00_101.50_101.00_100.50_100.00_,30_84_55_14_74_
12:55:59,102.50,1,579,102.50_103.00_103.50_104.00_104.50_,34_72_24_33_17_,102.00_101.50_101.00_100.50_100.00_,31_84_55_14_74_
12:56:04,102.50,1,579,102.50_103.00_103.50_104.00_104.50_,34_72_24_33_17_,102.00_101.50_101.00_100.50_100.00_,30_84_55_14_74_
13:00:15,102.50,1,588,102.50_103.00_103.50_104.00_104.50_,30_74_24_32_17_,102.00_101.50_101.00_100.50_100.00_,29_84_55_14_74_
13:00:25,102.50,1,589,102.50_103.00_103.50_104.00_104.50_,29_74_24_32_17_,102.00_101.50_101.00_100.50_100.00_,29_84_55_14_74_
13:06:13,102.50,1,595,102.50_103.00_103.50_104.00_104.50_,49_58_24_32_17_,102.00_101.50_101.00_100.50_100.00_,22_84_55_13_74_
13:06:33,102.50,1,595,102.50_103.00_103.50_104.00_104.50_,49_58_24_32_17_,102.00_101.50_101.00_100.50_100.00_,24_84_55_13_74_
13:08:21,102.50,1,596,102.50_103.00_103.50_104.00_104.50_,47_61_24_32_17_,102.00_101.50_101.00_100.50_100.00_,25_86_56_13_74_
13:08:31,102.50,1,596,102.50_103.00_103.50_104.00_104.50_,48_61_24_32_17_,102.00_101.50_101.00_100.50_100.00_,25_85_56_13_74_
13:08:56,102.50,1,596,102.50_103.00_103.50_104.00_104.50_,48_61_24_32_17_,102.00_101.50_101.00_100.50_100.00_,35_85_56_13_74_
13:11:09,102.50,1,599,102.50_103.00_103.50_104.00_104.50_,44_61_24_32_16_,102.00_101.50_101.00_100.50_100.00_,34_85_56_13_74_
13:12:06,102.00,1,602,102.50_103.00_103.50_104.00_104.50_,42_60_25_32_16_,102.00_101.50_101.00_100.50_100.00_,31_85_56_13_74_
13:12:21,102.00,1,603,102.50_103.00_103.50_104.00_104.50_,42_60_25_32_16_,102.00_101.50_101.00_100.50_100.00_,30_85_56_13_74_
13:12:47,102.00,19,622,102.50_103.00_103.50_104.00_104.50_,23_60_25_32_16_,102.00_101.50_101.00_100.50_100.00_,13_86_56_13_74_
13:13:38,102.50,1,630,102.50_103.00_103.50_104.00_104.50_,21_60_25_32_16_,102.00_101.50_101.00_100.50_100.00_,8_86_56_13_74_
13:15:51,102.50,1,630,102.50_103.00_103.50_104.00_104.50_,22_64_25_32_16_,102.00_101.50_101.00_100.50_100.00_,11_86_56_13_73_
13:16:37,102.50,1,630,102.50_103.00_103.50_104.00_104.50_,22_64_25_31_16_,102.00_101.50_101.00_100.50_100.00_,14_86_56_13_73_
13:17:07,102.50,1,631,102.50_103.00_103.50_104.00_104.50_,21_64_25_31_16_,102.00_101.50_101.00_100.50_100.00_,14_86_56_13_73_
13:20:06,102.00,1,633,102.50_103.00_103.50_104.00_104.50_,24_65_24_31_16_,102.00_101.50_101.00_100.50_100.00_,17_87_55_14_73_
13:21:08,102.00,1,633,102.50_103.00_103.50_104.00_104.50_,24_65_24_31_16_,102.00_101.50_101.00_100.50_100.00_,19_87_55_14_73_
13:26:22,102.50,1,661,102.50_103.00_103.50_104.00_104.50_,1_62_51_60_46_,102.00_101.50_101.00_100.50_100.00_,88_120_119_53_72_
13:27:23,102.50,1,661,102.50_103.00_103.50_104.00_104.50_,1_61_51_60_46_,102.00_101.50_101.00_100.50_100.00_,94_114_119_53_72_
13:27:28,102.50,1,661,102.50_103.00_103.50_104.00_104.50_,1_61_51_60_46_,102.00_101.50_101.00_100.50_100.00_,96_114_119_53_72_
13:27:54,102.50,1,661,102.50_103.00_103.50_104.00_104.50_,2_61_51_60_46_,102.00_101.50_101.00_100.50_100.00_,95_114_119_53_71_
13:29:36,102.50,1,661,103.00_103.50_104.00_104.50_105.00_,62_62_81_46_44_,102.50_102.00_101.50_101.00_100.50_,8_113_119_120_54_
13:30:00,102.50,43,704,103.00_103.50_104.00_104.50_105.00_,62_62_81_46_44_,102.50_102.00_101.50_101.00_100.50_,12_114_119_120_54_
