13:01:26,65.10,3,1731,65.10_65.20_65.30_65.40_65.50_,7_7_14_26_47_,65.00_64.90_64.80_64.70_64.60_,20_13_3_22_3_
13:03:04,65.00,1,1757,65.10_65.20_65.30_65.40_65.50_,10_18_16_26_47_,65.00_64.90_64.80_64.70_64.60_,2_11_2_12_13_
13:04:31,65.00,1,1761,65.00_65.10_65.20_65.30_65.40_,17_8_18_13_55_,64.90_64.80_64.70_64.60_64.50_,12_2_6_19_9_
13:05:22,64.90,1,1766,65.00_65.10_65.20_65.30_65.40_,15_7_18_12_55_,64.90_64.80_64.70_64.60_64.50_,10_2_7_19_9_
13:07:56,64.80,2,1788,64.90_65.00_65.10_65.20_65.30_,17_5_17_9_39_,64.80_64.70_64.60_64.50_64.40_,4_6_5_25_13_
13:08:06,64.80,1,1790,64.90_65.00_65.10_65.20_65.30_,17_5_17_9_39_,64.80_64.70_64.60_64.50_64.40_,4_10_5_25_14_
13:08:26,64.90,1,1791,64.90_65.00_65.10_65.20_65.30_,17_6_16_9_40_,64.80_64.70_64.60_64.50_64.40_,5_10_5_25_14_
13:08:31,64.90,1,1792,64.90_65.00_65.10_65.20_65.30_,17_6_16_9_40_,64.80_64.70_64.60_64.50_64.40_,5_10_5_25_14_
13:08:42,64.90,1,1792,64.90_65.00_65.10_65.20_65.30_,18_6_16_9_40_,64.80_64.70_64.60_64.50_64.40_,5_10_5_25_14_
13:08:47,64.90,1,1792,64.90_65.00_65.10_65.20_65.30_,19_5_17_8_40_,64.80_64.70_64.60_64.50_64.40_,5_10_5_25_14_
13:08:52,64.90,1,1792,64.90_65.00_65.10_65.20_65.30_,19_5_17_8_40_,64.80_64.70_64.60_64.50_64.40_,5_10_4_25_14_
13:10:29,64.70,3,1800,64.90_65.00_65.10_65.20_65.30_,22_10_18_10_38_,64.70_64.60_64.50_64.40_64.30_,10_4_11_29_27_
13:10:34,64.70,3,1800,64.80_64.90_65.00_65.10_65.20_,2_22_11_18_10_,64.70_64.60_64.50_64.40_64.30_,10_4_11_29_27_
13:10:50,64.70,3,1803,64.80_64.90_65.00_65.10_65.20_,16_4_17_18_38_,64.70_64.60_64.50_64.40_64.30_,8_4_11_29_27_
13:12:01,64.80,1,1806,64.80_64.90_65.00_65.10_65.20_,17_3_17_18_39_,64.70_64.60_64.50_64.40_64.30_,7_3_11_29_27_
13:12:12,64.80,1,1806,64.80_64.90_65.00_65.10_65.20_,17_3_17_18_39_,64.70_64.60_64.50_64.40_64.30_,8_3_12_29_27_
13:13:13,64.80,1,1809,64.80_64.90_65.00_65.10_65.20_,16_3_17_18_39_,64.70_64.60_64.50_64.40_64.30_,8_3_12_29_27_
13:13:49,64.60,1,1819,64.70_64.80_64.90_65.00_65.10_,16_2_2_18_48_,64.60_64.50_64.40_64.30_64.20_,2_11_14_41_20_
13:14:56,64.70,1,1823,64.70_64.80_64.90_65.00_65.10_,16_1_3_18_48_,64.60_64.50_64.40_64.30_64.20_,5_14_14_41_20_
13:17:50,64.50,10,1849,64.70_64.90_65.00_65.10_65.20_,22_3_19_20_38_,64.50_64.40_64.30_64.20_64.10_,13_14_41_20_9_
13:17:55,64.50,1,1850,64.70_64.90_65.00_65.10_65.20_,22_3_20_19_38_,64.50_64.40_64.30_64.20_64.10_,14_14_41_20_9_
13:18:00,64.50,1,1850,64.70_64.90_65.00_65.10_65.20_,23_3_20_19_38_,64.50_64.40_64.30_64.20_64.10_,14_14_41_20_9_
13:18:15,64.50,1,1850,64.70_64.90_65.00_65.10_65.20_,24_3_20_19_38_,64.50_64.40_64.30_64.20_64.10_,14_14_41_20_9_
13:18:31,64.70,1,1852,64.70_64.90_65.00_65.10_65.20_,24_3_20_19_38_,64.50_64.40_64.30_64.20_64.10_,24_14_41_20_9_
13:19:02,64.50,4,1858,64.70_64.80_64.90_65.00_65.10_,25_1_3_20_48_,64.50_64.40_64.30_64.20_64.10_,23_14_41_20_9_
13:19:48,64.60,1,1862,64.70_64.80_64.90_65.00_65.10_,32_2_3_20_47_,64.60_64.50_64.40_64.30_64.20_,1_25_14_41_20_
13:21:25,64.60,13,1886,64.60_64.70_64.80_64.90_65.00_,9_26_2_2_48_,64.50_64.40_64.30_64.20_64.10_,22_15_33_25_9_
13:23:43,64.40,1,1925,64.50_64.60_64.70_64.80_64.90_,5_26_18_6_33_,64.40_64.30_64.20_64.10_64.00_,12_24_77_15_51_
13:25:21,64.20,1,2011,64.50_64.60_64.70_64.80_64.90_,1_5_1_2_33_,64.00_63.90_63.80_63.70_63.60_,60_34_6_2_39_
13:25:31,64.20,1,2011,64.50_64.60_64.70_64.80_64.90_,1_5_1_2_33_,64.00_63.90_63.80_63.70_63.60_,61_34_6_2_39_
13:25:46,64.20,1,2011,64.50_64.60_64.70_64.80_64.90_,1_5_1_2_33_,64.00_63.90_63.80_63.70_63.60_,54_34_38_34_66_
13:26:22,64.20,1,2011,64.50_64.60_64.70_64.80_64.90_,1_5_1_2_33_,64.00_63.90_63.80_63.70_63.60_,80_35_71_67_98_
13:26:58,64.20,1,2011,64.50_64.60_64.70_64.80_64.90_,1_5_1_2_33_,64.00_63.90_63.80_63.70_63.60_,113_35_71_67_98_
13:27:13,64.20,1,2011,64.50_64.60_64.70_64.80_64.90_,1_5_1_2_33_,64.20_64.10_64.00_63.90_63.80_,6_13_123_35_71_
13:27:34,64.20,1,2011,64.50_64.60_64.70_64.80_64.90_,1_5_1_2_33_,64.20_64.10_64.00_63.90_63.80_,26_14_123_35_71_
13:28:45,64.20,1,2011,64.60_64.70_64.80_64.90_65.00_,5_1_43_33_35_,64.20_64.10_64.00_63.90_63.80_,16_14_125_34_71_
13:29:11,64.20,1,2011,64.60_64.70_64.80_64.90_65.00_,5_1_43_33_35_,64.20_64.10_64.00_63.90_63.80_,23_11_125_34_70_
13:30:00,64.20,267,2278,64.60_64.70_64.80_64.90_65.00_,6_1_44_33_35_,64.20_64.10_64.00_63.90_63.80_,65_10_126_34_70_
09:00:22,64.80,2,41,65.00_65.10_65.20_65.30_65.40_,12_28_20_19_11_,64.80_64.70_64.60_64.50_64.30_,2_1_2_3_4_
09:00:27,64.80,2,43,64.90_65.00_65.10_65.20_65.30_,1_13_28_20_18_,64.70_64.60_64.50_64.30_64.20_,1_2_4_4_25_
09:00:47,64.60,1,46,64.80_64.90_65.00_65.10_65.20_,2_4_13_23_15_,64.60_64.50_64.30_64.20_64.00_,2_4_5_25_9_
09:01:23,64.60,1,48,64.90_65.00_65.10_65.20_65.30_,7_14_20_24_38_,64.70_64.60_64.50_64.40_64.30_,2_5_13_1_7_
09:01:23,64.60,1,48,64.90_65.00_65.10_65.20_65.30_,7_14_20_24_38_,64.70_64.60_64.50_64.40_64.30_,2_5_13_1_7_
09:01:28,64.60,1,48,64.90_65.00_65.10_65.20_65.30_,7_14_20_24_38_,64.80_64.70_64.60_64.50_64.40_,1_2_6_13_1_
09:01:34,64.80,2,50,64.90_65.00_65.10_65.20_65.30_,7_13_20_20_39_,64.70_64.60_64.50_64.40_64.30_,2_15_4_3_5_
09:01:39,64.70,2,52,64.90_65.00_65.10_65.20_65.30_,7_14_20_21_38_,64.70_64.60_64.50_64.40_64.30_,2_5_13_1_5_
09:01:44,64.70,1,53,64.90_65.00_65.10_65.20_65.30_,7_18_18_21_38_,64.70_64.60_64.50_64.40_64.30_,1_4_13_1_6_
09:01:54,64.70,1,53,64.80_64.90_65.00_65.10_65.20_,1_17_14_18_39_,64.70_64.60_64.50_64.40_64.30_,1_4_9_3_9_
09:03:11,64.70,1,60,64.80_64.90_65.00_65.10_65.20_,9_14_20_19_40_,64.70_64.60_64.50_64.40_64.30_,9_2_4_3_7_
09:03:16,64.70,1,60,64.80_64.90_65.00_65.10_65.20_,8_13_20_18_40_,64.70_64.60_64.50_64.40_64.30_,10_2_4_3_7_
09:03:21,64.70,1,60,64.80_64.90_65.00_65.10_65.20_,9_13_20_19_40_,64.70_64.60_64.50_64.40_64.30_,11_2_4_3_7_
09:03:26,64.70,1,60,64.80_64.90_65.00_65.10_65.20_,10_13_20_19_40_,64.70_64.60_64.50_64.40_64.30_,11_3_4_3_7_
09:03:31,64.70,1,60,64.80_64.90_65.00_65.10_65.20_,12_13_20_18_40_,64.70_64.60_64.50_64.40_64.30_,12_3_4_3_7_
09:04:17,64.80,1,75,64.80_64.90_65.00_65.10_65.20_,5_13_20_18_40_,64.70_64.60_64.50_64.40_64.30_,10_3_3_3_9_
09:04:22,64.80,5,80,64.90_65.00_65.10_65.20_65.30_,13_20_19_40_15_,64.70_64.60_64.50_64.40_64.30_,10_3_3_3_9_
09:05:44,64.40,1,114,64.40_64.50_64.60_64.80_64.90_,3_6_1_9_33_,64.30_64.20_64.10_64.00_63.90_,7_26_3_14_10_
09:05:50,64.80,20,134,64.90_65.00_65.10_65.20_65.30_,33_13_15_16_15_,64.30_64.20_64.10_64.00_63.90_,7_26_3_14_10_
09:06:56,64.50,2,153,64.60_64.80_64.90_65.00_65.10_,7_17_16_30_24_,64.40_64.30_64.20_64.00_63.90_,1_10_31_15_7_
09:07:27,64.50,1,154,64.50_64.60_64.70_64.80_64.90_,2_6_1_17_36_,64.40_64.30_64.20_64.10_64.00_,5_10_29_2_15_
09:07:37,64.50,1,154,64.50_64.60_64.70_64.80_64.90_,2_6_1_17_36_,64.40_64.30_64.20_64.10_64.00_,6_10_29_2_15_
09:07:53,64.50,1,155,64.50_64.60_64.70_64.80_64.90_,1_6_1_17_36_,64.40_64.30_64.20_64.10_64.00_,6_9_29_2_15_
09:08:44,64.50,6,165,64.60_64.70_64.80_64.90_65.00_,10_12_17_16_39_,64.50_64.40_64.30_64.20_64.10_,2_5_10_30_3_
09:08:54,64.40,3,170,64.60_64.70_64.80_64.90_65.00_,15_15_17_16_39_,64.40_64.30_64.20_64.10_64.00_,3_10_28_3_15_
09:08:59,64.40,1,171,64.60_64.70_64.80_64.90_65.00_,16_15_17_16_37_,64.40_64.30_64.20_64.10_64.00_,2_12_27_3_15_
09:08:59,64.40,1,171,64.60_64.70_64.80_64.90_65.00_,16_15_17_16_37_,64.40_64.30_64.20_64.10_64.00_,2_12_27_3_15_
09:09:10,64.40,1,171,64.60_64.70_64.80_64.90_65.00_,16_15_17_16_37_,64.40_64.30_64.20_64.10_64.00_,2_12_28_3_14_
09:10:52,64.70,1,200,64.70_64.80_64.90_65.00_65.10_,12_22_19_20_38_,64.60_64.50_64.40_64.30_64.20_,5_6_5_14_27_
09:10:52,64.70,1,200,64.70_64.80_64.90_65.00_65.10_,12_22_19_20_38_,64.60_64.50_64.40_64.30_64.20_,5_6_5_14_27_
09:11:02,64.70,1,201,64.70_64.80_64.90_65.00_65.10_,13_22_19_16_38_,64.60_64.50_64.40_64.30_64.20_,5_6_5_14_27_
09:11:28,64.70,1,201,64.70_64.80_64.90_65.00_65.10_,15_22_21_16_38_,64.60_64.50_64.40_64.30_64.20_,12_6_6_14_26_
09:14:38,64.90,1,257,64.90_65.00_65.10_65.20_65.30_,9_23_25_21_57_,64.80_64.70_64.60_64.50_64.40_,8_7_15_50_8_
09:14:43,65.10,40,297,65.10_65.20_65.30_65.40_65.50_,16_21_57_10_10_,64.80_64.70_64.60_64.50_64.40_,8_7_15_50_8_
09:15:03,64.90,3,316,64.90_65.00_65.10_65.20_65.30_,1_5_11_29_46_,64.80_64.60_64.50_64.40_64.30_,1_18_14_8_16_
09:18:59,65.00,5,435,65.10_65.20_65.30_65.40_65.50_,18_7_15_13_52_,65.00_64.90_64.80_64.70_64.60_,1_16_20_59_11_
09:19:04,65.00,1,436,65.00_65.10_65.20_65.30_65.40_,4_14_7_16_13_,64.90_64.80_64.70_64.60_64.50_,16_20_59_11_12_
09:19:09,65.00,1,436,65.00_65.10_65.20_65.30_65.40_,4_14_11_9_61_,64.90_64.80_64.70_64.60_64.50_,17_19_17_49_14_
09:19:15,65.00,1,436,65.00_65.10_65.20_65.30_65.40_,6_3_11_9_61_,64.90_64.80_64.70_64.60_64.50_,17_17_17_49_14_
09:19:20,64.90,12,448,65.00_65.10_65.20_65.30_65.40_,7_3_11_9_61_,64.90_64.80_64.70_64.60_64.50_,6_17_17_49_14_
09:20:26,64.90,2,455,65.00_65.10_65.20_65.30_65.40_,10_2_11_9_61_,64.90_64.80_64.70_64.60_64.50_,8_18_17_48_15_
09:20:26,64.90,2,455,65.00_65.10_65.20_65.30_65.40_,10_2_11_9_61_,64.90_64.80_64.70_64.60_64.50_,8_18_17_48_15_
09:20:47,64.90,5,460,65.00_65.10_65.20_65.30_65.40_,11_2_11_9_61_,64.90_64.80_64.70_64.60_64.50_,4_18_17_58_15_
09:21:33,65.00,5,467,65.00_65.10_65.20_65.30_65.40_,7_2_10_7_61_,64.90_64.80_64.70_64.60_64.50_,5_16_17_59_15_
09:21:33,65.00,5,467,65.00_65.10_65.20_65.30_65.40_,7_2_10_7_61_,64.90_64.80_64.70_64.60_64.50_,5_16_17_59_15_
09:21:38,65.00,5,467,65.00_65.10_65.20_65.30_65.40_,8_2_10_7_61_,64.90_64.80_64.70_64.60_64.50_,5_16_17_59_15_
09:21:38,65.00,5,467,65.00_65.10_65.20_65.30_65.40_,8_2_10_7_61_,64.90_64.80_64.70_64.60_64.50_,5_16_17_59_15_
09:22:19,64.90,1,474,65.00_65.10_65.20_65.30_65.40_,6_5_10_9_61_,64.90_64.80_64.70_64.60_64.50_,16_17_17_58_26_
09:22:40,65.00,1,477,65.00_65.10_65.20_65.30_65.40_,2_5_10_9_61_,64.90_64.80_64.70_64.60_64.50_,18_17_17_58_26_
09:22:50,65.00,1,478,65.00_65.10_65.20_65.30_65.40_,1_5_10_7_61_,64.90_64.80_64.70_64.60_64.50_,21_17_17_58_26_
09:23:51,65.10,5,489,65.10_65.20_65.30_65.40_65.50_,1_11_10_18_55_,65.00_64.90_64.80_64.70_64.60_,12_18_17_58_18_
09:25:03,65.10,1,498,65.10_65.20_65.30_65.40_65.50_,1_13_10_18_68_,65.00_64.90_64.80_64.70_64.60_,12_17_17_57_18_
09:28:44,65.30,6,551,65.30_65.40_65.50_65.60_65.70_,5_26_25_5_48_,65.20_65.10_65.00_64.90_64.80_,5_8_20_60_21_
09:30:26,65.20,1,576,65.20_65.30_65.40_65.50_65.60_,5_16_22_17_47_,65.10_65.00_64.90_64.80_64.70_,17_12_21_63_18_
09:30:31,65.20,1,576,65.20_65.30_65.40_65.50_65.60_,5_16_22_18_47_,65.10_65.00_64.90_64.80_64.70_,17_12_21_78_18_
09:30:36,65.10,1,577,65.20_65.30_65.40_65.50_65.60_,5_16_22_18_47_,65.10_65.00_64.90_64.80_64.70_,16_12_21_78_18_
09:31:53,65.30,14,607,65.30_65.40_65.50_65.60_65.70_,14_25_8_5_47_,65.20_65.10_65.00_64.90_64.80_,3_18_12_62_40_
09:31:58,65.20,4,611,65.20_65.30_65.40_65.50_65.60_,6_14_25_8_5_,65.10_65.00_64.90_64.80_64.70_,18_12_62_40_16_
09:31:58,65.20,4,611,65.20_65.30_65.40_65.50_65.60_,6_14_25_8_5_,65.10_65.00_64.90_64.80_64.70_,18_12_62_40_16_
09:32:04,65.20,1,612,65.20_65.30_65.40_65.50_65.60_,5_10_26_8_49_,65.10_65.00_64.90_64.80_64.70_,18_12_33_67_18_
09:32:09,65.20,1,612,65.20_65.30_65.40_65.50_65.60_,5_14_22_8_49_,65.10_65.00_64.90_64.80_64.70_,21_11_29_70_18_
09:33:05,65.30,10,632,65.30_65.40_65.50_65.60_65.70_,11_19_8_6_46_,65.20_65.10_65.00_64.90_64.80_,2_21_16_74_30_
09:33:46,65.30,2,641,65.30_65.40_65.50_65.60_65.70_,13_20_10_5_46_,65.20_65.10_65.00_64.90_64.80_,15_22_20_66_30_
09:34:27,65.20,1,642,65.30_65.40_65.50_65.60_65.70_,15_20_8_6_46_,65.20_65.10_65.00_64.90_64.80_,13_31_19_58_30_
09:34:32,65.20,1,642,65.30_65.40_65.50_65.60_65.70_,15_20_8_6_46_,65.20_65.10_65.00_64.90_64.80_,21_24_19_62_26_
09:34:37,65.20,20,662,65.30_65.40_65.50_65.60_65.70_,17_20_9_6_46_,65.20_65.10_65.00_64.90_64.80_,2_24_19_62_26_
09:34:42,65.30,5,667,65.30_65.40_65.50_65.60_65.70_,14_20_9_12_46_,65.20_65.10_65.00_64.90_64.80_,3_23_20_62_26_
09:34:47,65.30,5,667,65.30_65.40_65.50_65.60_65.70_,18_20_9_11_46_,65.20_65.10_65.00_64.90_64.80_,5_23_20_62_26_
09:35:54,65.10,5,680,65.20_65.30_65.40_65.50_65.60_,14_17_23_8_55_,65.10_65.00_64.90_64.80_64.70_,17_23_22_62_18_
09:37:06,65.10,2,687,65.20_65.30_65.40_65.50_65.60_,15_17_22_9_55_,65.10_65.00_64.90_64.80_64.70_,11_22_19_61_18_
09:38:54,65.10,3,702,65.10_65.20_65.30_65.40_65.50_,7_12_17_19_50_,65.00_64.90_64.80_64.70_64.60_,19_19_25_52_22_
09:39:19,65.10,1,703,65.10_65.20_65.30_65.40_65.50_,6_16_14_19_50_,65.00_64.90_64.80_64.70_64.60_,20_19_25_52_22_
09:39:29,65.00,2,710,65.10_65.20_65.30_65.40_65.50_,13_16_14_18_50_,65.00_64.90_64.80_64.70_64.60_,15_19_25_52_22_
09:41:27,64.90,1,740,65.00_65.10_65.20_65.30_65.40_,7_22_16_9_62_,64.90_64.80_64.70_64.60_64.50_,10_22_23_49_24_
09:41:27,64.90,1,740,65.00_65.10_65.20_65.30_65.40_,7_22_16_9_62_,64.90_64.80_64.70_64.60_64.50_,10_22_23_49_24_
09:41:37,64.90,1,740,65.00_65.10_65.20_65.30_65.40_,7_22_16_9_62_,64.90_64.80_64.70_64.60_64.50_,11_21_23_49_24_
09:41:58,65.00,1,741,65.00_65.10_65.20_65.30_65.40_,6_22_16_9_62_,64.90_64.80_64.70_64.60_64.50_,11_22_23_49_24_
09:42:03,64.90,5,746,65.00_65.10_65.20_65.30_65.40_,8_22_16_9_60_,64.90_64.80_64.70_64.60_64.50_,6_22_23_49_24_
09:42:08,65.00,1,747,65.00_65.10_65.20_65.30_65.40_,10_22_16_10_60_,64.90_64.80_64.70_64.60_64.50_,6_21_24_49_24_
09:42:13,65.00,10,757,65.10_65.20_65.30_65.40_65.50_,22_16_10_60_8_,64.90_64.80_64.70_64.60_64.50_,6_21_24_49_24_
09:42:18,65.00,10,757,65.10_65.20_65.30_65.40_65.50_,23_16_12_16_50_,64.90_64.80_64.70_64.60_64.50_,7_21_59_14_24_
09:42:18,65.00,10,757,65.10_65.20_65.30_65.40_65.50_,23_16_12_16_50_,64.90_64.80_64.70_64.60_64.50_,7_21_59_14_24_
09:42:44,65.00,10,757,65.10_65.20_65.30_65.40_65.50_,19_20_12_16_50_,64.90_64.80_64.70_64.60_64.50_,6_23_60_15_24_
09:42:54,65.00,10,757,65.10_65.20_65.30_65.40_65.50_,19_20_12_16_50_,64.90_64.80_64.70_64.60_64.50_,8_23_60_15_24_
09:43:14,65.10,1,758,65.10_65.20_65.30_65.40_65.50_,18_20_12_16_52_,64.90_64.80_64.70_64.60_64.50_,12_28_20_49_24_
09:43:35,65.00,2,765,65.10_65.20_65.30_65.40_65.50_,18_21_12_16_52_,64.90_64.80_64.70_64.60_64.50_,5_24_62_15_22_
09:44:01,65.00,2,765,65.10_65.20_65.30_65.40_65.50_,18_21_12_16_52_,64.90_64.80_64.70_64.60_64.50_,7_24_60_15_24_
09:44:36,65.00,1,766,65.10_65.20_65.30_65.40_65.50_,18_21_12_16_52_,65.00_64.90_64.80_64.70_64.60_,2_8_28_58_15_
09:44:42,65.00,1,766,65.10_65.20_65.30_65.40_65.50_,18_21_12_16_52_,65.00_64.90_64.80_64.70_64.60_,2_10_28_58_15_
09:44:42,65.00,1,766,65.10_65.20_65.30_65.40_65.50_,18_21_12_16_52_,65.00_64.90_64.80_64.70_64.60_,2_10_28_58_15_
09:44:52,65.00,1,766,65.10_65.20_65.30_65.40_65.50_,18_21_12_16_52_,65.00_64.90_64.80_64.70_64.60_,2_11_28_58_14_
09:44:52,65.00,1,766,65.10_65.20_65.30_65.40_65.50_,18_21_12_16_52_,65.00_64.90_64.80_64.70_64.60_,2_11_28_58_14_
09:45:02,65.00,2,768,65.10_65.20_65.30_65.40_65.50_,18_21_12_16_52_,64.90_64.80_64.70_64.60_64.50_,11_28_58_14_22_
09:46:09,65.00,1,778,65.10_65.20_65.30_65.40_65.50_,20_23_12_16_51_,65.00_64.90_64.80_64.70_64.60_,3_8_32_58_14_
09:46:09,65.00,1,778,65.10_65.20_65.30_65.40_65.50_,20_23_12_16_51_,65.00_64.90_64.80_64.70_64.60_,3_8_32_58_14_
09:47:10,65.00,1,781,65.10_65.20_65.30_65.40_65.50_,21_20_16_16_51_,65.00_64.90_64.80_64.70_64.60_,24_10_36_59_14_
09:47:36,65.00,1,781,65.10_65.20_65.30_65.40_65.50_,22_20_16_16_51_,65.00_64.90_64.80_64.70_64.60_,26_10_36_59_14_
09:47:36,65.00,1,781,65.10_65.20_65.30_65.40_65.50_,22_20_16_16_51_,65.00_64.90_64.80_64.70_64.60_,26_10_36_59_14_
09:47:56,65.00,7,788,65.10_65.20_65.30_65.40_65.50_,20_19_16_16_51_,65.00_64.90_64.80_64.70_64.60_,20_10_36_59_14_
09:47:56,65.00,7,788,65.10_65.20_65.30_65.40_65.50_,20_19_16_16_51_,65.00_64.90_64.80_64.70_64.60_,20_10_36_59_14_
09:47:56,65.00,7,788,65.10_65.20_65.30_65.40_65.50_,20_19_16_16_51_,65.00_64.90_64.80_64.70_64.60_,20_10_36_59_14_
09:48:12,65.00,7,788,65.10_65.20_65.30_65.40_65.50_,20_19_16_16_51_,65.00_64.90_64.80_64.70_64.60_,21_11_35_59_14_
09:48:17,65.00,7,788,65.10_65.20_65.30_65.40_65.50_,20_23_12_16_51_,65.00_64.90_64.80_64.70_64.60_,21_11_35_59_14_
09:48:17,65.00,7,788,65.10_65.20_65.30_65.40_65.50_,20_23_12_16_51_,65.00_64.90_64.80_64.70_64.60_,21_11_35_59_14_
09:48:27,65.00,7,788,65.10_65.20_65.30_65.40_65.50_,20_23_12_16_51_,65.00_64.90_64.80_64.70_64.60_,6_11_35_59_15_
09:48:27,65.00,7,788,65.10_65.20_65.30_65.40_65.50_,20_23_12_16_51_,65.00_64.90_64.80_64.70_64.60_,6_11_35_59_15_
09:48:37,65.00,1,792,65.10_65.20_65.30_65.40_65.50_,20_23_12_16_51_,65.00_64.90_64.80_64.70_64.60_,1_10_35_61_15_
09:48:37,65.00,1,792,65.10_65.20_65.30_65.40_65.50_,20_23_12_16_51_,65.00_64.90_64.80_64.70_64.60_,1_10_35_61_15_
09:48:42,65.00,1,793,65.00_65.10_65.20_65.30_65.40_,1_20_23_12_16_,64.90_64.80_64.70_64.60_64.50_,10_35_61_15_25_
09:49:18,65.10,1,794,65.10_65.20_65.30_65.40_65.50_,21_19_18_16_51_,65.00_64.90_64.80_64.70_64.60_,4_14_36_63_15_
09:51:01,65.20,1,820,65.20_65.30_65.40_65.50_65.60_,15_21_19_8_41_,65.00_64.90_64.80_64.70_64.60_,11_23_31_72_16_
09:51:11,65.20,1,820,65.20_65.30_65.40_65.50_65.60_,15_23_19_8_41_,65.00_64.90_64.80_64.70_64.60_,13_23_31_73_15_
09:51:26,65.20,1,820,65.20_65.30_65.40_65.50_65.60_,15_23_19_8_41_,65.10_65.00_64.90_64.80_64.70_,15_14_23_31_73_
09:51:37,65.20,1,820,65.20_65.30_65.40_65.50_65.60_,15_19_23_9_39_,65.10_65.00_64.90_64.80_64.70_,18_11_23_68_39_
09:52:43,65.20,1,840,65.30_65.40_65.50_65.60_65.70_,18_20_15_39_5_,65.20_65.10_65.00_64.90_64.80_,1_19_12_17_71_
09:52:53,65.30,2,842,65.30_65.40_65.50_65.60_65.70_,16_21_12_15_35_,65.20_65.10_65.00_64.90_64.80_,7_19_10_54_46_
09:52:58,65.30,2,842,65.30_65.40_65.50_65.60_65.70_,16_21_11_15_35_,65.20_65.10_65.00_64.90_64.80_,11_19_10_54_46_
09:53:04,65.30,2,842,65.30_65.40_65.50_65.60_65.70_,19_21_11_15_35_,65.20_65.10_65.00_64.90_64.80_,11_19_10_54_46_
09:53:09,65.30,5,847,65.30_65.40_65.50_65.60_65.70_,14_21_11_15_35_,65.20_65.10_65.00_64.90_64.80_,12_19_10_55_45_
09:53:50,65.30,1,861,65.40_65.50_65.60_65.70_65.80_,21_11_18_5_79_,65.30_65.20_65.10_65.00_64.90_,15_12_4_47_31_
09:54:41,65.40,4,874,65.40_65.50_65.60_65.70_65.80_,6_11_18_5_79_,65.30_65.20_65.10_65.00_64.90_,15_13_2_49_30_
09:54:51,65.40,4,874,65.40_65.50_65.60_65.70_65.80_,6_11_18_6_79_,65.30_65.20_65.10_65.00_64.90_,15_13_2_47_30_
09:54:56,65.40,3,877,65.40_65.50_65.60_65.70_65.80_,3_11_18_6_79_,65.30_65.20_65.10_65.00_64.90_,15_13_2_47_30_
09:56:18,65.50,1,894,65.50_65.60_65.70_65.80_65.90_,5_18_12_51_35_,65.40_65.30_65.20_65.10_65.00_,10_19_8_40_21_
09:57:09,65.40,2,910,65.50_65.60_65.70_65.80_65.90_,10_20_12_51_34_,65.40_65.30_65.20_65.10_65.00_,11_20_9_41_28_
09:57:30,65.40,2,917,65.50_65.60_65.70_65.80_65.90_,12_20_12_51_34_,65.40_65.30_65.20_65.10_65.00_,5_16_13_41_28_
09:57:35,65.40,1,918,65.50_65.60_65.70_65.80_65.90_,13_21_12_51_34_,65.40_65.30_65.20_65.10_65.00_,4_16_13_41_28_
09:57:40,65.40,3,921,65.50_65.60_65.70_65.80_65.90_,13_21_12_51_34_,65.40_65.30_65.20_65.10_65.00_,1_16_11_41_28_
10:02:32,65.10,5,959,65.20_65.30_65.40_65.50_65.60_,1_29_10_11_47_,65.10_65.00_64.90_64.80_64.70_,1_15_24_66_31_
10:02:37,65.10,5,959,65.20_65.30_65.40_65.50_65.60_,1_29_10_11_47_,65.10_65.00_64.90_64.80_64.70_,2_14_24_66_31_
10:02:37,65.10,5,959,65.20_65.30_65.40_65.50_65.60_,1_29_10_11_47_,65.10_65.00_64.90_64.80_64.70_,2_14_24_66_31_
10:03:03,65.10,5,959,65.20_65.30_65.40_65.50_65.60_,2_29_10_11_47_,65.10_65.00_64.90_64.80_64.70_,2_14_24_66_31_
10:05:21,65.10,2,968,65.20_65.30_65.50_65.60_65.70_,4_31_30_47_6_,65.10_65.00_64.90_64.80_64.70_,5_10_19_66_31_
10:05:52,65.10,2,968,65.20_65.30_65.50_65.60_65.70_,6_33_30_16_33_,65.10_65.00_64.90_64.80_64.70_,8_10_19_66_31_
10:06:12,65.10,2,968,65.20_65.30_65.50_65.60_65.70_,6_33_30_16_33_,65.10_65.00_64.90_64.80_64.70_,10_7_19_66_31_
10:06:12,65.10,2,968,65.20_65.30_65.50_65.60_65.70_,6_33_30_16_33_,65.10_65.00_64.90_64.80_64.70_,10_7_19_66_31_
10:06:12,65.10,2,968,65.20_65.30_65.50_65.60_65.70_,6_33_30_16_33_,65.10_65.00_64.90_64.80_64.70_,10_7_19_66_31_
10:06:12,65.10,2,968,65.20_65.30_65.50_65.60_65.70_,6_33_30_16_33_,65.10_65.00_64.90_64.80_64.70_,10_7_19_66_31_
10:06:33,65.10,2,968,65.20_65.30_65.50_65.60_65.70_,6_33_30_16_33_,65.10_65.00_64.90_64.80_64.70_,2_15_19_66_31_
10:06:43,65.10,2,970,65.20_65.30_65.40_65.50_65.60_,7_35_1_29_16_,65.00_64.90_64.80_64.70_64.60_,16_19_66_30_12_
10:06:48,65.10,2,970,65.20_65.30_65.40_65.50_65.60_,7_35_1_29_46_,65.00_64.90_64.80_64.70_64.60_,16_19_66_30_12_
10:07:34,65.00,1,971,65.20_65.30_65.40_65.50_65.60_,15_45_3_21_46_,65.00_64.90_64.80_64.70_64.60_,8_27_66_30_12_
10:09:07,65.00,2,990,65.20_65.30_65.40_65.50_65.60_,7_41_1_21_48_,65.00_64.90_64.80_64.70_64.60_,2_26_68_30_12_
10:09:58,65.20,2,998,65.20_65.30_65.40_65.50_65.60_,3_37_1_21_48_,65.00_64.90_64.80_64.70_64.60_,3_27_69_28_13_
10:10:29,65.20,2,998,65.20_65.30_65.40_65.50_65.60_,1_32_11_22_50_,65.00_64.90_64.80_64.70_64.60_,4_28_68_28_13_
10:11:04,65.20,1,1004,65.30_65.40_65.50_65.60_65.70_,41_1_26_20_33_,65.00_64.90_64.80_64.70_64.60_,5_29_70_28_13_
10:11:35,65.10,2,1007,65.20_65.30_65.40_65.50_65.60_,1_40_1_21_50_,65.00_64.90_64.80_64.70_64.60_,7_29_68_32_11_
10:12:11,65.10,2,1007,65.20_65.30_65.40_65.50_65.60_,1_40_1_21_50_,65.00_64.90_64.80_64.70_64.60_,22_30_64_30_14_
10:12:42,65.10,2,1007,65.20_65.30_65.40_65.50_65.60_,1_34_11_21_50_,65.00_64.90_64.80_64.70_64.60_,23_30_63_30_14_
10:14:03,65.00,1,1021,65.20_65.30_65.40_65.50_65.60_,5_28_9_21_50_,65.00_64.90_64.80_64.70_64.60_,20_28_64_32_13_
10:14:09,65.00,1,1021,65.20_65.30_65.40_65.50_65.60_,5_28_11_21_50_,65.00_64.90_64.80_64.70_64.60_,21_27_64_32_13_
10:15:25,65.00,1,1021,65.20_65.30_65.40_65.50_65.60_,7_27_11_22_48_,65.00_64.90_64.80_64.70_64.60_,21_28_64_32_13_
10:15:36,65.00,1,1021,65.20_65.30_65.40_65.50_65.60_,10_35_2_21_48_,65.00_64.90_64.80_64.70_64.60_,21_29_64_32_13_
10:17:23,65.10,1,1024,65.20_65.30_65.40_65.50_65.60_,12_28_2_28_48_,65.10_65.00_64.90_64.80_64.70_,10_28_25_66_33_
10:17:54,65.20,3,1037,65.30_65.40_65.50_65.60_65.70_,31_3_28_48_5_,65.20_65.10_65.00_64.90_64.80_,1_12_32_25_66_
10:17:59,65.20,3,1037,65.30_65.40_65.50_65.60_65.70_,33_3_27_26_34_,65.20_65.10_65.00_64.90_64.80_,1_12_32_61_43_
10:19:37,65.20,5,1045,65.30_65.40_65.50_65.60_65.70_,33_3_33_18_34_,65.20_65.10_65.00_64.90_64.80_,4_14_30_63_42_
10:20:13,65.20,1,1046,65.30_65.40_65.50_65.60_65.70_,33_3_33_18_34_,65.20_65.10_65.00_64.90_64.80_,4_6_38_63_42_
10:20:48,65.20,2,1050,65.30_65.40_65.50_65.60_65.70_,33_14_25_18_34_,65.20_65.10_65.00_64.90_64.80_,2_2_38_63_42_
10:20:48,65.20,2,1050,65.30_65.40_65.50_65.60_65.70_,33_14_25_18_34_,65.20_65.10_65.00_64.90_64.80_,2_2_38_63_42_
10:20:48,65.20,2,1050,65.30_65.40_65.50_65.60_65.70_,33_14_25_18_34_,65.20_65.10_65.00_64.90_64.80_,2_2_38_63_42_
10:20:48,65.20,2,1050,65.30_65.40_65.50_65.60_65.70_,33_14_25_18_34_,65.20_65.10_65.00_64.90_64.80_,2_2_38_63_42_
10:21:19,65.20,1,1051,65.30_65.40_65.50_65.60_65.70_,33_14_26_18_34_,65.20_65.10_65.00_64.90_64.80_,2_5_38_63_42_
10:21:24,65.20,1,1051,65.30_65.40_65.50_65.60_65.70_,33_14_26_18_34_,65.20_65.10_65.00_64.90_64.80_,2_5_40_63_42_
10:21:24,65.20,1,1051,65.30_65.40_65.50_65.60_65.70_,33_14_26_18_34_,65.20_65.10_65.00_64.90_64.80_,2_5_40_63_42_
10:21:24,65.20,1,1051,65.30_65.40_65.50_65.60_65.70_,33_14_26_18_34_,65.20_65.10_65.00_64.90_64.80_,2_5_40_63_42_
10:21:24,65.20,1,1051,65.30_65.40_65.50_65.60_65.70_,33_14_26_18_34_,65.20_65.10_65.00_64.90_64.80_,2_5_40_63_42_
10:21:45,65.20,2,1053,65.20_65.30_65.40_65.50_65.60_,8_33_14_26_18_,65.10_65.00_64.90_64.80_64.70_,5_40_63_42_20_
10:21:50,65.20,2,1053,65.20_65.30_65.40_65.50_65.60_,11_31_13_21_49_,65.10_65.00_64.90_64.80_64.70_,5_40_27_66_33_
10:21:55,65.20,2,1053,65.20_65.30_65.40_65.50_65.60_,13_31_13_21_49_,65.10_65.00_64.90_64.80_64.70_,5_40_27_66_33_
10:21:55,65.20,2,1053,65.20_65.30_65.40_65.50_65.60_,13_31_13_21_49_,65.10_65.00_64.90_64.80_64.70_,5_40_27_66_33_
10:22:10,65.20,2,1053,65.20_65.30_65.40_65.50_65.60_,13_31_13_21_49_,65.10_65.00_64.90_64.80_64.70_,6_33_33_66_33_
10:22:15,65.20,2,1053,65.20_65.30_65.40_65.50_65.60_,16_31_13_21_49_,65.10_65.00_64.90_64.80_64.70_,6_33_33_66_33_
10:22:21,65.20,2,1053,65.20_65.30_65.40_65.50_65.60_,17_31_13_21_49_,65.10_65.00_64.90_64.80_64.70_,6_33_33_66_33_
10:24:19,65.20,5,1058,65.20_65.30_65.40_65.50_65.60_,23_40_3_21_50_,65.10_65.00_64.90_64.80_64.70_,17_33_33_66_33_
10:24:49,65.20,1,1059,65.20_65.30_65.40_65.50_65.60_,26_40_3_21_50_,65.10_65.00_64.90_64.80_64.70_,20_33_33_66_33_
10:24:49,65.20,1,1059,65.20_65.30_65.40_65.50_65.60_,26_40_3_21_50_,65.10_65.00_64.90_64.80_64.70_,20_33_33_66_33_
10:24:54,65.20,2,1061,65.20_65.30_65.40_65.50_65.60_,25_40_3_21_50_,65.10_65.00_64.90_64.80_64.70_,20_33_33_66_33_
10:24:54,65.20,2,1061,65.20_65.30_65.40_65.50_65.60_,25_40_3_21_50_,65.10_65.00_64.90_64.80_64.70_,20_33_33_66_33_
10:25:10,65.20,2,1061,65.20_65.30_65.40_65.50_65.60_,25_40_3_21_50_,65.10_65.00_64.90_64.80_64.70_,21_37_32_66_33_
10:25:10,65.20,2,1061,65.20_65.30_65.40_65.50_65.60_,25_40_3_21_50_,65.10_65.00_64.90_64.80_64.70_,21_37_32_66_33_
10:25:10,65.20,2,1061,65.20_65.30_65.40_65.50_65.60_,25_40_3_21_50_,65.10_65.00_64.90_64.80_64.70_,21_37_32_66_33_
10:25:56,65.10,5,1070,65.20_65.30_65.40_65.50_65.60_,21_38_3_21_50_,65.10_65.00_64.90_64.80_64.70_,16_36_33_76_23_
10:25:56,65.10,5,1070,65.20_65.30_65.40_65.50_65.60_,21_38_3_21_50_,65.10_65.00_64.90_64.80_64.70_,16_36_33_76_23_
10:25:56,65.10,5,1070,65.20_65.30_65.40_65.50_65.60_,21_38_3_21_50_,65.10_65.00_64.90_64.80_64.70_,16_36_33_76_23_
10:25:56,65.10,5,1070,65.20_65.30_65.40_65.50_65.60_,21_38_3_21_50_,65.10_65.00_64.90_64.80_64.70_,16_36_33_76_23_
10:26:37,65.10,5,1070,65.20_65.30_65.40_65.50_65.60_,21_38_3_21_50_,65.10_65.00_64.90_64.80_64.70_,16_36_32_76_23_
10:26:58,65.10,5,1070,65.20_65.30_65.40_65.50_65.60_,21_38_3_23_50_,65.10_65.00_64.90_64.80_64.70_,17_36_32_76_23_
10:26:58,65.10,5,1070,65.20_65.30_65.40_65.50_65.60_,21_38_3_23_50_,65.10_65.00_64.90_64.80_64.70_,17_36_32_76_23_
10:27:54,65.10,5,1070,65.20_65.30_65.40_65.50_65.60_,26_38_3_23_50_,65.10_65.00_64.90_64.80_64.70_,23_37_34_76_23_
10:27:54,65.10,5,1070,65.20_65.30_65.40_65.50_65.60_,26_38_3_23_50_,65.10_65.00_64.90_64.80_64.70_,23_37_34_76_23_
10:28:15,65.10,1,1071,65.20_65.30_65.40_65.50_65.60_,26_38_3_23_50_,65.10_65.00_64.90_64.80_64.70_,25_36_34_76_23_
10:29:06,65.10,5,1076,65.20_65.30_65.40_65.50_65.60_,26_38_3_24_50_,65.10_65.00_64.90_64.80_64.70_,25_36_34_76_23_
10:29:42,65.20,1,1078,65.20_65.30_65.40_65.50_65.60_,24_38_3_24_50_,65.10_65.00_64.90_64.80_64.70_,25_36_34_66_33_
10:29:47,65.10,1,1079,65.20_65.30_65.40_65.50_65.60_,23_38_3_24_50_,65.10_65.00_64.90_64.80_64.70_,24_36_34_66_33_
10:29:52,65.20,1,1080,65.20_65.30_65.40_65.50_65.60_,24_38_3_24_50_,65.10_65.00_64.90_64.80_64.70_,24_36_34_76_23_
10:30:43,65.10,1,1093,65.20_65.30_65.40_65.50_65.60_,21_28_13_24_50_,65.10_65.00_64.90_64.80_64.70_,28_49_35_73_23_
10:31:34,65.20,1,1094,65.20_65.30_65.40_65.50_65.60_,22_28_13_25_51_,65.10_65.00_64.90_64.80_64.70_,29_51_36_64_34_
10:31:34,65.20,1,1094,65.20_65.30_65.40_65.50_65.60_,22_28_13_25_51_,65.10_65.00_64.90_64.80_64.70_,29_51_36_64_34_
10:32:41,65.20,1,1119,65.20_65.30_65.40_65.50_65.60_,7_28_13_25_51_,65.10_65.00_64.90_64.80_64.70_,26_50_36_64_34_
10:33:22,65.20,2,1127,65.30_65.40_65.50_65.60_65.70_,30_11_30_20_36_,65.20_65.10_65.00_64.90_64.80_,5_24_49_72_40_
10:35:09,65.30,3,1130,65.30_65.40_65.50_65.60_65.70_,26_13_30_20_36_,65.20_65.10_65.00_64.90_64.80_,22_21_41_66_37_
10:35:14,65.30,2,1132,65.30_65.40_65.50_65.60_65.70_,24_13_30_20_36_,65.20_65.10_65.00_64.90_64.80_,23_21_41_66_37_
10:35:14,65.30,2,1132,65.30_65.40_65.50_65.60_65.70_,24_13_30_20_36_,65.20_65.10_65.00_64.90_64.80_,23_21_41_66_37_
10:35:30,65.30,10,1144,65.30_65.40_65.50_65.60_65.70_,12_14_31_20_36_,65.20_65.10_65.00_64.90_64.80_,26_21_41_66_36_
10:35:40,65.30,10,1160,65.40_65.50_65.60_65.70_65.80_,14_31_20_36_53_,65.20_65.10_65.00_64.90_64.80_,25_16_41_66_36_
10:35:45,65.30,10,1160,65.40_65.50_65.60_65.70_65.80_,6_39_19_7_84_,65.20_65.10_65.00_64.90_64.80_,26_16_41_76_26_
10:35:50,65.30,10,1160,65.40_65.50_65.60_65.70_65.80_,5_39_19_7_84_,65.20_65.10_65.00_64.90_64.80_,26_15_41_77_26_
10:36:11,65.30,10,1160,65.40_65.50_65.60_65.70_65.80_,5_39_23_7_84_,65.30_65.20_65.10_65.00_64.90_,5_26_15_41_78_
10:36:26,65.40,1,1161,65.40_65.50_65.60_65.70_65.80_,4_41_23_7_82_,65.30_65.20_65.10_65.00_64.90_,8_24_22_70_42_
10:36:42,65.40,2,1164,65.50_65.60_65.70_65.80_65.90_,43_23_10_53_38_,65.30_65.20_65.10_65.00_64.90_,15_19_22_80_32_
10:37:59,65.50,2,1168,65.50_65.60_65.70_65.80_65.90_,46_21_9_53_36_,65.40_65.30_65.20_65.10_65.00_,18_5_12_56_83_
10:40:48,65.40,5,1206,65.50_65.60_65.70_65.80_65.90_,15_34_10_43_35_,65.40_65.30_65.20_65.10_65.00_,11_9_25_53_86_
10:40:48,65.40,5,1206,65.50_65.60_65.70_65.80_65.90_,15_34_10_43_35_,65.40_65.30_65.20_65.10_65.00_,11_9_25_53_86_
10:40:48,65.40,5,1206,65.50_65.60_65.70_65.80_65.90_,15_34_10_43_35_,65.40_65.30_65.20_65.10_65.00_,11_9_25_53_86_
10:41:29,65.40,1,1217,65.50_65.60_65.70_65.80_65.90_,15_31_10_43_35_,65.40_65.30_65.20_65.10_65.00_,3_9_16_63_86_
10:43:37,65.40,1,1225,65.50_65.60_65.70_65.80_65.90_,33_31_10_43_35_,65.40_65.30_65.20_65.10_65.00_,2_10_21_63_96_
10:46:05,65.40,1,1233,65.50_65.60_65.70_65.80_65.90_,34_30_11_43_36_,65.40_65.30_65.20_65.10_65.00_,4_12_21_64_106_
10:46:10,65.40,1,1233,65.50_65.60_65.70_65.80_65.90_,35_30_11_43_36_,65.40_65.30_65.20_65.10_65.00_,4_12_21_64_106_
10:46:10,65.40,1,1233,65.50_65.60_65.70_65.80_65.90_,35_30_11_43_36_,65.40_65.30_65.20_65.10_65.00_,4_12_21_64_106_
10:46:56,65.50,3,1236,65.50_65.60_65.70_65.80_65.90_,32_30_11_43_36_,65.40_65.30_65.20_65.10_65.00_,4_11_21_65_97_
10:47:12,65.50,3,1236,65.50_65.60_65.70_65.80_65.90_,32_30_11_43_36_,65.40_65.30_65.20_65.10_65.00_,5_14_21_65_97_
10:47:22,65.50,3,1236,65.50_65.60_65.70_65.80_65.90_,32_30_11_43_36_,65.40_65.30_65.20_65.10_65.00_,5_14_21_65_92_
10:48:08,65.40,3,1249,65.50_65.60_65.70_65.80_65.90_,47_20_12_57_36_,65.30_65.20_65.10_65.00_64.90_,14_20_27_126_60_
10:48:49,65.40,3,1249,65.50_65.60_65.70_65.80_65.90_,58_20_12_57_36_,65.40_65.30_65.20_65.10_65.00_,1_14_20_27_126_
10:49:41,65.40,2,1251,65.50_65.60_65.70_65.80_65.90_,57_18_12_57_36_,65.30_65.20_65.10_65.00_64.90_,14_25_26_126_59_
10:49:41,65.40,2,1251,65.50_65.60_65.70_65.80_65.90_,57_18_12_57_36_,65.30_65.20_65.10_65.00_64.90_,14_25_26_126_59_
10:49:41,65.40,2,1251,65.50_65.60_65.70_65.80_65.90_,57_18_12_57_36_,65.30_65.20_65.10_65.00_64.90_,14_25_26_126_59_
10:49:56,65.40,2,1251,65.50_65.60_65.70_65.80_65.90_,57_18_12_57_36_,65.40_65.30_65.20_65.10_65.00_,10_14_25_28_126_
10:50:01,65.40,3,1254,65.50_65.60_65.70_65.80_65.90_,57_18_11_43_52_,65.40_65.30_65.20_65.10_65.00_,7_14_25_64_92_
10:50:58,65.40,1,1278,65.50_65.60_65.70_65.80_65.90_,56_17_12_57_38_,65.30_65.20_65.10_65.00_64.90_,9_25_32_128_58_
10:51:13,65.40,1,1278,65.40_65.50_65.60_65.70_65.80_,1_48_17_10_86_,65.30_65.20_65.10_65.00_64.90_,10_24_30_116_73_
10:51:33,65.40,1,1282,65.40_65.50_65.60_65.70_65.80_,3_48_17_10_86_,65.30_65.20_65.10_65.00_64.90_,17_24_30_116_73_
10:55:39,65.50,1,1305,65.50_65.60_65.70_65.80_65.90_,41_28_10_43_54_,65.40_65.30_65.20_65.10_65.00_,11_16_27_68_95_
10:57:17,65.40,1,1309,65.50_65.60_65.70_65.80_65.90_,41_28_10_43_54_,65.40_65.30_65.20_65.10_65.00_,9_17_28_69_99_
10:57:32,65.50,3,1312,65.50_65.60_65.70_65.80_65.90_,37_28_10_43_54_,65.40_65.30_65.20_65.10_65.00_,9_17_28_69_99_
11:03:15,65.70,5,1409,65.70_65.80_65.90_66.00_66.10_,7_49_10_76_33_,65.60_65.50_65.40_65.30_65.20_,13_22_29_22_69_
11:04:32,65.60,5,1415,65.70_65.80_65.90_66.00_66.10_,23_46_10_63_49_,65.60_65.50_65.40_65.30_65.20_,10_21_30_56_36_
11:06:09,65.60,1,1430,65.70_65.80_65.90_66.00_66.10_,22_48_10_65_47_,65.60_65.50_65.40_65.30_65.20_,8_20_28_55_42_
11:08:33,65.60,1,1452,65.70_65.80_65.90_66.00_66.10_,30_36_12_80_35_,65.50_65.40_65.30_65.20_65.10_,13_20_31_70_16_
11:08:43,65.50,1,1453,65.70_65.80_65.90_66.00_66.10_,30_36_12_80_35_,65.50_65.40_65.30_65.20_65.10_,12_20_31_70_16_
11:10:00,65.50,1,1459,65.60_65.70_65.80_65.90_66.00_,5_30_42_10_111_,65.50_65.40_65.30_65.20_65.10_,7_21_32_25_64_
11:10:20,65.50,1,1459,65.60_65.70_65.80_65.90_66.00_,8_30_41_10_111_,65.50_65.40_65.30_65.20_65.10_,19_19_32_60_31_
11:12:13,65.50,1,1462,65.60_65.70_65.80_65.90_66.00_,9_30_41_10_111_,65.50_65.40_65.30_65.20_65.10_,22_18_32_55_31_
11:12:13,65.50,1,1462,65.60_65.70_65.80_65.90_66.00_,9_30_41_10_111_,65.50_65.40_65.30_65.20_65.10_,22_18_32_55_31_
11:12:13,65.50,1,1462,65.60_65.70_65.80_65.90_66.00_,9_30_41_10_111_,65.50_65.40_65.30_65.20_65.10_,22_18_32_55_31_
11:13:04,65.50,2,1464,65.60_65.70_65.80_65.90_66.00_,9_30_41_10_111_,65.50_65.40_65.30_65.20_65.10_,21_18_32_55_31_
11:13:35,65.60,3,1471,65.60_65.70_65.80_65.90_66.00_,9_31_41_10_109_,65.50_65.40_65.30_65.20_65.10_,20_18_32_20_64_
11:15:43,65.60,2,1481,65.60_65.70_65.80_65.90_66.00_,13_28_42_30_91_,65.50_65.40_65.30_65.20_65.10_,13_19_32_19_67_
11:15:58,65.60,2,1481,65.60_65.70_65.80_65.90_66.00_,16_28_42_30_91_,65.50_65.40_65.30_65.20_65.10_,14_19_32_19_67_
11:15:58,65.60,2,1481,65.60_65.70_65.80_65.90_66.00_,16_28_42_30_91_,65.50_65.40_65.30_65.20_65.10_,14_19_32_19_67_
11:16:24,65.60,2,1483,65.60_65.70_65.80_65.90_66.00_,15_30_42_30_91_,65.50_65.40_65.30_65.20_65.10_,14_19_32_19_67_
11:16:45,65.50,1,1484,65.60_65.70_65.80_65.90_66.00_,15_30_41_30_91_,65.50_65.40_65.30_65.20_65.10_,13_18_32_19_67_
11:16:55,65.50,1,1484,65.60_65.70_65.80_65.90_66.00_,15_30_41_16_105_,65.50_65.40_65.30_65.20_65.10_,14_18_33_43_34_
11:16:55,65.50,1,1484,65.60_65.70_65.80_65.90_66.00_,15_30_41_16_105_,65.50_65.40_65.30_65.20_65.10_,14_18_33_43_34_
11:20:45,65.50,1,1506,65.50_65.60_65.70_65.80_65.90_,7_24_21_33_62_,65.40_65.30_65.20_65.10_65.00_,12_24_27_52_140_
11:20:56,65.50,1,1506,65.50_65.60_65.70_65.80_65.90_,10_24_21_33_62_,65.40_65.30_65.20_65.10_65.00_,12_24_29_52_138_
11:21:01,65.50,1,1506,65.50_65.60_65.70_65.80_65.90_,11_24_21_33_62_,65.40_65.30_65.20_65.10_65.00_,12_24_29_52_138_
11:22:12,65.40,1,1507,65.50_65.60_65.70_65.80_65.90_,11_24_21_33_62_,65.40_65.30_65.20_65.10_65.00_,12_25_29_52_138_
11:24:15,65.40,5,1520,65.40_65.50_65.60_65.70_65.80_,6_23_28_16_76_,65.30_65.20_65.10_65.00_64.90_,24_19_30_154_26_
11:24:20,65.40,5,1520,65.40_65.50_65.60_65.70_65.80_,6_23_28_16_76_,65.30_65.20_65.10_65.00_64.90_,24_19_30_154_25_
11:24:26,65.40,5,1520,65.40_65.50_65.60_65.70_65.80_,7_23_28_16_76_,65.30_65.20_65.10_65.00_64.90_,24_19_30_154_25_
11:26:08,65.30,1,1540,65.40_65.50_65.60_65.70_65.80_,22_23_26_17_73_,65.30_65.20_65.10_65.00_64.90_,4_19_21_179_11_
11:26:34,65.30,1,1541,65.40_65.50_65.60_65.70_65.80_,21_23_26_17_73_,65.30_65.20_65.10_65.00_64.90_,2_20_21_179_11_
11:26:34,65.30,1,1541,65.40_65.50_65.60_65.70_65.80_,21_23_26_17_73_,65.30_65.20_65.10_65.00_64.90_,2_20_21_179_11_
11:27:04,65.30,1,1541,65.40_65.50_65.60_65.70_65.80_,22_23_26_17_73_,65.30_65.20_65.10_65.00_64.90_,3_20_21_179_11_
11:27:10,65.30,1,1542,65.40_65.50_65.60_65.70_65.80_,16_23_26_17_73_,65.30_65.20_65.10_65.00_64.90_,3_20_21_179_11_
11:28:31,65.30,2,1549,65.40_65.50_65.60_65.70_65.80_,10_24_29_17_73_,65.30_65.20_65.10_65.00_64.90_,1_21_29_167_11_
11:28:31,65.30,2,1549,65.40_65.50_65.60_65.70_65.80_,10_24_29_17_73_,65.30_65.20_65.10_65.00_64.90_,1_21_29_167_11_
11:28:52,65.40,2,1551,65.40_65.50_65.60_65.70_65.80_,8_24_29_17_73_,65.30_65.20_65.10_65.00_64.90_,1_21_29_167_11_
11:28:52,65.40,2,1551,65.40_65.50_65.60_65.70_65.80_,8_24_29_17_73_,65.30_65.20_65.10_65.00_64.90_,1_21_29_167_11_
11:28:57,65.40,2,1551,65.40_65.50_65.60_65.70_65.80_,7_24_29_17_73_,65.30_65.20_65.10_65.00_64.90_,1_21_29_153_25_
11:29:07,65.40,2,1551,65.40_65.50_65.60_65.70_65.80_,7_24_29_17_73_,65.30_65.20_65.10_65.00_64.90_,3_21_29_153_25_
11:29:12,65.40,2,1551,65.40_65.50_65.60_65.70_65.80_,7_24_29_21_73_,65.30_65.20_65.10_65.00_64.90_,4_22_29_153_25_
11:30:29,65.40,1,1552,65.40_65.50_65.60_65.70_65.80_,10_24_29_21_73_,65.30_65.20_65.10_65.00_64.90_,4_22_30_153_25_
11:30:55,65.30,1,1553,65.40_65.50_65.60_65.70_65.80_,11_24_29_22_73_,65.30_65.20_65.10_65.00_64.90_,2_22_30_167_11_
11:31:15,65.30,1,1556,65.30_65.40_65.50_65.60_65.70_,4_12_24_29_36_,65.20_65.10_65.00_64.90_64.80_,21_30_124_51_20_
11:33:44,65.20,1,1567,65.30_65.40_65.50_65.60_65.70_,11_8_22_27_65_,65.20_65.10_65.00_64.90_64.80_,11_24_133_53_18_
11:33:54,65.20,1,1567,65.30_65.40_65.50_65.60_65.70_,11_8_22_27_65_,65.20_65.10_65.00_64.90_64.80_,11_25_132_53_18_
11:33:54,65.20,1,1567,65.30_65.40_65.50_65.60_65.70_,11_8_22_27_65_,65.20_65.10_65.00_64.90_64.80_,11_25_132_53_18_
11:35:37,65.20,1,1570,65.30_65.40_65.50_65.60_65.70_,13_17_10_28_65_,65.20_65.10_65.00_64.90_64.80_,14_24_64_54_18_
11:35:47,65.20,13,1588,65.30_65.40_65.50_65.60_65.70_,7_17_10_28_65_,65.10_65.00_64.90_64.80_64.70_,24_65_54_18_18_
11:35:57,65.30,2,1595,65.30_65.40_65.50_65.60_65.70_,5_18_10_42_53_,65.10_65.00_64.90_64.80_64.70_,18_65_11_60_20_
11:36:59,65.10,1,1597,65.30_65.40_65.50_65.60_65.70_,5_17_11_42_51_,65.10_65.00_64.90_64.80_64.70_,17_66_41_31_20_
11:37:45,65.20,2,1599,65.30_65.40_65.50_65.60_65.70_,5_17_11_28_65_,65.10_65.00_64.90_64.80_64.70_,17_66_54_19_18_
11:38:36,65.20,2,1599,65.30_65.40_65.50_65.60_65.70_,6_17_11_28_67_,65.20_65.10_65.00_64.90_64.80_,2_17_67_51_20_
11:39:07,65.20,2,1599,65.30_65.40_65.50_65.60_65.70_,13_17_11_28_67_,65.20_65.10_65.00_64.90_64.80_,3_23_72_53_18_
11:39:27,65.20,2,1599,65.30_65.40_65.50_65.60_65.70_,13_17_11_28_67_,65.20_65.10_65.00_64.90_64.80_,3_26_72_53_18_
11:39:27,65.20,2,1599,65.30_65.40_65.50_65.60_65.70_,13_17_11_28_67_,65.20_65.10_65.00_64.90_64.80_,3_26_72_53_18_
11:39:38,65.20,2,1599,65.30_65.40_65.50_65.60_65.70_,13_17_11_28_67_,65.20_65.10_65.00_64.90_64.80_,4_26_72_53_18_
11:39:48,65.20,4,1603,65.20_65.30_65.40_65.50_65.60_,26_13_17_11_28_,65.10_65.00_64.90_64.80_64.70_,26_72_53_18_18_
11:41:05,65.00,11,1691,65.00_65.10_65.20_65.30_65.40_,12_17_40_5_46_,64.90_64.80_64.70_64.60_64.50_,10_17_29_55_45_
11:41:51,64.90,8,1699,64.90_65.00_65.10_65.20_65.30_,7_7_17_33_50_,64.80_64.70_64.60_64.50_64.40_,16_21_18_87_20_
11:41:56,64.90,1,1700,64.90_65.00_65.10_65.20_65.30_,6_15_9_33_50_,64.80_64.70_64.60_64.50_64.40_,15_19_19_88_20_
11:42:17,64.90,1,1700,64.90_65.00_65.10_65.20_65.30_,7_14_9_33_50_,64.80_64.70_64.60_64.50_64.40_,17_23_20_88_20_
11:42:17,64.90,1,1700,64.90_65.00_65.10_65.20_65.30_,7_14_9_33_50_,64.80_64.70_64.60_64.50_64.40_,17_23_20_88_20_
11:43:38,64.80,2,1714,64.90_65.00_65.10_65.20_65.30_,5_20_10_33_50_,64.80_64.70_64.60_64.50_64.40_,12_20_26_88_20_
11:44:55,64.90,1,1724,64.90_65.00_65.10_65.20_65.30_,8_20_10_31_50_,64.80_64.70_64.60_64.50_64.40_,4_21_29_88_20_
11:45:00,64.90,1,1725,64.90_65.00_65.10_65.20_65.30_,7_20_10_31_50_,64.80_64.70_64.60_64.50_64.40_,4_21_29_88_20_
11:45:00,64.90,1,1725,64.90_65.00_65.10_65.20_65.30_,7_20_10_31_50_,64.80_64.70_64.60_64.50_64.40_,4_21_29_88_20_
11:45:16,64.90,1,1727,64.90_65.00_65.10_65.20_65.30_,5_20_10_31_50_,64.80_64.70_64.60_64.50_64.40_,5_21_29_90_20_
11:45:21,64.90,1,1728,64.90_65.00_65.10_65.20_65.30_,6_22_10_28_50_,64.80_64.70_64.60_64.50_64.40_,5_21_29_90_20_
11:45:26,64.90,1,1728,64.90_65.00_65.10_65.20_65.30_,6_22_10_28_50_,64.80_64.70_64.60_64.50_64.40_,5_21_32_90_20_
11:45:52,64.90,1,1729,64.90_65.00_65.10_65.20_65.30_,5_22_10_28_50_,64.80_64.70_64.60_64.50_64.40_,9_22_32_90_20_
11:46:48,64.90,2,1735,65.00_65.10_65.20_65.30_65.40_,26_10_34_19_32_,64.80_64.70_64.60_64.50_64.40_,14_22_70_45_20_
11:47:24,64.90,1,1737,65.00_65.10_65.20_65.30_65.40_,30_10_32_5_46_,64.80_64.70_64.60_64.50_64.40_,15_22_70_47_18_
11:47:50,64.90,2,1739,65.00_65.10_65.20_65.30_65.40_,22_18_31_5_46_,64.90_64.80_64.70_64.60_64.50_,2_15_21_70_47_
11:47:55,64.90,2,1741,65.00_65.10_65.20_65.30_65.40_,20_18_30_5_46_,64.80_64.70_64.60_64.50_64.40_,15_21_70_47_18_
11:48:00,64.90,2,1741,65.00_65.10_65.20_65.30_65.40_,20_17_31_19_32_,64.80_64.70_64.60_64.50_64.40_,17_20_70_45_20_
11:48:00,64.90,2,1741,65.00_65.10_65.20_65.30_65.40_,20_17_31_19_32_,64.80_64.70_64.60_64.50_64.40_,17_20_70_45_20_
11:48:21,64.90,2,1741,65.00_65.10_65.20_65.30_65.40_,20_17_31_19_32_,64.80_64.70_64.60_64.50_64.40_,18_20_70_45_20_
11:48:21,64.90,2,1741,65.00_65.10_65.20_65.30_65.40_,20_17_31_19_32_,64.80_64.70_64.60_64.50_64.40_,18_20_70_45_20_
11:48:21,64.90,2,1741,65.00_65.10_65.20_65.30_65.40_,20_17_31_19_32_,64.80_64.70_64.60_64.50_64.40_,18_20_70_45_20_
11:48:51,64.90,2,1741,65.00_65.10_65.20_65.30_65.40_,20_20_33_19_33_,64.80_64.70_64.60_64.50_64.40_,18_20_70_45_20_
11:49:17,64.90,2,1741,65.00_65.10_65.20_65.30_65.40_,20_20_33_19_33_,64.80_64.70_64.60_64.50_64.40_,20_20_70_45_20_
11:50:13,64.80,5,1746,65.00_65.10_65.20_65.30_65.40_,16_19_31_19_33_,64.80_64.70_64.60_64.50_64.40_,16_19_70_45_20_
11:51:00,64.90,1,1747,65.00_65.10_65.20_65.30_65.40_,15_20_31_6_46_,64.90_64.80_64.70_64.60_64.50_,1_16_19_69_49_
11:52:01,64.90,1,1748,65.00_65.10_65.20_65.30_65.40_,15_20_31_6_46_,64.90_64.80_64.70_64.60_64.50_,1_18_19_69_49_
11:52:42,64.90,1,1748,65.00_65.10_65.20_65.30_65.40_,15_20_31_5_46_,64.90_64.80_64.70_64.60_64.50_,2_18_27_61_49_
11:52:42,64.90,1,1748,65.00_65.10_65.20_65.30_65.40_,15_20_31_5_46_,64.90_64.80_64.70_64.60_64.50_,2_18_27_61_49_
11:52:42,64.90,1,1748,65.00_65.10_65.20_65.30_65.40_,15_20_31_5_46_,64.90_64.80_64.70_64.60_64.50_,2_18_27_61_49_
11:53:43,64.90,5,1755,65.00_65.10_65.20_65.30_65.40_,14_20_32_19_32_,64.80_64.70_64.60_64.50_64.40_,18_27_61_47_21_
11:53:43,64.90,5,1755,65.00_65.10_65.20_65.30_65.40_,14_20_32_19_32_,64.80_64.70_64.60_64.50_64.40_,18_27_61_47_21_
11:53:43,64.90,5,1755,65.00_65.10_65.20_65.30_65.40_,14_20_32_19_32_,64.80_64.70_64.60_64.50_64.40_,18_27_61_47_21_
11:54:04,65.00,1,1756,65.00_65.10_65.20_65.30_65.40_,13_20_32_19_32_,64.80_64.70_64.60_64.50_64.40_,19_27_51_57_21_
11:54:04,65.00,1,1756,65.00_65.10_65.20_65.30_65.40_,13_20_32_19_32_,64.80_64.70_64.60_64.50_64.40_,19_27_51_57_21_
11:54:09,65.00,1,1756,65.00_65.10_65.20_65.30_65.40_,13_20_32_19_32_,64.80_64.70_64.60_64.50_64.40_,18_27_51_57_21_
11:54:19,65.00,1,1756,65.00_65.10_65.20_65.30_65.40_,13_20_32_19_32_,64.90_64.80_64.70_64.60_64.50_,2_18_27_51_57_
11:54:40,64.90,1,1757,65.00_65.10_65.20_65.30_65.40_,13_20_31_5_46_,64.90_64.80_64.70_64.60_64.50_,4_18_27_61_49_
11:54:40,64.90,1,1757,65.00_65.10_65.20_65.30_65.40_,13_20_31_5_46_,64.90_64.80_64.70_64.60_64.50_,4_18_27_61_49_
11:54:40,64.90,1,1757,65.00_65.10_65.20_65.30_65.40_,13_20_31_5_46_,64.90_64.80_64.70_64.60_64.50_,4_18_27_61_49_
11:55:00,64.90,1,1757,65.00_65.10_65.20_65.30_65.40_,13_20_31_5_46_,64.90_64.80_64.70_64.60_64.50_,6_17_27_61_49_
11:55:00,64.90,1,1757,65.00_65.10_65.20_65.30_65.40_,13_20_31_5_46_,64.90_64.80_64.70_64.60_64.50_,6_17_27_61_49_
11:57:19,65.00,1,1765,65.00_65.10_65.20_65.30_65.40_,13_21_32_19_32_,64.80_64.70_64.60_64.50_64.40_,22_27_61_53_22_
11:57:19,65.00,1,1765,65.00_65.10_65.20_65.30_65.40_,13_21_32_19_32_,64.80_64.70_64.60_64.50_64.40_,22_27_61_53_22_
11:57:34,64.80,1,1766,65.00_65.10_65.20_65.30_65.40_,13_21_32_19_32_,64.80_64.70_64.60_64.50_64.40_,20_27_61_53_22_
11:57:44,64.80,1,1766,65.00_65.10_65.20_65.30_65.40_,13_21_32_19_32_,64.80_64.70_64.60_64.50_64.40_,20_27_62_53_22_
11:57:49,64.80,1,1766,65.00_65.10_65.20_65.30_65.40_,13_21_32_19_32_,64.80_64.70_64.60_64.50_64.40_,21_27_62_53_22_
11:58:20,64.90,1,1767,65.00_65.10_65.20_65.30_65.40_,13_21_31_5_46_,64.90_64.80_64.70_64.60_64.50_,3_18_27_63_53_
11:58:20,64.90,1,1767,65.00_65.10_65.20_65.30_65.40_,13_21_31_5_46_,64.90_64.80_64.70_64.60_64.50_,3_18_27_63_53_
11:58:41,64.90,1,1768,65.00_65.10_65.20_65.30_65.40_,13_21_31_5_47_,64.90_64.80_64.70_64.60_64.50_,2_20_27_62_53_
11:58:41,64.90,1,1768,65.00_65.10_65.20_65.30_65.40_,13_21_31_5_47_,64.90_64.80_64.70_64.60_64.50_,2_20_27_62_53_
11:59:06,64.90,1,1768,65.00_65.10_65.20_65.30_65.40_,13_21_31_5_47_,64.90_64.80_64.70_64.60_64.50_,3_20_27_62_53_
11:59:06,64.90,1,1768,65.00_65.10_65.20_65.30_65.40_,13_21_31_5_47_,64.90_64.80_64.70_64.60_64.50_,3_20_27_62_53_
11:59:06,64.90,1,1768,65.00_65.10_65.20_65.30_65.40_,13_21_31_5_47_,64.90_64.80_64.70_64.60_64.50_,3_20_27_62_53_
11:59:22,64.90,1,1768,65.00_65.10_65.20_65.30_65.40_,13_21_31_5_47_,64.90_64.80_64.70_64.60_64.50_,5_20_27_62_53_
12:00:29,64.80,1,1777,65.00_65.10_65.20_65.30_65.40_,12_21_32_19_33_,64.80_64.70_64.60_64.50_64.40_,18_27_64_52_24_
12:00:34,64.80,1,1777,65.00_65.10_65.20_65.30_65.40_,12_21_32_19_33_,64.80_64.70_64.60_64.50_64.40_,17_27_68_52_24_
12:02:11,64.90,1,1778,65.00_65.10_65.20_65.30_65.40_,12_21_31_5_47_,64.90_64.80_64.70_64.60_64.50_,3_18_32_58_53_
12:02:52,65.00,10,1793,65.00_65.10_65.20_65.30_65.40_,1_13_39_5_47_,64.90_64.80_64.70_64.60_64.50_,5_38_35_57_53_
12:04:35,65.00,1,1794,65.10_65.20_65.30_65.40_65.50_,12_43_5_4_57_,65.00_64.90_64.80_64.70_64.60_,11_21_45_71_19_
12:04:35,65.00,1,1794,65.10_65.20_65.30_65.40_65.50_,12_43_5_4_57_,65.00_64.90_64.80_64.70_64.60_,11_21_45_71_19_
12:04:45,65.00,1,1794,65.10_65.20_65.30_65.40_65.50_,12_43_5_4_57_,65.00_64.90_64.80_64.70_64.60_,12_21_45_71_19_
12:04:50,65.00,1,1794,65.10_65.20_65.30_65.40_65.50_,14_43_5_4_57_,65.00_64.90_64.80_64.70_64.60_,12_21_45_71_19_
12:04:55,65.00,1,1794,65.10_65.20_65.30_65.40_65.50_,15_43_6_4_57_,65.00_64.90_64.80_64.70_64.60_,12_23_45_71_19_
12:06:32,65.10,2,1801,65.10_65.20_65.30_65.40_65.50_,6_45_5_4_62_,65.00_64.90_64.80_64.70_64.60_,21_16_50_71_55_
12:06:32,65.10,2,1801,65.10_65.20_65.30_65.40_65.50_,6_45_5_4_62_,65.00_64.90_64.80_64.70_64.60_,21_16_50_71_55_
12:07:03,65.10,1,1805,65.10_65.20_65.30_65.40_65.50_,3_33_13_4_62_,65.00_64.90_64.80_64.70_64.60_,21_16_50_71_55_
12:07:29,65.10,1,1809,65.20_65.30_65.40_65.50_65.60_,36_13_4_17_68_,65.10_65.00_64.90_64.80_64.70_,2_26_24_90_25_
12:09:42,65.20,1,1830,65.20_65.30_65.40_65.50_65.60_,42_15_3_30_53_,65.00_64.90_64.80_64.70_64.60_,30_19_53_57_55_
12:10:03,65.20,1,1830,65.20_65.30_65.40_65.50_65.60_,42_15_3_30_53_,65.00_64.90_64.80_64.70_64.60_,31_21_42_68_55_
12:10:39,65.20,1,1830,65.20_65.30_65.40_65.50_65.60_,43_41_5_30_53_,65.00_64.90_64.80_64.70_64.60_,32_13_48_68_56_
12:10:59,65.20,1,1830,65.20_65.30_65.40_65.50_65.60_,44_40_5_30_53_,65.00_64.90_64.80_64.70_64.60_,32_13_47_68_57_
12:10:59,65.20,1,1830,65.20_65.30_65.40_65.50_65.60_,44_40_5_30_53_,65.00_64.90_64.80_64.70_64.60_,32_13_47_68_57_
12:11:40,65.20,1,1830,65.20_65.30_65.40_65.50_65.60_,44_40_5_30_53_,65.10_65.00_64.90_64.80_64.70_,2_32_13_48_68_
12:11:40,65.20,1,1830,65.20_65.30_65.40_65.50_65.60_,44_40_5_30_53_,65.10_65.00_64.90_64.80_64.70_,2_32_13_48_68_
12:11:45,65.10,2,1832,65.20_65.30_65.40_65.50_65.60_,44_40_5_16_65_,65.10_65.00_64.90_64.80_64.70_,1_32_13_94_24_
12:11:56,65.10,2,1832,65.20_65.30_65.40_65.50_65.60_,44_40_5_16_65_,65.10_65.00_64.90_64.80_64.70_,1_32_14_94_24_
12:12:06,65.10,2,1832,65.20_65.30_65.40_65.50_65.60_,45_40_5_16_65_,65.10_65.00_64.90_64.80_64.70_,5_30_22_86_24_
12:12:37,65.10,2,1832,65.20_65.30_65.40_65.50_65.60_,44_40_5_16_65_,65.10_65.00_64.90_64.80_64.70_,7_31_23_85_24_
12:14:14,65.00,1,1840,65.20_65.30_65.40_65.50_65.60_,42_40_9_31_53_,65.00_64.90_64.80_64.70_64.60_,31_12_58_57_57_
12:14:19,65.00,1,1840,65.20_65.30_65.40_65.50_65.60_,42_40_8_31_53_,65.00_64.90_64.80_64.70_64.60_,31_12_58_57_57_
12:14:24,65.00,1,1840,65.20_65.30_65.40_65.50_65.60_,42_40_8_31_53_,65.00_64.90_64.80_64.70_64.60_,32_12_58_57_57_
12:14:29,65.00,1,1840,65.20_65.30_65.40_65.50_65.60_,42_40_8_31_51_,65.00_64.90_64.80_64.70_64.60_,32_12_93_22_57_
12:14:29,65.00,1,1840,65.20_65.30_65.40_65.50_65.60_,42_40_8_31_51_,65.00_64.90_64.80_64.70_64.60_,32_12_93_22_57_
12:14:40,65.00,1,1840,65.20_65.30_65.40_65.50_65.60_,44_40_4_30_51_,65.00_64.90_64.80_64.70_64.60_,32_12_93_22_57_
12:15:05,65.00,1,1840,65.20_65.30_65.40_65.50_65.60_,52_30_3_30_51_,65.00_64.90_64.80_64.70_64.60_,32_12_93_22_57_
12:15:15,65.00,1,1840,65.20_65.30_65.40_65.50_65.60_,52_30_3_30_51_,65.00_64.90_64.80_64.70_64.60_,30_13_91_23_57_
12:19:52,65.00,2,1849,65.10_65.20_65.30_65.40_65.50_,10_45_32_53_61_,65.00_64.90_64.80_64.70_64.60_,24_18_44_67_55_
12:20:44,65.10,1,1850,65.10_65.20_65.30_65.40_65.50_,10_46_32_53_61_,65.00_64.90_64.80_64.70_64.60_,23_18_44_67_55_
12:22:11,65.00,1,1854,65.10_65.20_65.30_65.40_65.50_,13_47_32_53_61_,65.00_64.90_64.80_64.70_64.60_,21_17_43_67_55_
12:23:07,65.10,1,1855,65.10_65.20_65.30_65.40_65.50_,12_47_32_53_61_,65.00_64.90_64.80_64.70_64.60_,22_17_43_67_55_
12:23:17,65.10,1,1855,65.10_65.20_65.30_65.40_65.50_,13_47_32_53_61_,65.00_64.90_64.80_64.70_64.60_,22_17_43_67_55_
12:23:17,65.10,1,1855,65.10_65.20_65.30_65.40_65.50_,13_47_32_53_61_,65.00_64.90_64.80_64.70_64.60_,22_17_43_67_55_
12:23:33,65.10,1,1855,65.10_65.20_65.30_65.40_65.50_,13_47_32_53_61_,65.00_64.90_64.80_64.70_64.60_,23_17_43_67_55_
12:23:38,65.10,1,1856,65.10_65.20_65.30_65.40_65.50_,12_47_32_53_61_,65.00_64.90_64.80_64.70_64.60_,22_17_43_67_55_
12:24:14,65.00,1,1859,65.10_65.20_65.30_65.40_65.50_,11_47_34_53_61_,65.00_64.90_64.80_64.70_64.60_,20_17_43_67_55_
12:24:14,65.00,1,1859,65.10_65.20_65.30_65.40_65.50_,11_47_34_53_61_,65.00_64.90_64.80_64.70_64.60_,20_17_43_67_55_
12:24:14,65.00,1,1859,65.10_65.20_65.30_65.40_65.50_,11_47_34_53_61_,65.00_64.90_64.80_64.70_64.60_,20_17_43_67_55_
12:24:14,65.00,1,1859,65.10_65.20_65.30_65.40_65.50_,11_47_34_53_61_,65.00_64.90_64.80_64.70_64.60_,20_17_43_67_55_
12:26:01,65.10,1,1870,65.10_65.20_65.30_65.40_65.50_,12_45_31_53_61_,65.00_64.90_64.80_64.70_64.60_,10_16_43_67_55_
12:26:01,65.10,1,1870,65.10_65.20_65.30_65.40_65.50_,12_45_31_53_61_,65.00_64.90_64.80_64.70_64.60_,10_16_43_67_55_
12:26:01,65.10,1,1870,65.10_65.20_65.30_65.40_65.50_,12_45_31_53_61_,65.00_64.90_64.80_64.70_64.60_,10_16_43_67_55_
12:26:01,65.10,1,1870,65.10_65.20_65.30_65.40_65.50_,12_45_31_53_61_,65.00_64.90_64.80_64.70_64.60_,10_16_43_67_55_
12:26:01,65.10,1,1870,65.10_65.20_65.30_65.40_65.50_,12_45_31_53_61_,65.00_64.90_64.80_64.70_64.60_,10_16_43_67_55_
12:26:01,65.10,1,1870,65.10_65.20_65.30_65.40_65.50_,12_45_31_53_61_,65.00_64.90_64.80_64.70_64.60_,10_16_43_67_55_
12:27:49,65.00,2,1874,65.10_65.20_65.30_65.40_65.50_,11_42_31_53_61_,65.00_64.90_64.80_64.70_64.60_,11_16_43_68_55_
12:27:49,65.00,2,1874,65.10_65.20_65.30_65.40_65.50_,11_42_31_53_61_,65.00_64.90_64.80_64.70_64.60_,11_16_43_68_55_
12:28:35,65.00,2,1874,65.10_65.20_65.30_65.40_65.50_,11_42_31_53_61_,65.00_64.90_64.80_64.70_64.60_,10_16_43_68_55_
12:29:06,65.00,2,1874,65.10_65.20_65.30_65.40_65.50_,11_42_31_53_61_,65.00_64.90_64.80_64.70_64.60_,9_16_43_68_55_
12:29:32,65.10,1,1875,65.10_65.20_65.30_65.40_65.50_,10_45_31_53_61_,65.00_64.90_64.80_64.70_64.60_,10_16_23_68_55_
12:30:02,65.10,1,1876,65.10_65.20_65.30_65.40_65.50_,13_46_31_53_61_,65.00_64.90_64.80_64.70_64.60_,13_15_23_68_60_
12:30:28,65.00,1,1890,65.10_65.20_65.30_65.40_65.50_,12_50_32_53_61_,65.00_64.90_64.80_64.70_64.60_,1_16_23_68_60_
12:30:28,65.00,1,1890,65.10_65.20_65.30_65.40_65.50_,12_50_32_53_61_,65.00_64.90_64.80_64.70_64.60_,1_16_23_68_60_
12:30:38,65.00,1,1890,65.10_65.20_65.30_65.40_65.50_,12_50_32_53_61_,65.00_64.90_64.80_64.70_64.60_,3_16_23_68_60_
12:31:14,65.00,1,1891,65.10_65.20_65.30_65.40_65.50_,12_50_32_53_61_,65.00_64.90_64.80_64.70_64.60_,3_19_24_68_60_
12:32:00,64.90,4,1898,65.00_65.10_65.20_65.30_65.40_,11_5_50_25_98_,64.90_64.80_64.70_64.60_64.50_,16_17_32_108_93_
12:32:05,64.90,6,1904,65.00_65.10_65.20_65.30_65.40_,11_5_50_25_98_,64.90_64.80_64.70_64.60_64.50_,12_16_32_108_93_
12:32:10,64.90,6,1904,65.00_65.10_65.20_65.30_65.40_,10_6_50_25_98_,64.90_64.80_64.70_64.60_64.50_,23_16_32_108_93_
12:32:46,64.90,5,1911,65.00_65.10_65.20_65.30_65.40_,16_5_47_25_98_,64.90_64.80_64.70_64.60_64.50_,19_16_32_108_113_
12:32:46,64.90,5,1911,65.00_65.10_65.20_65.30_65.40_,16_5_47_25_98_,64.90_64.80_64.70_64.60_64.50_,19_16_32_108_113_
12:32:46,64.90,5,1911,65.00_65.10_65.20_65.30_65.40_,16_5_47_25_98_,64.90_64.80_64.70_64.60_64.50_,19_16_32_108_113_
12:33:02,64.90,5,1911,65.00_65.10_65.20_65.30_65.40_,16_5_47_25_98_,64.90_64.80_64.70_64.60_64.50_,19_16_34_108_113_
12:33:43,65.00,1,1914,65.00_65.10_65.20_65.30_65.40_,15_5_47_25_98_,64.90_64.80_64.70_64.60_64.50_,20_15_33_103_98_
12:35:51,64.90,5,1926,65.00_65.10_65.20_65.30_65.40_,14_16_36_25_98_,64.90_64.80_64.70_64.60_64.50_,12_15_34_103_98_
12:35:56,64.90,5,1926,65.00_65.10_65.20_65.30_65.40_,14_16_36_25_98_,64.90_64.80_64.70_64.60_64.50_,10_15_34_103_98_
12:36:16,64.90,1,1927,65.00_65.10_65.20_65.30_65.40_,14_16_36_25_98_,64.90_64.80_64.70_64.60_64.50_,10_15_37_103_98_
12:36:32,65.00,1,1933,65.00_65.10_65.20_65.30_65.40_,7_16_36_25_98_,64.90_64.80_64.70_64.60_64.50_,9_15_37_103_98_
12:36:37,64.90,2,1935,65.00_65.10_65.20_65.30_65.40_,8_16_36_25_98_,64.90_64.80_64.70_64.60_64.50_,8_15_37_103_98_
12:36:52,64.90,2,1935,65.00_65.10_65.20_65.30_65.40_,8_16_36_25_98_,64.90_64.80_64.70_64.60_64.50_,10_14_37_103_98_
12:38:55,65.00,2,1947,65.10_65.20_65.30_65.40_65.50_,7_43_31_67_47_,64.90_64.80_64.70_64.60_64.50_,19_18_89_54_99_
12:38:55,65.00,2,1947,65.10_65.20_65.30_65.40_65.50_,7_43_31_67_47_,64.90_64.80_64.70_64.60_64.50_,19_18_89_54_99_
12:41:29,65.10,2,1950,65.10_65.20_65.30_65.40_65.50_,6_45_32_67_47_,65.00_64.90_64.80_64.70_64.60_,20_36_21_81_56_
12:42:15,65.00,1,1959,65.20_65.30_65.40_65.50_65.60_,61_31_64_30_50_,65.00_64.90_64.80_64.70_64.60_,20_36_37_64_56_
12:42:15,65.00,1,1959,65.20_65.30_65.40_65.50_65.60_,61_31_64_30_50_,65.00_64.90_64.80_64.70_64.60_,20_36_37_64_56_
12:42:20,65.00,1,1959,65.20_65.30_65.40_65.50_65.60_,61_31_64_30_52_,65.00_64.90_64.80_64.70_64.60_,20_36_72_30_56_
12:42:25,65.00,1,1959,65.20_65.30_65.40_65.50_65.60_,61_31_64_30_52_,65.00_64.90_64.80_64.70_64.60_,20_35_72_31_56_
12:42:30,65.00,1,1959,65.20_65.30_65.40_65.50_65.60_,61_31_64_30_52_,65.00_64.90_64.80_64.70_64.60_,20_33_72_33_56_
12:43:22,65.00,1,1959,65.20_65.30_65.40_65.50_65.60_,61_31_65_30_52_,65.00_64.90_64.80_64.70_64.60_,25_33_72_32_21_
12:43:47,65.10,1,1960,65.10_65.20_65.30_65.40_65.50_,1_53_31_68_45_,65.00_64.90_64.80_64.70_64.60_,25_33_21_83_21_
12:43:47,65.10,1,1960,65.10_65.20_65.30_65.40_65.50_,1_53_31_68_45_,65.00_64.90_64.80_64.70_64.60_,25_33_21_83_21_
12:43:57,65.10,1,1960,65.10_65.20_65.30_65.40_65.50_,1_53_31_68_45_,65.00_64.90_64.80_64.70_64.60_,25_34_21_81_21_
12:44:02,65.10,1,1960,65.10_65.20_65.30_65.40_65.50_,16_53_31_68_45_,65.00_64.90_64.80_64.70_64.60_,24_35_22_80_21_
12:44:08,65.10,1,1960,65.10_65.20_65.30_65.40_65.50_,21_55_31_54_59_,65.00_64.90_64.80_64.70_64.60_,24_35_23_80_21_
12:44:13,65.10,1,1960,65.10_65.20_65.30_65.40_65.50_,25_51_31_54_59_,65.00_64.90_64.80_64.70_64.60_,24_36_23_79_21_
12:46:00,65.10,1,1962,65.10_65.20_65.30_65.40_65.50_,26_52_30_68_45_,65.00_64.90_64.80_64.70_64.60_,26_36_23_79_21_
12:46:00,65.10,1,1962,65.10_65.20_65.30_65.40_65.50_,26_52_30_68_45_,65.00_64.90_64.80_64.70_64.60_,26_36_23_79_21_
12:46:00,65.10,1,1962,65.10_65.20_65.30_65.40_65.50_,26_52_30_68_45_,65.00_64.90_64.80_64.70_64.60_,26_36_23_79_21_
12:46:16,65.10,1,1962,65.10_65.20_65.30_65.40_65.50_,27_52_30_68_45_,65.00_64.90_64.80_64.70_64.60_,26_36_23_79_21_
12:46:36,65.10,1,1962,65.10_65.20_65.30_65.40_65.50_,28_53_30_68_46_,65.00_64.90_64.80_64.70_64.60_,28_36_24_80_21_
12:47:32,65.10,2,1964,65.10_65.20_65.30_65.40_65.50_,38_53_30_69_46_,65.00_64.90_64.80_64.70_64.60_,27_36_24_80_21_
12:47:48,65.10,1,1965,65.10_65.20_65.30_65.40_65.50_,45_53_29_69_46_,65.00_64.90_64.80_64.70_64.60_,27_36_24_80_21_
12:49:10,65.00,2,1967,65.10_65.20_65.30_65.40_65.50_,45_53_29_55_60_,65.00_64.90_64.80_64.70_64.60_,28_35_24_80_21_
12:49:36,65.10,3,1970,65.10_65.20_65.30_65.40_65.50_,42_53_29_69_46_,65.00_64.90_64.80_64.70_64.60_,29_35_24_79_21_
12:50:22,65.00,1,1974,65.10_65.20_65.30_65.40_65.50_,41_53_29_55_60_,65.00_64.90_64.80_64.70_64.60_,27_35_26_79_21_
12:51:33,65.00,2,1976,65.10_65.20_65.30_65.40_65.50_,40_53_29_55_60_,65.00_64.90_64.80_64.70_64.60_,33_35_26_77_21_
12:53:21,65.00,1,1986,65.10_65.20_65.30_65.40_65.50_,36_54_29_54_60_,65.00_64.90_64.80_64.70_64.60_,24_37_18_84_21_
12:54:27,65.10,1,1995,65.10_65.20_65.30_65.40_65.50_,35_54_29_68_46_,65.00_64.90_64.80_64.70_64.60_,19_37_18_84_21_
12:54:27,65.10,1,1995,65.10_65.20_65.30_65.40_65.50_,35_54_29_68_46_,65.00_64.90_64.80_64.70_64.60_,19_37_18_84_21_
12:54:27,65.10,1,1995,65.10_65.20_65.30_65.40_65.50_,35_54_29_68_46_,65.00_64.90_64.80_64.70_64.60_,19_37_18_84_21_
12:54:53,65.10,1,1995,65.10_65.20_65.30_65.40_65.50_,35_54_29_68_46_,65.00_64.90_64.80_64.70_64.60_,19_38_18_84_21_
12:55:24,65.00,1,1999,65.10_65.20_65.30_65.40_65.50_,45_46_29_54_60_,65.00_64.90_64.80_64.70_64.60_,18_38_18_84_22_
12:55:34,65.00,1,1999,65.10_65.20_65.30_65.40_65.50_,45_46_29_54_60_,65.00_64.90_64.80_64.70_64.60_,19_38_18_84_22_
12:55:39,65.00,1,1999,65.10_65.20_65.30_65.40_65.50_,45_46_29_54_60_,65.00_64.90_64.80_64.70_64.60_,23_38_18_84_22_
12:56:05,65.00,5,2013,65.10_65.20_65.30_65.40_65.50_,45_46_29_54_60_,65.00_64.90_64.80_64.70_64.60_,8_38_18_84_22_
12:56:05,65.00,5,2013,65.10_65.20_65.30_65.40_65.50_,45_46_29_54_60_,65.00_64.90_64.80_64.70_64.60_,8_38_18_84_22_
12:56:05,65.00,5,2013,65.10_65.20_65.30_65.40_65.50_,45_46_29_54_60_,65.00_64.90_64.80_64.70_64.60_,8_38_18_84_22_
12:56:25,65.00,1,2014,65.10_65.20_65.30_65.40_65.50_,45_46_29_54_60_,65.00_64.90_64.80_64.70_64.60_,7_38_18_84_22_
12:56:46,65.10,1,2015,65.10_65.20_65.30_65.40_65.50_,44_46_29_68_46_,65.00_64.90_64.80_64.70_64.60_,7_38_18_84_22_
12:56:46,65.10,1,2015,65.10_65.20_65.30_65.40_65.50_,44_46_29_68_46_,65.00_64.90_64.80_64.70_64.60_,7_38_18_84_22_
12:56:46,65.10,1,2015,65.10_65.20_65.30_65.40_65.50_,44_46_29_68_46_,65.00_64.90_64.80_64.70_64.60_,7_38_18_84_22_
12:56:46,65.10,1,2015,65.10_65.20_65.30_65.40_65.50_,44_46_29_68_46_,65.00_64.90_64.80_64.70_64.60_,7_38_18_84_22_
12:57:06,65.10,1,2015,65.10_65.20_65.30_65.40_65.50_,44_46_29_68_46_,65.00_64.90_64.80_64.70_64.60_,7_39_18_84_22_
12:57:06,65.10,1,2015,65.10_65.20_65.30_65.40_65.50_,44_46_29_68_46_,65.00_64.90_64.80_64.70_64.60_,7_39_18_84_22_
12:57:11,65.10,1,2015,65.10_65.20_65.30_65.40_65.50_,44_46_29_68_46_,65.00_64.90_64.80_64.70_64.60_,8_39_18_84_22_
12:57:11,65.10,1,2015,65.10_65.20_65.30_65.40_65.50_,44_46_29_68_46_,65.00_64.90_64.80_64.70_64.60_,8_39_18_84_22_
12:57:11,65.10,1,2015,65.10_65.20_65.30_65.40_65.50_,44_46_29_68_46_,65.00_64.90_64.80_64.70_64.60_,8_39_18_84_22_
12:57:32,65.10,1,2015,65.10_65.20_65.30_65.40_65.50_,44_46_29_68_46_,65.00_64.90_64.80_64.70_64.60_,9_39_18_83_22_
12:57:32,65.10,1,2015,65.10_65.20_65.30_65.40_65.50_,44_46_29_68_46_,65.00_64.90_64.80_64.70_64.60_,9_39_18_83_22_
12:58:44,65.00,1,2022,65.10_65.20_65.30_65.40_65.50_,42_46_28_54_60_,65.00_64.90_64.80_64.70_64.60_,13_39_18_81_22_
12:58:44,65.00,1,2022,65.10_65.20_65.30_65.40_65.50_,42_46_28_54_60_,65.00_64.90_64.80_64.70_64.60_,13_39_18_81_22_
12:58:54,65.00,1,2022,65.10_65.20_65.30_65.40_65.50_,34_54_28_54_60_,65.00_64.90_64.80_64.70_64.60_,13_39_18_81_22_
12:59:04,65.00,1,2022,65.10_65.20_65.30_65.40_65.50_,34_54_28_54_60_,65.00_64.90_64.80_64.70_64.60_,14_39_18_81_22_
12:59:25,65.10,1,2023,65.10_65.20_65.30_65.40_65.50_,33_54_28_54_60_,65.00_64.90_64.80_64.70_64.60_,15_40_18_81_22_
