09:00:56,81.00,1,139,81.00_81.20_81.30_81.40_81.50_,7_1_12_23_22_,80.80_80.60_80.50_80.40_80.30_,2_1_46_2_5_
09:01:47,80.80,2,141,81.00_81.10_81.30_81.40_81.50_,22_2_12_23_23_,80.60_80.50_80.40_80.30_80.20_,1_54_25_8_39_
09:02:28,81.00,2,153,81.00_81.20_81.30_81.40_81.50_,21_2_12_23_23_,80.80_80.60_80.50_80.40_80.30_,6_3_50_23_47_
09:03:19,81.00,2,161,81.00_81.10_81.20_81.30_81.40_,21_2_1_11_24_,80.60_80.50_80.40_80.30_80.20_,7_51_35_8_57_
09:04:30,81.00,2,161,81.00_81.10_81.30_81.40_81.50_,24_2_11_24_27_,80.60_80.50_80.40_80.30_80.20_,9_51_34_10_57_
09:05:11,81.00,19,180,81.00_81.10_81.30_81.40_81.50_,5_2_12_24_27_,80.60_80.50_80.40_80.30_80.20_,10_51_21_10_57_
09:05:27,81.00,2,185,81.10_81.30_81.40_81.50_81.60_,2_12_24_27_33_,81.00_80.60_80.50_80.40_80.30_,4_12_51_3_27_
09:05:37,81.00,4,189,81.30_81.40_81.50_81.60_81.70_,12_24_29_33_43_,81.00_80.90_80.70_80.60_80.50_,8_6_21_11_48_
09:05:52,81.00,4,189,81.30_81.40_81.50_81.60_81.70_,20_24_29_33_43_,81.00_80.90_80.70_80.60_80.50_,8_6_21_10_48_
09:06:08,81.30,3,193,81.30_81.40_81.50_81.60_81.70_,15_24_29_33_43_,81.00_80.90_80.70_80.60_80.50_,10_7_22_8_46_
09:06:18,81.30,3,193,81.20_81.30_81.40_81.50_81.60_,1_14_24_29_33_,81.00_80.90_80.70_80.60_80.50_,10_7_22_8_46_
09:06:23,81.10,1,194,81.10_81.20_81.30_81.40_81.50_,3_1_14_26_27_,81.00_80.90_80.70_80.60_80.50_,10_7_2_28_46_
09:06:38,81.10,1,195,81.10_81.20_81.30_81.40_81.50_,2_3_13_26_27_,81.00_80.90_80.70_80.60_80.50_,9_7_2_28_46_
09:06:49,81.10,1,196,81.10_81.20_81.30_81.40_81.50_,1_3_13_26_27_,81.00_80.90_80.70_80.60_80.50_,9_7_2_28_46_
09:06:54,81.10,1,196,81.10_81.20_81.30_81.40_81.50_,1_3_13_26_27_,81.00_80.90_80.70_80.60_80.50_,9_8_2_28_46_
09:06:59,81.10,1,196,81.10_81.20_81.30_81.40_81.50_,1_3_13_26_27_,81.00_80.90_80.70_80.60_80.50_,9_8_1_28_46_
09:10:04,80.80,1,225,80.90_81.10_81.20_81.30_81.40_,1_3_17_8_25_,80.70_80.60_80.50_80.40_80.30_,5_22_59_17_51_
09:10:14,80.80,1,225,80.90_81.10_81.20_81.30_81.40_,1_3_17_8_25_,80.70_80.60_80.50_80.40_80.30_,8_22_47_17_51_
09:11:46,80.70,1,229,81.10_81.20_81.30_81.40_81.50_,1_18_8_25_32_,80.70_80.60_80.50_80.40_80.30_,7_22_47_20_48_
09:12:01,80.70,1,229,81.10_81.20_81.30_81.40_81.50_,3_17_9_25_32_,81.00_80.80_80.70_80.60_80.50_,8_17_7_22_67_
09:12:06,80.70,1,229,81.10_81.20_81.30_81.40_81.50_,3_17_8_26_32_,81.00_80.90_80.80_80.70_80.60_,11_2_17_4_40_
09:12:11,81.10,2,231,81.10_81.20_81.30_81.40_81.50_,1_17_8_26_32_,81.00_80.90_80.80_80.70_80.60_,11_2_17_4_82_
09:12:16,81.10,2,231,81.10_81.20_81.30_81.40_81.50_,1_17_8_26_32_,81.00_80.90_80.80_80.70_80.60_,12_2_17_4_82_
09:16:42,81.10,2,329,81.10_81.20_81.30_81.40_81.50_,7_15_11_31_48_,81.00_80.90_80.80_80.70_80.60_,30_8_22_23_67_
09:17:34,81.10,5,348,81.10_81.20_81.30_81.40_81.50_,4_15_11_31_48_,81.00_80.90_80.80_80.70_80.60_,29_7_23_23_67_
09:18:56,81.00,4,352,81.10_81.20_81.30_81.40_81.50_,15_15_12_36_48_,81.00_80.90_80.80_80.70_80.60_,31_7_22_24_67_
09:19:21,81.00,15,367,81.10_81.20_81.30_81.40_81.50_,16_14_12_36_48_,81.00_80.90_80.80_80.70_80.60_,15_7_22_24_67_
09:19:26,81.00,15,367,81.10_81.20_81.30_81.40_81.50_,16_14_12_36_48_,81.00_80.90_80.80_80.70_80.60_,16_7_22_24_67_
09:21:09,81.10,2,385,81.10_81.20_81.30_81.40_81.50_,11_14_14_36_49_,81.00_80.90_80.80_80.70_80.60_,5_22_23_24_67_
09:21:29,81.10,1,386,81.10_81.20_81.30_81.40_81.50_,10_14_14_36_49_,81.00_80.90_80.80_80.70_80.60_,29_22_22_24_67_
09:21:34,81.10,1,387,81.10_81.20_81.30_81.40_81.50_,9_14_14_36_49_,81.00_80.90_80.80_80.70_80.60_,28_22_22_24_67_
09:22:10,81.10,1,389,81.10_81.20_81.30_81.40_81.50_,8_14_19_36_49_,81.00_80.90_80.80_80.70_80.60_,27_18_22_24_72_
09:22:31,81.10,1,389,81.10_81.20_81.30_81.40_81.50_,8_14_19_36_49_,81.00_80.90_80.80_80.70_80.60_,26_18_22_24_72_
09:23:42,81.00,2,394,81.10_81.20_81.30_81.40_81.50_,17_14_20_36_49_,81.00_80.90_80.80_80.70_80.60_,24_18_22_24_72_
09:24:39,81.10,2,424,81.10_81.20_81.30_81.40_81.50_,48_14_20_36_50_,81.00_80.90_80.80_80.70_80.60_,9_16_24_24_72_
09:26:21,81.00,3,445,81.00_81.10_81.20_81.30_81.40_,36_41_48_27_35_,80.90_80.80_80.70_80.60_80.50_,12_22_24_11_114_
09:27:12,80.90,2,449,81.00_81.10_81.20_81.30_81.40_,38_41_48_27_35_,80.90_80.80_80.70_80.60_80.50_,22_23_25_11_109_
09:27:43,80.90,2,449,81.00_81.10_81.20_81.30_81.40_,39_40_48_27_35_,80.90_80.80_80.70_80.60_80.50_,22_23_25_11_109_
09:27:48,80.90,1,450,81.00_81.10_81.20_81.30_81.40_,39_40_48_27_35_,80.90_80.80_80.70_80.60_80.50_,21_23_25_11_109_
09:27:53,80.90,1,450,81.00_81.10_81.20_81.30_81.40_,39_40_48_27_35_,80.90_80.80_80.70_80.60_80.50_,22_23_25_11_109_
09:28:50,81.00,1,454,81.00_81.10_81.20_81.30_81.40_,39_40_48_27_35_,80.90_80.80_80.70_80.60_80.50_,20_24_24_11_114_
09:29:05,81.00,1,454,81.00_81.10_81.20_81.30_81.40_,40_40_48_27_35_,80.90_80.80_80.70_80.60_80.50_,21_24_24_11_109_
09:29:46,80.90,2,460,81.00_81.10_81.20_81.30_81.40_,37_40_48_32_35_,80.90_80.80_80.70_80.60_80.50_,23_22_25_11_110_
09:29:51,80.90,2,460,81.00_81.10_81.20_81.30_81.40_,37_40_48_32_35_,80.90_80.80_80.70_80.60_80.50_,23_23_24_11_110_
09:30:12,80.90,3,463,81.00_81.10_81.20_81.30_81.40_,37_40_48_32_35_,80.90_80.80_80.70_80.60_80.50_,24_23_24_11_110_
09:30:32,80.90,3,463,81.00_81.10_81.20_81.30_81.40_,38_40_55_32_35_,80.90_80.80_80.70_80.60_80.50_,24_23_24_11_112_
09:30:43,80.90,3,463,81.00_81.10_81.20_81.30_81.40_,38_40_55_32_35_,80.90_80.80_80.70_80.60_80.50_,24_23_25_11_112_
09:30:48,80.90,1,464,81.00_81.10_81.20_81.30_81.40_,38_40_55_32_35_,80.90_80.80_80.70_80.60_80.50_,23_23_25_11_112_
09:31:03,80.90,1,464,81.00_81.10_81.20_81.30_81.40_,38_47_48_32_35_,80.90_80.80_80.70_80.60_80.50_,23_28_25_11_107_
09:31:44,81.00,1,496,81.00_81.10_81.20_81.30_81.40_,30_48_48_32_35_,80.90_80.80_80.70_80.60_80.50_,2_18_27_13_112_
09:32:00,80.90,17,513,80.90_81.00_81.10_81.20_81.30_,3_45_53_51_30_,80.80_80.70_80.60_80.50_80.40_,19_27_13_50_20_
09:32:15,80.80,1,516,80.90_81.00_81.10_81.20_81.30_,18_38_51_51_30_,80.80_80.70_80.60_80.50_80.40_,17_27_12_50_63_
09:32:20,80.80,7,523,80.90_81.00_81.10_81.20_81.30_,19_37_51_51_30_,80.80_80.70_80.60_80.50_80.40_,13_27_12_50_63_
09:32:25,80.80,9,532,80.90_81.00_81.10_81.20_81.30_,20_36_51_51_30_,80.80_80.70_80.60_80.50_80.40_,5_27_12_50_63_
09:33:06,80.80,5,537,80.80_80.90_81.00_81.10_81.20_,16_7_41_47_48_,80.70_80.60_80.50_80.40_80.30_,23_16_50_5_67_
09:33:42,80.70,1,540,80.80_80.90_81.00_81.10_81.20_,17_5_75_47_48_,80.70_80.60_80.50_80.40_80.30_,23_16_50_5_67_
09:35:14,80.60,2,579,80.70_80.80_80.90_81.00_81.10_,15_1_8_71_44_,80.60_80.50_80.40_80.30_80.20_,1_50_12_10_82_
09:36:10,80.70,1,584,80.70_80.80_80.90_81.00_81.10_,15_1_8_71_45_,80.60_80.50_80.40_80.30_80.20_,3_50_12_10_82_
09:36:26,80.70,1,584,80.70_80.80_80.90_81.00_81.10_,15_1_8_71_45_,80.60_80.50_80.40_80.30_80.20_,9_55_12_20_77_
09:36:51,80.60,5,590,80.70_80.80_80.90_81.00_81.10_,15_1_8_71_45_,80.60_80.50_80.40_80.30_80.20_,3_55_12_20_77_
09:37:07,80.60,2,592,80.70_80.80_80.90_81.00_81.10_,15_1_8_71_45_,80.60_80.50_80.40_80.30_80.20_,3_55_5_20_77_
09:37:32,80.60,2,594,80.70_80.80_80.90_81.00_81.10_,16_1_8_71_45_,80.60_80.50_80.40_80.30_80.20_,2_55_6_20_77_
09:40:16,80.50,2,632,80.60_80.70_80.80_80.90_81.00_,18_22_5_10_68_,80.50_80.40_80.30_80.20_80.10_,39_13_20_37_71_
09:40:32,80.50,2,632,80.60_80.70_80.80_80.90_81.00_,18_22_5_10_68_,80.50_80.40_80.30_80.20_80.10_,39_13_20_37_72_
09:41:28,80.60,1,637,80.60_80.70_80.80_80.90_81.00_,13_22_5_10_68_,80.50_80.40_80.30_80.20_80.10_,40_13_20_37_72_
09:41:33,80.60,8,645,80.60_80.70_80.80_80.90_81.00_,5_22_5_10_68_,80.50_80.40_80.30_80.20_80.10_,40_13_20_37_72_
09:41:38,80.60,8,645,80.60_80.70_80.80_80.90_81.00_,25_23_5_10_68_,80.50_80.40_80.30_80.20_80.10_,40_8_22_37_72_
09:42:14,80.60,10,676,80.70_80.80_80.90_81.00_81.10_,22_25_8_71_40_,80.60_80.50_80.40_80.30_80.20_,4_42_11_20_82_
09:43:11,80.60,1,678,80.70_80.80_80.90_81.00_81.10_,24_20_8_71_45_,80.60_80.50_80.40_80.30_80.20_,25_72_5_39_62_
09:43:26,80.60,1,678,80.70_80.80_80.90_81.00_81.10_,24_20_28_51_45_,80.60_80.50_80.40_80.30_80.20_,25_72_5_39_62_
09:43:36,80.60,1,678,80.70_80.80_80.90_81.00_81.10_,24_20_28_51_45_,80.60_80.50_80.40_80.30_80.20_,25_73_5_39_62_
09:43:41,80.60,1,678,80.70_80.80_80.90_81.00_81.10_,24_20_28_51_45_,80.60_80.50_80.40_80.30_80.20_,26_72_36_39_62_
09:43:46,80.60,1,678,80.70_80.80_80.90_81.00_81.10_,25_20_28_51_45_,80.60_80.50_80.40_80.30_80.20_,26_72_36_39_62_
09:44:22,80.70,3,682,80.70_80.80_80.90_81.00_81.10_,22_23_28_51_45_,80.60_80.50_80.40_80.30_80.20_,41_72_37_39_62_
09:44:27,80.70,3,682,80.70_80.80_80.90_81.00_81.10_,22_23_28_51_45_,80.60_80.50_80.40_80.30_80.20_,41_72_37_22_79_
09:44:38,80.70,3,682,80.70_80.80_80.90_81.00_81.10_,22_23_28_51_45_,80.60_80.50_80.40_80.30_80.20_,42_72_37_22_79_
09:44:48,80.70,3,682,80.70_80.80_80.90_81.00_81.10_,22_23_28_51_45_,80.60_80.50_80.40_80.30_80.20_,43_72_36_22_79_
09:46:46,80.80,11,711,80.80_80.90_81.00_81.10_81.20_,23_28_48_47_46_,80.70_80.60_80.50_80.40_80.30_,29_32_63_36_79_
09:47:16,80.80,8,729,80.80_80.90_81.00_81.10_81.20_,20_23_48_47_51_,80.70_80.60_80.50_80.40_80.30_,33_34_60_36_79_
09:47:22,80.80,3,732,80.80_80.90_81.00_81.10_81.20_,17_23_48_47_51_,80.70_80.60_80.50_80.40_80.30_,33_34_60_36_79_
09:48:08,80.70,2,735,80.80_80.90_81.00_81.10_81.20_,17_24_48_47_52_,80.70_80.60_80.50_80.40_80.30_,30_34_61_36_79_
09:48:13,80.70,2,735,80.80_80.90_81.00_81.10_81.20_,17_24_48_47_52_,80.70_80.60_80.50_80.40_80.30_,30_34_61_53_62_
09:48:59,80.70,1,736,80.80_80.90_81.00_81.10_81.20_,17_24_48_47_52_,80.70_80.60_80.50_80.40_80.30_,31_35_60_53_62_
09:49:15,80.80,2,738,80.80_80.90_81.00_81.10_81.20_,15_24_48_47_52_,80.70_80.60_80.50_80.40_80.30_,41_34_60_36_79_
09:51:02,80.90,11,769,80.90_81.00_81.10_81.20_81.30_,24_43_44_55_35_,80.80_80.70_80.60_80.50_80.40_,7_24_37_64_93_
09:51:07,80.90,11,769,80.90_81.00_81.10_81.20_81.30_,24_43_44_55_35_,80.80_80.70_80.60_80.50_80.40_,9_27_37_60_93_
09:51:23,80.80,1,770,80.90_81.00_81.10_81.20_81.30_,25_43_44_55_35_,80.80_80.70_80.60_80.50_80.40_,14_24_38_60_93_
09:51:43,80.80,1,771,80.90_81.00_81.10_81.20_81.30_,25_43_44_55_35_,80.80_80.70_80.60_80.50_80.40_,20_23_37_55_93_
09:51:53,80.80,1,771,80.90_81.00_81.10_81.20_81.30_,26_43_44_55_35_,80.80_80.70_80.60_80.50_80.40_,20_23_36_55_93_
09:53:25,80.90,3,791,80.90_81.00_81.10_81.20_81.30_,34_43_44_55_35_,80.80_80.70_80.60_80.50_80.40_,8_20_27_60_93_
09:53:31,80.90,3,791,80.90_81.00_81.10_81.20_81.30_,34_43_44_55_35_,80.80_80.70_80.60_80.50_80.40_,9_20_27_60_93_
09:53:51,80.90,3,791,80.90_81.00_81.10_81.20_81.30_,33_43_44_55_35_,80.80_80.70_80.60_80.50_80.40_,9_20_27_60_93_
09:54:42,80.70,1,801,80.80_80.90_81.00_81.10_81.20_,12_36_43_47_52_,80.70_80.60_80.50_80.40_80.30_,35_38_60_48_62_
09:54:57,80.80,12,813,80.90_81.00_81.10_81.20_81.30_,36_43_44_55_35_,80.80_80.70_80.60_80.50_80.40_,8_34_38_61_93_
09:55:49,81.00,11,866,81.00_81.10_81.20_81.30_81.40_,34_39_51_37_35_,80.90_80.80_80.70_80.60_80.50_,27_15_32_29_117_
09:56:09,80.90,3,870,81.00_81.10_81.20_81.30_81.40_,34_39_51_38_35_,80.90_80.80_80.70_80.60_80.50_,27_16_29_27_117_
09:56:14,80.90,3,870,81.00_81.10_81.20_81.30_81.40_,34_40_51_38_35_,80.90_80.80_80.70_80.60_80.50_,27_17_29_27_117_
09:56:30,81.00,3,873,81.00_81.10_81.20_81.30_81.40_,32_40_51_38_35_,80.90_80.80_80.70_80.60_80.50_,26_17_29_27_117_
09:56:45,81.00,3,873,81.00_81.10_81.20_81.30_81.40_,32_40_51_58_35_,80.90_80.80_80.70_80.60_80.50_,26_17_29_27_117_
09:56:55,81.00,3,876,81.00_81.10_81.20_81.30_81.40_,30_40_51_58_35_,80.90_80.80_80.70_80.60_80.50_,26_17_29_27_117_
09:57:36,80.90,11,889,81.00_81.10_81.20_81.30_81.40_,70_41_51_58_35_,80.90_80.80_80.70_80.60_80.50_,18_16_29_27_117_
09:57:57,80.90,11,889,81.00_81.10_81.20_81.30_81.40_,70_41_51_58_35_,80.90_80.80_80.70_80.60_80.50_,18_16_29_27_119_
09:58:33,80.90,11,889,81.00_81.10_81.20_81.30_81.40_,70_41_51_58_35_,80.90_80.80_80.70_80.60_80.50_,18_34_30_27_119_
09:59:14,80.90,2,892,81.00_81.10_81.20_81.30_81.40_,71_41_51_58_35_,80.90_80.80_80.70_80.60_80.50_,20_34_29_27_119_
09:59:39,81.00,3,895,81.00_81.10_81.20_81.30_81.40_,68_41_51_58_35_,80.90_80.80_80.70_80.60_80.50_,35_36_29_27_124_
09:59:50,81.00,1,896,81.00_81.10_81.20_81.30_81.40_,67_41_51_58_35_,80.90_80.80_80.70_80.60_80.50_,35_35_29_27_124_
10:00:15,80.90,2,898,81.00_81.10_81.20_81.30_81.40_,67_41_61_63_30_,80.90_80.80_80.70_80.60_80.50_,33_44_34_22_124_
10:00:31,80.90,1,899,81.00_81.10_81.20_81.30_81.40_,66_41_61_63_30_,80.90_80.80_80.70_80.60_80.50_,32_44_34_22_124_
10:00:46,80.90,1,899,81.00_81.10_81.20_81.30_81.40_,67_40_61_63_30_,80.90_80.80_80.70_80.60_80.50_,32_44_34_22_124_
10:01:06,80.90,1,899,81.00_81.10_81.20_81.30_81.40_,68_40_61_63_30_,80.90_80.80_80.70_80.60_80.50_,32_44_34_22_124_
10:01:12,80.90,2,901,81.00_81.10_81.20_81.30_81.40_,68_40_61_63_30_,80.90_80.80_80.70_80.60_80.50_,30_44_34_22_124_
10:03:14,81.00,3,908,81.00_81.10_81.20_81.30_81.40_,70_41_62_65_30_,80.90_80.80_80.70_80.60_80.50_,48_54_34_22_124_
10:04:36,81.00,2,1006,81.10_81.20_81.30_81.40_81.50_,23_48_62_43_60_,81.00_80.90_80.80_80.70_80.60_,22_56_24_25_77_
10:05:07,81.00,2,1009,81.10_81.20_81.30_81.40_81.50_,23_48_62_43_61_,81.00_80.90_80.80_80.70_80.60_,40_56_24_25_77_
10:05:27,81.10,3,1012,81.10_81.20_81.30_81.40_81.50_,20_48_62_43_61_,81.00_80.90_80.80_80.70_80.60_,40_56_24_25_77_
10:05:43,81.10,3,1012,81.10_81.20_81.30_81.40_81.50_,20_48_62_43_61_,81.00_80.90_80.80_80.70_80.60_,40_56_25_25_77_
10:05:48,81.10,3,1012,81.10_81.20_81.30_81.40_81.50_,20_48_62_43_61_,81.00_80.90_80.80_80.70_80.60_,40_54_25_25_77_
10:06:08,81.10,3,1012,81.10_81.20_81.30_81.40_81.50_,50_48_62_43_61_,81.00_80.90_80.80_80.70_80.60_,40_54_25_25_77_
10:06:19,81.10,3,1012,81.10_81.20_81.30_81.40_81.50_,50_48_62_43_61_,81.00_80.90_80.80_80.70_80.60_,41_54_25_25_77_
10:07:30,81.10,1,1020,81.10_81.20_81.30_81.40_81.50_,49_47_61_43_64_,81.00_80.90_80.80_80.70_80.60_,36_54_24_25_77_
10:07:56,81.00,1,1021,81.10_81.20_81.30_81.40_81.50_,49_47_61_43_64_,81.00_80.90_80.80_80.70_80.60_,35_54_24_25_77_
10:08:16,81.00,1,1021,81.10_81.20_81.30_81.40_81.50_,49_48_51_43_64_,81.00_80.90_80.80_80.70_80.60_,49_45_24_15_77_
10:08:52,81.10,3,1024,81.10_81.20_81.30_81.40_81.50_,46_48_51_43_64_,81.00_80.90_80.80_80.70_80.60_,63_55_24_15_77_
10:09:18,81.10,3,1024,81.10_81.20_81.30_81.40_81.50_,47_47_51_43_64_,81.00_80.90_80.80_80.70_80.60_,63_55_24_15_77_
10:09:23,81.00,1,1025,81.10_81.20_81.30_81.40_81.50_,45_47_51_43_64_,81.00_80.90_80.80_80.70_80.60_,61_55_24_15_77_
10:09:28,81.00,1,1026,81.10_81.20_81.30_81.40_81.50_,45_47_52_43_64_,81.00_80.90_80.80_80.70_80.60_,60_55_25_15_77_
10:10:09,81.00,4,1030,81.10_81.20_81.30_81.40_81.50_,46_47_52_43_64_,81.00_80.90_80.80_80.70_80.60_,57_55_24_15_77_
10:10:30,81.00,4,1030,81.10_81.20_81.30_81.40_81.50_,47_47_52_43_64_,81.00_80.90_80.80_80.70_80.60_,57_56_24_15_77_
10:10:35,81.00,4,1030,81.10_81.20_81.30_81.40_81.50_,47_47_52_43_64_,81.00_80.90_80.80_80.70_80.60_,58_56_24_15_77_
10:11:26,81.10,3,1035,81.10_81.20_81.30_81.40_81.50_,43_47_52_43_64_,81.00_80.90_80.80_80.70_80.60_,57_55_24_15_77_
10:12:07,81.00,3,1038,81.10_81.20_81.30_81.40_81.50_,43_47_52_43_64_,81.00_80.90_80.80_80.70_80.60_,54_55_24_15_77_
10:13:08,81.00,2,1042,81.10_81.20_81.30_81.40_81.50_,43_50_62_43_64_,81.00_80.90_80.80_80.70_80.60_,51_54_28_25_77_
10:13:59,80.90,1,1103,81.10_81.20_81.30_81.40_81.50_,75_50_69_42_64_,80.90_80.80_80.70_80.60_80.50_,62_43_25_35_104_
10:14:55,81.00,1,1107,81.00_81.10_81.20_81.30_81.40_,65_66_58_64_39_,80.90_80.80_80.70_80.60_80.50_,55_42_25_25_124_
10:15:06,80.90,4,1111,81.00_81.10_81.20_81.30_81.40_,65_66_58_64_39_,80.90_80.80_80.70_80.60_80.50_,51_42_25_25_124_
10:15:11,81.00,1,1112,81.00_81.10_81.20_81.30_81.40_,64_66_58_64_39_,80.90_80.80_80.70_80.60_80.50_,55_42_25_25_124_
10:16:23,81.00,2,1172,81.00_81.10_81.20_81.30_81.40_,44_66_58_64_39_,80.90_80.80_80.70_80.60_80.50_,36_38_42_44_124_
10:16:33,81.00,2,1172,81.00_81.10_81.20_81.30_81.40_,45_66_58_64_39_,80.90_80.80_80.70_80.60_80.50_,36_38_42_44_124_
10:16:38,81.00,2,1172,81.00_81.10_81.20_81.30_81.40_,45_66_58_64_39_,80.90_80.80_80.70_80.60_80.50_,36_39_42_44_124_
10:16:48,81.00,2,1172,81.00_81.10_81.20_81.30_81.40_,46_66_58_64_39_,80.90_80.80_80.70_80.60_80.50_,36_39_42_44_124_
10:16:53,80.90,1,1173,81.00_81.10_81.20_81.30_81.40_,46_66_58_64_39_,80.90_80.80_80.70_80.60_80.50_,35_39_42_44_124_
10:17:45,81.00,3,1178,81.00_81.10_81.20_81.30_81.40_,46_64_58_64_39_,80.90_80.80_80.70_80.60_80.50_,33_39_43_44_124_
10:17:50,81.00,3,1178,81.00_81.10_81.20_81.30_81.40_,46_64_58_64_39_,80.90_80.80_80.70_80.60_80.50_,34_39_42_44_124_
10:18:51,81.00,1,1184,81.00_81.10_81.20_81.30_81.40_,43_63_56_62_39_,80.90_80.80_80.70_80.60_80.50_,30_39_42_44_124_
10:19:07,81.00,2,1186,81.00_81.10_81.20_81.30_81.40_,42_63_56_62_39_,80.90_80.80_80.70_80.60_80.50_,29_39_42_44_124_
10:19:12,81.00,1,1187,81.00_81.10_81.20_81.30_81.40_,41_63_56_62_39_,80.90_80.80_80.70_80.60_80.50_,29_39_42_44_124_
10:19:22,81.00,2,1189,81.00_81.10_81.20_81.30_81.40_,39_63_56_62_39_,80.90_80.80_80.70_80.60_80.50_,30_39_42_44_124_
10:19:27,81.00,1,1190,81.00_81.10_81.20_81.30_81.40_,38_63_56_62_39_,80.90_80.80_80.70_80.60_80.50_,30_39_42_44_124_
10:20:34,81.10,1,1237,81.10_81.20_81.30_81.40_81.50_,60_46_57_44_64_,81.00_80.90_80.80_80.70_80.60_,40_45_40_42_96_
10:20:39,81.10,1,1237,81.10_81.20_81.30_81.40_81.50_,60_46_57_44_64_,81.00_80.90_80.80_80.70_80.60_,41_44_40_42_96_
10:20:44,81.10,1,1237,81.10_81.20_81.30_81.40_81.50_,60_46_57_44_64_,81.00_80.90_80.80_80.70_80.60_,49_44_32_42_96_
10:20:49,81.10,1,1237,81.10_81.20_81.30_81.40_81.50_,60_46_57_44_64_,81.00_80.90_80.80_80.70_80.60_,49_44_33_42_96_
10:20:54,81.10,1,1237,81.10_81.20_81.30_81.40_81.50_,60_46_57_44_64_,81.00_80.90_80.80_80.70_80.60_,55_39_32_42_96_
10:21:25,81.00,1,1241,81.10_81.20_81.30_81.40_81.50_,70_47_57_44_64_,81.00_80.90_80.80_80.70_80.60_,59_35_26_42_96_
10:21:40,81.00,10,1251,81.10_81.20_81.30_81.40_81.50_,71_47_57_44_66_,81.00_80.90_80.80_80.70_80.60_,51_35_24_42_96_
10:22:16,81.00,2,1253,81.10_81.20_81.30_81.40_81.50_,81_47_57_44_66_,81.00_80.90_80.80_80.70_80.60_,50_35_24_42_96_
10:22:31,81.00,10,1263,81.10_81.20_81.30_81.40_81.50_,81_47_57_44_66_,81.00_80.90_80.80_80.70_80.60_,39_35_24_42_96_
10:22:57,81.10,1,1265,81.10_81.20_81.30_81.40_81.50_,80_47_57_44_68_,81.00_80.90_80.80_80.70_80.60_,37_35_24_42_96_
10:23:02,81.00,1,1266,81.10_81.20_81.30_81.40_81.50_,80_47_57_44_68_,81.00_80.90_80.80_80.70_80.60_,36_35_24_42_96_
10:23:28,81.10,3,1269,81.10_81.20_81.30_81.40_81.50_,76_47_57_44_68_,81.00_80.90_80.80_80.70_80.60_,35_35_24_42_96_
10:23:33,81.10,3,1269,81.10_81.20_81.30_81.40_81.50_,76_47_57_44_68_,81.00_80.90_80.80_80.70_80.60_,24_35_24_42_96_
10:23:48,81.10,1,1270,81.10_81.20_81.30_81.40_81.50_,76_47_57_44_68_,81.00_80.90_80.80_80.70_80.60_,23_35_24_42_96_
10:24:19,81.00,1,1273,81.10_81.20_81.30_81.40_81.50_,76_47_57_44_68_,81.00_80.90_80.80_80.70_80.60_,21_35_24_42_96_
10:24:44,81.00,1,1273,81.10_81.20_81.30_81.40_81.50_,76_47_57_44_68_,81.00_80.90_80.80_80.70_80.60_,21_35_25_42_96_
10:25:05,81.00,2,1288,81.10_81.20_81.30_81.40_81.50_,73_47_57_44_68_,81.00_80.90_80.80_80.70_80.60_,19_35_25_42_96_
10:28:45,81.00,1,1299,81.10_81.20_81.30_81.40_81.50_,75_46_57_44_68_,81.00_80.90_80.80_80.70_80.60_,21_36_37_42_96_
10:28:50,81.00,1,1300,81.10_81.20_81.30_81.40_81.50_,75_46_57_44_68_,81.00_80.90_80.80_80.70_80.60_,20_36_37_42_96_
10:30:07,81.00,10,1316,81.10_81.20_81.30_81.40_81.50_,72_48_57_44_68_,81.00_80.90_80.80_80.70_80.60_,15_64_43_42_96_
10:30:12,81.00,14,1330,81.10_81.20_81.30_81.40_81.50_,72_48_57_44_68_,81.00_80.90_80.80_80.70_80.60_,2_63_43_42_96_
10:30:48,81.00,5,1336,81.00_81.10_81.20_81.30_81.40_,59_80_59_63_40_,80.90_80.80_80.70_80.60_80.50_,54_70_42_44_136_
10:31:39,81.00,1,1337,81.00_81.10_81.20_81.30_81.40_,59_83_56_63_40_,80.90_80.80_80.70_80.60_80.50_,54_70_42_44_136_
10:32:35,81.00,3,1345,81.00_81.10_81.20_81.30_81.40_,68_75_56_63_40_,80.90_80.80_80.70_80.60_80.50_,50_70_42_43_136_
10:33:21,80.90,2,1347,81.00_81.10_81.20_81.30_81.40_,67_75_56_64_40_,80.90_80.80_80.70_80.60_80.50_,57_62_50_43_136_
10:34:59,81.00,3,1354,81.00_81.10_81.20_81.30_81.40_,70_71_56_64_40_,80.90_80.80_80.70_80.60_80.50_,53_62_50_43_136_
10:35:09,80.90,4,1358,81.00_81.10_81.20_81.30_81.40_,70_71_56_64_40_,80.90_80.80_80.70_80.60_80.50_,49_62_50_43_136_
10:35:14,80.90,4,1358,81.00_81.10_81.20_81.30_81.40_,70_71_56_64_40_,80.90_80.80_80.70_80.60_80.50_,59_62_50_43_136_
10:35:19,80.90,4,1358,81.00_81.10_81.20_81.30_81.40_,70_71_56_64_40_,80.90_80.80_80.70_80.60_80.50_,70_62_50_43_136_
10:35:29,81.00,3,1361,81.00_81.10_81.20_81.30_81.40_,68_71_56_64_40_,80.90_80.80_80.70_80.60_80.50_,70_62_50_43_136_
10:35:35,81.00,3,1361,81.00_81.10_81.20_81.30_81.40_,68_71_56_64_40_,80.90_80.80_80.70_80.60_80.50_,74_62_50_43_136_
10:35:40,81.00,3,1361,81.00_81.10_81.20_81.30_81.40_,68_71_56_64_40_,80.90_80.80_80.70_80.60_80.50_,75_62_50_43_136_
10:35:50,80.90,10,1371,81.00_81.10_81.20_81.30_81.40_,78_71_56_64_40_,80.90_80.80_80.70_80.60_80.50_,65_62_50_43_136_
10:35:55,81.00,4,1375,81.00_81.10_81.20_81.30_81.40_,74_71_56_64_40_,80.90_80.80_80.70_80.60_80.50_,55_62_50_43_136_
10:38:34,81.00,3,1387,81.00_81.10_81.20_81.30_81.40_,72_71_56_65_41_,80.90_80.80_80.70_80.60_80.50_,46_63_43_43_136_
10:38:54,81.00,3,1387,81.00_81.10_81.20_81.30_81.40_,73_71_56_65_41_,80.90_80.80_80.70_80.60_80.50_,46_63_43_43_136_
10:39:00,81.00,3,1387,81.00_81.10_81.20_81.30_81.40_,73_71_56_65_41_,80.90_80.80_80.70_80.60_80.50_,48_63_42_43_136_
10:39:15,81.00,3,1391,81.00_81.10_81.20_81.30_81.40_,71_71_56_65_41_,80.90_80.80_80.70_80.60_80.50_,47_63_42_43_136_
10:40:11,80.90,4,1402,81.00_81.10_81.20_81.30_81.40_,71_71_56_65_41_,80.90_80.80_80.70_80.60_80.50_,64_60_42_43_136_
10:40:16,80.90,4,1402,81.00_81.10_81.20_81.30_81.40_,75_71_57_64_41_,80.90_80.80_80.70_80.60_80.50_,64_60_42_43_136_
10:40:27,80.90,4,1402,81.00_81.10_81.20_81.30_81.40_,78_71_57_64_41_,80.90_80.80_80.70_80.60_80.50_,64_60_42_43_136_
10:40:32,80.90,4,1402,81.00_81.10_81.20_81.30_81.40_,78_71_57_64_41_,80.90_80.80_80.70_80.60_80.50_,64_60_43_43_136_
10:41:38,81.00,3,1412,81.00_81.10_81.20_81.30_81.40_,69_72_57_64_41_,80.90_80.80_80.70_80.60_80.50_,64_61_42_43_137_
10:41:49,81.00,1,1413,81.00_81.10_81.20_81.30_81.40_,68_72_57_64_41_,80.90_80.80_80.70_80.60_80.50_,64_60_42_43_137_
10:42:04,81.00,1,1413,81.00_81.10_81.20_81.30_81.40_,67_72_57_64_41_,80.90_80.80_80.70_80.60_80.50_,64_60_42_43_137_
10:42:35,81.00,1,1418,81.00_81.10_81.20_81.30_81.40_,69_72_57_65_41_,80.90_80.80_80.70_80.60_80.50_,58_60_42_43_137_
10:44:12,80.90,1,1432,81.00_81.10_81.20_81.30_81.40_,80_71_57_65_41_,80.90_80.80_80.70_80.60_80.50_,47_60_42_60_120_
10:44:17,80.90,1,1432,81.00_81.10_81.20_81.30_81.40_,80_71_57_65_41_,80.90_80.80_80.70_80.60_80.50_,47_60_42_43_137_
10:44:42,81.00,4,1436,81.00_81.10_81.20_81.30_81.40_,76_71_57_65_41_,80.90_80.80_80.70_80.60_80.50_,47_59_43_43_137_
10:45:54,81.00,18,1457,81.00_81.10_81.20_81.30_81.40_,72_71_57_65_41_,80.90_80.80_80.70_80.60_80.50_,66_61_42_33_137_
10:46:50,80.90,1,1474,81.00_81.10_81.20_81.30_81.40_,70_72_57_65_41_,80.90_80.80_80.70_80.60_80.50_,60_60_42_33_137_
10:47:42,81.00,3,1479,81.00_81.10_81.20_81.30_81.40_,69_72_57_65_41_,80.90_80.80_80.70_80.60_80.50_,59_60_42_33_137_
10:48:38,80.90,1,1480,81.00_81.10_81.20_81.30_81.40_,67_72_57_65_41_,80.90_80.80_80.70_80.60_80.50_,58_60_42_50_120_
10:48:43,80.90,1,1480,81.00_81.10_81.20_81.30_81.40_,67_72_57_65_41_,80.90_80.80_80.70_80.60_80.50_,58_60_43_50_120_
10:49:50,81.00,1,1488,81.00_81.10_81.20_81.30_81.40_,119_72_57_65_41_,80.90_80.80_80.70_80.60_80.50_,43_61_42_60_120_
10:50:00,81.00,1,1488,81.00_81.10_81.20_81.30_81.40_,118_72_57_65_41_,80.90_80.80_80.70_80.60_80.50_,63_61_42_43_137_
10:50:10,80.90,3,1491,81.00_81.10_81.20_81.30_81.40_,119_72_57_65_41_,80.90_80.80_80.70_80.60_80.50_,61_60_42_43_137_
10:51:07,80.90,2,1500,81.00_81.10_81.20_81.30_81.40_,108_72_57_65_41_,80.90_80.80_80.70_80.60_80.50_,61_61_42_43_137_
10:51:17,81.00,4,1504,81.00_81.10_81.20_81.30_81.40_,105_72_57_65_41_,80.90_80.80_80.70_80.60_80.50_,62_61_42_43_137_
10:51:37,81.00,4,1504,81.00_81.10_81.20_81.30_81.40_,106_71_57_65_41_,80.90_80.80_80.70_80.60_80.50_,62_61_42_43_137_
10:51:42,81.00,4,1504,81.00_81.10_81.20_81.30_81.40_,110_71_57_65_41_,80.90_80.80_80.70_80.60_80.50_,62_61_42_43_137_
10:54:00,81.00,3,1519,81.00_81.10_81.20_81.30_81.40_,110_70_57_65_41_,80.90_80.80_80.70_80.60_80.50_,56_53_42_43_137_
10:54:16,80.90,2,1522,81.00_81.10_81.20_81.30_81.40_,110_70_57_65_41_,80.90_80.80_80.70_80.60_80.50_,54_60_42_60_120_
10:54:21,80.90,2,1522,81.00_81.10_81.20_81.30_81.40_,110_70_57_65_41_,80.90_80.80_80.70_80.60_80.50_,54_60_42_43_137_
10:54:31,80.90,2,1522,81.00_81.10_81.20_81.30_81.40_,110_70_57_65_41_,80.90_80.80_80.70_80.60_80.50_,53_60_42_43_137_
10:54:36,80.90,2,1522,81.00_81.10_81.20_81.30_81.40_,111_70_57_65_41_,80.90_80.80_80.70_80.60_80.50_,53_60_42_60_120_
10:54:47,81.00,1,1523,81.00_81.10_81.20_81.30_81.40_,110_70_57_65_41_,80.90_80.80_80.70_80.60_80.50_,52_60_42_60_120_
10:55:02,80.90,5,1528,81.00_81.10_81.20_81.30_81.40_,104_70_57_65_41_,80.90_80.80_80.70_80.60_80.50_,53_60_42_43_137_
10:55:07,80.90,1,1529,81.00_81.10_81.20_81.30_81.40_,109_70_57_65_41_,80.90_80.80_80.70_80.60_80.50_,57_60_42_60_120_
10:55:12,80.90,2,1531,81.00_81.10_81.20_81.30_81.40_,109_70_57_65_41_,80.90_80.80_80.70_80.60_80.50_,55_60_42_60_120_
10:56:49,81.00,3,1547,81.00_81.10_81.20_81.30_81.40_,105_70_57_65_41_,80.90_80.80_80.70_80.60_80.50_,45_59_43_44_137_
10:57:10,80.90,3,1550,81.00_81.10_81.20_81.30_81.40_,105_70_57_65_41_,80.90_80.80_80.70_80.60_80.50_,42_59_43_61_120_
10:57:20,80.90,2,1552,81.00_81.10_81.20_81.30_81.40_,105_70_57_65_41_,80.90_80.80_80.70_80.60_80.50_,41_59_43_61_120_
10:58:32,81.00,1,1557,81.00_81.10_81.20_81.30_81.40_,150_70_57_65_41_,80.90_80.80_80.70_80.60_80.50_,58_65_42_44_137_
10:59:44,81.00,3,1571,81.00_81.10_81.20_81.30_81.40_,147_74_60_65_41_,80.90_80.80_80.70_80.60_80.50_,60_62_42_44_137_
10:59:59,81.00,3,1571,81.00_81.10_81.20_81.30_81.40_,148_74_60_68_41_,80.90_80.80_80.70_80.60_80.50_,60_62_42_44_137_
11:00:04,80.90,1,1572,81.00_81.10_81.20_81.30_81.40_,148_74_60_68_41_,80.90_80.80_80.70_80.60_80.50_,59_62_42_44_137_
11:00:15,80.90,2,1577,81.00_81.10_81.20_81.30_81.40_,145_74_60_68_41_,80.90_80.80_80.70_80.60_80.50_,54_62_42_61_120_
11:02:38,81.00,3,1593,81.00_81.10_81.20_81.30_81.40_,154_75_64_68_41_,80.90_80.80_80.70_80.60_80.50_,59_62_42_34_137_
11:03:09,80.90,1,1594,81.00_81.10_81.20_81.30_81.40_,152_75_64_68_41_,80.90_80.80_80.70_80.60_80.50_,58_62_42_51_120_
11:05:06,80.90,2,1598,81.00_81.10_81.20_81.30_81.40_,172_76_54_48_41_,80.90_80.80_80.70_80.60_80.50_,56_63_42_34_137_
11:05:11,80.90,2,1600,81.00_81.10_81.20_81.30_81.40_,172_76_54_48_41_,80.90_80.80_80.70_80.60_80.50_,54_63_43_51_120_
11:05:42,81.00,3,1603,81.00_81.10_81.20_81.30_81.40_,166_73_51_45_41_,80.90_80.80_80.70_80.60_80.50_,55_63_43_34_137_
11:05:52,80.90,1,1604,81.00_81.10_81.20_81.30_81.40_,165_73_51_45_41_,80.90_80.80_80.70_80.60_80.50_,55_63_42_51_120_
11:06:33,81.00,1,1608,81.00_81.10_81.20_81.30_81.40_,164_74_60_45_41_,80.90_80.80_80.70_80.60_80.50_,59_63_42_34_137_
11:06:43,80.90,10,1618,81.00_81.10_81.20_81.30_81.40_,164_74_60_45_41_,80.90_80.80_80.70_80.60_80.50_,49_63_42_34_137_
11:06:49,80.90,10,1618,81.00_81.10_81.20_81.30_81.40_,164_74_60_45_41_,80.90_80.80_80.70_80.60_80.50_,46_63_42_61_120_
11:06:54,80.90,10,1618,81.00_81.10_81.20_81.30_81.40_,164_74_60_45_41_,80.90_80.80_80.70_80.60_80.50_,47_63_42_61_120_
11:06:59,80.90,10,1618,81.00_81.10_81.20_81.30_81.40_,164_74_60_45_41_,80.90_80.80_80.70_80.60_80.50_,45_63_42_61_120_
11:07:09,80.90,2,1620,81.00_81.10_81.20_81.30_81.40_,164_74_60_45_41_,80.90_80.80_80.70_80.60_80.50_,43_63_42_61_120_
11:07:19,80.90,2,1620,81.00_81.10_81.20_81.30_81.40_,164_74_60_45_41_,80.90_80.80_80.70_80.60_80.50_,59_63_42_61_120_
11:07:25,80.90,2,1620,81.00_81.10_81.20_81.30_81.40_,164_74_60_45_41_,80.90_80.80_80.70_80.60_80.50_,58_63_42_61_120_
11:07:30,80.90,1,1621,81.00_81.10_81.20_81.30_81.40_,164_74_60_45_41_,80.90_80.80_80.70_80.60_80.50_,57_63_42_61_120_
11:07:35,80.90,1,1621,81.00_81.10_81.20_81.30_81.40_,164_74_60_45_41_,80.90_80.80_80.70_80.60_80.50_,60_63_42_61_120_
11:07:45,80.90,1,1621,81.00_81.10_81.20_81.30_81.40_,165_74_60_45_41_,80.90_80.80_80.70_80.60_80.50_,60_63_42_61_120_
11:09:43,81.00,8,1661,81.00_81.10_81.20_81.30_81.40_,161_74_60_45_41_,80.90_80.80_80.70_80.60_80.50_,36_61_43_61_120_
11:09:48,81.00,8,1661,81.00_81.10_81.20_81.30_81.40_,161_74_60_45_41_,80.90_80.80_80.70_80.60_80.50_,32_59_46_61_120_
11:10:09,81.00,8,1661,81.00_81.10_81.20_81.30_81.40_,161_74_60_45_41_,80.90_80.80_80.70_80.60_80.50_,33_59_45_61_120_
11:12:06,80.90,2,1674,81.00_81.10_81.20_81.30_81.40_,163_73_60_45_41_,80.90_80.80_80.70_80.60_80.50_,52_59_42_61_120_
11:12:32,80.90,2,1674,81.00_81.10_81.20_81.30_81.40_,159_73_60_45_41_,80.90_80.80_80.70_80.60_80.50_,53_59_42_61_120_
11:12:58,80.90,2,1674,81.00_81.10_81.20_81.30_81.40_,157_73_60_45_41_,80.90_80.80_80.70_80.60_80.50_,53_59_42_61_120_
11:13:54,80.90,1,1679,81.00_81.10_81.20_81.30_81.40_,157_73_60_45_41_,80.90_80.80_80.70_80.60_80.50_,53_59_43_61_120_
11:14:35,80.90,1,1679,81.00_81.10_81.20_81.30_81.40_,157_73_60_45_41_,80.90_80.80_80.70_80.60_80.50_,54_59_42_61_122_
11:14:50,81.00,3,1682,81.00_81.10_81.20_81.30_81.40_,154_73_60_45_41_,80.90_80.80_80.70_80.60_80.50_,57_60_42_44_139_
11:15:00,80.90,1,1683,81.00_81.10_81.20_81.30_81.40_,154_73_60_45_41_,80.90_80.80_80.70_80.60_80.50_,56_60_42_44_139_
11:15:05,80.90,1,1683,81.00_81.10_81.20_81.30_81.40_,154_73_60_45_41_,80.90_80.80_80.70_80.60_80.50_,56_60_42_61_122_
11:15:11,80.90,2,1685,81.00_81.10_81.20_81.30_81.40_,153_74_60_45_41_,80.90_80.80_80.70_80.60_80.50_,55_59_42_61_122_
11:15:31,80.90,2,1685,81.00_81.10_81.20_81.30_81.40_,153_74_60_45_41_,80.90_80.80_80.70_80.60_80.50_,54_59_42_61_122_
11:15:41,80.90,1,1686,81.00_81.10_81.20_81.30_81.40_,153_74_60_45_41_,80.90_80.80_80.70_80.60_80.50_,53_59_42_61_122_
11:16:17,80.90,12,1699,81.00_81.10_81.20_81.30_81.40_,157_74_60_45_41_,80.90_80.80_80.70_80.60_80.50_,90_59_42_61_122_
11:16:32,81.00,5,1705,81.00_81.10_81.20_81.30_81.40_,152_74_60_45_41_,80.90_80.80_80.70_80.60_80.50_,89_54_42_61_122_
11:16:38,81.00,1,1706,81.00_81.10_81.20_81.30_81.40_,151_74_60_45_41_,80.90_80.80_80.70_80.60_80.50_,88_71_42_44_139_
11:16:58,81.00,2,1708,81.00_81.10_81.20_81.30_81.40_,149_74_60_45_41_,80.90_80.80_80.70_80.60_80.50_,88_69_42_44_139_
11:17:29,80.90,2,1710,81.00_81.10_81.20_81.30_81.40_,149_74_62_45_41_,80.90_80.80_80.70_80.60_80.50_,117_71_42_61_122_
11:19:27,81.00,1,1719,81.00_81.10_81.20_81.30_81.40_,146_74_62_45_41_,80.90_80.80_80.70_80.60_80.50_,117_83_42_44_139_
11:19:32,81.00,2,1721,81.00_81.10_81.20_81.30_81.40_,144_74_62_45_41_,80.90_80.80_80.70_80.60_80.50_,116_83_42_44_139_
11:19:37,81.00,2,1721,81.00_81.10_81.20_81.30_81.40_,144_74_62_45_41_,80.90_80.80_80.70_80.60_80.50_,134_83_42_44_139_
11:20:39,81.00,3,1727,81.00_81.10_81.20_81.30_81.40_,140_74_62_45_41_,80.90_80.80_80.70_80.60_80.50_,146_83_42_44_139_
11:21:09,81.10,1,1972,81.20_81.30_81.40_81.50_81.60_,35_30_40_93_48_,81.10_81.00_80.90_80.80_80.70_,40_218_129_33_94_
11:21:14,81.10,1,1972,81.20_81.30_81.40_81.50_81.60_,36_30_40_93_48_,81.10_81.00_80.90_80.80_80.70_,43_218_129_33_94_
11:21:19,81.20,2,1974,81.20_81.30_81.40_81.50_81.60_,34_30_40_93_48_,81.10_81.00_80.90_80.80_80.70_,46_215_129_33_94_
11:21:30,81.20,10,1984,81.20_81.30_81.40_81.50_81.60_,24_31_40_93_48_,81.10_81.00_80.90_80.80_80.70_,48_219_129_33_94_
11:22:06,81.10,4,1995,81.20_81.30_81.40_81.50_81.60_,47_61_40_93_48_,81.10_81.00_80.90_80.80_80.70_,39_219_129_32_94_
11:22:11,81.10,4,1995,81.20_81.30_81.40_81.50_81.60_,47_61_40_93_48_,81.10_81.00_80.90_80.80_80.70_,39_219_130_32_94_
11:24:44,81.10,4,2005,81.20_81.30_81.40_81.50_81.60_,42_63_41_93_54_,81.10_81.00_80.90_80.80_80.70_,44_219_129_32_94_
11:25:25,81.10,1,2016,81.20_81.30_81.40_81.50_81.60_,53_63_41_93_54_,81.10_81.00_80.90_80.80_80.70_,56_219_129_32_94_
11:25:51,81.20,3,2019,81.20_81.30_81.40_81.50_81.60_,50_63_41_94_54_,81.10_81.00_80.90_80.80_80.70_,55_219_79_32_94_
11:25:56,81.20,3,2019,81.20_81.30_81.40_81.50_81.60_,50_63_41_94_54_,81.10_81.00_80.90_80.80_80.70_,55_220_79_32_94_
11:26:42,81.20,5,2024,81.20_81.30_81.40_81.50_81.60_,45_63_41_94_54_,81.10_81.00_80.90_80.80_80.70_,56_220_80_32_94_
11:27:28,81.10,10,2043,81.20_81.30_81.40_81.50_81.60_,52_63_41_94_54_,81.10_81.00_80.90_80.80_80.70_,41_221_79_32_94_
11:27:43,81.10,10,2043,81.20_81.30_81.40_81.50_81.60_,52_63_41_94_54_,81.10_81.00_80.90_80.80_80.70_,42_221_79_32_94_
11:28:30,81.10,1,2046,81.20_81.30_81.40_81.50_81.60_,50_64_81_94_54_,81.10_81.00_80.90_80.80_80.70_,35_221_79_42_95_
11:28:40,81.10,37,2083,81.10_81.20_81.30_81.40_81.50_,13_50_64_81_94_,81.00_80.90_80.80_80.70_80.60_,221_79_42_95_34_
11:28:45,81.10,37,2083,81.10_81.20_81.30_81.40_81.50_,13_48_64_87_89_,81.00_80.90_80.80_80.70_80.60_,225_133_42_33_96_
11:28:50,81.10,37,2083,81.10_81.20_81.30_81.40_81.50_,15_50_62_87_89_,81.00_80.90_80.80_80.70_80.60_,225_133_42_33_96_
11:29:11,81.00,2,2085,81.10_81.20_81.30_81.40_81.50_,15_51_61_87_89_,81.00_80.90_80.80_80.70_80.60_,224_133_42_33_96_
11:30:07,81.00,2,2091,81.10_81.20_81.30_81.40_81.50_,12_50_61_87_89_,81.00_80.90_80.80_80.70_80.60_,223_133_42_33_96_
11:30:12,81.00,2,2091,81.10_81.20_81.30_81.40_81.50_,12_50_61_87_89_,81.00_80.90_80.80_80.70_80.60_,219_133_42_33_96_
11:30:33,81.00,2,2091,81.10_81.20_81.30_81.40_81.50_,42_50_61_87_89_,81.00_80.90_80.80_80.70_80.60_,219_133_42_33_96_
11:32:05,81.00,2,2094,81.10_81.20_81.30_81.40_81.50_,43_51_72_88_89_,81.00_80.90_80.80_80.70_80.60_,223_134_42_32_96_
11:32:10,81.00,1,2095,81.10_81.20_81.30_81.40_81.50_,43_51_72_88_89_,81.00_80.90_80.80_80.70_80.60_,223_133_42_32_96_
11:33:11,81.00,2,2101,81.10_81.20_81.30_81.40_81.50_,40_52_72_88_89_,81.00_80.90_80.80_80.70_80.60_,210_133_42_42_96_
11:33:47,81.10,2,2103,81.10_81.20_81.30_81.40_81.50_,38_52_72_88_89_,81.00_80.90_80.80_80.70_80.60_,210_133_42_42_96_
11:34:33,81.10,2,2113,81.10_81.20_81.30_81.40_81.50_,36_52_72_88_89_,81.00_80.90_80.80_80.70_80.60_,201_133_42_42_96_
11:34:44,81.10,4,2117,81.10_81.20_81.30_81.40_81.50_,32_52_72_88_89_,81.00_80.90_80.80_80.70_80.60_,199_133_42_42_96_
11:35:25,81.10,2,2119,81.10_81.20_81.30_81.40_81.50_,34_52_72_88_89_,81.00_80.90_80.80_80.70_80.60_,201_148_43_42_96_
11:37:43,81.10,1,2134,81.10_81.20_81.30_81.40_81.50_,37_62_72_88_89_,81.00_80.90_80.80_80.70_80.60_,199_148_42_42_96_
11:38:09,81.00,2,2136,81.10_81.20_81.30_81.40_81.50_,37_62_72_88_89_,81.00_80.90_80.80_80.70_80.60_,197_148_42_42_96_
11:38:44,81.00,7,2143,81.10_81.20_81.30_81.40_81.50_,37_62_72_88_89_,81.00_80.90_80.80_80.70_80.60_,193_148_42_42_96_
11:39:10,81.10,2,2148,81.10_81.20_81.30_81.40_81.50_,35_62_72_88_89_,81.00_80.90_80.80_80.70_80.60_,216_148_43_28_82_
11:40:42,81.10,1,2153,81.10_81.20_81.30_81.40_81.50_,38_62_72_88_89_,81.00_80.90_80.80_80.70_80.60_,215_149_42_28_82_
11:41:18,81.00,2,2206,81.10_81.20_81.30_81.40_81.50_,47_62_72_88_89_,81.00_80.90_80.80_80.70_80.60_,163_149_42_28_82_
11:42:51,81.10,1,2244,81.10_81.20_81.30_81.40_81.50_,16_63_72_88_89_,81.00_80.90_80.80_80.70_80.60_,200_100_42_28_83_
11:43:06,81.00,1,2245,81.10_81.20_81.30_81.40_81.50_,16_63_72_88_89_,81.00_80.90_80.80_80.70_80.60_,199_100_42_28_83_
11:43:57,81.10,1,2250,81.10_81.20_81.30_81.40_81.50_,24_62_73_88_89_,81.00_80.90_80.80_80.70_80.60_,199_100_44_28_82_
11:45:24,81.10,1,2258,81.10_81.20_81.30_81.40_81.50_,43_62_73_88_89_,81.00_80.90_80.80_80.70_80.60_,195_171_42_28_82_
11:45:45,81.10,2,2260,81.10_81.20_81.30_81.40_81.50_,41_62_73_88_89_,81.00_80.90_80.80_80.70_80.60_,193_171_42_28_82_
11:46:26,81.10,2,2263,81.10_81.20_81.30_81.40_81.50_,39_62_73_88_89_,81.00_80.90_80.80_80.70_80.60_,190_171_42_28_82_
11:47:38,81.00,4,2270,81.10_81.20_81.30_81.40_81.50_,38_62_73_88_89_,81.00_80.90_80.80_80.70_80.60_,184_170_42_28_82_
11:47:43,81.10,6,2276,81.10_81.20_81.30_81.40_81.50_,33_63_73_88_88_,81.00_80.90_80.80_80.70_80.60_,181_170_42_28_82_
11:47:48,81.10,6,2276,81.10_81.20_81.30_81.40_81.50_,33_63_73_88_88_,81.00_80.90_80.80_80.70_80.60_,181_170_43_28_82_
11:47:53,81.10,6,2276,81.10_81.20_81.30_81.40_81.50_,33_63_73_88_88_,81.00_80.90_80.80_80.70_80.60_,182_170_43_28_82_
11:49:15,81.00,1,2282,81.10_81.20_81.30_81.40_81.50_,40_73_63_78_78_,81.00_80.90_80.80_80.70_80.60_,181_160_32_18_92_
11:49:30,81.00,1,2282,81.10_81.20_81.30_81.40_81.50_,41_72_63_78_78_,81.00_80.90_80.80_80.70_80.60_,180_160_32_18_93_
11:53:00,81.10,1,2296,81.10_81.20_81.30_81.40_81.50_,50_76_63_78_88_,81.00_80.90_80.80_80.70_80.60_,172_160_32_28_93_
11:55:03,81.10,2,2320,81.10_81.20_81.30_81.40_81.50_,34_81_68_92_88_,81.00_80.90_80.80_80.70_80.60_,166_145_42_28_93_
11:58:23,81.10,50,2433,81.10_81.20_81.30_81.40_81.50_,18_80_67_92_88_,81.00_80.90_80.80_80.70_80.60_,116_147_42_28_93_
12:00:16,81.10,2,2501,81.20_81.30_81.40_81.50_81.60_,101_66_87_97_56_,81.10_81.00_80.90_80.80_80.70_,4_149_142_41_90_
12:03:26,81.00,5,2612,81.10_81.20_81.30_81.40_81.50_,6_112_66_95_88_,81.00_80.90_80.80_80.70_80.60_,177_173_41_28_83_
12:03:36,81.00,5,2622,81.10_81.20_81.30_81.40_81.50_,7_116_67_95_87_,81.00_80.90_80.80_80.70_80.60_,169_173_41_28_83_
12:08:44,81.00,5,2808,81.10_81.20_81.30_81.40_81.50_,11_112_76_94_91_,81.00_80.90_80.80_80.70_80.60_,60_161_41_28_83_
12:09:25,81.00,3,2818,81.10_81.20_81.30_81.40_81.50_,4_111_76_94_90_,81.00_80.90_80.80_80.70_80.60_,76_161_42_28_83_
12:11:33,81.00,1,2872,81.10_81.20_81.30_81.40_81.50_,77_102_77_93_90_,81.00_80.90_80.80_80.70_80.60_,74_161_41_28_83_
12:11:48,81.10,3,2875,81.10_81.20_81.30_81.40_81.50_,74_102_77_93_90_,81.00_80.90_80.80_80.70_80.60_,74_161_41_28_83_
12:13:20,81.00,17,2984,81.00_81.10_81.20_81.30_81.40_,33_87_98_72_90_,80.90_80.80_80.70_80.60_80.50_,159_41_28_83_65_
12:13:46,81.00,8,3025,81.10_81.20_81.30_81.40_81.50_,80_106_72_90_80_,81.00_80.90_80.80_80.70_80.60_,10_179_84_28_93_
12:14:01,81.00,8,3025,81.10_81.20_81.30_81.40_81.50_,78_96_72_90_90_,81.00_80.90_80.80_80.70_80.60_,19_189_82_28_83_
12:14:11,81.00,3,3047,81.10_81.20_81.30_81.40_81.50_,78_96_78_82_90_,81.00_80.90_80.80_80.70_80.60_,7_189_96_28_21_
12:15:18,81.00,10,3065,81.10_81.20_81.30_81.40_81.50_,75_97_73_90_90_,81.00_80.90_80.80_80.70_80.60_,79_179_44_28_83_
12:15:38,81.00,5,3085,81.10_81.20_81.30_81.40_81.50_,75_96_72_90_90_,81.00_80.90_80.80_80.70_80.60_,65_179_44_28_83_
12:15:59,81.00,6,3106,81.10_81.20_81.30_81.40_81.50_,76_96_72_90_90_,81.00_80.90_80.80_80.70_80.60_,60_182_41_28_83_
12:16:04,81.00,6,3106,81.10_81.20_81.30_81.40_81.50_,76_96_72_90_90_,81.00_80.90_80.80_80.70_80.60_,64_182_41_28_83_
12:16:55,81.00,6,3106,81.10_81.20_81.30_81.40_81.50_,79_96_72_90_90_,81.00_80.90_80.80_80.70_80.60_,67_179_41_28_83_
12:17:10,81.00,2,3108,81.10_81.20_81.30_81.40_81.50_,79_96_72_90_90_,81.00_80.90_80.80_80.70_80.60_,65_179_41_28_83_
12:19:39,81.10,1,3165,81.10_81.20_81.30_81.40_81.50_,81_97_72_90_90_,81.00_80.90_80.80_80.70_80.60_,36_174_41_28_83_
12:20:00,81.10,2,3167,81.10_81.20_81.30_81.40_81.50_,84_97_72_90_90_,81.00_80.90_80.80_80.70_80.60_,40_175_41_28_83_
12:21:57,81.00,1,3230,81.10_81.20_81.30_81.40_81.50_,135_95_77_90_95_,81.00_80.90_80.80_80.70_80.60_,59_174_42_28_83_
12:22:13,81.10,2,3232,81.10_81.20_81.30_81.40_81.50_,133_95_77_90_95_,81.00_80.90_80.80_80.70_80.60_,57_175_42_28_83_
12:22:28,81.10,2,3232,81.10_81.20_81.30_81.40_81.50_,133_95_77_90_95_,81.00_80.90_80.80_80.70_80.60_,58_175_41_28_83_
12:22:48,81.10,3,3235,81.10_81.20_81.30_81.40_81.50_,130_95_77_90_95_,81.00_80.90_80.80_80.70_80.60_,57_169_41_28_83_
12:22:59,81.00,1,3236,81.10_81.20_81.30_81.40_81.50_,129_95_77_90_95_,81.00_80.90_80.80_80.70_80.60_,59_170_41_28_83_
12:23:09,81.00,4,3240,81.10_81.20_81.30_81.40_81.50_,130_95_77_90_95_,81.00_80.90_80.80_80.70_80.60_,56_169_41_28_83_
12:23:19,81.00,5,3250,81.10_81.20_81.30_81.40_81.50_,130_95_77_90_95_,81.00_80.90_80.80_80.70_80.60_,46_168_41_28_83_
12:24:46,81.00,5,3370,81.00_81.10_81.20_81.30_81.40_,44_119_103_85_82_,80.90_80.80_80.70_80.60_80.50_,158_92_45_31_128_
12:26:44,81.00,1,3471,81.00_81.10_81.20_81.30_81.40_,28_118_104_85_82_,80.90_80.80_80.70_80.60_80.50_,164_93_45_31_128_
12:26:59,81.00,20,3494,81.00_81.10_81.20_81.30_81.40_,6_117_104_85_82_,80.90_80.80_80.70_80.60_80.50_,145_93_45_31_128_
12:27:46,81.00,1,3496,81.00_81.10_81.20_81.30_81.40_,46_117_84_85_82_,80.90_80.80_80.70_80.60_80.50_,147_91_45_31_128_
12:27:51,81.00,1,3496,81.00_81.10_81.20_81.30_81.40_,51_117_84_85_82_,80.90_80.80_80.70_80.60_80.50_,147_91_45_31_128_
12:30:14,81.00,1,3528,81.00_81.10_81.20_81.30_81.40_,105_125_84_85_72_,80.90_80.80_80.70_80.60_80.50_,39_37_116_31_138_
12:31:05,81.00,1,3549,81.00_81.10_81.20_81.30_81.40_,85_126_84_85_72_,80.90_80.80_80.70_80.60_80.50_,45_46_115_31_128_
12:32:48,81.00,2,3602,81.00_81.10_81.20_81.30_81.40_,37_119_84_85_82_,80.90_80.80_80.70_80.60_80.50_,53_41_115_31_128_
12:32:53,81.00,4,3606,81.00_81.10_81.20_81.30_81.40_,34_119_84_85_82_,80.90_80.80_80.70_80.60_80.50_,49_41_115_31_128_
12:33:03,81.00,1,3610,81.00_81.10_81.20_81.30_81.40_,30_120_84_85_82_,80.90_80.80_80.70_80.60_80.50_,50_48_115_31_128_
12:34:20,81.00,1,3658,81.00_81.10_81.20_81.30_81.40_,6_120_74_85_82_,80.90_80.80_80.70_80.60_80.50_,46_48_116_31_128_
12:34:25,81.00,3,3661,81.00_81.10_81.20_81.30_81.40_,3_120_74_85_82_,80.90_80.80_80.70_80.60_80.50_,44_48_116_31_128_
12:34:41,81.00,6,3669,81.00_81.10_81.20_81.30_81.40_,15_120_74_85_82_,80.90_80.80_80.70_80.60_80.50_,46_47_116_31_128_
12:35:57,81.00,1,3696,81.00_81.10_81.20_81.30_81.40_,91_117_74_85_42_,80.90_80.80_80.70_80.60_80.50_,48_53_115_31_128_
12:37:30,81.00,2,3739,81.00_81.10_81.20_81.30_81.40_,86_117_64_86_42_,80.90_80.80_80.70_80.60_80.50_,44_39_115_31_128_
12:39:33,81.00,3,3791,81.00_81.10_81.20_81.30_81.40_,75_120_64_86_42_,80.90_80.80_80.70_80.60_80.50_,37_61_115_31_128_
12:39:38,81.00,4,3795,81.00_81.10_81.20_81.30_81.40_,76_120_64_86_42_,80.90_80.80_80.70_80.60_80.50_,35_55_115_31_128_
12:39:43,81.00,2,3797,81.00_81.10_81.20_81.30_81.40_,79_120_64_86_42_,80.90_80.80_80.70_80.60_80.50_,35_39_115_31_118_
12:41:15,81.00,1,3866,81.00_81.10_81.20_81.30_81.40_,120_125_73_78_32_,80.80_80.70_80.60_80.50_80.40_,58_135_31_65_32_
12:41:20,80.90,1,3867,80.90_81.00_81.10_81.20_81.30_,17_120_125_73_78_,80.80_80.70_80.60_80.50_80.40_,58_135_31_65_32_
12:41:25,80.90,3,3870,80.90_81.00_81.10_81.20_81.30_,14_120_125_73_78_,80.80_80.70_80.60_80.50_80.40_,58_135_31_65_32_
12:41:31,80.90,1,3871,80.90_81.00_81.10_81.20_81.30_,13_121_125_72_78_,80.80_80.70_80.60_80.50_80.40_,59_135_31_65_32_
12:41:36,80.90,6,3877,80.90_81.00_81.10_81.20_81.30_,7_121_125_72_78_,80.80_80.70_80.60_80.50_80.40_,58_135_31_65_32_
12:41:41,80.90,1,3878,80.90_81.00_81.10_81.20_81.30_,7_121_125_72_78_,80.80_80.70_80.60_80.50_80.40_,58_135_31_65_32_
12:45:11,81.00,3,3934,81.00_81.10_81.20_81.30_81.40_,210_115_64_88_32_,80.90_80.80_80.70_80.60_80.50_,5_36_117_32_75_
12:46:17,81.00,2,3947,81.00_81.10_81.20_81.30_81.40_,211_114_65_89_32_,80.90_80.80_80.70_80.60_80.50_,2_36_116_33_76_
12:46:33,81.00,2,3947,81.00_81.10_81.20_81.30_81.40_,212_114_65_89_32_,80.90_80.80_80.70_80.60_80.50_,3_36_134_33_76_
12:48:05,81.00,1,3957,81.00_81.10_81.20_81.30_81.40_,334_65_18_59_32_,80.90_80.80_80.70_80.60_80.50_,6_46_116_33_66_
12:51:20,81.00,1,3992,81.00_81.10_81.20_81.30_81.40_,324_54_18_58_33_,80.90_80.80_80.70_80.60_80.50_,4_54_135_33_66_
12:52:21,81.00,1,3995,81.00_81.10_81.20_81.30_81.40_,326_45_18_58_43_,80.90_80.80_80.70_80.60_80.50_,8_55_115_33_66_
12:54:29,80.90,1,4007,81.00_81.10_81.20_81.30_81.40_,327_45_18_58_43_,80.90_80.80_80.70_80.60_80.50_,11_59_115_33_66_
12:54:39,80.90,1,4007,81.00_81.10_81.20_81.30_81.40_,327_45_18_58_43_,80.90_80.80_80.70_80.60_80.50_,88_60_115_33_66_
12:55:41,81.00,6,4026,81.00_81.10_81.20_81.30_81.40_,317_44_18_58_43_,80.90_80.80_80.70_80.60_80.50_,89_59_115_33_66_
13:00:12,81.50,1,4661,81.50_81.60_81.70_81.80_81.90_,38_59_70_59_32_,81.40_81.30_81.20_81.10_81.00_,7_17_13_11_157_
13:02:15,81.50,6,4733,81.50_81.60_81.70_81.80_81.90_,25_56_72_59_42_,81.40_81.30_81.20_81.10_81.00_,7_17_14_14_231_
13:04:08,81.40,4,4789,81.50_81.60_81.70_81.80_81.90_,57_42_64_49_32_,81.40_81.30_81.20_81.10_81.00_,6_6_2_6_252_
13:10:48,81.80,8,5147,81.80_81.90_82.00_82.10_82.20_,53_46_364_29_138_,81.70_81.60_81.50_81.40_81.30_,17_16_28_10_109_
13:11:03,81.80,12,5219,81.80_81.90_82.00_82.10_82.20_,3_47_364_29_138_,81.70_81.60_81.50_81.40_81.30_,31_8_12_43_112_
13:11:29,81.70,1,5223,81.80_81.90_82.00_82.10_82.20_,52_47_365_39_159_,81.70_81.60_81.50_81.40_81.30_,31_14_12_45_112_
13:11:34,81.70,1,5223,81.80_81.90_82.00_82.10_82.20_,61_48_365_39_159_,81.70_81.60_81.50_81.40_81.30_,31_15_13_45_112_
13:11:39,81.70,1,5223,81.80_81.90_82.00_82.10_82.20_,62_53_366_39_159_,81.70_81.60_81.50_81.40_81.30_,32_15_12_45_112_
13:11:44,81.70,1,5224,81.80_81.90_82.00_82.10_82.20_,62_53_381_39_159_,81.70_81.60_81.50_81.40_81.30_,31_15_12_45_112_
13:13:47,81.80,2,5333,81.90_82.00_82.10_82.20_82.30_,46_395_17_173_46_,81.80_81.70_81.60_81.50_81.40_,17_20_18_11_108_
13:13:52,81.80,1,5334,81.90_82.00_82.10_82.20_82.30_,67_395_17_173_46_,81.80_81.70_81.60_81.50_81.40_,16_20_18_11_108_
13:14:02,81.90,2,5336,81.90_82.00_82.10_82.20_82.30_,66_395_27_173_46_,81.80_81.70_81.60_81.50_81.40_,16_20_18_11_108_
13:14:33,81.90,4,5354,81.90_82.00_82.10_82.20_82.30_,58_404_27_176_46_,81.80_81.70_81.60_81.50_81.40_,17_20_18_11_108_
13:14:53,81.90,4,5354,81.90_82.00_82.10_82.20_82.30_,59_404_27_176_46_,81.80_81.70_81.60_81.50_81.40_,17_7_18_11_108_
13:15:49,81.90,4,5434,81.90_82.00_82.10_82.20_82.30_,10_422_27_176_46_,81.80_81.70_81.60_81.50_81.40_,18_6_18_11_108_
13:19:19,81.90,2,5590,82.00_82.10_82.20_82.30_82.40_,426_17_168_60_80_,81.90_81.80_81.70_81.60_81.50_,163_44_10_10_73_
13:20:06,82.00,333,5973,82.00_82.10_82.20_82.30_82.40_,100_28_153_60_75_,81.90_81.80_81.70_81.60_81.50_,14_40_10_10_73_
13:20:11,82.00,2,5975,82.00_82.10_82.20_82.30_82.40_,99_28_153_60_75_,81.90_81.80_81.70_81.60_81.50_,64_40_10_10_73_
13:20:16,82.00,10,5985,82.00_82.10_82.20_82.30_82.40_,90_18_153_60_85_,81.90_81.80_81.70_81.60_81.50_,64_40_10_10_73_
13:20:26,82.00,27,6089,82.10_82.20_82.30_82.40_82.50_,21_153_60_86_100_,82.00_81.90_81.80_81.70_81.60_,43_64_50_10_10_
13:20:36,82.00,15,6106,82.10_82.20_82.30_82.40_82.50_,26_143_46_94_111_,82.00_81.90_81.80_81.70_81.60_,41_51_29_10_72_
13:20:47,82.00,1,6108,82.10_82.20_82.30_82.40_82.50_,26_144_46_94_111_,82.00_81.90_81.80_81.70_81.60_,106_52_29_10_72_
13:20:57,82.00,5,6113,82.10_82.20_82.30_82.40_82.50_,28_144_46_94_109_,82.00_81.90_81.80_81.70_81.60_,133_62_29_10_62_
13:21:58,82.00,18,6208,82.10_82.20_82.30_82.40_82.50_,58_144_46_94_113_,82.00_81.90_81.80_81.70_81.60_,52_61_28_10_62_
13:22:09,82.00,1,6210,82.10_82.20_82.30_82.40_82.50_,58_144_46_94_113_,82.00_81.90_81.80_81.70_81.60_,52_51_28_10_72_
13:22:14,82.00,10,6220,82.10_82.20_82.30_82.40_82.50_,58_144_46_94_113_,82.00_81.90_81.80_81.70_81.60_,42_51_28_10_72_
13:22:19,82.00,14,6234,82.10_82.20_82.30_82.40_82.50_,58_144_46_94_113_,82.00_81.90_81.80_81.70_81.60_,28_51_28_10_72_
13:22:29,82.00,26,6261,82.10_82.20_82.30_82.40_82.50_,61_144_96_94_113_,82.00_81.90_81.80_81.70_81.60_,1_52_28_10_72_
13:22:34,82.00,1,6262,82.10_82.20_82.30_82.40_82.50_,61_154_96_94_103_,81.90_81.80_81.70_81.60_81.50_,52_28_10_72_51_
13:22:39,82.00,1,6262,82.00_82.10_82.20_82.30_82.40_,5_58_154_106_86_,81.90_81.80_81.70_81.60_81.50_,51_28_10_13_110_
13:22:49,82.00,1,6263,82.00_82.10_82.20_82.30_82.40_,16_50_154_106_86_,81.90_81.80_81.70_81.60_81.50_,75_18_10_10_123_
13:24:27,82.00,16,6335,82.00_82.10_82.20_82.30_82.40_,9_51_392_161_177_,81.90_81.80_81.70_81.60_81.50_,63_6_30_20_113_
13:28:04,81.90,7,6348,81.90_82.00_82.10_82.20_82.30_,22_128_60_391_399_,81.80_81.70_81.60_81.50_81.40_,18_20_68_203_232_
13:29:41,81.90,7,6348,81.90_82.00_82.10_82.20_82.30_,12_148_91_361_379_,81.80_81.70_81.60_81.50_81.40_,84_101_131_276_295_
13:30:00,81.90,457,6805,81.90_82.00_82.10_82.20_82.30_,14_148_91_361_379_,81.80_81.70_81.60_81.50_81.40_,84_101_131_276_295_
