13:00:40,23.35,1,769,23.40_23.45_23.50_23.55_23.60_,32_64_37_24_3_,23.35_23.30_23.25_23.20_23.15_,42_85_11_41_11_
13:02:53,23.35,3,779,23.40_23.45_23.50_23.55_23.60_,29_61_40_24_3_,23.35_23.30_23.25_23.20_23.15_,36_85_11_41_11_
13:03:34,23.35,1,803,23.40_23.45_23.50_23.55_23.60_,8_63_38_24_3_,23.35_23.30_23.25_23.20_23.15_,35_85_11_41_11_
13:04:30,23.35,1,803,23.40_23.45_23.50_23.55_23.60_,10_63_38_24_3_,23.35_23.30_23.25_23.20_23.15_,35_85_11_41_11_
13:04:35,23.35,1,803,23.40_23.45_23.50_23.55_23.60_,11_63_38_24_3_,23.35_23.30_23.25_23.20_23.15_,35_85_11_41_11_
13:05:26,23.35,1,804,23.40_23.45_23.50_23.55_23.60_,13_63_38_24_3_,23.35_23.30_23.25_23.20_23.15_,34_85_11_41_11_
13:05:52,23.35,2,806,23.40_23.45_23.50_23.55_23.60_,11_63_38_24_3_,23.35_23.30_23.25_23.20_23.15_,32_85_11_41_11_
13:09:48,23.30,125,938,23.40_23.45_23.50_23.55_23.60_,10_61_40_24_2_,23.30_23.25_23.20_23.15_23.10_,12_11_41_11_32_
13:10:19,23.25,1,966,23.35_23.40_23.45_23.50_23.55_,18_39_55_7_17_,23.25_23.20_23.15_23.10_23.05_,32_40_22_40_9_
13:10:44,23.40,1,976,23.40_23.45_23.50_23.55_23.60_,20_65_20_24_2_,23.35_23.30_23.25_23.20_23.15_,1_37_45_43_10_
13:13:23,23.30,2,986,23.35_23.40_23.45_23.50_23.55_,27_19_78_13_14_,23.30_23.25_23.20_23.15_23.10_,35_46_41_11_40_
13:14:35,23.30,5,995,23.35_23.40_23.45_23.50_23.55_,36_16_79_13_14_,23.30_23.25_23.20_23.15_23.10_,26_46_41_11_40_
13:14:40,23.30,1,996,23.35_23.40_23.45_23.50_23.55_,37_17_78_13_14_,23.30_23.25_23.20_23.15_23.10_,26_46_41_11_40_
13:14:45,23.30,4,1000,23.35_23.40_23.45_23.50_23.55_,37_17_79_13_14_,23.30_23.25_23.20_23.15_23.10_,22_46_41_11_40_
13:16:07,23.25,1,1048,23.30_23.35_23.40_23.45_23.50_,5_26_49_46_6_,23.25_23.20_23.15_23.10_23.05_,59_66_29_32_17_
13:17:55,23.25,1,1054,23.30_23.35_23.40_23.45_23.50_,12_35_34_46_3_,23.25_23.20_23.15_23.10_23.05_,64_68_30_32_17_
13:18:00,23.25,1,1055,23.30_23.35_23.40_23.45_23.50_,12_35_34_46_3_,23.25_23.20_23.15_23.10_23.05_,64_68_30_32_17_
13:18:05,23.25,1,1056,23.30_23.35_23.40_23.45_23.50_,12_35_34_46_3_,23.25_23.20_23.15_23.10_23.05_,63_68_30_32_17_
13:20:03,23.25,1,1068,23.30_23.35_23.40_23.45_23.50_,8_22_47_46_3_,23.25_23.20_23.15_23.10_23.05_,61_65_33_32_17_
13:20:08,23.25,1,1069,23.30_23.35_23.40_23.45_23.50_,8_35_34_46_3_,23.25_23.20_23.15_23.10_23.05_,61_65_33_32_17_
13:24:03,23.25,1,1077,23.30_23.35_23.40_23.45_23.50_,12_34_47_45_31_,23.25_23.20_23.15_23.10_23.05_,66_73_73_33_17_
13:24:34,23.35,2,1094,23.35_23.40_23.45_23.50_23.55_,35_17_77_38_43_,23.30_23.25_23.20_23.15_23.10_,3_66_95_55_41_
13:24:39,23.35,2,1094,23.35_23.40_23.45_23.50_23.55_,35_31_63_38_43_,23.30_23.25_23.20_23.15_23.10_,3_66_71_80_41_
13:25:35,23.35,2,1094,23.35_23.40_23.45_23.50_23.55_,15_28_51_38_42_,23.25_23.20_23.15_23.10_23.05_,49_58_116_54_9_
13:25:40,23.35,2,1094,23.35_23.40_23.45_23.50_23.55_,15_28_51_38_42_,23.30_23.25_23.20_23.15_23.10_,8_59_58_116_54_
13:25:45,23.35,2,1094,23.35_23.40_23.45_23.50_23.55_,15_28_51_38_42_,23.25_23.20_23.15_23.10_23.05_,49_58_116_54_9_
13:27:43,23.35,2,1094,23.35_23.40_23.45_23.50_23.55_,14_27_62_38_42_,23.25_23.20_23.15_23.10_23.05_,47_57_152_90_44_
13:27:54,23.35,2,1094,23.35_23.40_23.45_23.50_23.55_,14_27_62_38_42_,23.25_23.20_23.15_23.10_23.05_,48_57_152_90_44_
13:28:29,23.35,2,1094,23.35_23.40_23.45_23.50_23.55_,14_27_62_38_42_,23.25_23.20_23.15_23.10_23.05_,41_57_152_90_44_
13:29:10,23.35,2,1094,23.35_23.40_23.45_23.50_23.55_,74_27_62_38_42_,23.25_23.20_23.15_23.10_23.05_,42_119_212_150_44_
13:30:00,23.25,51,1145,23.35_23.40_23.45_23.50_23.55_,74_27_62_38_42_,23.25_23.20_23.15_23.10_23.05_,46_119_212_150_44_
09:00:23,23.45,1,25,23.50_23.55_23.60_23.65_23.70_,8_40_30_14_1_,23.15_23.10_23.05_23.00_22.95_,7_22_15_20_3_
09:00:54,23.45,1,25,23.40_23.50_23.55_23.60_23.65_,1_9_40_30_13_,23.25_23.20_23.15_23.10_23.05_,13_15_17_19_15_
09:01:45,23.40,1,26,23.40_23.45_23.50_23.55_23.60_,1_17_23_49_30_,23.30_23.25_23.20_23.15_23.10_,8_11_29_60_19_
09:01:45,23.40,1,26,23.40_23.45_23.50_23.55_23.60_,1_17_23_49_30_,23.30_23.25_23.20_23.15_23.10_,8_11_29_60_19_
09:04:09,23.40,1,26,23.40_23.45_23.50_23.55_23.60_,7_3_22_55_30_,23.35_23.30_23.25_23.20_23.15_,13_8_124_61_20_
09:04:09,23.40,1,26,23.40_23.45_23.50_23.55_23.60_,7_3_22_55_30_,23.35_23.30_23.25_23.20_23.15_,13_8_124_61_20_
09:04:34,23.40,1,26,23.40_23.45_23.50_23.55_23.60_,7_3_22_55_37_,23.35_23.30_23.25_23.20_23.15_,6_15_124_61_20_
09:06:06,23.50,3,38,23.50_23.55_23.60_23.65_23.70_,3_47_44_33_12_,23.45_23.40_23.35_23.30_23.25_,3_10_5_46_124_
09:06:11,23.45,1,39,23.50_23.55_23.60_23.65_23.70_,2_44_52_33_12_,23.45_23.40_23.35_23.30_23.25_,2_3_12_46_124_
09:06:16,23.45,1,39,23.50_23.55_23.60_23.65_23.70_,2_44_53_40_5_,23.45_23.40_23.35_23.30_23.25_,2_3_12_46_124_
09:06:16,23.45,1,39,23.50_23.55_23.60_23.65_23.70_,2_44_53_40_5_,23.45_23.40_23.35_23.30_23.25_,2_3_12_46_124_
09:06:22,23.45,1,39,23.50_23.55_23.60_23.65_23.70_,12_44_53_40_5_,23.45_23.40_23.35_23.30_23.25_,2_3_12_46_124_
09:06:27,23.45,1,39,23.50_23.55_23.60_23.65_23.70_,14_44_54_40_5_,23.45_23.40_23.35_23.30_23.25_,2_3_12_46_124_
09:06:27,23.45,1,39,23.50_23.55_23.60_23.65_23.70_,14_44_54_40_5_,23.45_23.40_23.35_23.30_23.25_,2_3_12_46_124_
09:06:27,23.45,1,39,23.50_23.55_23.60_23.65_23.70_,14_44_54_40_5_,23.45_23.40_23.35_23.30_23.25_,2_3_12_46_124_
09:06:27,23.45,1,39,23.50_23.55_23.60_23.65_23.70_,14_44_54_40_5_,23.45_23.40_23.35_23.30_23.25_,2_3_12_46_124_
09:06:27,23.45,1,39,23.50_23.55_23.60_23.65_23.70_,14_44_54_40_5_,23.45_23.40_23.35_23.30_23.25_,2_3_12_46_124_
09:06:27,23.45,1,39,23.50_23.55_23.60_23.65_23.70_,14_44_54_40_5_,23.45_23.40_23.35_23.30_23.25_,2_3_12_46_124_
09:07:18,23.45,1,39,23.50_23.55_23.60_23.65_23.70_,14_46_54_40_5_,23.45_23.35_23.30_23.25_23.20_,2_12_46_124_17_
09:07:59,23.45,1,39,23.50_23.55_23.60_23.65_23.70_,14_46_54_40_5_,23.45_23.35_23.30_23.25_23.20_,6_13_51_124_17_
09:09:36,23.45,1,39,23.50_23.55_23.60_23.65_23.70_,14_46_54_41_5_,23.45_23.35_23.30_23.25_23.20_,6_13_51_124_18_
09:10:01,23.45,1,39,23.50_23.55_23.60_23.65_23.70_,16_44_54_41_5_,23.45_23.35_23.30_23.25_23.20_,6_13_51_124_18_
09:10:01,23.45,1,39,23.50_23.55_23.60_23.65_23.70_,16_44_54_41_5_,23.45_23.35_23.30_23.25_23.20_,6_13_51_124_18_
09:10:01,23.45,1,39,23.50_23.55_23.60_23.65_23.70_,16_44_54_41_5_,23.45_23.35_23.30_23.25_23.20_,6_13_51_124_18_
09:10:01,23.45,1,39,23.50_23.55_23.60_23.65_23.70_,16_44_54_41_5_,23.45_23.35_23.30_23.25_23.20_,6_13_51_124_18_
09:10:01,23.45,1,39,23.50_23.55_23.60_23.65_23.70_,16_44_54_41_5_,23.45_23.35_23.30_23.25_23.20_,6_13_51_124_18_
09:10:01,23.45,1,39,23.50_23.55_23.60_23.65_23.70_,16_44_54_41_5_,23.45_23.35_23.30_23.25_23.20_,6_13_51_124_18_
09:10:01,23.45,1,39,23.50_23.55_23.60_23.65_23.70_,16_44_54_41_5_,23.45_23.35_23.30_23.25_23.20_,6_13_51_124_18_
09:10:01,23.45,1,39,23.50_23.55_23.60_23.65_23.70_,16_44_54_41_5_,23.45_23.35_23.30_23.25_23.20_,6_13_51_124_18_
09:10:01,23.45,1,39,23.50_23.55_23.60_23.65_23.70_,16_44_54_41_5_,23.45_23.35_23.30_23.25_23.20_,6_13_51_124_18_
09:12:15,23.45,1,40,23.50_23.55_23.60_23.65_23.70_,16_46_54_41_5_,23.45_23.35_23.30_23.25_23.20_,5_13_51_124_18_
09:12:15,23.45,1,40,23.50_23.55_23.60_23.65_23.70_,16_46_54_41_5_,23.45_23.35_23.30_23.25_23.20_,5_13_51_124_18_
09:13:01,23.45,1,40,23.50_23.55_23.60_23.65_23.70_,16_46_54_46_5_,23.45_23.35_23.30_23.25_23.20_,5_13_51_124_18_
09:13:52,23.45,1,40,23.50_23.55_23.60_23.65_23.70_,16_46_55_46_5_,23.45_23.35_23.30_23.25_23.20_,5_13_51_124_18_
09:15:19,23.50,4,50,23.50_23.55_23.60_23.65_23.70_,9_46_55_39_5_,23.45_23.40_23.35_23.30_23.25_,24_10_6_51_124_
09:15:24,23.50,5,55,23.50_23.55_23.60_23.65_23.70_,4_46_55_39_5_,23.45_23.40_23.35_23.30_23.25_,24_10_6_51_124_
09:15:29,23.45,1,56,23.50_23.55_23.60_23.65_23.70_,3_46_56_39_5_,23.45_23.40_23.35_23.30_23.25_,23_10_6_51_124_
09:15:34,23.50,1,57,23.50_23.55_23.60_23.65_23.70_,2_46_55_39_5_,23.45_23.40_23.35_23.30_23.25_,23_10_6_51_124_
09:15:40,23.50,1,57,23.50_23.55_23.60_23.65_23.70_,4_44_55_39_5_,23.45_23.40_23.35_23.30_23.25_,23_10_6_51_124_
09:16:51,23.45,2,65,23.50_23.55_23.60_23.65_23.70_,15_44_55_46_5_,23.45_23.40_23.35_23.30_23.25_,14_10_13_51_125_
09:16:51,23.45,2,65,23.50_23.55_23.60_23.65_23.70_,15_44_55_46_5_,23.45_23.40_23.35_23.30_23.25_,14_10_13_51_125_
09:17:27,23.45,1,66,23.50_23.55_23.60_23.65_23.70_,15_47_55_46_5_,23.45_23.40_23.35_23.30_23.25_,13_10_13_51_125_
09:17:58,23.45,1,66,23.50_23.55_23.60_23.65_23.70_,15_47_55_46_5_,23.45_23.40_23.35_23.30_23.25_,18_11_13_51_125_
09:17:58,23.45,1,66,23.50_23.55_23.60_23.65_23.70_,15_47_55_46_5_,23.45_23.40_23.35_23.30_23.25_,18_11_13_51_125_
09:17:58,23.45,1,66,23.50_23.55_23.60_23.65_23.70_,15_47_55_46_5_,23.45_23.40_23.35_23.30_23.25_,18_11_13_51_125_
09:18:13,23.45,1,66,23.50_23.55_23.60_23.65_23.70_,15_47_55_46_5_,23.45_23.40_23.35_23.30_23.25_,21_11_13_51_125_
09:18:13,23.45,1,66,23.50_23.55_23.60_23.65_23.70_,15_47_55_46_5_,23.45_23.40_23.35_23.30_23.25_,21_11_13_51_125_
09:21:17,23.45,1,67,23.50_23.55_23.60_23.65_23.70_,25_44_64_39_5_,23.45_23.40_23.35_23.30_23.25_,20_11_13_51_125_
09:21:17,23.45,1,67,23.50_23.55_23.60_23.65_23.70_,25_44_64_39_5_,23.45_23.40_23.35_23.30_23.25_,20_11_13_51_125_
09:22:39,23.50,1,71,23.50_23.55_23.60_23.65_23.70_,23_44_64_39_5_,23.45_23.40_23.35_23.30_23.25_,18_11_13_51_125_
09:23:10,23.50,1,71,23.50_23.55_23.60_23.65_23.70_,23_44_64_39_5_,23.45_23.40_23.35_23.30_23.25_,20_11_13_51_125_
09:24:07,23.50,1,71,23.50_23.55_23.60_23.65_23.70_,22_44_64_39_5_,23.45_23.40_23.35_23.30_23.25_,20_11_13_51_125_
09:24:48,23.45,1,72,23.50_23.55_23.60_23.65_23.70_,21_44_64_39_5_,23.45_23.40_23.35_23.30_23.25_,17_11_13_51_125_
09:24:53,23.45,1,72,23.50_23.55_23.60_23.65_23.70_,21_44_64_39_5_,23.45_23.40_23.35_23.30_23.25_,17_11_13_52_125_
09:24:53,23.45,1,72,23.50_23.55_23.60_23.65_23.70_,21_44_64_39_5_,23.45_23.40_23.35_23.30_23.25_,17_11_13_52_125_
09:25:08,23.45,1,72,23.50_23.55_23.60_23.65_23.70_,21_44_57_46_5_,23.45_23.40_23.35_23.30_23.25_,17_11_13_52_125_
09:25:13,23.45,1,72,23.50_23.55_23.60_23.65_23.70_,21_44_57_39_12_,23.45_23.40_23.35_23.30_23.25_,18_18_6_52_125_
09:25:13,23.45,1,72,23.50_23.55_23.60_23.65_23.70_,21_44_57_39_12_,23.45_23.40_23.35_23.30_23.25_,18_18_6_52_125_
09:25:13,23.45,1,72,23.50_23.55_23.60_23.65_23.70_,21_44_57_39_12_,23.45_23.40_23.35_23.30_23.25_,18_18_6_52_125_
09:26:15,23.45,1,72,23.50_23.55_23.60_23.65_23.70_,21_47_57_39_12_,23.45_23.40_23.35_23.30_23.25_,18_18_6_52_125_
09:30:05,23.45,1,112,23.45_23.50_23.55_23.60_23.65_,8_21_57_51_26_,23.40_23.35_23.30_23.25_23.20_,13_13_9_167_20_
09:30:10,23.45,1,112,23.45_23.50_23.55_23.60_23.65_,8_21_57_51_26_,23.40_23.35_23.30_23.25_23.20_,14_13_9_167_20_
09:33:50,23.45,3,126,23.45_23.50_23.55_23.60_23.65_,15_29_56_51_19_,23.40_23.35_23.30_23.25_23.20_,18_17_19_174_20_
09:33:50,23.45,3,126,23.45_23.50_23.55_23.60_23.65_,15_29_56_51_19_,23.40_23.35_23.30_23.25_23.20_,18_17_19_174_20_
09:34:42,23.40,1,127,23.45_23.50_23.55_23.60_23.65_,15_32_56_51_19_,23.40_23.35_23.30_23.25_23.20_,17_17_31_162_20_
09:34:47,23.40,1,127,23.45_23.50_23.55_23.60_23.65_,15_32_56_51_19_,23.40_23.35_23.30_23.25_23.20_,17_17_31_162_22_
09:34:47,23.40,1,127,23.45_23.50_23.55_23.60_23.65_,15_32_56_51_19_,23.40_23.35_23.30_23.25_23.20_,17_17_31_162_22_
09:38:17,23.40,16,144,23.40_23.45_23.50_23.55_23.60_,4_18_29_56_51_,23.35_23.30_23.25_23.20_23.15_,17_20_174_22_21_
09:38:27,23.40,1,148,23.40_23.45_23.50_23.55_23.60_,5_18_43_55_31_,23.35_23.30_23.25_23.20_23.15_,19_20_132_65_21_
09:38:32,23.40,1,148,23.40_23.45_23.50_23.55_23.60_,8_16_43_55_31_,23.35_23.30_23.25_23.20_23.15_,19_20_132_65_21_
09:38:37,23.40,1,148,23.40_23.45_23.50_23.55_23.60_,11_13_45_55_31_,23.35_23.30_23.25_23.20_23.15_,19_20_132_65_21_
09:38:37,23.40,1,148,23.40_23.45_23.50_23.55_23.60_,11_13_45_55_31_,23.35_23.30_23.25_23.20_23.15_,19_20_132_65_21_
09:39:03,23.40,1,148,23.40_23.45_23.50_23.55_23.60_,14_10_45_55_31_,23.35_23.30_23.25_23.20_23.15_,19_20_132_65_21_
09:39:18,23.40,1,148,23.40_23.45_23.50_23.55_23.60_,15_10_45_55_31_,23.35_23.30_23.25_23.20_23.15_,23_20_133_65_21_
09:44:00,23.40,1,187,23.40_23.45_23.50_23.55_23.60_,16_17_33_55_31_,23.35_23.30_23.25_23.20_23.15_,19_22_126_63_21_
09:44:00,23.40,1,187,23.40_23.45_23.50_23.55_23.60_,16_17_33_55_31_,23.35_23.30_23.25_23.20_23.15_,19_22_126_63_21_
09:44:21,23.40,1,187,23.40_23.45_23.50_23.55_23.60_,16_17_33_55_31_,23.35_23.30_23.25_23.20_23.15_,14_22_126_63_21_
09:44:21,23.40,1,187,23.40_23.45_23.50_23.55_23.60_,16_17_33_55_31_,23.35_23.30_23.25_23.20_23.15_,14_22_126_63_21_
09:44:21,23.40,1,187,23.40_23.45_23.50_23.55_23.60_,16_17_33_55_31_,23.35_23.30_23.25_23.20_23.15_,14_22_126_63_21_
09:44:21,23.40,1,187,23.40_23.45_23.50_23.55_23.60_,16_17_33_55_31_,23.35_23.30_23.25_23.20_23.15_,14_22_126_63_21_
09:44:21,23.40,1,187,23.40_23.45_23.50_23.55_23.60_,16_17_33_55_31_,23.35_23.30_23.25_23.20_23.15_,14_22_126_63_21_
09:46:23,23.35,4,192,23.40_23.45_23.50_23.55_23.60_,12_20_33_55_31_,23.35_23.30_23.25_23.20_23.15_,11_23_136_52_20_
09:46:54,23.35,14,206,23.35_23.40_23.45_23.50_23.55_,6_12_20_33_55_,23.30_23.25_23.20_23.15_23.10_,23_136_52_20_23_
09:47:09,23.30,3,209,23.35_23.40_23.45_23.50_23.55_,16_14_25_20_49_,23.30_23.25_23.20_23.15_23.10_,26_135_24_51_23_
09:48:36,23.30,3,209,23.35_23.40_23.45_23.50_23.55_,17_13_25_20_49_,23.30_23.25_23.20_23.15_23.10_,39_135_24_51_23_
09:49:12,23.30,1,210,23.35_23.40_23.45_23.50_23.55_,19_13_25_20_49_,23.30_23.25_23.20_23.15_23.10_,45_135_24_51_23_
09:51:31,23.35,2,231,23.35_23.40_23.45_23.50_23.55_,2_8_26_34_39_,23.30_23.25_23.20_23.15_23.10_,43_135_21_51_23_
09:51:31,23.35,2,231,23.35_23.40_23.45_23.50_23.55_,2_8_26_34_39_,23.30_23.25_23.20_23.15_23.10_,43_135_21_51_23_
09:53:03,23.45,2,240,23.45_23.50_23.55_23.60_23.65_,21_21_64_53_22_,23.40_23.35_23.30_23.25_23.20_,14_9_44_158_21_
09:53:19,23.45,2,240,23.45_23.50_23.55_23.60_23.65_,21_24_64_53_22_,23.40_23.35_23.30_23.25_23.20_,14_9_44_158_21_
09:53:19,23.45,2,240,23.45_23.50_23.55_23.60_23.65_,21_24_64_53_22_,23.40_23.35_23.30_23.25_23.20_,14_9_44_158_21_
09:53:19,23.45,2,240,23.45_23.50_23.55_23.60_23.65_,21_24_64_53_22_,23.40_23.35_23.30_23.25_23.20_,14_9_44_158_21_
09:53:19,23.45,2,240,23.45_23.50_23.55_23.60_23.65_,21_24_64_53_22_,23.40_23.35_23.30_23.25_23.20_,14_9_44_158_21_
09:54:25,23.45,2,240,23.45_23.50_23.55_23.60_23.65_,13_31_65_53_22_,23.40_23.35_23.30_23.25_23.20_,16_9_44_158_21_
09:54:25,23.45,2,240,23.45_23.50_23.55_23.60_23.65_,13_31_65_53_22_,23.40_23.35_23.30_23.25_23.20_,16_9_44_158_21_
09:57:55,23.35,1,270,23.40_23.45_23.50_23.55_23.60_,12_24_36_59_33_,23.35_23.30_23.25_23.20_23.15_,7_44_128_52_20_
09:58:05,23.35,1,270,23.40_23.45_23.50_23.55_23.60_,15_21_36_59_33_,23.35_23.30_23.25_23.20_23.15_,8_44_128_52_20_
09:58:05,23.35,1,270,23.40_23.45_23.50_23.55_23.60_,15_21_36_59_33_,23.35_23.30_23.25_23.20_23.15_,8_44_128_52_20_
09:58:05,23.35,1,270,23.40_23.45_23.50_23.55_23.60_,15_21_36_59_33_,23.35_23.30_23.25_23.20_23.15_,8_44_128_52_20_
09:58:15,23.35,1,270,23.40_23.45_23.50_23.55_23.60_,16_21_36_59_33_,23.35_23.30_23.25_23.20_23.15_,9_44_128_52_20_
09:58:15,23.35,1,270,23.40_23.45_23.50_23.55_23.60_,16_21_36_59_33_,23.35_23.30_23.25_23.20_23.15_,9_44_128_52_20_
09:58:15,23.35,1,270,23.40_23.45_23.50_23.55_23.60_,16_21_36_59_33_,23.35_23.30_23.25_23.20_23.15_,9_44_128_52_20_
09:58:15,23.35,1,270,23.40_23.45_23.50_23.55_23.60_,16_21_36_59_33_,23.35_23.30_23.25_23.20_23.15_,9_44_128_52_20_
09:58:15,23.35,1,270,23.40_23.45_23.50_23.55_23.60_,16_21_36_59_33_,23.35_23.30_23.25_23.20_23.15_,9_44_128_52_20_
09:58:15,23.35,1,270,23.40_23.45_23.50_23.55_23.60_,16_21_36_59_33_,23.35_23.30_23.25_23.20_23.15_,9_44_128_52_20_
09:58:15,23.35,1,270,23.40_23.45_23.50_23.55_23.60_,16_21_36_59_33_,23.35_23.30_23.25_23.20_23.15_,9_44_128_52_20_
09:59:27,23.35,1,270,23.40_23.45_23.50_23.55_23.60_,16_21_36_59_33_,23.35_23.30_23.25_23.20_23.15_,14_44_128_52_20_
10:00:18,23.35,1,272,23.40_23.45_23.50_23.55_23.60_,18_23_36_59_33_,23.35_23.30_23.25_23.20_23.15_,13_44_128_52_20_
10:00:23,23.35,1,272,23.40_23.45_23.50_23.55_23.60_,18_23_36_59_33_,23.35_23.30_23.25_23.20_23.15_,9_44_128_52_20_
10:00:23,23.35,1,272,23.40_23.45_23.50_23.55_23.60_,18_23_36_59_33_,23.35_23.30_23.25_23.20_23.15_,9_44_128_52_20_
10:02:57,23.35,1,273,23.40_23.45_23.50_23.55_23.60_,20_23_36_59_33_,23.35_23.30_23.25_23.20_23.15_,21_44_129_52_20_
10:02:57,23.35,1,273,23.40_23.45_23.50_23.55_23.60_,20_23_36_59_33_,23.35_23.30_23.25_23.20_23.15_,21_44_129_52_20_
10:02:57,23.35,1,273,23.40_23.45_23.50_23.55_23.60_,20_23_36_59_33_,23.35_23.30_23.25_23.20_23.15_,21_44_129_52_20_
10:05:21,23.30,1,332,23.35_23.40_23.45_23.50_23.55_,15_23_28_10_53_,23.30_23.25_23.20_23.15_23.10_,16_142_22_51_23_
10:05:21,23.30,1,332,23.35_23.40_23.45_23.50_23.55_,15_23_28_10_53_,23.30_23.25_23.20_23.15_23.10_,16_142_22_51_23_
10:05:47,23.30,1,332,23.35_23.40_23.45_23.50_23.55_,15_23_28_24_39_,23.30_23.25_23.20_23.15_23.10_,39_142_22_51_23_
10:05:47,23.30,1,332,23.35_23.40_23.45_23.50_23.55_,15_23_28_24_39_,23.30_23.25_23.20_23.15_23.10_,39_142_22_51_23_
10:07:44,23.30,1,487,23.30_23.35_23.40_23.45_23.50_,43_16_22_28_5_,23.25_23.20_23.15_23.10_23.05_,85_58_21_55_15_
10:08:25,23.30,5,527,23.30_23.35_23.40_23.45_23.50_,3_6_33_28_6_,23.25_23.20_23.15_23.10_23.05_,85_58_21_55_15_
10:08:46,23.30,1,529,23.30_23.35_23.40_23.45_23.50_,5_4_35_28_6_,23.25_23.20_23.15_23.10_23.05_,97_59_21_56_15_
10:08:46,23.30,1,529,23.30_23.35_23.40_23.45_23.50_,5_4_35_28_6_,23.25_23.20_23.15_23.10_23.05_,97_59_21_56_15_
10:08:46,23.30,1,529,23.30_23.35_23.40_23.45_23.50_,5_4_35_28_6_,23.25_23.20_23.15_23.10_23.05_,97_59_21_56_15_
10:08:46,23.30,1,529,23.30_23.35_23.40_23.45_23.50_,5_4_35_28_6_,23.25_23.20_23.15_23.10_23.05_,97_59_21_56_15_
10:08:46,23.30,1,529,23.30_23.35_23.40_23.45_23.50_,5_4_35_28_6_,23.25_23.20_23.15_23.10_23.05_,97_59_21_56_15_
10:09:22,23.30,1,529,23.30_23.35_23.40_23.45_23.50_,3_4_35_28_6_,23.25_23.20_23.15_23.10_23.05_,98_59_21_56_15_
10:11:04,23.30,3,532,23.35_23.40_23.45_23.50_23.55_,4_20_25_26_40_,23.30_23.25_23.20_23.15_23.10_,9_111_90_52_25_
10:12:47,23.30,3,532,23.35_23.40_23.45_23.50_23.55_,6_20_25_26_40_,23.30_23.25_23.20_23.15_23.10_,9_121_89_52_25_
10:13:58,23.30,3,532,23.35_23.40_23.45_23.50_23.55_,7_22_25_26_40_,23.30_23.25_23.20_23.15_23.10_,8_121_89_52_25_
10:15:05,23.30,3,532,23.35_23.40_23.45_23.50_23.55_,9_22_20_26_40_,23.30_23.25_23.20_23.15_23.10_,8_121_89_52_25_
10:15:10,23.30,3,532,23.35_23.40_23.45_23.50_23.55_,10_21_20_26_40_,23.30_23.25_23.20_23.15_23.10_,8_121_89_52_25_
10:15:10,23.30,3,532,23.35_23.40_23.45_23.50_23.55_,10_21_20_26_40_,23.30_23.25_23.20_23.15_23.10_,8_121_89_52_25_
10:16:12,23.30,3,532,23.35_23.40_23.45_23.50_23.55_,16_21_21_26_40_,23.30_23.25_23.20_23.15_23.10_,8_121_89_52_25_
10:16:17,23.30,3,532,23.35_23.40_23.45_23.50_23.55_,16_23_21_26_40_,23.30_23.25_23.20_23.15_23.10_,8_121_89_52_25_
10:16:17,23.30,3,532,23.35_23.40_23.45_23.50_23.55_,16_23_21_26_40_,23.30_23.25_23.20_23.15_23.10_,8_121_89_52_25_
10:16:22,23.30,3,532,23.35_23.40_23.45_23.50_23.55_,15_23_21_26_40_,23.30_23.25_23.20_23.15_23.10_,8_121_89_52_25_
10:16:53,23.30,3,532,23.35_23.40_23.45_23.50_23.55_,15_23_21_26_40_,23.30_23.25_23.20_23.15_23.10_,10_121_89_52_25_
10:16:53,23.30,3,532,23.35_23.40_23.45_23.50_23.55_,15_23_21_26_40_,23.30_23.25_23.20_23.15_23.10_,10_121_89_52_25_
10:16:53,23.30,3,532,23.35_23.40_23.45_23.50_23.55_,15_23_21_26_40_,23.30_23.25_23.20_23.15_23.10_,10_121_89_52_25_
10:19:37,23.30,2,543,23.35_23.40_23.45_23.50_23.55_,21_24_21_27_40_,23.30_23.25_23.20_23.15_23.10_,12_121_89_52_25_
10:19:37,23.30,2,543,23.35_23.40_23.45_23.50_23.55_,21_24_21_27_40_,23.30_23.25_23.20_23.15_23.10_,12_121_89_52_25_
10:19:52,23.30,2,543,23.35_23.40_23.45_23.50_23.55_,21_24_21_27_40_,23.30_23.25_23.20_23.15_23.10_,13_121_89_52_25_
10:19:52,23.30,2,543,23.35_23.40_23.45_23.50_23.55_,21_24_21_27_40_,23.30_23.25_23.20_23.15_23.10_,13_121_89_52_25_
10:20:02,23.30,2,543,23.35_23.40_23.45_23.50_23.55_,23_22_21_27_40_,23.30_23.25_23.20_23.15_23.10_,13_121_89_52_25_
10:21:40,23.30,1,548,23.35_23.40_23.45_23.50_23.55_,22_24_21_31_40_,23.30_23.25_23.20_23.15_23.10_,8_121_89_66_25_
10:21:55,23.30,1,548,23.35_23.40_23.45_23.50_23.55_,22_24_21_31_40_,23.30_23.25_23.20_23.15_23.10_,9_121_89_66_25_
10:22:46,23.35,2,551,23.35_23.40_23.45_23.50_23.55_,22_23_21_31_40_,23.30_23.25_23.20_23.15_23.10_,61_121_89_66_25_
10:22:56,23.30,2,553,23.35_23.40_23.45_23.50_23.55_,23_22_21_31_40_,23.30_23.25_23.20_23.15_23.10_,71_117_86_65_24_
10:22:56,23.30,2,553,23.35_23.40_23.45_23.50_23.55_,23_22_21_31_40_,23.30_23.25_23.20_23.15_23.10_,71_117_86_65_24_
10:24:24,23.35,1,586,23.40_23.45_23.50_23.55_23.60_,6_19_28_64_33_,23.35_23.30_23.25_23.20_23.15_,28_75_99_84_20_
10:24:49,23.35,1,586,23.40_23.45_23.50_23.55_23.60_,6_19_28_64_33_,23.35_23.30_23.25_23.20_23.15_,29_75_99_84_20_
10:24:54,23.35,1,586,23.40_23.45_23.50_23.55_23.60_,6_19_28_64_33_,23.35_23.30_23.25_23.20_23.15_,29_75_99_85_20_
10:25:15,23.35,1,586,23.40_23.45_23.50_23.55_23.60_,6_22_28_64_33_,23.35_23.30_23.25_23.20_23.15_,29_75_99_85_20_
10:25:15,23.35,1,586,23.40_23.45_23.50_23.55_23.60_,6_22_28_64_33_,23.35_23.30_23.25_23.20_23.15_,29_75_99_85_20_
10:26:16,23.35,1,586,23.40_23.45_23.50_23.55_23.60_,6_23_28_64_33_,23.35_23.30_23.25_23.20_23.15_,30_75_99_85_20_
10:27:53,23.40,1,589,23.40_23.45_23.50_23.55_23.60_,6_23_28_64_33_,23.35_23.30_23.25_23.20_23.15_,30_75_97_85_20_
10:30:17,23.40,2,594,23.40_23.45_23.50_23.55_23.60_,1_24_29_64_33_,23.35_23.30_23.25_23.20_23.15_,32_74_97_85_20_
10:30:17,23.40,2,594,23.40_23.45_23.50_23.55_23.60_,1_24_29_64_33_,23.35_23.30_23.25_23.20_23.15_,32_74_97_85_20_
10:30:43,23.40,2,594,23.40_23.45_23.50_23.55_23.60_,1_26_29_64_33_,23.35_23.30_23.25_23.20_23.15_,32_75_97_85_20_
10:30:53,23.40,2,594,23.40_23.45_23.50_23.55_23.60_,2_26_29_64_33_,23.35_23.30_23.25_23.20_23.15_,32_75_97_85_20_
10:31:03,23.40,2,594,23.40_23.45_23.50_23.55_23.60_,5_23_29_64_33_,23.35_23.30_23.25_23.20_23.15_,32_75_97_85_20_
10:34:13,23.40,1,604,23.45_23.50_23.55_23.60_23.65_,24_30_63_33_21_,23.35_23.30_23.25_23.20_23.15_,35_75_97_85_20_
10:34:18,23.40,1,604,23.45_23.50_23.55_23.60_23.65_,24_30_70_47_21_,23.35_23.30_23.25_23.20_23.15_,35_75_97_85_20_
10:34:18,23.40,1,604,23.45_23.50_23.55_23.60_23.65_,24_30_70_47_21_,23.35_23.30_23.25_23.20_23.15_,35_75_97_85_20_
10:35:09,23.40,1,604,23.45_23.50_23.55_23.60_23.65_,11_45_68_47_21_,23.40_23.35_23.30_23.25_23.20_,1_35_75_97_85_
10:35:14,23.40,1,604,23.45_23.50_23.55_23.60_23.65_,11_31_73_54_21_,23.40_23.35_23.30_23.25_23.20_,1_35_75_141_41_
10:35:19,23.40,1,604,23.45_23.50_23.55_23.60_23.65_,11_30_73_54_21_,23.40_23.35_23.30_23.25_23.20_,1_35_75_141_41_
10:36:21,23.40,1,604,23.45_23.50_23.55_23.60_23.65_,11_25_73_54_21_,23.40_23.35_23.30_23.25_23.20_,8_31_75_141_41_
10:37:58,23.40,1,606,23.45_23.50_23.55_23.60_23.65_,12_24_73_54_21_,23.40_23.35_23.30_23.25_23.20_,7_42_63_141_41_
10:39:56,23.40,1,607,23.45_23.50_23.55_23.60_23.65_,22_24_73_54_21_,23.40_23.35_23.30_23.25_23.20_,6_42_63_141_41_
10:40:01,23.40,1,607,23.45_23.50_23.55_23.60_23.65_,25_23_72_54_21_,23.40_23.35_23.30_23.25_23.20_,6_42_63_141_41_
10:40:01,23.40,1,607,23.45_23.50_23.55_23.60_23.65_,25_23_72_54_21_,23.40_23.35_23.30_23.25_23.20_,6_42_63_141_41_
10:40:01,23.40,1,607,23.45_23.50_23.55_23.60_23.65_,25_23_72_54_21_,23.40_23.35_23.30_23.25_23.20_,6_42_63_141_41_
10:41:38,23.40,1,618,23.40_23.45_23.50_23.55_23.60_,14_36_25_61_33_,23.35_23.30_23.25_23.20_23.15_,28_74_97_85_20_
10:42:40,23.35,1,620,23.40_23.45_23.50_23.55_23.60_,33_34_24_60_33_,23.35_23.30_23.25_23.20_23.15_,26_74_97_85_20_
10:43:16,23.35,1,620,23.40_23.45_23.50_23.55_23.60_,33_36_24_60_33_,23.35_23.30_23.25_23.20_23.15_,26_74_97_85_20_
10:43:16,23.35,1,620,23.40_23.45_23.50_23.55_23.60_,33_36_24_60_33_,23.35_23.30_23.25_23.20_23.15_,26_74_97_85_20_
10:44:48,23.35,1,622,23.40_23.45_23.50_23.55_23.60_,45_37_24_60_33_,23.35_23.30_23.25_23.20_23.15_,25_74_97_85_20_
10:45:39,23.35,1,622,23.40_23.45_23.50_23.55_23.60_,44_37_24_60_33_,23.35_23.30_23.25_23.20_23.15_,26_74_97_85_20_
10:46:45,23.35,2,624,23.40_23.45_23.50_23.55_23.60_,46_37_24_60_33_,23.35_23.30_23.25_23.20_23.15_,24_74_97_85_20_
10:50:15,23.35,1,625,23.40_23.45_23.50_23.55_23.60_,53_25_35_60_33_,23.35_23.30_23.25_23.20_23.15_,39_74_50_85_20_
10:50:46,23.35,1,628,23.40_23.45_23.50_23.55_23.60_,53_37_23_60_33_,23.35_23.30_23.25_23.20_23.15_,46_74_50_85_20_
10:52:18,23.35,1,630,23.40_23.45_23.50_23.55_23.60_,51_37_22_60_33_,23.35_23.30_23.25_23.20_23.15_,45_74_50_85_20_
10:54:27,23.35,1,634,23.40_23.45_23.50_23.55_23.60_,48_37_23_60_33_,23.35_23.30_23.25_23.20_23.15_,41_74_50_85_20_
10:59:44,23.35,1,654,23.40_23.45_23.50_23.55_23.60_,39_20_38_60_33_,23.35_23.30_23.25_23.20_23.15_,67_62_50_85_20_
11:02:59,23.35,2,662,23.40_23.45_23.50_23.55_23.60_,40_33_26_60_33_,23.35_23.30_23.25_23.20_23.15_,56_76_53_85_20_
11:04:47,23.35,1,664,23.40_23.45_23.50_23.55_23.60_,99_36_22_60_33_,23.35_23.30_23.25_23.20_23.15_,52_76_53_86_20_
11:04:47,23.35,1,664,23.40_23.45_23.50_23.55_23.60_,99_36_22_60_33_,23.35_23.30_23.25_23.20_23.15_,52_76_53_86_20_
11:06:19,23.35,1,665,23.40_23.45_23.50_23.55_23.60_,100_36_22_60_33_,23.35_23.30_23.25_23.20_23.15_,51_76_53_86_20_
11:09:03,23.35,2,668,23.40_23.45_23.50_23.55_23.60_,101_34_22_60_33_,23.35_23.30_23.25_23.20_23.15_,48_76_53_86_20_
11:09:55,23.35,1,681,23.40_23.45_23.50_23.55_23.60_,102_35_21_60_33_,23.35_23.30_23.25_23.20_23.15_,37_79_53_86_20_
11:10:51,23.35,1,681,23.40_23.45_23.50_23.55_23.60_,105_35_21_60_33_,23.35_23.30_23.25_23.20_23.15_,37_79_53_86_20_
11:14:32,23.35,1,696,23.40_23.45_23.50_23.55_23.60_,104_34_23_60_33_,23.35_23.30_23.25_23.20_23.15_,25_79_53_86_20_
11:15:03,23.35,1,696,23.40_23.45_23.50_23.55_23.60_,103_34_23_60_33_,23.35_23.30_23.25_23.20_23.15_,25_68_64_86_21_
11:15:33,23.35,1,696,23.40_23.45_23.50_23.55_23.60_,104_36_23_60_33_,23.35_23.30_23.25_23.20_23.15_,27_68_64_86_21_
11:16:19,23.35,1,697,23.40_23.45_23.50_23.55_23.60_,103_36_23_60_33_,23.35_23.30_23.25_23.20_23.15_,26_68_64_86_21_
11:17:11,23.40,1,702,23.40_23.45_23.50_23.55_23.60_,102_38_24_60_33_,23.35_23.30_23.25_23.20_23.15_,33_68_64_86_21_
11:17:36,23.40,1,702,23.40_23.45_23.50_23.55_23.60_,103_38_25_60_33_,23.35_23.30_23.25_23.20_23.15_,34_68_64_86_21_
11:20:56,23.35,1,708,23.40_23.45_23.50_23.55_23.60_,103_36_25_60_33_,23.35_23.30_23.25_23.20_23.15_,24_79_53_86_21_
11:20:56,23.35,1,708,23.40_23.45_23.50_23.55_23.60_,103_36_25_60_33_,23.35_23.30_23.25_23.20_23.15_,24_79_53_86_21_
11:20:56,23.35,1,708,23.40_23.45_23.50_23.55_23.60_,103_36_25_60_33_,23.35_23.30_23.25_23.20_23.15_,24_79_53_86_21_
11:25:48,23.35,2,717,23.40_23.45_23.50_23.55_23.60_,103_36_23_60_33_,23.35_23.30_23.25_23.20_23.15_,39_76_53_86_21_
11:26:50,23.40,1,718,23.40_23.45_23.50_23.55_23.60_,102_36_23_60_33_,23.35_23.30_23.25_23.20_23.15_,39_76_53_86_21_
11:29:54,23.35,1,722,23.40_23.45_23.50_23.55_23.60_,104_35_23_60_33_,23.35_23.30_23.25_23.20_23.15_,36_76_53_86_21_
11:31:01,23.35,1,724,23.40_23.45_23.50_23.55_23.60_,103_35_23_60_33_,23.35_23.30_23.25_23.20_23.15_,35_76_53_86_21_
11:31:01,23.35,1,724,23.40_23.45_23.50_23.55_23.60_,103_35_23_60_33_,23.35_23.30_23.25_23.20_23.15_,35_76_53_86_21_
11:33:19,23.35,1,727,23.40_23.45_23.50_23.55_23.60_,106_38_23_60_33_,23.35_23.30_23.25_23.20_23.15_,32_78_53_86_21_
11:33:19,23.35,1,727,23.40_23.45_23.50_23.55_23.60_,106_38_23_60_33_,23.35_23.30_23.25_23.20_23.15_,32_78_53_86_21_
11:34:47,23.35,1,730,23.40_23.45_23.50_23.55_23.60_,105_36_23_60_33_,23.35_23.30_23.25_23.20_23.15_,34_78_53_86_21_
11:35:02,23.35,3,735,23.40_23.45_23.50_23.55_23.60_,105_32_24_60_33_,23.35_23.30_23.25_23.20_23.15_,29_78_53_86_21_
11:37:20,23.35,1,736,23.40_23.45_23.50_23.55_23.60_,108_33_24_60_33_,23.35_23.30_23.25_23.20_23.15_,27_78_53_86_21_
11:37:20,23.35,1,736,23.40_23.45_23.50_23.55_23.60_,108_33_24_60_33_,23.35_23.30_23.25_23.20_23.15_,27_78_53_86_21_
11:39:08,23.35,1,741,23.40_23.45_23.50_23.55_23.60_,109_34_24_60_33_,23.35_23.30_23.25_23.20_23.15_,25_78_53_87_21_
11:39:08,23.35,1,741,23.40_23.45_23.50_23.55_23.60_,109_34_24_60_33_,23.35_23.30_23.25_23.20_23.15_,25_78_53_87_21_
11:39:08,23.35,1,741,23.40_23.45_23.50_23.55_23.60_,109_34_24_60_33_,23.35_23.30_23.25_23.20_23.15_,25_78_53_87_21_
11:39:08,23.35,1,741,23.40_23.45_23.50_23.55_23.60_,109_34_24_60_33_,23.35_23.30_23.25_23.20_23.15_,25_78_53_87_21_
11:39:59,23.35,1,743,23.40_23.45_23.50_23.55_23.60_,109_37_23_60_33_,23.35_23.30_23.25_23.20_23.15_,23_78_53_87_21_
11:40:35,23.35,1,743,23.40_23.45_23.50_23.55_23.60_,109_37_24_60_33_,23.35_23.30_23.25_23.20_23.15_,23_78_53_87_21_
11:40:35,23.35,1,743,23.40_23.45_23.50_23.55_23.60_,109_37_24_60_33_,23.35_23.30_23.25_23.20_23.15_,23_78_53_87_21_
11:40:55,23.35,1,743,23.40_23.45_23.50_23.55_23.60_,108_37_24_60_33_,23.35_23.30_23.25_23.20_23.15_,23_78_53_87_21_
11:40:55,23.35,1,743,23.40_23.45_23.50_23.55_23.60_,108_37_24_60_33_,23.35_23.30_23.25_23.20_23.15_,23_78_53_87_21_
11:41:52,23.35,1,747,23.40_23.45_23.50_23.55_23.60_,108_37_24_60_33_,23.35_23.30_23.25_23.20_23.15_,19_78_53_87_21_
11:41:57,23.35,1,748,23.40_23.45_23.50_23.55_23.60_,108_37_25_60_33_,23.35_23.30_23.25_23.20_23.15_,18_78_53_87_21_
11:42:43,23.35,1,748,23.40_23.45_23.50_23.55_23.60_,109_37_25_60_33_,23.35_23.30_23.25_23.20_23.15_,18_78_53_87_21_
11:42:59,23.35,1,749,23.40_23.45_23.50_23.55_23.60_,108_37_25_60_33_,23.35_23.30_23.25_23.20_23.15_,17_78_53_87_21_
11:43:04,23.35,1,750,23.40_23.45_23.50_23.55_23.60_,108_37_25_60_33_,23.35_23.30_23.25_23.20_23.15_,16_78_53_87_21_
11:45:22,23.35,1,750,23.40_23.45_23.50_23.55_23.60_,109_37_25_60_33_,23.35_23.30_23.25_23.20_23.15_,16_78_53_87_21_
11:47:50,23.35,2,756,23.40_23.45_23.50_23.55_23.60_,106_42_25_60_33_,23.35_23.30_23.25_23.20_23.15_,36_78_53_87_21_
11:48:47,23.35,2,756,23.40_23.45_23.50_23.55_23.60_,107_42_25_60_33_,23.35_23.30_23.25_23.20_23.15_,37_78_53_87_21_
11:51:31,23.40,10,767,23.40_23.45_23.50_23.55_23.60_,96_42_25_60_33_,23.35_23.30_23.25_23.20_23.15_,59_82_53_87_21_
11:51:36,23.40,10,777,23.40_23.45_23.50_23.55_23.60_,87_39_24_60_33_,23.35_23.30_23.25_23.20_23.15_,59_85_53_87_21_
11:54:51,23.45,4,883,23.45_23.50_23.55_23.60_23.65_,21_24_64_53_21_,23.40_23.35_23.30_23.25_23.20_,15_65_72_97_43_
11:55:22,23.45,2,885,23.45_23.50_23.55_23.60_23.65_,20_21_67_53_21_,23.40_23.35_23.30_23.25_23.20_,17_69_72_83_57_
11:56:13,23.45,2,885,23.45_23.50_23.55_23.60_23.65_,20_22_67_53_21_,23.40_23.35_23.30_23.25_23.20_,17_69_72_83_57_
11:56:13,23.45,2,885,23.45_23.50_23.55_23.60_23.65_,20_22_67_53_21_,23.40_23.35_23.30_23.25_23.20_,17_69_72_83_57_
11:56:13,23.45,2,885,23.45_23.50_23.55_23.60_23.65_,20_22_67_53_21_,23.40_23.35_23.30_23.25_23.20_,17_69_72_83_57_
11:56:13,23.45,2,885,23.45_23.50_23.55_23.60_23.65_,20_22_67_53_21_,23.40_23.35_23.30_23.25_23.20_,17_69_72_83_57_
11:56:13,23.45,2,885,23.45_23.50_23.55_23.60_23.65_,20_22_67_53_21_,23.40_23.35_23.30_23.25_23.20_,17_69_72_83_57_
11:56:54,23.45,2,885,23.45_23.50_23.55_23.60_23.65_,21_22_69_53_21_,23.40_23.35_23.30_23.25_23.20_,18_69_72_83_57_
11:58:06,23.45,2,885,23.45_23.50_23.55_23.60_23.65_,24_23_69_53_21_,23.40_23.35_23.30_23.25_23.20_,19_70_71_83_57_
11:58:21,23.45,2,885,23.45_23.50_23.55_23.60_23.65_,24_23_71_53_21_,23.40_23.35_23.30_23.25_23.20_,19_70_71_83_57_
11:58:57,23.45,2,885,23.45_23.50_23.55_23.60_23.65_,27_23_72_53_21_,23.40_23.35_23.30_23.25_23.20_,21_70_71_83_57_
12:00:14,23.45,2,885,23.45_23.50_23.55_23.60_23.65_,27_25_72_53_21_,23.40_23.35_23.30_23.25_23.20_,21_70_71_83_57_
12:00:55,23.40,2,887,23.45_23.50_23.55_23.60_23.65_,29_25_72_53_21_,23.40_23.35_23.30_23.25_23.20_,17_70_71_97_43_
12:00:55,23.40,2,887,23.45_23.50_23.55_23.60_23.65_,29_25_72_53_21_,23.40_23.35_23.30_23.25_23.20_,17_70_71_97_43_
12:06:53,23.40,2,892,23.45_23.50_23.55_23.60_23.65_,36_25_72_53_21_,23.40_23.35_23.30_23.25_23.20_,24_70_71_97_43_
12:06:53,23.40,2,892,23.45_23.50_23.55_23.60_23.65_,36_25_72_53_21_,23.40_23.35_23.30_23.25_23.20_,24_70_71_97_43_
12:07:29,23.40,1,894,23.45_23.50_23.55_23.60_23.65_,35_25_72_53_21_,23.40_23.35_23.30_23.25_23.20_,22_70_71_97_43_
12:08:20,23.40,1,894,23.45_23.50_23.55_23.60_23.65_,36_25_72_53_21_,23.40_23.35_23.30_23.25_23.20_,22_70_71_97_43_
12:08:20,23.40,1,894,23.45_23.50_23.55_23.60_23.65_,36_25_72_53_21_,23.40_23.35_23.30_23.25_23.20_,22_70_71_97_43_
12:08:20,23.40,1,894,23.45_23.50_23.55_23.60_23.65_,36_25_72_53_21_,23.40_23.35_23.30_23.25_23.20_,22_70_71_97_43_
12:08:20,23.40,1,894,23.45_23.50_23.55_23.60_23.65_,36_25_72_53_21_,23.40_23.35_23.30_23.25_23.20_,22_70_71_97_43_
12:08:41,23.40,1,894,23.45_23.50_23.55_23.60_23.65_,37_25_72_53_21_,23.40_23.35_23.30_23.25_23.20_,22_70_71_97_43_
12:08:41,23.40,1,894,23.45_23.50_23.55_23.60_23.65_,37_25_72_53_21_,23.40_23.35_23.30_23.25_23.20_,22_70_71_97_43_
12:11:45,23.40,2,901,23.45_23.50_23.55_23.60_23.65_,39_27_73_53_21_,23.40_23.35_23.30_23.25_23.20_,22_70_71_96_43_
12:11:45,23.40,2,901,23.45_23.50_23.55_23.60_23.65_,39_27_73_53_21_,23.40_23.35_23.30_23.25_23.20_,22_70_71_96_43_
12:13:59,23.40,1,904,23.45_23.50_23.55_23.60_23.65_,36_27_73_53_21_,23.40_23.35_23.30_23.25_23.20_,33_67_71_96_33_
12:13:59,23.40,1,904,23.45_23.50_23.55_23.60_23.65_,36_27_73_53_21_,23.40_23.35_23.30_23.25_23.20_,33_67_71_96_33_
12:13:59,23.40,1,904,23.45_23.50_23.55_23.60_23.65_,36_27_73_53_21_,23.40_23.35_23.30_23.25_23.20_,33_67_71_96_33_
12:14:55,23.40,1,904,23.45_23.50_23.55_23.60_23.65_,35_27_73_53_21_,23.40_23.35_23.30_23.25_23.20_,33_67_71_76_13_
12:15:11,23.40,1,904,23.45_23.50_23.55_23.60_23.65_,36_27_73_53_21_,23.40_23.35_23.30_23.25_23.20_,33_67_71_76_13_
12:15:11,23.40,1,904,23.45_23.50_23.55_23.60_23.65_,36_27_73_53_21_,23.40_23.35_23.30_23.25_23.20_,33_67_71_76_13_
12:16:22,23.40,1,904,23.45_23.50_23.55_23.60_23.65_,37_27_73_53_21_,23.40_23.35_23.30_23.25_23.20_,33_67_71_76_13_
12:20:08,23.45,5,917,23.45_23.50_23.55_23.60_23.65_,34_29_74_53_21_,23.40_23.35_23.30_23.25_23.20_,24_67_71_76_13_
12:20:13,23.45,5,917,23.45_23.50_23.55_23.60_23.65_,33_28_89_39_21_,23.40_23.35_23.30_23.25_23.20_,24_67_71_62_27_
12:20:13,23.45,5,917,23.45_23.50_23.55_23.60_23.65_,33_28_89_39_21_,23.40_23.35_23.30_23.25_23.20_,24_67_71_62_27_
12:24:24,23.40,1,924,23.45_23.50_23.55_23.60_23.65_,33_28_77_53_21_,23.40_23.35_23.30_23.25_23.20_,23_67_71_76_13_
12:25:16,23.40,2,926,23.45_23.50_23.55_23.60_23.65_,33_28_77_53_21_,23.40_23.35_23.30_23.25_23.20_,21_67_66_76_13_
12:25:16,23.40,2,926,23.45_23.50_23.55_23.60_23.65_,33_28_77_53_21_,23.40_23.35_23.30_23.25_23.20_,21_67_66_76_13_
12:28:25,23.40,1,931,23.45_23.50_23.55_23.60_23.65_,34_28_74_53_21_,23.40_23.35_23.30_23.25_23.20_,16_67_66_76_13_
12:33:58,23.40,1,938,23.45_23.50_23.55_23.60_23.65_,33_26_74_53_21_,23.40_23.35_23.30_23.25_23.20_,79_61_21_76_13_
12:34:19,23.40,1,939,23.45_23.50_23.55_23.60_23.65_,35_26_74_53_21_,23.40_23.35_23.30_23.25_23.20_,81_61_21_76_13_
12:36:01,23.40,2,945,23.45_23.50_23.55_23.60_23.65_,33_26_74_53_21_,23.40_23.35_23.30_23.25_23.20_,86_61_21_76_13_
12:36:26,23.40,1,946,23.45_23.50_23.55_23.60_23.65_,33_26_74_53_21_,23.40_23.35_23.30_23.25_23.20_,85_62_21_86_13_
12:36:26,23.40,1,946,23.45_23.50_23.55_23.60_23.65_,33_26_74_53_21_,23.40_23.35_23.30_23.25_23.20_,85_62_21_86_13_
12:36:26,23.40,1,946,23.45_23.50_23.55_23.60_23.65_,33_26_74_53_21_,23.40_23.35_23.30_23.25_23.20_,85_62_21_86_13_
12:38:24,23.40,2,951,23.45_23.50_23.55_23.60_23.65_,31_28_88_39_21_,23.40_23.35_23.30_23.25_23.20_,100_66_22_86_13_
12:39:36,23.40,1,954,23.45_23.50_23.55_23.60_23.65_,28_29_74_53_21_,23.40_23.35_23.30_23.25_23.20_,87_59_22_86_13_
12:40:12,23.40,1,954,23.45_23.50_23.55_23.60_23.65_,31_27_74_53_21_,23.40_23.35_23.30_23.25_23.20_,85_59_22_86_13_
12:40:12,23.40,1,954,23.45_23.50_23.55_23.60_23.65_,31_27_74_53_21_,23.40_23.35_23.30_23.25_23.20_,85_59_22_86_13_
12:42:30,23.40,1,958,23.45_23.50_23.55_23.60_23.65_,29_27_88_41_21_,23.40_23.35_23.30_23.25_23.20_,83_59_22_86_13_
12:43:27,23.40,1,960,23.45_23.50_23.55_23.60_23.65_,42_28_91_41_21_,23.40_23.35_23.30_23.25_23.20_,81_61_21_86_13_
12:44:08,23.40,1,960,23.45_23.50_23.55_23.60_23.65_,43_28_91_41_21_,23.40_23.35_23.30_23.25_23.20_,81_61_21_86_13_
12:46:21,23.40,1,1003,23.45_23.50_23.55_23.60_23.65_,43_26_87_42_21_,23.40_23.35_23.30_23.25_23.20_,45_68_22_86_13_
12:46:21,23.40,1,1003,23.45_23.50_23.55_23.60_23.65_,43_26_87_42_21_,23.40_23.35_23.30_23.25_23.20_,45_68_22_86_13_
12:46:21,23.40,1,1003,23.45_23.50_23.55_23.60_23.65_,43_26_87_42_21_,23.40_23.35_23.30_23.25_23.20_,45_68_22_86_13_
12:46:46,23.40,1,1003,23.45_23.50_23.55_23.60_23.65_,43_26_89_42_21_,23.40_23.35_23.30_23.25_23.20_,45_68_22_86_13_
12:47:33,23.40,1,1003,23.45_23.50_23.55_23.60_23.65_,43_26_91_42_21_,23.40_23.35_23.30_23.25_23.20_,45_68_22_86_13_
12:47:53,23.40,1,1004,23.45_23.50_23.55_23.60_23.65_,43_26_91_42_21_,23.40_23.35_23.30_23.25_23.20_,44_68_22_86_13_
12:49:15,23.40,1,1006,23.45_23.50_23.55_23.60_23.65_,45_28_92_42_21_,23.40_23.35_23.30_23.25_23.20_,45_68_22_86_13_
12:51:49,23.45,1,1012,23.45_23.50_23.55_23.60_23.65_,42_28_92_41_21_,23.40_23.35_23.30_23.25_23.20_,52_63_22_72_27_
12:52:04,23.45,1,1014,23.45_23.50_23.55_23.60_23.65_,40_29_93_41_21_,23.40_23.35_23.30_23.25_23.20_,51_63_22_72_27_
12:52:04,23.45,1,1014,23.45_23.50_23.55_23.60_23.65_,40_29_93_41_21_,23.40_23.35_23.30_23.25_23.20_,51_63_22_72_27_
12:52:50,23.45,1,1014,23.45_23.50_23.55_23.60_23.65_,40_29_93_41_21_,23.40_23.35_23.30_23.25_23.20_,51_63_23_72_27_
12:56:15,23.40,1,1033,23.45_23.50_23.55_23.60_23.65_,40_25_92_41_21_,23.40_23.35_23.30_23.25_23.20_,50_54_23_86_14_
12:56:15,23.40,1,1033,23.45_23.50_23.55_23.60_23.65_,40_25_92_41_21_,23.40_23.35_23.30_23.25_23.20_,50_54_23_86_14_
12:56:15,23.40,1,1033,23.45_23.50_23.55_23.60_23.65_,40_25_92_41_21_,23.40_23.35_23.30_23.25_23.20_,50_54_23_86_14_
12:56:15,23.40,1,1033,23.45_23.50_23.55_23.60_23.65_,40_25_92_41_21_,23.40_23.35_23.30_23.25_23.20_,50_54_23_86_14_
12:56:15,23.40,1,1033,23.45_23.50_23.55_23.60_23.65_,40_25_92_41_21_,23.40_23.35_23.30_23.25_23.20_,50_54_23_86_14_
12:58:03,23.40,1,1047,23.45_23.50_23.55_23.60_23.65_,40_25_92_41_21_,23.40_23.35_23.30_23.25_23.20_,37_56_23_86_14_
12:59:20,23.40,1,1047,23.45_23.50_23.55_23.60_23.65_,39_25_92_41_21_,23.40_23.35_23.30_23.25_23.20_,52_51_23_86_14_
