09:00:46,104.50,22,987,104.50_105.00_105.50_106.00_106.50_,78_86_217_224_150_,104.00_103.50_103.00_102.50_102.00_,86_58_103_69_176_
09:00:51,104.00,73,1060,104.50_105.00_105.50_106.00_106.50_,70_81_219_191_150_,104.00_103.50_103.00_102.50_102.00_,33_59_103_69_179_
09:01:22,104.00,43,1380,104.00_104.50_105.00_105.50_106.00_,80_50_59_172_187_,103.50_103.00_102.50_102.00_101.50_,83_196_181_259_67_
09:02:19,104.50,61,1828,105.00_105.50_106.00_106.50_107.00_,106_99_167_149_229_,104.50_104.00_103.50_103.00_102.50_,5_187_150_122_84_
09:02:39,104.50,26,1946,104.50_105.00_105.50_106.00_106.50_,52_77_84_272_150_,104.00_103.50_103.00_102.50_102.00_,214_142_144_234_216_
09:02:54,104.50,49,2048,105.00_105.50_106.00_106.50_107.00_,80_89_276_151_229_,104.50_104.00_103.50_103.00_102.50_,12_224_141_146_240_
09:04:32,103.00,35,3220,103.50_104.00_104.50_105.00_105.50_,219_310_136_125_168_,103.00_102.50_102.00_101.50_101.00_,68_104_280_181_319_
09:07:16,104.00,9,4128,104.50_105.00_105.50_106.00_106.50_,150_149_620_541_119_,104.00_103.50_103.00_102.50_102.00_,77_476_260_115_450_
09:07:26,104.00,5,4143,104.50_105.00_105.50_106.00_106.50_,148_156_177_545_129_,104.00_103.50_103.00_102.50_102.00_,406_471_259_116_446_
09:07:57,104.00,11,4180,104.50_105.00_105.50_106.00_106.50_,181_189_180_545_574_,104.00_103.50_103.00_102.50_102.00_,432_476_277_95_670_
09:08:02,104.50,9,4189,104.50_105.00_105.50_106.00_106.50_,189_192_181_545_574_,104.00_103.50_103.00_102.50_102.00_,435_478_278_100_675_
09:08:38,104.50,3,4235,104.50_105.00_105.50_106.00_106.50_,229_202_180_545_577_,104.00_103.50_103.00_102.50_102.00_,449_509_451_456_695_
09:08:43,104.00,5,4240,104.50_105.00_105.50_106.00_106.50_,233_203_192_545_582_,104.00_103.50_103.00_102.50_102.00_,446_508_452_508_695_
09:08:48,104.50,5,4245,104.50_105.00_105.50_106.00_106.50_,232_206_244_545_582_,104.00_103.50_103.00_102.50_102.00_,463_507_454_508_696_
09:10:25,103.50,7,4679,103.50_104.00_104.50_105.00_105.50_,15_477_265_427_706_,103.00_102.50_102.00_101.50_101.00_,301_144_519_452_329_
09:10:31,103.00,5,4684,103.50_104.00_104.50_105.00_105.50_,27_471_266_427_704_,103.00_102.50_102.00_101.50_101.00_,299_146_519_452_330_
09:10:56,103.00,74,4892,103.50_104.00_104.50_105.00_105.50_,277_466_256_207_693_,103.00_102.50_102.00_101.50_101.00_,122_146_522_460_437_
09:11:42,103.50,16,5369,103.50_104.00_104.50_105.00_105.50_,38_438_248_391_635_,103.00_102.50_102.00_101.50_101.00_,247_168_373_306_450_
09:11:47,103.50,28,5397,103.50_104.00_104.50_105.00_105.50_,14_438_248_411_635_,103.00_102.50_102.00_101.50_101.00_,251_167_372_306_449_
09:11:58,103.50,5,5448,104.00_104.50_105.00_105.50_106.00_,300_257_298_638_521_,103.50_103.00_102.50_102.00_101.50_,12_233_166_373_307_
09:12:03,103.50,7,5455,104.00_104.50_105.00_105.50_106.00_,298_247_300_654_521_,103.50_103.00_102.50_102.00_101.50_,51_247_285_339_308_
09:12:08,103.50,25,5480,104.00_104.50_105.00_105.50_106.00_,298_228_301_654_521_,103.50_103.00_102.50_102.00_101.50_,37_250_285_338_308_
09:12:13,103.50,11,5491,104.00_104.50_105.00_105.50_106.00_,298_233_301_655_521_,103.50_103.00_102.50_102.00_101.50_,42_257_295_338_308_
09:14:42,103.50,14,5753,104.00_104.50_105.00_105.50_106.00_,335_227_326_651_532_,103.50_103.00_102.50_102.00_101.50_,438_385_208_345_344_
09:14:52,103.50,13,5860,104.00_104.50_105.00_105.50_106.00_,555_237_326_650_532_,103.50_103.00_102.50_102.00_101.50_,11_386_204_346_344_
09:15:23,103.00,52,6002,103.50_104.00_104.50_105.00_105.50_,365_347_252_310_634_,103.00_102.50_102.00_101.50_101.00_,1236_184_376_344_698_
09:15:33,103.50,6,6022,103.50_104.00_104.50_105.00_105.50_,138_346_252_310_637_,103.00_102.50_102.00_101.50_101.00_,1272_182_376_345_698_
09:16:45,103.50,3,6224,104.00_104.50_105.00_105.50_106.00_,294_252_333_195_534_,103.50_103.00_102.50_102.00_101.50_,79_1283_179_497_346_
09:17:36,103.50,20,6424,104.00_104.50_105.00_105.50_106.00_,308_246_337_200_538_,103.50_103.00_102.50_102.00_101.50_,8_1312_184_498_341_
09:19:29,103.50,37,6628,103.50_104.00_104.50_105.00_105.50_,22_338_241_324_219_,103.00_102.50_102.00_101.50_101.00_,1380_172_548_352_728_
09:20:15,103.50,1,6684,104.00_104.50_105.00_105.50_106.00_,316_249_351_220_545_,103.50_103.00_102.50_102.00_101.50_,488_387_206_520_354_
09:20:30,103.50,1,6689,104.00_104.50_105.00_105.50_106.00_,316_249_352_221_549_,103.50_103.00_102.50_102.00_101.50_,486_1387_206_522_354_
09:21:11,104.00,7,6730,104.00_104.50_105.00_105.50_106.00_,311_258_374_243_562_,103.50_103.00_102.50_102.00_101.50_,1182_1401_207_525_354_
09:24:00,104.00,1,7126,104.50_105.00_105.50_106.00_106.50_,260_380_293_571_191_,104.00_103.50_103.00_102.50_102.00_,537_1231_1538_591_694_
09:24:06,104.00,1,7126,104.50_105.00_105.50_106.00_106.50_,270_378_293_571_192_,104.00_103.50_103.00_102.50_102.00_,541_1232_1538_590_694_
09:24:11,104.00,2,7128,104.50_105.00_105.50_106.00_106.50_,275_373_293_581_192_,104.00_103.50_103.00_102.50_102.00_,539_1232_1538_590_694_
09:24:16,104.00,2,7130,104.50_105.00_105.50_106.00_106.50_,277_373_293_581_191_,104.00_103.50_103.00_102.50_102.00_,540_1232_1539_587_694_
09:25:07,104.00,1,7165,104.50_105.00_105.50_106.00_106.50_,275_374_320_584_202_,104.00_103.50_103.00_102.50_102.00_,518_1252_1539_587_686_
09:26:39,103.50,3,7666,103.50_104.00_104.50_105.00_105.50_,53_134_248_401_296_,103.00_102.50_102.00_101.50_101.00_,477_190_727_258_745_
09:26:45,103.00,32,7698,103.50_104.00_104.50_105.00_105.50_,51_134_249_401_297_,103.00_102.50_102.00_101.50_101.00_,464_190_727_258_745_
09:26:55,103.00,10,7728,103.50_104.00_104.50_105.00_105.50_,56_797_249_412_297_,103.00_102.50_102.00_101.50_101.00_,441_234_641_261_746_
09:27:00,103.50,3,7731,103.50_104.00_104.50_105.00_105.50_,61_796_246_412_297_,103.00_102.50_102.00_101.50_101.00_,488_239_491_261_748_
09:27:51,103.50,13,7878,103.50_104.00_104.50_105.00_105.50_,37_156_250_412_299_,103.00_102.50_102.00_101.50_101.00_,546_243_469_372_751_
09:30:04,104.00,1,7956,104.00_104.50_105.00_105.50_106.00_,196_299_431_325_605_,103.50_103.00_102.50_102.00_101.50_,110_596_297_458_380_
09:31:06,103.50,4,7990,104.00_104.50_105.00_105.50_106.00_,237_299_430_326_606_,103.50_103.00_102.50_102.00_101.50_,90_648_296_472_370_
09:31:11,103.50,4,7990,104.00_104.50_105.00_105.50_106.00_,238_299_430_326_606_,103.50_103.00_102.50_102.00_101.50_,90_649_297_471_370_
09:31:16,104.00,1,7991,104.00_104.50_105.00_105.50_106.00_,237_298_436_326_606_,103.50_103.00_102.50_102.00_101.50_,91_650_298_471_370_
09:31:57,103.50,2,8010,104.00_104.50_105.00_105.50_106.00_,242_299_444_331_607_,103.50_103.00_102.50_102.00_101.50_,79_655_300_470_370_
09:32:33,103.50,2,8016,104.00_104.50_105.00_105.50_106.00_,239_293_444_331_607_,103.50_103.00_102.50_102.00_101.50_,95_661_307_472_370_
09:35:12,103.00,2,8264,103.50_104.00_104.50_105.00_105.50_,57_210_290_435_330_,103.00_102.50_102.00_101.50_101.00_,664_292_495_372_776_
09:35:17,103.00,2,8264,103.50_104.00_104.50_105.00_105.50_,60_210_290_485_334_,103.00_102.50_102.00_101.50_101.00_,664_330_490_374_776_
09:35:38,103.00,3,8272,103.50_104.00_104.50_105.00_105.50_,69_210_290_485_334_,103.00_102.50_102.00_101.50_101.00_,665_315_510_375_779_
09:35:43,103.50,7,8279,103.50_104.00_104.50_105.00_105.50_,62_210_290_485_334_,103.00_102.50_102.00_101.50_101.00_,666_333_491_375_779_
09:37:20,104.00,4,8375,104.00_104.50_105.00_105.50_106.00_,189_309_484_336_598_,103.50_103.00_102.50_102.00_101.50_,52_672_343_492_376_
09:38:06,104.00,7,8412,104.00_104.50_105.00_105.50_106.00_,148_306_444_335_600_,103.50_103.00_102.50_102.00_101.50_,125_681_328_499_373_
09:38:16,104.00,6,8418,104.00_104.50_105.00_105.50_106.00_,133_356_444_335_601_,103.50_103.00_102.50_102.00_101.50_,136_686_328_593_373_
09:38:21,104.00,1,8419,104.00_104.50_105.00_105.50_106.00_,131_356_444_335_601_,103.50_103.00_102.50_102.00_101.50_,139_684_329_593_373_
09:40:24,104.00,11,8600,104.50_105.00_105.50_106.00_106.50_,414_436_337_604_207_,104.00_103.50_103.00_102.50_102.00_,47_178_743_306_772_
09:41:05,104.00,4,8688,104.00_104.50_105.00_105.50_106.00_,12_417_434_338_605_,103.50_103.00_102.50_102.00_101.50_,124_729_323_772_352_
09:41:10,104.00,3,8691,104.00_104.50_105.00_105.50_106.00_,12_417_434_338_608_,103.50_103.00_102.50_102.00_101.50_,134_730_323_772_353_
09:41:20,104.00,4,8697,104.00_104.50_105.00_105.50_106.00_,12_432_436_337_608_,103.50_103.00_102.50_102.00_101.50_,133_731_323_772_553_
09:41:25,104.00,1,8698,104.00_104.50_105.00_105.50_106.00_,12_432_436_337_608_,103.50_103.00_102.50_102.00_101.50_,134_731_323_772_553_
09:41:56,103.50,3,8717,104.00_104.50_105.00_105.50_106.00_,6_432_435_337_610_,103.50_103.00_102.50_102.00_101.50_,135_738_323_772_553_
09:43:03,104.00,27,8781,104.50_105.00_105.50_106.00_106.50_,417_440_349_611_206_,104.00_103.50_103.00_102.50_102.00_,71_148_806_307_772_
09:43:13,104.00,27,8781,104.50_105.00_105.50_106.00_106.50_,418_442_349_611_206_,104.00_103.50_103.00_102.50_102.00_,30_199_807_307_772_
09:43:39,104.00,2,8793,104.50_105.00_105.50_106.00_106.50_,418_441_350_611_206_,104.00_103.50_103.00_102.50_102.00_,31_204_810_307_777_
09:44:30,104.00,1,8864,104.50_105.00_105.50_106.00_106.50_,418_443_350_562_207_,104.00_103.50_103.00_102.50_102.00_,20_174_813_403_777_
09:44:40,104.00,2,8883,104.50_105.00_105.50_106.00_106.50_,418_444_350_563_207_,104.00_103.50_103.00_102.50_102.00_,7_173_807_403_776_
09:44:46,104.00,1,8884,104.50_105.00_105.50_106.00_106.50_,419_444_350_513_207_,104.00_103.50_103.00_102.50_102.00_,7_174_807_403_776_
09:45:16,104.00,2,8893,104.00_104.50_105.00_105.50_106.00_,2_867_489_350_492_,103.50_103.00_102.50_102.00_101.50_,165_800_421_774_455_
09:47:55,104.50,1,8936,104.50_105.00_105.50_106.00_106.50_,430_508_346_497_213_,104.00_103.50_103.00_102.50_102.00_,55_196_825_406_776_
09:48:05,104.00,1,8937,104.50_105.00_105.50_106.00_106.50_,430_508_346_497_213_,104.00_103.50_103.00_102.50_102.00_,61_186_824_406_776_
09:48:11,104.00,3,8940,104.50_105.00_105.50_106.00_106.50_,430_508_345_497_213_,104.00_103.50_103.00_102.50_102.00_,57_187_824_406_776_
09:49:38,104.50,1,8968,104.50_105.00_105.50_106.00_106.50_,421_511_333_503_214_,104.00_103.50_103.00_102.50_102.00_,105_203_777_486_756_
09:51:10,104.00,2,9006,104.50_105.00_105.50_106.00_106.50_,392_550_336_504_221_,104.00_103.50_103.00_102.50_102.00_,169_218_780_488_761_
09:51:35,104.50,2,9018,104.50_105.00_105.50_106.00_106.50_,383_549_336_506_221_,104.00_103.50_103.00_102.50_102.00_,167_217_776_488_753_
09:51:46,104.50,1,9020,104.50_105.00_105.50_106.00_106.50_,381_549_336_506_221_,104.00_103.50_103.00_102.50_102.00_,163_219_774_489_752_
09:51:56,104.50,3,9023,104.50_105.00_105.50_106.00_106.50_,379_548_336_506_221_,104.00_103.50_103.00_102.50_102.00_,165_219_775_489_752_
09:53:18,104.50,1,9034,104.50_105.00_105.50_106.00_106.50_,381_540_348_503_221_,104.00_103.50_103.00_102.50_102.00_,208_222_773_486_755_
09:53:33,104.00,1,9062,104.50_105.00_105.50_106.00_106.50_,391_547_348_504_221_,104.00_103.50_103.00_102.50_102.00_,189_212_773_486_755_
09:53:44,104.00,1,9062,104.50_105.00_105.50_106.00_106.50_,392_544_348_503_221_,104.00_103.50_103.00_102.50_102.00_,183_213_773_486_755_
09:54:19,104.50,1,9076,104.50_105.00_105.50_106.00_106.50_,390_545_352_503_222_,104.00_103.50_103.00_102.50_102.00_,176_211_755_487_760_
09:54:25,104.00,1,9077,104.50_105.00_105.50_106.00_106.50_,392_545_352_505_222_,104.00_103.50_103.00_102.50_102.00_,195_213_754_487_760_
09:54:35,104.50,1,9079,104.50_105.00_105.50_106.00_106.50_,391_545_352_503_212_,104.00_103.50_103.00_102.50_102.00_,198_213_754_487_760_
09:56:58,104.00,10,9119,104.50_105.00_105.50_106.00_106.50_,407_545_354_502_216_,104.00_103.50_103.00_102.50_102.00_,166_218_753_487_757_
09:57:19,104.00,10,9151,104.50_105.00_105.50_106.00_106.50_,407_544_354_502_216_,104.00_103.50_103.00_102.50_102.00_,138_218_754_502_757_
09:58:10,104.00,14,9238,104.50_105.00_105.50_106.00_106.50_,391_531_353_503_216_,104.00_103.50_103.00_102.50_102.00_,29_212_703_502_760_
09:58:15,104.00,30,9268,104.00_104.50_105.00_105.50_106.00_,12_411_516_353_504_,103.50_103.00_102.50_102.00_101.50_,212_705_502_757_348_
09:59:06,104.00,1,9283,104.00_104.50_105.00_105.50_106.00_,38_437_493_354_502_,103.50_103.00_102.50_102.00_101.50_,202_707_426_758_447_
10:01:19,104.00,1,9353,104.50_105.00_105.50_106.00_106.50_,440_499_354_508_217_,104.00_103.50_103.00_102.50_102.00_,46_246_729_488_758_
10:02:36,104.00,1,9373,104.50_105.00_105.50_106.00_106.50_,435_504_354_508_217_,104.00_103.50_103.00_102.50_102.00_,35_250_753_488_759_
10:03:43,103.50,1,9418,104.00_104.50_105.00_105.50_106.00_,69_457_493_348_508_,103.50_103.00_102.50_102.00_101.50_,253_763_488_763_349_
10:03:48,103.50,1,9418,104.00_104.50_105.00_105.50_106.00_,69_438_493_348_508_,103.50_103.00_102.50_102.00_101.50_,225_763_519_763_349_
10:08:45,103.50,2,9542,104.00_104.50_105.00_105.50_106.00_,81_452_495_353_528_,103.50_103.00_102.50_102.00_101.50_,232_780_364_764_450_
10:08:50,103.50,2,9542,104.00_104.50_105.00_105.50_106.00_,112_436_495_353_528_,103.50_103.00_102.50_102.00_101.50_,236_798_346_764_450_
10:08:55,104.00,1,9543,104.00_104.50_105.00_105.50_106.00_,111_436_495_353_528_,103.50_103.00_102.50_102.00_101.50_,235_800_346_764_450_
10:09:05,103.50,1,9544,104.00_104.50_105.00_105.50_106.00_,86_436_528_353_528_,103.50_103.00_102.50_102.00_101.50_,257_779_364_764_450_
10:09:10,104.00,5,9549,104.00_104.50_105.00_105.50_106.00_,81_436_529_353_529_,103.50_103.00_102.50_102.00_101.50_,257_798_346_765_450_
10:09:15,104.00,1,9550,104.00_104.50_105.00_105.50_106.00_,80_436_529_343_529_,103.50_103.00_102.50_102.00_101.50_,257_782_364_765_450_
10:09:20,104.00,1,9551,104.00_104.50_105.00_105.50_106.00_,79_436_530_343_529_,103.50_103.00_102.50_102.00_101.50_,257_772_364_765_450_
10:09:36,104.00,1,9552,104.00_104.50_105.00_105.50_106.00_,79_435_532_343_529_,103.50_103.00_102.50_102.00_101.50_,245_774_367_765_450_
10:10:22,104.00,2,9559,104.00_104.50_105.00_105.50_106.00_,86_429_532_344_527_,103.50_103.00_102.50_102.00_101.50_,247_798_348_766_450_
10:12:51,103.50,1,9579,104.00_104.50_105.00_105.50_106.00_,154_431_513_343_529_,103.50_103.00_102.50_102.00_101.50_,268_833_358_767_452_
10:13:47,104.00,2,9584,104.00_104.50_105.00_105.50_106.00_,160_430_512_343_535_,103.50_103.00_102.50_102.00_101.50_,276_811_375_768_452_
10:13:57,104.00,1,9585,104.00_104.50_105.00_105.50_106.00_,159_431_512_343_535_,103.50_103.00_102.50_102.00_101.50_,277_811_375_768_452_
10:14:44,103.50,1,9589,104.00_104.50_105.00_105.50_106.00_,155_433_511_343_535_,103.50_103.00_102.50_102.00_101.50_,276_840_357_768_450_
10:14:54,103.50,1,9589,104.00_104.50_105.00_105.50_106.00_,155_433_511_343_535_,103.50_103.00_102.50_102.00_101.50_,284_835_357_769_450_
10:15:04,103.50,5,9594,104.00_104.50_105.00_105.50_106.00_,156_433_511_343_535_,103.50_103.00_102.50_102.00_101.50_,279_835_357_769_451_
10:15:09,103.50,5,9594,104.00_104.50_105.00_105.50_106.00_,156_433_511_343_535_,103.50_103.00_102.50_102.00_101.50_,279_839_357_769_451_
10:17:12,103.50,1,9611,104.00_104.50_105.00_105.50_106.00_,199_424_511_343_515_,103.50_103.00_102.50_102.00_101.50_,304_836_357_775_450_
10:17:43,103.50,1,9615,104.00_104.50_105.00_105.50_106.00_,199_424_521_344_516_,103.50_103.00_102.50_102.00_101.50_,316_846_357_776_449_
10:21:13,104.00,2,9647,104.00_104.50_105.00_105.50_106.00_,185_422_509_348_520_,103.50_103.00_102.50_102.00_101.50_,321_860_387_788_450_
10:21:18,104.00,2,9647,104.00_104.50_105.00_105.50_106.00_,185_422_508_348_519_,103.50_103.00_102.50_102.00_101.50_,321_859_387_788_450_
10:21:23,104.00,2,9647,104.00_104.50_105.00_105.50_106.00_,185_422_508_348_519_,103.50_103.00_102.50_102.00_101.50_,320_861_387_788_450_
10:21:28,104.00,2,9647,104.00_104.50_105.00_105.50_106.00_,184_422_508_348_519_,103.50_103.00_102.50_102.00_101.50_,320_845_387_819_450_
10:22:25,104.00,2,9652,104.00_104.50_105.00_105.50_106.00_,185_424_507_348_521_,103.50_103.00_102.50_102.00_101.50_,324_877_386_788_451_
10:22:30,104.00,2,9652,104.00_104.50_105.00_105.50_106.00_,185_424_507_348_521_,103.50_103.00_102.50_102.00_101.50_,324_877_385_787_451_
10:22:40,104.00,2,9652,104.00_104.50_105.00_105.50_106.00_,186_434_506_348_521_,103.50_103.00_102.50_102.00_101.50_,324_877_385_787_451_
10:24:07,103.50,15,9692,104.00_104.50_105.00_105.50_106.00_,193_436_507_337_522_,103.50_103.00_102.50_102.00_101.50_,298_894_360_789_451_
10:25:14,103.50,1,9708,104.00_104.50_105.00_105.50_106.00_,207_439_507_337_528_,103.50_103.00_102.50_102.00_101.50_,282_916_358_792_451_
10:25:19,103.50,1,9708,104.00_104.50_105.00_105.50_106.00_,207_539_507_337_528_,103.50_103.00_102.50_102.00_101.50_,282_916_358_792_451_
10:25:24,103.50,2,9710,104.00_104.50_105.00_105.50_106.00_,207_539_507_337_528_,103.50_103.00_102.50_102.00_101.50_,280_916_358_792_451_
10:25:34,103.50,2,9710,104.00_104.50_105.00_105.50_106.00_,208_489_507_336_528_,103.50_103.00_102.50_102.00_101.50_,278_918_359_792_451_
10:26:31,104.00,2,9715,104.00_104.50_105.00_105.50_106.00_,221_441_506_336_528_,103.50_103.00_102.50_102.00_101.50_,287_919_359_789_451_
10:26:36,104.00,2,9715,104.00_104.50_105.00_105.50_106.00_,221_447_506_336_528_,103.50_103.00_102.50_102.00_101.50_,287_901_377_789_451_
10:27:22,104.00,1,9718,104.00_104.50_105.00_105.50_106.00_,224_447_506_337_531_,103.50_103.00_102.50_102.00_101.50_,304_892_376_789_452_
10:28:18,104.00,2,9723,104.00_104.50_105.00_105.50_106.00_,218_443_506_336_531_,103.50_103.00_102.50_102.00_101.50_,311_890_376_890_453_
10:28:49,103.50,1,9728,104.00_104.50_105.00_105.50_106.00_,214_435_505_337_531_,103.50_103.00_102.50_102.00_101.50_,342_895_370_890_453_
10:29:30,103.50,1,9729,104.00_104.50_105.00_105.50_106.00_,223_435_496_337_531_,103.50_103.00_102.50_102.00_101.50_,346_893_370_880_453_
10:30:26,104.00,3,9735,104.00_104.50_105.00_105.50_106.00_,229_439_505_336_541_,103.50_103.00_102.50_102.00_101.50_,331_882_393_906_459_
10:30:52,104.00,1,9737,104.00_104.50_105.00_105.50_106.00_,229_439_505_335_543_,103.50_103.00_102.50_102.00_101.50_,329_886_393_906_459_
10:31:07,103.50,1,9740,104.00_104.50_105.00_105.50_106.00_,201_440_505_335_543_,103.50_103.00_102.50_102.00_101.50_,325_885_393_906_459_
10:33:25,103.50,6,9771,104.00_104.50_105.00_105.50_106.00_,225_439_506_335_543_,103.50_103.00_102.50_102.00_101.50_,318_903_374_905_458_
10:33:46,104.00,1,9772,104.00_104.50_105.00_105.50_106.00_,224_439_509_335_543_,103.50_103.00_102.50_102.00_101.50_,383_902_374_905_458_
10:34:01,104.00,1,9774,104.00_104.50_105.00_105.50_106.00_,227_439_509_335_543_,103.50_103.00_102.50_102.00_101.50_,382_854_392_804_557_
10:35:13,104.00,1,9782,104.00_104.50_105.00_105.50_106.00_,255_410_508_335_543_,103.50_103.00_102.50_102.00_101.50_,344_851_397_704_557_
10:35:18,104.00,2,9784,104.00_104.50_105.00_105.50_106.00_,253_410_508_335_543_,103.50_103.00_102.50_102.00_101.50_,344_849_397_704_557_
10:35:28,104.00,5,9789,104.00_104.50_105.00_105.50_106.00_,249_410_508_335_543_,103.50_103.00_102.50_102.00_101.50_,344_843_397_704_557_
10:35:39,104.00,1,9790,104.00_104.50_105.00_105.50_106.00_,248_410_509_335_543_,103.50_103.00_102.50_102.00_101.50_,344_843_397_704_557_
10:37:11,104.00,2,9793,104.00_104.50_105.00_105.50_106.00_,260_409_517_339_543_,103.50_103.00_102.50_102.00_101.50_,348_844_396_707_558_
10:37:16,103.50,1,9794,104.00_104.50_105.00_105.50_106.00_,260_409_517_339_543_,103.50_103.00_102.50_102.00_101.50_,348_844_396_707_558_
10:38:22,103.50,10,9813,104.00_104.50_105.00_105.50_106.00_,256_409_517_338_543_,103.50_103.00_102.50_102.00_101.50_,378_861_378_706_558_
10:38:33,103.50,10,9813,104.00_104.50_105.00_105.50_106.00_,225_439_517_338_543_,103.50_103.00_102.50_102.00_101.50_,378_862_377_706_558_
10:39:03,103.50,1,9815,104.00_104.50_105.00_105.50_106.00_,256_409_517_338_543_,103.50_103.00_102.50_102.00_101.50_,379_864_377_705_558_
10:39:08,104.00,1,9816,104.00_104.50_105.00_105.50_106.00_,255_409_517_338_543_,103.50_103.00_102.50_102.00_101.50_,379_864_377_705_558_
10:39:14,104.00,1,9816,104.00_104.50_105.00_105.50_106.00_,255_409_517_337_543_,103.50_103.00_102.50_102.00_101.50_,378_845_395_705_558_
10:41:06,104.00,1,9842,104.00_104.50_105.00_105.50_106.00_,201_440_520_337_542_,103.50_103.00_102.50_102.00_101.50_,407_837_393_705_557_
10:43:30,103.50,1,9868,104.00_104.50_105.00_105.50_106.00_,235_411_509_341_544_,103.50_103.00_102.50_102.00_101.50_,428_858_375_705_556_
10:45:18,103.50,1,9895,104.00_104.50_105.00_105.50_106.00_,427_407_509_320_546_,103.50_103.00_102.50_102.00_101.50_,412_859_363_705_556_
10:47:00,104.00,6,9925,104.00_104.50_105.00_105.50_106.00_,415_418_549_275_545_,103.50_103.00_102.50_102.00_101.50_,398_862_381_704_556_
10:47:10,103.50,1,9928,104.00_104.50_105.00_105.50_106.00_,414_418_549_275_545_,103.50_103.00_102.50_102.00_101.50_,397_861_381_704_556_
10:47:56,103.50,1,9938,104.00_104.50_105.00_105.50_106.00_,410_426_549_280_545_,103.50_103.00_102.50_102.00_101.50_,402_877_358_705_556_
10:51:42,103.50,1,9974,104.00_104.50_105.00_105.50_106.00_,195_397_554_279_553_,103.50_103.00_102.50_102.00_101.50_,394_871_382_708_558_
10:51:52,104.00,1,9979,104.00_104.50_105.00_105.50_106.00_,189_397_554_279_555_,103.50_103.00_102.50_102.00_101.50_,390_871_382_708_558_
10:54:15,104.00,4,10223,104.50_105.00_105.50_106.00_106.50_,330_515_325_554_235_,104.00_103.50_103.00_102.50_102.00_,149_433_866_326_804_
10:54:21,104.00,4,10223,104.50_105.00_105.50_106.00_106.50_,329_515_325_554_235_,104.00_103.50_103.00_102.50_102.00_,147_433_863_326_805_
10:55:17,104.50,1,10236,104.50_105.00_105.50_106.00_106.50_,331_532_326_553_235_,104.00_103.50_103.00_102.50_102.00_,100_446_857_325_805_
10:55:43,104.50,1,10236,104.50_105.00_105.50_106.00_106.50_,332_532_326_553_281_,104.00_103.50_103.00_102.50_102.00_,96_466_857_325_804_
10:55:58,104.00,2,10238,104.50_105.00_105.50_106.00_106.50_,333_533_335_554_236_,104.00_103.50_103.00_102.50_102.00_,94_467_855_325_805_
10:56:34,104.50,4,10242,104.50_105.00_105.50_106.00_106.50_,331_536_335_555_236_,104.00_103.50_103.00_102.50_102.00_,111_472_860_526_804_
10:56:49,104.00,1,10243,104.50_105.00_105.50_106.00_106.50_,331_536_335_555_236_,104.00_103.50_103.00_102.50_102.00_,133_441_862_526_804_
10:57:30,104.50,1,10245,104.50_105.00_105.50_106.00_106.50_,333_539_335_555_236_,104.00_103.50_103.00_102.50_102.00_,154_438_860_526_804_
10:59:18,104.50,3,10255,104.50_105.00_105.50_106.00_106.50_,329_557_336_555_238_,104.00_103.50_103.00_102.50_102.00_,166_450_869_524_803_
10:59:59,104.50,6,10266,104.50_105.00_105.50_106.00_106.50_,350_562_336_555_238_,104.00_103.50_103.00_102.50_102.00_,165_448_859_514_803_
11:00:04,104.50,6,10266,104.50_105.00_105.50_106.00_106.50_,350_562_336_555_238_,104.00_103.50_103.00_102.50_102.00_,167_446_859_514_803_
11:01:11,104.00,21,10357,104.50_105.00_105.50_106.00_106.50_,365_562_336_555_248_,104.00_103.50_103.00_102.50_102.00_,80_484_860_514_802_
11:01:41,104.50,1,10362,104.50_105.00_105.50_106.00_106.50_,375_559_336_555_249_,104.00_103.50_103.00_102.50_102.00_,85_483_863_514_802_
11:03:39,104.50,1,10370,104.50_105.00_105.50_106.00_106.50_,418_557_346_561_250_,104.00_103.50_103.00_102.50_102.00_,108_473_1062_515_800_
11:05:07,104.00,1,10373,104.50_105.00_105.50_106.00_106.50_,363_587_343_561_250_,104.00_103.50_103.00_102.50_102.00_,127_472_1064_515_799_
11:05:17,104.50,1,10374,104.50_105.00_105.50_106.00_106.50_,363_587_333_561_250_,104.00_103.50_103.00_102.50_102.00_,129_474_1063_515_799_
11:05:27,104.50,1,10374,104.50_105.00_105.50_106.00_106.50_,365_587_334_561_250_,104.00_103.50_103.00_102.50_102.00_,129_474_1064_515_779_
11:07:10,104.50,2,10393,104.50_105.00_105.50_106.00_106.50_,371_586_334_573_250_,104.00_103.50_103.00_102.50_102.00_,131_476_1084_515_779_
11:07:35,104.50,2,10395,104.50_105.00_105.50_106.00_106.50_,374_586_334_573_250_,104.00_103.50_103.00_102.50_102.00_,131_476_1083_515_779_
11:07:51,104.50,3,10399,104.50_105.00_105.50_106.00_106.50_,371_581_331_573_250_,104.00_103.50_103.00_102.50_102.00_,131_476_1083_515_779_
11:08:01,104.50,3,10399,104.50_105.00_105.50_106.00_106.50_,371_578_331_573_250_,104.00_103.50_103.00_102.50_102.00_,130_476_1083_515_779_
11:09:48,104.50,3,10419,104.50_105.00_105.50_106.00_106.50_,359_581_333_573_251_,104.00_103.50_103.00_102.50_102.00_,138_487_1087_516_781_
11:10:04,104.50,1,10420,104.50_105.00_105.50_106.00_106.50_,359_582_333_573_251_,104.00_103.50_103.00_102.50_102.00_,133_487_1087_515_781_
11:10:09,104.50,1,10421,104.50_105.00_105.50_106.00_106.50_,358_582_333_573_251_,104.00_103.50_103.00_102.50_102.00_,132_487_1087_515_781_
11:11:05,104.00,1,10422,104.50_105.00_105.50_106.00_106.50_,360_582_334_576_251_,104.00_103.50_103.00_102.50_102.00_,142_488_1075_515_781_
11:11:10,104.50,1,10423,104.50_105.00_105.50_106.00_106.50_,359_582_334_576_251_,104.00_103.50_103.00_102.50_102.00_,142_488_1075_515_781_
11:12:17,104.50,1,10427,104.50_105.00_105.50_106.00_106.50_,358_583_334_576_251_,104.00_103.50_103.00_102.50_102.00_,147_486_1074_515_781_
11:13:34,104.50,1,10435,104.50_105.00_105.50_106.00_106.50_,343_585_336_577_251_,104.00_103.50_103.00_102.50_102.00_,175_494_1079_514_781_
11:13:44,104.50,1,10437,104.50_105.00_105.50_106.00_106.50_,343_585_336_578_251_,104.00_103.50_103.00_102.50_102.00_,183_494_1086_514_781_
11:13:49,104.50,1,10438,104.50_105.00_105.50_106.00_106.50_,340_585_336_578_251_,104.00_103.50_103.00_102.50_102.00_,193_494_1084_514_781_
11:15:47,104.00,1,10452,104.50_105.00_105.50_106.00_106.50_,343_585_338_580_251_,104.00_103.50_103.00_102.50_102.00_,221_511_1083_514_782_
11:15:58,104.50,1,10453,104.50_105.00_105.50_106.00_106.50_,342_585_338_580_251_,104.00_103.50_103.00_102.50_102.00_,221_512_1083_514_782_
11:17:09,104.50,1,10459,104.50_105.00_105.50_106.00_106.50_,339_544_338_558_251_,104.00_103.50_103.00_102.50_102.00_,219_504_1139_515_780_
11:18:36,104.00,3,10473,104.50_105.00_105.50_106.00_106.50_,355_595_333_558_255_,104.00_103.50_103.00_102.50_102.00_,243_502_1141_515_780_
11:20:50,104.50,1,10498,104.50_105.00_105.50_106.00_106.50_,331_596_335_558_256_,104.00_103.50_103.00_102.50_102.00_,292_503_1137_517_780_
11:25:37,104.00,5,10548,104.50_105.00_105.50_106.00_106.50_,382_544_340_566_257_,104.00_103.50_103.00_102.50_102.00_,264_504_1148_519_777_
11:25:52,104.00,1,10549,104.50_105.00_105.50_106.00_106.50_,381_544_340_566_257_,104.00_103.50_103.00_102.50_102.00_,265_504_1148_519_777_
11:25:57,104.00,10,10559,104.50_105.00_105.50_106.00_106.50_,381_547_340_566_257_,104.00_103.50_103.00_102.50_102.00_,255_504_1149_519_777_
11:27:19,104.00,1,10596,104.50_105.00_105.50_106.00_106.50_,381_547_339_565_258_,104.00_103.50_103.00_102.50_102.00_,230_492_1150_519_777_
11:28:26,104.00,2,10624,104.50_105.00_105.50_106.00_106.50_,384_550_339_566_258_,104.00_103.50_103.00_102.50_102.00_,185_492_1147_517_777_
11:28:56,104.00,5,10633,104.50_105.00_105.50_106.00_106.50_,399_550_294_566_258_,104.00_103.50_103.00_102.50_102.00_,177_487_1147_517_777_
11:29:01,104.00,3,10636,104.50_105.00_105.50_106.00_106.50_,399_550_294_566_258_,104.00_103.50_103.00_102.50_102.00_,174_487_1146_517_777_
11:29:07,104.00,5,10641,104.50_105.00_105.50_106.00_106.50_,399_550_294_566_258_,104.00_103.50_103.00_102.50_102.00_,169_487_1146_517_776_
11:29:22,104.00,28,10691,104.50_105.00_105.50_106.00_106.50_,398_545_294_566_258_,104.00_103.50_103.00_102.50_102.00_,120_487_1146_517_776_
11:29:53,104.00,5,10807,104.00_104.50_105.00_105.50_106.00_,45_432_530_294_571_,103.50_103.00_102.50_102.00_101.50_,455_1164_518_781_140_
11:30:23,104.00,5,10843,104.00_104.50_105.00_105.50_106.00_,128_419_528_293_572_,103.50_103.00_102.50_102.00_101.50_,428_1149_536_583_343_
11:30:44,104.00,3,10847,104.00_104.50_105.00_105.50_106.00_,125_465_528_293_577_,103.50_103.00_102.50_102.00_101.50_,434_1119_536_600_403_
11:32:27,104.00,2,10900,104.00_104.50_105.00_105.50_106.00_,54_424_527_291_584_,103.50_103.00_102.50_102.00_101.50_,440_1115_538_604_403_
11:32:37,104.00,2,10900,104.00_104.50_105.00_105.50_106.00_,55_424_526_291_584_,103.50_103.00_102.50_102.00_101.50_,439_1117_538_604_403_
11:33:08,104.00,2,10910,104.00_104.50_105.00_105.50_106.00_,49_427_526_281_584_,103.50_103.00_102.50_102.00_101.50_,443_1116_538_604_403_
11:33:33,104.00,1,10911,104.00_104.50_105.00_105.50_106.00_,49_439_526_281_584_,103.50_103.00_102.50_102.00_101.50_,454_1116_538_604_403_
11:34:20,104.00,5,10957,104.50_105.00_105.50_106.00_106.50_,440_526_281_582_258_,104.00_103.50_103.00_102.50_102.00_,3_469_1115_520_604_
11:35:06,104.00,16,10977,104.00_104.50_105.00_105.50_106.00_,47_446_523_281_582_,103.50_103.00_102.50_102.00_101.50_,415_1109_538_604_403_
11:35:21,104.00,16,10977,104.00_104.50_105.00_105.50_106.00_,48_466_523_281_582_,103.50_103.00_102.50_102.00_101.50_,415_1109_538_604_403_
11:35:52,104.00,4,10985,104.00_104.50_105.00_105.50_106.00_,91_470_524_281_583_,103.50_103.00_102.50_102.00_101.50_,417_1109_538_604_403_
11:36:17,104.00,4,10985,104.00_104.50_105.00_105.50_106.00_,113_468_524_281_584_,103.50_103.00_102.50_102.00_101.50_,421_1109_538_604_403_
11:36:33,104.00,4,10985,104.00_104.50_105.00_105.50_106.00_,114_468_524_281_584_,103.50_103.00_102.50_102.00_101.50_,419_1111_538_604_403_
11:37:29,104.00,4,10985,104.00_104.50_105.00_105.50_106.00_,114_468_530_285_583_,103.50_103.00_102.50_102.00_101.50_,396_1114_569_604_403_
11:37:34,104.00,1,10986,104.00_104.50_105.00_105.50_106.00_,116_468_530_285_583_,103.50_103.00_102.50_102.00_101.50_,396_1114_569_604_403_
11:38:00,104.00,1,10986,104.00_104.50_105.00_105.50_106.00_,120_467_519_285_582_,103.50_103.00_102.50_102.00_101.50_,395_1116_569_603_403_
11:38:15,104.00,8,10994,104.00_104.50_105.00_105.50_106.00_,115_477_519_285_582_,103.50_103.00_102.50_102.00_101.50_,405_1105_568_603_403_
11:38:25,103.50,2,10996,104.00_104.50_105.00_105.50_106.00_,115_477_519_285_582_,103.50_103.00_102.50_102.00_101.50_,403_1120_550_603_403_
11:39:06,104.00,1,10998,104.00_104.50_105.00_105.50_106.00_,121_474_519_286_585_,103.50_103.00_102.50_102.00_101.50_,409_1101_569_603_403_
11:39:17,104.00,1,10998,104.00_104.50_105.00_105.50_106.00_,121_474_519_286_585_,103.50_103.00_102.50_102.00_101.50_,411_1101_569_603_403_
11:39:32,104.00,5,11003,104.00_104.50_105.00_105.50_106.00_,119_475_522_287_583_,103.50_103.00_102.50_102.00_101.50_,413_1101_569_603_403_
11:41:55,104.00,2,11021,104.00_104.50_105.00_105.50_106.00_,129_416_521_286_584_,103.50_103.00_102.50_102.00_101.50_,403_1120_551_606_403_
11:42:42,104.00,1,11025,104.00_104.50_105.00_105.50_106.00_,135_418_524_286_584_,103.50_103.00_102.50_102.00_101.50_,407_1120_551_606_403_
11:42:52,104.00,1,11025,104.00_104.50_105.00_105.50_106.00_,137_418_524_286_584_,103.50_103.00_102.50_102.00_101.50_,407_1103_559_607_403_
11:43:38,104.00,1,11030,104.00_104.50_105.00_105.50_106.00_,136_418_524_281_586_,103.50_103.00_102.50_102.00_101.50_,410_1104_559_607_403_
11:43:48,104.00,1,11030,104.00_104.50_105.00_105.50_106.00_,136_418_530_281_587_,103.50_103.00_102.50_102.00_101.50_,441_1105_559_607_403_
11:44:09,104.00,5,11035,104.00_104.50_105.00_105.50_106.00_,141_412_529_283_587_,103.50_103.00_102.50_102.00_101.50_,445_1109_559_604_404_
11:44:14,104.00,5,11035,104.00_104.50_105.00_105.50_106.00_,141_425_519_283_587_,103.50_103.00_102.50_102.00_101.50_,445_1109_559_604_404_
11:44:19,104.00,5,11035,104.00_104.50_105.00_105.50_106.00_,141_425_519_284_587_,103.50_103.00_102.50_102.00_101.50_,448_1109_559_604_404_
11:45:10,104.00,1,11048,104.00_104.50_105.00_105.50_106.00_,136_429_509_284_587_,103.50_103.00_102.50_102.00_101.50_,442_1113_562_607_399_
11:45:21,104.00,1,11048,104.00_104.50_105.00_105.50_106.00_,136_429_510_284_587_,103.50_103.00_102.50_102.00_101.50_,452_1113_562_607_399_
11:45:26,104.00,1,11049,104.00_104.50_105.00_105.50_106.00_,135_429_510_284_587_,103.50_103.00_102.50_102.00_101.50_,452_1113_562_607_399_
11:45:31,104.00,1,11049,104.00_104.50_105.00_105.50_106.00_,135_429_531_284_587_,103.50_103.00_102.50_102.00_101.50_,453_1113_562_607_399_
11:45:36,104.00,1,11049,104.00_104.50_105.00_105.50_106.00_,138_429_531_284_588_,103.50_103.00_102.50_102.00_101.50_,453_1113_562_607_399_
11:45:41,104.00,5,11054,104.00_104.50_105.00_105.50_106.00_,133_429_531_284_587_,103.50_103.00_102.50_102.00_101.50_,478_1113_562_607_399_
11:46:38,104.00,2,11059,104.00_104.50_105.00_105.50_106.00_,129_431_532_285_587_,103.50_103.00_102.50_102.00_101.50_,478_1109_562_610_399_
11:46:53,104.00,3,11062,104.00_104.50_105.00_105.50_106.00_,136_431_532_265_587_,103.50_103.00_102.50_102.00_101.50_,479_1109_562_610_399_
11:47:13,104.00,3,11062,104.00_104.50_105.00_105.50_106.00_,138_432_532_265_587_,103.50_103.00_102.50_102.00_101.50_,479_1107_562_610_399_
11:50:28,104.00,1,11206,104.50_105.00_105.50_106.00_106.50_,432_538_269_596_245_,104.00_103.50_103.00_102.50_102.00_,72_546_1104_513_799_
11:55:35,104.00,2,11304,104.00_104.50_105.00_105.50_106.00_,69_470_546_282_579_,103.50_103.00_102.50_102.00_101.50_,510_1095_531_796_258_
11:57:28,104.00,1,11308,104.00_104.50_105.00_105.50_106.00_,70_470_550_278_580_,103.50_103.00_102.50_102.00_101.50_,508_1103_530_797_258_
11:57:49,104.00,1,11308,104.00_104.50_105.00_105.50_106.00_,70_470_550_278_580_,103.50_103.00_102.50_102.00_101.50_,508_1102_530_797_258_
11:58:45,104.00,1,11312,104.00_104.50_105.00_105.50_106.00_,75_469_530_278_580_,103.50_103.00_102.50_102.00_101.50_,507_1113_530_797_258_
11:58:55,104.00,1,11313,104.00_104.50_105.00_105.50_106.00_,74_469_530_278_580_,103.50_103.00_102.50_102.00_101.50_,509_1110_530_798_258_
11:59:00,104.00,1,11313,104.00_104.50_105.00_105.50_106.00_,74_468_531_278_580_,103.50_103.00_102.50_102.00_101.50_,509_1110_530_798_258_
12:00:22,104.00,39,11358,104.50_105.00_105.50_106.00_106.50_,504_533_278_581_248_,104.00_103.50_103.00_102.50_102.00_,14_532_1102_513_798_
12:01:19,104.00,1,11388,104.00_104.50_105.00_105.50_106.00_,13_507_500_279_580_,103.50_103.00_102.50_102.00_101.50_,534_1093_531_800_258_
12:02:05,103.50,3,11395,104.00_104.50_105.00_105.50_106.00_,19_467_495_279_580_,103.50_103.00_102.50_102.00_101.50_,520_1128_513_800_258_
12:02:41,104.00,10,11405,104.00_104.50_105.00_105.50_106.00_,10_468_496_279_580_,103.50_103.00_102.50_102.00_101.50_,511_1112_532_801_258_
12:03:16,104.00,1,11406,104.00_104.50_105.00_105.50_106.00_,10_466_496_286_579_,103.50_103.00_102.50_102.00_101.50_,511_1113_533_806_258_
12:04:08,104.00,1,11413,104.00_104.50_105.00_105.50_106.00_,8_470_494_286_579_,103.50_103.00_102.50_102.00_101.50_,510_1116_532_806_258_
12:04:44,103.50,1,11416,104.00_104.50_105.00_105.50_106.00_,11_476_501_287_579_,103.50_103.00_102.50_102.00_101.50_,508_1116_534_806_258_
12:08:39,104.00,1,11438,104.00_104.50_105.00_105.50_106.00_,68_526_502_317_580_,103.50_103.00_102.50_102.00_101.50_,462_1128_360_610_318_
12:08:54,104.00,1,11438,104.00_104.50_105.00_105.50_106.00_,82_522_502_317_580_,103.50_103.00_102.50_102.00_101.50_,462_1128_359_611_318_
12:09:05,103.50,2,11440,104.00_104.50_105.00_105.50_106.00_,84_522_502_314_580_,103.50_103.00_102.50_102.00_101.50_,461_1146_341_611_318_
12:10:52,104.00,1,11453,104.00_104.50_105.00_105.50_106.00_,93_538_502_313_582_,103.50_103.00_102.50_102.00_101.50_,462_1125_359_417_516_
12:10:57,104.00,1,11453,104.00_104.50_105.00_105.50_106.00_,96_538_502_313_582_,103.50_103.00_102.50_102.00_101.50_,463_1125_360_417_516_
12:11:07,104.00,1,11453,104.00_104.50_105.00_105.50_106.00_,96_534_502_313_582_,103.50_103.00_102.50_102.00_101.50_,464_1125_360_417_516_
12:11:13,104.00,1,11453,104.00_104.50_105.00_105.50_106.00_,95_535_502_313_582_,103.50_103.00_102.50_102.00_101.50_,464_1125_360_417_516_
12:11:23,103.50,1,11454,104.00_104.50_105.00_105.50_106.00_,117_539_502_313_577_,103.50_103.00_102.50_102.00_101.50_,463_1143_342_417_516_
12:11:38,103.50,1,11454,104.00_104.50_105.00_105.50_106.00_,162_493_507_313_577_,103.50_103.00_102.50_102.00_101.50_,464_1145_342_417_516_
12:12:29,103.50,1,11457,104.00_104.50_105.00_105.50_106.00_,123_491_508_312_577_,103.50_103.00_102.50_102.00_101.50_,459_1143_341_417_516_
12:13:41,104.00,2,11465,104.00_104.50_105.00_105.50_106.00_,142_484_483_310_577_,103.50_103.00_102.50_102.00_101.50_,462_1132_358_410_516_
12:14:07,103.50,2,11469,104.00_104.50_105.00_105.50_106.00_,141_483_485_310_576_,103.50_103.00_102.50_102.00_101.50_,461_1138_340_410_506_
12:14:22,103.50,2,11472,104.00_104.50_105.00_105.50_106.00_,151_483_485_310_576_,103.50_103.00_102.50_102.00_101.50_,462_1139_340_410_506_
12:15:44,104.00,1,11476,104.00_104.50_105.00_105.50_106.00_,169_493_485_310_572_,103.50_103.00_102.50_102.00_101.50_,454_1123_358_411_506_
12:17:37,104.00,1,11482,104.00_104.50_105.00_105.50_106.00_,199_472_483_310_570_,103.50_103.00_102.50_102.00_101.50_,458_1121_357_411_506_
12:18:18,104.00,1,11483,104.00_104.50_105.00_105.50_106.00_,204_474_480_310_568_,103.50_103.00_102.50_102.00_101.50_,455_1121_357_408_506_
12:18:28,104.00,1,11483,104.00_104.50_105.00_105.50_106.00_,206_473_480_310_568_,103.50_103.00_102.50_102.00_101.50_,452_1121_357_408_506_
12:18:33,104.00,1,11483,104.00_104.50_105.00_105.50_106.00_,206_461_480_310_568_,103.50_103.00_102.50_102.00_101.50_,449_1121_357_408_506_
12:19:09,103.50,1,11493,104.00_104.50_105.00_105.50_106.00_,206_449_482_310_569_,103.50_103.00_102.50_102.00_101.50_,440_1118_357_408_506_
12:19:35,103.50,1,11499,104.00_104.50_105.00_105.50_106.00_,218_452_481_307_559_,103.50_103.00_102.50_102.00_101.50_,434_1118_361_408_508_
12:20:00,103.50,1,11500,104.00_104.50_105.00_105.50_106.00_,221_452_480_308_559_,103.50_103.00_102.50_102.00_101.50_,436_1116_361_408_508_
12:20:05,103.50,1,11500,104.00_104.50_105.00_105.50_106.00_,221_452_480_308_559_,103.50_103.00_102.50_102.00_101.50_,436_1118_361_408_508_
12:20:10,103.50,1,11500,104.00_104.50_105.00_105.50_106.00_,221_452_480_308_559_,103.50_103.00_102.50_102.00_101.50_,436_1086_361_408_508_
12:20:21,103.50,26,11526,104.00_104.50_105.00_105.50_106.00_,221_449_480_308_558_,103.50_103.00_102.50_102.00_101.50_,417_1086_361_408_508_
12:22:08,103.50,13,11548,104.00_104.50_105.00_105.50_106.00_,235_452_475_304_557_,103.50_103.00_102.50_102.00_101.50_,396_1082_361_409_508_
12:23:25,103.50,1,11551,104.00_104.50_105.00_105.50_106.00_,245_452_475_301_557_,103.50_103.00_102.50_102.00_101.50_,427_1082_360_414_508_
12:23:30,103.50,1,11551,104.00_104.50_105.00_105.50_106.00_,249_452_475_301_557_,103.50_103.00_102.50_102.00_101.50_,427_1082_360_414_508_
12:23:35,103.50,1,11551,104.00_104.50_105.00_105.50_106.00_,251_452_474_301_557_,103.50_103.00_102.50_102.00_101.50_,427_1082_360_414_508_
12:23:41,103.50,1,11551,104.00_104.50_105.00_105.50_106.00_,251_453_474_301_557_,103.50_103.00_102.50_102.00_101.50_,428_1082_360_414_508_
12:23:46,103.50,1,11551,104.00_104.50_105.00_105.50_106.00_,251_453_478_301_557_,103.50_103.00_102.50_102.00_101.50_,428_1082_360_414_508_
12:25:23,104.00,1,11566,104.00_104.50_105.00_105.50_106.00_,266_472_482_301_555_,103.50_103.00_102.50_102.00_101.50_,425_1086_360_415_508_
12:25:33,104.00,2,11568,104.00_104.50_105.00_105.50_106.00_,265_471_481_301_556_,103.50_103.00_102.50_102.00_101.50_,425_1086_360_414_508_
12:28:22,103.50,1,11582,104.00_104.50_105.00_105.50_106.00_,263_462_480_301_568_,103.50_103.00_102.50_102.00_101.50_,436_1113_340_414_508_
12:28:43,103.50,1,11582,104.00_104.50_105.00_105.50_106.00_,262_457_480_302_568_,103.50_103.00_102.50_102.00_101.50_,438_1113_340_414_508_
12:29:13,103.50,2,11584,104.00_104.50_105.00_105.50_106.00_,269_462_470_302_568_,103.50_103.00_102.50_102.00_101.50_,438_1111_339_416_508_
12:31:21,104.00,1,11594,104.00_104.50_105.00_105.50_106.00_,290_436_470_304_563_,103.50_103.00_102.50_102.00_101.50_,438_1103_357_417_508_
12:31:37,104.00,2,11604,104.00_104.50_105.00_105.50_106.00_,286_432_470_304_564_,103.50_103.00_102.50_102.00_101.50_,438_1103_357_417_508_
12:31:52,104.00,1,11605,104.00_104.50_105.00_105.50_106.00_,285_433_469_304_564_,103.50_103.00_102.50_102.00_101.50_,438_1107_357_418_508_
12:31:57,104.00,1,11605,104.00_104.50_105.00_105.50_106.00_,285_433_479_304_564_,103.50_103.00_102.50_102.00_101.50_,438_1107_357_418_508_
12:32:28,103.50,1,11614,104.00_104.50_105.00_105.50_106.00_,286_434_480_303_562_,103.50_103.00_102.50_102.00_101.50_,433_1126_339_418_508_
12:34:21,103.50,1,11620,104.00_104.50_105.00_105.50_106.00_,316_417_480_306_559_,103.50_103.00_102.50_102.00_101.50_,445_1103_357_420_510_
12:37:25,103.50,2,11646,104.00_104.50_105.00_105.50_106.00_,337_417_484_317_565_,103.50_103.00_102.50_102.00_101.50_,436_1129_337_418_502_
12:37:56,103.50,5,11653,104.00_104.50_105.00_105.50_106.00_,338_418_484_317_565_,103.50_103.00_102.50_102.00_101.50_,431_1129_337_418_502_
12:38:01,104.00,1,11654,104.00_104.50_105.00_105.50_106.00_,338_418_485_317_565_,103.50_103.00_102.50_102.00_101.50_,431_1129_337_418_502_
12:38:06,103.50,3,11657,104.00_104.50_105.00_105.50_106.00_,335_418_484_317_565_,103.50_103.00_102.50_102.00_101.50_,429_1129_337_418_502_
12:40:30,103.50,1,11704,104.00_104.50_105.00_105.50_106.00_,341_424_490_311_565_,103.50_103.00_102.50_102.00_101.50_,414_1136_338_416_503_
12:41:21,103.50,3,11708,104.00_104.50_105.00_105.50_106.00_,347_410_490_311_565_,103.50_103.00_102.50_102.00_101.50_,413_1148_338_416_505_
12:42:07,104.00,2,11713,104.00_104.50_105.00_105.50_106.00_,356_409_488_312_565_,103.50_103.00_102.50_102.00_101.50_,468_1125_356_416_504_
12:44:56,104.00,1,11745,104.00_104.50_105.00_105.50_106.00_,356_415_485_307_564_,103.50_103.00_102.50_102.00_101.50_,435_1096_354_415_504_
12:45:06,104.00,1,11745,104.00_104.50_105.00_105.50_106.00_,358_415_486_307_564_,103.50_103.00_102.50_102.00_101.50_,436_1096_354_416_504_
12:45:11,104.00,1,11746,104.00_104.50_105.00_105.50_106.00_,357_417_486_307_566_,103.50_103.00_102.50_102.00_101.50_,439_1096_354_416_504_
12:45:17,103.50,1,11747,104.00_104.50_105.00_105.50_106.00_,357_417_486_307_566_,103.50_103.00_102.50_102.00_101.50_,438_1096_354_416_504_
12:45:42,104.00,2,11750,104.00_104.50_105.00_105.50_106.00_,364_417_492_307_566_,103.50_103.00_102.50_102.00_101.50_,445_1096_354_416_504_
12:46:08,104.00,1,11754,104.00_104.50_105.00_105.50_106.00_,363_417_498_307_562_,103.50_103.00_102.50_102.00_101.50_,444_1094_354_416_504_
12:47:50,104.00,1,11768,104.00_104.50_105.00_105.50_106.00_,360_420_499_307_564_,103.50_103.00_102.50_102.00_101.50_,454_1113_324_416_504_
12:51:46,104.00,8,11813,104.00_104.50_105.00_105.50_106.00_,362_431_506_307_567_,103.50_103.00_102.50_102.00_101.50_,469_1074_343_417_307_
12:51:56,104.00,8,11813,104.00_104.50_105.00_105.50_106.00_,365_431_506_307_567_,103.50_103.00_102.50_102.00_101.50_,473_1072_343_417_307_
12:52:01,104.00,8,11813,104.00_104.50_105.00_105.50_106.00_,368_431_506_307_567_,103.50_103.00_102.50_102.00_101.50_,474_1072_343_417_307_
12:52:06,104.00,8,11813,104.00_104.50_105.00_105.50_106.00_,368_431_506_307_567_,103.50_103.00_102.50_102.00_101.50_,471_1072_343_418_307_
12:52:11,104.00,8,11813,104.00_104.50_105.00_105.50_106.00_,368_431_506_307_567_,103.50_103.00_102.50_102.00_101.50_,475_1071_343_418_307_
12:52:37,104.00,2,11817,104.00_104.50_105.00_105.50_106.00_,367_430_506_307_567_,103.50_103.00_102.50_102.00_101.50_,475_1074_343_413_307_
12:52:52,103.50,1,11823,104.00_104.50_105.00_105.50_106.00_,365_427_506_307_567_,103.50_103.00_102.50_102.00_101.50_,476_1075_343_413_307_
12:53:03,103.50,1,11823,104.00_104.50_105.00_105.50_106.00_,365_428_505_307_567_,103.50_103.00_102.50_102.00_101.50_,476_1076_343_413_306_
12:55:47,103.50,1,11846,104.00_104.50_105.00_105.50_106.00_,380_430_505_306_568_,103.50_103.00_102.50_102.00_101.50_,467_1089_324_415_306_
12:57:49,103.50,3,11923,104.00_104.50_105.00_105.50_106.00_,419_423_504_303_564_,103.50_103.00_102.50_102.00_101.50_,433_1060_343_415_306_
12:57:55,103.50,3,11923,104.00_104.50_105.00_105.50_106.00_,419_423_504_303_564_,103.50_103.00_102.50_102.00_101.50_,435_1051_343_415_306_
12:58:36,104.00,1,11932,104.00_104.50_105.00_105.50_106.00_,429_418_503_303_569_,103.50_103.00_102.50_102.00_101.50_,430_1077_320_410_304_
12:59:11,103.50,26,11971,104.00_104.50_105.00_105.50_106.00_,429_418_503_303_569_,103.50_103.00_102.50_102.00_101.50_,388_1079_320_410_304_
12:59:32,103.50,3,11979,104.00_104.50_105.00_105.50_106.00_,455_417_503_304_570_,103.50_103.00_102.50_102.00_101.50_,380_1079_320_410_304_
13:00:03,103.50,1,11995,104.00_104.50_105.00_105.50_106.00_,446_405_503_302_572_,103.50_103.00_102.50_102.00_101.50_,378_1079_320_410_304_
13:03:43,102.50,30,13417,103.00_103.50_104.00_104.50_105.00_,976_537_749_349_386_,102.50_102.00_101.50_101.00_100.50_,190_490_336_638_180_
13:07:43,102.50,2,14055,103.00_103.50_104.00_104.50_105.00_,833_547_748_338_381_,102.50_102.00_101.50_101.00_100.50_,300_563_389_654_167_
13:09:30,102.50,13,14431,103.00_103.50_104.00_104.50_105.00_,413_117_354_338_381_,102.50_102.00_101.50_101.00_100.50_,52_569_195_657_171_
13:10:16,102.50,8,14564,103.00_103.50_104.00_104.50_105.00_,409_120_349_333_381_,102.50_102.00_101.50_101.00_100.50_,35_568_204_665_176_
13:10:26,102.50,2,14601,103.00_103.50_104.00_104.50_105.00_,409_120_358_327_383_,102.50_102.00_101.50_101.00_100.50_,23_571_206_665_177_
13:10:31,102.50,7,14608,103.00_103.50_104.00_104.50_105.00_,409_120_360_327_383_,102.50_102.00_101.50_101.00_100.50_,22_576_205_665_177_
13:10:37,102.50,18,14626,103.00_103.50_104.00_104.50_105.00_,409_120_360_322_383_,102.50_102.00_101.50_101.00_100.50_,6_587_205_664_177_
13:11:07,102.50,1,14656,103.00_103.50_104.00_104.50_105.00_,409_122_356_323_383_,102.50_102.00_101.50_101.00_100.50_,172_582_220_664_234_
13:11:12,102.50,5,14661,103.00_103.50_104.00_104.50_105.00_,409_122_356_323_383_,102.50_102.00_101.50_101.00_100.50_,177_582_222_664_238_
13:11:23,102.50,3,14664,103.00_103.50_104.00_104.50_105.00_,409_122_346_323_383_,102.50_102.00_101.50_101.00_100.50_,213_578_222_664_238_
13:12:14,103.00,6,14775,103.00_103.50_104.00_104.50_105.00_,313_118_347_326_382_,102.50_102.00_101.50_101.00_100.50_,260_582_223_662_255_
13:12:34,103.00,5,14787,103.00_103.50_104.00_104.50_105.00_,301_119_346_325_382_,102.50_102.00_101.50_101.00_100.50_,290_582_224_672_270_
13:12:45,103.00,7,14804,103.00_103.50_104.00_104.50_105.00_,291_119_347_325_382_,102.50_102.00_101.50_101.00_100.50_,329_568_191_672_270_
13:17:41,103.00,5,15073,103.00_103.50_104.00_104.50_105.00_,353_135_285_291_387_,102.50_102.00_101.50_101.00_100.50_,403_635_199_884_469_
13:17:51,103.00,3,15079,103.00_103.50_104.00_104.50_105.00_,312_135_285_289_387_,102.50_102.00_101.50_101.00_100.50_,402_636_199_884_469_
13:18:02,103.00,2,15101,103.00_103.50_104.00_104.50_105.00_,293_135_284_289_387_,102.50_102.00_101.50_101.00_100.50_,454_634_200_885_469_
13:18:07,103.00,2,15103,103.00_103.50_104.00_104.50_105.00_,294_135_284_288_387_,102.50_102.00_101.50_101.00_100.50_,452_635_202_885_469_
13:18:12,102.50,1,15104,103.00_103.50_104.00_104.50_105.00_,294_135_284_288_387_,102.50_102.00_101.50_101.00_100.50_,447_635_202_884_469_
13:18:17,103.00,9,15113,103.00_103.50_104.00_104.50_105.00_,285_134_284_288_388_,102.50_102.00_101.50_101.00_100.50_,439_640_202_883_469_
13:18:22,103.00,1,15114,103.00_103.50_104.00_104.50_105.00_,283_134_284_288_389_,102.50_102.00_101.50_101.00_100.50_,444_640_202_883_469_
13:18:27,103.00,2,15116,103.00_103.50_104.00_104.50_105.00_,282_134_284_288_389_,102.50_102.00_101.50_101.00_100.50_,448_640_204_884_469_
13:18:32,103.00,2,15116,103.00_103.50_104.00_104.50_105.00_,283_136_284_290_389_,102.50_102.00_101.50_101.00_100.50_,444_639_205_884_469_
13:19:03,102.50,1,15133,103.00_103.50_104.00_104.50_105.00_,270_137_259_288_389_,102.50_102.00_101.50_101.00_100.50_,442_652_185_921_476_
13:19:08,103.00,2,15135,103.00_103.50_104.00_104.50_105.00_,268_137_259_288_389_,102.50_102.00_101.50_101.00_100.50_,444_651_185_921_476_
13:19:13,102.50,6,15141,103.00_103.50_104.00_104.50_105.00_,294_137_259_288_389_,102.50_102.00_101.50_101.00_100.50_,444_652_186_921_476_
13:19:18,102.50,2,15143,103.00_103.50_104.00_104.50_105.00_,294_137_259_288_389_,102.50_102.00_101.50_101.00_100.50_,445_653_187_921_476_
13:19:29,103.00,8,15155,103.00_103.50_104.00_104.50_105.00_,287_137_259_288_389_,102.50_102.00_101.50_101.00_100.50_,437_654_187_924_476_
13:19:34,103.00,2,15157,103.00_103.50_104.00_104.50_105.00_,286_137_259_288_389_,102.50_102.00_101.50_101.00_100.50_,439_655_187_924_476_
13:19:39,103.00,4,15161,103.00_103.50_104.00_104.50_105.00_,283_137_254_288_389_,102.50_102.00_101.50_101.00_100.50_,437_654_188_924_476_
13:19:44,103.00,1,15162,103.00_103.50_104.00_104.50_105.00_,284_137_254_288_389_,102.50_102.00_101.50_101.00_100.50_,434_654_188_925_476_
13:20:25,103.00,14,15296,103.00_103.50_104.00_104.50_105.00_,169_132_255_285_387_,102.50_102.00_101.50_101.00_100.50_,498_660_219_922_476_
13:20:35,103.00,52,15359,103.00_103.50_104.00_104.50_105.00_,127_132_255_280_407_,102.50_102.00_101.50_101.00_100.50_,546_660_188_723_276_
13:20:40,103.00,15,15374,103.00_103.50_104.00_104.50_105.00_,124_142_256_280_405_,102.50_102.00_101.50_101.00_100.50_,522_662_188_723_276_
13:20:45,103.00,45,15419,103.00_103.50_104.00_104.50_105.00_,80_142_256_280_405_,102.50_102.00_101.50_101.00_100.50_,599_877_188_723_276_
13:20:55,103.50,82,15501,103.50_104.00_104.50_105.00_105.50_,126_256_285_404_237_,103.00_102.50_102.00_101.50_101.00_,96_630_650_189_715_
13:24:20,103.00,3,15778,103.50_104.00_104.50_105.00_105.50_,85_316_292_359_276_,103.00_102.50_102.00_101.50_101.00_,131_465_740_183_683_
13:24:25,103.50,2,15780,103.50_104.00_104.50_105.00_105.50_,87_315_293_359_275_,103.00_102.50_102.00_101.50_101.00_,131_465_741_183_681_
13:24:30,103.50,1,15781,103.50_104.00_104.50_105.00_105.50_,125_315_293_359_275_,103.00_102.50_102.00_101.50_101.00_,183_461_741_183_681_
13:25:00,103.00,11,15804,103.50_104.00_104.50_105.00_105.50_,118_340_346_442_279_,103.00_102.50_102.00_101.50_101.00_,236_460_794_175_681_
13:26:16,103.00,11,15804,103.50_104.00_104.50_105.00_105.50_,38_230_283_395_271_,103.00_102.50_102.00_101.50_101.00_,62_311_712_151_653_
13:28:39,103.00,11,15804,103.50_104.00_104.50_105.00_105.50_,60_210_284_413_258_,103.00_102.50_102.00_101.50_101.00_,129_378_733_163_812_
13:30:00,103.50,1741,17545,104.00_104.50_105.00_105.50_106.00_,211_252_361_242_441_,103.50_103.00_102.50_102.00_101.50_,6_377_428_734_201_
