09:00:43,17.65,8,48,17.65_17.70_17.75_17.80_17.85_,6_33_1_6_16_,17.60_17.55_17.50_17.45_17.40_,1_9_10_5_78_
09:01:19,17.70,5,84,17.70_17.75_17.80_17.85_17.90_,3_1_7_16_46_,17.65_17.60_17.55_17.50_17.45_,8_1_9_3_5_
09:01:24,17.70,3,87,17.75_17.80_17.85_17.90_17.95_,1_7_16_46_26_,17.65_17.60_17.55_17.50_17.45_,8_1_9_3_5_
09:01:29,17.75,1,88,17.75_17.80_17.85_17.90_17.95_,2_7_16_46_26_,17.65_17.60_17.55_17.50_17.45_,8_1_10_3_5_
09:01:40,17.65,1,89,17.70_17.75_17.80_17.85_17.90_,3_2_7_17_46_,17.65_17.60_17.55_17.50_17.45_,7_5_10_3_5_
09:01:45,17.70,2,91,17.70_17.75_17.80_17.85_17.90_,3_22_7_17_46_,17.65_17.60_17.55_17.50_17.45_,7_6_8_3_5_
09:02:31,17.70,1,100,17.70_17.75_17.80_17.85_17.90_,28_20_10_30_47_,17.60_17.55_17.50_17.45_17.40_,6_8_3_6_68_
09:02:36,17.60,5,105,17.70_17.75_17.80_17.85_17.90_,28_20_10_30_47_,17.60_17.55_17.50_17.45_17.40_,1_8_3_6_68_
09:02:41,17.55,2,107,17.60_17.70_17.75_17.80_17.85_,2_31_20_10_30_,17.55_17.50_17.45_17.40_17.35_,8_3_9_68_1_
09:02:46,17.55,2,107,17.60_17.65_17.70_17.75_17.80_,5_2_25_20_50_,17.55_17.50_17.45_17.40_17.20_,8_2_10_69_3_
09:02:51,17.55,2,107,17.60_17.65_17.70_17.75_17.80_,4_2_25_20_50_,17.55_17.50_17.45_17.40_17.20_,8_2_10_69_3_
09:02:56,17.55,2,107,17.60_17.65_17.70_17.75_17.80_,14_2_25_20_51_,17.55_17.50_17.45_17.40_17.20_,8_2_9_69_3_
09:03:02,17.55,2,107,17.60_17.65_17.70_17.75_17.80_,18_2_21_20_51_,17.55_17.50_17.45_17.40_17.20_,9_2_9_69_5_
09:03:07,17.60,10,117,17.60_17.65_17.70_17.75_17.80_,17_2_18_20_51_,17.55_17.50_17.45_17.40_17.20_,9_2_11_69_5_
09:03:12,17.60,10,117,17.60_17.65_17.70_17.75_17.80_,18_2_18_20_51_,17.55_17.50_17.45_17.40_17.20_,12_2_12_69_5_
09:04:19,17.55,8,129,17.60_17.65_17.70_17.75_17.80_,22_5_24_21_51_,17.55_17.50_17.45_17.40_17.20_,12_3_18_69_5_
09:06:37,17.55,1,152,17.55_17.60_17.65_17.70_17.75_,9_15_8_26_21_,17.50_17.45_17.40_17.25_17.20_,35_25_69_1_5_
09:07:13,17.55,1,152,17.55_17.60_17.65_17.70_17.75_,9_15_8_28_22_,17.50_17.45_17.40_17.25_17.20_,35_25_69_1_5_
09:07:44,17.50,1,153,17.55_17.60_17.65_17.70_17.75_,9_15_8_28_22_,17.50_17.45_17.40_17.25_17.20_,106_25_69_1_5_
09:07:49,17.55,3,156,17.55_17.60_17.65_17.70_17.75_,6_15_8_28_22_,17.50_17.45_17.40_17.25_17.20_,106_28_69_1_5_
09:07:59,17.55,6,162,17.60_17.65_17.70_17.75_17.80_,15_8_33_22_54_,17.55_17.50_17.45_17.40_17.25_,6_106_28_69_1_
09:08:04,17.55,6,162,17.60_17.65_17.70_17.75_17.80_,16_8_33_22_54_,17.55_17.50_17.45_17.40_17.20_,11_106_21_69_5_
09:08:09,17.55,6,162,17.60_17.65_17.70_17.75_17.80_,16_8_33_22_56_,17.55_17.50_17.45_17.40_17.20_,11_106_21_69_5_
09:08:15,17.55,6,162,17.60_17.65_17.70_17.75_17.80_,16_8_33_22_56_,17.55_17.50_17.45_17.40_17.20_,21_106_21_69_5_
09:08:20,17.60,2,164,17.60_17.65_17.70_17.75_17.80_,15_8_33_22_57_,17.55_17.50_17.45_17.40_17.20_,21_106_21_69_5_
09:09:11,17.65,1,185,17.65_17.70_17.75_17.80_17.85_,10_23_23_57_30_,17.60_17.55_17.50_17.45_17.40_,4_22_87_20_68_
09:09:21,17.65,1,186,17.65_17.70_17.75_17.80_17.85_,19_23_23_57_30_,17.60_17.55_17.50_17.45_17.40_,4_22_87_20_68_
09:09:31,17.65,1,188,17.65_17.70_17.75_17.80_17.85_,18_23_23_57_30_,17.60_17.55_17.50_17.45_17.40_,5_22_87_20_68_
09:10:02,17.65,1,189,17.65_17.70_17.75_17.80_17.85_,12_23_23_57_31_,17.60_17.55_17.50_17.45_17.40_,5_23_87_20_68_
09:10:23,17.65,5,201,17.65_17.70_17.75_17.80_17.85_,10_23_23_57_31_,17.55_17.50_17.45_17.40_17.20_,23_104_20_69_5_
09:10:33,17.55,7,208,17.65_17.70_17.75_17.80_17.85_,13_22_23_57_31_,17.55_17.50_17.45_17.40_17.20_,16_104_20_69_5_
09:13:27,17.60,2,212,17.60_17.65_17.70_17.75_17.80_,4_13_23_23_57_,17.55_17.50_17.45_17.40_17.35_,22_106_11_70_2_
09:14:39,17.60,1,218,17.65_17.70_17.75_17.80_17.85_,19_23_25_58_26_,17.60_17.55_17.50_17.45_17.40_,4_24_65_11_71_
09:14:49,17.60,1,218,17.65_17.70_17.75_17.80_17.85_,19_22_25_58_26_,17.60_17.55_17.50_17.45_17.40_,3_24_65_11_71_
09:15:41,17.60,1,218,17.65_17.70_17.75_17.80_17.85_,19_22_25_73_26_,17.60_17.55_17.50_17.45_17.40_,3_23_64_11_71_
09:16:06,17.60,1,218,17.65_17.70_17.75_17.80_17.85_,24_20_30_74_26_,17.60_17.55_17.50_17.45_17.40_,15_23_64_11_71_
09:16:22,17.60,1,218,17.65_17.70_17.75_17.80_17.85_,24_20_30_74_26_,17.60_17.55_17.50_17.45_17.40_,16_23_64_11_71_
09:16:27,17.60,1,218,17.65_17.70_17.75_17.80_17.85_,24_20_30_79_26_,17.60_17.55_17.50_17.45_17.40_,16_23_64_11_71_
09:16:32,17.60,1,219,17.65_17.70_17.75_17.80_17.85_,24_20_30_79_26_,17.60_17.55_17.50_17.45_17.40_,15_23_64_11_71_
09:16:37,17.60,1,219,17.65_17.70_17.75_17.80_17.85_,24_21_30_79_26_,17.60_17.55_17.50_17.45_17.40_,16_23_64_11_71_
09:16:47,17.60,1,219,17.65_17.70_17.75_17.80_17.85_,24_21_30_39_26_,17.60_17.55_17.50_17.45_17.40_,16_23_64_11_71_
09:18:15,17.55,2,243,17.60_17.65_17.70_17.75_17.80_,24_23_24_30_39_,17.55_17.50_17.45_17.40_17.30_,21_77_11_72_2_
09:18:20,17.55,2,243,17.60_17.65_17.70_17.75_17.80_,25_23_24_30_39_,17.55_17.50_17.45_17.40_17.30_,21_77_11_72_2_
09:18:35,17.55,1,244,17.60_17.65_17.70_17.75_17.80_,26_23_24_30_39_,17.55_17.50_17.45_17.40_17.30_,20_77_11_72_2_
09:19:11,17.55,4,248,17.60_17.65_17.70_17.75_17.80_,25_23_24_30_39_,17.55_17.50_17.45_17.40_17.30_,15_77_11_72_2_
09:19:31,17.55,4,248,17.60_17.65_17.70_17.75_17.80_,35_23_24_32_39_,17.55_17.50_17.45_17.40_17.30_,15_77_11_73_2_
09:22:10,17.55,10,272,17.60_17.65_17.70_17.75_17.80_,46_15_34_27_41_,17.55_17.50_17.45_17.40_17.30_,1_88_11_85_2_
09:22:20,17.55,10,272,17.60_17.65_17.70_17.75_17.80_,46_15_34_27_51_,17.55_17.50_17.45_17.40_17.30_,1_88_14_85_2_
09:22:36,17.55,10,272,17.60_17.65_17.70_17.75_17.80_,47_15_34_27_51_,17.55_17.50_17.45_17.40_17.30_,1_88_14_85_2_
09:23:32,17.50,1,278,17.55_17.60_17.65_17.70_17.75_,6_46_15_34_34_,17.50_17.45_17.40_17.35_17.30_,84_13_88_1_7_
09:25:51,17.55,1,282,17.55_17.60_17.65_17.70_17.75_,5_37_19_34_34_,17.50_17.45_17.40_17.35_17.30_,84_10_86_1_9_
09:26:16,17.55,1,282,17.55_17.60_17.65_17.70_17.75_,5_37_19_34_34_,17.50_17.45_17.40_17.35_17.30_,87_10_86_1_9_
09:26:37,17.55,1,282,17.55_17.60_17.65_17.70_17.75_,11_37_19_34_34_,17.50_17.45_17.40_17.35_17.30_,87_11_86_1_9_
09:26:42,17.55,1,282,17.55_17.60_17.65_17.70_17.75_,11_37_19_34_35_,17.50_17.45_17.40_17.35_17.30_,87_11_86_1_9_
09:27:13,17.55,1,282,17.55_17.60_17.65_17.70_17.75_,11_37_19_34_35_,17.50_17.45_17.40_17.35_17.30_,88_11_86_1_9_
09:27:28,17.55,1,283,17.55_17.60_17.65_17.70_17.75_,10_37_19_34_35_,17.50_17.45_17.40_17.35_17.30_,88_11_86_1_9_
09:29:36,17.55,1,285,17.55_17.60_17.65_17.70_17.75_,10_47_22_34_35_,17.50_17.45_17.40_17.35_17.30_,88_11_86_1_9_
09:29:52,17.55,1,285,17.55_17.60_17.65_17.70_17.75_,11_47_21_34_35_,17.50_17.45_17.40_17.35_17.30_,88_11_116_1_9_
09:30:17,17.50,2,287,17.55_17.60_17.65_17.70_17.75_,11_47_21_34_35_,17.50_17.45_17.40_17.35_17.30_,86_11_116_1_9_
09:31:29,17.55,1,309,17.55_17.60_17.65_17.70_17.75_,2_48_22_33_35_,17.50_17.45_17.40_17.35_17.30_,78_8_147_1_9_
09:31:34,17.55,1,309,17.55_17.60_17.65_17.70_17.75_,3_47_22_33_35_,17.50_17.45_17.40_17.35_17.30_,78_8_147_1_9_
09:31:39,17.55,1,309,17.55_17.60_17.65_17.70_17.75_,3_49_23_33_35_,17.50_17.45_17.40_17.35_17.30_,78_9_147_1_9_
09:31:44,17.55,1,309,17.55_17.60_17.65_17.70_17.75_,4_49_23_33_45_,17.50_17.45_17.40_17.35_17.30_,77_9_147_1_9_
09:31:55,17.55,1,309,17.55_17.60_17.65_17.70_17.75_,4_49_23_33_45_,17.50_17.45_17.40_17.35_17.30_,77_9_146_1_9_
09:32:00,17.50,1,310,17.55_17.60_17.65_17.70_17.75_,4_49_23_33_45_,17.50_17.45_17.40_17.35_17.30_,76_9_146_1_12_
09:32:05,17.50,1,311,17.55_17.60_17.65_17.70_17.75_,5_49_23_35_45_,17.50_17.45_17.40_17.35_17.30_,75_9_146_1_12_
09:32:15,17.50,1,311,17.55_17.60_17.65_17.70_17.75_,5_49_23_35_45_,17.50_17.45_17.40_17.35_17.30_,75_9_147_1_12_
09:32:25,17.50,1,311,17.55_17.60_17.65_17.70_17.75_,9_49_23_35_45_,17.50_17.45_17.40_17.35_17.30_,75_9_146_1_12_
09:32:36,17.50,30,341,17.55_17.60_17.65_17.70_17.75_,9_49_23_35_46_,17.50_17.45_17.40_17.35_17.30_,45_9_146_1_12_
09:32:41,17.55,8,349,17.55_17.60_17.65_17.70_17.75_,1_49_23_35_46_,17.50_17.45_17.40_17.35_17.30_,35_13_115_1_12_
09:32:46,17.55,8,349,17.55_17.60_17.65_17.70_17.75_,4_59_23_35_46_,17.50_17.45_17.40_17.35_17.30_,35_11_115_1_13_
09:33:27,17.55,8,349,17.55_17.60_17.65_17.70_17.75_,7_59_23_36_46_,17.50_17.45_17.40_17.35_17.30_,33_10_115_1_13_
09:36:21,17.55,1,394,17.60_17.65_17.70_17.75_17.80_,69_21_35_46_49_,17.55_17.50_17.45_17.40_17.30_,18_10_18_116_13_
09:37:23,17.55,19,414,17.60_17.65_17.70_17.75_17.80_,73_21_35_46_49_,17.50_17.45_17.40_17.30_17.20_,10_19_121_13_5_
09:37:28,17.50,10,424,17.60_17.65_17.70_17.75_17.80_,72_21_35_46_49_,17.50_17.45_17.40_17.35_17.30_,1_23_121_1_13_
09:37:38,17.50,2,427,17.50_17.55_17.60_17.65_17.70_,3_11_72_21_35_,17.45_17.40_17.35_17.30_17.20_,23_144_1_14_5_
09:38:25,17.50,7,436,17.55_17.60_17.65_17.70_17.75_,13_74_21_35_66_,17.50_17.45_17.40_17.35_17.30_,6_22_121_1_13_
09:38:50,17.50,2,438,17.55_17.60_17.65_17.70_17.75_,13_74_21_35_66_,17.50_17.45_17.40_17.35_17.30_,4_22_121_1_13_
09:38:55,17.55,1,439,17.55_17.60_17.65_17.70_17.75_,12_74_21_35_66_,17.50_17.45_17.40_17.35_17.30_,3_21_121_1_13_
09:39:36,17.50,2,441,17.55_17.60_17.65_17.70_17.75_,23_74_21_35_69_,17.50_17.45_17.40_17.35_17.30_,1_21_144_1_13_
09:42:00,17.50,1,442,17.50_17.55_17.60_17.65_17.70_,9_22_74_21_36_,17.45_17.40_17.35_17.30_17.25_,21_140_1_14_3_
09:42:20,17.50,1,442,17.50_17.55_17.60_17.65_17.70_,11_22_74_21_36_,17.45_17.40_17.35_17.30_17.25_,21_140_1_14_3_
09:42:25,17.45,1,443,17.50_17.55_17.60_17.65_17.70_,11_22_74_26_36_,17.45_17.40_17.35_17.30_17.25_,20_140_1_14_3_
09:42:41,17.45,1,443,17.50_17.55_17.60_17.65_17.70_,10_22_74_26_36_,17.45_17.40_17.35_17.30_17.25_,20_140_1_14_3_
09:43:37,17.45,3,452,17.50_17.55_17.60_17.65_17.70_,32_22_75_26_36_,17.45_17.40_17.35_17.30_17.25_,7_140_1_12_3_
09:44:08,17.50,1,453,17.50_17.55_17.60_17.65_17.70_,31_24_73_26_35_,17.45_17.40_17.35_17.30_17.25_,8_140_1_12_3_
09:45:15,17.50,1,458,17.50_17.55_17.60_17.65_17.70_,32_24_73_27_35_,17.45_17.40_17.35_17.30_17.25_,3_140_3_12_3_
09:46:01,17.45,1,459,17.50_17.55_17.60_17.65_17.70_,34_23_75_27_35_,17.45_17.40_17.35_17.30_17.25_,2_140_3_12_3_
09:47:03,17.45,2,467,17.50_17.55_17.60_17.65_17.70_,35_23_75_27_50_,17.40_17.35_17.30_17.25_17.20_,140_5_13_3_7_
09:48:50,17.45,3,471,17.50_17.55_17.60_17.65_17.70_,34_23_77_32_50_,17.40_17.35_17.30_17.25_17.20_,135_5_19_3_7_
09:49:11,17.45,3,471,17.50_17.55_17.60_17.65_17.70_,34_23_77_32_51_,17.40_17.35_17.30_17.25_17.20_,136_5_19_3_7_
09:49:46,17.45,1,473,17.45_17.50_17.55_17.60_17.65_,2_32_23_77_32_,17.40_17.35_17.30_17.25_17.20_,136_5_18_4_7_
09:50:58,17.45,4,479,17.50_17.55_17.60_17.65_17.70_,30_23_77_32_51_,17.45_17.40_17.35_17.30_17.25_,2_136_3_18_3_
09:51:29,17.45,4,479,17.50_17.55_17.60_17.65_17.70_,30_23_77_32_51_,17.45_17.40_17.35_17.30_17.25_,2_138_3_18_3_
09:53:27,17.50,2,485,17.50_17.55_17.60_17.65_17.70_,26_23_77_44_51_,17.45_17.40_17.35_17.30_17.25_,21_138_3_18_3_
09:54:13,17.50,1,491,17.50_17.55_17.60_17.65_17.70_,20_23_77_44_51_,17.45_17.40_17.35_17.30_17.25_,21_138_3_18_3_
09:54:18,17.50,1,491,17.50_17.55_17.60_17.65_17.70_,20_23_77_34_51_,17.45_17.40_17.35_17.30_17.25_,21_138_3_18_3_
09:55:25,17.50,1,491,17.50_17.55_17.60_17.65_17.70_,42_23_58_34_51_,17.45_17.40_17.35_17.30_17.25_,21_138_3_18_3_
09:55:46,17.45,5,496,17.50_17.55_17.60_17.65_17.70_,42_23_58_34_51_,17.45_17.40_17.35_17.30_17.25_,16_138_3_18_3_
09:56:37,17.45,1,500,17.50_17.55_17.60_17.65_17.70_,42_23_58_34_53_,17.45_17.40_17.35_17.30_17.25_,15_139_3_18_3_
09:57:03,17.45,1,500,17.50_17.55_17.60_17.65_17.70_,43_23_58_34_53_,17.45_17.40_17.35_17.30_17.25_,15_139_3_18_3_
09:57:08,17.45,1,501,17.50_17.55_17.60_17.65_17.70_,43_23_58_34_53_,17.45_17.40_17.35_17.30_17.25_,14_137_3_18_3_
09:58:09,17.50,10,512,17.50_17.55_17.60_17.65_17.70_,31_23_58_34_53_,17.45_17.40_17.35_17.30_17.25_,52_137_3_18_3_
09:58:45,17.45,1,513,17.50_17.55_17.60_17.65_17.70_,31_23_58_34_53_,17.45_17.40_17.35_17.30_17.25_,37_114_3_18_3_
09:59:11,17.50,1,514,17.50_17.55_17.60_17.65_17.70_,30_23_58_34_55_,17.45_17.40_17.35_17.30_17.25_,37_114_3_18_3_
09:59:36,17.45,1,515,17.50_17.55_17.60_17.65_17.70_,30_23_58_34_55_,17.45_17.40_17.35_17.30_17.25_,37_114_3_18_3_
10:00:12,17.45,1,515,17.50_17.55_17.60_17.65_17.70_,30_23_58_34_55_,17.45_17.40_17.35_17.30_17.25_,38_114_3_18_3_
10:00:38,17.45,1,515,17.50_17.55_17.60_17.65_17.70_,30_23_58_34_55_,17.45_17.40_17.35_17.30_17.25_,38_115_3_18_3_
10:01:04,17.45,1,516,17.50_17.55_17.60_17.65_17.70_,29_23_58_34_55_,17.45_17.40_17.35_17.30_17.25_,37_115_3_18_3_
10:03:22,17.45,1,517,17.50_17.55_17.60_17.65_17.70_,30_23_58_34_55_,17.45_17.40_17.35_17.30_17.25_,38_117_3_18_3_
10:04:19,17.45,1,517,17.50_17.55_17.60_17.65_17.70_,31_23_58_34_55_,17.45_17.40_17.35_17.30_17.25_,38_117_3_18_3_
10:04:55,17.45,1,517,17.50_17.55_17.60_17.65_17.70_,32_23_58_34_55_,17.45_17.40_17.35_17.30_17.25_,38_117_3_18_3_
10:05:56,17.45,1,517,17.50_17.55_17.60_17.65_17.70_,33_23_58_34_55_,17.45_17.40_17.35_17.30_17.25_,38_117_3_18_3_
10:06:12,17.45,10,527,17.50_17.55_17.60_17.65_17.70_,33_23_58_34_55_,17.45_17.40_17.35_17.30_17.25_,28_117_3_18_3_
10:06:37,17.45,1,528,17.50_17.55_17.60_17.65_17.70_,33_23_58_34_55_,17.45_17.40_17.35_17.30_17.25_,27_117_3_18_3_
10:06:58,17.45,1,528,17.50_17.55_17.60_17.65_17.70_,34_23_58_34_55_,17.45_17.40_17.35_17.30_17.25_,27_117_3_18_3_
10:07:39,17.45,1,528,17.50_17.55_17.60_17.65_17.70_,35_23_58_34_55_,17.45_17.40_17.35_17.30_17.25_,27_116_3_18_3_
10:08:35,17.45,2,530,17.50_17.55_17.60_17.65_17.70_,34_23_58_34_55_,17.45_17.40_17.35_17.30_17.25_,25_116_3_18_3_
10:09:01,17.45,2,532,17.50_17.55_17.60_17.65_17.70_,36_23_58_34_55_,17.45_17.40_17.35_17.30_17.25_,23_116_3_18_3_
10:09:47,17.45,2,532,17.50_17.55_17.60_17.65_17.70_,37_23_58_34_56_,17.45_17.40_17.35_17.30_17.25_,23_116_3_18_3_
10:09:52,17.45,2,532,17.50_17.55_17.60_17.65_17.70_,37_23_58_34_54_,17.45_17.40_17.35_17.30_17.25_,23_116_3_18_3_
10:10:38,17.45,2,543,17.50_17.55_17.60_17.65_17.70_,37_23_58_34_54_,17.45_17.40_17.35_17.30_17.25_,32_116_8_18_3_
10:10:59,17.45,2,543,17.50_17.55_17.60_17.65_17.70_,37_23_58_34_54_,17.45_17.40_17.35_17.30_17.25_,33_116_8_18_3_
10:11:55,17.45,2,543,17.50_17.55_17.60_17.65_17.70_,37_23_58_34_54_,17.45_17.40_17.35_17.30_17.25_,38_116_8_18_3_
10:12:00,17.45,2,543,17.50_17.55_17.60_17.65_17.70_,37_23_58_34_54_,17.45_17.40_17.35_17.30_17.25_,38_121_8_18_3_
10:12:05,17.50,19,562,17.50_17.55_17.60_17.65_17.70_,18_23_58_34_54_,17.45_17.40_17.35_17.30_17.25_,38_121_8_18_3_
10:12:11,17.50,19,562,17.50_17.55_17.60_17.65_17.70_,18_23_58_34_55_,17.45_17.40_17.35_17.30_17.25_,38_121_8_18_3_
10:12:36,17.45,1,564,17.50_17.55_17.60_17.65_17.70_,18_23_58_34_65_,17.45_17.40_17.35_17.30_17.25_,37_121_8_18_8_
10:13:33,17.45,1,564,17.50_17.55_17.60_17.65_17.70_,19_23_58_34_65_,17.45_17.40_17.35_17.30_17.25_,37_121_8_19_8_
10:13:58,17.45,5,569,17.50_17.55_17.60_17.65_17.70_,19_23_58_34_65_,17.45_17.40_17.35_17.30_17.25_,32_121_8_19_8_
10:14:04,17.45,5,569,17.50_17.55_17.60_17.65_17.70_,20_23_58_34_66_,17.45_17.40_17.35_17.30_17.25_,32_121_8_19_8_
10:14:09,17.45,5,569,17.50_17.55_17.60_17.65_17.70_,20_23_58_34_65_,17.45_17.40_17.35_17.30_17.25_,32_121_8_19_8_
10:14:19,17.45,2,571,17.50_17.55_17.60_17.65_17.70_,20_23_58_34_65_,17.45_17.40_17.35_17.30_17.25_,30_121_8_19_8_
10:14:34,17.45,1,572,17.50_17.55_17.60_17.65_17.70_,20_23_58_34_65_,17.45_17.40_17.35_17.30_17.25_,29_121_8_19_8_
10:15:15,17.45,1,572,17.50_17.55_17.60_17.65_17.70_,20_23_58_34_65_,17.45_17.40_17.35_17.30_17.25_,36_153_8_19_8_
10:15:20,17.45,1,572,17.50_17.55_17.60_17.65_17.70_,21_23_58_34_65_,17.45_17.40_17.35_17.30_17.25_,36_153_8_19_8_
10:16:07,17.45,1,573,17.50_17.55_17.60_17.65_17.70_,20_23_58_34_65_,17.45_17.40_17.35_17.30_17.25_,35_153_8_19_8_
10:16:43,17.45,1,574,17.50_17.55_17.60_17.65_17.70_,20_23_58_34_65_,17.45_17.40_17.35_17.30_17.25_,34_153_8_19_8_
10:16:53,17.45,1,574,17.50_17.55_17.60_17.65_17.70_,20_23_58_34_65_,17.45_17.40_17.35_17.30_17.25_,35_151_8_19_8_
10:17:24,17.45,1,575,17.50_17.55_17.60_17.65_17.70_,20_23_58_34_65_,17.45_17.40_17.35_17.30_17.25_,34_151_8_19_8_
10:19:21,17.50,1,582,17.50_17.55_17.60_17.65_17.70_,26_22_58_34_65_,17.45_17.40_17.35_17.30_17.25_,30_151_10_19_8_
10:21:14,17.50,1,582,17.50_17.55_17.60_17.65_17.70_,26_22_58_34_65_,17.45_17.40_17.35_17.30_17.25_,30_151_12_19_8_
10:22:26,17.50,1,582,17.50_17.55_17.60_17.65_17.70_,26_22_58_34_65_,17.45_17.40_17.35_17.30_17.25_,30_151_10_19_8_
10:22:57,17.50,3,585,17.50_17.55_17.60_17.65_17.70_,23_22_58_34_65_,17.45_17.40_17.35_17.30_17.25_,30_151_10_19_8_
10:25:16,17.50,3,585,17.50_17.55_17.60_17.65_17.70_,24_22_58_34_67_,17.45_17.40_17.35_17.30_17.25_,30_151_10_19_11_
10:26:02,17.50,3,585,17.50_17.55_17.60_17.65_17.70_,24_22_58_34_69_,17.45_17.40_17.35_17.30_17.25_,30_151_10_19_11_
10:26:28,17.50,3,585,17.50_17.55_17.60_17.65_17.70_,24_22_58_34_69_,17.45_17.40_17.35_17.30_17.25_,31_151_10_19_11_
10:26:48,17.50,3,585,17.50_17.55_17.60_17.65_17.70_,25_22_58_34_69_,17.45_17.40_17.35_17.30_17.25_,31_151_10_19_11_
10:28:36,17.50,1,589,17.50_17.55_17.60_17.65_17.70_,22_22_58_34_69_,17.45_17.40_17.35_17.30_17.25_,31_151_10_19_11_
10:29:27,17.50,1,589,17.50_17.55_17.60_17.65_17.70_,22_22_58_34_69_,17.45_17.40_17.35_17.30_17.25_,31_151_10_14_11_
10:31:30,17.45,2,595,17.50_17.55_17.60_17.65_17.70_,18_22_58_34_71_,17.45_17.40_17.35_17.30_17.25_,31_151_10_14_11_
10:31:35,17.50,4,599,17.50_17.55_17.60_17.65_17.70_,14_22_58_34_71_,17.45_17.40_17.35_17.30_17.25_,31_151_10_14_11_
10:31:41,17.50,2,601,17.50_17.55_17.60_17.65_17.70_,12_22_58_34_71_,17.45_17.40_17.35_17.30_17.25_,31_151_10_14_11_
10:32:06,17.50,2,601,17.50_17.55_17.60_17.65_17.70_,13_22_58_34_71_,17.45_17.40_17.35_17.30_17.25_,27_153_10_14_11_
10:32:47,17.50,2,601,17.50_17.55_17.60_17.65_17.70_,14_22_58_34_71_,17.45_17.40_17.35_17.30_17.25_,27_153_10_14_11_
10:33:08,17.45,1,602,17.50_17.55_17.60_17.65_17.70_,13_22_58_34_71_,17.45_17.40_17.35_17.30_17.25_,26_153_10_14_11_
10:33:23,17.45,1,602,17.50_17.55_17.60_17.65_17.70_,13_22_58_34_71_,17.45_17.40_17.35_17.30_17.25_,26_153_8_14_11_
10:33:33,17.45,1,602,17.50_17.55_17.60_17.65_17.70_,14_22_58_34_71_,17.45_17.40_17.35_17.30_17.25_,26_153_8_14_11_
10:33:54,17.45,1,602,17.50_17.55_17.60_17.65_17.70_,15_22_58_34_71_,17.45_17.40_17.35_17.30_17.25_,26_153_8_14_11_
10:39:33,17.45,2,619,17.50_17.55_17.60_17.65_17.70_,7_23_57_34_81_,17.45_17.40_17.35_17.30_17.25_,22_153_8_14_11_
10:39:53,17.45,2,619,17.50_17.55_17.60_17.65_17.70_,8_23_57_34_81_,17.45_17.40_17.35_17.30_17.25_,22_153_8_14_11_
10:39:58,17.50,1,620,17.50_17.55_17.60_17.65_17.70_,7_23_57_34_81_,17.45_17.40_17.35_17.30_17.25_,22_153_8_14_11_
10:40:03,17.50,1,621,17.50_17.55_17.60_17.65_17.70_,6_23_57_34_81_,17.45_17.40_17.35_17.30_17.25_,22_153_8_14_11_
10:44:41,17.50,1,625,17.50_17.55_17.60_17.65_17.70_,12_23_57_34_81_,17.45_17.40_17.35_17.30_17.25_,22_153_8_14_11_
10:45:27,17.50,1,625,17.50_17.55_17.60_17.65_17.70_,13_23_57_34_81_,17.45_17.40_17.35_17.30_17.25_,22_153_8_14_11_
10:46:08,17.50,1,625,17.50_17.55_17.60_17.65_17.70_,14_23_62_34_81_,17.45_17.40_17.35_17.30_17.25_,22_153_8_14_11_
10:46:13,17.50,1,625,17.50_17.55_17.60_17.65_17.70_,15_23_62_34_81_,17.45_17.40_17.35_17.30_17.25_,22_153_8_14_11_
10:46:34,17.50,1,625,17.50_17.55_17.60_17.65_17.70_,15_23_60_34_81_,17.45_17.40_17.35_17.30_17.25_,22_153_8_14_11_
10:47:10,17.50,1,625,17.50_17.55_17.60_17.65_17.70_,14_23_60_34_81_,17.45_17.40_17.35_17.30_17.25_,22_153_8_14_11_
10:49:18,17.55,3,642,17.55_17.60_17.65_17.70_17.75_,22_60_29_86_65_,17.50_17.45_17.40_17.35_17.30_,17_32_124_8_13_
10:49:38,17.55,3,642,17.55_17.60_17.65_17.70_17.75_,23_65_29_86_65_,17.50_17.45_17.40_17.35_17.30_,17_32_124_8_13_
10:50:25,17.55,1,643,17.55_17.60_17.65_17.70_17.75_,25_65_29_86_65_,17.50_17.45_17.40_17.35_17.30_,17_32_124_8_13_
10:50:30,17.55,1,644,17.55_17.60_17.65_17.70_17.75_,24_65_29_86_65_,17.50_17.45_17.40_17.35_17.30_,16_32_124_8_13_
10:50:35,17.50,1,645,17.55_17.60_17.65_17.70_17.75_,24_65_29_86_65_,17.50_17.45_17.40_17.35_17.30_,14_32_124_8_13_
10:50:50,17.50,1,645,17.55_17.60_17.65_17.70_17.75_,24_65_29_71_65_,17.50_17.45_17.40_17.35_17.30_,14_32_124_8_13_
10:51:31,17.50,1,645,17.55_17.60_17.65_17.70_17.75_,24_65_29_71_65_,17.50_17.45_17.40_17.35_17.30_,19_35_124_8_13_
10:52:12,17.50,1,645,17.55_17.60_17.65_17.70_17.75_,25_65_29_71_65_,17.50_17.45_17.40_17.35_17.30_,19_35_124_8_13_
10:52:23,17.50,1,645,17.55_17.60_17.65_17.70_17.75_,25_65_29_71_65_,17.50_17.45_17.40_17.35_17.30_,19_35_130_8_13_
10:52:28,17.50,1,645,17.55_17.60_17.65_17.70_17.75_,26_65_29_71_65_,17.50_17.45_17.40_17.35_17.30_,19_35_130_8_13_
10:52:38,17.50,1,646,17.55_17.60_17.65_17.70_17.75_,24_65_29_71_65_,17.50_17.45_17.40_17.35_17.30_,18_35_130_8_13_
10:52:43,17.50,1,646,17.55_17.60_17.65_17.70_17.75_,24_65_29_71_65_,17.50_17.45_17.40_17.35_17.30_,19_35_130_8_13_
10:52:48,17.50,1,646,17.55_17.60_17.65_17.70_17.75_,24_65_39_71_65_,17.50_17.45_17.40_17.35_17.30_,19_35_130_8_13_
10:55:07,17.50,1,647,17.55_17.60_17.65_17.70_17.75_,24_60_39_71_66_,17.50_17.45_17.40_17.35_17.30_,18_35_130_8_13_
10:55:27,17.50,1,647,17.55_17.60_17.65_17.70_17.75_,30_60_39_71_66_,17.50_17.45_17.40_17.35_17.30_,18_35_130_8_13_
10:56:44,17.50,1,660,17.55_17.60_17.65_17.70_17.75_,29_60_42_74_66_,17.50_17.45_17.40_17.35_17.30_,5_35_155_8_13_
10:57:30,17.50,1,661,17.55_17.60_17.65_17.70_17.75_,30_60_42_74_66_,17.50_17.45_17.40_17.35_17.30_,4_35_155_8_13_
10:59:08,17.50,5,666,17.55_17.60_17.65_17.70_17.75_,37_61_42_74_66_,17.50_17.45_17.40_17.35_17.30_,2_35_130_8_13_
11:00:04,17.50,5,666,17.55_17.60_17.65_17.70_17.75_,37_55_42_74_66_,17.50_17.45_17.40_17.35_17.30_,2_35_124_8_13_
11:01:47,17.55,1,672,17.55_17.60_17.65_17.70_17.75_,32_55_42_74_66_,17.50_17.45_17.40_17.35_17.30_,6_35_125_8_13_
11:02:18,17.55,1,672,17.55_17.60_17.65_17.70_17.75_,31_55_42_74_66_,17.50_17.45_17.40_17.35_17.30_,6_35_125_8_13_
11:03:04,17.55,1,674,17.55_17.60_17.65_17.70_17.75_,29_56_41_74_66_,17.50_17.45_17.40_17.35_17.30_,4_35_125_8_13_
11:04:26,17.55,1,674,17.55_17.60_17.65_17.70_17.75_,32_58_39_74_66_,17.50_17.45_17.40_17.35_17.30_,4_35_125_8_13_
11:04:36,17.55,1,674,17.55_17.60_17.65_17.70_17.75_,35_58_39_74_66_,17.50_17.45_17.40_17.35_17.30_,4_35_125_8_13_
11:05:02,17.55,1,674,17.55_17.60_17.65_17.70_17.75_,35_59_39_74_66_,17.50_17.45_17.40_17.35_17.30_,4_36_125_8_13_
11:05:12,17.55,1,674,17.55_17.60_17.65_17.70_17.75_,35_58_39_74_66_,17.50_17.45_17.40_17.35_17.30_,14_36_125_8_13_
11:05:18,17.55,1,674,17.55_17.60_17.65_17.70_17.75_,35_58_39_74_66_,17.50_17.45_17.40_17.35_17.30_,16_36_125_8_13_
11:05:38,17.55,1,674,17.55_17.60_17.65_17.70_17.75_,36_58_39_74_66_,17.50_17.45_17.40_17.35_17.30_,17_38_125_8_13_
11:08:28,17.55,1,674,17.55_17.60_17.65_17.70_17.75_,40_57_39_76_66_,17.50_17.45_17.40_17.35_17.30_,24_38_125_8_13_
11:08:48,17.55,1,674,17.55_17.60_17.65_17.70_17.75_,40_57_39_76_67_,17.50_17.45_17.40_17.35_17.30_,25_38_125_8_13_
11:08:53,17.55,3,677,17.55_17.60_17.65_17.70_17.75_,37_57_39_76_67_,17.50_17.45_17.40_17.35_17.30_,25_38_125_8_13_
11:10:00,17.50,1,681,17.55_17.60_17.65_17.70_17.75_,34_57_39_76_67_,17.50_17.45_17.40_17.35_17.30_,29_38_125_8_13_
11:10:05,17.50,1,681,17.55_17.60_17.65_17.70_17.75_,34_52_39_76_67_,17.50_17.45_17.40_17.35_17.30_,31_38_125_8_13_
11:10:10,17.50,1,681,17.55_17.60_17.65_17.70_17.75_,39_52_39_76_67_,17.50_17.45_17.40_17.35_17.30_,31_38_125_8_13_
11:12:08,17.50,1,682,17.55_17.60_17.65_17.70_17.75_,41_52_39_76_67_,17.50_17.45_17.40_17.35_17.30_,30_38_125_8_13_
11:12:18,17.50,1,682,17.55_17.60_17.65_17.70_17.75_,42_52_39_76_67_,17.50_17.45_17.40_17.35_17.30_,30_38_125_8_13_
11:12:39,17.55,4,704,17.55_17.60_17.65_17.70_17.75_,25_52_39_76_67_,17.50_17.45_17.40_17.35_17.30_,30_38_125_8_13_
11:13:25,17.55,2,717,17.55_17.60_17.65_17.70_17.75_,25_52_39_76_67_,17.50_17.45_17.40_17.35_17.30_,19_38_125_8_13_
11:14:22,17.55,3,730,17.55_17.60_17.65_17.70_17.75_,14_52_29_76_69_,17.50_17.45_17.40_17.35_17.30_,17_38_125_8_13_
11:14:47,17.55,1,731,17.55_17.60_17.65_17.70_17.75_,13_52_29_76_69_,17.50_17.45_17.40_17.35_17.30_,17_38_125_8_13_
11:15:59,17.50,1,734,17.55_17.60_17.65_17.70_17.75_,14_52_29_76_69_,17.50_17.45_17.40_17.35_17.30_,15_38_125_8_13_
11:16:20,17.50,1,734,17.55_17.60_17.65_17.70_17.75_,15_52_29_76_69_,17.50_17.45_17.40_17.35_17.30_,15_38_125_8_13_
11:16:30,17.50,1,734,17.55_17.60_17.65_17.70_17.75_,16_52_29_76_69_,17.50_17.45_17.40_17.35_17.30_,15_38_125_8_13_
11:17:57,17.50,2,736,17.55_17.60_17.65_17.70_17.75_,23_52_29_76_69_,17.50_17.45_17.40_17.35_17.30_,13_38_125_8_13_
11:18:38,17.50,1,737,17.55_17.60_17.65_17.70_17.75_,22_52_29_76_69_,17.50_17.45_17.40_17.35_17.30_,12_39_125_8_13_
11:20:26,17.50,1,750,17.50_17.55_17.60_17.65_17.70_,5_19_52_30_76_,17.45_17.40_17.35_17.30_17.25_,39_158_8_14_11_
11:20:41,17.50,1,750,17.50_17.55_17.60_17.65_17.70_,5_19_52_30_76_,17.45_17.40_17.35_17.30_17.25_,39_157_8_14_11_
11:21:07,17.45,23,774,17.50_17.55_17.60_17.65_17.70_,4_19_52_30_76_,17.45_17.40_17.35_17.30_17.25_,15_157_8_14_11_
11:21:17,17.45,6,780,17.50_17.55_17.60_17.65_17.70_,4_19_52_30_76_,17.45_17.40_17.35_17.30_17.25_,9_157_8_14_11_
11:21:22,17.45,6,780,17.50_17.55_17.60_17.65_17.70_,5_19_52_30_76_,17.45_17.40_17.35_17.30_17.25_,9_157_8_14_11_
11:22:24,17.55,1,784,17.55_17.60_17.65_17.70_17.75_,24_52_30_76_69_,17.45_17.40_17.35_17.30_17.25_,14_157_8_14_11_
11:25:08,17.55,1,796,17.55_17.60_17.65_17.70_17.75_,37_52_30_76_69_,17.50_17.45_17.40_17.35_17.30_,2_13_157_8_13_
11:25:39,17.50,1,797,17.55_17.60_17.65_17.70_17.75_,37_52_30_76_69_,17.50_17.45_17.40_17.35_17.30_,1_13_157_8_13_
11:27:27,17.45,1,800,17.55_17.60_17.65_17.70_17.75_,46_61_30_76_75_,17.45_17.40_17.35_17.30_17.25_,11_155_8_14_11_
11:28:49,17.45,2,805,17.55_17.60_17.65_17.70_17.75_,45_61_30_76_75_,17.45_17.40_17.35_17.30_17.25_,7_155_8_16_11_
11:30:52,17.45,1,807,17.55_17.60_17.65_17.70_17.75_,44_61_30_76_75_,17.45_17.40_17.35_17.30_17.25_,5_155_9_15_11_
11:35:29,17.45,1,812,17.55_17.60_17.65_17.70_17.75_,41_62_30_75_75_,17.45_17.40_17.35_17.30_17.25_,27_155_9_23_11_
11:36:56,17.45,1,813,17.55_17.60_17.65_17.70_17.75_,40_62_30_75_75_,17.45_17.40_17.35_17.30_17.25_,26_155_9_23_11_
11:37:53,17.55,2,815,17.55_17.60_17.65_17.70_17.75_,39_62_30_75_75_,17.45_17.40_17.35_17.30_17.25_,26_155_8_24_11_
11:38:24,17.45,2,817,17.55_17.60_17.65_17.70_17.75_,39_62_30_75_75_,17.45_17.40_17.35_17.30_17.25_,25_155_8_24_11_
11:38:39,17.45,2,817,17.55_17.60_17.65_17.70_17.75_,39_62_30_75_75_,17.50_17.45_17.40_17.35_17.30_,2_25_155_9_23_
11:38:44,17.45,2,817,17.55_17.60_17.65_17.70_17.75_,39_62_30_75_75_,17.50_17.45_17.40_17.35_17.30_,3_25_164_8_23_
11:38:55,17.45,2,817,17.55_17.60_17.65_17.70_17.75_,39_62_30_75_75_,17.50_17.45_17.40_17.35_17.30_,4_28_123_8_23_
11:39:41,17.45,2,817,17.55_17.60_17.65_17.70_17.75_,40_62_30_75_75_,17.50_17.45_17.40_17.35_17.30_,4_30_123_8_23_
11:40:21,17.45,2,817,17.55_17.60_17.65_17.70_17.75_,40_62_30_75_75_,17.50_17.45_17.40_17.35_17.30_,4_28_123_8_23_
11:40:42,17.45,2,817,17.55_17.60_17.65_17.70_17.75_,40_62_30_75_75_,17.50_17.45_17.40_17.35_17.30_,9_33_123_8_23_
11:41:54,17.55,1,819,17.55_17.60_17.65_17.70_17.75_,37_62_30_75_75_,17.50_17.45_17.40_17.35_17.30_,10_34_123_8_23_
11:42:09,17.55,1,819,17.55_17.60_17.65_17.70_17.75_,37_61_30_75_75_,17.50_17.45_17.40_17.35_17.30_,10_36_123_8_23_
11:42:19,17.55,1,819,17.55_17.60_17.65_17.70_17.75_,37_62_30_75_75_,17.50_17.45_17.40_17.35_17.30_,10_39_123_8_23_
11:42:30,17.55,1,819,17.55_17.60_17.65_17.70_17.75_,38_62_30_75_75_,17.50_17.45_17.40_17.35_17.30_,10_39_123_8_23_
11:44:23,17.55,1,819,17.55_17.60_17.65_17.70_17.75_,43_67_30_75_75_,17.50_17.45_17.40_17.35_17.30_,27_26_123_8_23_
11:45:04,17.55,1,819,17.55_17.60_17.65_17.70_17.75_,44_68_30_75_75_,17.50_17.45_17.40_17.35_17.30_,27_26_123_8_23_
11:45:29,17.50,5,824,17.55_17.60_17.65_17.70_17.75_,43_68_30_75_75_,17.50_17.45_17.40_17.35_17.30_,27_22_123_8_23_
11:45:40,17.50,5,829,17.55_17.60_17.65_17.70_17.75_,43_68_30_75_75_,17.50_17.45_17.40_17.35_17.30_,23_22_123_8_23_
11:45:55,17.50,1,830,17.55_17.60_17.65_17.70_17.75_,43_68_30_75_75_,17.50_17.45_17.40_17.35_17.30_,22_22_123_8_23_
11:46:05,17.50,1,830,17.55_17.60_17.65_17.70_17.75_,43_68_30_75_75_,17.50_17.45_17.40_17.35_17.30_,27_22_123_8_23_
11:47:38,17.55,1,846,17.55_17.60_17.65_17.70_17.75_,37_68_30_75_75_,17.50_17.45_17.40_17.35_17.30_,16_50_125_8_23_
11:48:24,17.50,1,861,17.55_17.60_17.65_17.70_17.75_,40_68_30_75_75_,17.50_17.45_17.40_17.35_17.30_,7_45_125_8_23_
11:48:55,17.50,1,861,17.55_17.60_17.65_17.70_17.75_,41_68_30_75_75_,17.50_17.45_17.40_17.35_17.30_,7_45_125_8_23_
11:49:25,17.50,1,861,17.55_17.60_17.65_17.70_17.75_,42_68_30_75_75_,17.50_17.45_17.40_17.35_17.30_,7_45_125_8_23_
11:49:56,17.50,1,863,17.55_17.60_17.65_17.70_17.75_,40_68_30_75_75_,17.50_17.45_17.40_17.35_17.30_,6_45_125_8_15_
11:52:25,17.50,1,867,17.55_17.60_17.65_17.70_17.75_,40_68_30_75_78_,17.50_17.45_17.40_17.35_17.30_,47_45_125_8_15_
11:53:21,17.50,10,877,17.55_17.60_17.65_17.70_17.75_,40_68_30_75_78_,17.50_17.45_17.40_17.35_17.30_,37_45_125_9_15_
11:53:31,17.50,10,877,17.55_17.60_17.65_17.70_17.75_,40_68_30_75_78_,17.50_17.45_17.40_17.35_17.30_,39_45_125_9_15_
11:54:28,17.55,2,889,17.55_17.60_17.65_17.70_17.75_,39_68_30_75_78_,17.50_17.45_17.40_17.35_17.30_,29_45_125_9_15_
11:55:04,17.50,1,891,17.55_17.60_17.65_17.70_17.75_,41_68_30_75_78_,17.50_17.45_17.40_17.35_17.30_,32_45_125_9_15_
11:56:05,17.50,1,891,17.55_17.60_17.65_17.70_17.75_,41_68_30_75_78_,17.50_17.45_17.40_17.35_17.30_,30_45_125_9_15_
11:56:57,17.50,1,892,17.55_17.60_17.65_17.70_17.75_,40_68_30_75_78_,17.50_17.45_17.40_17.35_17.30_,29_45_125_9_15_
11:58:14,17.50,1,892,17.55_17.60_17.65_17.70_17.75_,61_68_30_75_78_,17.50_17.45_17.40_17.35_17.30_,29_45_125_9_15_
11:59:15,17.50,1,893,17.55_17.60_17.65_17.70_17.75_,61_68_30_75_78_,17.50_17.45_17.40_17.35_17.30_,28_45_125_9_15_
11:59:20,17.55,1,894,17.55_17.60_17.65_17.70_17.75_,60_68_30_75_78_,17.50_17.45_17.40_17.35_17.30_,28_45_125_9_15_
11:59:25,17.50,1,895,17.55_17.60_17.65_17.70_17.75_,60_68_30_75_78_,17.50_17.45_17.40_17.35_17.30_,27_45_125_9_15_
11:59:41,17.50,1,895,17.55_17.60_17.65_17.70_17.75_,60_68_30_75_78_,17.50_17.45_17.40_17.35_17.30_,27_45_135_9_15_
11:59:46,17.50,1,895,17.55_17.60_17.65_17.70_17.75_,60_68_30_75_78_,17.50_17.45_17.40_17.35_17.30_,32_45_135_9_15_
12:00:01,17.50,1,895,17.55_17.60_17.65_17.70_17.75_,60_68_30_75_78_,17.50_17.45_17.40_17.35_17.30_,46_45_135_9_15_
12:02:04,17.50,2,901,17.55_17.60_17.65_17.70_17.75_,58_68_30_75_78_,17.50_17.45_17.40_17.35_17.30_,43_45_135_9_15_
12:02:56,17.55,1,902,17.55_17.60_17.65_17.70_17.75_,57_68_30_75_78_,17.50_17.45_17.40_17.35_17.30_,43_45_135_9_15_
12:04:28,17.55,1,904,17.55_17.60_17.65_17.70_17.75_,56_58_30_75_78_,17.50_17.45_17.40_17.35_17.30_,42_45_135_9_15_
12:05:35,17.55,1,910,17.55_17.60_17.65_17.70_17.75_,51_58_30_75_78_,17.50_17.45_17.40_17.35_17.30_,42_45_135_9_15_
12:05:55,17.50,1,911,17.55_17.60_17.65_17.70_17.75_,51_58_30_75_78_,17.50_17.45_17.40_17.35_17.30_,41_45_135_9_15_
12:07:02,17.50,1,911,17.55_17.60_17.65_17.70_17.75_,51_60_32_75_78_,17.50_17.45_17.40_17.35_17.30_,41_45_135_9_15_
12:07:28,17.50,1,911,17.55_17.60_17.65_17.70_17.75_,51_70_32_75_78_,17.50_17.45_17.40_17.35_17.30_,41_45_135_9_15_
12:07:48,17.50,1,911,17.55_17.60_17.65_17.70_17.75_,53_70_32_75_78_,17.50_17.45_17.40_17.35_17.30_,41_45_135_9_15_
12:08:50,17.50,1,911,17.55_17.60_17.65_17.70_17.75_,54_70_32_75_82_,17.50_17.45_17.40_17.35_17.30_,51_45_135_9_15_
12:13:32,17.50,1,913,17.55_17.60_17.65_17.70_17.75_,56_70_32_75_82_,17.50_17.45_17.40_17.35_17.30_,49_45_135_9_15_
12:13:57,17.50,1,913,17.55_17.60_17.65_17.70_17.75_,56_70_33_75_82_,17.50_17.45_17.40_17.35_17.30_,49_45_135_9_15_
12:15:25,17.50,1,926,17.55_17.60_17.65_17.70_17.75_,55_70_33_75_82_,17.50_17.45_17.40_17.35_17.30_,38_45_135_9_15_
12:16:37,17.50,20,951,17.55_17.60_17.65_17.70_17.75_,58_70_33_75_82_,17.50_17.45_17.40_17.35_17.30_,13_45_135_9_15_
12:17:08,17.50,10,961,17.55_17.60_17.65_17.70_17.75_,60_70_33_75_82_,17.50_17.45_17.40_17.35_17.30_,3_45_135_9_15_
12:17:28,17.50,1,962,17.55_17.60_17.65_17.70_17.75_,60_70_33_75_82_,17.50_17.45_17.40_17.35_17.30_,2_45_135_9_15_
12:17:33,17.50,1,963,17.55_17.60_17.65_17.70_17.75_,60_70_33_75_82_,17.50_17.45_17.40_17.35_17.30_,1_45_162_9_15_
12:18:14,17.50,1,963,17.55_17.60_17.65_17.70_17.75_,60_70_33_75_82_,17.50_17.45_17.40_17.35_17.30_,6_45_162_9_15_
12:21:55,17.50,2,984,17.50_17.55_17.60_17.65_17.70_,13_47_70_33_75_,17.45_17.40_17.35_17.30_17.25_,44_161_9_16_8_
12:22:41,17.50,6,990,17.50_17.55_17.60_17.65_17.70_,8_47_70_33_75_,17.45_17.40_17.35_17.30_17.25_,44_161_9_16_8_
12:22:51,17.50,8,998,17.55_17.60_17.65_17.70_17.75_,47_70_33_75_82_,17.50_17.45_17.40_17.35_17.30_,2_44_135_9_15_
12:24:08,17.50,2,1002,17.55_17.60_17.65_17.70_17.75_,49_70_33_75_82_,17.45_17.40_17.35_17.30_17.25_,44_163_9_16_8_
12:24:49,17.50,2,1002,17.55_17.60_17.65_17.70_17.75_,49_70_33_75_84_,17.45_17.40_17.35_17.30_17.25_,44_163_9_16_8_
12:26:16,17.50,2,1002,17.55_17.60_17.65_17.70_17.75_,49_70_34_75_84_,17.45_17.40_17.35_17.30_17.25_,45_163_9_11_8_
12:26:52,17.45,30,1032,17.55_17.60_17.65_17.70_17.75_,49_70_34_75_84_,17.45_17.40_17.35_17.30_17.25_,16_163_9_11_8_
12:27:44,17.50,1,1034,17.50_17.55_17.60_17.65_17.70_,54_45_70_34_75_,17.45_17.40_17.35_17.30_17.25_,28_163_9_11_8_
12:28:20,17.50,1,1034,17.50_17.55_17.60_17.65_17.70_,56_45_70_34_75_,17.45_17.40_17.35_17.30_17.25_,28_163_9_11_8_
12:29:36,17.50,1,1034,17.50_17.55_17.60_17.65_17.70_,62_50_70_34_75_,17.45_17.40_17.35_17.30_17.25_,28_163_9_11_8_
12:29:57,17.50,1,1034,17.50_17.55_17.60_17.65_17.70_,62_50_70_34_75_,17.45_17.40_17.35_17.30_17.25_,28_163_14_11_8_
12:30:17,17.50,1,1034,17.50_17.55_17.60_17.65_17.70_,62_50_70_34_75_,17.45_17.40_17.35_17.30_17.25_,33_163_14_11_8_
12:30:58,17.45,1,1035,17.50_17.55_17.60_17.65_17.70_,65_50_70_34_75_,17.45_17.40_17.35_17.30_17.25_,32_163_14_11_8_
12:32:31,17.45,1,1049,17.50_17.55_17.60_17.65_17.70_,68_50_70_34_75_,17.45_17.40_17.35_17.30_17.25_,21_163_14_11_8_
12:33:32,17.50,10,1064,17.50_17.55_17.60_17.65_17.70_,59_60_70_34_75_,17.45_17.40_17.35_17.30_17.25_,22_163_14_11_8_
12:33:37,17.50,10,1064,17.50_17.55_17.60_17.65_17.70_,59_60_70_34_75_,17.45_17.40_17.35_17.30_17.25_,24_163_14_11_8_
12:33:58,17.45,1,1065,17.50_17.55_17.60_17.65_17.70_,58_60_70_34_75_,17.45_17.40_17.35_17.30_17.25_,23_163_14_11_8_
12:34:39,17.45,1,1065,17.50_17.55_17.60_17.65_17.70_,59_60_70_34_75_,17.45_17.40_17.35_17.30_17.25_,23_163_14_11_8_
12:36:11,17.45,1,1067,17.50_17.55_17.60_17.65_17.70_,60_60_70_34_75_,17.45_17.40_17.35_17.30_17.25_,25_163_14_11_8_
12:37:03,17.45,1,1068,17.50_17.55_17.60_17.65_17.70_,59_60_70_34_75_,17.45_17.40_17.35_17.30_17.25_,26_163_14_11_8_
12:37:13,17.45,1,1068,17.50_17.55_17.60_17.65_17.70_,59_60_70_34_75_,17.45_17.40_17.35_17.30_17.25_,27_163_14_11_8_
12:37:28,17.45,1,1068,17.50_17.55_17.60_17.65_17.70_,59_60_70_34_75_,17.45_17.40_17.35_17.30_17.25_,37_165_14_11_8_
12:41:55,17.45,1,1071,17.50_17.55_17.60_17.65_17.70_,59_60_70_34_75_,17.45_17.40_17.35_17.30_17.25_,34_165_14_11_8_
12:42:15,17.45,1,1071,17.50_17.55_17.60_17.65_17.70_,58_60_70_34_75_,17.45_17.40_17.35_17.30_17.25_,34_165_14_11_8_
12:43:27,17.45,1,1072,17.50_17.55_17.60_17.65_17.70_,57_60_70_34_75_,17.45_17.40_17.35_17.30_17.25_,33_165_14_11_8_
12:43:58,17.45,10,1082,17.50_17.55_17.60_17.65_17.70_,59_60_70_34_75_,17.45_17.40_17.35_17.30_17.25_,26_165_14_11_8_
12:45:15,17.50,1,1083,17.50_17.55_17.60_17.65_17.70_,59_60_70_34_75_,17.45_17.40_17.35_17.30_17.25_,26_165_14_11_8_
12:45:25,17.45,1,1084,17.50_17.55_17.60_17.65_17.70_,58_60_70_34_75_,17.45_17.40_17.35_17.30_17.25_,25_165_14_11_8_
12:45:30,17.45,1,1084,17.50_17.55_17.60_17.65_17.70_,58_60_70_34_75_,17.45_17.40_17.35_17.30_17.25_,35_165_14_11_8_
12:45:35,17.45,2,1086,17.50_17.55_17.60_17.65_17.70_,58_60_70_34_75_,17.45_17.40_17.35_17.30_17.25_,33_165_14_11_8_
12:45:41,17.45,2,1086,17.50_17.55_17.60_17.65_17.70_,58_60_70_34_75_,17.45_17.40_17.35_17.30_17.25_,36_165_14_11_8_
12:47:03,17.45,2,1089,17.50_17.55_17.60_17.65_17.70_,57_55_70_34_75_,17.45_17.40_17.35_17.30_17.25_,35_165_14_11_8_
12:47:44,17.50,4,1095,17.50_17.55_17.60_17.65_17.70_,50_55_70_33_75_,17.45_17.40_17.35_17.30_17.25_,33_165_14_11_8_
12:47:49,17.45,3,1098,17.50_17.55_17.60_17.65_17.70_,50_55_70_33_75_,17.45_17.40_17.35_17.30_17.25_,30_165_14_11_8_
12:48:10,17.45,1,1099,17.50_17.55_17.60_17.65_17.70_,50_55_70_33_75_,17.45_17.40_17.35_17.30_17.25_,29_165_14_11_8_
12:48:25,17.45,1,1099,17.50_17.55_17.60_17.65_17.70_,52_55_70_33_75_,17.45_17.40_17.35_17.30_17.25_,29_165_14_11_8_
12:49:11,17.45,1,1100,17.50_17.55_17.60_17.65_17.70_,51_55_70_33_75_,17.45_17.40_17.35_17.30_17.25_,37_166_13_11_8_
12:49:16,17.45,1,1100,17.50_17.55_17.60_17.65_17.70_,51_55_70_33_75_,17.45_17.40_17.35_17.30_17.25_,37_166_13_8_8_
12:49:37,17.45,1,1100,17.50_17.55_17.60_17.65_17.70_,51_54_70_33_75_,17.45_17.40_17.35_17.30_17.25_,37_166_13_8_8_
12:49:42,17.45,1,1100,17.50_17.55_17.60_17.65_17.70_,51_54_70_33_75_,17.45_17.40_17.35_17.30_17.25_,42_166_13_8_8_
12:50:07,17.45,1,1100,17.50_17.55_17.60_17.65_17.70_,51_54_70_33_75_,17.45_17.40_17.35_17.30_17.25_,42_165_13_8_8_
12:50:28,17.45,2,1102,17.50_17.55_17.60_17.65_17.70_,51_54_70_33_75_,17.45_17.40_17.35_17.30_17.25_,40_165_13_8_8_
12:50:43,17.45,1,1103,17.50_17.55_17.60_17.65_17.70_,51_54_70_33_75_,17.45_17.40_17.35_17.30_17.25_,39_165_13_8_8_
12:50:54,17.45,1,1103,17.50_17.55_17.60_17.65_17.70_,51_54_69_33_75_,17.45_17.40_17.35_17.30_17.25_,39_165_13_8_8_
12:51:45,17.45,5,1108,17.50_17.55_17.60_17.65_17.70_,51_54_69_33_75_,17.45_17.40_17.35_17.30_17.25_,34_165_13_8_8_
12:52:11,17.45,5,1108,17.50_17.55_17.60_17.65_17.70_,51_54_70_33_75_,17.45_17.40_17.35_17.30_17.25_,34_165_13_8_8_
12:54:44,17.50,1,1111,17.50_17.55_17.60_17.65_17.70_,51_54_71_33_75_,17.45_17.40_17.35_17.30_17.25_,37_165_13_8_8_
12:56:17,17.45,5,1116,17.50_17.55_17.60_17.65_17.70_,52_54_71_33_75_,17.45_17.40_17.35_17.30_17.25_,35_165_13_8_8_
12:56:32,17.45,5,1116,17.50_17.55_17.60_17.65_17.70_,51_54_71_33_75_,17.45_17.40_17.35_17.30_17.25_,35_165_13_8_8_
12:57:23,17.45,5,1116,17.50_17.55_17.60_17.65_17.70_,51_54_71_33_75_,17.45_17.40_17.35_17.30_17.25_,65_180_13_8_8_
12:58:10,17.45,5,1116,17.50_17.55_17.60_17.65_17.70_,55_55_71_33_75_,17.45_17.40_17.35_17.30_17.25_,65_180_13_8_8_
12:58:25,17.45,5,1116,17.50_17.55_17.60_17.65_17.70_,56_55_71_33_75_,17.45_17.40_17.35_17.30_17.25_,65_180_13_8_8_
12:58:40,17.45,5,1116,17.50_17.55_17.60_17.65_17.70_,56_55_71_33_75_,17.45_17.40_17.35_17.30_17.25_,65_180_13_9_8_
12:58:56,17.50,5,1121,17.50_17.55_17.60_17.65_17.70_,51_55_71_33_75_,17.45_17.40_17.35_17.30_17.25_,65_180_13_9_8_
12:59:01,17.50,5,1121,17.50_17.55_17.60_17.65_17.70_,52_54_71_33_75_,17.45_17.40_17.35_17.30_17.25_,65_180_13_9_8_
12:59:11,17.50,5,1121,17.50_17.55_17.60_17.65_17.70_,52_54_71_33_75_,17.45_17.40_17.35_17.30_17.25_,65_179_13_9_8_
13:00:23,17.50,5,1126,17.50_17.55_17.60_17.65_17.70_,57_45_72_33_75_,17.45_17.40_17.35_17.30_17.25_,75_180_13_9_8_
13:00:33,17.50,5,1126,17.50_17.55_17.60_17.65_17.70_,57_45_72_33_75_,17.45_17.40_17.35_17.30_17.25_,76_180_13_9_8_
13:01:40,17.50,6,1143,17.50_17.55_17.60_17.65_17.70_,44_45_72_33_75_,17.45_17.40_17.35_17.30_17.25_,75_180_13_9_8_
13:02:46,17.50,3,1157,17.50_17.55_17.60_17.65_17.70_,31_45_72_33_75_,17.45_17.40_17.35_17.30_17.25_,76_179_13_9_8_
13:02:51,17.45,1,1158,17.50_17.55_17.60_17.65_17.70_,30_46_72_33_75_,17.45_17.40_17.35_17.30_17.25_,75_179_13_9_8_
13:03:32,17.50,2,1165,17.50_17.55_17.60_17.65_17.70_,24_46_72_33_75_,17.45_17.40_17.35_17.30_17.25_,75_179_13_9_8_
13:04:34,17.50,1,1171,17.50_17.55_17.60_17.65_17.70_,39_45_72_33_75_,17.45_17.40_17.35_17.30_17.25_,75_179_13_9_3_
13:06:37,17.45,1,1178,17.50_17.55_17.60_17.65_17.70_,42_45_72_33_75_,17.45_17.40_17.35_17.30_17.25_,59_179_13_9_3_
13:07:03,17.45,1,1178,17.50_17.55_17.60_17.65_17.70_,42_45_72_33_75_,17.45_17.40_17.35_17.30_17.25_,65_179_13_9_3_
13:07:18,17.45,1,1179,17.50_17.55_17.60_17.65_17.70_,42_45_72_33_75_,17.45_17.40_17.35_17.30_17.25_,64_179_13_9_3_
13:09:31,17.45,1,1190,17.50_17.55_17.60_17.65_17.70_,42_45_63_33_75_,17.45_17.40_17.35_17.30_17.25_,63_177_13_9_3_
13:11:14,17.45,1,1190,17.50_17.55_17.60_17.65_17.70_,23_46_63_33_75_,17.45_17.40_17.35_17.30_17.25_,63_177_13_9_3_
13:11:45,17.50,10,1200,17.50_17.55_17.60_17.65_17.70_,14_46_63_33_75_,17.45_17.40_17.35_17.30_17.25_,53_177_13_9_3_
13:12:36,17.50,5,1205,17.50_17.55_17.60_17.65_17.70_,10_46_63_33_75_,17.45_17.40_17.35_17.30_17.25_,53_172_13_9_3_
13:13:48,17.45,1,1229,17.50_17.55_17.60_17.65_17.70_,5_36_63_33_75_,17.45_17.40_17.35_17.30_17.25_,38_170_13_9_3_
13:16:17,17.45,1,1276,17.50_17.55_17.60_17.65_17.70_,11_57_62_33_75_,17.45_17.40_17.35_17.30_17.25_,11_159_13_9_3_
13:19:11,17.45,1,1278,17.50_17.55_17.60_17.65_17.70_,11_57_62_33_75_,17.45_17.40_17.35_17.30_17.25_,37_154_8_9_3_
13:19:52,17.45,1,1278,17.50_17.55_17.60_17.65_17.70_,12_57_62_33_75_,17.45_17.40_17.35_17.30_17.25_,37_154_8_9_3_
13:20:02,17.45,10,1288,17.50_17.55_17.60_17.65_17.70_,12_57_62_33_75_,17.45_17.40_17.35_17.30_17.25_,27_154_8_9_3_
13:21:09,17.45,1,1310,17.50_17.55_17.60_17.65_17.70_,12_56_62_33_75_,17.45_17.40_17.35_17.30_17.25_,6_154_8_9_3_
13:21:45,17.45,1,1310,17.50_17.55_17.60_17.65_17.70_,12_56_62_33_75_,17.45_17.40_17.35_17.30_17.25_,9_154_8_9_3_
13:21:50,17.45,1,1310,17.50_17.55_17.60_17.65_17.70_,12_56_62_33_75_,17.45_17.40_17.35_17.30_17.25_,11_152_8_9_3_
13:22:05,17.45,1,1311,17.50_17.55_17.60_17.65_17.70_,12_56_62_33_75_,17.45_17.40_17.35_17.30_17.25_,10_152_8_9_3_
13:22:16,17.45,1,1311,17.50_17.55_17.60_17.65_17.70_,17_56_65_33_75_,17.45_17.40_17.35_17.30_17.25_,10_152_8_59_3_
13:22:41,17.45,1,1311,17.50_17.55_17.60_17.65_17.70_,12_56_65_33_75_,17.45_17.40_17.35_17.30_17.25_,10_152_8_59_3_
13:23:27,17.50,2,1323,17.50_17.55_17.60_17.65_17.70_,12_56_65_33_75_,17.40_17.35_17.30_17.25_17.20_,152_7_59_4_9_
13:23:58,17.50,2,1323,17.50_17.55_17.60_17.65_17.70_,12_56_65_33_75_,17.40_17.35_17.30_17.25_17.20_,152_7_60_4_9_
13:24:44,17.45,1,1327,17.50_17.55_17.60_17.65_17.70_,23_56_65_33_75_,17.45_17.40_17.35_17.30_17.25_,2_149_8_58_3_
13:24:55,17.45,1,1329,17.50_17.55_17.60_17.65_17.70_,22_56_65_33_75_,17.40_17.35_17.30_17.25_17.20_,150_8_58_3_7_
13:27:10,17.45,1,1329,17.45_17.50_17.55_17.60_17.65_,6_26_34_61_29_,17.40_17.35_17.30_17.25_17.20_,49_7_69_95_68_
13:27:36,17.45,1,1329,17.45_17.50_17.55_17.60_17.65_,6_26_34_61_29_,17.40_17.35_17.30_17.25_17.20_,51_7_69_95_69_
13:27:46,17.45,1,1329,17.45_17.50_17.55_17.60_17.65_,3_26_34_61_29_,17.40_17.35_17.30_17.25_17.20_,51_7_69_95_69_
13:27:56,17.45,1,1329,17.45_17.50_17.55_17.60_17.65_,3_26_34_61_29_,17.40_17.35_17.30_17.25_17.20_,58_7_69_95_69_
13:30:00,17.40,116,1445,17.45_17.50_17.55_17.60_17.65_,3_26_34_61_29_,17.40_17.35_17.30_17.25_17.20_,80_64_69_95_69_
