09:00:44,426.00,1,3,426.00_426.50_427.00_427.50_428.00_,1_2_2_2_1_,425.50_425.00_423.00_422.00_421.00_,4_10_2_1_2_
09:01:00,426.00,1,4,426.50_427.00_427.50_428.00_430.00_,2_2_2_1_3_,425.50_425.00_423.00_422.00_421.00_,5_10_2_1_2_
09:01:05,426.00,1,4,426.50_427.00_427.50_428.00_430.00_,2_2_2_1_3_,425.50_425.00_423.50_423.00_422.00_,5_10_1_2_1_
09:02:06,426.50,1,5,426.50_427.00_427.50_428.00_430.00_,1_2_2_1_3_,426.00_425.50_425.00_423.50_423.00_,3_3_10_1_2_
09:02:32,426.50,1,5,426.50_427.00_427.50_428.00_430.00_,1_2_2_1_3_,426.00_425.50_425.00_423.50_423.00_,4_3_10_1_2_
09:03:03,426.50,1,5,426.50_427.00_427.50_428.00_430.00_,1_2_2_1_3_,426.00_425.50_425.00_423.50_423.00_,4_3_10_1_3_
09:03:08,426.50,1,5,426.50_427.00_427.50_428.00_430.00_,1_2_2_1_3_,426.00_425.50_425.00_423.50_423.00_,4_2_10_1_3_
09:03:23,426.50,1,5,426.50_427.00_427.50_428.00_430.00_,1_2_2_4_3_,426.00_425.50_425.00_423.50_423.00_,4_2_10_1_3_
09:03:28,426.50,1,6,427.00_427.50_428.00_430.00_430.50_,2_2_4_3_3_,426.00_425.50_425.00_423.50_423.00_,4_2_10_1_3_
09:03:34,427.00,1,7,427.00_427.50_428.00_430.00_430.50_,1_2_4_3_3_,426.00_425.50_425.00_423.50_423.00_,4_2_10_1_3_
09:03:44,427.00,1,7,426.50_427.00_427.50_428.00_430.00_,3_1_2_4_3_,426.00_425.50_425.00_423.50_423.00_,4_2_10_1_3_
09:04:04,426.00,2,9,426.50_427.00_427.50_428.00_430.00_,3_1_2_4_3_,426.00_425.50_425.00_423.50_423.00_,2_2_10_1_3_
09:04:15,426.00,1,10,426.50_427.00_427.50_428.00_430.00_,3_1_2_4_3_,426.00_425.50_425.00_423.50_423.00_,1_2_10_1_3_
09:05:06,426.00,1,11,426.50_427.00_427.50_428.00_430.00_,3_1_2_4_3_,425.50_425.00_423.50_423.00_422.00_,2_10_1_3_1_
09:06:28,426.50,2,13,426.50_427.00_427.50_428.00_430.00_,1_1_2_4_3_,425.50_425.00_423.50_423.00_422.00_,2_10_1_3_1_
09:06:33,426.50,2,13,426.50_427.00_427.50_428.00_430.00_,1_1_2_4_3_,425.50_425.00_423.50_423.00_422.00_,3_10_1_3_1_
09:07:19,426.50,2,13,426.50_427.00_427.50_428.00_430.00_,1_1_2_4_3_,425.50_425.00_423.50_423.00_422.00_,4_10_1_3_1_
09:08:05,427.00,1,15,427.00_427.50_428.00_428.50_430.00_,2_2_4_2_3_,425.50_425.00_423.50_423.00_422.00_,5_10_1_3_1_
09:08:51,427.00,1,15,427.00_427.50_428.00_428.50_430.00_,2_2_4_2_3_,426.00_425.50_425.00_423.50_423.00_,1_5_10_1_3_
09:08:56,427.00,1,15,426.50_427.00_427.50_428.00_428.50_,4_2_2_4_2_,426.00_425.50_425.00_423.50_423.00_,4_2_10_1_3_
09:09:01,427.00,1,15,426.50_427.00_427.50_428.00_428.50_,4_2_2_4_2_,426.00_425.50_425.00_423.50_423.00_,3_2_10_1_3_
09:09:07,426.50,1,16,426.50_427.00_427.50_428.00_428.50_,3_2_2_4_2_,426.00_425.50_425.00_423.50_423.00_,3_2_10_1_3_
09:09:27,426.00,3,19,426.50_427.00_427.50_428.00_428.50_,3_2_2_4_2_,425.50_425.00_423.50_423.00_422.00_,3_10_1_3_1_
09:09:42,426.00,3,19,426.50_427.00_427.50_428.00_428.50_,3_4_2_4_2_,425.50_425.00_423.50_423.00_422.00_,2_10_1_3_1_
09:09:53,426.00,3,19,426.50_427.00_427.50_428.00_428.50_,3_4_2_4_2_,425.50_425.00_423.50_423.00_422.00_,1_10_1_3_1_
09:12:42,426.00,3,19,426.50_427.00_427.50_428.00_428.50_,3_4_2_4_2_,426.00_425.50_425.00_423.50_423.00_,10_1_10_1_3_
09:12:47,426.00,3,19,426.50_427.00_427.50_428.00_428.50_,3_4_2_4_2_,426.00_425.00_423.50_423.00_422.00_,11_10_1_3_2_
09:13:18,426.00,8,27,426.50_427.00_427.50_428.00_428.50_,3_4_2_4_2_,426.00_425.00_423.50_423.00_422.00_,5_10_1_3_2_
09:13:28,426.00,5,32,426.50_427.00_427.50_428.00_428.50_,3_4_2_4_2_,425.00_423.50_423.00_422.00_421.50_,10_1_3_2_1_
09:13:38,426.50,1,33,426.50_427.00_427.50_428.00_428.50_,2_4_2_4_2_,425.50_425.00_423.50_423.00_422.00_,1_10_1_3_2_
09:14:24,426.50,1,34,426.50_427.00_427.50_428.00_428.50_,1_4_2_4_2_,425.50_425.00_423.50_423.00_422.00_,1_10_1_3_2_
09:16:07,426.50,1,34,426.50_427.00_427.50_428.00_428.50_,5_4_2_4_2_,425.50_425.00_423.50_423.00_422.00_,1_10_1_3_2_
09:16:43,426.50,1,36,426.50_427.00_427.50_428.00_428.50_,2_4_2_4_2_,425.50_425.00_423.50_423.00_422.00_,2_10_1_3_2_
09:17:13,426.50,1,36,426.50_427.00_427.50_428.00_428.50_,2_4_2_4_2_,426.00_425.50_425.00_423.50_423.00_,1_2_10_1_3_
09:17:18,426.50,1,36,426.50_427.00_427.50_428.00_428.50_,2_4_2_4_2_,426.00_425.00_423.50_423.00_422.00_,3_10_1_3_2_
09:17:23,426.50,1,36,426.50_427.00_427.50_428.00_428.50_,2_4_2_4_2_,426.00_425.00_423.50_423.00_422.00_,2_10_1_3_2_
09:17:34,426.50,1,36,426.50_427.00_427.50_428.00_428.50_,2_4_2_4_2_,426.00_425.50_425.00_423.50_423.00_,2_1_10_1_3_
09:17:59,426.00,2,38,426.50_427.00_427.50_428.00_428.50_,2_4_2_4_2_,425.50_425.00_423.50_423.00_422.00_,1_10_1_3_2_
09:18:20,425.50,1,39,426.50_427.00_427.50_428.00_428.50_,2_4_2_6_2_,425.00_423.00_422.50_422.00_421.50_,10_4_2_2_1_
09:19:16,425.50,1,39,426.50_427.00_427.50_428.00_428.50_,2_4_2_4_2_,425.00_424.50_423.00_422.00_421.50_,10_2_4_2_1_
09:19:21,425.50,1,39,426.50_427.00_427.50_428.00_428.50_,2_4_2_4_2_,425.00_424.00_423.00_422.00_421.50_,10_2_4_2_1_
09:19:26,425.50,1,39,426.50_427.00_427.50_428.00_428.50_,2_4_2_4_2_,425.00_424.50_423.00_422.00_421.50_,10_2_4_2_1_
09:20:13,425.50,1,39,425.50_426.50_427.00_427.50_428.00_,1_2_4_2_4_,425.00_424.00_423.00_422.50_422.00_,10_2_3_1_2_
09:20:33,425.50,1,39,425.50_426.50_427.00_427.50_428.00_,1_2_4_2_4_,425.00_423.50_423.00_422.50_422.00_,10_2_3_1_2_
09:21:30,425.50,1,46,426.50_427.00_427.50_428.00_428.50_,2_4_2_4_4_,425.00_423.00_422.00_421.50_421.00_,6_6_2_1_2_
09:21:55,425.00,2,53,426.50_427.00_427.50_428.00_428.50_,3_4_4_4_2_,423.50_423.00_422.00_421.50_421.00_,1_3_4_1_2_
09:22:00,425.00,2,53,426.50_427.00_427.50_428.00_428.50_,3_4_2_6_2_,423.50_423.00_422.50_422.00_421.00_,1_5_1_2_2_
09:22:47,425.50,1,56,426.00_426.50_427.00_427.50_428.00_,1_2_4_2_4_,423.50_423.00_422.00_421.00_420.00_,2_3_2_2_2_
09:22:52,425.50,1,56,426.00_426.50_427.00_427.50_428.00_,1_2_4_2_6_,424.00_423.00_422.50_422.00_421.00_,2_3_2_2_2_
09:22:57,425.50,1,56,426.00_426.50_427.00_427.50_428.00_,1_2_4_2_6_,424.00_423.00_422.00_421.00_420.00_,2_5_2_2_2_
09:23:12,424.00,2,58,426.00_426.50_427.00_427.50_428.00_,1_2_4_2_6_,423.00_422.00_421.00_420.00_419.50_,5_2_2_2_2_
09:23:17,424.00,2,58,426.00_426.50_427.00_427.50_428.00_,1_2_4_2_6_,423.00_422.50_422.00_421.00_420.00_,3_2_2_2_2_
09:23:48,424.00,2,58,426.00_426.50_427.00_427.50_428.00_,1_2_4_4_4_,423.00_422.50_422.00_421.00_420.00_,3_2_2_2_2_
09:23:53,426.00,1,59,426.50_427.00_427.50_428.00_428.50_,2_4_4_4_2_,423.00_422.50_422.00_421.00_420.00_,3_2_2_2_2_
09:23:58,426.00,1,59,425.50_426.50_427.00_427.50_428.00_,2_2_4_2_6_,423.00_422.50_422.00_421.00_420.50_,3_2_2_2_1_
09:24:04,426.00,1,59,425.50_426.50_427.00_427.50_428.00_,2_2_4_4_4_,423.00_422.50_422.00_421.00_420.50_,4_2_2_2_1_
09:24:09,425.50,1,60,425.50_426.50_427.00_427.50_428.00_,1_2_4_4_4_,423.00_422.50_422.00_421.00_420.50_,4_2_2_2_1_
09:25:41,425.50,1,60,425.50_426.00_426.50_427.00_427.50_,1_1_2_6_2_,423.00_422.00_421.00_420.50_420.00_,4_4_2_1_2_
09:26:17,425.50,1,60,425.50_426.00_426.50_427.00_427.50_,1_1_2_6_2_,423.00_422.00_421.00_420.50_420.00_,5_4_2_1_2_
09:27:13,425.50,1,60,425.50_426.00_426.50_427.00_427.50_,1_1_2_4_4_,423.00_422.50_422.00_421.00_420.50_,5_2_2_2_1_
09:27:49,425.50,1,61,426.00_426.50_427.00_427.50_428.00_,1_2_4_4_4_,423.00_422.50_422.00_421.00_420.50_,5_2_2_2_1_
09:27:54,426.00,1,62,426.50_427.00_427.50_428.00_428.50_,2_4_4_4_2_,423.00_422.50_422.00_421.00_420.50_,5_2_2_2_1_
09:27:59,426.00,1,62,426.50_427.00_427.50_428.00_428.50_,2_4_4_4_2_,423.00_422.50_422.00_421.00_420.50_,7_2_2_2_1_
09:28:15,426.00,1,62,426.50_427.00_427.50_428.00_428.50_,2_4_4_4_2_,423.50_423.00_422.50_422.00_421.00_,1_7_2_2_2_
09:28:20,426.00,1,62,426.50_427.00_427.50_428.00_428.50_,2_4_4_4_2_,423.50_423.00_422.50_422.00_421.00_,3_5_2_2_2_
09:28:30,426.00,1,62,426.00_426.50_427.00_427.50_428.00_,1_2_4_2_6_,423.50_423.00_422.50_422.00_421.00_,3_5_2_2_2_
09:28:35,426.00,1,62,426.00_426.50_427.00_427.50_428.00_,1_2_4_4_4_,423.50_423.00_422.50_422.00_421.00_,3_5_3_2_2_
09:28:40,426.00,1,62,426.00_426.50_427.00_427.50_428.00_,1_2_4_4_4_,423.50_423.00_422.50_422.00_421.00_,3_5_3_1_2_
09:31:19,426.00,1,62,425.50_426.00_426.50_427.00_427.50_,2_3_2_4_2_,423.50_423.00_422.00_421.00_420.50_,3_5_3_2_1_
09:32:11,426.00,1,62,425.50_426.00_426.50_427.00_427.50_,2_3_2_4_2_,423.50_423.00_422.00_421.00_420.50_,4_5_3_2_1_
09:33:22,426.00,1,62,425.50_426.00_426.50_427.00_427.50_,2_3_2_4_2_,425.00_423.50_423.00_422.00_421.00_,4_1_5_3_2_
09:33:28,426.00,1,62,425.50_426.00_426.50_427.00_427.50_,2_3_2_4_2_,425.00_423.50_423.00_422.50_422.00_,4_1_5_2_1_
09:33:43,425.50,1,63,425.50_426.00_426.50_427.00_427.50_,1_3_2_2_4_,425.00_423.50_423.00_422.50_422.00_,4_1_5_2_1_
09:33:58,425.50,1,63,425.50_426.00_426.50_427.00_427.50_,1_3_2_2_4_,425.00_423.50_423.00_422.50_422.00_,3_1_5_2_1_
09:35:36,425.00,3,66,425.50_426.00_426.50_427.00_427.50_,1_3_4_2_2_,423.50_423.00_422.00_421.50_421.00_,1_5_1_2_2_
09:37:23,425.50,1,67,426.00_426.50_427.00_427.50_428.00_,3_4_2_2_4_,423.50_423.00_422.00_421.50_421.00_,1_4_1_2_2_
09:39:11,425.50,1,67,426.00_426.50_427.00_427.50_428.00_,3_4_2_2_4_,423.50_423.00_422.00_421.00_420.50_,1_4_3_2_1_
09:40:02,425.50,1,67,425.50_426.00_426.50_427.00_427.50_,1_3_2_4_2_,423.50_423.00_422.00_421.00_420.50_,1_4_3_2_1_
09:41:19,425.50,1,67,425.50_426.00_426.50_427.00_427.50_,1_3_2_2_2_,423.50_423.00_422.00_421.00_420.50_,3_4_1_2_1_
09:41:40,425.50,1,67,425.50_426.00_426.50_427.00_427.50_,1_3_2_2_2_,423.50_423.00_422.00_421.00_420.50_,4_4_1_2_1_
09:41:55,425.50,1,67,425.50_426.00_426.50_427.00_427.50_,1_3_2_2_2_,423.50_423.00_422.00_421.00_420.50_,4_4_1_3_1_
09:42:10,425.50,1,67,425.50_426.00_426.50_427.00_427.50_,4_3_2_2_2_,423.50_423.00_422.00_421.00_420.50_,4_4_1_3_1_
09:42:15,425.50,1,68,425.50_426.00_426.50_427.00_427.50_,3_3_2_2_4_,423.50_423.00_422.00_421.00_420.50_,3_6_1_3_1_
09:43:17,425.50,1,68,425.50_426.00_426.50_427.00_427.50_,3_3_2_4_2_,423.50_423.00_422.50_422.00_421.00_,3_4_2_1_3_
09:44:03,425.50,1,68,425.50_426.00_426.50_427.00_427.50_,3_3_2_4_2_,423.50_423.00_422.50_422.00_421.00_,2_4_2_1_3_
09:44:24,425.50,1,68,425.50_426.00_426.50_427.00_427.50_,3_3_2_4_2_,423.50_423.00_422.00_421.00_420.50_,2_4_3_3_1_
09:44:29,425.50,1,68,425.50_426.00_426.50_427.00_427.50_,3_3_4_2_2_,423.50_423.00_422.00_421.00_420.50_,2_4_3_3_1_
09:44:44,425.50,1,68,425.50_426.00_426.50_427.00_427.50_,3_3_2_4_2_,423.50_423.00_422.50_422.00_421.00_,2_4_2_1_3_
09:45:10,425.50,1,68,425.50_426.00_426.50_427.00_427.50_,3_3_4_2_2_,423.50_423.00_422.00_421.00_420.50_,2_6_1_3_1_
09:45:15,425.50,1,68,425.50_426.00_426.50_427.00_427.50_,3_5_2_2_2_,423.50_423.00_422.00_421.00_420.50_,2_6_1_3_1_
09:45:20,425.50,1,68,425.50_426.00_426.50_427.00_427.50_,3_5_2_2_2_,423.50_423.00_422.00_421.00_420.50_,1_6_1_3_1_
09:47:13,425.50,1,68,425.50_426.00_426.50_427.00_427.50_,5_3_2_2_2_,423.50_423.00_422.50_422.00_421.00_,2_4_2_1_3_
09:47:33,425.50,1,68,425.50_426.00_426.50_427.00_427.50_,3_5_2_2_2_,423.50_423.00_422.50_422.00_421.00_,2_4_2_1_3_
09:48:24,425.50,1,68,425.50_426.00_426.50_427.00_427.50_,3_5_2_2_2_,423.50_423.00_422.50_422.00_421.00_,2_4_2_1_2_
09:49:26,425.50,1,68,425.50_426.00_426.50_427.00_427.50_,5_3_2_2_2_,423.50_423.00_422.50_422.00_421.00_,2_4_2_1_2_
09:50:02,425.50,1,68,425.50_426.00_427.00_427.50_428.00_,3_5_2_3_4_,423.50_423.00_422.50_422.00_421.00_,3_4_2_2_2_
09:51:29,425.50,1,68,425.50_426.00_427.00_427.50_428.00_,3_5_2_3_4_,424.00_423.50_423.00_422.50_422.00_,2_2_4_3_1_
09:54:08,425.50,1,68,425.00_425.50_426.00_427.00_427.50_,1_3_5_2_3_,424.00_423.50_423.00_422.50_422.00_,2_2_4_3_1_
09:54:13,425.50,1,68,425.00_425.50_426.00_427.00_427.50_,1_3_5_2_3_,424.50_424.00_423.50_423.00_422.50_,1_1_2_4_2_
09:54:23,425.50,1,68,425.00_425.50_426.00_427.00_427.50_,1_3_5_2_3_,424.50_424.00_423.50_423.00_422.50_,1_1_2_6_1_
09:55:20,425.50,1,68,425.00_425.50_426.00_427.00_427.50_,1_3_5_2_3_,424.50_424.00_423.50_423.00_422.50_,1_1_2_4_3_
09:55:50,425.50,1,68,425.00_425.50_426.00_427.00_427.50_,1_3_5_2_3_,424.50_424.00_423.50_423.00_422.50_,1_1_2_6_1_
09:56:01,425.50,1,68,425.00_425.50_426.00_427.00_427.50_,1_3_5_2_3_,424.50_423.50_423.00_422.50_422.00_,1_2_6_1_1_
09:56:47,424.50,1,69,424.50_425.00_425.50_426.00_427.00_,1_1_3_5_2_,423.50_423.00_422.50_422.00_421.00_,2_6_1_1_2_
09:56:52,424.50,1,69,424.50_425.00_425.50_426.00_427.00_,1_1_3_5_2_,423.50_423.00_422.50_422.00_421.50_,2_4_2_1_1_
09:57:28,424.50,1,70,425.00_425.50_426.00_427.00_427.50_,1_3_5_2_3_,424.50_423.50_423.00_422.50_422.00_,1_2_6_1_1_
09:58:04,424.50,1,70,425.00_425.50_426.00_427.00_427.50_,1_3_5_2_3_,424.50_423.50_423.00_422.50_422.00_,1_2_4_3_1_
09:58:09,424.50,1,70,425.00_425.50_426.00_427.00_427.50_,1_3_5_2_3_,424.50_423.50_423.00_422.50_422.00_,1_2_6_1_1_
09:58:19,424.50,1,70,425.00_425.50_426.00_427.00_427.50_,1_3_3_2_3_,424.50_423.50_423.00_422.50_422.00_,1_2_4_3_1_
09:58:34,424.50,1,71,424.50_425.00_425.50_426.00_427.00_,1_1_3_3_2_,423.50_423.00_422.50_422.00_421.00_,2_4_3_1_2_
09:58:40,424.50,1,71,424.50_425.00_425.50_426.00_427.00_,2_1_5_1_2_,423.50_423.00_422.50_422.00_421.50_,2_4_2_1_1_
09:58:45,424.50,1,71,424.50_425.00_425.50_426.00_427.00_,2_1_5_1_2_,423.50_423.00_422.00_421.50_421.00_,2_4_3_1_2_
09:59:36,424.50,1,71,424.00_424.50_425.00_425.50_426.00_,1_1_1_5_1_,423.50_423.00_422.00_421.50_421.00_,2_4_3_1_2_
09:59:41,423.50,1,72,424.00_424.50_425.00_425.50_426.00_,1_1_1_5_1_,423.50_423.00_422.00_421.50_421.00_,1_4_3_1_2_
09:59:46,423.50,1,72,424.50_425.00_425.50_426.00_427.00_,1_1_5_1_2_,423.50_423.00_422.00_421.50_421.00_,1_4_3_1_2_
09:59:51,423.50,1,72,424.50_425.00_425.50_426.00_427.00_,1_1_5_1_2_,423.50_423.00_422.00_421.00_420.50_,1_4_4_2_1_
10:01:03,423.50,1,72,424.50_425.00_425.50_426.00_427.00_,1_1_3_1_2_,423.50_423.00_422.50_422.00_421.00_,2_4_2_2_2_
10:02:10,423.50,1,72,424.50_425.00_426.00_427.00_427.50_,1_1_1_2_3_,423.50_423.00_422.50_422.00_421.00_,2_4_2_2_2_
10:02:25,423.50,2,74,423.50_424.50_425.00_426.00_427.00_,1_1_1_1_2_,423.00_422.50_422.00_421.00_420.50_,4_2_2_2_1_
10:02:30,423.50,2,74,423.50_424.50_425.00_426.00_427.00_,1_1_1_1_2_,423.00_422.00_421.00_420.50_420.00_,4_5_3_1_2_
10:03:47,423.50,2,74,423.50_424.50_425.00_426.00_427.00_,1_1_1_1_2_,423.00_422.00_421.00_420.50_420.00_,5_5_3_1_2_
10:04:03,423.50,2,74,423.50_424.50_425.00_426.00_427.00_,1_1_1_1_2_,423.00_422.00_421.00_420.50_420.00_,6_5_3_1_2_
10:04:08,423.50,1,75,424.50_425.00_426.00_427.00_427.50_,1_1_1_2_3_,423.00_422.00_421.00_420.50_420.00_,6_5_3_1_2_
10:04:13,424.50,1,76,425.00_426.00_427.00_427.50_428.00_,1_1_2_3_4_,423.00_422.50_422.00_421.50_421.00_,6_4_1_1_2_
10:04:18,425.00,1,77,426.00_427.00_427.50_428.00_428.50_,1_2_3_4_2_,423.00_422.00_421.00_420.50_420.00_,10_2_2_1_2_
10:04:23,425.00,1,77,426.00_427.00_427.50_428.00_428.50_,1_2_3_4_2_,423.00_422.50_422.00_421.00_420.50_,10_1_1_2_1_
10:04:33,425.00,1,77,426.00_427.00_427.50_428.00_428.50_,1_2_3_4_2_,423.50_423.00_422.50_422.00_421.00_,1_10_1_1_2_
10:05:09,425.00,1,77,426.00_427.00_427.50_428.00_428.50_,7_2_3_4_2_,423.50_423.00_422.50_422.00_421.00_,2_9_1_1_2_
10:05:30,426.00,2,79,426.00_427.00_427.50_428.00_428.50_,5_2_3_4_2_,423.50_423.00_422.50_422.00_421.00_,3_9_1_1_2_
10:06:11,426.00,1,80,426.00_427.00_427.50_428.00_428.50_,4_2_3_4_2_,423.50_423.00_422.50_422.00_421.00_,3_9_1_1_2_
10:06:16,426.00,1,80,425.50_426.00_427.00_427.50_428.00_,2_4_2_3_4_,423.50_423.00_422.50_422.00_421.00_,3_9_1_1_2_
10:06:21,426.00,1,80,425.50_426.00_427.00_427.50_428.00_,2_4_2_3_4_,425.00_423.50_423.00_422.00_421.00_,1_3_9_2_2_
10:06:26,425.50,1,81,425.50_426.00_427.00_427.50_428.00_,1_4_2_3_4_,425.00_423.50_423.00_422.00_421.00_,1_2_10_1_2_
10:06:31,425.50,1,82,425.50_426.00_427.00_427.50_428.00_,1_4_2_3_4_,425.00_423.50_423.00_422.00_421.00_,1_2_10_1_2_
10:06:36,425.50,1,82,425.50_426.00_427.00_427.50_428.00_,1_4_2_3_4_,425.00_423.50_423.00_422.00_421.00_,2_2_10_1_2_
10:06:41,425.50,1,82,425.50_426.00_427.00_427.50_428.00_,1_4_2_3_4_,425.00_423.50_423.00_422.00_421.00_,2_6_6_1_2_
10:07:17,426.00,1,84,426.00_427.00_427.50_428.00_428.50_,3_2_3_4_2_,425.00_423.50_423.00_422.00_421.00_,2_6_6_1_2_
10:07:38,426.00,1,84,425.50_426.00_427.00_427.50_428.00_,2_3_2_3_4_,425.00_423.50_423.00_422.00_421.00_,2_6_6_1_2_
10:07:43,425.50,1,85,425.50_426.00_427.00_427.50_428.00_,1_3_2_3_4_,425.00_423.50_423.00_422.00_421.00_,2_6_6_1_2_
10:07:48,425.50,1,86,426.00_427.00_427.50_428.00_428.50_,3_2_3_4_2_,425.00_423.50_423.00_422.00_421.00_,2_6_6_1_2_
10:08:44,425.50,1,86,425.50_426.00_427.00_427.50_428.00_,1_3_2_3_4_,425.00_423.50_423.00_422.00_421.00_,2_6_6_1_2_
10:08:55,425.50,1,87,426.00_427.00_427.50_428.00_428.50_,3_2_3_4_2_,425.00_423.50_423.00_422.00_421.00_,2_6_6_1_2_
10:09:00,425.50,1,87,425.50_426.00_427.00_427.50_428.00_,1_3_2_3_4_,425.00_423.50_423.00_422.00_421.00_,2_6_6_1_2_
10:09:05,425.50,1,88,426.00_427.00_427.50_428.00_428.50_,3_2_3_4_2_,425.00_423.50_423.00_422.00_421.00_,2_6_6_1_2_
10:09:10,425.50,1,88,426.00_427.00_427.50_428.00_428.50_,3_2_3_4_2_,425.00_423.50_423.00_422.00_421.00_,2_7_5_1_2_
10:09:30,425.50,1,88,426.00_427.00_427.50_428.00_428.50_,3_2_3_4_2_,425.00_424.00_423.50_423.00_422.00_,2_4_3_5_1_
10:09:36,425.50,1,88,426.00_427.00_427.50_428.00_428.50_,3_2_3_4_2_,425.00_424.50_423.50_423.00_422.00_,2_4_3_5_1_
10:10:22,425.50,1,88,426.00_427.00_427.50_428.00_428.50_,3_2_3_4_2_,425.00_424.00_423.50_423.00_422.00_,2_4_3_5_1_
10:10:47,426.00,1,89,426.00_427.00_427.50_428.00_428.50_,2_2_3_4_2_,425.00_424.00_423.50_423.00_422.00_,2_4_3_5_1_
10:10:53,426.00,1,89,426.00_427.00_427.50_428.00_428.50_,2_2_3_4_2_,425.00_424.00_423.50_423.00_422.00_,2_4_2_6_1_
10:12:56,426.00,2,91,427.00_427.50_428.00_428.50_430.00_,2_3_4_2_3_,425.00_424.00_423.50_423.00_422.00_,2_4_2_6_1_
10:13:01,427.00,2,93,427.50_428.00_428.50_430.00_430.50_,3_4_2_3_3_,425.00_424.00_423.50_423.00_422.00_,2_5_2_5_1_
10:13:11,427.00,2,93,427.50_428.00_428.50_430.00_430.50_,3_4_2_3_3_,426.00_425.00_424.50_423.50_423.00_,1_2_5_2_5_
10:13:47,427.50,1,94,427.50_428.00_428.50_430.00_430.50_,2_4_2_3_3_,426.00_425.00_424.50_423.50_423.00_,1_2_5_2_5_
10:13:52,427.50,1,94,427.50_428.00_428.50_430.00_430.50_,2_4_2_3_3_,426.50_426.00_425.00_424.50_423.50_,1_1_5_1_2_
10:13:57,427.50,1,94,427.50_428.00_428.50_430.00_430.50_,2_4_2_3_3_,426.50_426.00_425.00_424.00_423.50_,1_1_5_1_2_
10:16:36,428.00,2,98,428.00_428.50_430.00_430.50_431.00_,2_2_3_3_5_,427.50_427.00_426.00_425.00_423.50_,1_1_4_2_2_
10:17:12,428.00,1,99,428.00_428.50_430.00_430.50_431.00_,1_2_3_3_5_,427.50_426.00_425.50_425.00_423.50_,2_4_1_1_2_
10:17:22,428.00,1,99,428.00_428.50_429.00_430.00_430.50_,1_2_3_3_3_,427.50_426.00_425.50_425.00_423.50_,2_4_1_1_2_
10:17:27,428.00,1,99,428.00_428.50_429.00_429.50_430.00_,1_2_3_3_3_,427.50_426.00_425.50_425.00_423.50_,3_4_1_1_2_
10:17:32,428.00,1,100,428.50_429.00_429.50_430.00_430.50_,2_3_3_3_3_,427.50_426.00_425.50_425.00_423.50_,3_4_1_1_2_
10:17:37,428.50,1,101,428.50_429.00_429.50_430.00_430.50_,1_3_3_3_3_,428.00_427.50_426.00_425.50_425.00_,1_2_4_1_1_
10:17:43,428.50,1,102,429.00_429.50_430.00_430.50_431.00_,3_3_3_3_5_,428.50_428.00_427.50_426.50_426.00_,1_2_1_4_1_
10:17:48,429.00,1,103,429.00_429.50_430.00_430.50_431.00_,2_3_3_3_5_,428.00_427.50_426.50_425.00_423.50_,2_1_5_1_2_
10:17:53,429.00,1,103,429.00_429.50_430.00_430.50_431.00_,2_3_3_3_5_,428.00_427.50_426.50_425.50_425.00_,2_1_4_1_1_
10:17:58,429.00,1,104,429.00_429.50_430.00_430.50_431.00_,1_3_3_3_5_,428.00_427.50_426.50_425.50_425.00_,2_1_4_1_1_
10:19:10,428.00,1,106,429.00_429.50_430.00_430.50_431.00_,1_3_3_3_5_,428.00_427.50_426.50_426.00_425.50_,1_1_4_1_1_
10:19:15,429.00,1,107,429.50_430.00_430.50_431.00_431.50_,3_3_3_5_5_,428.00_427.50_426.50_426.00_425.50_,1_1_4_1_1_
10:19:20,429.50,1,108,429.50_430.00_430.50_431.00_431.50_,2_3_3_5_5_,428.00_427.50_426.50_425.50_425.00_,1_1_5_1_1_
10:19:30,429.50,1,108,429.00_429.50_430.00_430.50_431.00_,4_2_3_3_5_,428.00_427.50_426.50_425.50_425.00_,1_1_5_1_1_
10:19:35,429.50,1,108,429.00_429.50_430.00_430.50_431.00_,4_2_3_3_5_,428.00_427.50_426.50_426.00_425.50_,1_1_4_1_1_
10:19:51,429.00,2,112,429.50_430.00_430.50_431.00_431.50_,2_3_3_5_5_,428.00_426.50_425.50_425.00_423.50_,2_5_1_1_3_
10:20:52,429.00,2,112,429.00_429.50_430.00_430.50_431.00_,1_2_3_3_5_,428.50_427.00_426.00_425.50_425.00_,3_4_1_1_1_
10:21:49,429.00,1,113,429.50_430.00_430.50_431.00_431.50_,2_3_3_5_5_,428.50_427.00_426.00_425.50_425.00_,3_4_2_1_1_
10:21:54,429.00,1,113,429.50_430.00_430.50_431.00_431.50_,2_3_3_5_5_,428.50_427.00_426.50_426.00_425.50_,3_4_1_1_1_
10:22:56,429.50,1,114,429.50_430.00_430.50_431.00_431.50_,1_3_3_5_5_,429.00_428.50_427.50_426.50_426.00_,4_1_4_1_1_
10:23:11,429.50,1,114,429.50_430.00_430.50_431.00_431.50_,1_3_3_5_5_,429.00_428.50_428.00_426.50_426.00_,4_1_4_1_1_
10:24:02,429.50,1,114,429.50_430.00_430.50_431.00_431.50_,1_4_3_5_5_,429.00_428.50_428.00_426.50_426.00_,2_1_4_1_1_
10:24:13,429.50,1,114,429.50_430.00_430.50_431.00_431.50_,1_4_3_5_5_,429.00_428.50_427.50_426.50_426.00_,1_1_4_1_1_
10:25:29,429.00,1,115,429.00_429.50_430.00_430.50_431.00_,1_1_4_3_5_,428.50_427.50_426.50_426.00_425.50_,1_4_1_1_1_
10:25:35,429.00,1,115,429.00_429.50_430.00_430.50_431.00_,1_1_4_3_5_,428.50_427.00_426.50_426.00_425.50_,1_4_1_1_1_
10:26:46,428.50,1,116,428.50_429.50_430.00_430.50_431.00_,1_1_3_3_5_,426.50_426.00_425.50_425.00_424.00_,4_2_2_1_1_
10:26:51,428.50,1,116,428.50_429.50_430.00_430.50_431.00_,1_1_3_3_5_,426.50_426.00_425.50_425.00_424.00_,4_2_1_2_1_
10:27:42,428.50,1,116,428.00_428.50_429.50_430.00_430.50_,1_1_1_3_3_,426.50_426.00_425.50_425.00_424.00_,4_2_1_2_1_
10:28:03,428.50,1,116,428.00_428.50_429.50_430.00_430.50_,1_1_1_3_3_,426.00_425.50_425.00_424.00_423.50_,6_1_2_1_3_
10:28:18,428.50,1,116,428.00_429.00_429.50_430.00_430.50_,1_1_1_3_3_,426.00_425.50_425.00_424.50_424.00_,6_1_1_1_1_
10:29:04,428.50,1,116,428.00_429.00_429.50_430.00_430.50_,3_1_1_3_3_,426.00_425.50_425.00_424.50_424.00_,6_1_1_1_1_
10:29:10,428.50,1,116,428.00_429.00_429.50_430.00_430.50_,3_1_1_3_3_,426.00_425.50_425.00_424.50_424.00_,2_5_1_1_1_
10:29:45,428.50,1,116,428.00_428.50_429.00_429.50_430.00_,3_2_3_2_3_,426.00_425.50_425.00_424.50_424.00_,2_5_1_1_1_
10:30:27,428.50,1,116,428.00_428.50_429.00_429.50_430.00_,3_2_3_2_3_,426.00_425.50_425.00_424.50_424.00_,3_5_1_1_1_
10:31:33,428.50,1,116,428.00_428.50_429.00_429.50_430.00_,3_2_3_2_3_,426.00_425.50_424.50_424.00_423.50_,3_5_1_1_3_
10:31:49,428.50,1,116,428.00_428.50_429.00_429.50_430.00_,3_3_3_2_3_,426.00_425.50_424.50_424.00_423.50_,3_5_1_1_3_
10:31:59,428.50,1,116,428.00_428.50_429.00_429.50_430.00_,3_3_3_2_3_,426.00_425.50_425.00_424.50_424.00_,3_1_4_1_1_
10:33:11,428.50,1,116,428.00_428.50_429.00_429.50_430.00_,3_3_3_2_3_,426.00_425.50_425.00_424.00_423.50_,2_1_5_1_3_
10:39:40,427.50,1,117,427.50_428.00_428.50_429.00_429.50_,1_3_3_3_2_,426.00_425.50_425.00_424.50_424.00_,2_1_4_1_1_
10:42:30,427.50,1,118,427.50_428.00_428.50_429.00_429.50_,2_3_3_3_2_,426.00_425.50_424.50_424.00_423.50_,2_1_5_1_3_
10:44:02,426.00,1,119,427.50_428.00_428.50_429.00_429.50_,2_3_3_3_2_,426.00_425.50_424.50_424.00_423.50_,1_1_5_1_3_
10:44:07,426.00,1,119,427.50_428.00_428.50_429.00_429.50_,2_3_3_3_2_,426.00_425.50_424.50_424.00_423.50_,1_1_5_1_2_
10:44:43,426.00,1,120,427.50_428.00_428.50_429.00_429.50_,2_3_3_3_2_,425.50_424.50_424.00_423.50_423.00_,1_5_1_2_5_
10:45:44,427.50,1,122,428.00_428.50_429.00_429.50_430.00_,3_3_3_2_3_,425.50_424.50_424.00_423.50_423.00_,2_5_1_2_5_
10:45:50,428.00,1,123,428.00_428.50_429.00_429.50_430.00_,2_3_3_2_3_,425.50_424.50_424.00_423.50_423.00_,3_5_1_2_5_
10:45:55,428.00,1,123,428.00_428.50_429.00_429.50_430.00_,2_3_3_2_3_,425.50_425.00_424.50_424.00_423.50_,3_4_1_1_2_
10:47:12,428.00,1,123,428.00_428.50_429.00_429.50_430.00_,4_3_4_1_3_,425.50_424.50_424.00_423.50_423.00_,3_5_1_2_5_
10:47:17,428.00,1,123,428.00_428.50_429.00_429.50_430.00_,4_3_4_1_3_,425.50_425.00_424.50_424.00_423.50_,3_4_1_1_2_
10:47:53,428.00,1,123,428.00_428.50_429.00_429.50_430.00_,5_3_4_1_3_,425.50_425.00_424.50_424.00_423.50_,3_4_1_1_2_
10:48:59,428.00,1,123,427.50_428.00_428.50_429.00_429.50_,1_5_3_4_1_,425.50_425.00_424.50_424.00_423.50_,3_4_1_1_2_
10:49:40,428.00,1,123,427.50_428.00_428.50_429.00_429.50_,1_6_3_4_1_,425.50_425.00_424.50_424.00_423.50_,3_4_1_1_3_
10:50:42,428.00,1,123,427.50_428.00_428.50_429.00_429.50_,2_6_3_4_1_,426.00_425.50_424.50_424.00_423.50_,2_1_5_2_2_
10:52:45,427.50,1,125,428.00_428.50_429.00_429.50_430.00_,6_3_4_1_3_,426.50_425.50_425.00_424.50_424.00_,1_1_5_1_1_
10:54:02,427.50,1,125,428.00_428.50_429.00_429.50_430.00_,6_3_4_1_3_,426.50_425.50_425.00_424.50_424.00_,1_1_6_1_1_
10:54:12,427.50,1,125,427.50_428.00_428.50_429.00_429.50_,2_6_3_4_1_,426.50_425.50_425.00_424.50_424.00_,1_1_6_1_1_
10:54:33,427.50,1,125,427.50_428.00_428.50_429.00_429.50_,2_6_3_4_1_,426.50_425.50_425.00_424.50_424.00_,2_1_6_1_1_
10:56:51,427.50,1,125,427.50_428.00_428.50_429.00_429.50_,2_6_3_4_1_,426.50_425.50_425.00_424.50_424.00_,1_1_6_1_1_
10:57:22,427.50,1,125,427.50_428.00_428.50_429.00_429.50_,2_6_3_4_1_,426.50_425.50_425.00_424.50_424.00_,1_1_2_5_1_
10:59:14,427.50,1,125,427.50_428.00_428.50_429.00_429.50_,2_6_3_4_1_,426.50_425.50_425.00_424.50_424.00_,1_1_6_1_1_
10:59:56,427.50,1,125,427.50_428.00_428.50_429.00_429.50_,2_6_3_4_1_,426.50_425.50_425.00_424.50_424.00_,1_1_7_1_1_
11:00:21,427.50,1,125,427.50_428.00_428.50_429.00_429.50_,3_6_3_4_1_,426.50_425.50_425.00_424.50_424.00_,1_1_7_1_1_
11:09:04,426.50,1,126,427.50_428.00_428.50_429.00_429.50_,3_6_3_4_1_,426.50_425.50_425.00_424.50_424.00_,1_1_7_1_1_
11:09:09,427.50,1,127,427.50_428.00_428.50_429.00_429.50_,2_6_3_4_1_,426.50_425.50_425.00_424.50_424.00_,1_1_7_1_1_
11:18:38,427.50,1,127,427.50_428.00_428.50_429.00_429.50_,2_5_3_4_1_,426.50_425.50_425.00_424.50_424.00_,1_1_7_1_1_
11:21:07,427.50,1,127,427.50_428.00_428.50_429.00_429.50_,2_5_3_4_1_,426.50_425.50_425.00_424.50_424.00_,2_1_7_1_1_
11:21:17,427.50,1,127,427.50_428.00_428.50_429.00_429.50_,2_5_3_4_1_,427.00_426.50_425.50_425.00_424.50_,1_2_1_7_1_
11:21:22,427.50,1,127,427.50_428.00_428.50_429.00_429.50_,2_5_3_4_1_,427.00_425.50_425.00_424.50_424.00_,2_5_3_1_1_
11:21:48,427.50,1,127,427.50_428.00_428.50_429.00_429.50_,2_5_3_4_1_,427.00_425.50_425.00_424.00_423.50_,3_5_4_1_2_
11:22:34,427.00,2,129,427.50_428.00_428.50_429.00_429.50_,2_5_3_3_1_,427.00_425.50_425.00_424.00_423.50_,2_6_4_1_2_
11:22:54,427.50,1,130,427.50_428.00_428.50_429.00_429.50_,2_5_4_3_1_,427.00_425.50_425.00_424.00_423.50_,1_6_4_1_2_
11:24:42,427.50,1,130,427.50_428.00_428.50_429.00_429.50_,6_5_4_3_1_,427.00_425.50_425.00_424.00_423.50_,1_6_4_1_2_
11:24:47,427.50,1,130,427.50_428.00_428.50_429.00_429.50_,6_5_4_3_1_,427.00_425.50_425.00_424.00_423.50_,2_6_4_1_2_
11:27:41,427.50,1,130,427.50_428.00_428.50_429.00_429.50_,6_5_4_3_1_,427.00_425.50_425.00_424.00_423.50_,2_2_8_1_2_
11:27:51,427.00,1,131,427.50_428.00_428.50_429.00_429.50_,6_5_4_3_1_,427.00_425.50_425.00_424.00_423.50_,1_2_8_1_2_
11:28:12,427.00,1,131,427.50_428.00_428.50_429.00_429.50_,6_5_4_3_1_,427.00_425.50_425.00_424.00_423.50_,1_4_7_1_2_
11:30:56,427.00,1,131,427.50_428.00_428.50_429.00_429.50_,5_5_4_3_1_,427.00_425.50_425.00_424.00_423.50_,1_4_7_1_2_
11:32:07,427.00,1,131,427.50_428.00_428.50_429.00_429.50_,6_5_4_3_1_,427.00_425.50_425.00_424.00_423.50_,1_4_7_1_2_
11:34:05,427.00,1,132,427.50_428.00_428.50_429.00_429.50_,6_5_4_3_1_,425.50_425.00_424.00_423.50_423.00_,4_7_1_2_4_
11:34:10,427.00,1,132,427.50_428.00_428.50_429.00_429.50_,6_5_4_3_1_,425.50_425.00_424.50_424.00_423.50_,5_2_5_1_2_
11:34:26,427.00,1,132,427.50_428.00_428.50_429.00_429.50_,6_5_4_3_1_,425.50_425.00_424.50_424.00_423.50_,5_1_6_1_2_
11:35:07,427.00,1,132,427.00_427.50_428.00_428.50_429.00_,1_6_5_4_3_,425.50_425.00_424.50_424.00_423.50_,5_1_6_1_2_
11:35:12,427.00,1,132,427.00_427.50_428.00_428.50_429.00_,2_5_5_4_3_,425.50_425.00_424.50_424.00_423.50_,5_1_5_2_2_
11:38:01,427.00,1,132,427.00_427.50_428.00_428.50_429.00_,2_5_5_4_3_,425.50_425.00_424.50_424.00_423.50_,6_1_5_2_2_
11:41:01,427.00,1,132,427.00_427.50_428.00_428.50_429.00_,2_5_4_4_3_,425.50_425.00_424.50_424.00_423.50_,6_1_5_2_2_
11:42:38,427.00,1,132,427.00_427.50_428.00_428.50_429.00_,3_5_4_4_3_,425.50_425.00_424.50_424.00_423.50_,6_1_5_2_2_
11:45:12,427.00,1,132,427.00_427.50_428.00_428.50_429.00_,3_5_4_4_3_,425.50_425.00_424.50_424.00_423.50_,7_1_6_1_2_
11:45:22,427.00,1,132,427.00_427.50_428.00_428.50_429.00_,3_5_5_4_3_,425.50_425.00_424.50_424.00_423.50_,7_1_6_1_2_
11:45:32,427.00,1,132,427.00_427.50_428.00_428.50_429.00_,3_5_5_4_3_,425.50_425.00_424.50_424.00_423.50_,7_1_2_5_2_
11:46:13,427.00,1,132,427.00_427.50_428.00_428.50_429.00_,3_5_5_4_3_,425.50_425.00_424.50_424.00_423.50_,8_1_5_2_2_
11:47:10,427.00,1,132,427.00_427.50_428.00_428.50_429.00_,3_5_5_4_3_,425.50_425.00_424.50_424.00_423.50_,7_1_5_2_2_
11:47:46,427.00,1,132,427.00_427.50_428.00_428.50_429.00_,2_5_5_4_3_,425.50_425.00_424.50_424.00_423.50_,7_1_5_2_2_
11:48:42,427.00,1,132,427.00_427.50_428.00_428.50_429.00_,2_5_5_4_3_,425.50_425.00_424.50_424.00_423.50_,6_1_6_2_2_
11:52:07,427.00,1,132,427.00_427.50_428.00_428.50_429.00_,3_5_5_4_2_,425.50_425.00_424.50_424.00_423.50_,6_1_7_1_2_
11:52:33,425.50,1,133,427.00_427.50_428.00_428.50_429.00_,3_5_5_4_2_,425.50_425.00_424.50_424.00_423.50_,5_1_7_1_2_
11:52:38,425.50,1,133,426.50_427.00_427.50_428.00_428.50_,3_3_5_5_4_,425.50_425.00_424.50_424.00_423.50_,6_1_7_1_2_
11:52:43,425.50,1,133,426.50_427.00_427.50_428.00_428.50_,4_2_5_5_4_,425.50_425.00_424.50_424.00_423.50_,6_1_6_2_2_
11:52:53,425.50,1,133,426.50_427.00_427.50_428.00_428.50_,4_2_5_5_4_,425.50_425.00_424.50_424.00_423.50_,5_1_6_2_3_
11:53:04,425.50,1,133,426.50_427.00_427.50_428.00_428.50_,4_2_5_5_4_,425.50_425.00_424.50_424.00_423.50_,5_1_2_6_3_
11:53:14,425.50,3,136,426.50_427.00_427.50_428.00_428.50_,4_2_5_5_4_,425.50_425.00_424.50_424.00_423.50_,2_1_2_6_3_
11:53:24,426.50,1,137,426.50_427.00_427.50_428.00_428.50_,2_2_5_5_4_,425.50_425.00_424.50_424.00_423.50_,1_1_2_6_3_
11:53:35,426.50,1,137,426.50_427.00_427.50_428.00_428.50_,3_2_5_5_4_,425.50_425.00_424.50_424.00_423.50_,1_1_2_6_3_
11:53:55,426.50,1,137,426.50_427.00_427.50_428.00_428.50_,3_2_5_5_4_,425.50_425.00_424.50_424.00_423.50_,1_1_1_6_3_
11:54:10,426.50,1,137,426.50_427.00_427.50_428.00_428.50_,4_1_5_5_4_,425.50_425.00_424.50_424.00_423.50_,1_1_1_6_3_
11:54:51,426.50,1,137,426.50_427.00_427.50_428.00_428.50_,4_1_5_5_4_,425.50_425.00_424.50_424.00_423.50_,2_1_1_6_3_
11:55:22,426.50,1,137,426.50_427.50_428.00_428.50_429.00_,4_5_5_4_2_,425.50_425.00_424.50_424.00_423.50_,2_1_1_6_3_
11:55:43,426.50,1,137,426.00_426.50_427.50_428.00_428.50_,1_4_5_5_4_,425.50_425.00_424.50_424.00_423.50_,2_1_1_6_3_
11:56:13,426.50,1,137,426.00_426.50_427.50_428.00_428.50_,2_3_5_5_4_,425.50_425.00_424.50_424.00_423.50_,2_1_2_6_2_
11:58:42,426.50,1,137,426.00_426.50_427.50_428.00_428.50_,2_3_5_5_3_,425.50_425.00_424.50_424.00_423.50_,2_1_2_6_2_
11:58:52,426.00,1,139,426.00_426.50_427.50_428.00_428.50_,1_3_5_5_3_,425.50_425.00_424.50_424.00_423.50_,1_1_2_6_2_
11:59:28,426.00,1,140,426.50_427.50_428.00_428.50_429.00_,3_5_5_3_2_,425.50_425.00_424.50_424.00_423.50_,1_1_2_6_2_
11:59:33,426.50,1,141,426.50_427.50_428.00_428.50_429.00_,2_5_5_3_2_,425.50_425.00_424.50_424.00_423.50_,1_1_2_6_2_
12:00:04,425.50,1,142,426.50_427.50_428.00_428.50_429.00_,2_5_5_3_2_,425.00_424.50_424.00_423.50_423.00_,1_2_6_2_4_
12:00:09,425.50,1,142,426.50_427.50_428.00_428.50_429.00_,2_5_5_3_2_,425.00_424.50_424.00_423.50_423.00_,2_2_6_2_4_
12:00:14,425.50,1,142,426.50_427.50_428.00_428.50_429.00_,2_5_5_3_2_,425.00_424.50_424.00_423.50_423.00_,2_1_6_3_4_
12:00:35,425.50,1,142,426.50_427.50_428.00_428.50_429.00_,2_5_5_3_2_,425.00_424.50_424.00_423.50_423.00_,2_1_6_2_5_
12:02:23,425.50,1,142,426.00_426.50_427.50_428.00_428.50_,1_1_5_5_3_,425.00_424.50_424.00_423.50_423.00_,2_1_5_2_5_
12:03:04,425.00,1,143,426.00_426.50_427.50_428.00_428.50_,1_1_5_5_3_,425.00_424.50_424.00_423.50_423.00_,1_1_5_2_5_
12:03:39,425.00,1,143,425.50_426.50_427.50_428.00_428.50_,1_1_5_5_3_,425.00_424.50_424.00_423.50_423.00_,1_1_5_2_5_
12:03:50,425.00,1,143,425.50_426.50_427.50_428.00_428.50_,1_1_5_5_3_,425.00_424.50_424.00_423.50_423.00_,1_1_1_6_5_
12:05:01,426.50,1,145,427.50_428.00_428.50_429.00_429.50_,5_5_3_2_1_,425.00_424.50_424.00_423.50_423.00_,1_2_6_1_4_
12:06:49,426.50,1,148,426.50_427.00_427.50_428.00_428.50_,1_4_5_5_3_,425.00_424.50_424.00_423.50_423.00_,1_2_7_1_4_
12:07:09,426.50,1,148,426.50_427.00_427.50_428.00_428.50_,1_4_5_5_3_,425.50_425.00_424.50_424.00_423.50_,1_1_2_7_1_
12:07:14,426.50,1,148,426.50_427.00_427.50_428.00_428.50_,1_4_5_5_3_,425.50_424.50_424.00_423.50_423.00_,2_2_7_1_4_
12:07:25,427.00,1,150,427.00_427.50_428.00_428.50_429.00_,3_5_5_3_2_,425.50_424.50_424.00_423.50_423.00_,2_3_6_1_4_
12:12:07,427.00,1,150,427.00_427.50_428.00_428.50_429.00_,3_5_5_3_2_,426.00_425.50_424.50_424.00_423.50_,1_2_3_6_1_
12:12:12,427.00,1,150,427.00_427.50_428.00_428.50_429.00_,3_5_5_3_2_,426.00_425.50_424.50_424.00_423.50_,2_1_7_2_1_
12:16:43,427.00,1,150,427.00_427.50_428.00_428.50_429.00_,3_5_5_3_2_,426.00_425.50_424.50_424.00_423.50_,3_1_7_1_1_
12:18:36,427.00,1,150,427.00_427.50_428.00_428.50_429.00_,3_5_5_3_2_,426.00_425.50_424.50_424.00_423.50_,3_1_7_2_1_
12:19:07,427.00,1,150,427.00_427.50_428.00_428.50_429.00_,4_5_5_3_2_,426.00_425.50_424.50_424.00_423.50_,3_1_7_2_1_
12:23:54,427.00,1,150,427.00_427.50_428.00_428.50_429.00_,4_1_5_3_2_,426.00_425.50_424.50_424.00_423.50_,3_1_7_2_1_
12:24:00,427.00,1,150,427.00_427.50_428.00_428.50_429.00_,4_1_1_3_2_,426.00_425.50_424.50_424.00_423.50_,3_1_7_2_1_
12:24:41,426.00,1,151,426.50_427.00_427.50_428.00_428.50_,5_3_1_1_3_,426.00_425.50_424.50_424.00_423.50_,2_1_3_6_1_
12:27:29,426.00,1,151,426.50_427.00_427.50_428.00_428.50_,5_3_3_3_3_,426.00_425.50_424.50_424.00_423.50_,2_1_3_6_1_
12:28:36,426.00,1,152,426.50_427.00_427.50_428.00_428.50_,5_3_3_3_3_,426.00_425.50_424.50_424.00_423.50_,2_1_3_6_1_
12:29:27,426.00,1,152,426.50_427.00_427.50_428.00_428.50_,5_3_2_3_3_,426.00_425.50_424.50_424.00_423.50_,2_1_3_6_1_
12:29:48,426.00,1,152,426.50_427.00_427.50_428.00_428.50_,6_3_2_3_3_,426.00_425.50_424.50_424.00_423.50_,2_1_3_6_1_
12:30:19,426.00,1,152,426.50_427.00_427.50_428.00_428.50_,6_3_2_3_3_,426.00_425.50_424.50_424.00_423.50_,2_1_3_6_2_
12:31:20,426.00,1,153,426.50_427.00_427.50_428.00_428.50_,6_3_2_3_3_,426.00_425.50_424.50_424.00_423.50_,1_1_3_6_2_
12:33:59,426.00,1,153,426.50_427.00_427.50_428.00_428.50_,6_3_2_3_3_,426.00_425.50_424.50_424.00_423.50_,1_1_2_6_2_
12:37:45,426.00,1,154,426.50_427.00_427.50_428.00_428.50_,6_3_2_3_3_,425.50_425.00_424.50_424.00_423.50_,1_1_1_7_2_
12:40:03,426.00,1,154,426.50_427.00_427.50_428.00_428.50_,6_3_2_3_3_,425.50_425.00_424.50_424.00_423.50_,1_2_1_7_2_
12:41:00,426.00,1,154,426.00_426.50_427.00_427.50_428.00_,1_5_3_2_3_,425.50_425.00_424.50_424.00_423.50_,1_2_1_7_2_
12:41:10,425.50,1,155,426.50_427.00_427.50_428.00_428.50_,5_3_2_3_3_,425.00_424.50_424.00_423.50_423.00_,2_1_6_3_3_
12:41:15,425.50,1,155,426.50_427.00_427.50_428.00_428.50_,5_3_2_3_3_,425.00_424.50_424.00_423.50_423.00_,2_1_7_2_3_
12:42:22,425.50,1,155,426.00_426.50_427.00_427.50_428.00_,1_4_3_2_3_,425.00_424.50_424.00_423.50_423.00_,2_1_6_3_3_
12:46:13,425.50,1,155,426.00_426.50_427.00_427.50_428.00_,1_4_3_2_3_,425.00_424.50_424.00_423.50_423.00_,2_1_2_7_3_
12:46:18,426.00,1,156,426.50_427.00_427.50_428.00_428.50_,4_3_2_3_3_,425.00_424.50_424.00_423.50_423.00_,2_1_2_7_3_
12:46:23,426.00,1,156,426.50_427.00_427.50_428.00_428.50_,4_3_2_3_3_,425.00_424.50_424.00_423.50_423.00_,2_1_3_6_3_
12:46:33,426.50,1,157,426.50_427.00_427.50_428.00_428.50_,3_3_2_3_3_,425.00_424.50_424.00_423.50_423.00_,2_1_7_2_3_
12:48:00,426.50,1,157,426.50_427.00_427.50_428.00_428.50_,3_3_2_3_3_,425.00_424.50_424.00_423.50_423.00_,2_1_3_6_3_
12:49:12,426.50,1,157,426.50_427.00_427.50_428.00_428.50_,3_3_2_3_3_,425.00_424.50_424.00_423.50_423.00_,2_1_7_2_3_
12:51:41,426.50,1,157,426.50_427.00_427.50_428.00_428.50_,3_3_2_3_3_,425.00_424.50_424.00_423.50_423.00_,2_1_3_6_3_
12:52:58,426.50,1,157,426.50_427.00_427.50_428.00_428.50_,3_3_2_3_3_,425.00_424.50_424.00_423.50_423.00_,2_1_4_6_3_
12:53:54,426.50,1,157,426.00_426.50_427.00_427.50_428.00_,1_3_3_2_3_,425.00_424.50_424.00_423.50_423.00_,2_1_3_7_3_
12:54:30,426.00,1,158,426.50_427.00_427.50_428.00_428.50_,3_3_2_3_3_,425.00_424.50_424.00_423.50_423.00_,2_1_3_7_3_
12:55:06,426.00,1,158,426.00_426.50_427.00_427.50_428.00_,1_3_3_2_3_,425.00_424.50_424.00_423.50_423.00_,2_1_8_2_3_
12:56:03,426.00,1,158,426.00_426.50_427.00_427.50_428.00_,2_3_3_2_3_,425.00_424.50_424.00_423.50_423.00_,2_1_8_2_3_
12:56:18,426.00,1,158,426.00_426.50_427.00_427.50_428.00_,2_3_3_2_3_,425.00_424.50_424.00_423.50_423.00_,2_1_4_6_3_
12:59:07,426.00,1,158,426.00_426.50_427.00_427.50_428.00_,2_3_3_2_3_,425.00_424.50_424.00_423.50_423.00_,3_1_4_6_3_
13:01:00,426.00,1,158,426.00_426.50_427.00_427.50_428.00_,3_3_3_2_3_,425.00_424.50_424.00_423.50_423.00_,3_1_4_6_3_
13:01:05,426.00,1,158,426.00_426.50_427.00_427.50_428.00_,3_3_3_2_3_,425.50_425.00_424.50_424.00_423.50_,1_3_1_4_6_
13:01:20,426.00,3,161,426.50_427.00_427.50_428.00_428.50_,3_3_2_3_3_,425.50_425.00_424.50_424.00_423.50_,1_3_1_4_6_
13:01:36,426.00,3,161,426.50_427.00_427.50_428.00_428.50_,3_3_2_3_3_,425.50_425.00_424.50_424.00_423.50_,2_3_2_7_2_
13:03:59,426.00,3,161,426.00_426.50_427.00_427.50_428.00_,1_3_3_2_3_,425.50_425.00_424.50_424.00_423.50_,2_3_2_7_2_
13:05:01,426.00,1,162,426.50_427.00_427.50_428.00_428.50_,3_3_2_3_3_,425.50_425.00_424.50_424.00_423.50_,3_2_1_8_2_
13:05:06,426.00,1,162,426.50_427.00_427.50_428.00_428.50_,3_3_2_3_3_,425.50_425.00_424.50_424.00_423.50_,4_2_2_7_2_
13:08:10,426.00,1,162,426.50_427.00_427.50_428.00_428.50_,3_3_2_3_3_,426.00_425.50_425.00_424.50_424.00_,2_2_2_2_7_
13:08:36,426.50,2,164,426.50_427.00_427.50_428.00_428.50_,1_3_2_3_3_,426.00_425.50_425.00_424.50_424.00_,2_2_2_2_7_
13:08:56,426.50,2,164,426.50_427.00_427.50_428.00_428.50_,1_3_2_3_2_,426.00_425.50_425.00_424.50_424.00_,2_2_2_2_7_
13:09:06,426.50,2,164,426.50_427.00_427.50_428.00_428.50_,1_3_2_3_2_,426.00_425.50_425.00_424.50_424.00_,2_4_2_2_7_
13:09:12,426.50,2,164,426.50_427.00_427.50_428.00_428.50_,2_3_2_3_2_,426.00_425.50_425.00_424.50_424.00_,2_4_2_2_7_
13:10:08,426.50,2,166,427.00_427.50_428.00_428.50_429.00_,3_2_3_2_2_,426.00_425.50_425.00_424.50_424.00_,2_2_2_2_7_
13:10:13,426.50,2,166,427.00_427.50_428.00_428.50_429.00_,3_2_3_2_2_,426.00_425.50_425.00_424.50_424.00_,2_2_3_1_7_
13:11:04,427.00,1,167,427.00_427.50_428.00_428.50_429.00_,2_2_3_2_2_,426.00_425.50_425.00_424.50_424.00_,2_2_3_1_7_
13:11:10,427.00,1,167,427.00_427.50_428.00_428.50_429.00_,2_2_3_2_2_,426.00_425.50_425.00_424.50_424.00_,2_2_3_5_3_
13:11:51,427.50,2,171,428.00_428.50_429.00_429.50_432.00_,3_2_2_2_1_,426.00_425.50_425.00_424.50_424.00_,2_3_6_1_3_
13:12:52,428.00,1,172,428.00_428.50_429.00_429.50_432.00_,2_2_2_2_1_,427.00_426.00_425.50_425.00_424.50_,2_1_3_6_1_
13:13:48,428.00,1,172,428.00_428.50_429.00_429.50_432.00_,2_2_2_2_2_,427.00_426.00_425.50_425.00_424.50_,2_1_3_6_1_
13:14:09,428.00,1,172,428.00_428.50_429.00_429.50_432.00_,2_2_2_2_2_,427.00_426.00_425.50_425.00_424.50_,3_1_7_2_1_
13:14:40,428.00,2,174,428.50_429.00_429.50_432.00_433.00_,2_2_2_2_3_,427.00_426.00_425.50_425.00_424.50_,3_1_7_2_1_
13:14:45,428.00,2,174,428.50_429.00_429.50_432.00_433.00_,2_2_2_2_3_,427.00_426.00_425.50_425.00_424.50_,3_2_6_2_1_
13:15:15,428.00,2,174,428.50_429.00_429.50_430.00_432.00_,2_2_2_1_2_,427.00_426.00_425.50_425.00_424.50_,3_2_6_2_1_
13:15:36,428.50,1,175,428.50_429.00_429.50_430.00_432.00_,1_2_2_1_2_,427.00_426.00_425.50_425.00_424.50_,3_2_6_2_1_
13:15:41,428.50,1,175,428.50_429.00_429.50_430.00_432.00_,1_2_2_1_2_,427.00_426.00_425.50_425.00_424.50_,3_6_2_2_1_
13:16:17,428.50,1,176,429.00_429.50_430.00_432.00_433.00_,2_2_1_2_3_,427.00_426.00_425.50_425.00_424.50_,3_6_2_2_1_
13:16:22,429.00,1,177,429.00_429.50_430.00_432.00_433.00_,1_2_1_2_3_,427.00_426.00_425.50_425.00_424.50_,3_6_2_2_1_
13:16:27,429.00,1,178,429.50_430.00_432.00_433.00_434.00_,2_1_2_3_1_,427.00_426.50_426.00_425.50_425.00_,3_4_2_2_2_
13:16:32,429.00,1,178,429.50_430.00_432.00_433.00_434.00_,2_1_2_3_1_,427.00_426.50_426.00_425.50_425.00_,3_5_1_2_2_
13:17:18,429.00,1,178,429.50_430.00_432.00_433.00_434.00_,2_4_2_3_1_,427.00_426.50_426.00_425.50_425.00_,3_5_1_2_2_
13:19:37,431.50,1,188,431.00_431.50_432.00_433.00_434.00_,3_3_2_4_1_,427.50_427.00_426.50_426.00_425.50_,1_6_1_1_2_
13:20:28,431.50,1,188,431.00_431.50_432.00_433.00_434.00_,2_3_2_4_1_,427.50_427.00_426.50_426.00_425.50_,1_6_1_1_2_
13:20:38,431.50,1,188,430.50_431.00_431.50_432.00_433.00_,1_2_3_2_4_,427.00_426.50_426.00_425.50_425.00_,7_1_1_2_1_
13:23:02,429.00,1,189,431.00_431.50_432.00_433.00_434.00_,2_4_2_5_1_,427.50_427.00_426.50_426.00_425.50_,13_2_1_1_2_
13:24:55,431.50,1,194,431.00_431.50_432.00_433.00_433.50_,1_2_2_4_2_,428.00_427.50_427.00_426.50_426.00_,1_9_2_1_2_
13:25:19,431.50,1,194,431.00_431.50_432.00_433.00_433.50_,1_1_1_4_2_,427.50_427.00_426.50_426.00_425.50_,8_1_1_2_4_
13:25:34,431.50,1,194,431.50_433.00_433.50_434.00_435.00_,1_4_2_1_2_,427.50_427.00_426.50_426.00_425.50_,9_1_1_2_4_
13:26:05,431.50,1,194,431.50_433.00_433.50_434.00_435.00_,1_4_2_1_2_,427.50_427.00_426.50_426.00_425.50_,9_1_1_2_7_
13:26:36,431.50,1,194,431.50_432.00_433.00_433.50_434.00_,1_5_4_2_1_,427.50_427.00_426.50_426.00_425.50_,9_1_1_2_6_
13:27:01,431.50,1,194,432.00_433.00_433.50_434.00_435.00_,4_4_2_1_2_,427.50_427.00_426.50_426.00_425.50_,9_1_1_2_6_
13:27:57,431.50,1,194,432.00_433.00_433.50_434.00_435.00_,4_4_2_1_2_,427.50_427.00_426.50_426.00_425.50_,9_1_2_2_6_
13:28:23,431.50,1,194,432.00_433.00_433.50_434.00_435.00_,3_4_2_1_2_,427.50_427.00_426.50_426.00_425.50_,9_1_2_2_6_
13:29:09,431.50,1,194,432.00_433.00_433.50_434.00_435.00_,4_4_2_1_2_,428.50_427.50_427.00_426.50_426.00_,8_9_1_2_2_
13:30:00,432.00,10,204,432.00_433.00_433.50_434.00_435.00_,4_4_2_1_2_,428.50_427.50_427.00_426.50_426.00_,8_9_1_2_2_
