09:00:46,181.50,2,27,181.50_182.00_182.50_183.00_183.50_,11_5_5_1_1_,181.00_180.00_178.00_177.00_176.50_,6_6_10_1_5_
09:03:05,181.50,2,35,182.00_182.50_183.00_183.50_184.00_,8_11_1_1_1_,181.00_180.00_179.00_178.50_178.00_,4_18_3_1_9_
09:03:10,181.50,2,35,182.00_182.50_183.00_183.50_184.00_,11_12_1_1_1_,181.50_181.00_180.00_179.00_178.50_,2_2_19_2_1_
09:03:30,181.50,2,37,181.50_182.00_182.50_183.00_183.50_,9_7_6_2_1_,181.00_180.00_178.00_177.00_176.50_,2_20_9_1_7_
09:03:36,181.50,2,37,181.50_182.00_182.50_183.00_183.50_,10_7_6_2_1_,181.00_180.00_178.00_177.00_176.50_,2_20_9_1_7_
09:03:41,181.00,1,38,181.50_182.00_182.50_183.00_183.50_,11_7_6_2_1_,181.00_180.00_178.00_177.00_176.50_,1_20_9_1_7_
09:03:46,181.00,1,38,181.00_181.50_182.00_182.50_183.00_,1_11_7_6_2_,180.50_180.00_178.00_177.00_176.50_,2_20_9_1_7_
09:05:28,181.00,1,44,181.50_182.00_182.50_183.00_183.50_,11_6_8_3_1_,181.00_180.50_180.00_179.50_178.50_,4_1_18_2_1_
09:05:54,181.50,1,45,181.50_182.00_182.50_183.00_183.50_,10_6_8_3_1_,181.00_180.50_180.00_179.50_178.00_,5_2_20_2_9_
09:06:20,181.50,2,47,181.50_182.00_182.50_183.00_183.50_,8_6_8_3_1_,181.00_180.50_180.00_179.50_178.00_,5_2_20_2_9_
09:07:52,182.00,2,61,182.00_182.50_183.00_183.50_184.00_,4_7_4_4_1_,181.50_181.00_180.50_180.00_178.00_,6_2_5_22_9_
09:11:27,181.50,3,70,182.00_182.50_183.00_183.50_184.00_,3_8_7_4_1_,181.50_181.00_180.50_180.00_178.00_,5_16_7_22_10_
09:12:55,182.00,1,72,182.50_183.00_183.50_184.00_184.50_,9_5_5_3_1_,181.50_181.00_180.50_180.00_178.00_,4_21_10_20_10_
09:14:32,182.00,1,74,182.50_183.00_183.50_184.00_184.50_,11_5_5_3_1_,181.50_181.00_180.50_180.00_178.00_,3_21_10_21_10_
09:14:57,182.00,1,74,182.50_183.00_183.50_184.00_184.50_,7_4_5_3_1_,181.50_181.00_180.50_180.00_178.00_,3_21_10_21_10_
09:17:11,181.50,1,78,181.50_182.00_182.50_183.00_183.50_,18_7_12_1_2_,181.00_180.50_180.00_179.00_178.00_,17_7_25_3_10_
09:17:16,181.50,1,78,181.50_182.00_182.50_183.00_183.50_,18_7_12_1_2_,181.00_180.50_180.00_179.50_178.00_,17_8_24_3_10_
09:17:47,181.50,1,78,181.50_182.00_182.50_183.00_183.50_,19_7_12_1_2_,181.00_180.50_180.00_179.50_178.00_,17_8_24_3_10_
09:17:57,181.50,1,78,181.50_182.00_182.50_183.00_183.50_,20_7_12_1_2_,181.00_180.50_180.00_179.50_178.00_,17_7_25_3_10_
09:19:45,181.00,1,79,181.50_182.00_182.50_183.00_183.50_,22_7_12_1_2_,181.00_180.50_180.00_179.50_178.00_,16_7_25_3_10_
09:20:51,181.00,1,81,181.50_182.00_182.50_183.00_183.50_,27_7_12_1_2_,181.00_180.50_180.00_179.50_178.00_,14_8_25_3_10_
09:20:56,181.00,1,82,181.50_182.00_182.50_183.00_183.50_,27_7_12_1_2_,181.00_180.50_180.00_179.50_178.00_,13_8_25_3_10_
09:21:07,181.00,1,83,181.50_182.00_182.50_183.00_183.50_,26_7_12_1_2_,181.00_180.50_180.00_179.50_178.00_,12_7_26_3_10_
09:21:48,181.00,1,83,181.50_182.00_182.50_183.00_183.50_,31_7_10_1_2_,181.00_180.50_180.00_179.50_178.00_,13_6_26_5_10_
09:23:30,181.00,2,90,181.50_182.00_182.50_183.00_183.50_,20_7_15_2_2_,181.00_180.50_180.00_179.50_178.00_,11_4_30_5_10_
09:23:56,181.00,1,91,181.50_182.00_182.50_183.00_183.50_,20_7_15_2_2_,181.00_180.50_180.00_179.50_178.00_,10_5_29_5_10_
09:25:43,181.00,4,99,181.50_182.00_182.50_183.00_183.50_,22_7_17_2_2_,181.00_180.50_180.00_179.50_178.00_,5_8_28_3_10_
09:26:45,181.00,4,99,181.50_182.00_182.50_183.00_183.50_,22_7_17_2_2_,181.00_180.50_180.00_179.50_178.00_,7_9_26_3_10_
09:27:52,181.50,1,102,181.50_182.00_182.50_183.00_183.50_,21_7_17_3_2_,181.00_180.50_180.00_179.50_178.00_,2_7_29_4_10_
09:29:34,181.00,1,104,181.50_182.00_182.50_183.00_183.50_,23_11_13_2_14_,180.50_180.00_179.50_178.00_177.00_,5_29_7_10_1_
09:30:20,180.50,1,105,181.50_182.00_182.50_183.00_183.50_,23_12_13_2_14_,180.50_180.00_179.50_178.00_177.00_,7_29_5_10_1_
09:32:54,180.50,1,111,181.50_182.00_182.50_183.00_183.50_,22_11_13_2_14_,180.50_180.00_179.50_178.00_177.00_,7_32_6_11_1_
09:33:15,180.50,2,113,181.50_182.00_182.50_183.00_183.50_,22_11_13_2_14_,180.50_180.00_179.50_178.00_177.00_,6_32_6_12_1_
09:35:53,180.50,1,125,181.50_182.00_182.50_183.00_183.50_,21_11_13_3_14_,180.50_180.00_179.50_178.00_177.00_,7_29_6_11_1_
09:36:39,180.50,1,126,181.00_181.50_182.00_182.50_183.00_,1_21_11_12_3_,180.50_180.00_179.50_178.50_178.00_,6_29_4_3_11_
09:37:10,180.50,1,126,181.00_181.50_182.00_182.50_183.00_,2_21_11_12_3_,180.50_180.00_179.50_178.50_178.00_,6_29_4_3_11_
09:37:15,180.50,1,126,181.00_181.50_182.00_182.50_183.00_,2_21_11_12_3_,180.50_180.00_179.50_179.00_178.00_,5_29_4_3_11_
09:37:46,180.50,1,128,181.00_181.50_182.00_182.50_183.00_,1_21_11_12_3_,180.50_180.00_179.50_179.00_178.00_,3_29_4_3_11_
09:38:12,180.50,1,128,181.00_181.50_182.00_182.50_183.00_,2_21_11_12_3_,180.50_180.00_179.50_179.00_178.00_,3_29_4_3_11_
09:38:22,180.50,1,128,181.00_181.50_182.00_182.50_183.00_,2_21_11_12_3_,180.50_180.00_179.50_179.00_178.00_,3_28_4_3_11_
09:38:27,180.50,1,128,181.00_181.50_182.00_182.50_183.00_,2_21_11_12_3_,180.50_180.00_179.50_179.00_178.00_,4_28_4_3_11_
09:39:49,181.00,1,130,181.00_181.50_182.00_182.50_183.00_,2_21_11_12_3_,180.50_180.00_179.50_179.00_178.00_,4_28_5_3_11_
09:40:40,180.50,1,131,181.00_181.50_182.00_182.50_183.00_,4_21_11_12_3_,180.50_180.00_179.50_179.00_178.00_,3_29_4_3_11_
09:41:16,180.00,1,135,180.50_181.00_181.50_182.00_182.50_,5_17_24_5_11_,180.00_179.50_179.00_178.50_178.00_,25_4_3_3_11_
09:41:47,180.00,1,136,180.50_181.00_181.50_182.00_182.50_,6_17_24_5_11_,180.00_179.50_179.00_178.50_178.00_,24_4_3_5_10_
09:41:52,180.00,1,137,180.50_181.00_181.50_182.00_182.50_,6_17_24_5_11_,180.00_179.50_179.00_178.50_178.00_,23_4_3_5_10_
09:42:39,180.00,1,146,180.50_181.00_181.50_182.00_182.50_,9_16_24_5_11_,180.00_179.50_179.00_178.50_178.00_,17_4_4_5_10_
09:44:47,180.50,2,155,180.50_181.00_181.50_182.00_182.50_,5_18_26_5_11_,180.00_179.50_179.00_178.50_178.00_,11_5_5_5_10_
09:45:38,180.00,4,167,180.00_180.50_181.00_181.50_182.00_,3_17_20_20_4_,179.50_179.00_178.50_178.00_177.00_,2_6_5_14_1_
09:47:10,179.50,2,169,179.50_180.00_180.50_181.00_181.50_,3_6_20_16_19_,179.00_178.50_178.00_177.50_176.50_,5_5_14_3_6_
09:47:15,179.50,2,169,179.50_180.00_180.50_181.00_181.50_,4_6_20_16_19_,179.00_178.50_178.00_177.50_176.50_,5_5_14_3_6_
09:47:41,179.50,2,169,179.50_180.00_180.50_181.00_181.50_,3_6_20_16_19_,179.00_178.50_178.00_177.50_176.50_,5_5_14_3_6_
09:49:34,179.50,1,173,179.50_180.00_180.50_181.00_181.50_,3_6_20_16_19_,179.00_178.50_178.00_177.50_177.00_,3_7_14_1_3_
09:50:04,179.50,1,173,179.50_180.00_180.50_181.00_181.50_,3_6_20_16_19_,179.00_178.50_178.00_177.50_176.50_,6_8_15_3_6_
09:50:20,179.50,1,173,179.50_180.00_180.50_181.00_181.50_,3_6_20_16_19_,179.00_178.50_178.00_177.50_176.50_,5_9_16_3_6_
09:50:51,179.50,1,174,179.50_180.00_180.50_181.00_181.50_,4_6_20_16_19_,179.00_178.50_178.00_177.50_177.00_,7_9_16_1_2_
09:51:21,179.00,1,175,179.50_180.00_180.50_181.00_181.50_,4_6_20_16_19_,179.00_178.50_178.00_177.50_177.00_,6_9_16_1_2_
09:53:14,179.00,1,178,179.50_180.00_180.50_181.00_181.50_,4_4_20_16_19_,179.00_178.50_178.00_177.00_176.50_,6_9_16_2_6_
09:53:55,179.00,1,179,179.50_180.00_180.50_181.00_181.50_,3_4_20_16_19_,179.00_178.50_178.00_177.00_176.50_,8_7_16_2_6_
09:54:26,179.00,1,179,179.50_180.00_180.50_181.00_181.50_,3_3_15_16_19_,179.00_178.50_178.00_177.00_176.50_,8_7_16_2_6_
09:57:15,179.50,3,191,180.00_180.50_181.00_181.50_182.00_,4_5_10_10_5_,179.50_179.00_178.50_178.00_176.50_,3_9_6_13_6_
10:00:24,179.50,1,193,180.00_180.50_181.00_181.50_182.00_,3_5_10_11_5_,179.50_179.00_178.50_178.00_176.50_,1_13_5_14_6_
10:01:36,179.50,1,193,180.00_180.50_181.00_181.50_182.00_,3_5_10_11_5_,179.50_179.00_178.50_178.00_176.50_,2_13_6_13_6_
10:01:41,179.50,1,193,180.00_180.50_181.00_181.50_182.00_,3_5_10_11_5_,179.50_179.00_178.50_178.00_176.50_,2_14_5_13_6_
10:02:07,179.50,1,194,180.00_180.50_181.00_181.50_182.00_,2_5_10_11_5_,179.50_179.00_178.50_178.00_176.50_,4_12_6_13_6_
10:03:24,179.50,1,194,180.00_180.50_181.00_181.50_182.00_,3_5_10_11_5_,179.50_179.00_178.50_178.00_176.50_,6_13_5_13_6_
10:04:25,180.00,3,197,180.50_181.00_181.50_182.00_182.50_,10_9_12_5_11_,179.50_179.00_178.50_178.00_176.50_,11_8_6_12_6_
10:05:52,180.00,3,197,180.50_181.00_181.50_182.00_182.50_,3_5_16_6_11_,180.00_179.50_179.00_178.50_178.00_,5_9_9_5_11_
10:06:23,180.00,3,197,180.50_181.00_181.50_182.00_182.50_,3_5_16_6_11_,180.00_179.50_179.00_178.50_178.00_,3_7_9_5_11_
10:08:57,180.50,1,211,181.00_181.50_182.00_182.50_183.00_,4_11_10_11_3_,180.00_179.50_179.00_178.50_178.00_,6_10_4_2_11_
10:09:28,180.00,1,212,180.50_181.00_181.50_182.00_182.50_,4_2_16_5_11_,180.00_179.50_179.00_178.50_178.00_,2_8_9_4_11_
10:10:55,180.00,1,216,180.50_181.00_181.50_182.00_182.50_,4_3_16_5_11_,180.00_179.50_179.00_178.50_178.00_,1_8_9_4_11_
10:15:01,179.00,1,227,179.50_180.00_180.50_181.00_181.50_,4_2_5_3_11_,179.00_178.50_178.00_177.00_176.50_,1_8_18_2_6_
10:15:47,179.00,1,228,179.50_180.00_180.50_181.00_181.50_,4_2_5_3_11_,178.50_178.00_177.00_176.50_176.00_,8_18_2_6_4_
10:16:43,178.50,1,230,179.00_179.50_180.00_181.00_181.50_,6_1_5_3_11_,178.50_178.00_177.50_177.00_176.50_,2_18_7_3_6_
10:17:50,178.50,1,233,178.50_179.00_179.50_181.00_181.50_,6_3_6_3_11_,178.00_177.50_177.00_176.50_176.00_,13_6_7_9_5_
10:18:46,178.00,1,234,178.50_179.00_179.50_181.00_181.50_,4_3_6_3_11_,178.00_177.50_177.00_176.50_176.00_,14_6_7_10_5_
10:20:49,178.00,1,234,178.50_179.00_179.50_181.00_181.50_,5_3_6_3_11_,178.00_177.50_177.00_176.50_176.00_,15_6_7_10_6_
10:23:23,178.00,2,237,178.50_179.00_179.50_181.00_181.50_,1_3_6_3_11_,178.00_177.50_177.00_176.50_176.00_,12_6_7_11_6_
10:24:04,178.00,2,237,178.50_179.00_179.50_181.00_181.50_,3_4_6_3_11_,178.00_177.50_177.00_176.50_176.00_,12_6_7_11_6_
10:24:45,178.00,2,237,178.50_179.00_179.50_181.00_181.50_,4_4_6_3_11_,178.00_177.50_177.00_176.50_176.00_,13_6_7_11_6_
10:25:16,178.00,2,237,178.50_179.00_179.50_181.00_181.50_,4_4_6_3_11_,178.00_177.50_177.00_176.50_176.00_,15_6_7_11_6_
10:27:14,178.50,2,244,178.50_179.00_179.50_180.50_181.00_,3_4_6_2_3_,178.00_177.50_177.00_176.50_176.00_,18_5_9_11_5_
10:29:02,178.50,1,250,178.50_179.00_179.50_180.00_180.50_,4_4_6_1_2_,178.00_177.50_177.00_176.50_176.00_,18_7_10_11_6_
10:29:07,178.50,1,250,178.50_179.00_179.50_180.00_180.50_,4_4_6_1_2_,178.00_177.50_177.00_176.50_176.00_,18_6_10_11_7_
10:31:15,178.50,1,250,178.50_179.00_179.50_180.00_180.50_,4_4_6_1_2_,178.00_177.50_177.00_176.50_176.00_,18_6_10_11_8_
10:32:37,178.50,2,255,179.00_179.50_180.00_180.50_181.00_,6_2_6_2_3_,178.50_178.00_177.50_177.00_176.50_,7_19_8_4_8_
10:33:59,178.50,2,255,179.00_179.50_180.00_180.50_181.00_,6_3_6_2_3_,178.50_178.00_177.50_177.00_176.50_,7_18_8_4_8_
10:34:25,178.50,1,256,179.00_179.50_180.00_180.50_181.00_,7_3_6_2_3_,178.50_178.00_177.50_177.00_176.50_,8_18_8_4_8_
10:36:43,178.50,1,260,179.00_179.50_180.00_180.50_181.00_,8_3_6_2_3_,178.50_178.00_177.50_177.00_176.50_,6_18_9_4_8_
10:36:59,178.50,1,260,179.00_179.50_180.00_180.50_181.00_,8_3_6_2_3_,178.50_178.00_177.50_177.00_176.50_,5_18_10_4_8_
10:38:26,178.50,1,261,179.00_179.50_180.00_180.50_181.00_,8_2_6_2_3_,178.50_178.00_177.50_177.00_176.50_,5_20_10_4_8_
10:38:41,178.50,1,262,179.00_179.50_180.00_180.50_181.00_,8_2_6_2_3_,178.50_178.00_177.50_177.00_176.50_,4_20_10_4_8_
10:38:46,178.50,1,262,179.00_179.50_180.00_180.50_181.00_,9_2_6_2_3_,178.50_178.00_177.50_177.00_176.50_,4_20_10_4_8_
10:40:49,178.50,1,267,178.50_179.00_179.50_180.00_180.50_,6_4_8_1_2_,178.00_177.50_177.00_176.50_176.00_,16_8_12_10_7_
10:42:17,178.50,2,269,178.50_179.00_179.50_180.00_180.50_,2_4_8_1_2_,178.00_177.50_177.00_176.50_176.00_,20_9_12_10_7_
10:42:48,178.50,2,269,178.50_179.00_179.50_180.00_180.50_,2_5_8_1_2_,178.00_177.50_177.00_176.50_176.00_,20_9_12_10_7_
10:43:34,178.50,1,270,178.50_179.00_179.50_180.00_180.50_,1_5_8_1_2_,178.00_177.50_177.00_176.50_176.00_,19_9_12_10_7_
10:50:03,178.00,1,273,178.50_179.00_179.50_180.00_180.50_,3_4_7_1_2_,178.00_177.50_177.00_176.50_176.00_,18_9_13_12_7_
10:50:14,178.00,1,273,178.50_179.00_179.50_180.00_180.50_,3_4_7_1_2_,178.00_177.50_177.00_176.50_176.00_,19_9_13_12_7_
10:50:39,178.00,1,273,178.50_179.00_179.50_180.00_180.50_,3_5_7_1_2_,178.00_177.50_177.00_176.50_176.00_,19_9_13_12_7_
10:53:59,178.50,1,277,179.00_179.50_180.00_180.50_181.00_,5_2_6_2_2_,178.50_178.00_177.50_177.00_176.50_,10_22_8_8_9_
10:56:48,179.00,1,279,179.00_179.50_180.00_180.50_181.00_,3_2_6_2_2_,178.50_178.00_177.50_177.00_176.50_,15_25_8_8_9_
10:57:29,179.00,1,280,179.00_179.50_180.00_180.50_181.00_,2_2_6_2_2_,178.50_178.00_177.50_177.00_176.50_,17_25_8_8_9_
10:57:50,179.00,1,280,179.00_179.50_180.00_180.50_181.00_,3_2_6_2_2_,178.50_178.00_177.50_177.00_176.50_,17_25_8_8_9_
10:58:26,179.00,1,280,179.00_179.50_180.00_180.50_181.00_,3_2_6_2_2_,178.50_178.00_177.50_177.00_176.50_,13_24_9_8_9_
11:01:51,179.00,1,284,179.50_180.00_180.50_181.00_181.50_,3_2_7_2_12_,179.00_178.50_178.00_177.50_177.00_,4_16_27_3_4_
11:05:06,178.50,1,291,179.00_179.50_180.00_180.50_181.00_,2_2_7_2_2_,178.50_178.00_177.50_177.00_176.50_,9_25_9_6_9_
11:06:58,178.50,1,292,179.00_179.50_180.00_180.50_181.00_,4_2_7_2_2_,178.50_178.00_177.50_177.00_176.50_,11_27_8_6_9_
11:09:12,178.50,1,293,179.00_179.50_180.00_180.50_181.00_,3_2_7_2_2_,178.50_178.00_177.50_177.00_176.50_,12_26_8_6_9_
11:09:43,178.50,1,294,179.00_179.50_180.00_180.50_181.00_,3_2_7_2_2_,178.50_178.00_177.50_177.00_176.50_,14_26_8_6_9_
11:11:30,178.50,1,295,179.00_179.50_180.00_180.50_181.00_,4_2_7_2_2_,178.50_178.00_177.50_177.00_176.50_,15_26_8_6_9_
11:14:30,178.50,1,297,179.00_179.50_180.00_180.50_181.00_,4_2_7_2_2_,178.50_178.00_177.50_177.00_176.50_,11_26_8_6_9_
11:16:17,178.50,1,297,179.00_179.50_180.00_180.50_181.00_,4_2_7_2_2_,178.50_178.00_177.50_177.00_176.50_,11_25_9_6_9_
11:16:38,178.50,1,297,179.00_179.50_180.00_180.50_181.00_,4_2_7_2_2_,178.50_178.00_177.50_177.00_176.50_,12_25_9_6_9_
11:18:00,178.50,1,299,179.00_179.50_180.00_180.50_181.00_,3_2_7_2_2_,178.50_178.00_177.50_177.00_176.50_,9_26_10_6_9_
11:19:07,178.50,1,300,179.00_179.50_180.00_180.50_181.00_,4_2_7_2_2_,178.50_178.00_177.50_177.00_176.50_,10_25_11_6_9_
11:19:32,178.50,1,300,179.00_179.50_180.00_180.50_181.00_,4_2_7_2_2_,178.50_178.00_177.50_177.00_176.50_,11_25_11_6_9_
11:19:42,178.50,1,300,179.00_179.50_180.00_180.50_181.00_,5_2_7_2_2_,178.50_178.00_177.50_177.00_176.50_,11_26_10_6_9_
11:22:57,179.50,2,307,180.00_180.50_181.00_181.50_182.00_,3_3_7_3_4_,179.50_179.00_178.50_178.00_177.50_,7_26_14_24_1_
11:30:34,180.00,1,318,180.00_180.50_181.00_181.50_182.00_,11_3_7_3_4_,179.50_179.00_178.50_178.00_177.50_,9_27_12_24_1_
11:32:16,180.00,2,321,180.00_180.50_181.00_181.50_182.00_,9_3_7_3_4_,179.50_179.00_178.50_178.00_177.50_,9_26_12_24_1_
11:35:00,180.00,5,326,180.00_180.50_181.00_181.50_182.00_,5_3_7_3_4_,179.50_179.00_178.50_178.00_177.50_,11_26_12_24_1_
11:35:36,180.00,1,327,180.00_180.50_181.00_181.50_182.00_,4_3_7_3_4_,179.50_179.00_178.50_178.00_177.50_,11_26_12_24_1_
11:35:51,180.00,1,327,180.00_180.50_181.00_181.50_182.00_,4_3_7_3_4_,179.50_179.00_178.50_178.00_177.50_,13_26_12_24_1_
11:36:27,180.00,1,327,180.00_180.50_181.00_181.50_182.00_,4_3_7_3_4_,179.50_179.00_178.50_178.00_177.50_,12_26_12_24_1_
11:40:44,180.50,1,333,180.50_181.00_181.50_182.00_183.00_,4_3_7_4_4_,180.00_179.50_179.00_178.50_178.00_,9_13_27_6_23_
11:42:32,180.00,1,334,180.50_181.00_181.50_182.00_183.00_,6_4_6_4_4_,180.00_179.50_179.00_178.50_178.00_,9_14_27_5_22_
11:45:47,179.50,1,350,180.00_180.50_181.00_181.50_182.00_,4_13_9_1_4_,179.50_179.00_178.50_178.00_177.50_,4_26_11_19_1_
11:47:29,179.50,1,350,180.00_180.50_181.00_181.50_182.00_,6_13_9_1_4_,179.50_179.00_178.50_178.00_177.50_,7_30_11_19_1_
11:47:50,179.50,1,350,180.00_180.50_181.00_181.50_182.00_,6_13_9_1_4_,179.50_179.00_178.50_178.00_177.50_,9_30_11_19_1_
11:49:12,179.50,2,353,180.00_180.50_181.00_181.50_182.00_,6_13_9_1_4_,179.50_179.00_178.50_178.00_177.50_,6_30_11_19_1_
11:49:58,179.50,1,354,180.00_180.50_181.00_181.50_182.00_,6_13_9_1_4_,179.50_179.00_178.50_178.00_177.50_,5_30_11_19_2_
11:54:04,179.50,1,356,180.00_180.50_181.00_181.50_182.00_,5_13_9_1_4_,179.50_179.00_178.50_178.00_177.50_,4_31_12_20_2_
11:55:00,179.50,1,356,180.00_180.50_181.00_181.50_182.00_,6_13_9_1_4_,179.50_179.00_178.50_178.00_177.50_,4_32_12_20_2_
11:59:07,179.50,1,361,180.00_180.50_181.00_182.00_183.00_,17_13_8_4_4_,179.50_179.00_178.50_178.00_177.50_,1_32_12_20_2_
11:59:48,179.50,1,361,180.00_180.50_181.00_182.00_183.00_,17_13_8_4_4_,179.50_179.00_178.50_178.00_177.50_,3_33_11_21_2_
12:00:44,179.50,1,361,180.00_180.50_181.00_182.00_183.00_,17_13_8_4_4_,179.50_179.00_178.50_178.00_177.50_,5_35_11_21_2_
12:01:20,179.50,1,363,180.00_180.50_181.00_182.00_183.00_,16_13_8_4_4_,179.50_179.00_178.50_178.00_177.50_,4_30_11_21_2_
12:03:23,179.50,1,364,180.00_180.50_181.00_182.00_183.00_,16_13_8_4_4_,179.50_179.00_178.50_178.00_177.50_,3_30_11_21_2_
12:03:48,179.50,1,364,180.00_180.50_181.00_182.00_183.00_,17_13_8_4_4_,179.50_179.00_178.50_178.00_177.50_,3_30_11_21_2_
12:05:31,179.50,1,365,180.00_180.50_181.00_182.00_183.00_,16_13_8_4_4_,179.50_179.00_178.50_178.00_177.50_,5_30_10_21_2_
12:07:54,179.50,1,366,180.00_180.50_181.00_182.00_183.00_,17_17_4_4_4_,179.50_179.00_178.50_178.00_177.50_,5_29_11_21_2_
12:08:56,179.50,1,367,180.00_180.50_181.00_182.00_183.00_,16_17_4_4_4_,179.50_179.00_178.50_178.00_177.50_,4_29_11_21_2_
12:11:05,179.50,1,367,180.00_180.50_181.00_182.00_183.00_,17_17_4_4_4_,179.50_179.00_178.50_178.00_177.50_,5_28_11_21_2_
12:12:16,179.50,1,367,180.00_180.50_181.00_182.00_183.00_,17_17_4_4_4_,179.50_179.00_178.50_178.00_177.50_,7_30_11_21_2_
12:13:23,179.50,1,367,180.00_180.50_181.00_182.00_183.00_,17_17_4_4_5_,179.50_179.00_178.50_178.00_177.50_,9_33_12_21_2_
12:15:11,179.50,1,369,180.00_180.50_181.00_182.00_183.00_,17_17_4_4_5_,179.50_179.00_178.50_178.00_177.50_,8_33_12_23_2_
12:17:39,179.50,1,370,180.00_180.50_181.00_182.00_183.00_,16_17_4_4_5_,179.50_179.00_178.50_178.00_177.50_,6_33_12_23_2_
12:17:44,179.50,1,370,180.00_180.50_181.00_182.00_183.00_,16_17_4_4_5_,179.50_179.00_178.50_178.00_177.50_,7_33_12_23_2_
12:19:12,179.50,1,370,180.00_180.50_181.00_182.00_183.00_,17_17_4_4_5_,179.50_179.00_178.50_178.00_177.50_,7_33_12_23_2_
12:19:17,179.50,1,371,180.00_180.50_181.00_182.00_183.00_,17_17_4_4_5_,179.50_179.00_178.50_178.00_177.50_,6_33_12_23_2_
12:19:22,179.50,1,371,180.00_180.50_181.00_182.00_183.00_,17_17_3_4_5_,179.50_179.00_178.50_178.00_177.50_,5_33_12_23_2_
12:20:08,179.50,1,372,180.00_180.50_181.00_182.00_183.00_,17_17_3_4_5_,179.50_179.00_178.50_178.00_177.50_,4_33_12_23_2_
12:21:35,179.50,1,373,180.00_180.50_181.00_182.00_183.00_,16_17_3_4_5_,179.50_179.00_178.50_178.00_177.50_,5_33_12_23_2_
12:22:16,179.50,1,373,180.00_180.50_181.00_182.00_183.00_,16_17_3_4_5_,179.50_179.00_178.50_178.00_177.50_,6_32_12_23_2_
12:23:48,179.50,1,375,180.00_180.50_181.00_182.00_183.00_,17_17_3_4_5_,179.50_179.00_178.50_178.00_177.50_,2_32_13_23_2_
12:24:45,179.50,1,375,179.50_180.00_180.50_181.00_182.00_,3_20_13_2_4_,179.00_178.50_178.00_177.50_177.00_,27_11_29_4_4_
12:26:43,179.00,1,377,179.50_180.00_180.50_181.00_182.00_,2_20_13_2_4_,179.00_178.50_178.00_177.50_177.00_,24_12_29_4_4_
12:27:54,179.00,1,377,179.50_180.00_180.50_181.00_182.00_,4_18_13_2_4_,179.00_178.50_178.00_177.50_177.00_,24_12_28_4_4_
12:30:18,179.00,1,380,179.50_180.00_180.50_181.00_182.00_,2_18_13_2_4_,179.00_178.50_178.00_177.50_177.00_,27_13_28_4_5_
12:30:44,179.50,1,381,179.50_180.00_180.50_181.00_182.00_,1_19_13_2_4_,179.00_178.50_178.00_177.50_177.00_,27_13_28_4_5_
12:31:04,179.50,1,381,179.50_180.00_180.50_181.00_182.00_,1_19_13_2_4_,179.00_178.50_178.00_177.50_177.00_,27_14_28_4_5_
12:31:09,179.50,1,381,179.50_180.00_180.50_181.00_182.00_,1_19_13_2_4_,179.00_178.50_178.00_177.50_177.00_,31_14_28_4_5_
12:32:01,179.50,1,382,180.00_180.50_181.00_182.00_182.50_,17_17_3_4_1_,179.00_178.50_178.00_177.50_177.00_,36_16_23_2_5_
12:32:26,179.50,1,382,180.00_180.50_181.00_182.00_182.50_,17_17_3_4_1_,179.00_178.50_178.00_177.50_177.00_,37_16_23_2_5_
12:34:14,179.50,1,382,179.50_180.00_180.50_181.00_182.00_,3_18_14_2_4_,179.00_178.50_178.00_177.50_177.00_,32_14_28_4_5_
12:34:40,179.50,1,382,179.50_180.00_180.50_181.00_182.00_,3_19_14_2_4_,179.00_178.50_178.00_177.50_177.00_,32_14_28_4_5_
12:37:24,179.00,1,385,179.50_180.00_180.50_181.00_182.00_,4_20_14_2_4_,179.00_178.50_178.00_177.50_177.00_,29_14_28_4_5_
12:39:58,179.00,1,387,179.50_180.00_180.50_181.00_182.00_,3_20_14_2_4_,179.00_178.50_178.00_177.50_177.00_,29_14_29_4_5_
12:40:13,179.00,1,387,179.50_180.00_180.50_181.00_182.00_,4_20_14_2_4_,179.00_178.50_178.00_177.50_177.00_,29_14_29_4_5_
12:42:31,179.50,1,391,179.50_180.00_180.50_181.00_182.00_,3_20_14_2_4_,179.00_178.50_178.00_177.50_177.00_,27_14_29_4_5_
12:43:07,179.50,1,391,179.50_180.00_180.50_181.00_182.00_,3_20_14_2_4_,179.00_178.50_178.00_177.50_177.00_,26_14_29_4_5_
12:44:09,179.00,1,393,179.50_180.00_180.50_181.00_182.00_,2_20_14_2_4_,179.00_178.50_178.00_177.50_177.00_,25_14_29_4_5_
12:47:59,179.00,1,394,179.50_180.00_180.50_181.00_182.00_,3_21_5_3_4_,179.00_178.50_178.00_177.50_177.00_,26_13_29_5_6_
12:48:45,179.00,1,394,179.50_180.00_180.50_181.00_182.00_,4_21_5_3_4_,179.00_178.50_178.00_177.50_177.00_,26_13_29_5_6_
12:53:17,179.50,1,397,179.50_180.00_180.50_181.00_182.00_,5_21_5_3_4_,179.00_178.50_178.00_177.50_177.00_,25_13_29_5_6_
12:54:14,179.50,1,397,179.50_180.00_180.50_181.00_182.00_,6_21_5_3_4_,179.00_178.50_178.00_177.50_177.00_,25_13_29_5_6_
12:54:29,179.50,1,399,179.50_180.00_180.50_181.00_182.00_,6_21_5_3_4_,179.00_178.50_178.00_177.50_177.00_,24_13_29_5_6_
12:55:15,179.50,1,400,179.50_180.00_180.50_181.00_182.00_,5_21_5_3_4_,179.00_178.50_178.00_177.50_177.00_,24_13_29_5_6_
12:56:57,179.00,1,403,179.50_180.00_180.50_181.00_182.00_,6_21_5_3_4_,179.00_178.50_178.00_177.50_177.00_,22_13_29_5_6_
12:59:26,179.00,1,404,179.50_180.00_180.50_181.00_182.00_,7_21_5_3_4_,179.00_178.50_178.00_177.50_177.00_,22_14_28_5_6_
13:01:09,179.00,1,405,179.50_180.00_180.50_181.00_182.00_,6_23_5_3_4_,179.00_178.50_178.00_177.50_177.00_,21_14_28_5_6_
13:03:12,179.50,1,413,179.50_180.00_180.50_181.00_182.00_,5_23_4_3_4_,179.00_178.50_178.00_177.50_177.00_,15_13_29_5_6_
13:03:17,179.50,1,414,179.50_180.00_180.50_181.00_182.00_,4_23_4_3_4_,179.00_178.50_178.00_177.50_177.00_,15_13_29_5_6_
13:06:11,179.00,1,429,179.50_180.00_180.50_181.00_182.00_,6_23_4_3_4_,179.00_178.50_178.00_177.50_177.00_,4_15_29_5_6_
13:07:33,179.50,1,431,179.50_180.00_180.50_181.00_182.00_,6_23_4_4_4_,179.00_178.50_178.00_177.50_177.00_,3_15_31_5_6_
13:07:38,179.50,1,431,179.50_180.00_180.50_181.00_182.00_,6_23_4_4_4_,179.00_178.50_178.00_177.50_177.00_,3_16_30_5_6_
13:11:08,179.00,2,437,179.00_179.50_180.00_180.50_181.00_,4_6_14_2_3_,178.50_178.00_177.50_177.00_176.50_,8_33_8_7_3_
13:13:37,178.50,1,441,179.00_179.50_180.00_180.50_181.00_,4_7_14_2_3_,178.50_178.00_177.50_177.00_176.50_,6_31_8_7_3_
13:13:42,178.50,1,441,179.00_179.50_180.00_180.50_181.00_,5_7_14_2_3_,178.50_178.00_177.50_177.00_176.50_,6_31_8_7_3_
13:14:07,178.50,1,441,179.00_179.50_180.00_180.50_181.00_,4_7_14_2_3_,178.50_178.00_177.50_177.00_176.50_,6_31_8_7_3_
13:14:13,178.50,1,441,179.00_179.50_180.00_180.50_181.00_,4_7_14_2_3_,178.50_178.00_177.50_177.00_176.50_,6_30_9_7_3_
13:16:41,178.50,1,446,179.00_179.50_180.00_180.50_181.00_,3_7_34_3_3_,178.50_178.00_177.50_177.00_176.50_,9_30_8_7_3_
13:17:43,178.50,6,452,179.00_179.50_180.00_180.50_181.00_,5_8_34_3_3_,178.50_178.00_177.50_177.00_176.50_,3_30_8_7_3_
13:19:15,178.50,2,457,179.00_179.50_180.00_180.50_181.00_,6_7_34_3_3_,178.50_178.00_177.50_177.00_176.50_,1_33_9_7_3_
13:23:26,178.50,1,465,178.50_179.00_179.50_180.00_180.50_,2_6_12_34_2_,178.00_177.50_177.00_176.50_176.00_,27_27_7_5_9_
13:26:12,179.50,1,473,179.50_180.00_180.50_181.00_181.50_,8_33_13_21_27_,178.00_177.50_177.00_176.50_176.00_,23_25_25_30_45_
13:26:22,179.50,1,473,179.50_180.00_180.50_181.00_181.50_,8_33_13_21_27_,178.00_177.50_177.00_176.50_176.00_,22_25_25_30_45_
13:28:10,179.50,1,473,179.50_180.00_180.50_181.00_181.50_,8_73_20_21_27_,178.00_177.50_177.00_176.50_176.00_,31_43_47_45_50_
13:29:58,179.50,1,473,179.00_179.50_180.00_180.50_181.00_,9_9_73_19_21_,178.50_178.00_177.50_177.00_176.50_,11_38_43_47_45_
13:30:00,178.50,45,518,179.00_179.50_180.00_180.50_181.00_,9_9_73_19_21_,178.50_178.00_177.50_177.00_176.50_,11_38_43_47_45_
