09:00:35,60.70,5,35,60.70_60.80_60.90_61.00_61.10_,3_12_12_9_3_,60.60_60.50_60.40_60.30_60.20_,14_15_5_19_14_
09:02:07,60.70,6,46,60.70_60.80_60.90_61.00_61.10_,6_11_24_24_23_,60.60_60.50_60.40_60.30_60.20_,21_17_3_17_15_
09:02:12,60.70,2,48,60.70_60.80_60.90_61.00_61.10_,4_11_24_24_23_,60.60_60.50_60.40_60.30_60.20_,22_17_3_17_15_
09:02:17,60.70,2,48,60.70_60.80_60.90_61.00_61.10_,4_11_24_24_23_,60.60_60.50_60.40_60.30_60.20_,28_17_3_17_15_
09:02:22,60.70,1,49,60.70_60.80_60.90_61.00_61.10_,3_11_24_24_23_,60.60_60.50_60.40_60.30_60.20_,27_16_3_17_15_
09:02:27,60.70,3,52,60.80_60.90_61.00_61.10_61.20_,11_24_24_23_18_,60.70_60.60_60.50_60.40_60.30_,8_21_16_4_17_
09:02:38,60.70,3,52,60.80_60.90_61.00_61.10_61.20_,12_26_24_19_34_,60.70_60.60_60.50_60.40_60.30_,15_18_16_3_28_
09:02:43,60.70,3,52,60.80_60.90_61.00_61.10_61.20_,12_26_24_19_34_,60.70_60.60_60.50_60.40_60.30_,16_17_16_3_28_
09:02:48,60.70,3,52,60.80_60.90_61.00_61.10_61.20_,12_31_24_19_34_,60.70_60.60_60.50_60.40_60.30_,17_17_16_3_28_
09:02:53,60.70,3,52,60.80_60.90_61.00_61.10_61.20_,12_31_29_19_34_,60.70_60.60_60.50_60.40_60.30_,28_17_16_3_28_
09:02:58,60.70,1,53,60.80_60.90_61.00_61.10_61.20_,12_31_29_19_34_,60.70_60.60_60.50_60.40_60.30_,30_17_16_3_28_
09:03:03,60.80,1,54,60.80_60.90_61.00_61.10_61.20_,11_31_29_19_34_,60.70_60.60_60.50_60.40_60.30_,30_17_16_3_28_
09:03:19,60.80,2,60,60.80_60.90_61.00_61.10_61.20_,8_31_29_20_34_,60.70_60.60_60.50_60.40_60.30_,25_17_16_3_27_
09:04:05,60.80,2,79,60.80_60.90_61.00_61.10_61.20_,10_30_29_20_34_,60.70_60.60_60.50_60.40_60.30_,27_17_17_4_27_
09:04:10,60.80,2,81,60.80_60.90_61.00_61.10_61.20_,8_30_29_20_34_,60.70_60.60_60.50_60.40_60.30_,33_17_17_4_27_
09:04:15,60.80,8,89,60.80_60.90_61.00_61.10_61.20_,8_30_29_20_34_,60.70_60.60_60.50_60.40_60.30_,26_17_17_4_28_
09:04:25,60.80,1,90,60.80_60.90_61.00_61.10_61.20_,7_30_29_20_34_,60.70_60.60_60.50_60.40_60.30_,26_17_17_4_28_
09:05:06,60.70,20,121,60.80_60.90_61.00_61.10_61.20_,19_32_21_15_34_,60.70_60.60_60.50_60.40_60.30_,10_16_17_4_28_
09:05:42,60.80,2,130,60.80_60.90_61.00_61.10_61.20_,22_32_21_15_35_,60.70_60.60_60.50_60.40_60.30_,11_15_17_4_28_
09:07:25,60.90,13,202,60.90_61.00_61.10_61.20_61.30_,21_21_15_19_36_,60.80_60.70_60.60_60.50_60.40_,6_10_15_15_14_
09:12:01,60.90,1,254,60.90_61.00_61.10_61.20_61.30_,40_19_17_33_46_,60.80_60.70_60.60_60.50_60.40_,4_11_7_15_16_
09:12:11,60.90,1,254,60.90_61.00_61.10_61.20_61.30_,40_19_17_33_46_,60.80_60.70_60.60_60.50_60.40_,7_11_7_15_16_
09:14:29,60.80,2,290,60.80_60.90_61.00_61.10_61.20_,52_27_19_20_34_,60.70_60.60_60.50_60.40_60.30_,2_21_21_9_32_
09:14:35,60.70,5,295,60.70_60.80_60.90_61.00_61.10_,45_52_27_19_20_,60.60_60.50_60.40_60.30_60.20_,21_21_9_32_13_
09:14:40,60.70,5,295,60.70_60.80_60.90_61.00_61.10_,51_52_28_19_36_,60.60_60.50_60.40_60.30_60.20_,22_21_9_21_24_
09:14:45,60.70,5,295,60.70_60.80_60.90_61.00_61.10_,51_52_28_19_31_,60.60_60.50_60.40_60.30_60.20_,22_21_9_21_24_
09:14:50,60.70,5,295,60.70_60.80_60.90_61.00_61.10_,66_52_26_19_31_,60.60_60.50_60.40_60.30_60.20_,22_21_9_21_24_
09:14:55,60.70,1,296,60.70_60.80_60.90_61.00_61.10_,69_48_26_19_31_,60.60_60.50_60.40_60.30_60.20_,22_21_9_21_24_
09:15:00,60.70,1,297,60.70_60.80_60.90_61.00_61.10_,68_48_26_19_31_,60.60_60.50_60.40_60.30_60.20_,22_21_9_21_24_
09:15:21,60.60,2,301,60.70_60.80_60.90_61.00_61.10_,83_47_26_19_31_,60.60_60.50_60.40_60.30_60.20_,19_21_9_21_24_
09:16:37,60.60,1,325,60.60_60.70_60.80_60.90_61.00_,19_83_47_26_34_,60.50_60.40_60.30_60.20_60.10_,28_8_21_13_57_
09:16:48,60.60,1,325,60.60_60.70_60.80_60.90_61.00_,19_83_47_26_34_,60.50_60.40_60.30_60.20_60.10_,29_8_21_13_57_
09:17:08,60.60,1,326,60.60_60.70_60.80_60.90_61.00_,20_83_47_26_34_,60.50_60.40_60.30_60.20_60.10_,29_8_21_13_57_
09:17:24,60.60,1,326,60.60_60.70_60.80_60.90_61.00_,21_83_57_26_34_,60.50_60.40_60.30_60.20_60.10_,30_8_21_13_57_
09:17:29,60.60,1,326,60.60_60.70_60.80_60.90_61.00_,21_83_57_26_34_,60.50_60.40_60.30_60.20_60.10_,31_8_21_13_57_
09:17:34,60.60,1,326,60.60_60.70_60.80_60.90_61.00_,21_83_57_36_34_,60.50_60.40_60.30_60.20_60.10_,31_8_21_13_57_
09:17:39,60.60,1,326,60.60_60.70_60.80_60.90_61.00_,21_83_57_36_44_,60.50_60.40_60.30_60.20_60.10_,32_8_21_13_57_
09:18:10,60.60,1,327,60.60_60.70_60.80_60.90_61.00_,30_83_66_36_43_,60.50_60.40_60.30_60.20_60.10_,32_10_21_13_57_
09:18:25,60.60,2,329,60.60_60.70_60.80_60.90_61.00_,28_83_66_36_43_,60.50_60.40_60.30_60.20_60.10_,32_10_21_13_57_
09:18:35,60.60,1,330,60.60_60.70_60.80_60.90_61.00_,27_83_66_36_43_,60.50_60.40_60.30_60.20_60.10_,32_11_21_13_57_
09:18:40,60.60,2,332,60.60_60.70_60.80_60.90_61.00_,25_83_66_36_43_,60.50_60.40_60.30_60.20_60.10_,32_11_21_13_57_
09:18:45,60.50,1,333,60.60_60.70_60.80_60.90_61.00_,25_83_66_36_43_,60.50_60.40_60.30_60.20_60.10_,31_11_21_13_57_
09:18:51,60.50,1,333,60.60_60.70_60.80_60.90_61.00_,25_83_66_36_42_,60.50_60.40_60.30_60.20_60.10_,31_11_21_13_57_
09:20:17,60.60,1,371,60.60_60.70_60.80_60.90_61.00_,26_83_57_37_42_,60.50_60.40_60.30_60.20_60.10_,9_11_21_12_58_
09:20:33,60.60,1,371,60.60_60.70_60.80_60.90_61.00_,26_83_57_37_42_,60.50_60.40_60.30_60.20_60.10_,11_10_21_12_58_
09:21:09,60.60,1,373,60.60_60.70_60.80_60.90_61.00_,25_83_57_47_42_,60.50_60.40_60.30_60.20_60.10_,15_10_21_12_58_
09:21:19,60.60,1,373,60.60_60.70_60.80_60.90_61.00_,25_83_57_52_42_,60.50_60.40_60.30_60.20_60.10_,15_10_21_12_58_
09:21:24,60.60,1,373,60.60_60.70_60.80_60.90_61.00_,25_83_57_52_42_,60.50_60.40_60.30_60.20_60.10_,13_10_21_12_58_
09:21:29,60.60,1,373,60.60_60.70_60.80_60.90_61.00_,25_83_57_52_42_,60.50_60.40_60.30_60.20_60.10_,16_10_21_12_58_
09:21:34,60.60,1,374,60.60_60.70_60.80_60.90_61.00_,24_83_57_52_42_,60.50_60.40_60.30_60.20_60.10_,16_10_21_12_58_
09:21:55,60.60,1,374,60.60_60.70_60.80_60.90_61.00_,24_83_59_52_42_,60.50_60.40_60.30_60.20_60.10_,17_10_21_12_58_
09:22:15,60.60,2,376,60.60_60.70_60.80_60.90_61.00_,22_83_59_52_42_,60.50_60.40_60.30_60.20_60.10_,18_10_21_12_58_
09:23:32,60.60,1,378,60.60_60.70_60.80_60.90_61.00_,24_133_59_53_42_,60.50_60.40_60.30_60.20_60.10_,24_10_21_12_58_
09:23:42,60.60,1,379,60.60_60.70_60.80_60.90_61.00_,23_133_59_53_42_,60.50_60.40_60.30_60.20_60.10_,24_10_21_12_58_
09:23:52,60.60,1,379,60.60_60.70_60.80_60.90_61.00_,23_133_43_53_42_,60.50_60.40_60.30_60.20_60.10_,24_10_21_12_58_
09:25:35,60.60,1,383,60.60_60.70_60.80_60.90_61.00_,20_133_60_53_42_,60.50_60.40_60.30_60.20_60.10_,29_11_21_12_50_
09:25:50,60.50,1,384,60.60_60.70_60.80_60.90_61.00_,35_133_60_53_42_,60.50_60.40_60.30_60.20_60.10_,29_11_21_12_50_
09:26:26,60.60,1,385,60.60_60.70_60.80_60.90_61.00_,36_133_48_53_42_,60.50_60.40_60.30_60.20_60.10_,31_11_21_12_50_
09:26:41,60.60,1,386,60.60_60.70_60.80_60.90_61.00_,35_133_48_53_42_,60.50_60.40_60.30_60.20_60.10_,31_11_21_12_50_
09:27:37,60.60,1,389,60.60_60.70_60.80_60.90_61.00_,18_148_56_53_42_,60.50_60.40_60.30_60.20_60.10_,31_11_22_12_50_
09:28:08,60.60,1,390,60.60_60.70_60.80_60.90_61.00_,17_148_56_53_42_,60.50_60.40_60.30_60.20_60.10_,32_11_22_12_50_
09:28:13,60.60,1,390,60.60_60.70_60.80_60.90_61.00_,18_148_56_53_42_,60.50_60.40_60.30_60.20_60.10_,32_11_22_12_50_
09:28:24,60.60,1,390,60.60_60.70_60.80_60.90_61.00_,18_148_66_53_42_,60.50_60.40_60.30_60.20_60.10_,32_11_22_12_50_
09:28:34,60.60,1,390,60.60_60.70_60.80_60.90_61.00_,18_148_66_53_42_,60.50_60.40_60.30_60.20_60.10_,33_11_22_12_50_
09:28:44,60.60,1,391,60.60_60.70_60.80_60.90_61.00_,17_148_66_53_42_,60.50_60.40_60.30_60.20_60.10_,33_11_23_12_50_
09:28:49,60.60,1,391,60.60_60.70_60.80_60.90_61.00_,17_148_66_53_42_,60.50_60.40_60.30_60.20_60.10_,34_11_23_12_50_
09:28:54,60.60,5,396,60.60_60.70_60.80_60.90_61.00_,13_148_66_53_42_,60.50_60.40_60.30_60.20_60.10_,30_11_23_12_50_
09:29:35,60.60,1,398,60.60_60.70_60.80_60.90_61.00_,10_148_67_53_42_,60.50_60.40_60.30_60.20_60.10_,30_11_23_12_50_
09:29:40,60.60,1,398,60.60_60.70_60.80_60.90_61.00_,10_148_67_53_42_,60.50_60.40_60.30_60.20_60.10_,29_11_23_12_50_
09:30:37,60.60,1,400,60.60_60.70_60.80_60.90_61.00_,9_148_67_56_45_,60.50_60.40_60.30_60.20_60.10_,29_14_26_15_50_
09:31:07,60.60,1,401,60.60_60.70_60.80_60.90_61.00_,14_148_66_56_45_,60.50_60.40_60.30_60.20_60.10_,28_14_26_15_50_
09:31:18,60.60,1,401,60.60_60.70_60.80_60.90_61.00_,15_148_66_56_45_,60.50_60.40_60.30_60.20_60.10_,29_14_26_15_50_
09:34:06,60.70,2,424,60.70_60.80_60.90_61.00_61.10_,158_60_56_53_33_,60.60_60.50_60.40_60.30_60.20_,20_19_13_26_26_
09:34:27,60.70,2,424,60.70_60.80_60.90_61.00_61.10_,158_60_56_53_32_,60.60_60.50_60.40_60.30_60.20_,21_19_13_26_26_
09:34:42,60.70,1,425,60.70_60.80_60.90_61.00_61.10_,157_60_56_53_32_,60.60_60.50_60.40_60.30_60.20_,21_19_13_26_26_
09:35:28,60.70,1,427,60.70_60.80_60.90_61.00_61.10_,157_64_53_53_32_,60.60_60.50_60.40_60.30_60.20_,23_20_13_26_26_
09:35:44,60.70,1,428,60.70_60.80_60.90_61.00_61.10_,156_64_53_53_32_,60.60_60.50_60.40_60.30_60.20_,22_20_13_26_26_
09:35:59,60.70,1,428,60.70_60.80_60.90_61.00_61.10_,156_64_53_53_32_,60.60_60.50_60.40_60.30_60.20_,27_20_13_26_26_
09:36:25,60.70,1,434,60.70_60.80_60.90_61.00_61.10_,151_64_53_53_32_,60.60_60.50_60.40_60.30_60.20_,27_21_13_26_26_
09:37:31,60.60,1,437,60.70_60.80_60.90_61.00_61.10_,150_64_53_53_32_,60.60_60.50_60.40_60.30_60.20_,28_22_13_26_26_
09:37:36,60.60,1,437,60.70_60.80_60.90_61.00_61.10_,150_64_56_53_32_,60.60_60.50_60.40_60.30_60.20_,28_22_13_26_26_
09:38:07,60.70,1,438,60.70_60.80_60.90_61.00_61.10_,149_64_56_53_32_,60.60_60.50_60.40_60.30_60.20_,30_22_13_26_26_
09:38:53,60.70,1,440,60.70_60.80_60.90_61.00_61.10_,147_64_56_53_32_,60.60_60.50_60.40_60.30_60.20_,32_22_13_26_26_
09:38:58,60.70,1,440,60.70_60.80_60.90_61.00_61.10_,147_64_53_53_32_,60.60_60.50_60.40_60.30_60.20_,32_22_13_26_26_
09:40:51,60.70,1,444,60.70_60.80_60.90_61.00_61.10_,117_83_53_54_32_,60.60_60.50_60.40_60.30_60.20_,28_22_13_27_26_
09:41:01,60.60,1,445,60.70_60.80_60.90_61.00_61.10_,117_83_53_54_32_,60.60_60.50_60.40_60.30_60.20_,32_22_13_27_26_
09:41:06,60.60,1,446,60.70_60.80_60.90_61.00_61.10_,118_83_53_54_32_,60.60_60.50_60.40_60.30_60.20_,31_22_13_27_26_
09:42:07,60.60,3,458,60.70_60.80_60.90_61.00_61.10_,124_74_56_54_32_,60.60_60.50_60.40_60.30_60.20_,25_21_14_26_26_
09:43:55,60.60,2,476,60.70_60.80_60.90_61.00_61.10_,121_74_56_54_32_,60.60_60.50_60.40_60.30_60.20_,20_22_14_26_26_
09:44:10,60.70,1,477,60.70_60.80_60.90_61.00_61.10_,120_74_56_54_32_,60.60_60.50_60.40_60.30_60.20_,19_22_14_26_26_
09:45:12,60.60,1,489,60.70_60.80_60.90_61.00_61.10_,120_77_56_53_29_,60.60_60.50_60.40_60.30_60.20_,10_24_14_26_23_
09:47:15,60.50,1,523,60.60_60.70_60.80_60.90_61.00_,28_106_75_52_55_,60.50_60.40_60.30_60.20_60.10_,12_15_26_16_52_
09:47:20,60.60,1,524,60.60_60.70_60.80_60.90_61.00_,27_106_75_52_55_,60.50_60.40_60.30_60.20_60.10_,13_15_26_16_52_
09:48:17,60.60,1,526,60.60_60.70_60.80_60.90_61.00_,25_106_75_52_55_,60.50_60.40_60.30_60.20_60.10_,15_16_26_16_52_
09:48:47,60.50,1,528,60.60_60.70_60.80_60.90_61.00_,25_106_75_52_55_,60.50_60.40_60.30_60.20_60.10_,15_16_26_16_52_
09:49:03,60.50,1,528,60.60_60.70_60.80_60.90_61.00_,25_106_75_52_55_,60.50_60.40_60.30_60.20_60.10_,16_16_26_16_52_
09:49:18,60.50,1,529,60.60_60.70_60.80_60.90_61.00_,24_106_75_52_55_,60.50_60.40_60.30_60.20_60.10_,15_16_26_16_52_
09:49:23,60.60,1,530,60.60_60.70_60.80_60.90_61.00_,23_114_75_52_55_,60.50_60.40_60.30_60.20_60.10_,15_16_26_16_52_
09:49:28,60.60,1,530,60.60_60.70_60.80_60.90_61.00_,27_114_75_52_55_,60.50_60.40_60.30_60.20_60.10_,15_16_26_16_52_
09:50:50,60.60,1,540,60.60_60.70_60.80_60.90_61.00_,36_114_75_54_55_,60.50_60.40_60.30_60.20_60.10_,12_15_26_17_52_
09:51:00,60.50,8,548,60.60_60.70_60.80_60.90_61.00_,37_98_83_54_55_,60.50_60.40_60.30_60.20_60.10_,4_15_26_17_52_
09:51:16,60.50,8,548,60.60_60.70_60.80_60.90_61.00_,38_98_83_54_55_,60.50_60.40_60.30_60.20_60.10_,4_15_26_17_52_
09:51:36,60.60,1,549,60.60_60.70_60.80_60.90_61.00_,37_98_83_54_55_,60.50_60.40_60.30_60.20_60.10_,4_15_26_17_52_
09:52:48,60.60,1,552,60.60_60.70_60.80_60.90_61.00_,38_98_83_52_55_,60.50_60.40_60.30_60.20_60.10_,10_15_26_17_52_
09:53:03,60.60,1,553,60.60_60.70_60.80_60.90_61.00_,37_98_83_52_55_,60.50_60.40_60.30_60.20_60.10_,11_15_26_17_52_
09:53:34,60.60,1,553,60.60_60.70_60.80_60.90_61.00_,37_93_83_52_55_,60.50_60.40_60.30_60.20_60.10_,11_15_26_17_52_
09:53:44,60.60,1,554,60.60_60.70_60.80_60.90_61.00_,36_93_83_52_55_,60.50_60.40_60.30_60.20_60.10_,11_15_26_17_52_
09:54:05,60.60,1,554,60.60_60.70_60.80_60.90_61.00_,36_101_75_52_55_,60.50_60.40_60.30_60.20_60.10_,13_16_26_17_52_
09:55:37,60.60,1,561,60.60_60.70_60.80_60.90_61.00_,33_101_77_52_55_,60.50_60.40_60.30_60.20_60.10_,14_26_46_14_52_
09:55:48,60.60,1,561,60.60_60.70_60.80_60.90_61.00_,35_101_72_52_55_,60.50_60.40_60.30_60.20_60.10_,14_26_46_14_52_
09:55:53,60.60,1,561,60.60_60.70_60.80_60.90_61.00_,35_101_75_52_55_,60.50_60.40_60.30_60.20_60.10_,14_26_46_14_52_
09:55:58,60.60,1,562,60.60_60.70_60.80_60.90_61.00_,34_101_75_52_55_,60.50_60.40_60.30_60.20_60.10_,14_26_46_14_52_
09:56:03,60.60,1,563,60.60_60.70_60.80_60.90_61.00_,35_101_75_53_55_,60.50_60.40_60.30_60.20_60.10_,14_26_46_14_52_
09:57:30,60.60,1,567,60.60_60.70_60.80_60.90_61.00_,47_93_75_52_55_,60.50_60.40_60.30_60.20_60.10_,23_26_47_17_52_
09:57:40,60.60,1,568,60.60_60.70_60.80_60.90_61.00_,46_93_75_52_55_,60.50_60.40_60.30_60.20_60.10_,22_26_47_17_52_
09:57:45,60.50,3,571,60.60_60.70_60.80_60.90_61.00_,44_93_75_52_55_,60.50_60.40_60.30_60.20_60.10_,19_26_47_17_52_
09:57:51,60.50,3,571,60.60_60.70_60.80_60.90_61.00_,46_93_75_52_55_,60.50_60.40_60.30_60.20_60.10_,19_26_47_17_52_
09:57:56,60.50,2,573,60.60_60.70_60.80_60.90_61.00_,46_93_75_52_55_,60.50_60.40_60.30_60.20_60.10_,17_26_47_17_52_
09:58:57,60.50,1,576,60.60_60.70_60.80_60.90_61.00_,46_93_83_52_47_,60.50_60.40_60.30_60.20_60.10_,19_26_47_17_52_
09:59:02,60.50,1,577,60.60_60.70_60.80_60.90_61.00_,46_93_83_52_47_,60.50_60.40_60.30_60.20_60.10_,18_26_47_17_52_
09:59:18,60.50,2,579,60.60_60.70_60.80_60.90_61.00_,45_93_83_52_47_,60.50_60.40_60.30_60.20_60.10_,17_26_47_17_52_
10:00:29,60.60,1,586,60.60_60.70_60.80_60.90_61.00_,46_93_90_52_44_,60.50_60.40_60.30_60.20_60.10_,17_32_51_14_52_
10:00:40,60.60,1,586,60.60_60.70_60.80_60.90_61.00_,46_93_90_52_44_,60.50_60.40_60.30_60.20_60.10_,22_32_51_14_52_
10:00:45,60.60,1,586,60.60_60.70_60.80_60.90_61.00_,50_93_90_52_44_,60.50_60.40_60.30_60.20_60.10_,23_32_51_14_52_
10:03:59,60.60,3,622,60.60_60.70_60.80_60.90_61.00_,42_88_79_56_51_,60.50_60.40_60.30_60.20_60.10_,34_29_51_14_53_
10:04:20,60.60,5,628,60.60_60.70_60.80_60.90_61.00_,36_108_79_56_51_,60.50_60.40_60.30_60.20_60.10_,31_29_51_21_53_
10:04:35,60.60,1,629,60.60_60.70_60.80_60.90_61.00_,40_115_79_56_44_,60.50_60.40_60.30_60.20_60.10_,30_29_51_21_53_
10:04:45,60.50,4,633,60.60_60.70_60.80_60.90_61.00_,39_115_79_56_44_,60.50_60.40_60.30_60.20_60.10_,27_29_51_21_53_
10:05:16,60.50,18,652,60.60_60.70_60.80_60.90_61.00_,34_115_79_58_44_,60.50_60.40_60.30_60.20_60.10_,9_29_51_21_53_
10:05:52,60.50,10,673,60.50_60.60_60.70_60.80_60.90_,3_37_117_79_69_,60.40_60.30_60.20_60.10_60.00_,21_51_26_52_102_
10:07:45,60.50,1,680,60.50_60.60_60.70_60.80_60.90_,30_19_128_79_69_,60.40_60.30_60.20_60.10_60.00_,43_51_26_52_101_
10:08:00,60.40,8,688,60.50_60.60_60.70_60.80_60.90_,30_19_120_79_69_,60.40_60.30_60.20_60.10_60.00_,35_41_26_52_101_
10:08:10,60.40,8,688,60.50_60.60_60.70_60.80_60.90_,30_19_120_79_69_,60.40_60.30_60.20_60.10_60.00_,35_41_26_62_101_
10:08:15,60.50,1,689,60.50_60.60_60.70_60.80_60.90_,30_19_120_79_69_,60.40_60.30_60.20_60.10_60.00_,35_41_26_62_101_
10:10:18,60.50,1,719,60.50_60.60_60.70_60.80_60.90_,9_19_120_81_69_,60.40_60.30_60.20_60.10_60.00_,33_43_27_68_100_
10:10:54,60.50,1,720,60.50_60.60_60.70_60.80_60.90_,10_19_120_79_69_,60.40_60.30_60.20_60.10_60.00_,35_42_28_68_100_
10:12:06,60.50,1,724,60.50_60.60_60.70_60.80_60.90_,6_19_120_79_69_,60.40_60.30_60.20_60.10_60.00_,34_41_29_68_103_
10:12:11,60.40,1,725,60.50_60.60_60.70_60.80_60.90_,6_19_120_75_69_,60.40_60.30_60.20_60.10_60.00_,34_41_29_78_103_
10:12:16,60.40,1,725,60.50_60.60_60.70_60.80_60.90_,6_19_120_75_69_,60.40_60.30_60.20_60.10_60.00_,33_41_29_78_103_
10:12:26,60.40,1,725,60.50_60.60_60.70_60.80_60.90_,9_24_120_75_69_,60.40_60.30_60.20_60.10_60.00_,33_41_29_78_103_
10:12:31,60.50,1,726,60.50_60.60_60.70_60.80_60.90_,8_24_120_75_69_,60.40_60.30_60.20_60.10_60.00_,33_41_29_78_103_
10:14:03,60.50,1,740,60.50_60.60_60.70_60.80_60.90_,3_24_129_75_69_,60.40_60.30_60.20_60.10_60.00_,43_41_29_78_104_
10:14:19,60.60,1,744,60.60_60.70_60.80_60.90_61.00_,23_123_75_56_44_,60.50_60.40_60.30_60.20_60.10_,15_32_41_29_92_
10:15:15,60.60,1,746,60.60_60.70_60.80_60.90_61.00_,26_130_78_57_44_,60.50_60.40_60.30_60.20_60.10_,18_30_41_29_93_
10:15:31,60.60,1,746,60.60_60.70_60.80_60.90_61.00_,26_130_78_57_44_,60.50_60.40_60.30_60.20_60.10_,19_30_41_29_93_
10:15:56,60.60,1,747,60.60_60.70_60.80_60.90_61.00_,28_130_93_55_44_,60.50_60.40_60.30_60.20_60.10_,18_30_41_29_93_
10:16:07,60.60,1,747,60.60_60.70_60.80_60.90_61.00_,28_130_78_70_44_,60.50_60.40_60.30_60.20_60.10_,18_30_41_29_93_
10:17:29,60.60,1,750,60.60_60.70_60.80_60.90_61.00_,25_134_78_70_44_,60.50_60.40_60.30_60.20_60.10_,22_30_41_29_93_
10:19:21,60.60,1,758,60.60_60.70_60.80_60.90_61.00_,31_126_78_74_44_,60.50_60.40_60.30_60.20_60.10_,25_31_41_29_92_
10:19:26,60.60,1,759,60.60_60.70_60.80_60.90_61.00_,30_126_78_74_44_,60.50_60.40_60.30_60.20_60.10_,25_31_41_29_92_
10:19:37,60.60,1,759,60.60_60.70_60.80_60.90_61.00_,30_126_78_74_44_,60.50_60.40_60.30_60.20_60.10_,26_31_41_29_92_
10:20:28,60.60,1,763,60.60_60.70_60.80_60.90_61.00_,34_125_75_71_44_,60.50_60.40_60.30_60.20_60.10_,26_31_41_29_92_
10:20:59,60.60,1,764,60.60_60.70_60.80_60.90_61.00_,34_125_75_71_44_,60.50_60.40_60.30_60.20_60.10_,26_31_41_29_92_
10:21:40,60.60,1,772,60.60_60.70_60.80_60.90_61.00_,32_125_75_71_44_,60.50_60.40_60.30_60.20_60.10_,48_37_41_29_85_
10:21:45,60.60,1,772,60.60_60.70_60.80_60.90_61.00_,30_125_75_71_44_,60.50_60.40_60.30_60.20_60.10_,49_37_41_30_85_
10:21:50,60.50,4,776,60.60_60.70_60.80_60.90_61.00_,30_118_75_71_51_,60.50_60.40_60.30_60.20_60.10_,46_37_41_30_85_
10:22:00,60.50,4,776,60.60_60.70_60.80_60.90_61.00_,34_122_77_71_51_,60.50_60.40_60.30_60.20_60.10_,45_37_41_30_85_
10:23:01,60.50,1,779,60.60_60.70_60.80_60.90_61.00_,33_122_85_71_51_,60.50_60.40_60.30_60.20_60.10_,47_37_41_30_85_
10:23:12,60.60,1,780,60.60_60.70_60.80_60.90_61.00_,32_122_85_71_51_,60.50_60.40_60.30_60.20_60.10_,47_37_41_30_85_
10:23:17,60.60,1,780,60.60_60.70_60.80_60.90_61.00_,32_122_85_71_51_,60.50_60.40_60.30_60.20_60.10_,47_37_41_30_86_
10:23:58,60.60,1,785,60.60_60.70_60.80_60.90_61.00_,30_129_83_71_44_,60.50_60.40_60.30_60.20_60.10_,47_37_41_30_86_
10:24:23,60.60,1,785,60.60_60.70_60.80_60.90_61.00_,30_130_83_71_44_,60.50_60.40_60.30_60.20_60.10_,47_37_41_30_86_
10:24:34,60.60,1,786,60.60_60.70_60.80_60.90_61.00_,30_130_83_71_44_,60.50_60.40_60.30_60.20_60.10_,48_37_41_31_86_
10:24:39,60.60,1,786,60.60_60.70_60.80_60.90_61.00_,30_130_83_71_44_,60.50_60.40_60.30_60.20_60.10_,50_37_41_31_86_
10:25:30,60.60,6,794,60.60_60.70_60.80_60.90_61.00_,21_123_83_71_52_,60.50_60.40_60.30_60.20_60.10_,49_37_41_31_86_
10:27:07,60.60,1,803,60.60_60.70_60.80_60.90_61.00_,40_126_75_73_45_,60.50_60.40_60.30_60.20_60.10_,46_42_41_31_86_
10:27:38,60.60,1,804,60.60_60.70_60.80_60.90_61.00_,40_126_75_74_45_,60.50_60.40_60.30_60.20_60.10_,46_42_41_31_86_
10:28:35,60.60,1,809,60.60_60.70_60.80_60.90_61.00_,39_116_75_74_52_,60.50_60.40_60.30_60.20_60.10_,46_42_41_31_86_
10:29:51,60.60,1,854,60.60_60.70_60.80_60.90_61.00_,44_123_75_72_45_,60.50_60.40_60.30_60.20_60.10_,11_24_41_31_93_
10:29:56,60.60,1,854,60.60_60.70_60.80_60.90_61.00_,44_123_75_72_45_,60.50_60.40_60.30_60.20_60.10_,22_24_41_31_93_
10:30:02,60.60,1,854,60.60_60.70_60.80_60.90_61.00_,44_123_75_72_45_,60.50_60.40_60.30_60.20_60.10_,24_31_41_31_86_
10:30:07,60.60,1,854,60.60_60.70_60.80_60.90_61.00_,44_116_75_72_52_,60.50_60.40_60.30_60.20_60.10_,26_31_41_31_86_
10:30:17,60.50,1,855,60.60_60.70_60.80_60.90_61.00_,45_116_68_71_52_,60.50_60.40_60.30_60.20_60.10_,32_31_41_24_86_
10:30:27,60.60,1,856,60.60_60.70_60.80_60.90_61.00_,44_117_75_71_52_,60.50_60.40_60.30_60.20_60.10_,32_31_41_24_86_
10:30:43,60.60,1,857,60.60_60.70_60.80_60.90_61.00_,43_117_75_71_52_,60.50_60.40_60.30_60.20_60.10_,32_31_41_24_86_
10:30:58,60.50,4,861,60.60_60.70_60.80_60.90_61.00_,43_117_75_73_52_,60.50_60.40_60.30_60.20_60.10_,28_31_41_24_86_
10:31:13,60.60,1,862,60.60_60.70_60.80_60.90_61.00_,46_117_75_73_52_,60.50_60.40_60.30_60.20_60.10_,33_31_41_24_86_
10:33:06,60.60,1,866,60.60_60.70_60.80_60.90_61.00_,44_117_75_71_52_,60.50_60.40_60.30_60.20_60.10_,41_31_42_24_87_
10:33:42,60.60,1,868,60.60_60.70_60.80_60.90_61.00_,43_116_75_71_52_,60.50_60.40_60.30_60.20_60.10_,36_31_42_31_87_
10:34:28,60.60,1,870,60.60_60.70_60.80_60.90_61.00_,42_126_75_71_52_,60.50_60.40_60.30_60.20_60.10_,37_31_42_32_88_
10:34:38,60.60,2,873,60.60_60.70_60.80_60.90_61.00_,39_126_75_71_52_,60.50_60.40_60.30_60.20_60.10_,37_31_42_32_87_
10:34:54,60.60,1,878,60.60_60.70_60.80_60.90_61.00_,36_126_75_71_52_,60.50_60.40_60.30_60.20_60.10_,39_31_42_32_87_
10:34:59,60.60,1,878,60.60_60.70_60.80_60.90_61.00_,36_126_77_71_52_,60.50_60.40_60.30_60.20_60.10_,37_31_42_32_87_
10:35:29,60.60,5,883,60.60_60.70_60.80_60.90_61.00_,31_126_77_71_52_,60.50_60.40_60.30_60.20_60.10_,37_32_42_32_87_
10:35:40,60.60,1,884,60.60_60.70_60.80_60.90_61.00_,40_116_77_71_53_,60.50_60.40_60.30_60.20_60.10_,37_32_43_32_87_
10:35:45,60.60,1,884,60.60_60.70_60.80_60.90_61.00_,42_116_75_71_53_,60.50_60.40_60.30_60.20_60.10_,37_32_43_32_87_
10:35:50,60.60,1,884,60.60_60.70_60.80_60.90_61.00_,46_116_75_71_53_,60.50_60.40_60.30_60.20_60.10_,37_32_43_32_87_
10:36:11,60.60,1,884,60.60_60.70_60.80_60.90_61.00_,46_116_75_69_53_,60.50_60.40_60.30_60.20_60.10_,37_32_43_32_87_
10:36:21,60.60,1,885,60.60_60.70_60.80_60.90_61.00_,45_116_75_69_53_,60.50_60.40_60.30_60.20_60.10_,37_32_43_32_87_
10:36:41,60.60,1,894,60.60_60.70_60.80_60.90_61.00_,36_116_75_69_53_,60.50_60.40_60.30_60.20_60.10_,37_32_43_32_87_
10:37:07,60.60,1,896,60.60_60.70_60.80_60.90_61.00_,36_116_75_69_53_,60.50_60.40_60.30_60.20_60.10_,37_33_42_32_87_
10:38:39,60.60,1,904,60.60_60.70_60.80_60.90_61.00_,33_116_75_71_53_,60.50_60.40_60.30_60.20_60.10_,33_32_42_32_87_
10:39:15,60.60,1,906,60.60_60.70_60.80_60.90_61.00_,31_116_75_71_53_,60.50_60.40_60.30_60.20_60.10_,32_32_42_32_87_
10:39:46,60.60,2,908,60.60_60.70_60.80_60.90_61.00_,32_116_75_69_53_,60.50_60.40_60.30_60.20_60.10_,34_32_42_32_87_
10:40:01,60.60,1,909,60.60_60.70_60.80_60.90_61.00_,31_116_75_69_53_,60.50_60.40_60.30_60.20_60.10_,34_32_42_32_87_
10:40:32,60.60,4,914,60.60_60.70_60.80_60.90_61.00_,27_116_75_69_53_,60.50_60.40_60.30_60.20_60.10_,36_32_42_32_87_
10:41:28,60.60,1,916,60.60_60.70_60.80_60.90_61.00_,27_116_75_69_53_,60.50_60.40_60.30_60.20_60.10_,36_33_42_31_87_
10:41:48,60.50,4,920,60.60_60.70_60.80_60.90_61.00_,25_116_75_69_53_,60.50_60.40_60.30_60.20_60.10_,32_33_42_31_87_
10:43:05,60.60,1,924,60.60_60.70_60.80_60.90_61.00_,22_116_75_71_53_,60.50_60.40_60.30_60.20_60.10_,34_33_43_30_87_
10:43:10,60.60,1,924,60.60_60.70_60.80_60.90_61.00_,22_116_75_71_53_,60.50_60.40_60.30_60.20_60.10_,37_33_43_30_87_
10:43:26,60.60,1,924,60.60_60.70_60.80_60.90_61.00_,22_117_75_71_53_,60.50_60.40_60.30_60.20_60.10_,37_33_43_30_87_
10:43:31,60.60,1,925,60.60_60.70_60.80_60.90_61.00_,21_117_75_71_53_,60.50_60.40_60.30_60.20_60.10_,37_33_43_30_87_
10:44:28,60.50,1,933,60.60_60.70_60.80_60.90_61.00_,30_121_75_69_54_,60.50_60.40_60.30_60.20_60.10_,40_33_43_30_87_
10:46:10,60.50,4,946,60.60_60.70_60.80_60.90_61.00_,39_128_77_69_46_,60.50_60.40_60.30_60.20_60.10_,35_33_43_30_87_
10:46:20,60.60,1,947,60.60_60.70_60.80_60.90_61.00_,38_128_77_69_46_,60.50_60.40_60.30_60.20_60.10_,34_33_43_30_87_
10:46:30,60.60,1,947,60.60_60.70_60.80_60.90_61.00_,39_128_77_69_46_,60.50_60.40_60.30_60.20_60.10_,34_33_43_30_87_
10:46:36,60.60,1,948,60.60_60.70_60.80_60.90_61.00_,38_128_77_69_46_,60.50_60.40_60.30_60.20_60.10_,34_33_43_30_87_
10:46:41,60.60,1,948,60.60_60.70_60.80_60.90_61.00_,38_128_77_69_46_,60.50_60.40_60.30_60.20_60.10_,35_33_43_30_87_
10:46:46,60.60,1,948,60.60_60.70_60.80_60.90_61.00_,40_128_75_69_46_,60.50_60.40_60.30_60.20_60.10_,34_33_43_30_87_
10:46:56,60.50,1,949,60.60_60.70_60.80_60.90_61.00_,39_128_75_69_46_,60.50_60.40_60.30_60.20_60.10_,33_33_43_30_87_
10:47:06,60.60,2,951,60.60_60.70_60.80_60.90_61.00_,37_128_75_69_46_,60.50_60.40_60.30_60.20_60.10_,34_33_43_30_87_
10:47:47,60.60,1,953,60.60_60.70_60.80_60.90_61.00_,36_128_75_69_46_,60.50_60.40_60.30_60.20_60.10_,32_33_43_30_87_
10:47:52,60.60,1,953,60.60_60.70_60.80_60.90_61.00_,36_128_75_69_46_,60.50_60.40_60.30_60.20_60.10_,33_33_43_30_87_
10:48:44,60.60,5,964,60.60_60.70_60.80_60.90_61.00_,30_128_75_69_46_,60.50_60.40_60.30_60.20_60.10_,33_33_43_30_87_
10:48:49,60.50,4,968,60.60_60.70_60.80_60.90_61.00_,28_128_75_69_46_,60.50_60.40_60.30_60.20_60.10_,31_33_43_30_87_
10:50:52,60.40,1,1013,60.50_60.60_60.70_60.80_60.90_,15_44_126_82_76_,60.40_60.30_60.20_60.10_60.00_,25_43_30_80_104_
10:51:07,60.50,2,1016,60.50_60.60_60.70_60.80_60.90_,13_44_126_82_76_,60.40_60.30_60.20_60.10_60.00_,25_43_30_80_104_
10:51:12,60.50,2,1016,60.50_60.60_60.70_60.80_60.90_,22_35_126_82_76_,60.40_60.30_60.20_60.10_60.00_,25_43_30_80_104_
10:53:51,60.50,2,1030,60.50_60.60_60.70_60.80_60.90_,16_31_126_82_83_,60.40_60.30_60.20_60.10_60.00_,49_40_30_76_104_
10:53:56,60.50,1,1031,60.50_60.60_60.70_60.80_60.90_,16_31_126_82_83_,60.40_60.30_60.20_60.10_60.00_,49_40_30_76_104_
10:54:06,60.50,1,1031,60.50_60.60_60.70_60.80_60.90_,18_38_126_82_76_,60.40_60.30_60.20_60.10_60.00_,50_40_30_76_104_
10:54:47,60.50,2,1033,60.50_60.60_60.70_60.80_60.90_,22_38_135_82_76_,60.40_60.30_60.20_60.10_60.00_,50_40_30_76_104_
10:55:44,60.40,1,1040,60.50_60.60_60.70_60.80_60.90_,14_40_135_82_76_,60.40_60.30_60.20_60.10_60.00_,51_40_30_76_104_
10:56:10,60.50,1,1043,60.50_60.60_60.70_60.80_60.90_,11_41_135_82_76_,60.40_60.30_60.20_60.10_60.00_,51_40_30_76_104_
10:58:02,60.50,1,1056,60.50_60.60_60.70_60.80_60.90_,15_34_126_82_83_,60.40_60.30_60.20_60.10_60.00_,45_40_30_76_105_
10:59:04,60.50,1,1061,60.50_60.60_60.70_60.80_60.90_,5_40_126_82_83_,60.40_60.30_60.20_60.10_60.00_,47_40_30_76_105_
10:59:50,60.30,2,1112,60.40_60.50_60.60_60.70_60.80_,11_6_46_127_95_,60.30_60.20_60.10_60.00_59.90_,32_31_76_98_15_
11:00:00,60.40,1,1115,60.40_60.50_60.60_60.70_60.80_,16_4_40_127_95_,60.30_60.20_60.10_60.00_59.90_,32_31_76_98_15_
11:00:05,60.40,1,1116,60.40_60.50_60.60_60.70_60.80_,15_4_40_127_95_,60.30_60.20_60.10_60.00_59.90_,32_31_76_98_15_
11:00:21,60.40,1,1117,60.40_60.50_60.60_60.70_60.80_,14_4_40_127_95_,60.30_60.20_60.10_60.00_59.90_,36_31_76_98_15_
11:00:26,60.40,1,1117,60.40_60.50_60.60_60.70_60.80_,14_4_50_117_95_,60.30_60.20_60.10_60.00_59.90_,36_31_76_98_15_
11:02:14,60.40,5,1135,60.50_60.60_60.70_60.80_60.90_,5_50_117_95_62_,60.40_60.30_60.20_60.10_60.00_,5_38_32_76_98_
11:02:24,60.40,5,1135,60.50_60.60_60.70_60.80_60.90_,5_50_119_82_75_,60.40_60.30_60.20_60.10_60.00_,16_39_32_76_104_
11:02:34,60.40,5,1135,60.50_60.60_60.70_60.80_60.90_,5_50_119_82_75_,60.40_60.30_60.20_60.10_60.00_,17_39_32_76_104_
11:02:39,60.50,1,1136,60.50_60.60_60.70_60.80_60.90_,6_50_119_82_75_,60.40_60.30_60.20_60.10_60.00_,17_39_32_76_104_
11:02:44,60.50,1,1137,60.50_60.60_60.70_60.80_60.90_,5_50_119_82_75_,60.40_60.30_60.20_60.10_60.00_,17_39_32_76_104_
11:02:55,60.50,1,1137,60.50_60.60_60.70_60.80_60.90_,5_58_119_82_75_,60.40_60.30_60.20_60.10_60.00_,17_39_32_76_104_
11:03:25,60.50,1,1140,60.50_60.60_60.70_60.80_60.90_,3_58_119_82_75_,60.40_60.30_60.20_60.10_60.00_,18_39_32_76_104_
11:03:46,60.50,1,1140,60.50_60.60_60.70_60.80_60.90_,5_58_117_82_75_,60.40_60.30_60.20_60.10_60.00_,18_39_32_76_104_
11:05:13,60.60,1,1149,60.60_60.70_60.80_60.90_61.00_,50_125_84_69_43_,60.50_60.40_60.30_60.20_60.10_,16_8_39_32_89_
11:05:18,60.60,1,1149,60.60_60.70_60.80_60.90_61.00_,50_125_84_69_43_,60.50_60.40_60.30_60.20_60.10_,16_5_39_32_89_
11:05:23,60.60,1,1150,60.60_60.70_60.80_60.90_61.00_,49_125_84_69_43_,60.50_60.40_60.30_60.20_60.10_,17_6_39_32_89_
11:05:34,60.60,2,1152,60.60_60.70_60.80_60.90_61.00_,47_125_84_69_43_,60.50_60.40_60.30_60.20_60.10_,16_6_39_32_89_
11:07:31,60.60,2,1162,60.60_60.70_60.80_60.90_61.00_,63_96_82_70_43_,60.50_60.40_60.30_60.20_60.10_,20_14_39_32_77_
11:07:42,60.60,2,1162,60.60_60.70_60.80_60.90_61.00_,63_96_82_70_43_,60.50_60.40_60.30_60.20_60.10_,21_14_39_32_77_
11:08:28,60.50,1,1181,60.60_60.70_60.80_60.90_61.00_,61_92_84_70_43_,60.50_60.40_60.30_60.20_60.10_,5_7_39_33_84_
11:08:59,60.60,2,1184,60.60_60.70_60.80_60.90_61.00_,68_104_82_70_43_,60.50_60.40_60.30_60.20_60.10_,7_7_39_33_84_
11:09:55,60.50,1,1187,60.60_60.70_60.80_60.90_61.00_,72_100_82_70_43_,60.50_60.40_60.30_60.20_60.10_,6_7_39_33_84_
11:10:05,60.60,3,1190,60.60_60.70_60.80_60.90_61.00_,69_100_82_70_43_,60.50_60.40_60.30_60.20_60.10_,6_7_39_33_84_
11:11:12,60.60,1,1196,60.60_60.70_60.80_60.90_61.00_,63_100_82_72_43_,60.50_60.40_60.30_60.20_60.10_,5_8_39_32_84_
11:11:32,60.60,1,1199,60.60_60.70_60.80_60.90_61.00_,61_100_82_72_43_,60.50_60.40_60.30_60.20_60.10_,7_8_40_31_84_
11:12:03,60.60,1,1200,60.60_60.70_60.80_60.90_61.00_,60_100_82_72_43_,60.50_60.40_60.30_60.20_60.10_,7_8_40_31_84_
11:12:08,60.60,1,1200,60.60_60.70_60.80_60.90_61.00_,60_100_82_72_43_,60.50_60.40_60.30_60.20_60.10_,9_8_40_31_84_
11:12:18,60.60,1,1201,60.60_60.70_60.80_60.90_61.00_,59_100_82_72_43_,60.50_60.40_60.30_60.20_60.10_,9_8_40_31_84_
11:12:23,60.60,2,1203,60.60_60.70_60.80_60.90_61.00_,57_100_82_72_43_,60.50_60.40_60.30_60.20_60.10_,7_8_40_31_84_
11:12:28,60.60,2,1203,60.60_60.70_60.80_60.90_61.00_,58_100_82_72_43_,60.50_60.40_60.30_60.20_60.10_,8_8_40_31_84_
11:12:34,60.60,2,1203,60.60_60.70_60.80_60.90_61.00_,63_100_82_72_43_,60.50_60.40_60.30_60.20_60.10_,8_15_40_31_77_
11:12:44,60.60,2,1203,60.60_60.70_60.80_60.90_61.00_,64_100_82_72_43_,60.50_60.40_60.30_60.20_60.10_,8_15_40_31_77_
11:13:30,60.50,1,1208,60.60_60.70_60.80_60.90_61.00_,64_99_90_70_43_,60.50_60.40_60.30_60.20_60.10_,7_14_40_31_77_
11:13:40,60.50,1,1208,60.60_60.70_60.80_60.90_61.00_,68_99_90_70_43_,60.50_60.40_60.30_60.20_60.10_,7_14_40_31_77_
11:13:45,60.60,1,1209,60.60_60.70_60.80_60.90_61.00_,67_99_90_70_43_,60.50_60.40_60.30_60.20_60.10_,7_14_40_31_77_
11:14:16,60.60,2,1211,60.60_60.70_60.80_60.90_61.00_,65_104_90_70_43_,60.50_60.40_60.30_60.20_60.10_,7_7_40_31_84_
11:14:32,60.60,1,1212,60.60_60.70_60.80_60.90_61.00_,64_104_90_70_43_,60.50_60.40_60.30_60.20_60.10_,7_7_40_31_84_
11:17:31,60.60,2,1230,60.60_60.70_60.80_60.90_61.00_,57_105_83_71_50_,60.50_60.40_60.30_60.20_60.10_,25_7_55_41_84_
11:17:36,60.60,2,1230,60.60_60.70_60.80_60.90_61.00_,57_105_83_71_50_,60.50_60.40_60.30_60.20_60.10_,25_7_55_41_94_
11:18:22,60.60,2,1236,60.60_60.70_60.80_60.90_61.00_,60_105_75_71_50_,60.50_60.40_60.30_60.20_60.10_,25_7_55_41_94_
11:18:27,60.60,2,1236,60.60_60.70_60.80_60.90_61.00_,60_105_75_71_50_,60.50_60.40_60.30_60.20_60.10_,26_7_55_41_94_
11:18:32,60.60,2,1236,60.60_60.70_60.80_60.90_61.00_,60_105_75_71_50_,60.50_60.40_60.30_60.20_60.10_,27_7_55_41_94_
11:18:43,60.60,1,1237,60.60_60.70_60.80_60.90_61.00_,58_105_75_71_50_,60.50_60.40_60.30_60.20_60.10_,29_7_55_41_94_
11:19:59,60.60,1,1246,60.60_60.70_60.80_60.90_61.00_,56_104_75_71_50_,60.50_60.40_60.30_60.20_60.10_,26_7_55_41_94_
11:20:45,60.50,1,1254,60.60_60.70_60.80_60.90_61.00_,50_104_75_70_50_,60.50_60.40_60.30_60.20_60.10_,27_7_55_41_94_
11:21:06,60.60,1,1257,60.60_60.70_60.80_60.90_61.00_,47_104_75_70_50_,60.50_60.40_60.30_60.20_60.10_,27_8_56_42_94_
11:21:37,60.60,1,1283,60.60_60.70_60.80_60.90_61.00_,22_104_75_70_50_,60.50_60.40_60.30_60.20_60.10_,27_15_56_42_87_
11:22:07,60.60,4,1291,60.60_60.70_60.80_60.90_61.00_,17_60_75_72_50_,60.50_60.40_60.30_60.20_60.10_,24_15_56_42_87_
11:23:24,60.60,2,1306,60.60_60.70_60.80_60.90_61.00_,4_63_83_72_50_,60.50_60.40_60.30_60.20_60.10_,27_15_56_42_87_
11:23:40,60.60,2,1308,60.60_60.70_60.80_60.90_61.00_,2_75_83_72_50_,60.50_60.40_60.30_60.20_60.10_,28_15_56_42_87_
11:23:45,60.60,2,1308,60.60_60.70_60.80_60.90_61.00_,4_75_83_70_50_,60.50_60.40_60.30_60.20_60.10_,28_15_56_42_87_
11:23:50,60.60,2,1308,60.60_60.70_60.80_60.90_61.00_,4_75_83_70_50_,60.50_60.40_60.30_60.20_60.10_,29_15_56_42_87_
11:24:00,60.60,2,1310,60.60_60.70_60.80_60.90_61.00_,2_75_83_70_50_,60.50_60.40_60.30_60.20_60.10_,30_14_56_42_87_
11:24:26,60.70,2,1315,60.70_60.80_60.90_61.00_61.10_,67_83_72_44_32_,60.60_60.50_60.40_60.30_60.20_,13_20_14_55_55_
11:26:39,60.70,2,1329,60.70_60.80_60.90_61.00_61.10_,64_83_70_57_45_,60.60_60.50_60.40_60.30_60.20_,15_12_14_55_55_
11:26:44,60.70,2,1329,60.70_60.80_60.90_61.00_61.10_,64_83_70_57_45_,60.60_60.50_60.40_60.30_60.20_,16_10_14_55_55_
11:26:55,60.70,1,1330,60.70_60.80_60.90_61.00_61.10_,63_83_70_57_45_,60.60_60.50_60.40_60.30_60.20_,16_10_14_55_55_
11:27:51,60.70,4,1335,60.70_60.80_60.90_61.00_61.10_,60_83_70_61_43_,60.60_60.50_60.40_60.30_60.20_,16_18_14_55_48_
11:31:21,60.70,1,1351,60.70_60.80_60.90_61.00_61.10_,61_76_70_60_43_,60.60_60.50_60.40_60.30_60.20_,18_17_14_55_48_
11:32:27,60.70,1,1360,60.70_60.80_60.90_61.00_61.10_,56_76_70_60_45_,60.60_60.50_60.40_60.30_60.20_,13_18_14_55_48_
11:33:03,60.60,1,1362,60.70_60.80_60.90_61.00_61.10_,66_66_70_62_43_,60.60_60.50_60.40_60.30_60.20_,14_18_14_55_48_
11:33:14,60.70,2,1364,60.70_60.80_60.90_61.00_61.10_,65_66_70_62_43_,60.60_60.50_60.40_60.30_60.20_,14_18_14_55_48_
11:35:11,60.70,1,1372,60.70_60.80_60.90_61.00_61.10_,67_65_77_60_43_,60.60_60.50_60.40_60.30_60.20_,17_18_14_55_48_
11:35:17,60.60,1,1373,60.70_60.80_60.90_61.00_61.10_,66_65_77_60_43_,60.60_60.50_60.40_60.30_60.20_,16_18_14_55_48_
11:35:32,60.60,2,1375,60.70_60.80_60.90_61.00_61.10_,66_65_77_58_45_,60.60_60.50_60.40_60.30_60.20_,15_18_14_55_48_
11:36:13,60.60,4,1393,60.60_60.70_60.80_60.90_61.00_,10_63_65_77_71_,60.50_60.40_60.30_60.20_60.10_,15_14_55_41_88_
11:36:34,60.60,1,1394,60.60_60.70_60.80_60.90_61.00_,43_54_65_77_71_,60.50_60.40_60.30_60.20_60.10_,16_14_55_41_88_
11:36:44,60.60,1,1394,60.60_60.70_60.80_60.90_61.00_,59_54_65_77_71_,60.50_60.40_60.30_60.20_60.10_,16_14_55_41_88_
11:36:49,60.50,2,1396,60.60_60.70_60.80_60.90_61.00_,59_54_65_77_71_,60.50_60.40_60.30_60.20_60.10_,15_14_55_41_88_
11:38:26,60.50,2,1423,60.50_60.60_60.70_60.80_60.90_,6_43_76_65_83_,60.40_60.30_60.20_60.10_60.00_,10_56_41_81_105_
11:38:37,60.50,2,1425,60.50_60.60_60.70_60.80_60.90_,15_36_76_65_83_,60.40_60.30_60.20_60.10_60.00_,10_56_41_80_105_
11:39:33,60.40,1,1429,60.50_60.60_60.70_60.80_60.90_,30_21_76_65_83_,60.40_60.30_60.20_60.10_60.00_,18_56_41_80_105_
11:39:59,60.50,1,1432,60.50_60.60_60.70_60.80_60.90_,28_21_76_65_83_,60.40_60.30_60.20_60.10_60.00_,18_56_41_80_105_
11:40:09,60.50,1,1433,60.50_60.60_60.70_60.80_60.90_,27_21_76_65_83_,60.40_60.30_60.20_60.10_60.00_,18_56_41_80_105_
11:40:14,60.50,1,1433,60.50_60.60_60.70_60.80_60.90_,28_21_76_65_83_,60.40_60.30_60.20_60.10_60.00_,19_56_41_80_105_
11:40:29,60.40,12,1445,60.50_60.60_60.70_60.80_60.90_,29_20_76_65_83_,60.40_60.30_60.20_60.10_60.00_,7_56_41_80_105_
11:41:15,60.50,2,1455,60.50_60.60_60.70_60.80_60.90_,26_44_78_65_83_,60.40_60.30_60.20_60.10_60.00_,3_56_41_81_105_
11:41:21,60.50,1,1456,60.50_60.60_60.70_60.80_60.90_,23_46_78_65_83_,60.40_60.30_60.20_60.10_60.00_,3_56_41_81_105_
11:41:31,60.50,1,1456,60.50_60.60_60.70_60.80_60.90_,24_46_78_65_83_,60.40_60.30_60.20_60.10_60.00_,3_56_41_81_105_
11:41:46,60.50,1,1457,60.50_60.60_60.70_60.80_60.90_,25_46_84_65_83_,60.40_60.30_60.20_60.10_60.00_,4_56_41_81_105_
11:43:08,60.50,1,1466,60.50_60.60_60.70_60.80_60.90_,30_59_84_65_83_,60.40_60.30_60.20_60.10_60.00_,5_55_42_81_106_
11:43:49,60.40,4,1470,60.50_60.60_60.70_60.80_60.90_,29_67_84_65_76_,60.40_60.30_60.20_60.10_60.00_,6_55_42_81_106_
11:43:59,60.50,3,1473,60.50_60.60_60.70_60.80_60.90_,32_67_84_67_76_,60.40_60.30_60.20_60.10_60.00_,7_55_42_81_106_
11:44:40,60.50,1,1475,60.50_60.60_60.70_60.80_60.90_,39_67_84_67_76_,60.40_60.30_60.20_60.10_60.00_,9_55_42_81_107_
11:45:21,60.50,2,1479,60.50_60.60_60.70_60.80_60.90_,44_80_84_67_76_,60.40_60.30_60.20_60.10_60.00_,9_55_42_81_107_
11:45:57,60.50,2,1481,60.50_60.60_60.70_60.80_60.90_,45_80_84_65_76_,60.40_60.30_60.20_60.10_60.00_,9_56_42_84_107_
11:46:13,60.50,2,1481,60.50_60.60_60.70_60.80_60.90_,46_80_84_65_76_,60.40_60.30_60.20_60.10_60.00_,9_56_42_84_107_
11:46:18,60.40,1,1482,60.50_60.60_60.70_60.80_60.90_,45_80_84_65_76_,60.40_60.30_60.20_60.10_60.00_,10_56_42_84_107_
11:46:38,60.50,1,1483,60.50_60.60_60.70_60.80_60.90_,44_80_84_65_76_,60.40_60.30_60.20_60.10_60.00_,10_56_42_84_107_
11:46:43,60.50,3,1486,60.50_60.60_60.70_60.80_60.90_,41_80_84_65_76_,60.40_60.30_60.20_60.10_60.00_,9_56_42_84_107_
11:46:59,60.50,3,1486,60.50_60.60_60.70_60.80_60.90_,50_80_76_65_76_,60.40_60.30_60.20_60.10_60.00_,9_56_42_84_107_
11:47:04,60.50,3,1486,60.50_60.60_60.70_60.80_60.90_,50_80_76_65_76_,60.40_60.30_60.20_60.10_60.00_,10_56_42_84_107_
11:48:10,60.50,1,1495,60.50_60.60_60.70_60.80_60.90_,45_72_76_67_82_,60.40_60.30_60.20_60.10_60.00_,6_56_42_84_107_
11:49:27,60.50,2,1501,60.50_60.60_60.70_60.80_60.90_,42_72_76_68_81_,60.40_60.30_60.20_60.10_60.00_,10_57_43_84_107_
11:49:43,60.50,1,1502,60.50_60.60_60.70_60.80_60.90_,53_76_80_67_82_,60.40_60.30_60.20_60.10_60.00_,11_57_43_84_107_
11:51:10,60.50,1,1508,60.50_60.60_60.70_60.80_60.90_,53_92_96_66_75_,60.40_60.30_60.20_60.10_60.00_,11_56_43_84_107_
11:51:40,60.50,1,1509,60.50_60.60_60.70_60.80_60.90_,52_92_96_66_75_,60.40_60.30_60.20_60.10_60.00_,11_56_43_84_107_
11:53:49,60.50,1,1530,60.50_60.60_60.70_60.80_60.90_,48_92_96_65_75_,60.40_60.30_60.20_60.10_60.00_,3_66_43_84_107_
11:53:54,60.50,1,1530,60.50_60.60_60.70_60.80_60.90_,48_92_96_65_75_,60.40_60.30_60.20_60.10_60.00_,3_66_43_84_106_
11:54:04,60.50,1,1531,60.50_60.60_60.70_60.80_60.90_,47_92_96_65_75_,60.40_60.30_60.20_60.10_60.00_,3_71_43_84_106_
11:54:30,60.50,1,1531,60.50_60.60_60.70_60.80_60.90_,48_91_96_65_75_,60.40_60.30_60.20_60.10_60.00_,3_71_43_84_106_
11:54:35,60.50,1,1532,60.50_60.60_60.70_60.80_60.90_,48_91_96_65_75_,60.40_60.30_60.20_60.10_60.00_,3_71_43_84_106_
11:54:50,60.40,3,1538,60.40_60.50_60.60_60.70_60.80_,2_42_93_96_76_,60.30_60.20_60.10_60.00_59.90_,74_44_84_92_18_
11:56:12,60.40,2,1542,60.40_60.50_60.60_60.70_60.80_,24_24_91_88_76_,60.30_60.20_60.10_60.00_59.90_,68_44_81_99_18_
11:56:23,60.40,1,1543,60.40_60.50_60.60_60.70_60.80_,24_24_91_88_76_,60.30_60.20_60.10_60.00_59.90_,69_44_81_99_18_
11:56:33,60.40,1,1543,60.40_60.50_60.60_60.70_60.80_,24_24_91_88_76_,60.30_60.20_60.10_60.00_59.90_,69_43_81_99_18_
11:56:38,60.40,1,1543,60.40_60.50_60.60_60.70_60.80_,24_24_91_88_76_,60.30_60.20_60.10_60.00_59.90_,68_43_81_99_18_
11:56:43,60.40,1,1543,60.40_60.50_60.60_60.70_60.80_,24_24_91_88_76_,60.30_60.20_60.10_60.00_59.90_,68_50_81_99_18_
11:56:48,60.40,1,1544,60.40_60.50_60.60_60.70_60.80_,23_24_91_88_76_,60.30_60.20_60.10_60.00_59.90_,68_50_81_99_18_
11:56:58,60.40,1,1545,60.40_60.50_60.60_60.70_60.80_,26_24_91_88_76_,60.30_60.20_60.10_60.00_59.90_,68_50_81_99_18_
11:57:24,60.40,1,1546,60.40_60.50_60.60_60.70_60.80_,26_25_91_88_76_,60.30_60.20_60.10_60.00_59.90_,68_50_80_99_18_
11:58:46,60.30,1,1634,60.30_60.40_60.50_60.60_60.70_,14_16_63_91_99_,60.20_60.10_60.00_59.90_59.80_,28_79_99_9_29_
11:59:02,60.20,1,1638,60.30_60.40_60.50_60.60_60.70_,18_8_63_91_99_,60.20_60.10_60.00_59.90_59.80_,29_79_99_9_29_
11:59:47,60.30,1,1641,60.30_60.40_60.50_60.60_60.70_,17_8_61_91_99_,60.20_60.10_60.00_59.90_59.80_,31_79_99_9_29_
11:59:58,60.30,3,1644,60.30_60.40_60.50_60.60_60.70_,14_8_61_91_99_,60.20_60.10_60.00_59.90_59.80_,34_79_99_9_29_
12:03:59,60.40,1,1672,60.40_60.50_60.60_60.70_60.80_,8_95_91_89_69_,60.30_60.20_60.10_60.00_59.90_,17_53_80_99_16_
12:04:19,60.40,3,1675,60.40_60.50_60.60_60.70_60.80_,5_95_91_89_69_,60.30_60.20_60.10_60.00_59.90_,17_53_80_99_16_
12:04:29,60.40,3,1675,60.40_60.50_60.60_60.70_60.80_,5_96_91_89_69_,60.30_60.20_60.10_60.00_59.90_,17_53_80_99_16_
12:04:40,60.40,3,1675,60.40_60.50_60.60_60.70_60.80_,6_96_91_89_69_,60.30_60.20_60.10_60.00_59.90_,17_53_80_100_16_
12:05:05,60.40,1,1676,60.40_60.50_60.60_60.70_60.80_,7_96_91_89_68_,60.30_60.20_60.10_60.00_59.90_,17_53_80_100_16_
12:05:41,60.40,2,1681,60.40_60.50_60.60_60.70_60.80_,3_96_91_89_68_,60.30_60.20_60.10_60.00_59.90_,19_53_79_100_16_
12:07:08,60.50,1,1691,60.50_60.60_60.70_60.80_60.90_,91_91_88_66_68_,60.40_60.30_60.20_60.10_60.00_,22_8_42_80_114_
12:07:13,60.50,1,1692,60.50_60.60_60.70_60.80_60.90_,90_91_88_66_68_,60.40_60.30_60.20_60.10_60.00_,24_8_42_80_114_
12:08:56,60.40,4,1700,60.50_60.60_60.70_60.80_60.90_,89_91_88_70_68_,60.40_60.30_60.20_60.10_60.00_,21_7_42_83_117_
12:09:16,60.40,1,1722,60.40_60.50_60.60_60.70_60.80_,6_87_93_89_77_,60.30_60.20_60.10_60.00_59.90_,11_43_83_103_16_
12:10:38,60.40,1,1727,60.40_60.50_60.60_60.70_60.80_,12_76_93_89_77_,60.30_60.20_60.10_60.00_59.90_,16_48_83_101_16_
12:11:45,60.40,3,1733,60.40_60.50_60.60_60.70_60.80_,10_77_91_89_77_,60.30_60.20_60.10_60.00_59.90_,22_48_83_101_16_
12:12:00,60.40,1,1734,60.40_60.50_60.60_60.70_60.80_,5_81_91_89_77_,60.30_60.20_60.10_60.00_59.90_,23_48_83_101_16_
12:16:37,60.50,2,1763,60.50_60.60_60.70_60.80_60.90_,70_91_96_68_68_,60.40_60.30_60.20_60.10_60.00_,7_17_50_81_108_
12:16:48,60.50,1,1764,60.50_60.60_60.70_60.80_60.90_,69_91_96_68_68_,60.40_60.30_60.20_60.10_60.00_,9_17_50_81_108_
12:19:26,60.50,60,1839,60.50_60.60_60.70_60.80_60.90_,9_92_88_70_68_,60.40_60.30_60.20_60.10_60.00_,14_18_50_81_108_
12:19:42,60.50,1,1840,60.50_60.60_60.70_60.80_60.90_,3_85_93_70_75_,60.40_60.30_60.20_60.10_60.00_,15_18_50_81_108_
12:21:55,60.60,11,1861,60.60_60.70_60.80_60.90_61.00_,73_93_67_66_62_,60.50_60.40_60.30_60.20_60.10_,34_10_18_51_88_
12:26:37,60.60,1,1887,60.60_60.70_60.80_60.90_61.00_,97_88_75_66_62_,60.50_60.40_60.30_60.20_60.10_,16_11_17_50_88_
12:27:03,60.60,1,1888,60.60_60.70_60.80_60.90_61.00_,96_88_75_66_62_,60.50_60.40_60.30_60.20_60.10_,17_12_17_50_88_
12:27:23,60.60,2,1890,60.60_60.70_60.80_60.90_61.00_,94_88_75_66_62_,60.50_60.40_60.30_60.20_60.10_,17_12_17_50_88_
12:27:34,60.50,2,1892,60.60_60.70_60.80_60.90_61.00_,96_88_75_66_62_,60.50_60.40_60.30_60.20_60.10_,15_12_17_50_88_
12:27:49,60.50,6,1898,60.60_60.70_60.80_60.90_61.00_,94_88_75_66_62_,60.50_60.40_60.30_60.20_60.10_,10_12_17_50_88_
12:29:16,60.50,2,1915,60.50_60.60_60.70_60.80_60.90_,20_75_93_69_75_,60.40_60.30_60.20_60.10_60.00_,10_18_50_81_109_
12:31:04,60.50,1,1920,60.50_60.60_60.70_60.80_60.90_,26_75_93_67_75_,60.40_60.30_60.20_60.10_60.00_,23_18_50_81_110_
12:31:09,60.50,1,1920,60.50_60.60_60.70_60.80_60.90_,26_75_93_67_75_,60.40_60.30_60.20_60.10_60.00_,22_18_50_81_110_
12:31:24,60.50,2,1922,60.50_60.60_60.70_60.80_60.90_,24_75_93_67_75_,60.40_60.30_60.20_60.10_60.00_,22_19_50_81_110_
12:31:29,60.50,1,1923,60.50_60.60_60.70_60.80_60.90_,23_75_93_67_75_,60.40_60.30_60.20_60.10_60.00_,22_19_50_81_110_
12:32:10,60.50,1,1927,60.50_60.60_60.70_60.80_60.90_,24_75_88_65_75_,60.40_60.30_60.20_60.10_60.00_,24_19_50_81_110_
12:32:21,60.50,1,1927,60.50_60.60_60.70_60.80_60.90_,28_75_88_65_75_,60.40_60.30_60.20_60.10_60.00_,24_19_50_81_110_
12:32:36,60.50,2,1929,60.50_60.60_60.70_60.80_60.90_,27_75_88_65_75_,60.40_60.30_60.20_60.10_60.00_,25_19_50_81_110_
12:33:53,60.50,1,1944,60.50_60.60_60.70_60.80_60.90_,15_75_98_67_75_,60.40_60.30_60.20_60.10_60.00_,40_17_50_81_110_
12:33:58,60.40,1,1945,60.50_60.60_60.70_60.80_60.90_,14_75_98_67_75_,60.40_60.30_60.20_60.10_60.00_,39_17_50_81_110_
12:34:08,60.50,2,1947,60.50_60.60_60.70_60.80_60.90_,13_75_98_67_75_,60.40_60.30_60.20_60.10_60.00_,39_17_50_81_110_
12:36:37,60.50,1,2002,60.50_60.60_60.70_60.80_60.90_,15_90_90_65_75_,60.40_60.30_60.20_60.10_60.00_,8_19_49_82_110_
12:36:47,60.50,1,2002,60.50_60.60_60.70_60.80_60.90_,15_90_90_65_75_,60.40_60.30_60.20_60.10_60.00_,6_19_49_82_110_
12:36:52,60.50,2,2004,60.50_60.60_60.70_60.80_60.90_,13_90_90_65_75_,60.40_60.30_60.20_60.10_60.00_,6_19_49_82_110_
12:38:20,60.50,2,2053,60.50_60.60_60.70_60.80_60.90_,9_96_95_65_68_,60.40_60.30_60.20_60.10_60.00_,3_9_50_82_110_
12:38:35,60.50,1,2054,60.50_60.60_60.70_60.80_60.90_,8_96_95_65_68_,60.40_60.30_60.20_60.10_60.00_,3_9_50_83_110_
12:39:01,60.40,6,2060,60.50_60.60_60.70_60.80_60.90_,11_96_90_65_68_,60.40_60.30_60.20_60.10_60.00_,1_15_51_83_96_
12:39:36,60.50,3,2063,60.50_60.60_60.70_60.80_60.90_,9_96_90_67_68_,60.40_60.30_60.20_60.10_60.00_,1_15_50_83_110_
12:39:57,60.50,1,2064,60.50_60.60_60.70_60.80_60.90_,8_96_90_67_68_,60.40_60.30_60.20_60.10_60.00_,10_10_49_83_110_
12:40:02,60.50,1,2064,60.50_60.60_60.70_60.80_60.90_,9_96_90_67_68_,60.40_60.30_60.20_60.10_60.00_,11_10_49_83_110_
12:40:38,60.50,1,2065,60.50_60.60_60.70_60.80_60.90_,9_96_90_67_68_,60.40_60.30_60.20_60.10_60.00_,14_10_49_82_112_
12:42:10,60.50,1,2070,60.50_60.60_60.70_60.80_60.90_,10_98_90_65_68_,60.40_60.30_60.20_60.10_60.00_,15_10_49_82_112_
12:42:16,60.50,2,2072,60.50_60.60_60.70_60.80_60.90_,9_97_90_65_68_,60.40_60.30_60.20_60.10_60.00_,15_10_49_82_112_
12:42:21,60.50,2,2072,60.50_60.60_60.70_60.80_60.90_,8_98_90_65_68_,60.40_60.30_60.20_60.10_60.00_,15_10_49_82_112_
12:42:26,60.50,1,2073,60.50_60.60_60.70_60.80_60.90_,7_98_90_65_68_,60.40_60.30_60.20_60.10_60.00_,17_10_49_81_112_
12:42:31,60.50,1,2074,60.50_60.60_60.70_60.80_60.90_,6_98_90_65_68_,60.40_60.30_60.20_60.10_60.00_,17_10_49_81_112_
12:42:41,60.50,1,2075,60.50_60.60_60.70_60.80_60.90_,5_98_90_65_68_,60.40_60.30_60.20_60.10_60.00_,17_11_49_81_112_
12:42:57,60.50,1,2075,60.50_60.60_60.70_60.80_60.90_,5_106_90_65_68_,60.40_60.30_60.20_60.10_60.00_,11_11_49_81_112_
12:43:02,60.50,1,2076,60.50_60.60_60.70_60.80_60.90_,8_106_90_65_68_,60.40_60.30_60.20_60.10_60.00_,11_11_49_81_112_
12:43:17,60.50,1,2077,60.50_60.60_60.70_60.80_60.90_,8_105_92_65_68_,60.40_60.30_60.20_60.10_60.00_,11_11_49_81_112_
12:44:08,60.50,1,2084,60.50_60.60_60.70_60.80_60.90_,18_96_90_65_68_,60.40_60.30_60.20_60.10_60.00_,9_12_49_81_112_
12:44:14,60.50,1,2084,60.50_60.60_60.70_60.80_60.90_,18_96_90_65_68_,60.40_60.30_60.20_60.10_60.00_,11_13_49_81_112_
12:44:19,60.50,1,2085,60.50_60.60_60.70_60.80_60.90_,17_96_90_65_68_,60.40_60.30_60.20_60.10_60.00_,11_13_49_81_112_
12:44:39,60.50,2,2087,60.50_60.60_60.70_60.80_60.90_,16_96_90_65_68_,60.40_60.30_60.20_60.10_60.00_,11_13_49_81_112_
12:46:32,60.50,1,2097,60.50_60.60_60.70_60.80_60.90_,11_120_90_65_69_,60.40_60.30_60.20_60.10_60.00_,12_13_49_81_112_
12:46:53,60.40,2,2099,60.50_60.60_60.70_60.80_60.90_,15_120_90_65_69_,60.40_60.30_60.20_60.10_60.00_,11_13_49_81_112_
12:47:44,60.50,2,2102,60.50_60.60_60.70_60.80_60.90_,13_120_90_65_68_,60.40_60.30_60.20_60.10_60.00_,15_13_49_81_112_
12:47:59,60.50,1,2103,60.50_60.60_60.70_60.80_60.90_,14_121_90_65_68_,60.40_60.30_60.20_60.10_60.00_,15_13_49_81_112_
12:48:20,60.50,2,2107,60.50_60.60_60.70_60.80_60.90_,7_124_90_65_68_,60.40_60.30_60.20_60.10_60.00_,13_13_48_81_112_
12:48:25,60.50,2,2107,60.50_60.60_60.70_60.80_60.90_,9_124_90_66_68_,60.40_60.30_60.20_60.10_60.00_,13_13_48_81_112_
12:49:32,60.50,1,2111,60.50_60.60_60.70_60.80_60.90_,10_120_90_66_68_,60.40_60.30_60.20_60.10_60.00_,14_13_50_81_112_
12:49:47,60.40,6,2117,60.50_60.60_60.70_60.80_60.90_,8_120_90_66_68_,60.40_60.30_60.20_60.10_60.00_,9_13_50_81_112_
12:50:23,60.50,2,2119,60.50_60.60_60.70_60.80_60.90_,7_120_90_66_68_,60.40_60.30_60.20_60.10_60.00_,9_13_50_81_112_
12:50:28,60.50,2,2119,60.50_60.60_60.70_60.80_60.90_,8_120_90_68_68_,60.40_60.30_60.20_60.10_60.00_,9_13_50_81_112_
12:51:14,60.50,1,2123,60.50_60.60_60.70_60.80_60.90_,8_128_90_68_68_,60.40_60.30_60.20_60.10_60.00_,17_13_50_81_112_
12:51:30,60.50,1,2123,60.50_60.60_60.70_60.80_60.90_,9_128_90_68_68_,60.40_60.30_60.20_60.10_60.00_,11_13_50_81_112_
12:51:35,60.50,1,2123,60.50_60.60_60.70_60.80_60.90_,9_128_90_68_68_,60.40_60.30_60.20_60.10_60.00_,13_14_50_81_112_
12:51:40,60.40,12,2135,60.50_60.60_60.70_60.80_60.90_,9_128_90_68_68_,60.40_60.30_60.20_60.10_60.00_,2_14_50_81_112_
12:51:45,60.50,2,2137,60.50_60.60_60.70_60.80_60.90_,8_128_90_68_68_,60.40_60.30_60.20_60.10_60.00_,2_14_50_81_112_
12:52:16,60.50,1,2139,60.50_60.60_60.70_60.80_60.90_,41_120_90_68_68_,60.40_60.30_60.20_60.10_60.00_,4_8_50_81_118_
12:52:31,60.50,1,2139,60.50_60.60_60.70_60.80_60.90_,42_120_90_68_68_,60.40_60.30_60.20_60.10_60.00_,4_8_50_81_118_
12:52:46,60.50,1,2140,60.50_60.60_60.70_60.80_60.90_,43_120_90_66_68_,60.40_60.30_60.20_60.10_60.00_,4_8_50_81_118_
12:53:12,60.50,1,2143,60.50_60.60_60.70_60.80_60.90_,40_120_90_66_68_,60.40_60.30_60.20_60.10_60.00_,4_8_50_81_118_
12:54:19,60.50,1,2145,60.50_60.60_60.70_60.80_60.90_,42_120_90_66_68_,60.40_60.30_60.20_60.10_60.00_,10_8_50_81_119_
12:54:34,60.50,1,2148,60.50_60.60_60.70_60.80_60.90_,39_120_90_66_68_,60.40_60.30_60.20_60.10_60.00_,12_8_50_81_119_
12:54:50,60.40,4,2152,60.50_60.60_60.70_60.80_60.90_,37_120_90_66_68_,60.40_60.30_60.20_60.10_60.00_,8_8_50_81_119_
12:55:20,60.50,1,2153,60.50_60.60_60.70_60.80_60.90_,37_120_90_68_68_,60.40_60.30_60.20_60.10_60.00_,10_15_50_81_112_
12:55:41,60.50,1,2154,60.50_60.60_60.70_60.80_60.90_,36_120_90_68_68_,60.40_60.30_60.20_60.10_60.00_,10_15_50_81_112_
12:55:46,60.50,1,2154,60.50_60.60_60.70_60.80_60.90_,35_120_90_68_68_,60.40_60.30_60.20_60.10_60.00_,10_15_50_81_112_
12:55:51,60.50,3,2157,60.50_60.60_60.70_60.80_60.90_,33_120_90_68_68_,60.40_60.30_60.20_60.10_60.00_,10_15_50_81_112_
12:56:22,60.50,1,2159,60.50_60.60_60.70_60.80_60.90_,31_120_90_68_68_,60.40_60.30_60.20_60.10_60.00_,15_15_50_82_113_
12:59:01,60.40,13,2192,60.50_60.60_60.70_60.80_60.90_,35_120_99_66_68_,60.40_60.30_60.20_60.10_60.00_,6_14_50_82_112_
12:59:11,60.40,4,2196,60.50_60.60_60.70_60.80_60.90_,35_120_99_66_68_,60.40_60.30_60.20_60.10_60.00_,3_16_50_82_112_
13:00:18,60.50,1,2204,60.50_60.60_60.70_60.80_60.90_,63_120_90_58_68_,60.40_60.30_60.20_60.10_60.00_,8_16_38_77_102_
13:03:02,60.50,1,2221,60.50_60.60_60.70_60.80_60.90_,59_120_82_60_68_,60.40_60.30_60.20_60.10_60.00_,4_9_44_79_108_
13:03:48,60.50,1,2222,60.50_60.60_60.70_60.80_60.90_,59_120_82_58_68_,60.40_60.30_60.20_60.10_60.00_,5_9_44_80_108_
13:04:03,60.50,1,2222,60.50_60.60_60.70_60.80_60.90_,61_120_82_58_68_,60.40_60.30_60.20_60.10_60.00_,7_9_44_80_108_
13:04:08,60.50,1,2222,60.50_60.60_60.70_60.80_60.90_,61_120_82_58_68_,60.40_60.30_60.20_60.10_60.00_,9_9_44_80_108_
13:04:19,60.50,1,2222,60.50_60.60_60.70_60.80_60.90_,60_120_82_58_68_,60.40_60.30_60.20_60.10_60.00_,18_10_44_80_108_
13:04:29,60.50,1,2223,60.50_60.60_60.70_60.80_60.90_,59_120_82_58_68_,60.40_60.30_60.20_60.10_60.00_,20_10_44_80_108_
13:05:10,60.50,3,2227,60.50_60.60_60.70_60.80_60.90_,56_129_82_58_69_,60.40_60.30_60.20_60.10_60.00_,33_9_44_80_108_
13:05:25,60.40,33,2262,60.40_60.50_60.60_60.70_60.80_,6_55_129_82_58_,60.30_60.20_60.10_60.00_59.90_,9_44_80_108_34_
13:07:03,60.40,2,2284,60.40_60.50_60.60_60.70_60.80_,15_40_120_84_68_,60.30_60.20_60.10_60.00_59.90_,34_51_81_96_47_
13:07:33,60.40,1,2290,60.40_60.50_60.60_60.70_60.80_,9_40_120_84_68_,60.30_60.20_60.10_60.00_59.90_,34_52_93_96_47_
13:07:44,60.40,1,2290,60.40_60.50_60.60_60.70_60.80_,9_40_120_84_68_,60.30_60.20_60.10_60.00_59.90_,34_52_94_98_47_
13:07:49,60.40,1,2290,60.40_60.50_60.60_60.70_60.80_,11_40_120_82_68_,60.30_60.20_60.10_60.00_59.90_,35_52_94_98_47_
13:07:54,60.40,1,2290,60.40_60.50_60.60_60.70_60.80_,11_52_120_82_68_,60.30_60.20_60.10_60.00_59.90_,35_52_94_98_47_
13:07:59,60.40,1,2290,60.40_60.50_60.60_60.70_60.80_,11_64_120_82_68_,60.30_60.20_60.10_60.00_59.90_,35_52_94_98_47_
13:08:56,60.40,1,2294,60.40_60.50_60.60_60.70_60.80_,11_76_120_82_68_,60.30_60.20_60.10_60.00_59.90_,40_52_95_98_47_
13:09:06,60.40,1,2294,60.40_60.50_60.60_60.70_60.80_,12_76_120_82_68_,60.30_60.20_60.10_60.00_59.90_,39_52_95_98_47_
13:10:43,60.40,1,2300,60.40_60.50_60.60_60.70_60.80_,7_79_154_106_68_,60.30_60.20_60.10_60.00_59.90_,41_53_94_93_47_
13:10:53,60.40,1,2300,60.40_60.50_60.60_60.70_60.80_,7_79_154_118_68_,60.30_60.20_60.10_60.00_59.90_,43_53_94_93_47_
13:10:58,60.40,1,2300,60.40_60.50_60.60_60.70_60.80_,9_79_152_118_68_,60.30_60.20_60.10_60.00_59.90_,43_53_94_93_47_
13:11:19,60.40,1,2301,60.40_60.50_60.60_60.70_60.80_,12_78_152_118_68_,60.30_60.20_60.10_60.00_59.90_,49_53_94_93_47_
13:11:34,60.40,8,2309,60.40_60.50_60.60_60.70_60.80_,4_78_152_118_68_,60.30_60.20_60.10_60.00_59.90_,49_53_94_93_47_
13:11:39,60.40,8,2309,60.40_60.50_60.60_60.70_60.80_,4_86_152_118_68_,60.30_60.20_60.10_60.00_59.90_,49_54_94_93_47_
13:12:36,60.40,1,2312,60.40_60.50_60.60_60.70_60.80_,10_78_152_118_68_,60.30_60.20_60.10_60.00_59.90_,53_54_94_93_47_
13:15:20,60.40,4,2326,60.40_60.50_60.60_60.70_60.80_,12_90_148_118_38_,60.30_60.20_60.10_60.00_59.90_,58_59_94_93_47_
13:15:25,60.40,1,2327,60.40_60.50_60.60_60.70_60.80_,11_90_148_118_38_,60.30_60.20_60.10_60.00_59.90_,58_59_94_93_47_
13:15:30,60.40,2,2329,60.40_60.50_60.60_60.70_60.80_,10_90_148_118_38_,60.30_60.20_60.10_60.00_59.90_,68_59_94_93_47_
13:18:19,60.50,4,2348,60.60_60.70_60.80_60.90_61.00_,148_120_28_16_61_,60.50_60.40_60.30_60.20_60.10_,54_9_24_56_107_
13:18:45,60.50,4,2348,60.60_60.70_60.80_60.90_61.00_,150_118_28_16_61_,60.50_60.40_60.30_60.20_60.10_,54_9_24_56_107_
13:18:50,60.50,53,2401,60.60_60.70_60.80_60.90_61.00_,150_118_28_16_61_,60.50_60.40_60.30_60.20_60.10_,3_9_24_56_107_
13:18:55,60.50,53,2401,60.60_60.70_60.80_60.90_61.00_,150_118_28_16_61_,60.50_60.40_60.30_60.20_60.10_,6_9_24_55_107_
13:19:00,60.50,3,2404,60.60_60.70_60.80_60.90_61.00_,150_118_28_16_61_,60.50_60.40_60.30_60.20_60.10_,5_9_24_55_107_
13:19:21,60.50,3,2404,60.60_60.70_60.80_60.90_61.00_,150_118_28_16_61_,60.50_60.40_60.30_60.20_60.10_,6_9_24_55_107_
13:19:26,60.50,3,2404,60.60_60.70_60.80_60.90_61.00_,152_118_28_16_61_,60.50_60.40_60.30_60.20_60.10_,6_9_24_55_107_
13:20:27,60.50,5,2409,60.60_60.70_60.80_60.90_61.00_,154_110_28_16_68_,60.50_60.40_60.30_60.20_60.10_,5_10_22_55_100_
13:20:58,60.60,2,2415,60.60_60.70_60.80_60.90_61.00_,150_110_30_16_68_,60.50_60.40_60.30_60.20_60.10_,1_10_22_55_100_
13:21:19,60.50,1,2416,60.60_60.70_60.80_60.90_61.00_,150_110_30_16_68_,60.50_60.40_60.30_60.20_60.10_,2_3_22_55_106_
13:21:24,60.50,1,2416,60.60_60.70_60.80_60.90_61.00_,150_110_30_16_68_,60.50_60.40_60.30_60.20_60.10_,3_3_21_55_106_
13:21:44,60.50,1,2416,60.60_60.70_60.80_60.90_61.00_,150_110_30_16_68_,60.50_60.40_60.30_60.20_60.10_,3_10_21_55_99_
13:22:51,60.50,3,2428,60.60_60.70_60.80_60.90_61.00_,151_110_78_16_68_,60.50_60.40_60.30_60.20_60.10_,3_9_20_55_149_
13:22:56,60.40,6,2434,60.60_60.70_60.80_60.90_61.00_,145_110_78_16_68_,60.40_60.30_60.20_60.10_60.00_,6_20_55_149_89_
13:23:01,60.40,6,2434,60.60_60.70_60.80_60.90_61.00_,145_117_78_17_61_,60.30_60.20_60.10_60.00_59.90_,22_55_143_103_4_
13:23:06,60.40,6,2434,60.50_60.60_60.70_60.80_60.90_,4_145_117_79_16_,60.30_60.20_60.10_60.00_59.90_,23_55_143_89_18_
13:23:11,60.40,6,2434,60.50_60.60_60.70_60.80_60.90_,7_142_117_79_25_,60.30_60.20_60.10_60.00_59.90_,23_55_143_89_18_
13:23:16,60.40,6,2434,60.40_60.50_60.60_60.70_60.80_,2_7_140_117_79_,60.30_60.20_60.10_60.00_59.90_,23_55_143_89_18_
13:23:57,60.30,1,2435,60.40_60.50_60.60_60.70_60.80_,8_4_144_118_87_,60.30_60.20_60.10_60.00_59.90_,22_55_143_89_18_
13:24:08,60.30,2,2438,60.40_60.50_60.60_60.70_60.80_,7_4_144_110_87_,60.30_60.20_60.10_60.00_59.90_,21_55_143_89_59_
13:24:23,60.30,3,2441,60.40_60.50_60.60_60.70_60.80_,4_4_144_110_87_,60.30_60.20_60.10_60.00_59.90_,18_55_143_89_59_
13:25:55,60.30,5,2448,60.60_60.70_60.80_60.90_61.00_,88_103_80_15_85_,60.30_60.20_60.10_60.00_59.90_,18_49_201_1179_174_
13:26:01,60.30,5,2448,60.60_60.70_60.80_60.90_61.00_,32_103_80_15_85_,60.30_60.20_60.10_60.00_59.90_,18_49_201_1179_174_
13:26:11,60.30,5,2448,60.60_60.70_60.80_60.90_61.00_,39_103_80_15_86_,60.30_60.20_60.10_60.00_59.90_,18_49_204_1179_174_
13:26:16,60.30,5,2448,60.70_60.80_60.90_61.00_61.10_,5_80_15_86_9_,60.30_60.20_60.10_60.00_59.90_,18_48_204_1179_174_
13:26:26,60.30,5,2448,60.70_60.80_60.90_61.00_61.10_,5_80_15_86_9_,60.50_60.30_60.20_60.10_60.00_,15_4_48_204_1179_
13:26:31,60.30,5,2448,60.70_60.80_60.90_61.00_61.10_,5_80_15_86_9_,60.60_60.50_60.30_60.20_60.10_,1_14_4_48_204_
13:26:42,60.30,5,2448,60.70_60.80_60.90_61.00_61.10_,24_80_15_86_9_,60.60_60.50_60.30_60.20_60.10_,2_13_5_48_204_
13:28:04,60.30,5,2448,60.60_60.70_60.80_60.90_61.00_,60_200_80_15_46_,60.50_60.30_60.20_60.10_60.00_,14_6_49_205_1179_
13:28:14,60.30,5,2448,60.60_60.70_60.80_60.90_61.00_,55_200_80_15_46_,60.50_60.30_60.20_60.10_60.00_,14_6_49_205_1179_
13:28:19,60.30,5,2448,60.60_60.70_60.80_60.90_61.00_,105_200_80_15_46_,60.50_60.30_60.20_60.10_60.00_,14_6_49_205_1179_
13:28:34,60.30,5,2448,60.60_60.70_60.80_60.90_61.00_,107_200_80_15_46_,60.50_60.30_60.20_60.10_60.00_,14_6_49_205_1179_
13:28:45,60.30,5,2448,60.60_60.70_60.80_60.90_61.00_,106_200_80_15_46_,60.50_60.30_60.20_60.10_60.00_,14_6_49_205_1179_
13:28:50,60.30,5,2448,60.60_60.70_60.80_60.90_61.00_,107_200_80_15_46_,60.50_60.30_60.20_60.10_60.00_,14_6_49_205_1179_
13:28:55,60.30,5,2448,60.60_60.70_60.80_60.90_61.00_,127_184_80_15_46_,60.50_60.30_60.20_60.10_60.00_,14_6_49_205_1179_
13:29:05,60.30,5,2448,60.60_60.70_60.80_60.90_61.00_,127_184_80_15_46_,60.50_60.30_60.20_60.10_60.00_,14_6_114_270_1244_
13:29:26,60.30,5,2448,60.60_60.70_60.80_60.90_61.00_,155_160_80_15_45_,60.50_60.30_60.20_60.10_60.00_,14_6_114_270_1246_
13:29:31,60.30,5,2448,60.60_60.70_60.80_60.90_61.00_,179_136_80_15_45_,60.50_60.30_60.20_60.10_60.00_,14_6_114_270_1246_
13:29:36,60.30,5,2448,60.60_60.70_60.80_60.90_61.00_,180_136_80_15_45_,60.50_60.30_60.20_60.10_60.00_,14_6_114_270_1251_
13:29:41,60.30,5,2448,60.60_60.70_60.80_60.90_61.00_,191_136_80_15_45_,60.50_60.40_60.30_60.20_60.10_,14_69_6_114_270_
13:29:51,60.30,5,2448,60.60_60.70_60.80_60.90_61.00_,221_136_80_15_45_,60.50_60.40_60.30_60.20_60.10_,14_71_29_114_270_
13:30:00,60.60,387,2835,60.60_60.70_60.80_60.90_61.00_,221_136_80_15_45_,60.50_60.40_60.30_60.20_60.10_,14_71_29_114_270_
