09:50:18,19.83,1,1,19.81_19.84_20.50_20.70_20.80_,8_35_1_1_1_,19.72_19.62_19.50_19.40_19.31_,70_8_1_1_1_
09:52:20,19.83,1,1,19.74_19.77_20.50_20.70_20.80_,8_35_1_1_1_,19.65_19.55_19.50_19.40_19.31_,70_8_1_1_1_
09:54:44,19.83,1,1,19.76_19.78_20.50_20.70_20.80_,8_35_1_1_1_,19.66_19.57_19.40_19.31_19.30_,70_8_1_1_3_
09:56:31,19.83,1,1,19.76_19.78_20.50_20.70_20.80_,8_35_1_1_1_,19.67_19.58_19.40_19.31_19.30_,70_8_1_1_3_
09:57:17,19.83,1,1,19.76_19.77_20.50_20.70_20.80_,8_35_1_1_1_,19.65_19.58_19.40_19.31_19.30_,70_8_1_1_3_
09:57:23,19.83,1,1,19.76_19.77_20.50_20.70_20.80_,8_35_1_1_1_,19.66_19.58_19.40_19.31_19.30_,70_8_1_1_3_
09:57:53,19.83,1,1,19.74_19.77_20.50_20.70_20.80_,8_35_1_1_1_,19.65_19.56_19.40_19.31_19.30_,70_8_1_1_3_
09:58:50,19.83,1,1,19.78_19.79_20.50_20.70_20.80_,35_8_1_1_1_,19.66_19.60_19.40_19.31_19.30_,70_8_1_1_3_
09:59:21,19.83,1,1,19.79_19.80_20.50_20.70_20.80_,8_35_1_1_1_,19.68_19.60_19.40_19.31_19.30_,70_8_1_1_3_
09:59:21,19.83,1,1,19.79_19.80_20.50_20.70_20.80_,8_35_1_1_1_,19.68_19.60_19.40_19.31_19.30_,70_8_1_1_3_
10:00:38,19.83,1,1,19.76_19.80_20.50_20.70_20.80_,8_35_1_1_1_,19.68_19.57_19.40_19.31_19.30_,70_8_1_1_3_
10:00:43,19.83,1,1,19.79_19.80_20.50_20.70_20.80_,8_35_1_1_1_,19.68_19.60_19.40_19.31_19.30_,70_8_1_1_3_
10:00:48,19.83,1,1,19.79_19.80_20.50_20.70_20.80_,8_35_1_1_1_,19.60_19.40_19.31_19.30_19.20_,8_1_1_3_1_
10:01:19,19.83,1,1,19.77_19.80_20.50_20.70_20.80_,8_35_1_1_1_,19.68_19.58_19.40_19.31_19.30_,70_8_1_1_3_
10:01:29,19.83,1,1,19.77_19.79_20.50_20.70_20.80_,8_35_1_1_1_,19.67_19.58_19.40_19.31_19.30_,70_8_1_1_3_
10:01:34,19.83,1,1,19.75_19.78_20.50_20.70_20.80_,8_35_1_1_1_,19.66_19.56_19.40_19.31_19.30_,70_8_1_1_3_
10:01:34,19.83,1,1,19.75_19.78_20.50_20.70_20.80_,8_35_1_1_1_,19.66_19.56_19.40_19.31_19.30_,70_8_1_1_3_
10:01:44,19.83,1,1,19.73_19.78_20.50_20.70_20.80_,8_35_1_1_1_,19.66_19.54_19.40_19.31_19.30_,70_8_1_1_3_
10:01:49,19.83,1,1,19.73_19.77_20.50_20.70_20.80_,8_35_1_1_1_,19.65_19.54_19.40_19.31_19.30_,70_8_1_1_3_
10:01:49,19.83,1,1,19.73_19.77_20.50_20.70_20.80_,8_35_1_1_1_,19.65_19.54_19.40_19.31_19.30_,70_8_1_1_3_
10:02:00,19.83,1,1,19.73_19.76_20.50_20.70_20.80_,8_35_1_1_1_,19.64_19.54_19.40_19.31_19.30_,70_8_1_1_3_
10:02:05,19.83,1,1,19.73_19.77_20.50_20.70_20.80_,8_35_1_1_1_,19.65_19.54_19.40_19.31_19.30_,70_8_1_1_3_
10:02:10,19.83,1,1,19.73_19.76_20.50_20.70_20.80_,8_35_1_1_1_,19.64_19.54_19.40_19.31_19.30_,70_8_1_1_3_
10:02:10,19.83,1,1,19.73_19.76_20.50_20.70_20.80_,8_35_1_1_1_,19.64_19.54_19.40_19.31_19.30_,70_8_1_1_3_
10:02:10,19.83,1,1,19.73_19.76_20.50_20.70_20.80_,8_35_1_1_1_,19.64_19.54_19.40_19.31_19.30_,70_8_1_1_3_
10:02:10,19.83,1,1,19.73_19.76_20.50_20.70_20.80_,8_35_1_1_1_,19.64_19.54_19.40_19.31_19.30_,70_8_1_1_3_
10:03:21,19.83,1,1,19.75_19.76_20.50_20.70_20.80_,8_35_1_1_1_,19.64_19.56_19.40_19.31_19.30_,70_8_1_1_3_
10:03:32,19.83,1,1,19.75_19.77_20.50_20.70_20.80_,8_35_1_1_1_,19.65_19.56_19.40_19.31_19.30_,70_8_1_1_3_
10:03:57,19.83,1,1,19.75_19.77_20.50_20.70_20.80_,8_35_1_1_1_,19.65_19.56_19.40_19.31_19.30_,70_8_1_1_3_
10:04:23,19.83,1,1,19.75_20.50_20.70_20.80_22.00_,8_1_1_1_1_,19.56_19.40_19.31_19.30_19.20_,8_1_1_3_1_
10:04:33,19.83,1,1,19.75_19.77_20.50_20.70_20.80_,8_35_1_1_1_,19.65_19.56_19.40_19.31_19.30_,70_8_1_1_3_
10:06:26,19.83,1,1,19.75_19.78_20.50_20.70_20.80_,8_35_1_1_1_,19.66_19.56_19.40_19.31_19.30_,70_8_1_1_3_
10:07:33,19.83,1,1,19.76_19.77_20.50_20.70_20.80_,8_35_1_1_1_,19.66_19.57_19.40_19.31_19.30_,70_8_1_1_3_
10:07:43,19.83,1,1,19.76_19.78_20.50_20.70_20.80_,8_35_1_1_1_,19.66_19.57_19.40_19.31_19.30_,70_8_1_1_3_
10:07:53,19.83,1,1,19.73_19.77_20.50_20.70_20.80_,8_35_1_1_1_,19.65_19.55_19.40_19.31_19.30_,70_8_1_1_3_
10:07:53,19.83,1,1,19.73_19.77_20.50_20.70_20.80_,8_35_1_1_1_,19.65_19.55_19.40_19.31_19.30_,70_8_1_1_3_
10:07:53,19.83,1,1,19.73_19.77_20.50_20.70_20.80_,8_35_1_1_1_,19.65_19.55_19.40_19.31_19.30_,70_8_1_1_3_
10:07:53,19.83,1,1,19.73_19.77_20.50_20.70_20.80_,8_35_1_1_1_,19.65_19.55_19.40_19.31_19.30_,70_8_1_1_3_
10:07:53,19.83,1,1,19.73_19.77_20.50_20.70_20.80_,8_35_1_1_1_,19.65_19.55_19.40_19.31_19.30_,70_8_1_1_3_
10:07:53,19.83,1,1,19.73_19.77_20.50_20.70_20.80_,8_35_1_1_1_,19.65_19.55_19.40_19.31_19.30_,70_8_1_1_3_
10:09:05,19.83,1,1,19.73_19.77_20.50_20.70_20.80_,8_35_1_1_1_,19.66_19.55_19.40_19.31_19.30_,70_8_1_1_3_
10:09:10,19.83,1,1,19.73_20.50_20.70_20.80_22.00_,8_1_1_1_1_,19.66_19.55_19.40_19.31_19.30_,70_8_1_1_3_
10:11:34,19.83,1,1,19.63_19.69_19.70_20.50_20.70_,8_8_35_1_1_,19.58_19.51_19.45_19.40_19.31_,70_8_8_1_1_
10:11:44,19.83,1,1,19.63_19.69_20.50_20.70_20.80_,8_43_1_1_1_,19.57_19.51_19.45_19.40_19.31_,70_8_8_1_1_
10:12:09,19.83,1,1,19.69_20.50_20.70_20.80_22.00_,35_1_1_1_1_,19.57_19.40_19.31_19.30_19.20_,70_1_1_3_1_
10:12:09,19.83,1,1,19.69_20.50_20.70_20.80_22.00_,35_1_1_1_1_,19.57_19.40_19.31_19.30_19.20_,70_1_1_3_1_
10:12:20,19.83,1,1,19.68_20.50_20.70_20.80_22.00_,35_1_1_1_1_,19.56_19.40_19.31_19.30_19.20_,70_1_1_3_1_
10:12:25,19.83,1,1,19.65_19.68_20.50_20.70_20.80_,8_35_1_1_1_,19.56_19.47_19.40_19.31_19.30_,70_8_1_1_3_
10:12:30,19.83,1,1,19.65_19.68_20.50_20.70_20.80_,8_35_1_1_1_,19.57_19.47_19.40_19.31_19.30_,70_8_1_1_3_
10:12:35,19.83,1,1,19.65_19.68_20.50_20.70_20.80_,8_35_1_1_1_,19.56_19.47_19.40_19.31_19.30_,70_8_1_1_3_
10:12:40,19.83,1,1,19.65_19.69_20.50_20.70_20.80_,8_35_1_1_1_,19.57_19.47_19.40_19.31_19.30_,70_8_1_1_3_
10:13:21,19.83,1,1,19.65_19.69_20.50_20.70_20.80_,8_35_1_1_1_,19.57_19.47_19.40_19.31_19.30_,70_8_1_1_3_
10:13:41,19.83,1,1,19.65_19.69_20.50_20.70_20.80_,8_35_1_1_1_,19.58_19.47_19.40_19.31_19.30_,70_8_1_1_3_
10:13:46,19.83,1,1,19.65_19.69_20.50_20.70_20.80_,8_35_1_1_1_,19.57_19.47_19.40_19.31_19.30_,70_8_1_1_3_
10:13:46,19.83,1,1,19.65_19.69_20.50_20.70_20.80_,8_35_1_1_1_,19.57_19.47_19.40_19.31_19.30_,70_8_1_1_3_
10:13:46,19.83,1,1,19.65_19.69_20.50_20.70_20.80_,8_35_1_1_1_,19.57_19.47_19.40_19.31_19.30_,70_8_1_1_3_
10:13:46,19.83,1,1,19.65_19.69_20.50_20.70_20.80_,8_35_1_1_1_,19.57_19.47_19.40_19.31_19.30_,70_8_1_1_3_
10:13:46,19.83,1,1,19.65_19.69_20.50_20.70_20.80_,8_35_1_1_1_,19.57_19.47_19.40_19.31_19.30_,70_8_1_1_3_
10:14:22,19.83,1,1,19.65_19.70_20.50_20.70_20.80_,8_35_1_1_1_,19.58_19.47_19.40_19.31_19.30_,70_8_1_1_3_
10:15:19,19.83,1,1,19.66_19.70_20.50_20.70_20.80_,8_35_1_1_1_,19.58_19.47_19.40_19.31_19.30_,70_8_1_1_3_
10:15:39,19.83,1,1,19.64_19.69_20.50_20.70_20.80_,8_35_1_1_1_,19.58_19.45_19.40_19.31_19.30_,70_8_1_1_3_
10:15:44,19.83,1,1,19.62_19.70_20.50_20.70_20.80_,8_35_1_1_1_,19.58_19.43_19.40_19.31_19.30_,70_8_1_1_3_
10:15:50,19.83,1,1,19.62_19.69_20.50_20.70_20.80_,8_35_1_1_1_,19.57_19.43_19.40_19.31_19.30_,70_8_1_1_3_
10:16:36,19.83,1,1,19.60_19.67_20.50_20.70_20.80_,8_35_1_1_1_,19.55_19.41_19.40_19.31_19.30_,70_8_1_1_3_
10:16:51,19.83,1,1,19.60_19.67_20.50_20.70_20.80_,8_35_1_1_1_,19.55_19.41_19.40_19.31_19.30_,70_8_1_1_3_
10:16:51,19.83,1,1,19.60_19.67_20.50_20.70_20.80_,8_35_1_1_1_,19.55_19.41_19.40_19.31_19.30_,70_8_1_1_3_
10:17:06,19.83,1,1,19.60_19.66_20.50_20.70_20.80_,8_35_1_1_1_,19.55_19.41_19.40_19.31_19.30_,70_8_1_1_3_
10:17:17,19.83,1,1,19.60_19.67_20.50_20.70_20.80_,8_35_1_1_1_,19.55_19.41_19.40_19.31_19.30_,70_8_1_1_3_
10:17:27,19.83,1,1,19.60_19.67_20.50_20.70_20.80_,8_35_1_1_1_,19.55_19.41_19.40_19.31_19.30_,70_8_1_1_3_
10:17:47,19.83,1,1,19.60_19.66_20.50_20.70_20.80_,8_35_1_1_1_,19.54_19.41_19.40_19.31_19.30_,70_8_1_1_3_
10:17:47,19.83,1,1,19.60_19.66_20.50_20.70_20.80_,8_35_1_1_1_,19.54_19.41_19.40_19.31_19.30_,70_8_1_1_3_
10:19:04,19.83,1,1,19.60_19.67_20.50_20.70_20.80_,8_35_1_1_1_,19.55_19.41_19.40_19.31_19.30_,70_8_1_1_3_
10:19:04,19.83,1,1,19.60_19.67_20.50_20.70_20.80_,8_35_1_1_1_,19.55_19.41_19.40_19.31_19.30_,70_8_1_1_3_
10:19:04,19.83,1,1,19.60_19.67_20.50_20.70_20.80_,8_35_1_1_1_,19.55_19.41_19.40_19.31_19.30_,70_8_1_1_3_
10:20:16,19.83,1,1,19.63_19.69_20.50_20.70_20.80_,8_35_1_1_1_,19.57_19.44_19.40_19.31_19.30_,70_8_1_1_3_
10:20:37,19.83,1,1,19.63_19.70_20.50_20.70_20.80_,8_35_1_1_1_,19.58_19.44_19.40_19.31_19.30_,70_8_1_1_3_
10:20:37,19.83,1,1,19.63_19.70_20.50_20.70_20.80_,8_35_1_1_1_,19.58_19.44_19.40_19.31_19.30_,70_8_1_1_3_
10:20:37,19.83,1,1,19.63_19.70_20.50_20.70_20.80_,8_35_1_1_1_,19.58_19.44_19.40_19.31_19.30_,70_8_1_1_3_
10:20:37,19.83,1,1,19.63_19.70_20.50_20.70_20.80_,8_35_1_1_1_,19.58_19.44_19.40_19.31_19.30_,70_8_1_1_3_
10:21:13,19.83,1,1,19.63_19.71_20.50_20.70_20.80_,8_35_1_1_1_,19.59_19.44_19.40_19.31_19.30_,70_8_1_1_3_
10:22:50,19.83,1,1,19.67_19.73_20.50_20.70_20.80_,8_35_1_1_1_,19.61_19.49_19.40_19.31_19.30_,70_8_1_1_3_
10:23:36,19.83,1,1,19.66_19.74_20.50_20.70_20.80_,8_35_1_1_1_,19.47_19.40_19.31_19.30_19.20_,8_1_1_3_1_
10:23:41,19.83,1,1,19.66_19.72_20.50_20.70_20.80_,8_35_1_1_1_,19.60_19.47_19.40_19.31_19.30_,70_8_1_1_3_
10:23:51,19.83,1,1,19.66_19.73_20.50_20.70_20.80_,8_35_1_1_1_,19.62_19.47_19.40_19.31_19.30_,70_8_1_1_3_
10:23:56,19.83,1,1,19.66_19.72_20.50_20.70_20.80_,8_35_1_1_1_,19.60_19.47_19.40_19.31_19.30_,70_8_1_1_3_
10:24:02,19.83,1,1,19.66_19.73_20.50_20.70_20.80_,8_35_1_1_1_,19.61_19.47_19.40_19.31_19.30_,70_8_1_1_3_
10:25:44,19.83,1,1,19.65_19.72_20.50_20.70_20.80_,8_35_1_1_1_,19.60_19.46_19.40_19.31_19.30_,70_8_1_1_3_
10:25:49,19.83,1,1,19.65_19.72_20.50_20.70_20.80_,8_35_1_1_1_,19.61_19.46_19.40_19.31_19.30_,70_8_1_1_3_
10:25:59,19.83,1,1,19.65_19.72_20.50_20.70_20.80_,8_35_1_1_1_,19.60_19.46_19.40_19.31_19.30_,70_8_1_1_3_
10:29:09,19.83,1,1,19.65_19.73_20.50_20.70_20.80_,8_35_1_1_1_,19.61_19.46_19.40_19.31_19.30_,70_8_1_1_3_
10:30:21,19.83,1,1,19.65_19.73_20.50_20.70_20.80_,8_35_1_1_1_,19.61_19.46_19.40_19.31_19.30_,70_8_1_1_3_
10:32:24,19.83,1,1,19.67_19.71_20.50_20.70_20.80_,8_35_1_1_1_,19.59_19.48_19.40_19.31_19.30_,70_8_1_1_3_
10:33:00,19.83,1,1,19.67_19.73_20.50_20.70_20.80_,8_35_1_1_1_,19.61_19.48_19.40_19.31_19.30_,70_8_1_1_3_
10:33:00,19.83,1,1,19.67_19.73_20.50_20.70_20.80_,8_35_1_1_1_,19.61_19.48_19.40_19.31_19.30_,70_8_1_1_3_
10:33:00,19.83,1,1,19.67_19.73_20.50_20.70_20.80_,8_35_1_1_1_,19.61_19.48_19.40_19.31_19.30_,70_8_1_1_3_
10:33:36,19.83,1,1,19.67_19.74_20.50_20.70_20.80_,8_35_1_1_1_,19.62_19.48_19.40_19.31_19.30_,70_8_1_1_3_
10:34:27,19.83,1,1,19.67_19.74_20.50_20.70_20.80_,8_35_1_1_1_,19.62_19.48_19.40_19.31_19.30_,70_8_1_1_3_
10:34:42,19.83,1,1,19.70_19.74_20.50_20.70_20.80_,8_35_1_1_1_,19.62_19.51_19.40_19.31_19.30_,70_8_1_1_3_
10:34:42,19.83,1,1,19.70_19.74_20.50_20.70_20.80_,8_35_1_1_1_,19.62_19.51_19.40_19.31_19.30_,70_8_1_1_3_
10:34:42,19.83,1,1,19.70_19.74_20.50_20.70_20.80_,8_35_1_1_1_,19.62_19.51_19.40_19.31_19.30_,70_8_1_1_3_
10:35:18,19.83,1,1,19.68_19.74_20.50_20.70_20.80_,8_35_1_1_1_,19.62_19.49_19.40_19.31_19.30_,70_8_1_1_3_
10:35:54,19.83,1,1,19.68_19.74_20.50_20.70_20.80_,8_35_1_1_1_,19.63_19.49_19.40_19.31_19.30_,70_8_1_1_3_
10:35:59,19.83,1,1,19.68_19.75_20.50_20.70_20.80_,8_35_1_1_1_,19.63_19.49_19.40_19.31_19.30_,70_8_1_1_3_
10:36:04,19.83,1,1,19.68_19.74_20.50_20.70_20.80_,8_35_1_1_1_,19.63_19.49_19.40_19.31_19.30_,70_8_1_1_3_
10:36:09,19.83,1,1,19.68_19.75_20.50_20.70_20.80_,8_35_1_1_1_,19.63_19.49_19.40_19.31_19.30_,70_8_1_1_3_
10:38:23,19.83,1,1,19.66_19.73_20.50_20.70_20.80_,8_35_1_1_1_,19.61_19.48_19.40_19.31_19.30_,70_8_1_1_3_
10:38:23,19.83,1,1,19.66_19.73_20.50_20.70_20.80_,8_35_1_1_1_,19.61_19.48_19.40_19.31_19.30_,70_8_1_1_3_
10:38:33,19.83,1,1,19.66_19.74_20.50_20.70_20.80_,8_35_1_1_1_,19.62_19.48_19.40_19.31_19.30_,70_8_1_1_3_
10:39:09,19.83,1,1,19.66_19.75_20.50_20.70_20.80_,8_35_1_1_1_,19.63_19.48_19.40_19.31_19.30_,70_8_1_1_3_
10:39:19,19.83,1,1,19.71_19.76_20.50_20.70_20.80_,8_35_1_1_1_,19.64_19.52_19.40_19.31_19.30_,70_8_1_1_3_
10:39:19,19.83,1,1,19.71_19.76_20.50_20.70_20.80_,8_35_1_1_1_,19.64_19.52_19.40_19.31_19.30_,70_8_1_1_3_
10:39:19,19.83,1,1,19.71_19.76_20.50_20.70_20.80_,8_35_1_1_1_,19.64_19.52_19.40_19.31_19.30_,70_8_1_1_3_
10:39:34,19.83,1,1,19.71_19.76_20.50_20.70_20.80_,8_35_1_1_1_,19.52_19.40_19.31_19.30_19.20_,8_1_1_3_1_
10:39:40,19.83,1,1,19.71_19.74_20.50_20.70_20.80_,8_35_1_1_1_,19.62_19.52_19.40_19.31_19.30_,70_8_1_1_3_
10:40:26,19.83,1,1,19.69_19.74_20.50_20.70_20.80_,8_35_1_1_1_,19.62_19.50_19.40_19.31_19.30_,70_8_1_1_3_
10:40:46,19.83,1,1,19.69_19.75_20.50_20.70_20.80_,8_35_1_1_1_,19.63_19.50_19.40_19.31_19.30_,70_8_1_1_3_
10:41:22,19.83,1,1,19.69_19.74_20.50_20.70_20.80_,8_35_1_1_1_,19.62_19.50_19.40_19.31_19.30_,70_8_1_1_3_
10:41:22,19.83,1,1,19.69_19.74_20.50_20.70_20.80_,8_35_1_1_1_,19.62_19.50_19.40_19.31_19.30_,70_8_1_1_3_
10:44:01,19.83,1,1,19.70_19.77_20.50_20.70_20.80_,8_35_1_1_1_,19.65_19.51_19.40_19.31_19.30_,70_8_1_1_3_
10:45:12,19.83,1,1,19.73_19.77_20.50_20.70_20.80_,8_35_1_1_1_,19.65_19.54_19.40_19.31_19.30_,70_8_1_1_3_
10:45:33,19.83,1,1,19.73_19.78_20.50_20.70_20.80_,8_35_1_1_1_,19.66_19.54_19.40_19.31_19.30_,70_8_1_1_3_
10:46:29,19.83,1,1,19.71_19.78_20.50_20.70_20.80_,8_35_1_1_1_,19.66_19.52_19.40_19.31_19.30_,70_8_1_1_3_
10:46:39,19.83,1,1,19.71_19.79_20.50_20.70_20.80_,8_35_1_1_1_,19.67_19.52_19.40_19.31_19.30_,70_8_1_1_3_
10:46:45,19.83,1,1,19.71_19.78_20.50_20.70_20.80_,8_35_1_1_1_,19.66_19.52_19.40_19.31_19.30_,70_8_1_1_3_
10:46:50,19.83,1,1,19.71_19.77_20.50_20.70_20.80_,8_35_1_1_1_,19.65_19.52_19.40_19.31_19.30_,70_8_1_1_3_
10:46:50,19.83,1,1,19.71_19.77_20.50_20.70_20.80_,8_35_1_1_1_,19.65_19.52_19.40_19.31_19.30_,70_8_1_1_3_
10:47:10,19.83,1,1,19.71_19.76_20.50_20.70_20.80_,8_35_1_1_1_,19.64_19.52_19.40_19.31_19.30_,70_8_1_1_3_
10:47:10,19.83,1,1,19.71_19.76_20.50_20.70_20.80_,8_35_1_1_1_,19.64_19.52_19.40_19.31_19.30_,70_8_1_1_3_
10:47:10,19.83,1,1,19.71_19.76_20.50_20.70_20.80_,8_35_1_1_1_,19.64_19.52_19.40_19.31_19.30_,70_8_1_1_3_
10:47:10,19.83,1,1,19.71_19.76_20.50_20.70_20.80_,8_35_1_1_1_,19.64_19.52_19.40_19.31_19.30_,70_8_1_1_3_
10:47:10,19.83,1,1,19.71_19.76_20.50_20.70_20.80_,8_35_1_1_1_,19.64_19.52_19.40_19.31_19.30_,70_8_1_1_3_
10:47:10,19.83,1,1,19.71_19.76_20.50_20.70_20.80_,8_35_1_1_1_,19.64_19.52_19.40_19.31_19.30_,70_8_1_1_3_
10:47:46,19.83,1,1,19.71_19.75_20.50_20.70_20.80_,8_35_1_1_1_,19.64_19.52_19.40_19.31_19.30_,70_8_1_1_3_
10:47:46,19.83,1,1,19.71_19.75_20.50_20.70_20.80_,8_35_1_1_1_,19.64_19.52_19.40_19.31_19.30_,70_8_1_1_3_
10:48:58,19.83,1,1,19.71_19.75_20.50_20.70_20.80_,8_35_1_1_1_,19.63_19.52_19.40_19.31_19.30_,70_8_1_1_3_
10:50:15,19.83,1,1,19.71_20.50_20.70_20.80_22.00_,8_1_1_1_1_,19.63_19.52_19.40_19.31_19.30_,70_8_1_1_3_
10:50:35,19.83,1,1,19.71_19.75_20.50_20.70_20.80_,8_35_1_1_1_,19.63_19.52_19.40_19.31_19.30_,70_8_1_1_3_
10:50:56,19.83,1,1,19.71_19.77_20.50_20.70_20.80_,8_35_1_1_1_,19.65_19.52_19.40_19.31_19.30_,70_8_1_1_3_
10:50:56,19.83,1,1,19.71_19.77_20.50_20.70_20.80_,8_35_1_1_1_,19.65_19.52_19.40_19.31_19.30_,70_8_1_1_3_
10:51:32,19.83,1,1,19.73_19.77_20.50_20.70_20.80_,8_35_1_1_1_,19.65_19.54_19.40_19.31_19.30_,70_8_1_1_3_
10:51:32,19.83,1,1,19.73_19.77_20.50_20.70_20.80_,8_35_1_1_1_,19.65_19.54_19.40_19.31_19.30_,70_8_1_1_3_
10:53:19,19.83,1,1,19.73_19.78_20.50_20.70_20.80_,8_35_1_1_1_,19.66_19.54_19.40_19.31_19.30_,70_8_1_1_3_
10:53:19,19.83,1,1,19.73_19.78_20.50_20.70_20.80_,8_35_1_1_1_,19.66_19.54_19.40_19.31_19.30_,70_8_1_1_3_
10:53:19,19.83,1,1,19.73_19.78_20.50_20.70_20.80_,8_35_1_1_1_,19.66_19.54_19.40_19.31_19.30_,70_8_1_1_3_
10:53:19,19.83,1,1,19.73_19.78_20.50_20.70_20.80_,8_35_1_1_1_,19.66_19.54_19.40_19.31_19.30_,70_8_1_1_3_
10:53:19,19.83,1,1,19.73_19.78_20.50_20.70_20.80_,8_35_1_1_1_,19.66_19.54_19.40_19.31_19.30_,70_8_1_1_3_
10:53:19,19.83,1,1,19.73_19.78_20.50_20.70_20.80_,8_35_1_1_1_,19.66_19.54_19.40_19.31_19.30_,70_8_1_1_3_
10:54:41,19.83,1,1,19.73_19.77_20.50_20.70_20.80_,8_35_1_1_1_,19.65_19.54_19.40_19.31_19.30_,70_8_1_1_3_
10:54:46,19.83,1,1,19.73_19.78_20.50_20.70_20.80_,8_35_1_1_1_,19.66_19.54_19.40_19.31_19.30_,70_8_1_1_3_
10:56:28,19.83,1,1,19.73_19.80_20.50_20.70_20.80_,8_35_1_1_1_,19.68_19.54_19.40_19.31_19.30_,70_8_1_1_3_
10:57:15,19.83,1,1,19.73_19.80_20.50_20.70_20.80_,8_35_1_1_1_,19.68_19.54_19.40_19.31_19.30_,70_8_1_1_3_
10:57:15,19.83,1,1,19.73_19.80_20.50_20.70_20.80_,8_35_1_1_1_,19.68_19.54_19.40_19.31_19.30_,70_8_1_1_3_
11:02:12,19.83,1,1,19.69_19.75_20.50_20.70_20.80_,8_35_1_1_1_,19.63_19.50_19.40_19.31_19.30_,70_8_1_1_3_
11:02:12,19.83,1,1,19.69_19.75_20.50_20.70_20.80_,8_35_1_1_1_,19.63_19.50_19.40_19.31_19.30_,70_8_1_1_3_
11:02:27,19.83,1,1,19.69_19.74_20.50_20.70_20.80_,8_35_1_1_1_,19.62_19.50_19.40_19.31_19.30_,70_8_1_1_3_
11:02:32,19.83,1,1,19.69_19.76_20.50_20.70_20.80_,8_35_1_1_1_,19.64_19.50_19.40_19.31_19.30_,70_8_1_1_3_
11:02:38,19.83,1,1,19.69_19.75_20.50_20.70_20.80_,8_35_1_1_1_,19.63_19.50_19.40_19.31_19.30_,70_8_1_1_3_
11:03:08,19.83,1,1,19.69_19.74_20.50_20.70_20.80_,8_35_1_1_1_,19.62_19.50_19.40_19.31_19.30_,70_8_1_1_3_
11:03:18,19.83,1,1,19.69_19.75_20.50_20.70_20.80_,8_35_1_1_1_,19.63_19.50_19.40_19.31_19.30_,70_8_1_1_3_
11:03:24,19.83,1,1,19.69_19.75_20.50_20.70_20.80_,8_35_1_1_1_,19.64_19.50_19.40_19.31_19.30_,70_8_1_1_3_
11:03:49,19.83,1,1,19.69_19.76_20.50_20.70_20.80_,8_35_1_1_1_,19.64_19.50_19.40_19.31_19.30_,70_8_1_1_3_
11:03:49,19.83,1,1,19.69_19.76_20.50_20.70_20.80_,8_35_1_1_1_,19.64_19.50_19.40_19.31_19.30_,70_8_1_1_3_
11:03:49,19.83,1,1,19.69_19.76_20.50_20.70_20.80_,8_35_1_1_1_,19.64_19.50_19.40_19.31_19.30_,70_8_1_1_3_
11:04:25,19.83,1,1,19.69_19.76_20.50_20.70_20.80_,8_35_1_1_1_,19.65_19.50_19.40_19.31_19.30_,70_8_1_1_3_
11:05:31,19.83,1,1,19.71_19.76_20.50_20.70_20.80_,8_35_1_1_1_,19.52_19.40_19.31_19.30_19.20_,8_1_1_3_1_
11:06:33,19.83,1,1,19.71_19.76_20.50_20.70_20.80_,8_35_1_1_1_,19.64_19.52_19.40_19.31_19.30_,70_8_1_1_3_
11:07:04,19.83,1,1,19.72_19.77_20.50_20.70_20.80_,8_35_1_1_1_,19.65_19.53_19.40_19.31_19.30_,70_8_1_1_3_
11:09:12,19.83,1,1,19.70_19.76_20.50_20.70_20.80_,8_35_1_1_1_,19.64_19.51_19.40_19.31_19.30_,70_8_1_1_3_
11:09:32,19.83,1,1,19.70_19.77_20.50_20.70_20.80_,8_35_1_1_1_,19.65_19.51_19.40_19.31_19.30_,70_8_1_1_3_
11:09:32,19.83,1,1,19.70_19.77_20.50_20.70_20.80_,8_35_1_1_1_,19.65_19.51_19.40_19.31_19.30_,70_8_1_1_3_
11:09:58,19.83,1,1,19.70_19.78_20.50_20.70_20.80_,8_35_1_1_1_,19.66_19.51_19.40_19.31_19.30_,70_8_1_1_3_
11:09:58,19.83,1,1,19.70_19.78_20.50_20.70_20.80_,8_35_1_1_1_,19.66_19.51_19.40_19.31_19.30_,70_8_1_1_3_
11:10:13,19.83,1,1,19.70_19.77_20.50_20.70_20.80_,8_35_1_1_1_,19.65_19.51_19.40_19.31_19.30_,70_8_1_1_3_
11:10:13,19.83,1,1,19.70_19.77_20.50_20.70_20.80_,8_35_1_1_1_,19.65_19.51_19.40_19.31_19.30_,70_8_1_1_3_
11:10:13,19.83,1,1,19.70_19.77_20.50_20.70_20.80_,8_35_1_1_1_,19.65_19.51_19.40_19.31_19.30_,70_8_1_1_3_
11:11:35,19.83,1,1,19.69_19.77_20.50_20.70_20.80_,8_35_1_1_1_,19.65_19.51_19.40_19.31_19.30_,70_8_1_1_3_
11:12:06,19.83,1,1,19.69_19.78_20.50_20.70_20.80_,8_35_1_1_1_,19.66_19.51_19.40_19.31_19.30_,70_8_1_1_3_
11:12:06,19.83,1,1,19.69_19.78_20.50_20.70_20.80_,8_35_1_1_1_,19.66_19.51_19.40_19.31_19.30_,70_8_1_1_3_
11:12:06,19.83,1,1,19.69_19.78_20.50_20.70_20.80_,8_35_1_1_1_,19.66_19.51_19.40_19.31_19.30_,70_8_1_1_3_
11:12:06,19.83,1,1,19.69_19.78_20.50_20.70_20.80_,8_35_1_1_1_,19.66_19.51_19.40_19.31_19.30_,70_8_1_1_3_
11:13:48,19.83,1,1,19.72_19.78_20.50_20.70_20.80_,8_35_1_1_1_,19.66_19.53_19.40_19.31_19.30_,70_8_1_1_3_
11:13:48,19.83,1,1,19.72_19.78_20.50_20.70_20.80_,8_35_1_1_1_,19.66_19.53_19.40_19.31_19.30_,70_8_1_1_3_
11:14:40,19.83,1,1,19.70_19.78_20.50_20.70_20.80_,8_35_1_1_1_,19.66_19.51_19.40_19.31_19.30_,70_8_1_1_3_
11:15:00,19.83,1,1,19.70_19.76_20.50_20.70_20.80_,8_35_1_1_1_,19.64_19.51_19.40_19.31_19.30_,70_8_1_1_3_
11:15:36,19.83,1,1,19.70_19.76_20.50_20.70_20.80_,8_35_1_1_1_,19.64_19.51_19.40_19.31_19.30_,70_8_1_1_3_
11:17:23,19.83,1,1,19.73_19.77_20.50_20.70_20.80_,8_35_1_1_1_,19.65_19.54_19.40_19.31_19.30_,70_8_1_1_3_
11:17:59,19.83,1,1,19.73_19.78_20.50_20.70_20.80_,8_35_1_1_1_,19.66_19.54_19.40_19.31_19.30_,70_8_1_1_3_
11:19:16,19.83,1,1,19.73_19.78_20.50_20.70_20.80_,8_35_1_1_1_,19.66_19.54_19.40_19.31_19.30_,70_8_1_1_3_
11:19:16,19.83,1,1,19.73_19.78_20.50_20.70_20.80_,8_35_1_1_1_,19.66_19.54_19.40_19.31_19.30_,70_8_1_1_3_
11:20:59,19.83,1,1,19.73_19.78_20.50_20.70_20.80_,8_35_1_1_1_,19.66_19.54_19.40_19.31_19.30_,70_8_1_1_3_
11:20:59,19.83,1,1,19.73_19.78_20.50_20.70_20.80_,8_35_1_1_1_,19.66_19.54_19.40_19.31_19.30_,70_8_1_1_3_
11:22:05,19.83,1,1,19.74_19.78_20.50_20.70_20.80_,8_35_1_1_1_,19.66_19.55_19.40_19.31_19.30_,70_8_1_1_3_
11:22:41,19.83,1,1,19.74_19.78_20.50_20.70_20.80_,8_35_1_1_1_,19.66_19.55_19.40_19.31_19.30_,70_8_1_1_3_
11:22:52,19.83,1,1,19.78_20.50_20.70_20.80_22.00_,43_1_1_1_1_,19.66_19.59_19.40_19.31_19.30_,70_8_1_1_3_
11:22:52,19.83,1,1,19.78_20.50_20.70_20.80_22.00_,43_1_1_1_1_,19.66_19.59_19.40_19.31_19.30_,70_8_1_1_3_
11:26:01,19.68,1,2,19.78_19.79_20.50_20.70_20.80_,8_35_1_1_1_,19.67_19.60_19.40_19.31_19.30_,70_8_1_1_3_
11:26:37,19.68,1,2,19.78_19.80_20.50_20.70_20.80_,8_35_1_1_1_,19.68_19.60_19.40_19.31_19.30_,70_8_1_1_3_
11:26:37,19.68,1,2,19.78_19.80_20.50_20.70_20.80_,8_35_1_1_1_,19.68_19.60_19.40_19.31_19.30_,70_8_1_1_3_
11:26:37,19.68,1,2,19.78_19.80_20.50_20.70_20.80_,8_35_1_1_1_,19.68_19.60_19.40_19.31_19.30_,70_8_1_1_3_
11:26:37,19.68,1,2,19.78_19.80_20.50_20.70_20.80_,8_35_1_1_1_,19.68_19.60_19.40_19.31_19.30_,70_8_1_1_3_
11:26:37,19.68,1,2,19.78_19.80_20.50_20.70_20.80_,8_35_1_1_1_,19.68_19.60_19.40_19.31_19.30_,70_8_1_1_3_
11:26:37,19.68,1,2,19.78_19.80_20.50_20.70_20.80_,8_35_1_1_1_,19.68_19.60_19.40_19.31_19.30_,70_8_1_1_3_
11:27:49,19.68,1,2,19.78_19.80_20.50_20.70_20.80_,8_35_1_1_1_,19.68_19.60_19.40_19.31_19.30_,70_8_1_1_3_
11:29:47,19.68,1,2,19.78_19.80_20.50_20.70_20.80_,8_35_1_1_1_,19.68_19.60_19.40_19.31_19.30_,70_8_1_1_3_
11:29:47,19.68,1,2,19.78_19.80_20.50_20.70_20.80_,8_35_1_1_1_,19.68_19.60_19.40_19.31_19.30_,70_8_1_1_3_
11:29:47,19.68,1,2,19.78_19.80_20.50_20.70_20.80_,8_35_1_1_1_,19.68_19.60_19.40_19.31_19.30_,70_8_1_1_3_
11:31:29,19.68,1,2,19.80_19.81_20.50_20.70_20.80_,8_35_1_1_1_,19.69_19.61_19.40_19.31_19.30_,70_8_1_1_3_
11:31:45,19.68,1,2,19.78_19.81_20.50_20.70_20.80_,8_35_1_1_1_,19.69_19.59_19.40_19.31_19.30_,70_8_1_1_3_
11:32:20,19.68,1,2,19.78_19.81_20.50_20.70_20.80_,8_35_1_1_1_,19.69_19.59_19.40_19.31_19.30_,70_8_1_1_3_
11:32:25,19.68,1,2,19.78_19.80_20.50_20.70_20.80_,8_35_1_1_1_,19.68_19.59_19.40_19.31_19.30_,70_8_1_1_3_
11:32:25,19.68,1,2,19.78_19.80_20.50_20.70_20.80_,8_35_1_1_1_,19.68_19.59_19.40_19.31_19.30_,70_8_1_1_3_
11:32:25,19.68,1,2,19.78_19.80_20.50_20.70_20.80_,8_35_1_1_1_,19.68_19.59_19.40_19.31_19.30_,70_8_1_1_3_
11:32:25,19.68,1,2,19.78_19.80_20.50_20.70_20.80_,8_35_1_1_1_,19.68_19.59_19.40_19.31_19.30_,70_8_1_1_3_
11:33:17,19.68,1,2,19.78_19.81_20.50_20.70_20.80_,8_35_1_1_1_,19.69_19.59_19.40_19.31_19.30_,70_8_1_1_3_
11:33:17,19.68,1,2,19.78_19.81_20.50_20.70_20.80_,8_35_1_1_1_,19.69_19.59_19.40_19.31_19.30_,70_8_1_1_3_
11:33:27,19.68,1,2,19.78_19.80_20.50_20.70_20.80_,8_35_1_1_1_,19.68_19.59_19.40_19.31_19.30_,70_8_1_1_3_
11:33:27,19.68,1,2,19.78_19.80_20.50_20.70_20.80_,8_35_1_1_1_,19.68_19.59_19.40_19.31_19.30_,70_8_1_1_3_
11:33:27,19.68,1,2,19.78_19.80_20.50_20.70_20.80_,8_35_1_1_1_,19.68_19.59_19.40_19.31_19.30_,70_8_1_1_3_
11:33:27,19.68,1,2,19.78_19.80_20.50_20.70_20.80_,8_35_1_1_1_,19.68_19.59_19.40_19.31_19.30_,70_8_1_1_3_
11:33:52,19.68,1,2,19.78_19.81_20.50_20.70_20.80_,8_35_1_1_1_,19.69_19.59_19.40_19.31_19.30_,70_8_1_1_3_
11:33:52,19.68,1,2,19.78_19.81_20.50_20.70_20.80_,8_35_1_1_1_,19.69_19.59_19.40_19.31_19.30_,70_8_1_1_3_
11:34:13,19.68,1,2,19.80_19.81_20.50_20.70_20.80_,8_35_1_1_1_,19.69_19.62_19.40_19.31_19.30_,70_8_1_1_3_
11:37:33,19.68,1,2,19.79_19.81_20.50_20.70_20.80_,8_35_1_1_1_,19.69_19.60_19.40_19.31_19.30_,70_8_1_1_3_
11:37:33,19.68,1,2,19.79_19.81_20.50_20.70_20.80_,8_35_1_1_1_,19.69_19.60_19.40_19.31_19.30_,70_8_1_1_3_
11:37:33,19.68,1,2,19.79_19.81_20.50_20.70_20.80_,8_35_1_1_1_,19.69_19.60_19.40_19.31_19.30_,70_8_1_1_3_
11:38:04,19.68,1,2,19.79_19.80_20.50_20.70_20.80_,8_35_1_1_1_,19.69_19.60_19.40_19.31_19.30_,70_8_1_1_3_
11:38:09,19.68,1,2,19.79_19.81_20.50_20.70_20.80_,8_35_1_1_1_,19.69_19.60_19.40_19.31_19.30_,70_8_1_1_3_
11:38:14,19.68,1,2,19.79_19.80_20.50_20.70_20.80_,8_35_1_1_1_,19.68_19.60_19.40_19.31_19.30_,70_8_1_1_3_
11:38:19,19.68,1,2,19.79_19.80_20.50_20.70_20.80_,8_35_1_1_1_,19.69_19.60_19.40_19.31_19.30_,70_8_1_1_3_
11:38:24,19.68,1,2,19.79_19.81_20.50_20.70_20.80_,8_35_1_1_1_,19.69_19.60_19.40_19.31_19.30_,70_8_1_1_3_
11:38:24,19.68,1,2,19.79_19.81_20.50_20.70_20.80_,8_35_1_1_1_,19.69_19.60_19.40_19.31_19.30_,70_8_1_1_3_
11:38:34,19.68,1,2,19.79_19.80_20.50_20.70_20.80_,8_35_1_1_1_,19.69_19.60_19.40_19.31_19.30_,70_8_1_1_3_
11:38:39,19.68,1,2,19.79_19.81_20.50_20.70_20.80_,8_35_1_1_1_,19.69_19.60_19.40_19.31_19.30_,70_8_1_1_3_
11:38:45,19.68,1,2,19.79_19.82_20.50_20.70_20.80_,8_35_1_1_1_,19.70_19.60_19.40_19.31_19.30_,70_8_1_1_3_
11:39:20,19.68,1,2,19.79_19.81_20.50_20.70_20.80_,8_35_1_1_1_,19.69_19.60_19.40_19.31_19.30_,70_8_1_1_3_
11:40:01,19.68,1,2,19.77_19.82_20.50_20.70_20.80_,8_35_1_1_1_,19.70_19.58_19.40_19.31_19.30_,70_8_1_1_3_
11:40:12,19.68,1,2,19.77_19.81_20.50_20.70_20.80_,8_35_1_1_1_,19.70_19.58_19.40_19.31_19.30_,70_8_1_1_3_
11:40:12,19.68,1,2,19.77_19.81_20.50_20.70_20.80_,8_35_1_1_1_,19.70_19.58_19.40_19.31_19.30_,70_8_1_1_3_
11:40:32,19.68,1,2,19.77_19.80_20.50_20.70_20.80_,8_35_1_1_1_,19.69_19.58_19.40_19.31_19.30_,70_8_1_1_3_
11:40:42,19.68,1,2,19.77_19.81_20.50_20.70_20.80_,8_35_1_1_1_,19.69_19.58_19.40_19.31_19.30_,70_8_1_1_3_
11:40:42,19.68,1,2,19.77_19.81_20.50_20.70_20.80_,8_35_1_1_1_,19.69_19.58_19.40_19.31_19.30_,70_8_1_1_3_
11:40:58,19.68,1,2,19.77_19.82_20.50_20.70_20.80_,8_35_1_1_1_,19.70_19.58_19.40_19.31_19.30_,70_8_1_1_3_
11:40:58,19.68,1,2,19.77_19.82_20.50_20.70_20.80_,8_35_1_1_1_,19.70_19.58_19.40_19.31_19.30_,70_8_1_1_3_
11:40:58,19.68,1,2,19.77_19.82_20.50_20.70_20.80_,8_35_1_1_1_,19.70_19.58_19.40_19.31_19.30_,70_8_1_1_3_
11:41:18,19.68,1,2,19.77_19.81_20.50_20.70_20.80_,8_35_1_1_1_,19.69_19.58_19.40_19.31_19.30_,70_8_1_1_3_
11:44:12,19.68,1,2,19.77_19.81_20.50_20.70_20.80_,8_35_1_1_1_,19.69_19.58_19.40_19.31_19.30_,70_8_1_1_3_
11:44:12,19.68,1,2,19.77_19.81_20.50_20.70_20.80_,8_35_1_1_1_,19.69_19.58_19.40_19.31_19.30_,70_8_1_1_3_
11:45:03,19.68,1,2,19.77_19.81_20.50_20.70_20.80_,8_35_1_1_1_,19.69_19.58_19.40_19.31_19.30_,70_8_1_1_3_
11:45:03,19.68,1,2,19.77_19.81_20.50_20.70_20.80_,8_35_1_1_1_,19.69_19.58_19.40_19.31_19.30_,70_8_1_1_3_
11:45:03,19.68,1,2,19.77_19.81_20.50_20.70_20.80_,8_35_1_1_1_,19.69_19.58_19.40_19.31_19.30_,70_8_1_1_3_
11:45:03,19.68,1,2,19.77_19.81_20.50_20.70_20.80_,8_35_1_1_1_,19.69_19.58_19.40_19.31_19.30_,70_8_1_1_3_
11:45:03,19.68,1,2,19.77_19.81_20.50_20.70_20.80_,8_35_1_1_1_,19.69_19.58_19.40_19.31_19.30_,70_8_1_1_3_
11:45:03,19.68,1,2,19.77_19.81_20.50_20.70_20.80_,8_35_1_1_1_,19.69_19.58_19.40_19.31_19.30_,70_8_1_1_3_
11:47:12,19.68,1,2,19.77_19.81_20.50_20.70_20.80_,8_35_1_1_1_,19.69_19.58_19.40_19.31_19.30_,70_8_1_1_3_
11:47:48,19.68,1,2,19.77_19.81_20.50_20.70_20.80_,8_35_1_1_1_,19.69_19.58_19.40_19.31_19.30_,70_8_1_1_3_
11:47:48,19.68,1,2,19.77_19.81_20.50_20.70_20.80_,8_35_1_1_1_,19.69_19.58_19.40_19.31_19.30_,70_8_1_1_3_
11:47:48,19.68,1,2,19.77_19.81_20.50_20.70_20.80_,8_35_1_1_1_,19.69_19.58_19.40_19.31_19.30_,70_8_1_1_3_
11:48:19,19.68,1,2,19.77_19.80_20.50_20.70_20.80_,8_35_1_1_1_,19.68_19.58_19.40_19.31_19.30_,70_8_1_1_3_
11:49:00,19.68,1,2,19.77_19.80_20.50_20.70_20.80_,8_35_1_1_1_,19.68_19.58_19.40_19.31_19.30_,70_8_1_1_3_
11:49:20,19.68,1,2,19.77_19.80_20.50_20.70_20.80_,8_35_1_1_1_,19.68_19.58_19.40_19.31_19.30_,70_8_1_1_3_
11:49:20,19.68,1,2,19.77_19.80_20.50_20.70_20.80_,8_35_1_1_1_,19.68_19.58_19.40_19.31_19.30_,70_8_1_1_3_
11:49:30,19.68,1,2,19.77_19.81_20.50_20.70_20.80_,8_35_1_1_1_,19.69_19.58_19.40_19.31_19.30_,70_8_1_1_3_
11:49:46,19.68,1,2,19.77_19.80_20.50_20.70_20.80_,8_35_1_1_1_,19.68_19.58_19.40_19.31_19.30_,70_8_1_1_3_
11:50:16,19.68,1,2,19.77_19.80_20.50_20.70_20.80_,8_35_1_1_1_,19.68_19.58_19.40_19.31_19.30_,70_8_1_1_3_
11:50:57,19.68,1,2,19.77_19.81_20.50_20.70_20.80_,8_35_1_1_1_,19.69_19.58_19.40_19.31_19.30_,70_8_1_1_3_
11:50:57,19.68,1,2,19.77_19.81_20.50_20.70_20.80_,8_35_1_1_1_,19.69_19.58_19.40_19.31_19.30_,70_8_1_1_3_
11:51:33,19.68,1,2,19.77_19.80_20.50_20.70_20.80_,8_35_1_1_1_,19.69_19.58_19.40_19.31_19.30_,70_8_1_1_3_
11:51:49,19.68,1,2,19.77_19.81_20.50_20.70_20.80_,8_35_1_1_1_,19.69_19.58_19.40_19.31_19.30_,70_8_1_1_3_
11:52:04,19.68,1,2,19.77_19.81_20.50_20.70_20.80_,8_35_1_1_1_,19.69_19.58_19.40_19.31_19.30_,70_8_1_1_3_
11:52:09,19.68,1,2,19.77_19.80_20.50_20.70_20.80_,8_35_1_1_1_,19.69_19.58_19.40_19.31_19.30_,70_8_1_1_3_
11:52:14,19.68,1,2,19.77_19.80_20.50_20.70_20.80_,8_35_1_1_1_,19.68_19.58_19.40_19.31_19.30_,70_8_1_1_3_
11:52:45,19.68,1,2,19.75_19.81_20.50_20.70_20.80_,8_35_1_1_1_,19.69_19.56_19.40_19.31_19.30_,70_8_1_1_3_
11:53:05,19.68,1,2,19.75_19.80_20.50_20.70_20.80_,8_35_1_1_1_,19.69_19.56_19.40_19.31_19.30_,70_8_1_1_3_
11:53:10,19.68,1,2,19.75_19.80_20.50_20.70_20.80_,8_35_1_1_1_,19.68_19.56_19.40_19.31_19.30_,70_8_1_1_3_
11:53:16,19.68,1,2,19.75_19.79_20.50_20.70_20.80_,8_35_1_1_1_,19.67_19.56_19.40_19.31_19.30_,70_8_1_1_3_
11:53:16,19.68,1,2,19.75_19.79_20.50_20.70_20.80_,8_35_1_1_1_,19.67_19.56_19.40_19.31_19.30_,70_8_1_1_3_
11:53:16,19.68,1,2,19.75_19.79_20.50_20.70_20.80_,8_35_1_1_1_,19.67_19.56_19.40_19.31_19.30_,70_8_1_1_3_
11:55:39,19.68,1,2,19.75_19.81_20.50_20.70_20.80_,8_35_1_1_1_,19.69_19.56_19.40_19.31_19.30_,70_8_1_1_3_
11:56:20,19.68,1,2,19.75_19.80_20.50_20.70_20.80_,8_35_1_1_1_,19.68_19.56_19.40_19.31_19.30_,70_8_1_1_3_
11:56:25,19.68,1,2,19.75_19.81_20.50_20.70_20.80_,8_35_1_1_1_,19.69_19.56_19.40_19.31_19.30_,70_8_1_1_3_
11:56:35,19.68,1,2,19.77_19.80_20.50_20.70_20.80_,8_35_1_1_1_,19.68_19.59_19.40_19.31_19.30_,70_8_1_1_3_
11:56:46,19.68,1,2,19.77_19.81_20.50_20.70_20.80_,8_35_1_1_1_,19.69_19.59_19.40_19.31_19.30_,70_8_1_1_3_
11:58:54,19.68,1,2,19.78_19.82_20.50_20.70_20.80_,8_35_1_1_1_,19.70_19.59_19.40_19.31_19.30_,70_8_1_1_3_
11:59:25,19.68,1,2,19.80_19.81_20.50_20.70_20.80_,8_35_1_1_1_,19.69_19.62_19.40_19.31_19.30_,70_8_1_1_3_
11:59:25,19.68,1,2,19.80_19.81_20.50_20.70_20.80_,8_35_1_1_1_,19.69_19.62_19.40_19.31_19.30_,70_8_1_1_3_
11:59:25,19.68,1,2,19.80_19.81_20.50_20.70_20.80_,8_35_1_1_1_,19.69_19.62_19.40_19.31_19.30_,70_8_1_1_3_
11:59:40,19.68,1,2,19.80_19.81_20.50_20.70_20.80_,8_35_1_1_1_,19.70_19.62_19.40_19.31_19.30_,70_8_1_1_3_
11:59:40,19.68,1,2,19.80_19.81_20.50_20.70_20.80_,8_35_1_1_1_,19.70_19.62_19.40_19.31_19.30_,70_8_1_1_3_
11:59:50,19.68,1,2,19.80_19.82_20.50_20.70_20.80_,8_35_1_1_1_,19.70_19.62_19.40_19.31_19.30_,70_8_1_1_3_
11:59:55,19.68,1,2,19.80_19.81_20.50_20.70_20.80_,8_35_1_1_1_,19.70_19.62_19.40_19.31_19.30_,70_8_1_1_3_
12:00:00,19.68,1,2,19.80_19.81_20.50_20.70_20.80_,8_35_1_1_1_,19.69_19.62_19.40_19.31_19.30_,70_8_1_1_3_
12:00:11,19.68,1,2,19.79_19.82_20.50_20.70_20.80_,8_35_1_1_1_,19.70_19.60_19.40_19.31_19.30_,70_8_1_1_3_
12:00:26,19.68,1,2,19.79_19.81_20.50_20.70_20.80_,8_35_1_1_1_,19.69_19.60_19.40_19.31_19.30_,70_8_1_1_3_
12:00:26,19.68,1,2,19.79_19.81_20.50_20.70_20.80_,8_35_1_1_1_,19.69_19.60_19.40_19.31_19.30_,70_8_1_1_3_
12:00:26,19.68,1,2,19.79_19.81_20.50_20.70_20.80_,8_35_1_1_1_,19.69_19.60_19.40_19.31_19.30_,70_8_1_1_3_
12:00:41,19.68,1,2,19.79_19.82_20.50_20.70_20.80_,8_35_1_1_1_,19.70_19.60_19.40_19.31_19.30_,70_8_1_1_3_
12:01:02,19.68,1,2,19.79_19.81_20.50_20.70_20.80_,8_35_1_1_1_,19.70_19.60_19.40_19.31_19.30_,70_8_1_1_3_
12:01:12,19.68,1,2,19.79_19.81_20.50_20.70_20.80_,8_35_1_1_1_,19.69_19.60_19.40_19.31_19.30_,70_8_1_1_3_
12:01:27,19.68,1,2,19.79_19.81_20.50_20.70_20.80_,8_35_1_1_1_,19.69_19.60_19.40_19.31_19.30_,70_8_1_1_3_
12:04:57,19.68,1,2,19.81_19.82_20.50_20.70_20.80_,8_35_1_1_1_,19.71_19.63_19.40_19.31_19.30_,70_8_1_1_3_
12:05:13,19.68,1,2,19.81_19.83_20.50_20.70_20.80_,8_35_1_1_1_,19.71_19.63_19.40_19.31_19.30_,70_8_1_1_3_
12:06:29,19.68,1,2,19.80_19.82_20.50_20.70_20.80_,8_35_1_1_1_,19.71_19.61_19.40_19.31_19.30_,70_8_1_1_3_
12:06:29,19.68,1,2,19.80_19.82_20.50_20.70_20.80_,8_35_1_1_1_,19.71_19.61_19.40_19.31_19.30_,70_8_1_1_3_
12:06:29,19.68,1,2,19.80_19.82_20.50_20.70_20.80_,8_35_1_1_1_,19.71_19.61_19.40_19.31_19.30_,70_8_1_1_3_
12:06:29,19.68,1,2,19.80_19.82_20.50_20.70_20.80_,8_35_1_1_1_,19.71_19.61_19.40_19.31_19.30_,70_8_1_1_3_
12:06:55,19.68,1,2,19.80_19.83_20.50_20.70_20.80_,8_35_1_1_1_,19.71_19.61_19.40_19.31_19.30_,70_8_1_1_3_
12:07:21,19.68,1,2,19.80_19.82_20.50_20.70_20.80_,8_35_1_1_1_,19.70_19.61_19.40_19.31_19.30_,70_8_1_1_3_
12:07:21,19.68,1,2,19.80_19.82_20.50_20.70_20.80_,8_35_1_1_1_,19.70_19.61_19.40_19.31_19.30_,70_8_1_1_3_
12:07:21,19.68,1,2,19.80_19.82_20.50_20.70_20.80_,8_35_1_1_1_,19.70_19.61_19.40_19.31_19.30_,70_8_1_1_3_
12:07:21,19.68,1,2,19.80_19.82_20.50_20.70_20.80_,8_35_1_1_1_,19.70_19.61_19.40_19.31_19.30_,70_8_1_1_3_
12:07:46,19.68,1,2,19.80_19.83_20.50_20.70_20.80_,8_35_1_1_1_,19.71_19.61_19.40_19.31_19.30_,70_8_1_1_3_
12:07:46,19.68,1,2,19.80_19.83_20.50_20.70_20.80_,8_35_1_1_1_,19.71_19.61_19.40_19.31_19.30_,70_8_1_1_3_
12:07:46,19.68,1,2,19.80_19.83_20.50_20.70_20.80_,8_35_1_1_1_,19.71_19.61_19.40_19.31_19.30_,70_8_1_1_3_
12:08:02,19.68,1,2,19.80_19.82_20.50_20.70_20.80_,8_35_1_1_1_,19.70_19.61_19.40_19.31_19.30_,70_8_1_1_3_
12:10:00,19.68,1,2,19.77_19.82_20.50_20.70_20.80_,8_35_1_1_1_,19.70_19.58_19.40_19.31_19.30_,70_8_1_1_3_
12:10:25,19.68,1,2,19.79_19.82_20.50_20.70_20.80_,8_35_1_1_1_,19.70_19.61_19.40_19.31_19.30_,70_8_1_1_3_
12:10:25,19.68,1,2,19.79_19.82_20.50_20.70_20.80_,8_35_1_1_1_,19.70_19.61_19.40_19.31_19.30_,70_8_1_1_3_
12:10:36,19.68,1,2,19.77_19.82_20.50_20.70_20.80_,8_35_1_1_1_,19.70_19.59_19.40_19.31_19.30_,70_8_1_1_3_
12:11:01,19.68,1,2,19.77_19.82_20.50_20.70_20.80_,8_35_1_1_1_,19.70_19.59_19.40_19.31_19.30_,70_8_1_1_3_
12:11:32,19.68,1,2,19.77_19.82_20.50_20.70_20.80_,8_35_1_1_1_,19.70_19.59_19.40_19.31_19.30_,70_8_1_1_3_
12:12:59,19.68,1,2,19.80_19.82_20.50_20.70_20.80_,8_35_1_1_1_,19.70_19.61_19.40_19.31_19.30_,70_8_1_1_3_
12:12:59,19.68,1,2,19.80_19.82_20.50_20.70_20.80_,8_35_1_1_1_,19.70_19.61_19.40_19.31_19.30_,70_8_1_1_3_
12:13:09,19.68,1,2,19.80_19.83_20.50_20.70_20.80_,8_35_1_1_1_,19.71_19.61_19.40_19.31_19.30_,70_8_1_1_3_
12:13:09,19.68,1,2,19.80_19.83_20.50_20.70_20.80_,8_35_1_1_1_,19.71_19.61_19.40_19.31_19.30_,70_8_1_1_3_
12:13:09,19.68,1,2,19.80_19.83_20.50_20.70_20.80_,8_35_1_1_1_,19.71_19.61_19.40_19.31_19.30_,70_8_1_1_3_
12:13:50,19.68,1,2,19.80_19.82_20.50_20.70_20.80_,8_35_1_1_1_,19.71_19.61_19.40_19.31_19.30_,70_8_1_1_3_
12:14:21,19.68,1,2,19.80_19.82_20.50_20.70_20.80_,8_35_1_1_1_,19.70_19.61_19.40_19.31_19.30_,70_8_1_1_3_
12:14:21,19.68,1,2,19.80_19.82_20.50_20.70_20.80_,8_35_1_1_1_,19.70_19.61_19.40_19.31_19.30_,70_8_1_1_3_
12:15:12,19.68,1,2,19.80_19.83_20.50_20.70_20.80_,8_35_1_1_1_,19.71_19.61_19.40_19.31_19.30_,70_8_1_1_3_
12:15:12,19.68,1,2,19.80_19.83_20.50_20.70_20.80_,8_35_1_1_1_,19.71_19.61_19.40_19.31_19.30_,70_8_1_1_3_
12:15:12,19.68,1,2,19.80_19.83_20.50_20.70_20.80_,8_35_1_1_1_,19.71_19.61_19.40_19.31_19.30_,70_8_1_1_3_
12:15:12,19.68,1,2,19.80_19.83_20.50_20.70_20.80_,8_35_1_1_1_,19.71_19.61_19.40_19.31_19.30_,70_8_1_1_3_
12:15:12,19.68,1,2,19.80_19.83_20.50_20.70_20.80_,8_35_1_1_1_,19.71_19.61_19.40_19.31_19.30_,70_8_1_1_3_
12:15:12,19.68,1,2,19.80_19.83_20.50_20.70_20.80_,8_35_1_1_1_,19.71_19.61_19.40_19.31_19.30_,70_8_1_1_3_
12:15:12,19.68,1,2,19.80_19.83_20.50_20.70_20.80_,8_35_1_1_1_,19.71_19.61_19.40_19.31_19.30_,70_8_1_1_3_
12:15:12,19.68,1,2,19.80_19.83_20.50_20.70_20.80_,8_35_1_1_1_,19.71_19.61_19.40_19.31_19.30_,70_8_1_1_3_
12:15:12,19.68,1,2,19.80_19.83_20.50_20.70_20.80_,8_35_1_1_1_,19.71_19.61_19.40_19.31_19.30_,70_8_1_1_3_
12:17:10,19.68,1,2,19.77_19.82_20.50_20.70_20.80_,8_35_1_1_1_,19.70_19.58_19.40_19.31_19.30_,70_8_1_1_3_
12:17:10,19.68,1,2,19.77_19.82_20.50_20.70_20.80_,8_35_1_1_1_,19.70_19.58_19.40_19.31_19.30_,70_8_1_1_3_
12:17:26,19.68,1,2,19.77_19.83_20.50_20.70_20.80_,8_35_1_1_1_,19.71_19.58_19.40_19.31_19.30_,70_8_1_1_3_
12:17:56,19.68,1,2,19.77_19.82_20.50_20.70_20.80_,8_35_1_1_1_,19.70_19.58_19.40_19.31_19.30_,70_8_1_1_3_
12:17:56,19.68,1,2,19.77_19.82_20.50_20.70_20.80_,8_35_1_1_1_,19.70_19.58_19.40_19.31_19.30_,70_8_1_1_3_
12:17:56,19.68,1,2,19.77_19.82_20.50_20.70_20.80_,8_35_1_1_1_,19.70_19.58_19.40_19.31_19.30_,70_8_1_1_3_
12:18:32,19.68,1,2,19.77_19.81_20.50_20.70_20.80_,8_35_1_1_1_,19.70_19.58_19.40_19.31_19.30_,70_8_1_1_3_
12:18:37,19.68,1,2,19.77_19.82_20.50_20.70_20.80_,8_35_1_1_1_,19.70_19.58_19.40_19.31_19.30_,70_8_1_1_3_
12:18:42,19.68,1,2,19.77_19.81_20.50_20.70_20.80_,8_35_1_1_1_,19.69_19.58_19.40_19.31_19.30_,70_8_1_1_3_
12:19:39,19.68,1,2,19.75_19.79_20.50_20.70_20.80_,8_35_1_1_1_,19.68_19.56_19.40_19.31_19.30_,70_8_1_1_3_
12:20:10,19.68,1,2,19.75_19.81_20.50_20.70_20.80_,8_35_1_1_1_,19.69_19.56_19.40_19.31_19.30_,70_8_1_1_3_
12:20:10,19.68,1,2,19.75_19.81_20.50_20.70_20.80_,8_35_1_1_1_,19.69_19.56_19.40_19.31_19.30_,70_8_1_1_3_
12:20:56,19.68,1,2,19.77_19.81_20.50_20.70_20.80_,8_35_1_1_1_,19.69_19.59_19.40_19.31_19.30_,70_8_1_1_3_
12:20:56,19.68,1,2,19.77_19.81_20.50_20.70_20.80_,8_35_1_1_1_,19.69_19.59_19.40_19.31_19.30_,70_8_1_1_3_
12:20:56,19.68,1,2,19.77_19.81_20.50_20.70_20.80_,8_35_1_1_1_,19.69_19.59_19.40_19.31_19.30_,70_8_1_1_3_
12:20:56,19.68,1,2,19.77_19.81_20.50_20.70_20.80_,8_35_1_1_1_,19.69_19.59_19.40_19.31_19.30_,70_8_1_1_3_
12:20:56,19.68,1,2,19.77_19.81_20.50_20.70_20.80_,8_35_1_1_1_,19.69_19.59_19.40_19.31_19.30_,70_8_1_1_3_
12:21:37,19.68,1,2,19.76_19.81_20.50_20.70_20.80_,8_35_1_1_1_,19.69_19.57_19.40_19.31_19.30_,70_8_1_1_3_
12:21:37,19.68,1,2,19.76_19.81_20.50_20.70_20.80_,8_35_1_1_1_,19.69_19.57_19.40_19.31_19.30_,70_8_1_1_3_
12:21:57,19.68,1,2,19.76_19.80_20.50_20.70_20.80_,8_35_1_1_1_,19.68_19.57_19.40_19.31_19.30_,70_8_1_1_3_
12:21:57,19.68,1,2,19.76_19.80_20.50_20.70_20.80_,8_35_1_1_1_,19.68_19.57_19.40_19.31_19.30_,70_8_1_1_3_
12:22:07,19.68,1,2,19.76_19.80_20.50_20.70_20.80_,8_35_1_1_1_,19.69_19.57_19.40_19.31_19.30_,70_8_1_1_3_
12:22:13,19.68,1,2,19.76_19.81_20.50_20.70_20.80_,8_35_1_1_1_,19.69_19.57_19.40_19.31_19.30_,70_8_1_1_3_
12:22:13,19.68,1,2,19.76_19.81_20.50_20.70_20.80_,8_35_1_1_1_,19.69_19.57_19.40_19.31_19.30_,70_8_1_1_3_
12:23:40,19.68,1,2,19.76_19.80_20.50_20.70_20.80_,8_35_1_1_1_,19.69_19.57_19.40_19.31_19.30_,70_8_1_1_3_
12:23:45,19.68,1,2,19.76_19.81_20.50_20.70_20.80_,8_35_1_1_1_,19.69_19.57_19.40_19.31_19.30_,70_8_1_1_3_
12:23:45,19.68,1,2,19.76_19.81_20.50_20.70_20.80_,8_35_1_1_1_,19.69_19.57_19.40_19.31_19.30_,70_8_1_1_3_
12:23:45,19.68,1,2,19.76_19.81_20.50_20.70_20.80_,8_35_1_1_1_,19.69_19.57_19.40_19.31_19.30_,70_8_1_1_3_
12:24:00,19.68,1,2,19.76_19.81_20.50_20.70_20.80_,8_35_1_1_1_,19.70_19.57_19.40_19.31_19.30_,70_8_1_1_3_
12:24:05,19.68,1,2,19.76_19.81_20.50_20.70_20.80_,8_35_1_1_1_,19.69_19.57_19.40_19.31_19.30_,70_8_1_1_3_
12:24:05,19.68,1,2,19.76_19.81_20.50_20.70_20.80_,8_35_1_1_1_,19.69_19.57_19.40_19.31_19.30_,70_8_1_1_3_
12:24:15,19.68,1,2,19.76_19.81_20.50_20.70_20.80_,8_35_1_1_1_,19.70_19.57_19.40_19.31_19.30_,70_8_1_1_3_
12:24:21,19.68,1,2,19.76_19.81_20.50_20.70_20.80_,8_35_1_1_1_,19.69_19.57_19.40_19.31_19.30_,70_8_1_1_3_
12:24:56,19.68,1,2,19.76_19.81_20.50_20.70_20.80_,8_35_1_1_1_,19.69_19.57_19.40_19.31_19.30_,70_8_1_1_3_
12:26:13,19.68,1,2,19.76_19.81_20.50_20.70_20.80_,8_35_1_1_1_,19.70_19.57_19.40_19.31_19.30_,70_8_1_1_3_
12:26:24,19.68,1,2,19.76_19.81_20.50_20.70_20.80_,8_35_1_1_1_,19.69_19.57_19.40_19.31_19.30_,70_8_1_1_3_
12:26:29,19.68,1,2,19.76_19.82_20.50_20.70_20.80_,8_35_1_1_1_,19.70_19.57_19.40_19.31_19.30_,70_8_1_1_3_
12:26:34,19.68,1,2,19.76_19.81_20.50_20.70_20.80_,8_35_1_1_1_,19.69_19.57_19.40_19.31_19.30_,70_8_1_1_3_
12:26:34,19.68,1,2,19.76_19.81_20.50_20.70_20.80_,8_35_1_1_1_,19.69_19.57_19.40_19.31_19.30_,70_8_1_1_3_
12:26:34,19.68,1,2,19.76_19.81_20.50_20.70_20.80_,8_35_1_1_1_,19.69_19.57_19.40_19.31_19.30_,70_8_1_1_3_
12:27:51,19.68,1,2,19.73_19.79_20.50_20.70_20.80_,8_35_1_1_1_,19.67_19.55_19.40_19.31_19.30_,70_8_1_1_3_
12:27:51,19.68,1,2,19.73_19.79_20.50_20.70_20.80_,8_35_1_1_1_,19.67_19.55_19.40_19.31_19.30_,70_8_1_1_3_
12:28:42,19.68,1,2,19.72_19.79_20.50_20.70_20.80_,8_35_1_1_1_,19.67_19.53_19.40_19.31_19.30_,70_8_1_1_3_
12:30:15,19.68,1,2,19.72_19.80_20.50_20.70_20.80_,8_35_1_1_1_,19.68_19.53_19.40_19.31_19.30_,70_8_1_1_3_
12:30:15,19.68,1,2,19.72_19.80_20.50_20.70_20.80_,8_35_1_1_1_,19.68_19.53_19.40_19.31_19.30_,70_8_1_1_3_
12:30:30,19.68,1,2,19.72_19.79_20.50_20.70_20.80_,8_35_1_1_1_,19.67_19.53_19.40_19.31_19.30_,70_8_1_1_3_
12:30:30,19.68,1,2,19.72_19.79_20.50_20.70_20.80_,8_35_1_1_1_,19.67_19.53_19.40_19.31_19.30_,70_8_1_1_3_
12:30:40,19.68,1,2,19.72_19.80_20.50_20.70_20.80_,8_35_1_1_1_,19.68_19.53_19.40_19.31_19.30_,70_8_1_1_3_
12:30:40,19.68,1,2,19.72_19.80_20.50_20.70_20.80_,8_35_1_1_1_,19.68_19.53_19.40_19.31_19.30_,70_8_1_1_3_
12:30:40,19.68,1,2,19.72_19.80_20.50_20.70_20.80_,8_35_1_1_1_,19.68_19.53_19.40_19.31_19.30_,70_8_1_1_3_
12:30:40,19.68,1,2,19.72_19.80_20.50_20.70_20.80_,8_35_1_1_1_,19.68_19.53_19.40_19.31_19.30_,70_8_1_1_3_
12:30:40,19.68,1,2,19.72_19.80_20.50_20.70_20.80_,8_35_1_1_1_,19.68_19.53_19.40_19.31_19.30_,70_8_1_1_3_
12:30:40,19.68,1,2,19.72_19.80_20.50_20.70_20.80_,8_35_1_1_1_,19.68_19.53_19.40_19.31_19.30_,70_8_1_1_3_
12:30:40,19.68,1,2,19.72_19.80_20.50_20.70_20.80_,8_35_1_1_1_,19.68_19.53_19.40_19.31_19.30_,70_8_1_1_3_
12:30:40,19.68,1,2,19.72_19.80_20.50_20.70_20.80_,8_35_1_1_1_,19.68_19.53_19.40_19.31_19.30_,70_8_1_1_3_
12:31:21,19.68,1,2,19.72_19.81_20.50_20.70_20.80_,8_35_1_1_1_,19.69_19.53_19.40_19.31_19.30_,70_8_1_1_3_
12:31:26,19.68,1,2,19.74_19.80_20.50_20.70_20.80_,8_35_1_1_1_,19.68_19.56_19.40_19.31_19.30_,70_8_1_1_3_
12:31:26,19.68,1,2,19.74_19.80_20.50_20.70_20.80_,8_35_1_1_1_,19.68_19.56_19.40_19.31_19.30_,70_8_1_1_3_
12:31:26,19.68,1,2,19.74_19.80_20.50_20.70_20.80_,8_35_1_1_1_,19.68_19.56_19.40_19.31_19.30_,70_8_1_1_3_
12:31:26,19.68,1,2,19.74_19.80_20.50_20.70_20.80_,8_35_1_1_1_,19.68_19.56_19.40_19.31_19.30_,70_8_1_1_3_
12:31:26,19.68,1,2,19.74_19.80_20.50_20.70_20.80_,8_35_1_1_1_,19.68_19.56_19.40_19.31_19.30_,70_8_1_1_3_
12:31:57,19.68,1,2,19.74_19.80_20.50_20.70_20.80_,8_35_1_1_1_,19.68_19.56_19.40_19.31_19.30_,70_8_1_1_3_
12:31:57,19.68,1,2,19.74_19.80_20.50_20.70_20.80_,8_35_1_1_1_,19.68_19.56_19.40_19.31_19.30_,70_8_1_1_3_
12:31:57,19.68,1,2,19.74_19.80_20.50_20.70_20.80_,8_35_1_1_1_,19.68_19.56_19.40_19.31_19.30_,70_8_1_1_3_
12:31:57,19.68,1,2,19.74_19.80_20.50_20.70_20.80_,8_35_1_1_1_,19.68_19.56_19.40_19.31_19.30_,70_8_1_1_3_
12:31:57,19.68,1,2,19.74_19.80_20.50_20.70_20.80_,8_35_1_1_1_,19.68_19.56_19.40_19.31_19.30_,70_8_1_1_3_
12:31:57,19.68,1,2,19.74_19.80_20.50_20.70_20.80_,8_35_1_1_1_,19.68_19.56_19.40_19.31_19.30_,70_8_1_1_3_
12:33:45,19.68,1,2,19.73_19.80_20.50_20.70_20.80_,8_35_1_1_1_,19.68_19.54_19.40_19.31_19.30_,70_8_1_1_3_
12:34:10,19.68,1,2,19.73_19.79_20.50_20.70_20.80_,8_35_1_1_1_,19.68_19.54_19.40_19.31_19.30_,70_8_1_1_3_
12:34:15,19.68,1,2,19.73_19.79_20.50_20.70_20.80_,8_35_1_1_1_,19.67_19.54_19.40_19.31_19.30_,70_8_1_1_3_
12:34:36,19.68,1,2,19.73_19.80_20.50_20.70_20.80_,8_35_1_1_1_,19.68_19.54_19.40_19.31_19.30_,70_8_1_1_3_
12:35:02,19.68,1,2,19.73_19.79_20.50_20.70_20.80_,8_35_1_1_1_,19.67_19.54_19.40_19.31_19.30_,70_8_1_1_3_
12:35:37,19.68,1,2,19.76_19.80_20.50_20.70_20.80_,8_35_1_1_1_,19.68_19.57_19.40_19.31_19.30_,70_8_1_1_3_
12:36:54,19.68,1,2,19.76_19.79_20.50_20.70_20.80_,8_35_1_1_1_,19.67_19.57_19.40_19.31_19.30_,70_8_1_1_3_
12:39:33,19.68,1,2,19.74_19.79_20.50_20.70_20.80_,8_35_1_1_1_,19.67_19.55_19.40_19.31_19.30_,70_8_1_1_3_
12:40:55,19.68,1,2,19.74_19.80_20.50_20.70_20.80_,8_35_1_1_1_,19.68_19.55_19.40_19.31_19.30_,70_8_1_1_3_
12:41:52,19.68,1,2,19.74_19.80_20.50_20.70_20.80_,8_35_1_1_1_,19.68_19.55_19.40_19.31_19.30_,70_8_1_1_3_
12:42:12,19.68,1,2,19.74_19.80_20.50_20.70_20.80_,8_35_1_1_1_,19.68_19.55_19.40_19.31_19.30_,70_8_1_1_3_
12:45:01,19.68,1,2,19.76_19.81_20.50_20.70_20.80_,8_35_1_1_1_,19.69_19.57_19.40_19.31_19.30_,70_8_1_1_3_
12:45:01,19.68,1,2,19.76_19.81_20.50_20.70_20.80_,8_35_1_1_1_,19.69_19.57_19.40_19.31_19.30_,70_8_1_1_3_
12:45:01,19.68,1,2,19.76_19.81_20.50_20.70_20.80_,8_35_1_1_1_,19.69_19.57_19.40_19.31_19.30_,70_8_1_1_3_
12:45:01,19.68,1,2,19.76_19.81_20.50_20.70_20.80_,8_35_1_1_1_,19.69_19.57_19.40_19.31_19.30_,70_8_1_1_3_
12:45:01,19.68,1,2,19.76_19.81_20.50_20.70_20.80_,8_35_1_1_1_,19.69_19.57_19.40_19.31_19.30_,70_8_1_1_3_
12:45:01,19.68,1,2,19.76_19.81_20.50_20.70_20.80_,8_35_1_1_1_,19.69_19.57_19.40_19.31_19.30_,70_8_1_1_3_
12:46:54,19.68,1,2,19.73_19.80_20.50_20.70_20.80_,8_35_1_1_1_,19.68_19.54_19.40_19.31_19.30_,70_8_1_1_3_
12:48:00,19.68,1,2,19.75_19.80_20.50_20.70_20.80_,8_35_1_1_1_,19.68_19.56_19.40_19.31_19.30_,70_8_1_1_3_
12:50:04,19.68,1,2,19.75_19.80_20.50_20.70_20.80_,8_35_1_1_1_,19.68_19.56_19.40_19.31_19.30_,70_8_1_1_3_
12:50:04,19.68,1,2,19.75_19.80_20.50_20.70_20.80_,8_35_1_1_1_,19.68_19.56_19.40_19.31_19.30_,70_8_1_1_3_
12:50:04,19.68,1,2,19.75_19.80_20.50_20.70_20.80_,8_35_1_1_1_,19.68_19.56_19.40_19.31_19.30_,70_8_1_1_3_
12:50:24,19.68,1,2,19.75_19.79_20.50_20.70_20.80_,8_35_1_1_1_,19.67_19.56_19.40_19.31_19.30_,70_8_1_1_3_
12:50:29,19.68,1,2,19.75_19.79_20.50_20.70_20.80_,8_35_1_1_1_,19.68_19.56_19.40_19.31_19.30_,70_8_1_1_3_
12:50:34,19.68,1,2,19.75_19.79_20.50_20.70_20.80_,8_35_1_1_1_,19.67_19.56_19.40_19.31_19.30_,70_8_1_1_3_
12:50:34,19.68,1,2,19.75_19.79_20.50_20.70_20.80_,8_35_1_1_1_,19.67_19.56_19.40_19.31_19.30_,70_8_1_1_3_
12:50:45,19.68,1,2,19.75_19.80_20.50_20.70_20.80_,8_35_1_1_1_,19.56_19.40_19.31_19.30_19.20_,8_1_1_3_1_
12:50:50,19.68,1,2,19.75_19.80_20.50_20.70_20.80_,8_35_1_1_1_,19.68_19.56_19.40_19.31_19.30_,70_8_1_1_3_
12:53:13,19.68,1,2,19.72_19.79_20.50_20.70_20.80_,8_35_1_1_1_,19.67_19.53_19.40_19.31_19.30_,70_8_1_1_3_
12:53:13,19.68,1,2,19.72_19.79_20.50_20.70_20.80_,8_35_1_1_1_,19.67_19.53_19.40_19.31_19.30_,70_8_1_1_3_
12:53:13,19.68,1,2,19.72_19.79_20.50_20.70_20.80_,8_35_1_1_1_,19.67_19.53_19.40_19.31_19.30_,70_8_1_1_3_
12:53:13,19.68,1,2,19.72_19.79_20.50_20.70_20.80_,8_35_1_1_1_,19.67_19.53_19.40_19.31_19.30_,70_8_1_1_3_
12:54:35,19.68,1,2,19.72_19.78_20.50_20.70_20.80_,8_35_1_1_1_,19.67_19.53_19.40_19.31_19.30_,70_8_1_1_3_
12:55:16,19.68,1,2,19.72_19.78_20.50_20.70_20.80_,8_35_1_1_1_,19.66_19.53_19.40_19.31_19.30_,70_8_1_1_3_
12:55:47,19.68,1,2,19.72_19.77_20.50_20.70_20.80_,8_35_1_1_1_,19.66_19.53_19.40_19.31_19.30_,70_8_1_1_3_
12:56:28,19.68,1,2,19.70_19.77_20.50_20.70_20.80_,8_35_1_1_1_,19.66_19.51_19.40_19.31_19.30_,70_8_1_1_3_
12:57:35,19.68,1,2,19.72_19.77_20.50_20.70_20.80_,8_35_1_1_1_,19.65_19.53_19.40_19.31_19.30_,70_8_1_1_3_
12:58:41,19.68,1,2,19.72_19.76_20.50_20.70_20.80_,8_35_1_1_1_,19.65_19.53_19.40_19.31_19.30_,70_8_1_1_3_
12:58:41,19.68,1,2,19.72_19.76_20.50_20.70_20.80_,8_35_1_1_1_,19.65_19.53_19.40_19.31_19.30_,70_8_1_1_3_
12:58:52,19.68,1,2,19.72_19.77_20.50_20.70_20.80_,8_35_1_1_1_,19.65_19.53_19.40_19.31_19.30_,70_8_1_1_3_
12:59:02,19.68,1,2,19.70_19.77_20.50_20.70_20.80_,8_35_1_1_1_,19.65_19.51_19.40_19.31_19.30_,70_8_1_1_3_
12:59:02,19.68,1,2,19.70_19.77_20.50_20.70_20.80_,8_35_1_1_1_,19.65_19.51_19.40_19.31_19.30_,70_8_1_1_3_
12:59:02,19.68,1,2,19.70_19.77_20.50_20.70_20.80_,8_35_1_1_1_,19.65_19.51_19.40_19.31_19.30_,70_8_1_1_3_
12:59:02,19.68,1,2,19.70_19.77_20.50_20.70_20.80_,8_35_1_1_1_,19.65_19.51_19.40_19.31_19.30_,70_8_1_1_3_
12:59:02,19.68,1,2,19.70_19.77_20.50_20.70_20.80_,8_35_1_1_1_,19.65_19.51_19.40_19.31_19.30_,70_8_1_1_3_
