09:00:30,19.15,1,153,19.20_19.25_19.30_19.35_19.40_,60_81_216_142_136_,19.15_19.10_19.05_19.00_18.95_,284_126_522_768_304_
09:00:40,19.15,1,153,19.20_19.25_19.30_19.35_19.40_,60_81_216_142_136_,19.15_19.10_19.05_19.00_18.95_,289_126_522_768_304_
09:00:40,19.15,1,153,19.20_19.25_19.30_19.35_19.40_,60_81_216_142_136_,19.15_19.10_19.05_19.00_18.95_,289_126_522_768_304_
09:00:40,19.15,1,153,19.20_19.25_19.30_19.35_19.40_,60_81_216_142_136_,19.15_19.10_19.05_19.00_18.95_,289_126_522_768_304_
09:01:06,19.15,1,153,19.20_19.25_19.30_19.35_19.40_,58_81_217_142_136_,19.15_19.10_19.05_19.00_18.95_,291_124_717_785_304_
09:01:11,19.15,1,153,19.20_19.25_19.30_19.35_19.40_,58_81_217_142_136_,19.15_19.10_19.05_19.00_18.95_,291_123_717_785_304_
09:01:11,19.15,1,153,19.20_19.25_19.30_19.35_19.40_,58_81_217_142_136_,19.15_19.10_19.05_19.00_18.95_,291_123_717_785_304_
09:01:37,19.15,1,153,19.20_19.25_19.30_19.35_19.40_,59_81_217_142_136_,19.15_19.10_19.05_19.00_18.95_,291_128_717_785_304_
09:01:42,19.15,1,153,19.20_19.25_19.30_19.35_19.40_,59_81_217_142_136_,19.15_19.10_19.05_19.00_18.95_,291_128_717_786_304_
09:02:17,19.15,2,172,19.20_19.25_19.30_19.35_19.40_,49_81_218_142_136_,19.15_19.10_19.05_19.00_18.95_,287_146_818_784_306_
09:02:28,19.20,2,180,19.20_19.25_19.30_19.35_19.40_,41_81_218_142_136_,19.15_19.10_19.05_19.00_18.95_,283_148_817_781_306_
09:02:48,19.20,1,181,19.20_19.25_19.30_19.35_19.40_,38_92_219_142_134_,19.15_19.10_19.05_19.00_18.95_,285_127_817_874_311_
09:02:48,19.20,1,181,19.20_19.25_19.30_19.35_19.40_,38_92_219_142_134_,19.15_19.10_19.05_19.00_18.95_,285_127_817_874_311_
09:03:04,19.20,1,183,19.20_19.25_19.30_19.35_19.40_,39_91_218_142_134_,19.15_19.10_19.05_19.00_18.95_,286_117_817_883_311_
09:03:09,19.20,1,184,19.20_19.25_19.30_19.35_19.40_,38_91_218_142_134_,19.15_19.10_19.05_19.00_18.95_,286_117_817_883_311_
09:03:14,19.15,1,185,19.20_19.25_19.30_19.35_19.40_,38_91_218_142_134_,19.15_19.10_19.05_19.00_18.95_,285_117_817_883_321_
09:03:29,19.15,5,190,19.20_19.25_19.30_19.35_19.40_,37_91_219_143_134_,19.15_19.10_19.05_19.00_18.95_,277_201_825_791_321_
09:05:12,19.20,4,237,19.20_19.25_19.30_19.35_19.40_,4_91_270_148_139_,19.15_19.10_19.05_19.00_18.95_,303_118_794_879_321_
09:07:04,19.25,1,262,19.25_19.30_19.35_19.40_19.45_,80_264_149_143_296_,19.20_19.15_19.10_19.05_19.00_,138_70_523_961_699_
09:07:50,19.25,3,308,19.25_19.30_19.35_19.40_19.45_,51_267_156_162_307_,19.20_19.15_19.10_19.05_19.00_,151_72_546_961_699_
09:07:56,19.25,4,312,19.25_19.30_19.35_19.40_19.45_,46_266_157_162_307_,19.20_19.15_19.10_19.05_19.00_,154_72_548_952_699_
09:08:01,19.20,2,314,19.25_19.30_19.35_19.40_19.45_,45_266_157_162_307_,19.20_19.15_19.10_19.05_19.00_,154_72_548_952_700_
09:08:06,19.20,2,314,19.25_19.30_19.35_19.40_19.45_,45_266_157_162_307_,19.20_19.15_19.10_19.05_19.00_,154_72_548_950_700_
09:08:11,19.25,9,323,19.25_19.30_19.35_19.40_19.45_,55_266_157_162_307_,19.20_19.15_19.10_19.05_19.00_,154_72_547_950_700_
09:08:16,19.25,3,326,19.25_19.30_19.35_19.40_19.45_,54_266_157_162_307_,19.20_19.15_19.10_19.05_19.00_,154_74_547_950_700_
09:08:21,19.25,1,327,19.25_19.30_19.35_19.40_19.45_,55_271_156_167_307_,19.20_19.15_19.10_19.05_19.00_,154_74_547_950_700_
09:09:07,19.25,6,342,19.25_19.30_19.35_19.40_19.45_,26_275_168_173_307_,19.20_19.15_19.10_19.05_19.00_,144_113_549_914_700_
09:09:12,19.25,1,343,19.25_19.30_19.35_19.40_19.45_,24_275_197_173_307_,19.20_19.15_19.10_19.05_19.00_,143_113_548_914_700_
09:09:48,19.25,2,356,19.25_19.30_19.35_19.40_19.45_,15_275_207_173_307_,19.20_19.15_19.10_19.05_19.00_,146_111_546_916_700_
09:10:04,19.25,1,357,19.25_19.30_19.35_19.40_19.45_,18_275_167_173_308_,19.20_19.15_19.10_19.05_19.00_,146_111_546_916_700_
09:10:14,19.25,1,357,19.25_19.30_19.35_19.40_19.45_,20_275_167_173_308_,19.20_19.15_19.10_19.05_19.00_,146_111_546_916_700_
09:10:29,19.25,15,377,19.30_19.35_19.40_19.45_19.50_,280_167_173_308_363_,19.25_19.20_19.15_19.10_19.05_,1_150_124_545_893_
09:10:34,19.25,1,378,19.30_19.35_19.40_19.45_19.50_,266_205_173_308_363_,19.25_19.20_19.15_19.10_19.05_,26_128_384_700_461_
09:10:50,19.25,4,388,19.30_19.35_19.40_19.45_19.50_,267_247_182_317_363_,19.25_19.20_19.15_19.10_19.05_,153_45_472_657_367_
09:11:36,19.25,2,446,19.30_19.35_19.40_19.45_19.50_,271_256_188_317_379_,19.25_19.20_19.15_19.10_19.05_,158_29_472_692_367_
09:12:07,19.25,2,448,19.30_19.35_19.40_19.45_19.50_,283_256_200_317_379_,19.25_19.20_19.15_19.10_19.05_,161_25_472_692_367_
09:12:12,19.30,3,451,19.30_19.35_19.40_19.45_19.50_,280_256_200_317_379_,19.25_19.20_19.15_19.10_19.05_,161_28_472_692_367_
09:12:53,19.25,3,490,19.30_19.35_19.40_19.45_19.50_,281_262_205_317_399_,19.25_19.20_19.15_19.10_19.05_,149_18_472_691_368_
09:14:04,19.20,13,755,19.25_19.30_19.35_19.40_19.45_,48_288_186_212_308_,19.20_19.15_19.10_19.05_19.00_,61_136_393_875_711_
09:14:35,19.20,3,839,19.20_19.25_19.30_19.35_19.40_,44_91_244_185_203_,19.15_19.10_19.05_19.00_18.95_,182_178_635_1150_330_
09:14:40,19.20,3,842,19.20_19.25_19.30_19.35_19.40_,40_61_244_185_203_,19.15_19.10_19.05_19.00_18.95_,207_179_630_1150_330_
09:14:50,19.15,4,847,19.20_19.25_19.30_19.35_19.40_,39_59_244_185_203_,19.15_19.10_19.05_19.00_18.95_,212_178_622_1150_330_
09:16:43,19.15,3,968,19.20_19.25_19.30_19.35_19.40_,29_120_213_195_202_,19.15_19.10_19.05_19.00_18.95_,124_175_638_1151_322_
09:16:48,19.15,3,968,19.20_19.25_19.30_19.35_19.40_,27_120_214_195_202_,19.15_19.10_19.05_19.00_18.95_,124_176_638_1151_322_
09:17:04,19.20,3,971,19.20_19.25_19.30_19.35_19.40_,24_120_264_195_202_,19.15_19.10_19.05_19.00_18.95_,124_176_638_1151_322_
09:17:24,19.15,1,980,19.20_19.25_19.30_19.35_19.40_,25_120_263_195_192_,19.15_19.10_19.05_19.00_18.95_,141_178_638_1151_322_
09:17:45,19.15,1,980,19.20_19.25_19.30_19.35_19.40_,24_120_264_195_193_,19.15_19.10_19.05_19.00_18.95_,176_171_613_1151_324_
09:18:05,19.15,3,998,19.20_19.25_19.30_19.35_19.40_,25_140_264_195_193_,19.15_19.10_19.05_19.00_18.95_,160_169_615_1151_324_
09:18:21,19.15,6,1018,19.20_19.25_19.30_19.35_19.40_,20_140_265_195_193_,19.15_19.10_19.05_19.00_18.95_,188_164_620_1152_324_
09:19:01,19.15,5,1054,19.20_19.25_19.30_19.35_19.40_,30_149_263_195_193_,19.15_19.10_19.05_19.00_18.95_,201_163_603_1157_724_
09:19:42,19.15,5,1076,19.20_19.25_19.30_19.35_19.40_,82_195_263_195_193_,19.15_19.10_19.05_19.00_18.95_,215_160_598_1162_724_
09:20:23,19.15,1,1104,19.20_19.25_19.30_19.35_19.40_,86_196_263_195_193_,19.15_19.10_19.05_19.00_18.95_,195_158_600_1162_724_
09:22:47,19.10,2,1518,19.10_19.15_19.20_19.25_19.30_,29_175_100_163_257_,19.05_19.00_18.95_18.90_18.85_,351_740_1021_880_240_
09:23:02,19.05,1,1526,19.10_19.15_19.20_19.25_19.30_,26_166_100_163_260_,19.05_19.00_18.95_18.90_18.85_,349_741_1022_880_240_
09:24:24,19.05,12,1587,19.10_19.15_19.20_19.25_19.30_,22_144_100_163_262_,19.05_19.00_18.95_18.90_18.85_,318_762_1035_950_245_
09:24:29,19.05,15,1602,19.10_19.15_19.20_19.25_19.30_,22_144_100_163_262_,19.05_19.00_18.95_18.90_18.85_,309_762_1036_955_245_
09:24:34,19.05,3,1605,19.10_19.15_19.20_19.25_19.30_,22_144_100_163_262_,19.05_19.00_18.95_18.90_18.85_,306_762_1036_955_245_
09:25:00,19.05,4,1629,19.10_19.15_19.20_19.25_19.30_,28_167_110_163_262_,19.05_19.00_18.95_18.90_18.85_,299_765_1035_956_245_
09:25:15,19.05,1,1641,19.10_19.15_19.20_19.25_19.30_,33_143_110_163_262_,19.05_19.00_18.95_18.90_18.85_,285_771_1035_956_245_
09:25:51,19.10,7,1678,19.10_19.15_19.20_19.25_19.30_,37_169_109_163_262_,19.05_19.00_18.95_18.90_18.85_,259_776_1035_954_245_
09:25:51,19.10,7,1678,19.10_19.15_19.20_19.25_19.30_,37_169_109_163_262_,19.05_19.00_18.95_18.90_18.85_,259_776_1035_954_245_
09:26:01,19.05,2,1680,19.10_19.15_19.20_19.25_19.30_,38_168_109_163_262_,19.05_19.00_18.95_18.90_18.85_,256_778_1035_954_245_
09:26:06,19.05,2,1680,19.10_19.15_19.20_19.25_19.30_,38_168_109_163_262_,19.05_19.00_18.95_18.90_18.85_,263_775_1040_954_245_
09:26:11,19.05,2,1680,19.10_19.15_19.20_19.25_19.30_,38_168_109_163_262_,19.05_19.00_18.95_18.90_18.85_,264_869_1040_954_245_
09:26:11,19.05,2,1680,19.10_19.15_19.20_19.25_19.30_,38_168_109_163_262_,19.05_19.00_18.95_18.90_18.85_,264_869_1040_954_245_
09:26:52,19.10,3,1688,19.10_19.15_19.20_19.25_19.30_,65_168_109_162_262_,19.05_19.00_18.95_18.90_18.85_,263_871_1040_959_245_
09:26:57,19.10,3,1688,19.10_19.15_19.20_19.25_19.30_,65_168_109_162_262_,19.05_19.00_18.95_18.90_18.85_,263_879_1040_959_245_
09:26:57,19.10,3,1688,19.10_19.15_19.20_19.25_19.30_,65_168_109_162_262_,19.05_19.00_18.95_18.90_18.85_,263_879_1040_959_245_
09:27:13,19.10,3,1688,19.10_19.15_19.20_19.25_19.30_,66_168_108_162_262_,19.05_19.00_18.95_18.90_18.85_,263_880_1040_959_245_
09:27:33,19.10,10,1698,19.10_19.15_19.20_19.25_19.30_,60_173_108_162_262_,19.05_19.00_18.95_18.90_18.85_,265_880_1040_959_245_
09:27:44,19.05,5,1703,19.10_19.15_19.20_19.25_19.30_,63_173_108_162_262_,19.05_19.00_18.95_18.90_18.85_,263_881_1040_960_245_
09:27:49,19.05,10,1713,19.10_19.15_19.20_19.25_19.30_,63_174_108_162_262_,19.05_19.00_18.95_18.90_18.85_,253_881_1040_961_245_
09:28:04,19.05,2,1723,19.10_19.15_19.20_19.25_19.30_,63_174_108_162_262_,19.05_19.00_18.95_18.90_18.85_,248_881_1040_962_245_
09:28:55,19.05,4,1773,19.10_19.15_19.20_19.25_19.30_,85_190_118_162_262_,19.05_19.00_18.95_18.90_18.85_,204_881_1041_963_245_
09:29:01,19.05,4,1773,19.10_19.15_19.20_19.25_19.30_,85_190_118_162_262_,19.05_19.00_18.95_18.90_18.85_,204_880_1041_963_245_
09:29:47,19.05,58,1862,19.10_19.15_19.20_19.25_19.30_,93_194_118_162_262_,19.05_19.00_18.95_18.90_18.85_,138_883_1041_967_245_
09:32:46,19.00,24,2856,19.05_19.10_19.15_19.20_19.25_,71_168_131_148_162_,19.00_18.95_18.90_18.85_18.80_,524_808_890_1036_410_
09:34:18,19.00,1,2939,19.05_19.10_19.15_19.20_19.25_,73_119_128_133_151_,19.00_18.95_18.90_18.85_18.80_,498_811_920_1050_418_
09:34:23,19.00,18,2957,19.05_19.10_19.15_19.20_19.25_,109_119_128_133_151_,19.00_18.95_18.90_18.85_18.80_,480_811_920_1051_418_
09:34:28,19.00,3,2960,19.05_19.10_19.15_19.20_19.25_,104_119_128_139_151_,19.00_18.95_18.90_18.85_18.80_,647_812_920_1051_418_
09:34:33,19.00,13,2973,19.05_19.10_19.15_19.20_19.25_,104_119_128_139_151_,19.00_18.95_18.90_18.85_18.80_,634_811_921_1051_418_
09:34:38,19.00,21,2994,19.05_19.10_19.15_19.20_19.25_,104_119_128_139_151_,19.00_18.95_18.90_18.85_18.80_,617_807_925_1051_418_
09:35:04,19.05,108,3113,19.10_19.15_19.20_19.25_19.30_,119_128_139_151_280_,19.05_19.00_18.95_18.90_18.85_,25_489_807_934_1052_
09:35:40,19.05,1,3128,19.10_19.15_19.20_19.25_19.30_,110_206_120_184_280_,19.05_19.00_18.95_18.90_18.85_,34_505_1063_1047_674_
09:38:03,19.00,1,3629,19.05_19.10_19.15_19.20_19.25_,206_126_128_135_150_,19.00_18.95_18.90_18.85_18.80_,215_419_997_689_831_
09:38:14,19.00,31,3660,19.05_19.10_19.15_19.20_19.25_,222_184_158_135_150_,19.00_18.95_18.90_18.85_18.80_,197_423_997_689_822_
09:38:19,19.00,24,3684,19.05_19.10_19.15_19.20_19.25_,222_184_158_135_150_,19.00_18.95_18.90_18.85_18.80_,173_423_1017_1089_822_
09:38:29,19.00,2,3686,19.05_19.10_19.15_19.20_19.25_,222_184_158_135_150_,19.00_18.95_18.90_18.85_18.80_,159_421_1017_1089_822_
09:39:10,19.05,3,3746,19.05_19.10_19.15_19.20_19.25_,232_185_158_136_150_,19.00_18.95_18.90_18.85_18.80_,109_424_1018_1089_823_
09:41:03,18.95,14,3947,19.00_19.05_19.10_19.15_19.20_,272_163_77_182_116_,18.95_18.90_18.85_18.80_18.75_,434_793_984_1219_224_
09:42:04,18.95,46,4012,19.00_19.05_19.10_19.15_19.20_,173_124_77_182_116_,18.95_18.90_18.85_18.80_18.75_,447_986_988_1220_226_
09:45:19,19.00,10,4279,19.00_19.05_19.10_19.15_19.20_,84_164_77_175_122_,18.95_18.90_18.85_18.80_18.75_,367_963_1403_1258_245_
09:46:46,19.00,10,4813,19.00_19.05_19.10_19.15_19.20_,212_183_78_176_122_,18.95_18.90_18.85_18.80_18.75_,84_1042_1420_1267_245_
09:46:51,19.00,2,4815,19.00_19.05_19.10_19.15_19.20_,253_182_78_176_122_,18.95_18.90_18.85_18.80_18.75_,119_1007_1419_1267_245_
09:46:56,18.95,1,4816,19.00_19.05_19.10_19.15_19.20_,263_182_78_176_122_,18.95_18.90_18.85_18.80_18.75_,118_1007_1419_1267_245_
09:48:33,18.95,2,4831,19.00_19.05_19.10_19.15_19.20_,365_184_58_177_122_,18.95_18.90_18.85_18.80_18.75_,201_1051_1420_1278_260_
09:48:38,18.95,7,4838,19.00_19.05_19.10_19.15_19.20_,365_184_58_177_122_,18.95_18.90_18.85_18.80_18.75_,194_1051_1420_1279_260_
09:48:43,18.95,1,4839,19.00_19.05_19.10_19.15_19.20_,365_184_58_177_122_,18.95_18.90_18.85_18.80_18.75_,193_1054_1420_1279_260_
09:49:14,18.95,1,4899,19.00_19.05_19.10_19.15_19.20_,364_143_58_177_122_,18.95_18.90_18.85_18.80_18.75_,143_1053_1420_1288_260_
09:49:19,18.95,11,4910,19.00_19.05_19.10_19.15_19.20_,364_144_59_177_122_,18.95_18.90_18.85_18.80_18.75_,132_1054_1420_1288_260_
09:50:21,18.95,12,4971,19.00_19.05_19.10_19.15_19.20_,424_128_59_178_123_,18.95_18.90_18.85_18.80_18.75_,132_1063_1420_1311_260_
09:52:54,18.90,12,5391,18.95_19.00_19.05_19.10_19.15_,300_167_105_83_154_,18.90_18.85_18.80_18.75_18.70_,912_1181_1194_649_48_
09:54:52,18.90,5,5462,18.95_19.00_19.05_19.10_19.15_,383_155_105_85_154_,18.90_18.85_18.80_18.75_18.70_,859_1198_1197_660_60_
09:56:24,18.95,3,5559,18.95_19.00_19.05_19.10_19.15_,390_160_105_95_154_,18.90_18.85_18.80_18.75_18.70_,818_1489_1206_580_88_
09:57:20,18.90,1,5636,18.95_19.00_19.05_19.10_19.15_,393_190_105_95_154_,18.90_18.85_18.80_18.75_18.70_,813_1483_1208_580_89_
09:57:26,18.90,11,5647,18.95_19.00_19.05_19.10_19.15_,393_190_105_95_154_,18.90_18.85_18.80_18.75_18.70_,804_1483_1208_580_89_
09:58:02,18.90,11,5763,18.95_19.00_19.05_19.10_19.15_,390_190_105_95_154_,18.90_18.85_18.80_18.75_18.70_,702_1485_1234_580_89_
09:58:53,18.90,6,5861,18.95_19.00_19.05_19.10_19.15_,379_190_109_94_154_,18.90_18.85_18.80_18.75_18.70_,681_1496_1234_585_90_
09:59:29,18.90,1,5918,18.95_19.00_19.05_19.10_19.15_,379_151_109_94_154_,18.90_18.85_18.80_18.75_18.70_,608_1504_1239_585_90_
09:59:34,18.90,2,5920,18.95_19.00_19.05_19.10_19.15_,397_101_109_94_154_,18.90_18.85_18.80_18.75_18.70_,607_1504_1239_585_90_
10:00:41,18.95,2,6041,18.95_19.00_19.05_19.10_19.15_,381_106_112_85_154_,18.90_18.85_18.80_18.75_18.70_,551_1502_1243_985_92_
10:00:46,18.90,13,6054,18.95_19.00_19.05_19.10_19.15_,440_106_112_85_154_,18.90_18.85_18.80_18.75_18.70_,548_1502_1244_985_92_
10:00:51,18.90,7,6061,18.95_19.00_19.05_19.10_19.15_,440_106_112_85_154_,18.90_18.85_18.80_18.75_18.70_,551_1502_1244_985_92_
10:01:27,18.90,2,6096,18.95_19.00_19.05_19.10_19.15_,434_130_112_105_155_,18.90_18.85_18.80_18.75_18.70_,569_1503_1259_985_92_
10:01:32,18.95,9,6105,18.95_19.00_19.05_19.10_19.15_,431_130_112_105_155_,18.90_18.85_18.80_18.75_18.70_,581_1495_1259_985_104_
10:01:37,18.90,27,6132,18.95_19.00_19.05_19.10_19.15_,431_145_112_95_155_,18.90_18.85_18.80_18.75_18.70_,557_1416_1259_1073_107_
10:01:42,18.90,5,6137,18.95_19.00_19.05_19.10_19.15_,431_145_112_95_155_,18.90_18.85_18.80_18.75_18.70_,573_1414_1259_1073_107_
10:01:47,18.90,13,6150,18.95_19.00_19.05_19.10_19.15_,446_145_112_95_155_,18.90_18.85_18.80_18.75_18.70_,567_1415_1259_1073_107_
10:01:52,18.90,63,6213,18.95_19.00_19.05_19.10_19.15_,446_145_112_95_155_,18.90_18.85_18.80_18.75_18.70_,504_1415_1259_1073_107_
10:01:58,18.90,3,6216,18.95_19.00_19.05_19.10_19.15_,446_145_112_95_155_,18.90_18.85_18.80_18.75_18.70_,501_1416_1259_1073_107_
10:02:03,18.90,5,6221,18.95_19.00_19.05_19.10_19.15_,446_145_112_95_155_,18.90_18.85_18.80_18.75_18.70_,496_1416_1259_1073_107_
10:02:08,18.90,5,6221,18.95_19.00_19.05_19.10_19.15_,449_145_112_95_155_,18.90_18.85_18.80_18.75_18.70_,497_1418_1259_1073_107_
10:02:13,18.90,12,6233,18.95_19.00_19.05_19.10_19.15_,458_145_112_95_155_,18.90_18.85_18.80_18.75_18.70_,486_1418_1259_1073_107_
10:02:13,18.90,12,6233,18.95_19.00_19.05_19.10_19.15_,458_145_112_95_155_,18.90_18.85_18.80_18.75_18.70_,486_1418_1259_1073_107_
10:02:18,18.90,12,6233,18.95_19.00_19.05_19.10_19.15_,458_145_112_95_155_,18.90_18.85_18.80_18.75_18.70_,488_1417_1261_1073_107_
10:02:49,18.90,1,6301,18.95_19.00_19.05_19.10_19.15_,427_145_112_95_155_,18.90_18.85_18.80_18.75_18.70_,521_1416_1260_1073_107_
10:03:30,18.95,2,6318,18.95_19.00_19.05_19.10_19.15_,491_197_112_94_155_,18.90_18.85_18.80_18.75_18.70_,521_1425_1284_1082_98_
10:03:45,18.95,3,6324,18.95_19.00_19.05_19.10_19.15_,499_198_112_94_155_,18.90_18.85_18.80_18.75_18.70_,519_1429_1284_1082_98_
10:04:00,18.90,67,6392,18.95_19.00_19.05_19.10_19.15_,434_197_112_94_155_,18.90_18.85_18.80_18.75_18.70_,464_1429_1284_1082_98_
10:04:26,18.95,5,6402,18.95_19.00_19.05_19.10_19.15_,433_197_112_97_155_,18.90_18.85_18.80_18.75_18.70_,470_1429_1285_1082_98_
10:04:36,18.90,1,6403,18.95_19.00_19.05_19.10_19.15_,433_197_112_97_155_,18.90_18.85_18.80_18.75_18.70_,472_1429_1288_1082_98_
10:06:24,18.90,20,6583,18.95_19.00_19.05_19.10_19.15_,398_121_112_97_55_,18.90_18.85_18.80_18.75_18.70_,374_1453_1293_1083_100_
10:07:36,18.90,1,6750,18.95_19.00_19.05_19.10_19.15_,474_145_112_97_55_,18.90_18.85_18.80_18.75_18.70_,336_1461_1305_1082_101_
10:07:46,18.90,1,6751,18.95_19.00_19.05_19.10_19.15_,474_145_112_97_55_,18.90_18.85_18.80_18.75_18.70_,335_1463_1307_1082_101_
10:07:51,18.90,53,6804,18.95_19.00_19.05_19.10_19.15_,474_145_113_97_55_,18.90_18.85_18.80_18.75_18.70_,294_1463_1307_1082_101_
10:07:56,18.90,3,6807,18.95_19.00_19.05_19.10_19.15_,474_145_113_97_55_,18.90_18.85_18.80_18.75_18.70_,256_1463_1307_1082_101_
10:08:06,18.90,30,6838,18.95_19.00_19.05_19.10_19.15_,465_195_113_97_55_,18.90_18.85_18.80_18.75_18.70_,224_1465_1307_1082_101_
10:08:12,18.90,4,6842,18.95_19.00_19.05_19.10_19.15_,465_195_113_97_55_,18.90_18.85_18.80_18.75_18.70_,232_1465_1311_1082_101_
10:08:17,18.90,5,6847,18.95_19.00_19.05_19.10_19.15_,460_195_113_97_55_,18.90_18.85_18.80_18.75_18.70_,227_1465_1311_1082_101_
10:08:17,18.90,5,6847,18.95_19.00_19.05_19.10_19.15_,460_195_113_97_55_,18.90_18.85_18.80_18.75_18.70_,227_1465_1311_1082_101_
10:09:08,18.95,1,6865,18.95_19.00_19.05_19.10_19.15_,538_195_113_97_55_,18.90_18.85_18.80_18.75_18.70_,234_1462_1312_1087_106_
10:09:13,18.90,2,6867,18.95_19.00_19.05_19.10_19.15_,538_195_113_97_55_,18.90_18.85_18.80_18.75_18.70_,233_1466_1312_1087_106_
10:11:37,18.85,22,7317,18.90_18.95_19.00_19.05_19.10_,423_217_63_124_73_,18.85_18.80_18.75_18.70_18.65_,878_1070_964_901_31_
10:11:52,18.85,1,7324,18.90_18.95_19.00_19.05_19.10_,422_217_63_124_73_,18.85_18.80_18.75_18.70_18.65_,542_1074_964_902_31_
10:12:12,18.85,11,7432,18.90_18.95_19.00_19.05_19.10_,437_202_63_124_73_,18.85_18.80_18.75_18.70_18.65_,434_1097_969_900_32_
10:12:17,18.85,5,7437,18.90_18.95_19.00_19.05_19.10_,491_225_63_124_73_,18.85_18.80_18.75_18.70_18.65_,431_1097_969_903_32_
10:12:23,18.85,5,7437,18.90_18.95_19.00_19.05_19.10_,491_225_63_124_73_,18.85_18.80_18.75_18.70_18.65_,420_1107_969_903_32_
10:12:23,18.85,5,7437,18.90_18.95_19.00_19.05_19.10_,491_225_63_124_73_,18.85_18.80_18.75_18.70_18.65_,420_1107_969_903_32_
10:12:33,18.85,19,7456,18.90_18.95_19.00_19.05_19.10_,489_225_63_126_73_,18.85_18.80_18.75_18.70_18.65_,407_1108_969_904_32_
10:12:33,18.85,19,7456,18.90_18.95_19.00_19.05_19.10_,489_225_63_126_73_,18.85_18.80_18.75_18.70_18.65_,407_1108_969_904_32_
10:12:48,18.85,2,7458,18.90_18.95_19.00_19.05_19.10_,489_225_63_126_73_,18.85_18.80_18.75_18.70_18.65_,404_1109_969_904_32_
10:13:34,18.90,3,7470,18.90_18.95_19.00_19.05_19.10_,486_265_107_126_73_,18.85_18.80_18.75_18.70_18.65_,408_1107_971_904_33_
10:13:44,18.85,2,7473,18.90_18.95_19.00_19.05_19.10_,485_265_107_126_73_,18.85_18.80_18.75_18.70_18.65_,413_1112_971_904_33_
10:13:50,18.85,2,7473,18.90_18.95_19.00_19.05_19.10_,486_265_107_126_73_,18.85_18.80_18.75_18.70_18.65_,413_1112_971_904_33_
10:13:55,18.85,1,7474,18.90_18.95_19.00_19.05_19.10_,486_266_107_126_73_,18.85_18.80_18.75_18.70_18.65_,442_1112_971_904_33_
10:14:00,18.85,1,7475,18.90_18.95_19.00_19.05_19.10_,485_266_107_126_73_,18.85_18.80_18.75_18.70_18.65_,441_1112_971_904_33_
10:14:05,18.85,1,7476,18.90_18.95_19.00_19.05_19.10_,485_266_107_126_73_,18.85_18.80_18.75_18.70_18.65_,448_1112_971_904_33_
10:14:15,18.90,5,7483,18.90_18.95_19.00_19.05_19.10_,480_266_107_126_73_,18.85_18.80_18.75_18.70_18.65_,457_1110_971_904_33_
10:14:25,18.85,10,7496,18.90_18.95_19.00_19.05_19.10_,475_266_107_126_73_,18.85_18.80_18.75_18.70_18.65_,453_1112_971_904_33_
10:15:22,18.90,1,7644,18.90_18.95_19.00_19.05_19.10_,435_192_107_125_73_,18.85_18.80_18.75_18.70_18.65_,350_1113_970_908_33_
10:15:42,18.85,10,7674,18.90_18.95_19.00_19.05_19.10_,449_241_177_195_73_,18.85_18.80_18.75_18.70_18.65_,327_1101_970_908_47_
10:15:48,18.85,11,7685,18.90_18.95_19.00_19.05_19.10_,449_241_177_195_73_,18.85_18.80_18.75_18.70_18.65_,384_1102_971_908_47_
10:15:53,18.90,3,7688,18.90_18.95_19.00_19.05_19.10_,448_241_177_195_73_,18.85_18.80_18.75_18.70_18.65_,385_1102_971_908_47_
10:16:39,18.80,3,8126,18.85_18.90_18.95_19.00_19.05_,181_267_123_157_172_,18.80_18.75_18.70_18.65_18.60_,1066_722_789_408_107_
10:16:49,18.80,18,8194,18.85_18.90_18.95_19.00_19.05_,143_267_123_145_172_,18.80_18.75_18.70_18.65_18.60_,1048_723_788_409_107_
10:17:04,18.80,11,8205,18.85_18.90_18.95_19.00_19.05_,209_264_64_145_172_,18.80_18.75_18.70_18.65_18.60_,1039_1123_791_409_107_
10:17:09,18.80,11,8205,18.85_18.90_18.95_19.00_19.05_,329_145_64_145_172_,18.80_18.75_18.70_18.65_18.60_,1041_1123_791_409_107_
10:17:15,18.85,50,8255,18.85_18.90_18.95_19.00_19.05_,289_145_64_145_172_,18.80_18.75_18.70_18.65_18.60_,1041_1123_791_409_107_
10:17:35,18.80,14,8269,18.85_18.90_18.95_19.00_19.05_,316_145_63_145_172_,18.80_18.75_18.70_18.65_18.60_,1060_1123_791_409_112_
10:17:45,18.80,12,8353,18.85_18.90_18.95_19.00_19.05_,316_145_63_145_172_,18.80_18.75_18.70_18.65_18.60_,560_1129_791_414_112_
10:17:51,18.80,12,8353,18.85_18.90_18.95_19.00_19.05_,315_145_63_145_172_,18.80_18.75_18.70_18.65_18.60_,561_1129_791_414_115_
10:19:08,18.80,1,8511,18.85_18.90_18.95_19.00_19.05_,299_100_63_147_167_,18.80_18.75_18.70_18.65_18.60_,518_1142_1194_416_113_
10:19:13,18.80,1,8511,18.85_18.90_18.95_19.00_19.05_,299_100_63_147_167_,18.80_18.75_18.70_18.65_18.60_,514_1144_1194_416_113_
10:19:23,18.80,4,8515,18.85_18.90_18.95_19.00_19.05_,299_100_63_147_167_,18.80_18.75_18.70_18.65_18.60_,512_1147_1194_416_114_
10:20:35,18.85,6,8578,18.85_18.90_18.95_19.00_19.05_,263_133_63_159_167_,18.80_18.75_18.70_18.65_18.60_,500_1151_1219_436_181_
10:20:35,18.85,6,8578,18.85_18.90_18.95_19.00_19.05_,263_133_63_159_167_,18.80_18.75_18.70_18.65_18.60_,500_1151_1219_436_181_
10:20:40,18.80,1,8579,18.85_18.90_18.95_19.00_19.05_,263_133_63_159_167_,18.80_18.75_18.70_18.65_18.60_,510_1150_1229_436_182_
10:20:45,18.80,1,8580,18.85_18.90_18.95_19.00_19.05_,263_133_63_159_167_,18.80_18.75_18.70_18.65_18.60_,508_1153_1229_436_192_
10:21:05,18.80,1,8655,18.85_18.90_18.95_19.00_19.05_,254_69_63_159_168_,18.80_18.75_18.70_18.65_18.60_,453_1153_1229_436_192_
10:21:16,18.80,1,8656,18.85_18.90_18.95_19.00_19.05_,306_69_63_159_168_,18.80_18.75_18.70_18.65_18.60_,461_1150_1229_436_192_
10:22:58,18.80,1,8750,18.85_18.90_18.95_19.00_19.05_,253_97_63_159_168_,18.80_18.75_18.70_18.65_18.60_,437_1157_1239_434_245_
10:23:44,18.80,1,8792,18.85_18.90_18.95_19.00_19.05_,254_97_76_159_168_,18.80_18.75_18.70_18.65_18.60_,472_1155_1261_435_245_
10:23:49,18.80,1,8792,18.85_18.90_18.95_19.00_19.05_,254_97_62_173_168_,18.80_18.75_18.70_18.65_18.60_,472_1155_1261_435_246_
10:23:54,18.80,11,8803,18.85_18.90_18.95_19.00_19.05_,255_95_62_173_168_,18.80_18.75_18.70_18.65_18.60_,491_1155_1261_435_246_
10:23:59,18.85,5,8808,18.85_18.90_18.95_19.00_19.05_,248_95_62_173_168_,18.80_18.75_18.70_18.65_18.60_,501_1155_1261_435_246_
10:24:05,18.80,11,8819,18.85_18.90_18.95_19.00_19.05_,248_95_76_159_168_,18.80_18.75_18.70_18.65_18.60_,496_1155_1262_435_256_
10:25:47,18.80,5,9001,18.85_18.90_18.95_19.00_19.05_,232_119_76_159_168_,18.80_18.75_18.70_18.65_18.60_,425_1262_1309_435_271_
10:25:52,18.85,1,9002,18.85_18.90_18.95_19.00_19.05_,231_119_76_159_168_,18.80_18.75_18.70_18.65_18.60_,427_1262_1309_435_271_
10:26:02,18.80,6,9012,18.85_18.90_18.95_19.00_19.05_,231_119_62_173_168_,18.80_18.75_18.70_18.65_18.60_,418_1267_1312_435_271_
10:29:12,18.80,1,9164,18.85_18.90_18.95_19.00_19.05_,313_146_61_175_173_,18.80_18.75_18.70_18.65_18.60_,541_1274_1322_439_293_
10:30:24,18.80,1,9202,18.85_18.90_18.95_19.00_19.05_,392_178_93_207_173_,18.80_18.75_18.70_18.65_18.60_,546_1273_1332_439_301_
10:32:27,18.80,5,9362,18.85_18.90_18.95_19.00_19.05_,391_100_93_209_173_,18.80_18.75_18.70_18.65_18.60_,623_1278_1336_439_304_
10:32:58,18.80,1,9393,18.85_18.90_18.95_19.00_19.05_,449_100_93_209_173_,18.80_18.75_18.70_18.65_18.60_,608_1282_1337_439_306_
10:33:18,18.80,3,9401,18.85_18.90_18.95_19.00_19.05_,469_124_109_193_173_,18.80_18.75_18.70_18.65_18.60_,737_1276_1336_439_306_
10:33:23,18.80,3,9401,18.85_18.90_18.95_19.00_19.05_,468_124_109_193_173_,18.80_18.75_18.70_18.65_18.60_,737_1276_1336_439_306_
10:33:34,18.80,3,9401,18.85_18.90_18.95_19.00_19.05_,468_124_94_208_173_,18.80_18.75_18.70_18.65_18.60_,741_1276_1335_440_306_
10:34:40,18.85,2,9422,18.85_18.90_18.95_19.00_19.05_,394_122_109_193_173_,18.80_18.75_18.70_18.65_18.60_,785_1281_1341_440_305_
10:34:50,18.85,5,9427,18.85_18.90_18.95_19.00_19.05_,389_122_109_193_173_,18.80_18.75_18.70_18.65_18.60_,806_1299_1341_440_305_
10:34:55,18.85,5,9427,18.85_18.90_18.95_19.00_19.05_,389_122_109_193_173_,18.80_18.75_18.70_18.65_18.60_,1006_1299_1341_440_305_
10:35:01,18.85,1,9428,18.85_18.90_18.95_19.00_19.05_,388_122_109_193_173_,18.80_18.75_18.70_18.65_18.60_,1006_1299_1341_440_305_
10:35:52,18.80,17,9477,18.85_18.90_18.95_19.00_19.05_,349_119_88_162_173_,18.80_18.75_18.70_18.65_18.60_,1014_1299_1346_440_356_
10:36:02,18.85,51,9528,18.85_18.90_18.95_19.00_19.05_,298_119_88_162_173_,18.80_18.75_18.70_18.65_18.60_,1021_1299_1346_440_356_
10:36:02,18.85,51,9528,18.85_18.90_18.95_19.00_19.05_,298_119_88_162_173_,18.80_18.75_18.70_18.65_18.60_,1021_1299_1346_440_356_
10:36:07,18.85,1,9529,18.85_18.90_18.95_19.00_19.05_,298_119_88_162_173_,18.80_18.75_18.70_18.65_18.60_,1031_1301_1346_440_356_
10:36:12,18.80,12,9541,18.85_18.90_18.95_19.00_19.05_,298_119_88_162_173_,18.80_18.75_18.70_18.65_18.60_,1023_1302_1346_440_356_
10:38:26,18.80,3,10758,18.80_18.85_18.90_18.95_19.00_,296_102_56_72_126_,18.75_18.70_18.65_18.60_18.55_,1214_1306_341_731_55_
10:38:31,18.75,13,10771,18.80_18.85_18.90_18.95_19.00_,295_154_56_72_126_,18.75_18.70_18.65_18.60_18.55_,1204_1306_342_731_55_
10:38:36,18.80,1,10772,18.80_18.85_18.90_18.95_19.00_,294_154_40_88_126_,18.75_18.70_18.65_18.60_18.55_,1206_1306_342_736_55_
10:39:17,18.80,1,10804,18.80_18.85_18.90_18.95_19.00_,291_129_56_72_126_,18.75_18.70_18.65_18.60_18.55_,1183_1523_342_733_55_
10:39:22,18.80,1,10805,18.80_18.85_18.90_18.95_19.00_,290_129_56_72_126_,18.75_18.70_18.65_18.60_18.55_,1183_1530_342_733_55_
10:39:27,18.75,6,10811,18.80_18.85_18.90_18.95_19.00_,289_129_56_72_126_,18.75_18.70_18.65_18.60_18.55_,1177_1530_342_733_55_
10:39:32,18.80,2,10813,18.80_18.85_18.90_18.95_19.00_,287_129_40_87_126_,18.75_18.70_18.65_18.60_18.55_,1179_1531_342_733_55_
10:39:38,18.80,1,10814,18.80_18.85_18.90_18.95_19.00_,286_129_56_72_126_,18.75_18.70_18.65_18.60_18.55_,1178_1531_342_733_55_
10:39:43,18.80,1,10815,18.80_18.85_18.90_18.95_19.00_,295_129_56_72_126_,18.75_18.70_18.65_18.60_18.55_,1183_1535_342_733_55_
10:40:44,18.80,2,10849,18.80_18.85_18.90_18.95_19.00_,324_113_56_72_127_,18.75_18.70_18.65_18.60_18.55_,1216_1546_544_737_65_
10:41:20,18.75,2,10988,18.80_18.85_18.90_18.95_19.00_,220_61_56_72_127_,18.75_18.70_18.65_18.60_18.55_,1145_1545_556_747_65_
10:41:30,18.80,2,10990,18.80_18.85_18.90_18.95_19.00_,218_61_56_72_127_,18.75_18.70_18.65_18.60_18.55_,1145_1546_556_747_65_
10:41:30,18.80,2,10990,18.80_18.85_18.90_18.95_19.00_,218_61_56_72_127_,18.75_18.70_18.65_18.60_18.55_,1145_1546_556_747_65_
10:44:04,18.80,19,11235,18.85_18.90_18.95_19.00_19.05_,88_56_73_127_177_,18.80_18.75_18.70_18.65_18.60_,54_1237_1610_573_970_
10:45:16,18.85,3,11384,18.85_18.90_18.95_19.00_19.05_,111_68_77_150_177_,18.80_18.75_18.70_18.65_18.60_,68_1232_1884_699_602_
10:46:27,18.85,2,11389,18.85_18.90_18.95_19.00_19.05_,106_68_77_151_177_,18.80_18.75_18.70_18.65_18.60_,142_1457_1483_703_603_
10:46:37,18.85,2,11389,18.85_18.90_18.95_19.00_19.05_,106_68_77_151_177_,18.80_18.75_18.70_18.65_18.60_,544_1456_1493_703_603_
10:46:43,18.85,2,11389,18.85_18.90_18.95_19.00_19.05_,111_68_77_151_177_,18.80_18.75_18.70_18.65_18.60_,544_1449_1093_713_603_
10:46:48,18.80,12,11401,18.85_18.90_18.95_19.00_19.05_,111_68_77_151_177_,18.80_18.75_18.70_18.65_18.60_,539_1449_1093_713_603_
10:47:03,18.80,5,11406,18.85_18.90_18.95_19.00_19.05_,114_118_62_126_127_,18.80_18.75_18.70_18.65_18.60_,936_1449_1093_713_613_
10:47:08,18.80,5,11406,18.85_18.90_18.95_19.00_19.05_,244_118_37_126_127_,18.80_18.75_18.70_18.65_18.60_,937_1456_1093_713_613_
10:47:13,18.80,11,11417,18.85_18.90_18.95_19.00_19.05_,244_118_37_126_127_,18.80_18.75_18.70_18.65_18.60_,931_1451_1093_713_613_
10:47:18,18.80,6,11423,18.85_18.90_18.95_19.00_19.05_,244_118_37_126_127_,18.80_18.75_18.70_18.65_18.60_,925_1452_1093_713_613_
10:47:29,18.80,11,11434,18.85_18.90_18.95_19.00_19.05_,290_118_37_126_127_,18.80_18.75_18.70_18.65_18.60_,1015_1452_1094_713_613_
10:47:34,18.80,11,11434,18.85_18.90_18.95_19.00_19.05_,290_118_37_206_127_,18.80_18.75_18.70_18.65_18.60_,1017_1452_1094_713_613_
10:47:39,18.80,12,11446,18.85_18.90_18.95_19.00_19.05_,290_118_37_206_127_,18.80_18.75_18.70_18.65_18.60_,1015_1452_1094_714_613_
10:47:44,18.80,13,11459,18.85_18.90_18.95_19.00_19.05_,290_118_37_206_127_,18.80_18.75_18.70_18.65_18.60_,1006_1454_1094_714_613_
10:47:49,18.80,12,11471,18.85_18.90_18.95_19.00_19.05_,290_118_37_206_127_,18.80_18.75_18.70_18.65_18.60_,1004_1454_1094_714_613_
10:47:54,18.80,12,11471,18.85_18.90_18.95_19.00_19.05_,290_118_37_206_127_,18.80_18.75_18.70_18.65_18.60_,1009_1454_1094_714_613_
10:49:11,18.80,7,11522,18.85_18.90_18.95_19.00_19.05_,356_44_37_206_127_,18.80_18.75_18.70_18.65_18.60_,1005_1471_1101_716_615_
10:50:18,18.85,3,11565,18.85_18.90_18.95_19.00_19.05_,403_44_37_206_127_,18.80_18.75_18.70_18.65_18.60_,216_1472_1101_716_615_
10:50:38,18.80,12,11577,18.85_18.90_18.95_19.00_19.05_,405_44_37_206_127_,18.80_18.75_18.70_18.65_18.60_,252_1476_1101_716_615_
10:50:59,18.80,12,11577,18.85_18.90_18.95_19.00_19.05_,405_44_37_206_127_,18.80_18.75_18.70_18.65_18.60_,282_1487_1102_716_615_
10:51:29,18.85,10,11587,18.85_18.90_18.95_19.00_19.05_,395_44_37_206_127_,18.80_18.75_18.70_18.65_18.60_,284_1509_1102_716_615_
10:51:29,18.85,10,11587,18.85_18.90_18.95_19.00_19.05_,395_44_37_206_127_,18.80_18.75_18.70_18.65_18.60_,284_1509_1102_716_615_
10:51:40,18.85,10,11587,18.85_18.90_18.95_19.00_19.05_,395_44_37_206_127_,18.80_18.75_18.70_18.65_18.60_,287_1507_1102_716_615_
10:53:32,18.85,1,11625,18.85_18.90_18.95_19.00_19.05_,413_61_47_206_127_,18.80_18.75_18.70_18.65_18.60_,1117_1510_1104_717_615_
10:53:37,18.85,1,11625,18.85_18.90_18.95_19.00_19.05_,413_61_47_206_127_,18.80_18.75_18.70_18.65_18.60_,1118_1510_1104_717_615_
10:53:43,18.85,1,11625,18.85_18.90_18.95_19.00_19.05_,413_61_47_206_127_,18.80_18.75_18.70_18.65_18.60_,1119_1513_1104_717_615_
10:53:48,18.85,1,11625,18.85_18.90_18.95_19.00_19.05_,413_61_47_206_127_,18.80_18.75_18.70_18.65_18.60_,1118_1513_1104_717_615_
10:53:48,18.85,1,11625,18.85_18.90_18.95_19.00_19.05_,413_61_47_206_127_,18.80_18.75_18.70_18.65_18.60_,1118_1513_1104_717_615_
10:53:53,18.85,1,11625,18.85_18.90_18.95_19.00_19.05_,416_61_47_206_127_,18.80_18.75_18.70_18.65_18.60_,1118_1513_1105_717_615_
10:54:44,18.85,6,11639,18.85_18.90_18.95_19.00_19.05_,405_111_47_206_127_,18.80_18.75_18.70_18.65_18.60_,1138_1512_1105_717_615_
10:55:04,18.85,4,11647,18.85_18.90_18.95_19.00_19.05_,399_111_47_206_127_,18.80_18.75_18.70_18.65_18.60_,1148_1513_1105_717_615_
10:56:42,18.85,5,11690,18.85_18.90_18.95_19.00_19.05_,397_88_47_206_127_,18.80_18.75_18.70_18.65_18.60_,1150_1518_1105_718_616_
10:57:33,18.85,3,11729,18.85_18.90_18.95_19.00_19.05_,435_38_50_206_127_,18.80_18.75_18.70_18.65_18.60_,1130_1528_1105_718_618_
10:57:54,18.85,1,11730,18.85_18.90_18.95_19.00_19.05_,434_38_50_206_127_,18.80_18.75_18.70_18.65_18.60_,1133_1528_1105_718_617_
11:02:20,18.80,8,12114,18.85_18.90_18.95_19.00_19.05_,425_109_50_206_127_,18.80_18.75_18.70_18.65_18.60_,978_1540_1109_720_620_
11:02:25,18.85,13,12127,18.85_18.90_18.95_19.00_19.05_,415_109_50_206_127_,18.80_18.75_18.70_18.65_18.60_,979_1540_1109_720_620_
11:02:30,18.85,1,12128,18.85_18.90_18.95_19.00_19.05_,421_109_50_206_127_,18.80_18.75_18.70_18.65_18.60_,982_1540_1110_720_620_
11:02:36,18.85,1,12128,18.85_18.90_18.95_19.00_19.05_,421_109_50_206_127_,18.80_18.75_18.70_18.65_18.60_,986_1540_1110_720_620_
11:02:41,18.85,1,12128,18.85_18.90_18.95_19.00_19.05_,423_109_50_206_127_,18.80_18.75_18.70_18.65_18.60_,986_1541_1110_720_620_
11:03:16,18.85,20,12175,18.85_18.90_18.95_19.00_19.05_,455_87_59_195_127_,18.80_18.75_18.70_18.65_18.60_,963_1545_1112_722_620_
11:03:22,18.80,3,12178,18.85_18.90_18.95_19.00_19.05_,455_87_50_204_127_,18.80_18.75_18.70_18.65_18.60_,960_1545_1112_722_620_
11:03:22,18.80,3,12178,18.85_18.90_18.95_19.00_19.05_,455_87_50_204_127_,18.80_18.75_18.70_18.65_18.60_,960_1545_1112_722_620_
11:03:57,18.80,3,12178,18.85_18.90_18.95_19.00_19.05_,456_87_50_204_127_,18.80_18.75_18.70_18.65_18.60_,972_1538_1111_722_620_
11:04:13,18.80,3,12178,18.85_18.90_18.95_19.00_19.05_,453_87_50_204_127_,18.80_18.75_18.70_18.65_18.60_,972_1542_1111_722_620_
11:04:13,18.80,3,12178,18.85_18.90_18.95_19.00_19.05_,453_87_50_204_127_,18.80_18.75_18.70_18.65_18.60_,972_1542_1111_722_620_
11:04:28,18.85,1,12179,18.85_18.90_18.95_19.00_19.05_,452_87_50_204_127_,18.80_18.75_18.70_18.65_18.60_,970_1542_1112_722_620_
11:05:35,18.85,3,12247,18.85_18.90_18.95_19.00_19.05_,495_34_50_204_127_,18.80_18.75_18.70_18.65_18.60_,996_1555_1213_722_623_
11:06:46,18.85,5,12279,18.85_18.90_18.95_19.00_19.05_,532_58_50_204_129_,18.80_18.75_18.70_18.65_18.60_,996_1560_1214_722_623_
11:07:48,18.85,3,12290,18.85_18.90_18.95_19.00_19.05_,530_58_57_197_129_,18.80_18.75_18.70_18.65_18.60_,1006_1562_1214_722_623_
11:09:25,18.80,1,12338,18.85_18.90_18.95_19.00_19.05_,584_34_56_197_129_,18.80_18.75_18.70_18.65_18.60_,989_1568_1236_722_623_
11:09:46,18.80,13,12354,18.85_18.90_18.95_19.00_19.05_,582_34_55_197_129_,18.80_18.75_18.70_18.65_18.60_,1015_1564_1239_722_623_
11:09:51,18.85,1,12355,18.85_18.90_18.95_19.00_19.05_,584_34_50_201_129_,18.80_18.75_18.70_18.65_18.60_,1015_1566_1239_722_623_
11:10:06,18.80,53,12408,18.85_18.90_18.95_19.00_19.05_,536_34_50_202_129_,18.80_18.75_18.70_18.65_18.60_,963_1566_1239_722_623_
11:10:06,18.80,53,12408,18.85_18.90_18.95_19.00_19.05_,536_34_50_202_129_,18.80_18.75_18.70_18.65_18.60_,963_1566_1239_722_623_
11:10:21,18.80,53,12408,18.85_18.90_18.95_19.00_19.05_,540_34_50_202_129_,18.80_18.75_18.70_18.65_18.60_,966_1566_1239_722_623_
11:10:27,18.80,10,12418,18.85_18.90_18.95_19.00_19.05_,540_34_50_202_129_,18.80_18.75_18.70_18.65_18.60_,957_1566_1239_722_623_
11:10:27,18.80,10,12418,18.85_18.90_18.95_19.00_19.05_,540_34_50_202_129_,18.80_18.75_18.70_18.65_18.60_,957_1566_1239_722_623_
11:11:43,18.85,3,12454,18.85_18.90_18.95_19.00_19.05_,535_85_50_201_127_,18.80_18.75_18.70_18.65_18.60_,947_1567_1240_722_621_
11:12:09,18.80,1,12477,18.85_18.90_18.95_19.00_19.05_,535_85_51_202_127_,18.80_18.75_18.70_18.65_18.60_,935_1567_1241_722_621_
11:12:14,18.85,3,12480,18.85_18.90_18.95_19.00_19.05_,533_85_51_202_127_,18.80_18.75_18.70_18.65_18.60_,935_1570_1241_722_621_
11:12:19,18.85,1,12481,18.85_18.90_18.95_19.00_19.05_,533_85_56_197_127_,18.80_18.75_18.70_18.65_18.60_,935_1570_1239_722_621_
11:12:29,18.80,4,12485,18.85_18.90_18.95_19.00_19.05_,533_85_51_202_127_,18.80_18.75_18.70_18.65_18.60_,932_1570_1239_722_621_
11:14:12,18.80,3,12576,18.85_18.90_18.95_19.00_19.05_,588_34_51_202_127_,18.80_18.75_18.70_18.65_18.60_,881_1571_1257_722_623_
11:14:37,18.80,13,12600,18.85_18.90_18.95_19.00_19.05_,588_34_51_202_127_,18.80_18.75_18.70_18.65_18.60_,896_1569_1257_722_623_
11:14:48,18.85,3,12603,18.85_18.90_18.95_19.00_19.05_,586_34_56_197_127_,18.80_18.75_18.70_18.65_18.60_,896_1573_1257_722_623_
11:15:03,18.80,33,12648,18.85_18.90_18.95_19.00_19.05_,585_34_51_202_127_,18.80_18.75_18.70_18.65_18.60_,860_1584_1257_722_623_
11:15:39,18.80,11,12667,18.85_18.90_18.95_19.00_19.05_,594_34_56_197_127_,18.80_18.75_18.70_18.65_18.60_,826_1582_1257_722_623_
11:17:26,18.80,2,12830,18.85_18.90_18.95_19.00_19.05_,501_34_51_202_127_,18.80_18.75_18.70_18.65_18.60_,779_1588_1257_723_624_
11:18:23,18.80,4,12845,18.85_18.90_18.95_19.00_19.05_,493_34_57_197_127_,18.80_18.75_18.70_18.65_18.60_,841_1568_1258_725_624_
11:19:40,18.85,3,12910,18.85_18.90_18.95_19.00_19.05_,447_83_57_197_127_,18.80_18.75_18.70_18.65_18.60_,830_1569_1260_725_624_
11:19:45,18.85,12,12922,18.85_18.90_18.95_19.00_19.05_,436_83_57_197_127_,18.80_18.75_18.70_18.65_18.60_,830_1567_1259_725_624_
11:21:02,18.85,15,12974,18.85_18.90_18.95_19.00_19.05_,493_34_57_197_127_,18.80_18.75_18.70_18.65_18.60_,887_1575_1259_725_624_
11:21:12,18.85,3,12977,18.85_18.90_18.95_19.00_19.05_,490_34_57_197_127_,18.80_18.75_18.70_18.65_18.60_,887_1580_1259_725_624_
11:22:08,18.85,2,13045,18.85_18.90_18.95_19.00_19.05_,426_34_57_197_128_,18.80_18.75_18.70_18.65_18.60_,858_1585_1264_725_624_
11:22:44,18.85,2,13054,18.85_18.90_18.95_19.00_19.05_,420_34_57_197_128_,18.80_18.75_18.70_18.65_18.60_,871_1582_1264_725_624_
11:22:54,18.80,4,13061,18.85_18.90_18.95_19.00_19.05_,456_34_57_197_128_,18.80_18.75_18.70_18.65_18.60_,870_1583_1263_725_624_
11:23:05,18.85,3,13064,18.85_18.90_18.95_19.00_19.05_,453_34_57_197_128_,18.80_18.75_18.70_18.65_18.60_,869_1583_1263_725_624_
11:26:29,18.80,5,13743,18.85_18.90_18.95_19.00_19.05_,344_56_51_203_128_,18.80_18.75_18.70_18.65_18.60_,296_1791_1263_638_627_
11:27:16,18.80,4,13747,18.85_18.90_18.95_19.00_19.05_,374_34_51_253_128_,18.80_18.75_18.70_18.65_18.60_,407_1787_1263_638_627_
11:27:21,18.80,4,13747,18.85_18.90_18.95_19.00_19.05_,374_38_51_253_128_,18.80_18.75_18.70_18.65_18.60_,407_1787_1263_638_627_
11:27:26,18.80,4,13747,18.85_18.90_18.95_19.00_19.05_,374_38_51_253_128_,18.80_18.75_18.70_18.65_18.60_,422_1787_1263_638_627_
11:27:26,18.80,4,13747,18.85_18.90_18.95_19.00_19.05_,374_38_51_253_128_,18.80_18.75_18.70_18.65_18.60_,422_1787_1263_638_627_
11:27:36,18.80,4,13751,18.85_18.90_18.95_19.00_19.05_,374_38_51_253_128_,18.80_18.75_18.70_18.65_18.60_,422_1787_1263_638_627_
11:27:36,18.80,4,13751,18.85_18.90_18.95_19.00_19.05_,374_38_51_253_128_,18.80_18.75_18.70_18.65_18.60_,422_1787_1263_638_627_
11:28:02,18.80,4,13794,18.85_18.90_18.95_19.00_19.05_,335_38_51_253_128_,18.80_18.75_18.70_18.65_18.60_,400_1789_1263_638_627_
11:29:44,18.80,5,13822,18.85_18.90_18.95_19.00_19.05_,375_81_51_254_128_,18.80_18.75_18.70_18.65_18.60_,836_1389_1261_638_626_
11:30:00,18.80,4,13826,18.85_18.90_18.95_19.00_19.05_,375_81_51_254_128_,18.80_18.75_18.70_18.65_18.60_,833_1390_1261_638_626_
11:30:00,18.80,4,13826,18.85_18.90_18.95_19.00_19.05_,375_81_51_254_128_,18.80_18.75_18.70_18.65_18.60_,833_1390_1261_638_626_
11:31:42,18.80,11,13854,18.85_18.90_18.95_19.00_19.05_,413_34_58_247_128_,18.80_18.75_18.70_18.65_18.60_,851_1388_1262_638_627_
11:32:03,18.80,4,13858,18.85_18.90_18.95_19.00_19.05_,415_34_51_253_128_,18.80_18.75_18.70_18.65_18.60_,882_1387_1262_733_627_
11:32:18,18.85,1,13874,18.85_18.90_18.95_19.00_19.05_,399_34_57_247_128_,18.80_18.75_18.70_18.65_18.60_,884_1388_1262_733_627_
11:32:28,18.85,1,13874,18.85_18.90_18.95_19.00_19.05_,404_34_57_247_128_,18.80_18.75_18.70_18.65_18.60_,891_1388_1262_733_627_
11:32:33,18.85,1,13874,18.85_18.90_18.95_19.00_19.05_,404_34_57_247_128_,18.80_18.75_18.70_18.65_18.60_,893_1388_1262_733_627_
11:32:38,18.80,14,13888,18.85_18.90_18.95_19.00_19.05_,404_34_57_247_128_,18.80_18.75_18.70_18.65_18.60_,880_1388_1262_733_627_
11:32:44,18.80,14,13888,18.85_18.90_18.95_19.00_19.05_,404_58_51_254_128_,18.80_18.75_18.70_18.65_18.60_,880_1510_1143_733_627_
11:33:24,18.80,39,13980,18.85_18.90_18.95_19.00_19.05_,321_61_51_254_128_,18.80_18.75_18.70_18.65_18.60_,816_1511_1146_733_627_
11:33:24,18.80,39,13980,18.85_18.90_18.95_19.00_19.05_,321_61_51_254_128_,18.80_18.75_18.70_18.65_18.60_,816_1511_1146_733_627_
11:33:30,18.80,39,13980,18.85_18.90_18.95_19.00_19.05_,321_61_51_254_128_,18.80_18.75_18.70_18.65_18.60_,846_1511_1146_733_627_
11:33:30,18.80,39,13980,18.85_18.90_18.95_19.00_19.05_,321_61_51_254_128_,18.80_18.75_18.70_18.65_18.60_,846_1511_1146_733_627_
11:33:45,18.80,39,13980,18.85_18.90_18.95_19.00_19.05_,357_61_51_254_128_,18.80_18.75_18.70_18.65_18.60_,862_1511_1146_733_627_
11:33:50,18.80,13,13993,18.85_18.90_18.95_19.00_19.05_,358_61_51_254_128_,18.80_18.75_18.70_18.65_18.60_,849_1511_1147_732_627_
11:34:00,18.80,4,13997,18.85_18.90_18.95_19.00_19.05_,358_61_51_254_128_,18.80_18.75_18.70_18.65_18.60_,848_1508_1147_732_630_
11:34:05,18.80,4,13997,18.85_18.90_18.95_19.00_19.05_,358_61_51_254_128_,18.80_18.75_18.70_18.65_18.60_,848_1509_1147_732_630_
11:34:21,18.80,3,14004,18.85_18.90_18.95_19.00_19.05_,359_61_57_247_128_,18.80_18.75_18.70_18.65_18.60_,846_1389_1267_732_630_
11:37:56,18.85,3,14118,18.85_18.90_18.95_19.00_19.05_,329_86_57_247_128_,18.80_18.75_18.70_18.65_18.60_,950_1391_1278_732_681_
11:37:56,18.85,3,14118,18.85_18.90_18.95_19.00_19.05_,329_86_57_247_128_,18.80_18.75_18.70_18.65_18.60_,950_1391_1278_732_681_
11:38:01,18.85,3,14118,18.85_18.90_18.95_19.00_19.05_,381_34_57_247_130_,18.80_18.75_18.70_18.65_18.60_,853_1391_1278_732_683_
11:38:06,18.85,1,14119,18.85_18.90_18.95_19.00_19.05_,380_34_57_247_130_,18.80_18.75_18.70_18.65_18.60_,858_1391_1278_732_683_
11:38:12,18.85,1,14119,18.85_18.90_18.95_19.00_19.05_,380_34_57_247_130_,18.80_18.75_18.70_18.65_18.60_,958_1391_1278_732_683_
11:38:12,18.85,1,14119,18.85_18.90_18.95_19.00_19.05_,380_34_57_247_130_,18.80_18.75_18.70_18.65_18.60_,958_1391_1278_732_683_
11:38:12,18.85,1,14119,18.85_18.90_18.95_19.00_19.05_,380_34_57_247_130_,18.80_18.75_18.70_18.65_18.60_,958_1391_1278_732_683_
11:38:27,18.85,1,14120,18.85_18.90_18.95_19.00_19.05_,379_34_57_247_130_,18.80_18.75_18.70_18.65_18.60_,957_1392_1278_732_683_
11:38:32,18.85,1,14120,18.85_18.90_18.95_19.00_19.05_,379_34_57_247_130_,18.80_18.75_18.70_18.65_18.60_,957_1394_1278_732_683_
11:38:37,18.80,13,14133,18.85_18.90_18.95_19.00_19.05_,379_34_57_247_130_,18.80_18.75_18.70_18.65_18.60_,947_1394_1278_732_683_
11:38:42,18.85,1,14134,18.85_18.90_18.95_19.00_19.05_,378_34_51_253_130_,18.80_18.75_18.70_18.65_18.60_,947_1514_1158_733_683_
11:38:47,18.85,1,14134,18.85_18.90_18.95_19.00_19.05_,378_37_57_247_130_,18.80_18.75_18.70_18.65_18.60_,948_1394_1278_733_684_
11:39:23,18.85,2,14139,18.85_18.90_18.95_19.00_19.05_,378_58_57_247_130_,18.80_18.75_18.70_18.65_18.60_,967_1393_1278_733_684_
11:40:09,18.85,2,14245,18.85_18.90_18.95_19.00_19.05_,315_58_51_252_130_,18.80_18.75_18.70_18.65_18.60_,896_1513_1158_733_686_
11:40:15,18.85,2,14245,18.85_18.90_18.95_19.00_19.05_,315_58_56_247_130_,18.80_18.75_18.70_18.65_18.60_,898_1393_1278_733_686_
11:40:15,18.85,2,14245,18.85_18.90_18.95_19.00_19.05_,315_58_56_247_130_,18.80_18.75_18.70_18.65_18.60_,898_1393_1278_733_686_
11:40:35,18.85,1,14247,18.85_18.90_18.95_19.00_19.05_,313_58_56_247_130_,18.80_18.75_18.70_18.65_18.60_,900_1394_1278_733_686_
11:40:40,18.85,1,14247,18.85_18.90_18.95_19.00_19.05_,311_58_56_247_130_,18.80_18.75_18.70_18.65_18.60_,903_1392_1278_733_686_
11:40:55,18.85,5,14252,18.85_18.90_18.95_19.00_19.05_,310_58_56_247_130_,18.80_18.75_18.70_18.65_18.60_,890_1392_1278_733_686_
11:41:01,18.85,5,14252,18.85_18.90_18.95_19.00_19.05_,334_34_56_247_130_,18.80_18.75_18.70_18.65_18.60_,920_1392_1278_733_686_
11:41:01,18.85,5,14252,18.85_18.90_18.95_19.00_19.05_,334_34_56_247_130_,18.80_18.75_18.70_18.65_18.60_,920_1392_1278_733_686_
11:41:11,18.85,5,14252,18.85_18.90_18.95_19.00_19.05_,334_34_56_247_130_,18.80_18.75_18.70_18.65_18.60_,920_1393_1278_733_686_
11:41:42,18.85,3,14261,18.85_18.90_18.95_19.00_19.05_,327_34_56_247_130_,18.80_18.75_18.70_18.65_18.60_,921_1393_1283_733_686_
11:44:31,18.85,1,14360,18.85_18.90_18.95_19.00_19.05_,368_34_56_247_130_,18.80_18.75_18.70_18.65_18.60_,901_1404_1288_734_686_
11:44:51,18.85,1,14360,18.85_18.90_18.95_19.00_19.05_,368_34_56_247_130_,18.80_18.75_18.70_18.65_18.60_,904_1407_1289_734_688_
11:45:27,18.85,1,14389,18.85_18.90_18.95_19.00_19.05_,343_34_61_247_130_,18.80_18.75_18.70_18.65_18.60_,891_1405_1288_734_688_
11:45:27,18.85,1,14389,18.85_18.90_18.95_19.00_19.05_,343_34_61_247_130_,18.80_18.75_18.70_18.65_18.60_,891_1405_1288_734_688_
11:45:47,18.85,1,14389,18.85_18.90_18.95_19.00_19.05_,343_34_61_247_130_,18.80_18.75_18.70_18.65_18.60_,889_1408_1288_734_688_
11:45:53,18.80,4,14393,18.85_18.90_18.95_19.00_19.05_,343_34_61_247_130_,18.80_18.75_18.70_18.65_18.60_,885_1408_1288_734_688_
11:46:03,18.85,5,14398,18.85_18.90_18.95_19.00_19.05_,341_57_61_247_130_,18.80_18.75_18.70_18.65_18.60_,885_1409_1288_735_688_
11:46:03,18.85,5,14398,18.85_18.90_18.95_19.00_19.05_,341_57_61_247_130_,18.80_18.75_18.70_18.65_18.60_,885_1409_1288_735_688_
11:47:20,18.85,1,14425,18.85_18.90_18.95_19.00_19.05_,367_61_55_253_130_,18.80_18.75_18.70_18.65_18.60_,872_1530_1168_735_688_
11:48:11,18.80,38,14519,18.85_18.90_18.95_19.00_19.05_,293_57_55_254_130_,18.80_18.75_18.70_18.65_18.60_,878_1528_1169_735_688_
11:48:16,18.85,2,14521,18.85_18.90_18.95_19.00_19.05_,291_57_55_254_130_,18.80_18.75_18.70_18.65_18.60_,878_1528_1169_735_688_
11:48:21,18.85,2,14521,18.85_18.90_18.95_19.00_19.05_,291_57_61_248_130_,18.80_18.75_18.70_18.65_18.60_,879_1406_1289_735_688_
11:48:21,18.85,2,14521,18.85_18.90_18.95_19.00_19.05_,291_57_61_248_130_,18.80_18.75_18.70_18.65_18.60_,879_1406_1289_735_688_
11:49:18,18.85,5,14530,18.85_18.90_18.95_19.00_19.05_,343_37_61_248_130_,18.80_18.75_18.70_18.65_18.60_,888_1410_1289_735_688_
11:49:23,18.80,4,14534,18.85_18.90_18.95_19.00_19.05_,343_34_61_248_130_,18.80_18.75_18.70_18.65_18.60_,884_1410_1289_735_688_
11:49:28,18.80,4,14534,18.85_18.90_18.95_19.00_19.05_,343_34_55_254_130_,18.80_18.75_18.70_18.65_18.60_,884_1531_1169_735_688_
11:49:33,18.85,1,14535,18.85_18.90_18.95_19.00_19.05_,342_34_55_254_130_,18.80_18.75_18.70_18.65_18.60_,884_1531_1169_735_688_
11:49:59,18.85,6,14548,18.85_18.90_18.95_19.00_19.05_,332_34_61_248_130_,18.80_18.75_18.70_18.65_18.60_,891_1414_1289_735_688_
11:50:19,18.85,2,14554,18.85_18.90_18.95_19.00_19.05_,327_81_61_248_130_,18.80_18.75_18.70_18.65_18.60_,904_1411_1290_735_688_
11:51:00,18.80,1,14597,18.85_18.90_18.95_19.00_19.05_,293_81_55_254_130_,18.80_18.75_18.70_18.65_18.60_,877_1531_1180_735_688_
11:51:26,18.85,9,14636,18.85_18.90_18.95_19.00_19.05_,269_81_61_248_130_,18.80_18.75_18.70_18.65_18.60_,868_1411_1303_735_690_
11:51:36,18.85,2,14638,18.85_18.90_18.95_19.00_19.05_,267_81_61_248_130_,18.80_18.75_18.70_18.65_18.60_,878_1411_1303_735_690_
11:52:02,18.85,1,14644,18.85_18.90_18.95_19.00_19.05_,263_81_61_248_130_,18.80_18.75_18.70_18.65_18.60_,881_1409_1303_735_690_
11:52:07,18.85,1,14645,18.85_18.90_18.95_19.00_19.05_,262_81_61_248_130_,18.80_18.75_18.70_18.65_18.60_,881_1409_1303_735_690_
11:52:07,18.85,1,14645,18.85_18.90_18.95_19.00_19.05_,262_81_61_248_130_,18.80_18.75_18.70_18.65_18.60_,881_1409_1303_735_690_
11:52:37,18.85,1,14658,18.85_18.90_18.95_19.00_19.05_,295_84_61_248_130_,18.80_18.75_18.70_18.65_18.60_,893_1413_1302_735_690_
11:53:03,18.80,23,14686,18.85_18.90_18.95_19.00_19.05_,322_34_55_254_130_,18.80_18.75_18.70_18.65_18.60_,882_1530_1182_735_690_
11:53:08,18.80,23,14686,18.85_18.90_18.95_19.00_19.05_,325_34_55_254_130_,18.80_18.75_18.70_18.65_18.60_,882_1530_1182_735_690_
11:53:13,18.80,10,14696,18.85_18.90_18.95_19.00_19.05_,325_34_55_254_130_,18.80_18.75_18.70_18.65_18.60_,872_1530_1182_735_690_
11:53:18,18.80,10,14696,18.85_18.90_18.95_19.00_19.05_,328_34_55_254_130_,18.80_18.75_18.70_18.65_18.60_,872_1530_1182_735_690_
11:53:18,18.80,10,14696,18.85_18.90_18.95_19.00_19.05_,328_34_55_254_130_,18.80_18.75_18.70_18.65_18.60_,872_1530_1182_735_690_
11:53:29,18.85,1,14697,18.85_18.90_18.95_19.00_19.05_,327_34_55_254_130_,18.80_18.75_18.70_18.65_18.60_,872_1530_1182_735_690_
11:56:13,18.80,1,14787,18.85_18.90_18.95_19.00_19.05_,333_34_55_254_130_,18.80_18.75_18.70_18.65_18.60_,836_1518_1194_737_690_
11:56:33,18.85,1,14801,18.85_18.90_18.95_19.00_19.05_,324_34_61_248_130_,18.80_18.75_18.70_18.65_18.60_,833_1397_1315_737_690_
11:56:38,18.85,3,14804,18.85_18.90_18.95_19.00_19.05_,321_34_61_248_130_,18.80_18.75_18.70_18.65_18.60_,833_1397_1315_737_690_
11:56:38,18.85,3,14804,18.85_18.90_18.95_19.00_19.05_,321_34_61_248_130_,18.80_18.75_18.70_18.65_18.60_,833_1397_1315_737_690_
11:56:38,18.85,3,14804,18.85_18.90_18.95_19.00_19.05_,321_34_61_248_130_,18.80_18.75_18.70_18.65_18.60_,833_1397_1315_737_690_
11:59:02,18.85,3,14865,18.85_18.90_18.95_19.00_19.05_,330_87_60_248_130_,18.80_18.75_18.70_18.65_18.60_,852_1408_1316_731_690_
11:59:27,18.85,2,14883,18.85_18.90_18.95_19.00_19.05_,329_87_55_254_130_,18.80_18.75_18.70_18.65_18.60_,841_1529_1195_731_690_
11:59:38,18.85,3,14886,18.85_18.90_18.95_19.00_19.05_,326_90_61_248_130_,18.80_18.75_18.70_18.65_18.60_,840_1409_1316_731_690_
11:59:38,18.85,3,14886,18.85_18.90_18.95_19.00_19.05_,326_90_61_248_130_,18.80_18.75_18.70_18.65_18.60_,840_1409_1316_731_690_
11:59:38,18.85,3,14886,18.85_18.90_18.95_19.00_19.05_,326_90_61_248_130_,18.80_18.75_18.70_18.65_18.60_,840_1409_1316_731_690_
11:59:48,18.85,8,14894,18.85_18.90_18.95_19.00_19.05_,318_90_61_248_130_,18.80_18.75_18.70_18.65_18.60_,844_1407_1316_731_690_
11:59:53,18.85,5,14899,18.85_18.90_18.95_19.00_19.05_,316_87_61_248_130_,18.80_18.75_18.70_18.65_18.60_,844_1407_1316_731_690_
11:59:58,18.85,2,14901,18.85_18.90_18.95_19.00_19.05_,314_87_61_248_130_,18.80_18.75_18.70_18.65_18.60_,845_1406_1316_731_690_
12:00:03,18.85,3,14904,18.85_18.90_18.95_19.00_19.05_,364_34_61_248_130_,18.80_18.75_18.70_18.65_18.60_,845_1406_1316_731_690_
12:00:03,18.85,3,14904,18.85_18.90_18.95_19.00_19.05_,364_34_61_248_130_,18.80_18.75_18.70_18.65_18.60_,845_1406_1316_731_690_
12:00:29,18.85,3,14907,18.85_18.90_18.95_19.00_19.05_,361_34_61_248_130_,18.80_18.75_18.70_18.65_18.60_,856_1416_1314_731_690_
12:00:34,18.85,3,14907,18.85_18.90_18.95_19.00_19.05_,361_34_61_248_130_,18.80_18.75_18.70_18.65_18.60_,875_1416_1314_731_690_
12:00:39,18.85,3,14907,18.85_18.90_18.95_19.00_19.05_,361_34_61_248_130_,18.80_18.75_18.70_18.65_18.60_,876_1416_1314_731_690_
12:00:49,18.85,3,14907,18.85_18.90_18.95_19.00_19.05_,361_34_61_248_130_,18.80_18.75_18.70_18.65_18.60_,879_1417_1314_731_690_
12:01:10,18.80,13,14922,18.85_18.90_18.95_19.00_19.05_,363_59_54_254_130_,18.80_18.75_18.70_18.65_18.60_,874_1538_1194_731_690_
12:01:25,18.80,41,14968,18.85_18.90_18.95_19.00_19.05_,313_59_54_254_130_,18.80_18.75_18.70_18.65_18.60_,834_1538_1194_731_690_
12:01:35,18.85,1,14973,18.85_18.90_18.95_19.00_19.05_,308_59_59_248_130_,18.80_18.75_18.70_18.65_18.60_,839_1417_1314_731_690_
12:04:55,18.85,1,15196,18.85_18.90_18.95_19.00_19.05_,231_34_62_248_130_,18.80_18.75_18.70_18.65_18.60_,1001_1547_1211_731_692_
12:05:21,18.85,5,15210,18.85_18.90_18.95_19.00_19.05_,256_34_62_248_130_,18.80_18.75_18.70_18.65_18.60_,998_1544_1211_731_692_
12:06:43,18.85,1,15269,18.85_18.90_18.95_19.00_19.05_,248_45_62_248_130_,18.80_18.75_18.70_18.65_18.60_,977_1551_1213_731_692_
12:06:43,18.85,1,15269,18.85_18.90_18.95_19.00_19.05_,248_45_62_248_130_,18.80_18.75_18.70_18.65_18.60_,977_1551_1213_731_692_
12:06:48,18.85,1,15269,18.85_18.90_18.95_19.00_19.05_,248_45_62_248_130_,18.80_18.75_18.70_18.65_18.60_,978_1551_1213_731_692_
12:06:53,18.85,1,15269,18.85_18.90_18.95_19.00_19.05_,252_45_62_248_130_,18.80_18.75_18.70_18.65_18.60_,979_1551_1213_731_692_
12:06:58,18.85,1,15270,18.85_18.90_18.95_19.00_19.05_,251_45_62_248_130_,18.80_18.75_18.70_18.65_18.60_,979_1551_1213_731_692_
12:07:29,18.85,1,15287,18.85_18.90_18.95_19.00_19.05_,245_45_56_254_130_,18.80_18.75_18.70_18.65_18.60_,979_1560_1213_731_692_
12:07:29,18.85,1,15287,18.85_18.90_18.95_19.00_19.05_,245_45_56_254_130_,18.80_18.75_18.70_18.65_18.60_,979_1560_1213_731_692_
12:07:39,18.85,1,15287,18.85_18.90_18.95_19.00_19.05_,245_45_62_248_130_,18.80_18.75_18.70_18.65_18.60_,984_1558_1213_732_692_
12:07:39,18.85,1,15287,18.85_18.90_18.95_19.00_19.05_,245_45_62_248_130_,18.80_18.75_18.70_18.65_18.60_,984_1558_1213_732_692_
12:07:49,18.85,1,15287,18.85_18.90_18.95_19.00_19.05_,248_45_62_248_128_,18.80_18.75_18.70_18.65_18.60_,989_1553_1213_732_690_
12:07:49,18.85,1,15287,18.85_18.90_18.95_19.00_19.05_,248_45_62_248_128_,18.80_18.75_18.70_18.65_18.60_,989_1553_1213_732_690_
12:08:00,18.85,2,15289,18.85_18.90_18.95_19.00_19.05_,246_45_62_248_128_,18.80_18.75_18.70_18.65_18.60_,987_1553_1213_732_690_
12:08:05,18.85,2,15289,18.85_18.90_18.95_19.00_19.05_,285_45_62_248_128_,18.80_18.75_18.70_18.65_18.60_,987_1553_1213_732_690_
12:10:03,18.85,1,15309,18.85_18.90_18.95_19.00_19.05_,273_68_62_248_128_,18.80_18.75_18.70_18.65_18.60_,1028_1558_1235_732_690_
12:10:28,18.85,1,15309,18.85_18.90_18.95_19.00_19.05_,273_68_62_249_128_,18.80_18.75_18.70_18.65_18.60_,1028_1558_1236_732_690_
12:10:33,18.85,2,15311,18.85_18.90_18.95_19.00_19.05_,271_68_62_249_128_,18.80_18.75_18.70_18.65_18.60_,1029_1558_1236_732_690_
12:10:38,18.80,5,15316,18.85_18.90_18.95_19.00_19.05_,271_68_62_249_128_,18.80_18.75_18.70_18.65_18.60_,1025_1558_1216_732_690_
12:10:59,18.85,2,15334,18.85_18.90_18.95_19.00_19.05_,280_45_62_249_128_,18.80_18.75_18.70_18.65_18.60_,1035_1556_1216_732_692_
12:11:55,18.80,33,15382,18.85_18.90_18.95_19.00_19.05_,278_45_55_255_128_,18.80_18.75_18.70_18.65_18.60_,1020_1624_1153_732_692_
12:13:02,18.85,6,15391,18.85_18.90_18.95_19.00_19.05_,273_45_61_249_128_,18.80_18.75_18.70_18.65_18.60_,856_1566_1215_732_693_
12:13:02,18.85,6,15391,18.85_18.90_18.95_19.00_19.05_,273_45_61_249_128_,18.80_18.75_18.70_18.65_18.60_,856_1566_1215_732_693_
12:13:02,18.85,6,15391,18.85_18.90_18.95_19.00_19.05_,273_45_61_249_128_,18.80_18.75_18.70_18.65_18.60_,856_1566_1215_732_693_
12:13:17,18.85,6,15391,18.85_18.90_18.95_19.00_19.05_,274_45_61_249_128_,18.80_18.75_18.70_18.65_18.60_,856_1566_1215_732_693_
12:13:22,18.85,6,15391,18.85_18.90_18.95_19.00_19.05_,274_45_61_249_128_,18.80_18.75_18.70_18.65_18.60_,857_1566_1216_732_693_
12:13:53,18.85,3,15403,18.85_18.90_18.95_19.00_19.05_,301_91_61_249_128_,18.80_18.75_18.70_18.65_18.60_,859_1566_1216_732_693_
12:14:55,18.85,1,15481,18.85_18.90_18.95_19.00_19.05_,279_45_61_249_128_,18.80_18.75_18.70_18.65_18.60_,820_1567_1216_732_693_
12:15:05,18.85,6,15498,18.85_18.90_18.95_19.00_19.05_,273_34_55_255_128_,18.80_18.75_18.70_18.65_18.60_,811_1630_1153_732_693_
12:15:20,18.80,10,15508,18.85_18.90_18.95_19.00_19.05_,273_34_61_249_128_,18.80_18.75_18.70_18.65_18.60_,811_1567_1216_732_693_
12:15:25,18.80,10,15508,18.85_18.90_18.95_19.00_19.05_,273_34_55_255_128_,18.80_18.75_18.70_18.65_18.60_,810_1630_1153_732_693_
12:15:30,18.80,10,15508,18.85_18.90_18.95_19.00_19.05_,273_34_55_255_128_,18.80_18.75_18.70_18.65_18.60_,809_1628_1153_732_693_
12:15:41,18.80,10,15508,18.85_18.90_18.95_19.00_19.05_,273_34_55_255_128_,18.80_18.75_18.70_18.65_18.60_,812_1628_1153_732_693_
12:15:41,18.80,10,15508,18.85_18.90_18.95_19.00_19.05_,273_34_55_255_128_,18.80_18.75_18.70_18.65_18.60_,812_1628_1153_732_693_
12:15:46,18.85,2,15510,18.85_18.90_18.95_19.00_19.05_,271_34_55_255_128_,18.80_18.75_18.70_18.65_18.60_,815_1626_1153_732_693_
12:15:56,18.85,3,15514,18.85_18.90_18.95_19.00_19.05_,270_34_61_249_128_,18.80_18.75_18.70_18.65_18.60_,821_1569_1216_732_693_
12:15:56,18.85,3,15514,18.85_18.90_18.95_19.00_19.05_,270_34_61_249_128_,18.80_18.75_18.70_18.65_18.60_,821_1569_1216_732_693_
12:16:01,18.85,1,15515,18.85_18.90_18.95_19.00_19.05_,269_34_61_249_128_,18.80_18.75_18.70_18.65_18.60_,821_1569_1216_732_693_
12:17:08,18.80,46,15585,18.85_18.90_18.95_19.00_19.05_,345_55_55_255_128_,18.80_18.75_18.70_18.65_18.60_,794_1638_1153_732_723_
12:17:23,18.80,46,15585,18.85_18.90_18.95_19.00_19.05_,372_55_55_255_128_,18.80_18.75_18.70_18.65_18.60_,795_1638_1153_732_723_
12:17:23,18.80,46,15585,18.85_18.90_18.95_19.00_19.05_,372_55_55_255_128_,18.80_18.75_18.70_18.65_18.60_,795_1638_1153_732_723_
12:18:25,18.80,4,15607,18.85_18.90_18.95_19.00_19.05_,390_55_62_249_128_,18.80_18.75_18.70_18.65_18.60_,807_1575_1221_732_723_
12:18:30,18.85,1,15608,18.85_18.90_18.95_19.00_19.05_,389_55_55_256_128_,18.80_18.75_18.70_18.65_18.60_,808_1638_1161_732_723_
12:18:30,18.85,1,15608,18.85_18.90_18.95_19.00_19.05_,389_55_55_256_128_,18.80_18.75_18.70_18.65_18.60_,808_1638_1161_732_723_
12:18:40,18.85,1,15608,18.85_18.90_18.95_19.00_19.05_,389_55_62_249_128_,18.80_18.75_18.70_18.65_18.60_,810_1575_1224_732_723_
12:18:45,18.85,1,15608,18.85_18.90_18.95_19.00_19.05_,390_55_62_249_128_,18.80_18.75_18.70_18.65_18.60_,820_1575_1224_732_723_
12:18:50,18.80,11,15619,18.85_18.90_18.95_19.00_19.05_,393_55_55_256_128_,18.80_18.75_18.70_18.65_18.60_,812_1576_1224_732_723_
12:19:42,18.85,1,15644,18.85_18.90_18.95_19.00_19.05_,417_34_56_249_128_,18.80_18.75_18.70_18.65_18.60_,813_1578_1224_732_723_
12:20:33,18.85,1,15679,18.85_18.90_18.95_19.00_19.05_,424_88_50_255_128_,18.80_18.75_18.70_18.65_18.60_,795_1578_1224_732_723_
12:20:38,18.85,2,15681,18.85_18.90_18.95_19.00_19.05_,422_88_56_249_128_,18.80_18.75_18.70_18.65_18.60_,795_1578_1224_732_723_
12:21:04,18.85,3,15691,18.85_18.90_18.95_19.00_19.05_,412_88_56_249_128_,18.80_18.75_18.70_18.65_18.60_,793_1576_1224_732_723_
12:21:04,18.85,3,15691,18.85_18.90_18.95_19.00_19.05_,412_88_56_249_128_,18.80_18.75_18.70_18.65_18.60_,793_1576_1224_732_723_
12:21:24,18.80,4,15736,18.85_18.90_18.95_19.00_19.05_,371_88_56_249_128_,18.80_18.75_18.70_18.65_18.60_,756_1578_1224_732_723_
12:21:29,18.80,5,15741,18.85_18.90_18.95_19.00_19.05_,371_88_50_255_128_,18.80_18.75_18.70_18.65_18.60_,751_1641_1161_732_723_
12:21:29,18.80,5,15741,18.85_18.90_18.95_19.00_19.05_,371_88_50_255_128_,18.80_18.75_18.70_18.65_18.60_,751_1641_1161_732_723_
12:21:40,18.80,5,15741,18.85_18.90_18.95_19.00_19.05_,372_88_50_255_128_,18.80_18.75_18.70_18.65_18.60_,755_1641_1161_732_723_
12:21:40,18.80,5,15741,18.85_18.90_18.95_19.00_19.05_,372_88_50_255_128_,18.80_18.75_18.70_18.65_18.60_,755_1641_1161_732_723_
12:22:00,18.85,1,15745,18.85_18.90_18.95_19.00_19.05_,422_34_56_249_128_,18.80_18.75_18.70_18.65_18.60_,756_1594_1223_732_723_
12:22:05,18.85,1,15745,18.85_18.90_18.95_19.00_19.05_,422_34_56_249_128_,18.80_18.75_18.70_18.65_18.60_,765_1594_1223_732_723_
12:22:10,18.85,2,15747,18.85_18.90_18.95_19.00_19.05_,420_34_50_255_128_,18.80_18.75_18.70_18.65_18.60_,763_1594_1223_732_723_
12:22:10,18.85,2,15747,18.85_18.90_18.95_19.00_19.05_,420_34_50_255_128_,18.80_18.75_18.70_18.65_18.60_,763_1594_1223_732_723_
12:22:10,18.85,2,15747,18.85_18.90_18.95_19.00_19.05_,420_34_50_255_128_,18.80_18.75_18.70_18.65_18.60_,763_1594_1223_732_723_
12:23:37,18.85,3,15773,18.85_18.90_18.95_19.00_19.05_,444_58_50_255_128_,18.80_18.75_18.70_18.65_18.60_,759_1595_1223_732_725_
12:23:48,18.85,3,15776,18.85_18.90_18.95_19.00_19.05_,441_58_50_255_128_,18.80_18.75_18.70_18.65_18.60_,759_1595_1223_732_725_
12:23:53,18.85,3,15776,18.85_18.90_18.95_19.00_19.05_,448_58_50_255_128_,18.80_18.75_18.70_18.65_18.60_,759_1595_1223_732_725_
12:23:58,18.85,3,15779,18.85_18.90_18.95_19.00_19.05_,448_58_50_255_128_,18.80_18.75_18.70_18.65_18.60_,759_1595_1223_732_725_
12:24:03,18.85,1,15780,18.85_18.90_18.95_19.00_19.05_,471_34_50_255_128_,18.80_18.75_18.70_18.65_18.60_,764_1595_1223_732_725_
12:24:08,18.85,2,15782,18.85_18.90_18.95_19.00_19.05_,469_34_50_255_128_,18.80_18.75_18.70_18.65_18.60_,767_1595_1223_732_725_
12:24:08,18.85,2,15782,18.85_18.90_18.95_19.00_19.05_,469_34_50_255_128_,18.80_18.75_18.70_18.65_18.60_,767_1595_1223_732_725_
12:24:18,18.85,2,15784,18.85_18.90_18.95_19.00_19.05_,467_34_50_255_128_,18.80_18.75_18.70_18.65_18.60_,767_1584_1223_732_725_
12:24:23,18.85,2,15784,18.85_18.90_18.95_19.00_19.05_,467_34_50_255_128_,18.80_18.75_18.70_18.65_18.60_,773_1584_1223_732_725_
12:24:59,18.80,5,15801,18.85_18.90_18.95_19.00_19.05_,458_34_50_255_128_,18.80_18.75_18.70_18.65_18.60_,783_1647_1160_732_725_
12:26:21,18.85,3,15826,18.85_18.90_18.95_19.00_19.05_,476_34_50_255_128_,18.80_18.75_18.70_18.65_18.60_,794_1584_1227_732_725_
12:26:26,18.85,9,15835,18.85_18.90_18.95_19.00_19.05_,469_34_50_255_128_,18.80_18.75_18.70_18.65_18.60_,794_1584_1227_732_725_
12:26:32,18.85,5,15840,18.85_18.90_18.95_19.00_19.05_,464_34_50_255_128_,18.80_18.75_18.70_18.65_18.60_,794_1584_1228_732_725_
12:26:37,18.85,1,15841,18.85_18.90_18.95_19.00_19.05_,464_84_50_255_128_,18.80_18.75_18.70_18.65_18.60_,795_1583_1228_732_725_
12:26:42,18.85,1,15841,18.85_18.90_18.95_19.00_19.05_,464_84_50_255_128_,18.80_18.75_18.70_18.65_18.60_,796_1583_1228_732_725_
12:26:52,18.80,2,15844,18.85_18.90_18.95_19.00_19.05_,465_84_50_255_128_,18.80_18.75_18.70_18.65_18.60_,795_1646_1155_732_725_
12:27:49,18.80,10,15881,18.85_18.90_18.95_19.00_19.05_,556_84_50_255_128_,18.80_18.75_18.70_18.65_18.60_,764_1588_1218_732_725_
12:27:49,18.80,10,15881,18.85_18.90_18.95_19.00_19.05_,556_84_50_255_128_,18.80_18.75_18.70_18.65_18.60_,764_1588_1218_732_725_
12:28:55,18.80,6,15953,18.85_18.90_18.95_19.00_19.05_,536_107_50_255_128_,18.80_18.75_18.70_18.65_18.60_,727_1591_1233_732_700_
12:30:23,18.85,2,16034,18.85_18.90_18.95_19.00_19.05_,593_35_56_249_128_,18.80_18.75_18.70_18.65_18.60_,828_1594_1256_733_704_
12:30:28,18.85,1,16035,18.85_18.90_18.95_19.00_19.05_,595_35_56_249_128_,18.80_18.75_18.70_18.65_18.60_,828_1594_1256_733_704_
12:30:33,18.85,1,16035,18.85_18.90_18.95_19.00_19.05_,595_35_56_249_128_,18.80_18.75_18.70_18.65_18.60_,828_1594_1257_733_704_
12:30:38,18.85,3,16038,18.85_18.90_18.95_19.00_19.05_,592_35_56_249_128_,18.80_18.75_18.70_18.65_18.60_,828_1594_1257_733_704_
12:30:43,18.85,3,16038,18.85_18.90_18.95_19.00_19.05_,592_35_50_255_128_,18.80_18.75_18.70_18.65_18.60_,830_1594_1257_733_704_
12:30:48,18.85,2,16040,18.85_18.90_18.95_19.00_19.05_,590_35_50_255_128_,18.80_18.75_18.70_18.65_18.60_,830_1596_1257_733_704_
12:30:53,18.85,1,16041,18.85_18.90_18.95_19.00_19.05_,589_35_50_255_128_,18.80_18.75_18.70_18.65_18.60_,830_1596_1257_733_704_
12:30:53,18.85,1,16041,18.85_18.90_18.95_19.00_19.05_,589_35_50_255_128_,18.80_18.75_18.70_18.65_18.60_,830_1596_1257_733_704_
12:30:59,18.85,1,16041,18.85_18.90_18.95_19.00_19.05_,592_35_57_249_128_,18.80_18.75_18.70_18.65_18.60_,830_1596_1257_733_704_
12:31:04,18.80,50,16091,18.85_18.90_18.95_19.00_19.05_,542_35_57_249_128_,18.80_18.75_18.70_18.65_18.60_,780_1596_1257_733_704_
12:31:14,18.85,5,16096,18.85_18.90_18.95_19.00_19.05_,538_35_50_255_128_,18.80_18.75_18.70_18.65_18.60_,827_1659_1194_733_704_
12:31:14,18.85,5,16096,18.85_18.90_18.95_19.00_19.05_,538_35_50_255_128_,18.80_18.75_18.70_18.65_18.60_,827_1659_1194_733_704_
12:31:19,18.85,5,16096,18.85_18.90_18.95_19.00_19.05_,543_35_56_249_128_,18.80_18.75_18.70_18.65_18.60_,827_1596_1257_733_704_
12:31:24,18.85,5,16096,18.85_18.90_18.95_19.00_19.05_,543_35_50_255_128_,18.80_18.75_18.70_18.65_18.60_,827_1596_1257_733_704_
12:31:34,18.85,2,16102,18.85_18.90_18.95_19.00_19.05_,542_35_50_255_128_,18.80_18.75_18.70_18.65_18.60_,828_1596_1257_733_704_
12:31:34,18.85,2,16102,18.85_18.90_18.95_19.00_19.05_,542_35_50_255_128_,18.80_18.75_18.70_18.65_18.60_,828_1596_1257_733_704_
12:31:45,18.85,3,16105,18.85_18.90_18.95_19.00_19.05_,539_35_56_249_128_,18.80_18.75_18.70_18.65_18.60_,823_1596_1257_733_704_
12:31:45,18.85,3,16105,18.85_18.90_18.95_19.00_19.05_,539_35_56_249_128_,18.80_18.75_18.70_18.65_18.60_,823_1596_1257_733_704_
12:32:00,18.85,1,16106,18.85_18.90_18.95_19.00_19.05_,529_40_56_249_128_,18.80_18.75_18.70_18.65_18.60_,826_1596_1257_733_704_
12:32:05,18.80,39,16145,18.85_18.90_18.95_19.00_19.05_,490_40_56_249_128_,18.80_18.75_18.70_18.65_18.60_,789_1596_1257_733_704_
12:32:10,18.85,6,16151,18.85_18.90_18.95_19.00_19.05_,484_40_50_256_128_,18.80_18.75_18.70_18.65_18.60_,744_1659_1194_733_704_
12:32:15,18.85,6,16151,18.85_18.90_18.95_19.00_19.05_,484_40_57_249_128_,18.80_18.75_18.70_18.65_18.60_,744_1596_1257_733_704_
12:32:15,18.85,6,16151,18.85_18.90_18.95_19.00_19.05_,484_40_57_249_128_,18.80_18.75_18.70_18.65_18.60_,744_1596_1257_733_704_
12:32:15,18.85,6,16151,18.85_18.90_18.95_19.00_19.05_,484_40_57_249_128_,18.80_18.75_18.70_18.65_18.60_,744_1596_1257_733_704_
12:34:08,18.80,11,16189,18.85_18.90_18.95_19.00_19.05_,504_82_50_255_130_,18.80_18.75_18.70_18.65_18.60_,944_1661_1194_732_706_
12:34:08,18.80,11,16189,18.85_18.90_18.95_19.00_19.05_,504_82_50_255_130_,18.80_18.75_18.70_18.65_18.60_,944_1661_1194_732_706_
12:34:18,18.80,10,16199,18.85_18.90_18.95_19.00_19.05_,504_82_50_255_130_,18.80_18.75_18.70_18.65_18.60_,939_1660_1194_732_706_
12:35:04,18.85,1,16211,18.85_18.90_18.95_19.00_19.05_,494_82_56_249_130_,18.80_18.75_18.70_18.65_18.60_,956_1599_1257_732_706_
12:35:15,18.80,4,16215,18.85_18.90_18.95_19.00_19.05_,494_82_50_255_130_,18.80_18.75_18.70_18.65_18.60_,952_1662_1194_732_706_
12:36:01,18.85,10,16246,18.85_18.90_18.95_19.00_19.05_,552_56_56_249_130_,18.80_18.75_18.70_18.65_18.60_,953_1597_1257_732_706_
12:37:02,18.80,47,16304,18.85_18.90_18.95_19.00_19.05_,500_56_50_256_130_,18.80_18.75_18.70_18.65_18.60_,939_1640_1194_732_706_
12:39:46,18.85,3,16412,18.85_18.90_18.95_19.00_19.05_,488_35_55_249_130_,18.80_18.75_18.70_18.65_18.60_,881_1582_1259_732_706_
12:40:58,18.80,4,16432,18.85_18.90_18.95_19.00_19.05_,474_35_54_249_130_,18.80_18.75_18.70_18.65_18.60_,897_1581_1259_732_706_
12:42:05,18.80,11,16513,18.85_18.90_18.95_19.00_19.05_,419_79_49_254_130_,18.80_18.75_18.70_18.65_18.60_,853_1650_1196_732_706_
12:42:15,18.80,11,16513,18.85_18.90_18.95_19.00_19.05_,419_79_49_254_130_,18.80_18.75_18.70_18.65_18.60_,853_1649_1196_732_706_
12:45:19,18.85,3,16652,18.85_18.90_18.95_19.00_19.05_,431_54_49_254_130_,18.80_18.75_18.70_18.65_18.60_,863_1645_1199_732_710_
12:45:19,18.85,3,16652,18.85_18.90_18.95_19.00_19.05_,431_54_49_254_130_,18.80_18.75_18.70_18.65_18.60_,863_1645_1199_732_710_
12:45:24,18.85,4,16656,18.85_18.90_18.95_19.00_19.05_,427_54_54_249_130_,18.80_18.75_18.70_18.65_18.60_,859_1582_1262_732_710_
12:45:24,18.85,4,16656,18.85_18.90_18.95_19.00_19.05_,427_54_54_249_130_,18.80_18.75_18.70_18.65_18.60_,859_1582_1262_732_710_
12:45:29,18.85,4,16656,18.85_18.90_18.95_19.00_19.05_,427_54_54_249_130_,18.80_18.75_18.70_18.65_18.60_,859_1582_1262_732_715_
12:45:35,18.85,4,16656,18.85_18.90_18.95_19.00_19.05_,427_54_54_249_130_,18.80_18.75_18.70_18.65_18.60_,862_1582_1262_732_715_
12:47:07,18.85,1,16714,18.85_18.90_18.95_19.00_19.05_,413_86_49_258_130_,18.80_18.75_18.70_18.65_18.60_,872_1651_1207_734_717_
12:48:24,18.80,1,16773,18.85_18.90_18.95_19.00_19.05_,415_114_49_258_130_,18.80_18.75_18.70_18.65_18.60_,848_1653_1216_737_720_
12:50:22,18.85,3,16849,18.85_18.90_18.95_19.00_19.05_,507_38_57_250_130_,18.80_18.75_18.70_18.65_18.60_,854_1592_1279_737_720_
12:50:27,18.80,4,16853,18.85_18.90_18.95_19.00_19.05_,506_38_57_250_130_,18.80_18.75_18.70_18.65_18.60_,850_1592_1279_737_720_
12:50:27,18.80,4,16853,18.85_18.90_18.95_19.00_19.05_,506_38_57_250_130_,18.80_18.75_18.70_18.65_18.60_,850_1592_1279_737_720_
12:50:37,18.85,13,16867,18.85_18.90_18.95_19.00_19.05_,495_38_57_250_130_,18.80_18.75_18.70_18.65_18.60_,850_1590_1279_737_720_
12:50:42,18.80,1,16868,18.85_18.90_18.95_19.00_19.05_,500_38_57_250_130_,18.80_18.75_18.70_18.65_18.60_,849_1590_1279_737_720_
12:50:47,18.85,2,16870,18.85_18.90_18.95_19.00_19.05_,498_38_49_258_130_,18.80_18.75_18.70_18.65_18.60_,849_1653_1216_737_720_
12:50:53,18.80,4,16874,18.85_18.90_18.95_19.00_19.05_,495_38_57_250_130_,18.80_18.75_18.70_18.65_18.60_,845_1590_1279_737_720_
12:50:58,18.85,10,16884,18.85_18.90_18.95_19.00_19.05_,486_38_49_258_130_,18.80_18.75_18.70_18.65_18.60_,845_1653_1216_737_720_
12:50:58,18.85,10,16884,18.85_18.90_18.95_19.00_19.05_,486_38_49_258_130_,18.80_18.75_18.70_18.65_18.60_,845_1653_1216_737_720_
12:53:21,18.80,1,17018,18.85_18.90_18.95_19.00_19.05_,461_107_49_270_126_,18.80_18.75_18.70_18.65_18.60_,803_1657_1220_737_720_
12:53:21,18.80,1,17018,18.85_18.90_18.95_19.00_19.05_,461_107_49_270_126_,18.80_18.75_18.70_18.65_18.60_,803_1657_1220_737_720_
12:53:31,18.80,1,17018,18.85_18.90_18.95_19.00_19.05_,461_107_49_270_126_,18.80_18.75_18.70_18.65_18.60_,794_1707_1220_737_720_
12:53:36,18.80,4,17022,18.85_18.90_18.95_19.00_19.05_,461_107_49_270_126_,18.80_18.75_18.70_18.65_18.60_,793_1707_1220_737_720_
12:54:43,18.85,1,17096,18.85_18.90_18.95_19.00_19.05_,519_60_57_262_126_,18.80_18.75_18.70_18.65_18.60_,751_1645_1279_737_718_
12:55:39,18.85,1,17152,18.85_18.90_18.95_19.00_19.05_,521_38_49_270_126_,18.80_18.75_18.70_18.65_18.60_,741_1714_1215_737_719_
12:56:00,18.80,4,17162,18.85_18.90_18.95_19.00_19.05_,515_38_57_262_126_,18.80_18.75_18.70_18.65_18.60_,742_1650_1279_737_719_
12:56:36,18.85,1,17175,18.85_18.90_18.95_19.00_19.05_,652_38_57_262_126_,18.80_18.75_18.70_18.65_18.60_,737_1642_1282_737_719_
12:58:44,18.85,1,17308,18.85_18.90_18.95_19.00_19.05_,626_38_58_262_126_,18.80_18.75_18.70_18.65_18.60_,653_1653_1283_737_721_
12:58:49,18.80,4,17312,18.85_18.90_18.95_19.00_19.05_,626_81_58_262_126_,18.80_18.75_18.70_18.65_18.60_,650_1655_1283_737_721_
12:59:00,18.80,17,17333,18.85_18.90_18.95_19.00_19.05_,624_81_58_262_126_,18.80_18.75_18.70_18.65_18.60_,633_1655_1283_737_721_
12:59:05,18.85,1,17334,18.85_18.90_18.95_19.00_19.05_,623_81_49_271_126_,18.80_18.75_18.70_18.65_18.60_,633_1655_1283_737_721_
12:59:10,18.85,2,17336,18.85_18.90_18.95_19.00_19.05_,621_81_58_262_126_,18.80_18.75_18.70_18.65_18.60_,632_1655_1283_737_721_
12:59:41,18.80,4,17345,18.85_18.90_18.95_19.00_19.05_,626_81_49_271_126_,18.80_18.75_18.70_18.65_18.60_,650_1653_1283_736_721_
12:59:56,18.80,4,17349,18.85_18.90_18.95_19.00_19.05_,571_81_49_271_126_,18.80_18.75_18.70_18.65_18.60_,650_1655_1283_736_721_
13:00:27,18.80,4,17406,18.85_18.90_18.95_19.00_19.05_,535_101_49_271_126_,18.80_18.75_18.70_18.65_18.60_,614_1664_1284_741_721_
13:00:32,18.85,1,17407,18.85_18.90_18.95_19.00_19.05_,534_101_49_271_126_,18.80_18.75_18.70_18.65_18.60_,614_1664_1284_741_721_
