13:00:17,36.80,5,35137,36.85_36.90_36.95_37.00_37.05_,138_141_128_361_189_,36.80_36.75_36.70_36.65_36.60_,191_144_211_182_396_
13:02:56,36.85,4,35515,36.85_36.90_36.95_37.00_37.05_,27_146_128_370_189_,36.80_36.75_36.70_36.65_36.60_,293_177_231_183_362_
13:05:04,36.85,18,35667,36.85_36.90_36.95_37.00_37.05_,12_146_126_377_177_,36.80_36.75_36.70_36.65_36.60_,324_184_238_185_359_
13:06:15,36.85,2,35746,36.90_36.95_37.00_37.05_37.10_,179_75_364_167_88_,36.85_36.80_36.75_36.70_36.65_,64_339_173_239_132_
13:06:21,36.85,19,35765,36.90_36.95_37.00_37.05_37.10_,179_75_364_167_88_,36.85_36.80_36.75_36.70_36.65_,46_338_173_239_132_
13:06:26,36.85,2,35767,36.90_36.95_37.00_37.05_37.10_,179_75_364_167_88_,36.85_36.80_36.75_36.70_36.65_,48_321_178_240_132_
13:07:22,36.85,15,35841,36.90_36.95_37.00_37.05_37.10_,182_85_400_167_88_,36.85_36.80_36.75_36.70_36.65_,40_339_181_238_132_
13:07:32,36.85,2,35863,36.90_36.95_37.00_37.05_37.10_,181_84_400_167_88_,36.85_36.80_36.75_36.70_36.65_,23_340_181_238_132_
13:08:49,36.85,2,35932,36.90_36.95_37.00_37.05_37.10_,193_84_368_167_88_,36.85_36.80_36.75_36.70_36.65_,55_353_168_226_132_
13:08:54,36.85,13,35945,36.90_36.95_37.00_37.05_37.10_,182_84_368_167_88_,36.85_36.80_36.75_36.70_36.65_,43_354_168_226_132_
13:09:05,36.85,2,35949,36.90_36.95_37.00_37.05_37.10_,192_84_368_167_88_,36.85_36.80_36.75_36.70_36.65_,48_354_168_226_132_
13:09:15,36.85,2,35951,36.90_36.95_37.00_37.05_37.10_,192_84_369_167_88_,36.85_36.80_36.75_36.70_36.65_,45_354_168_226_132_
13:09:56,36.85,11,36042,36.85_36.90_36.95_37.00_37.05_,44_173_100_388_167_,36.80_36.75_36.70_36.65_36.60_,376_178_226_152_373_
13:10:01,36.80,5,36047,36.85_36.90_36.95_37.00_37.05_,64_173_100_388_167_,36.80_36.75_36.70_36.65_36.60_,376_181_226_152_373_
13:10:16,36.85,1,36052,36.85_36.90_36.95_37.00_37.05_,81_152_100_388_167_,36.80_36.75_36.70_36.65_36.60_,385_181_227_152_373_
13:13:05,36.85,2,36469,36.90_36.95_37.00_37.05_37.10_,104_82_381_156_75_,36.85_36.80_36.75_36.70_36.65_,140_467_189_245_130_
13:13:57,36.90,8,36583,36.90_36.95_37.00_37.05_37.10_,54_83_385_121_76_,36.85_36.80_36.75_36.70_36.65_,283_474_204_183_130_
13:14:58,36.90,46,36699,36.90_36.95_37.00_37.05_37.10_,23_85_387_120_76_,36.85_36.80_36.75_36.70_36.65_,306_435_181_183_130_
13:15:54,36.90,4,36805,36.90_36.95_37.00_37.05_37.10_,184_86_493_181_76_,36.85_36.80_36.75_36.70_36.65_,286_388_182_180_130_
13:19:09,36.90,1,37367,36.95_37.00_37.05_37.10_37.15_,134_489_140_80_61_,36.90_36.85_36.80_36.75_36.70_,70_244_419_147_183_
13:19:35,36.95,4,37396,36.95_37.00_37.05_37.10_37.15_,115_489_140_78_61_,36.90_36.85_36.80_36.75_36.70_,153_244_437_147_183_
13:20:00,36.95,51,37459,36.95_37.00_37.05_37.10_37.15_,61_488_140_77_62_,36.90_36.85_36.80_36.75_36.70_,230_276_428_146_183_
13:20:06,36.95,6,37465,36.95_37.00_37.05_37.10_37.15_,66_492_140_42_62_,36.90_36.85_36.80_36.75_36.70_,247_276_427_146_183_
13:20:11,36.90,4,37469,36.95_37.00_37.05_37.10_37.15_,106_492_139_42_62_,36.90_36.85_36.80_36.75_36.70_,245_276_426_146_183_
13:20:36,36.95,3,37685,37.00_37.05_37.10_37.15_37.20_,435_122_55_64_71_,36.95_36.90_36.85_36.80_36.75_,47_203_243_427_146_
13:21:28,36.95,5,37797,37.00_37.05_37.10_37.15_37.20_,475_154_83_29_72_,36.95_36.90_36.85_36.80_36.75_,155_224_247_396_146_
13:22:55,37.00,32,38540,37.00_37.05_37.10_37.15_37.20_,107_125_72_73_73_,36.95_36.90_36.85_36.80_36.75_,135_259_250_384_133_
13:23:05,37.00,19,38567,37.00_37.05_37.10_37.15_37.20_,124_113_77_66_74_,36.95_36.90_36.85_36.80_36.75_,133_259_250_385_133_
13:23:46,37.05,8,38792,37.05_37.10_37.15_37.20_37.25_,96_57_82_77_68_,37.00_36.95_36.90_36.85_36.80_,194_69_211_230_386_
13:24:06,37.05,13,38833,37.05_37.10_37.15_37.20_37.25_,49_47_78_86_68_,37.00_36.95_36.90_36.85_36.80_,210_69_212_230_387_
13:25:06,37.10,19,39278,37.10_37.15_37.20_37.25_37.30_,1148_1167_1182_15_51_,36.90_36.85_36.80_36.75_36.70_,95_647_379_126_160_
13:25:57,37.10,19,39278,37.00_37.05_37.10_37.15_37.20_,31_5_1156_1198_1180_,36.85_36.80_36.75_36.70_36.65_,144_605_321_542_502_
13:26:22,37.10,19,39278,36.85_37.00_37.05_37.10_37.15_,70_32_5_1165_1207_,36.80_36.75_36.70_36.65_36.60_,664_321_542_502_741_
13:26:43,37.10,19,39278,36.85_36.95_37.00_37.05_37.10_,17_3_34_5_1165_,36.80_36.75_36.70_36.65_36.60_,876_331_544_502_741_
13:28:25,37.10,19,39278,37.00_37.05_37.10_37.15_37.20_,28_10_1167_1208_1182_,36.95_36.90_36.85_36.80_36.75_,62_352_834_919_420_
13:28:36,37.10,19,39278,37.05_37.10_37.15_37.20_37.25_,10_1167_1208_1182_5_,37.00_36.95_36.90_36.85_36.80_,54_62_357_834_919_
13:28:56,37.10,19,39278,37.10_37.15_37.20_37.25_37.30_,1106_1208_1184_5_60_,37.05_37.00_36.95_36.90_36.85_,84_594_70_357_834_
13:29:06,37.10,19,39278,37.10_37.15_37.20_37.25_37.30_,1167_1208_1229_50_106_,37.05_37.00_36.95_36.90_36.85_,58_643_108_406_883_
13:30:00,37.00,3266,42544,37.05_37.10_37.15_37.20_37.25_,81_1209_1233_1225_74_,37.00_36.95_36.90_36.85_36.80_,331_188_449_883_976_
09:00:57,37.25,3,1255,37.25_37.30_37.35_37.40_37.45_,9_77_21_61_30_,37.20_37.15_37.10_37.05_37.00_,36_54_53_181_570_
09:01:33,37.30,4,1357,37.35_37.40_37.45_37.50_37.55_,44_85_30_63_12_,37.30_37.25_37.20_37.15_37.10_,71_98_36_24_53_
09:01:53,37.35,25,1441,37.35_37.40_37.45_37.50_37.55_,30_85_29_65_13_,37.30_37.25_37.20_37.15_37.10_,95_86_33_37_63_
09:04:17,37.30,12,1871,37.35_37.40_37.45_37.50_37.55_,108_173_50_95_14_,37.30_37.25_37.20_37.15_37.10_,34_45_31_39_59_
09:05:54,37.25,70,2099,37.25_37.30_37.35_37.40_37.45_,6_148_96_124_32_,37.20_37.15_37.10_37.05_37.00_,51_37_73_123_569_
09:07:57,37.10,1,2290,37.15_37.20_37.25_37.30_37.35_,20_151_69_100_36_,37.10_37.05_37.00_36.95_36.90_,89_66_566_9_40_
09:09:04,37.10,2,2442,37.15_37.20_37.25_37.30_37.35_,74_150_60_47_36_,37.10_37.05_37.00_36.95_36.90_,9_75_620_8_54_
09:09:45,37.15,3,2468,37.15_37.20_37.25_37.30_37.35_,76_154_60_51_36_,37.10_37.05_37.00_36.95_36.90_,42_92_576_7_55_
09:12:29,37.30,20,2866,37.30_37.35_37.40_37.45_37.50_,65_97_127_50_82_,37.25_37.20_37.15_37.10_37.05_,30_64_17_94_111_
09:12:44,37.30,4,2878,37.30_37.35_37.40_37.45_37.50_,59_97_127_50_87_,37.25_37.20_37.15_37.10_37.05_,40_64_22_94_99_
09:12:44,37.30,4,2878,37.30_37.35_37.40_37.45_37.50_,59_97_127_50_87_,37.25_37.20_37.15_37.10_37.05_,40_64_22_94_99_
09:12:54,37.25,4,2882,37.30_37.35_37.40_37.45_37.50_,58_97_127_50_87_,37.25_37.20_37.15_37.10_37.05_,45_64_22_114_99_
09:12:59,37.25,4,2882,37.30_37.35_37.40_37.45_37.50_,58_97_127_50_87_,37.25_37.20_37.15_37.10_37.05_,50_64_22_114_99_
09:13:05,37.25,1,2883,37.30_37.35_37.40_37.45_37.50_,58_97_127_50_87_,37.25_37.20_37.15_37.10_37.05_,54_66_22_114_98_
09:14:27,37.30,12,2971,37.30_37.35_37.40_37.45_37.50_,87_102_145_51_102_,37.25_37.20_37.15_37.10_37.05_,56_77_19_115_99_
09:16:25,37.25,2,3070,37.30_37.35_37.40_37.45_37.50_,175_100_146_52_105_,37.25_37.20_37.15_37.10_37.05_,77_80_28_118_98_
09:19:44,37.20,2,3365,37.25_37.30_37.35_37.40_37.45_,104_246_130_148_40_,37.20_37.15_37.10_37.05_37.00_,107_33_117_88_777_
09:25:33,37.10,20,3843,37.15_37.20_37.25_37.30_37.35_,149_279_134_236_65_,37.10_37.05_37.00_36.95_36.90_,57_86_791_160_206_
09:26:14,37.05,6,3931,37.15_37.20_37.25_37.30_37.35_,195_283_134_236_65_,37.05_37.00_36.95_36.90_36.85_,86_797_160_207_107_
09:28:01,37.05,4,4102,37.10_37.15_37.20_37.25_37.30_,155_267_237_134_181_,37.05_37.00_36.95_36.90_36.85_,85_809_184_191_109_
09:28:16,37.05,1,4116,37.10_37.15_37.20_37.25_37.30_,149_266_231_134_181_,37.05_37.00_36.95_36.90_36.85_,88_765_184_209_109_
09:28:42,37.00,89,5014,37.00_37.05_37.10_37.15_37.20_,1_157_149_221_239_,36.95_36.90_36.85_36.80_36.75_,184_190_118_226_24_
09:29:48,36.90,23,5239,36.95_37.00_37.05_37.10_37.15_,73_586_97_93_170_,36.90_36.85_36.80_36.75_36.70_,99_103_216_131_148_
09:30:29,36.90,2,5345,36.95_37.00_37.05_37.10_37.15_,106_575_87_111_120_,36.90_36.85_36.80_36.75_36.70_,43_120_221_131_153_
09:30:55,36.90,3,5418,36.90_36.95_37.00_37.05_37.10_,34_136_530_50_73_,36.85_36.80_36.75_36.70_36.65_,114_229_147_157_23_
09:32:27,36.90,3,5522,36.95_37.00_37.05_37.10_37.15_,123_532_46_95_121_,36.90_36.85_36.80_36.75_36.70_,117_136_290_150_194_
09:33:24,36.95,6,5544,36.95_37.00_37.05_37.10_37.15_,103_533_46_95_121_,36.90_36.85_36.80_36.75_36.70_,179_159_333_150_198_
09:35:27,36.90,1,5602,36.95_37.00_37.05_37.10_37.15_,88_533_47_95_125_,36.90_36.85_36.80_36.75_36.70_,234_198_311_150_201_
09:35:42,36.95,51,5657,36.95_37.00_37.05_37.10_37.15_,35_531_47_95_125_,36.90_36.85_36.80_36.75_36.70_,254_186_309_150_201_
09:41:10,36.95,30,6056,37.00_37.05_37.10_37.15_37.20_,669_112_145_139_145_,36.95_36.90_36.85_36.80_36.75_,31_207_193_333_163_
09:41:15,36.95,1,6057,37.00_37.05_37.10_37.15_37.20_,669_112_145_139_145_,36.95_36.90_36.85_36.80_36.75_,44_211_193_333_163_
09:41:20,36.95,1,6057,37.00_37.05_37.10_37.15_37.20_,669_119_145_139_145_,36.95_36.90_36.85_36.80_36.75_,50_210_194_333_164_
09:42:31,36.95,3,6160,37.00_37.05_37.10_37.15_37.20_,766_120_141_121_163_,36.95_36.90_36.85_36.80_36.75_,73_213_195_346_164_
09:42:42,36.95,1,6161,37.00_37.05_37.10_37.15_37.20_,749_120_145_139_163_,36.95_36.90_36.85_36.80_36.75_,73_213_196_346_164_
09:42:57,37.00,1,6162,37.00_37.05_37.10_37.15_37.20_,748_120_145_139_163_,36.95_36.90_36.85_36.80_36.75_,88_211_196_348_164_
09:45:36,36.95,40,6326,36.95_37.00_37.05_37.10_37.15_,11_813_154_141_120_,36.90_36.85_36.80_36.75_36.70_,220_199_332_164_205_
09:46:01,36.95,4,6348,36.95_37.00_37.05_37.10_37.15_,61_745_145_123_120_,36.90_36.85_36.80_36.75_36.70_,212_199_338_171_205_
09:47:59,36.90,1,6559,36.95_37.00_37.05_37.10_37.15_,240_765_47_128_120_,36.90_36.85_36.80_36.75_36.70_,96_180_334_171_208_
09:48:09,36.90,52,6663,36.90_36.95_37.00_37.05_37.10_,18_238_765_47_128_,36.85_36.80_36.75_36.70_36.65_,180_335_172_209_120_
09:50:38,36.90,3,6822,36.90_36.95_37.00_37.05_37.10_,21_224_616_32_113_,36.85_36.80_36.75_36.70_36.65_,277_440_203_216_122_
09:51:49,36.90,3,6874,36.90_36.95_37.00_37.05_37.10_,124_225_611_32_113_,36.85_36.80_36.75_36.70_36.65_,382_542_221_218_123_
09:52:56,36.90,8,6947,36.90_36.95_37.00_37.05_37.10_,67_229_611_32_113_,36.85_36.80_36.75_36.70_36.65_,398_544_222_218_124_
09:57:33,36.90,32,7401,36.90_36.95_37.00_37.05_37.10_,37_236_618_32_132_,36.85_36.80_36.75_36.70_36.65_,354_573_171_231_134_
09:57:43,36.90,5,7418,36.90_36.95_37.00_37.05_37.10_,29_236_618_32_132_,36.85_36.80_36.75_36.70_36.65_,359_580_171_231_134_
09:58:19,36.85,3,7494,36.90_36.95_37.00_37.05_37.10_,270_231_616_32_132_,36.85_36.80_36.75_36.70_36.65_,340_585_171_231_135_
10:00:42,36.85,7,7608,36.90_36.95_37.00_37.05_37.10_,252_268_637_51_114_,36.85_36.80_36.75_36.70_36.65_,330_587_208_251_118_
10:02:19,36.85,2,7690,36.90_36.95_37.00_37.05_37.10_,357_262_633_51_114_,36.85_36.80_36.75_36.70_36.65_,465_489_154_261_155_
10:02:30,36.85,4,7694,36.90_36.95_37.00_37.05_37.10_,357_263_633_51_114_,36.85_36.80_36.75_36.70_36.65_,466_489_154_261_155_
10:05:29,36.85,78,8411,36.90_36.95_37.00_37.05_37.10_,395_284_633_53_116_,36.85_36.80_36.75_36.70_36.65_,49_505_167_268_156_
10:05:39,36.80,22,8487,36.85_36.90_36.95_37.00_37.05_,5_440_203_633_3_,36.80_36.75_36.70_36.65_36.60_,492_168_267_156_286_
10:06:20,36.80,3,8515,36.85_36.90_36.95_37.00_37.05_,339_431_186_635_3_,36.80_36.75_36.70_36.65_36.60_,468_168_230_169_286_
10:06:26,36.80,51,8566,36.85_36.90_36.95_37.00_37.05_,339_431_186_635_3_,36.80_36.75_36.70_36.65_36.60_,429_168_230_169_286_
10:08:03,36.80,3,8674,36.85_36.90_36.95_37.00_37.05_,443_400_183_574_8_,36.80_36.75_36.70_36.65_36.60_,393_170_232_169_307_
10:10:57,36.60,11,10087,36.65_36.70_36.75_36.80_36.85_,208_218_116_41_186_,36.60_36.55_36.50_36.45_36.40_,115_101_659_55_137_
10:11:12,36.60,7,10127,36.65_36.70_36.75_36.80_36.85_,210_206_116_41_186_,36.60_36.55_36.50_36.45_36.40_,86_102_660_55_138_
10:13:15,36.55,6,10663,36.55_36.60_36.65_36.70_36.75_,67_178_101_133_78_,36.50_36.45_36.40_36.35_36.30_,664_56_141_92_129_
10:13:31,36.55,14,10754,36.60_36.65_36.70_36.75_36.80_,180_149_133_78_42_,36.55_36.50_36.45_36.40_36.35_,17_669_36_158_94_
10:13:36,36.55,8,10762,36.60_36.65_36.70_36.75_36.80_,180_149_133_78_42_,36.55_36.50_36.45_36.40_36.35_,23_669_36_156_77_
10:15:54,36.55,2,11050,36.55_36.60_36.65_36.70_36.75_,131_100_129_127_78_,36.50_36.45_36.40_36.35_36.30_,685_39_157_78_155_
10:16:56,36.55,2,11102,36.55_36.60_36.65_36.70_36.75_,131_100_126_128_78_,36.50_36.45_36.40_36.35_36.30_,715_40_161_85_178_
10:17:06,36.55,7,11211,36.55_36.60_36.65_36.70_36.75_,30_99_126_128_78_,36.50_36.45_36.40_36.35_36.30_,727_40_165_85_179_
10:18:07,36.60,11,11274,36.60_36.65_36.70_36.75_36.80_,43_197_129_115_42_,36.55_36.50_36.45_36.40_36.35_,116_711_39_165_89_
10:18:28,36.60,7,11294,36.60_36.65_36.70_36.75_36.80_,36_197_129_115_42_,36.55_36.50_36.45_36.40_36.35_,126_713_39_165_89_
10:19:34,36.65,1,11466,36.65_36.70_36.75_36.80_36.85_,129_179_115_46_186_,36.60_36.55_36.50_36.45_36.40_,170_104_729_76_178_
10:19:45,36.60,2,11519,36.65_36.70_36.75_36.80_36.85_,131_179_115_46_186_,36.60_36.55_36.50_36.45_36.40_,131_104_731_76_178_
10:23:30,36.60,5,11839,36.60_36.65_36.70_36.75_36.80_,142_131_132_115_60_,36.55_36.50_36.45_36.40_36.35_,159_918_59_182_221_
10:23:35,36.60,1,11840,36.60_36.65_36.70_36.75_36.80_,141_131_132_115_60_,36.55_36.50_36.45_36.40_36.35_,159_919_59_182_221_
10:26:09,36.50,2,12164,36.55_36.60_36.65_36.70_36.75_,93_180_136_152_78_,36.50_36.45_36.40_36.35_36.30_,1055_61_143_93_193_
10:26:14,36.55,7,12171,36.55_36.60_36.65_36.70_36.75_,87_180_136_152_78_,36.50_36.45_36.40_36.35_36.30_,1056_61_143_93_193_
10:26:24,36.55,1,12174,36.55_36.60_36.65_36.70_36.75_,86_110_135_152_78_,36.50_36.45_36.40_36.35_36.30_,1048_61_143_93_193_
10:28:22,36.60,10,12411,36.60_36.65_36.70_36.75_36.80_,80_137_152_115_62_,36.55_36.50_36.45_36.40_36.35_,75_1063_61_181_93_
10:30:20,36.50,2,12588,36.55_36.60_36.65_36.70_36.75_,102_143_93_140_51_,36.50_36.45_36.40_36.35_36.30_,1089_66_152_61_198_
10:31:26,36.55,5,12635,36.55_36.60_36.65_36.70_36.75_,237_144_130_115_66_,36.50_36.45_36.40_36.35_36.30_,1123_70_152_98_200_
10:31:47,36.55,2,12644,36.55_36.60_36.65_36.70_36.75_,236_144_132_115_69_,36.50_36.45_36.40_36.35_36.30_,1137_70_152_99_200_
10:32:33,36.50,3,12677,36.55_36.60_36.65_36.70_36.75_,279_144_95_115_69_,36.50_36.45_36.40_36.35_36.30_,1218_81_152_61_214_
10:32:43,36.50,2,12687,36.55_36.60_36.65_36.70_36.75_,279_144_95_115_69_,36.50_36.45_36.40_36.35_36.30_,1221_81_152_61_214_
10:33:04,36.55,10,12699,36.55_36.60_36.65_36.70_36.75_,289_144_88_115_69_,36.50_36.45_36.40_36.35_36.30_,1227_81_152_61_214_
10:34:46,36.55,1,12759,36.55_36.60_36.65_36.70_36.75_,370_144_88_115_69_,36.50_36.45_36.40_36.35_36.30_,1248_81_153_62_214_
10:39:33,36.55,3,12996,36.55_36.60_36.65_36.70_36.75_,361_190_125_115_69_,36.50_36.45_36.40_36.35_36.30_,1507_101_164_100_222_
10:40:09,36.50,2,13088,36.55_36.60_36.65_36.70_36.75_,359_190_125_115_72_,36.50_36.45_36.40_36.35_36.30_,1427_101_165_100_223_
10:40:24,36.50,4,13105,36.55_36.60_36.65_36.70_36.75_,357_189_125_115_72_,36.50_36.45_36.40_36.35_36.30_,1434_101_165_100_223_
10:40:39,36.50,10,13119,36.55_36.60_36.65_36.70_36.75_,365_189_125_115_72_,36.50_36.45_36.40_36.35_36.30_,1433_101_167_100_223_
10:40:55,36.55,1,13125,36.55_36.60_36.65_36.70_36.75_,375_189_125_115_72_,36.50_36.45_36.40_36.35_36.30_,1425_101_167_100_223_
10:42:17,36.50,2,13263,36.55_36.60_36.65_36.70_36.75_,360_189_125_152_72_,36.50_36.45_36.40_36.35_36.30_,1347_101_141_100_223_
10:42:22,36.50,2,13265,36.55_36.60_36.65_36.70_36.75_,360_189_125_152_72_,36.50_36.45_36.40_36.35_36.30_,1345_101_141_100_223_
10:43:18,36.50,17,13376,36.55_36.60_36.65_36.70_36.75_,400_189_125_152_72_,36.50_36.45_36.40_36.35_36.30_,1275_107_140_100_223_
10:44:05,36.50,4,13461,36.55_36.60_36.65_36.70_36.75_,410_181_125_152_72_,36.50_36.45_36.40_36.35_36.30_,1266_117_140_101_223_
10:45:57,36.40,86,15340,36.40_36.45_36.50_36.55_36.60_,111_97_287_374_114_,36.35_36.30_36.25_36.20_36.15_,16_182_47_889_77_
10:46:54,36.25,33,15920,36.30_36.35_36.40_36.45_36.50_,173_136_111_99_267_,36.25_36.20_36.15_36.10_36.05_,164_855_51_295_132_
10:46:59,36.30,11,15931,36.30_36.35_36.40_36.45_36.50_,165_136_111_99_267_,36.25_36.20_36.15_36.10_36.05_,110_855_51_295_132_
10:48:36,36.25,33,16572,36.30_36.35_36.40_36.45_36.50_,213_176_94_96_115_,36.25_36.20_36.15_36.10_36.05_,4_793_58_310_181_
10:48:41,36.25,23,16595,36.25_36.30_36.35_36.40_36.45_,13_214_221_94_96_,36.20_36.15_36.10_36.05_36.00_,794_58_300_181_1015_
10:48:46,36.25,16,16611,36.25_36.30_36.35_36.40_36.45_,16_214_147_94_96_,36.20_36.15_36.10_36.05_36.00_,795_58_300_181_1018_
10:48:52,36.25,5,16616,36.25_36.30_36.35_36.40_36.45_,21_214_147_94_96_,36.20_36.15_36.10_36.05_36.00_,797_58_300_181_1019_
10:48:57,36.25,11,16627,36.25_36.30_36.35_36.40_36.45_,14_251_147_94_59_,36.20_36.15_36.10_36.05_36.00_,799_58_300_183_1019_
10:50:14,36.30,2,16895,36.30_36.35_36.40_36.45_36.50_,207_246_93_96_115_,36.25_36.20_36.15_36.10_36.05_,77_819_67_305_194_
10:52:12,36.30,4,17022,36.30_36.35_36.40_36.45_36.50_,161_215_93_96_113_,36.25_36.20_36.15_36.10_36.05_,175_885_105_299_200_
10:52:22,36.25,4,17029,36.30_36.35_36.40_36.45_36.50_,161_215_93_96_113_,36.25_36.20_36.15_36.10_36.05_,177_890_105_303_201_
10:54:10,36.35,2,17361,36.40_36.45_36.50_36.55_36.60_,164_96_152_283_69_,36.35_36.30_36.25_36.20_36.15_,31_215_190_941_106_
10:55:06,36.35,3,17389,36.40_36.45_36.50_36.55_36.60_,74_171_153_321_69_,36.35_36.30_36.25_36.20_36.15_,95_177_205_952_104_
10:55:06,36.35,3,17389,36.40_36.45_36.50_36.55_36.60_,74_171_153_321_69_,36.35_36.30_36.25_36.20_36.15_,95_177_205_952_104_
10:55:11,36.35,53,17442,36.40_36.45_36.50_36.55_36.60_,74_171_153_321_69_,36.35_36.30_36.25_36.20_36.15_,44_175_206_952_104_
10:59:43,36.30,6,17924,36.35_36.40_36.45_36.50_36.55_,338_161_102_123_284_,36.30_36.25_36.20_36.15_36.10_,181_197_921_81_324_
11:00:49,36.20,760,19358,36.20_36.25_36.30_36.35_36.40_,84_276_283_259_99_,36.15_36.10_36.05_36.00_35.95_,85_312_266_1677_39_
11:01:20,36.05,17,19921,36.10_36.15_36.20_36.25_36.30_,31_72_324_43_25_,36.05_36.00_35.95_35.90_35.85_,198_1645_3_70_53_
11:01:40,36.10,30,20087,36.10_36.15_36.20_36.25_36.30_,39_103_251_23_75_,36.05_36.00_35.95_35.90_35.85_,194_1644_3_71_53_
11:04:30,36.00,57,21353,36.05_36.10_36.15_36.20_36.25_,56_176_149_215_8_,36.00_35.95_35.90_35.85_35.80_,1714_86_169_115_380_
11:05:31,36.05,11,21614,36.05_36.10_36.15_36.20_36.25_,232_144_99_158_8_,36.00_35.95_35.90_35.85_35.80_,1736_87_181_118_365_
11:07:39,36.10,6,22023,36.10_36.15_36.20_36.25_36.30_,125_157_200_18_74_,36.05_36.00_35.95_35.90_35.85_,196_1963_109_248_118_
11:08:20,36.05,4,22103,36.10_36.15_36.20_36.25_36.30_,132_156_200_18_74_,36.05_36.00_35.95_35.90_35.85_,211_1994_108_250_118_
11:08:30,36.10,3,22108,36.10_36.15_36.20_36.25_36.30_,131_156_200_18_74_,36.05_36.00_35.95_35.90_35.85_,220_1976_108_251_118_
11:10:03,36.10,7,22457,36.10_36.15_36.20_36.25_36.30_,95_142_181_55_74_,36.05_36.00_35.95_35.90_35.85_,233_2062_113_236_118_
11:10:44,36.05,1,22520,36.10_36.15_36.20_36.25_36.30_,150_143_182_55_74_,36.05_36.00_35.95_35.90_35.85_,212_2065_113_250_119_
11:11:30,36.05,2,22672,36.10_36.15_36.20_36.25_36.30_,215_143_189_55_74_,36.05_36.00_35.95_35.90_35.85_,153_2063_113_248_120_
11:12:26,36.05,22,22841,36.10_36.15_36.20_36.25_36.30_,201_144_189_55_77_,36.05_36.00_35.95_35.90_35.85_,140_2075_96_238_121_
11:12:31,36.05,6,22847,36.10_36.15_36.20_36.25_36.30_,198_144_189_55_77_,36.05_36.00_35.95_35.90_35.85_,141_2076_96_238_120_
11:12:37,36.05,33,22880,36.10_36.15_36.20_36.25_36.30_,170_144_189_55_77_,36.05_36.00_35.95_35.90_35.85_,153_2083_96_238_120_
11:12:47,36.05,2,22883,36.10_36.15_36.20_36.25_36.30_,170_144_189_55_77_,36.05_36.00_35.95_35.90_35.85_,157_2090_96_239_120_
11:12:52,36.05,3,22886,36.10_36.15_36.20_36.25_36.30_,170_144_189_55_77_,36.05_36.00_35.95_35.90_35.85_,158_2088_102_239_120_
11:12:57,36.05,1,22887,36.10_36.15_36.20_36.25_36.30_,198_144_189_55_77_,36.05_36.00_35.95_35.90_35.85_,158_2089_103_239_120_
11:15:16,36.05,2,23265,36.10_36.15_36.20_36.25_36.30_,43_146_189_53_80_,36.05_36.00_35.95_35.90_35.85_,202_2116_103_231_124_
11:15:57,36.10,13,23373,36.10_36.15_36.20_36.25_36.30_,36_146_189_53_80_,36.05_36.00_35.95_35.90_35.85_,182_2130_140_232_124_
11:17:13,36.05,26,23607,36.10_36.15_36.20_36.25_36.30_,79_147_189_53_80_,36.05_36.00_35.95_35.90_35.85_,182_2150_140_259_127_
11:17:24,36.05,4,23661,36.10_36.15_36.20_36.25_36.30_,164_147_189_53_80_,36.05_36.00_35.95_35.90_35.85_,152_2150_140_259_127_
11:17:29,36.10,12,23673,36.10_36.15_36.20_36.25_36.30_,155_147_189_53_80_,36.05_36.00_35.95_35.90_35.85_,151_2151_140_259_127_
11:19:01,36.05,2,23802,36.10_36.15_36.20_36.25_36.30_,199_131_189_53_83_,36.05_36.00_35.95_35.90_35.85_,223_2220_103_250_128_
11:19:06,36.10,2,23804,36.10_36.15_36.20_36.25_36.30_,197_131_189_53_83_,36.05_36.00_35.95_35.90_35.85_,225_2217_103_250_128_
11:21:19,36.10,14,23958,36.10_36.15_36.20_36.25_36.30_,55_181_236_100_130_,36.05_36.00_35.95_35.90_35.85_,508_2230_139_250_130_
11:22:10,36.15,2,24052,36.15_36.20_36.25_36.30_36.35_,178_236_100_130_98_,36.10_36.05_36.00_35.95_35.90_,53_465_2258_102_244_
11:24:14,36.10,6,24315,36.15_36.20_36.25_36.30_36.35_,101_197_6_83_98_,36.10_36.05_36.00_35.95_35.90_,127_463_2285_139_244_
11:24:34,36.15,2,24351,36.15_36.20_36.25_36.30_36.35_,143_197_6_83_98_,36.10_36.05_36.00_35.95_35.90_,112_464_2284_139_245_
11:24:39,36.15,5,24356,36.15_36.20_36.25_36.30_36.35_,140_197_6_83_98_,36.10_36.05_36.00_35.95_35.90_,128_464_2286_139_245_
11:24:44,36.10,13,24369,36.15_36.20_36.25_36.30_36.35_,140_197_6_83_98_,36.10_36.05_36.00_35.95_35.90_,116_464_2288_139_245_
11:25:00,36.10,30,24401,36.15_36.20_36.25_36.30_36.35_,112_198_6_83_98_,36.10_36.05_36.00_35.95_35.90_,94_464_2291_141_245_
11:29:47,36.10,5,24755,36.15_36.20_36.25_36.30_36.35_,239_197_43_83_100_,36.10_36.05_36.00_35.95_35.90_,122_526_2337_104_239_
11:30:22,36.05,3,24935,36.10_36.15_36.20_36.25_36.30_,413_180_191_6_85_,36.05_36.00_35.95_35.90_35.85_,499_2333_106_239_129_
11:30:27,36.05,2,24937,36.10_36.15_36.20_36.25_36.30_,417_180_191_6_85_,36.05_36.00_35.95_35.90_35.85_,489_2336_106_239_129_
11:30:32,36.05,2,24939,36.10_36.15_36.20_36.25_36.30_,417_180_191_6_85_,36.05_36.00_35.95_35.90_35.85_,488_2361_106_258_129_
11:31:19,36.10,3,24962,36.10_36.15_36.20_36.25_36.30_,538_164_188_6_85_,36.05_36.00_35.95_35.90_35.85_,461_2369_106_259_129_
11:32:20,36.05,6,25313,36.10_36.15_36.20_36.25_36.30_,430_163_188_6_85_,36.05_36.00_35.95_35.90_35.85_,210_2393_106_223_129_
11:32:25,36.05,110,25423,36.10_36.15_36.20_36.25_36.30_,430_163_188_6_85_,36.05_36.00_35.95_35.90_35.85_,101_2388_106_223_129_
11:32:30,36.05,39,25462,36.10_36.15_36.20_36.25_36.30_,429_164_188_6_85_,36.05_36.00_35.95_35.90_35.85_,83_2385_106_223_129_
11:32:36,36.05,28,25490,36.10_36.15_36.20_36.25_36.30_,429_164_188_6_85_,36.05_36.00_35.95_35.90_35.85_,67_2386_106_223_129_
11:32:46,36.05,12,25509,36.10_36.15_36.20_36.25_36.30_,429_165_188_6_85_,36.05_36.00_35.95_35.90_35.85_,58_2387_106_223_129_
11:33:01,36.05,2,25529,36.10_36.15_36.20_36.25_36.30_,437_160_188_6_85_,36.05_36.00_35.95_35.90_35.85_,50_2390_106_223_129_
11:33:06,36.05,7,25536,36.10_36.15_36.20_36.25_36.30_,437_160_188_6_85_,36.05_36.00_35.95_35.90_35.85_,49_2394_106_223_129_
11:33:12,36.10,3,25539,36.10_36.15_36.20_36.25_36.30_,434_160_188_6_85_,36.05_36.00_35.95_35.90_35.85_,52_2408_106_223_129_
11:33:27,36.00,22,25624,36.05_36.10_36.15_36.20_36.25_,16_401_160_188_6_,36.00_35.95_35.90_35.85_35.80_,2396_106_224_129_436_
11:36:42,36.00,8,26066,36.05_36.10_36.15_36.20_36.25_,449_522_93_151_7_,36.00_35.95_35.90_35.85_35.80_,2330_109_225_112_451_
11:36:47,36.00,11,26077,36.05_36.10_36.15_36.20_36.25_,469_522_93_151_7_,36.00_35.95_35.90_35.85_35.80_,2330_114_225_112_451_
11:37:28,36.00,110,26530,36.05_36.10_36.15_36.20_36.25_,514_481_56_151_1_,36.00_35.95_35.90_35.85_35.80_,1913_114_229_112_451_
11:38:50,35.95,99,28870,35.95_36.00_36.05_36.10_36.15_,53_473_360_269_13_,35.90_35.85_35.80_35.75_35.70_,240_102_422_74_145_
11:39:16,35.90,3,29044,35.95_36.00_36.05_36.10_36.15_,26_481_349_260_13_,35.90_35.85_35.80_35.75_35.70_,151_107_432_80_146_
11:39:46,35.90,42,29190,35.95_36.00_36.05_36.10_36.15_,69_577_349_260_13_,35.90_35.85_35.80_35.75_35.70_,28_87_447_80_145_
11:41:03,35.95,6,29423,35.95_36.00_36.05_36.10_36.15_,27_559_481_260_13_,35.90_35.85_35.80_35.75_35.70_,76_162_443_84_170_
11:44:54,35.95,20,29892,35.95_36.00_36.05_36.10_36.15_,173_662_429_264_13_,35.90_35.85_35.80_35.75_35.70_,249_161_444_111_179_
11:46:57,35.90,5,30179,35.95_36.00_36.05_36.10_36.15_,276_631_409_264_13_,35.90_35.85_35.80_35.75_35.70_,257_168_454_138_177_
11:47:23,35.90,21,30215,35.95_36.00_36.05_36.10_36.15_,276_631_409_264_13_,35.90_35.85_35.80_35.75_35.70_,203_225_460_137_176_
11:47:23,35.90,21,30215,35.95_36.00_36.05_36.10_36.15_,276_631_409_264_13_,35.90_35.85_35.80_35.75_35.70_,203_225_460_137_176_
11:47:28,35.90,6,30221,35.95_36.00_36.05_36.10_36.15_,276_631_409_264_13_,35.90_35.85_35.80_35.75_35.70_,197_225_460_137_176_
11:48:14,35.90,5,30288,35.95_36.00_36.05_36.10_36.15_,291_655_409_264_13_,35.90_35.85_35.80_35.75_35.70_,184_225_511_105_177_
11:48:19,35.90,190,30478,35.90_35.95_36.00_36.05_36.10_,63_291_656_409_264_,35.85_35.80_35.75_35.70_35.65_,226_511_105_177_140_
11:49:46,35.85,8,30757,35.90_35.95_36.00_36.05_36.10_,144_279_646_303_77_,35.85_35.80_35.75_35.70_35.65_,44_539_106_177_141_
11:50:58,35.85,5,30943,35.90_35.95_36.00_36.05_36.10_,147_288_654_303_77_,35.85_35.80_35.75_35.70_35.65_,21_535_106_152_155_
11:51:08,35.85,22,30966,35.90_35.95_36.00_36.05_36.10_,157_281_654_303_77_,35.85_35.80_35.75_35.70_35.65_,17_538_106_202_155_
11:51:13,35.90,1,30967,35.90_35.95_36.00_36.05_36.10_,155_281_654_303_77_,35.85_35.80_35.75_35.70_35.65_,24_537_106_202_155_
11:51:19,35.85,7,30974,35.90_35.95_36.00_36.05_36.10_,165_281_654_303_77_,35.85_35.80_35.75_35.70_35.65_,32_537_106_152_155_
11:51:24,35.90,11,30985,35.90_35.95_36.00_36.05_36.10_,162_281_654_303_77_,35.85_35.80_35.75_35.70_35.65_,38_536_106_152_155_
11:51:29,35.90,2,30987,35.90_35.95_36.00_36.05_36.10_,162_281_654_303_77_,35.85_35.80_35.75_35.70_35.65_,45_536_106_152_155_
11:51:34,35.85,6,30993,35.90_35.95_36.00_36.05_36.10_,164_281_665_303_77_,35.85_35.80_35.75_35.70_35.65_,73_546_106_152_155_
11:53:37,35.90,50,31371,35.90_35.95_36.00_36.05_36.10_,42_228_683_303_77_,35.85_35.80_35.75_35.70_35.65_,1_526_163_155_157_
11:53:42,35.85,2,31373,35.90_35.95_36.00_36.05_36.10_,42_228_685_303_77_,35.85_35.80_35.75_35.70_35.65_,11_538_163_155_157_
11:54:54,35.85,2,31419,35.90_35.95_36.00_36.05_36.10_,54_232_704_303_77_,35.85_35.80_35.75_35.70_35.65_,15_608_171_155_160_
11:55:45,35.85,3,31546,35.90_35.95_36.00_36.05_36.10_,46_183_712_303_77_,35.85_35.80_35.75_35.70_35.65_,80_665_140_197_162_
11:55:51,35.85,2,31548,35.90_35.95_36.00_36.05_36.10_,94_183_712_303_78_,35.85_35.80_35.75_35.70_35.65_,78_665_145_197_162_
11:55:56,35.85,1,31549,35.90_35.95_36.00_36.05_36.10_,94_183_712_303_78_,35.85_35.80_35.75_35.70_35.65_,88_666_145_197_162_
11:56:06,35.90,18,31573,35.90_35.95_36.00_36.05_36.10_,82_183_407_248_8_,35.85_35.80_35.75_35.70_35.65_,113_679_145_197_162_
11:57:33,35.90,6,31789,35.95_36.00_36.05_36.10_36.15_,182_407_249_9_13_,35.90_35.85_35.80_35.75_35.70_,6_267_691_134_197_
11:57:53,35.90,3,31832,35.95_36.00_36.05_36.10_36.15_,193_407_249_9_13_,35.90_35.85_35.80_35.75_35.70_,15_368_698_134_198_
11:58:14,35.90,4,31845,35.95_36.00_36.05_36.10_36.15_,196_447_249_9_13_,35.90_35.85_35.80_35.75_35.70_,92_394_711_134_198_
11:59:41,35.90,51,32055,35.95_36.00_36.05_36.10_36.15_,235_488_247_9_20_,35.85_35.80_35.75_35.70_35.65_,400_727_134_203_175_
12:00:32,35.90,10,32132,35.90_35.95_36.00_36.05_36.10_,13_249_541_259_9_,35.85_35.80_35.75_35.70_35.65_,373_730_135_207_175_
12:01:13,35.85,1,32204,35.90_35.95_36.00_36.05_36.10_,25_282_539_259_9_,35.85_35.80_35.75_35.70_35.65_,424_746_134_205_175_
12:01:39,35.90,1,32222,35.90_35.95_36.00_36.05_36.10_,25_282_539_259_9_,35.85_35.80_35.75_35.70_35.65_,437_751_134_205_174_
12:02:36,35.85,12,32303,35.90_35.95_36.00_36.05_36.10_,4_427_541_113_9_,35.85_35.80_35.75_35.70_35.65_,433_785_149_205_174_
12:02:36,35.85,12,32303,35.90_35.95_36.00_36.05_36.10_,4_427_541_113_9_,35.85_35.80_35.75_35.70_35.65_,433_785_149_205_174_
12:02:41,35.85,3,32306,35.90_35.95_36.00_36.05_36.10_,8_427_541_113_34_,35.85_35.80_35.75_35.70_35.65_,434_785_148_205_175_
12:02:51,35.85,32,32368,35.90_35.95_36.00_36.05_36.10_,50_427_541_113_35_,35.85_35.80_35.75_35.70_35.65_,376_785_148_220_175_
12:02:51,35.85,32,32368,35.90_35.95_36.00_36.05_36.10_,50_427_541_113_35_,35.85_35.80_35.75_35.70_35.65_,376_785_148_220_175_
12:03:01,35.85,9,32387,35.90_35.95_36.00_36.05_36.10_,54_430_536_102_35_,35.85_35.80_35.75_35.70_35.65_,371_786_148_220_175_
12:03:06,35.85,8,32395,35.90_35.95_36.00_36.05_36.10_,96_430_536_102_35_,35.85_35.80_35.75_35.70_35.65_,365_789_148_220_175_
12:03:32,35.90,7,32432,35.90_35.95_36.00_36.05_36.10_,121_432_536_102_35_,35.85_35.80_35.75_35.70_35.65_,367_749_148_220_175_
12:03:37,35.85,13,32445,35.90_35.95_36.00_36.05_36.10_,126_432_536_102_35_,35.85_35.80_35.75_35.70_35.65_,362_749_148_220_175_
12:05:40,35.75,143,33913,35.80_35.85_35.90_35.95_36.00_,211_127_223_223_242_,35.75_35.70_35.65_35.60_35.55_,18_185_160_370_134_
12:06:52,35.70,10,34334,35.70_35.75_35.80_35.85_35.90_,4_19_439_140_105_,35.65_35.60_35.55_35.50_35.45_,215_373_270_634_46_
12:08:29,35.70,2,34586,35.70_35.75_35.80_35.85_35.90_,177_27_433_129_104_,35.65_35.60_35.55_35.50_35.45_,210_411_266_644_151_
12:09:31,35.65,185,34912,35.65_35.70_35.75_35.80_35.85_,21_159_207_443_117_,35.60_35.55_35.50_35.45_35.40_,355_300_769_152_225_
12:11:24,35.55,27,35717,35.60_35.65_35.70_35.75_35.80_,156_85_100_193_299_,35.55_35.50_35.45_35.40_35.35_,123_745_158_272_140_
12:11:34,35.55,39,35794,35.60_35.65_35.70_35.75_35.80_,156_105_100_193_299_,35.55_35.50_35.45_35.40_35.35_,140_747_158_272_140_
12:12:04,35.55,22,36211,35.55_35.60_35.65_35.70_35.75_,22_123_75_87_193_,35.50_35.45_35.40_35.35_35.30_,679_157_235_184_193_
12:12:20,35.50,79,36468,35.55_35.60_35.65_35.70_35.75_,11_123_75_87_193_,35.50_35.45_35.40_35.35_35.30_,498_157_231_184_193_
12:12:30,35.50,16,36494,35.55_35.60_35.65_35.70_35.75_,2_125_69_85_193_,35.50_35.45_35.40_35.35_35.30_,489_157_232_194_199_
12:12:40,35.50,15,36518,35.55_35.60_35.65_35.70_35.75_,159_104_69_76_193_,35.50_35.45_35.40_35.35_35.30_,491_157_233_194_199_
12:12:45,35.50,15,36533,35.55_35.60_35.65_35.70_35.75_,311_102_69_76_193_,35.50_35.45_35.40_35.35_35.30_,483_157_233_194_199_
12:12:51,35.50,25,36558,35.55_35.60_35.65_35.70_35.75_,311_102_66_76_193_,35.50_35.45_35.40_35.35_35.30_,463_157_233_157_199_
12:12:56,35.55,15,36573,35.55_35.60_35.65_35.70_35.75_,346_102_66_76_193_,35.50_35.45_35.40_35.35_35.30_,468_167_233_157_200_
12:12:56,35.55,15,36573,35.55_35.60_35.65_35.70_35.75_,346_102_66_76_193_,35.50_35.45_35.40_35.35_35.30_,468_167_233_157_200_
12:13:06,35.50,18,36622,35.55_35.60_35.65_35.70_35.75_,387_102_66_76_193_,35.50_35.45_35.40_35.35_35.30_,456_167_233_158_200_
12:13:06,35.50,18,36622,35.55_35.60_35.65_35.70_35.75_,387_102_66_76_193_,35.50_35.45_35.40_35.35_35.30_,456_167_233_158_200_
12:13:16,35.50,13,36637,35.55_35.60_35.65_35.70_35.75_,387_101_66_76_193_,35.50_35.45_35.40_35.35_35.30_,441_167_233_158_200_
12:13:16,35.50,13,36637,35.55_35.60_35.65_35.70_35.75_,387_101_66_76_193_,35.50_35.45_35.40_35.35_35.30_,441_167_233_158_200_
12:13:21,35.50,13,36637,35.55_35.60_35.65_35.70_35.75_,407_101_66_76_193_,35.50_35.45_35.40_35.35_35.30_,448_167_233_169_200_
12:13:26,35.50,215,36852,35.55_35.60_35.65_35.70_35.75_,407_101_66_76_193_,35.50_35.45_35.40_35.35_35.30_,241_166_233_169_200_
12:14:54,35.45,3,37593,35.50_35.55_35.60_35.65_35.70_,227_366_38_67_67_,35.45_35.40_35.35_35.30_35.25_,122_233_170_192_143_
12:14:59,35.45,2,37595,35.50_35.55_35.60_35.65_35.70_,237_366_38_67_67_,35.45_35.40_35.35_35.30_35.25_,126_233_170_192_143_
12:15:04,35.45,12,37607,35.50_35.55_35.60_35.65_35.70_,280_365_38_67_67_,35.45_35.40_35.35_35.30_35.25_,122_233_170_192_143_
12:15:24,35.45,7,37729,35.50_35.55_35.60_35.65_35.70_,281_364_36_67_67_,35.45_35.40_35.35_35.30_35.25_,68_159_77_170_143_
12:15:35,35.45,5,37739,35.50_35.55_35.60_35.65_35.70_,263_364_36_67_67_,35.45_35.40_35.35_35.30_35.25_,79_183_77_169_144_
12:16:21,35.50,6,37851,35.50_35.55_35.60_35.65_35.70_,292_364_36_67_66_,35.45_35.40_35.35_35.30_35.25_,85_190_548_148_96_
12:16:46,35.50,5,37914,35.50_35.55_35.60_35.65_35.70_,270_362_36_67_66_,35.45_35.40_35.35_35.30_35.25_,155_213_548_150_98_
12:17:43,35.45,2,37978,35.50_35.55_35.60_35.65_35.70_,435_347_36_67_66_,35.45_35.40_35.35_35.30_35.25_,173_226_548_154_101_
12:17:48,35.45,5,37983,35.50_35.55_35.60_35.65_35.70_,435_347_36_67_66_,35.45_35.40_35.35_35.30_35.25_,173_225_548_154_101_
12:19:45,35.55,9,38543,35.55_35.60_35.65_35.70_35.75_,360_111_71_67_184_,35.50_35.45_35.40_35.35_35.30_,135_376_220_540_177_
12:19:45,35.55,9,38543,35.55_35.60_35.65_35.70_35.75_,360_111_71_67_184_,35.50_35.45_35.40_35.35_35.30_,135_376_220_540_177_
12:20:16,35.55,22,38884,35.55_35.60_35.65_35.70_35.75_,79_132_87_83_184_,35.50_35.45_35.40_35.35_35.30_,262_277_238_578_177_
12:20:21,35.55,54,38938,35.55_35.60_35.65_35.70_35.75_,26_132_87_83_184_,35.50_35.45_35.40_35.35_35.30_,267_277_258_578_178_
12:20:31,35.55,6,38977,35.60_35.65_35.70_35.75_35.80_,135_138_67_184_112_,35.55_35.50_35.45_35.40_35.35_,66_251_266_259_578_
12:20:37,35.55,7,38984,35.60_35.65_35.70_35.75_35.80_,135_138_67_184_112_,35.55_35.50_35.45_35.40_35.35_,86_243_266_259_560_
12:20:37,35.55,7,38984,35.60_35.65_35.70_35.75_35.80_,135_138_67_184_112_,35.55_35.50_35.45_35.40_35.35_,86_243_266_259_560_
12:20:42,35.60,21,39005,35.60_35.65_35.70_35.75_35.80_,120_134_67_184_112_,35.55_35.50_35.45_35.40_35.35_,90_243_266_261_560_
12:20:47,35.60,1,39006,35.60_35.65_35.70_35.75_35.80_,120_136_75_184_112_,35.55_35.50_35.45_35.40_35.35_,124_243_266_262_560_
12:22:40,35.65,7,39308,35.65_35.70_35.75_35.80_35.85_,233_152_186_139_72_,35.60_35.55_35.50_35.45_35.40_,141_206_140_154_282_
12:22:45,35.60,8,39316,35.65_35.70_35.75_35.80_35.85_,233_152_186_139_72_,35.60_35.55_35.50_35.45_35.40_,139_206_141_155_282_
12:22:55,35.60,2,39326,35.65_35.70_35.75_35.80_35.85_,261_152_186_139_73_,35.60_35.55_35.50_35.45_35.40_,132_206_134_166_289_
12:23:00,35.60,5,39331,35.65_35.70_35.75_35.80_35.85_,275_152_186_139_73_,35.60_35.55_35.50_35.45_35.40_,127_206_134_166_289_
12:23:16,35.60,24,39372,35.65_35.70_35.75_35.80_35.85_,310_152_186_139_73_,35.60_35.55_35.50_35.45_35.40_,123_203_166_164_290_
12:24:22,35.60,2,39559,35.60_35.65_35.70_35.75_35.80_,152_169_96_183_140_,35.55_35.50_35.45_35.40_35.35_,178_208_238_289_562_
12:24:27,35.55,4,39563,35.60_35.65_35.70_35.75_35.80_,152_169_116_183_140_,35.55_35.50_35.45_35.40_35.35_,176_210_238_290_562_
12:25:13,35.55,24,39742,35.60_35.65_35.70_35.75_35.80_,95_169_115_23_160_,35.55_35.50_35.45_35.40_35.35_,110_225_239_300_562_
12:26:36,35.60,32,39986,35.65_35.70_35.75_35.80_35.85_,40_166_58_130_121_,35.60_35.55_35.50_35.45_35.40_,194_141_248_239_293_
12:26:41,35.65,11,39997,35.65_35.70_35.75_35.80_35.85_,32_166_58_130_121_,35.60_35.55_35.50_35.45_35.40_,193_141_248_239_293_
12:32:49,35.55,13,41057,35.55_35.60_35.65_35.70_35.75_,25_214_347_93_73_,35.50_35.45_35.40_35.35_35.30_,215_325_265_575_189_
12:33:00,35.50,36,41109,35.55_35.60_35.65_35.70_35.75_,58_214_347_93_73_,35.50_35.45_35.40_35.35_35.30_,190_325_264_575_189_
12:34:37,35.50,31,41604,35.50_35.55_35.60_35.65_35.70_,4_47_212_277_72_,35.45_35.40_35.35_35.30_35.25_,331_303_538_213_107_
12:36:20,35.50,6,41796,35.55_35.60_35.65_35.70_35.75_,72_200_329_73_43_,35.50_35.45_35.40_35.35_35.30_,313_267_301_561_201_
12:36:30,35.50,3,41819,35.55_35.60_35.65_35.70_35.75_,52_196_329_73_43_,35.50_35.45_35.40_35.35_35.30_,376_229_304_561_201_
12:40:05,35.50,12,42581,35.55_35.60_35.65_35.70_35.75_,207_234_326_73_43_,35.50_35.45_35.40_35.35_35.30_,180_242_306_575_210_
12:40:15,35.50,5,42588,35.55_35.60_35.65_35.70_35.75_,321_234_326_73_43_,35.50_35.45_35.40_35.35_35.30_,177_242_306_575_210_
12:40:15,35.50,5,42588,35.55_35.60_35.65_35.70_35.75_,321_234_326_73_43_,35.50_35.45_35.40_35.35_35.30_,177_242_306_575_210_
12:40:20,35.50,7,42595,35.55_35.60_35.65_35.70_35.75_,321_234_326_73_23_,35.50_35.45_35.40_35.35_35.30_,285_242_307_575_210_
12:41:47,35.50,10,43174,35.50_35.55_35.60_35.65_35.70_,85_346_231_275_73_,35.45_35.40_35.35_35.30_35.25_,263_295_525_209_103_
12:41:53,35.50,8,43182,35.50_35.55_35.60_35.65_35.70_,111_346_231_275_73_,35.45_35.40_35.35_35.30_35.25_,263_295_525_209_103_
12:41:58,35.50,60,43242,35.50_35.55_35.60_35.65_35.70_,234_205_231_275_73_,35.45_35.40_35.35_35.30_35.25_,263_295_525_209_104_
12:42:03,35.50,9,43251,35.50_35.55_35.60_35.65_35.70_,231_203_230_275_73_,35.45_35.40_35.35_35.30_35.25_,267_295_525_209_104_
12:42:44,35.45,4,43514,35.50_35.55_35.60_35.65_35.70_,367_127_230_275_73_,35.45_35.40_35.35_35.30_35.25_,116_296_525_176_104_
12:44:11,35.50,1,43797,35.50_35.55_35.60_35.65_35.70_,453_126_230_275_73_,35.45_35.40_35.35_35.30_35.25_,125_303_526_584_302_
12:44:52,35.45,3,43986,35.50_35.55_35.60_35.65_35.70_,400_128_230_275_73_,35.45_35.40_35.35_35.30_35.25_,120_311_526_787_1095_
12:45:07,35.45,16,44030,35.50_35.55_35.60_35.65_35.70_,497_128_230_275_73_,35.45_35.40_35.35_35.30_35.25_,83_316_526_193_106_
12:46:04,35.45,53,44318,35.45_35.50_35.55_35.60_35.65_,177_240_67_223_275_,35.40_35.35_35.30_35.25_35.20_,375_527_188_106_195_
12:46:09,35.45,2,44320,35.45_35.50_35.55_35.60_35.65_,252_241_67_223_275_,35.40_35.35_35.30_35.25_35.20_,384_527_188_108_196_
12:46:14,35.40,71,44391,35.45_35.50_35.55_35.60_35.65_,267_161_67_223_275_,35.40_35.35_35.30_35.25_35.20_,374_527_189_108_196_
12:46:19,35.40,10,44401,35.45_35.50_35.55_35.60_35.65_,267_161_67_223_275_,35.40_35.35_35.30_35.25_35.20_,381_527_189_108_196_
12:46:24,35.45,53,44454,35.45_35.50_35.55_35.60_35.65_,219_161_67_223_275_,35.40_35.35_35.30_35.25_35.20_,382_527_189_108_196_
12:46:30,35.45,10,44464,35.45_35.50_35.55_35.60_35.65_,212_161_67_223_275_,35.40_35.35_35.30_35.25_35.20_,395_527_189_108_196_
12:47:36,35.50,5,44755,35.50_35.55_35.60_35.65_35.70_,163_330_223_275_73_,35.45_35.40_35.35_35.30_35.25_,88_408_528_230_107_
12:48:32,35.45,6,44923,35.50_35.55_35.60_35.65_35.70_,345_330_226_275_75_,35.45_35.40_35.35_35.30_35.25_,24_420_529_195_107_
12:49:18,35.45,22,45030,35.45_35.50_35.55_35.60_35.65_,209_213_281_226_275_,35.40_35.35_35.30_35.25_35.20_,485_529_206_119_204_
12:49:44,35.40,14,45058,35.45_35.50_35.55_35.60_35.65_,288_134_281_226_275_,35.40_35.35_35.30_35.25_35.20_,489_529_206_119_204_
12:49:49,35.40,4,45062,35.45_35.50_35.55_35.60_35.65_,291_135_281_226_275_,35.40_35.35_35.30_35.25_35.20_,491_529_206_119_204_
12:50:05,35.40,68,45165,35.45_35.50_35.55_35.60_35.65_,253_136_280_226_276_,35.40_35.35_35.30_35.25_35.20_,519_530_209_119_203_
12:50:25,35.40,40,45341,35.45_35.50_35.55_35.60_35.65_,374_138_280_197_276_,35.40_35.35_35.30_35.25_35.20_,402_530_217_124_212_
12:51:16,35.40,28,45740,35.45_35.50_35.55_35.60_35.65_,235_154_280_197_276_,35.40_35.35_35.30_35.25_35.20_,311_532_227_124_212_
12:52:08,35.45,52,46097,35.50_35.55_35.60_35.65_35.70_,153_280_197_276_73_,35.45_35.40_35.35_35.30_35.25_,5_402_536_232_124_
12:52:18,35.50,2,46104,35.50_35.55_35.60_35.65_35.70_,228_329_197_276_73_,35.45_35.40_35.35_35.30_35.25_,52_420_536_232_124_
12:52:23,35.50,13,46117,35.50_35.55_35.60_35.65_35.70_,220_329_198_276_73_,35.45_35.40_35.35_35.30_35.25_,122_420_536_232_154_
12:52:28,35.45,7,46124,35.50_35.55_35.60_35.65_35.70_,226_330_198_276_73_,35.45_35.40_35.35_35.30_35.25_,116_420_536_234_154_
12:57:56,35.40,43,47666,35.40_35.45_35.50_35.55_35.60_,65_439_262_379_248_,35.35_35.30_35.25_35.20_35.15_,36_274_121_218_119_
12:58:32,35.35,5,47758,35.40_35.45_35.50_35.55_35.60_,340_270_304_379_161_,35.35_35.30_35.25_35.20_35.15_,37_277_120_183_119_
12:58:32,35.35,5,47758,35.40_35.45_35.50_35.55_35.60_,340_270_304_379_161_,35.35_35.30_35.25_35.20_35.15_,37_277_120_183_119_
12:59:18,35.35,13,48207,35.35_35.40_35.45_35.50_35.55_,291_93_265_304_379_,35.30_35.25_35.20_35.15_35.10_,142_120_190_84_263_
