09:00:00,15.80,1725,1725,15.85_15.90_15.95_16.00_16.05_,838_1296_1301_1090_460_,15.80_15.75_15.70_15.65_15.60_,19_82_756_135_570_
09:00:05,15.80,35,1760,15.85_15.90_15.95_16.00_16.05_,950_1296_1301_1090_460_,15.80_15.75_15.70_15.65_15.60_,115_87_803_147_671_
09:00:11,15.80,35,1760,15.85_15.90_15.95_16.00_16.05_,950_1347_1301_1090_460_,15.80_15.75_15.70_15.65_15.60_,129_97_804_147_671_
09:00:16,15.80,35,1760,15.85_15.90_15.95_16.00_16.05_,950_1347_1301_1090_460_,15.80_15.75_15.70_15.65_15.60_,139_102_829_159_671_
09:00:21,15.80,22,1782,15.85_15.90_15.95_16.00_16.05_,950_1347_1301_1090_460_,15.80_15.75_15.70_15.65_15.60_,120_102_829_159_671_
09:00:26,15.80,50,1832,15.85_15.90_15.95_16.00_16.05_,950_1347_1303_1090_460_,15.80_15.75_15.70_15.65_15.60_,83_102_847_159_671_
09:00:31,15.85,65,1897,15.85_15.90_15.95_16.00_16.05_,901_1357_1201_1090_460_,15.80_15.75_15.70_15.65_15.60_,97_103_842_182_671_
09:00:36,15.80,70,1967,15.85_15.90_15.95_16.00_16.05_,940_1367_1201_1090_460_,15.80_15.75_15.70_15.65_15.60_,28_103_841_182_671_
09:00:41,15.80,46,2013,15.85_15.90_15.95_16.00_16.05_,940_1363_1201_1100_460_,15.80_15.75_15.70_15.65_15.60_,383_103_841_183_671_
09:00:46,15.80,101,2114,15.85_15.90_15.95_16.00_16.05_,949_1366_1201_1100_460_,15.80_15.75_15.70_15.65_15.60_,350_104_842_183_671_
09:00:51,15.85,6,2120,15.85_15.90_15.95_16.00_16.05_,949_1366_1201_1110_460_,15.80_15.75_15.70_15.65_15.60_,382_115_774_146_671_
09:00:57,15.85,20,2140,15.85_15.90_15.95_16.00_16.05_,952_1366_1201_1111_460_,15.80_15.75_15.70_15.65_15.60_,382_125_774_146_670_
09:01:02,15.85,2,2142,15.85_15.90_15.95_16.00_16.05_,951_1363_1201_1116_460_,15.80_15.75_15.70_15.65_15.60_,383_129_774_146_670_
09:01:07,15.80,5,2147,15.85_15.90_15.95_16.00_16.05_,970_1413_1201_1116_460_,15.80_15.75_15.70_15.65_15.60_,383_129_785_146_670_
09:01:12,15.80,100,2247,15.85_15.90_15.95_16.00_16.05_,973_1413_1201_1299_460_,15.80_15.75_15.70_15.65_15.60_,310_129_770_146_673_
09:01:17,15.80,53,2300,15.85_15.90_15.95_16.00_16.05_,999_1423_1201_1292_460_,15.80_15.75_15.70_15.65_15.60_,273_129_770_146_673_
09:01:22,15.80,102,2402,15.85_15.90_15.95_16.00_16.05_,999_1423_1201_1293_461_,15.80_15.75_15.70_15.65_15.60_,204_134_770_246_673_
09:01:27,15.80,19,2421,15.85_15.90_15.95_16.00_16.05_,1026_1423_1201_1311_461_,15.80_15.75_15.70_15.65_15.60_,251_172_770_246_673_
09:01:32,15.80,19,2421,15.85_15.90_15.95_16.00_16.05_,1031_1423_1201_1313_463_,15.80_15.75_15.70_15.65_15.60_,258_172_770_246_673_
09:01:38,15.80,21,2442,15.85_15.90_15.95_16.00_16.05_,1032_1427_1201_1313_463_,15.80_15.75_15.70_15.65_15.60_,252_172_770_246_673_
09:01:43,15.85,32,2474,15.85_15.90_15.95_16.00_16.05_,1027_1427_1201_1313_470_,15.80_15.75_15.70_15.65_15.60_,352_172_770_246_673_
09:01:48,15.85,7,2481,15.85_15.90_15.95_16.00_16.05_,999_1477_1387_1132_470_,15.80_15.75_15.70_15.65_15.60_,403_172_774_246_683_
09:01:53,15.80,1,2482,15.85_15.90_15.95_16.00_16.05_,1050_1480_1387_1149_470_,15.80_15.75_15.70_15.65_15.60_,534_215_774_246_683_
09:01:58,15.80,4,2486,15.85_15.90_15.95_16.00_16.05_,1050_1530_1201_1340_470_,15.80_15.75_15.70_15.65_15.60_,661_215_874_246_683_
09:02:03,15.80,2,2488,15.85_15.90_15.95_16.00_16.05_,1090_1530_1262_1341_470_,15.80_15.75_15.70_15.65_15.60_,704_216_907_246_683_
09:02:08,15.85,11,2499,15.85_15.90_15.95_16.00_16.05_,1079_1530_1262_1391_470_,15.80_15.75_15.70_15.65_15.60_,755_216_907_246_683_
09:02:13,15.85,1,2500,15.85_15.90_15.95_16.00_16.05_,1103_1530_1448_1207_470_,15.80_15.75_15.70_15.65_15.60_,866_216_907_246_1183_
09:02:18,15.85,12,2512,15.85_15.90_15.95_16.00_16.05_,1098_1531_1448_1207_520_,15.80_15.75_15.70_15.65_15.60_,867_216_907_246_1183_
09:02:24,15.85,69,2581,15.85_15.90_15.95_16.00_16.05_,1129_1531_1448_1188_500_,15.80_15.75_15.70_15.65_15.60_,869_226_907_251_1183_
09:02:29,15.85,49,2630,15.85_15.90_15.95_16.00_16.05_,1084_1531_1449_1191_500_,15.80_15.75_15.70_15.65_15.60_,875_226_911_251_1183_
09:02:34,15.85,10,2640,15.85_15.90_15.95_16.00_16.05_,1075_1536_1459_1196_530_,15.80_15.75_15.70_15.65_15.60_,935_227_931_251_1183_
09:02:39,15.85,68,2708,15.85_15.90_15.95_16.00_16.05_,1025_1532_1459_1196_530_,15.80_15.75_15.70_15.65_15.60_,932_227_933_251_1183_
09:02:44,15.85,21,2729,15.85_15.90_15.95_16.00_16.05_,1004_1540_1509_1196_530_,15.80_15.75_15.70_15.65_15.60_,952_227_933_251_1554_
09:02:49,15.80,100,2829,15.85_15.90_15.95_16.00_16.05_,996_1540_1509_1196_531_,15.80_15.75_15.70_15.65_15.60_,869_227_933_251_1554_
09:02:54,15.85,37,2866,15.85_15.90_15.95_16.00_16.05_,965_1540_1323_1382_531_,15.80_15.75_15.70_15.65_15.60_,882_227_934_251_1554_
09:02:59,15.85,6,2872,15.85_15.90_15.95_16.00_16.05_,994_1540_1509_1196_551_,15.80_15.75_15.70_15.65_15.60_,895_227_934_251_1554_
09:03:05,15.85,2,2874,15.85_15.90_15.95_16.00_16.05_,994_1573_1509_1196_551_,15.80_15.75_15.70_15.65_15.60_,895_230_934_251_1575_
09:03:10,15.85,91,2965,15.85_15.90_15.95_16.00_16.05_,920_1573_1510_1166_551_,15.80_15.75_15.70_15.65_15.60_,894_230_934_251_1575_
09:03:15,15.85,20,2985,15.85_15.90_15.95_16.00_16.05_,906_1573_1510_1276_551_,15.80_15.75_15.70_15.65_15.60_,911_230_934_251_1580_
09:03:20,15.85,33,3018,15.85_15.90_15.95_16.00_16.05_,876_1573_1520_1276_551_,15.80_15.75_15.70_15.65_15.60_,913_230_954_251_1580_
09:03:25,15.85,13,3031,15.85_15.90_15.95_16.00_16.05_,868_1574_1511_1276_551_,15.80_15.75_15.70_15.65_15.60_,913_230_954_251_1580_
09:03:30,15.85,94,3125,15.85_15.90_15.95_16.00_16.05_,774_1614_1511_1276_551_,15.80_15.75_15.70_15.65_15.60_,956_230_934_331_1580_
09:03:35,15.85,38,3163,15.85_15.90_15.95_16.00_16.05_,736_1614_1512_1277_551_,15.80_15.75_15.70_15.65_15.60_,968_230_934_331_1580_
09:03:40,15.85,7,3170,15.85_15.90_15.95_16.00_16.05_,685_1614_1512_1278_551_,15.80_15.75_15.70_15.65_15.60_,968_232_935_331_1580_
09:03:46,15.85,89,3259,15.85_15.90_15.95_16.00_16.05_,702_1614_1512_1329_552_,15.80_15.75_15.70_15.65_15.60_,971_230_935_331_1580_
09:03:51,15.85,103,3362,15.85_15.90_15.95_16.00_16.05_,600_1667_1522_1329_552_,15.80_15.75_15.70_15.65_15.60_,966_230_935_331_1580_
09:03:56,15.85,334,3696,15.85_15.90_15.95_16.00_16.05_,272_1687_1522_1329_552_,15.80_15.75_15.70_15.65_15.60_,966_230_935_331_1580_
09:04:01,15.85,330,4026,15.90_15.95_16.00_16.05_16.10_,1698_1522_1329_602_1293_,15.85_15.80_15.75_15.70_15.65_,425_908_230_936_331_
09:04:06,15.90,31,4057,15.90_15.95_16.00_16.05_16.10_,1679_1348_1763_632_1339_,15.85_15.80_15.75_15.70_15.65_,724_930_213_920_331_
09:04:11,15.90,337,4394,15.90_15.95_16.00_16.05_16.10_,1382_1292_1820_644_1349_,15.85_15.80_15.75_15.70_15.65_,940_939_213_920_331_
09:04:16,15.90,73,4467,15.90_15.95_16.00_16.05_16.10_,1319_1371_1820_644_1350_,15.85_15.80_15.75_15.70_15.65_,1089_940_268_817_331_
09:04:22,15.85,150,4617,15.90_15.95_16.00_16.05_16.10_,1319_1371_1819_644_1350_,15.85_15.80_15.75_15.70_15.65_,1218_837_268_817_331_
09:04:27,15.90,390,5007,15.90_15.95_16.00_16.05_16.10_,942_1371_1662_830_1314_,15.85_15.80_15.75_15.70_15.65_,771_856_268_827_331_
09:04:32,15.90,26,5033,15.90_15.95_16.00_16.05_16.10_,931_1375_1851_644_1314_,15.85_15.80_15.75_15.70_15.65_,778_872_269_837_331_
09:04:37,15.90,268,5301,15.90_15.95_16.00_16.05_16.10_,682_1375_1857_644_1378_,15.85_15.80_15.75_15.70_15.65_,745_882_269_836_331_
09:04:42,15.85,39,5340,15.90_15.95_16.00_16.05_16.10_,1103_1427_1859_646_1378_,15.85_15.80_15.75_15.70_15.65_,730_884_272_836_331_
09:04:47,15.90,141,5481,15.90_15.95_16.00_16.05_16.10_,968_1427_1693_831_1379_,15.85_15.80_15.75_15.70_15.65_,679_882_272_837_333_
09:04:52,15.90,49,5530,15.90_15.95_16.00_16.05_16.10_,942_1437_1881_638_1379_,15.85_15.80_15.75_15.70_15.65_,627_883_272_837_333_
09:04:57,15.90,71,5601,15.90_15.95_16.00_16.05_16.10_,875_1437_1881_659_1379_,15.85_15.80_15.75_15.70_15.65_,704_893_272_840_333_
09:05:03,15.90,9,5610,15.90_15.95_16.00_16.05_16.10_,878_1437_1885_659_1380_,15.85_15.80_15.75_15.70_15.65_,725_893_272_840_333_
09:05:08,15.90,83,5693,15.90_15.95_16.00_16.05_16.10_,820_1439_1885_659_1380_,15.85_15.80_15.75_15.70_15.65_,735_893_292_840_333_
09:05:13,15.90,38,5731,15.90_15.95_16.00_16.05_16.10_,838_1457_1890_669_1436_,15.85_15.80_15.75_15.70_15.65_,739_893_292_840_333_
09:05:18,15.90,62,5793,15.90_15.95_16.00_16.05_16.10_,773_1461_1895_669_1438_,15.85_15.80_15.75_15.70_15.65_,742_899_294_840_333_
09:05:23,15.90,72,5865,15.90_15.95_16.00_16.05_16.10_,713_1461_1895_669_1439_,15.85_15.80_15.75_15.70_15.65_,805_915_293_840_333_
09:05:28,15.90,39,5904,15.90_15.95_16.00_16.05_16.10_,687_1451_1895_677_1439_,15.85_15.80_15.75_15.70_15.65_,778_915_295_840_333_
09:05:33,15.90,60,5964,15.90_15.95_16.00_16.05_16.10_,638_1451_1896_688_1439_,15.85_15.80_15.75_15.70_15.65_,798_919_297_840_333_
09:05:38,15.90,19,5983,15.90_15.95_16.00_16.05_16.10_,633_1457_1897_688_1439_,15.85_15.80_15.75_15.70_15.65_,808_920_287_840_323_
09:05:44,15.90,572,6555,15.90_15.95_16.00_16.05_16.10_,62_1465_1887_688_1449_,15.85_15.80_15.75_15.70_15.65_,809_920_287_840_433_
09:05:49,15.90,85,6640,15.95_16.00_16.05_16.10_16.15_,1486_1888_693_1449_236_,15.90_15.85_15.80_15.75_15.70_,50_794_920_287_950_
09:05:54,15.90,113,6753,15.95_16.00_16.05_16.10_16.15_,1494_1504_1092_1484_236_,15.90_15.85_15.80_15.75_15.70_,11_823_828_282_955_
09:05:59,15.90,162,6915,15.95_16.00_16.05_16.10_16.15_,1510_1505_1096_1484_236_,15.90_15.85_15.80_15.75_15.70_,1_822_1120_282_958_
09:06:04,15.90,76,6991,15.90_15.95_16.00_16.05_16.10_,41_1512_1513_1097_1484_,15.85_15.80_15.75_15.70_15.65_,772_1188_282_957_433_
09:06:09,15.90,95,7086,15.95_16.00_16.05_16.10_16.15_,1547_1948_699_1463_236_,15.85_15.80_15.75_15.70_15.65_,763_1112_292_957_633_
09:06:14,15.90,6,7092,15.95_16.00_16.05_16.10_16.15_,1548_1551_1070_1498_236_,15.90_15.85_15.80_15.75_15.70_,46_790_1112_292_957_
09:06:19,15.90,7,7099,15.95_16.00_16.05_16.10_16.15_,1608_1513_1108_1498_251_,15.90_15.85_15.80_15.75_15.70_,100_888_1111_292_957_
09:06:25,15.90,140,7239,15.95_16.00_16.05_16.10_16.15_,1608_1517_1110_1509_258_,15.90_15.85_15.80_15.75_15.70_,8_888_1117_292_987_
09:06:30,15.90,37,7276,15.90_15.95_16.00_16.05_16.10_,96_1608_1526_1110_1518_,15.85_15.80_15.75_15.70_15.65_,887_1145_292_987_633_
09:06:35,15.90,11,7287,15.90_15.95_16.00_16.05_16.10_,122_1609_1949_701_1493_,15.85_15.80_15.75_15.70_15.65_,890_1178_292_987_633_
09:06:40,15.90,11,7287,15.90_15.95_16.00_16.05_16.10_,258_1629_1948_701_1498_,15.85_15.80_15.75_15.70_15.65_,900_1178_292_987_633_
09:06:45,15.90,4,7291,15.90_15.95_16.00_16.05_16.10_,286_1659_1943_701_1498_,15.85_15.80_15.75_15.70_15.65_,890_1188_292_987_633_
09:06:50,15.90,40,7331,15.90_15.95_16.00_16.05_16.10_,253_1654_1943_701_1498_,15.85_15.80_15.75_15.70_15.65_,889_1190_292_988_633_
09:06:55,15.90,21,7352,15.90_15.95_16.00_16.05_16.10_,324_1654_1947_701_1498_,15.85_15.80_15.75_15.70_15.65_,889_1180_392_988_633_
09:07:06,15.85,15,7413,15.90_15.95_16.00_16.05_16.10_,292_1654_1947_708_1499_,15.85_15.80_15.75_15.70_15.65_,926_1187_392_988_633_
09:07:11,15.90,71,7484,15.90_15.95_16.00_16.05_16.10_,269_1654_1761_895_1499_,15.85_15.80_15.75_15.70_15.65_,876_1188_392_988_633_
09:07:16,15.90,71,7484,15.90_15.95_16.00_16.05_16.10_,272_1654_1950_709_1499_,15.85_15.80_15.75_15.70_15.65_,879_1190_392_988_633_
09:07:21,15.90,21,7505,15.90_15.95_16.00_16.05_16.10_,254_1654_1950_709_1499_,15.85_15.80_15.75_15.70_15.65_,876_1190_392_988_633_
09:07:26,15.90,5,7510,15.90_15.95_16.00_16.05_16.10_,352_1654_1950_709_1499_,15.85_15.80_15.75_15.70_15.65_,880_1190_392_988_633_
09:07:31,15.90,3,7513,15.90_15.95_16.00_16.05_16.10_,352_1754_1951_709_1499_,15.85_15.80_15.75_15.70_15.65_,881_1191_392_990_633_
09:07:36,15.85,2,7515,15.90_15.95_16.00_16.05_16.10_,393_1756_1980_709_1501_,15.85_15.80_15.75_15.70_15.65_,880_1189_372_1000_633_
09:07:41,15.90,10,7525,15.90_15.95_16.00_16.05_16.10_,393_1756_1809_895_1501_,15.85_15.80_15.75_15.70_15.65_,875_1189_372_1000_633_
09:07:47,15.90,20,7545,15.90_15.95_16.00_16.05_16.10_,378_1756_1996_709_1501_,15.85_15.80_15.75_15.70_15.65_,875_1189_373_1000_633_
09:07:52,15.90,36,7581,15.90_15.95_16.00_16.05_16.10_,450_1756_1996_702_1502_,15.85_15.80_15.75_15.70_15.65_,876_1189_379_972_633_
09:07:57,15.90,36,7617,15.90_15.95_16.00_16.05_16.10_,459_1763_2003_702_1504_,15.85_15.80_15.75_15.70_15.65_,875_1189_379_972_633_
09:08:02,15.90,56,7673,15.90_15.95_16.00_16.05_16.10_,419_1763_2005_705_1504_,15.85_15.80_15.75_15.70_15.65_,891_1189_379_972_633_
09:08:07,15.90,59,7732,15.90_15.95_16.00_16.05_16.10_,382_1763_2008_715_1506_,15.85_15.80_15.75_15.70_15.65_,846_1139_379_972_633_
09:08:12,15.90,11,7743,15.90_15.95_16.00_16.05_16.10_,380_1765_2019_715_1514_,15.85_15.80_15.75_15.70_15.65_,845_1139_379_972_633_
09:08:17,15.90,11,7743,15.90_15.95_16.00_16.05_16.10_,407_1765_2020_715_1514_,15.85_15.80_15.75_15.70_15.65_,845_1139_379_972_633_
09:08:22,15.90,10,7753,15.90_15.95_16.00_16.05_16.10_,401_1760_2022_716_1518_,15.85_15.80_15.75_15.70_15.65_,885_1139_379_972_633_
09:08:28,15.90,414,8167,15.95_16.00_16.05_16.10_16.15_,1689_2016_716_1525_304_,15.90_15.85_15.80_15.75_15.70_,112_912_1139_379_972_
09:08:33,15.90,52,8219,15.95_16.00_16.05_16.10_16.15_,1690_1533_1676_1550_304_,15.90_15.85_15.80_15.75_15.70_,224_924_923_379_971_
09:08:38,15.95,20,8239,15.95_16.00_16.05_16.10_16.15_,1683_1538_1676_1550_324_,15.90_15.85_15.80_15.75_15.70_,236_923_986_328_971_
09:08:43,15.90,106,8345,15.95_16.00_16.05_16.10_16.15_,1684_1548_1676_1551_325_,15.90_15.85_15.80_15.75_15.70_,145_923_986_328_981_
09:08:48,15.90,10,8355,15.95_16.00_16.05_16.10_16.15_,1682_1549_1182_1551_824_,15.90_15.85_15.80_15.75_15.70_,141_923_986_328_981_
09:08:53,15.95,21,8376,15.95_16.00_16.05_16.10_16.15_,1662_1547_1182_1552_1323_,15.90_15.85_15.80_15.75_15.70_,148_923_986_328_981_
09:08:58,15.90,1,8377,15.95_16.00_16.05_16.10_16.15_,1662_1548_1183_1555_1323_,15.90_15.85_15.80_15.75_15.70_,153_919_986_378_984_
09:09:03,15.95,6,8383,15.95_16.00_16.05_16.10_16.15_,1660_1548_1183_1592_1323_,15.90_15.85_15.80_15.75_15.70_,186_919_991_378_984_
09:09:08,15.90,45,8428,15.95_16.00_16.05_16.10_16.15_,1660_1541_1183_1593_1323_,15.90_15.85_15.80_15.75_15.70_,187_920_991_378_984_
09:09:13,15.95,92,8520,15.95_16.00_16.05_16.10_16.15_,1581_1551_1183_1595_1323_,15.90_15.85_15.80_15.75_15.70_,298_773_991_378_985_
09:09:19,15.90,11,8531,15.95_16.00_16.05_16.10_16.15_,1581_1731_1185_1595_1323_,15.90_15.85_15.80_15.75_15.70_,402_772_992_378_985_
09:09:24,15.95,6,8537,15.95_16.00_16.05_16.10_16.15_,1576_1730_1186_1599_1323_,15.90_15.85_15.80_15.75_15.70_,415_774_992_372_985_
09:09:29,15.95,15,8552,15.95_16.00_16.05_16.10_16.15_,1599_1730_1201_1651_1327_,15.90_15.85_15.80_15.75_15.70_,435_774_1002_372_985_
09:09:34,15.95,21,8573,15.95_16.00_16.05_16.10_16.15_,1595_1742_1201_1651_1327_,15.90_15.85_15.80_15.75_15.70_,437_774_997_373_925_
09:09:39,15.90,37,8610,15.95_16.00_16.05_16.10_16.15_,1569_1742_1200_1651_1327_,15.90_15.85_15.80_15.75_15.70_,413_774_1000_373_906_
09:09:44,15.90,25,8635,15.95_16.00_16.05_16.10_16.15_,1578_1740_1200_1652_1329_,15.90_15.85_15.80_15.75_15.70_,401_774_1000_373_906_
09:09:49,15.90,16,8651,15.95_16.00_16.05_16.10_16.15_,1551_1740_1200_1652_1329_,15.90_15.85_15.80_15.75_15.70_,485_776_1010_373_906_
09:09:54,15.95,24,8675,15.95_16.00_16.05_16.10_16.15_,1545_1691_1200_1652_1329_,15.90_15.85_15.80_15.75_15.70_,575_696_1020_373_907_
09:10:00,15.90,44,8719,15.95_16.00_16.05_16.10_16.15_,1535_1693_1195_1659_1329_,15.90_15.85_15.80_15.75_15.70_,567_706_1020_373_907_
09:10:05,15.90,20,8739,15.95_16.00_16.05_16.10_16.15_,1535_1694_1195_1663_1329_,15.90_15.85_15.80_15.75_15.70_,591_756_1020_373_907_
09:10:10,15.90,5,8744,15.95_16.00_16.05_16.10_16.15_,1534_1711_1195_1679_1329_,15.90_15.85_15.80_15.75_15.70_,604_761_1020_373_909_
09:10:15,15.95,23,8767,15.95_16.00_16.05_16.10_16.15_,1516_1717_1195_1679_1329_,15.90_15.85_15.80_15.75_15.70_,604_840_1021_373_909_
09:10:20,15.95,305,9072,15.95_16.00_16.05_16.10_16.15_,1212_1720_1195_1679_1329_,15.90_15.85_15.80_15.75_15.70_,612_842_1021_373_910_
09:10:25,15.95,68,9140,15.95_16.00_16.05_16.10_16.15_,1158_1675_1195_1679_1331_,15.90_15.85_15.80_15.75_15.70_,616_947_1021_373_910_
09:10:30,15.95,644,9784,15.95_16.00_16.05_16.10_16.15_,530_1675_1195_1679_1331_,15.90_15.85_15.80_15.75_15.70_,656_962_1021_373_910_
09:10:35,15.95,169,9953,15.95_16.00_16.05_16.10_16.15_,373_1677_1175_1739_1331_,15.90_15.85_15.80_15.75_15.70_,679_967_1016_373_910_
09:10:40,15.95,323,10276,16.00_16.05_16.10_16.15_16.20_,1701_1175_1739_1331_1015_,15.95_15.90_15.85_15.80_15.75_,476_679_989_1016_375_
09:10:46,16.00,124,10400,16.00_16.05_16.10_16.15_16.20_,1650_696_2250_1356_1015_,15.95_15.90_15.85_15.80_15.75_,589_666_823_1016_375_
09:10:51,16.00,240,10640,16.00_16.05_16.10_16.15_16.20_,1419_696_2303_1356_1015_,15.95_15.90_15.85_15.80_15.75_,671_727_878_961_375_
09:10:56,16.00,367,11007,16.00_16.05_16.10_16.15_16.20_,1103_691_2324_1356_1015_,15.95_15.90_15.85_15.80_15.75_,904_720_799_962_375_
09:11:01,16.00,1171,12178,16.05_16.10_16.15_16.20_16.25_,691_2334_1356_1016_775_,16.00_15.95_15.90_15.85_15.80_,203_922_783_799_962_
09:11:06,16.05,298,12476,16.05_16.10_16.15_16.20_16.25_,498_1875_1817_1036_775_,16.00_15.95_15.90_15.85_15.80_,247_686_656_773_972_
09:11:11,16.05,202,12678,16.05_16.10_16.15_16.20_16.25_,313_1650_1819_1036_775_,16.00_15.95_15.90_15.85_15.80_,674_692_531_823_973_
09:11:16,16.05,334,13012,16.10_16.15_16.20_16.25_16.30_,1588_1842_1016_776_1022_,16.05_16.00_15.95_15.90_15.85_,387_831_657_585_768_
09:11:22,16.10,433,13445,16.10_16.15_16.20_16.25_16.30_,1264_1443_1428_804_1022_,16.05_16.00_15.95_15.90_15.85_,702_621_559_579_731_
09:11:27,16.10,197,13642,16.10_16.15_16.20_16.25_16.30_,1133_1388_1492_811_1022_,16.05_16.00_15.95_15.90_15.85_,684_705_460_553_731_
09:11:32,16.05,574,14216,16.10_16.15_16.20_16.25_16.30_,1106_1388_1492_821_1025_,16.05_16.00_15.95_15.90_15.85_,421_720_460_553_731_
09:11:37,16.10,237,14453,16.10_16.15_16.20_16.25_16.30_,1110_1388_1494_823_1035_,16.05_16.00_15.95_15.90_15.85_,243_782_471_553_731_
09:11:42,16.05,191,14644,16.10_16.15_16.20_16.25_16.30_,1093_1393_1534_873_1047_,16.05_16.00_15.95_15.90_15.85_,216_795_471_566_731_
09:11:47,16.05,267,14911,16.10_16.15_16.20_16.25_16.30_,947_1400_1535_873_1049_,16.05_16.00_15.95_15.90_15.85_,252_795_470_438_716_
09:11:52,16.10,307,15218,16.10_16.15_16.20_16.25_16.30_,835_1405_1544_873_1046_,16.05_16.00_15.95_15.90_15.85_,267_797_470_438_716_
09:11:57,16.05,74,15292,16.10_16.15_16.20_16.25_16.30_,898_1405_1553_878_1048_,16.05_16.00_15.95_15.90_15.85_,221_786_475_440_816_
09:12:02,16.05,63,15355,16.10_16.15_16.20_16.25_16.30_,966_1434_1558_899_1045_,16.05_16.00_15.95_15.90_15.85_,175_787_475_531_896_
09:12:07,16.10,251,15606,16.10_16.15_16.20_16.25_16.30_,773_1435_1507_906_1052_,16.05_16.00_15.95_15.90_15.85_,190_769_475_531_897_
09:12:13,16.05,63,15669,16.10_16.15_16.20_16.25_16.30_,790_1405_1530_906_1053_,16.05_16.00_15.95_15.90_15.85_,154_766_476_522_897_
09:12:18,16.05,134,15803,16.10_16.15_16.20_16.25_16.30_,842_1415_1534_907_1053_,16.05_16.00_15.95_15.90_15.85_,54_766_536_519_917_
09:12:23,16.05,74,15877,16.05_16.10_16.15_16.20_16.25_,130_910_1418_1548_907_,16.00_15.95_15.90_15.85_15.80_,911_546_573_967_1051_
09:12:28,16.05,46,15923,16.05_16.10_16.15_16.20_16.25_,301_939_1855_1148_892_,16.00_15.95_15.90_15.85_15.80_,917_746_578_967_1038_
09:12:33,16.05,122,16045,16.05_16.10_16.15_16.20_16.25_,305_1097_1913_1097_892_,16.00_15.95_15.90_15.85_15.80_,788_727_580_967_1028_
09:12:38,16.05,45,16090,16.05_16.10_16.15_16.20_16.25_,404_1122_1914_1104_902_,16.00_15.95_15.90_15.85_15.80_,797_727_586_967_1028_
09:12:43,16.05,303,16393,16.05_16.10_16.15_16.20_16.25_,124_1129_1914_1130_1002_,16.00_15.95_15.90_15.85_15.80_,805_729_583_967_1028_
09:12:48,16.05,64,16457,16.05_16.10_16.15_16.20_16.25_,119_1141_1914_1141_1003_,16.00_15.95_15.90_15.85_15.80_,806_730_585_969_1028_
09:12:54,16.05,119,16576,16.10_16.15_16.20_16.25_16.30_,1369_1914_1144_1004_1125_,16.05_16.00_15.95_15.90_15.85_,429_806_731_590_968_
09:12:59,16.10,56,16632,16.10_16.15_16.20_16.25_16.30_,1349_1487_1547_1029_1126_,16.05_16.00_15.95_15.90_15.85_,454_803_730_590_968_
09:13:04,16.10,11,16643,16.10_16.15_16.20_16.25_16.30_,1361_1490_1547_1031_1126_,16.05_16.00_15.95_15.90_15.85_,577_810_716_590_986_
09:13:09,16.05,26,16669,16.10_16.15_16.20_16.25_16.30_,1368_1502_1570_1031_1177_,16.05_16.00_15.95_15.90_15.85_,1009_892_627_590_981_
09:13:14,16.10,31,16700,16.10_16.15_16.20_16.25_16.30_,1368_1457_1471_1031_1337_,16.05_16.00_15.95_15.90_15.85_,1102_956_628_590_981_
09:13:19,16.05,109,16809,16.10_16.15_16.20_16.25_16.30_,1374_1457_1522_1032_1343_,16.05_16.00_15.95_15.90_15.85_,1037_956_628_620_981_
09:13:24,16.05,46,16855,16.10_16.15_16.20_16.25_16.30_,1401_1484_1533_1033_1343_,16.05_16.00_15.95_15.90_15.85_,1002_960_618_620_981_
09:13:29,16.10,77,16932,16.10_16.15_16.20_16.25_16.30_,1390_1489_1528_1033_1366_,16.05_16.00_15.95_15.90_15.85_,1022_1015_618_620_981_
09:13:35,16.10,31,16963,16.10_16.15_16.20_16.25_16.30_,1387_1518_1532_1033_1368_,16.05_16.00_15.95_15.90_15.85_,1023_1016_618_620_981_
09:13:40,16.05,137,17100,16.10_16.15_16.20_16.25_16.30_,1465_1519_1555_1036_1368_,16.05_16.00_15.95_15.90_15.85_,921_1029_618_609_981_
09:13:45,16.10,134,17234,16.10_16.15_16.20_16.25_16.30_,1340_1519_1611_1057_1368_,16.05_16.00_15.95_15.90_15.85_,981_940_618_629_976_
09:13:50,16.05,33,17267,16.10_16.15_16.20_16.25_16.30_,1349_1518_1625_1058_1368_,16.05_16.00_15.95_15.90_15.85_,961_900_618_640_976_
09:13:55,16.05,63,17330,16.10_16.15_16.20_16.25_16.30_,1363_1519_1635_1058_1371_,16.05_16.00_15.95_15.90_15.85_,969_920_618_640_1006_
09:14:00,16.10,18,17348,16.10_16.15_16.20_16.25_16.30_,1374_1519_1626_1058_1396_,16.05_16.00_15.95_15.90_15.85_,1019_922_618_640_1006_
09:14:05,16.05,39,17387,16.10_16.15_16.20_16.25_16.30_,1450_1522_1626_1063_1426_,16.05_16.00_15.95_15.90_15.85_,1131_1020_618_642_906_
09:14:10,16.10,18,17405,16.10_16.15_16.20_16.25_16.30_,1517_1522_1630_1063_1448_,16.05_16.00_15.95_15.90_15.85_,1132_1023_618_639_907_
09:14:15,16.10,96,17501,16.10_16.15_16.20_16.25_16.30_,1466_1576_1632_1063_1449_,16.05_16.00_15.95_15.90_15.85_,1144_1037_618_749_906_
09:14:21,16.05,42,17543,16.10_16.15_16.20_16.25_16.30_,1500_1589_1638_1063_1449_,16.05_16.00_15.95_15.90_15.85_,1617_1020_618_749_906_
09:14:26,16.10,132,17675,16.10_16.15_16.20_16.25_16.30_,1463_1638_1709_1073_1447_,16.05_16.00_15.95_15.90_15.85_,1623_1008_628_749_906_
09:14:31,16.10,438,18113,16.10_16.15_16.20_16.25_16.30_,1074_1648_1724_1073_1449_,16.05_16.00_15.95_15.90_15.85_,1873_1008_628_734_907_
09:14:36,16.10,205,18318,16.10_16.15_16.20_16.25_16.30_,929_1653_1729_1083_1449_,16.05_16.00_15.95_15.90_15.85_,1869_1005_628_734_907_
09:14:41,16.10,572,18890,16.10_16.15_16.20_16.25_16.30_,389_1660_1741_1083_1449_,16.05_16.00_15.95_15.90_15.85_,1937_998_622_734_907_
09:14:46,16.10,414,19304,16.15_16.20_16.25_16.30_16.35_,1664_1747_1084_1460_397_,16.10_16.05_16.00_15.95_15.90_,166_1960_1008_577_629_
09:14:51,16.15,179,19483,16.15_16.20_16.25_16.30_16.35_,1495_1344_1480_1492_398_,16.10_16.05_16.00_15.95_15.90_,273_2097_982_572_574_
09:14:57,16.15,143,19626,16.15_16.20_16.25_16.30_16.35_,1377_1279_1534_1494_402_,16.10_16.05_16.00_15.95_15.90_,310_2097_912_572_574_
09:15:02,16.10,89,19715,16.15_16.20_16.25_16.30_16.35_,1383_1281_1583_1494_413_,16.10_16.05_16.00_15.95_15.90_,617_2097_1018_572_579_
09:15:07,16.15,95,19810,16.15_16.20_16.25_16.30_16.35_,1330_1281_1583_1504_413_,16.10_16.05_16.00_15.95_15.90_,583_2106_918_572_580_
09:15:12,16.15,95,19905,16.15_16.20_16.25_16.30_16.35_,1271_1296_1583_1505_413_,16.10_16.05_16.00_15.95_15.90_,694_2161_1019_572_580_
09:15:17,16.15,531,20436,16.15_16.20_16.25_16.30_16.35_,844_1310_1583_1518_426_,16.10_16.05_16.00_15.95_15.90_,671_2161_921_572_580_
09:15:22,16.15,121,20557,16.15_16.20_16.25_16.30_16.35_,741_1319_1583_1517_429_,16.10_16.05_16.00_15.95_15.90_,692_2162_1020_575_589_
09:15:27,16.15,196,20753,16.15_16.20_16.25_16.30_16.35_,514_1446_1580_1521_431_,16.10_16.05_16.00_15.95_15.90_,688_2057_1022_575_589_
09:15:32,16.15,207,20960,16.15_16.20_16.25_16.30_16.35_,472_1442_1595_1530_1429_,16.10_16.05_16.00_15.95_15.90_,735_2047_1021_575_589_
09:15:38,16.15,518,21478,16.20_16.25_16.30_16.35_16.40_,1442_1597_1550_1433_1364_,16.15_16.10_16.05_16.00_15.95_,144_732_2047_1032_575_
09:15:43,16.15,53,21531,16.20_16.25_16.30_16.35_16.40_,1440_1228_2055_1481_1371_,16.15_16.10_16.05_16.00_15.95_,182_812_1911_1027_575_
09:15:48,16.15,85,21616,16.20_16.25_16.30_16.35_16.40_,1449_1247_2110_1631_1371_,16.15_16.10_16.05_16.00_15.95_,244_801_1911_1028_572_
09:15:53,16.20,78,21694,16.20_16.25_16.30_16.35_16.40_,1436_1250_2160_1681_1361_,16.15_16.10_16.05_16.00_15.95_,258_822_1901_1028_572_
09:15:58,16.15,128,21822,16.20_16.25_16.30_16.35_16.40_,1432_1253_2165_1683_1381_,16.15_16.10_16.05_16.00_15.95_,164_833_1965_974_572_
09:16:03,16.15,120,21942,16.20_16.25_16.30_16.35_16.40_,1440_1283_2173_1684_1363_,16.15_16.10_16.05_16.00_15.95_,204_840_1969_975_567_
09:16:08,16.15,161,22103,16.20_16.25_16.30_16.35_16.40_,1452_1324_2178_1684_1368_,16.15_16.10_16.05_16.00_15.95_,87_836_1969_966_567_
09:16:13,16.15,245,22348,16.20_16.25_16.30_16.35_16.40_,1563_1324_2185_1684_1358_,16.15_16.10_16.05_16.00_15.95_,39_885_1889_994_567_
09:16:19,16.15,137,22485,16.15_16.20_16.25_16.30_16.35_,274_1581_1325_2177_1684_,16.10_16.05_16.00_15.95_15.90_,1119_1906_994_587_589_
09:16:24,16.15,124,22609,16.15_16.20_16.25_16.30_16.35_,268_1650_1804_1806_1659_,16.10_16.05_16.00_15.95_15.90_,1124_1556_1023_621_623_
09:16:29,16.15,31,22640,16.15_16.20_16.25_16.30_16.35_,333_1661_1831_1818_1679_,16.10_16.05_16.00_15.95_15.90_,1124_1556_1042_621_623_
09:16:34,16.15,386,23026,16.20_16.25_16.30_16.35_16.40_,1679_1831_1817_1679_1372_,16.15_16.10_16.05_16.00_15.95_,62_1045_1635_1077_621_
09:16:39,16.15,103,23129,16.15_16.20_16.25_16.30_16.35_,20_1643_1348_2231_1744_,16.10_16.05_16.00_15.95_15.90_,1052_1584_1077_621_524_
09:16:44,16.20,41,23170,16.20_16.25_16.30_16.35_16.40_,1684_1768_1837_1685_1372_,16.15_16.10_16.05_16.00_15.95_,20_1021_1579_1045_612_
09:16:49,16.15,24,23194,16.15_16.20_16.25_16.30_16.35_,184_1658_1349_2266_1746_,16.10_16.05_16.00_15.95_15.90_,1150_1537_1046_612_524_
09:16:55,16.15,110,23304,16.15_16.20_16.25_16.30_16.35_,84_1703_1768_1862_1689_,16.10_16.05_16.00_15.95_15.90_,1181_1546_1069_612_524_
09:17:00,16.15,109,23413,16.20_16.25_16.30_16.35_16.40_,1876_1778_1862_1694_1390_,16.15_16.10_16.05_16.00_15.95_,229_1403_1625_1069_612_
09:17:05,16.15,115,23528,16.20_16.25_16.30_16.35_16.40_,1839_1309_2286_1753_1387_,16.15_16.10_16.05_16.00_15.95_,298_1702_1577_1068_612_
09:17:10,16.20,31,23559,16.20_16.25_16.30_16.35_16.40_,1909_1315_2286_1734_1830_,16.15_16.10_16.05_16.00_15.95_,304_1739_1576_1068_612_
09:17:15,16.15,46,23605,16.20_16.25_16.30_16.35_16.40_,1891_1316_2286_1734_1830_,16.15_16.10_16.05_16.00_15.95_,265_1823_1502_1068_612_
09:17:20,16.15,68,23673,16.20_16.25_16.30_16.35_16.40_,1931_1321_2289_1734_1830_,16.15_16.10_16.05_16.00_15.95_,231_1826_1503_1068_613_
09:17:25,16.15,63,23736,16.20_16.25_16.30_16.35_16.40_,1964_1326_2294_1738_1841_,16.15_16.10_16.05_16.00_15.95_,275_1837_1503_1068_613_
09:17:30,16.15,12,23748,16.20_16.25_16.30_16.35_16.40_,1975_1328_2295_1743_1843_,16.15_16.10_16.05_16.00_15.95_,304_1847_1501_1068_603_
09:17:36,16.15,345,24093,16.15_16.20_16.25_16.30_16.35_,70_2076_1331_2376_1743_,16.10_16.05_16.00_15.95_15.90_,1852_1501_1083_603_554_
09:17:41,16.10,55,24148,16.15_16.20_16.25_16.30_16.35_,232_2134_1805_1979_1686_,16.10_16.05_16.00_15.95_15.90_,1843_1537_1083_603_554_
09:17:46,16.10,15,24163,16.15_16.20_16.25_16.30_16.35_,268_2199_1847_1994_1686_,16.10_16.05_16.00_15.95_15.90_,1797_1616_1083_603_554_
09:17:51,16.15,11,24174,16.15_16.20_16.25_16.30_16.35_,359_2162_1848_1994_1699_,16.10_16.05_16.00_15.95_15.90_,1797_1616_1074_603_554_
09:17:56,16.10,11,24185,16.15_16.20_16.25_16.30_16.35_,711_2170_1848_2002_1699_,16.10_16.05_16.00_15.95_15.90_,1796_1616_1073_603_554_
09:18:01,16.15,62,24247,16.15_16.20_16.25_16.30_16.35_,871_2170_1848_2011_1699_,16.10_16.05_16.00_15.95_15.90_,1777_1616_1088_603_555_
09:18:06,16.10,65,24312,16.15_16.20_16.25_16.30_16.35_,892_2172_1858_2023_1699_,16.10_16.05_16.00_15.95_15.90_,1726_1616_1087_603_555_
09:18:12,16.15,201,24513,16.15_16.20_16.25_16.30_16.35_,721_2129_1858_2043_1705_,16.10_16.05_16.00_15.95_15.90_,1728_1615_1087_603_555_
09:18:17,16.15,20,24533,16.15_16.20_16.25_16.30_16.35_,740_2135_1859_2049_1726_,16.10_16.05_16.00_15.95_15.90_,1718_1615_1087_603_555_
09:18:22,16.15,202,24735,16.15_16.20_16.25_16.30_16.35_,601_2132_1860_2048_1726_,16.10_16.05_16.00_15.95_15.90_,1720_1616_1087_603_556_
09:18:27,16.15,53,24788,16.15_16.20_16.25_16.30_16.35_,741_2135_1887_2050_1726_,16.10_16.05_16.00_15.95_15.90_,1710_1596_1088_603_556_
09:18:32,16.15,253,25041,16.15_16.20_16.25_16.30_16.35_,544_2182_1917_2079_1726_,16.10_16.05_16.00_15.95_15.90_,1712_1596_1083_603_556_
09:18:37,16.15,533,25574,16.15_16.20_16.25_16.30_16.35_,54_2190_1918_2080_1726_,16.10_16.05_16.00_15.95_15.90_,1724_1596_1083_603_556_
09:18:42,16.15,30,25604,16.15_16.20_16.25_16.30_16.35_,33_2231_1918_2082_1726_,16.10_16.05_16.00_15.95_15.90_,1719_1596_1093_603_556_
09:18:47,16.15,139,25743,16.20_16.25_16.30_16.35_16.40_,2229_1919_2083_1728_2024_,16.15_16.10_16.05_16.00_15.95_,120_1715_1596_1093_607_
09:18:53,16.15,11,25754,16.20_16.25_16.30_16.35_16.40_,2199_1501_2480_1784_2024_,16.15_16.10_16.05_16.00_15.95_,131_1709_1592_1093_607_
09:18:58,16.15,45,25799,16.20_16.25_16.30_16.35_16.40_,2204_1501_2485_1783_2027_,16.15_16.10_16.05_16.00_15.95_,100_1708_1556_1093_607_
09:19:03,16.15,191,25990,16.20_16.25_16.30_16.35_16.40_,2219_1501_2565_1784_2028_,16.15_16.10_16.05_16.00_15.95_,110_1788_1477_1093_607_
09:19:08,16.15,82,26072,16.20_16.25_16.30_16.35_16.40_,2274_1504_2592_1834_2040_,16.15_16.10_16.05_16.00_15.95_,42_1784_1513_1093_607_
09:19:13,16.15,57,26129,16.15_16.20_16.25_16.30_16.35_,199_2515_1509_2594_1835_,16.10_16.05_16.00_15.95_15.90_,1784_1512_1098_607_543_
09:19:18,16.15,32,26161,16.15_16.20_16.25_16.30_16.35_,240_2546_1939_2184_1776_,16.10_16.05_16.00_15.95_15.90_,1827_1513_1098_607_543_
09:19:23,16.10,33,26194,16.15_16.20_16.25_16.30_16.35_,288_2550_1947_2200_1776_,16.10_16.05_16.00_15.95_15.90_,1796_1513_1100_607_548_
09:19:28,16.15,5,26199,16.15_16.20_16.25_16.30_16.35_,481_2559_1948_2203_1781_,16.10_16.05_16.00_15.95_15.90_,1796_1513_1101_607_549_
09:19:33,16.10,31,26230,16.15_16.20_16.25_16.30_16.35_,493_2610_1948_2213_1781_,16.10_16.05_16.00_15.95_15.90_,1690_1592_1110_607_550_
09:19:39,16.10,27,26257,16.15_16.20_16.25_16.30_16.35_,632_2611_1948_2212_1781_,16.10_16.05_16.00_15.95_15.90_,1666_1593_1120_612_550_
09:19:44,16.15,10,26267,16.15_16.20_16.25_16.30_16.35_,652_2613_1948_2242_1781_,16.10_16.05_16.00_15.95_15.90_,1965_1593_1118_622_565_
09:19:49,16.10,7,26274,16.15_16.20_16.25_16.30_16.35_,690_2621_1948_2243_1782_,16.10_16.05_16.00_15.95_15.90_,1977_1594_1118_630_565_
09:19:54,16.15,13,26287,16.15_16.20_16.25_16.30_16.35_,787_2612_1951_2243_1782_,16.10_16.05_16.00_15.95_15.90_,1981_1588_1013_630_574_
09:19:59,16.10,219,26506,16.15_16.20_16.25_16.30_16.35_,1294_2613_2015_2245_1785_,16.10_16.05_16.00_15.95_15.90_,1796_1588_1008_630_576_
09:20:04,16.10,18,26524,16.15_16.20_16.25_16.30_16.35_,1347_2622_2039_2245_1785_,16.10_16.05_16.00_15.95_15.90_,1790_1535_1061_635_576_
09:20:09,16.10,61,26585,16.15_16.20_16.25_16.30_16.35_,1569_2692_2039_2235_1800_,16.10_16.05_16.00_15.95_15.90_,1739_1538_1061_635_581_
09:20:14,16.10,61,26646,16.15_16.20_16.25_16.30_16.35_,1575_2710_2037_2325_1810_,16.10_16.05_16.00_15.95_15.90_,1697_1538_1061_640_769_
09:20:20,16.10,9,26655,16.15_16.20_16.25_16.30_16.35_,1841_2720_2037_2331_1810_,16.10_16.05_16.00_15.95_15.90_,1690_1538_1062_640_769_
09:20:25,16.10,13,26668,16.15_16.20_16.25_16.30_16.35_,2354_2700_2037_2336_1811_,16.10_16.05_16.00_15.95_15.90_,1688_1508_1062_639_769_
09:20:30,16.10,40,26708,16.15_16.20_16.25_16.30_16.35_,2514_2704_2037_2336_1761_,16.10_16.05_16.00_15.95_15.90_,1855_1508_1063_639_774_
09:20:35,16.10,15,26723,16.15_16.20_16.25_16.30_16.35_,2637_2719_2087_2336_1761_,16.10_16.05_16.00_15.95_15.90_,1845_1508_1063_639_774_
09:20:40,16.10,15,26738,16.15_16.20_16.25_16.30_16.35_,2693_2749_2087_2336_1761_,16.10_16.05_16.00_15.95_15.90_,1855_1530_1076_639_774_
09:20:45,16.10,60,26798,16.15_16.20_16.25_16.30_16.35_,2696_2749_2087_2336_1760_,16.10_16.05_16.00_15.95_15.90_,1800_1530_1077_639_774_
09:20:50,16.10,17,26815,16.15_16.20_16.25_16.30_16.35_,2740_2764_2087_2336_1759_,16.10_16.05_16.00_15.95_15.90_,1872_1451_1079_589_774_
09:20:55,16.10,27,26842,16.15_16.20_16.25_16.30_16.35_,2744_2766_2087_2336_1759_,16.10_16.05_16.00_15.95_15.90_,1848_1451_1079_589_774_
09:21:00,16.10,308,27150,16.15_16.20_16.25_16.30_16.35_,2799_2773_2087_2336_1759_,16.10_16.05_16.00_15.95_15.90_,1544_1471_1109_589_774_
09:21:06,16.10,37,27187,16.15_16.20_16.25_16.30_16.35_,2796_2782_2089_2356_1759_,16.10_16.05_16.00_15.95_15.90_,1757_1479_1110_589_774_
09:21:11,16.10,61,27248,16.15_16.20_16.25_16.30_16.35_,2826_2778_2090_2359_1759_,16.10_16.05_16.00_15.95_15.90_,1708_1466_1209_589_774_
09:21:16,16.10,126,27374,16.15_16.20_16.25_16.30_16.35_,2874_2776_2091_2274_1759_,16.10_16.05_16.00_15.95_15.90_,1596_1466_1210_589_774_
09:21:21,16.10,33,27407,16.15_16.20_16.25_16.30_16.35_,2849_2778_2096_2274_1759_,16.10_16.05_16.00_15.95_15.90_,1567_1466_1210_589_774_
09:21:26,16.10,47,27454,16.15_16.20_16.25_16.30_16.35_,2869_2881_2096_2299_1759_,16.10_16.05_16.00_15.95_15.90_,1537_1465_1211_600_774_
09:21:31,16.10,93,27547,16.15_16.20_16.25_16.30_16.35_,2749_2881_2096_2274_1760_,16.10_16.05_16.00_15.95_15.90_,1462_1465_1210_600_774_
09:21:36,16.10,35,27582,16.15_16.20_16.25_16.30_16.35_,2751_2906_2096_2274_1760_,16.10_16.05_16.00_15.95_15.90_,1437_1469_1211_601_774_
09:21:41,16.10,95,27677,16.15_16.20_16.25_16.30_16.35_,2751_2912_2096_2274_1765_,16.10_16.05_16.00_15.95_15.90_,1341_1469_1211_601_774_
09:21:47,16.10,112,27789,16.15_16.20_16.25_16.30_16.35_,2751_2915_2095_2275_1774_,16.10_16.05_16.00_15.95_15.90_,1260_1469_1190_601_779_
09:21:52,16.10,343,28132,16.15_16.20_16.25_16.30_16.35_,2756_2915_2095_2275_1882_,16.10_16.05_16.00_15.95_15.90_,942_1378_1190_601_779_
09:21:57,16.10,609,28741,16.15_16.20_16.25_16.30_16.35_,2870_2916_2120_2285_1882_,16.10_16.05_16.00_15.95_15.90_,478_1378_1238_606_764_
09:22:02,16.10,405,29146,16.15_16.20_16.25_16.30_16.35_,2889_2916_2120_2293_1892_,16.10_16.05_16.00_15.95_15.90_,186_1579_1198_606_764_
09:22:07,16.10,163,29309,16.10_16.15_16.20_16.25_16.30_,331_2755_2919_2122_2285_,16.05_16.00_15.95_15.90_15.85_,1557_1198_606_764_862_
09:22:12,16.10,17,29326,16.10_16.15_16.20_16.25_16.30_,540_2744_3303_1678_2221_,16.05_16.00_15.95_15.90_15.85_,1578_1198_626_764_862_
09:22:17,16.05,23,29349,16.10_16.15_16.20_16.25_16.30_,654_2631_3358_1623_2216_,16.05_16.00_15.95_15.90_15.85_,1560_1217_627_764_860_
09:22:22,16.05,10,29359,16.10_16.15_16.20_16.25_16.30_,710_2631_3381_1625_2225_,16.05_16.00_15.95_15.90_15.85_,1555_1217_677_764_860_
09:22:27,16.05,25,29384,16.10_16.15_16.20_16.25_16.30_,927_2619_3383_1627_2225_,16.05_16.00_15.95_15.90_15.85_,1531_1217_677_764_860_
09:22:33,16.05,4,29388,16.10_16.15_16.20_16.25_16.30_,1077_2619_3380_1626_2225_,16.05_16.00_15.95_15.90_15.85_,1532_1217_678_814_860_
09:22:38,16.05,4,29392,16.10_16.15_16.20_16.25_16.30_,1418_2617_3380_1631_2220_,16.05_16.00_15.95_15.90_15.85_,1598_1218_678_646_865_
09:22:43,16.10,5,29397,16.10_16.15_16.20_16.25_16.30_,1416_2618_3403_1631_2228_,16.05_16.00_15.95_15.90_15.85_,1594_1218_680_647_865_
09:22:48,16.05,13,29410,16.10_16.15_16.20_16.25_16.30_,1441_2618_3384_1632_2233_,16.05_16.00_15.95_15.90_15.85_,1582_1358_680_647_865_
09:22:53,16.05,17,29427,16.10_16.15_16.20_16.25_16.30_,1354_2619_3383_1633_2233_,16.05_16.00_15.95_15.90_15.85_,1517_1341_680_647_866_
09:22:58,16.05,12,29439,16.10_16.15_16.20_16.25_16.30_,1376_2616_3390_1633_2241_,16.05_16.00_15.95_15.90_15.85_,1406_1341_680_648_866_
09:23:03,16.05,70,29509,16.10_16.15_16.20_16.25_16.30_,1406_2660_3421_1633_2308_,16.05_16.00_15.95_15.90_15.85_,1346_1341_680_648_866_
09:23:09,16.05,57,29566,16.10_16.15_16.20_16.25_16.30_,1414_2663_3436_1620_2308_,16.05_16.00_15.95_15.90_15.85_,1289_1351_680_648_866_
09:23:14,16.05,46,29612,16.10_16.15_16.20_16.25_16.30_,1416_2603_3437_1620_2308_,16.05_16.00_15.95_15.90_15.85_,1308_1351_680_648_866_
09:23:19,16.05,451,30063,16.10_16.15_16.20_16.25_16.30_,1448_2603_3437_1628_2298_,16.05_16.00_15.95_15.90_15.85_,880_1359_680_648_866_
09:23:24,16.10,100,30163,16.10_16.15_16.20_16.25_16.30_,1353_2653_3437_1628_2298_,16.05_16.00_15.95_15.90_15.85_,784_1586_680_653_866_
09:23:29,16.05,10,30173,16.10_16.15_16.20_16.25_16.30_,1378_2653_3433_1638_2298_,16.05_16.00_15.95_15.90_15.85_,722_1506_1080_653_866_
09:23:34,16.05,162,30335,16.10_16.15_16.20_16.25_16.30_,1391_2648_3438_1633_2298_,16.05_16.00_15.95_15.90_15.85_,561_1537_1080_653_866_
09:23:39,16.05,37,30372,16.10_16.15_16.20_16.25_16.30_,1406_2658_3438_1635_2298_,16.05_16.00_15.95_15.90_15.85_,541_1618_1080_653_866_
09:23:44,16.05,105,30477,16.10_16.15_16.20_16.25_16.30_,1453_2658_3489_1635_2299_,16.05_16.00_15.95_15.90_15.85_,435_1647_1080_666_866_
09:23:49,16.05,3,30480,16.10_16.15_16.20_16.25_16.30_,2256_2670_3491_1815_2299_,16.05_16.00_15.95_15.90_15.85_,383_1775_1080_666_866_
09:23:55,16.10,36,30516,16.10_16.15_16.20_16.25_16.30_,2225_2679_3491_1815_2287_,16.05_16.00_15.95_15.90_15.85_,374_1633_1135_666_866_
09:24:00,16.05,105,30621,16.10_16.15_16.20_16.25_16.30_,2234_2679_3491_1815_2284_,16.05_16.00_15.95_15.90_15.85_,277_1633_1135_698_866_
09:24:05,16.05,14,30635,16.10_16.15_16.20_16.25_16.30_,2238_2679_3495_1835_2284_,16.05_16.00_15.95_15.90_15.85_,288_1677_1101_698_866_
09:24:10,16.05,2,30637,16.10_16.15_16.20_16.25_16.30_,2240_2739_3495_1838_2284_,16.05_16.00_15.95_15.90_15.85_,292_1645_1101_698_866_
09:24:15,16.05,148,30785,16.10_16.15_16.20_16.25_16.30_,2106_2740_3495_1838_2284_,16.05_16.00_15.95_15.90_15.85_,145_1650_1101_698_866_
09:24:20,16.10,5,30790,16.10_16.15_16.20_16.25_16.30_,2213_2741_3495_1840_2284_,16.05_16.00_15.95_15.90_15.85_,207_1655_1118_698_867_
09:24:25,16.05,128,30918,16.10_16.15_16.20_16.25_16.30_,2223_2741_3526_1840_2281_,16.05_16.00_15.95_15.90_15.85_,143_1657_1123_699_867_
09:24:31,16.05,10,30928,16.10_16.15_16.20_16.25_16.30_,2214_2748_3531_1850_2278_,16.05_16.00_15.95_15.90_15.85_,134_1726_1183_759_867_
09:24:36,16.05,7,30935,16.10_16.15_16.20_16.25_16.30_,2220_2758_3536_1850_2280_,16.05_16.00_15.95_15.90_15.85_,136_1716_1183_759_927_
09:24:41,16.05,4,30939,16.10_16.15_16.20_16.25_16.30_,2233_2759_3533_1850_2265_,16.05_16.00_15.95_15.90_15.85_,174_1716_1183_759_928_
09:24:46,16.05,35,30974,16.10_16.15_16.20_16.25_16.30_,2234_2759_3560_1850_2265_,16.05_16.00_15.95_15.90_15.85_,139_1731_1183_764_928_
09:24:51,16.05,15,30989,16.10_16.15_16.20_16.25_16.30_,2249_2759_3633_1850_2270_,16.05_16.00_15.95_15.90_15.85_,126_1731_1183_1164_928_
09:24:56,16.05,35,31024,16.10_16.15_16.20_16.25_16.30_,2251_2761_3640_1850_2271_,16.05_16.00_15.95_15.90_15.85_,129_1733_1184_1164_929_
09:25:01,16.05,20,31044,16.10_16.15_16.20_16.25_16.30_,2260_2765_3645_1851_2271_,16.05_16.00_15.95_15.90_15.85_,124_1731_1184_1164_929_
09:25:06,16.05,16,31060,16.10_16.15_16.20_16.25_16.30_,2268_2770_3649_1851_2269_,16.05_16.00_15.95_15.90_15.85_,102_1732_1184_1164_929_
09:25:12,16.05,102,31162,16.05_16.10_16.15_16.20_16.25_,6_2278_2770_3649_1851_,16.00_15.95_15.90_15.85_15.80_,1737_1184_1164_959_1017_
09:25:17,16.05,36,31198,16.05_16.10_16.15_16.20_16.25_,87_2235_3166_3264_1794_,16.00_15.95_15.90_15.85_15.80_,1726_1217_1164_959_1017_
09:25:22,16.05,39,31237,16.05_16.10_16.15_16.20_16.25_,77_2251_3245_3235_1794_,16.00_15.95_15.90_15.85_15.80_,1679_1211_1164_959_1017_
09:25:27,16.05,8,31245,16.05_16.10_16.15_16.20_16.25_,182_2373_3240_3235_1794_,16.00_15.95_15.90_15.85_15.80_,1700_1234_1164_960_1052_
09:25:32,16.05,5,31250,16.05_16.10_16.15_16.20_16.25_,398_2353_3240_3242_1795_,16.00_15.95_15.90_15.85_15.80_,1694_1224_1164_960_1056_
09:25:37,16.00,13,31263,16.05_16.10_16.15_16.20_16.25_,428_2362_3247_3242_1795_,16.00_15.95_15.90_15.85_15.80_,1697_1223_1165_959_1056_
09:25:42,16.00,200,31463,16.05_16.10_16.15_16.20_16.25_,529_2397_3061_3428_1820_,16.00_15.95_15.90_15.85_15.80_,1391_1223_1131_959_1056_
09:25:47,16.00,30,31493,16.05_16.10_16.15_16.20_16.25_,609_2397_3072_3432_1820_,16.00_15.95_15.90_15.85_15.80_,1364_1223_1131_959_1056_
09:25:53,16.05,74,31567,16.05_16.10_16.15_16.20_16.25_,648_2396_3072_3432_1820_,16.00_15.95_15.90_15.85_15.80_,1288_1443_1131_959_1066_
09:25:58,16.05,24,31591,16.05_16.10_16.15_16.20_16.25_,647_2376_3258_3249_1820_,16.00_15.95_15.90_15.85_15.80_,1287_1450_1131_959_1006_
09:26:03,16.00,20,31611,16.05_16.10_16.15_16.20_16.25_,659_2372_3258_3250_1820_,16.00_15.95_15.90_15.85_15.80_,1282_1379_1121_959_1006_
09:26:08,16.00,12,31623,16.05_16.10_16.15_16.20_16.25_,660_2354_3072_3436_1820_,16.00_15.95_15.90_15.85_15.80_,1288_1379_1124_963_1006_
09:26:13,16.00,99,31722,16.05_16.10_16.15_16.20_16.25_,663_2359_3072_3439_1820_,16.00_15.95_15.90_15.85_15.80_,1182_1292_1179_963_1006_
09:26:18,16.05,21,31743,16.05_16.10_16.15_16.20_16.25_,989_2449_3072_3406_1820_,16.00_15.95_15.90_15.85_15.80_,1182_1331_1179_963_1006_
09:26:23,16.05,5,31748,16.05_16.10_16.15_16.20_16.25_,989_2446_3267_3229_1820_,16.00_15.95_15.90_15.85_15.80_,1182_1367_1174_962_1008_
09:26:28,16.00,11,31759,16.05_16.10_16.15_16.20_16.25_,999_2451_3267_3241_1820_,16.00_15.95_15.90_15.85_15.80_,1406_1389_1187_962_1010_
09:26:34,16.00,15,31774,16.05_16.10_16.15_16.20_16.25_,1002_2487_3081_3442_1820_,16.00_15.95_15.90_15.85_15.80_,1467_1314_1197_962_1051_
09:26:39,16.00,17,31791,16.05_16.10_16.15_16.20_16.25_,1020_2502_3081_3444_1820_,16.00_15.95_15.90_15.85_15.80_,1486_1314_1199_962_1051_
09:26:44,16.00,23,31814,16.05_16.10_16.15_16.20_16.25_,1022_2651_3081_3450_1820_,16.00_15.95_15.90_15.85_15.80_,1468_1304_1199_962_1052_
09:26:49,16.00,11,31825,16.05_16.10_16.15_16.20_16.25_,1023_2691_3081_3455_1820_,16.00_15.95_15.90_15.85_15.80_,1507_1304_1189_962_1054_
09:26:54,16.00,10,31835,16.05_16.10_16.15_16.20_16.25_,1023_2641_3081_3454_1821_,16.00_15.95_15.90_15.85_15.80_,1502_1304_1189_962_1065_
09:26:59,16.05,10,31845,16.05_16.10_16.15_16.20_16.25_,1022_2641_3072_3458_1821_,16.00_15.95_15.90_15.85_15.80_,1504_1304_1189_964_1065_
09:27:04,16.05,5,31850,16.05_16.10_16.15_16.20_16.25_,1028_2673_3258_3272_1821_,16.00_15.95_15.90_15.85_15.80_,1514_1312_1189_964_1065_
09:27:09,16.05,9,31859,16.05_16.10_16.15_16.20_16.25_,1019_2674_3258_3280_1821_,16.00_15.95_15.90_15.85_15.80_,1514_1307_1189_964_1065_
09:27:15,16.00,14,31873,16.05_16.10_16.15_16.20_16.25_,1022_2674_3258_3296_1791_,16.00_15.95_15.90_15.85_15.80_,1502_1307_1189_964_1085_
09:27:20,16.00,7,31880,16.05_16.10_16.15_16.20_16.25_,1068_2676_3073_3488_1791_,16.00_15.95_15.90_15.85_15.80_,1571_1307_1215_964_1085_
09:27:25,16.00,100,31980,16.05_16.10_16.15_16.20_16.25_,1068_2682_3063_3488_1792_,16.00_15.95_15.90_15.85_15.80_,1504_1291_1215_963_1097_
09:27:30,16.05,39,32019,16.05_16.10_16.15_16.20_16.25_,1045_2683_3063_3491_1790_,16.00_15.95_15.90_15.85_15.80_,1504_1375_1217_963_1097_
09:27:35,16.05,19,32038,16.05_16.10_16.15_16.20_16.25_,1037_2686_3272_3303_1790_,16.00_15.95_15.90_15.85_15.80_,1504_1386_1217_963_1097_
09:27:40,16.00,2,32040,16.05_16.10_16.15_16.20_16.25_,1037_2686_3272_3305_1790_,16.00_15.95_15.90_15.85_15.80_,1502_1355_1217_973_1097_
09:27:45,16.00,3,32043,16.05_16.10_16.15_16.20_16.25_,1053_2692_3086_3497_1787_,16.00_15.95_15.90_15.85_15.80_,1499_1355_1217_973_1097_
09:27:50,16.05,7,32050,16.05_16.10_16.15_16.20_16.25_,1048_2692_3071_3502_1787_,16.00_15.95_15.90_15.85_15.80_,1472_1355_1218_975_1097_
09:27:56,16.00,5,32055,16.05_16.10_16.15_16.20_16.25_,1080_2693_3256_3321_1807_,16.00_15.95_15.90_15.85_15.80_,1468_1355_1218_988_1097_
09:28:01,16.00,5,32055,16.05_16.10_16.15_16.20_16.25_,1079_2693_3069_3507_1807_,16.00_15.95_15.90_15.85_15.80_,1468_1355_1218_988_1098_
09:28:06,16.00,6,32061,16.05_16.10_16.15_16.20_16.25_,1072_2688_3070_3509_1807_,16.00_15.95_15.90_15.85_15.80_,1471_1354_1218_988_1098_
09:28:11,16.00,14,32075,16.05_16.10_16.15_16.20_16.25_,1072_2688_3070_3509_1807_,16.00_15.95_15.90_15.85_15.80_,1465_1554_1218_988_1098_
09:28:16,16.00,51,32126,16.05_16.10_16.15_16.20_16.25_,1072_2693_3070_3459_1807_,16.00_15.95_15.90_15.85_15.80_,1425_1554_1218_988_1098_
09:28:21,16.05,24,32150,16.05_16.10_16.15_16.20_16.25_,1076_2699_3072_3460_1807_,16.00_15.95_15.90_15.85_15.80_,1427_1592_1218_988_1099_
09:28:26,16.00,21,32171,16.05_16.10_16.15_16.20_16.25_,1086_2699_3259_3279_1807_,16.00_15.95_15.90_15.85_15.80_,1414_1592_1213_988_1104_
09:28:31,16.00,13,32184,16.05_16.10_16.15_16.20_16.25_,1058_2699_3073_3571_1807_,16.00_15.95_15.90_15.85_15.80_,1385_1582_1249_987_1104_
09:28:37,16.05,100,32284,16.05_16.10_16.15_16.20_16.25_,989_2725_3076_3566_1807_,16.00_15.95_15.90_15.85_15.80_,1386_1570_1249_987_1104_
09:28:42,16.05,32,32316,16.05_16.10_16.15_16.20_16.25_,980_2726_3262_3406_1807_,16.00_15.95_15.90_15.85_15.80_,1405_1629_1249_992_1105_
09:28:47,16.05,35,32351,16.05_16.10_16.15_16.20_16.25_,1009_2726_3264_3377_1807_,16.00_15.95_15.90_15.85_15.80_,1405_1587_1249_992_1105_
09:28:52,16.00,18,32369,16.05_16.10_16.15_16.20_16.25_,1015_2732_3264_3437_1811_,16.00_15.95_15.90_15.85_15.80_,1398_1587_1249_992_1100_
09:28:57,16.05,5,32374,16.05_16.10_16.15_16.20_16.25_,1006_2732_3079_3633_1811_,16.00_15.95_15.90_15.85_15.80_,1398_1611_1249_997_1100_
09:29:02,16.00,2,32376,16.05_16.10_16.15_16.20_16.25_,1006_2737_3260_3447_1811_,16.00_15.95_15.90_15.85_15.80_,1396_1611_1249_997_1100_
09:29:07,16.00,166,32542,16.05_16.10_16.15_16.20_16.25_,1014_2770_3074_3640_1811_,16.00_15.95_15.90_15.85_15.80_,1238_1597_1249_997_1103_
09:29:12,16.00,22,32564,16.05_16.10_16.15_16.20_16.25_,1123_2770_3074_3640_1815_,16.00_15.95_15.90_15.85_15.80_,1167_1660_1247_1001_1103_
09:29:17,16.05,47,32611,16.05_16.10_16.15_16.20_16.25_,1102_2786_3075_3639_1817_,16.00_15.95_15.90_15.85_15.80_,1167_1689_1257_1001_1100_
09:29:22,16.05,37,32648,16.05_16.10_16.15_16.20_16.25_,1188_2811_3000_3451_1817_,16.00_15.95_15.90_15.85_15.80_,1207_1673_1258_1001_1101_
09:29:28,16.00,10,32658,16.05_16.10_16.15_16.20_16.25_,1224_2813_3000_3453_1823_,16.00_15.95_15.90_15.85_15.80_,1198_1673_1258_1000_1101_
09:29:33,16.05,10,32668,16.05_16.10_16.15_16.20_16.25_,1227_2816_2814_3636_1822_,16.00_15.95_15.90_15.85_15.80_,1198_1673_1258_1000_1101_
09:29:38,16.00,2,32670,16.05_16.10_16.15_16.20_16.25_,1287_2816_3005_3450_1822_,16.00_15.95_15.90_15.85_15.80_,1196_1673_1263_1000_1101_
09:29:43,16.05,9,32679,16.05_16.10_16.15_16.20_16.25_,1296_2819_2822_3636_1822_,16.00_15.95_15.90_15.85_15.80_,1196_1673_1265_1000_1101_
09:29:48,16.00,12,32691,16.05_16.10_16.15_16.20_16.25_,1347_2819_3026_3452_1822_,16.00_15.95_15.90_15.85_15.80_,1184_1673_1265_1000_1101_
09:29:53,16.00,10,32701,16.05_16.10_16.15_16.20_16.25_,1364_2818_3026_3467_1822_,16.00_15.95_15.90_15.85_15.80_,1179_1668_1265_1000_1102_
09:29:58,16.05,4,32705,16.05_16.10_16.15_16.20_16.25_,1363_2828_2841_3707_1820_,16.00_15.95_15.90_15.85_15.80_,1182_1664_1265_1000_1102_
09:30:03,16.05,3,32708,16.05_16.10_16.15_16.20_16.25_,1386_2818_3023_3521_1820_,16.00_15.95_15.90_15.85_15.80_,1175_1665_1267_1002_1102_
09:30:14,16.00,5,32717,16.05_16.10_16.15_16.20_16.25_,1391_2810_3025_3527_1820_,16.00_15.95_15.90_15.85_15.80_,1170_1665_1267_1003_1102_
09:30:19,16.00,10,32727,16.05_16.10_16.15_16.20_16.25_,1425_2811_3026_3527_1820_,16.00_15.95_15.90_15.85_15.80_,1161_1665_1268_1003_1103_
09:30:24,16.05,5,32732,16.05_16.10_16.15_16.20_16.25_,1422_2811_3026_3572_1820_,16.00_15.95_15.90_15.85_15.80_,1160_1664_1265_1003_1103_
09:30:29,16.00,73,32805,16.05_16.10_16.15_16.20_16.25_,1442_2825_3076_3572_1831_,16.00_15.95_15.90_15.85_15.80_,1092_1664_1265_1003_1103_
09:30:34,16.00,32,32837,16.05_16.10_16.15_16.20_16.25_,1445_2829_3068_3572_1831_,16.00_15.95_15.90_15.85_15.80_,1089_1643_1283_1003_1103_
09:30:39,16.00,34,32871,16.05_16.10_16.15_16.20_16.25_,1455_2830_3083_3573_1831_,16.00_15.95_15.90_15.85_15.80_,1046_1643_1283_1002_1113_
09:30:44,16.05,23,32894,16.05_16.10_16.15_16.20_16.25_,1451_2825_2897_3759_1831_,16.00_15.95_15.90_15.85_15.80_,1012_1664_1283_1002_1114_
09:30:49,16.00,13,32907,16.05_16.10_16.15_16.20_16.25_,1451_2825_3084_3575_1831_,16.00_15.95_15.90_15.85_15.80_,1024_1659_1283_1007_1114_
09:30:55,16.00,4,32911,16.05_16.10_16.15_16.20_16.25_,1452_2916_2898_3761_1831_,16.00_15.95_15.90_15.85_15.80_,1025_1659_1283_1007_1115_
09:31:00,16.00,31,32942,16.05_16.10_16.15_16.20_16.25_,1452_2916_2878_3766_1831_,16.00_15.95_15.90_15.85_15.80_,1007_1656_1283_1007_1125_
09:31:05,16.05,9,32951,16.05_16.10_16.15_16.20_16.25_,1492_2916_2878_3767_1831_,16.00_15.95_15.90_15.85_15.80_,1027_1647_1283_1007_1125_
09:31:10,16.00,9,32960,16.05_16.10_16.15_16.20_16.25_,1493_2916_3069_3581_1837_,16.00_15.95_15.90_15.85_15.80_,1024_1644_1284_1007_1125_
09:31:15,16.00,1,32961,16.05_16.10_16.15_16.20_16.25_,1493_2916_2898_3767_1837_,16.00_15.95_15.90_15.85_15.80_,1023_1644_1284_1007_1125_
09:31:20,16.00,24,32985,16.05_16.10_16.15_16.20_16.25_,1643_2913_3084_3582_1840_,16.00_15.95_15.90_15.85_15.80_,999_1644_1284_1007_1125_
09:31:25,16.00,14,32999,16.05_16.10_16.15_16.20_16.25_,1643_2912_3086_3592_1840_,16.00_15.95_15.90_15.85_15.80_,986_1644_1294_1007_1125_
09:31:30,16.00,34,33033,16.05_16.10_16.15_16.20_16.25_,1664_2912_3086_3593_1820_,16.00_15.95_15.90_15.85_15.80_,954_1632_1294_1007_1125_
09:31:35,16.00,1,33034,16.05_16.10_16.15_16.20_16.25_,1681_2912_2900_3779_1820_,16.00_15.95_15.90_15.85_15.80_,955_1625_1294_1007_1125_
09:31:41,16.00,27,33061,16.05_16.10_16.15_16.20_16.25_,1683_2912_2900_3779_1820_,16.00_15.95_15.90_15.85_15.80_,948_1625_1294_1007_1125_
09:31:46,16.00,1,33062,16.05_16.10_16.15_16.20_16.25_,1695_2922_2901_3779_1820_,16.00_15.95_15.90_15.85_15.80_,969_1555_1292_1007_1125_
09:31:51,16.00,68,33130,16.05_16.10_16.15_16.20_16.25_,1894_2922_2931_3779_1820_,16.00_15.95_15.90_15.85_15.80_,901_1555_1292_1007_1125_
09:31:56,16.00,1,33131,16.05_16.10_16.15_16.20_16.25_,1896_2922_3117_3593_1820_,16.00_15.95_15.90_15.85_15.80_,979_1484_1293_1007_1125_
09:32:01,16.00,52,33183,16.05_16.10_16.15_16.20_16.25_,1881_2924_3121_3594_1820_,16.00_15.95_15.90_15.85_15.80_,936_1483_1293_1007_1125_
09:32:06,16.00,37,33220,16.05_16.10_16.15_16.20_16.25_,1889_2934_3136_3544_1818_,16.00_15.95_15.90_15.85_15.80_,952_1430_1293_1007_1125_
09:32:11,16.00,16,33236,16.05_16.10_16.15_16.20_16.25_,1939_2928_3150_3545_1818_,16.00_15.95_15.90_15.85_15.80_,963_1403_1293_1007_1125_
09:32:17,16.00,132,33368,16.05_16.10_16.15_16.20_16.25_,1940_2928_3250_3445_1818_,16.00_15.95_15.90_15.85_15.80_,834_1403_1292_1007_1125_
09:32:22,16.00,4,33372,16.05_16.10_16.15_16.20_16.25_,1992_2929_3251_3445_1818_,16.00_15.95_15.90_15.85_15.80_,945_1335_1296_1007_1125_
09:32:27,16.00,120,33492,16.05_16.10_16.15_16.20_16.25_,1979_2930_3251_3395_1818_,16.00_15.95_15.90_15.85_15.80_,837_1331_1296_1008_1125_
09:32:32,16.00,22,33514,16.05_16.10_16.15_16.20_16.25_,1984_2930_3251_3387_1817_,16.00_15.95_15.90_15.85_15.80_,784_1384_1296_958_1125_
09:32:37,16.00,180,33694,16.05_16.10_16.15_16.20_16.25_,1886_2930_3272_3388_1817_,16.00_15.95_15.90_15.85_15.80_,604_1384_1297_958_1145_
09:32:42,16.00,92,33786,16.05_16.10_16.15_16.20_16.25_,1858_2940_3262_3391_1817_,16.00_15.95_15.90_15.85_15.80_,482_1436_1290_958_1145_
09:32:47,16.00,253,34039,16.05_16.10_16.15_16.20_16.25_,1859_2995_3272_3394_1820_,16.00_15.95_15.90_15.85_15.80_,211_1436_1290_958_1145_
09:32:53,16.00,73,34112,16.05_16.10_16.15_16.20_16.25_,1864_2995_3211_3392_1820_,16.00_15.95_15.90_15.85_15.80_,105_1502_1290_958_1145_
09:32:58,16.00,58,34170,16.00_16.05_16.10_16.15_16.20_,112_1864_2995_3211_3373_,15.95_15.90_15.85_15.80_15.75_,1503_1289_958_1145_346_
09:33:03,16.00,15,34185,16.00_16.05_16.10_16.15_16.20_,242_1726_3413_2797_3338_,15.95_15.90_15.85_15.80_15.75_,1492_1289_958_1145_348_
09:33:08,16.00,15,34185,16.00_16.05_16.10_16.15_16.20_,313_1704_3468_2741_3338_,15.95_15.90_15.85_15.80_15.75_,1492_1289_983_1115_348_
09:33:13,15.95,3,34188,16.00_16.05_16.10_16.15_16.20_,406_1699_3468_2741_3328_,15.95_15.90_15.85_15.80_15.75_,1489_1289_983_1125_348_
09:33:18,15.95,3,34188,16.00_16.05_16.10_16.15_16.20_,411_1697_3283_2926_3328_,15.95_15.90_15.85_15.80_15.75_,1491_1289_983_1125_358_
09:33:23,16.00,6,34194,16.00_16.05_16.10_16.15_16.20_,431_1552_3273_2926_3339_,15.95_15.90_15.85_15.80_15.75_,1491_1309_983_1125_358_
09:33:28,16.00,6,34194,16.00_16.05_16.10_16.15_16.20_,461_1546_3459_2740_3414_,15.95_15.90_15.85_15.80_15.75_,1491_1309_983_1125_358_
09:33:33,16.00,7,34201,16.00_16.05_16.10_16.15_16.20_,511_1534_3459_2744_3414_,15.95_15.90_15.85_15.80_15.75_,1491_1309_1016_1125_358_
09:33:39,15.95,2,34203,16.00_16.05_16.10_16.15_16.20_,538_1571_3460_2744_3414_,15.95_15.90_15.85_15.80_15.75_,1487_1309_1016_1125_358_
09:33:44,15.95,15,34218,16.00_16.05_16.10_16.15_16.20_,530_1570_3274_2930_3414_,15.95_15.90_15.85_15.80_15.75_,1473_1309_1016_1125_358_
09:33:49,15.95,2,34220,16.00_16.05_16.10_16.15_16.20_,585_1570_3274_2930_3416_,15.95_15.90_15.85_15.80_15.75_,1486_1319_1016_1130_358_
09:33:54,15.95,70,34290,16.00_16.05_16.10_16.15_16.20_,589_1570_3274_2930_3416_,15.95_15.90_15.85_15.80_15.75_,1415_1319_1016_1130_358_
09:33:59,16.00,2,34292,16.00_16.05_16.10_16.15_16.20_,601_1567_3274_2930_3420_,15.95_15.90_15.85_15.80_15.75_,1410_1315_1016_1131_358_
09:34:04,16.00,3,34295,16.00_16.05_16.10_16.15_16.20_,629_1567_3460_2751_3420_,15.95_15.90_15.85_15.80_15.75_,1410_1316_1016_1136_358_
09:34:09,16.00,2,34297,16.00_16.05_16.10_16.15_16.20_,629_1560_3460_2752_3420_,15.95_15.90_15.85_15.80_15.75_,1410_1416_1016_1136_358_
09:34:15,16.00,2,34299,16.00_16.05_16.10_16.15_16.20_,629_1560_3460_2752_3410_,15.95_15.90_15.85_15.80_15.75_,1424_1431_1031_1136_358_
09:34:20,16.00,1,34300,16.00_16.05_16.10_16.15_16.20_,640_1550_3460_2757_3410_,15.95_15.90_15.85_15.80_15.75_,1426_1431_1033_1135_358_
09:34:25,16.00,1,34300,16.00_16.05_16.10_16.15_16.20_,649_1540_3510_2757_3405_,15.95_15.90_15.85_15.80_15.75_,1426_1431_1033_1135_358_
09:34:30,16.00,2,34302,16.00_16.05_16.10_16.15_16.20_,658_1520_3510_2757_3405_,15.95_15.90_15.85_15.80_15.75_,1426_1431_1033_1135_358_
09:34:35,16.00,2,34304,16.00_16.05_16.10_16.15_16.20_,666_1520_3510_2757_3406_,15.95_15.90_15.85_15.80_15.75_,1427_1431_1046_1135_358_
09:34:40,16.00,2,34306,16.00_16.05_16.10_16.15_16.20_,680_1520_3510_2758_3406_,15.95_15.90_15.85_15.80_15.75_,1427_1431_1046_1137_358_
09:34:45,16.00,111,34417,16.00_16.05_16.10_16.15_16.20_,568_1520_3510_2783_3406_,15.95_15.90_15.85_15.80_15.75_,1427_1431_1046_1137_358_
09:34:51,16.00,90,34507,16.00_16.05_16.10_16.15_16.20_,468_1520_3510_2783_3406_,15.95_15.90_15.85_15.80_15.75_,1402_1426_1046_1137_358_
09:34:56,16.00,68,34575,16.00_16.05_16.10_16.15_16.20_,442_1520_3511_2783_3421_,15.95_15.90_15.85_15.80_15.75_,1392_1429_1048_1137_358_
09:35:01,16.00,46,34621,16.00_16.05_16.10_16.15_16.20_,393_1525_3511_2783_3422_,15.95_15.90_15.85_15.80_15.75_,1368_1429_1048_1137_358_
09:35:06,16.00,139,34760,16.00_16.05_16.10_16.15_16.20_,255_1525_3511_2783_3442_,15.95_15.90_15.85_15.80_15.75_,1359_1440_1048_1137_359_
09:35:11,16.00,281,35041,16.05_16.10_16.15_16.20_16.25_,1528_3508_2783_3442_1817_,16.00_15.95_15.90_15.85_15.80_,98_1297_1341_1047_1137_
09:35:16,16.05,58,35099,16.05_16.10_16.15_16.20_16.25_,1426_3088_3199_3467_1817_,16.00_15.95_15.90_15.85_15.80_,990_1186_1303_1030_1139_
09:35:21,16.05,5,35104,16.05_16.10_16.15_16.20_16.25_,1422_3033_3254_3467_1817_,16.00_15.95_15.90_15.85_15.80_,1071_1143_1304_1030_1139_
09:35:26,16.05,4,35108,16.05_16.10_16.15_16.20_16.25_,1384_3033_3254_3504_1817_,16.00_15.95_15.90_15.85_15.80_,1397_1143_1304_1030_1139_
09:35:32,16.05,2,35110,16.05_16.10_16.15_16.20_16.25_,1410_3033_3254_3524_1817_,16.00_15.95_15.90_15.85_15.80_,1426_1147_1303_1030_1139_
09:35:37,16.00,9,35119,16.05_16.10_16.15_16.20_16.25_,1410_3033_3259_3525_1817_,16.00_15.95_15.90_15.85_15.80_,1424_1141_1304_1029_1134_
09:35:42,16.05,6,35125,16.05_16.10_16.15_16.20_16.25_,1412_3035_3260_3528_1817_,16.00_15.95_15.90_15.85_15.80_,1379_1165_1304_1029_1100_
09:35:47,16.05,4,35129,16.05_16.10_16.15_16.20_16.25_,1430_3035_3260_3531_1817_,16.00_15.95_15.90_15.85_15.80_,1383_1165_1304_1029_1100_
09:35:52,16.00,7,35136,16.05_16.10_16.15_16.20_16.25_,1430_3040_3260_3526_1817_,16.00_15.95_15.90_15.85_15.80_,1380_1165_1304_1029_1100_
09:35:57,16.00,5,35141,16.05_16.10_16.15_16.20_16.25_,1437_3040_3260_3526_1817_,16.00_15.95_15.90_15.85_15.80_,1359_1131_1309_1030_1134_
09:36:02,16.05,1,35142,16.05_16.10_16.15_16.20_16.25_,1436_3055_3260_3536_1817_,16.00_15.95_15.90_15.85_15.80_,1272_1133_1309_1030_1134_
09:36:07,16.05,1,35142,16.05_16.10_16.15_16.20_16.25_,1440_3059_3261_3536_1817_,16.00_15.95_15.90_15.85_15.80_,1272_1135_1310_1030_1135_
09:36:12,16.05,1,35142,16.05_16.10_16.15_16.20_16.25_,1444_3059_3261_3536_1817_,16.00_15.95_15.90_15.85_15.80_,1275_1135_1310_1030_1135_
09:36:18,16.05,13,35155,16.05_16.10_16.15_16.20_16.25_,1442_3059_3264_3537_1817_,16.00_15.95_15.90_15.85_15.80_,1275_1135_1310_1030_1135_
09:36:23,16.00,11,35166,16.05_16.10_16.15_16.20_16.25_,1444_3061_3264_3517_1817_,16.00_15.95_15.90_15.85_15.80_,1273_1135_1310_1033_1135_
09:36:28,16.05,3,35169,16.05_16.10_16.15_16.20_16.25_,1442_3061_3264_3514_1817_,16.00_15.95_15.90_15.85_15.80_,1264_1233_1310_1033_1135_
09:36:33,16.05,1,35170,16.05_16.10_16.15_16.20_16.25_,1442_3063_3264_3514_1817_,16.00_15.95_15.90_15.85_15.80_,1264_1240_1310_1033_1135_
09:36:38,16.05,1,35170,16.05_16.10_16.15_16.20_16.25_,1449_3063_3264_3514_1817_,16.00_15.95_15.90_15.85_15.80_,1277_1239_1310_1033_1135_
09:36:43,16.00,1,35171,16.05_16.10_16.15_16.20_16.25_,1472_3463_3271_3509_1817_,16.00_15.95_15.90_15.85_15.80_,780_1239_1310_1033_1136_
09:36:48,16.00,2,35173,16.05_16.10_16.15_16.20_16.25_,1479_3463_3271_3511_1817_,16.00_15.95_15.90_15.85_15.80_,797_1239_1310_1033_1136_
09:36:53,16.00,1,35174,16.05_16.10_16.15_16.20_16.25_,1479_3463_3272_3517_1817_,16.00_15.95_15.90_15.85_15.80_,795_1243_1310_1033_1136_
09:36:59,16.00,21,35195,16.05_16.10_16.15_16.20_16.25_,1499_3466_3272_3537_1817_,16.00_15.95_15.90_15.85_15.80_,801_1243_1310_1033_1136_
09:37:04,16.05,7,35202,16.05_16.10_16.15_16.20_16.25_,1493_3466_3272_3538_1817_,16.00_15.95_15.90_15.85_15.80_,794_1243_1297_1033_1136_
09:37:09,16.05,3,35205,16.05_16.10_16.15_16.20_16.25_,1492_3468_3274_3538_1817_,16.00_15.95_15.90_15.85_15.80_,789_1243_1297_1033_1136_
09:37:14,16.00,8,35213,16.05_16.10_16.15_16.20_16.25_,1492_3868_3274_3543_1819_,16.00_15.95_15.90_15.85_15.80_,771_1243_1297_1033_1136_
09:37:19,16.05,4,35217,16.05_16.10_16.15_16.20_16.25_,1490_3870_3274_3548_1819_,16.00_15.95_15.90_15.85_15.80_,771_1243_1297_1033_1156_
09:37:24,16.00,11,35228,16.05_16.10_16.15_16.20_16.25_,1496_3880_3274_3548_1820_,16.00_15.95_15.90_15.85_15.80_,764_1240_1297_1033_1156_
09:37:29,16.05,7,35235,16.05_16.10_16.15_16.20_16.25_,1506_3880_3272_3548_1820_,16.00_15.95_15.90_15.85_15.80_,754_1238_1297_1033_1156_
09:37:34,16.00,2,35237,16.05_16.10_16.15_16.20_16.25_,1511_3880_3272_3548_1820_,16.00_15.95_15.90_15.85_15.80_,738_1238_1297_1033_1156_
09:37:39,16.00,2,35239,16.05_16.10_16.15_16.20_16.25_,1513_3878_3272_3548_1820_,16.00_15.95_15.90_15.85_15.80_,728_1246_1297_1033_1156_
09:37:45,16.00,30,35269,16.05_16.10_16.15_16.20_16.25_,1494_3878_3272_3547_1820_,16.00_15.95_15.90_15.85_15.80_,698_1246_1297_1033_1157_
09:37:50,16.05,10,35279,16.05_16.10_16.15_16.20_16.25_,1505_3878_3672_3547_1820_,16.00_15.95_15.90_15.85_15.80_,699_1233_1306_1033_1157_
09:37:55,16.00,1,35280,16.05_16.10_16.15_16.20_16.25_,1557_3878_3671_3547_1820_,16.00_15.95_15.90_15.85_15.80_,699_1233_1306_1033_1157_
09:38:00,16.00,1,35281,16.05_16.10_16.15_16.20_16.25_,1555_3878_3671_3547_1820_,16.00_15.95_15.90_15.85_15.80_,701_1233_1307_1033_1157_
09:38:05,16.00,5,35286,16.05_16.10_16.15_16.20_16.25_,1564_3878_3671_3549_1820_,16.00_15.95_15.90_15.85_15.80_,700_1227_1308_1033_1157_
09:38:10,16.00,4,35290,16.05_16.10_16.15_16.20_16.25_,1565_3879_3671_3549_1820_,16.00_15.95_15.90_15.85_15.80_,697_1223_1302_1033_1157_
09:38:15,16.00,3,35293,16.05_16.10_16.15_16.20_16.25_,1566_3881_3651_3549_1823_,16.00_15.95_15.90_15.85_15.80_,701_1218_1307_1033_1157_
09:38:21,16.00,4,35297,16.05_16.10_16.15_16.20_16.25_,1568_3883_4051_3551_1823_,16.00_15.95_15.90_15.85_15.80_,737_1218_1307_1033_1157_
09:38:26,16.00,109,35406,16.05_16.10_16.15_16.20_16.25_,1572_3883_4053_3553_1823_,16.00_15.95_15.90_15.85_15.80_,642_1218_1307_1033_1157_
09:38:31,16.00,20,35426,16.05_16.10_16.15_16.20_16.25_,1573_3881_4053_3553_1823_,16.00_15.95_15.90_15.85_15.80_,620_1218_1307_1033_1157_
09:38:36,16.00,20,35446,16.05_16.10_16.15_16.20_16.25_,1578_3886_4053_3555_1823_,16.00_15.95_15.90_15.85_15.80_,600_1218_1307_1033_1157_
09:38:41,16.00,3,35449,16.05_16.10_16.15_16.20_16.25_,1576_3886_4053_3555_1823_,16.00_15.95_15.90_15.85_15.80_,593_1218_1307_1033_1157_
09:38:46,16.05,1,35450,16.05_16.10_16.15_16.20_16.25_,1591_3886_4054_3555_1823_,16.00_15.95_15.90_15.85_15.80_,593_1219_1297_1033_1152_
09:38:51,16.00,5,35455,16.05_16.10_16.15_16.20_16.25_,1593_3882_4054_3555_1823_,16.00_15.95_15.90_15.85_15.80_,588_1219_1298_1033_1152_
09:38:56,16.00,24,35479,16.05_16.10_16.15_16.20_16.25_,1630_3892_4054_3871_1823_,16.00_15.95_15.90_15.85_15.80_,564_1219_1298_1033_1152_
09:39:01,16.05,2,35481,16.05_16.10_16.15_16.20_16.25_,1634_3892_4054_3876_1823_,16.00_15.95_15.90_15.85_15.80_,632_1219_1298_1033_1152_
09:39:07,16.05,10,35491,16.05_16.10_16.15_16.20_16.25_,1629_3893_4056_3876_1823_,16.00_15.95_15.90_15.85_15.80_,630_1218_1297_1035_1152_
09:39:12,16.00,1,35492,16.05_16.10_16.15_16.20_16.25_,1636_3893_4056_3881_1813_,16.00_15.95_15.90_15.85_15.80_,629_1217_1297_1035_1152_
09:39:17,16.00,2,35494,16.05_16.10_16.15_16.20_16.25_,1636_3893_4056_3881_1813_,16.00_15.95_15.90_15.85_15.80_,636_1222_1299_1036_1252_
09:39:22,16.00,2,35494,16.05_16.10_16.15_16.20_16.25_,1636_3893_4056_3881_1813_,16.00_15.95_15.90_15.85_15.80_,636_1224_1304_1036_1252_
09:39:27,16.00,15,35509,16.05_16.10_16.15_16.20_16.25_,1641_3893_4056_3881_1813_,16.00_15.95_15.90_15.85_15.80_,622_1224_1304_1041_1252_
09:39:32,16.00,2,35511,16.05_16.10_16.15_16.20_16.25_,1640_3894_4056_3881_1813_,16.00_15.95_15.90_15.85_15.80_,620_1224_1304_1041_1252_
09:39:37,16.00,10,35521,16.05_16.10_16.15_16.20_16.25_,1649_3894_4061_3901_1813_,16.00_15.95_15.90_15.85_15.80_,612_1224_1304_1031_1253_
09:39:42,16.00,2,35523,16.05_16.10_16.15_16.20_16.25_,1649_3894_4062_3901_1813_,16.00_15.95_15.90_15.85_15.80_,610_1224_1304_1031_1253_
09:39:48,16.00,4,35527,16.05_16.10_16.15_16.20_16.25_,1647_3895_4062_3911_1813_,16.00_15.95_15.90_15.85_15.80_,611_1223_1304_1031_1253_
09:39:53,16.00,4,35527,16.05_16.10_16.15_16.20_16.25_,1654_3895_4063_3911_1813_,16.00_15.95_15.90_15.85_15.80_,618_1223_1303_1031_1253_
09:39:58,16.00,4,35527,16.05_16.10_16.15_16.20_16.25_,1660_3905_4063_3911_1813_,16.00_15.95_15.90_15.85_15.80_,623_1223_1303_1031_1253_
09:40:03,16.05,14,35541,16.05_16.10_16.15_16.20_16.25_,1648_3910_4068_3928_1813_,16.00_15.95_15.90_15.85_15.80_,628_1223_1303_1031_1253_
09:40:08,16.00,10,35551,16.05_16.10_16.15_16.20_16.25_,1649_3940_4068_3958_1813_,16.00_15.95_15.90_15.85_15.80_,658_1223_1303_1031_1247_
09:40:13,16.00,5,35556,16.05_16.10_16.15_16.20_16.25_,1643_3937_4068_3947_1813_,16.00_15.95_15.90_15.85_15.80_,659_1222_1303_1031_1247_
09:40:18,16.00,5,35556,16.05_16.10_16.15_16.20_16.25_,1648_3938_4068_3949_1813_,16.00_15.95_15.90_15.85_15.80_,665_1222_1298_1081_1247_
09:40:23,16.00,5,35561,16.05_16.10_16.15_16.20_16.25_,1687_3938_4068_3949_1813_,16.00_15.95_15.90_15.85_15.80_,661_1222_1298_1081_1247_
09:40:28,16.05,1,35562,16.05_16.10_16.15_16.20_16.25_,1688_3938_4068_3949_1813_,16.00_15.95_15.90_15.85_15.80_,664_1222_1298_1081_1247_
09:40:34,16.05,10,35572,16.05_16.10_16.15_16.20_16.25_,1681_3938_4068_3951_1813_,16.00_15.95_15.90_15.85_15.80_,664_1222_1298_1081_1247_
09:40:39,16.05,13,35585,16.05_16.10_16.15_16.20_16.25_,1665_3938_4068_3951_1813_,16.00_15.95_15.90_15.85_15.80_,680_1222_1307_1081_1247_
09:40:44,16.05,120,35705,16.05_16.10_16.15_16.20_16.25_,1548_3938_4068_3956_1813_,16.00_15.95_15.90_15.85_15.80_,680_1218_1307_1081_1247_
09:40:49,16.00,5,35710,16.05_16.10_16.15_16.20_16.25_,1548_3940_4068_3956_1813_,16.00_15.95_15.90_15.85_15.80_,675_1216_1307_1081_1247_
09:40:54,16.05,6,35716,16.05_16.10_16.15_16.20_16.25_,1543_3940_4068_3956_1815_,16.00_15.95_15.90_15.85_15.80_,682_1216_1307_1081_1247_
09:40:59,16.05,83,35799,16.05_16.10_16.15_16.20_16.25_,1464_3938_4068_3956_1815_,16.00_15.95_15.90_15.85_15.80_,628_1216_1307_1081_1247_
09:41:04,16.00,20,35819,16.05_16.10_16.15_16.20_16.25_,1431_3978_4068_4005_1817_,16.00_15.95_15.90_15.85_15.80_,617_1216_1307_1081_1247_
09:41:09,16.05,7,35826,16.05_16.10_16.15_16.20_16.25_,1426_3978_4068_4010_1817_,16.00_15.95_15.90_15.85_15.80_,644_1216_1307_1081_1247_
09:41:14,16.05,2,35828,16.05_16.10_16.15_16.20_16.25_,1458_3978_4068_3978_1792_,16.00_15.95_15.90_15.85_15.80_,752_1216_1309_1081_1147_
09:41:20,16.00,51,35879,16.05_16.10_16.15_16.20_16.25_,1465_3978_4077_3983_1792_,16.00_15.95_15.90_15.85_15.80_,723_1210_1278_1081_1147_
09:41:25,16.00,1,35880,16.05_16.10_16.15_16.20_16.25_,1467_3978_4077_3983_1792_,16.00_15.95_15.90_15.85_15.80_,723_1210_1278_1081_1147_
09:41:30,16.00,1,35880,16.05_16.10_16.15_16.20_16.25_,1474_3948_4077_3993_1792_,16.00_15.95_15.90_15.85_15.80_,723_1210_1278_1081_1147_
09:41:35,16.05,2,35882,16.05_16.10_16.15_16.20_16.25_,1473_3948_4077_3993_1792_,16.00_15.95_15.90_15.85_15.80_,736_1210_1279_1081_1146_
09:41:40,16.05,2,35882,16.05_16.10_16.15_16.20_16.25_,1473_3948_4077_3999_1807_,16.00_15.95_15.90_15.85_15.80_,738_1210_1279_1081_1146_
09:41:45,16.05,3,35885,16.05_16.10_16.15_16.20_16.25_,1471_3953_4077_3994_1808_,16.00_15.95_15.90_15.85_15.80_,738_1210_1279_1081_1146_
09:41:50,16.05,1,35886,16.05_16.10_16.15_16.20_16.25_,1472_3954_4077_3994_1808_,16.00_15.95_15.90_15.85_15.80_,744_1210_1279_1081_1146_
09:41:55,16.00,3,35889,16.05_16.10_16.15_16.20_16.25_,1469_3955_4077_3894_1810_,16.00_15.95_15.90_15.85_15.80_,763_1210_1280_1081_1146_
09:42:01,16.05,14,35903,16.05_16.10_16.15_16.20_16.25_,1457_3955_4077_3894_1810_,16.00_15.95_15.90_15.85_15.80_,864_1210_1280_1081_1146_
09:42:06,16.05,14,35903,16.05_16.10_16.15_16.20_16.25_,1462_3956_4077_3894_1810_,16.00_15.95_15.90_15.85_15.80_,870_1209_1284_1081_1146_
09:42:11,16.05,14,35903,16.05_16.10_16.15_16.20_16.25_,1468_3957_4102_3897_1810_,16.00_15.95_15.90_15.85_15.80_,880_1209_1284_1081_1156_
09:42:16,16.05,1,35904,16.05_16.10_16.15_16.20_16.25_,1468_3937_4102_3898_1810_,16.00_15.95_15.90_15.85_15.80_,892_1209_1284_1081_1156_
09:42:21,16.05,1,35904,16.05_16.10_16.15_16.20_16.25_,1478_3937_4102_3898_1810_,16.00_15.95_15.90_15.85_15.80_,899_1209_1285_1081_1156_
09:42:26,16.00,12,35916,16.05_16.10_16.15_16.20_16.25_,1481_4037_4102_3898_1810_,16.00_15.95_15.90_15.85_15.80_,903_1209_1285_1081_1156_
09:42:31,16.05,10,35926,16.05_16.10_16.15_16.20_16.25_,1471_4068_4102_3898_1811_,16.00_15.95_15.90_15.85_15.80_,908_1209_1285_1081_1156_
09:42:36,16.05,2,35928,16.05_16.10_16.15_16.20_16.25_,1469_4068_4102_3898_1809_,16.00_15.95_15.90_15.85_15.80_,908_1209_1285_1081_1156_
09:42:42,16.00,3,35931,16.05_16.10_16.15_16.20_16.25_,1467_4068_4102_3902_1759_,16.00_15.95_15.90_15.85_15.80_,905_1209_1285_1081_1156_
09:42:47,16.00,3,35931,16.05_16.10_16.15_16.20_16.25_,1467_4068_4109_3902_1759_,16.00_15.95_15.90_15.85_15.80_,915_1209_1285_1081_1156_
09:42:52,16.00,23,35954,16.05_16.10_16.15_16.20_16.25_,1469_4069_4109_3909_1759_,16.00_15.95_15.90_15.85_15.80_,892_1209_1285_1101_1156_
09:42:57,16.00,10,35964,16.05_16.10_16.15_16.20_16.25_,1469_4069_4109_3909_1761_,16.00_15.95_15.90_15.85_15.80_,946_1209_1285_1101_1156_
09:43:02,16.05,2,35966,16.05_16.10_16.15_16.20_16.25_,1471_4076_4111_3917_1761_,16.00_15.95_15.90_15.85_15.80_,947_1209_1285_1101_1156_
09:43:07,16.00,2,35968,16.05_16.10_16.15_16.20_16.25_,1493_4076_4111_3918_1761_,16.00_15.95_15.90_15.85_15.80_,948_1209_1285_1101_1156_
09:43:12,16.00,4,35972,16.05_16.10_16.15_16.20_16.25_,1502_4078_4111_3919_1761_,16.00_15.95_15.90_15.85_15.80_,944_1209_1285_1101_1156_
09:43:17,16.00,1,35973,16.05_16.10_16.15_16.20_16.25_,1506_4079_4109_3919_1761_,16.00_15.95_15.90_15.85_15.80_,943_1209_1285_1101_1156_
09:43:22,16.05,2,35975,16.05_16.10_16.15_16.20_16.25_,1500_4081_4112_3919_1761_,16.00_15.95_15.90_15.85_15.80_,984_1209_1285_1101_1156_
09:43:28,16.05,1,35976,16.05_16.10_16.15_16.20_16.25_,1500_4081_4112_3919_1761_,16.00_15.95_15.90_15.85_15.80_,984_1209_1285_1101_1156_
09:43:33,16.05,16,35992,16.05_16.10_16.15_16.20_16.25_,1476_4081_4112_3921_1761_,16.00_15.95_15.90_15.85_15.80_,985_1209_1285_1101_1156_
09:43:38,16.05,4,35996,16.05_16.10_16.15_16.20_16.25_,1473_4081_4112_3921_1761_,16.00_15.95_15.90_15.85_15.80_,995_1209_1285_1101_1156_
09:43:43,16.00,115,36111,16.05_16.10_16.15_16.20_16.25_,1474_4101_4112_3921_1761_,16.00_15.95_15.90_15.85_15.80_,842_1209_1285_1101_1156_
09:43:48,16.00,52,36163,16.05_16.10_16.15_16.20_16.25_,1484_4103_4112_3921_1761_,16.00_15.95_15.90_15.85_15.80_,790_1277_1285_1101_1156_
09:43:53,16.00,7,36170,16.05_16.10_16.15_16.20_16.25_,1482_4103_4112_3921_1761_,16.00_15.95_15.90_15.85_15.80_,784_1278_1285_1101_1156_
09:43:58,16.00,3,36173,16.05_16.10_16.15_16.20_16.25_,1480_4105_4112_3921_1751_,16.00_15.95_15.90_15.85_15.80_,781_1308_1385_1101_1156_
09:44:04,16.00,10,36183,16.05_16.10_16.15_16.20_16.25_,1480_4108_4116_3871_1751_,16.00_15.95_15.90_15.85_15.80_,850_1240_1415_1103_1166_
09:44:09,16.05,1,36184,16.05_16.10_16.15_16.20_16.25_,1480_4119_4116_3871_1751_,16.00_15.95_15.90_15.85_15.80_,851_1240_1415_1103_1166_
09:44:14,16.05,5,36189,16.05_16.10_16.15_16.20_16.25_,1476_4119_4116_3871_1751_,16.00_15.95_15.90_15.85_15.80_,851_1240_1415_1103_1164_
09:44:19,16.05,5,36189,16.05_16.10_16.15_16.20_16.25_,1477_4119_4116_3871_1751_,16.00_15.95_15.90_15.85_15.80_,851_1240_1415_1103_1164_
09:44:24,16.05,6,36195,16.05_16.10_16.15_16.20_16.25_,1475_4119_4116_3881_1751_,16.00_15.95_15.90_15.85_15.80_,851_1240_1415_1103_1164_
09:44:29,16.05,6,36195,16.05_16.10_16.15_16.20_16.25_,1475_4121_4116_3881_1751_,16.00_15.95_15.90_15.85_15.80_,861_1240_1415_1103_1164_
09:44:34,16.00,1,36196,16.05_16.10_16.15_16.20_16.25_,1426_4125_4126_3881_1751_,16.00_15.95_15.90_15.85_15.80_,869_1280_1415_1103_1171_
09:44:40,16.00,1,36196,16.05_16.10_16.15_16.20_16.25_,1427_4123_4126_3881_1751_,16.00_15.95_15.90_15.85_15.80_,869_1280_1415_1103_1171_
09:44:45,16.00,2,36198,16.05_16.10_16.15_16.20_16.25_,1430_4178_4126_3881_1751_,16.00_15.95_15.90_15.85_15.80_,910_1280_1415_1103_1171_
09:44:50,16.00,4,36202,16.05_16.10_16.15_16.20_16.25_,1484_4178_4126_3881_1751_,16.00_15.95_15.90_15.85_15.80_,914_1280_1415_1103_1171_
09:44:55,16.00,1,36203,16.05_16.10_16.15_16.20_16.25_,1484_4178_4126_3891_1751_,16.00_15.95_15.90_15.85_15.80_,914_1280_1415_1103_1171_
09:45:00,16.00,21,36224,16.05_16.10_16.15_16.20_16.25_,1485_4177_4126_3891_1751_,16.00_15.95_15.90_15.85_15.80_,894_1280_1415_1103_1171_
09:45:05,16.00,2,36226,16.05_16.10_16.15_16.20_16.25_,1485_4177_4063_3891_1756_,16.00_15.95_15.90_15.85_15.80_,892_1280_1415_1103_1171_
09:45:10,16.00,2,36228,16.05_16.10_16.15_16.20_16.25_,1486_4177_4063_3891_1756_,16.00_15.95_15.90_15.85_15.80_,890_1280_1415_1103_1171_
09:45:15,16.00,2,36228,16.05_16.10_16.15_16.20_16.25_,1526_4177_4063_3887_1756_,16.00_15.95_15.90_15.85_15.80_,890_1280_1415_1103_1171_
09:45:21,16.00,3,36231,16.05_16.10_16.15_16.20_16.25_,1525_4177_4063_3887_1756_,16.00_15.95_15.90_15.85_15.80_,890_1280_1415_1103_1171_
09:45:26,16.05,5,36236,16.05_16.10_16.15_16.20_16.25_,1523_4177_4063_3887_1756_,16.00_15.95_15.90_15.85_15.80_,895_1280_1415_1103_1171_
09:45:31,16.00,1,36237,16.05_16.10_16.15_16.20_16.25_,1524_4177_4063_3887_1856_,16.00_15.95_15.90_15.85_15.80_,898_1280_1415_1103_1171_
09:45:36,16.05,5,36242,16.05_16.10_16.15_16.20_16.25_,1520_4177_4063_3887_1906_,16.00_15.95_15.90_15.85_15.80_,897_1280_1415_1103_1171_
09:45:41,16.00,10,36252,16.05_16.10_16.15_16.20_16.25_,1535_4177_4063_3887_1906_,16.00_15.95_15.90_15.85_15.80_,889_1280_1415_1103_1171_
09:45:46,16.00,11,36263,16.05_16.10_16.15_16.20_16.25_,1537_4177_4063_3887_1906_,16.00_15.95_15.90_15.85_15.80_,876_1280_1415_1103_1171_
09:45:51,16.00,3,36266,16.05_16.10_16.15_16.20_16.25_,1535_4180_4063_3887_1906_,16.00_15.95_15.90_15.85_15.80_,883_1280_1415_1103_1171_
09:45:56,16.00,11,36277,16.05_16.10_16.15_16.20_16.25_,1535_4180_4053_3887_1906_,16.00_15.95_15.90_15.85_15.80_,872_1280_1415_1103_1171_
09:46:01,16.05,71,36348,16.05_16.10_16.15_16.20_16.25_,1471_4182_4053_3877_1906_,16.00_15.95_15.90_15.85_15.80_,834_1280_1415_1103_1172_
09:46:07,16.00,1,36349,16.05_16.10_16.15_16.20_16.25_,1471_4182_4053_3877_1906_,16.00_15.95_15.90_15.85_15.80_,836_1280_1415_1103_1172_
09:46:12,16.00,1,36350,16.05_16.10_16.15_16.20_16.25_,1472_4182_4053_3877_1906_,16.00_15.95_15.90_15.85_15.80_,818_1280_1415_1103_1172_
09:46:17,16.00,2,36352,16.05_16.10_16.15_16.20_16.25_,1473_4180_4053_3877_1906_,16.00_15.95_15.90_15.85_15.80_,822_1280_1415_1103_1172_
09:46:22,16.00,2,36352,16.05_16.10_16.15_16.20_16.25_,1477_4183_4053_3877_1906_,16.00_15.95_15.90_15.85_15.80_,821_1280_1415_1103_1172_
09:46:27,16.00,23,36375,16.05_16.10_16.15_16.20_16.25_,1475_4198_4053_3877_1906_,16.00_15.95_15.90_15.85_15.80_,808_1280_1415_1105_1172_
09:46:32,16.05,6,36381,16.05_16.10_16.15_16.20_16.25_,1577_4198_4053_3880_1906_,16.00_15.95_15.90_15.85_15.80_,811_1288_1415_1105_1172_
09:46:37,16.00,3,36384,16.05_16.10_16.15_16.20_16.25_,1578_4198_4053_3898_1906_,16.00_15.95_15.90_15.85_15.80_,808_1288_1415_1105_1172_
09:46:43,16.05,4,36388,16.05_16.10_16.15_16.20_16.25_,1573_4198_4053_3903_1906_,16.00_15.95_15.90_15.85_15.80_,740_1356_1415_1105_1172_
09:46:48,16.00,11,36399,16.05_16.10_16.15_16.20_16.25_,1574_4198_4054_3906_1906_,16.00_15.95_15.90_15.85_15.80_,729_1356_1415_1105_1172_
09:46:53,16.00,10,36409,16.05_16.10_16.15_16.20_16.25_,1575_4198_4034_3906_1906_,16.00_15.95_15.90_15.85_15.80_,720_1358_1415_1105_1176_
09:46:58,16.00,1,36410,16.05_16.10_16.15_16.20_16.25_,1577_4197_4034_3906_1906_,16.00_15.95_15.90_15.85_15.80_,719_1358_1415_1105_1175_
09:47:03,16.00,3,36413,16.05_16.10_16.15_16.20_16.25_,1579_4197_4034_3906_1907_,16.00_15.95_15.90_15.85_15.80_,723_1358_1415_1105_1175_
09:47:08,16.00,1,36414,16.05_16.10_16.15_16.20_16.25_,1579_4199_4034_3910_1907_,16.00_15.95_15.90_15.85_15.80_,695_1290_1415_1105_1175_
09:47:13,16.00,1,36414,16.05_16.10_16.15_16.20_16.25_,1595_4199_4034_3911_1907_,16.00_15.95_15.90_15.85_15.80_,835_1290_1416_1105_1175_
09:47:18,16.00,1,36414,16.05_16.10_16.15_16.20_16.25_,1588_4199_4034_3911_1907_,16.00_15.95_15.90_15.85_15.80_,829_1290_1416_1105_1175_
09:47:24,16.00,1,36415,16.05_16.10_16.15_16.20_16.25_,1624_4199_4034_3911_1907_,16.00_15.95_15.90_15.85_15.80_,828_1296_1416_1105_1174_
09:47:29,16.00,5,36420,16.05_16.10_16.15_16.20_16.25_,1584_4199_4034_3915_1907_,16.00_15.95_15.90_15.85_15.80_,843_1296_1416_1113_1174_
09:47:34,16.00,1,36421,16.05_16.10_16.15_16.20_16.25_,1741_4202_4034_3915_1907_,16.00_15.95_15.90_15.85_15.80_,852_1296_1416_1113_1174_
09:47:39,16.00,1,36421,16.05_16.10_16.15_16.20_16.25_,1742_4202_4034_3945_1907_,16.00_15.95_15.90_15.85_15.80_,852_1296_1416_1113_1174_
09:47:44,16.00,28,36449,16.05_16.10_16.15_16.20_16.25_,1740_4203_4034_3945_1907_,16.00_15.95_15.90_15.85_15.80_,825_1296_1416_1113_1174_
09:47:49,16.00,74,36523,16.05_16.10_16.15_16.20_16.25_,1741_4203_4034_3945_1907_,16.00_15.95_15.90_15.85_15.80_,693_1364_1415_1113_1174_
09:47:54,16.00,1,36524,16.05_16.10_16.15_16.20_16.25_,1811_4208_4039_3955_1907_,16.00_15.95_15.90_15.85_15.80_,708_1364_1415_1113_1174_
09:47:59,16.00,20,36544,16.05_16.10_16.15_16.20_16.25_,1812_4278_4039_3955_1907_,16.00_15.95_15.90_15.85_15.80_,667_1358_1365_1113_1174_
09:48:05,16.00,11,36555,16.05_16.10_16.15_16.20_16.25_,1812_4278_4110_4056_1907_,16.00_15.95_15.90_15.85_15.80_,666_1360_965_1093_1170_
09:48:10,16.00,11,36555,16.05_16.10_16.15_16.20_16.25_,1813_4283_4111_4128_1977_,16.00_15.95_15.90_15.85_15.80_,678_1360_965_1093_1170_
09:48:15,16.00,11,36555,16.05_16.10_16.15_16.20_16.25_,1822_4284_4111_4128_1977_,16.00_15.95_15.90_15.85_15.80_,721_1355_965_1093_1171_
09:48:20,16.00,11,36555,16.05_16.10_16.15_16.20_16.25_,1822_4284_4111_4130_1977_,16.00_15.95_15.90_15.85_15.80_,721_1355_965_1093_1171_
09:48:25,16.00,3,36558,16.05_16.10_16.15_16.20_16.25_,1820_4294_4111_4130_1977_,16.00_15.95_15.90_15.85_15.80_,721_1355_965_1093_1171_
09:48:30,16.00,5,36563,16.05_16.10_16.15_16.20_16.25_,1818_4294_4111_4130_1977_,16.00_15.95_15.90_15.85_15.80_,715_1355_966_1093_1171_
09:48:35,16.00,5,36563,16.05_16.10_16.15_16.20_16.25_,1818_4294_4111_4131_1987_,16.00_15.95_15.90_15.85_15.80_,741_1355_966_1093_1171_
09:48:41,16.00,5,36563,16.05_16.10_16.15_16.20_16.25_,1820_4294_4111_4132_1987_,16.00_15.95_15.90_15.85_15.80_,741_955_968_1093_1181_
09:48:46,16.00,5,36563,16.05_16.10_16.15_16.20_16.25_,1820_4294_4115_4132_1987_,16.00_15.95_15.90_15.85_15.80_,740_955_968_1093_1181_
09:48:51,16.00,5,36563,16.05_16.10_16.15_16.20_16.25_,1821_4294_4115_4132_1987_,16.00_15.95_15.90_15.85_15.80_,740_955_968_1095_1181_
09:48:56,16.00,5,36568,16.05_16.10_16.15_16.20_16.25_,1826_4344_4119_4132_1987_,16.00_15.95_15.90_15.85_15.80_,730_955_968_1090_1181_
09:49:01,16.00,2,36570,16.05_16.10_16.15_16.20_16.25_,1827_4344_4119_4132_1987_,16.00_15.95_15.90_15.85_15.80_,728_955_968_1085_1181_
09:49:06,16.00,21,36591,16.05_16.10_16.15_16.20_16.25_,1827_4344_4119_4132_1987_,16.00_15.95_15.90_15.85_15.80_,707_955_968_1085_1181_
09:49:11,16.00,3,36594,16.05_16.10_16.15_16.20_16.25_,1825_4344_4117_4132_1987_,16.00_15.95_15.90_15.85_15.80_,704_951_968_1085_1181_
09:49:16,16.00,50,36644,16.05_16.10_16.15_16.20_16.25_,2294_4344_4122_4132_1984_,16.00_15.95_15.90_15.85_15.80_,654_971_973_1085_1181_
09:49:21,16.00,11,36655,16.05_16.10_16.15_16.20_16.25_,2295_4344_4122_4132_1984_,16.00_15.95_15.90_15.85_15.80_,644_971_973_1085_1181_
09:49:27,16.00,7,36662,16.05_16.10_16.15_16.20_16.25_,2291_4346_4122_4137_1984_,16.00_15.95_15.90_15.85_15.80_,637_975_971_1085_1181_
09:49:32,16.05,2,36664,16.05_16.10_16.15_16.20_16.25_,2297_4346_4122_4140_1984_,16.00_15.95_15.90_15.85_15.80_,637_975_971_1085_1181_
09:49:37,16.00,7,36671,16.05_16.10_16.15_16.20_16.25_,2298_4346_4122_4140_1984_,16.00_15.95_15.90_15.85_15.80_,630_975_981_1085_1181_
09:49:42,16.00,2,36673,16.05_16.10_16.15_16.20_16.25_,2299_4346_4122_4142_1984_,16.00_15.95_15.90_15.85_15.80_,628_975_981_1085_1201_
09:49:47,16.00,2,36673,16.05_16.10_16.15_16.20_16.25_,2308_4346_4122_4142_1984_,16.00_15.95_15.90_15.85_15.80_,638_775_981_1085_1201_
09:49:52,16.00,2,36673,16.05_16.10_16.15_16.20_16.25_,2308_4346_4122_4142_1987_,16.00_15.95_15.90_15.85_15.80_,706_707_981_1085_1201_
09:50:02,16.00,3,36676,16.05_16.10_16.15_16.20_16.25_,2304_4346_4122_4142_1987_,16.00_15.95_15.90_15.85_15.80_,703_708_981_1085_1201_
09:50:08,16.00,2,36678,16.05_16.10_16.15_16.20_16.25_,2303_4356_4122_4152_1990_,16.00_15.95_15.90_15.85_15.80_,708_708_982_1085_1201_
09:50:13,16.00,53,36731,16.05_16.10_16.15_16.20_16.25_,2313_4351_4122_4163_1990_,16.00_15.95_15.90_15.85_15.80_,655_708_983_1085_1201_
09:50:18,16.00,5,36736,16.05_16.10_16.15_16.20_16.25_,2314_4351_4122_4163_1990_,16.00_15.95_15.90_15.85_15.80_,667_709_983_1085_1201_
09:50:23,16.00,22,36758,16.05_16.10_16.15_16.20_16.25_,2315_4351_3623_4163_1990_,16.00_15.95_15.90_15.85_15.80_,645_709_983_1087_1201_
09:50:28,16.00,1,36759,16.05_16.10_16.15_16.20_16.25_,2422_4351_3122_4163_1990_,16.00_15.95_15.90_15.85_15.80_,664_709_988_1087_1201_
09:50:33,16.00,5,36764,16.05_16.10_16.15_16.20_16.25_,2425_4351_3122_4164_1990_,16.00_15.95_15.90_15.85_15.80_,659_699_988_1087_1201_
09:50:38,16.00,5,36764,16.05_16.10_16.15_16.20_16.25_,2425_4351_3122_4174_1990_,16.00_15.95_15.90_15.85_15.80_,689_699_988_1087_1201_
09:50:43,16.00,5,36769,16.05_16.10_16.15_16.20_16.25_,2426_4361_3122_4174_1989_,16.00_15.95_15.90_15.85_15.80_,714_699_988_1087_1201_
09:50:49,16.00,5,36774,16.05_16.10_16.15_16.20_16.25_,2425_4361_3122_4175_1989_,16.00_15.95_15.90_15.85_15.80_,737_711_988_1087_1201_
09:50:54,16.00,4,36778,16.05_16.10_16.15_16.20_16.25_,2423_4361_3122_4175_1989_,16.00_15.95_15.90_15.85_15.80_,735_711_988_1087_1201_
09:50:59,16.00,33,36811,16.05_16.10_16.15_16.20_16.25_,2424_4361_3123_4179_1989_,16.00_15.95_15.90_15.85_15.80_,704_711_990_1087_1201_
09:51:09,16.00,14,36825,16.05_16.10_16.15_16.20_16.25_,2419_4361_3123_4190_1989_,16.00_15.95_15.90_15.85_15.80_,691_710_990_1087_1201_
09:51:14,16.00,14,36825,16.05_16.10_16.15_16.20_16.25_,2419_4362_3123_4190_1989_,16.00_15.95_15.90_15.85_15.80_,691_710_989_1086_1201_
09:51:19,16.00,173,36998,16.05_16.10_16.15_16.20_16.25_,2420_4362_3123_4191_1989_,16.00_15.95_15.90_15.85_15.80_,520_710_989_1086_1201_
09:51:24,16.00,50,37048,16.05_16.10_16.15_16.20_16.25_,2420_4362_3123_4191_1989_,16.00_15.95_15.90_15.85_15.80_,472_713_989_1086_1201_
09:51:29,16.00,60,37108,16.05_16.10_16.15_16.20_16.25_,2422_4362_3123_4192_1989_,16.00_15.95_15.90_15.85_15.80_,412_713_999_1086_1201_
09:51:35,16.00,61,37169,16.05_16.10_16.15_16.20_16.25_,2421_4362_3123_4192_1990_,16.00_15.95_15.90_15.85_15.80_,351_712_999_1086_1201_
09:51:40,16.00,61,37230,16.05_16.10_16.15_16.20_16.25_,2421_4362_3124_4192_1990_,16.00_15.95_15.90_15.85_15.80_,290_712_999_1086_1201_
09:51:45,16.00,28,37258,16.05_16.10_16.15_16.20_16.25_,2419_4362_3115_4182_1790_,16.00_15.95_15.90_15.85_15.80_,289_717_1051_1086_1201_
09:51:50,16.00,11,37269,16.05_16.10_16.15_16.20_16.25_,2419_4362_3115_4177_1790_,16.00_15.95_15.90_15.85_15.80_,280_717_1041_1086_1201_
09:51:55,16.00,16,37285,16.05_16.10_16.15_16.20_16.25_,2419_4362_3115_4177_1790_,16.00_15.95_15.90_15.85_15.80_,274_717_1041_1086_1201_
09:52:00,16.00,35,37320,16.05_16.10_16.15_16.20_16.25_,2417_4362_3125_4187_1790_,16.00_15.95_15.90_15.85_15.80_,240_717_1044_1086_1202_
09:52:05,16.00,230,37550,16.05_16.10_16.15_16.20_16.25_,2412_4362_3127_4188_1790_,16.00_15.95_15.90_15.85_15.80_,24_717_1044_1086_1202_
09:52:10,16.00,9,37559,16.05_16.10_16.15_16.20_16.25_,2412_4369_3127_4198_1790_,16.00_15.95_15.90_15.85_15.80_,43_705_1038_1086_1202_
09:52:16,16.00,21,37580,16.05_16.10_16.15_16.20_16.25_,2412_4369_3127_4198_1790_,16.00_15.95_15.90_15.85_15.80_,12_705_1039_1086_1202_
09:52:21,16.00,13,37593,16.00_16.05_16.10_16.15_16.20_,41_2413_4376_3137_4198_,15.95_15.90_15.85_15.80_15.75_,710_1039_1086_1202_453_
09:52:26,16.00,18,37611,16.00_16.05_16.10_16.15_16.20_,299_2151_4765_2731_4173_,15.95_15.90_15.85_15.80_15.75_,707_1067_1089_1202_453_
09:52:31,16.00,18,37611,16.00_16.05_16.10_16.15_16.20_,341_2131_4767_2731_4173_,15.95_15.90_15.85_15.80_15.75_,707_1067_1089_1202_453_
09:52:36,15.95,3,37614,16.00_16.05_16.10_16.15_16.20_,346_2118_4767_2731_4174_,15.95_15.90_15.85_15.80_15.75_,700_1072_1089_1202_453_
09:52:41,16.00,5,37619,16.00_16.05_16.10_16.15_16.20_,361_2118_4581_2919_4174_,15.95_15.90_15.85_15.80_15.75_,720_1072_1089_1202_453_
09:52:46,16.00,10,37629,16.00_16.05_16.10_16.15_16.20_,380_2117_4767_2733_4174_,15.95_15.90_15.85_15.80_15.75_,720_1072_1086_1202_463_
09:52:51,16.00,10,37629,16.00_16.05_16.10_16.15_16.20_,389_2115_4826_2678_4176_,15.95_15.90_15.85_15.80_15.75_,720_1072_1086_1202_463_
09:52:56,16.00,52,37681,16.00_16.05_16.10_16.15_16.20_,371_2115_4726_2679_4176_,15.95_15.90_15.85_15.80_15.75_,720_1072_1086_1202_468_
09:53:02,16.00,50,37731,16.00_16.05_16.10_16.15_16.20_,328_2115_4728_2699_4176_,15.95_15.90_15.85_15.80_15.75_,720_1072_1086_1202_468_
09:53:07,16.00,5,37736,16.00_16.05_16.10_16.15_16.20_,330_2099_4728_2699_4186_,15.95_15.90_15.85_15.80_15.75_,720_1072_1086_1202_468_
09:53:12,16.00,346,38082,16.05_16.10_16.15_16.20_16.25_,2099_4762_2699_4186_1815_,16.00_15.95_15.90_15.85_15.80_,57_720_1073_1086_1202_
09:53:17,16.00,346,38082,16.05_16.10_16.15_16.20_16.25_,2112_4380_3091_4211_1815_,16.00_15.95_15.90_15.85_15.80_,70_723_1062_1083_1182_
09:53:22,16.00,346,38082,16.05_16.10_16.15_16.20_16.25_,2113_4390_3091_4211_1815_,16.00_15.95_15.90_15.85_15.80_,74_723_1041_1083_1182_
09:53:27,16.00,36,38118,16.05_16.10_16.15_16.20_16.25_,2112_4391_3091_4211_1815_,16.00_15.95_15.90_15.85_15.80_,41_723_1041_1083_1182_
09:53:32,16.00,36,38118,16.05_16.10_16.15_16.20_16.25_,2111_4391_3091_4211_1815_,16.00_15.95_15.90_15.85_15.80_,41_723_1041_1088_1183_
09:53:37,16.00,4,38122,16.05_16.10_16.15_16.20_16.25_,2113_4391_3091_4211_1815_,16.00_15.95_15.90_15.85_15.80_,46_754_1041_1088_1193_
09:53:43,16.00,2,38124,16.05_16.10_16.15_16.20_16.25_,2113_4392_3091_4211_1815_,16.00_15.95_15.90_15.85_15.80_,44_754_1041_1088_1193_
09:53:48,16.00,2,38124,16.05_16.10_16.15_16.20_16.25_,2113_4402_3091_4211_1815_,16.00_15.95_15.90_15.85_15.80_,44_754_1041_1088_1193_
09:53:53,16.00,18,38142,16.05_16.10_16.15_16.20_16.25_,2114_4402_3091_4212_1815_,16.00_15.95_15.90_15.85_15.80_,31_754_1041_1088_1193_
09:53:58,16.00,5,38147,16.05_16.10_16.15_16.20_16.25_,2114_4402_3091_4212_1815_,16.00_15.95_15.90_15.85_15.80_,26_754_1041_1084_1193_
09:54:03,16.00,2,38149,16.05_16.10_16.15_16.20_16.25_,2114_4402_3101_4213_1815_,16.00_15.95_15.90_15.85_15.80_,24_754_1041_1084_1193_
09:54:08,16.00,13,38162,16.05_16.10_16.15_16.20_16.25_,2116_4402_3101_4213_1815_,16.00_15.95_15.90_15.85_15.80_,16_754_1041_1084_1193_
09:54:13,16.00,12,38174,16.05_16.10_16.15_16.20_16.25_,2116_4402_3101_4213_1815_,16.00_15.95_15.90_15.85_15.80_,5_752_1038_1084_1193_
09:54:19,16.00,11,38185,16.05_16.10_16.15_16.20_16.25_,2116_4402_3101_4219_1815_,16.00_15.95_15.90_15.85_15.80_,21_750_1038_1084_1193_
09:54:24,16.00,11,38185,16.05_16.10_16.15_16.20_16.25_,2116_4402_3102_4219_1815_,16.00_15.95_15.90_15.85_15.80_,21_750_1039_1084_1193_
09:54:29,16.00,6,38191,16.05_16.10_16.15_16.20_16.25_,2118_4402_3102_4219_1815_,16.00_15.95_15.90_15.85_15.80_,35_750_1039_1084_1193_
09:54:34,16.00,7,38198,16.05_16.10_16.15_16.20_16.25_,2105_4402_3102_4219_1815_,16.00_15.95_15.90_15.85_15.80_,28_750_1039_1084_1193_
09:54:39,16.00,13,38211,16.05_16.10_16.15_16.20_16.25_,2114_4402_3102_4219_1815_,16.00_15.95_15.90_15.85_15.80_,55_750_1039_1084_1193_
09:54:44,16.00,11,38222,16.05_16.10_16.15_16.20_16.25_,2114_4402_3102_4214_1815_,16.00_15.95_15.90_15.85_15.80_,45_747_1039_1084_1193_
09:54:49,16.00,11,38222,16.05_16.10_16.15_16.20_16.25_,2113_4402_3102_4214_1815_,16.00_15.95_15.90_15.85_15.80_,54_747_1039_1084_1193_
09:54:55,16.00,4,38226,16.05_16.10_16.15_16.20_16.25_,2116_4402_3102_4214_1815_,16.00_15.95_15.90_15.85_15.80_,60_747_1039_1086_1193_
09:55:00,16.00,15,38241,16.05_16.10_16.15_16.20_16.25_,2155_4402_3102_4214_1815_,16.00_15.95_15.90_15.85_15.80_,52_747_1039_1086_1193_
09:55:05,16.00,7,38248,16.05_16.10_16.15_16.20_16.25_,2155_4404_3102_4214_1815_,16.00_15.95_15.90_15.85_15.80_,61_747_1039_1086_1193_
09:55:10,16.00,13,38261,16.05_16.10_16.15_16.20_16.25_,2154_4404_3102_4214_1815_,16.00_15.95_15.90_15.85_15.80_,54_747_1039_1086_1193_
09:55:15,16.00,56,38317,16.00_16.05_16.10_16.15_16.20_,19_2154_4400_3102_4214_,15.95_15.90_15.85_15.80_15.75_,747_1039_1086_1193_488_
09:55:20,16.00,56,38317,16.00_16.05_16.10_16.15_16.20_,110_2106_4828_2695_4190_,15.95_15.90_15.85_15.80_15.75_,746_1063_1086_1193_488_
09:55:25,16.00,23,38340,16.00_16.05_16.10_16.15_16.20_,96_2106_4828_2695_4190_,15.95_15.90_15.85_15.80_15.75_,745_1063_1086_1193_488_
09:55:30,16.00,2,38342,16.00_16.05_16.10_16.15_16.20_,499_2107_4827_2695_4190_,15.95_15.90_15.85_15.80_15.75_,745_1063_1088_1193_488_
09:55:36,16.00,2,38344,16.00_16.05_16.10_16.15_16.20_,604_2098_4828_2695_4190_,15.95_15.90_15.85_15.80_15.75_,770_1068_1088_1193_488_
09:55:41,16.00,2,38344,16.00_16.05_16.10_16.15_16.20_,707_2095_4824_2695_4190_,15.95_15.90_15.85_15.80_15.75_,770_1068_1088_1198_488_
09:55:46,16.00,15,38359,16.00_16.05_16.10_16.15_16.20_,744_2099_4824_2695_4190_,15.95_15.90_15.85_15.80_15.75_,786_1069_1088_1198_488_
09:55:51,15.95,3,38362,16.00_16.05_16.10_16.15_16.20_,746_2099_4824_2695_4191_,15.95_15.90_15.85_15.80_15.75_,784_1069_1088_1198_488_
09:55:56,15.95,3,38362,16.00_16.05_16.10_16.15_16.20_,746_2099_4653_2881_4191_,15.95_15.90_15.85_15.80_15.75_,786_1069_1088_1158_488_
09:56:01,16.00,1,38363,16.00_16.05_16.10_16.15_16.20_,749_2099_4653_2881_4191_,15.95_15.90_15.85_15.80_15.75_,786_1069_1088_1158_488_
09:56:06,16.00,1,38363,16.00_16.05_16.10_16.15_16.20_,751_2099_4839_2695_4191_,15.95_15.90_15.85_15.80_15.75_,807_1069_1088_1158_488_
09:56:11,16.00,1,38364,16.00_16.05_16.10_16.15_16.20_,753_2097_4839_2695_4191_,15.95_15.90_15.85_15.80_15.75_,807_1069_1088_1158_488_
09:56:17,15.95,5,38369,16.00_16.05_16.10_16.15_16.20_,759_2112_4839_2695_4191_,15.95_15.90_15.85_15.80_15.75_,832_1084_1086_1159_488_
09:56:22,15.95,3,38372,16.00_16.05_16.10_16.15_16.20_,763_2117_4653_2881_4191_,15.95_15.90_15.85_15.80_15.75_,830_1084_1086_1159_488_
09:56:27,16.00,12,38384,16.00_16.05_16.10_16.15_16.20_,752_2117_4653_2881_4191_,15.95_15.90_15.85_15.80_15.75_,830_1085_1087_1159_488_
09:56:32,15.95,10,38394,16.00_16.05_16.10_16.15_16.20_,834_2117_4839_2695_4191_,15.95_15.90_15.85_15.80_15.75_,822_1085_1087_1159_488_
09:56:37,15.95,2,38396,16.00_16.05_16.10_16.15_16.20_,839_2117_4653_2881_4191_,15.95_15.90_15.85_15.80_15.75_,821_1085_1087_1159_488_
09:56:42,16.00,6,38402,16.00_16.05_16.10_16.15_16.20_,834_2117_4652_2881_4199_,15.95_15.90_15.85_15.80_15.75_,821_1085_1090_1159_488_
09:56:47,15.95,10,38412,16.00_16.05_16.10_16.15_16.20_,840_2118_4838_2695_4199_,15.95_15.90_15.85_15.80_15.75_,1072_1285_1090_1159_488_
09:56:53,16.00,5,38417,16.00_16.05_16.10_16.15_16.20_,861_2103_4652_2881_4199_,15.95_15.90_15.85_15.80_15.75_,1072_1286_1090_1159_488_
09:56:58,16.00,1,38418,16.00_16.05_16.10_16.15_16.20_,885_2084_4838_2695_4200_,15.95_15.90_15.85_15.80_15.75_,1094_1286_1090_1159_488_
09:57:03,16.00,1,38418,16.00_16.05_16.10_16.15_16.20_,886_2089_4868_2696_4200_,15.95_15.90_15.85_15.80_15.75_,1095_1286_1100_1159_488_
09:57:08,16.00,1,38419,16.00_16.05_16.10_16.15_16.20_,891_2089_4870_2699_4200_,15.95_15.90_15.85_15.80_15.75_,1096_1296_1100_1159_488_
09:57:13,16.00,1,38419,16.00_16.05_16.10_16.15_16.20_,892_2090_4869_2719_4200_,15.95_15.90_15.85_15.80_15.75_,1096_1296_1100_1159_488_
09:57:18,15.95,5,38424,16.00_16.05_16.10_16.15_16.20_,892_2090_4869_2719_4200_,15.95_15.90_15.85_15.80_15.75_,1092_1294_1100_1158_488_
09:57:23,15.95,3,38427,16.00_16.05_16.10_16.15_16.20_,892_2092_4683_2915_4200_,15.95_15.90_15.85_15.80_15.75_,1089_1293_1100_1158_488_
09:57:28,16.00,1,38428,16.00_16.05_16.10_16.15_16.20_,906_2098_4684_2915_4200_,15.95_15.90_15.85_15.80_15.75_,1090_1293_1100_1158_488_
09:57:34,16.00,1,38428,16.00_16.05_16.10_16.15_16.20_,908_2098_4870_2729_4200_,15.95_15.90_15.85_15.80_15.75_,1090_1293_1100_1158_488_
09:57:39,15.95,50,38478,16.00_16.05_16.10_16.15_16.20_,949_2098_4870_2729_4202_,15.95_15.90_15.85_15.80_15.75_,1041_1293_1100_1158_488_
09:57:44,15.95,50,38478,16.00_16.05_16.10_16.15_16.20_,954_2097_4684_2915_4202_,15.95_15.90_15.85_15.80_15.75_,1012_1293_1100_1158_488_
09:57:49,15.95,50,38478,16.00_16.05_16.10_16.15_16.20_,960_2097_4684_2915_4207_,15.95_15.90_15.85_15.80_15.75_,1012_1293_1100_1158_488_
09:57:54,16.00,20,38498,16.00_16.05_16.10_16.15_16.20_,943_2097_4685_2915_4207_,15.95_15.90_15.85_15.80_15.75_,1012_1293_1100_1158_488_
09:57:59,16.00,37,38535,16.00_16.05_16.10_16.15_16.20_,1027_2097_4871_2729_4207_,15.95_15.90_15.85_15.80_15.75_,1082_1275_1100_1158_488_
09:58:04,16.00,10,38545,16.00_16.05_16.10_16.15_16.20_,1022_2097_4871_2729_4207_,15.95_15.90_15.85_15.80_15.75_,1081_1275_1100_1159_488_
09:58:10,15.95,10,38555,16.00_16.05_16.10_16.15_16.20_,1030_2096_4871_2729_4209_,15.95_15.90_15.85_15.80_15.75_,1071_1275_1100_1159_488_
09:58:15,16.00,10,38565,16.00_16.05_16.10_16.15_16.20_,1031_2096_4685_2915_4209_,15.95_15.90_15.85_15.80_15.75_,1071_1275_1100_1159_488_
09:58:20,16.00,10,38565,16.00_16.05_16.10_16.15_16.20_,1031_2096_4873_2729_4219_,15.95_15.90_15.85_15.80_15.75_,1071_1277_1118_1159_488_
09:58:25,16.00,5,38570,16.00_16.05_16.10_16.15_16.20_,1026_2096_4873_2729_4219_,15.95_15.90_15.85_15.80_15.75_,1099_1297_1118_1160_488_
09:58:30,15.95,10,38580,16.00_16.05_16.10_16.15_16.20_,1078_2096_4873_2729_4219_,15.95_15.90_15.85_15.80_15.75_,1092_1297_1129_1160_488_
09:58:35,16.00,3,38583,16.00_16.05_16.10_16.15_16.20_,1076_2094_4687_2915_4219_,15.95_15.90_15.85_15.80_15.75_,1092_1297_1129_1160_488_
09:58:40,16.00,27,38610,16.00_16.05_16.10_16.15_16.20_,1063_2094_4880_2729_4219_,15.95_15.90_15.85_15.80_15.75_,1092_1297_1130_1160_488_
09:58:46,16.00,2,38612,16.00_16.05_16.10_16.15_16.20_,1072_2094_4889_2729_4219_,15.95_15.90_15.85_15.80_15.75_,1095_1297_1130_1160_488_
09:58:51,16.00,1,38613,16.00_16.05_16.10_16.15_16.20_,1074_2246_4808_2695_4219_,15.95_15.90_15.85_15.80_15.75_,1101_1349_1146_1126_488_
09:58:56,16.00,22,38635,16.00_16.05_16.10_16.15_16.20_,1053_2256_4808_2695_4209_,15.95_15.90_15.85_15.80_15.75_,1101_1349_1146_1126_488_
09:59:01,16.00,50,38685,16.00_16.05_16.10_16.15_16.20_,962_2266_4808_2695_4209_,15.95_15.90_15.85_15.80_15.75_,1101_1349_1146_1126_488_
09:59:06,16.00,21,38706,16.00_16.05_16.10_16.15_16.20_,941_2266_4808_2695_4211_,15.95_15.90_15.85_15.80_15.75_,1101_1349_1146_1086_538_
09:59:11,16.00,22,38728,16.00_16.05_16.10_16.15_16.20_,933_2263_4808_2695_4213_,15.95_15.90_15.85_15.80_15.75_,1106_1349_1156_1086_538_
09:59:16,16.00,24,38752,16.00_16.05_16.10_16.15_16.20_,921_2263_4808_2695_4213_,15.95_15.90_15.85_15.80_15.75_,1106_1349_1156_1086_538_
09:59:21,16.00,23,38775,16.00_16.05_16.10_16.15_16.20_,898_2264_4805_2695_4213_,15.95_15.90_15.85_15.80_15.75_,1106_1349_1156_1107_538_
09:59:26,16.00,20,38795,16.00_16.05_16.10_16.15_16.20_,878_2264_4805_2695_4213_,15.95_15.90_15.85_15.80_15.75_,1116_1349_1156_1107_538_
09:59:32,16.00,20,38815,16.00_16.05_16.10_16.15_16.20_,859_2264_4805_2695_4213_,15.95_15.90_15.85_15.80_15.75_,1116_1349_1156_1107_538_
09:59:37,16.00,30,38845,16.00_16.05_16.10_16.15_16.20_,844_2264_4805_2695_4213_,15.95_15.90_15.85_15.80_15.75_,1116_1349_1156_1107_538_
09:59:42,16.00,21,38866,16.00_16.05_16.10_16.15_16.20_,851_2264_4806_2695_4213_,15.95_15.90_15.85_15.80_15.75_,1122_1349_1156_1107_538_
09:59:47,16.00,21,38866,16.00_16.05_16.10_16.15_16.20_,851_2264_4806_2695_4213_,15.95_15.90_15.85_15.80_15.75_,1123_1349_1156_1107_538_
09:59:52,16.00,20,38886,16.00_16.05_16.10_16.15_16.20_,833_2267_4806_2695_4213_,15.95_15.90_15.85_15.80_15.75_,1125_1349_1156_1107_538_
09:59:57,16.00,20,38886,16.00_16.05_16.10_16.15_16.20_,878_2263_4806_2695_4213_,15.95_15.90_15.85_15.80_15.75_,1125_1349_1156_1107_538_
10:00:02,16.00,20,38906,16.00_16.05_16.10_16.15_16.20_,858_2263_4806_2695_4213_,15.95_15.90_15.85_15.80_15.75_,1135_1350_1156_1107_538_
10:00:07,16.00,10,38916,16.00_16.05_16.10_16.15_16.20_,852_2263_4806_2695_4214_,15.95_15.90_15.85_15.80_15.75_,1136_1350_1156_1107_538_
10:00:13,16.00,1,38917,16.00_16.05_16.10_16.15_16.20_,852_2263_4806_2695_4218_,15.95_15.90_15.85_15.80_15.75_,1140_1346_1156_1107_538_
10:00:18,16.00,1,38917,16.00_16.05_16.10_16.15_16.20_,852_2263_4809_2695_4218_,15.95_15.90_15.85_15.80_15.75_,1145_1346_1156_1107_538_
10:00:23,15.95,3,38920,16.00_16.05_16.10_16.15_16.20_,864_2262_4812_2694_4218_,15.95_15.90_15.85_15.80_15.75_,1144_1347_1156_1107_538_
10:00:28,16.00,20,38940,16.00_16.05_16.10_16.15_16.20_,844_2262_4626_2880_4218_,15.95_15.90_15.85_15.80_15.75_,1145_1347_1156_1107_538_
10:00:33,16.00,20,38960,16.00_16.05_16.10_16.15_16.20_,824_2262_4812_2694_4218_,15.95_15.90_15.85_15.80_15.75_,1146_1347_1155_1107_538_
10:00:38,16.00,20,38980,16.00_16.05_16.10_16.15_16.20_,806_2252_4813_2694_4218_,15.95_15.90_15.85_15.80_15.75_,1146_1347_1155_1107_538_
10:00:43,16.00,20,38980,16.00_16.05_16.10_16.15_16.20_,818_2252_4813_2694_4209_,15.95_15.90_15.85_15.80_15.75_,1146_1347_1155_1106_558_
10:00:48,15.95,18,38998,16.00_16.05_16.10_16.15_16.20_,869_2218_4814_2694_4209_,15.95_15.90_15.85_15.80_15.75_,1128_1347_1155_1106_558_
10:00:54,16.00,1,38999,16.00_16.05_16.10_16.15_16.20_,868_2218_4628_2870_4224_,15.95_15.90_15.85_15.80_15.75_,1168_1347_1153_1108_558_
10:00:59,16.00,1,38999,16.00_16.05_16.10_16.15_16.20_,898_2218_4817_2684_4224_,15.95_15.90_15.85_15.80_15.75_,1218_1247_1153_1108_558_
10:01:04,16.00,1,38999,16.00_16.05_16.10_16.15_16.20_,897_2226_4819_2684_4229_,15.95_15.90_15.85_15.80_15.75_,1218_1247_1153_1108_558_
10:01:09,16.00,1,38999,16.00_16.05_16.10_16.15_16.20_,897_2232_4817_2684_4229_,15.95_15.90_15.85_15.80_15.75_,1223_1247_1351_1108_558_
10:01:14,15.95,20,39019,16.00_16.05_16.10_16.15_16.20_,912_2232_4817_2694_4229_,15.95_15.90_15.85_15.80_15.75_,1203_1247_1351_1108_558_
10:01:19,15.95,1,39020,16.00_16.05_16.10_16.15_16.20_,922_2232_4631_2880_4229_,15.95_15.90_15.85_15.80_15.75_,1212_1247_1351_1108_558_
10:01:24,16.00,21,39041,16.00_16.05_16.10_16.15_16.20_,913_2231_4632_2880_4236_,15.95_15.90_15.85_15.80_15.75_,1212_1247_1351_1108_558_
10:01:30,16.00,21,39041,16.00_16.05_16.10_16.15_16.20_,915_2231_4818_2694_4239_,15.95_15.90_15.85_15.80_15.75_,1212_1247_1351_1108_558_
10:01:35,16.00,10,39051,16.00_16.05_16.10_16.15_16.20_,906_2231_4818_2694_4239_,15.95_15.90_15.85_15.80_15.75_,1212_1247_1351_1108_558_
10:01:40,16.00,10,39061,16.00_16.05_16.10_16.15_16.20_,903_2231_4818_2693_4239_,15.95_15.90_15.85_15.80_15.75_,1213_1247_1351_1106_558_
10:01:45,16.00,11,39072,16.00_16.05_16.10_16.15_16.20_,894_2257_4818_2693_4239_,15.95_15.90_15.85_15.80_15.75_,1216_1247_1351_1108_558_
10:01:50,16.00,10,39082,16.00_16.05_16.10_16.15_16.20_,884_2267_4818_2693_4240_,15.95_15.90_15.85_15.80_15.75_,1214_1247_1352_1108_558_
10:01:55,15.95,6,39088,16.00_16.05_16.10_16.15_16.20_,912_2267_4819_2693_4240_,15.95_15.90_15.85_15.80_15.75_,1208_1247_1352_1108_558_
10:02:00,16.00,10,39098,16.00_16.05_16.10_16.15_16.20_,899_2267_4633_2879_4240_,15.95_15.90_15.85_15.80_15.75_,1208_1247_1352_1108_558_
10:02:05,16.00,81,39179,16.00_16.05_16.10_16.15_16.20_,1062_2267_4820_2696_4240_,15.95_15.90_15.85_15.80_15.75_,1153_1247_1352_1108_558_
10:02:11,16.00,11,39190,16.00_16.05_16.10_16.15_16.20_,1085_2267_4820_2696_4240_,15.95_15.90_15.85_15.80_15.75_,1161_1247_1352_1109_558_
10:02:16,16.00,20,39210,16.00_16.05_16.10_16.15_16.20_,1066_2278_4820_2696_4240_,15.95_15.90_15.85_15.80_15.75_,1161_1247_1352_1109_558_
10:02:21,16.00,20,39210,16.00_16.05_16.10_16.15_16.20_,1069_2278_4820_2698_4240_,15.95_15.90_15.85_15.80_15.75_,1161_1247_1352_1109_559_
10:02:26,16.00,20,39210,16.00_16.05_16.10_16.15_16.20_,1075_2278_4817_2698_4240_,15.95_15.90_15.85_15.80_15.75_,1161_1247_1352_1110_559_
10:02:31,16.00,10,39220,16.00_16.05_16.10_16.15_16.20_,1066_2277_4813_2698_4240_,15.95_15.90_15.85_15.80_15.75_,1161_1247_1353_1110_559_
10:02:36,16.00,12,39232,16.00_16.05_16.10_16.15_16.20_,1065_2277_4815_2718_4240_,15.95_15.90_15.85_15.80_15.75_,1211_1249_1353_1110_559_
10:02:41,16.00,6,39238,16.00_16.05_16.10_16.15_16.20_,1064_2277_4815_2718_4238_,15.95_15.90_15.85_15.80_15.75_,1211_1249_1353_1110_561_
10:02:46,16.00,6,39238,16.00_16.05_16.10_16.15_16.20_,1107_2277_4815_2718_4238_,15.95_15.90_15.85_15.80_15.75_,1211_1249_1353_1110_561_
10:02:51,16.00,10,39248,16.00_16.05_16.10_16.15_16.20_,1108_2277_4815_2718_4238_,15.95_15.90_15.85_15.80_15.75_,1211_1249_1353_1110_561_
10:02:57,16.00,10,39258,16.00_16.05_16.10_16.15_16.20_,1099_2277_4815_2718_4238_,15.95_15.90_15.85_15.80_15.75_,1211_1249_1353_1120_561_
10:03:02,16.00,10,39258,16.00_16.05_16.10_16.15_16.20_,1115_2279_4815_2708_4358_,15.95_15.90_15.85_15.80_15.75_,1221_1249_1353_1120_561_
10:03:07,16.00,1,39259,16.00_16.05_16.10_16.15_16.20_,1134_2278_4820_2709_4358_,15.95_15.90_15.85_15.80_15.75_,1221_1249_1363_1120_561_
10:03:12,16.00,10,39269,16.00_16.05_16.10_16.15_16.20_,1136_2278_4823_2709_4359_,15.95_15.90_15.85_15.80_15.75_,1221_1250_1363_1120_561_
10:03:17,16.00,10,39279,16.00_16.05_16.10_16.15_16.20_,1126_2278_4826_2709_4379_,15.95_15.90_15.85_15.80_15.75_,1216_1250_1353_1120_561_
10:03:22,16.00,18,39297,16.00_16.05_16.10_16.15_16.20_,1063_2278_4826_2759_4379_,15.95_15.90_15.85_15.80_15.75_,1226_1250_1353_1120_561_
10:03:27,16.00,10,39307,16.00_16.05_16.10_16.15_16.20_,1103_2278_4826_2759_4381_,15.95_15.90_15.85_15.80_15.75_,1226_1250_1353_1120_561_
10:03:33,16.00,10,39317,16.00_16.05_16.10_16.15_16.20_,1108_2278_4826_2756_4381_,15.95_15.90_15.85_15.80_15.75_,1226_1250_1353_1120_561_
10:03:38,16.00,10,39327,16.00_16.05_16.10_16.15_16.20_,1101_2278_4826_2756_4381_,15.95_15.90_15.85_15.80_15.75_,1226_1250_1353_1120_561_
10:03:43,16.00,12,39339,16.00_16.05_16.10_16.15_16.20_,1093_2278_4826_2756_4381_,15.95_15.90_15.85_15.80_15.75_,1226_1250_1353_1120_561_
10:03:48,16.00,1,39340,16.00_16.05_16.10_16.15_16.20_,1095_2279_4826_2756_4381_,15.95_15.90_15.85_15.80_15.75_,1226_1250_1353_1122_561_
10:03:53,16.00,1,39340,16.00_16.05_16.10_16.15_16.20_,1097_2279_4826_2756_4381_,15.95_15.90_15.85_15.80_15.75_,1226_1250_1353_1122_561_
10:03:58,16.00,1,39340,16.00_16.05_16.10_16.15_16.20_,1100_2279_4826_2757_4381_,15.95_15.90_15.85_15.80_15.75_,1226_1250_1353_1122_561_
10:04:03,16.00,1,39340,16.00_16.05_16.10_16.15_16.20_,1102_2279_4826_2757_4381_,15.95_15.90_15.85_15.80_15.75_,1228_1250_1353_1122_561_
10:04:09,16.00,1,39340,16.00_16.05_16.10_16.15_16.20_,1102_2283_4826_2757_4381_,15.95_15.90_15.85_15.80_15.75_,1230_1250_1353_1122_561_
10:04:14,15.95,220,39560,16.00_16.05_16.10_16.15_16.20_,1317_2283_4826_2757_4381_,15.95_15.90_15.85_15.80_15.75_,1010_1250_1353_1122_561_
10:04:19,15.95,1,39561,16.00_16.05_16.10_16.15_16.20_,1373_2283_4640_2892_4383_,15.95_15.90_15.85_15.80_15.75_,1023_1248_1354_1122_561_
10:04:24,15.95,1,39561,16.00_16.05_16.10_16.15_16.20_,1167_2283_4640_2892_4395_,15.95_15.90_15.85_15.80_15.75_,1023_1248_1354_1122_561_
10:04:29,15.95,5,39566,16.00_16.05_16.10_16.15_16.20_,1183_2284_4640_2892_4377_,15.95_15.90_15.85_15.80_15.75_,1020_1253_1354_1121_561_
10:04:34,16.00,1,39567,16.00_16.05_16.10_16.15_16.20_,1234_2284_4644_2882_4377_,15.95_15.90_15.85_15.80_15.75_,1020_1253_1349_1121_566_
10:04:39,16.00,2,39569,16.00_16.05_16.10_16.15_16.20_,1157_2264_4830_2746_4377_,15.95_15.90_15.85_15.80_15.75_,1052_1253_1349_1121_566_
10:04:45,16.00,1,39570,16.00_16.05_16.10_16.15_16.20_,1223_2264_4830_2746_4497_,15.95_15.90_15.85_15.80_15.75_,1057_1252_1349_1121_566_
10:04:50,15.95,7,39577,16.00_16.05_16.10_16.15_16.20_,1323_2264_4830_2746_4499_,15.95_15.90_15.85_15.80_15.75_,1050_1252_1349_1121_568_
10:04:55,15.95,7,39584,16.00_16.05_16.10_16.15_16.20_,1319_2284_4643_2931_4499_,15.95_15.90_15.85_15.80_15.75_,1043_1252_1349_1121_568_
10:05:00,15.95,7,39584,16.00_16.05_16.10_16.15_16.20_,1318_2284_4643_2931_4519_,15.95_15.90_15.85_15.80_15.75_,1043_1252_1349_1121_568_
10:05:05,15.95,30,39614,16.00_16.05_16.10_16.15_16.20_,1321_2283_4643_2931_4519_,15.95_15.90_15.85_15.80_15.75_,1013_1252_1349_1122_568_
10:05:10,15.95,30,39614,16.00_16.05_16.10_16.15_16.20_,1320_2362_4644_2929_4519_,15.95_15.90_15.85_15.80_15.75_,1013_1256_1349_1122_568_
10:05:15,15.95,17,39631,16.00_16.05_16.10_16.15_16.20_,1331_2371_4644_2929_4519_,15.95_15.90_15.85_15.80_15.75_,1002_1256_1349_1122_568_
10:05:21,16.00,1,39632,16.00_16.05_16.10_16.15_16.20_,1341_2372_4644_2929_4521_,15.95_15.90_15.85_15.80_15.75_,997_1256_1349_1122_568_
10:05:26,16.00,2,39634,16.00_16.05_16.10_16.15_16.20_,1341_2372_4830_2743_4521_,15.95_15.90_15.85_15.80_15.75_,997_1256_1349_1122_568_
10:05:31,16.00,2,39634,16.00_16.05_16.10_16.15_16.20_,1341_2372_4835_2743_4521_,15.95_15.90_15.85_15.80_15.75_,997_1246_1354_1122_568_
10:05:36,15.95,10,39644,16.00_16.05_16.10_16.15_16.20_,1342_2372_4835_2743_4526_,15.95_15.90_15.85_15.80_15.75_,987_1246_1354_1122_568_
10:05:41,16.00,2,39646,16.00_16.05_16.10_16.15_16.20_,1347_2372_4648_2929_4528_,15.95_15.90_15.85_15.80_15.75_,988_1246_1354_1122_568_
10:05:46,15.95,2,39648,16.00_16.05_16.10_16.15_16.20_,1347_2372_4834_2743_4532_,15.95_15.90_15.85_15.80_15.75_,986_1246_1354_1122_568_
10:05:51,15.95,11,39659,16.00_16.05_16.10_16.15_16.20_,1362_2372_4649_2929_4532_,15.95_15.90_15.85_15.80_15.75_,976_1246_1354_1122_568_
10:05:56,16.00,5,39664,16.00_16.05_16.10_16.15_16.20_,1363_2372_4650_2929_4533_,15.95_15.90_15.85_15.80_15.75_,976_1244_1354_1122_568_
10:06:02,15.95,2,39666,16.00_16.05_16.10_16.15_16.20_,1363_2372_4856_2743_4533_,15.95_15.90_15.85_15.80_15.75_,974_1250_1354_1122_568_
10:06:07,15.95,1,39667,16.00_16.05_16.10_16.15_16.20_,1373_2367_4670_2929_4533_,15.95_15.90_15.85_15.80_15.75_,974_1250_1354_1122_568_
10:06:12,15.95,4,39671,16.00_16.05_16.10_16.15_16.20_,1374_2367_4660_2929_4534_,15.95_15.90_15.85_15.80_15.75_,950_1250_1354_1122_568_
10:06:17,15.95,4,39671,16.00_16.05_16.10_16.15_16.20_,1385_2367_4660_2904_4534_,15.95_15.90_15.85_15.80_15.75_,951_1250_1354_1133_568_
10:06:22,15.95,3,39674,16.00_16.05_16.10_16.15_16.20_,1387_2387_4667_2904_4534_,15.95_15.90_15.85_15.80_15.75_,948_1241_1356_1133_568_
10:06:27,15.95,3,39674,16.00_16.05_16.10_16.15_16.20_,1407_2387_4667_2904_4534_,15.95_15.90_15.85_15.80_15.75_,949_1241_1359_1133_568_
10:06:32,15.95,3,39674,16.00_16.05_16.10_16.15_16.20_,1427_2387_4667_2904_4534_,15.95_15.90_15.85_15.80_15.75_,949_1243_1359_1133_568_
10:06:38,15.95,3,39674,16.00_16.05_16.10_16.15_16.20_,1457_2387_4668_2904_4534_,15.95_15.90_15.85_15.80_15.75_,950_1243_1359_1133_568_
10:06:43,15.95,20,39694,16.00_16.05_16.10_16.15_16.20_,1460_2387_4668_2904_4535_,15.95_15.90_15.85_15.80_15.75_,931_1237_1359_1138_568_
10:06:48,15.95,2,39696,16.00_16.05_16.10_16.15_16.20_,1456_2387_4668_2904_4535_,15.95_15.90_15.85_15.80_15.75_,930_1237_1359_1138_568_
10:06:53,16.00,71,39767,16.00_16.05_16.10_16.15_16.20_,1394_2387_4668_2904_4535_,15.95_15.90_15.85_15.80_15.75_,891_1236_1359_1141_568_
10:06:58,15.95,1,39768,16.00_16.05_16.10_16.15_16.20_,1396_2412_4854_2718_4535_,15.95_15.90_15.85_15.80_15.75_,892_1236_1359_1141_568_
10:07:03,15.95,1,39768,16.00_16.05_16.10_16.15_16.20_,1398_2412_4718_2904_4540_,15.95_15.90_15.85_15.80_15.75_,892_1237_1359_1141_568_
10:07:08,15.95,1,39769,16.00_16.05_16.10_16.15_16.20_,1397_2412_4718_2904_4540_,15.95_15.90_15.85_15.80_15.75_,891_1239_1359_1141_568_
10:07:13,15.95,1,39770,16.00_16.05_16.10_16.15_16.20_,1397_2414_4718_2904_4540_,15.95_15.90_15.85_15.80_15.75_,894_1233_1359_1141_568_
10:07:19,15.95,1,39770,16.00_16.05_16.10_16.15_16.20_,1401_2414_4718_2904_4540_,15.95_15.90_15.85_15.80_15.75_,894_1236_1359_1141_568_
10:07:24,15.95,12,39782,16.00_16.05_16.10_16.15_16.20_,1405_2413_4718_2904_4540_,15.95_15.90_15.85_15.80_15.75_,882_1239_1358_1141_568_
10:07:29,15.95,6,39788,16.00_16.05_16.10_16.15_16.20_,1426_2412_4718_2904_4540_,15.95_15.90_15.85_15.80_15.75_,876_1239_1358_1143_568_
10:07:34,15.95,6,39788,16.00_16.05_16.10_16.15_16.20_,1439_2410_4720_2904_4540_,15.95_15.90_15.85_15.80_15.75_,876_1239_1359_1143_568_
10:07:39,15.95,1,39789,16.00_16.05_16.10_16.15_16.20_,1439_2410_4720_2904_4550_,15.95_15.90_15.85_15.80_15.75_,876_1239_1357_1141_568_
10:07:44,15.95,4,39793,16.00_16.05_16.10_16.15_16.20_,1456_2410_4723_2898_4552_,15.95_15.90_15.85_15.80_15.75_,871_1239_1357_1141_573_
10:07:49,15.95,2,39795,16.00_16.05_16.10_16.15_16.20_,1456_2410_4721_2898_4552_,15.95_15.90_15.85_15.80_15.75_,869_1239_1357_1141_573_
10:07:54,15.95,6,39801,16.00_16.05_16.10_16.15_16.20_,1564_2302_4716_2898_4547_,15.95_15.90_15.85_15.80_15.75_,863_1239_1357_1141_573_
10:08:00,16.00,10,39811,16.00_16.05_16.10_16.15_16.20_,1559_2305_4716_2898_4547_,15.95_15.90_15.85_15.80_15.75_,813_1239_1357_1141_573_
10:08:05,15.95,25,39836,16.00_16.05_16.10_16.15_16.20_,1574_2305_4902_2712_4547_,15.95_15.90_15.85_15.80_15.75_,791_1239_1357_1141_573_
10:08:10,15.95,5,39841,16.00_16.05_16.10_16.15_16.20_,1578_2305_4721_2898_4547_,15.95_15.90_15.85_15.80_15.75_,776_1239_1357_1141_573_
10:08:15,15.95,5,39841,16.00_16.05_16.10_16.15_16.20_,1585_2305_4721_2898_4546_,15.95_15.90_15.85_15.80_15.75_,836_1239_1357_1151_573_
10:08:20,15.95,10,39851,16.00_16.05_16.10_16.15_16.20_,1587_2305_4721_2898_4546_,15.95_15.90_15.85_15.80_15.75_,842_1239_1357_1151_573_
10:08:25,16.00,1,39852,16.00_16.05_16.10_16.15_16.20_,1620_2305_4721_2898_4538_,15.95_15.90_15.85_15.80_15.75_,842_1239_1357_1151_573_
10:08:30,15.95,15,39867,16.00_16.05_16.10_16.15_16.20_,1622_2306_4909_2712_4533_,15.95_15.90_15.85_15.80_15.75_,827_1239_1357_1151_573_
10:08:36,15.95,5,39872,16.00_16.05_16.10_16.15_16.20_,1597_2306_4723_2898_4533_,15.95_15.90_15.85_15.80_15.75_,822_1246_1357_1151_573_
10:08:41,15.95,5,39877,16.00_16.05_16.10_16.15_16.20_,1682_2306_4723_2898_4533_,15.95_15.90_15.85_15.80_15.75_,817_1246_1357_1151_573_
10:08:46,15.95,5,39882,16.00_16.05_16.10_16.15_16.20_,1738_2306_4719_2848_4523_,15.95_15.90_15.85_15.80_15.75_,812_1246_1357_1151_573_
10:08:51,15.95,32,39914,16.00_16.05_16.10_16.15_16.20_,1713_2306_4716_2848_4523_,15.95_15.90_15.85_15.80_15.75_,780_1246_1357_1151_573_
10:08:56,15.95,2,39916,16.00_16.05_16.10_16.15_16.20_,1714_2296_4716_2848_4523_,15.95_15.90_15.85_15.80_15.75_,778_1246_1357_1151_573_
10:09:01,15.95,5,39921,16.00_16.05_16.10_16.15_16.20_,1733_2295_4716_2848_4524_,15.95_15.90_15.85_15.80_15.75_,774_1246_1357_1151_573_
10:09:06,15.95,7,39928,16.00_16.05_16.10_16.15_16.20_,1736_2299_4736_2848_4534_,15.95_15.90_15.85_15.80_15.75_,767_1246_1357_1151_573_
10:09:11,15.95,5,39933,16.00_16.05_16.10_16.15_16.20_,1737_2298_4736_2848_4554_,15.95_15.90_15.85_15.80_15.75_,763_1242_1357_1161_573_
10:09:16,15.95,150,40083,16.00_16.05_16.10_16.15_16.20_,1751_2298_4586_2848_4554_,15.95_15.90_15.85_15.80_15.75_,612_1243_1357_1151_573_
10:09:22,15.95,1,40084,16.00_16.05_16.10_16.15_16.20_,1767_2298_4586_2848_4554_,15.95_15.90_15.85_15.80_15.75_,629_1253_1361_1151_573_
10:09:27,15.95,39,40123,16.00_16.05_16.10_16.15_16.20_,1767_2298_4595_2848_4557_,15.95_15.90_15.85_15.80_15.75_,590_1253_1361_1151_573_
10:09:32,15.95,11,40134,16.00_16.05_16.10_16.15_16.20_,1759_2298_4595_2848_4558_,15.95_15.90_15.85_15.80_15.75_,578_1253_1361_1151_573_
10:09:37,15.95,11,40145,16.00_16.05_16.10_16.15_16.20_,1764_2298_4595_2848_4558_,15.95_15.90_15.85_15.80_15.75_,565_1253_1361_1151_574_
10:09:42,15.95,4,40149,16.00_16.05_16.10_16.15_16.20_,1766_2298_4597_2848_4559_,15.95_15.90_15.85_15.80_15.75_,566_1253_1361_1151_574_
10:09:47,15.95,15,40164,16.00_16.05_16.10_16.15_16.20_,1761_2299_4597_2848_4569_,15.95_15.90_15.85_15.80_15.75_,552_1254_1361_1151_574_
10:09:52,15.95,66,40230,16.00_16.05_16.10_16.15_16.20_,1761_2298_4592_2848_4569_,15.95_15.90_15.85_15.80_15.75_,486_1254_1361_1151_574_
10:09:57,15.95,26,40256,16.00_16.05_16.10_16.15_16.20_,1758_2298_4593_2848_4574_,15.95_15.90_15.85_15.80_15.75_,463_1261_1358_1151_574_
10:10:03,15.95,240,40496,16.00_16.05_16.10_16.15_16.20_,1981_2298_4588_2838_4574_,15.95_15.90_15.85_15.80_15.75_,232_1263_1358_1151_574_
10:10:08,15.95,121,40617,16.00_16.05_16.10_16.15_16.20_,1986_2293_4588_2848_4574_,15.95_15.90_15.85_15.80_15.75_,126_1257_1353_1151_574_
10:10:13,15.95,46,40663,16.00_16.05_16.10_16.15_16.20_,1762_2293_4588_2848_4574_,15.95_15.90_15.85_15.80_15.75_,92_1212_1408_1151_574_
10:10:18,15.95,42,40705,16.00_16.05_16.10_16.15_16.20_,1766_2293_4588_2847_4574_,15.95_15.90_15.85_15.80_15.75_,75_1227_1408_1151_574_
10:10:23,15.95,9,40714,16.00_16.05_16.10_16.15_16.20_,1785_2293_4588_2847_4574_,15.95_15.90_15.85_15.80_15.75_,83_1237_1408_1150_574_
10:10:28,15.95,32,40746,16.00_16.05_16.10_16.15_16.20_,1790_2293_4588_2847_4574_,15.95_15.90_15.85_15.80_15.75_,51_1237_1408_1150_574_
10:10:33,15.95,8,40754,16.00_16.05_16.10_16.15_16.20_,1790_2313_4588_2847_4574_,15.95_15.90_15.85_15.80_15.75_,72_1231_1405_1150_574_
10:10:38,15.95,16,40770,16.00_16.05_16.10_16.15_16.20_,1802_2313_4588_2847_4572_,15.95_15.90_15.85_15.80_15.75_,69_1231_1405_1150_574_
10:10:44,15.95,1,40771,16.00_16.05_16.10_16.15_16.20_,1801_2313_4588_2847_4572_,15.95_15.90_15.85_15.80_15.75_,64_1231_1405_1150_575_
10:10:49,15.95,15,40786,16.00_16.05_16.10_16.15_16.20_,1796_2313_4588_2847_4572_,15.95_15.90_15.85_15.80_15.75_,49_1231_1405_1150_575_
10:10:54,15.95,13,40799,16.00_16.05_16.10_16.15_16.20_,1792_2313_4583_2847_4572_,15.95_15.90_15.85_15.80_15.75_,28_1231_1405_1150_580_
10:10:59,15.95,10,40809,16.00_16.05_16.10_16.15_16.20_,1798_2313_4583_2847_4575_,15.95_15.90_15.85_15.80_15.75_,23_1217_1405_1200_580_
10:11:04,15.95,7,40816,16.00_16.05_16.10_16.15_16.20_,1794_2313_4583_2847_4575_,15.95_15.90_15.85_15.80_15.75_,15_1218_1405_1200_580_
10:11:09,15.95,7,40823,16.00_16.05_16.10_16.15_16.20_,1745_2303_4578_2897_4575_,15.95_15.90_15.85_15.80_15.75_,10_1222_1402_1200_580_
10:11:14,15.95,7,40823,16.00_16.05_16.10_16.15_16.20_,1661_2303_4578_2897_4575_,15.95_15.90_15.85_15.80_15.75_,15_1222_1402_1200_580_
10:11:19,15.95,70,40893,16.00_16.05_16.10_16.15_16.20_,1795_2303_4578_2897_4576_,15.95_15.90_15.85_15.80_15.75_,46_1223_1402_1200_580_
10:11:25,16.00,1,40894,16.00_16.05_16.10_16.15_16.20_,1795_2303_4578_2897_4576_,15.95_15.90_15.85_15.80_15.75_,70_1223_1404_1200_580_
10:11:30,16.00,1,40894,16.00_16.05_16.10_16.15_16.20_,1795_2303_4764_2711_4576_,15.95_15.90_15.85_15.80_15.75_,83_1233_1404_1200_580_
10:11:35,15.95,19,40913,16.00_16.05_16.10_16.15_16.20_,1799_2303_4764_2711_4576_,15.95_15.90_15.85_15.80_15.75_,61_1237_1404_1200_580_
10:11:40,15.95,19,40913,16.00_16.05_16.10_16.15_16.20_,1809_2303_4578_2897_4576_,15.95_15.90_15.85_15.80_15.75_,115_1229_1404_1200_580_
10:11:45,15.95,74,40987,16.00_16.05_16.10_16.15_16.20_,1796_2302_4578_2897_4576_,15.95_15.90_15.85_15.80_15.75_,42_1229_1404_1250_580_
10:11:50,15.95,9,40996,16.00_16.05_16.10_16.15_16.20_,1786_2302_4578_2897_4576_,15.95_15.90_15.85_15.80_15.75_,133_1227_1404_1249_580_
10:11:55,15.95,50,41046,16.00_16.05_16.10_16.15_16.20_,1782_2302_4578_2907_4575_,15.95_15.90_15.85_15.80_15.75_,297_1227_1404_1249_600_
10:12:00,15.95,2,41048,16.00_16.05_16.10_16.15_16.20_,1775_2302_4578_2907_4575_,15.95_15.90_15.85_15.80_15.75_,295_1227_1404_1249_600_
10:12:06,15.95,10,41058,16.00_16.05_16.10_16.15_16.20_,1782_2302_4572_2907_4575_,15.95_15.90_15.85_15.80_15.75_,290_1227_1404_1249_600_
10:12:11,15.95,4,41062,16.00_16.05_16.10_16.15_16.20_,1784_2303_4572_2907_4585_,15.95_15.90_15.85_15.80_15.75_,307_1207_1404_1250_600_
10:12:16,16.00,2,41064,16.00_16.05_16.10_16.15_16.20_,1782_2303_4572_2907_4590_,15.95_15.90_15.85_15.80_15.75_,308_1207_1404_1251_600_
10:12:21,16.00,2,41064,16.00_16.05_16.10_16.15_16.20_,1778_2303_4758_2721_4590_,15.95_15.90_15.85_15.80_15.75_,331_1207_1404_1251_601_
10:12:26,16.00,7,41071,16.00_16.05_16.10_16.15_16.20_,1773_2304_4758_2719_4590_,15.95_15.90_15.85_15.80_15.75_,336_1207_1404_1251_601_
10:12:31,16.00,7,41071,16.00_16.05_16.10_16.15_16.20_,1778_2304_4758_2719_4590_,15.95_15.90_15.85_15.80_15.75_,351_1207_1404_1251_601_
10:12:36,16.00,7,41071,16.00_16.05_16.10_16.15_16.20_,1780_2304_4758_2719_4590_,15.95_15.90_15.85_15.80_15.75_,354_1207_1404_1251_601_
10:12:41,15.95,2,41073,16.00_16.05_16.10_16.15_16.20_,1780_2304_4758_2719_4590_,15.95_15.90_15.85_15.80_15.75_,357_1217_1404_1253_601_
10:12:47,15.95,7,41080,16.00_16.05_16.10_16.15_16.20_,1777_2306_4572_2905_4590_,15.95_15.90_15.85_15.80_15.75_,350_1217_1404_1253_601_
10:12:52,15.95,1,41081,16.00_16.05_16.10_16.15_16.20_,1776_2306_4572_2905_4590_,15.95_15.90_15.85_15.80_15.75_,349_1217_1404_1253_601_
10:12:57,15.95,5,41086,16.00_16.05_16.10_16.15_16.20_,1776_2316_4572_2905_4590_,15.95_15.90_15.85_15.80_15.75_,346_1217_1404_1253_601_
10:13:02,15.95,1,41087,16.00_16.05_16.10_16.15_16.20_,1767_2315_4572_2905_4589_,15.95_15.90_15.85_15.80_15.75_,347_1216_1404_1253_601_
10:13:07,15.95,1,41087,16.00_16.05_16.10_16.15_16.20_,1767_2310_4572_2905_4591_,15.95_15.90_15.85_15.80_15.75_,358_1416_1404_1253_601_
10:13:12,15.95,36,41123,16.00_16.05_16.10_16.15_16.20_,1767_2307_4572_2905_4591_,15.95_15.90_15.85_15.80_15.75_,328_1412_1404_1253_601_
10:13:17,15.95,19,41142,16.00_16.05_16.10_16.15_16.20_,1771_2307_4572_2915_4591_,15.95_15.90_15.85_15.80_15.75_,360_1421_1404_1253_601_
10:13:23,15.95,6,41148,16.00_16.05_16.10_16.15_16.20_,1823_2307_4572_2915_4541_,15.95_15.90_15.85_15.80_15.75_,368_1421_1404_1253_601_
10:13:28,15.95,27,41175,16.00_16.05_16.10_16.15_16.20_,1858_2307_4572_2915_4541_,15.95_15.90_15.85_15.80_15.75_,343_1461_1404_1253_601_
10:13:33,15.95,7,41182,16.00_16.05_16.10_16.15_16.20_,1859_2307_4572_2915_4541_,15.95_15.90_15.85_15.80_15.75_,348_1461_1404_1253_601_
10:13:38,15.95,7,41182,16.00_16.05_16.10_16.15_16.20_,1859_2307_4572_2915_4546_,15.95_15.90_15.85_15.80_15.75_,348_1461_1404_1253_601_
10:13:43,15.95,14,41196,16.00_16.05_16.10_16.15_16.20_,1829_2307_4572_2918_4546_,15.95_15.90_15.85_15.80_15.75_,334_1461_1404_1253_601_
10:13:48,15.95,5,41201,16.00_16.05_16.10_16.15_16.20_,1830_2307_4572_2918_4546_,15.95_15.90_15.85_15.80_15.75_,331_1471_1404_1254_611_
10:13:53,15.95,6,41207,16.00_16.05_16.10_16.15_16.20_,1829_2308_4572_2918_4546_,15.95_15.90_15.85_15.80_15.75_,325_1471_1404_1260_611_
10:13:59,15.95,1,41208,16.00_16.05_16.10_16.15_16.20_,1824_2308_4672_2918_4546_,15.95_15.90_15.85_15.80_15.75_,325_1471_1405_1260_611_
10:14:04,15.95,1,41208,16.00_16.05_16.10_16.15_16.20_,1824_2306_4672_2918_4551_,15.95_15.90_15.85_15.80_15.75_,325_1471_1405_1260_611_
10:14:09,15.95,3,41211,16.00_16.05_16.10_16.15_16.20_,1838_2306_4672_2918_4551_,15.95_15.90_15.85_15.80_15.75_,322_1473_1405_1260_611_
10:14:14,15.95,5,41216,16.00_16.05_16.10_16.15_16.20_,1835_2308_4672_2918_4551_,15.95_15.90_15.85_15.80_15.75_,317_1473_1405_1260_611_
10:14:19,15.95,5,41216,16.00_16.05_16.10_16.15_16.20_,1836_2308_4672_2918_4551_,15.95_15.90_15.85_15.80_15.75_,339_1473_1405_1259_611_
10:14:24,15.95,42,41258,16.00_16.05_16.10_16.15_16.20_,1795_2308_4671_2918_4551_,15.95_15.90_15.85_15.80_15.75_,296_1478_1405_1259_611_
10:14:29,15.95,1,41259,16.00_16.05_16.10_16.15_16.20_,1841_2308_4671_2928_4551_,15.95_15.90_15.85_15.80_15.75_,295_1478_1405_1259_611_
10:14:35,15.95,1,41259,16.00_16.05_16.10_16.15_16.20_,1855_2308_4671_2928_4551_,15.95_15.90_15.85_15.80_15.75_,295_1478_1405_1262_611_
10:14:40,15.95,1,41259,16.00_16.05_16.10_16.15_16.20_,1897_2308_4671_2928_4551_,15.95_15.90_15.85_15.80_15.75_,295_1476_1405_1262_611_
10:14:45,15.95,32,41291,16.00_16.05_16.10_16.15_16.20_,1897_2308_4671_2928_4551_,15.95_15.90_15.85_15.80_15.75_,269_1476_1405_1260_611_
10:14:50,15.95,32,41291,16.00_16.05_16.10_16.15_16.20_,1900_2308_4671_2931_4551_,15.95_15.90_15.85_15.80_15.75_,269_1476_1406_1260_611_
10:14:55,15.95,8,41299,16.00_16.05_16.10_16.15_16.20_,1902_2308_4671_2931_4551_,15.95_15.90_15.85_15.80_15.75_,264_1506_1411_1260_611_
10:15:00,15.95,4,41303,16.00_16.05_16.10_16.15_16.20_,1903_2308_4671_2931_4552_,15.95_15.90_15.85_15.80_15.75_,266_1506_1411_1260_613_
10:15:05,15.95,2,41305,16.00_16.05_16.10_16.15_16.20_,1903_2309_4671_2931_4554_,15.95_15.90_15.85_15.80_15.75_,274_1506_1411_1260_613_
10:15:11,16.00,1,41306,16.00_16.05_16.10_16.15_16.20_,1904_2309_4671_2931_4554_,15.95_15.90_15.85_15.80_15.75_,301_1527_1424_1260_613_
10:15:16,16.00,1,41306,16.00_16.05_16.10_16.15_16.20_,2002_2309_4857_2745_4554_,15.95_15.90_15.85_15.80_15.75_,301_1527_1424_1260_613_
10:15:21,16.00,1,41306,16.00_16.05_16.10_16.15_16.20_,2004_2309_4857_2745_4554_,15.95_15.90_15.85_15.80_15.75_,302_1527_1425_1260_613_
10:15:26,15.95,12,41318,16.00_16.05_16.10_16.15_16.20_,2000_2310_4858_2746_4554_,15.95_15.90_15.85_15.80_15.75_,327_1527_1425_1260_613_
10:15:31,16.00,10,41328,16.00_16.05_16.10_16.15_16.20_,1994_2310_4672_2932_4554_,15.95_15.90_15.85_15.80_15.75_,328_1527_1425_1260_613_
10:15:36,16.00,3,41331,16.00_16.05_16.10_16.15_16.20_,1994_2309_4858_2746_4554_,15.95_15.90_15.85_15.80_15.75_,433_1527_1425_1260_613_
10:15:41,16.00,3,41331,16.00_16.05_16.10_16.15_16.20_,2016_2309_4858_2746_4554_,15.95_15.90_15.85_15.80_15.75_,457_1527_1425_1260_613_
10:15:47,15.95,4,41335,16.00_16.05_16.10_16.15_16.20_,2039_2309_4855_2746_4560_,15.95_15.90_15.85_15.80_15.75_,463_1527_1425_1260_613_
10:15:52,15.95,10,41345,16.00_16.05_16.10_16.15_16.20_,2056_2309_4669_2932_4560_,15.95_15.90_15.85_15.80_15.75_,454_1527_1425_1260_613_
10:15:57,15.95,1,41346,16.00_16.05_16.10_16.15_16.20_,2054_2309_4670_2932_4560_,15.95_15.90_15.85_15.80_15.75_,473_1537_1425_1260_613_
10:16:02,15.95,1,41346,16.00_16.05_16.10_16.15_16.20_,2057_2314_4672_2932_4560_,15.95_15.90_15.85_15.80_15.75_,478_1534_1425_1260_613_
10:16:07,15.95,2,41348,16.00_16.05_16.10_16.15_16.20_,2057_2314_4672_2932_4560_,15.95_15.90_15.85_15.80_15.75_,476_1534_1425_1260_613_
10:16:12,16.00,2,41350,16.00_16.05_16.10_16.15_16.20_,2056_2314_4672_2937_4560_,15.95_15.90_15.85_15.80_15.75_,476_1534_1425_1260_613_
10:16:17,16.00,2,41350,16.00_16.05_16.10_16.15_16.20_,2057_2314_4858_2752_4560_,15.95_15.90_15.85_15.80_15.75_,476_1534_1425_1260_613_
10:16:22,15.95,1,41351,16.00_16.05_16.10_16.15_16.20_,2060_2314_4858_2712_4560_,15.95_15.90_15.85_15.80_15.75_,465_1534_1425_1261_618_
10:16:28,15.95,1,41351,16.00_16.05_16.10_16.15_16.20_,2061_2314_4672_2898_4562_,15.95_15.90_15.85_15.80_15.75_,465_1534_1425_1261_618_
10:16:33,15.95,9,41360,16.00_16.05_16.10_16.15_16.20_,2057_2314_4672_2898_4562_,15.95_15.90_15.85_15.80_15.75_,456_1535_1426_1261_618_
10:16:38,15.95,15,41375,16.00_16.05_16.10_16.15_16.20_,2058_2314_4672_2898_4568_,15.95_15.90_15.85_15.80_15.75_,441_1535_1426_1261_618_
10:16:43,15.95,1,41376,16.00_16.05_16.10_16.15_16.20_,2055_2314_4672_2898_4568_,15.95_15.90_15.85_15.80_15.75_,440_1535_1426_1261_618_
10:16:48,15.95,13,41389,16.00_16.05_16.10_16.15_16.20_,2055_2313_4672_2898_4568_,15.95_15.90_15.85_15.80_15.75_,437_1535_1426_1261_618_
10:16:53,16.00,11,41400,16.00_16.05_16.10_16.15_16.20_,2041_2314_4672_2898_4568_,15.95_15.90_15.85_15.80_15.75_,468_1535_1426_1261_618_
10:16:58,15.95,2,41402,16.00_16.05_16.10_16.15_16.20_,2044_2314_4858_2712_4568_,15.95_15.90_15.85_15.80_15.75_,479_1540_1426_1261_618_
10:17:04,15.95,2,41404,16.00_16.05_16.10_16.15_16.20_,2063_2314_4682_2898_4568_,15.95_15.90_15.85_15.80_15.75_,524_1540_1426_1261_618_
10:17:09,15.95,7,41411,16.00_16.05_16.10_16.15_16.20_,2061_2314_4682_2896_4568_,15.95_15.90_15.85_15.80_15.75_,530_1526_1425_1261_618_
10:17:14,15.95,7,41411,16.00_16.05_16.10_16.15_16.20_,2061_2314_4683_2896_4568_,15.95_15.90_15.85_15.80_15.75_,589_1526_1425_1261_618_
10:17:19,15.95,2,41413,16.00_16.05_16.10_16.15_16.20_,2063_2294_4683_2896_4568_,15.95_15.90_15.85_15.80_15.75_,592_1616_1425_1261_618_
10:17:24,16.00,2,41415,16.00_16.05_16.10_16.15_16.20_,2064_2294_4683_2896_4570_,15.95_15.90_15.85_15.80_15.75_,599_1616_1525_1261_618_
10:17:29,16.00,10,41425,16.00_16.05_16.10_16.15_16.20_,2057_2292_4869_2710_4570_,15.95_15.90_15.85_15.80_15.75_,600_1616_1524_1361_618_
10:17:34,15.95,1,41426,16.00_16.05_16.10_16.15_16.20_,2062_2293_4871_2710_4570_,15.95_15.90_15.85_15.80_15.75_,604_1616_1524_1361_618_
10:17:39,15.95,1,41426,16.00_16.05_16.10_16.15_16.20_,2062_2293_4688_2896_4570_,15.95_15.90_15.85_15.80_15.75_,604_1616_1524_1361_618_
10:17:45,15.95,15,41441,16.00_16.05_16.10_16.15_16.20_,2062_2293_4688_2896_4570_,15.95_15.90_15.85_15.80_15.75_,589_1616_1524_1361_618_
10:17:50,15.95,4,41445,16.00_16.05_16.10_16.15_16.20_,2059_2296_4688_2896_4570_,15.95_15.90_15.85_15.80_15.75_,657_1620_1524_1362_618_
10:17:55,15.95,18,41463,16.00_16.05_16.10_16.15_16.20_,2050_2286_4688_2896_4572_,15.95_15.90_15.85_15.80_15.75_,639_1620_1524_1362_618_
10:18:00,15.95,18,41463,16.00_16.05_16.10_16.15_16.20_,2065_2271_4687_2896_4574_,15.95_15.90_15.85_15.80_15.75_,639_1620_1524_1362_618_
10:18:05,16.00,16,41479,16.00_16.05_16.10_16.15_16.20_,2060_2271_4687_2896_4574_,15.95_15.90_15.85_15.80_15.75_,640_1620_1524_1362_618_
10:18:10,16.00,1,41480,16.00_16.05_16.10_16.15_16.20_,2060_2272_4873_2710_4574_,15.95_15.90_15.85_15.80_15.75_,650_1620_1524_1362_618_
10:18:15,15.95,4,41484,16.00_16.05_16.10_16.15_16.20_,2145_2272_4873_2710_4574_,15.95_15.90_15.85_15.80_15.75_,646_1620_1524_1362_618_
10:18:21,15.95,13,41497,16.00_16.05_16.10_16.15_16.20_,2136_2272_4687_2896_4574_,15.95_15.90_15.85_15.80_15.75_,633_1620_1524_1362_618_
10:18:26,15.95,13,41497,16.00_16.05_16.10_16.15_16.20_,2138_2272_4687_2897_4574_,15.95_15.90_15.85_15.80_15.75_,654_1618_1524_1362_618_
10:18:31,15.95,13,41497,16.00_16.05_16.10_16.15_16.20_,2136_2270_4687_2897_4574_,15.95_15.90_15.85_15.80_15.75_,654_1618_1524_1362_618_
10:18:36,15.95,13,41497,16.00_16.05_16.10_16.15_16.20_,2153_2270_4687_2897_4574_,15.95_15.90_15.85_15.80_15.75_,654_1618_1524_1362_618_
10:18:41,15.95,13,41497,16.00_16.05_16.10_16.15_16.20_,2154_2270_4687_2897_4574_,15.95_15.90_15.85_15.80_15.75_,654_1618_1524_1362_638_
10:18:46,15.95,13,41497,16.00_16.05_16.10_16.15_16.20_,2159_2270_4687_2897_4574_,15.95_15.90_15.85_15.80_15.75_,654_1618_1524_1362_638_
10:18:51,15.95,30,41527,16.00_16.05_16.10_16.15_16.20_,2159_2270_4687_2897_4576_,15.95_15.90_15.85_15.80_15.75_,624_1618_1524_1362_638_
10:18:56,15.95,16,41543,16.00_16.05_16.10_16.15_16.20_,2170_2270_4687_2897_4577_,15.95_15.90_15.85_15.80_15.75_,627_1619_1524_1362_638_
10:19:01,16.00,20,41563,16.00_16.05_16.10_16.15_16.20_,2154_2270_4687_2897_4577_,15.95_15.90_15.85_15.80_15.75_,628_1618_1524_1362_638_
10:19:06,15.95,4,41567,16.00_16.05_16.10_16.15_16.20_,2158_2271_4873_2711_4577_,15.95_15.90_15.85_15.80_15.75_,624_1618_1524_1362_638_
10:19:12,15.95,11,41578,16.00_16.05_16.10_16.15_16.20_,2153_2271_4687_2897_4577_,15.95_15.90_15.85_15.80_15.75_,613_1618_1524_1362_638_
10:19:17,15.95,11,41578,16.00_16.05_16.10_16.15_16.20_,2152_2271_4687_2900_4586_,15.95_15.90_15.85_15.80_15.75_,613_1620_1524_1362_633_
10:19:22,15.95,11,41578,16.00_16.05_16.10_16.15_16.20_,2161_2271_4687_2900_4586_,15.95_15.90_15.85_15.80_15.75_,614_1620_1524_1362_633_
10:19:27,15.95,5,41583,16.00_16.05_16.10_16.15_16.20_,2161_2276_4687_2900_4586_,15.95_15.90_15.85_15.80_15.75_,615_1620_1524_1362_633_
10:19:32,16.00,3,41586,16.00_16.05_16.10_16.15_16.20_,2163_2276_4687_2900_4586_,15.95_15.90_15.85_15.80_15.75_,615_1624_1544_1362_633_
10:19:37,16.00,3,41586,16.00_16.05_16.10_16.15_16.20_,2163_2276_4873_2714_4606_,15.95_15.90_15.85_15.80_15.75_,615_1624_1544_1362_633_
10:19:42,16.00,3,41586,16.00_16.05_16.10_16.15_16.20_,2162_2276_4873_2714_4606_,15.95_15.90_15.85_15.80_15.75_,615_1625_1544_1362_633_
10:19:47,16.00,3,41586,16.00_16.05_16.10_16.15_16.20_,2161_2276_4873_2714_4606_,15.95_15.90_15.85_15.80_15.75_,615_1625_1544_1362_633_
10:19:53,15.95,10,41596,16.00_16.05_16.10_16.15_16.20_,2163_2296_4873_2714_4606_,15.95_15.90_15.85_15.80_15.75_,611_1625_1544_1362_633_
10:19:58,15.95,15,41611,16.00_16.05_16.10_16.15_16.20_,2163_2296_4687_2900_4606_,15.95_15.90_15.85_15.80_15.75_,596_1630_1544_1362_633_
10:20:03,15.95,14,41625,16.00_16.05_16.10_16.15_16.20_,2157_2296_4687_2900_4606_,15.95_15.90_15.85_15.80_15.75_,597_1630_1544_1362_633_
10:20:08,15.95,2,41627,16.00_16.05_16.10_16.15_16.20_,2155_2290_4687_2900_4606_,15.95_15.90_15.85_15.80_15.75_,595_1630_1544_1362_633_
10:20:13,15.95,6,41633,16.00_16.05_16.10_16.15_16.20_,2155_2290_4687_2900_4607_,15.95_15.90_15.85_15.80_15.75_,593_1626_1544_1362_633_
10:20:18,15.95,6,41639,16.00_16.05_16.10_16.15_16.20_,2156_2290_4687_2900_4607_,15.95_15.90_15.85_15.80_15.75_,589_1626_1544_1362_633_
10:20:23,15.95,6,41639,16.00_16.05_16.10_16.15_16.20_,2164_2290_4687_2900_4607_,15.95_15.90_15.85_15.80_15.75_,589_1626_1544_1362_633_
10:20:28,15.95,6,41639,16.00_16.05_16.10_16.15_16.20_,2165_2291_4687_2900_4607_,15.95_15.90_15.85_15.80_15.75_,692_1586_1544_1362_633_
10:20:34,15.95,5,41644,16.00_16.05_16.10_16.15_16.20_,2165_2291_4687_2900_4607_,15.95_15.90_15.85_15.80_15.75_,690_1586_1544_1362_633_
10:20:39,15.95,5,41644,16.00_16.05_16.10_16.15_16.20_,2168_2291_4689_2900_4607_,15.95_15.90_15.85_15.80_15.75_,694_1577_1544_1362_633_
10:20:44,16.00,1,41645,16.00_16.05_16.10_16.15_16.20_,2188_2291_4689_2900_4607_,15.95_15.90_15.85_15.80_15.75_,697_1577_1544_1362_633_
10:20:49,15.95,1,41646,16.00_16.05_16.10_16.15_16.20_,2188_2291_4875_2714_4607_,15.95_15.90_15.85_15.80_15.75_,596_1577_1544_1362_633_
10:20:54,15.95,5,41651,16.00_16.05_16.10_16.15_16.20_,2185_2291_4689_2900_4607_,15.95_15.90_15.85_15.80_15.75_,595_1577_1544_1362_633_
10:20:59,15.95,13,41664,16.00_16.05_16.10_16.15_16.20_,2185_2291_4689_2900_4608_,15.95_15.90_15.85_15.80_15.75_,587_1577_1544_1362_633_
10:21:04,15.95,1,41665,16.00_16.05_16.10_16.15_16.20_,2185_2291_4689_2900_4608_,15.95_15.90_15.85_15.80_15.75_,585_1577_1544_1362_633_
10:21:09,15.95,2,41667,16.00_16.05_16.10_16.15_16.20_,2200_2291_4689_2900_4613_,15.95_15.90_15.85_15.80_15.75_,583_1577_1544_1362_633_
10:21:14,15.95,2,41667,16.00_16.05_16.10_16.15_16.20_,2203_2291_4699_2900_4612_,15.95_15.90_15.85_15.80_15.75_,583_1577_1544_1362_633_
10:21:20,15.95,2,41667,16.00_16.05_16.10_16.15_16.20_,2203_2291_4699_2900_4612_,15.95_15.90_15.85_15.80_15.75_,583_1577_1544_1372_633_
10:21:25,15.95,2,41667,16.00_16.05_16.10_16.15_16.20_,2204_2291_4700_2900_4612_,15.95_15.90_15.85_15.80_15.75_,583_1577_1544_1372_633_
10:21:30,15.95,2,41667,16.00_16.05_16.10_16.15_16.20_,2205_2291_4700_2900_4612_,15.95_15.90_15.85_15.80_15.75_,803_1577_1544_1372_633_
10:21:35,15.95,1,41668,16.00_16.05_16.10_16.15_16.20_,2205_2290_4700_2900_4612_,15.95_15.90_15.85_15.80_15.75_,807_1576_1544_1372_633_
10:21:40,15.95,2,41670,16.00_16.05_16.10_16.15_16.20_,2205_2290_4700_2900_4612_,15.95_15.90_15.85_15.80_15.75_,805_1576_1544_1372_633_
10:21:45,15.95,9,41679,16.00_16.05_16.10_16.15_16.20_,2206_2290_4700_2900_4612_,15.95_15.90_15.85_15.80_15.75_,796_1576_1544_1372_633_
10:21:50,15.95,11,41690,16.00_16.05_16.10_16.15_16.20_,2204_2291_4700_2901_4612_,15.95_15.90_15.85_15.80_15.75_,805_1562_1531_1372_633_
10:21:55,16.00,9,41699,16.00_16.05_16.10_16.15_16.20_,2192_2291_4700_2901_4617_,15.95_15.90_15.85_15.80_15.75_,802_1578_1538_1372_633_
10:22:01,15.95,7,41706,16.00_16.05_16.10_16.15_16.20_,2189_2290_4886_2715_4617_,15.95_15.90_15.85_15.80_15.75_,795_1578_1538_1372_633_
10:22:06,15.95,3,41709,16.00_16.05_16.10_16.15_16.20_,2189_2290_4703_2901_4617_,15.95_15.90_15.85_15.80_15.75_,792_1578_1538_1372_633_
10:22:11,15.95,3,41709,16.00_16.05_16.10_16.15_16.20_,2188_2290_4703_2901_4617_,15.95_15.90_15.85_15.80_15.75_,802_1578_1538_1372_633_
10:22:16,15.95,3,41709,16.00_16.05_16.10_16.15_16.20_,2193_2289_4703_2903_4617_,15.95_15.90_15.85_15.80_15.75_,802_1578_1538_1372_633_
10:22:21,16.00,10,41719,16.00_16.05_16.10_16.15_16.20_,2183_2285_4712_2903_4618_,15.95_15.90_15.85_15.80_15.75_,802_1578_1538_1372_633_
10:22:26,15.95,31,41750,16.00_16.05_16.10_16.15_16.20_,2182_2285_4898_2717_4628_,15.95_15.90_15.85_15.80_15.75_,771_1578_1538_1372_633_
10:22:31,15.95,2,41752,16.00_16.05_16.10_16.15_16.20_,2181_2285_4712_2903_4628_,15.95_15.90_15.85_15.80_15.75_,789_1578_1538_1372_633_
10:22:37,15.95,4,41756,16.00_16.05_16.10_16.15_16.20_,2181_2285_4712_2903_4623_,15.95_15.90_15.85_15.80_15.75_,785_1578_1538_1372_633_
10:22:42,16.00,10,41766,16.00_16.05_16.10_16.15_16.20_,2172_2284_4712_2903_4623_,15.95_15.90_15.85_15.80_15.75_,785_1578_1538_1362_633_
10:22:47,15.95,14,41780,16.00_16.05_16.10_16.15_16.20_,2169_2284_4898_2717_4623_,15.95_15.90_15.85_15.80_15.75_,771_1578_1538_1362_633_
10:22:52,15.95,20,41800,16.00_16.05_16.10_16.15_16.20_,2169_2284_4712_2903_4627_,15.95_15.90_15.85_15.80_15.75_,756_1578_1538_1362_633_
10:22:57,15.95,3,41803,16.00_16.05_16.10_16.15_16.20_,2175_2284_4712_2903_4627_,15.95_15.90_15.85_15.80_15.75_,753_1583_1538_1363_633_
10:23:02,15.95,1,41804,16.00_16.05_16.10_16.15_16.20_,2172_2284_4712_2903_4629_,15.95_15.90_15.85_15.80_15.75_,752_1583_1538_1363_633_
10:23:07,15.95,5,41809,16.00_16.05_16.10_16.15_16.20_,2172_2284_4712_2903_4629_,15.95_15.90_15.85_15.80_15.75_,748_1583_1538_1363_633_
10:23:12,15.95,3,41812,16.00_16.05_16.10_16.15_16.20_,2191_2285_4712_2903_4629_,15.95_15.90_15.85_15.80_15.75_,746_1590_1538_1361_633_
10:23:17,15.95,3,41812,16.00_16.05_16.10_16.15_16.20_,2191_2285_4732_2903_4629_,15.95_15.90_15.85_15.80_15.75_,746_1590_1538_1361_633_
10:23:23,15.95,6,41818,16.00_16.05_16.10_16.15_16.20_,2187_2285_4732_2903_4629_,15.95_15.90_15.85_15.80_15.75_,740_1590_1538_1361_633_
10:23:28,15.95,6,41818,16.00_16.05_16.10_16.15_16.20_,2192_2285_4732_2903_4629_,15.95_15.90_15.85_15.80_15.75_,760_1590_1538_1361_633_
10:23:33,15.95,11,41829,16.00_16.05_16.10_16.15_16.20_,2190_2285_4737_2903_4631_,15.95_15.90_15.85_15.80_15.75_,752_1589_1538_1361_633_
10:23:38,15.95,1,41830,16.00_16.05_16.10_16.15_16.20_,2189_2285_4737_2903_4631_,15.95_15.90_15.85_15.80_15.75_,751_1589_1538_1361_633_
10:23:43,15.95,11,41841,16.00_16.05_16.10_16.15_16.20_,2189_2285_4737_2903_4631_,15.95_15.90_15.85_15.80_15.75_,752_1589_1538_1361_633_
10:23:48,15.95,2,41843,16.00_16.05_16.10_16.15_16.20_,2195_2285_4737_2903_4631_,15.95_15.90_15.85_15.80_15.75_,761_1589_1538_1361_633_
10:23:53,15.95,1,41844,16.00_16.05_16.10_16.15_16.20_,2205_2284_4737_2903_4633_,15.95_15.90_15.85_15.80_15.75_,760_1589_1538_1361_633_
10:23:59,15.95,2,41846,16.00_16.05_16.10_16.15_16.20_,2255_2284_4737_2903_4633_,15.95_15.90_15.85_15.80_15.75_,758_1589_1538_1361_635_
10:24:04,15.95,2,41846,16.00_16.05_16.10_16.15_16.20_,2258_2284_4737_2903_4633_,15.95_15.90_15.85_15.80_15.75_,768_1579_1538_1361_635_
10:24:09,15.95,2,41846,16.00_16.05_16.10_16.15_16.20_,2259_2284_4737_2903_4653_,15.95_15.90_15.85_15.80_15.75_,808_1579_1538_1361_635_
10:24:14,16.00,71,41917,16.00_16.05_16.10_16.15_16.20_,2190_2284_4737_2906_4653_,15.95_15.90_15.85_15.80_15.75_,740_1583_1538_1361_635_
10:24:19,15.95,15,41932,16.00_16.05_16.10_16.15_16.20_,2216_2284_4924_2720_4653_,15.95_15.90_15.85_15.80_15.75_,727_1583_1539_1361_635_
10:24:24,15.95,12,41944,16.00_16.05_16.10_16.15_16.20_,2215_2284_4738_2906_4653_,15.95_15.90_15.85_15.80_15.75_,715_1583_1539_1361_635_
10:24:29,15.95,12,41944,16.00_16.05_16.10_16.15_16.20_,2220_2284_4736_2906_4653_,15.95_15.90_15.85_15.80_15.75_,715_1583_1539_1361_635_
10:24:35,15.95,13,41957,16.00_16.05_16.10_16.15_16.20_,2222_2284_4737_2906_4653_,15.95_15.90_15.85_15.80_15.75_,703_1583_1539_1363_635_
10:24:45,15.95,13,41957,16.00_16.05_16.10_16.15_16.20_,2225_2284_4737_2906_4653_,15.95_15.90_15.85_15.80_15.75_,703_1583_1539_1363_635_
10:24:50,15.95,13,41970,16.00_16.05_16.10_16.15_16.20_,2226_2284_4737_2909_4653_,15.95_15.90_15.85_15.80_15.75_,695_1583_1539_1361_637_
10:24:55,16.00,12,41982,16.00_16.05_16.10_16.15_16.20_,2214_2284_4737_2909_4653_,15.95_15.90_15.85_15.80_15.75_,693_1583_1539_1361_637_
10:25:00,15.95,1,41983,16.00_16.05_16.10_16.15_16.20_,2214_2284_4923_2723_4653_,15.95_15.90_15.85_15.80_15.75_,692_1583_1539_1361_637_
10:25:05,15.95,3,41986,16.00_16.05_16.10_16.15_16.20_,2216_2284_4923_2723_4655_,15.95_15.90_15.85_15.80_15.75_,689_1583_1539_1361_637_
10:25:10,16.00,5,41991,16.00_16.05_16.10_16.15_16.20_,2211_2284_4737_2911_4655_,15.95_15.90_15.85_15.80_15.75_,684_1583_1539_1361_637_
10:25:16,16.00,6,41997,16.00_16.05_16.10_16.15_16.20_,2206_2284_4923_2725_4655_,15.95_15.90_15.85_15.80_15.75_,678_1585_1539_1361_637_
10:25:21,15.95,3,42000,16.00_16.05_16.10_16.15_16.20_,2206_2284_4923_2725_4657_,15.95_15.90_15.85_15.80_15.75_,676_1585_1539_1361_637_
10:25:26,15.95,1,42001,16.00_16.05_16.10_16.15_16.20_,2204_2284_4737_2911_4657_,15.95_15.90_15.85_15.80_15.75_,676_1586_1539_1361_637_
10:25:31,15.95,11,42012,16.00_16.05_16.10_16.15_16.20_,2204_2286_4973_2725_4656_,15.95_15.90_15.85_15.80_15.75_,665_1586_1539_1361_637_
10:25:36,15.95,11,42012,16.00_16.05_16.10_16.15_16.20_,2206_2286_4973_2725_4656_,15.95_15.90_15.85_15.80_15.75_,667_1586_1539_1361_637_
10:25:41,16.00,22,42034,16.00_16.05_16.10_16.15_16.20_,2185_2286_4973_2726_4657_,15.95_15.90_15.85_15.80_15.75_,662_1573_1539_1361_637_
10:25:46,16.00,22,42034,16.00_16.05_16.10_16.15_16.20_,2184_2286_4974_2726_4657_,15.95_15.90_15.85_15.80_15.75_,664_1573_1539_1361_637_
10:25:52,15.95,5,42039,16.00_16.05_16.10_16.15_16.20_,2181_2286_4974_2724_4657_,15.95_15.90_15.85_15.80_15.75_,657_1573_1539_1361_637_
10:25:57,15.95,5,42039,16.00_16.05_16.10_16.15_16.20_,2183_2283_4974_2724_4657_,15.95_15.90_15.85_15.80_15.75_,657_1573_1539_1361_637_
10:26:02,15.95,5,42044,16.00_16.05_16.10_16.15_16.20_,2184_2284_4788_2915_4657_,15.95_15.90_15.85_15.80_15.75_,652_1576_1539_1361_637_
10:26:07,15.95,5,42044,16.00_16.05_16.10_16.15_16.20_,2185_2285_4974_2730_4657_,15.95_15.90_15.85_15.80_15.75_,652_1576_1539_1361_637_
10:26:12,15.95,1,42045,16.00_16.05_16.10_16.15_16.20_,2188_2286_4974_2730_4657_,15.95_15.90_15.85_15.80_15.75_,655_1572_1539_1361_637_
10:26:17,15.95,1,42045,16.00_16.05_16.10_16.15_16.20_,2189_2285_4974_2730_4659_,15.95_15.90_15.85_15.80_15.75_,668_1572_1539_1361_637_
10:26:22,15.95,1,42045,16.00_16.05_16.10_16.15_16.20_,2191_2285_4976_2730_4658_,15.95_15.90_15.85_15.80_15.75_,698_1572_1539_1361_642_
10:26:28,15.95,11,42056,16.00_16.05_16.10_16.15_16.20_,2203_2285_4976_2730_4663_,15.95_15.90_15.85_15.80_15.75_,688_1572_1539_1361_642_
10:26:38,16.00,8,42064,16.00_16.05_16.10_16.15_16.20_,2195_2285_4976_2730_4664_,15.95_15.90_15.85_15.80_15.75_,660_1572_1539_1361_642_
10:26:43,16.00,8,42064,16.00_16.05_16.10_16.15_16.20_,2199_2285_4976_2730_4664_,15.95_15.90_15.85_15.80_15.75_,685_1572_1539_1361_642_
10:26:48,16.00,2,42066,16.00_16.05_16.10_16.15_16.20_,2197_2285_4976_2730_4664_,15.95_15.90_15.85_15.80_15.75_,687_1572_1539_1361_642_
10:26:53,15.95,5,42071,16.00_16.05_16.10_16.15_16.20_,2197_2280_4976_2730_4663_,15.95_15.90_15.85_15.80_15.75_,684_1572_1539_1361_652_
10:26:58,15.95,5,42071,16.00_16.05_16.10_16.15_16.20_,2198_2280_4976_2730_4663_,15.95_15.90_15.85_15.80_15.75_,684_1572_1539_1361_652_
10:27:03,15.95,5,42071,16.00_16.05_16.10_16.15_16.20_,2200_2280_4976_2730_4663_,15.95_15.90_15.85_15.80_15.75_,684_1572_1539_1361_652_
10:27:09,15.95,5,42071,16.00_16.05_16.10_16.15_16.20_,2202_2280_4976_2730_4663_,15.95_15.90_15.85_15.80_15.75_,726_1572_1541_1361_652_
10:27:14,15.95,5,42076,16.00_16.05_16.10_16.15_16.20_,2198_2279_4976_2730_4663_,15.95_15.90_15.85_15.80_15.75_,725_1568_1541_1361_652_
10:27:19,15.95,13,42089,16.00_16.05_16.10_16.15_16.20_,2208_2289_4976_2730_4663_,15.95_15.90_15.85_15.80_15.75_,712_1568_1541_1361_652_
10:27:24,15.95,10,42099,16.00_16.05_16.10_16.15_16.20_,2208_2289_4974_2733_4663_,15.95_15.90_15.85_15.80_15.75_,710_1568_1541_1361_652_
10:27:29,15.95,2,42101,16.00_16.05_16.10_16.15_16.20_,2218_2289_4974_2733_4653_,15.95_15.90_15.85_15.80_15.75_,708_1568_1541_1361_652_
10:27:34,15.95,2,42101,16.00_16.05_16.10_16.15_16.20_,2221_2289_4974_2733_4658_,15.95_15.90_15.85_15.80_15.75_,708_1567_1541_1361_652_
10:27:39,16.00,8,42109,16.00_16.05_16.10_16.15_16.20_,2218_2289_4977_2733_4658_,15.95_15.90_15.85_15.80_15.75_,708_1567_1541_1361_652_
10:27:44,16.00,8,42109,16.00_16.05_16.10_16.15_16.20_,2218_2291_4979_2733_4658_,15.95_15.90_15.85_15.80_15.75_,708_1567_1541_1361_652_
10:27:50,15.95,1,42110,16.00_16.05_16.10_16.15_16.20_,2224_2291_4979_2733_4658_,15.95_15.90_15.85_15.80_15.75_,702_1567_1541_1361_652_
10:27:55,15.95,1,42110,16.00_16.05_16.10_16.15_16.20_,2236_2291_4979_2733_4669_,15.95_15.90_15.85_15.80_15.75_,702_1567_1541_1361_652_
10:28:00,15.95,14,42124,16.00_16.05_16.10_16.15_16.20_,2236_2285_4979_2733_4669_,15.95_15.90_15.85_15.80_15.75_,688_1567_1541_1361_652_
10:28:05,15.95,9,42133,16.00_16.05_16.10_16.15_16.20_,2237_2285_4978_2733_4670_,15.95_15.90_15.85_15.80_15.75_,682_1567_1541_1361_652_
10:28:10,15.95,1,42134,16.00_16.05_16.10_16.15_16.20_,2237_2285_4978_2733_4670_,15.95_15.90_15.85_15.80_15.75_,681_1567_1541_1361_652_
10:28:15,15.95,7,42141,16.00_16.05_16.10_16.15_16.20_,2242_2235_4978_2733_4670_,15.95_15.90_15.85_15.80_15.75_,680_1567_1541_1363_652_
10:28:20,15.95,7,42141,16.00_16.05_16.10_16.15_16.20_,2260_2235_4978_2733_4672_,15.95_15.90_15.85_15.80_15.75_,780_1567_1541_1363_652_
10:28:26,15.95,7,42141,16.00_16.05_16.10_16.15_16.20_,2260_2235_4967_2733_4672_,15.95_15.90_15.85_15.80_15.75_,780_1567_1541_1363_652_
10:28:31,15.95,7,42141,16.00_16.05_16.10_16.15_16.20_,2262_2235_4967_2733_4672_,15.95_15.90_15.85_15.80_15.75_,780_1567_1541_1363_652_
10:28:36,16.00,7,42148,16.00_16.05_16.10_16.15_16.20_,2263_2234_4967_2733_4674_,15.95_15.90_15.85_15.80_15.75_,881_1567_1541_1363_652_
10:28:41,15.95,41,42189,16.00_16.05_16.10_16.15_16.20_,2265_2234_4967_2733_4672_,15.95_15.90_15.85_15.80_15.75_,840_1567_1541_1363_652_
10:28:46,15.95,41,42189,16.00_16.05_16.10_16.15_16.20_,2267_2235_4967_2733_4672_,15.95_15.90_15.85_15.80_15.75_,846_1567_1541_1363_652_
10:28:51,15.95,34,42223,16.00_16.05_16.10_16.15_16.20_,2269_2235_4967_2733_4672_,15.95_15.90_15.85_15.80_15.75_,813_1567_1541_1313_652_
10:28:56,15.95,3,42226,16.00_16.05_16.10_16.15_16.20_,2269_2235_4967_2733_4672_,15.95_15.90_15.85_15.80_15.75_,810_1567_1541_1313_652_
10:29:01,15.95,3,42226,16.00_16.05_16.10_16.15_16.20_,2272_2235_4967_2733_4672_,15.95_15.90_15.85_15.80_15.75_,810_1567_1541_1313_652_
10:29:06,15.95,3,42226,16.00_16.05_16.10_16.15_16.20_,2276_2235_4967_2733_4672_,15.95_15.90_15.85_15.80_15.75_,811_1567_1541_1313_652_
10:29:12,15.95,1,42227,16.00_16.05_16.10_16.15_16.20_,2279_2235_4967_2733_4672_,15.95_15.90_15.85_15.80_15.75_,810_1567_1541_1313_652_
10:29:17,15.95,3,42230,16.00_16.05_16.10_16.15_16.20_,2278_2235_4967_2733_4674_,15.95_15.90_15.85_15.80_15.75_,813_1567_1541_1313_652_
10:29:22,15.95,10,42240,16.00_16.05_16.10_16.15_16.20_,2274_2230_4967_2733_4674_,15.95_15.90_15.85_15.80_15.75_,803_1567_1541_1311_652_
10:29:27,15.95,1,42241,16.00_16.05_16.10_16.15_16.20_,2279_2230_4967_2734_4671_,15.95_15.90_15.85_15.80_15.75_,803_1567_1541_1311_652_
10:29:32,15.95,1,42242,16.00_16.05_16.10_16.15_16.20_,2283_2230_4967_2734_4671_,15.95_15.90_15.85_15.80_15.75_,822_1567_1541_1311_652_
10:29:37,15.95,13,42255,16.00_16.05_16.10_16.15_16.20_,2283_2230_4967_2734_4671_,15.95_15.90_15.85_15.80_15.75_,818_1567_1541_1312_652_
10:29:42,15.95,20,42275,16.00_16.05_16.10_16.15_16.20_,2293_2220_4967_2734_4721_,15.95_15.90_15.85_15.80_15.75_,798_1567_1541_1312_652_
10:29:48,15.95,20,42275,16.00_16.05_16.10_16.15_16.20_,2303_2220_4967_2734_4721_,15.95_15.90_15.85_15.80_15.75_,798_1567_1541_1315_652_
10:29:53,15.95,20,42275,16.00_16.05_16.10_16.15_16.20_,2310_2220_4967_2734_4721_,15.95_15.90_15.85_15.80_15.75_,803_1567_1541_1315_662_
10:30:03,15.95,20,42275,16.00_16.05_16.10_16.15_16.20_,2312_2220_4967_2734_4721_,15.95_15.90_15.85_15.80_15.75_,803_1567_1539_1315_672_
10:30:08,15.95,20,42275,16.00_16.05_16.10_16.15_16.20_,2313_2223_4967_2734_4721_,15.95_15.90_15.85_15.80_15.75_,803_1567_1539_1315_672_
10:30:13,15.95,20,42275,16.00_16.05_16.10_16.15_16.20_,2313_2223_4969_2734_4724_,15.95_15.90_15.85_15.80_15.75_,803_1567_1539_1315_672_
10:30:18,15.95,1,42276,16.00_16.05_16.10_16.15_16.20_,2315_2223_4969_2734_4724_,15.95_15.90_15.85_15.80_15.75_,805_1567_1539_1315_672_
10:30:23,15.95,1,42277,16.00_16.05_16.10_16.15_16.20_,2315_2223_4969_2734_4724_,15.95_15.90_15.85_15.80_15.75_,805_1575_1539_1315_742_
10:30:28,15.95,1,42277,16.00_16.05_16.10_16.15_16.20_,2317_2223_4969_2734_4724_,15.95_15.90_15.85_15.80_15.75_,845_1575_1539_1325_742_
10:30:34,15.95,17,42294,16.00_16.05_16.10_16.15_16.20_,2314_2223_4969_2734_4724_,15.95_15.90_15.85_15.80_15.75_,848_1575_1539_1325_742_
10:30:39,15.95,1,42295,16.00_16.05_16.10_16.15_16.20_,2324_2223_4969_2734_4724_,15.95_15.90_15.85_15.80_15.75_,847_1579_1539_1325_742_
10:30:44,15.95,1,42295,16.00_16.05_16.10_16.15_16.20_,2324_2223_4970_2734_4724_,15.95_15.90_15.85_15.80_15.75_,857_1579_1539_1325_742_
10:30:49,15.95,1,42295,16.00_16.05_16.10_16.15_16.20_,2325_2223_4970_2734_4724_,15.95_15.90_15.85_15.80_15.75_,857_1579_1539_1330_742_
10:30:54,16.00,10,42305,16.00_16.05_16.10_16.15_16.20_,2365_2223_4970_2704_4724_,15.95_15.90_15.85_15.80_15.75_,908_1579_1539_1330_742_
10:30:59,16.00,10,42305,16.00_16.05_16.10_16.15_16.20_,2397_2223_4970_2702_4694_,15.95_15.90_15.85_15.80_15.75_,908_1579_1539_1330_742_
10:31:04,16.00,10,42305,16.00_16.05_16.10_16.15_16.20_,2398_2223_4970_2702_4694_,15.95_15.90_15.85_15.80_15.75_,938_1579_1539_1330_742_
10:31:09,16.00,10,42305,16.00_16.05_16.10_16.15_16.20_,2348_2224_4975_2752_4694_,15.95_15.90_15.85_15.80_15.75_,938_1579_1539_1330_742_
10:31:15,16.00,10,42305,16.00_16.05_16.10_16.15_16.20_,2348_2223_4975_2752_4694_,15.95_15.90_15.85_15.80_15.75_,938_1579_1539_1330_742_
10:31:20,16.00,10,42305,16.00_16.05_16.10_16.15_16.20_,2348_2223_4980_2752_4694_,15.95_15.90_15.85_15.80_15.75_,938_1579_1539_1330_742_
10:31:25,16.00,10,42305,16.00_16.05_16.10_16.15_16.20_,2401_2225_4981_2701_4694_,15.95_15.90_15.85_15.80_15.75_,938_1579_1539_1330_742_
10:31:30,15.95,18,42323,16.00_16.05_16.10_16.15_16.20_,2401_2225_4981_2701_4696_,15.95_15.90_15.85_15.80_15.75_,920_1579_1539_1330_742_
10:31:35,16.00,2,42325,16.00_16.05_16.10_16.15_16.20_,2429_2225_4981_2701_4697_,15.95_15.90_15.85_15.80_15.75_,951_1579_1539_1330_742_
10:31:40,15.95,5,42330,16.00_16.05_16.10_16.15_16.20_,2426_2225_4981_2701_4697_,15.95_15.90_15.85_15.80_15.75_,946_1579_1539_1330_722_
10:31:45,15.95,1,42331,16.00_16.05_16.10_16.15_16.20_,2432_2225_4981_2701_4697_,15.95_15.90_15.85_15.80_15.75_,945_1579_1539_1330_722_
10:31:50,15.95,1,42331,16.00_16.05_16.10_16.15_16.20_,2433_2225_4981_2701_4703_,15.95_15.90_15.85_15.80_15.75_,1190_1579_1539_1330_722_
10:31:56,15.95,10,42341,16.00_16.05_16.10_16.15_16.20_,2433_2225_4981_2701_4703_,15.95_15.90_15.85_15.80_15.75_,1203_1580_1539_1350_722_
10:32:01,15.95,10,42341,16.00_16.05_16.10_16.15_16.20_,2436_2228_4981_2704_4693_,15.95_15.90_15.85_15.80_15.75_,1199_1584_1539_1350_722_
10:32:06,15.95,10,42341,16.00_16.05_16.10_16.15_16.20_,2438_2228_4975_2704_4693_,15.95_15.90_15.85_15.80_15.75_,1199_1584_1539_1350_722_
10:32:11,16.00,6,42347,16.00_16.05_16.10_16.15_16.20_,2436_2228_4975_2706_4693_,15.95_15.90_15.85_15.80_15.75_,1203_1580_1539_1350_722_
10:32:16,16.00,63,42410,16.00_16.05_16.10_16.15_16.20_,2373_2228_4975_2706_4693_,15.95_15.90_15.85_15.80_15.75_,1203_1580_1539_1350_722_
10:32:21,15.95,10,42420,16.00_16.05_16.10_16.15_16.20_,2376_2228_4982_2706_4693_,15.95_15.90_15.85_15.80_15.75_,1193_1580_1539_1350_722_
10:32:26,15.95,20,42440,16.00_16.05_16.10_16.15_16.20_,2376_2228_4992_2706_4693_,15.95_15.90_15.85_15.80_15.75_,1173_1580_1539_1350_722_
10:32:31,16.00,7,42447,16.00_16.05_16.10_16.15_16.20_,2369_2228_4992_2706_4713_,15.95_15.90_15.85_15.80_15.75_,1173_1582_1539_1351_722_
10:32:37,16.00,7,42447,16.00_16.05_16.10_16.15_16.20_,2369_2228_4993_2706_4713_,15.95_15.90_15.85_15.80_15.75_,1182_1582_1539_1351_722_
10:32:42,16.00,7,42447,16.00_16.05_16.10_16.15_16.20_,2371_2228_4993_2706_4713_,15.95_15.90_15.85_15.80_15.75_,1192_1582_1539_1351_722_
10:32:47,16.00,7,42447,16.00_16.05_16.10_16.15_16.20_,2371_2228_4993_2706_4723_,15.95_15.90_15.85_15.80_15.75_,1192_1582_1539_1351_722_
10:32:52,16.00,7,42447,16.00_16.05_16.10_16.15_16.20_,2375_2228_4993_2708_4723_,15.95_15.90_15.85_15.80_15.75_,1192_1582_1539_1351_725_
10:32:57,16.00,9,42456,16.00_16.05_16.10_16.15_16.20_,2372_2229_5018_2683_4727_,15.95_15.90_15.85_15.80_15.75_,1191_1585_1539_1351_725_
10:33:02,15.95,5,42461,16.00_16.05_16.10_16.15_16.20_,2367_2229_5018_2683_4727_,15.95_15.90_15.85_15.80_15.75_,1186_1585_1539_1351_724_
10:33:07,15.95,5,42461,16.00_16.05_16.10_16.15_16.20_,2378_2229_5017_2683_4727_,15.95_15.90_15.85_15.80_15.75_,1186_1585_1539_1351_724_
10:33:12,15.95,10,42471,16.00_16.05_16.10_16.15_16.20_,2378_2229_5017_2683_4727_,15.95_15.90_15.85_15.80_15.75_,1296_1585_1539_1351_724_
10:33:18,15.95,2,42473,16.00_16.05_16.10_16.15_16.20_,2377_2239_5018_2683_4726_,15.95_15.90_15.85_15.80_15.75_,1335_1585_1539_1351_724_
10:33:23,15.95,2,42473,16.00_16.05_16.10_16.15_16.20_,2382_2239_5018_2683_4727_,15.95_15.90_15.85_15.80_15.75_,1335_1585_1539_1351_724_
10:33:28,15.95,2,42473,16.00_16.05_16.10_16.15_16.20_,2386_2239_5020_2683_4725_,15.95_15.90_15.85_15.80_15.75_,1335_1585_1539_1351_724_
10:33:33,15.95,1,42474,16.00_16.05_16.10_16.15_16.20_,2386_2239_5020_2683_4725_,15.95_15.90_15.85_15.80_15.75_,1339_1585_1539_1351_724_
10:33:48,15.95,1,42474,16.00_16.05_16.10_16.15_16.20_,2386_2238_5020_2683_4725_,15.95_15.90_15.85_15.80_15.75_,1341_1584_1539_1351_724_
10:33:53,15.95,1,42474,16.00_16.05_16.10_16.15_16.20_,2394_2238_5020_2683_4724_,15.95_15.90_15.85_15.80_15.75_,1341_1594_1539_1351_724_
10:33:59,15.95,1,42474,16.00_16.05_16.10_16.15_16.20_,2395_2238_5020_2683_4724_,15.95_15.90_15.85_15.80_15.75_,1341_1594_1539_1351_724_
10:34:04,16.00,12,42486,16.00_16.05_16.10_16.15_16.20_,2388_2238_5020_2683_4724_,15.95_15.90_15.85_15.80_15.75_,1341_1594_1539_1354_724_
10:34:09,15.95,26,42512,16.00_16.05_16.10_16.15_16.20_,2385_2238_5020_2683_4723_,15.95_15.90_15.85_15.80_15.75_,1360_1594_1539_1354_724_
10:34:14,15.95,1,42513,16.00_16.05_16.10_16.15_16.20_,2394_2238_5019_2683_4723_,15.95_15.90_15.85_15.80_15.75_,1309_1594_1539_1354_724_
10:34:19,15.95,1,42513,16.00_16.05_16.10_16.15_16.20_,2395_2238_5019_2683_4723_,15.95_15.90_15.85_15.80_15.75_,1309_1594_1539_1354_724_
10:34:24,15.95,1,42513,16.00_16.05_16.10_16.15_16.20_,2397_2208_5018_2683_4725_,15.95_15.90_15.85_15.80_15.75_,1309_1594_1539_1354_724_
10:34:29,15.95,3,42516,16.00_16.05_16.10_16.15_16.20_,2398_2208_5018_2683_4721_,15.95_15.90_15.85_15.80_15.75_,1307_1594_1539_1354_724_
10:34:35,15.95,3,42516,16.00_16.05_16.10_16.15_16.20_,2409_2211_5018_2683_4721_,15.95_15.90_15.85_15.80_15.75_,1311_1594_1539_1354_724_
10:34:40,15.95,2,42518,16.00_16.05_16.10_16.15_16.20_,2410_2211_5018_2683_4721_,15.95_15.90_15.85_15.80_15.75_,1309_1599_1539_1354_724_
10:34:45,15.95,2,42518,16.00_16.05_16.10_16.15_16.20_,2418_2211_5020_2683_4721_,15.95_15.90_15.85_15.80_15.75_,1309_1599_1539_1354_724_
10:34:50,15.95,2,42518,16.00_16.05_16.10_16.15_16.20_,2418_2212_5020_2683_4722_,15.95_15.90_15.85_15.80_15.75_,1309_1606_1539_1355_724_
10:34:55,15.95,14,42532,16.00_16.05_16.10_16.15_16.20_,2414_2213_5020_2683_4722_,15.95_15.90_15.85_15.80_15.75_,1300_1606_1539_1350_724_
10:35:00,15.95,7,42539,16.00_16.05_16.10_16.15_16.20_,2414_2212_5025_2683_4722_,15.95_15.90_15.85_15.80_15.75_,1311_1614_1546_1350_724_
10:35:05,15.95,2,42541,16.00_16.05_16.10_16.15_16.20_,2415_2211_5025_2683_4725_,15.95_15.90_15.85_15.80_15.75_,1315_1614_1546_1350_724_
10:35:10,15.95,2,42541,16.00_16.05_16.10_16.15_16.20_,2416_2211_5025_2683_4725_,15.95_15.90_15.85_15.80_15.75_,1315_1614_1546_1350_724_
10:35:16,15.95,6,42547,16.00_16.05_16.10_16.15_16.20_,2420_2211_5025_2683_4725_,15.95_15.90_15.85_15.80_15.75_,1309_1614_1546_1350_724_
10:35:21,15.95,6,42547,16.00_16.05_16.10_16.15_16.20_,2420_2211_5027_2683_4725_,15.95_15.90_15.85_15.80_15.75_,1609_1614_1546_1355_724_
10:35:26,15.95,2,42549,16.00_16.05_16.10_16.15_16.20_,2429_2211_5027_2683_4725_,15.95_15.90_15.85_15.80_15.75_,1634_1614_1547_1355_724_
10:35:31,15.95,2,42549,16.00_16.05_16.10_16.15_16.20_,2440_2211_5027_2683_4725_,15.95_15.90_15.85_15.80_15.75_,1646_1614_1547_1345_724_
10:35:36,15.95,22,42571,16.00_16.05_16.10_16.15_16.20_,2442_2211_5027_2683_4722_,15.95_15.90_15.85_15.80_15.75_,1631_1614_1547_1345_724_
10:35:41,15.95,22,42571,16.00_16.05_16.10_16.15_16.20_,2447_2211_5027_2683_4724_,15.95_15.90_15.85_15.80_15.75_,1631_1614_1547_1345_724_
10:35:46,15.95,5,42576,16.00_16.05_16.10_16.15_16.20_,2444_2228_5027_2683_4726_,15.95_15.90_15.85_15.80_15.75_,1627_1614_1547_1345_724_
10:35:52,16.00,37,42613,16.00_16.05_16.10_16.15_16.20_,2407_2229_5027_2683_4726_,15.95_15.90_15.85_15.80_15.75_,1627_1614_1547_1345_724_
10:35:57,15.95,3,42616,16.00_16.05_16.10_16.15_16.20_,2408_2229_5027_2683_4726_,15.95_15.90_15.85_15.80_15.75_,1624_1614_1547_1345_724_
10:36:02,15.95,10,42626,16.00_16.05_16.10_16.15_16.20_,2418_2229_5029_2683_4726_,15.95_15.90_15.85_15.80_15.75_,1614_1614_1547_1345_724_
10:36:07,15.95,15,42641,16.00_16.05_16.10_16.15_16.20_,2422_2229_5030_2683_4728_,15.95_15.90_15.85_15.80_15.75_,1614_1614_1547_1345_724_
10:36:12,15.95,5,42646,16.00_16.05_16.10_16.15_16.20_,2422_2229_5020_2683_4728_,15.95_15.90_15.85_15.80_15.75_,1609_1614_1547_1345_724_
10:36:17,15.95,19,42665,16.00_16.05_16.10_16.15_16.20_,2422_2229_5020_2683_4728_,15.95_15.90_15.85_15.80_15.75_,1590_1614_1547_1345_724_
10:36:22,15.95,5,42670,16.00_16.05_16.10_16.15_16.20_,2422_2229_5024_2683_4728_,15.95_15.90_15.85_15.80_15.75_,1585_1614_1547_1345_724_
10:36:27,15.95,5,42675,16.00_16.05_16.10_16.15_16.20_,2424_2229_5024_2683_4731_,15.95_15.90_15.85_15.80_15.75_,1580_1614_1547_1345_724_
10:36:33,16.00,10,42685,16.00_16.05_16.10_16.15_16.20_,2414_2229_5024_2683_4731_,15.95_15.90_15.85_15.80_15.75_,1580_1614_1547_1345_724_
10:36:38,15.95,10,42695,16.00_16.05_16.10_16.15_16.20_,2412_2229_5024_2683_4731_,15.95_15.90_15.85_15.80_15.75_,1610_1614_1547_1345_724_
10:36:43,15.95,10,42695,16.00_16.05_16.10_16.15_16.20_,2423_2229_5024_2684_4731_,15.95_15.90_15.85_15.80_15.75_,1611_1614_1547_1345_724_
10:36:48,15.95,105,42800,16.00_16.05_16.10_16.15_16.20_,2426_2229_5024_2684_4731_,15.95_15.90_15.85_15.80_15.75_,1516_1614_1547_1345_724_
10:36:53,15.95,13,42813,16.00_16.05_16.10_16.15_16.20_,2428_2229_5031_2684_4731_,15.95_15.90_15.85_15.80_15.75_,1503_1618_1547_1345_724_
10:36:58,15.95,35,42848,16.00_16.05_16.10_16.15_16.20_,2441_2229_5031_2684_4731_,15.95_15.90_15.85_15.80_15.75_,1470_1618_1547_1345_724_
10:37:03,15.95,35,42848,16.00_16.05_16.10_16.15_16.20_,2443_2229_5031_2684_4732_,15.95_15.90_15.85_15.80_15.75_,1478_1615_1543_1345_724_
10:37:08,15.95,1,42849,16.00_16.05_16.10_16.15_16.20_,2442_2229_5181_2684_4733_,15.95_15.90_15.85_15.80_15.75_,1477_1615_1543_1345_724_
10:37:24,15.95,1,42850,16.00_16.05_16.10_16.15_16.20_,2443_2229_5181_2684_4733_,15.95_15.90_15.85_15.80_15.75_,1476_1615_1543_1345_724_
10:37:29,15.95,1,42851,16.00_16.05_16.10_16.15_16.20_,2446_2229_5181_2684_4733_,15.95_15.90_15.85_15.80_15.75_,1476_1615_1543_1345_724_
10:37:34,15.95,12,42863,16.00_16.05_16.10_16.15_16.20_,2447_2229_5181_2684_4733_,15.95_15.90_15.85_15.80_15.75_,1467_1615_1542_1345_724_
10:37:39,15.95,1,42864,16.00_16.05_16.10_16.15_16.20_,2446_2229_5181_2684_4733_,15.95_15.90_15.85_15.80_15.75_,1475_1615_1542_1345_724_
10:37:44,15.95,6,42870,16.00_16.05_16.10_16.15_16.20_,2446_2229_5175_2684_4733_,15.95_15.90_15.85_15.80_15.75_,1469_1615_1542_1345_724_
10:37:49,15.95,6,42876,16.00_16.05_16.10_16.15_16.20_,2442_2229_5174_2684_4733_,15.95_15.90_15.85_15.80_15.75_,1463_1615_1542_1345_724_
10:37:55,15.95,6,42876,16.00_16.05_16.10_16.15_16.20_,2460_2229_5174_2684_4735_,15.95_15.90_15.85_15.80_15.75_,1463_1615_1542_1345_724_
10:38:00,16.00,3,42879,16.00_16.05_16.10_16.15_16.20_,2457_2229_5174_2684_4735_,15.95_15.90_15.85_15.80_15.75_,1463_1615_1542_1345_724_
10:38:05,15.95,7,42886,16.00_16.05_16.10_16.15_16.20_,2458_2229_5168_2684_4735_,15.95_15.90_15.85_15.80_15.75_,1456_1615_1542_1345_724_
10:38:10,15.95,20,42906,16.00_16.05_16.10_16.15_16.20_,2458_2229_5168_2684_4735_,15.95_15.90_15.85_15.80_15.75_,1436_1615_1542_1345_724_
10:38:15,15.95,5,42911,16.00_16.05_16.10_16.15_16.20_,2464_2229_5168_2684_4735_,15.95_15.90_15.85_15.80_15.75_,1431_1615_1542_1345_724_
10:38:20,15.95,9,42920,16.00_16.05_16.10_16.15_16.20_,2466_2229_5148_2684_4735_,15.95_15.90_15.85_15.80_15.75_,1423_1615_1542_1350_724_
10:38:25,15.95,21,42941,16.00_16.05_16.10_16.15_16.20_,2467_2229_5149_2684_4735_,15.95_15.90_15.85_15.80_15.75_,1349_1615_1542_1350_724_
10:38:31,16.00,72,43013,16.00_16.05_16.10_16.15_16.20_,2401_2229_5149_2684_4735_,15.95_15.90_15.85_15.80_15.75_,1349_1615_1542_1350_724_
10:38:46,16.00,1,43014,16.00_16.05_16.10_16.15_16.20_,2401_2229_5151_2684_4735_,15.95_15.90_15.85_15.80_15.75_,1349_1615_1540_1352_724_
10:38:51,16.00,1,43014,16.00_16.05_16.10_16.15_16.20_,2401_2230_5151_2684_4735_,15.95_15.90_15.85_15.80_15.75_,1349_1615_1540_1352_724_
10:38:56,15.95,3,43017,16.00_16.05_16.10_16.15_16.20_,2403_2230_5151_2684_4736_,15.95_15.90_15.85_15.80_15.75_,1346_1615_1540_1352_724_
10:39:01,15.95,3,43020,16.00_16.05_16.10_16.15_16.20_,2404_2230_5151_2684_4736_,15.95_15.90_15.85_15.80_15.75_,1343_1615_1540_1352_724_
10:39:06,15.95,10,43030,16.00_16.05_16.10_16.15_16.20_,2443_2230_5108_2684_4736_,15.95_15.90_15.85_15.80_15.75_,1357_1615_1540_1352_724_
10:39:11,15.95,13,43043,16.00_16.05_16.10_16.15_16.20_,2443_2230_5108_2684_4736_,15.95_15.90_15.85_15.80_15.75_,1348_1611_1540_1352_724_
10:39:17,15.95,3,43046,16.00_16.05_16.10_16.15_16.20_,2442_1770_5108_2684_4736_,15.95_15.90_15.85_15.80_15.75_,1357_1611_1540_1352_724_
10:39:22,15.95,5,43051,16.00_16.05_16.10_16.15_16.20_,2444_1770_5104_2684_4736_,15.95_15.90_15.85_15.80_15.75_,1352_1611_1540_1352_724_
10:39:27,16.00,56,43107,16.00_16.05_16.10_16.15_16.20_,2394_1764_5104_2684_4736_,15.95_15.90_15.85_15.80_15.75_,1352_1603_1540_1352_726_
10:39:32,16.00,56,43107,16.00_16.05_16.10_16.15_16.20_,2394_1764_5104_2684_4736_,15.95_15.90_15.85_15.80_15.75_,1352_1623_1540_1352_726_
10:39:37,15.95,2,43109,16.00_16.05_16.10_16.15_16.20_,2344_1764_5104_2734_4736_,15.95_15.90_15.85_15.80_15.75_,1350_1623_1540_1352_726_
10:39:42,15.95,2,43109,16.00_16.05_16.10_16.15_16.20_,2344_1764_5104_2734_4736_,15.95_15.90_15.85_15.80_15.75_,1358_1623_1540_1352_726_
10:39:47,15.95,2,43109,16.00_16.05_16.10_16.15_16.20_,2345_1764_5104_2734_4736_,15.95_15.90_15.85_15.80_15.75_,1358_1623_1540_1352_726_
10:39:52,15.95,2,43109,16.00_16.05_16.10_16.15_16.20_,2345_1764_5104_2734_4736_,15.95_15.90_15.85_15.80_15.75_,1358_1623_1540_1353_726_
10:39:58,15.95,11,43120,16.00_16.05_16.10_16.15_16.20_,2346_1764_5104_2734_4736_,15.95_15.90_15.85_15.80_15.75_,1352_1623_1540_1353_726_
10:40:03,15.95,11,43120,16.00_16.05_16.10_16.15_16.20_,2349_1764_5104_2734_4736_,15.95_15.90_15.85_15.80_15.75_,1352_1623_1540_1353_726_
10:40:08,15.95,1,43121,16.00_16.05_16.10_16.15_16.20_,2349_1764_5104_2734_4736_,15.95_15.90_15.85_15.80_15.75_,1351_1623_1540_1353_726_
10:40:13,16.00,9,43130,16.00_16.05_16.10_16.15_16.20_,2340_1764_5104_2734_4736_,15.95_15.90_15.85_15.80_15.75_,1346_1619_1540_1353_726_
10:40:18,16.00,8,43138,16.00_16.05_16.10_16.15_16.20_,2340_1764_5104_2734_4736_,15.95_15.90_15.85_15.80_15.75_,1357_1620_1540_1353_726_
10:40:23,16.00,8,43138,16.00_16.05_16.10_16.15_16.20_,2330_1764_5106_2734_4743_,15.95_15.90_15.85_15.80_15.75_,1357_1620_1540_1353_726_
10:40:33,15.95,16,43154,16.00_16.05_16.10_16.15_16.20_,2348_1764_5106_2739_4743_,15.95_15.90_15.85_15.80_15.75_,1341_1621_1540_1353_726_
10:40:39,15.95,16,43154,16.00_16.05_16.10_16.15_16.20_,2350_1764_5106_2739_4748_,15.95_15.90_15.85_15.80_15.75_,1341_1622_1540_1353_726_
10:40:44,15.95,16,43154,16.00_16.05_16.10_16.15_16.20_,2352_1764_5106_2739_4748_,15.95_15.90_15.85_15.80_15.75_,1341_1622_1540_1353_726_
10:40:49,15.95,20,43174,16.00_16.05_16.10_16.15_16.20_,2335_1764_5106_2739_4748_,15.95_15.90_15.85_15.80_15.75_,1321_1622_1540_1353_726_
10:40:54,15.95,20,43174,16.00_16.05_16.10_16.15_16.20_,2337_1764_5106_2739_4748_,15.95_15.90_15.85_15.80_15.75_,1321_1622_1540_1353_726_
10:40:59,15.95,20,43174,16.00_16.05_16.10_16.15_16.20_,2340_1794_5107_2739_4748_,15.95_15.90_15.85_15.80_15.75_,1322_1622_1540_1353_726_
10:41:04,15.95,6,43180,16.00_16.05_16.10_16.15_16.20_,2335_1794_5107_2739_4748_,15.95_15.90_15.85_15.80_15.75_,1328_1622_1540_1353_726_
10:41:09,15.95,5,43185,16.00_16.05_16.10_16.15_16.20_,2346_1794_5107_2739_4748_,15.95_15.90_15.85_15.80_15.75_,1323_1622_1540_1353_726_
10:41:15,15.95,5,43185,16.00_16.05_16.10_16.15_16.20_,2397_1794_5107_2739_4748_,15.95_15.90_15.85_15.80_15.75_,1323_1623_1540_1353_726_
10:41:25,15.95,7,43195,16.00_16.05_16.10_16.15_16.20_,2396_1795_5108_2739_4750_,15.95_15.90_15.85_15.80_15.75_,1314_1623_1540_1353_726_
10:41:30,15.95,7,43195,16.00_16.05_16.10_16.15_16.20_,2399_1795_5108_2739_4752_,15.95_15.90_15.85_15.80_15.75_,1314_1623_1540_1353_726_
10:41:35,15.95,1,43196,16.00_16.05_16.10_16.15_16.20_,2400_1795_5108_2739_4782_,15.95_15.90_15.85_15.80_15.75_,1313_1623_1540_1353_726_
10:41:40,15.95,1,43196,16.00_16.05_16.10_16.15_16.20_,2400_1795_5109_2739_4781_,15.95_15.90_15.85_15.80_15.75_,1318_1623_1540_1353_726_
10:41:45,15.95,10,43206,16.00_16.05_16.10_16.15_16.20_,2496_1797_5109_2739_4782_,15.95_15.90_15.85_15.80_15.75_,1308_1622_1540_1353_726_
10:41:50,15.95,11,43217,16.00_16.05_16.10_16.15_16.20_,2492_1797_5109_2739_4782_,15.95_15.90_15.85_15.80_15.75_,1297_1622_1540_1353_726_
10:41:55,15.95,11,43228,16.00_16.05_16.10_16.15_16.20_,2497_1797_5109_2739_4772_,15.95_15.90_15.85_15.80_15.75_,1286_1622_1540_1353_726_
10:42:01,15.95,1,43229,16.00_16.05_16.10_16.15_16.20_,2501_1797_5109_2739_4772_,15.95_15.90_15.85_15.80_15.75_,1285_1592_1540_1353_727_
10:42:06,15.95,3,43232,16.00_16.05_16.10_16.15_16.20_,2501_1797_5109_2739_4772_,15.95_15.90_15.85_15.80_15.75_,1273_1592_1540_1353_727_
10:42:11,15.95,6,43238,16.00_16.05_16.10_16.15_16.20_,2498_1797_5108_2739_4772_,15.95_15.90_15.85_15.80_15.75_,1400_1592_1540_1353_727_
10:42:16,15.95,2,43240,16.00_16.05_16.10_16.15_16.20_,2500_1797_5108_2749_4772_,15.95_15.90_15.85_15.80_15.75_,1398_1591_1540_1353_727_
10:42:21,16.00,5,43245,16.00_16.05_16.10_16.15_16.20_,2496_1797_5108_2749_4772_,15.95_15.90_15.85_15.80_15.75_,1398_1591_1540_1353_727_
10:42:26,15.95,2,43247,16.00_16.05_16.10_16.15_16.20_,2498_1797_5108_2749_4772_,15.95_15.90_15.85_15.80_15.75_,1396_1591_1540_1353_727_
10:42:31,15.95,2,43247,16.00_16.05_16.10_16.15_16.20_,2530_1797_5110_2749_4772_,15.95_15.90_15.85_15.80_15.75_,1407_1591_1540_1353_727_
10:42:36,15.95,11,43258,16.00_16.05_16.10_16.15_16.20_,2531_1798_5110_2749_4772_,15.95_15.90_15.85_15.80_15.75_,1425_1591_1540_1353_727_
10:42:41,15.95,72,43330,16.00_16.05_16.10_16.15_16.20_,2542_1798_5110_2749_4772_,15.95_15.90_15.85_15.80_15.75_,1367_1591_1540_1353_727_
10:42:47,15.95,72,43330,16.00_16.05_16.10_16.15_16.20_,2542_1798_5110_2749_4772_,15.95_15.90_15.85_15.80_15.75_,1366_1586_1540_1353_727_
10:42:52,15.95,72,43330,16.00_16.05_16.10_16.15_16.20_,2615_1798_5110_2749_4772_,15.95_15.90_15.85_15.80_15.75_,1377_1586_1540_1353_727_
10:42:57,15.95,5,43335,16.00_16.05_16.10_16.15_16.20_,2665_1798_5110_2699_4772_,15.95_15.90_15.85_15.80_15.75_,1362_1581_1540_1353_727_
10:43:02,15.95,5,43335,16.00_16.05_16.10_16.15_16.20_,2655_1798_5110_2699_4772_,15.95_15.90_15.85_15.80_15.75_,1373_1581_1520_1353_727_
10:43:07,15.95,5,43340,16.00_16.05_16.10_16.15_16.20_,2653_1788_5110_2699_4772_,15.95_15.90_15.85_15.80_15.75_,1357_1581_1520_1353_727_
10:43:12,15.95,5,43340,16.00_16.05_16.10_16.15_16.20_,2653_1788_5110_2699_4773_,15.95_15.90_15.85_15.80_15.75_,1369_1581_1520_1353_727_
10:43:17,15.95,5,43340,16.00_16.05_16.10_16.15_16.20_,2653_1788_5110_2699_4773_,15.95_15.90_15.85_15.80_15.75_,1358_1581_1520_1353_727_
10:43:22,15.95,5,43340,16.00_16.05_16.10_16.15_16.20_,2661_1788_5110_2696_4776_,15.95_15.90_15.85_15.80_15.75_,1358_1581_1520_1353_727_
10:43:27,15.95,5,43340,16.00_16.05_16.10_16.15_16.20_,2683_1788_5110_2696_4778_,15.95_15.90_15.85_15.80_15.75_,1358_1581_1520_1353_727_
10:43:38,15.95,24,43364,16.00_16.05_16.10_16.15_16.20_,2684_1788_5110_2696_4778_,15.95_15.90_15.85_15.80_15.75_,1334_1581_1523_1353_727_
10:43:43,16.00,11,43375,16.00_16.05_16.10_16.15_16.20_,2675_1788_5115_2696_4778_,15.95_15.90_15.85_15.80_15.75_,1334_1585_1523_1353_727_
10:43:48,15.95,22,43397,16.00_16.05_16.10_16.15_16.20_,2653_1788_5115_2696_4778_,15.95_15.90_15.85_15.80_15.75_,1307_1590_1523_1353_727_
10:43:53,15.95,1,43398,16.00_16.05_16.10_16.15_16.20_,2670_1788_5115_2696_4778_,15.95_15.90_15.85_15.80_15.75_,1306_1590_1523_1353_727_
10:43:58,16.00,9,43407,16.00_16.05_16.10_16.15_16.20_,2662_1788_5115_2706_4778_,15.95_15.90_15.85_15.80_15.75_,1308_1590_1523_1373_727_
10:44:03,15.95,7,43414,16.00_16.05_16.10_16.15_16.20_,2662_1788_5115_2706_4778_,15.95_15.90_15.85_15.80_15.75_,1301_1590_1523_1373_727_
10:44:09,15.95,7,43414,16.00_16.05_16.10_16.15_16.20_,2667_1788_5115_2706_4777_,15.95_15.90_15.85_15.80_15.75_,1301_1590_1523_1373_727_
10:44:14,15.95,21,43435,16.00_16.05_16.10_16.15_16.20_,2667_1788_5115_2706_4777_,15.95_15.90_15.85_15.80_15.75_,1281_1590_1523_1373_727_
10:44:19,16.00,16,43451,16.00_16.05_16.10_16.15_16.20_,2608_1788_5115_2756_4777_,15.95_15.90_15.85_15.80_15.75_,1331_1590_1523_1323_727_
10:44:24,15.95,4,43455,16.00_16.05_16.10_16.15_16.20_,2608_1788_5115_2756_4777_,15.95_15.90_15.85_15.80_15.75_,1329_1590_1523_1323_727_
10:44:29,16.00,11,43466,16.00_16.05_16.10_16.15_16.20_,2597_1788_5115_2756_4777_,15.95_15.90_15.85_15.80_15.75_,1329_1590_1523_1323_727_
10:44:34,15.95,11,43477,16.00_16.05_16.10_16.15_16.20_,2599_1788_5115_2756_4777_,15.95_15.90_15.85_15.80_15.75_,1318_1590_1523_1323_727_
10:44:39,16.00,10,43487,16.00_16.05_16.10_16.15_16.20_,2590_1788_5115_2756_4777_,15.95_15.90_15.85_15.80_15.75_,1318_1590_1523_1323_727_
10:44:45,15.95,7,43494,16.00_16.05_16.10_16.15_16.20_,2590_1788_5115_2756_4777_,15.95_15.90_15.85_15.80_15.75_,1317_1585_1523_1323_727_
10:44:50,16.00,5,43499,16.00_16.05_16.10_16.15_16.20_,2598_1788_5115_2756_4777_,15.95_15.90_15.85_15.80_15.75_,1268_1585_1523_1373_727_
10:44:55,16.00,5,43499,16.00_16.05_16.10_16.15_16.20_,2601_1790_5115_2756_4782_,15.95_15.90_15.85_15.80_15.75_,1268_1600_1523_1373_727_
10:45:00,16.00,11,43510,16.00_16.05_16.10_16.15_16.20_,2590_1790_5115_2762_4782_,15.95_15.90_15.85_15.80_15.75_,1273_1600_1523_1373_727_
10:45:05,16.00,11,43510,16.00_16.05_16.10_16.15_16.20_,2603_1789_5115_2762_4782_,15.95_15.90_15.85_15.80_15.75_,1323_1600_1523_1323_727_
10:45:10,16.00,1,43511,16.00_16.05_16.10_16.15_16.20_,2605_1789_5115_2762_4787_,15.95_15.90_15.85_15.80_15.75_,1273_1602_1523_1373_727_
10:45:15,16.00,1,43511,16.00_16.05_16.10_16.15_16.20_,2606_1789_5115_2762_4787_,15.95_15.90_15.85_15.80_15.75_,1273_1600_1523_1373_727_
10:45:21,16.00,5,43516,16.00_16.05_16.10_16.15_16.20_,2607_1789_5115_2762_4787_,15.95_15.90_15.85_15.80_15.75_,1269_1601_1523_1373_727_
10:45:26,16.00,5,43521,16.00_16.05_16.10_16.15_16.20_,2606_1789_5115_2762_4787_,15.95_15.90_15.85_15.80_15.75_,1264_1602_1523_1373_727_
10:45:31,15.95,11,43532,16.00_16.05_16.10_16.15_16.20_,2610_1789_5115_2762_4787_,15.95_15.90_15.85_15.80_15.75_,1253_1602_1523_1373_727_
10:45:36,15.95,11,43532,16.00_16.05_16.10_16.15_16.20_,2612_1789_5115_2747_4787_,15.95_15.90_15.85_15.80_15.75_,1253_1602_1523_1373_727_
10:45:41,15.95,11,43532,16.00_16.05_16.10_16.15_16.20_,2608_1789_5115_2747_4787_,15.95_15.90_15.85_15.80_15.75_,1253_1602_1523_1373_727_
10:45:46,16.00,1,43533,16.00_16.05_16.10_16.15_16.20_,2620_1792_5115_2747_4787_,15.95_15.90_15.85_15.80_15.75_,1255_1602_1523_1373_727_
10:45:56,15.95,7,43540,16.00_16.05_16.10_16.15_16.20_,2620_1792_5115_2747_4789_,15.95_15.90_15.85_15.80_15.75_,1248_1602_1523_1373_727_
10:46:02,15.95,7,43540,16.00_16.05_16.10_16.15_16.20_,2621_1793_5115_2747_4789_,15.95_15.90_15.85_15.80_15.75_,1248_1602_1523_1373_727_
10:46:07,15.95,6,43546,16.00_16.05_16.10_16.15_16.20_,2620_1793_5115_2744_4789_,15.95_15.90_15.85_15.80_15.75_,1248_1602_1523_1373_727_
10:46:12,15.95,6,43546,16.00_16.05_16.10_16.15_16.20_,2620_1793_5115_2744_4789_,15.95_15.90_15.85_15.80_15.75_,1248_1602_1523_1374_727_
10:46:17,15.95,2,43548,16.00_16.05_16.10_16.15_16.20_,2628_1793_5115_2744_4789_,15.95_15.90_15.85_15.80_15.75_,1246_1602_1523_1374_727_
10:46:22,16.00,10,43558,16.00_16.05_16.10_16.15_16.20_,2620_1793_5115_2744_4789_,15.95_15.90_15.85_15.80_15.75_,1246_1602_1523_1374_727_
10:46:27,16.00,10,43558,16.00_16.05_16.10_16.15_16.20_,2621_1792_5115_2744_4789_,15.95_15.90_15.85_15.80_15.75_,1246_1602_1523_1374_727_
10:46:32,15.95,11,43569,16.00_16.05_16.10_16.15_16.20_,2623_1792_5115_2744_4789_,15.95_15.90_15.85_15.80_15.75_,1235_1602_1523_1374_727_
10:46:37,15.95,11,43569,16.00_16.05_16.10_16.15_16.20_,2625_1792_5130_2744_4789_,15.95_15.90_15.85_15.80_15.75_,1235_1602_1523_1354_727_
10:46:43,15.95,11,43569,16.00_16.05_16.10_16.15_16.20_,2627_1792_5130_2744_4789_,15.95_15.90_15.85_15.80_15.75_,1235_1602_1523_1354_727_
10:46:48,15.95,11,43569,16.00_16.05_16.10_16.15_16.20_,2627_1792_5130_2744_4789_,15.95_15.90_15.85_15.80_15.75_,1275_1592_1523_1354_727_
10:46:53,15.95,1,43570,16.00_16.05_16.10_16.15_16.20_,2627_1792_5130_2744_4792_,15.95_15.90_15.85_15.80_15.75_,1274_1592_1523_1354_727_
10:46:58,15.95,1,43570,16.00_16.05_16.10_16.15_16.20_,2634_1792_5132_2744_4792_,15.95_15.90_15.85_15.80_15.75_,1274_1592_1523_1354_727_
10:47:03,16.00,55,43625,16.00_16.05_16.10_16.15_16.20_,2580_1792_5132_2744_4792_,15.95_15.90_15.85_15.80_15.75_,1274_1623_1523_1354_727_
10:47:08,16.00,55,43625,16.00_16.05_16.10_16.15_16.20_,2582_1792_5136_2744_4792_,15.95_15.90_15.85_15.80_15.75_,1282_1623_1523_1354_727_
10:47:13,16.00,4,43629,16.00_16.05_16.10_16.15_16.20_,2578_1792_5136_2744_4802_,15.95_15.90_15.85_15.80_15.75_,1287_1619_1523_1354_727_
10:47:18,15.95,2,43631,16.00_16.05_16.10_16.15_16.20_,2578_1792_5126_2744_4802_,15.95_15.90_15.85_15.80_15.75_,1285_1619_1533_1355_727_
10:47:24,15.95,5,43636,16.00_16.05_16.10_16.15_16.20_,2595_1792_5128_2744_4803_,15.95_15.90_15.85_15.80_15.75_,1280_1618_1533_1355_727_
10:47:29,15.95,5,43636,16.00_16.05_16.10_16.15_16.20_,2595_1792_5128_2746_4803_,15.95_15.90_15.85_15.80_15.75_,1280_1614_1533_1355_727_
10:47:34,15.95,10,43646,16.00_16.05_16.10_16.15_16.20_,2594_1792_5130_2746_4803_,15.95_15.90_15.85_15.80_15.75_,1270_1614_1533_1355_727_
10:47:39,16.00,10,43656,16.00_16.05_16.10_16.15_16.20_,2584_1792_5130_2746_4803_,15.95_15.90_15.85_15.80_15.75_,1270_1614_1533_1355_727_
10:47:44,16.00,10,43656,16.00_16.05_16.10_16.15_16.20_,2584_1792_5132_2746_4803_,15.95_15.90_15.85_15.80_15.75_,1271_1614_1533_1355_727_
10:47:49,16.00,10,43656,16.00_16.05_16.10_16.15_16.20_,2586_1792_5132_2746_4803_,15.95_15.90_15.85_15.80_15.75_,1271_1614_1533_1350_727_
10:47:54,16.00,10,43656,16.00_16.05_16.10_16.15_16.20_,2586_1792_5133_2746_4799_,15.95_15.90_15.85_15.80_15.75_,1271_1614_1533_1350_727_
10:48:00,16.00,10,43656,16.00_16.05_16.10_16.15_16.20_,2741_1792_4983_2746_4799_,15.95_15.90_15.85_15.80_15.75_,1271_1614_1533_1350_727_
10:48:05,15.95,5,43661,16.00_16.05_16.10_16.15_16.20_,2741_1792_4983_2746_4784_,15.95_15.90_15.85_15.80_15.75_,1266_1614_1533_1350_727_
10:48:10,16.00,1,43662,16.00_16.05_16.10_16.15_16.20_,2741_1792_4983_2746_4784_,15.95_15.90_15.85_15.80_15.75_,1285_1614_1534_1350_727_
10:48:15,16.00,1,43662,16.00_16.05_16.10_16.15_16.20_,2749_1792_4983_2746_4784_,15.95_15.90_15.85_15.80_15.75_,1285_1615_1534_1350_727_
10:48:20,15.95,12,43674,16.00_16.05_16.10_16.15_16.20_,2755_1792_4983_2746_4787_,15.95_15.90_15.85_15.80_15.75_,1273_1615_1534_1350_727_
10:48:25,15.95,10,43684,16.00_16.05_16.10_16.15_16.20_,2760_1792_4983_2746_4790_,15.95_15.90_15.85_15.80_15.75_,1283_1615_1534_1349_727_
10:48:30,15.95,10,43684,16.00_16.05_16.10_16.15_16.20_,2760_1792_4983_2746_4790_,15.95_15.90_15.85_15.80_15.75_,1285_1615_1534_1349_727_
10:48:35,15.95,10,43684,16.00_16.05_16.10_16.15_16.20_,2763_1794_4983_2746_4790_,15.95_15.90_15.85_15.80_15.75_,1285_1615_1534_1349_727_
10:48:41,15.95,2,43686,16.00_16.05_16.10_16.15_16.20_,2817_1796_4983_2746_4790_,15.95_15.90_15.85_15.80_15.75_,1287_1615_1534_1349_727_
10:48:46,16.00,1,43687,16.00_16.05_16.10_16.15_16.20_,2820_1796_4983_2746_4790_,15.95_15.90_15.85_15.80_15.75_,1287_1615_1534_1349_727_
10:48:51,16.00,1,43687,16.00_16.05_16.10_16.15_16.20_,2823_1796_4983_2746_4790_,15.95_15.90_15.85_15.80_15.75_,1287_1615_1534_1354_727_
10:48:56,16.00,10,43697,16.00_16.05_16.10_16.15_16.20_,2819_1796_4923_2746_4825_,15.95_15.90_15.85_15.80_15.75_,1287_1618_1534_1454_727_
10:49:01,15.95,5,43702,16.00_16.05_16.10_16.15_16.20_,2815_1796_4923_2746_4825_,15.95_15.90_15.85_15.80_15.75_,1282_1618_1534_1454_727_
10:49:06,15.95,5,43702,16.00_16.05_16.10_16.15_16.20_,2813_1796_4925_2746_4825_,15.95_15.90_15.85_15.80_15.75_,1256_1618_1534_1454_727_
10:49:11,15.95,5,43702,16.00_16.05_16.10_16.15_16.20_,2823_1796_4925_2746_4825_,15.95_15.90_15.85_15.80_15.75_,1256_1618_1534_1454_727_
10:49:16,16.00,5,43707,16.00_16.05_16.10_16.15_16.20_,2878_1796_4925_2746_4825_,15.95_15.90_15.85_15.80_15.75_,1256_1618_1534_1454_727_
10:49:21,15.95,10,43717,16.00_16.05_16.10_16.15_16.20_,2878_1796_4926_2746_4825_,15.95_15.90_15.85_15.80_15.75_,1256_1618_1534_1454_727_
10:49:27,16.00,16,43733,16.00_16.05_16.10_16.15_16.20_,2852_1796_4926_2746_4825_,15.95_15.90_15.85_15.80_15.75_,1256_1618_1534_1454_727_
10:49:32,16.00,16,43733,16.00_16.05_16.10_16.15_16.20_,2794_1788_4926_2746_4825_,15.95_15.90_15.85_15.80_15.75_,1256_1618_1534_1454_727_
10:49:37,16.00,16,43733,16.00_16.05_16.10_16.15_16.20_,2796_1788_4926_2746_4825_,15.95_15.90_15.85_15.80_15.75_,1306_1622_1534_1454_927_
10:49:42,16.00,16,43733,16.00_16.05_16.10_16.15_16.20_,2802_1848_4926_2746_4824_,15.95_15.90_15.85_15.80_15.75_,1307_1652_1534_1454_927_
10:49:47,16.00,16,43733,16.00_16.05_16.10_16.15_16.20_,2804_1845_4929_2746_4822_,15.95_15.90_15.85_15.80_15.75_,1307_1602_1534_1454_927_
10:49:52,16.00,16,43733,16.00_16.05_16.10_16.15_16.20_,2805_1848_4929_2746_4823_,15.95_15.90_15.85_15.80_15.75_,1307_1602_1574_1454_927_
10:49:57,16.00,16,43733,16.00_16.05_16.10_16.15_16.20_,2811_1848_4930_2746_4823_,15.95_15.90_15.85_15.80_15.75_,1347_1602_1574_1454_927_
10:50:02,16.00,16,43733,16.00_16.05_16.10_16.15_16.20_,2811_1848_4930_2746_4823_,15.95_15.90_15.85_15.80_15.75_,1352_1602_1574_1453_927_
10:50:08,16.00,1,43734,16.00_16.05_16.10_16.15_16.20_,2810_1848_4930_2746_4823_,15.95_15.90_15.85_15.80_15.75_,1352_1602_1574_1453_927_
10:50:13,16.00,5,43739,16.00_16.05_16.10_16.15_16.20_,2805_1848_4930_2746_4823_,15.95_15.90_15.85_15.80_15.75_,1351_1599_1574_1403_927_
10:50:18,16.00,13,43752,16.00_16.05_16.10_16.15_16.20_,2792_1848_4930_2746_4823_,15.95_15.90_15.85_15.80_15.75_,1351_1599_1574_1405_927_
10:50:23,15.95,11,43763,16.00_16.05_16.10_16.15_16.20_,2794_1848_4930_2746_4823_,15.95_15.90_15.85_15.80_15.75_,1343_1598_1574_1408_927_
10:50:28,16.00,1,43764,16.00_16.05_16.10_16.15_16.20_,2971_1760_4930_2736_4823_,15.95_15.90_15.85_15.80_15.75_,1343_1598_1574_1408_927_
10:50:33,16.00,1,43764,16.00_16.05_16.10_16.15_16.20_,2972_1760_4931_2736_4823_,15.95_15.90_15.85_15.80_15.75_,1333_1598_1574_1408_925_
10:50:38,16.00,1,43764,16.00_16.05_16.10_16.15_16.20_,2971_1760_4931_2736_4822_,15.95_15.90_15.85_15.80_15.75_,1333_1598_1574_1408_925_
10:50:43,15.95,5,43769,16.00_16.05_16.10_16.15_16.20_,2974_1760_4931_2736_4818_,15.95_15.90_15.85_15.80_15.75_,1562_1598_1574_1406_923_
10:50:49,15.95,5,43769,16.00_16.05_16.10_16.15_16.20_,3032_1751_4931_2736_4818_,15.95_15.90_15.85_15.80_15.75_,1662_1598_1574_1406_923_
10:50:54,15.95,7,43776,16.00_16.05_16.10_16.15_16.20_,3030_1751_4931_2736_4818_,15.95_15.90_15.85_15.80_15.75_,1956_1592_1574_1406_923_
10:50:59,15.95,8,43784,16.00_16.05_16.10_16.15_16.20_,3025_1748_4931_2736_4818_,15.95_15.90_15.85_15.80_15.75_,1962_1555_1574_1406_923_
10:51:04,15.95,8,43784,16.00_16.05_16.10_16.15_16.20_,3016_1748_4931_2736_4818_,15.95_15.90_15.85_15.80_15.75_,1982_1555_1574_1407_923_
10:51:09,15.95,8,43784,16.00_16.05_16.10_16.15_16.20_,3005_1748_4931_2736_4818_,15.95_15.90_15.85_15.80_15.75_,1982_1555_1574_1407_923_
10:51:14,15.95,2,43786,16.00_16.05_16.10_16.15_16.20_,2947_1749_4931_2736_4818_,15.95_15.90_15.85_15.80_15.75_,1980_1556_1574_1407_923_
10:51:19,15.95,2,43786,16.00_16.05_16.10_16.15_16.20_,2947_1749_4934_2736_4818_,15.95_15.90_15.85_15.80_15.75_,1980_1556_1574_1407_1023_
10:51:24,15.95,11,43797,16.00_16.05_16.10_16.15_16.20_,2949_1749_4934_2736_4818_,15.95_15.90_15.85_15.80_15.75_,1969_1556_1574_1407_1023_
10:51:30,16.00,10,43807,16.00_16.05_16.10_16.15_16.20_,2939_1749_4934_2736_4818_,15.95_15.90_15.85_15.80_15.75_,1978_1556_1574_1307_1023_
10:51:35,16.00,10,43807,16.00_16.05_16.10_16.15_16.20_,2942_1749_4934_2736_4819_,15.95_15.90_15.85_15.80_15.75_,1883_1556_1574_1307_1023_
10:51:45,15.95,1,43808,16.00_16.05_16.10_16.15_16.20_,2942_1749_4934_2736_4819_,15.95_15.90_15.85_15.80_15.75_,2082_1556_1574_1307_1023_
10:51:50,15.95,1,43809,16.00_16.05_16.10_16.15_16.20_,2943_1749_4934_2736_4819_,15.95_15.90_15.85_15.80_15.75_,2081_1556_1574_1307_1023_
10:51:55,15.95,1,43809,16.00_16.05_16.10_16.15_16.20_,2953_1749_4934_2736_4819_,15.95_15.90_15.85_15.80_15.75_,2081_1556_1574_1307_1023_
10:52:00,16.00,30,43839,16.00_16.05_16.10_16.15_16.20_,2923_1750_4934_2736_4819_,15.95_15.90_15.85_15.80_15.75_,2081_1556_1574_1307_1023_
10:52:05,15.95,7,43846,16.00_16.05_16.10_16.15_16.20_,2925_1750_4933_2736_4829_,15.95_15.90_15.85_15.80_15.75_,2074_1556_1574_1307_1023_
10:52:11,15.95,7,43846,16.00_16.05_16.10_16.15_16.20_,2926_1750_4933_2736_4829_,15.95_15.90_15.85_15.80_15.75_,2074_1556_1574_1307_1023_
10:52:16,15.95,5,43851,16.00_16.05_16.10_16.15_16.20_,2923_1750_4931_2736_4829_,15.95_15.90_15.85_15.80_15.75_,2070_1556_1574_1307_1023_
10:52:21,15.95,10,43861,16.00_16.05_16.10_16.15_16.20_,2923_1750_4931_2736_4829_,15.95_15.90_15.85_15.80_15.75_,2060_1556_1574_1307_1023_
10:52:31,15.95,10,43861,16.00_16.05_16.10_16.15_16.20_,2930_1750_4931_2736_4829_,15.95_15.90_15.85_15.80_15.75_,2060_1556_1574_1307_1023_
10:52:36,15.95,2,43863,16.00_16.05_16.10_16.15_16.20_,2937_1760_4921_2736_4829_,15.95_15.90_15.85_15.80_15.75_,2058_1556_1574_1307_1023_
10:52:41,15.95,1,43864,16.00_16.05_16.10_16.15_16.20_,2941_1755_4921_2736_4829_,15.95_15.90_15.85_15.80_15.75_,2057_1556_1574_1307_1023_
10:52:46,15.95,1,43864,16.00_16.05_16.10_16.15_16.20_,2944_1755_4921_2736_4830_,15.95_15.90_15.85_15.80_15.75_,2067_1556_1574_1307_1023_
10:52:51,15.95,1,43864,16.00_16.05_16.10_16.15_16.20_,2944_1755_4921_2736_4830_,15.95_15.90_15.85_15.80_15.75_,2068_1556_1574_1307_1023_
10:52:57,15.95,11,43875,16.00_16.05_16.10_16.15_16.20_,2945_1755_4923_2736_4830_,15.95_15.90_15.85_15.80_15.75_,2057_1556_1574_1307_1023_
10:53:02,15.95,11,43875,16.00_16.05_16.10_16.15_16.20_,2947_1755_4923_2736_4830_,15.95_15.90_15.85_15.80_15.75_,2057_1556_1574_1312_1023_
10:53:07,15.95,2,43877,16.00_16.05_16.10_16.15_16.20_,2947_1755_4923_2736_4830_,15.95_15.90_15.85_15.80_15.75_,2055_1556_1574_1312_1023_
10:53:12,16.00,4,43881,16.00_16.05_16.10_16.15_16.20_,2954_1755_4923_2736_4830_,15.95_15.90_15.85_15.80_15.75_,2055_1552_1574_1312_1023_
10:53:17,16.00,71,43952,16.00_16.05_16.10_16.15_16.20_,2895_1755_4923_2736_4830_,15.95_15.90_15.85_15.80_15.75_,2015_1552_1574_1312_1023_
10:53:22,15.95,1,43953,16.00_16.05_16.10_16.15_16.20_,2895_1755_4923_2736_4830_,15.95_15.90_15.85_15.80_15.75_,2014_1552_1574_1312_1023_
10:53:27,16.00,10,43963,16.00_16.05_16.10_16.15_16.20_,2896_1755_4923_2736_4830_,15.95_15.90_15.85_15.80_15.75_,2014_1552_1574_1312_1023_
10:53:38,15.95,20,43983,16.00_16.05_16.10_16.15_16.20_,2896_1755_4925_2735_4830_,15.95_15.90_15.85_15.80_15.75_,1994_1552_1574_1312_1023_
10:53:43,15.95,11,43994,16.00_16.05_16.10_16.15_16.20_,2898_1755_4925_2735_4830_,15.95_15.90_15.85_15.80_15.75_,1983_1552_1574_1312_1023_
10:53:48,15.95,11,43994,16.00_16.05_16.10_16.15_16.20_,2900_1755_4925_2735_4830_,15.95_15.90_15.85_15.80_15.75_,1983_1552_1574_1312_1023_
10:53:53,15.95,21,44015,16.00_16.05_16.10_16.15_16.20_,2901_1755_4928_2735_4840_,15.95_15.90_15.85_15.80_15.75_,1974_1552_1574_1312_1023_
10:53:58,15.95,1,44016,16.00_16.05_16.10_16.15_16.20_,2900_1756_4928_2735_4840_,15.95_15.90_15.85_15.80_15.75_,1963_1553_1574_1312_1023_
10:54:14,15.95,3,44019,16.00_16.05_16.10_16.15_16.20_,2904_1756_4928_2735_4840_,15.95_15.90_15.85_15.80_15.75_,1960_1553_1574_1312_1023_
10:54:19,15.95,25,44044,16.00_16.05_16.10_16.15_16.20_,2904_1757_4931_2735_4840_,15.95_15.90_15.85_15.80_15.75_,1952_1552_1574_1311_1023_
10:54:34,15.95,8,44052,16.00_16.05_16.10_16.15_16.20_,2899_1757_4931_2735_4840_,15.95_15.90_15.85_15.80_15.75_,1944_1552_1574_1311_1023_
10:54:39,16.00,10,44062,16.00_16.05_16.10_16.15_16.20_,2891_1757_4931_2735_4840_,15.95_15.90_15.85_15.80_15.75_,2144_1552_1574_1311_1023_
10:54:44,16.00,10,44072,16.00_16.05_16.10_16.15_16.20_,2881_1757_4933_2735_4840_,15.95_15.90_15.85_15.80_15.75_,2144_1552_1574_1311_1023_
10:54:50,16.00,1,44073,16.00_16.05_16.10_16.15_16.20_,2883_1757_4933_2735_4840_,15.95_15.90_15.85_15.80_15.75_,2144_1551_1574_1311_1023_
10:54:55,16.00,1,44073,16.00_16.05_16.10_16.15_16.20_,2885_1757_4933_2735_4840_,15.95_15.90_15.85_15.80_15.75_,2144_1551_1574_1311_1023_
10:55:00,16.00,1,44073,16.00_16.05_16.10_16.15_16.20_,2886_1758_4933_2735_4840_,15.95_15.90_15.85_15.80_15.75_,2147_1551_1575_1311_1023_
10:55:05,16.00,1,44073,16.00_16.05_16.10_16.15_16.20_,2902_1758_4933_2735_4840_,15.95_15.90_15.85_15.80_15.75_,2155_1551_1575_1311_1023_
10:55:10,15.95,10,44083,16.00_16.05_16.10_16.15_16.20_,2904_1758_4930_2735_4840_,15.95_15.90_15.85_15.80_15.75_,2145_1551_1575_1311_1023_
10:55:15,15.95,10,44083,16.00_16.05_16.10_16.15_16.20_,2904_1758_4931_2735_4840_,15.95_15.90_15.85_15.80_15.75_,2150_1550_1575_1311_1023_
10:55:20,15.95,1,44084,16.00_16.05_16.10_16.15_16.20_,2914_1758_4930_2735_4840_,15.95_15.90_15.85_15.80_15.75_,2154_1550_1575_1311_1023_
10:55:25,15.95,6,44090,16.00_16.05_16.10_16.15_16.20_,2915_1758_4930_2735_4840_,15.95_15.90_15.85_15.80_15.75_,2149_1550_1574_1311_1023_
10:55:31,15.95,6,44090,16.00_16.05_16.10_16.15_16.20_,2915_1758_4930_2735_4845_,15.95_15.90_15.85_15.80_15.75_,2149_1551_1574_1311_1023_
10:55:36,15.95,6,44090,16.00_16.05_16.10_16.15_16.20_,2918_1758_4930_2735_4845_,15.95_15.90_15.85_15.80_15.75_,2152_1551_1574_1311_1023_
10:55:41,15.95,7,44097,16.00_16.05_16.10_16.15_16.20_,2918_1758_4930_2735_4845_,15.95_15.90_15.85_15.80_15.75_,2146_1551_1575_1311_1023_
10:55:46,15.95,7,44097,16.00_16.05_16.10_16.15_16.20_,2919_1757_4930_2735_4845_,15.95_15.90_15.85_15.80_15.75_,2196_1551_1575_1311_1023_
10:55:51,16.00,31,44128,16.00_16.05_16.10_16.15_16.20_,2892_1812_4930_2735_4845_,15.95_15.90_15.85_15.80_15.75_,2179_1551_1575_1311_1023_
10:55:56,15.95,5,44133,16.00_16.05_16.10_16.15_16.20_,2888_1812_4935_2735_4845_,15.95_15.90_15.85_15.80_15.75_,2174_1551_1575_1311_1023_
10:56:01,16.00,20,44153,16.00_16.05_16.10_16.15_16.20_,2868_1812_4935_2735_4845_,15.95_15.90_15.85_15.80_15.75_,2174_1555_1575_1311_1023_
10:56:06,16.00,26,44179,16.00_16.05_16.10_16.15_16.20_,2851_1812_4935_2735_4845_,15.95_15.90_15.85_15.80_15.75_,2174_1555_1575_1311_1023_
10:56:12,15.95,1,44180,16.00_16.05_16.10_16.15_16.20_,2853_1812_4935_2735_4845_,15.95_15.90_15.85_15.80_15.75_,2183_1555_1575_1311_1023_
10:56:17,15.95,12,44192,16.00_16.05_16.10_16.15_16.20_,2863_1812_4935_2735_4846_,15.95_15.90_15.85_15.80_15.75_,2171_1555_1575_1311_1023_
10:56:22,15.95,1,44193,16.00_16.05_16.10_16.15_16.20_,2863_1812_4935_2735_4848_,15.95_15.90_15.85_15.80_15.75_,2120_1555_1575_1311_1023_
10:56:27,15.95,1,44194,16.00_16.05_16.10_16.15_16.20_,2865_1812_4935_2735_4848_,15.95_15.90_15.85_15.80_15.75_,2122_1555_1575_1311_1023_
10:56:32,16.00,3,44197,16.00_16.05_16.10_16.15_16.20_,2861_1812_4935_2735_4843_,15.95_15.90_15.85_15.80_15.75_,2122_1555_1575_1311_1023_
10:56:37,16.00,4,44201,16.00_16.05_16.10_16.15_16.20_,2858_1812_4935_2735_4843_,15.95_15.90_15.85_15.80_15.75_,2122_1555_1575_1313_1023_
10:56:42,16.00,4,44201,16.00_16.05_16.10_16.15_16.20_,2858_1812_4935_2740_4843_,15.95_15.90_15.85_15.80_15.75_,2122_1555_1575_1313_1023_
10:56:48,16.00,20,44221,16.00_16.05_16.10_16.15_16.20_,2843_1812_4935_2740_4843_,15.95_15.90_15.85_15.80_15.75_,2122_1555_1575_1313_1025_
10:56:58,15.95,2,44223,16.00_16.05_16.10_16.15_16.20_,2843_1812_4935_2740_4849_,15.95_15.90_15.85_15.80_15.75_,2120_1555_1575_1313_1025_
10:57:03,16.00,3,44226,16.00_16.05_16.10_16.15_16.20_,2844_1812_4938_2740_4849_,15.95_15.90_15.85_15.80_15.75_,2117_1555_1575_1313_1025_
10:57:08,16.00,3,44226,16.00_16.05_16.10_16.15_16.20_,2848_1811_4938_2740_4851_,15.95_15.90_15.85_15.80_15.75_,2117_1555_1575_1313_1025_
10:57:13,16.00,1,44227,16.00_16.05_16.10_16.15_16.20_,2847_1811_4938_2740_4851_,15.95_15.90_15.85_15.80_15.75_,2117_1555_1575_1313_1025_
10:57:18,16.00,11,44238,16.00_16.05_16.10_16.15_16.20_,2843_1811_4938_2740_4851_,15.95_15.90_15.85_15.80_15.75_,2117_1555_1575_1313_1025_
10:57:23,16.00,11,44238,16.00_16.05_16.10_16.15_16.20_,2845_1811_4938_2740_4851_,15.95_15.90_15.85_15.80_15.75_,2117_1555_1575_1313_1025_
10:57:29,16.00,11,44238,16.00_16.05_16.10_16.15_16.20_,2848_1811_4938_2740_4851_,15.95_15.90_15.85_15.80_15.75_,2117_1555_1575_1313_1025_
10:57:34,15.95,5,44243,16.00_16.05_16.10_16.15_16.20_,2849_1811_4938_2740_4851_,15.95_15.90_15.85_15.80_15.75_,2152_1555_1575_1313_1025_
10:57:39,15.95,2,44245,16.00_16.05_16.10_16.15_16.20_,2848_1801_4938_2740_4856_,15.95_15.90_15.85_15.80_15.75_,2151_1556_1575_1313_1025_
10:57:49,16.00,1,44246,16.00_16.05_16.10_16.15_16.20_,2847_1801_4938_2740_4856_,15.95_15.90_15.85_15.80_15.75_,2152_1557_1575_1313_1025_
10:57:54,16.00,1,44247,16.00_16.05_16.10_16.15_16.20_,2845_1801_4938_2740_4848_,15.95_15.90_15.85_15.80_15.75_,2151_1557_1573_1313_1025_
10:57:59,15.95,1,44248,16.00_16.05_16.10_16.15_16.20_,2846_1801_4938_2740_4853_,15.95_15.90_15.85_15.80_15.75_,2150_1557_1573_1313_1025_
10:58:04,15.95,1,44248,16.00_16.05_16.10_16.15_16.20_,2851_1801_4938_2740_4853_,15.95_15.90_15.85_15.80_15.75_,2150_1557_1573_1313_1025_
10:58:10,15.95,1,44248,16.00_16.05_16.10_16.15_16.20_,2860_1805_4938_2740_4853_,15.95_15.90_15.85_15.80_15.75_,2152_1557_1573_1313_1025_
10:58:15,15.95,1,44248,16.00_16.05_16.10_16.15_16.20_,2870_1805_4938_2740_4853_,15.95_15.90_15.85_15.80_15.75_,2152_1557_1573_1313_1025_
10:58:20,15.95,1,44248,16.00_16.05_16.10_16.15_16.20_,2872_1805_4938_2740_4853_,15.95_15.90_15.85_15.80_15.75_,2152_1557_1573_1313_1025_
10:58:25,16.00,9,44257,16.00_16.05_16.10_16.15_16.20_,2863_1805_4938_2740_4853_,15.95_15.90_15.85_15.80_15.75_,2152_1557_1573_1313_1025_
10:58:35,16.00,2,44259,16.00_16.05_16.10_16.15_16.20_,2863_1805_4938_2740_4853_,15.95_15.90_15.85_15.80_15.75_,2152_1557_1573_1313_1025_
10:58:40,15.95,10,44269,16.00_16.05_16.10_16.15_16.20_,2867_1795_4939_2740_4853_,15.95_15.90_15.85_15.80_15.75_,2142_1557_1573_1313_1025_
10:58:45,15.95,1,44270,16.00_16.05_16.10_16.15_16.20_,2866_1794_4939_2740_4853_,15.95_15.90_15.85_15.80_15.75_,2141_1557_1573_1313_1025_
10:58:51,15.95,1,44270,16.00_16.05_16.10_16.15_16.20_,2867_1799_4939_2740_4856_,15.95_15.90_15.85_15.80_15.75_,2141_1557_1573_1313_1025_
10:58:56,15.95,1,44270,16.00_16.05_16.10_16.15_16.20_,2868_1799_4947_2747_4856_,15.95_15.90_15.85_15.80_15.75_,2141_1557_1573_1313_1025_
10:59:01,15.95,2,44272,16.00_16.05_16.10_16.15_16.20_,2888_1799_4947_2747_4856_,15.95_15.90_15.85_15.80_15.75_,2139_1557_1573_1313_1025_
10:59:06,15.95,2,44272,16.00_16.05_16.10_16.15_16.20_,2895_1799_4950_2747_4856_,15.95_15.90_15.85_15.80_15.75_,2139_1557_1576_1313_1025_
10:59:11,16.00,4,44276,16.00_16.05_16.10_16.15_16.20_,2891_1799_4950_2747_4856_,15.95_15.90_15.85_15.80_15.75_,2139_1553_1576_1313_1025_
10:59:16,16.00,4,44276,16.00_16.05_16.10_16.15_16.20_,2896_1799_4950_2747_4856_,15.95_15.90_15.85_15.80_15.75_,2139_1553_1576_1313_1025_
10:59:21,16.00,4,44276,16.00_16.05_16.10_16.15_16.20_,2897_1799_4950_2747_4856_,15.95_15.90_15.85_15.80_15.75_,2139_1556_1576_1313_1025_
10:59:26,15.95,7,44283,16.00_16.05_16.10_16.15_16.20_,2898_1802_4950_2747_4857_,15.95_15.90_15.85_15.80_15.75_,2132_1556_1576_1313_1025_
10:59:31,16.00,25,44308,16.00_16.05_16.10_16.15_16.20_,2883_1802_4950_2747_4857_,15.95_15.90_15.85_15.80_15.75_,2132_1556_1576_1313_1025_
10:59:36,16.00,25,44308,16.00_16.05_16.10_16.15_16.20_,2928_1802_4950_2747_4857_,15.95_15.90_15.85_15.80_15.75_,2132_1556_1576_1313_1025_
10:59:42,16.00,25,44308,16.00_16.05_16.10_16.15_16.20_,2925_1802_4951_2747_4857_,15.95_15.90_15.85_15.80_15.75_,2132_1556_1576_1313_1025_
10:59:47,16.00,3,44311,16.00_16.05_16.10_16.15_16.20_,2932_1801_4955_2747_4857_,15.95_15.90_15.85_15.80_15.75_,2132_1557_1576_1313_1025_
10:59:52,15.95,3,44314,16.00_16.05_16.10_16.15_16.20_,2934_1805_4955_2747_4857_,15.95_15.90_15.85_15.80_15.75_,2130_1557_1576_1313_1025_
10:59:57,15.95,6,44320,16.00_16.05_16.10_16.15_16.20_,2933_1805_4955_2747_4857_,15.95_15.90_15.85_15.80_15.75_,2128_1557_1576_1313_1025_
11:00:02,15.95,10,44330,16.00_16.05_16.10_16.15_16.20_,2932_1805_4955_2747_4557_,15.95_15.90_15.85_15.80_15.75_,2118_1557_1576_1313_1025_
11:00:07,15.95,10,44330,16.00_16.05_16.10_16.15_16.20_,2935_1805_4955_2747_4554_,15.95_15.90_15.85_15.80_15.75_,2118_1557_1576_1313_1025_
11:00:17,15.95,10,44330,16.00_16.05_16.10_16.15_16.20_,2935_1805_4955_2747_4554_,15.95_15.90_15.85_15.80_15.75_,2117_1557_1563_1313_1025_
11:00:23,16.00,5,44335,16.00_16.05_16.10_16.15_16.20_,2931_1805_4955_2747_4556_,15.95_15.90_15.85_15.80_15.75_,2117_1557_1563_1313_1025_
11:00:28,16.00,28,44363,16.00_16.05_16.10_16.15_16.20_,2926_1805_4955_2747_4556_,15.95_15.90_15.85_15.80_15.75_,2167_1557_1563_1313_1025_
11:00:33,16.00,28,44363,16.00_16.05_16.10_16.15_16.20_,2921_1805_4955_2747_4557_,15.95_15.90_15.85_15.80_15.75_,2167_1557_1563_1313_1025_
11:00:38,16.00,28,44363,16.00_16.05_16.10_16.15_16.20_,2924_1805_4955_2747_4557_,15.95_15.90_15.85_15.80_15.75_,2167_1557_1561_1313_1025_
11:00:43,15.95,1,44364,16.00_16.05_16.10_16.15_16.20_,2923_1805_4955_2747_4557_,15.95_15.90_15.85_15.80_15.75_,2166_1557_1561_1313_1025_
11:00:48,15.95,1,44364,16.00_16.05_16.10_16.15_16.20_,2925_1805_4955_2747_4557_,15.95_15.90_15.85_15.80_15.75_,2166_1557_1561_1313_1025_
11:00:53,15.95,1,44364,16.00_16.05_16.10_16.15_16.20_,2924_1805_4957_2747_4557_,15.95_15.90_15.85_15.80_15.75_,2166_1557_1561_1313_1025_
11:01:04,15.95,5,44369,16.00_16.05_16.10_16.15_16.20_,2935_1805_4957_2747_4557_,15.95_15.90_15.85_15.80_15.75_,2161_1557_1561_1313_1025_
11:01:09,15.95,5,44369,16.00_16.05_16.10_16.15_16.20_,2935_1805_4957_2747_4556_,15.95_15.90_15.85_15.80_15.75_,2161_1557_1561_1313_1025_
11:01:14,15.95,5,44369,16.00_16.05_16.10_16.15_16.20_,2936_1805_4957_2747_4556_,15.95_15.90_15.85_15.80_15.75_,2161_1557_1561_1313_1025_
11:01:19,15.95,5,44369,16.00_16.05_16.10_16.15_16.20_,2946_1805_4957_2747_4556_,15.95_15.90_15.85_15.80_15.75_,2161_1557_1561_1313_1025_
11:01:29,15.95,5,44369,16.00_16.05_16.10_16.15_16.20_,2958_1806_4957_2747_4556_,15.95_15.90_15.85_15.80_15.75_,2161_1557_1561_1313_1025_
11:01:34,15.95,1,44370,16.00_16.05_16.10_16.15_16.20_,2962_1806_4957_2747_4556_,15.95_15.90_15.85_15.80_15.75_,2160_1557_1561_1313_1025_
11:01:39,16.00,9,44379,16.00_16.05_16.10_16.15_16.20_,2954_1806_4957_2747_4556_,15.95_15.90_15.85_15.80_15.75_,2160_1557_1561_1313_1025_
11:01:45,15.95,1,44380,16.00_16.05_16.10_16.15_16.20_,2956_1806_4956_2747_4556_,15.95_15.90_15.85_15.80_15.75_,2159_1557_1561_1314_1025_
11:01:50,15.95,4,44384,16.00_16.05_16.10_16.15_16.20_,2956_1806_4956_2747_4556_,15.95_15.90_15.85_15.80_15.75_,2155_1557_1561_1314_1025_
11:01:55,15.95,4,44384,16.00_16.05_16.10_16.15_16.20_,2956_1804_4956_2747_4556_,15.95_15.90_15.85_15.80_15.75_,2155_1557_1561_1314_1025_
11:02:00,15.95,4,44384,16.00_16.05_16.10_16.15_16.20_,2921_1803_4956_2747_4556_,15.95_15.90_15.85_15.80_15.75_,2162_1557_1561_1314_1025_
11:02:05,15.95,1,44385,16.00_16.05_16.10_16.15_16.20_,2981_1803_4956_2747_4504_,15.95_15.90_15.85_15.80_15.75_,2161_1557_1561_1314_1025_
11:02:10,15.95,1,44386,16.00_16.05_16.10_16.15_16.20_,2980_1803_4956_2747_4454_,15.95_15.90_15.85_15.80_15.75_,2160_1557_1561_1314_1025_
11:02:15,15.95,5,44391,16.00_16.05_16.10_16.15_16.20_,2976_1800_4956_2997_4454_,15.95_15.90_15.85_15.80_15.75_,2157_1561_1561_1314_1025_
11:02:20,15.95,3,44394,16.00_16.05_16.10_16.15_16.20_,2975_1800_4956_2997_4454_,15.95_15.90_15.85_15.80_15.75_,2167_1561_1561_1316_1025_
11:02:25,15.95,3,44394,16.00_16.05_16.10_16.15_16.20_,2992_1800_4956_2997_4454_,15.95_15.90_15.85_15.80_15.75_,2170_1561_1561_1316_1025_
11:02:31,15.95,3,44394,16.00_16.05_16.10_16.15_16.20_,2993_1800_4956_2997_4454_,15.95_15.90_15.85_15.80_15.75_,2170_1561_1561_1316_1025_
11:02:36,15.95,30,44424,16.00_16.05_16.10_16.15_16.20_,3007_1800_4956_2997_4459_,15.95_15.90_15.85_15.80_15.75_,2140_1561_1561_1316_1035_
11:02:41,16.00,8,44432,16.00_16.05_16.10_16.15_16.20_,3005_1799_4956_2997_4459_,15.95_15.90_15.85_15.80_15.75_,2140_1561_1562_1317_1036_
11:02:46,15.95,10,44442,16.00_16.05_16.10_16.15_16.20_,3005_1799_4956_2997_4459_,15.95_15.90_15.85_15.80_15.75_,2170_1561_1562_1317_1036_
11:02:56,16.00,20,44462,16.00_16.05_16.10_16.15_16.20_,2991_1799_4956_2997_4459_,15.95_15.90_15.85_15.80_15.75_,2170_1561_1562_1317_1036_
11:03:01,16.00,20,44462,16.00_16.05_16.10_16.15_16.20_,2991_1799_4951_2997_4460_,15.95_15.90_15.85_15.80_15.75_,2130_1561_1562_1317_1036_
11:03:06,16.00,40,44502,16.00_16.05_16.10_16.15_16.20_,2952_1799_4951_2997_4460_,15.95_15.90_15.85_15.80_15.75_,2130_1561_1562_1317_1036_
11:03:12,15.95,11,44513,16.00_16.05_16.10_16.15_16.20_,2952_1799_4951_2997_4460_,15.95_15.90_15.85_15.80_15.75_,2117_1561_1562_1317_1036_
11:03:17,16.00,71,44584,16.00_16.05_16.10_16.15_16.20_,2881_1799_4951_2997_4460_,15.95_15.90_15.85_15.80_15.75_,2078_1560_1567_1317_1036_
11:03:22,15.95,10,44594,16.00_16.05_16.10_16.15_16.20_,2882_1799_4951_2997_4458_,15.95_15.90_15.85_15.80_15.75_,2068_1560_1567_1317_1036_
11:03:27,15.95,8,44602,16.00_16.05_16.10_16.15_16.20_,2909_1799_4951_2997_4458_,15.95_15.90_15.85_15.80_15.75_,2063_1564_1567_1317_1036_
11:03:32,15.95,8,44602,16.00_16.05_16.10_16.15_16.20_,2909_1799_4951_2997_4459_,15.95_15.90_15.85_15.80_15.75_,2064_1564_1567_1317_1036_
11:03:37,15.95,3,44605,16.00_16.05_16.10_16.15_16.20_,2909_1799_4951_2997_4459_,15.95_15.90_15.85_15.80_15.75_,2061_1564_1567_1317_1036_
11:03:42,16.00,11,44616,16.00_16.05_16.10_16.15_16.20_,2897_1799_4951_2997_4459_,15.95_15.90_15.85_15.80_15.75_,2061_1564_1567_1317_1036_
11:03:53,15.95,3,44619,16.00_16.05_16.10_16.15_16.20_,2900_1799_4951_2997_4459_,15.95_15.90_15.85_15.80_15.75_,2058_1564_1567_1317_1036_
11:03:58,15.95,3,44619,16.00_16.05_16.10_16.15_16.20_,2951_1799_4951_2997_4459_,15.95_15.90_15.85_15.80_15.75_,2068_1564_1567_1317_1036_
11:04:03,15.95,10,44629,16.00_16.05_16.10_16.15_16.20_,2971_1799_4953_2997_4459_,15.95_15.90_15.85_15.80_15.75_,2063_1564_1567_1317_1036_
11:04:08,15.95,10,44629,16.00_16.05_16.10_16.15_16.20_,2982_1799_4953_2997_4459_,15.95_15.90_15.85_15.80_15.75_,2073_1564_1567_1317_1036_
11:04:13,15.95,2,44631,16.00_16.05_16.10_16.15_16.20_,2982_1799_4953_2997_4462_,15.95_15.90_15.85_15.80_15.75_,2076_1561_1567_1317_1036_
11:04:18,15.95,8,44639,16.00_16.05_16.10_16.15_16.20_,2982_1799_4953_2997_4462_,15.95_15.90_15.85_15.80_15.75_,2068_1561_1567_1317_1036_
11:04:23,16.00,5,44644,16.00_16.05_16.10_16.15_16.20_,2978_1799_4956_2997_4462_,15.95_15.90_15.85_15.80_15.75_,2068_1561_1567_1317_1036_
11:04:29,16.00,1,44645,16.00_16.05_16.10_16.15_16.20_,2977_1801_4956_2997_4462_,15.95_15.90_15.85_15.80_15.75_,2068_1561_1567_1317_1036_
11:04:34,16.00,19,44664,16.00_16.05_16.10_16.15_16.20_,2958_1801_4956_2997_4462_,15.95_15.90_15.85_15.80_15.75_,2068_1561_1567_1317_1036_
11:04:39,16.00,19,44664,16.00_16.05_16.10_16.15_16.20_,2959_1801_4956_2997_4462_,15.95_15.90_15.85_15.80_15.75_,2068_1562_1567_1317_1036_
11:04:44,16.00,8,44672,16.00_16.05_16.10_16.15_16.20_,2952_1801_4955_2997_4462_,15.95_15.90_15.85_15.80_15.75_,2068_1561_1567_1317_1036_
11:04:49,16.00,2,44674,16.00_16.05_16.10_16.15_16.20_,2949_1801_4955_2997_4462_,15.95_15.90_15.85_15.80_15.75_,2068_1561_1567_1317_1036_
11:04:54,16.00,2,44674,16.00_16.05_16.10_16.15_16.20_,2959_1801_4955_2997_4462_,15.95_15.90_15.85_15.80_15.75_,2071_1561_1567_1317_1036_
11:04:59,15.95,2,44676,16.00_16.05_16.10_16.15_16.20_,2958_1802_4955_2997_4462_,15.95_15.90_15.85_15.80_15.75_,2072_1561_1567_1317_1036_
11:05:05,15.95,8,44684,16.00_16.05_16.10_16.15_16.20_,2959_1802_4955_2997_4462_,15.95_15.90_15.85_15.80_15.75_,2065_1561_1567_1317_1036_
11:05:10,16.00,3,44687,16.00_16.05_16.10_16.15_16.20_,2956_1822_4955_2997_4462_,15.95_15.90_15.85_15.80_15.75_,2065_1561_1567_1312_1036_
11:05:15,16.00,3,44687,16.00_16.05_16.10_16.15_16.20_,2956_1822_4955_2997_4464_,15.95_15.90_15.85_15.80_15.75_,2066_1561_1567_1312_1036_
11:05:20,16.00,5,44692,16.00_16.05_16.10_16.15_16.20_,2956_1822_4955_2997_4464_,15.95_15.90_15.85_15.80_15.75_,2065_1561_1567_1312_1036_
11:05:25,16.00,3,44695,16.00_16.05_16.10_16.15_16.20_,2954_1822_4955_2997_4469_,15.95_15.90_15.85_15.80_15.75_,2062_1561_1568_1312_1036_
11:05:30,16.00,10,44705,16.00_16.05_16.10_16.15_16.20_,2935_1821_4955_2997_4469_,15.95_15.90_15.85_15.80_15.75_,2057_1561_1568_1312_1036_
11:05:35,16.00,47,44752,16.00_16.05_16.10_16.15_16.20_,2888_1821_4955_2997_4469_,15.95_15.90_15.85_15.80_15.75_,2057_1561_1568_1312_1036_
11:05:40,16.00,47,44752,16.00_16.05_16.10_16.15_16.20_,2894_1822_4955_2997_4469_,15.95_15.90_15.85_15.80_15.75_,2067_1561_1568_1312_1036_
11:05:46,16.00,9,44761,16.00_16.05_16.10_16.15_16.20_,2886_1822_4955_2997_4469_,15.95_15.90_15.85_15.80_15.75_,2067_1561_1568_1312_1036_
11:05:51,16.00,9,44761,16.00_16.05_16.10_16.15_16.20_,2898_1822_4955_2997_4469_,15.95_15.90_15.85_15.80_15.75_,2067_1561_1568_1312_1036_
11:05:56,16.00,30,44791,16.00_16.05_16.10_16.15_16.20_,2877_1822_4955_2997_4470_,15.95_15.90_15.85_15.80_15.75_,2127_1561_1568_1262_1036_
11:06:06,16.00,1,44792,16.00_16.05_16.10_16.15_16.20_,2892_1822_4955_2997_4473_,15.95_15.90_15.85_15.80_15.75_,2127_1561_1568_1262_1036_
11:06:11,16.00,1,44792,16.00_16.05_16.10_16.15_16.20_,2886_1822_4955_2997_4469_,15.95_15.90_15.85_15.80_15.75_,2127_1561_1568_1262_1036_
11:06:16,15.95,10,44802,16.00_16.05_16.10_16.15_16.20_,2890_1820_4956_2997_4469_,15.95_15.90_15.85_15.80_15.75_,2118_1561_1568_1262_1036_
11:06:21,15.95,10,44802,16.00_16.05_16.10_16.15_16.20_,2891_1820_4956_2997_4469_,15.95_15.90_15.85_15.80_15.75_,2118_1561_1568_1262_1036_
11:06:27,15.95,10,44802,16.00_16.05_16.10_16.15_16.20_,2891_1820_4956_2993_4469_,15.95_15.90_15.85_15.80_15.75_,2118_1561_1568_1262_1036_
11:06:32,15.95,1,44803,16.00_16.05_16.10_16.15_16.20_,2891_1820_4956_2993_4469_,15.95_15.90_15.85_15.80_15.75_,2117_1561_1568_1262_1036_
11:06:37,15.95,20,44823,16.00_16.05_16.10_16.15_16.20_,2891_1841_4956_2994_4469_,15.95_15.90_15.85_15.80_15.75_,2047_1561_1568_1262_1036_
11:06:42,15.95,20,44823,16.00_16.05_16.10_16.15_16.20_,2891_1841_4956_2994_4468_,15.95_15.90_15.85_15.80_15.75_,2047_1561_1568_1262_1036_
11:06:47,15.95,20,44823,16.00_16.05_16.10_16.15_16.20_,2891_1841_4956_2994_4466_,15.95_15.90_15.85_15.80_15.75_,2047_1561_1568_1262_1036_
11:06:52,16.00,59,44882,16.00_16.05_16.10_16.15_16.20_,2837_1840_4956_2994_4466_,15.95_15.90_15.85_15.80_15.75_,2047_1561_1568_1262_1036_
11:06:57,15.95,10,44892,16.00_16.05_16.10_16.15_16.20_,2835_1840_4957_2994_4466_,15.95_15.90_15.85_15.80_15.75_,2037_1561_1568_1262_1036_
11:07:02,16.00,50,44942,16.00_16.05_16.10_16.15_16.20_,2796_1840_4957_2994_4466_,15.95_15.90_15.85_15.80_15.75_,2039_1561_1568_1262_1036_
11:07:08,15.95,1,44943,16.00_16.05_16.10_16.15_16.20_,2797_1840_4957_2994_4466_,15.95_15.90_15.85_15.80_15.75_,2038_1561_1568_1262_1036_
11:07:13,15.95,3,44946,16.00_16.05_16.10_16.15_16.20_,2817_1840_4957_2994_4466_,15.95_15.90_15.85_15.80_15.75_,2037_1561_1568_1262_1036_
11:07:18,15.95,3,44946,16.00_16.05_16.10_16.15_16.20_,2818_1840_4957_2994_4466_,15.95_15.90_15.85_15.80_15.75_,2037_1561_1568_1262_1036_
11:07:23,15.95,7,44953,16.00_16.05_16.10_16.15_16.20_,2819_1840_4957_2994_4466_,15.95_15.90_15.85_15.80_15.75_,2032_1561_1568_1262_1036_
11:07:28,15.95,5,44958,16.00_16.05_16.10_16.15_16.20_,2822_1840_4957_2994_4466_,15.95_15.90_15.85_15.80_15.75_,2029_1561_1568_1262_1036_
11:07:33,15.95,3,44961,16.00_16.05_16.10_16.15_16.20_,2824_1840_4957_2994_4466_,15.95_15.90_15.85_15.80_15.75_,2028_1561_1568_1262_1036_
11:07:38,15.95,1,44962,16.00_16.05_16.10_16.15_16.20_,2824_1835_4962_2994_4491_,15.95_15.90_15.85_15.80_15.75_,2027_1561_1568_1272_1036_
11:07:44,15.95,1,44962,16.00_16.05_16.10_16.15_16.20_,2828_1835_4962_2995_4491_,15.95_15.90_15.85_15.80_15.75_,2027_1561_1568_1272_1036_
11:07:49,15.95,9,44971,16.00_16.05_16.10_16.15_16.20_,2828_1835_4962_2995_4493_,15.95_15.90_15.85_15.80_15.75_,2018_1561_1568_1272_1036_
11:07:54,15.95,9,44971,16.00_16.05_16.10_16.15_16.20_,2829_1835_4962_2995_4493_,15.95_15.90_15.85_15.80_15.75_,2018_1561_1568_1272_1036_
11:07:59,15.95,9,44971,16.00_16.05_16.10_16.15_16.20_,2837_1835_4965_2995_4493_,15.95_15.90_15.85_15.80_15.75_,2021_1561_1568_1272_1036_
11:08:04,16.00,9,44980,16.00_16.05_16.10_16.15_16.20_,2830_1836_4965_2995_4493_,15.95_15.90_15.85_15.80_15.75_,2025_1561_1568_1272_1036_
11:08:09,16.00,9,44980,16.00_16.05_16.10_16.15_16.20_,2842_1836_4965_2995_4493_,15.95_15.90_15.85_15.80_15.75_,2027_1561_1568_1272_1036_
11:08:14,15.95,2,44982,16.00_16.05_16.10_16.15_16.20_,2846_1836_4965_2995_4493_,15.95_15.90_15.85_15.80_15.75_,2025_1561_1568_1272_1036_
11:08:20,16.00,80,45062,16.00_16.05_16.10_16.15_16.20_,2773_1835_4965_2995_4494_,15.95_15.90_15.85_15.80_15.75_,1975_1561_1568_1324_1036_
11:08:25,16.00,5,45067,16.00_16.05_16.10_16.15_16.20_,2768_1835_4965_2995_4494_,15.95_15.90_15.85_15.80_15.75_,1975_1561_1568_1324_1036_
11:08:30,16.00,14,45081,16.00_16.05_16.10_16.15_16.20_,2754_1835_4966_2995_4494_,15.95_15.90_15.85_15.80_15.75_,1976_1562_1568_1324_1036_
11:08:35,16.00,2,45083,16.00_16.05_16.10_16.15_16.20_,2753_1835_4966_2995_4494_,15.95_15.90_15.85_15.80_15.75_,1976_1562_1568_1324_1036_
11:08:40,15.95,9,45092,16.00_16.05_16.10_16.15_16.20_,2754_1835_4966_2995_4494_,15.95_15.90_15.85_15.80_15.75_,1966_1566_1568_1324_1036_
11:08:45,15.95,1,45093,16.00_16.05_16.10_16.15_16.20_,2754_1836_4966_2995_4494_,15.95_15.90_15.85_15.80_15.75_,1965_1566_1568_1324_1036_
11:08:50,16.00,1,45094,16.00_16.05_16.10_16.15_16.20_,2753_1836_4966_2995_4498_,15.95_15.90_15.85_15.80_15.75_,1965_1566_1568_1324_1036_
11:08:55,16.00,1,45095,16.00_16.05_16.10_16.15_16.20_,2757_1836_4968_2995_4498_,15.95_15.90_15.85_15.80_15.75_,1965_1566_1568_1324_1036_
11:09:00,16.00,1,45095,16.00_16.05_16.10_16.15_16.20_,2757_1837_4969_2995_4498_,15.95_15.90_15.85_15.80_15.75_,2148_1566_1568_1324_1036_
11:09:06,16.00,1,45095,16.00_16.05_16.10_16.15_16.20_,2757_1837_4974_2995_4498_,15.95_15.90_15.85_15.80_15.75_,2148_1566_1568_1324_1036_
11:09:11,16.00,9,45104,16.00_16.05_16.10_16.15_16.20_,2875_1837_4974_2995_4509_,15.95_15.90_15.85_15.80_15.75_,2148_1566_1568_1324_1036_
11:09:16,16.00,9,45104,16.00_16.05_16.10_16.15_16.20_,2875_1837_4974_2995_4510_,15.95_15.90_15.85_15.80_15.75_,2148_1566_1568_1324_1036_
11:09:21,15.95,2,45106,16.00_16.05_16.10_16.15_16.20_,2874_1837_4974_2995_4510_,15.95_15.90_15.85_15.80_15.75_,2146_1566_1567_1324_1036_
11:09:26,15.95,4,45110,16.00_16.05_16.10_16.15_16.20_,2873_1837_4974_2995_4510_,15.95_15.90_15.85_15.80_15.75_,2142_1566_1567_1324_1036_
11:09:31,15.95,4,45110,16.00_16.05_16.10_16.15_16.20_,2873_1837_4974_2995_4510_,15.95_15.90_15.85_15.80_15.75_,2167_1566_1567_1324_1036_
11:09:36,16.00,10,45120,16.00_16.05_16.10_16.15_16.20_,2916_1837_4974_2995_4510_,15.95_15.90_15.85_15.80_15.75_,2168_1565_1567_1324_1036_
11:09:41,16.00,10,45120,16.00_16.05_16.10_16.15_16.20_,2918_1836_4974_2995_4510_,15.95_15.90_15.85_15.80_15.75_,2168_1565_1567_1324_1036_
11:09:52,15.95,75,45195,16.00_16.05_16.10_16.15_16.20_,2921_1836_4983_2995_4510_,15.95_15.90_15.85_15.80_15.75_,2101_1565_1567_1324_1036_
11:09:57,16.00,33,45228,16.00_16.05_16.10_16.15_16.20_,2801_1836_4983_2995_4511_,15.95_15.90_15.85_15.80_15.75_,2101_1570_1567_1324_1036_
11:10:02,15.95,21,45249,16.00_16.05_16.10_16.15_16.20_,2803_1836_4983_2995_4511_,15.95_15.90_15.85_15.80_15.75_,2080_1570_1567_1324_1036_
11:10:07,15.95,11,45260,16.00_16.05_16.10_16.15_16.20_,2804_1836_4983_2995_4511_,15.95_15.90_15.85_15.80_15.75_,2072_1570_1567_1314_1036_
11:10:12,16.00,6,45266,16.00_16.05_16.10_16.15_16.20_,2798_1836_4983_2995_4522_,15.95_15.90_15.85_15.80_15.75_,2076_1566_1567_1314_1036_
11:10:17,16.00,9,45275,16.00_16.05_16.10_16.15_16.20_,2777_1836_4983_2995_4522_,15.95_15.90_15.85_15.80_15.75_,2076_1566_1567_1314_1036_
11:10:22,16.00,5,45280,16.00_16.05_16.10_16.15_16.20_,2774_1836_4983_2995_4522_,15.95_15.90_15.85_15.80_15.75_,2118_1566_1567_1314_1036_
11:10:27,16.00,5,45280,16.00_16.05_16.10_16.15_16.20_,2775_1836_4984_2995_4523_,15.95_15.90_15.85_15.80_15.75_,2125_1567_1567_1315_1036_
11:10:33,16.00,5,45280,16.00_16.05_16.10_16.15_16.20_,2777_1836_4984_2995_4523_,15.95_15.90_15.85_15.80_15.75_,2125_1567_1567_1315_1028_
11:10:38,16.00,5,45280,16.00_16.05_16.10_16.15_16.20_,2767_1836_4984_2995_4523_,15.95_15.90_15.85_15.80_15.75_,2125_1567_1567_1315_1028_
11:10:43,15.95,1,45281,16.00_16.05_16.10_16.15_16.20_,2767_1836_4984_2995_4523_,15.95_15.90_15.85_15.80_15.75_,2124_1567_1567_1315_1028_
11:10:48,16.00,20,45301,16.00_16.05_16.10_16.15_16.20_,2756_1836_4984_2990_4523_,15.95_15.90_15.85_15.80_15.75_,2124_1567_1567_1316_1028_
11:10:53,15.95,4,45305,16.00_16.05_16.10_16.15_16.20_,2756_1836_4974_2990_4523_,15.95_15.90_15.85_15.80_15.75_,2120_1567_1565_1316_1028_
11:10:58,15.95,40,45345,16.00_16.05_16.10_16.15_16.20_,2716_1836_4976_2990_4523_,15.95_15.90_15.85_15.80_15.75_,2080_1567_1565_1316_1028_
11:11:09,15.95,40,45345,16.00_16.05_16.10_16.15_16.20_,2717_1836_4976_2990_4523_,15.95_15.90_15.85_15.80_15.75_,2086_1567_1565_1316_1028_
11:11:14,16.00,1,45346,16.00_16.05_16.10_16.15_16.20_,2717_1836_4976_2990_4523_,15.95_15.90_15.85_15.80_15.75_,2090_1567_1565_1316_1028_
11:11:19,16.00,1,45346,16.00_16.05_16.10_16.15_16.20_,2717_1836_4976_2790_4524_,15.95_15.90_15.85_15.80_15.75_,2085_1567_1565_1316_1028_
11:11:24,15.95,100,45446,16.00_16.05_16.10_16.15_16.20_,2717_1836_4976_2790_4524_,15.95_15.90_15.85_15.80_15.75_,1785_1567_1565_1316_1028_
11:11:29,16.00,17,45463,16.00_16.05_16.10_16.15_16.20_,2700_1836_5176_2790_4524_,15.95_15.90_15.85_15.80_15.75_,1785_1566_1565_1315_1028_
11:11:34,15.95,200,45663,16.00_16.05_16.10_16.15_16.20_,2702_1836_5176_2789_4534_,15.95_15.90_15.85_15.80_15.75_,1703_1566_1565_1315_1028_
11:11:39,15.95,200,45863,16.00_16.05_16.10_16.15_16.20_,2713_1837_5176_2789_4534_,15.95_15.90_15.85_15.80_15.75_,1519_1561_1562_1315_1028_
11:11:44,15.95,40,45903,16.00_16.05_16.10_16.15_16.20_,2715_1837_5176_2789_4534_,15.95_15.90_15.85_15.80_15.75_,1479_1571_1562_1315_1028_
11:11:50,15.95,40,45903,16.00_16.05_16.10_16.15_16.20_,2715_1838_5186_2789_4534_,15.95_15.90_15.85_15.80_15.75_,1286_1571_1562_1315_1028_
11:11:55,16.00,200,46103,16.00_16.05_16.10_16.15_16.20_,2520_1838_5186_2789_4534_,15.95_15.90_15.85_15.80_15.75_,1636_1581_1562_1315_1028_
11:12:00,16.00,200,46103,16.00_16.05_16.10_16.15_16.20_,2571_1838_5186_2789_4534_,15.95_15.90_15.85_15.80_15.75_,1626_1578_1562_1315_1028_
11:12:05,15.95,2,46105,16.00_16.05_16.10_16.15_16.20_,2571_1838_5186_2789_4534_,15.95_15.90_15.85_15.80_15.75_,1624_1578_1564_1315_1028_
11:12:10,16.00,4,46109,16.00_16.05_16.10_16.15_16.20_,2794_1843_5186_2789_4534_,15.95_15.90_15.85_15.80_15.75_,1622_1574_1564_1315_1028_
11:12:15,15.95,2,46111,16.00_16.05_16.10_16.15_16.20_,2795_1843_5186_2790_4534_,15.95_15.90_15.85_15.80_15.75_,1620_1574_1564_1315_1028_
11:12:20,16.00,1,46112,16.00_16.05_16.10_16.15_16.20_,2797_1843_5186_2790_4534_,15.95_15.90_15.85_15.80_15.75_,1621_1573_1564_1315_1028_
11:12:25,16.00,10,46122,16.00_16.05_16.10_16.15_16.20_,2789_1843_5186_2790_4534_,15.95_15.90_15.85_15.80_15.75_,1621_1573_1564_1315_1028_
11:12:31,16.00,10,46122,16.00_16.05_16.10_16.15_16.20_,2794_1843_5186_2790_4534_,15.95_15.90_15.85_15.80_15.75_,1621_1573_1564_1315_1028_
11:12:36,16.00,6,46128,16.00_16.05_16.10_16.15_16.20_,2795_1843_5186_2790_4531_,15.95_15.90_15.85_15.80_15.75_,1621_1573_1564_1315_1028_
11:12:41,16.00,6,46128,16.00_16.05_16.10_16.15_16.20_,2795_1843_5186_2790_4536_,15.95_15.90_15.85_15.80_15.75_,1621_1573_1564_1315_1028_
11:12:46,16.00,6,46128,16.00_16.05_16.10_16.15_16.20_,2805_1843_5191_2790_4536_,15.95_15.90_15.85_15.80_15.75_,1621_1573_1564_1315_1028_
11:12:51,16.00,6,46128,16.00_16.05_16.10_16.15_16.20_,2808_1843_5191_2793_4536_,15.95_15.90_15.85_15.80_15.75_,1637_1573_1564_1315_1028_
11:12:56,15.95,1,46129,16.00_16.05_16.10_16.15_16.20_,2812_1844_5191_2793_4543_,15.95_15.90_15.85_15.80_15.75_,1636_1574_1564_1315_1028_
11:13:01,15.95,1,46129,16.00_16.05_16.10_16.15_16.20_,2812_1844_5191_2793_4543_,15.95_15.90_15.85_15.80_15.75_,1638_1574_1564_1315_1028_
11:13:06,16.00,3,46132,16.00_16.05_16.10_16.15_16.20_,2804_1854_5191_2793_4543_,15.95_15.90_15.85_15.80_15.75_,1638_1574_1564_1315_1028_
11:13:17,16.00,20,46152,16.00_16.05_16.10_16.15_16.20_,2782_1854_5191_2793_4595_,15.95_15.90_15.85_15.80_15.75_,1638_1574_1564_1315_1028_
11:13:22,15.95,22,46174,16.00_16.05_16.10_16.15_16.20_,2775_1852_5191_2793_4595_,15.95_15.90_15.85_15.80_15.75_,1616_1574_1565_1315_1028_
11:13:27,15.95,1,46175,16.00_16.05_16.10_16.15_16.20_,2776_1852_5190_2793_4595_,15.95_15.90_15.85_15.80_15.75_,1615_1574_1565_1315_1028_
11:13:32,15.95,2,46177,16.00_16.05_16.10_16.15_16.20_,2777_1852_5190_2793_4595_,15.95_15.90_15.85_15.80_15.75_,1613_1574_1565_1315_1028_
11:13:37,15.95,1,46178,16.00_16.05_16.10_16.15_16.20_,2781_1852_5190_2793_4595_,15.95_15.90_15.85_15.80_15.75_,1674_1574_1565_1315_1028_
11:13:53,15.95,32,46210,16.00_16.05_16.10_16.15_16.20_,2782_1852_5190_2793_4595_,15.95_15.90_15.85_15.80_15.75_,1648_1574_1565_1315_1028_
11:14:03,15.95,14,46224,16.00_16.05_16.10_16.15_16.20_,2823_1852_5159_2793_4595_,15.95_15.90_15.85_15.80_15.75_,1634_1574_1565_1315_1028_
11:14:08,15.95,14,46224,16.00_16.05_16.10_16.15_16.20_,2849_1852_5159_2793_4595_,15.95_15.90_15.85_15.80_15.75_,1773_1578_1565_1315_1028_
11:14:13,16.00,1,46225,16.00_16.05_16.10_16.15_16.20_,2847_1852_5159_2793_4595_,15.95_15.90_15.85_15.80_15.75_,1785_1576_1565_1315_1028_
11:14:18,15.95,1,46226,16.00_16.05_16.10_16.15_16.20_,2847_1852_5159_2793_4595_,15.95_15.90_15.85_15.80_15.75_,1787_1575_1365_1315_1028_
11:14:23,15.95,5,46231,16.00_16.05_16.10_16.15_16.20_,2847_1852_5169_2793_4595_,15.95_15.90_15.85_15.80_15.75_,1782_1575_1365_1315_1028_
11:14:29,15.95,5,46231,16.00_16.05_16.10_16.15_16.20_,2850_1852_5169_2793_4595_,15.95_15.90_15.85_15.80_15.75_,1782_1575_1365_1315_1028_
11:14:34,15.95,1,46232,16.00_16.05_16.10_16.15_16.20_,2807_1852_5169_2793_4595_,15.95_15.90_15.85_15.80_15.75_,1781_1575_1365_1315_1028_
11:14:39,15.95,2,46234,16.00_16.05_16.10_16.15_16.20_,2839_1852_5169_2793_4595_,15.95_15.90_15.85_15.80_15.75_,1779_1575_1365_1316_1028_
11:14:44,15.95,1,46235,16.00_16.05_16.10_16.15_16.20_,2839_1852_5169_2793_4594_,15.95_15.90_15.85_15.80_15.75_,1778_1575_1365_1316_1028_
11:14:49,15.95,1,46235,16.00_16.05_16.10_16.15_16.20_,2839_1852_5169_2793_4594_,15.95_15.90_15.85_15.80_15.75_,1781_1575_1365_1316_1028_
11:14:54,15.95,1,46235,16.00_16.05_16.10_16.15_16.20_,2801_1852_5169_2793_4594_,15.95_15.90_15.85_15.80_15.75_,1797_1585_1365_1316_1028_
11:15:00,15.95,4,46239,16.00_16.05_16.10_16.15_16.20_,2871_1852_5169_2793_4604_,15.95_15.90_15.85_15.80_15.75_,1793_1585_1365_1316_1028_
11:15:05,15.95,4,46239,16.00_16.05_16.10_16.15_16.20_,2871_1852_5159_2793_4605_,15.95_15.90_15.85_15.80_15.75_,2107_1587_1363_1316_1028_
11:15:10,15.95,19,46258,16.00_16.05_16.10_16.15_16.20_,2871_1852_5159_2793_4605_,15.95_15.90_15.85_15.80_15.75_,2093_1589_1363_1316_1029_
11:15:20,15.95,19,46258,16.00_16.05_16.10_16.15_16.20_,2871_1852_5159_2793_4605_,15.95_15.90_15.85_15.80_15.75_,2093_1589_1365_1316_1029_
11:15:25,15.95,19,46258,16.00_16.05_16.10_16.15_16.20_,2871_1852_5159_2793_4609_,15.95_15.90_15.85_15.80_15.75_,2093_1589_1365_1316_1029_
11:15:35,15.95,1,46259,16.00_16.05_16.10_16.15_16.20_,2873_1852_5160_2793_4609_,15.95_15.90_15.85_15.80_15.75_,2102_1589_1365_1316_1029_
11:15:41,15.95,1,46259,16.00_16.05_16.10_16.15_16.20_,2874_1852_5160_2793_4609_,15.95_15.90_15.85_15.80_15.75_,2052_1589_1365_1316_1029_
11:15:46,16.00,50,46309,16.00_16.05_16.10_16.15_16.20_,2831_1852_5160_2793_4609_,15.95_15.90_15.85_15.80_15.75_,2052_1589_1365_1316_1029_
11:15:51,16.00,50,46309,16.00_16.05_16.10_16.15_16.20_,2833_1852_5160_2793_4609_,15.95_15.90_15.85_15.80_15.75_,2052_1589_1365_1316_1029_
11:15:56,15.95,2,46311,16.00_16.05_16.10_16.15_16.20_,2831_1852_5160_2793_4609_,15.95_15.90_15.85_15.80_15.75_,2085_1589_1365_1316_1029_
11:16:01,15.95,2,46311,16.00_16.05_16.10_16.15_16.20_,2937_1852_5160_2793_4609_,15.95_15.90_15.85_15.80_15.75_,2085_1589_1365_1316_1029_
11:16:06,15.95,2,46311,16.00_16.05_16.10_16.15_16.20_,2948_1852_5160_2793_4609_,15.95_15.90_15.85_15.80_15.75_,1797_1589_1365_1316_1029_
11:16:11,15.95,1,46312,16.00_16.05_16.10_16.15_16.20_,2950_1852_5160_2793_4609_,15.95_15.90_15.85_15.80_15.75_,1794_1588_1364_1316_1029_
11:16:16,15.95,4,46316,16.00_16.05_16.10_16.15_16.20_,2951_1852_5160_2795_4611_,15.95_15.90_15.85_15.80_15.75_,1790_1588_1364_1318_1031_
11:16:22,15.95,4,46316,16.00_16.05_16.10_16.15_16.20_,2951_1852_5160_2795_4611_,15.95_15.90_15.85_15.80_15.75_,1797_1588_1364_1318_1031_
11:16:27,16.00,18,46334,16.00_16.05_16.10_16.15_16.20_,2933_1852_5161_2795_4611_,15.95_15.90_15.85_15.80_15.75_,1784_1587_1364_1318_1031_
11:16:32,15.95,15,46349,16.00_16.05_16.10_16.15_16.20_,2934_1853_5161_2795_4611_,15.95_15.90_15.85_15.80_15.75_,1769_1587_1364_1319_1031_
11:16:37,15.95,15,46349,16.00_16.05_16.10_16.15_16.20_,2989_1854_5161_2795_4611_,15.95_15.90_15.85_15.80_15.75_,1769_1587_1364_1319_1031_
11:16:42,15.95,15,46349,16.00_16.05_16.10_16.15_16.20_,2991_1854_5161_2795_4611_,15.95_15.90_15.85_15.80_15.75_,1773_1587_1364_1319_1031_
11:16:47,15.95,15,46349,16.00_16.05_16.10_16.15_16.20_,2989_1854_5161_2795_4611_,15.95_15.90_15.85_15.80_15.75_,1768_1587_1364_1319_1031_
11:16:52,15.95,1,46350,16.00_16.05_16.10_16.15_16.20_,2990_1853_5161_2795_4607_,15.95_15.90_15.85_15.80_15.75_,1767_1587_1364_1319_1031_
11:16:57,15.95,1,46350,16.00_16.05_16.10_16.15_16.20_,2994_1853_5161_2795_4607_,15.95_15.90_15.85_15.80_15.75_,1767_1587_1364_1449_1031_
11:17:03,15.95,5,46355,16.00_16.05_16.10_16.15_16.20_,2994_1853_5161_2795_4607_,15.95_15.90_15.85_15.80_15.75_,1762_1587_1364_1449_1031_
11:17:08,15.95,5,46355,16.00_16.05_16.10_16.15_16.20_,3127_1853_5161_2815_4607_,15.95_15.90_15.85_15.80_15.75_,1762_1587_1364_1449_1031_
11:17:13,15.95,4,46359,16.00_16.05_16.10_16.15_16.20_,3136_1853_5161_2815_4607_,15.95_15.90_15.85_15.80_15.75_,1758_1592_1364_1449_1031_
11:17:18,15.95,4,46359,16.00_16.05_16.10_16.15_16.20_,3136_1853_5161_2815_4607_,15.95_15.90_15.85_15.80_15.75_,1758_1598_1364_1449_1031_
11:17:23,15.95,1,46360,16.00_16.05_16.10_16.15_16.20_,3137_1853_5163_2815_4607_,15.95_15.90_15.85_15.80_15.75_,1758_1598_1364_1448_1030_
11:17:33,15.95,1,46360,16.00_16.05_16.10_16.15_16.20_,3128_1853_5163_2815_4607_,15.95_15.90_15.85_15.80_15.75_,1758_1598_1364_1448_1030_
11:17:38,15.95,2,46362,16.00_16.05_16.10_16.15_16.20_,3151_1853_5163_2815_4607_,15.95_15.90_15.85_15.80_15.75_,1746_1598_1364_1448_1030_
11:17:44,15.95,2,46362,16.00_16.05_16.10_16.15_16.20_,3153_1853_5163_2815_4607_,15.95_15.90_15.85_15.80_15.75_,1746_1598_1364_1448_1030_
11:17:49,15.95,2,46362,16.00_16.05_16.10_16.15_16.20_,3155_1853_5163_2815_4607_,15.95_15.90_15.85_15.80_15.75_,1746_1598_1364_1448_1030_
11:17:54,15.95,6,46368,16.00_16.05_16.10_16.15_16.20_,3155_1853_5163_2815_4607_,15.95_15.90_15.85_15.80_15.75_,1740_1598_1364_1448_1030_
11:18:04,15.95,20,46404,16.00_16.05_16.10_16.15_16.20_,3150_1854_5168_2815_4607_,15.95_15.90_15.85_15.80_15.75_,1744_1398_1364_1448_1030_
11:18:09,15.95,1,46405,16.00_16.05_16.10_16.15_16.20_,3150_1854_5160_2815_4607_,15.95_15.90_15.85_15.80_15.75_,1743_1398_1364_1448_1030_
11:18:14,15.95,1,46405,16.00_16.05_16.10_16.15_16.20_,3152_1854_5160_2815_4607_,15.95_15.90_15.85_15.80_15.75_,1743_1398_1364_1448_1030_
11:18:20,15.95,4,46409,16.00_16.05_16.10_16.15_16.20_,3151_1853_5160_2815_4607_,15.95_15.90_15.85_15.80_15.75_,1754_1398_1364_1448_1030_
11:18:25,16.00,3,46412,16.00_16.05_16.10_16.15_16.20_,3148_1853_5160_2815_4607_,15.95_15.90_15.85_15.80_15.75_,1754_1398_1368_1448_1030_
11:18:35,16.00,3,46412,16.00_16.05_16.10_16.15_16.20_,3149_1853_5160_2815_4607_,15.95_15.90_15.85_15.80_15.75_,1754_1398_1368_1448_1030_
11:18:40,16.00,3,46412,16.00_16.05_16.10_16.15_16.20_,3157_1853_5160_2815_4607_,15.95_15.90_15.85_15.80_15.75_,1754_1398_1368_1448_1030_
11:18:45,16.00,3,46412,16.00_16.05_16.10_16.15_16.20_,3161_1853_5160_2815_4607_,15.95_15.90_15.85_15.80_15.75_,1754_1398_1368_1448_1030_
11:18:50,16.00,3,46412,16.00_16.05_16.10_16.15_16.20_,3166_1853_5160_2814_4607_,15.95_15.90_15.85_15.80_15.75_,1754_1398_1368_1448_1030_
11:18:55,16.00,12,46424,16.00_16.05_16.10_16.15_16.20_,3156_1853_5163_2814_4607_,15.95_15.90_15.85_15.80_15.75_,1716_1398_1368_1448_1030_
11:19:00,16.00,12,46424,16.00_16.05_16.10_16.15_16.20_,3158_1853_5163_2814_4607_,15.95_15.90_15.85_15.80_15.75_,1751_1398_1368_1448_1030_
11:19:06,15.95,2,46426,16.00_16.05_16.10_16.15_16.20_,3159_1854_5163_2814_4608_,15.95_15.90_15.85_15.80_15.75_,1750_1398_1368_1448_1030_
11:19:11,16.00,5,46431,16.00_16.05_16.10_16.15_16.20_,3155_1860_5163_2814_4608_,15.95_15.90_15.85_15.80_15.75_,1750_1394_1368_1448_1030_
11:19:21,16.00,5,46431,16.00_16.05_16.10_16.15_16.20_,3162_1860_5163_2814_4608_,15.95_15.90_15.85_15.80_15.75_,1791_1394_1368_1448_1030_
11:19:26,15.95,4,46435,16.00_16.05_16.10_16.15_16.20_,3165_1860_5163_2814_4608_,15.95_15.90_15.85_15.80_15.75_,1787_1394_1368_1448_1030_
11:19:31,16.00,1,46436,16.00_16.05_16.10_16.15_16.20_,3174_1854_5163_2814_4608_,15.95_15.90_15.85_15.80_15.75_,1786_1396_1368_1448_1030_
11:19:36,16.00,1,46436,16.00_16.05_16.10_16.15_16.20_,3170_1854_5163_2814_4608_,15.95_15.90_15.85_15.80_15.75_,1786_1396_1368_1448_1030_
11:19:41,15.95,2,46438,16.00_16.05_16.10_16.15_16.20_,3170_1855_5163_2814_4608_,15.95_15.90_15.85_15.80_15.75_,1784_1396_1368_1448_1030_
11:19:47,15.95,2,46438,16.00_16.05_16.10_16.15_16.20_,3198_1853_5163_2814_4608_,15.95_15.90_15.85_15.80_15.75_,1788_1396_1368_1448_1030_
11:19:52,15.95,2,46438,16.00_16.05_16.10_16.15_16.20_,3200_1853_5163_2814_4608_,15.95_15.90_15.85_15.80_15.75_,1788_1396_1368_1448_1030_
11:19:57,15.95,2,46440,16.00_16.05_16.10_16.15_16.20_,3212_1853_5163_2814_4612_,15.95_15.90_15.85_15.80_15.75_,1787_1386_1368_1448_1030_
11:20:02,15.95,2,46440,16.00_16.05_16.10_16.15_16.20_,3213_1853_5163_2814_4612_,15.95_15.90_15.85_15.80_15.75_,1787_1386_1368_1448_1030_
11:20:07,16.00,10,46450,16.00_16.05_16.10_16.15_16.20_,3203_1853_5163_2814_4612_,15.95_15.90_15.85_15.80_15.75_,1787_1386_1368_1448_1030_
11:20:12,16.00,4,46454,16.00_16.05_16.10_16.15_16.20_,3199_1853_5163_2814_4612_,15.95_15.90_15.85_15.80_15.75_,1783_1386_1368_1448_1030_
11:20:17,15.95,1,46455,16.00_16.05_16.10_16.15_16.20_,3199_1853_5163_2814_4612_,15.95_15.90_15.85_15.80_15.75_,1782_1386_1368_1448_1030_
11:20:22,16.00,5,46460,16.00_16.05_16.10_16.15_16.20_,3195_1853_5163_2814_4612_,15.95_15.90_15.85_15.80_15.75_,1785_1387_1368_1448_1030_
11:20:28,16.00,5,46460,16.00_16.05_16.10_16.15_16.20_,3197_1853_5168_2814_4612_,15.95_15.90_15.85_15.80_15.75_,1785_1387_1368_1448_1030_
11:20:33,15.95,8,46468,16.00_16.05_16.10_16.15_16.20_,3196_1853_5168_2814_4612_,15.95_15.90_15.85_15.80_15.75_,1777_1387_1368_1448_1030_
11:20:38,16.00,10,46478,16.00_16.05_16.10_16.15_16.20_,3186_1853_5168_2811_4612_,15.95_15.90_15.85_15.80_15.75_,1775_1387_1368_1448_1030_
11:20:48,16.00,1,46479,16.00_16.05_16.10_16.15_16.20_,3188_1853_5168_2811_4612_,15.95_15.90_15.85_15.80_15.75_,1775_1387_1368_1448_1030_
11:20:53,16.00,1,46479,16.00_16.05_16.10_16.15_16.20_,3206_1853_5168_2811_4602_,15.95_15.90_15.85_15.80_15.75_,1775_1387_1368_1448_1030_
11:20:58,16.00,1,46479,16.00_16.05_16.10_16.15_16.20_,3206_1853_5168_2811_4605_,15.95_15.90_15.85_15.80_15.75_,1775_1387_1368_1448_1030_
11:21:04,16.00,1,46479,16.00_16.05_16.10_16.15_16.20_,3206_1855_5168_2811_4605_,15.95_15.90_15.85_15.80_15.75_,1777_1407_1368_1448_1030_
11:21:09,15.95,4,46483,16.00_16.05_16.10_16.15_16.20_,3219_1855_5168_2811_4605_,15.95_15.90_15.85_15.80_15.75_,1773_1407_1368_1448_1030_
11:21:14,15.95,4,46483,16.00_16.05_16.10_16.15_16.20_,3219_1855_5169_2811_4607_,15.95_15.90_15.85_15.80_15.75_,1773_1407_1368_1448_1030_
11:21:19,16.00,9,46492,16.00_16.05_16.10_16.15_16.20_,3211_1855_5172_2811_4607_,15.95_15.90_15.85_15.80_15.75_,1773_1407_1368_1448_1030_
11:21:24,16.00,15,46507,16.00_16.05_16.10_16.15_16.20_,3196_1855_5172_2811_4607_,15.95_15.90_15.85_15.80_15.75_,1775_1411_1368_1448_1030_
11:21:29,15.95,1,46508,16.00_16.05_16.10_16.15_16.20_,3197_1856_5172_2811_4607_,15.95_15.90_15.85_15.80_15.75_,1814_1411_1368_1448_1030_
11:21:34,15.95,1,46508,16.00_16.05_16.10_16.15_16.20_,3197_1854_5170_2811_4607_,15.95_15.90_15.85_15.80_15.75_,1814_1411_1368_1448_1030_
11:21:40,15.95,1,46508,16.00_16.05_16.10_16.15_16.20_,3199_1854_5160_2811_4607_,15.95_15.90_15.85_15.80_15.75_,1814_1411_1368_1448_1032_
11:21:45,15.95,1,46508,16.00_16.05_16.10_16.15_16.20_,3204_1855_5160_2811_4607_,15.95_15.90_15.85_15.80_15.75_,1815_1412_1368_1448_1032_
11:21:50,15.95,5,46513,16.00_16.05_16.10_16.15_16.20_,3200_1857_5160_2811_4607_,15.95_15.90_15.85_15.80_15.75_,1810_1412_1368_1448_1032_
11:21:55,15.95,5,46513,16.00_16.05_16.10_16.15_16.20_,3201_1857_5160_2811_4607_,15.95_15.90_15.85_15.80_15.75_,1810_1412_1368_1448_1032_
11:22:05,15.95,7,46520,16.00_16.05_16.10_16.15_16.20_,3201_1857_5160_2811_4607_,15.95_15.90_15.85_15.80_15.75_,1803_1412_1368_1448_1032_
11:22:10,15.95,5,46525,16.00_16.05_16.10_16.15_16.20_,3202_1857_5160_2811_4607_,15.95_15.90_15.85_15.80_15.75_,1798_1412_1368_1448_1032_
11:22:15,15.95,5,46525,16.00_16.05_16.10_16.15_16.20_,3212_1867_5160_2811_4608_,15.95_15.90_15.85_15.80_15.75_,1798_1412_1368_1448_1032_
11:22:21,15.95,9,46534,16.00_16.05_16.10_16.15_16.20_,3157_1867_5160_2811_4608_,15.95_15.90_15.85_15.80_15.75_,1797_1412_1368_1448_1032_
11:22:26,15.95,1,46535,16.00_16.05_16.10_16.15_16.20_,3158_1867_5160_2811_4608_,15.95_15.90_15.85_15.80_15.75_,1796_1412_1368_1448_1032_
11:22:31,15.95,1,46535,16.00_16.05_16.10_16.15_16.20_,3141_1867_5160_2811_4608_,15.95_15.90_15.85_15.80_15.75_,1806_1412_1368_1448_1032_
11:22:41,15.95,1,46536,16.00_16.05_16.10_16.15_16.20_,3141_1867_5160_2811_4608_,15.95_15.90_15.85_15.80_15.75_,1805_1412_1368_1448_1032_
11:22:46,15.95,55,46591,16.00_16.05_16.10_16.15_16.20_,3092_1867_5160_2811_4615_,15.95_15.90_15.85_15.80_15.75_,1750_1412_1368_1448_1032_
11:22:51,15.95,5,46596,16.00_16.05_16.10_16.15_16.20_,3174_1866_5160_2811_4615_,15.95_15.90_15.85_15.80_15.75_,1745_1412_1368_1448_1032_
11:22:56,15.95,5,46596,16.00_16.05_16.10_16.15_16.20_,3176_1866_5160_2811_4615_,15.95_15.90_15.85_15.80_15.75_,1745_1412_1368_1448_1032_
11:23:02,15.95,14,46610,16.00_16.05_16.10_16.15_16.20_,3173_1866_5160_2811_4615_,15.95_15.90_15.85_15.80_15.75_,1731_1412_1368_1448_1034_
11:23:07,15.95,1,46611,16.00_16.05_16.10_16.15_16.20_,3174_1866_5160_2811_4615_,15.95_15.90_15.85_15.80_15.75_,1740_1412_1368_1448_1034_
11:23:12,15.95,2,46613,16.00_16.05_16.10_16.15_16.20_,3169_1866_5160_2811_4615_,15.95_15.90_15.85_15.80_15.75_,1738_1412_1368_1448_1034_
11:23:17,15.95,1,46614,16.00_16.05_16.10_16.15_16.20_,3202_1866_5161_2811_4615_,15.95_15.90_15.85_15.80_15.75_,1735_1412_1368_1448_1034_
11:23:22,16.00,8,46622,16.00_16.05_16.10_16.15_16.20_,3215_1866_5161_2811_4615_,15.95_15.90_15.85_15.80_15.75_,1735_1412_1368_1448_1034_
11:23:27,15.95,1,46623,16.00_16.05_16.10_16.15_16.20_,3214_1866_5161_2811_4615_,15.95_15.90_15.85_15.80_15.75_,1734_1412_1368_1448_1034_
11:23:43,15.95,1,46623,16.00_16.05_16.10_16.15_16.20_,3215_1846_5161_2811_4615_,15.95_15.90_15.85_15.80_15.75_,1734_1412_1368_1448_1034_
11:23:48,15.95,1,46623,16.00_16.05_16.10_16.15_16.20_,3216_1845_5161_2811_4615_,15.95_15.90_15.85_15.80_15.75_,1734_1412_1368_1448_1034_
11:23:53,15.95,4,46627,16.00_16.05_16.10_16.15_16.20_,3214_1856_5166_2811_4615_,15.95_15.90_15.85_15.80_15.75_,1730_1412_1368_1448_1034_
11:23:58,15.95,8,46635,16.00_16.05_16.10_16.15_16.20_,3214_1856_5166_2811_4615_,15.95_15.90_15.85_15.80_15.75_,1726_1412_1368_1448_1034_
11:24:08,15.95,8,46635,16.00_16.05_16.10_16.15_16.20_,3213_1856_5166_2811_4611_,15.95_15.90_15.85_15.80_15.75_,1726_1412_1368_1445_1034_
11:24:13,15.95,26,46661,16.00_16.05_16.10_16.15_16.20_,3215_1855_5166_2811_4615_,15.95_15.90_15.85_15.80_15.75_,1707_1412_1368_1445_1034_
11:24:19,15.95,26,46661,16.00_16.05_16.10_16.15_16.20_,3243_1855_5166_2811_4615_,15.95_15.90_15.85_15.80_15.75_,1707_1412_1368_1445_1034_
11:24:24,15.95,26,46661,16.00_16.05_16.10_16.15_16.20_,3245_1856_5166_2811_4615_,15.95_15.90_15.85_15.80_15.75_,1707_1412_1368_1445_1034_
11:24:34,15.95,1,46662,16.00_16.05_16.10_16.15_16.20_,3246_1856_5166_2811_4615_,15.95_15.90_15.85_15.80_15.75_,1706_1412_1368_1445_1034_
11:24:39,15.95,3,46665,16.00_16.05_16.10_16.15_16.20_,3243_1856_5166_2811_4615_,15.95_15.90_15.85_15.80_15.75_,1703_1412_1368_1445_1034_
11:24:44,15.95,9,46674,16.00_16.05_16.10_16.15_16.20_,3243_1856_5166_2871_4615_,15.95_15.90_15.85_15.80_15.75_,1699_1412_1368_1445_1034_
11:24:49,15.95,4,46678,16.00_16.05_16.10_16.15_16.20_,3243_1856_5166_2871_4615_,15.95_15.90_15.85_15.80_15.75_,1695_1412_1369_1445_1034_
11:25:00,15.95,4,46678,16.00_16.05_16.10_16.15_16.20_,3243_1856_5166_2871_4615_,15.95_15.90_15.85_15.80_15.75_,1875_1412_1369_1448_1034_
11:25:05,15.95,10,46688,16.00_16.05_16.10_16.15_16.20_,3244_1856_5166_2871_4615_,15.95_15.90_15.85_15.80_15.75_,1865_1412_1369_1448_1034_
11:25:10,16.00,4,46692,16.00_16.05_16.10_16.15_16.20_,3247_1856_5167_2871_4615_,15.95_15.90_15.85_15.80_15.75_,1865_1408_1369_1448_1034_
11:25:15,16.00,13,46705,16.00_16.05_16.10_16.15_16.20_,3234_1857_5167_2871_4615_,15.95_15.90_15.85_15.80_15.75_,1860_1408_1369_1448_1034_
11:25:20,16.00,103,46808,16.00_16.05_16.10_16.15_16.20_,3132_1856_5167_2871_4615_,15.95_15.90_15.85_15.80_15.75_,1857_1408_1369_1448_1034_
11:25:25,16.00,3,46811,16.00_16.05_16.10_16.15_16.20_,3129_1856_5168_2871_4615_,15.95_15.90_15.85_15.80_15.75_,1855_1408_1369_1448_1034_
11:25:30,15.95,4,46815,16.00_16.05_16.10_16.15_16.20_,3128_1856_5168_2871_4615_,15.95_15.90_15.85_15.80_15.75_,1854_1408_1369_1448_1034_
11:25:36,15.95,4,46815,16.00_16.05_16.10_16.15_16.20_,3129_1856_5168_2871_4615_,15.95_15.90_15.85_15.80_15.75_,1854_1408_1369_1448_1034_
11:25:41,15.95,15,46830,16.00_16.05_16.10_16.15_16.20_,3129_1856_5168_2871_4625_,15.95_15.90_15.85_15.80_15.75_,1840_1408_1369_1448_1034_
11:25:46,15.95,9,46839,16.00_16.05_16.10_16.15_16.20_,3138_1856_5173_2871_4625_,15.95_15.90_15.85_15.80_15.75_,1836_1408_1369_1448_1034_
11:25:51,15.95,9,46839,16.00_16.05_16.10_16.15_16.20_,3148_1856_5175_2871_4625_,15.95_15.90_15.85_15.80_15.75_,1836_1408_1369_1448_1034_
11:25:56,15.95,9,46839,16.00_16.05_16.10_16.15_16.20_,3148_1856_5177_2871_4625_,15.95_15.90_15.85_15.80_15.75_,1836_1408_1369_1448_1034_
11:26:01,15.95,9,46839,16.00_16.05_16.10_16.15_16.20_,3149_1856_5177_2871_4625_,15.95_15.90_15.85_15.80_15.75_,1886_1408_1369_1448_1034_
11:26:06,15.95,9,46839,16.00_16.05_16.10_16.15_16.20_,3150_1857_5177_2871_4627_,15.95_15.90_15.85_15.80_15.75_,1887_1408_1369_1448_1034_
11:26:11,15.95,5,46844,16.00_16.05_16.10_16.15_16.20_,3147_1857_5177_2871_4627_,15.95_15.90_15.85_15.80_15.75_,1882_1408_1369_1448_1034_
11:26:17,16.00,8,46852,16.00_16.05_16.10_16.15_16.20_,3139_1857_5177_2871_4627_,15.95_15.90_15.85_15.80_15.75_,1882_1408_1369_1448_1034_
11:26:22,16.00,8,46852,16.00_16.05_16.10_16.15_16.20_,3141_1857_5177_2871_4627_,15.95_15.90_15.85_15.80_15.75_,1904_1408_1369_1448_1034_
11:26:27,16.00,8,46852,16.00_16.05_16.10_16.15_16.20_,3142_1857_5191_2871_4627_,15.95_15.90_15.85_15.80_15.75_,1904_1408_1369_1448_1034_
11:26:32,15.95,10,46862,16.00_16.05_16.10_16.15_16.20_,3144_1857_5191_2871_4628_,15.95_15.90_15.85_15.80_15.75_,1893_1408_1369_1448_1034_
11:26:37,15.95,5,46867,16.00_16.05_16.10_16.15_16.20_,3150_1857_5192_2871_4626_,15.95_15.90_15.85_15.80_15.75_,1903_1405_1369_1448_1034_
11:26:42,15.95,9,46876,16.00_16.05_16.10_16.15_16.20_,3155_1857_5192_2871_4596_,15.95_15.90_15.85_15.80_15.75_,1895_1405_1369_1448_1034_
11:26:47,15.95,5,46881,16.00_16.05_16.10_16.15_16.20_,3155_1857_5192_2871_4596_,15.95_15.90_15.85_15.80_15.75_,1896_1405_1369_1448_1034_
11:26:52,16.00,3,46884,16.00_16.05_16.10_16.15_16.20_,3154_1859_5192_2871_4596_,15.95_15.90_15.85_15.80_15.75_,1898_1406_1369_1448_1034_
11:26:58,15.95,9,46893,16.00_16.05_16.10_16.15_16.20_,3153_1859_5192_2871_4596_,15.95_15.90_15.85_15.80_15.75_,1900_1406_1369_1450_1034_
11:27:03,15.95,3,46896,16.00_16.05_16.10_16.15_16.20_,3155_1860_5192_2871_4596_,15.95_15.90_15.85_15.80_15.75_,1899_1406_1369_1450_1034_
11:27:08,15.95,3,46896,16.00_16.05_16.10_16.15_16.20_,3154_1860_5192_2871_4596_,15.95_15.90_15.85_15.80_15.75_,1899_1406_1369_1450_1034_
11:27:13,15.95,5,46901,16.00_16.05_16.10_16.15_16.20_,3154_1860_5192_2871_4596_,15.95_15.90_15.85_15.80_15.75_,1894_1405_1369_1450_1034_
11:27:18,16.00,19,46920,16.00_16.05_16.10_16.15_16.20_,3139_1860_5192_2872_4596_,15.95_15.90_15.85_15.80_15.75_,1893_1405_1369_1450_1034_
11:27:23,16.00,19,46920,16.00_16.05_16.10_16.15_16.20_,3119_1860_5194_2872_4596_,15.95_15.90_15.85_15.80_15.75_,1893_1405_1369_1449_1034_
11:27:34,15.95,9,46929,16.00_16.05_16.10_16.15_16.20_,3129_1860_5194_2872_4596_,15.95_15.90_15.85_15.80_15.75_,1882_1405_1369_1449_1034_
11:27:39,15.95,4,46933,16.00_16.05_16.10_16.15_16.20_,3127_1861_5194_2872_4591_,15.95_15.90_15.85_15.80_15.75_,1878_1406_1369_1449_1034_
11:27:44,16.00,77,47010,16.00_16.05_16.10_16.15_16.20_,3049_1861_5199_2872_4591_,15.95_15.90_15.85_15.80_15.75_,1825_1404_1369_1449_1034_
11:27:49,16.00,5,47015,16.00_16.05_16.10_16.15_16.20_,3045_1871_5199_2872_4591_,15.95_15.90_15.85_15.80_15.75_,1803_1408_1369_1449_1034_
11:27:54,16.00,5,47015,16.00_16.05_16.10_16.15_16.20_,3048_1871_5209_2872_4591_,15.95_15.90_15.85_15.80_15.75_,1803_1408_1369_1449_1034_
11:27:59,16.00,5,47015,16.00_16.05_16.10_16.15_16.20_,3050_1871_5219_2872_4591_,15.95_15.90_15.85_15.80_15.75_,1803_1408_1369_1449_1034_
11:28:04,15.95,11,47026,16.00_16.05_16.10_16.15_16.20_,3049_1871_5219_2872_4591_,15.95_15.90_15.85_15.80_15.75_,1792_1408_1369_1449_1034_
11:28:09,15.95,11,47026,16.00_16.05_16.10_16.15_16.20_,3058_1871_5219_2882_4592_,15.95_15.90_15.85_15.80_15.75_,1792_1410_1369_1449_1034_
11:28:15,15.95,11,47026,16.00_16.05_16.10_16.15_16.20_,3062_1870_5219_2882_4592_,15.95_15.90_15.85_15.80_15.75_,1792_1410_1369_1449_1034_
11:28:20,16.00,11,47037,16.00_16.05_16.10_16.15_16.20_,3051_1870_5222_2882_4602_,15.95_15.90_15.85_15.80_15.75_,1792_1410_1369_1449_1034_
11:28:25,16.00,11,47037,16.00_16.05_16.10_16.15_16.20_,3053_1870_5222_2882_4602_,15.95_15.90_15.85_15.80_15.75_,1814_1410_1369_1449_1034_
11:28:30,15.95,23,47060,16.00_16.05_16.10_16.15_16.20_,3053_1869_5222_2882_4603_,15.95_15.90_15.85_15.80_15.75_,1794_1410_1369_1449_1034_
11:28:35,15.95,1,47061,16.00_16.05_16.10_16.15_16.20_,3052_1869_5222_2882_4603_,15.95_15.90_15.85_15.80_15.75_,1793_1410_1369_1449_1034_
11:28:40,15.95,1,47061,16.00_16.05_16.10_16.15_16.20_,3052_1869_5222_2882_4603_,15.95_15.90_15.85_15.80_15.75_,1803_1410_1369_1449_1034_
11:28:45,15.95,1,47061,16.00_16.05_16.10_16.15_16.20_,3059_1869_5222_2882_4603_,15.95_15.90_15.85_15.80_15.75_,1803_1410_1369_1449_1034_
11:28:50,15.95,1,47061,16.00_16.05_16.10_16.15_16.20_,3060_1869_5222_2882_4603_,15.95_15.90_15.85_15.80_15.75_,1803_1410_1369_1449_1034_
11:29:01,15.95,61,47122,16.00_16.05_16.10_16.15_16.20_,3062_1888_5223_2882_4604_,15.95_15.90_15.85_15.80_15.75_,1742_1410_1369_1449_1034_
11:29:06,15.95,50,47172,16.00_16.05_16.10_16.15_16.20_,3065_1887_5223_2882_4604_,15.95_15.90_15.85_15.80_15.75_,1692_1410_1369_1449_1034_
11:29:11,15.95,5,47177,16.00_16.05_16.10_16.15_16.20_,3067_1887_5223_2882_4604_,15.95_15.90_15.85_15.80_15.75_,1663_1410_1369_1449_1034_
11:29:21,15.95,6,47183,16.00_16.05_16.10_16.15_16.20_,3067_1886_5223_2882_4604_,15.95_15.90_15.85_15.80_15.75_,1659_1410_1369_1449_1034_
11:29:26,15.95,9,47192,16.00_16.05_16.10_16.15_16.20_,3069_1886_5223_2882_4604_,15.95_15.90_15.85_15.80_15.75_,1658_1410_1369_1449_1034_
11:29:36,16.00,32,47224,16.00_16.05_16.10_16.15_16.20_,3037_1886_5223_2882_4604_,15.95_15.90_15.85_15.80_15.75_,1659_1410_1369_1449_1034_
11:29:42,15.95,4,47228,16.00_16.05_16.10_16.15_16.20_,3035_1884_5223_2882_4604_,15.95_15.90_15.85_15.80_15.75_,1657_1410_1369_1449_1034_
11:29:47,15.95,4,47228,16.00_16.05_16.10_16.15_16.20_,3036_1884_5223_2882_4604_,15.95_15.90_15.85_15.80_15.75_,1657_1410_1369_1449_1034_
11:29:52,15.95,4,47228,16.00_16.05_16.10_16.15_16.20_,3034_1884_5223_2882_4604_,15.95_15.90_15.85_15.80_15.75_,1659_1410_1369_1449_1034_
11:29:57,15.95,4,47228,16.00_16.05_16.10_16.15_16.20_,3033_1885_5223_2882_4604_,15.95_15.90_15.85_15.80_15.75_,1659_1410_1369_1449_1034_
11:30:02,15.95,10,47238,16.00_16.05_16.10_16.15_16.20_,3043_1885_5223_2882_4604_,15.95_15.90_15.85_15.80_15.75_,1649_1410_1369_1449_1034_
11:30:07,16.00,59,47297,16.00_16.05_16.10_16.15_16.20_,2985_1885_5223_2882_4604_,15.95_15.90_15.85_15.80_15.75_,1649_1410_1369_1449_1034_
11:30:12,16.00,4,47301,16.00_16.05_16.10_16.15_16.20_,2984_1885_5223_2882_4604_,15.95_15.90_15.85_15.80_15.75_,1608_1406_1369_1449_1034_
11:30:17,15.95,9,47310,16.00_16.05_16.10_16.15_16.20_,2987_1885_5223_2882_4604_,15.95_15.90_15.85_15.80_15.75_,1599_1406_1369_1449_1034_
11:30:23,16.00,8,47318,16.00_16.05_16.10_16.15_16.20_,2982_1885_5223_2882_4604_,15.95_15.90_15.85_15.80_15.75_,1607_1406_1369_1449_1034_
11:30:28,15.95,10,47328,16.00_16.05_16.10_16.15_16.20_,2979_1885_5223_2882_4604_,15.95_15.90_15.85_15.80_15.75_,1598_1407_1369_1449_1034_
11:30:33,16.00,1,47329,16.00_16.05_16.10_16.15_16.20_,2978_1885_5223_2882_4604_,15.95_15.90_15.85_15.80_15.75_,1603_1407_1369_1449_1034_
11:30:38,15.95,7,47336,16.00_16.05_16.10_16.15_16.20_,3022_1885_5223_2882_4604_,15.95_15.90_15.85_15.80_15.75_,1596_1408_1369_1449_1034_
11:30:43,15.95,7,47336,16.00_16.05_16.10_16.15_16.20_,3030_1885_5226_2877_4604_,15.95_15.90_15.85_15.80_15.75_,1596_1408_1369_1449_1034_
11:30:48,15.95,7,47336,16.00_16.05_16.10_16.15_16.20_,3030_1885_5226_2877_4604_,15.95_15.90_15.85_15.80_15.75_,1597_1408_1369_1449_1034_
11:30:53,16.00,16,47352,16.00_16.05_16.10_16.15_16.20_,3014_1885_5226_2877_4604_,15.95_15.90_15.85_15.80_15.75_,1598_1408_1369_1449_1034_
11:30:58,16.00,16,47352,16.00_16.05_16.10_16.15_16.20_,3017_1885_5226_2877_4604_,15.95_15.90_15.85_15.80_15.75_,1609_1408_1369_1449_1034_
11:31:04,16.00,16,47352,16.00_16.05_16.10_16.15_16.20_,3021_1885_5226_2877_4604_,15.95_15.90_15.85_15.80_15.75_,1609_1408_1369_1449_1034_
11:31:09,15.95,4,47356,16.00_16.05_16.10_16.15_16.20_,3318_1885_5226_2877_4604_,15.95_15.90_15.85_15.80_15.75_,1605_1408_1369_1449_1034_
11:31:14,15.95,4,47356,16.00_16.05_16.10_16.15_16.20_,3328_1885_5226_2877_4604_,15.95_15.90_15.85_15.80_15.75_,1615_1408_1369_1449_1034_
11:31:19,15.95,42,47398,16.00_16.05_16.10_16.15_16.20_,3278_1885_5226_2877_4604_,15.95_15.90_15.85_15.80_15.75_,1575_1408_1369_1449_1034_
11:31:24,15.95,42,47398,16.00_16.05_16.10_16.15_16.20_,3278_1885_5226_2877_4604_,15.95_15.90_15.85_15.80_15.75_,1583_1408_1369_1449_1034_
11:31:29,15.95,42,47398,16.00_16.05_16.10_16.15_16.20_,3305_1887_5226_2877_4604_,15.95_15.90_15.85_15.80_15.75_,1583_1408_1369_1449_1034_
11:31:34,15.95,10,47408,16.00_16.05_16.10_16.15_16.20_,3306_1887_5226_2877_4604_,15.95_15.90_15.85_15.80_15.75_,1573_1408_1369_1449_1034_
11:31:39,15.95,4,47412,16.00_16.05_16.10_16.15_16.20_,3306_1887_5226_2877_4604_,15.95_15.90_15.85_15.80_15.75_,1560_1407_1360_1449_1034_
11:31:45,15.95,4,47412,16.00_16.05_16.10_16.15_16.20_,3306_1887_5226_2877_4604_,15.95_15.90_15.85_15.80_15.75_,1559_1407_1360_1449_1034_
11:31:55,15.95,2,47414,16.00_16.05_16.10_16.15_16.20_,3306_1887_5226_2877_4604_,15.95_15.90_15.85_15.80_15.75_,1557_1407_1360_1429_1034_
11:32:00,15.95,2,47414,16.00_16.05_16.10_16.15_16.20_,3307_1887_5227_2877_4604_,15.95_15.90_15.85_15.80_15.75_,1555_1407_1360_1429_1034_
11:32:10,15.95,2,47414,16.00_16.05_16.10_16.15_16.20_,3308_1887_5227_2877_4602_,15.95_15.90_15.85_15.80_15.75_,1555_1407_1360_1432_1034_
11:32:15,15.95,9,47423,16.00_16.05_16.10_16.15_16.20_,3311_1887_5227_2877_4602_,15.95_15.90_15.85_15.80_15.75_,1546_1407_1360_1432_1034_
11:32:20,15.95,9,47423,16.00_16.05_16.10_16.15_16.20_,3311_1889_5227_2877_4602_,15.95_15.90_15.85_15.80_15.75_,1546_1407_1360_1432_1034_
11:32:26,15.95,1,47424,16.00_16.05_16.10_16.15_16.20_,3312_1889_5227_2877_4606_,15.95_15.90_15.85_15.80_15.75_,1545_1407_1360_1432_1034_
11:32:31,15.95,10,47434,16.00_16.05_16.10_16.15_16.20_,3313_1889_5217_2877_4606_,15.95_15.90_15.85_15.80_15.75_,1525_1407_1360_1432_1034_
11:32:36,15.95,10,47434,16.00_16.05_16.10_16.15_16.20_,3313_1890_5217_2877_4606_,15.95_15.90_15.85_15.80_15.75_,1525_1407_1360_1432_1034_
11:32:41,16.00,10,47444,16.00_16.05_16.10_16.15_16.20_,3309_1890_5217_2877_4606_,15.95_15.90_15.85_15.80_15.75_,1524_1407_1360_1432_1034_
11:32:51,16.00,10,47444,16.00_16.05_16.10_16.15_16.20_,3313_1890_5217_2877_4606_,15.95_15.90_15.85_15.80_15.75_,1524_1406_1360_1432_1034_
11:32:56,15.95,4,47448,16.00_16.05_16.10_16.15_16.20_,3310_1890_5217_2877_4606_,15.95_15.90_15.85_15.80_15.75_,1521_1406_1360_1432_1034_
11:33:01,15.95,4,47448,16.00_16.05_16.10_16.15_16.20_,3311_1889_5217_2877_4606_,15.95_15.90_15.85_15.80_15.75_,1521_1406_1360_1432_1034_
11:33:07,15.95,9,47457,16.00_16.05_16.10_16.15_16.20_,3312_1889_5217_2875_4606_,15.95_15.90_15.85_15.80_15.75_,1513_1406_1360_1432_1034_
11:33:12,15.95,1,47458,16.00_16.05_16.10_16.15_16.20_,3312_1891_5217_2875_4616_,15.95_15.90_15.85_15.80_15.75_,1512_1406_1360_1432_1034_
11:33:17,15.95,25,47483,16.00_16.05_16.10_16.15_16.20_,3312_1891_5217_2875_4616_,15.95_15.90_15.85_15.80_15.75_,1487_1406_1360_1432_1034_
11:33:22,15.95,25,47483,16.00_16.05_16.10_16.15_16.20_,3313_1891_5217_2875_4616_,15.95_15.90_15.85_15.80_15.75_,1487_1406_1360_1432_1034_
11:33:27,15.95,2,47485,16.00_16.05_16.10_16.15_16.20_,3316_1891_5217_2875_4618_,15.95_15.90_15.85_15.80_15.75_,1490_1406_1360_1432_1034_
11:33:32,16.00,2,47487,16.00_16.05_16.10_16.15_16.20_,3367_1891_5217_2825_4620_,15.95_15.90_15.85_15.80_15.75_,1490_1401_1360_1432_1014_
11:33:37,16.00,2,47487,16.00_16.05_16.10_16.15_16.20_,3369_1891_5217_2825_4620_,15.95_15.90_15.85_15.80_15.75_,1489_1401_1360_1432_1014_
11:33:42,16.00,2,47487,16.00_16.05_16.10_16.15_16.20_,3370_1891_5217_2825_4620_,15.95_15.90_15.85_15.80_15.75_,1489_1398_1360_1432_1014_
11:33:48,16.00,9,47496,16.00_16.05_16.10_16.15_16.20_,3362_1891_5217_2825_4620_,15.95_15.90_15.85_15.80_15.75_,1489_1398_1360_1432_1014_
11:33:53,15.95,1,47497,16.00_16.05_16.10_16.15_16.20_,3368_1891_5217_2825_4615_,15.95_15.90_15.85_15.80_15.75_,1488_1398_1360_1432_1014_
11:33:58,15.95,10,47507,16.00_16.05_16.10_16.15_16.20_,3368_1891_5217_2825_4615_,15.95_15.90_15.85_15.80_15.75_,1485_1398_1360_1432_1014_
11:34:03,15.95,9,47516,16.00_16.05_16.10_16.15_16.20_,3369_1891_5217_2825_4615_,15.95_15.90_15.85_15.80_15.75_,1477_1402_1360_1432_1014_
11:34:08,15.95,1,47517,16.00_16.05_16.10_16.15_16.20_,3370_1892_5218_2825_4617_,15.95_15.90_15.85_15.80_15.75_,1488_1402_1360_1432_1014_
11:34:13,15.95,1,47517,16.00_16.05_16.10_16.15_16.20_,3370_1892_5218_2825_4615_,15.95_15.90_15.85_15.80_15.75_,1488_1402_1360_1432_1014_
11:34:29,16.00,1,47518,16.00_16.05_16.10_16.15_16.20_,3373_1891_5218_2825_4615_,15.95_15.90_15.85_15.80_15.75_,1488_1402_1360_1432_1014_
11:34:34,15.95,6,47524,16.00_16.05_16.10_16.15_16.20_,3385_1891_5218_2825_4617_,15.95_15.90_15.85_15.80_15.75_,1482_1402_1360_1432_1014_
11:34:39,15.95,2,47526,16.00_16.05_16.10_16.15_16.20_,3385_1891_5218_2825_4617_,15.95_15.90_15.85_15.80_15.75_,1520_1402_1360_1432_1014_
11:34:44,15.95,2,47526,16.00_16.05_16.10_16.15_16.20_,3386_1891_5218_2825_4617_,15.95_15.90_15.85_15.80_15.75_,1520_1402_1360_1432_1014_
11:34:49,16.00,8,47534,16.00_16.05_16.10_16.15_16.20_,3387_1891_5218_2825_4617_,15.95_15.90_15.85_15.80_15.75_,1526_1402_1360_1432_1014_
11:34:54,15.95,9,47543,16.00_16.05_16.10_16.15_16.20_,3387_1891_5218_2825_4617_,15.95_15.90_15.85_15.80_15.75_,1517_1402_1360_1432_1014_
11:35:00,15.95,9,47543,16.00_16.05_16.10_16.15_16.20_,3392_1891_5218_2825_4617_,15.95_15.90_15.85_15.80_15.75_,1517_1402_1360_1432_1014_
11:35:05,16.00,4,47547,16.00_16.05_16.10_16.15_16.20_,3388_1891_5218_2825_4617_,15.95_15.90_15.85_15.80_15.75_,1517_1402_1360_1432_1014_
11:35:10,16.00,4,47547,16.00_16.05_16.10_16.15_16.20_,3389_1891_5213_2825_4617_,15.95_15.90_15.85_15.80_15.75_,1517_1403_1360_1432_1014_
11:35:15,16.00,4,47547,16.00_16.05_16.10_16.15_16.20_,3391_1891_5213_2825_4619_,15.95_15.90_15.85_15.80_15.75_,1517_1403_1360_1432_1014_
11:35:20,15.95,4,47551,16.00_16.05_16.10_16.15_16.20_,3392_1891_5214_2825_4619_,15.95_15.90_15.85_15.80_15.75_,1513_1403_1360_1432_1015_
11:35:25,15.95,4,47551,16.00_16.05_16.10_16.15_16.20_,3405_1891_5211_2825_4619_,15.95_15.90_15.85_15.80_15.75_,1510_1407_1361_1432_1015_
11:35:30,15.95,4,47551,16.00_16.05_16.10_16.15_16.20_,3406_1892_5211_2825_4619_,15.95_15.90_15.85_15.80_15.75_,1508_1407_1361_1432_1015_
11:35:35,15.95,4,47551,16.00_16.05_16.10_16.15_16.20_,3410_1892_5211_2825_4619_,15.95_15.90_15.85_15.80_15.75_,1508_1407_1361_1432_1015_
11:35:41,15.95,1,47552,16.00_16.05_16.10_16.15_16.20_,3432_1894_5211_2825_4619_,15.95_15.90_15.85_15.80_15.75_,1508_1406_1361_1432_1015_
11:35:46,16.00,2,47554,16.00_16.05_16.10_16.15_16.20_,3430_1894_5211_2825_4619_,15.95_15.90_15.85_15.80_15.75_,1508_1406_1361_1432_1015_
11:35:51,15.95,9,47563,16.00_16.05_16.10_16.15_16.20_,3432_1894_5211_2825_4619_,15.95_15.90_15.85_15.80_15.75_,1499_1406_1361_1432_1015_
11:35:56,16.00,8,47571,16.00_16.05_16.10_16.15_16.20_,3425_1894_5211_2825_4619_,15.95_15.90_15.85_15.80_15.75_,1499_1406_1361_1432_1015_
11:36:01,16.00,8,47571,16.00_16.05_16.10_16.15_16.20_,3415_1893_5211_2825_4619_,15.95_15.90_15.85_15.80_15.75_,1499_1406_1361_1432_1015_
11:36:06,16.00,8,47571,16.00_16.05_16.10_16.15_16.20_,3416_1893_5211_2825_4619_,15.95_15.90_15.85_15.80_15.75_,1499_1406_1361_1432_1015_
11:36:11,16.00,8,47571,16.00_16.05_16.10_16.15_16.20_,3416_1893_5211_2825_4619_,15.95_15.90_15.85_15.80_15.75_,1503_1402_1361_1432_1015_
11:36:16,16.00,8,47571,16.00_16.05_16.10_16.15_16.20_,3417_1894_5211_2825_4619_,15.95_15.90_15.85_15.80_15.75_,1503_1402_1361_1432_1015_
11:36:22,15.95,2,47573,16.00_16.05_16.10_16.15_16.20_,3419_1894_5211_2825_4619_,15.95_15.90_15.85_15.80_15.75_,1501_1402_1361_1432_1015_
11:36:32,15.95,2,47573,16.00_16.05_16.10_16.15_16.20_,3436_1894_5211_2825_4634_,15.95_15.90_15.85_15.80_15.75_,1501_1402_1361_1432_1015_
11:36:37,15.95,1,47574,16.00_16.05_16.10_16.15_16.20_,3436_1894_5211_2825_4634_,15.95_15.90_15.85_15.80_15.75_,1500_1402_1361_1432_1015_
11:36:42,15.95,18,47592,16.00_16.05_16.10_16.15_16.20_,3436_1894_5211_2825_4634_,15.95_15.90_15.85_15.80_15.75_,1482_1402_1361_1432_1015_
11:36:47,15.95,4,47596,16.00_16.05_16.10_16.15_16.20_,3434_1894_5211_2825_4635_,15.95_15.90_15.85_15.80_15.75_,1478_1402_1361_1432_1015_
11:36:52,16.00,8,47604,16.00_16.05_16.10_16.15_16.20_,3426_1894_5211_2825_4635_,15.95_15.90_15.85_15.80_15.75_,1478_1402_1361_1432_1015_
11:36:57,15.95,10,47614,16.00_16.05_16.10_16.15_16.20_,3425_1894_5211_2825_4635_,15.95_15.90_15.85_15.80_15.75_,1468_1402_1361_1432_1015_
11:37:03,15.95,10,47614,16.00_16.05_16.10_16.15_16.20_,3425_1894_5211_2825_4643_,15.95_15.90_15.85_15.80_15.75_,1468_1402_1361_1432_1015_
11:37:08,15.95,2,47616,16.00_16.05_16.10_16.15_16.20_,3425_1895_5211_2825_4643_,15.95_15.90_15.85_15.80_15.75_,1468_1402_1361_1432_1015_
11:37:13,15.95,2,47616,16.00_16.05_16.10_16.15_16.20_,3437_1894_5211_2825_4643_,15.95_15.90_15.85_15.80_15.75_,1468_1402_1361_1432_1015_
11:37:18,15.95,2,47616,16.00_16.05_16.10_16.15_16.20_,3441_1894_5211_2825_4643_,15.95_15.90_15.85_15.80_15.75_,1468_1402_1361_1432_1015_
11:37:23,15.95,2,47618,16.00_16.05_16.10_16.15_16.20_,3441_1894_5211_2825_4643_,15.95_15.90_15.85_15.80_15.75_,1469_1402_1361_1432_1015_
11:37:28,15.95,10,47628,16.00_16.05_16.10_16.15_16.20_,3442_1893_5211_2825_4643_,15.95_15.90_15.85_15.80_15.75_,1459_1402_1360_1432_1015_
11:37:33,15.95,14,47642,16.00_16.05_16.10_16.15_16.20_,3442_1893_5211_2825_4643_,15.95_15.90_15.85_15.80_15.75_,1445_1402_1360_1432_1015_
11:37:38,15.95,1,47643,16.00_16.05_16.10_16.15_16.20_,3442_1893_5211_2825_4643_,15.95_15.90_15.85_15.80_15.75_,1444_1402_1360_1431_1015_
11:37:49,16.00,7,47650,16.00_16.05_16.10_16.15_16.20_,3435_1893_5212_2825_4643_,15.95_15.90_15.85_15.80_15.75_,1444_1402_1360_1431_1015_
11:37:54,16.00,17,47667,16.00_16.05_16.10_16.15_16.20_,3420_1893_5212_2825_4644_,15.95_15.90_15.85_15.80_15.75_,1455_1402_1360_1431_1015_
11:37:59,15.95,5,47672,16.00_16.05_16.10_16.15_16.20_,3416_1893_5212_2825_4644_,15.95_15.90_15.85_15.80_15.75_,1450_1402_1360_1431_1015_
11:38:04,15.95,5,47672,16.00_16.05_16.10_16.15_16.20_,3418_1893_5212_2825_4644_,15.95_15.90_15.85_15.80_15.75_,1452_1402_1360_1431_1015_
11:38:09,15.95,1,47673,16.00_16.05_16.10_16.15_16.20_,3417_1893_5212_2825_4644_,15.95_15.90_15.85_15.80_15.75_,1451_1402_1360_1431_1015_
11:38:14,15.95,1,47673,16.00_16.05_16.10_16.15_16.20_,3417_1897_5212_2825_4644_,15.95_15.90_15.85_15.80_15.75_,1451_1402_1360_1431_1016_
11:38:20,15.95,1,47673,16.00_16.05_16.10_16.15_16.20_,3419_1897_5212_2825_4644_,15.95_15.90_15.85_15.80_15.75_,1451_1401_1360_1431_1016_
11:38:25,15.95,8,47681,16.00_16.05_16.10_16.15_16.20_,3422_1897_5212_2825_4644_,15.95_15.90_15.85_15.80_15.75_,1443_1401_1360_1431_1016_
11:38:30,15.95,1,47682,16.00_16.05_16.10_16.15_16.20_,3422_1897_5212_2825_4644_,15.95_15.90_15.85_15.80_15.75_,1442_1401_1360_1431_1016_
11:38:35,15.95,1,47682,16.00_16.05_16.10_16.15_16.20_,3422_1901_5212_2825_4644_,15.95_15.90_15.85_15.80_15.75_,1442_1401_1360_1431_1016_
11:38:40,16.00,7,47689,16.00_16.05_16.10_16.15_16.20_,3415_1901_5212_2825_4643_,15.95_15.90_15.85_15.80_15.75_,1442_1401_1360_1431_1016_
11:38:45,16.00,7,47689,16.00_16.05_16.10_16.15_16.20_,3417_1902_5212_2825_4643_,15.95_15.90_15.85_15.80_15.75_,1442_1861_1360_1431_1016_
11:38:50,16.00,7,47689,16.00_16.05_16.10_16.15_16.20_,3419_1902_5212_2825_4643_,15.95_15.90_15.85_15.80_15.75_,1442_1867_1360_1431_1016_
11:38:55,16.00,71,47760,16.00_16.05_16.10_16.15_16.20_,3383_1902_5212_2825_4643_,15.95_15.90_15.85_15.80_15.75_,1402_1867_1360_1431_1016_
11:39:00,16.00,71,47760,16.00_16.05_16.10_16.15_16.20_,3384_1901_5212_2825_4643_,15.95_15.90_15.85_15.80_15.75_,1396_1867_1360_1431_1016_
11:39:06,15.95,8,47768,16.00_16.05_16.10_16.15_16.20_,3383_1903_5222_2825_4643_,15.95_15.90_15.85_15.80_15.75_,1400_1867_1360_1431_1016_
11:39:11,15.95,4,47772,16.00_16.05_16.10_16.15_16.20_,3383_1903_5222_2825_4643_,15.95_15.90_15.85_15.80_15.75_,1397_1867_1360_1431_1016_
11:39:16,15.95,7,47779,16.00_16.05_16.10_16.15_16.20_,3383_1903_5222_2875_4643_,15.95_15.90_15.85_15.80_15.75_,1390_1867_1360_1431_1017_
11:39:21,15.95,7,47786,16.00_16.05_16.10_16.15_16.20_,3383_1903_5222_2875_4643_,15.95_15.90_15.85_15.80_15.75_,1434_1867_1360_1431_1017_
11:39:26,15.95,5,47791,16.00_16.05_16.10_16.15_16.20_,3383_1903_5222_2875_4643_,15.95_15.90_15.85_15.80_15.75_,1430_1867_1360_1431_1017_
11:39:36,15.95,5,47791,16.00_16.05_16.10_16.15_16.20_,3336_1903_5222_2925_4643_,15.95_15.90_15.85_15.80_15.75_,1430_1867_1360_1431_1017_
11:39:41,16.00,8,47799,16.00_16.05_16.10_16.15_16.20_,3329_1903_5220_2925_4643_,15.95_15.90_15.85_15.80_15.75_,1433_1868_1360_1431_1017_
11:39:52,16.00,8,47799,16.00_16.05_16.10_16.15_16.20_,3339_1903_5220_2925_4643_,15.95_15.90_15.85_15.80_15.75_,1433_1868_1360_1431_1017_
11:39:57,15.95,8,47807,16.00_16.05_16.10_16.15_16.20_,3342_1903_5220_2925_4643_,15.95_15.90_15.85_15.80_15.75_,1425_1868_1360_1431_1017_
11:40:02,15.95,8,47807,16.00_16.05_16.10_16.15_16.20_,3341_1903_5220_2925_4643_,15.95_15.90_15.85_15.80_15.75_,1425_1868_1360_1431_1017_
11:40:07,15.95,8,47807,16.00_16.05_16.10_16.15_16.20_,3341_1903_5220_2925_4643_,15.95_15.90_15.85_15.80_15.75_,1435_1868_1360_1431_1017_
11:40:12,16.00,3,47810,16.00_16.05_16.10_16.15_16.20_,3338_1903_5220_2925_4643_,15.95_15.90_15.85_15.80_15.75_,1432_1868_1360_1431_1017_
11:40:17,16.00,3,47810,16.00_16.05_16.10_16.15_16.20_,3341_1903_5221_2925_4643_,15.95_15.90_15.85_15.80_15.75_,1432_1868_1360_1431_1018_
11:40:22,15.95,12,47822,16.00_16.05_16.10_16.15_16.20_,3331_1903_5221_2925_4648_,15.95_15.90_15.85_15.80_15.75_,1420_1868_1360_1431_1018_
11:40:28,16.00,2,47824,16.00_16.05_16.10_16.15_16.20_,3330_1903_5221_2925_4648_,15.95_15.90_15.85_15.80_15.75_,1421_1868_1361_1431_1018_
11:40:33,15.95,5,47829,16.00_16.05_16.10_16.15_16.20_,3331_1903_5221_2925_4641_,15.95_15.90_15.85_15.80_15.75_,1414_1872_1361_1431_1018_
11:40:38,15.95,5,47829,16.00_16.05_16.10_16.15_16.20_,3330_1903_5221_2925_4641_,15.95_15.90_15.85_15.80_15.75_,1414_1872_1361_1431_1018_
11:40:43,16.00,13,47842,16.00_16.05_16.10_16.15_16.20_,3319_1903_5221_2925_4641_,15.95_15.90_15.85_15.80_15.75_,1439_1872_1361_1431_1018_
11:40:48,15.95,8,47850,16.00_16.05_16.10_16.15_16.20_,3324_1903_5231_2925_4641_,15.95_15.90_15.85_15.80_15.75_,1431_1872_1361_1431_1018_
11:40:53,16.00,1,47851,16.00_16.05_16.10_16.15_16.20_,3333_1903_5231_2925_4641_,15.95_15.90_15.85_15.80_15.75_,1431_1872_1361_1431_1018_
11:40:58,16.00,1,47851,16.00_16.05_16.10_16.15_16.20_,3333_1905_5232_2925_4642_,15.95_15.90_15.85_15.80_15.75_,1431_1872_1361_1431_1018_
11:41:03,16.00,1,47852,16.00_16.05_16.10_16.15_16.20_,3332_1905_5232_2925_4642_,15.95_15.90_15.85_15.80_15.75_,1430_1872_1361_1431_1018_
11:41:09,16.00,1,47852,16.00_16.05_16.10_16.15_16.20_,3352_1905_5232_2925_4647_,15.95_15.90_15.85_15.80_15.75_,1430_1872_1361_1431_1018_
11:41:14,16.00,5,47857,16.00_16.05_16.10_16.15_16.20_,3350_1905_5232_2925_4647_,15.95_15.90_15.85_15.80_15.75_,1432_1872_1361_1431_1018_
11:41:19,16.00,5,47857,16.00_16.05_16.10_16.15_16.20_,3360_1905_5232_2925_4647_,15.95_15.90_15.85_15.80_15.75_,1432_1872_1361_1431_1018_
11:41:24,16.00,5,47857,16.00_16.05_16.10_16.15_16.20_,3362_1905_5232_2925_4647_,15.95_15.90_15.85_15.80_15.75_,1432_1872_1361_1431_1018_
11:41:29,16.00,5,47862,16.00_16.05_16.10_16.15_16.20_,3370_1905_5232_2925_4647_,15.95_15.90_15.85_15.80_15.75_,1437_1872_1361_1431_1018_
11:41:34,16.00,2,47864,16.00_16.05_16.10_16.15_16.20_,3418_1905_5232_2875_4647_,15.95_15.90_15.85_15.80_15.75_,1437_1874_1361_1431_1018_
11:41:39,16.00,8,47872,16.00_16.05_16.10_16.15_16.20_,3411_1905_5232_2875_4647_,15.95_15.90_15.85_15.80_15.75_,1437_1874_1361_1431_1018_
11:41:44,15.95,8,47880,16.00_16.05_16.10_16.15_16.20_,3442_1905_5232_2875_4647_,15.95_15.90_15.85_15.80_15.75_,1432_1874_1361_1431_1017_
11:41:55,15.95,8,47880,16.00_16.05_16.10_16.15_16.20_,3447_1905_5232_2875_4647_,15.95_15.90_15.85_15.80_15.75_,1432_1874_1361_1431_1017_
11:42:00,15.95,3,47883,16.00_16.05_16.10_16.15_16.20_,3457_1905_5232_2875_4667_,15.95_15.90_15.85_15.80_15.75_,1430_1874_1361_1431_1017_
11:42:05,15.95,3,47883,16.00_16.05_16.10_16.15_16.20_,3458_1905_5232_2875_4667_,15.95_15.90_15.85_15.80_15.75_,1442_1874_1361_1431_1017_
11:42:10,15.95,3,47886,16.00_16.05_16.10_16.15_16.20_,3461_1905_5233_2875_4667_,15.95_15.90_15.85_15.80_15.75_,1443_1870_1361_1429_1017_
11:42:15,15.95,3,47889,16.00_16.05_16.10_16.15_16.20_,3461_1905_5233_2875_4667_,15.95_15.90_15.85_15.80_15.75_,1440_1870_1361_1429_1017_
11:42:20,15.95,3,47889,16.00_16.05_16.10_16.15_16.20_,3461_1905_5231_2875_4667_,15.95_15.90_15.85_15.80_15.75_,1440_1870_1361_1429_1017_
11:42:31,15.95,17,47906,16.00_16.05_16.10_16.15_16.20_,3436_1905_5231_2875_4667_,15.95_15.90_15.85_15.80_15.75_,1430_1870_1361_1429_1017_
11:42:36,15.95,8,47914,16.00_16.05_16.10_16.15_16.20_,3436_1903_5231_2875_4666_,15.95_15.90_15.85_15.80_15.75_,1422_1870_1360_1429_1017_
11:42:41,15.95,8,47914,16.00_16.05_16.10_16.15_16.20_,3435_1903_5231_2875_4664_,15.95_15.90_15.85_15.80_15.75_,1422_1870_1360_1429_1017_
11:42:46,15.95,8,47914,16.00_16.05_16.10_16.15_16.20_,3448_1903_5231_2875_4664_,15.95_15.90_15.85_15.80_15.75_,1422_1870_1360_1429_1017_
11:42:51,15.95,4,47918,16.00_16.05_16.10_16.15_16.20_,3445_1903_5231_2875_4664_,15.95_15.90_15.85_15.80_15.75_,1418_1870_1360_1429_1017_
11:42:56,16.00,5,47923,16.00_16.05_16.10_16.15_16.20_,3443_1903_5231_2875_4669_,15.95_15.90_15.85_15.80_15.75_,1418_1870_1360_1429_1017_
11:43:01,16.00,5,47923,16.00_16.05_16.10_16.15_16.20_,3507_1903_5231_2874_4619_,15.95_15.90_15.85_15.80_15.75_,1418_1870_1360_1429_1017_
11:43:06,16.00,5,47923,16.00_16.05_16.10_16.15_16.20_,3508_1903_5229_2874_4620_,15.95_15.90_15.85_15.80_15.75_,1418_1870_1360_1429_1017_
11:43:11,16.00,4,47927,16.00_16.05_16.10_16.15_16.20_,3505_1903_5229_2874_4620_,15.95_15.90_15.85_15.80_15.75_,1428_1866_1360_1429_1017_
11:43:17,16.00,4,47927,16.00_16.05_16.10_16.15_16.20_,3507_1903_5229_2874_4620_,15.95_15.90_15.85_15.80_15.75_,1428_1866_1360_1429_1017_
11:43:22,16.00,8,47935,16.00_16.05_16.10_16.15_16.20_,3521_1903_5229_2874_4620_,15.95_15.90_15.85_15.80_15.75_,1428_1866_1360_1429_1017_
11:43:27,15.95,8,47943,16.00_16.05_16.10_16.15_16.20_,3530_1903_5214_2874_4620_,15.95_15.90_15.85_15.80_15.75_,1421_1866_1360_1429_1017_
11:43:32,15.95,8,47943,16.00_16.05_16.10_16.15_16.20_,3534_1903_5214_2874_4620_,15.95_15.90_15.85_15.80_15.75_,1423_1866_1360_1429_1017_
11:43:37,15.95,7,47950,16.00_16.05_16.10_16.15_16.20_,3534_1903_5214_2874_4620_,15.95_15.90_15.85_15.80_15.75_,1416_1866_1360_1429_1017_
11:43:42,15.95,10,47960,16.00_16.05_16.10_16.15_16.20_,3536_1903_5214_2874_4620_,15.95_15.90_15.85_15.80_15.75_,1421_1866_1360_1429_1017_
11:43:47,15.95,5,47965,16.00_16.05_16.10_16.15_16.20_,3536_1903_5214_2874_4620_,15.95_15.90_15.85_15.80_15.75_,1416_1866_1350_1429_1017_
11:43:53,16.00,16,47981,16.00_16.05_16.10_16.15_16.20_,3520_1903_5214_2874_4620_,15.95_15.90_15.85_15.80_15.75_,1446_1868_1350_1429_1017_
11:43:58,15.95,5,47986,16.00_16.05_16.10_16.15_16.20_,3522_1903_5214_2874_4620_,15.95_15.90_15.85_15.80_15.75_,1441_1868_1350_1429_1017_
11:44:03,15.95,5,47991,16.00_16.05_16.10_16.15_16.20_,3520_1903_5214_2874_4620_,15.95_15.90_15.85_15.80_15.75_,1436_1878_1350_1429_1017_
11:44:08,15.95,5,47996,16.00_16.05_16.10_16.15_16.20_,3523_1903_5214_2874_4620_,15.95_15.90_15.85_15.80_15.75_,1431_1879_1350_1429_1017_
11:44:13,15.95,10,48006,16.00_16.05_16.10_16.15_16.20_,3538_1903_5214_2874_4620_,15.95_15.90_15.85_15.80_15.75_,1421_1879_1350_1429_1017_
11:44:18,16.00,7,48013,16.00_16.05_16.10_16.15_16.20_,3531_1903_5214_2874_4625_,15.95_15.90_15.85_15.80_15.75_,1421_1879_1350_1429_1017_
11:44:23,15.95,8,48021,16.00_16.05_16.10_16.15_16.20_,3531_1903_5214_2874_4625_,15.95_15.90_15.85_15.80_15.75_,1418_1879_1350_1429_1017_
11:44:28,15.95,8,48021,16.00_16.05_16.10_16.15_16.20_,3531_1903_5214_2874_4630_,15.95_15.90_15.85_15.80_15.75_,1418_1879_1350_1429_1017_
11:44:39,15.95,8,48021,16.00_16.05_16.10_16.15_16.20_,3533_1903_5214_2874_4630_,15.95_15.90_15.85_15.80_15.75_,1420_1879_1350_1429_1017_
11:44:44,15.95,8,48029,16.00_16.05_16.10_16.15_16.20_,3533_1903_5214_2874_4630_,15.95_15.90_15.85_15.80_15.75_,1412_1879_1350_1429_1017_
11:44:49,15.95,8,48029,16.00_16.05_16.10_16.15_16.20_,3533_1903_5214_2874_4630_,15.95_15.90_15.85_15.80_15.75_,1433_1878_1350_1429_1017_
11:44:59,15.95,8,48029,16.00_16.05_16.10_16.15_16.20_,3533_1903_5214_2874_4632_,15.95_15.90_15.85_15.80_15.75_,1433_1878_1350_1429_1017_
11:45:04,15.95,8,48037,16.00_16.05_16.10_16.15_16.20_,3529_1898_5214_2874_4632_,15.95_15.90_15.85_15.80_15.75_,1430_1878_1350_1429_1017_
11:45:10,16.00,9,48046,16.00_16.05_16.10_16.15_16.20_,3521_1898_5214_2874_4632_,15.95_15.90_15.85_15.80_15.75_,1428_1880_1350_1429_1017_
11:45:15,15.95,8,48054,16.00_16.05_16.10_16.15_16.20_,3521_1898_5214_2874_4632_,15.95_15.90_15.85_15.80_15.75_,1420_1880_1350_1429_1017_
11:45:20,15.95,8,48054,16.00_16.05_16.10_16.15_16.20_,3523_1898_5214_2874_4632_,15.95_15.90_15.85_15.80_15.75_,1459_1881_1350_1429_1017_
11:45:25,16.00,10,48064,16.00_16.05_16.10_16.15_16.20_,3526_1898_5213_2874_4632_,15.95_15.90_15.85_15.80_15.75_,1459_1881_1350_1429_1017_
11:45:30,15.95,5,48069,16.00_16.05_16.10_16.15_16.20_,3526_1898_5213_2875_4632_,15.95_15.90_15.85_15.80_15.75_,1454_1881_1350_1429_1017_
11:45:35,15.95,5,48069,16.00_16.05_16.10_16.15_16.20_,3544_1898_5213_2875_4632_,15.95_15.90_15.85_15.80_15.75_,1454_1881_1350_1429_1017_
11:45:40,15.95,1,48070,16.00_16.05_16.10_16.15_16.20_,3545_1898_5213_2875_4632_,15.95_15.90_15.85_15.80_15.75_,1463_1881_1345_1429_1017_
11:45:45,16.00,5,48075,16.00_16.05_16.10_16.15_16.20_,3541_1898_5213_2875_4632_,15.95_15.90_15.85_15.80_15.75_,1463_1881_1345_1429_1017_
11:45:51,15.95,5,48080,16.00_16.05_16.10_16.15_16.20_,3544_1898_5213_2875_4632_,15.95_15.90_15.85_15.80_15.75_,1458_1881_1345_1429_1017_
11:45:56,15.95,5,48080,16.00_16.05_16.10_16.15_16.20_,3545_1898_5213_2875_4632_,15.95_15.90_15.85_15.80_15.75_,1458_1881_1344_1429_1017_
11:46:01,15.95,5,48080,16.00_16.05_16.10_16.15_16.20_,3498_1898_5213_2925_4632_,15.95_15.90_15.85_15.80_15.75_,1471_1881_1344_1429_1017_
11:46:06,15.95,8,48088,16.00_16.05_16.10_16.15_16.20_,3497_1898_5213_2925_4632_,15.95_15.90_15.85_15.80_15.75_,1470_1881_1344_1429_1017_
11:46:11,15.95,8,48088,16.00_16.05_16.10_16.15_16.20_,3498_1898_5213_2925_4632_,15.95_15.90_15.85_15.80_15.75_,1470_1881_1344_1429_1017_
11:46:16,15.95,10,48098,16.00_16.05_16.10_16.15_16.20_,3506_1898_5213_2925_4632_,15.95_15.90_15.85_15.80_15.75_,1460_1891_1344_1429_1019_
11:46:21,15.95,5,48103,16.00_16.05_16.10_16.15_16.20_,3506_1898_5213_2925_4628_,15.95_15.90_15.85_15.80_15.75_,1460_1891_1344_1429_1019_
11:46:26,15.95,5,48103,16.00_16.05_16.10_16.15_16.20_,3516_1898_5213_2925_4626_,15.95_15.90_15.85_15.80_15.75_,1462_1891_1344_1431_1019_
11:46:32,15.95,5,48103,16.00_16.05_16.10_16.15_16.20_,3516_1898_5213_2925_4626_,15.95_15.90_15.85_15.80_15.75_,1467_1891_1344_1436_1019_
11:46:37,15.95,24,48127,16.00_16.05_16.10_16.15_16.20_,3515_1898_5213_2925_4628_,15.95_15.90_15.85_15.80_15.75_,1443_1891_1344_1436_1019_
11:46:42,16.00,20,48147,16.00_16.05_16.10_16.15_16.20_,3495_1898_5213_2925_4637_,15.95_15.90_15.85_15.80_15.75_,1443_1895_1346_1436_1019_
11:46:47,15.95,10,48157,16.00_16.05_16.10_16.15_16.20_,3490_1898_5213_2925_4637_,15.95_15.90_15.85_15.80_15.75_,1433_1895_1346_1436_1019_
11:46:52,15.95,4,48161,16.00_16.05_16.10_16.15_16.20_,3490_1898_5213_2925_4637_,15.95_15.90_15.85_15.80_15.75_,1429_1895_1346_1436_1019_
11:46:57,15.95,7,48168,16.00_16.05_16.10_16.15_16.20_,3492_1898_5213_2926_4627_,15.95_15.90_15.85_15.80_15.75_,1425_1895_1346_1436_1019_
11:47:08,16.00,18,48202,16.00_16.05_16.10_16.15_16.20_,3461_1898_5213_2926_4627_,15.95_15.90_15.85_15.80_15.75_,1412_1903_1347_1436_1019_
11:47:13,16.00,10,48212,16.00_16.05_16.10_16.15_16.20_,3458_1898_5213_2926_4629_,15.95_15.90_15.85_15.80_15.75_,1412_1903_1347_1436_1019_
11:47:18,16.00,1,48213,16.00_16.05_16.10_16.15_16.20_,3460_1898_5213_2926_4624_,15.95_15.90_15.85_15.80_15.75_,1442_1903_1347_1436_1019_
11:47:23,15.95,5,48218,16.00_16.05_16.10_16.15_16.20_,3460_1898_5213_2926_4624_,15.95_15.90_15.85_15.80_15.75_,1458_1903_1347_1436_1019_
11:47:28,16.00,13,48231,16.00_16.05_16.10_16.15_16.20_,3447_1898_5213_2926_4624_,15.95_15.90_15.85_15.80_15.75_,1465_1903_1347_1436_1019_
11:47:33,15.95,7,48238,16.00_16.05_16.10_16.15_16.20_,3448_1898_5213_2926_4625_,15.95_15.90_15.85_15.80_15.75_,1458_1903_1347_1436_1019_
11:47:38,16.00,9,48247,16.00_16.05_16.10_16.15_16.20_,3490_1898_5213_2926_4625_,15.95_15.90_15.85_15.80_15.75_,1463_1905_1347_1436_1019_
11:47:44,15.95,6,48253,16.00_16.05_16.10_16.15_16.20_,3490_1898_5213_2926_4625_,15.95_15.90_15.85_15.80_15.75_,1458_1915_1347_1436_1019_
11:47:49,16.00,2,48255,16.00_16.05_16.10_16.15_16.20_,3489_1898_5213_2926_4625_,15.95_15.90_15.85_15.80_15.75_,1458_1915_1347_1436_1019_
11:47:54,16.00,8,48263,16.00_16.05_16.10_16.15_16.20_,3488_1898_5212_2926_4625_,15.95_15.90_15.85_15.80_15.75_,1458_1918_1347_1436_1019_
11:47:59,16.00,1,48264,16.00_16.05_16.10_16.15_16.20_,3490_1898_5212_2926_4625_,15.95_15.90_15.85_15.80_15.75_,1458_1918_1347_1436_1019_
11:48:04,15.95,13,48277,16.00_16.05_16.10_16.15_16.20_,3486_1899_5212_2926_4625_,15.95_15.90_15.85_15.80_15.75_,1445_1918_1346_1436_1019_
11:48:09,15.95,5,48282,16.00_16.05_16.10_16.15_16.20_,3485_1900_5212_2926_4625_,15.95_15.90_15.85_15.80_15.75_,1444_1918_1346_1436_1019_
11:48:14,15.95,5,48282,16.00_16.05_16.10_16.15_16.20_,3487_1900_5212_2926_4625_,15.95_15.90_15.85_15.80_15.75_,1447_1918_1346_1436_1019_
11:48:19,15.95,7,48289,16.00_16.05_16.10_16.15_16.20_,3487_1900_5212_2926_4625_,15.95_15.90_15.85_15.80_15.75_,1440_1918_1346_1436_1019_
11:48:25,15.95,7,48289,16.00_16.05_16.10_16.15_16.20_,3486_1900_5215_2926_4625_,15.95_15.90_15.85_15.80_15.75_,1441_1918_1347_1436_1019_
11:48:35,15.95,7,48289,16.00_16.05_16.10_16.15_16.20_,3487_1900_5215_2926_4626_,15.95_15.90_15.85_15.80_15.75_,1441_1918_1347_1436_1019_
11:48:40,15.95,7,48289,16.00_16.05_16.10_16.15_16.20_,3489_1900_5215_2926_4626_,15.95_15.90_15.85_15.80_15.75_,1442_1919_1347_1436_1019_
11:48:45,16.00,8,48297,16.00_16.05_16.10_16.15_16.20_,3481_1900_5215_2926_4626_,15.95_15.90_15.85_15.80_15.75_,1502_1919_1347_1436_1019_
11:48:50,16.00,1,48298,16.00_16.05_16.10_16.15_16.20_,3480_1898_5215_2926_4626_,15.95_15.90_15.85_15.80_15.75_,1502_1919_1347_1436_1019_
11:49:00,15.95,7,48305,16.00_16.05_16.10_16.15_16.20_,3480_1898_5215_2926_4626_,15.95_15.90_15.85_15.80_15.75_,1498_1919_1347_1436_1019_
11:49:06,16.00,1,48306,16.00_16.05_16.10_16.15_16.20_,3480_1898_5215_2926_4628_,15.95_15.90_15.85_15.80_15.75_,1498_1919_1346_1446_1019_
11:49:11,16.00,1,48307,16.00_16.05_16.10_16.15_16.20_,3479_1898_5215_2926_4628_,15.95_15.90_15.85_15.80_15.75_,1498_1919_1346_1446_1019_
11:49:16,15.95,1,48308,16.00_16.05_16.10_16.15_16.20_,3479_1898_5215_2926_4628_,15.95_15.90_15.85_15.80_15.75_,1497_1919_1346_1446_1049_
11:49:21,15.95,12,48320,16.00_16.05_16.10_16.15_16.20_,3483_1898_5215_2926_4628_,15.95_15.90_15.85_15.80_15.75_,1485_1919_1346_1446_1049_
11:49:26,15.95,4,48324,16.00_16.05_16.10_16.15_16.20_,3630_1898_5065_2926_4628_,15.95_15.90_15.85_15.80_15.75_,1491_1919_1346_1446_1049_
11:49:31,15.95,4,48324,16.00_16.05_16.10_16.15_16.20_,3630_1898_5065_2926_4628_,15.95_15.90_15.85_15.80_15.75_,1490_1919_1346_1446_1049_
11:49:36,15.95,4,48324,16.00_16.05_16.10_16.15_16.20_,3631_1898_5065_2926_4628_,15.95_15.90_15.85_15.80_15.75_,1490_1919_1347_1446_1049_
11:49:41,16.00,7,48331,16.00_16.05_16.10_16.15_16.20_,3629_1898_5065_2926_4628_,15.95_15.90_15.85_15.80_15.75_,1494_1919_1347_1446_1049_
11:49:46,15.95,8,48339,16.00_16.05_16.10_16.15_16.20_,3629_1898_5065_2926_4628_,15.95_15.90_15.85_15.80_15.75_,1486_1919_1347_1446_1049_
11:49:52,15.95,8,48339,16.00_16.05_16.10_16.15_16.20_,3629_1897_5065_2926_4628_,15.95_15.90_15.85_15.80_15.75_,1497_1919_1347_1446_1049_
11:49:57,15.95,1,48340,16.00_16.05_16.10_16.15_16.20_,3630_1897_5065_2926_4628_,15.95_15.90_15.85_15.80_15.75_,1496_1919_1346_1446_1054_
11:50:02,16.00,4,48344,16.00_16.05_16.10_16.15_16.20_,3625_1899_5068_2930_4628_,15.95_15.90_15.85_15.80_15.75_,1492_1919_1346_1446_1054_
11:50:07,16.00,4,48344,16.00_16.05_16.10_16.15_16.20_,3629_1899_5068_2930_4628_,15.95_15.90_15.85_15.80_15.75_,1491_1919_1346_1446_1054_
11:50:12,16.00,4,48348,16.00_16.05_16.10_16.15_16.20_,3627_1899_5068_2930_4629_,15.95_15.90_15.85_15.80_15.75_,1491_1915_1346_1446_1054_
11:50:17,16.00,4,48348,16.00_16.05_16.10_16.15_16.20_,3627_1899_5068_2930_4629_,15.95_15.90_15.85_15.80_15.75_,1496_1915_1346_1446_1054_
11:50:22,16.00,4,48348,16.00_16.05_16.10_16.15_16.20_,3628_1899_5068_2930_4630_,15.95_15.90_15.85_15.80_15.75_,1497_1915_1346_1446_1054_
11:50:28,15.95,12,48360,16.00_16.05_16.10_16.15_16.20_,3625_1899_5068_2930_4630_,15.95_15.90_15.85_15.80_15.75_,1487_1915_1346_1446_1054_
11:50:33,16.00,7,48367,16.00_16.05_16.10_16.15_16.20_,3628_1899_5068_2930_4630_,15.95_15.90_15.85_15.80_15.75_,1502_1915_1346_1446_1054_
11:50:38,16.00,7,48367,16.00_16.05_16.10_16.15_16.20_,3628_1899_5068_2930_4630_,15.95_15.90_15.85_15.80_15.75_,1504_1915_1346_1446_1054_
11:50:43,16.00,16,48383,16.00_16.05_16.10_16.15_16.20_,3612_1899_5068_2930_4630_,15.95_15.90_15.85_15.80_15.75_,1504_1915_1346_1446_1054_
11:50:48,16.00,2,48385,16.00_16.05_16.10_16.15_16.20_,3610_1899_5068_2930_4630_,15.95_15.90_15.85_15.80_15.75_,1503_1915_1346_1446_1054_
11:50:53,16.00,3,48388,16.00_16.05_16.10_16.15_16.20_,3607_1899_5068_2930_4630_,15.95_15.90_15.85_15.80_15.75_,1743_1915_1346_1446_1054_
11:50:58,16.00,3,48388,16.00_16.05_16.10_16.15_16.20_,3607_1899_5068_2930_4630_,15.95_15.90_15.85_15.80_15.75_,1744_1914_1346_1446_1054_
11:51:03,16.00,3,48388,16.00_16.05_16.10_16.15_16.20_,3604_1901_5068_2930_4630_,15.95_15.90_15.85_15.80_15.75_,1744_1914_1346_1446_1054_
11:51:09,15.95,1,48389,16.00_16.05_16.10_16.15_16.20_,3604_1901_5068_2930_4630_,15.95_15.90_15.85_15.80_15.75_,1743_1914_1346_1446_1054_
11:51:14,15.95,1,48389,16.00_16.05_16.10_16.15_16.20_,3605_1901_5068_2930_4580_,15.95_15.90_15.85_15.80_15.75_,1743_1914_1346_1446_1054_
11:51:19,15.95,12,48401,16.00_16.05_16.10_16.15_16.20_,3625_1901_5068_2930_4580_,15.95_15.90_15.85_15.80_15.75_,1733_1914_1346_1446_1054_
11:51:24,15.95,50,48451,16.00_16.05_16.10_16.15_16.20_,3628_1901_5068_2930_4580_,15.95_15.90_15.85_15.80_15.75_,1733_1914_1346_1446_1054_
11:51:29,16.00,7,48458,16.00_16.05_16.10_16.15_16.20_,3623_1896_5070_2930_4580_,15.95_15.90_15.85_15.80_15.75_,1772_1914_1346_1446_1054_
11:51:34,16.00,7,48458,16.00_16.05_16.10_16.15_16.20_,3628_1896_5070_2930_4580_,15.95_15.90_15.85_15.80_15.75_,1772_1914_1346_1446_1054_
11:51:39,15.95,1,48459,16.00_16.05_16.10_16.15_16.20_,3628_1896_5070_2930_4580_,15.95_15.90_15.85_15.80_15.75_,1771_1914_1346_1446_1054_
11:51:44,15.95,1,48460,16.00_16.05_16.10_16.15_16.20_,3620_1896_5070_2930_4580_,15.95_15.90_15.85_15.80_15.75_,1790_1914_1346_1446_1054_
11:51:49,15.95,1,48460,16.00_16.05_16.10_16.15_16.20_,3619_1896_5070_2930_4580_,15.95_15.90_15.85_15.80_15.75_,1792_1913_1346_1446_1049_
11:51:55,16.00,1,48461,16.00_16.05_16.10_16.15_16.20_,3625_1896_5070_2930_4580_,15.95_15.90_15.85_15.80_15.75_,1791_1913_1346_1446_1049_
11:52:00,15.95,34,48495,16.00_16.05_16.10_16.15_16.20_,3625_1896_5070_2930_4582_,15.95_15.90_15.85_15.80_15.75_,1757_1913_1346_1447_1049_
11:52:05,15.95,1,48496,16.00_16.05_16.10_16.15_16.20_,3626_1896_5070_2930_4582_,15.95_15.90_15.85_15.80_15.75_,1766_1910_1339_1445_1049_
11:52:10,15.95,1,48496,16.00_16.05_16.10_16.15_16.20_,3626_1896_5070_2930_4582_,15.95_15.90_15.85_15.80_15.75_,1766_1911_1339_1445_1049_
11:52:15,16.00,1,48497,16.00_16.05_16.10_16.15_16.20_,3640_1896_5069_2930_4582_,15.95_15.90_15.85_15.80_15.75_,1766_1911_1339_1445_1049_
11:52:20,16.00,1,48497,16.00_16.05_16.10_16.15_16.20_,3641_1896_5069_2930_4582_,15.95_15.90_15.85_15.80_15.75_,1767_1911_1339_1445_1049_
11:52:25,16.00,1,48497,16.00_16.05_16.10_16.15_16.20_,3641_1896_5069_2931_4583_,15.95_15.90_15.85_15.80_15.75_,1767_1911_1339_1445_1049_
11:52:30,16.00,1,48497,16.00_16.05_16.10_16.15_16.20_,3646_1899_5069_2930_4584_,15.95_15.90_15.85_15.80_15.75_,1767_1911_1339_1445_1049_
11:52:36,15.95,4,48501,16.00_16.05_16.10_16.15_16.20_,3643_1899_5069_2930_4584_,15.95_15.90_15.85_15.80_15.75_,1761_1911_1339_1445_1049_
11:52:41,15.95,4,48501,16.00_16.05_16.10_16.15_16.20_,3644_1899_5069_2931_4584_,15.95_15.90_15.85_15.80_15.75_,1771_1911_1339_1445_1049_
11:52:46,15.95,7,48508,16.00_16.05_16.10_16.15_16.20_,3644_1899_5070_2931_4584_,15.95_15.90_15.85_15.80_15.75_,1765_1910_1339_1445_1049_
11:52:56,15.95,1,48509,16.00_16.05_16.10_16.15_16.20_,3644_1899_5070_2931_4584_,15.95_15.90_15.85_15.80_15.75_,1769_1910_1339_1445_1049_
11:53:01,15.95,11,48520,16.00_16.05_16.10_16.15_16.20_,3643_1899_5070_2931_4584_,15.95_15.90_15.85_15.80_15.75_,1808_1910_1339_1445_1049_
11:53:06,16.00,6,48526,16.00_16.05_16.10_16.15_16.20_,3639_1899_5070_2931_4584_,15.95_15.90_15.85_15.80_15.75_,1807_1911_1339_1445_1049_
11:53:11,16.00,2,48528,16.00_16.05_16.10_16.15_16.20_,3639_1899_5070_2931_4584_,15.95_15.90_15.85_15.80_15.75_,1811_1915_1339_1445_1049_
11:53:17,15.95,6,48534,16.00_16.05_16.10_16.15_16.20_,3640_1899_5070_2931_4584_,15.95_15.90_15.85_15.80_15.75_,1805_1915_1339_1445_1049_
11:53:22,15.95,6,48534,16.00_16.05_16.10_16.15_16.20_,3642_1929_5070_2931_4584_,15.95_15.90_15.85_15.80_15.75_,1828_1916_1339_1445_1049_
11:53:27,15.95,5,48539,16.00_16.05_16.10_16.15_16.20_,3643_1929_5070_2931_4584_,15.95_15.90_15.85_15.80_15.75_,1833_1926_1339_1445_1049_
11:53:32,16.00,2,48541,16.00_16.05_16.10_16.15_16.20_,3652_1929_5070_2931_4584_,15.95_15.90_15.85_15.80_15.75_,1843_1926_1339_1445_1049_
11:53:37,15.95,1,48542,16.00_16.05_16.10_16.15_16.20_,3652_1929_5070_2931_4584_,15.95_15.90_15.85_15.80_15.75_,1842_1926_1339_1445_1049_
11:53:42,16.00,20,48562,16.00_16.05_16.10_16.15_16.20_,3644_1926_5070_2931_4584_,15.95_15.90_15.85_15.80_15.75_,1842_1926_1339_1445_1049_
11:53:47,16.00,20,48562,16.00_16.05_16.10_16.15_16.20_,3644_1926_5070_2931_4584_,15.95_15.90_15.85_15.80_15.75_,1843_1925_1339_1445_1049_
11:53:52,16.00,2,48564,16.00_16.05_16.10_16.15_16.20_,3643_1926_5070_2931_4594_,15.95_15.90_15.85_15.80_15.75_,1843_1925_1339_1445_1049_
11:53:57,16.00,54,48618,16.00_16.05_16.10_16.15_16.20_,3598_1926_5070_2931_4593_,15.95_15.90_15.85_15.80_15.75_,1795_1925_1339_1445_1049_
11:54:03,16.00,1,48619,16.00_16.05_16.10_16.15_16.20_,3605_1926_5070_2931_4593_,15.95_15.90_15.85_15.80_15.75_,1803_1925_1339_1445_1049_
11:54:08,15.95,7,48626,16.00_16.05_16.10_16.15_16.20_,3647_1926_5070_2931_4598_,15.95_15.90_15.85_15.80_15.75_,1799_1925_1339_1445_1049_
11:54:13,16.00,6,48632,16.00_16.05_16.10_16.15_16.20_,3641_1931_5070_2931_4598_,15.95_15.90_15.85_15.80_15.75_,1778_1920_1339_1445_1049_
11:54:18,16.00,1,48633,16.00_16.05_16.10_16.15_16.20_,3640_1931_5070_2931_4598_,15.95_15.90_15.85_15.80_15.75_,1795_1920_1339_1445_1049_
11:54:23,15.95,2,48635,16.00_16.05_16.10_16.15_16.20_,3640_1931_5070_2931_4600_,15.95_15.90_15.85_15.80_15.75_,1793_1920_1339_1445_1049_
11:54:28,16.00,3,48638,16.00_16.05_16.10_16.15_16.20_,3638_1931_5070_2931_4600_,15.95_15.90_15.85_15.80_15.75_,1793_1920_1339_1445_1049_
11:54:33,15.95,1,48639,16.00_16.05_16.10_16.15_16.20_,3639_1931_5070_2931_4600_,15.95_15.90_15.85_15.80_15.75_,1792_1920_1339_1445_1049_
11:54:39,15.95,1,48639,16.00_16.05_16.10_16.15_16.20_,3641_1931_5070_2931_4600_,15.95_15.90_15.85_15.80_15.75_,1791_1921_1339_1445_1049_
11:54:44,15.95,6,48645,16.00_16.05_16.10_16.15_16.20_,3641_1931_5070_2930_4600_,15.95_15.90_15.85_15.80_15.75_,1786_1920_1339_1445_1049_
11:54:49,16.00,1,48646,16.00_16.05_16.10_16.15_16.20_,3640_1926_5070_2930_4600_,15.95_15.90_15.85_15.80_15.75_,1786_1928_1350_1445_1049_
11:54:54,16.00,10,48656,16.00_16.05_16.10_16.15_16.20_,3633_1926_5070_2930_4600_,15.95_15.90_15.85_15.80_15.75_,1786_1928_1350_1445_1049_
11:54:59,16.00,7,48663,16.00_16.05_16.10_16.15_16.20_,3626_1925_5070_2930_4600_,15.95_15.90_15.85_15.80_15.75_,1786_1928_1350_1445_1049_
11:55:04,16.00,7,48663,16.00_16.05_16.10_16.15_16.20_,3627_1925_5070_2930_4600_,15.95_15.90_15.85_15.80_15.75_,1786_1928_1350_1445_1049_
11:55:09,16.00,74,48737,16.00_16.05_16.10_16.15_16.20_,3557_1925_5070_2930_4600_,15.95_15.90_15.85_15.80_15.75_,1749_1928_1350_1445_1049_
11:55:14,15.95,6,48743,16.00_16.05_16.10_16.15_16.20_,3556_1925_5070_2930_4600_,15.95_15.90_15.85_15.80_15.75_,1743_1928_1350_1438_1049_
11:55:20,15.95,6,48743,16.00_16.05_16.10_16.15_16.20_,3557_1925_5070_2940_4600_,15.95_15.90_15.85_15.80_15.75_,1743_1928_1350_1438_1049_
11:55:25,15.95,7,48750,16.00_16.05_16.10_16.15_16.20_,3556_1925_5070_2940_4600_,15.95_15.90_15.85_15.80_15.75_,1736_1928_1350_1438_1049_
11:55:30,15.95,1,48751,16.00_16.05_16.10_16.15_16.20_,3557_1925_5070_2940_4600_,15.95_15.90_15.85_15.80_15.75_,1736_1928_1350_1439_1049_
11:55:35,16.00,1,48752,16.00_16.05_16.10_16.15_16.20_,3566_1925_5070_2940_4600_,15.95_15.90_15.85_15.80_15.75_,1836_1928_1350_1439_1049_
11:55:40,15.95,6,48758,16.00_16.05_16.10_16.15_16.20_,3568_1925_5070_2940_4600_,15.95_15.90_15.85_15.80_15.75_,1834_1927_1350_1439_1049_
11:55:45,16.00,58,48816,16.00_16.05_16.10_16.15_16.20_,3510_1925_5070_2940_4602_,15.95_15.90_15.85_15.80_15.75_,1832_1927_1352_1439_1049_
11:55:50,16.00,50,48866,16.00_16.05_16.10_16.15_16.20_,3461_1925_5120_2940_4602_,15.95_15.90_15.85_15.80_15.75_,1832_1927_1352_1439_1049_
11:55:55,16.00,50,48866,16.00_16.05_16.10_16.15_16.20_,3463_1925_5120_2940_4602_,15.95_15.90_15.85_15.80_15.75_,1883_1928_1352_1439_1049_
11:56:01,16.00,1,48867,16.00_16.05_16.10_16.15_16.20_,3462_1925_5119_2990_4602_,15.95_15.90_15.85_15.80_15.75_,1883_1928_1352_1439_1049_
11:56:06,16.00,1,48867,16.00_16.05_16.10_16.15_16.20_,3482_1925_5119_2990_4602_,15.95_15.90_15.85_15.80_15.75_,1883_1928_1352_1439_1049_
11:56:11,15.95,7,48874,16.00_16.05_16.10_16.15_16.20_,3484_1925_5119_2990_4622_,15.95_15.90_15.85_15.80_15.75_,1881_1924_1352_1439_1049_
11:56:16,15.95,4,48878,16.00_16.05_16.10_16.15_16.20_,3482_1925_5119_2990_4622_,15.95_15.90_15.85_15.80_15.75_,1876_1924_1352_1439_1049_
11:56:21,15.95,2,48880,16.00_16.05_16.10_16.15_16.20_,3484_1925_5119_2990_4622_,15.95_15.90_15.85_15.80_15.75_,1874_1929_1352_1439_1049_
11:56:26,16.00,1,48881,16.00_16.05_16.10_16.15_16.20_,3483_1925_5119_2990_4622_,15.95_15.90_15.85_15.80_15.75_,1874_1929_1352_1439_1049_
11:56:31,16.00,1,48881,16.00_16.05_16.10_16.15_16.20_,3483_1925_5119_2990_4672_,15.95_15.90_15.85_15.80_15.75_,1874_1929_1352_1439_1049_
11:56:37,15.95,1,48882,16.00_16.05_16.10_16.15_16.20_,3483_1925_5119_2990_4672_,15.95_15.90_15.85_15.80_15.75_,1874_1928_1352_1439_1049_
11:56:42,16.00,14,48896,16.00_16.05_16.10_16.15_16.20_,3469_1925_5119_2990_4672_,15.95_15.90_15.85_15.80_15.75_,1870_1928_1352_1439_1049_
11:56:47,16.00,14,48896,16.00_16.05_16.10_16.15_16.20_,3481_1925_5119_2990_4672_,15.95_15.90_15.85_15.80_15.75_,1870_1928_1352_1439_1049_
11:56:52,16.00,14,48896,16.00_16.05_16.10_16.15_16.20_,3483_1925_5119_2990_4672_,15.95_15.90_15.85_15.80_15.75_,1870_1938_1352_1439_1049_
11:56:57,15.95,7,48903,16.00_16.05_16.10_16.15_16.20_,3483_1925_5119_2990_4672_,15.95_15.90_15.85_15.80_15.75_,1863_1938_1352_1439_1049_
11:57:02,15.95,7,48903,16.00_16.05_16.10_16.15_16.20_,3483_1925_5119_2990_4675_,15.95_15.90_15.85_15.80_15.75_,1863_1948_1352_1439_1049_
11:57:07,15.95,11,48914,16.00_16.05_16.10_16.15_16.20_,3473_1925_5119_2990_4675_,15.95_15.90_15.85_15.80_15.75_,1852_1948_1352_1439_1049_
11:57:12,15.95,11,48914,16.00_16.05_16.10_16.15_16.20_,3474_1925_5119_2990_4676_,15.95_15.90_15.85_15.80_15.75_,1852_1949_1352_1439_1049_
11:57:18,15.95,11,48914,16.00_16.05_16.10_16.15_16.20_,3475_1925_5119_2990_4676_,15.95_15.90_15.85_15.80_15.75_,1852_1949_1352_1438_1049_
11:57:28,16.00,1,48915,16.00_16.05_16.10_16.15_16.20_,3474_1925_5119_2990_4676_,15.95_15.90_15.85_15.80_15.75_,1852_1948_1352_1438_1050_
11:57:33,16.00,7,48922,16.00_16.05_16.10_16.15_16.20_,3473_1925_5119_2990_4676_,15.95_15.90_15.85_15.80_15.75_,1854_1948_1352_1438_1050_
11:57:38,15.95,5,48927,16.00_16.05_16.10_16.15_16.20_,3475_1925_5119_2990_4676_,15.95_15.90_15.85_15.80_15.75_,1852_1948_1352_1438_1050_
11:57:43,16.00,16,48943,16.00_16.05_16.10_16.15_16.20_,3459_1925_5119_2990_4676_,15.95_15.90_15.85_15.80_15.75_,1852_1949_1352_1438_1050_
11:57:48,16.00,16,48943,16.00_16.05_16.10_16.15_16.20_,3462_1925_5119_2990_4681_,15.95_15.90_15.85_15.80_15.75_,1852_1949_1352_1438_1050_
11:57:53,15.95,1,48944,16.00_16.05_16.10_16.15_16.20_,3462_1925_5119_2990_4681_,15.95_15.90_15.85_15.80_15.75_,1851_1949_1352_1438_1050_
11:57:59,15.95,90,49034,16.00_16.05_16.10_16.15_16.20_,3464_1925_5120_2990_4681_,15.95_15.90_15.85_15.80_15.75_,1761_1949_1352_1438_1050_
11:58:04,15.95,90,49034,16.00_16.05_16.10_16.15_16.20_,3464_1925_5020_2990_4682_,15.95_15.90_15.85_15.80_15.75_,1778_1949_1352_1438_1050_
11:58:09,15.95,90,49034,16.00_16.05_16.10_16.15_16.20_,3465_2020_5020_2990_4681_,15.95_15.90_15.85_15.80_15.75_,1746_1949_1352_1438_1050_
11:58:14,15.95,90,49034,16.00_16.05_16.10_16.15_16.20_,3471_2020_5020_2990_4681_,15.95_15.90_15.85_15.80_15.75_,1746_1949_1352_1438_1050_
11:58:19,15.95,5,49039,16.00_16.05_16.10_16.15_16.20_,3471_2020_5020_2990_4681_,15.95_15.90_15.85_15.80_15.75_,1739_1949_1352_1478_1050_
11:58:24,15.95,1,49040,16.00_16.05_16.10_16.15_16.20_,3473_2020_5020_2990_4681_,15.95_15.90_15.85_15.80_15.75_,1738_1950_1352_1478_1052_
11:58:29,15.95,1,49040,16.00_16.05_16.10_16.15_16.20_,3481_2020_5020_2990_4681_,15.95_15.90_15.85_15.80_15.75_,1738_1950_1352_1478_1052_
11:58:34,15.95,20,49060,16.00_16.05_16.10_16.15_16.20_,3466_2020_5020_2990_4681_,15.95_15.90_15.85_15.80_15.75_,1721_1949_1352_1483_1052_
11:58:40,15.95,2,49062,16.00_16.05_16.10_16.15_16.20_,3466_2020_5020_2990_4731_,15.95_15.90_15.85_15.80_15.75_,1719_1949_1352_1483_1052_
11:58:45,15.95,12,49074,16.00_16.05_16.10_16.15_16.20_,3467_2020_5020_2990_4733_,15.95_15.90_15.85_15.80_15.75_,1707_1949_1346_1483_1052_
11:58:50,15.95,12,49074,16.00_16.05_16.10_16.15_16.20_,3467_2020_5020_2990_4733_,15.95_15.90_15.85_15.80_15.75_,1719_1940_1341_1483_1052_
11:58:55,15.95,11,49085,16.00_16.05_16.10_16.15_16.20_,3470_2020_5020_2990_4733_,15.95_15.90_15.85_15.80_15.75_,1708_1940_1342_1483_1052_
11:59:00,15.95,4,49089,16.00_16.05_16.10_16.15_16.20_,3468_2020_5020_2990_4733_,15.95_15.90_15.85_15.80_15.75_,1684_1940_1342_1483_1052_
11:59:05,15.95,4,49089,16.00_16.05_16.10_16.15_16.20_,3470_2020_5020_2990_4733_,15.95_15.90_15.85_15.80_15.75_,1685_1940_1342_1483_1052_
11:59:10,16.00,1,49090,16.00_16.05_16.10_16.15_16.20_,3469_2020_5020_2990_4733_,15.95_15.90_15.85_15.80_15.75_,1688_1940_1342_1483_1052_
11:59:15,16.00,13,49103,16.00_16.05_16.10_16.15_16.20_,3456_2020_5020_2990_4733_,15.95_15.90_15.85_15.80_15.75_,1689_1940_1342_1483_1052_
11:59:20,16.00,13,49103,16.00_16.05_16.10_16.15_16.20_,3457_2020_5020_2990_4733_,15.95_15.90_15.85_15.80_15.75_,1689_1940_1342_1483_1052_
11:59:26,16.00,3100,52203,16.00_16.05_16.10_16.15_16.20_,358_2020_5022_2990_4733_,15.95_15.90_15.85_15.80_15.75_,1690_1940_1342_1483_1052_
11:59:31,16.00,136,52339,16.00_16.05_16.10_16.15_16.20_,222_2020_5022_2990_4733_,15.95_15.90_15.85_15.80_15.75_,1694_1954_1342_1485_1052_
11:59:36,16.00,73,52412,16.00_16.05_16.10_16.15_16.20_,151_2020_5022_2990_4733_,15.95_15.90_15.85_15.80_15.75_,1718_1955_1342_1485_1052_
11:59:41,16.00,152,52564,16.05_16.10_16.15_16.20_16.25_,2020_5021_2940_4733_1836_,16.00_15.95_15.90_15.85_15.80_,391_1693_1958_1342_1485_
11:59:46,16.05,6,52570,16.05_16.10_16.15_16.20_16.25_,2018_4646_3327_4758_1836_,16.00_15.95_15.90_15.85_15.80_,602_1639_2008_1287_1435_
11:59:51,16.00,55,52625,16.05_16.10_16.15_16.20_16.25_,2042_4646_3327_4758_1836_,16.00_15.95_15.90_15.85_15.80_,599_1551_1991_1287_1435_
11:59:56,16.05,17,52642,16.05_16.10_16.15_16.20_16.25_,1926_4746_3327_4757_1836_,16.00_15.95_15.90_15.85_15.80_,711_1553_1990_1287_1435_
12:00:01,16.05,111,52753,16.05_16.10_16.15_16.20_16.25_,1816_4691_3382_4757_1836_,16.00_15.95_15.90_15.85_15.80_,822_1556_1990_1287_1435_
12:00:07,16.05,60,52813,16.05_16.10_16.15_16.20_16.25_,1756_4689_3386_4757_1836_,16.00_15.95_15.90_15.85_15.80_,829_1548_1990_1287_1435_
12:00:12,16.05,79,52892,16.05_16.10_16.15_16.20_16.25_,1659_4689_3492_4754_1837_,16.00_15.95_15.90_15.85_15.80_,895_1544_1987_1287_1435_
12:00:17,16.05,10,52902,16.05_16.10_16.15_16.20_16.25_,1601_4687_3492_4804_1837_,16.00_15.95_15.90_15.85_15.80_,1007_1544_1987_1287_1425_
12:00:22,16.05,117,53019,16.05_16.10_16.15_16.20_16.25_,1487_4687_3497_4804_1837_,16.00_15.95_15.90_15.85_15.80_,1020_1549_1984_1284_1425_
12:00:27,16.05,7,53026,16.05_16.10_16.15_16.20_16.25_,1485_4686_3497_4804_1837_,16.00_15.95_15.90_15.85_15.80_,1046_1553_1934_1284_1425_
12:00:32,16.05,2,53028,16.05_16.10_16.15_16.20_16.25_,1486_4686_3527_4804_1837_,16.00_15.95_15.90_15.85_15.80_,999_1553_1934_1284_1425_
12:00:37,16.00,11,53039,16.05_16.10_16.15_16.20_16.25_,1499_4686_3527_4804_1837_,16.00_15.95_15.90_15.85_15.80_,988_1553_1934_1284_1425_
12:00:42,16.00,11,53039,16.05_16.10_16.15_16.20_16.25_,1499_4686_3527_4806_1837_,16.00_15.95_15.90_15.85_15.80_,993_1553_1934_1284_1425_
12:00:48,16.00,11,53039,16.05_16.10_16.15_16.20_16.25_,1499_4697_3527_4811_1837_,16.00_15.95_15.90_15.85_15.80_,993_1553_1934_1284_1425_
12:00:53,16.05,38,53077,16.05_16.10_16.15_16.20_16.25_,1464_4697_3528_4811_1837_,16.00_15.95_15.90_15.85_15.80_,1079_1554_1934_1284_1425_
12:00:58,16.00,5,53082,16.05_16.10_16.15_16.20_16.25_,1474_4697_3539_4811_1837_,16.00_15.95_15.90_15.85_15.80_,1102_1553_1934_1284_1425_
12:01:03,16.00,1,53083,16.05_16.10_16.15_16.20_16.25_,1477_4697_3539_4811_1837_,16.00_15.95_15.90_15.85_15.80_,1079_1553_1934_1284_1425_
12:01:08,16.00,1,53084,16.05_16.10_16.15_16.20_16.25_,1477_4697_3539_4861_1837_,16.00_15.95_15.90_15.85_15.80_,1080_1551_1934_1284_1425_
12:01:13,16.05,15,53099,16.05_16.10_16.15_16.20_16.25_,1465_4697_3539_4861_1837_,16.00_15.95_15.90_15.85_15.80_,1127_1551_1935_1284_1425_
12:01:18,16.00,16,53115,16.05_16.10_16.15_16.20_16.25_,1461_4702_3539_4861_1837_,16.00_15.95_15.90_15.85_15.80_,1139_1551_1935_1284_1425_
12:01:23,16.00,16,53115,16.05_16.10_16.15_16.20_16.25_,1459_4702_3539_4861_1837_,16.00_15.95_15.90_15.85_15.80_,1114_1444_1935_1284_1425_
12:01:28,16.00,1,53116,16.05_16.10_16.15_16.20_16.25_,1439_4702_3539_4861_1837_,16.00_15.95_15.90_15.85_15.80_,1260_1443_1935_1284_1425_
12:01:34,16.00,11,53127,16.05_16.10_16.15_16.20_16.25_,1444_4702_3539_4861_1837_,16.00_15.95_15.90_15.85_15.80_,1250_1541_1935_1284_1425_
12:01:39,16.05,4,53131,16.05_16.10_16.15_16.20_16.25_,1443_4702_3542_4861_1837_,16.00_15.95_15.90_15.85_15.80_,1209_1541_1935_1284_1425_
12:01:44,16.00,4,53135,16.05_16.10_16.15_16.20_16.25_,1445_4697_3542_4862_1839_,16.00_15.95_15.90_15.85_15.80_,1205_1542_1935_1283_1425_
12:01:49,16.05,6,53141,16.05_16.10_16.15_16.20_16.25_,1445_4698_3542_4856_1839_,16.00_15.95_15.90_15.85_15.80_,1845_1542_1935_1283_1425_
12:01:54,16.05,6,53141,16.05_16.10_16.15_16.20_16.25_,1445_4698_3543_4856_1839_,16.00_15.95_15.90_15.85_15.80_,1889_1548_1935_1283_1425_
12:01:59,16.00,5,53146,16.05_16.10_16.15_16.20_16.25_,1448_4698_3543_4856_1839_,16.00_15.95_15.90_15.85_15.80_,1884_1548_1935_1283_1425_
12:02:04,16.05,1,53147,16.05_16.10_16.15_16.20_16.25_,1447_4698_3543_4856_1839_,16.00_15.95_15.90_15.85_15.80_,1858_1548_1935_1283_1425_
12:02:09,16.00,1,53148,16.05_16.10_16.15_16.20_16.25_,1451_4703_3543_4856_1839_,16.00_15.95_15.90_15.85_15.80_,1882_1549_1935_1283_1426_
12:02:15,16.00,1,53149,16.05_16.10_16.15_16.20_16.25_,1451_4703_3543_4856_1839_,16.00_15.95_15.90_15.85_15.80_,1856_1554_1935_1223_1186_
12:02:20,16.00,1,53149,16.05_16.10_16.15_16.20_16.25_,1452_4723_3543_4856_1839_,16.00_15.95_15.90_15.85_15.80_,1856_1554_1935_1223_1186_
12:02:25,16.00,10,53159,16.05_16.10_16.15_16.20_16.25_,1453_4723_3543_4856_1839_,16.00_15.95_15.90_15.85_15.80_,1847_1553_1935_1223_1186_
12:02:30,16.00,10,53169,16.05_16.10_16.15_16.20_16.25_,1451_4723_3543_4856_1839_,16.00_15.95_15.90_15.85_15.80_,1840_1554_1935_1223_1186_
12:02:35,16.00,10,53169,16.05_16.10_16.15_16.20_16.25_,1459_4723_3542_4856_1839_,16.00_15.95_15.90_15.85_15.80_,1840_1554_1935_1223_1185_
12:02:40,16.00,10,53169,16.05_16.10_16.15_16.20_16.25_,1459_4423_3542_4856_1839_,16.00_15.95_15.90_15.85_15.80_,1840_1554_1935_1223_1185_
12:02:45,16.05,10,53179,16.05_16.10_16.15_16.20_16.25_,1451_4423_3542_4857_1839_,16.00_15.95_15.90_15.85_15.80_,1840_1554_1935_1223_1185_
12:02:50,16.05,10,53179,16.05_16.10_16.15_16.20_16.25_,1455_4453_3542_4857_1839_,16.00_15.95_15.90_15.85_15.80_,1862_1554_1935_1223_1185_
12:02:56,16.05,4,53183,16.05_16.10_16.15_16.20_16.25_,1452_4453_3542_4862_1839_,16.00_15.95_15.90_15.85_15.80_,1860_1554_1935_1223_1185_
12:03:01,16.05,2,53185,16.05_16.10_16.15_16.20_16.25_,1453_4453_3542_4862_1839_,16.00_15.95_15.90_15.85_15.80_,1860_1554_1935_1223_1185_
12:03:06,16.05,15,53200,16.05_16.10_16.15_16.20_16.25_,1439_4453_3542_4862_1839_,16.00_15.95_15.90_15.85_15.80_,1799_1554_1935_1223_1185_
12:03:11,16.05,6,53206,16.05_16.10_16.15_16.20_16.25_,1434_4453_3542_4862_1839_,16.00_15.95_15.90_15.85_15.80_,1859_1550_1935_1223_1185_
12:03:16,16.00,2,53208,16.05_16.10_16.15_16.20_16.25_,1455_4453_3542_4862_1839_,16.00_15.95_15.90_15.85_15.80_,1858_1550_1935_1223_1185_
12:03:21,16.05,4,53212,16.05_16.10_16.15_16.20_16.25_,1456_4453_3542_4867_1838_,16.00_15.95_15.90_15.85_15.80_,1841_1581_1935_1223_1185_
12:03:26,16.05,2,53214,16.05_16.10_16.15_16.20_16.25_,1449_4458_3542_4867_1838_,16.00_15.95_15.90_15.85_15.80_,1865_1581_1936_1223_1185_
12:03:31,16.05,2,53216,16.05_16.10_16.15_16.20_16.25_,1471_4461_3542_4867_1838_,16.00_15.95_15.90_15.85_15.80_,1865_1581_1936_1223_1185_
12:03:37,16.05,300,53516,16.05_16.10_16.15_16.20_16.25_,1171_4466_3542_4867_1838_,16.00_15.95_15.90_15.85_15.80_,1865_1581_1936_1223_1185_
12:03:42,16.05,1,53517,16.05_16.10_16.15_16.20_16.25_,1172_4466_3542_4866_1838_,16.00_15.95_15.90_15.85_15.80_,1865_1581_1936_1223_1185_
12:03:47,16.05,5,53522,16.05_16.10_16.15_16.20_16.25_,1163_4466_3542_4866_1838_,16.00_15.95_15.90_15.85_15.80_,1865_1581_1906_1223_1185_
12:03:52,16.00,1,53523,16.05_16.10_16.15_16.20_16.25_,1163_4466_3542_4866_1838_,16.00_15.95_15.90_15.85_15.80_,1826_1581_1906_1223_1185_
12:03:57,16.05,4,53527,16.05_16.10_16.15_16.20_16.25_,1159_4466_3544_4866_1838_,16.00_15.95_15.90_15.85_15.80_,1801_1581_1906_1223_1185_
12:04:02,16.05,50,53577,16.05_16.10_16.15_16.20_16.25_,1109_4468_3544_4866_1838_,16.00_15.95_15.90_15.85_15.80_,1826_1581_1906_1223_1185_
12:04:07,16.05,5,53582,16.05_16.10_16.15_16.20_16.25_,1107_4468_3544_4864_1838_,16.00_15.95_15.90_15.85_15.80_,1830_1581_1906_1223_1185_
12:04:13,16.00,4,53586,16.05_16.10_16.15_16.20_16.25_,1157_4469_3544_4854_1838_,16.00_15.95_15.90_15.85_15.80_,1828_1585_1906_1223_1185_
12:04:18,16.05,7,53593,16.05_16.10_16.15_16.20_16.25_,1153_4495_3544_4854_1838_,16.00_15.95_15.90_15.85_15.80_,1803_1585_1906_1223_1185_
12:04:23,16.05,2,53595,16.05_16.10_16.15_16.20_16.25_,1175_4448_3544_4854_1838_,16.00_15.95_15.90_15.85_15.80_,1828_1585_1906_1223_1185_
12:04:28,16.05,880,54475,16.05_16.10_16.15_16.20_16.25_,295_4459_3552_4844_1838_,16.00_15.95_15.90_15.85_15.80_,1828_1585_1906_1223_1185_
12:04:33,16.05,199,54674,16.05_16.10_16.15_16.20_16.25_,81_4459_3552_4864_1838_,16.00_15.95_15.90_15.85_15.80_,1790_1582_1906_1223_1185_
12:04:38,16.05,91,54765,16.10_16.15_16.20_16.25_16.30_,4459_3552_4864_1838_3172_,16.05_16.00_15.95_15.90_15.85_,120_1796_1584_1906_1223_
12:04:43,16.05,10,54775,16.10_16.15_16.20_16.25_16.30_,4463_3133_5264_1865_3174_,16.05_16.00_15.95_15.90_15.85_,467_1716_1578_1896_1223_
12:04:48,16.05,10,54775,16.10_16.15_16.20_16.25_16.30_,4487_3078_5319_1865_3174_,16.05_16.00_15.95_15.90_15.85_,461_1766_1619_1841_1173_
12:04:54,16.05,1,54776,16.10_16.15_16.20_16.25_16.30_,4483_3078_5317_1885_3174_,16.05_16.00_15.95_15.90_15.85_,445_1741_1619_1781_1173_
12:04:59,16.10,15,54791,16.10_16.15_16.20_16.25_16.30_,3879_3088_5318_1885_3174_,16.05_16.00_15.95_15.90_15.85_,422_1692_1619_1781_1173_
12:05:04,16.05,6,54797,16.10_16.15_16.20_16.25_16.30_,3879_3088_5313_1885_3174_,16.05_16.00_15.95_15.90_15.85_,497_1610_1619_1781_1175_
12:05:09,16.05,13,54810,16.10_16.15_16.20_16.25_16.30_,3879_3088_5313_1885_3174_,16.05_16.00_15.95_15.90_15.85_,497_1601_1619_1751_1175_
12:05:14,16.05,5,54815,16.10_16.15_16.20_16.25_16.30_,3879_3088_5317_1885_3174_,16.05_16.00_15.95_15.90_15.85_,496_1601_1615_1751_1176_
12:05:19,16.05,3,54818,16.10_16.15_16.20_16.25_16.30_,3880_3088_5317_1886_3176_,16.05_16.00_15.95_15.90_15.85_,503_1611_1615_1751_1176_
12:05:24,16.05,53,54871,16.10_16.15_16.20_16.25_16.30_,3890_3116_5319_1886_3176_,16.05_16.00_15.95_15.90_15.85_,451_1612_1615_1751_1176_
12:05:30,16.05,6,54877,16.10_16.15_16.20_16.25_16.30_,3892_3122_5324_1886_3176_,16.05_16.00_15.95_15.90_15.85_,446_1613_1615_1751_1186_
12:05:35,16.05,19,54896,16.10_16.15_16.20_16.25_16.30_,3894_3121_5222_1886_3178_,16.05_16.00_15.95_15.90_15.85_,435_1613_1595_1751_1186_
12:05:40,16.05,7,54903,16.10_16.15_16.20_16.25_16.30_,3895_3122_5221_1886_3178_,16.05_16.00_15.95_15.90_15.85_,437_1608_1595_1751_1186_
12:05:45,16.05,110,55013,16.10_16.15_16.20_16.25_16.30_,3897_3122_5222_1886_3178_,16.05_16.00_15.95_15.90_15.85_,327_1608_1595_1751_1186_
12:05:50,16.05,23,55036,16.10_16.15_16.20_16.25_16.30_,3895_3122_5222_1886_3178_,16.05_16.00_15.95_15.90_15.85_,319_1598_1588_1751_1186_
12:05:55,16.05,2,55038,16.10_16.15_16.20_16.25_16.30_,3897_3121_5215_1886_3178_,16.05_16.00_15.95_15.90_15.85_,323_1597_1588_1751_1186_
12:06:00,16.05,16,55054,16.10_16.15_16.20_16.25_16.30_,3898_3126_5215_1886_3178_,16.05_16.00_15.95_15.90_15.85_,307_1598_1588_1752_1186_
12:06:05,16.05,11,55065,16.10_16.15_16.20_16.25_16.30_,3904_3126_5215_1886_3178_,16.05_16.00_15.95_15.90_15.85_,296_1597_1488_1752_1186_
12:06:10,16.05,112,55177,16.10_16.15_16.20_16.25_16.30_,3905_3124_5215_1886_3178_,16.05_16.00_15.95_15.90_15.85_,364_1450_1488_1752_1186_
12:06:16,16.10,5,55182,16.10_16.15_16.20_16.25_16.30_,3906_3125_5217_1884_3178_,16.05_16.00_15.95_15.90_15.85_,368_1449_1489_1752_1186_
12:06:21,16.05,162,55344,16.10_16.15_16.20_16.25_16.30_,3906_3125_5217_1884_3198_,16.05_16.00_15.95_15.90_15.85_,206_1449_1489_1752_1186_
12:06:26,16.05,2,55346,16.10_16.15_16.20_16.25_16.30_,3907_3125_5217_1884_3198_,16.05_16.00_15.95_15.90_15.85_,205_1449_1489_1752_1186_
12:06:31,16.05,15,55361,16.10_16.15_16.20_16.25_16.30_,3907_3125_5194_1884_3198_,16.05_16.00_15.95_15.90_15.85_,234_1448_1489_1747_1181_
12:06:36,16.05,24,55385,16.10_16.15_16.20_16.25_16.30_,3914_3127_5194_1881_3198_,16.05_16.00_15.95_15.90_15.85_,210_1448_1484_1747_1181_
12:06:41,16.05,2,55387,16.10_16.15_16.20_16.25_16.30_,3914_3132_5194_1886_3198_,16.05_16.00_15.95_15.90_15.85_,216_1448_1484_1747_1181_
12:06:46,16.05,6,55393,16.10_16.15_16.20_16.25_16.30_,3914_3132_5194_1886_3198_,16.05_16.00_15.95_15.90_15.85_,223_1453_1490_1747_1181_
12:06:51,16.05,27,55420,16.10_16.15_16.20_16.25_16.30_,3916_3132_5194_1886_3198_,16.05_16.00_15.95_15.90_15.85_,198_1453_1484_1747_1181_
12:06:57,16.05,16,55436,16.10_16.15_16.20_16.25_16.30_,3917_3132_5196_1886_3198_,16.05_16.00_15.95_15.90_15.85_,180_1452_1484_1747_1181_
12:07:02,16.05,21,55457,16.10_16.15_16.20_16.25_16.30_,3927_3132_5196_1886_3198_,16.05_16.00_15.95_15.90_15.85_,165_1455_1487_1747_1181_
12:07:07,16.05,26,55483,16.10_16.15_16.20_16.25_16.30_,3924_3132_5191_1886_3198_,16.05_16.00_15.95_15.90_15.85_,148_1466_1487_1747_1181_
12:07:12,16.05,7,55490,16.10_16.15_16.20_16.25_16.30_,3925_3132_5191_1916_3198_,16.05_16.00_15.95_15.90_15.85_,165_1462_1487_1747_1181_
12:07:17,16.05,11,55501,16.10_16.15_16.20_16.25_16.30_,3936_3142_5196_1916_3198_,16.05_16.00_15.95_15.90_15.85_,154_1466_1487_1747_1184_
12:07:22,16.05,3,55504,16.10_16.15_16.20_16.25_16.30_,3936_3142_5196_1916_3198_,16.05_16.00_15.95_15.90_15.85_,151_1466_1487_1747_1184_
12:07:27,16.05,2,55506,16.10_16.15_16.20_16.25_16.30_,3936_3142_5196_1916_3198_,16.05_16.00_15.95_15.90_15.85_,149_1466_1488_1747_1184_
12:07:32,16.05,30,55536,16.10_16.15_16.20_16.25_16.30_,3941_3163_5196_1916_3198_,16.05_16.00_15.95_15.90_15.85_,124_1466_1488_1747_1184_
12:07:38,16.05,5,55541,16.10_16.15_16.20_16.25_16.30_,3943_3163_5201_1916_3198_,16.05_16.00_15.95_15.90_15.85_,119_1466_1486_1747_1184_
12:07:43,16.05,63,55604,16.10_16.15_16.20_16.25_16.30_,3963_3163_5201_1916_3198_,16.05_16.00_15.95_15.90_15.85_,56_1464_1486_1747_1184_
12:07:48,16.05,8,55612,16.10_16.15_16.20_16.25_16.30_,3963_3163_5521_1916_3198_,16.05_16.00_15.95_15.90_15.85_,49_1465_1486_1747_1184_
12:07:53,16.05,5,55617,16.10_16.15_16.20_16.25_16.30_,3985_3132_5521_1916_3198_,16.05_16.00_15.95_15.90_15.85_,44_1465_1488_1747_1184_
12:07:58,16.05,27,55644,16.10_16.15_16.20_16.25_16.30_,3984_3132_5521_1916_3198_,16.05_16.00_15.95_15.90_15.85_,27_1465_1488_1747_1184_
12:08:03,16.05,17,55661,16.10_16.15_16.20_16.25_16.30_,3993_3133_5551_1916_3198_,16.05_16.00_15.95_15.90_15.85_,14_1478_1485_1747_1184_
12:08:08,16.05,3,55664,16.10_16.15_16.20_16.25_16.30_,3993_3133_5551_1916_3196_,16.05_16.00_15.95_15.90_15.85_,12_1478_1485_1747_1184_
12:08:14,16.00,30,55694,16.05_16.10_16.15_16.20_16.25_,74_3993_3133_5551_1917_,16.00_15.95_15.90_15.85_15.80_,1460_1485_1747_1184_1185_
12:08:19,16.00,30,55694,16.05_16.10_16.15_16.20_16.25_,102_3985_3561_5149_1892_,16.00_15.95_15.90_15.85_15.80_,1513_1503_1747_1184_1185_
12:08:24,16.05,5,55699,16.05_16.10_16.15_16.20_16.25_,108_3972_3558_5151_1892_,16.00_15.95_15.90_15.85_15.80_,1513_1496_1747_1184_1185_
12:08:29,16.05,2,55701,16.05_16.10_16.15_16.20_16.25_,120_3968_3558_5156_1892_,16.00_15.95_15.90_15.85_15.80_,1528_1496_1747_1184_1185_
12:08:34,16.05,2,55701,16.05_16.10_16.15_16.20_16.25_,122_3969_3558_5157_1892_,16.00_15.95_15.90_15.85_15.80_,1498_1496_1747_1184_1185_
12:08:39,16.00,1,55702,16.05_16.10_16.15_16.20_16.25_,130_3969_3558_5158_1892_,16.00_15.95_15.90_15.85_15.80_,1509_1496_1747_1184_1185_
12:08:44,16.05,50,55752,16.05_16.10_16.15_16.20_16.25_,92_3971_3560_5158_1892_,16.00_15.95_15.90_15.85_15.80_,1509_1496_1747_1184_1185_
12:08:49,16.05,30,55782,16.05_16.10_16.15_16.20_16.25_,89_3971_3560_5158_1892_,16.00_15.95_15.90_15.85_15.80_,1551_1496_1747_1184_1185_
12:08:54,16.00,5,55787,16.05_16.10_16.15_16.20_16.25_,109_3966_3560_5158_1892_,16.00_15.95_15.90_15.85_15.80_,1546_1496_1747_1184_1185_
12:09:00,16.05,7,55794,16.05_16.10_16.15_16.20_16.25_,114_3947_3560_5159_1892_,16.00_15.95_15.90_15.85_15.80_,1520_1496_1747_1184_1185_
12:09:05,16.00,6,55800,16.05_16.10_16.15_16.20_16.25_,131_3946_3560_5159_1892_,16.00_15.95_15.90_15.85_15.80_,1540_1496_1747_1184_1185_
12:09:10,16.00,1,55801,16.05_16.10_16.15_16.20_16.25_,132_3946_3660_5159_1892_,16.00_15.95_15.90_15.85_15.80_,1513_1499_1747_1184_1185_
12:09:15,16.05,20,55821,16.05_16.10_16.15_16.20_16.25_,133_3946_3660_5154_1902_,16.00_15.95_15.90_15.85_15.80_,1513_1499_1747_1184_1185_
12:09:20,16.05,1,55822,16.05_16.10_16.15_16.20_16.25_,134_3943_3660_5154_1902_,16.00_15.95_15.90_15.85_15.80_,1539_1500_1747_1184_1185_
12:09:25,16.05,7,55829,16.05_16.10_16.15_16.20_16.25_,130_3943_3660_5154_1902_,16.00_15.95_15.90_15.85_15.80_,1540_1501_1747_1184_1185_
12:09:30,16.05,1,55830,16.05_16.10_16.15_16.20_16.25_,183_3943_3660_5154_1897_,16.00_15.95_15.90_15.85_15.80_,1540_1501_1747_1184_1185_
12:09:35,16.05,1,55830,16.05_16.10_16.15_16.20_16.25_,198_3943_3663_5154_1897_,16.00_15.95_15.90_15.85_15.80_,1532_1501_1747_1184_1185_
12:09:41,16.05,1,55830,16.05_16.10_16.15_16.20_16.25_,198_3943_3663_5154_1897_,16.00_15.95_15.90_15.85_15.80_,1506_1499_1747_1184_1185_
12:09:46,16.05,1,55830,16.05_16.10_16.15_16.20_16.25_,198_3943_3663_5154_1897_,16.00_15.95_15.90_15.85_15.80_,1511_1499_1747_1184_1185_
12:09:51,16.05,1,55830,16.05_16.10_16.15_16.20_16.25_,255_3915_3663_5164_1897_,16.00_15.95_15.90_15.85_15.80_,1514_1499_1747_1184_1185_
12:09:56,16.05,1,55830,16.05_16.10_16.15_16.20_16.25_,258_3943_3669_5169_1897_,16.00_15.95_15.90_15.85_15.80_,1516_1499_1747_1184_1185_
12:10:01,16.05,1,55830,16.05_16.10_16.15_16.20_16.25_,261_3943_3669_5171_1897_,16.00_15.95_15.90_15.85_15.80_,1516_1499_1747_1184_1185_
12:10:06,16.00,4,55834,16.05_16.10_16.15_16.20_16.25_,258_3943_3679_5166_1897_,16.00_15.95_15.90_15.85_15.80_,1514_1499_1747_1184_1185_
12:10:11,16.05,10,55844,16.05_16.10_16.15_16.20_16.25_,248_3948_3679_5166_1897_,16.00_15.95_15.90_15.85_15.80_,1465_1498_1747_1234_1185_
12:10:16,16.05,10,55844,16.05_16.10_16.15_16.20_16.25_,254_3955_3680_5166_1898_,16.00_15.95_15.90_15.85_15.80_,1491_1498_1747_1234_1185_
12:10:21,16.05,10,55844,16.05_16.10_16.15_16.20_16.25_,265_3976_3678_5166_1898_,16.00_15.95_15.90_15.85_15.80_,1505_1499_1747_1234_1185_
12:10:27,16.05,5,55849,16.05_16.10_16.15_16.20_16.25_,260_3976_3583_5166_1898_,16.00_15.95_15.90_15.85_15.80_,1505_1499_1747_1234_1185_
12:10:32,16.00,1,55850,16.05_16.10_16.15_16.20_16.25_,288_3976_3583_5166_1898_,16.00_15.95_15.90_15.85_15.80_,1530_1500_1747_1234_1185_
12:10:37,16.05,1,55851,16.05_16.10_16.15_16.20_16.25_,288_3978_3583_5166_1898_,16.00_15.95_15.90_15.85_15.80_,1503_1502_1747_1234_1185_
12:10:42,16.00,10,55861,16.05_16.10_16.15_16.20_16.25_,309_3978_3583_5166_1898_,16.00_15.95_15.90_15.85_15.80_,1585_1506_1747_1184_1185_
12:10:47,16.00,10,55861,16.05_16.10_16.15_16.20_16.25_,333_3978_3583_5166_1898_,16.00_15.95_15.90_15.85_15.80_,1559_1506_1747_1184_1185_
12:10:52,16.00,10,55861,16.05_16.10_16.15_16.20_16.25_,439_3978_3583_5166_1898_,16.00_15.95_15.90_15.85_15.80_,1560_1506_1747_1184_1185_
12:10:57,16.00,10,55861,16.05_16.10_16.15_16.20_16.25_,461_3997_3583_5166_1898_,16.00_15.95_15.90_15.85_15.80_,1560_1506_1747_1184_1185_
12:11:02,16.05,3,55864,16.05_16.10_16.15_16.20_16.25_,458_4005_3583_5166_1898_,16.00_15.95_15.90_15.85_15.80_,1511_1506_1747_1234_1185_
12:11:08,16.00,11,55875,16.05_16.10_16.15_16.20_16.25_,458_4003_3583_5166_1898_,16.00_15.95_15.90_15.85_15.80_,1500_1506_1747_1234_1185_
12:11:13,16.00,11,55875,16.05_16.10_16.15_16.20_16.25_,460_4003_3583_5166_1898_,16.00_15.95_15.90_15.85_15.80_,1500_1506_1747_1234_1185_
12:11:18,16.05,1,55876,16.05_16.10_16.15_16.20_16.25_,460_4003_3583_5166_1898_,16.00_15.95_15.90_15.85_15.80_,1500_1506_1747_1234_1185_
12:11:23,16.05,1,55876,16.05_16.10_16.15_16.20_16.25_,462_4003_3583_5166_1898_,16.00_15.95_15.90_15.85_15.80_,1500_1506_1747_1234_1185_
12:11:28,16.00,3,55879,16.05_16.10_16.15_16.20_16.25_,467_4003_3583_5166_1898_,16.00_15.95_15.90_15.85_15.80_,1497_1506_1747_1234_1185_
12:11:33,16.00,3,55879,16.05_16.10_16.15_16.20_16.25_,468_4004_3583_5166_1898_,16.00_15.95_15.90_15.85_15.80_,1497_1506_1747_1234_1185_
12:11:38,16.00,3,55879,16.05_16.10_16.15_16.20_16.25_,468_4014_3578_5166_1898_,16.00_15.95_15.90_15.85_15.80_,1498_1506_1747_1234_1185_
12:11:43,16.00,3,55879,16.05_16.10_16.15_16.20_16.25_,470_4014_3578_5186_1898_,16.00_15.95_15.90_15.85_15.80_,1498_1497_1747_1234_1185_
12:11:48,16.00,3,55879,16.05_16.10_16.15_16.20_16.25_,470_4016_3578_5181_1898_,16.00_15.95_15.90_15.85_15.80_,1498_1497_1747_1234_1185_
12:11:54,16.00,3,55879,16.05_16.10_16.15_16.20_16.25_,471_4016_3578_5181_1898_,16.00_15.95_15.90_15.85_15.80_,1520_1511_1758_1234_1185_
12:11:59,16.00,10,55889,16.05_16.10_16.15_16.20_16.25_,479_4026_3578_5180_1898_,16.00_15.95_15.90_15.85_15.80_,1510_1511_1758_1234_1185_
12:12:04,16.00,10,55889,16.05_16.10_16.15_16.20_16.25_,480_4026_3578_5183_1898_,16.00_15.95_15.90_15.85_15.80_,1510_1511_1758_1234_1185_
12:12:09,16.00,70,55959,16.05_16.10_16.15_16.20_16.25_,480_4026_3578_5183_1898_,16.00_15.95_15.90_15.85_15.80_,1440_1511_1758_1234_1185_
12:12:19,16.00,70,55959,16.05_16.10_16.15_16.20_16.25_,480_4026_3578_5183_1898_,16.00_15.95_15.90_15.85_15.80_,1441_1511_1758_1234_1185_
12:12:24,16.00,300,56259,16.05_16.10_16.15_16.20_16.25_,481_4026_3578_5185_1898_,16.00_15.95_15.90_15.85_15.80_,1160_1511_1758_1234_1185_
12:12:30,16.00,300,56259,16.05_16.10_16.15_16.20_16.25_,512_4036_3576_5186_1898_,16.00_15.95_15.90_15.85_15.80_,1165_1510_1758_1234_1185_
12:12:35,16.00,1,56260,16.05_16.10_16.15_16.20_16.25_,514_4038_3578_5186_1898_,16.00_15.95_15.90_15.85_15.80_,1166_1510_1758_1234_1185_
12:12:40,16.00,3,56263,16.05_16.10_16.15_16.20_16.25_,516_4038_3576_5186_1898_,16.00_15.95_15.90_15.85_15.80_,1162_1510_1758_1234_1185_
12:12:45,16.00,3,56263,16.05_16.10_16.15_16.20_16.25_,535_4038_3576_5186_1898_,16.00_15.95_15.90_15.85_15.80_,1117_1511_1758_1234_1185_
12:12:50,16.00,4,56267,16.05_16.10_16.15_16.20_16.25_,535_4040_3576_5186_1898_,16.00_15.95_15.90_15.85_15.80_,1113_1511_1758_1234_1185_
12:12:55,16.05,3,56270,16.05_16.10_16.15_16.20_16.25_,534_4040_3576_5187_1898_,16.00_15.95_15.90_15.85_15.80_,1113_1512_1758_1234_1185_
12:13:00,16.00,1,56271,16.05_16.10_16.15_16.20_16.25_,537_4040_3576_5187_1897_,16.00_15.95_15.90_15.85_15.80_,1112_1512_1758_1234_1185_
12:13:05,16.00,1,56271,16.05_16.10_16.15_16.20_16.25_,555_4040_3548_5187_1897_,16.00_15.95_15.90_15.85_15.80_,1122_1512_1758_1234_1185_
12:13:11,16.00,1,56271,16.05_16.10_16.15_16.20_16.25_,555_4038_3548_5187_1897_,16.00_15.95_15.90_15.85_15.80_,1136_1508_1758_1234_1185_
12:13:16,16.00,1,56271,16.05_16.10_16.15_16.20_16.25_,555_4038_3548_5187_1897_,16.00_15.95_15.90_15.85_15.80_,1156_1508_1758_1234_1185_
12:13:21,16.00,3,56274,16.05_16.10_16.15_16.20_16.25_,556_4043_3548_5187_1897_,16.00_15.95_15.90_15.85_15.80_,1176_1508_1758_1234_1185_
12:13:26,16.00,3,56274,16.05_16.10_16.15_16.20_16.25_,558_4043_3548_5187_1897_,16.00_15.95_15.90_15.85_15.80_,1176_1508_1758_1234_1185_
12:13:31,16.00,4,56278,16.05_16.10_16.15_16.20_16.25_,554_4043_3548_5187_1897_,16.00_15.95_15.90_15.85_15.80_,1174_1508_1758_1234_1185_
12:13:36,16.00,4,56278,16.05_16.10_16.15_16.20_16.25_,554_4043_3548_5187_1897_,16.00_15.95_15.90_15.85_15.80_,1181_1507_1760_1234_1165_
12:13:41,16.00,4,56278,16.05_16.10_16.15_16.20_16.25_,558_4043_3548_5187_1897_,16.00_15.95_15.90_15.85_15.80_,1196_1507_1760_1234_1165_
12:13:46,16.00,1,56279,16.05_16.10_16.15_16.20_16.25_,561_4042_3548_5187_1897_,16.00_15.95_15.90_15.85_15.80_,1195_1507_1765_1244_1165_
12:13:52,16.00,50,56329,16.05_16.10_16.15_16.20_16.25_,561_4042_3548_5187_1897_,16.00_15.95_15.90_15.85_15.80_,1135_1507_1765_1244_1165_
12:14:02,16.00,50,56329,16.05_16.10_16.15_16.20_16.25_,566_4042_3549_5187_1897_,16.00_15.95_15.90_15.85_15.80_,1146_1507_1765_1244_1165_
12:14:07,16.00,50,56329,16.05_16.10_16.15_16.20_16.25_,571_4041_3549_5187_1897_,16.00_15.95_15.90_15.85_15.80_,1168_1508_1765_1244_1176_
12:14:12,16.00,50,56329,16.05_16.10_16.15_16.20_16.25_,570_4041_3549_5187_1897_,16.00_15.95_15.90_15.85_15.80_,1168_1508_1765_1244_1176_
12:14:17,16.00,50,56329,16.05_16.10_16.15_16.20_16.25_,577_4040_3549_5189_1897_,16.00_15.95_15.90_15.85_15.80_,1158_1508_1765_1244_1176_
12:14:23,16.00,2,56331,16.05_16.10_16.15_16.20_16.25_,580_4141_3549_5089_1897_,16.00_15.95_15.90_15.85_15.80_,1206_1508_1765_1244_1176_
12:14:28,16.00,2,56331,16.05_16.10_16.15_16.20_16.25_,593_4141_3544_5089_1897_,16.00_15.95_15.90_15.85_15.80_,1186_1508_1765_1244_1176_
12:14:33,16.00,2,56331,16.05_16.10_16.15_16.20_16.25_,593_4141_3544_5089_1897_,16.00_15.95_15.90_15.85_15.80_,1186_1509_1766_1244_1176_
12:14:38,16.05,2,56333,16.05_16.10_16.15_16.20_16.25_,678_4141_3544_5088_1897_,16.00_15.95_15.90_15.85_15.80_,1186_1509_1766_1244_1176_
12:14:43,16.05,3,56336,16.05_16.10_16.15_16.20_16.25_,676_4141_3544_5088_1897_,16.00_15.95_15.90_15.85_15.80_,1186_1508_1766_1244_1176_
12:14:48,16.05,16,56352,16.05_16.10_16.15_16.20_16.25_,662_4141_3544_5088_1897_,16.00_15.95_15.90_15.85_15.80_,1186_1508_1766_1244_1176_
12:14:53,16.05,16,56352,16.05_16.10_16.15_16.20_16.25_,663_4144_3545_5088_1897_,16.00_15.95_15.90_15.85_15.80_,1186_1508_1766_1244_1176_
12:14:58,16.05,16,56352,16.05_16.10_16.15_16.20_16.25_,645_4145_3545_5091_1897_,16.00_15.95_15.90_15.85_15.80_,1196_1508_1766_1244_1176_
12:15:04,16.00,4,56356,16.05_16.10_16.15_16.20_16.25_,646_4155_3545_5091_1897_,16.00_15.95_15.90_15.85_15.80_,1193_1508_1766_1244_1176_
12:15:09,16.05,10,56366,16.05_16.10_16.15_16.20_16.25_,655_4155_3545_5091_1897_,16.00_15.95_15.90_15.85_15.80_,1193_1508_1766_1244_1176_
12:15:14,16.05,2,56368,16.05_16.10_16.15_16.20_16.25_,654_4152_3545_5091_1897_,16.00_15.95_15.90_15.85_15.80_,1194_1508_1766_1244_1176_
12:15:19,16.05,5,56373,16.05_16.10_16.15_16.20_16.25_,651_4152_3545_5091_1897_,16.00_15.95_15.90_15.85_15.80_,1202_1508_1766_1244_1176_
12:15:24,16.00,6,56379,16.05_16.10_16.15_16.20_16.25_,652_4156_3545_5089_1897_,16.00_15.95_15.90_15.85_15.80_,1196_1508_1766_1244_1176_
12:15:29,16.00,3,56382,16.05_16.10_16.15_16.20_16.25_,654_4159_3545_5089_1897_,16.00_15.95_15.90_15.85_15.80_,1193_1508_1766_1204_1176_
12:15:34,16.00,3,56385,16.05_16.10_16.15_16.20_16.25_,654_4159_3545_5089_1897_,16.00_15.95_15.90_15.85_15.80_,1186_1508_1766_1204_1166_
12:15:40,16.00,20,56405,16.05_16.10_16.15_16.20_16.25_,661_4159_3545_5088_1896_,16.00_15.95_15.90_15.85_15.80_,1176_1508_1766_1204_1166_
12:15:45,16.00,6,56411,16.05_16.10_16.15_16.20_16.25_,686_4169_3545_5088_1896_,16.00_15.95_15.90_15.85_15.80_,1170_1508_1766_1204_1166_
12:15:50,16.00,1,56412,16.05_16.10_16.15_16.20_16.25_,688_4169_3545_5078_1896_,16.00_15.95_15.90_15.85_15.80_,1170_1508_1766_1204_1166_
12:15:55,16.00,1,56412,16.05_16.10_16.15_16.20_16.25_,690_4179_3544_5078_1896_,16.00_15.95_15.90_15.85_15.80_,1170_1508_1767_1204_1166_
12:16:00,16.00,1,56412,16.05_16.10_16.15_16.20_16.25_,693_4180_3544_5078_1896_,16.00_15.95_15.90_15.85_15.80_,1170_1508_1767_1204_1166_
12:16:05,16.00,3,56415,16.05_16.10_16.15_16.20_16.25_,703_4181_3544_5078_1896_,16.00_15.95_15.90_15.85_15.80_,1168_1508_1767_1204_1166_
12:16:15,16.00,5,56420,16.05_16.10_16.15_16.20_16.25_,708_4196_3544_5077_1896_,16.00_15.95_15.90_15.85_15.80_,1169_1518_1767_1204_1166_
12:16:20,16.05,15,56435,16.05_16.10_16.15_16.20_16.25_,703_4196_3544_5077_1896_,16.00_15.95_15.90_15.85_15.80_,1173_1518_1767_1204_1166_
12:16:31,16.05,15,56435,16.05_16.10_16.15_16.20_16.25_,706_4194_3544_5077_1896_,16.00_15.95_15.90_15.85_15.80_,1199_1518_1767_1204_1166_
12:16:36,16.05,10,56445,16.05_16.10_16.15_16.20_16.25_,706_4194_3549_5077_1896_,16.00_15.95_15.90_15.85_15.80_,1250_1518_1767_1204_1166_
12:16:41,16.00,10,56455,16.05_16.10_16.15_16.20_16.25_,708_4204_3554_5077_1896_,16.00_15.95_15.90_15.85_15.80_,1229_1518_1767_1204_1166_
12:16:46,16.00,10,56455,16.05_16.10_16.15_16.20_16.25_,708_4204_3559_5077_1896_,16.00_15.95_15.90_15.85_15.80_,1229_1518_1767_1214_1166_
12:16:51,16.00,5,56460,16.05_16.10_16.15_16.20_16.25_,828_4204_3559_5077_1896_,16.00_15.95_15.90_15.85_15.80_,1224_1518_1767_1214_1169_
12:16:56,16.00,5,56460,16.05_16.10_16.15_16.20_16.25_,836_4204_3559_5077_1896_,16.00_15.95_15.90_15.85_15.80_,1229_1522_1767_1214_1169_
12:17:07,16.05,3,56463,16.05_16.10_16.15_16.20_16.25_,833_4204_3559_5078_1896_,16.00_15.95_15.90_15.85_15.80_,1226_1521_1767_1214_1169_
12:17:12,16.05,3,56463,16.05_16.10_16.15_16.20_16.25_,835_4204_3557_5088_1896_,16.00_15.95_15.90_15.85_15.80_,1226_1521_1767_1214_1169_
12:17:17,16.05,10,56473,16.05_16.10_16.15_16.20_16.25_,936_4206_3555_5088_1896_,16.00_15.95_15.90_15.85_15.80_,1226_1521_1767_1213_1169_
12:17:22,16.00,5,56478,16.05_16.10_16.15_16.20_16.25_,951_4204_3555_5088_1896_,16.00_15.95_15.90_15.85_15.80_,1221_1521_1767_1213_1169_
12:17:32,16.00,10,56488,16.05_16.10_16.15_16.20_16.25_,965_4201_3555_5088_1896_,16.00_15.95_15.90_15.85_15.80_,1215_1521_1767_1213_1169_
12:17:38,16.00,10,56488,16.05_16.10_16.15_16.20_16.25_,967_4201_3555_5088_1896_,16.00_15.95_15.90_15.85_15.80_,1215_1521_1767_1213_1169_
12:17:43,16.00,4,56492,16.05_16.10_16.15_16.20_16.25_,967_4201_3555_5088_1896_,16.00_15.95_15.90_15.85_15.80_,1211_1521_1767_1213_1169_
12:17:48,16.00,4,56492,16.05_16.10_16.15_16.20_16.25_,968_4202_3555_5088_1896_,16.00_15.95_15.90_15.85_15.80_,1211_1521_1767_1213_1169_
12:17:53,16.05,2,56494,16.05_16.10_16.15_16.20_16.25_,967_4202_3557_5088_1896_,16.00_15.95_15.90_15.85_15.80_,1210_1521_1767_1213_1169_
12:17:58,16.05,2,56494,16.05_16.10_16.15_16.20_16.25_,970_4202_3558_5088_1896_,16.00_15.95_15.90_15.85_15.80_,1208_1521_1767_1213_1169_
12:18:03,16.05,2,56494,16.05_16.10_16.15_16.20_16.25_,970_4202_3558_5087_1896_,16.00_15.95_15.90_15.85_15.80_,1208_1521_1767_1213_1169_
12:18:08,16.00,4,56498,16.05_16.10_16.15_16.20_16.25_,968_4202_3558_5087_1896_,16.00_15.95_15.90_15.85_15.80_,1204_1521_1767_1213_1169_
12:18:14,16.00,4,56498,16.05_16.10_16.15_16.20_16.25_,969_4201_3558_5087_1896_,16.00_15.95_15.90_15.85_15.80_,1206_1521_1767_1213_1169_
12:18:19,16.05,16,56514,16.05_16.10_16.15_16.20_16.25_,953_4202_3558_5087_1896_,16.00_15.95_15.90_15.85_15.80_,1206_1521_1767_1213_1170_
12:18:24,16.00,4,56518,16.05_16.10_16.15_16.20_16.25_,954_4202_3558_5087_1896_,16.00_15.95_15.90_15.85_15.80_,1201_1521_1767_1213_1170_
12:18:29,16.05,2,56520,16.05_16.10_16.15_16.20_16.25_,952_4197_3558_5087_1896_,16.00_15.95_15.90_15.85_15.80_,1205_1523_1767_1213_1170_
12:18:34,16.00,5,56525,16.05_16.10_16.15_16.20_16.25_,953_4198_3558_5087_1896_,16.00_15.95_15.90_15.85_15.80_,1198_1523_1767_1213_1170_
12:18:39,16.00,5,56525,16.05_16.10_16.15_16.20_16.25_,954_4198_3558_5086_1896_,16.00_15.95_15.90_15.85_15.80_,1198_1523_1767_1213_1170_
12:18:44,16.00,1,56526,16.05_16.10_16.15_16.20_16.25_,954_4198_3558_5096_1896_,16.00_15.95_15.90_15.85_15.80_,1197_1523_1767_1213_1170_
12:18:49,16.05,1,56527,16.05_16.10_16.15_16.20_16.25_,960_4198_3556_5096_1896_,16.00_15.95_15.90_15.85_15.80_,1197_1523_1767_1213_1170_
12:18:54,16.05,1,56527,16.05_16.10_16.15_16.20_16.25_,957_4198_3556_5101_1896_,16.00_15.95_15.90_15.85_15.80_,1204_1523_1767_1213_1170_
12:19:00,16.05,1,56527,16.05_16.10_16.15_16.20_16.25_,958_4198_3556_5101_1896_,16.00_15.95_15.90_15.85_15.80_,1204_1523_1767_1213_1170_
12:19:05,16.00,7,56534,16.05_16.10_16.15_16.20_16.25_,959_4198_3556_5091_1896_,16.00_15.95_15.90_15.85_15.80_,1197_1523_1767_1215_1170_
12:19:10,16.05,2,56536,16.05_16.10_16.15_16.20_16.25_,958_4196_3556_5091_1896_,16.00_15.95_15.90_15.85_15.80_,1204_1523_1767_1215_1170_
12:19:15,16.00,10,56546,16.05_16.10_16.15_16.20_16.25_,853_4196_3556_5091_1896_,16.00_15.95_15.90_15.85_15.80_,1201_1523_1767_1215_1170_
12:19:20,16.00,10,56546,16.05_16.10_16.15_16.20_16.25_,854_4196_3556_5087_1896_,16.00_15.95_15.90_15.85_15.80_,1201_1523_1767_1215_1170_
12:19:25,16.00,2,56548,16.05_16.10_16.15_16.20_16.25_,870_4196_3557_5087_1896_,16.00_15.95_15.90_15.85_15.80_,1199_1523_1767_1215_1170_
12:19:30,16.00,2,56548,16.05_16.10_16.15_16.20_16.25_,880_4198_3557_5093_1896_,16.00_15.95_15.90_15.85_15.80_,1199_1523_1767_1215_1170_
12:19:35,16.00,2,56548,16.05_16.10_16.15_16.20_16.25_,884_4198_3557_5093_1896_,16.00_15.95_15.90_15.85_15.80_,1201_1523_1767_1215_1170_
12:19:41,16.00,2,56548,16.05_16.10_16.15_16.20_16.25_,887_4198_3557_5093_1896_,16.00_15.95_15.90_15.85_15.80_,1201_1523_1767_1215_1170_
12:19:46,16.00,4,56552,16.05_16.10_16.15_16.20_16.25_,884_4200_3557_5093_1896_,16.00_15.95_15.90_15.85_15.80_,1222_1523_1767_1215_1170_
12:19:51,16.00,4,56552,16.05_16.10_16.15_16.20_16.25_,884_4200_3557_5094_1896_,16.00_15.95_15.90_15.85_15.80_,1222_1523_1767_1215_1170_
12:19:56,16.00,4,56552,16.05_16.10_16.15_16.20_16.25_,885_4200_3557_5094_1896_,16.00_15.95_15.90_15.85_15.80_,1222_1523_1767_1215_1170_
12:20:01,16.00,4,56552,16.05_16.10_16.15_16.20_16.25_,886_4200_3557_5094_1896_,16.00_15.95_15.90_15.85_15.80_,1223_1523_1769_1215_1170_
12:20:06,16.00,4,56556,16.05_16.10_16.15_16.20_16.25_,877_4200_3557_5094_1896_,16.00_15.95_15.90_15.85_15.80_,1217_1523_1769_1215_1170_
12:20:11,16.05,15,56571,16.05_16.10_16.15_16.20_16.25_,886_4201_3557_5094_1896_,16.00_15.95_15.90_15.85_15.80_,1221_1519_1769_1215_1170_
12:20:16,16.05,15,56571,16.05_16.10_16.15_16.20_16.25_,899_4203_3557_5094_1896_,16.00_15.95_15.90_15.85_15.80_,1218_1519_1769_1215_1170_
12:20:21,16.05,15,56571,16.05_16.10_16.15_16.20_16.25_,912_4201_3557_5094_1896_,16.00_15.95_15.90_15.85_15.80_,1228_1520_1769_1215_1170_
12:20:27,16.05,15,56571,16.05_16.10_16.15_16.20_16.25_,912_4201_3557_5094_1896_,16.00_15.95_15.90_15.85_15.80_,1225_1520_1769_1215_1170_
12:20:32,16.00,1,56572,16.05_16.10_16.15_16.20_16.25_,920_4201_3557_5094_1896_,16.00_15.95_15.90_15.85_15.80_,1223_1570_1769_1215_1170_
12:20:37,16.00,1,56572,16.05_16.10_16.15_16.20_16.25_,921_4201_3557_5094_1896_,16.00_15.95_15.90_15.85_15.80_,1223_1571_1769_1215_1170_
12:20:42,16.00,1,56572,16.05_16.10_16.15_16.20_16.25_,931_4201_3558_5095_1896_,16.00_15.95_15.90_15.85_15.80_,1223_1573_1769_1215_1170_
12:20:47,16.00,5,56577,16.05_16.10_16.15_16.20_16.25_,927_4201_3558_5095_1896_,16.00_15.95_15.90_15.85_15.80_,1218_1573_1769_1215_1170_
12:20:52,16.00,5,56577,16.05_16.10_16.15_16.20_16.25_,929_4202_3558_5097_1896_,16.00_15.95_15.90_15.85_15.80_,1228_1573_1769_1215_1170_
12:20:57,16.00,4,56581,16.05_16.10_16.15_16.20_16.25_,980_4202_3559_5096_1896_,16.00_15.95_15.90_15.85_15.80_,1224_1573_1770_1215_1159_
12:21:02,16.00,4,56581,16.05_16.10_16.15_16.20_16.25_,980_4202_3559_5097_1896_,16.00_15.95_15.90_15.85_15.80_,1225_1573_1770_1215_1159_
12:21:08,16.05,10,56591,16.05_16.10_16.15_16.20_16.25_,966_4202_3559_5095_1896_,16.00_15.95_15.90_15.85_15.80_,1219_1573_1770_1215_1159_
12:21:13,16.05,10,56591,16.05_16.10_16.15_16.20_16.25_,968_4202_3559_5095_1896_,16.00_15.95_15.90_15.85_15.80_,1219_1573_1770_1215_1159_
12:21:23,16.05,10,56591,16.05_16.10_16.15_16.20_16.25_,976_4222_3559_5095_1896_,16.00_15.95_15.90_15.85_15.80_,1219_1573_1770_1215_1159_
12:21:28,16.05,4,56595,16.05_16.10_16.15_16.20_16.25_,987_4223_3559_5095_1896_,16.00_15.95_15.90_15.85_15.80_,1219_1573_1770_1215_1159_
12:21:33,16.05,4,56595,16.05_16.10_16.15_16.20_16.25_,982_4223_3559_5095_1896_,16.00_15.95_15.90_15.85_15.80_,1219_1573_1770_1215_1159_
12:21:38,16.00,5,56600,16.05_16.10_16.15_16.20_16.25_,1084_4223_3559_5095_1896_,16.00_15.95_15.90_15.85_15.80_,1215_1573_1770_1210_1159_
12:21:44,16.00,5,56600,16.05_16.10_16.15_16.20_16.25_,1078_4223_3559_5095_1896_,16.00_15.95_15.90_15.85_15.80_,1215_1573_1770_1210_1159_
12:21:49,16.00,4,56604,16.05_16.10_16.15_16.20_16.25_,1076_4223_3559_5095_1896_,16.00_15.95_15.90_15.85_15.80_,1211_1593_1770_1210_1159_
12:21:54,16.00,1,56605,16.05_16.10_16.15_16.20_16.25_,1077_4223_3569_5095_1926_,16.00_15.95_15.90_15.85_15.80_,1211_1593_1770_1210_1160_
12:21:59,16.05,15,56620,16.05_16.10_16.15_16.20_16.25_,1074_4223_3569_5095_1926_,16.00_15.95_15.90_15.85_15.80_,1251_1591_1770_1210_1160_
12:22:04,16.00,1,56621,16.05_16.10_16.15_16.20_16.25_,1074_4223_3570_5095_1926_,16.00_15.95_15.90_15.85_15.80_,1250_1591_1760_1210_1160_
12:22:09,16.00,1,56621,16.05_16.10_16.15_16.20_16.25_,1076_4223_3570_5098_1926_,16.00_15.95_15.90_15.85_15.80_,1250_1591_1760_1210_1160_
12:22:14,16.00,3,56624,16.05_16.10_16.15_16.20_16.25_,1076_4223_3570_5105_1926_,16.00_15.95_15.90_15.85_15.80_,1250_1588_1760_1210_1160_
12:22:19,16.00,9,56633,16.05_16.10_16.15_16.20_16.25_,1078_4224_3570_5105_1926_,16.00_15.95_15.90_15.85_15.80_,1244_1588_1760_1210_1160_
12:22:24,16.00,5,56638,16.05_16.10_16.15_16.20_16.25_,1076_4224_3570_5105_1926_,16.00_15.95_15.90_15.85_15.80_,1243_1588_1760_1210_1160_
12:22:30,16.00,2,56640,16.05_16.10_16.15_16.20_16.25_,1076_4226_3570_5105_1926_,16.00_15.95_15.90_15.85_15.80_,1243_1588_1760_1210_1160_
12:22:35,16.00,1,56641,16.05_16.10_16.15_16.20_16.25_,1075_4226_3570_5105_1926_,16.00_15.95_15.90_15.85_15.80_,1242_1589_1760_1210_1160_
12:22:40,16.00,30,56671,16.05_16.10_16.15_16.20_16.25_,1078_4216_3570_5105_1926_,16.00_15.95_15.90_15.85_15.80_,1212_1589_1760_1210_1160_
12:22:50,16.00,30,56671,16.05_16.10_16.15_16.20_16.25_,1079_4216_3570_5105_1926_,16.00_15.95_15.90_15.85_15.80_,1212_1589_1760_1210_1160_
12:22:55,16.05,19,56690,16.05_16.10_16.15_16.20_16.25_,1077_4216_3570_5105_1926_,16.00_15.95_15.90_15.85_15.80_,1212_1575_1760_1210_1160_
12:23:00,16.05,19,56690,16.05_16.10_16.15_16.20_16.25_,1078_4215_3569_5105_1926_,16.00_15.95_15.90_15.85_15.80_,1227_1575_1760_1210_1160_
12:23:05,16.00,2,56692,16.05_16.10_16.15_16.20_16.25_,1078_4215_3569_5604_1926_,16.00_15.95_15.90_15.85_15.80_,1225_1565_1760_1210_1160_
12:23:10,16.00,3,56695,16.05_16.10_16.15_16.20_16.25_,1086_4214_3570_5605_1926_,16.00_15.95_15.90_15.85_15.80_,1222_1565_1760_1210_1160_
12:23:16,16.00,3,56698,16.05_16.10_16.15_16.20_16.25_,1087_4214_3570_5605_1926_,16.00_15.95_15.90_15.85_15.80_,1219_1565_1760_1210_1159_
12:23:21,16.00,3,56698,16.05_16.10_16.15_16.20_16.25_,1087_4215_3570_5605_1926_,16.00_15.95_15.90_15.85_15.80_,1219_1565_1760_1210_1159_
12:23:26,16.00,3,56698,16.05_16.10_16.15_16.20_16.25_,1086_4215_3570_5605_1926_,16.00_15.95_15.90_15.85_15.80_,1220_1565_1760_1210_1159_
12:23:31,16.00,1,56699,16.05_16.10_16.15_16.20_16.25_,1080_4214_3570_5605_1926_,16.00_15.95_15.90_15.85_15.80_,1219_1565_1760_1210_1159_
12:23:36,16.00,2,56701,16.05_16.10_16.15_16.20_16.25_,1080_4214_3570_5605_1926_,16.00_15.95_15.90_15.85_15.80_,1217_1569_1760_1210_1159_
12:23:41,16.00,2,56703,16.05_16.10_16.15_16.20_16.25_,1080_4214_3570_5605_1926_,16.00_15.95_15.90_15.85_15.80_,1215_1569_1760_1210_1159_
12:23:46,16.05,14,56717,16.05_16.10_16.15_16.20_16.25_,1069_4214_3570_5605_1926_,16.00_15.95_15.90_15.85_15.80_,1220_1569_1760_1210_1159_
12:23:52,16.05,14,56717,16.05_16.10_16.15_16.20_16.25_,1069_4218_3570_5605_1926_,16.00_15.95_15.90_15.85_15.80_,1231_1569_1760_1210_1159_
12:23:57,16.00,1,56718,16.05_16.10_16.15_16.20_16.25_,1069_4218_3570_5605_1926_,16.00_15.95_15.90_15.85_15.80_,1241_1569_1760_1210_1159_
12:24:02,16.00,156,56874,16.05_16.10_16.15_16.20_16.25_,1069_4218_3565_5605_1926_,16.00_15.95_15.90_15.85_15.80_,1085_1569_1760_1210_1159_
12:24:07,16.00,7,56881,16.05_16.10_16.15_16.20_16.25_,1069_4218_3565_5615_1926_,16.00_15.95_15.90_15.85_15.80_,1078_1569_1760_1210_1159_
12:24:12,16.00,30,56911,16.05_16.10_16.15_16.20_16.25_,1077_4218_3565_5615_1926_,16.00_15.95_15.90_15.85_15.80_,1052_1569_1760_1210_1151_
12:24:17,16.00,12,56923,16.05_16.10_16.15_16.20_16.25_,1078_4228_3563_5615_1926_,16.00_15.95_15.90_15.85_15.80_,1042_1569_1760_1210_1151_
12:24:22,16.00,3,56926,16.05_16.10_16.15_16.20_16.25_,1077_4228_3563_5615_1926_,16.00_15.95_15.90_15.85_15.80_,1038_1569_1760_1210_1151_
12:24:28,16.00,24,56950,16.05_16.10_16.15_16.20_16.25_,1077_4228_3562_5615_1926_,16.00_15.95_15.90_15.85_15.80_,1012_1569_1760_1210_1151_
12:24:33,16.05,4,56954,16.05_16.10_16.15_16.20_16.25_,1073_4228_3562_5615_1926_,16.00_15.95_15.90_15.85_15.80_,1012_1569_1760_1210_1151_
12:24:38,16.05,3,56957,16.05_16.10_16.15_16.20_16.25_,1075_4228_3562_5615_1926_,16.00_15.95_15.90_15.85_15.80_,997_1573_1760_1210_1151_
12:24:43,16.00,9,56966,16.05_16.10_16.15_16.20_16.25_,1072_4233_3563_5615_1926_,16.00_15.95_15.90_15.85_15.80_,988_1578_1760_1210_1151_
12:24:48,16.00,9,56966,16.05_16.10_16.15_16.20_16.25_,1073_4233_3563_5615_1926_,16.00_15.95_15.90_15.85_15.80_,984_1558_1760_1210_1151_
12:24:53,16.00,10,56976,16.05_16.10_16.15_16.20_16.25_,1086_4233_3563_5617_1926_,16.00_15.95_15.90_15.85_15.80_,979_1558_1760_1192_1151_
12:24:58,16.00,2,56978,16.05_16.10_16.15_16.20_16.25_,1086_4234_3562_5617_1926_,16.00_15.95_15.90_15.85_15.80_,977_1558_1760_1192_1151_
12:25:03,16.05,52,57030,16.05_16.10_16.15_16.20_16.25_,1037_4234_3562_5617_1926_,16.00_15.95_15.90_15.85_15.80_,969_1558_1760_1192_1151_
12:25:09,16.00,3,57033,16.05_16.10_16.15_16.20_16.25_,1055_4234_3562_5617_1926_,16.00_15.95_15.90_15.85_15.80_,967_1558_1760_1192_1151_
12:25:14,16.05,4,57037,16.05_16.10_16.15_16.20_16.25_,1052_4234_3552_5617_1926_,16.00_15.95_15.90_15.85_15.80_,978_1554_1760_1192_1151_
12:25:19,16.00,3,57040,16.05_16.10_16.15_16.20_16.25_,1052_4234_3552_5617_1926_,16.00_15.95_15.90_15.85_15.80_,988_1554_1762_1192_1151_
12:25:24,16.05,1,57041,16.05_16.10_16.15_16.20_16.25_,1052_4237_3552_5618_1926_,16.00_15.95_15.90_15.85_15.80_,997_1555_1762_1192_1151_
12:25:29,16.00,1,57042,16.05_16.10_16.15_16.20_16.25_,1052_4237_3552_5618_1926_,16.00_15.95_15.90_15.85_15.80_,1007_1555_1762_1192_1151_
12:25:34,16.05,14,57056,16.05_16.10_16.15_16.20_16.25_,1070_4278_3552_5618_1926_,16.00_15.95_15.90_15.85_15.80_,1007_1555_1762_1192_1151_
12:25:39,16.05,5,57061,16.05_16.10_16.15_16.20_16.25_,1065_4278_3552_5618_1926_,16.00_15.95_15.90_15.85_15.80_,1030_1555_1762_1192_1151_
12:25:45,16.05,5,57061,16.05_16.10_16.15_16.20_16.25_,1061_4279_3552_5620_1926_,16.00_15.95_15.90_15.85_15.80_,1032_1555_1762_1192_1151_
12:25:50,16.05,11,57072,16.05_16.10_16.15_16.20_16.25_,1074_4279_3551_5620_1926_,16.00_15.95_15.90_15.85_15.80_,1166_1555_1762_1192_1151_
12:25:55,16.05,11,57072,16.05_16.10_16.15_16.20_16.25_,1078_4279_3551_5620_1926_,16.00_15.95_15.90_15.85_15.80_,1147_1554_1762_1192_1151_
12:26:00,16.00,3,57075,16.05_16.10_16.15_16.20_16.25_,1101_4279_3551_5620_1926_,16.00_15.95_15.90_15.85_15.80_,1153_1554_1762_1192_1151_
12:26:05,16.00,3,57075,16.05_16.10_16.15_16.20_16.25_,1101_4279_3551_5620_1926_,16.00_15.95_15.90_15.85_15.80_,1163_1556_1762_1192_1151_
12:26:10,16.00,85,57160,16.05_16.10_16.15_16.20_16.25_,1112_4279_3552_5620_1926_,16.00_15.95_15.90_15.85_15.80_,1081_1556_1761_1191_1151_
12:26:15,16.00,3,57163,16.05_16.10_16.15_16.20_16.25_,1112_4279_3552_5620_1926_,16.00_15.95_15.90_15.85_15.80_,1079_1556_1761_1191_1151_
12:26:21,16.00,3,57163,16.05_16.10_16.15_16.20_16.25_,1113_4279_3552_5620_1926_,16.00_15.95_15.90_15.85_15.80_,1080_1557_1761_1191_1151_
12:26:26,16.00,2,57165,16.05_16.10_16.15_16.20_16.25_,1119_4279_3552_5625_1926_,16.00_15.95_15.90_15.85_15.80_,1078_1557_1791_1191_1151_
12:26:31,16.00,3,57168,16.05_16.10_16.15_16.20_16.25_,1126_4279_3552_5625_1926_,16.00_15.95_15.90_15.85_15.80_,1079_1557_1791_1191_1151_
12:26:36,16.00,22,57190,16.05_16.10_16.15_16.20_16.25_,1126_4279_3492_5625_1926_,16.00_15.95_15.90_15.85_15.80_,1057_1557_1789_1191_1151_
12:26:41,16.00,22,57190,16.05_16.10_16.15_16.20_16.25_,1130_4279_3492_5625_1926_,16.00_15.95_15.90_15.85_15.80_,1060_1458_1789_1191_1151_
12:26:46,16.00,22,57190,16.05_16.10_16.15_16.20_16.25_,1129_4279_3492_5625_1926_,16.00_15.95_15.90_15.85_15.80_,1050_1458_1789_1191_1151_
12:26:51,16.00,22,57190,16.05_16.10_16.15_16.20_16.25_,1129_4280_3492_5625_1926_,16.00_15.95_15.90_15.85_15.80_,1050_1458_1789_1191_1151_
12:26:56,16.00,22,57190,16.05_16.10_16.15_16.20_16.25_,1128_4280_3492_5625_1926_,16.00_15.95_15.90_15.85_15.80_,1050_1458_1789_1191_1151_
12:27:02,16.00,22,57190,16.05_16.10_16.15_16.20_16.25_,1128_4340_3492_5625_1926_,16.00_15.95_15.90_15.85_15.80_,1050_1458_1789_1191_1151_
12:27:07,16.05,5,57195,16.05_16.10_16.15_16.20_16.25_,1135_4338_3492_5625_1926_,16.00_15.95_15.90_15.85_15.80_,1050_1455_1789_1191_1151_
12:27:12,16.00,7,57202,16.05_16.10_16.15_16.20_16.25_,1153_4343_3492_5625_1926_,16.00_15.95_15.90_15.85_15.80_,1043_1455_1789_1191_1151_
12:27:17,16.00,6,57208,16.05_16.10_16.15_16.20_16.25_,1154_4343_3491_5625_1926_,16.00_15.95_15.90_15.85_15.80_,1037_1456_1789_1191_1151_
12:27:22,16.05,14,57222,16.05_16.10_16.15_16.20_16.25_,1140_4343_3491_5625_1926_,16.00_15.95_15.90_15.85_15.80_,1037_1456_1789_1191_1151_
12:27:27,16.05,71,57293,16.05_16.10_16.15_16.20_16.25_,1077_4344_3491_5625_1926_,16.00_15.95_15.90_15.85_15.80_,984_1456_1789_1191_1151_
12:27:32,16.00,12,57305,16.05_16.10_16.15_16.20_16.25_,1155_4345_3491_5625_1926_,16.00_15.95_15.90_15.85_15.80_,972_1456_1789_1191_1151_
12:27:37,16.00,1,57306,16.05_16.10_16.15_16.20_16.25_,1157_4345_3491_5625_1926_,16.00_15.95_15.90_15.85_15.80_,972_1456_1789_1191_1151_
12:27:43,16.00,6,57312,16.05_16.10_16.15_16.20_16.25_,1161_4346_3547_5572_1926_,16.00_15.95_15.90_15.85_15.80_,967_1456_1789_1191_1151_
12:27:48,16.00,9,57321,16.05_16.10_16.15_16.20_16.25_,1163_4353_3547_5574_1926_,16.00_15.95_15.90_15.85_15.80_,858_1461_1789_1191_1151_
12:27:53,16.00,9,57321,16.05_16.10_16.15_16.20_16.25_,1166_4354_3547_5574_1926_,16.00_15.95_15.90_15.85_15.80_,893_1421_1789_1191_1151_
12:27:58,16.00,5,57326,16.05_16.10_16.15_16.20_16.25_,1166_4354_3547_5574_1926_,16.00_15.95_15.90_15.85_15.80_,892_1421_1789_1191_1151_
12:28:03,16.05,5,57331,16.05_16.10_16.15_16.20_16.25_,1173_4354_3547_5574_1926_,16.00_15.95_15.90_15.85_15.80_,891_1421_1789_1191_1151_
12:28:08,16.05,5,57331,16.05_16.10_16.15_16.20_16.25_,1173_4354_3547_5574_1926_,16.00_15.95_15.90_15.85_15.80_,891_1420_1789_1191_1151_
12:28:13,16.05,5,57331,16.05_16.10_16.15_16.20_16.25_,1175_4356_3547_5574_1926_,16.00_15.95_15.90_15.85_15.80_,902_1420_1789_1191_1151_
12:28:18,16.00,6,57337,16.05_16.10_16.15_16.20_16.25_,1171_4354_3547_5574_1926_,16.00_15.95_15.90_15.85_15.80_,921_1420_1789_1191_1151_
12:28:24,16.00,6,57337,16.05_16.10_16.15_16.20_16.25_,1178_4354_3547_5574_1926_,16.00_15.95_15.90_15.85_15.80_,921_1420_1787_1191_1151_
12:28:29,16.05,5,57342,16.05_16.10_16.15_16.20_16.25_,1188_4354_3547_5574_1926_,16.00_15.95_15.90_15.85_15.80_,922_1421_1787_1191_1151_
12:28:39,16.05,5,57347,16.05_16.10_16.15_16.20_16.25_,1190_4354_3547_5574_1926_,16.00_15.95_15.90_15.85_15.80_,917_1421_1787_1191_1151_
12:28:44,16.00,1,57348,16.05_16.10_16.15_16.20_16.25_,1191_4353_3546_5574_1926_,16.00_15.95_15.90_15.85_15.80_,916_1421_1787_1191_1151_
12:28:49,16.05,5,57353,16.05_16.10_16.15_16.20_16.25_,1189_4353_3546_5574_1926_,16.00_15.95_15.90_15.85_15.80_,916_1421_1787_1191_1150_
12:28:54,16.00,5,57358,16.05_16.10_16.15_16.20_16.25_,1189_4304_3546_5574_1926_,16.00_15.95_15.90_15.85_15.80_,905_1421_1787_1191_1150_
12:28:59,16.05,5,57363,16.05_16.10_16.15_16.20_16.25_,1185_4304_3546_5574_1926_,16.00_15.95_15.90_15.85_15.80_,918_1421_1787_1196_1150_
12:29:04,16.05,5,57363,16.05_16.10_16.15_16.20_16.25_,1186_4304_3546_5574_1926_,16.00_15.95_15.90_15.85_15.80_,929_1421_1787_1196_1150_
12:29:10,16.05,19,57382,16.05_16.10_16.15_16.20_16.25_,1219_4304_3546_5574_1926_,16.00_15.95_15.90_15.85_15.80_,927_1421_1787_1196_1150_
12:29:15,16.05,19,57382,16.05_16.10_16.15_16.20_16.25_,1218_4304_3546_5574_1926_,16.00_15.95_15.90_15.85_15.80_,927_1421_1787_1196_1150_
12:29:20,16.00,1,57383,16.05_16.10_16.15_16.20_16.25_,1219_4314_3546_5574_1926_,16.00_15.95_15.90_15.85_15.80_,923_1421_1787_1196_1150_
12:29:25,16.05,5,57388,16.05_16.10_16.15_16.20_16.25_,1215_4314_3546_5574_1926_,16.00_15.95_15.90_15.85_15.80_,923_1421_1787_1196_1150_
12:29:30,16.00,1,57389,16.05_16.10_16.15_16.20_16.25_,1216_4314_3546_5574_1926_,16.00_15.95_15.90_15.85_15.80_,927_1421_1787_1196_1150_
12:29:35,16.05,8,57397,16.05_16.10_16.15_16.20_16.25_,1209_4314_3546_5572_1926_,16.00_15.95_15.90_15.85_15.80_,940_1421_1787_1196_1150_
12:29:40,16.05,6,57403,16.05_16.10_16.15_16.20_16.25_,1203_4314_3546_5572_1926_,16.00_15.95_15.90_15.85_15.80_,946_1421_1787_1196_1150_
12:29:45,16.05,9,57412,16.05_16.10_16.15_16.20_16.25_,1196_4314_3546_5572_1926_,16.00_15.95_15.90_15.85_15.80_,938_1421_1787_1196_1150_
12:29:50,16.00,2,57414,16.05_16.10_16.15_16.20_16.25_,1246_4264_3546_5572_1926_,16.00_15.95_15.90_15.85_15.80_,933_1421_1787_1196_1150_
12:29:56,16.05,8,57422,16.05_16.10_16.15_16.20_16.25_,1238_4264_3546_5571_1926_,16.00_15.95_15.90_15.85_15.80_,933_1424_1787_1196_1150_
12:30:01,16.00,1,57423,16.05_16.10_16.15_16.20_16.25_,1239_4264_3546_5573_1926_,16.00_15.95_15.90_15.85_15.80_,953_1424_1787_1196_1150_
12:30:06,16.00,1,57423,16.05_16.10_16.15_16.20_16.25_,1239_4265_3546_5569_1926_,16.00_15.95_15.90_15.85_15.80_,953_1424_1787_1196_1150_
12:30:11,16.00,1,57423,16.05_16.10_16.15_16.20_16.25_,1250_4265_3546_5569_1926_,16.00_15.95_15.90_15.85_15.80_,938_1424_1787_1196_1150_
12:30:16,16.00,1,57423,16.05_16.10_16.15_16.20_16.25_,1253_4265_3546_5569_1926_,16.00_15.95_15.90_15.85_15.80_,923_1424_1787_1196_1150_
12:30:21,16.05,1,57424,16.05_16.10_16.15_16.20_16.25_,1256_4271_3546_5569_1926_,16.00_15.95_15.90_15.85_15.80_,921_1425_1787_1196_1150_
12:30:26,16.00,9,57433,16.05_16.10_16.15_16.20_16.25_,1252_4273_3546_5569_1926_,16.00_15.95_15.90_15.85_15.80_,914_1425_1787_1196_1150_
12:30:31,16.05,10,57443,16.05_16.10_16.15_16.20_16.25_,1247_4303_3546_5569_1926_,16.00_15.95_15.90_15.85_15.80_,921_1425_1787_1196_1150_
12:30:37,16.00,2,57445,16.05_16.10_16.15_16.20_16.25_,1250_4403_3546_5569_1926_,16.00_15.95_15.90_15.85_15.80_,948_1425_1787_1196_1150_
12:30:42,16.05,12,57457,16.05_16.10_16.15_16.20_16.25_,1258_4403_3546_5569_1926_,16.00_15.95_15.90_15.85_15.80_,949_1425_1787_1196_1150_
12:30:47,16.05,5,57462,16.05_16.10_16.15_16.20_16.25_,1253_4403_3546_5569_1926_,16.00_15.95_15.90_15.85_15.80_,961_1425_1787_1196_1150_
12:30:52,16.00,75,57537,16.05_16.10_16.15_16.20_16.25_,1264_4403_3546_5569_1926_,16.00_15.95_15.90_15.85_15.80_,881_1426_1787_1196_1152_
12:30:57,16.00,1,57538,16.05_16.10_16.15_16.20_16.25_,1336_4403_3546_5569_1926_,16.00_15.95_15.90_15.85_15.80_,880_1426_1787_1196_1152_
12:31:02,16.05,5,57543,16.05_16.10_16.15_16.20_16.25_,1331_4473_3546_5569_1926_,16.00_15.95_15.90_15.85_15.80_,880_1426_1787_1196_1152_
12:31:07,16.00,1,57544,16.05_16.10_16.15_16.20_16.25_,1368_4473_3546_5571_1926_,16.00_15.95_15.90_15.85_15.80_,877_1426_1787_1196_1152_
12:31:12,16.05,5,57549,16.05_16.10_16.15_16.20_16.25_,1363_4473_3546_5571_1926_,16.00_15.95_15.90_15.85_15.80_,877_1426_1787_1196_1152_
12:31:18,16.00,25,57574,16.05_16.10_16.15_16.20_16.25_,1364_4473_3546_5571_1926_,16.00_15.95_15.90_15.85_15.80_,847_1426_1777_1196_1152_
12:31:23,16.05,5,57579,16.05_16.10_16.15_16.20_16.25_,1365_4473_3546_5571_1926_,16.00_15.95_15.90_15.85_15.80_,846_1426_1777_1196_1152_
12:31:28,16.05,1,57580,16.05_16.10_16.15_16.20_16.25_,1370_4478_3546_5571_1926_,16.00_15.95_15.90_15.85_15.80_,846_1426_1777_1196_1152_
12:31:33,16.00,20,57600,16.05_16.10_16.15_16.20_16.25_,1372_4477_3546_5571_1926_,16.00_15.95_15.90_15.85_15.80_,831_1426_1777_1196_1152_
12:31:38,16.00,7,57607,16.05_16.10_16.15_16.20_16.25_,1370_4477_3546_5571_1926_,16.00_15.95_15.90_15.85_15.80_,824_1426_1777_1196_1152_
12:31:43,16.00,8,57615,16.05_16.10_16.15_16.20_16.25_,1370_4477_3546_5571_1924_,16.00_15.95_15.90_15.85_15.80_,821_1426_1777_1196_1152_
12:31:48,16.05,3,57618,16.05_16.10_16.15_16.20_16.25_,1367_4477_3546_5591_1924_,16.00_15.95_15.90_15.85_15.80_,862_1426_1777_1196_1152_
12:31:53,16.05,5,57623,16.05_16.10_16.15_16.20_16.25_,1362_4477_3546_5591_1924_,16.00_15.95_15.90_15.85_15.80_,862_1426_1777_1196_1152_
12:31:59,16.00,12,57635,16.05_16.10_16.15_16.20_16.25_,1362_4479_3546_5591_1924_,16.00_15.95_15.90_15.85_15.80_,851_1425_1777_1196_1152_
12:32:04,16.00,53,57688,16.05_16.10_16.15_16.20_16.25_,1406_4479_3546_5591_1924_,16.00_15.95_15.90_15.85_15.80_,803_1425_1777_1196_1152_
12:32:09,16.00,26,57714,16.05_16.10_16.15_16.20_16.25_,1380_4475_3542_5591_1924_,16.00_15.95_15.90_15.85_15.80_,777_1425_1777_1196_1152_
12:32:14,16.05,12,57726,16.05_16.10_16.15_16.20_16.25_,1368_4484_3542_5591_1924_,16.00_15.95_15.90_15.85_15.80_,780_1425_1777_1196_1152_
12:32:19,16.05,12,57726,16.05_16.10_16.15_16.20_16.25_,1370_4484_3542_5591_1924_,16.00_15.95_15.90_15.85_15.80_,780_1424_1777_1196_1152_
12:32:24,16.00,5,57731,16.05_16.10_16.15_16.20_16.25_,1371_4484_3542_5591_1924_,16.00_15.95_15.90_15.85_15.80_,775_1424_1777_1196_1152_
12:32:34,16.00,2,57733,16.05_16.10_16.15_16.20_16.25_,1371_4484_3542_5592_1924_,16.00_15.95_15.90_15.85_15.80_,778_1423_1777_1196_1152_
12:32:40,16.05,2,57735,16.05_16.10_16.15_16.20_16.25_,1372_4484_3542_5592_1924_,16.00_15.95_15.90_15.85_15.80_,777_1423_1777_1196_1152_
12:32:45,16.00,1,57736,16.05_16.10_16.15_16.20_16.25_,1372_4484_3545_5591_1924_,16.00_15.95_15.90_15.85_15.80_,789_1423_1777_1196_1152_
12:32:50,16.00,1,57737,16.05_16.10_16.15_16.20_16.25_,1372_4479_3542_5591_1924_,16.00_15.95_15.90_15.85_15.80_,800_1423_1777_1196_1152_
12:32:55,16.00,3,57740,16.05_16.10_16.15_16.20_16.25_,1378_4479_3543_5592_1924_,16.00_15.95_15.90_15.85_15.80_,797_1423_1777_1196_1152_
12:33:00,16.05,1,57741,16.05_16.10_16.15_16.20_16.25_,1377_4479_3543_5592_1924_,16.00_15.95_15.90_15.85_15.80_,796_1423_1777_1196_1152_
12:33:05,16.00,2,57743,16.05_16.10_16.15_16.20_16.25_,1376_4476_3543_5591_1924_,16.00_15.95_15.90_15.85_15.80_,806_1423_1777_1196_1152_
12:33:10,16.00,4,57747,16.05_16.10_16.15_16.20_16.25_,1415_4476_3543_5591_1924_,16.00_15.95_15.90_15.85_15.80_,801_1420_1777_1196_1150_
12:33:15,16.05,11,57758,16.05_16.10_16.15_16.20_16.25_,1428_4487_3543_5591_1924_,16.00_15.95_15.90_15.85_15.80_,791_1420_1777_1196_1150_
12:33:21,16.05,11,57758,16.05_16.10_16.15_16.20_16.25_,1444_4487_3543_5591_1924_,16.00_15.95_15.90_15.85_15.80_,780_1420_1777_1196_1150_
12:33:26,16.05,11,57758,16.05_16.10_16.15_16.20_16.25_,1444_4490_3543_5591_1924_,16.00_15.95_15.90_15.85_15.80_,781_1420_1777_1196_1150_
12:33:31,16.00,6,57764,16.05_16.10_16.15_16.20_16.25_,1445_4490_3538_5591_1924_,16.00_15.95_15.90_15.85_15.80_,776_1420_1777_1196_1150_
12:33:36,16.00,1,57765,16.05_16.10_16.15_16.20_16.25_,1554_4490_3538_5591_1924_,16.00_15.95_15.90_15.85_15.80_,775_1420_1777_1196_1150_
12:33:41,16.05,5,57770,16.05_16.10_16.15_16.20_16.25_,1551_4490_3538_5591_1924_,16.00_15.95_15.90_15.85_15.80_,775_1418_1777_1196_1160_
12:33:46,16.00,38,57808,16.05_16.10_16.15_16.20_16.25_,1544_4490_3538_5601_1914_,16.00_15.95_15.90_15.85_15.80_,749_1420_1777_1196_1160_
12:33:51,16.00,5,57813,16.05_16.10_16.15_16.20_16.25_,1544_4488_3538_5601_1914_,16.00_15.95_15.90_15.85_15.80_,744_1420_1777_1196_1160_
12:33:56,16.00,5,57813,16.05_16.10_16.15_16.20_16.25_,1574_4487_3538_5591_1914_,16.00_15.95_15.90_15.85_15.80_,744_1425_1777_1196_1160_
12:34:02,16.00,5,57818,16.05_16.10_16.15_16.20_16.25_,1579_4487_3548_5591_1914_,16.00_15.95_15.90_15.85_15.80_,781_1425_1777_1196_1160_
12:34:07,16.00,5,57823,16.05_16.10_16.15_16.20_16.25_,1577_4487_3553_5591_1914_,16.00_15.95_15.90_15.85_15.80_,781_1430_1778_1196_1160_
12:34:12,16.00,2,57825,16.05_16.10_16.15_16.20_16.25_,1580_4487_3573_5591_1914_,16.00_15.95_15.90_15.85_15.80_,779_1430_1778_1196_1160_
12:34:17,16.00,5,57830,16.05_16.10_16.15_16.20_16.25_,1582_4487_3573_5591_1914_,16.00_15.95_15.90_15.85_15.80_,774_1430_1777_1196_1160_
12:34:22,16.00,7,57837,16.05_16.10_16.15_16.20_16.25_,1582_4490_3573_5591_1914_,16.00_15.95_15.90_15.85_15.80_,767_1430_1777_1196_1160_
12:34:27,16.00,1,57838,16.05_16.10_16.15_16.20_16.25_,1545_4490_3573_5591_1914_,16.00_15.95_15.90_15.85_15.80_,766_1435_1777_1196_1160_
12:34:32,16.00,3,57841,16.05_16.10_16.15_16.20_16.25_,1627_4490_3573_5591_1914_,16.00_15.95_15.90_15.85_15.80_,763_1435_1777_1196_1160_
12:34:37,16.00,1,57842,16.05_16.10_16.15_16.20_16.25_,1627_4490_3573_5591_1914_,16.00_15.95_15.90_15.85_15.80_,762_1435_1777_1196_1160_
12:34:48,16.00,7,57849,16.05_16.10_16.15_16.20_16.25_,1627_4490_3573_5591_1914_,16.00_15.95_15.90_15.85_15.80_,755_1435_1777_1196_1160_
12:34:53,16.00,7,57849,16.05_16.10_16.15_16.20_16.25_,1632_4493_3573_5591_1914_,16.00_15.95_15.90_15.85_15.80_,754_1435_1777_1196_1160_
12:34:58,16.00,3,57852,16.05_16.10_16.15_16.20_16.25_,1512_4493_3573_5591_1914_,16.00_15.95_15.90_15.85_15.80_,771_1435_1777_1176_1160_
12:35:03,16.00,32,57884,16.05_16.10_16.15_16.20_16.25_,1482_4493_3573_5591_1914_,16.00_15.95_15.90_15.85_15.80_,726_1436_1777_1176_1160_
12:35:08,16.00,32,57884,16.05_16.10_16.15_16.20_16.25_,1485_4493_3573_5591_1914_,16.00_15.95_15.90_15.85_15.80_,726_1436_1777_1176_1160_
12:35:13,16.00,5,57889,16.05_16.10_16.15_16.20_16.25_,1535_4493_3573_5546_1914_,16.00_15.95_15.90_15.85_15.80_,721_1436_1777_1176_1160_
12:35:19,16.00,5,57889,16.05_16.10_16.15_16.20_16.25_,1537_4493_3571_5546_1914_,16.00_15.95_15.90_15.85_15.80_,722_1381_1831_1176_1160_
12:35:24,16.00,14,57903,16.05_16.10_16.15_16.20_16.25_,1537_4493_3571_5546_1914_,16.00_15.95_15.90_15.85_15.80_,709_1381_1831_1176_1160_
12:35:29,16.00,2,57905,16.05_16.10_16.15_16.20_16.25_,1536_4493_3571_5546_1914_,16.00_15.95_15.90_15.85_15.80_,728_1381_1831_1176_1160_
12:35:34,16.00,2,57905,16.05_16.10_16.15_16.20_16.25_,1539_4493_3571_5546_1914_,16.00_15.95_15.90_15.85_15.80_,741_1380_1831_1176_1160_
12:35:39,16.00,5,57910,16.05_16.10_16.15_16.20_16.25_,1535_4492_3571_5551_1914_,16.00_15.95_15.90_15.85_15.80_,737_1381_1831_1176_1160_
12:35:44,16.00,5,57910,16.05_16.10_16.15_16.20_16.25_,1534_4492_3571_5551_1894_,16.00_15.95_15.90_15.85_15.80_,737_1381_1831_1176_1160_
12:35:49,16.00,205,58115,16.05_16.10_16.15_16.20_16.25_,1535_4492_3571_5551_1894_,16.00_15.95_15.90_15.85_15.80_,532_1381_1828_1176_1160_
12:35:54,16.00,9,58124,16.05_16.10_16.15_16.20_16.25_,1538_4492_3571_5550_1894_,16.00_15.95_15.90_15.85_15.80_,523_1381_1828_1176_1160_
12:36:00,16.00,68,58192,16.05_16.10_16.15_16.20_16.25_,1538_4492_3571_5560_1894_,16.00_15.95_15.90_15.85_15.80_,452_1381_1828_1176_1160_
12:36:05,16.00,2,58194,16.05_16.10_16.15_16.20_16.25_,1538_4492_3571_5560_1894_,16.00_15.95_15.90_15.85_15.80_,457_1381_1828_1176_1160_
12:36:10,16.00,130,58324,16.05_16.10_16.15_16.20_16.25_,1538_4492_3571_5560_1894_,16.00_15.95_15.90_15.85_15.80_,327_1381_1828_1176_1160_
12:36:15,16.00,184,58508,16.05_16.10_16.15_16.20_16.25_,1537_4489_3571_5594_1894_,16.00_15.95_15.90_15.85_15.80_,142_1381_1828_1176_1160_
12:36:20,16.00,21,58529,16.05_16.10_16.15_16.20_16.25_,1541_4489_3565_5594_1894_,16.00_15.95_15.90_15.85_15.80_,132_1381_1828_1176_1160_
12:36:25,16.00,32,58561,16.05_16.10_16.15_16.20_16.25_,1541_4489_3565_5594_1894_,16.00_15.95_15.90_15.85_15.80_,100_1381_1828_1176_1158_
12:36:30,16.00,69,58630,16.05_16.10_16.15_16.20_16.25_,1541_4489_3565_5594_1894_,16.00_15.95_15.90_15.85_15.80_,32_1380_1828_1176_1158_
12:36:36,16.00,26,58656,16.05_16.10_16.15_16.20_16.25_,1539_4489_3565_5594_1894_,16.00_15.95_15.90_15.85_15.80_,14_1370_1821_1176_1158_
12:36:41,16.00,27,58683,16.00_16.05_16.10_16.15_16.20_,14_1543_4489_3565_5594_,15.95_15.90_15.85_15.80_15.75_,1383_1828_1176_1158_972_
12:36:46,15.95,10,58693,16.00_16.05_16.10_16.15_16.20_,274_1314_4895_3162_5571_,15.95_15.90_15.85_15.80_15.75_,1413_1838_1176_1158_972_
12:36:51,16.00,31,58724,16.00_16.05_16.10_16.15_16.20_,277_1312_4895_3162_5571_,15.95_15.90_15.85_15.80_15.75_,1427_1838_1186_1158_972_
12:36:56,16.00,25,58749,16.00_16.05_16.10_16.15_16.20_,296_1321_4900_3162_5572_,15.95_15.90_15.85_15.80_15.75_,1427_1838_1186_1158_972_
12:37:01,16.00,20,58769,16.00_16.05_16.10_16.15_16.20_,280_1321_4900_3162_5572_,15.95_15.90_15.85_15.80_15.75_,1427_1838_1186_1158_972_
12:37:06,16.00,20,58789,16.00_16.05_16.10_16.15_16.20_,286_1322_4896_3162_5572_,15.95_15.90_15.85_15.80_15.75_,1427_1838_1186_1158_972_
12:37:11,15.95,5,58794,16.00_16.05_16.10_16.15_16.20_,288_1327_4896_3162_5567_,15.95_15.90_15.85_15.80_15.75_,1422_1838_1186_1158_972_
12:37:17,16.00,5,58799,16.00_16.05_16.10_16.15_16.20_,289_1327_4896_3142_5567_,15.95_15.90_15.85_15.80_15.75_,1421_1837_1185_1158_971_
12:37:22,15.95,4,58803,16.00_16.05_16.10_16.15_16.20_,288_1327_4896_3142_5567_,15.95_15.90_15.85_15.80_15.75_,1417_1837_1185_1158_971_
12:37:27,15.95,3,58806,16.00_16.05_16.10_16.15_16.20_,291_1290_4896_3142_5569_,15.95_15.90_15.85_15.80_15.75_,1414_1837_1185_1158_971_
12:37:32,15.95,3,58806,16.00_16.05_16.10_16.15_16.20_,298_1289_4896_3142_5571_,15.95_15.90_15.85_15.80_15.75_,1365_1837_1185_1208_971_
12:37:37,15.95,1,58807,16.00_16.05_16.10_16.15_16.20_,299_1289_4916_3142_5571_,15.95_15.90_15.85_15.80_15.75_,1364_1837_1185_1208_971_
12:37:42,15.95,1,58807,16.00_16.05_16.10_16.15_16.20_,301_1290_4916_3142_5571_,15.95_15.90_15.85_15.80_15.75_,1381_1837_1185_1208_971_
12:37:47,15.95,7,58814,16.00_16.05_16.10_16.15_16.20_,321_1289_4916_3139_5571_,15.95_15.90_15.85_15.80_15.75_,1374_1837_1185_1208_971_
12:37:52,16.00,10,58824,16.00_16.05_16.10_16.15_16.20_,343_1289_4916_3139_5571_,15.95_15.90_15.85_15.80_15.75_,1376_1837_1185_1208_971_
12:38:03,15.95,6,58835,16.00_16.05_16.10_16.15_16.20_,366_1313_4916_3139_5572_,15.95_15.90_15.85_15.80_15.75_,1370_1838_1185_1208_971_
12:38:08,15.95,4,58839,16.00_16.05_16.10_16.15_16.20_,384_1314_4916_3139_5572_,15.95_15.90_15.85_15.80_15.75_,1366_1838_1175_1208_971_
12:38:13,15.95,24,58863,16.00_16.05_16.10_16.15_16.20_,384_1314_4916_3139_5572_,15.95_15.90_15.85_15.80_15.75_,1343_1838_1175_1208_971_
12:38:18,15.95,24,58863,16.00_16.05_16.10_16.15_16.20_,445_1317_4903_3139_5574_,15.95_15.90_15.85_15.80_15.75_,1343_1838_1175_1208_971_
12:38:23,16.00,15,58878,16.00_16.05_16.10_16.15_16.20_,444_1325_4903_3139_5574_,15.95_15.90_15.85_15.80_15.75_,1343_1838_1175_1208_971_
12:38:28,16.00,3,58881,16.00_16.05_16.10_16.15_16.20_,465_1334_4903_3139_5572_,15.95_15.90_15.85_15.80_15.75_,1356_1838_1175_1208_971_
12:38:33,15.95,4,58885,16.00_16.05_16.10_16.15_16.20_,469_1334_4903_3139_5572_,15.95_15.90_15.85_15.80_15.75_,1352_1838_1175_1208_971_
12:38:39,15.95,4,58885,16.00_16.05_16.10_16.15_16.20_,488_1334_4903_3130_5572_,15.95_15.90_15.85_15.80_15.75_,1351_1838_1175_1208_966_
12:38:44,15.95,4,58885,16.00_16.05_16.10_16.15_16.20_,488_1334_4903_3129_5572_,15.95_15.90_15.85_15.80_15.75_,1351_1838_1175_1208_966_
12:38:49,15.95,8,58893,16.00_16.05_16.10_16.15_16.20_,560_1314_4903_3130_5572_,15.95_15.90_15.85_15.80_15.75_,1344_1838_1175_1208_966_
12:38:54,15.95,2,58895,16.00_16.05_16.10_16.15_16.20_,593_1311_4958_3075_5572_,15.95_15.90_15.85_15.80_15.75_,1342_1838_1175_1207_966_
12:38:59,15.95,2,58895,16.00_16.05_16.10_16.15_16.20_,610_1311_4958_3075_5572_,15.95_15.90_15.85_15.80_15.75_,1342_1838_1175_1207_966_
12:39:04,16.00,5,58900,16.00_16.05_16.10_16.15_16.20_,607_1311_4960_3075_5570_,15.95_15.90_15.85_15.80_15.75_,1342_1838_1175_1207_966_
12:39:09,15.95,42,58942,16.00_16.05_16.10_16.15_16.20_,608_1305_4960_2875_5570_,15.95_15.90_15.85_15.80_15.75_,1299_1838_1175_1207_966_
12:39:14,15.95,42,58942,16.00_16.05_16.10_16.15_16.20_,618_1505_4960_2875_5570_,15.95_15.90_15.85_15.80_15.75_,1299_1838_1175_1207_966_
12:39:19,15.95,5,58947,16.00_16.05_16.10_16.15_16.20_,639_1505_4960_2876_5570_,15.95_15.90_15.85_15.80_15.75_,1294_1839_1175_1207_966_
12:39:25,15.95,5,58947,16.00_16.05_16.10_16.15_16.20_,639_1505_4960_2876_5572_,15.95_15.90_15.85_15.80_15.75_,1294_1839_1175_1207_966_
12:39:30,15.95,1,58948,16.00_16.05_16.10_16.15_16.20_,641_1505_4960_2876_5573_,15.95_15.90_15.85_15.80_15.75_,1293_1839_1175_1207_966_
12:39:35,15.95,2,58950,16.00_16.05_16.10_16.15_16.20_,642_1516_4952_2876_5573_,15.95_15.90_15.85_15.80_15.75_,1291_1839_1175_1207_966_
12:39:40,15.95,10,58960,16.00_16.05_16.10_16.15_16.20_,644_1519_4952_2876_5573_,15.95_15.90_15.85_15.80_15.75_,1282_1839_1175_1207_966_
12:39:45,15.95,10,58960,16.00_16.05_16.10_16.15_16.20_,661_1510_4952_2876_5573_,15.95_15.90_15.85_15.80_15.75_,1298_1839_1175_1207_966_
12:39:50,15.95,10,58960,16.00_16.05_16.10_16.15_16.20_,662_1510_4952_2876_5573_,15.95_15.90_15.85_15.80_15.75_,1311_1839_1175_1207_966_
12:40:00,15.95,10,58960,16.00_16.05_16.10_16.15_16.20_,663_1510_4952_2876_5573_,15.95_15.90_15.85_15.80_15.75_,1311_1839_1175_1207_966_
12:40:05,15.95,2,58962,16.00_16.05_16.10_16.15_16.20_,675_1510_4953_2876_5573_,15.95_15.90_15.85_15.80_15.75_,1359_1839_1175_1207_966_
12:40:11,15.95,4,58966,16.00_16.05_16.10_16.15_16.20_,683_1510_4953_2876_5573_,15.95_15.90_15.85_15.80_15.75_,1355_1839_1175_1207_966_
12:40:16,15.95,4,58966,16.00_16.05_16.10_16.15_16.20_,706_1509_4953_2876_5573_,15.95_15.90_15.85_15.80_15.75_,1355_1839_1175_1207_966_
12:40:21,15.95,4,58966,16.00_16.05_16.10_16.15_16.20_,806_1509_4953_2876_5575_,15.95_15.90_15.85_15.80_15.75_,1359_1840_1175_1208_966_
12:40:26,15.95,4,58966,16.00_16.05_16.10_16.15_16.20_,806_1514_4953_2876_5570_,15.95_15.90_15.85_15.80_15.75_,1359_1841_1175_1208_966_
12:40:31,16.00,1,58967,16.00_16.05_16.10_16.15_16.20_,805_1523_4944_2876_5560_,15.95_15.90_15.85_15.80_15.75_,1358_1841_1175_1208_966_
12:40:36,16.00,1,58967,16.00_16.05_16.10_16.15_16.20_,809_1523_4944_2876_5560_,15.95_15.90_15.85_15.80_15.75_,1358_1841_1175_1208_966_
12:40:41,16.00,11,58978,16.00_16.05_16.10_16.15_16.20_,798_1523_4945_2876_5560_,15.95_15.90_15.85_15.80_15.75_,1398_1841_1175_1208_966_
12:40:46,15.95,5,58983,16.00_16.05_16.10_16.15_16.20_,801_1523_4945_2876_5560_,15.95_15.90_15.85_15.80_15.75_,1394_1840_1175_1210_966_
12:40:52,15.95,1,58984,16.00_16.05_16.10_16.15_16.20_,800_1523_4945_2876_5560_,15.95_15.90_15.85_15.80_15.75_,1413_1840_1175_1210_966_
12:40:57,16.00,1,58985,16.00_16.05_16.10_16.15_16.20_,800_1523_4945_2876_5560_,15.95_15.90_15.85_15.80_15.75_,1413_1830_1175_1210_966_
12:41:02,15.95,20,59005,16.00_16.05_16.10_16.15_16.20_,800_1523_4941_2876_5560_,15.95_15.90_15.85_15.80_15.75_,1393_1833_1175_1210_966_
12:41:07,15.95,20,59005,16.00_16.05_16.10_16.15_16.20_,803_1523_4941_2876_5560_,15.95_15.90_15.85_15.80_15.75_,1396_1833_1175_1210_966_
12:41:12,15.95,5,59010,16.00_16.05_16.10_16.15_16.20_,800_1523_4941_2876_5560_,15.95_15.90_15.85_15.80_15.75_,1379_1833_1175_1210_966_
12:41:17,15.95,3,59013,16.00_16.05_16.10_16.15_16.20_,801_1523_4940_2876_5560_,15.95_15.90_15.85_15.80_15.75_,1388_1833_1175_1210_966_
12:41:22,15.95,1,59014,16.00_16.05_16.10_16.15_16.20_,816_1523_4940_2876_5560_,15.95_15.90_15.85_15.80_15.75_,1392_1833_1175_1209_966_
12:41:27,15.95,5,59019,16.00_16.05_16.10_16.15_16.20_,826_1524_4940_2876_5560_,15.95_15.90_15.85_15.80_15.75_,1387_1831_1175_1209_969_
12:41:38,15.95,1,59024,16.00_16.05_16.10_16.15_16.20_,878_1524_4940_2876_5561_,15.95_15.90_15.85_15.80_15.75_,1383_1832_1174_1219_959_
12:41:43,15.95,1,59025,16.00_16.05_16.10_16.15_16.20_,879_1524_4940_2876_5561_,15.95_15.90_15.85_15.80_15.75_,1382_1832_1174_1218_959_
12:41:48,15.95,2,59027,16.00_16.05_16.10_16.15_16.20_,890_1524_4940_2876_5561_,15.95_15.90_15.85_15.80_15.75_,1380_1832_1174_1218_959_
12:41:53,15.95,1,59028,16.00_16.05_16.10_16.15_16.20_,890_1524_4940_2876_5561_,15.95_15.90_15.85_15.80_15.75_,1380_1832_1174_1218_959_
12:41:58,15.95,1,59029,16.00_16.05_16.10_16.15_16.20_,890_1524_4940_2876_5561_,15.95_15.90_15.85_15.80_15.75_,1379_1832_1174_1218_958_
12:42:03,15.95,4,59033,16.00_16.05_16.10_16.15_16.20_,887_1524_4940_2876_5561_,15.95_15.90_15.85_15.80_15.75_,1376_1832_1174_1218_958_
12:42:08,15.95,4,59033,16.00_16.05_16.10_16.15_16.20_,890_1526_4940_2876_5561_,15.95_15.90_15.85_15.80_15.75_,1376_1832_1174_1218_958_
12:42:13,15.95,4,59033,16.00_16.05_16.10_16.15_16.20_,891_1526_4940_2876_5561_,15.95_15.90_15.85_15.80_15.75_,1376_1832_1174_1218_958_
12:42:19,15.95,4,59033,16.00_16.05_16.10_16.15_16.20_,893_1526_4940_2876_5561_,15.95_15.90_15.85_15.80_15.75_,1376_1832_1174_1217_958_
12:42:24,15.95,6,59039,16.00_16.05_16.10_16.15_16.20_,896_1530_4940_2876_5561_,15.95_15.90_15.85_15.80_15.75_,1370_1832_1174_1217_958_
12:42:29,15.95,5,59044,16.00_16.05_16.10_16.15_16.20_,895_1531_4940_2876_5561_,15.95_15.90_15.85_15.80_15.75_,1365_1832_1174_1217_958_
12:42:34,16.00,2,59046,16.00_16.05_16.10_16.15_16.20_,893_1531_4940_2856_5551_,15.95_15.90_15.85_15.80_15.75_,1365_1832_1174_1217_958_
12:42:39,16.00,5,59051,16.00_16.05_16.10_16.15_16.20_,903_1531_4951_2856_5551_,15.95_15.90_15.85_15.80_15.75_,1365_1832_1174_1217_958_
12:42:44,16.00,5,59051,16.00_16.05_16.10_16.15_16.20_,906_1531_4951_2856_5551_,15.95_15.90_15.85_15.80_15.75_,1365_1832_1174_1217_958_
12:42:54,15.95,1,59052,16.00_16.05_16.10_16.15_16.20_,957_1531_4954_2856_5551_,15.95_15.90_15.85_15.80_15.75_,1364_1838_1174_1217_958_
12:43:00,15.95,5,59057,16.00_16.05_16.10_16.15_16.20_,956_1531_4954_2856_5554_,15.95_15.90_15.85_15.80_15.75_,1361_1838_1174_1217_958_
12:43:05,15.95,5,59057,16.00_16.05_16.10_16.15_16.20_,956_1531_4956_2856_5552_,15.95_15.90_15.85_15.80_15.75_,1361_1839_1174_1217_958_
12:43:10,15.95,5,59057,16.00_16.05_16.10_16.15_16.20_,966_1531_4956_2856_5552_,15.95_15.90_15.85_15.80_15.75_,1361_1839_1174_1217_958_
12:43:15,16.00,2,59059,16.00_16.05_16.10_16.15_16.20_,966_1542_4956_2846_5552_,15.95_15.90_15.85_15.80_15.75_,1362_1839_1176_1217_958_
12:43:20,16.00,2,59059,16.00_16.05_16.10_16.15_16.20_,966_1542_4956_2846_5552_,15.95_15.90_15.85_15.80_15.75_,1362_1839_1174_1217_958_
12:43:25,15.95,1,59060,16.00_16.05_16.10_16.15_16.20_,970_1562_4956_2846_5552_,15.95_15.90_15.85_15.80_15.75_,1401_1839_1174_1216_958_
12:43:30,15.95,4,59064,16.00_16.05_16.10_16.15_16.20_,978_1563_4956_2846_5552_,15.95_15.90_15.85_15.80_15.75_,1397_1839_1174_1217_958_
12:43:35,15.95,2,59066,16.00_16.05_16.10_16.15_16.20_,978_1563_4956_2846_5552_,15.95_15.90_15.85_15.80_15.75_,1407_1839_1174_1217_958_
12:43:40,15.95,2,59066,16.00_16.05_16.10_16.15_16.20_,979_1563_4956_2846_5550_,15.95_15.90_15.85_15.80_15.75_,1407_1839_1174_1217_958_
12:43:46,15.95,2,59068,16.00_16.05_16.10_16.15_16.20_,981_1563_4956_2846_5550_,15.95_15.90_15.85_15.80_15.75_,1406_1839_1174_1217_959_
12:43:51,15.95,2,59068,16.00_16.05_16.10_16.15_16.20_,981_1564_4956_2846_5550_,15.95_15.90_15.85_15.80_15.75_,1395_1839_1174_1217_959_
12:43:56,16.00,5,59073,16.00_16.05_16.10_16.15_16.20_,976_1564_4954_2846_5550_,15.95_15.90_15.85_15.80_15.75_,1427_1839_1174_1217_959_
12:44:01,15.95,4,59077,16.00_16.05_16.10_16.15_16.20_,977_1565_4954_2846_5550_,15.95_15.90_15.85_15.80_15.75_,1428_1840_1174_1217_959_
12:44:06,15.95,1,59078,16.00_16.05_16.10_16.15_16.20_,978_1562_4954_2846_5550_,15.95_15.90_15.85_15.80_15.75_,1427_1837_1174_1218_959_
12:44:11,15.95,40,59118,16.00_16.05_16.10_16.15_16.20_,978_1562_4955_2846_5550_,15.95_15.90_15.85_15.80_15.75_,1387_1837_1174_1218_959_
12:44:17,15.95,40,59118,16.00_16.05_16.10_16.15_16.20_,1000_1562_4955_2847_5550_,15.95_15.90_15.85_15.80_15.75_,1391_1837_1174_1218_959_
12:44:22,16.00,9,59127,16.00_16.05_16.10_16.15_16.20_,991_1562_4955_2847_5550_,15.95_15.90_15.85_15.80_15.75_,1364_1847_1176_1218_959_
12:44:27,15.95,5,59132,16.00_16.05_16.10_16.15_16.20_,992_1562_4955_2847_5550_,15.95_15.90_15.85_15.80_15.75_,1387_1847_1176_1218_959_
12:44:32,15.95,5,59137,16.00_16.05_16.10_16.15_16.20_,990_1562_4955_2847_5550_,15.95_15.90_15.85_15.80_15.75_,1404_1847_1176_1218_959_
12:44:37,15.95,1,59138,16.00_16.05_16.10_16.15_16.20_,991_1562_4955_2847_5550_,15.95_15.90_15.85_15.80_15.75_,1403_1847_1176_1218_959_
12:44:42,15.95,1,59139,16.00_16.05_16.10_16.15_16.20_,991_1553_4955_2847_5551_,15.95_15.90_15.85_15.80_15.75_,1405_1847_1176_1218_959_
12:44:47,15.95,1,59139,16.00_16.05_16.10_16.15_16.20_,1003_1553_4955_2847_5551_,15.95_15.90_15.85_15.80_15.75_,1417_1847_1176_1219_959_
12:44:52,15.95,1,59140,16.00_16.05_16.10_16.15_16.20_,1006_1555_4955_2847_5551_,15.95_15.90_15.85_15.80_15.75_,1418_1845_1176_1219_959_
12:44:57,15.95,1,59141,16.00_16.05_16.10_16.15_16.20_,1015_1555_4955_2847_5551_,15.95_15.90_15.85_15.80_15.75_,1417_1845_1176_1219_959_
12:45:03,15.95,4,59145,16.00_16.05_16.10_16.15_16.20_,1014_1556_4955_2847_5551_,15.95_15.90_15.85_15.80_15.75_,1413_1845_1176_1219_959_
12:45:08,15.95,1,59146,16.00_16.05_16.10_16.15_16.20_,994_1556_4955_2847_5551_,15.95_15.90_15.85_15.80_15.75_,1412_1845_1176_1219_959_
12:45:13,15.95,1,59146,16.00_16.05_16.10_16.15_16.20_,1043_1556_4955_2847_5551_,15.95_15.90_15.85_15.80_15.75_,1412_1846_1186_1219_959_
12:45:18,15.95,1,59146,16.00_16.05_16.10_16.15_16.20_,1043_1556_4955_2847_5551_,15.95_15.90_15.85_15.80_15.75_,1413_1846_1186_1219_959_
12:45:23,15.95,3,59149,16.00_16.05_16.10_16.15_16.20_,1043_1557_4955_2848_5551_,15.95_15.90_15.85_15.80_15.75_,1421_1846_1186_1219_959_
12:45:28,15.95,1,59150,16.00_16.05_16.10_16.15_16.20_,1044_1557_4955_2848_5551_,15.95_15.90_15.85_15.80_15.75_,1421_1846_1186_1219_959_
12:45:33,16.00,9,59159,16.00_16.05_16.10_16.15_16.20_,1062_1557_4955_2848_5551_,15.95_15.90_15.85_15.80_15.75_,1422_1846_1186_1219_959_
12:45:38,16.00,9,59159,16.00_16.05_16.10_16.15_16.20_,1067_1557_4955_2848_5551_,15.95_15.90_15.85_15.80_15.75_,1422_1847_1186_1219_959_
12:45:44,16.00,9,59159,16.00_16.05_16.10_16.15_16.20_,1071_1557_4955_2848_5551_,15.95_15.90_15.85_15.80_15.75_,1422_1847_1186_1219_959_
12:45:49,16.00,9,59159,16.00_16.05_16.10_16.15_16.20_,1072_1557_4955_2848_5551_,15.95_15.90_15.85_15.80_15.75_,1422_1847_1186_1219_959_
12:45:54,16.00,9,59159,16.00_16.05_16.10_16.15_16.20_,1073_1557_4955_2848_5551_,15.95_15.90_15.85_15.80_15.75_,1422_1847_1186_1219_959_
12:45:59,16.00,9,59159,16.00_16.05_16.10_16.15_16.20_,1073_1551_4955_2848_5551_,15.95_15.90_15.85_15.80_15.75_,1422_1847_1186_1219_959_
12:46:04,15.95,1,59160,16.00_16.05_16.10_16.15_16.20_,1076_1551_4955_2848_5551_,15.95_15.90_15.85_15.80_15.75_,1421_1847_1186_1219_959_
12:46:09,15.95,5,59165,16.00_16.05_16.10_16.15_16.20_,1074_1551_4955_2848_5551_,15.95_15.90_15.85_15.80_15.75_,1416_1851_1186_1219_959_
12:46:14,15.95,2,59167,16.00_16.05_16.10_16.15_16.20_,1092_1551_4925_2848_5551_,15.95_15.90_15.85_15.80_15.75_,1454_1851_1186_1219_959_
12:46:19,15.95,4,59171,16.00_16.05_16.10_16.15_16.20_,1093_1551_4973_2848_5551_,15.95_15.90_15.85_15.80_15.75_,1459_1851_1186_1219_959_
12:46:25,15.95,1,59172,16.00_16.05_16.10_16.15_16.20_,1093_1551_4973_2848_5516_,15.95_15.90_15.85_15.80_15.75_,1458_1853_1186_1219_959_
12:46:30,15.95,1,59172,16.00_16.05_16.10_16.15_16.20_,1091_1751_4973_2848_5516_,15.95_15.90_15.85_15.80_15.75_,1458_1854_1186_1219_959_
12:46:35,15.95,2,59174,16.00_16.05_16.10_16.15_16.20_,1092_1751_4973_2848_5516_,15.95_15.90_15.85_15.80_15.75_,1467_1854_1186_1219_959_
12:46:40,16.00,9,59183,16.00_16.05_16.10_16.15_16.20_,1082_1751_4973_2848_5516_,15.95_15.90_15.85_15.80_15.75_,1441_1854_1186_1219_959_
12:46:45,16.00,9,59183,16.00_16.05_16.10_16.15_16.20_,1082_1751_4973_2848_5516_,15.95_15.90_15.85_15.80_15.75_,1479_1854_1186_1219_959_
12:46:50,16.00,9,59183,16.00_16.05_16.10_16.15_16.20_,1151_1752_4973_2848_5516_,15.95_15.90_15.85_15.80_15.75_,1490_1854_1187_1219_959_
12:46:55,16.00,9,59183,16.00_16.05_16.10_16.15_16.20_,1151_1752_4973_2848_5516_,15.95_15.90_15.85_15.80_15.75_,1501_1854_1187_1219_959_
12:47:01,16.00,9,59183,16.00_16.05_16.10_16.15_16.20_,1151_1752_4973_2848_5516_,15.95_15.90_15.85_15.80_15.75_,1523_1854_1187_1219_959_
12:47:06,15.95,1,59184,16.00_16.05_16.10_16.15_16.20_,1151_1787_4973_2848_5526_,15.95_15.90_15.85_15.80_15.75_,1511_1854_1187_1219_959_
12:47:11,16.00,1,59185,16.00_16.05_16.10_16.15_16.20_,1156_1787_4973_2848_5526_,15.95_15.90_15.85_15.80_15.75_,1512_1854_1187_1219_959_
12:47:16,15.95,4,59189,16.00_16.05_16.10_16.15_16.20_,1174_1787_4973_2848_5526_,15.95_15.90_15.85_15.80_15.75_,1508_1854_1187_1219_959_
12:47:21,15.95,4,59189,16.00_16.05_16.10_16.15_16.20_,1172_1785_4983_2838_5526_,15.95_15.90_15.85_15.80_15.75_,1519_1850_1187_1219_959_
12:47:26,15.95,4,59189,16.00_16.05_16.10_16.15_16.20_,1172_1786_4983_2838_5526_,15.95_15.90_15.85_15.80_15.75_,1508_1850_1187_1219_959_
12:47:31,15.95,4,59189,16.00_16.05_16.10_16.15_16.20_,1167_1786_4983_2838_5526_,15.95_15.90_15.85_15.80_15.75_,1497_1850_1187_1219_959_
12:47:36,16.00,7,59196,16.00_16.05_16.10_16.15_16.20_,1162_1786_4983_2838_5526_,15.95_15.90_15.85_15.80_15.75_,1504_1851_1187_1219_959_
12:47:42,16.00,8,59204,16.00_16.05_16.10_16.15_16.20_,1116_1786_4983_2838_5526_,15.95_15.90_15.85_15.80_15.75_,1493_1851_1187_1219_959_
12:47:47,16.00,5,59209,16.00_16.05_16.10_16.15_16.20_,1188_1786_4983_2838_5526_,15.95_15.90_15.85_15.80_15.75_,1504_1851_1185_1219_958_
12:47:52,16.00,5,59209,16.00_16.05_16.10_16.15_16.20_,1188_1786_4983_2838_5526_,15.95_15.90_15.85_15.80_15.75_,1493_1851_1185_1219_958_
12:47:57,16.00,1,59210,16.00_16.05_16.10_16.15_16.20_,1189_1786_4983_2838_5526_,15.95_15.90_15.85_15.80_15.75_,1503_1851_1185_1220_958_
12:48:02,16.00,1,59210,16.00_16.05_16.10_16.15_16.20_,1190_1786_4983_2838_5526_,15.95_15.90_15.85_15.80_15.75_,1492_1851_1185_1220_958_
12:48:07,16.00,16,59226,16.00_16.05_16.10_16.15_16.20_,1192_1786_4983_2838_5526_,15.95_15.90_15.85_15.80_15.75_,1509_1851_1185_1220_958_
12:48:12,16.00,4,59230,16.00_16.05_16.10_16.15_16.20_,1188_1786_4983_2838_5526_,15.95_15.90_15.85_15.80_15.75_,1504_1851_1185_1220_958_
12:48:17,16.00,4,59230,16.00_16.05_16.10_16.15_16.20_,1189_1786_4983_2838_5526_,15.95_15.90_15.85_15.80_15.75_,1515_1852_1185_1220_958_
12:48:22,15.95,1,59231,16.00_16.05_16.10_16.15_16.20_,1189_1783_4983_2838_5526_,15.95_15.90_15.85_15.80_15.75_,1503_1852_1185_1220_958_
12:48:28,15.95,2,59233,16.00_16.05_16.10_16.15_16.20_,1171_1783_4983_2838_5526_,15.95_15.90_15.85_15.80_15.75_,1501_1852_1186_1220_958_
12:48:33,16.00,71,59304,16.00_16.05_16.10_16.15_16.20_,1102_1783_4978_2838_5526_,15.95_15.90_15.85_15.80_15.75_,1449_1852_1186_1221_958_
12:48:38,15.95,4,59308,16.00_16.05_16.10_16.15_16.20_,1098_1783_4978_2828_5526_,15.95_15.90_15.85_15.80_15.75_,1436_1852_1186_1221_958_
12:48:43,16.00,8,59316,16.00_16.05_16.10_16.15_16.20_,1090_1783_4978_2828_5523_,15.95_15.90_15.85_15.80_15.75_,1425_1853_1186_1221_958_
12:48:48,16.00,8,59316,16.00_16.05_16.10_16.15_16.20_,1090_1783_4978_2828_5523_,15.95_15.90_15.85_15.80_15.75_,1436_1853_1186_1221_958_
12:48:53,16.00,8,59316,16.00_16.05_16.10_16.15_16.20_,1090_1783_4978_2828_5524_,15.95_15.90_15.85_15.80_15.75_,1425_1853_1186_1221_958_
12:48:58,15.95,1,59317,16.00_16.05_16.10_16.15_16.20_,1090_1783_4974_2827_5524_,15.95_15.90_15.85_15.80_15.75_,1435_1853_1186_1221_958_
12:49:03,15.95,1,59317,16.00_16.05_16.10_16.15_16.20_,1112_1783_4974_2827_5524_,15.95_15.90_15.85_15.80_15.75_,1447_1853_1186_1222_958_
12:49:08,15.95,1,59317,16.00_16.05_16.10_16.15_16.20_,1119_1780_4974_2827_5524_,15.95_15.90_15.85_15.80_15.75_,1459_1853_1186_1222_958_
12:49:14,15.95,1,59318,16.00_16.05_16.10_16.15_16.20_,1120_1780_4972_2827_5534_,15.95_15.90_15.85_15.80_15.75_,1473_1849_1186_1222_958_
12:49:19,15.95,1,59318,16.00_16.05_16.10_16.15_16.20_,1121_1780_4972_2827_5534_,15.95_15.90_15.85_15.80_15.75_,1484_1849_1186_1222_958_
12:49:24,15.95,10,59328,16.00_16.05_16.10_16.15_16.20_,1121_1780_4973_2827_5534_,15.95_15.90_15.85_15.80_15.75_,1485_1849_1186_1222_958_
12:49:29,15.95,10,59328,16.00_16.05_16.10_16.15_16.20_,1122_1780_4973_2827_5524_,15.95_15.90_15.85_15.80_15.75_,1496_1850_1186_1222_958_
12:49:34,15.95,4,59332,16.00_16.05_16.10_16.15_16.20_,1128_1780_4973_2827_5524_,15.95_15.90_15.85_15.80_15.75_,1503_1850_1186_1222_957_
12:49:39,15.95,3,59335,16.00_16.05_16.10_16.15_16.20_,1128_1780_4973_2827_5524_,15.95_15.90_15.85_15.80_15.75_,1500_1850_1186_1222_957_
12:49:44,15.95,10,59345,16.00_16.05_16.10_16.15_16.20_,1142_1780_4973_2827_5524_,15.95_15.90_15.85_15.80_15.75_,1498_1849_1186_1222_957_
12:49:49,15.95,2,59347,16.00_16.05_16.10_16.15_16.20_,1141_1780_4973_2827_5524_,15.95_15.90_15.85_15.80_15.75_,1419_1849_1186_1222_957_
12:49:54,15.95,2,59347,16.00_16.05_16.10_16.15_16.20_,1141_1780_4913_2827_5524_,15.95_15.90_15.85_15.80_15.75_,1419_1850_1186_1222_957_
12:50:00,15.95,2,59347,16.00_16.05_16.10_16.15_16.20_,1143_1780_4910_2827_5524_,15.95_15.90_15.85_15.80_15.75_,1419_1850_1186_1222_957_
12:50:05,15.95,2,59347,16.00_16.05_16.10_16.15_16.20_,1169_1780_4910_2827_5524_,15.95_15.90_15.85_15.80_15.75_,1369_1850_1186_1222_957_
12:50:10,16.00,3,59350,16.00_16.05_16.10_16.15_16.20_,1166_1778_4910_2827_5524_,15.95_15.90_15.85_15.80_15.75_,1369_1847_1186_1222_957_
12:50:15,16.00,3,59350,16.00_16.05_16.10_16.15_16.20_,1173_1778_4910_2827_5524_,15.95_15.90_15.85_15.80_15.75_,1380_1847_1186_1222_957_
12:50:20,16.00,3,59350,16.00_16.05_16.10_16.15_16.20_,1185_1778_4910_2827_5524_,15.95_15.90_15.85_15.80_15.75_,1392_1832_1176_1212_947_
12:50:25,15.95,4,59354,16.00_16.05_16.10_16.15_16.20_,1184_1794_4910_2827_5524_,15.95_15.90_15.85_15.80_15.75_,1400_1833_1176_1212_947_
12:50:30,15.95,4,59354,16.00_16.05_16.10_16.15_16.20_,1184_1794_4890_2827_5524_,15.95_15.90_15.85_15.80_15.75_,1400_1833_1176_1212_947_
12:50:35,16.00,7,59361,16.00_16.05_16.10_16.15_16.20_,1177_1794_4890_2827_5524_,15.95_15.90_15.85_15.80_15.75_,1400_1833_1176_1212_947_
12:50:41,16.00,7,59361,16.00_16.05_16.10_16.15_16.20_,1177_1855_4890_2829_5524_,15.95_15.90_15.85_15.80_15.75_,1379_1833_1176_1212_947_
12:50:46,16.00,7,59361,16.00_16.05_16.10_16.15_16.20_,1180_1865_4890_2829_5524_,15.95_15.90_15.85_15.80_15.75_,1390_1833_1176_1212_947_
12:50:51,15.95,1,59362,16.00_16.05_16.10_16.15_16.20_,1187_1865_4890_2867_5521_,15.95_15.90_15.85_15.80_15.75_,1400_1833_1176_1212_947_
12:50:56,15.95,1,59362,16.00_16.05_16.10_16.15_16.20_,1187_1860_4890_2867_5521_,15.95_15.90_15.85_15.80_15.75_,1400_1833_1176_1212_947_
12:51:06,15.95,15,59377,16.00_16.05_16.10_16.15_16.20_,1207_1855_4890_2867_5521_,15.95_15.90_15.85_15.80_15.75_,1385_1835_1176_1212_947_
12:51:11,15.95,15,59377,16.00_16.05_16.10_16.15_16.20_,1248_1855_4891_2867_5521_,15.95_15.90_15.85_15.80_15.75_,1385_1835_1176_1212_947_
12:51:16,15.95,1,59378,16.00_16.05_16.10_16.15_16.20_,1254_1855_4891_2867_5521_,15.95_15.90_15.85_15.80_15.75_,1384_1835_1176_1212_947_
12:51:22,15.95,6,59384,16.00_16.05_16.10_16.15_16.20_,1234_1855_4891_2867_5521_,15.95_15.90_15.85_15.80_15.75_,1383_1835_1176_1212_947_
12:51:32,16.00,7,59391,16.00_16.05_16.10_16.15_16.20_,1267_1855_4881_2867_5522_,15.95_15.90_15.85_15.80_15.75_,1516_1835_1176_1212_947_
12:51:42,16.00,7,59391,16.00_16.05_16.10_16.15_16.20_,1272_1855_4881_2867_5522_,15.95_15.90_15.85_15.80_15.75_,1505_1835_1176_1212_947_
12:51:47,16.00,7,59391,16.00_16.05_16.10_16.15_16.20_,1272_1855_4881_2867_5522_,15.95_15.90_15.85_15.80_15.75_,1494_1835_1176_1212_947_
12:51:52,15.95,1,59392,16.00_16.05_16.10_16.15_16.20_,1284_1855_4879_2867_5522_,15.95_15.90_15.85_15.80_15.75_,1504_1835_1176_1212_947_
12:51:57,15.95,1,59392,16.00_16.05_16.10_16.15_16.20_,1294_1875_4879_2862_5522_,15.95_15.90_15.85_15.80_15.75_,1504_1835_1176_1212_947_
12:52:03,15.95,23,59415,16.00_16.05_16.10_16.15_16.20_,1304_1875_4879_2862_5522_,15.95_15.90_15.85_15.80_15.75_,1482_1838_1176_1212_947_
12:52:08,15.95,1,59416,16.00_16.05_16.10_16.15_16.20_,1306_1875_4879_2862_5522_,15.95_15.90_15.85_15.80_15.75_,1481_1838_1176_1212_947_
12:52:13,15.95,1,59416,16.00_16.05_16.10_16.15_16.20_,1304_1875_4879_2862_5522_,15.95_15.90_15.85_15.80_15.75_,1482_1837_1176_1212_947_
12:52:18,15.95,1,59416,16.00_16.05_16.10_16.15_16.20_,1325_1896_4879_2862_5522_,15.95_15.90_15.85_15.80_15.75_,1482_1837_1176_1212_947_
12:52:23,16.00,7,59423,16.00_16.05_16.10_16.15_16.20_,1318_1896_4880_2862_5522_,15.95_15.90_15.85_15.80_15.75_,1481_1837_1176_1212_947_
12:52:28,15.95,7,59430,16.00_16.05_16.10_16.15_16.20_,1319_1896_4880_2862_5522_,15.95_15.90_15.85_15.80_15.75_,1452_1838_1176_1212_947_
12:52:33,15.95,7,59430,16.00_16.05_16.10_16.15_16.20_,1322_1896_4883_2862_5524_,15.95_15.90_15.85_15.80_15.75_,1452_1838_1176_1212_947_
12:52:38,15.95,7,59430,16.00_16.05_16.10_16.15_16.20_,1322_1896_4883_2862_5526_,15.95_15.90_15.85_15.80_15.75_,1452_1839_1176_1212_947_
12:52:44,15.95,7,59430,16.00_16.05_16.10_16.15_16.20_,1322_1896_4886_2862_5532_,15.95_15.90_15.85_15.80_15.75_,1460_1839_1176_1212_947_
12:52:49,15.95,15,59445,16.00_16.05_16.10_16.15_16.20_,1324_1876_4876_2862_5530_,15.95_15.90_15.85_15.80_15.75_,1492_1839_1176_1213_947_
12:52:54,15.95,15,59445,16.00_16.05_16.10_16.15_16.20_,1331_1878_4876_2862_5535_,15.95_15.90_15.85_15.80_15.75_,1492_1839_1176_1213_947_
12:52:59,15.95,18,59463,16.00_16.05_16.10_16.15_16.20_,1314_1878_4896_2862_5535_,15.95_15.90_15.85_15.80_15.75_,1464_1839_1176_1213_947_
12:53:04,15.95,20,59483,16.00_16.05_16.10_16.15_16.20_,1333_1852_4897_2862_5536_,15.95_15.90_15.85_15.80_15.75_,1447_1839_1176_1213_947_
12:53:09,15.95,20,59483,16.00_16.05_16.10_16.15_16.20_,1455_1867_4897_2865_5492_,15.95_15.90_15.85_15.80_15.75_,1447_1839_1176_1213_947_
12:53:14,16.00,4,59487,16.00_16.05_16.10_16.15_16.20_,1477_1847_4897_2865_5492_,15.95_15.90_15.85_15.80_15.75_,1461_1836_1176_1213_947_
12:53:19,16.00,7,59494,16.00_16.05_16.10_16.15_16.20_,1425_1827_4897_2865_5492_,15.95_15.90_15.85_15.80_15.75_,1461_1837_1176_1213_947_
12:53:24,16.00,7,59494,16.00_16.05_16.10_16.15_16.20_,1540_1827_4897_2865_5482_,15.95_15.90_15.85_15.80_15.75_,1461_1835_1174_1211_945_
12:53:30,16.00,48,59542,16.00_16.05_16.10_16.15_16.20_,1526_1827_4897_2865_5482_,15.95_15.90_15.85_15.80_15.75_,1412_1835_1174_1211_945_
12:53:35,16.00,5,59547,16.00_16.05_16.10_16.15_16.20_,1541_1832_4877_2865_5482_,15.95_15.90_15.85_15.80_15.75_,1415_1835_1174_1211_945_
12:53:40,15.95,1,59548,16.00_16.05_16.10_16.15_16.20_,1541_1832_4877_2865_5482_,15.95_15.90_15.85_15.80_15.75_,1414_1835_1174_1211_945_
12:53:45,15.95,1,59548,16.00_16.05_16.10_16.15_16.20_,1556_1832_4877_2865_5482_,15.95_15.90_15.85_15.80_15.75_,1413_1835_1174_1211_945_
12:53:50,15.95,1,59548,16.00_16.05_16.10_16.15_16.20_,1556_1832_4877_2865_5482_,15.95_15.90_15.85_15.80_15.75_,1418_1833_1174_1211_945_
12:53:55,15.95,1,59548,16.00_16.05_16.10_16.15_16.20_,1547_1832_4877_2860_5482_,15.95_15.90_15.85_15.80_15.75_,1415_1833_1174_1211_945_
12:54:01,15.95,26,59574,16.00_16.05_16.10_16.15_16.20_,1533_1831_4877_2860_5484_,15.95_15.90_15.85_15.80_15.75_,1389_1833_1174_1211_945_
12:54:06,15.95,26,59574,16.00_16.05_16.10_16.15_16.20_,1549_1831_4877_2860_5484_,15.95_15.90_15.85_15.80_15.75_,1401_1832_1173_1210_944_
12:54:11,16.00,7,59581,16.00_16.05_16.10_16.15_16.20_,1544_1831_4877_2861_5484_,15.95_15.90_15.85_15.80_15.75_,1401_1832_1173_1210_944_
12:54:16,16.00,7,59581,16.00_16.05_16.10_16.15_16.20_,1546_1831_4877_2866_5539_,15.95_15.90_15.85_15.80_15.75_,1401_1832_1173_1210_944_
12:54:21,15.95,50,59631,16.00_16.05_16.10_16.15_16.20_,1549_1831_4877_2866_5539_,15.95_15.90_15.85_15.80_15.75_,1353_1830_1173_1210_944_
12:54:26,16.00,8,59639,16.00_16.05_16.10_16.15_16.20_,1603_1831_4877_2876_5539_,15.95_15.90_15.85_15.80_15.75_,1348_1831_1173_1210_944_
12:54:31,16.00,8,59639,16.00_16.05_16.10_16.15_16.20_,1603_1831_4877_2879_5539_,15.95_15.90_15.85_15.80_15.75_,1353_1830_1173_1210_944_
12:54:36,15.95,1,59640,16.00_16.05_16.10_16.15_16.20_,1609_1837_4873_2879_5539_,15.95_15.90_15.85_15.80_15.75_,1352_1830_1173_1210_944_
12:54:42,15.95,1,59641,16.00_16.05_16.10_16.15_16.20_,1609_1837_4873_2879_5539_,15.95_15.90_15.85_15.80_15.75_,1351_1830_1173_1210_944_
12:54:57,15.95,3,59658,16.00_16.05_16.10_16.15_16.20_,1639_1833_4885_2879_5541_,15.95_15.90_15.85_15.80_15.75_,1355_1831_1173_1210_944_
12:55:02,15.95,17,59675,16.00_16.05_16.10_16.15_16.20_,1637_1833_4885_2879_5543_,15.95_15.90_15.85_15.80_15.75_,1338_1831_1173_1210_944_
12:55:07,16.00,7,59682,16.00_16.05_16.10_16.15_16.20_,1674_1833_4885_2879_5543_,15.95_15.90_15.85_15.80_15.75_,1338_1831_1173_1210_1144_
12:55:12,16.00,7,59682,16.00_16.05_16.10_16.15_16.20_,1675_1833_4885_2885_5545_,15.95_15.90_15.85_15.80_15.75_,1336_1831_1173_1210_1144_
12:55:17,15.95,2,59684,16.00_16.05_16.10_16.15_16.20_,1674_1833_4885_2885_5545_,15.95_15.90_15.85_15.80_15.75_,1334_1831_1173_1210_1144_
12:55:23,15.95,3,59687,16.00_16.05_16.10_16.15_16.20_,1685_1855_4885_2885_5545_,15.95_15.90_15.85_15.80_15.75_,1334_1831_1173_1210_1144_
12:55:28,16.00,7,59694,16.00_16.05_16.10_16.15_16.20_,1680_1855_4885_2885_5535_,15.95_15.90_15.85_15.80_15.75_,1334_1831_1173_1211_1144_
12:55:33,15.95,4,59698,16.00_16.05_16.10_16.15_16.20_,1686_1855_4885_2885_5535_,15.95_15.90_15.85_15.80_15.75_,1348_1827_1173_1211_1144_
12:55:38,15.95,1,59699,16.00_16.05_16.10_16.15_16.20_,1685_1865_4875_2885_5535_,15.95_15.90_15.85_15.80_15.75_,1348_1825_1173_1211_1344_
12:55:43,15.95,5,59704,16.00_16.05_16.10_16.15_16.20_,1686_1865_4875_2885_5535_,15.95_15.90_15.85_15.80_15.75_,1273_1825_1173_1211_1344_
12:55:48,15.95,3,59707,16.00_16.05_16.10_16.15_16.20_,1720_1863_4875_2885_5535_,15.95_15.90_15.85_15.80_15.75_,1265_1825_1173_1211_1344_
12:55:53,15.95,3,59707,16.00_16.05_16.10_16.15_16.20_,1722_1863_4875_2885_5535_,15.95_15.90_15.85_15.80_15.75_,1267_1825_1173_1211_1344_
12:55:58,16.00,7,59714,16.00_16.05_16.10_16.15_16.20_,1722_1863_4875_2885_5535_,15.95_15.90_15.85_15.80_15.75_,1267_1825_1173_1211_1344_
12:56:04,15.95,29,59743,16.00_16.05_16.10_16.15_16.20_,1720_1863_4875_2885_5535_,15.95_15.90_15.85_15.80_15.75_,1254_1825_1173_1211_1344_
12:56:09,15.95,8,59751,16.00_16.05_16.10_16.15_16.20_,1722_1863_4875_2885_5535_,15.95_15.90_15.85_15.80_15.75_,1246_1825_1173_1211_1344_
12:56:14,15.95,1,59752,16.00_16.05_16.10_16.15_16.20_,1731_1861_4879_2885_5535_,15.95_15.90_15.85_15.80_15.75_,1245_1825_1173_1211_1344_
12:56:19,15.95,1,59752,16.00_16.05_16.10_16.15_16.20_,1731_1861_4879_2885_5535_,15.95_15.90_15.85_15.80_15.75_,1240_1825_1140_1211_1344_
12:56:24,15.95,1,59752,16.00_16.05_16.10_16.15_16.20_,1731_1861_4879_2885_5535_,15.95_15.90_15.85_15.80_15.75_,1237_1830_1140_1211_1344_
12:56:29,16.00,71,59823,16.00_16.05_16.10_16.15_16.20_,1662_1861_4879_2885_5535_,15.95_15.90_15.85_15.80_15.75_,1198_1830_1140_1211_1344_
12:56:34,15.95,4,59827,16.00_16.05_16.10_16.15_16.20_,1657_1861_4879_2885_5535_,15.95_15.90_15.85_15.80_15.75_,1195_1829_1140_1211_1344_
12:56:39,15.95,29,59856,16.00_16.05_16.10_16.15_16.20_,1648_1861_4879_2885_5535_,15.95_15.90_15.85_15.80_15.75_,1166_1830_1140_1211_1344_
12:56:44,15.95,29,59856,16.00_16.05_16.10_16.15_16.20_,1657_1861_4879_2885_5535_,15.95_15.90_15.85_15.80_15.75_,1188_1830_1140_1211_1344_
12:56:50,15.95,8,59864,16.00_16.05_16.10_16.15_16.20_,1657_1861_4879_2875_5535_,15.95_15.90_15.85_15.80_15.75_,1180_1830_1140_1211_1344_
12:56:55,16.00,7,59871,16.00_16.05_16.10_16.15_16.20_,1652_1861_4879_2875_5535_,15.95_15.90_15.85_15.80_15.75_,1180_1830_1140_1211_1344_
12:57:00,15.95,2,59873,16.00_16.05_16.10_16.15_16.20_,1660_1861_4879_2875_5535_,15.95_15.90_15.85_15.80_15.75_,1178_1830_1140_1211_1344_
12:57:05,15.95,15,59888,16.00_16.05_16.10_16.15_16.20_,1664_1861_4877_2875_5535_,15.95_15.90_15.85_15.80_15.75_,1177_1830_1140_1211_1344_
12:57:10,15.95,15,59888,16.00_16.05_16.10_16.15_16.20_,1666_1861_4880_2875_5535_,15.95_15.90_15.85_15.80_15.75_,1174_1829_1140_1211_1344_
12:57:15,15.95,2,59890,16.00_16.05_16.10_16.15_16.20_,1666_1861_4870_2875_5485_,15.95_15.90_15.85_15.80_15.75_,1172_1829_1140_1211_1344_
12:57:20,16.00,2,59892,16.00_16.05_16.10_16.15_16.20_,1683_1861_4870_2925_5478_,15.95_15.90_15.85_15.80_15.75_,1172_1829_1140_1211_1344_
12:57:25,15.95,10,59902,16.00_16.05_16.10_16.15_16.20_,1683_1862_4870_2925_5478_,15.95_15.90_15.85_15.80_15.75_,1162_1829_1141_1216_1344_
12:57:31,15.95,4,59906,16.00_16.05_16.10_16.15_16.20_,1680_1862_4870_2925_5478_,15.95_15.90_15.85_15.80_15.75_,1158_1829_1141_1216_1344_
12:57:36,15.95,4,59906,16.00_16.05_16.10_16.15_16.20_,1591_1862_4870_2925_5478_,15.95_15.90_15.85_15.80_15.75_,1158_1830_1141_1216_1344_
12:57:41,15.95,4,59906,16.00_16.05_16.10_16.15_16.20_,1590_1862_4870_2925_5478_,15.95_15.90_15.85_15.80_15.75_,1158_1831_1141_1215_1344_
12:57:46,15.95,100,60006,16.00_16.05_16.10_16.15_16.20_,1602_1863_4870_2925_5477_,15.95_15.90_15.85_15.80_15.75_,1058_1830_1141_1215_1344_
12:57:51,15.95,100,60006,16.00_16.05_16.10_16.15_16.20_,1602_1864_4870_2925_5477_,15.95_15.90_15.85_15.80_15.75_,1058_1830_1141_1215_1343_
12:57:56,16.00,13,60019,16.00_16.05_16.10_16.15_16.20_,1590_1858_4869_2925_5478_,15.95_15.90_15.85_15.80_15.75_,1054_1829_1141_1215_1343_
12:58:01,15.95,32,60051,16.00_16.05_16.10_16.15_16.20_,1574_1858_4869_2925_5478_,15.95_15.90_15.85_15.80_15.75_,1022_1829_1141_1215_1343_
12:58:07,16.00,20,60071,16.00_16.05_16.10_16.15_16.20_,1564_1858_4869_2925_5485_,15.95_15.90_15.85_15.80_15.75_,1013_1823_1142_1215_1343_
12:58:12,16.00,20,60071,16.00_16.05_16.10_16.15_16.20_,1574_1858_4869_2925_5482_,15.95_15.90_15.85_15.80_15.75_,1013_1825_1142_1215_1343_
12:58:17,16.00,20,60071,16.00_16.05_16.10_16.15_16.20_,1576_1858_4869_2925_5481_,15.95_15.90_15.85_15.80_15.75_,1018_1825_1142_1215_1343_
12:58:22,15.95,18,60089,16.00_16.05_16.10_16.15_16.20_,1570_1859_4869_2925_5481_,15.95_15.90_15.85_15.80_15.75_,1002_1825_1142_1215_1343_
12:58:27,15.95,10,60099,16.00_16.05_16.10_16.15_16.20_,1570_1859_4870_2925_5481_,15.95_15.90_15.85_15.80_15.75_,992_1825_1142_1215_1343_
12:58:32,16.00,5,60104,16.00_16.05_16.10_16.15_16.20_,1578_1859_4877_2925_5481_,15.95_15.90_15.85_15.80_15.75_,988_1830_1142_1215_1343_
12:58:37,16.00,5,60104,16.00_16.05_16.10_16.15_16.20_,1579_1859_4877_2925_5481_,15.95_15.90_15.85_15.80_15.75_,988_1830_1142_1215_1343_
12:58:42,15.95,10,60114,16.00_16.05_16.10_16.15_16.20_,1580_1851_4877_2925_5481_,15.95_15.90_15.85_15.80_15.75_,978_1831_1142_1215_1343_
12:58:47,15.95,4,60118,16.00_16.05_16.10_16.15_16.20_,1585_1851_4877_2925_5480_,15.95_15.90_15.85_15.80_15.75_,976_1831_1142_1215_1343_
12:58:53,15.95,4,60118,16.00_16.05_16.10_16.15_16.20_,1585_1831_4877_2925_5480_,15.95_15.90_15.85_15.80_15.75_,981_1831_1142_1215_1343_
12:58:58,15.95,2,60120,16.00_16.05_16.10_16.15_16.20_,1585_1833_4877_2925_5480_,15.95_15.90_15.85_15.80_15.75_,979_1831_1142_1215_1343_
12:59:03,15.95,17,60137,16.00_16.05_16.10_16.15_16.20_,1595_1833_4877_2825_5480_,15.95_15.90_15.85_15.80_15.75_,961_1831_1142_1215_1343_
12:59:08,15.95,1,60138,16.00_16.05_16.10_16.15_16.20_,1616_1833_4877_2825_5480_,15.95_15.90_15.85_15.80_15.75_,965_1829_1142_1215_1343_
12:59:13,16.00,28,60166,16.00_16.05_16.10_16.15_16.20_,1695_1833_4877_2825_5480_,15.95_15.90_15.85_15.80_15.75_,965_1829_1142_1215_1343_
12:59:18,15.95,15,60181,16.00_16.05_16.10_16.15_16.20_,1695_1833_4877_2825_5480_,15.95_15.90_15.85_15.80_15.75_,952_1829_1142_1215_1343_
12:59:23,15.95,10,60191,16.00_16.05_16.10_16.15_16.20_,1706_1833_4877_2825_5480_,15.95_15.90_15.85_15.80_15.75_,942_1829_1142_1215_1343_
12:59:28,15.95,10,60191,16.00_16.05_16.10_16.15_16.20_,1706_1833_4877_2825_5480_,15.95_15.90_15.85_15.80_15.75_,942_1774_1195_1215_1345_
12:59:34,15.95,10,60201,16.00_16.05_16.10_16.15_16.20_,1720_1833_4877_2825_5480_,15.95_15.90_15.85_15.80_15.75_,932_1774_1195_1214_1345_
12:59:39,15.95,10,60201,16.00_16.05_16.10_16.15_16.20_,1721_1833_4881_2825_5480_,15.95_15.90_15.85_15.80_15.75_,920_1775_1185_1214_1345_
12:59:44,15.95,10,60201,16.00_16.05_16.10_16.15_16.20_,1727_1833_4877_2825_5510_,15.95_15.90_15.85_15.80_15.75_,920_1776_1185_1214_1345_
12:59:49,15.95,15,60216,16.00_16.05_16.10_16.15_16.20_,1731_1848_4877_2825_5510_,15.95_15.90_15.85_15.80_15.75_,915_1777_1185_1214_1345_
12:59:54,15.95,15,60216,16.00_16.05_16.10_16.15_16.20_,1732_1848_4877_2825_5510_,15.95_15.90_15.85_15.80_15.75_,915_1777_1185_1214_1345_
12:59:59,15.95,200,60416,16.00_16.05_16.10_16.15_16.20_,1743_1848_4877_2825_5510_,15.95_15.90_15.85_15.80_15.75_,715_1777_1185_1214_1345_
13:00:04,15.95,95,60511,16.00_16.05_16.10_16.15_16.20_,1758_1848_4877_2825_5510_,15.95_15.90_15.85_15.80_15.75_,621_1777_1185_1214_1345_
13:00:09,15.95,302,60813,16.00_16.05_16.10_16.15_16.20_,1760_1843_4887_2825_5510_,15.95_15.90_15.85_15.80_15.75_,316_1780_1185_1214_1345_
13:00:15,15.95,82,60895,16.00_16.05_16.10_16.15_16.20_,1810_1843_4844_2775_5510_,15.95_15.90_15.85_15.80_15.75_,256_1779_1181_1214_1345_
13:00:20,15.95,204,61099,16.00_16.05_16.10_16.15_16.20_,1822_1643_4844_2775_5510_,15.95_15.90_15.85_15.80_15.75_,44_1784_1181_1214_1345_
13:00:25,15.95,20,61119,16.00_16.05_16.10_16.15_16.20_,1817_1643_4844_2775_5510_,15.95_15.90_15.85_15.80_15.75_,25_1764_1181_1214_1345_
13:00:30,16.00,300,61419,16.00_16.05_16.10_16.15_16.20_,1690_1633_4844_2775_5510_,15.95_15.90_15.85_15.80_15.75_,25_1764_1180_1214_1345_
13:00:35,15.95,25,61444,15.95_16.00_16.05_16.10_16.15_,32_1689_1633_4844_2775_,15.90_15.85_15.80_15.75_15.70_,1772_1180_1214_1345_722_
13:00:40,15.90,16,61460,15.95_16.00_16.05_16.10_16.15_,261_1434_2035_4441_2752_,15.90_15.85_15.80_15.75_15.70_,1768_1177_1214_1345_722_
13:00:45,15.90,16,61460,15.95_16.00_16.05_16.10_16.15_,284_1419_2035_4441_2752_,15.90_15.85_15.80_15.75_15.70_,1768_1177_1216_1345_722_
13:00:50,15.95,101,61561,15.95_16.00_16.05_16.10_16.15_,204_1419_2090_4386_2752_,15.90_15.85_15.80_15.75_15.70_,1768_1177_1216_1345_721_
13:00:56,15.95,5,61566,15.95_16.00_16.05_16.10_16.15_,203_1417_2092_4386_2752_,15.90_15.85_15.80_15.75_15.70_,1784_1177_1216_1345_721_
13:01:01,15.90,16,61582,15.95_16.00_16.05_16.10_16.15_,213_1411_2112_4386_2752_,15.90_15.85_15.80_15.75_15.70_,1768_1177_1216_1345_721_
13:01:06,15.95,10,61592,15.95_16.00_16.05_16.10_16.15_,239_1414_2111_4391_2747_,15.90_15.85_15.80_15.75_15.70_,1778_1177_1216_1345_721_
13:01:11,15.95,2,61594,15.95_16.00_16.05_16.10_16.15_,238_1414_2111_4416_2747_,15.90_15.85_15.80_15.75_15.70_,1846_1188_1216_1345_721_
13:01:16,15.90,1,61595,15.95_16.00_16.05_16.10_16.15_,238_1389_2131_4396_2747_,15.90_15.85_15.80_15.75_15.70_,1845_1193_1216_1345_721_
13:01:21,15.95,109,61704,15.95_16.00_16.05_16.10_16.15_,180_1392_2121_4396_2747_,15.90_15.85_15.80_15.75_15.70_,1811_1193_1216_1345_721_
13:01:26,15.95,109,61704,15.95_16.00_16.05_16.10_16.15_,185_1401_2124_4376_2747_,15.90_15.85_15.80_15.75_15.70_,1838_1197_1217_1345_721_
13:01:31,15.95,4,61708,15.95_16.00_16.05_16.10_16.15_,181_1410_2124_4376_2747_,15.90_15.85_15.80_15.75_15.70_,1838_1197_1217_1345_721_
13:01:36,15.95,4,61708,15.95_16.00_16.05_16.10_16.15_,181_1416_2124_4376_2747_,15.90_15.85_15.80_15.75_15.70_,1848_1197_1217_1345_722_
13:01:42,15.95,10,61718,15.95_16.00_16.05_16.10_16.15_,191_1432_2124_4376_2747_,15.90_15.85_15.80_15.75_15.70_,1849_1197_1217_1345_724_
13:01:47,15.95,10,61728,15.95_16.00_16.05_16.10_16.15_,181_1444_2124_4376_2747_,15.90_15.85_15.80_15.75_15.70_,1850_1197_1217_1345_714_
13:01:52,15.90,5,61733,15.95_16.00_16.05_16.10_16.15_,181_1444_2124_4375_2747_,15.90_15.85_15.80_15.75_15.70_,1845_1197_1217_1345_714_
13:01:57,15.90,1,61734,15.95_16.00_16.05_16.10_16.15_,199_1444_2174_4376_2747_,15.90_15.85_15.80_15.75_15.70_,1838_1197_1217_1346_714_
13:02:02,15.90,20,61754,15.95_16.00_16.05_16.10_16.15_,189_1444_2174_4376_2747_,15.90_15.85_15.80_15.75_15.70_,1827_1197_1217_1346_714_
13:02:07,15.95,6,61760,15.95_16.00_16.05_16.10_16.15_,201_1445_2174_4376_2747_,15.90_15.85_15.80_15.75_15.70_,1827_1197_1217_1346_714_
13:02:12,15.95,6,61760,15.95_16.00_16.05_16.10_16.15_,228_1450_2174_4376_2747_,15.90_15.85_15.80_15.75_15.70_,1856_1197_1217_1346_714_
13:02:17,15.95,2,61762,15.95_16.00_16.05_16.10_16.15_,248_1449_2174_4376_2747_,15.90_15.85_15.80_15.75_15.70_,1829_1197_1220_1346_714_
13:02:23,15.90,4,61766,15.95_16.00_16.05_16.10_16.15_,247_1434_2174_4376_2747_,15.90_15.85_15.80_15.75_15.70_,1851_1197_1220_1346_714_
13:02:28,15.90,16,61782,15.95_16.00_16.05_16.10_16.15_,247_1434_2174_4376_2747_,15.90_15.85_15.80_15.75_15.70_,1836_1197_1174_1346_714_
13:02:33,15.90,16,61782,15.95_16.00_16.05_16.10_16.15_,247_1434_2174_4376_2747_,15.90_15.85_15.80_15.75_15.70_,1942_1197_1174_1346_711_
13:02:38,15.95,4,61786,15.95_16.00_16.05_16.10_16.15_,244_1436_2174_4376_2747_,15.90_15.85_15.80_15.75_15.70_,1942_1197_1174_1346_711_
13:02:43,15.90,110,61896,15.95_16.00_16.05_16.10_16.15_,273_1437_2174_4376_2747_,15.90_15.85_15.80_15.75_15.70_,1871_1197_1174_1346_711_
13:02:48,15.90,110,61896,15.95_16.00_16.05_16.10_16.15_,256_1417_2174_4376_2747_,15.90_15.85_15.80_15.75_15.70_,1844_1197_1174_1346_711_
13:02:53,15.95,8,61904,15.95_16.00_16.05_16.10_16.15_,274_1417_2170_4376_2747_,15.90_15.85_15.80_15.75_15.70_,1844_1217_1174_1346_711_
13:02:59,15.95,1,61905,15.95_16.00_16.05_16.10_16.15_,287_1383_2170_4376_2747_,15.90_15.85_15.80_15.75_15.70_,1872_1217_1174_1346_711_
13:03:04,15.90,15,61920,15.95_16.00_16.05_16.10_16.15_,333_1383_2170_4377_2747_,15.90_15.85_15.80_15.75_15.70_,1858_1217_1174_1346_711_
13:03:09,15.90,1,61921,15.95_16.00_16.05_16.10_16.15_,343_1383_2171_4377_2746_,15.90_15.85_15.80_15.75_15.70_,1844_1229_1184_1346_711_
13:03:14,15.90,1,61921,15.95_16.00_16.05_16.10_16.15_,383_1383_2171_4377_2746_,15.90_15.85_15.80_15.75_15.70_,1850_1230_1183_1346_711_
13:03:19,15.90,2,61923,15.95_16.00_16.05_16.10_16.15_,390_1383_2171_4377_2746_,15.90_15.85_15.80_15.75_15.70_,1850_1230_1183_1346_711_
13:03:24,15.90,2,61925,15.95_16.00_16.05_16.10_16.15_,399_1391_2165_4377_2746_,15.90_15.85_15.80_15.75_15.70_,1850_1229_1183_1366_811_
13:03:29,15.95,5,61930,15.95_16.00_16.05_16.10_16.15_,498_1391_2164_4377_2746_,15.90_15.85_15.80_15.75_15.70_,1850_1229_1183_1368_811_
13:03:34,15.95,5,61930,15.95_16.00_16.05_16.10_16.15_,498_1437_2164_4377_2746_,15.90_15.85_15.80_15.75_15.70_,1877_1229_1183_1368_811_
13:03:40,15.90,3,61933,15.95_16.00_16.05_16.10_16.15_,498_1436_2164_4377_2746_,15.90_15.85_15.80_15.75_15.70_,1849_1229_1183_1368_811_
13:03:45,15.90,2,61935,15.95_16.00_16.05_16.10_16.15_,498_1436_2164_4378_2746_,15.90_15.85_15.80_15.75_15.70_,1849_1242_1183_1368_811_
13:03:50,15.90,2,61937,15.95_16.00_16.05_16.10_16.15_,496_1389_2169_4378_2796_,15.90_15.85_15.80_15.75_15.70_,1847_1242_1183_1368_811_
13:03:55,15.90,2,61939,15.95_16.00_16.05_16.10_16.15_,497_1391_2164_4378_2796_,15.90_15.85_15.80_15.75_15.70_,1846_1242_1203_1368_811_
13:04:00,15.95,37,61976,15.95_16.00_16.05_16.10_16.15_,460_1398_2164_4378_2796_,15.90_15.85_15.80_15.75_15.70_,1846_1242_1203_1368_811_
13:04:05,15.95,1,61977,15.95_16.00_16.05_16.10_16.15_,477_1399_2170_4381_2796_,15.90_15.85_15.80_15.75_15.70_,1872_1242_1203_1368_811_
13:04:10,15.90,15,61992,15.95_16.00_16.05_16.10_16.15_,491_1400_2170_4381_2798_,15.90_15.85_15.80_15.75_15.70_,1858_1247_1203_1368_811_
13:04:16,15.90,15,61992,15.95_16.00_16.05_16.10_16.15_,503_1401_2170_4381_2798_,15.90_15.85_15.80_15.75_15.70_,1854_1247_1203_1368_813_
13:04:21,15.95,55,62047,15.95_16.00_16.05_16.10_16.15_,449_1402_2165_4381_2798_,15.90_15.85_15.80_15.75_15.70_,1889_1247_1203_1368_813_
13:04:26,15.95,18,62065,15.95_16.00_16.05_16.10_16.15_,483_1402_2165_4381_2798_,15.90_15.85_15.80_15.75_15.70_,1982_1247_1203_1368_813_
13:04:31,15.95,35,62100,15.95_16.00_16.05_16.10_16.15_,458_1402_2165_4381_2798_,15.90_15.85_15.80_15.75_15.70_,2010_1247_1203_1368_817_
13:04:36,15.95,3,62103,15.95_16.00_16.05_16.10_16.15_,456_1405_2165_4378_2798_,15.90_15.85_15.80_15.75_15.70_,1978_1247_1203_1368_817_
13:04:41,15.90,1,62104,15.95_16.00_16.05_16.10_16.15_,465_1430_2165_4378_2798_,15.90_15.85_15.80_15.75_15.70_,1951_1247_1203_1368_817_
13:04:46,15.95,6,62110,15.95_16.00_16.05_16.10_16.15_,479_1430_2166_4378_2793_,15.90_15.85_15.80_15.75_15.70_,1942_1247_1203_1368_817_
13:04:51,15.95,1,62111,15.95_16.00_16.05_16.10_16.15_,478_1431_2166_4378_2793_,15.90_15.85_15.80_15.75_15.70_,2035_1247_1203_1368_817_
13:04:57,15.95,1,62111,15.95_16.00_16.05_16.10_16.15_,479_1431_2171_4378_2788_,15.90_15.85_15.80_15.75_15.70_,1971_1247_1203_1368_817_
13:05:02,15.90,16,62127,15.95_16.00_16.05_16.10_16.15_,474_1432_2171_4378_2788_,15.90_15.85_15.80_15.75_15.70_,1962_1247_1203_1368_817_
13:05:07,15.90,1,62128,15.95_16.00_16.05_16.10_16.15_,511_1433_2149_4378_2788_,15.90_15.85_15.80_15.75_15.70_,1923_1247_1203_1368_817_
13:05:12,15.95,16,62144,15.95_16.00_16.05_16.10_16.15_,497_1434_2144_4378_2788_,15.90_15.85_15.80_15.75_15.70_,1923_1249_1203_1368_817_
13:05:17,15.90,1,62145,15.95_16.00_16.05_16.10_16.15_,497_1439_2147_4378_2788_,15.90_15.85_15.80_15.75_15.70_,2052_1249_1203_1368_817_
13:05:22,15.90,1,62145,15.95_16.00_16.05_16.10_16.15_,519_1435_2147_4378_2788_,15.90_15.85_15.80_15.75_15.70_,1916_1249_1203_1368_817_
13:05:27,15.90,1,62145,15.95_16.00_16.05_16.10_16.15_,519_1485_2148_4378_2742_,15.90_15.85_15.80_15.75_15.70_,1916_1249_1208_1368_817_
13:05:33,15.90,2,62147,15.95_16.00_16.05_16.10_16.15_,539_1485_2148_4378_2742_,15.90_15.85_15.80_15.75_15.70_,1917_1249_1207_1368_817_
13:05:38,15.90,2,62147,15.95_16.00_16.05_16.10_16.15_,545_1484_2148_4378_2742_,15.90_15.85_15.80_15.75_15.70_,1904_1254_1217_1368_817_
13:05:43,15.90,2,62149,15.95_16.00_16.05_16.10_16.15_,545_1484_2148_4378_2742_,15.90_15.85_15.80_15.75_15.70_,1902_1255_1217_1368_817_
13:05:48,15.90,5,62154,15.95_16.00_16.05_16.10_16.15_,552_1484_2148_4379_2742_,15.90_15.85_15.80_15.75_15.70_,1897_1255_1217_1368_817_
13:05:53,15.90,51,62205,15.95_16.00_16.05_16.10_16.15_,553_1496_2148_4379_2742_,15.90_15.85_15.80_15.75_15.70_,1845_1255_1217_1368_817_
13:05:58,15.95,100,62305,15.95_16.00_16.05_16.10_16.15_,453_1496_2139_4379_2742_,15.90_15.85_15.80_15.75_15.70_,1813_1255_1217_1368_817_
13:06:03,15.90,30,62335,15.95_16.00_16.05_16.10_16.15_,439_1498_2139_4377_2742_,15.90_15.85_15.80_15.75_15.70_,1810_1255_1217_1368_817_
13:06:08,15.95,11,62346,15.95_16.00_16.05_16.10_16.15_,547_1503_2139_4376_2742_,15.90_15.85_15.80_15.75_15.70_,1786_1247_1217_1368_817_
13:06:14,15.90,10,62356,15.95_16.00_16.05_16.10_16.15_,548_1510_2149_4376_2742_,15.90_15.85_15.80_15.75_15.70_,1803_1247_1217_1368_817_
13:06:19,15.90,10,62356,15.95_16.00_16.05_16.10_16.15_,570_1514_2149_4376_2742_,15.90_15.85_15.80_15.75_15.70_,1774_1247_1217_1368_817_
13:06:24,15.90,10,62356,15.95_16.00_16.05_16.10_16.15_,570_1514_2149_4376_2742_,15.90_15.85_15.80_15.75_15.70_,1774_1247_1217_1378_819_
13:06:29,15.90,10,62356,15.95_16.00_16.05_16.10_16.15_,570_1549_2149_4376_2742_,15.90_15.85_15.80_15.75_15.70_,1774_1227_1217_1378_819_
13:06:34,15.90,1,62357,15.95_16.00_16.05_16.10_16.15_,590_1549_2149_4376_2742_,15.90_15.85_15.80_15.75_15.70_,1775_1227_1217_1378_819_
13:06:39,15.90,2,62359,15.95_16.00_16.05_16.10_16.15_,594_1549_2144_4376_2742_,15.90_15.85_15.80_15.75_15.70_,1773_1232_1218_1378_819_
13:06:44,15.90,5,62364,15.95_16.00_16.05_16.10_16.15_,599_1548_2144_4376_2742_,15.90_15.85_15.80_15.75_15.70_,1769_1232_1218_1378_819_
13:06:50,15.95,1,62365,15.95_16.00_16.05_16.10_16.15_,598_1539_2144_4376_2742_,15.90_15.85_15.80_15.75_15.70_,1769_1231_1219_1378_819_
13:06:55,15.95,1,62365,15.95_16.00_16.05_16.10_16.15_,608_1539_2149_4376_2742_,15.90_15.85_15.80_15.75_15.70_,1766_1231_1219_1378_819_
13:07:00,15.90,1,62366,15.95_16.00_16.05_16.10_16.15_,608_1536_2147_4376_2742_,15.90_15.85_15.80_15.75_15.70_,1765_1231_1220_1379_819_
13:07:05,15.90,1,62367,15.95_16.00_16.05_16.10_16.15_,624_1533_2148_4376_2742_,15.90_15.85_15.80_15.75_15.70_,1769_1232_1220_1379_819_
13:07:10,15.90,18,62385,15.95_16.00_16.05_16.10_16.15_,608_1533_2148_4376_2742_,15.90_15.85_15.80_15.75_15.70_,1764_1227_1225_1379_820_
13:07:15,15.95,12,62397,15.95_16.00_16.05_16.10_16.15_,605_1533_2148_4376_2742_,15.90_15.85_15.80_15.75_15.70_,1796_1227_1225_1379_820_
13:07:20,15.90,12,62409,15.95_16.00_16.05_16.10_16.15_,606_1533_2148_4376_2742_,15.90_15.85_15.80_15.75_15.70_,1778_1257_1225_1379_821_
13:07:25,15.90,1,62410,15.95_16.00_16.05_16.10_16.15_,606_1533_2148_4376_2742_,15.90_15.85_15.80_15.75_15.70_,1750_1257_1226_1379_821_
13:07:30,15.90,1,62411,15.95_16.00_16.05_16.10_16.15_,608_1533_2148_4376_2742_,15.90_15.85_15.80_15.75_15.70_,1762_1257_1256_1379_821_
13:07:36,15.95,5,62416,15.95_16.00_16.05_16.10_16.15_,603_1533_2148_4376_2742_,15.90_15.85_15.80_15.75_15.70_,1760_1257_1256_1379_821_
13:07:41,15.95,1,62417,15.95_16.00_16.05_16.10_16.15_,604_1533_2149_4379_2742_,15.90_15.85_15.80_15.75_15.70_,1787_1257_1256_1379_821_
13:07:46,15.90,1,62418,15.95_16.00_16.05_16.10_16.15_,603_1535_2149_4379_2742_,15.90_15.85_15.80_15.75_15.70_,1786_1257_1256_1379_821_
13:07:51,15.90,1,62418,15.95_16.00_16.05_16.10_16.15_,603_1537_2159_4379_2742_,15.90_15.85_15.80_15.75_15.70_,1760_1257_1256_1369_821_
13:07:56,15.90,1,62419,15.95_16.00_16.05_16.10_16.15_,619_1537_2169_4379_2742_,15.90_15.85_15.80_15.75_15.70_,1802_1257_1258_1369_821_
13:08:06,15.90,16,62438,15.95_16.00_16.05_16.10_16.15_,606_1547_2164_4374_2742_,15.90_15.85_15.80_15.75_15.70_,1788_1257_1258_1369_821_
13:08:12,15.95,3,62441,15.95_16.00_16.05_16.10_16.15_,619_1547_2164_4372_2742_,15.90_15.85_15.80_15.75_15.70_,1788_1307_1258_1369_821_
13:08:17,15.95,5,62446,15.95_16.00_16.05_16.10_16.15_,618_1552_2164_4372_2742_,15.90_15.85_15.80_15.75_15.70_,1816_1307_1258_1369_821_
13:08:22,15.95,7,62453,15.95_16.00_16.05_16.10_16.15_,611_1552_2174_4372_2742_,15.90_15.85_15.80_15.75_15.70_,1850_1307_1258_1369_821_
13:08:27,15.90,10,62463,15.95_16.00_16.05_16.10_16.15_,611_1552_2174_4372_2742_,15.90_15.85_15.80_15.75_15.70_,1891_1307_1258_1369_871_
13:08:32,15.90,10,62463,15.95_16.00_16.05_16.10_16.15_,611_1552_2174_4372_2742_,15.90_15.85_15.80_15.75_15.70_,1880_1307_1258_1369_871_
13:08:37,15.95,14,62477,15.95_16.00_16.05_16.10_16.15_,610_1553_2239_4372_2742_,15.90_15.85_15.80_15.75_15.70_,1861_1307_1258_1369_871_
13:08:42,15.95,3,62480,15.95_16.00_16.05_16.10_16.15_,606_1551_2264_4372_2742_,15.90_15.85_15.80_15.75_15.70_,1880_1307_1258_1370_871_
13:08:47,15.95,3,62483,15.95_16.00_16.05_16.10_16.15_,625_1551_2244_4372_2742_,15.90_15.85_15.80_15.75_15.70_,1908_1307_1258_1370_871_
13:08:52,15.95,3,62483,15.95_16.00_16.05_16.10_16.15_,633_1551_2244_4372_2742_,15.90_15.85_15.80_15.75_15.70_,1938_1307_1258_1370_871_
13:08:58,15.95,3,62483,15.95_16.00_16.05_16.10_16.15_,622_1551_2244_4375_2742_,15.90_15.85_15.80_15.75_15.70_,1940_1307_1258_1370_871_
13:09:03,15.95,1,62484,15.95_16.00_16.05_16.10_16.15_,671_1552_2242_4375_2742_,15.90_15.85_15.80_15.75_15.70_,1934_1302_1258_1370_872_
13:09:08,15.90,16,62500,15.95_16.00_16.05_16.10_16.15_,692_1552_2242_4375_2742_,15.90_15.85_15.80_15.75_15.70_,1929_1290_1247_1370_871_
13:09:13,15.90,16,62500,15.95_16.00_16.05_16.10_16.15_,692_1552_2243_4375_2742_,15.90_15.85_15.80_15.75_15.70_,1882_1290_1247_1370_871_
13:09:18,15.90,21,62521,15.95_16.00_16.05_16.10_16.15_,693_1551_2243_4376_2742_,15.90_15.85_15.80_15.75_15.70_,1880_1295_1247_1370_871_
13:09:23,15.90,21,62521,15.95_16.00_16.05_16.10_16.15_,693_1550_2243_4376_2742_,15.90_15.85_15.80_15.75_15.70_,1879_1290_1247_1370_871_
13:09:28,15.90,1,62522,15.95_16.00_16.05_16.10_16.15_,693_1550_2243_4376_2742_,15.90_15.85_15.80_15.75_15.70_,1909_1290_1247_1370_871_
13:09:33,15.90,13,62535,15.95_16.00_16.05_16.10_16.15_,693_1550_2243_4376_2742_,15.90_15.85_15.80_15.75_15.70_,1893_1290_1247_1370_871_
13:09:39,15.95,1,62536,15.95_16.00_16.05_16.10_16.15_,692_1552_2243_4376_2745_,15.90_15.85_15.80_15.75_15.70_,1913_1290_1247_1370_871_
13:09:44,15.90,1,62537,15.95_16.00_16.05_16.10_16.15_,693_1552_2244_4376_2746_,15.90_15.85_15.80_15.75_15.70_,1895_1290_1247_1370_871_
13:09:49,15.90,3,62540,15.95_16.00_16.05_16.10_16.15_,695_1549_2239_4376_2746_,15.90_15.85_15.80_15.75_15.70_,1885_1290_1247_1370_871_
13:09:54,15.90,3,62540,15.95_16.00_16.05_16.10_16.15_,696_1543_2239_4377_2746_,15.90_15.85_15.80_15.75_15.70_,1911_1290_1247_1370_871_
13:09:59,15.95,5,62545,15.95_16.00_16.05_16.10_16.15_,671_1544_2238_4377_2746_,15.90_15.85_15.80_15.75_15.70_,1905_1290_1247_1370_871_
13:10:04,15.90,21,62566,15.95_16.00_16.05_16.10_16.15_,654_1544_2241_4376_2746_,15.90_15.85_15.80_15.75_15.70_,1867_1290_1247_1370_871_
13:10:09,15.90,1,62567,15.95_16.00_16.05_16.10_16.15_,670_1539_2241_4376_2746_,15.90_15.85_15.80_15.75_15.70_,1850_1290_1247_1370_871_
13:10:14,15.95,1,62568,15.95_16.00_16.05_16.10_16.15_,677_1540_2242_4376_2746_,15.90_15.85_15.80_15.75_15.70_,1862_1290_1247_1370_871_
13:10:19,15.95,14,62582,15.95_16.00_16.05_16.10_16.15_,663_1541_2242_4376_2746_,15.90_15.85_15.80_15.75_15.70_,1900_1290_1247_1370_871_
13:10:25,15.90,5,62587,15.95_16.00_16.05_16.10_16.15_,665_1541_2242_4376_2746_,15.90_15.85_15.80_15.75_15.70_,1912_1295_1247_1370_871_
13:10:30,15.90,5,62592,15.95_16.00_16.05_16.10_16.15_,665_1541_2190_4376_2746_,15.90_15.85_15.80_15.75_15.70_,1886_1295_1247_1370_871_
13:10:35,15.90,2,62594,15.95_16.00_16.05_16.10_16.15_,675_1541_2190_4376_2746_,15.90_15.85_15.80_15.75_15.70_,1992_1295_1247_1370_871_
13:10:40,15.90,2,62594,15.95_16.00_16.05_16.10_16.15_,680_1542_2190_4376_2746_,15.90_15.85_15.80_15.75_15.70_,2003_1295_1247_1370_871_
13:10:45,15.90,2,62594,15.95_16.00_16.05_16.10_16.15_,680_1542_2191_4376_2746_,15.90_15.85_15.80_15.75_15.70_,2017_1292_1252_1370_871_
13:10:50,15.95,4,62598,15.95_16.00_16.05_16.10_16.15_,676_1542_2181_4376_2746_,15.90_15.85_15.80_15.75_15.70_,2028_1292_1252_1370_871_
13:10:55,15.95,10,62608,15.95_16.00_16.05_16.10_16.15_,671_1542_2179_4376_2746_,15.90_15.85_15.80_15.75_15.70_,2075_1292_1252_1371_871_
13:11:00,15.90,2,62610,15.95_16.00_16.05_16.10_16.15_,672_1544_2179_4376_2746_,15.90_15.85_15.80_15.75_15.70_,2085_1292_1252_1371_871_
13:11:06,15.90,1,62611,15.95_16.00_16.05_16.10_16.15_,673_1541_2179_4376_2746_,15.90_15.85_15.80_15.75_15.70_,2057_1292_1252_1371_871_
13:11:11,15.90,21,62632,15.95_16.00_16.05_16.10_16.15_,671_1540_2179_4376_2746_,15.90_15.85_15.80_15.75_15.70_,2036_1292_1252_1371_871_
13:11:16,15.90,2,62634,15.95_16.00_16.05_16.10_16.15_,682_1534_2180_4387_2746_,15.90_15.85_15.80_15.75_15.70_,2035_1292_1251_1371_871_
13:11:21,15.90,2,62634,15.95_16.00_16.05_16.10_16.15_,682_1538_2180_4387_2746_,15.90_15.85_15.80_15.75_15.70_,2035_1292_1251_1369_871_
13:11:26,15.95,5,62639,15.95_16.00_16.05_16.10_16.15_,677_1538_2180_4387_2746_,15.90_15.85_15.80_15.75_15.70_,2087_1297_1251_1369_871_
13:11:36,15.95,2,62671,15.95_16.00_16.05_16.10_16.15_,660_1538_2180_4379_2746_,15.90_15.85_15.80_15.75_15.70_,2076_1297_1251_1369_866_
13:11:41,15.95,2,62671,15.95_16.00_16.05_16.10_16.15_,733_1546_2175_4376_2746_,15.90_15.85_15.80_15.75_15.70_,2086_1297_1251_1369_866_
13:11:47,15.95,83,62754,15.95_16.00_16.05_16.10_16.15_,705_1477_2174_4376_2746_,15.90_15.85_15.80_15.75_15.70_,1995_1297_1251_1419_866_
13:11:57,15.90,29,62787,15.95_16.00_16.05_16.10_16.15_,751_1501_2183_4376_2746_,15.90_15.85_15.80_15.75_15.70_,1995_1297_1251_1418_867_
13:12:02,15.90,29,62787,15.95_16.00_16.05_16.10_16.15_,753_1503_2184_4376_2746_,15.90_15.85_15.80_15.75_15.70_,1968_1297_1251_1418_867_
13:12:07,15.90,13,62800,15.95_16.00_16.05_16.10_16.15_,740_1503_2183_4376_2736_,15.90_15.85_15.80_15.75_15.70_,1955_1297_1251_1418_867_
13:12:12,15.90,13,62800,15.95_16.00_16.05_16.10_16.15_,758_1503_2183_4331_2736_,15.90_15.85_15.80_15.75_15.70_,1955_1297_1251_1418_867_
13:12:17,15.95,1,62801,15.95_16.00_16.05_16.10_16.15_,757_1503_2183_4331_2736_,15.90_15.85_15.80_15.75_15.70_,1960_1297_1251_1418_867_
13:12:22,15.90,10,62811,15.95_16.00_16.05_16.10_16.15_,754_1515_2184_4331_2736_,15.90_15.85_15.80_15.75_15.70_,1952_1297_1251_1418_867_
13:12:27,15.90,10,62811,15.95_16.00_16.05_16.10_16.15_,759_1515_2184_4334_2736_,15.90_15.85_15.80_15.75_15.70_,1928_1292_1251_1418_867_
13:12:33,15.95,5,62816,15.95_16.00_16.05_16.10_16.15_,758_1515_2184_4334_2736_,15.90_15.85_15.80_15.75_15.70_,1928_1292_1251_1418_867_
13:12:38,15.95,5,62821,15.95_16.00_16.05_16.10_16.15_,755_1515_2382_4334_2736_,15.90_15.85_15.80_15.75_15.70_,1966_1292_1251_1418_867_
13:12:43,15.90,1,62822,15.95_16.00_16.05_16.10_16.15_,757_1513_2382_4334_2736_,15.90_15.85_15.80_15.75_15.70_,1988_1292_1251_1418_867_
13:12:48,15.90,1,62822,15.95_16.00_16.05_16.10_16.15_,757_1513_2382_4334_2736_,15.90_15.85_15.80_15.75_15.70_,1961_1292_1251_1418_867_
13:12:53,15.90,4,62826,15.95_16.00_16.05_16.10_16.15_,807_1513_2383_4334_2736_,15.90_15.85_15.80_15.75_15.70_,1957_1292_1251_1418_867_
13:12:58,15.90,1,62827,15.95_16.00_16.05_16.10_16.15_,807_1513_2383_4334_2736_,15.90_15.85_15.80_15.75_15.70_,2006_1292_1251_1418_867_
13:13:03,15.90,18,62845,15.95_16.00_16.05_16.10_16.15_,789_1513_2383_4334_2736_,15.90_15.85_15.80_15.75_15.70_,1988_1292_1256_1418_868_
13:13:08,15.90,2,62847,15.95_16.00_16.05_16.10_16.15_,789_1513_2383_4334_2736_,15.90_15.85_15.80_15.75_15.70_,1993_1292_1254_1418_868_
13:13:14,15.90,2,62847,15.95_16.00_16.05_16.10_16.15_,803_1516_2383_4334_2736_,15.90_15.85_15.80_15.75_15.70_,2004_1297_1256_1418_868_
13:13:24,15.95,13,62860,15.95_16.00_16.05_16.10_16.15_,791_1517_2383_4339_2736_,15.90_15.85_15.80_15.75_15.70_,2009_1297_1266_1418_868_
13:13:29,15.90,1,62861,15.95_16.00_16.05_16.10_16.15_,791_1517_2382_4339_2736_,15.90_15.85_15.80_15.75_15.70_,2003_1297_1266_1418_868_
13:13:34,15.95,5,62866,15.95_16.00_16.05_16.10_16.15_,736_1519_2382_4339_2736_,15.90_15.85_15.80_15.75_15.70_,1972_1297_1266_1418_868_
13:13:39,15.95,5,62866,15.95_16.00_16.05_16.10_16.15_,736_1519_2382_4339_2736_,15.90_15.85_15.80_15.75_15.70_,2016_1297_1266_1418_868_
13:13:44,15.90,50,62916,15.95_16.00_16.05_16.10_16.15_,736_1520_2383_4339_2736_,15.90_15.85_15.80_15.75_15.70_,2028_1297_1265_1418_867_
13:13:49,15.90,50,62916,15.95_16.00_16.05_16.10_16.15_,736_1520_2383_4339_2736_,15.90_15.85_15.80_15.75_15.70_,2001_1297_1265_1418_866_
13:13:55,15.95,50,62966,15.95_16.00_16.05_16.10_16.15_,665_1520_2383_4339_2736_,15.90_15.85_15.80_15.75_15.70_,2004_1302_1265_1418_866_
13:14:00,15.95,50,62966,15.95_16.00_16.05_16.10_16.15_,748_1520_2373_4339_2736_,15.90_15.85_15.80_15.75_15.70_,2009_1302_1265_1418_865_
13:14:05,15.90,6,62972,15.95_16.00_16.05_16.10_16.15_,753_1520_2375_4339_2736_,15.90_15.85_15.80_15.75_15.70_,2015_1302_1265_1418_865_
13:14:10,15.90,16,62988,15.95_16.00_16.05_16.10_16.15_,764_1520_2375_4349_2726_,15.90_15.85_15.80_15.75_15.70_,1967_1202_1265_1418_866_
13:14:15,15.90,2,62990,15.95_16.00_16.05_16.10_16.15_,764_1520_2375_4349_2726_,15.90_15.85_15.80_15.75_15.70_,1965_1202_1255_1418_866_
13:14:20,15.90,2,62990,15.95_16.00_16.05_16.10_16.15_,765_1520_2375_4349_2726_,15.90_15.85_15.80_15.75_15.70_,1965_1202_1255_1418_866_
13:14:25,15.90,2,62990,15.95_16.00_16.05_16.10_16.15_,765_1520_2395_4349_2726_,15.90_15.85_15.80_15.75_15.70_,1965_1202_1215_1418_866_
13:14:36,15.90,134,63139,15.95_16.00_16.05_16.10_16.15_,743_1518_2392_4359_2726_,15.90_15.85_15.80_15.75_15.70_,1887_1242_1215_1418_866_
13:14:41,15.95,6,63145,15.95_16.00_16.05_16.10_16.15_,742_1502_2393_4352_2731_,15.90_15.85_15.80_15.75_15.70_,1864_1242_1215_1418_866_
13:14:46,15.95,48,63193,15.95_16.00_16.05_16.10_16.15_,714_1507_2390_4352_2731_,15.90_15.85_15.80_15.75_15.70_,1858_1242_1215_1418_866_
13:14:51,15.95,48,63193,15.95_16.00_16.05_16.10_16.15_,764_1507_2390_4351_2731_,15.90_15.85_15.80_15.75_15.70_,1857_1242_1215_1418_866_
13:14:56,15.90,6,63199,15.95_16.00_16.05_16.10_16.15_,766_1513_2390_4351_2731_,15.90_15.85_15.80_15.75_15.70_,1752_1242_1215_1413_866_
13:15:01,15.95,29,63228,15.95_16.00_16.05_16.10_16.15_,758_1513_2474_4445_2731_,15.90_15.85_15.80_15.75_15.70_,1725_1242_1309_1413_866_
13:15:06,15.90,6,63234,15.95_16.00_16.05_16.10_16.15_,761_1513_2474_4635_2731_,15.90_15.85_15.80_15.75_15.70_,1753_1241_1308_1695_866_
13:15:12,15.90,13,63247,15.95_16.00_16.05_16.10_16.15_,758_1513_2468_4635_2731_,15.90_15.85_15.80_15.75_15.70_,1714_1241_1308_1695_867_
13:15:17,15.90,20,63267,15.95_16.00_16.05_16.10_16.15_,758_1513_2469_4635_2731_,15.90_15.85_15.80_15.75_15.70_,1694_1265_1308_1695_867_
13:15:27,15.90,2,63270,15.95_16.00_16.05_16.10_16.15_,858_1516_2466_4636_2731_,15.90_15.85_15.80_15.75_15.70_,1690_1264_1310_1695_867_
13:15:32,15.90,67,63337,15.95_16.00_16.05_16.10_16.15_,858_1517_2466_4636_2731_,15.90_15.85_15.80_15.75_15.70_,1623_1264_1310_1695_867_
13:15:37,15.90,4,63341,15.95_16.00_16.05_16.10_16.15_,813_1517_2466_4636_2731_,15.90_15.85_15.80_15.75_15.70_,1620_1264_1310_1695_867_
13:15:42,15.95,1,63342,15.95_16.00_16.05_16.10_16.15_,812_1517_2466_4636_2731_,15.90_15.85_15.80_15.75_15.70_,1620_1264_1310_1695_867_
13:15:47,15.90,12,63354,15.95_16.00_16.05_16.10_16.15_,840_1527_2465_4636_2731_,15.90_15.85_15.80_15.75_15.70_,1636_1274_1310_1695_868_
13:15:53,15.95,9,63363,15.95_16.00_16.05_16.10_16.15_,831_1529_2466_4636_2731_,15.90_15.85_15.80_15.75_15.70_,1613_1274_1310_1695_858_
13:15:58,15.90,5,63368,15.95_16.00_16.05_16.10_16.15_,841_1540_2466_4636_2731_,15.90_15.85_15.80_15.75_15.70_,1636_1324_1310_1695_859_
13:16:03,15.90,2,63370,15.95_16.00_16.05_16.10_16.15_,845_1550_2466_4636_2731_,15.90_15.85_15.80_15.75_15.70_,1607_1324_1310_1695_859_
13:16:08,15.90,31,63401,15.95_16.00_16.05_16.10_16.15_,859_1550_2466_4636_2726_,15.90_15.85_15.80_15.75_15.70_,1576_1324_1312_1695_859_
13:16:13,15.90,31,63401,15.95_16.00_16.05_16.10_16.15_,859_1550_2466_4636_2676_,15.90_15.85_15.80_15.75_15.70_,1576_1324_1312_1695_859_
13:16:18,15.90,31,63401,15.95_16.00_16.05_16.10_16.15_,860_1600_2466_4636_2676_,15.90_15.85_15.80_15.75_15.70_,1507_1324_1312_1695_859_
13:16:23,15.90,1,63402,15.95_16.00_16.05_16.10_16.15_,864_1600_2466_4636_2676_,15.90_15.85_15.80_15.75_15.70_,1511_1324_1312_1695_859_
13:16:28,15.95,2,63404,15.95_16.00_16.05_16.10_16.15_,869_1600_2467_4636_2676_,15.90_15.85_15.80_15.75_15.70_,1511_1334_1312_1695_859_
13:16:39,15.90,1,63476,15.95_16.00_16.05_16.10_16.15_,799_1600_2463_4636_2676_,15.90_15.85_15.80_15.75_15.70_,1498_1334_1312_1695_859_
13:16:44,15.90,14,63490,15.95_16.00_16.05_16.10_16.15_,799_1599_2461_4636_2676_,15.90_15.85_15.80_15.75_15.70_,1457_1334_1312_1695_859_
13:16:49,15.95,18,63508,15.95_16.00_16.05_16.10_16.15_,781_1599_2461_4636_2676_,15.90_15.85_15.80_15.75_15.70_,1431_1335_1312_1695_859_
13:16:54,15.90,1,63509,15.95_16.00_16.05_16.10_16.15_,782_1600_2461_4639_2676_,15.90_15.85_15.80_15.75_15.70_,1498_1330_1312_1695_859_
13:16:59,15.90,5,63514,15.95_16.00_16.05_16.10_16.15_,778_1600_2460_4644_2676_,15.90_15.85_15.80_15.75_15.70_,1498_1336_1312_1695_859_
13:17:04,15.90,19,63533,15.95_16.00_16.05_16.10_16.15_,772_1600_2460_4644_2676_,15.90_15.85_15.80_15.75_15.70_,1479_1336_1312_1695_859_
13:17:10,15.90,4,63537,15.95_16.00_16.05_16.10_16.15_,790_1599_2460_4644_2676_,15.90_15.85_15.80_15.75_15.70_,1475_1336_1311_1695_859_
13:17:15,15.90,13,63550,15.95_16.00_16.05_16.10_16.15_,791_1599_2460_4644_2676_,15.90_15.85_15.80_15.75_15.70_,1463_1336_1311_1695_859_
13:17:20,15.90,29,63579,15.95_16.00_16.05_16.10_16.15_,791_1599_2460_4644_2675_,15.90_15.85_15.80_15.75_15.70_,1438_1341_1311_1695_861_
13:17:25,15.95,20,63599,15.95_16.00_16.05_16.10_16.15_,775_1599_2460_4644_2675_,15.90_15.85_15.80_15.75_15.70_,1424_1336_1311_1695_861_
13:17:30,15.90,1,63600,15.95_16.00_16.05_16.10_16.15_,775_1599_2461_4644_2675_,15.90_15.85_15.80_15.75_15.70_,1407_1336_1311_1695_861_
13:17:35,15.90,1,63601,15.95_16.00_16.05_16.10_16.15_,780_1599_2461_4644_2675_,15.90_15.85_15.80_15.75_15.70_,1433_1341_1350_1695_861_
13:17:40,15.95,5,63606,15.95_16.00_16.05_16.10_16.15_,778_1600_2459_4644_2675_,15.90_15.85_15.80_15.75_15.70_,1437_1337_1350_1695_861_
13:17:45,15.90,7,63613,15.95_16.00_16.05_16.10_16.15_,830_1570_2459_4644_2637_,15.90_15.85_15.80_15.75_15.70_,1408_1337_1350_1695_861_
13:17:51,15.90,5,63618,15.95_16.00_16.05_16.10_16.15_,831_1570_2459_4644_2637_,15.90_15.85_15.80_15.75_15.70_,1431_1337_1350_1695_861_
13:18:01,15.95,7,63635,15.95_16.00_16.05_16.10_16.15_,929_1570_2460_4644_2637_,15.90_15.85_15.80_15.75_15.70_,1422_1337_1350_1695_871_
13:18:06,15.90,48,63683,15.95_16.00_16.05_16.10_16.15_,917_1567_2459_4644_2637_,15.90_15.85_15.80_15.75_15.70_,1347_1337_1350_1695_871_
13:18:11,15.90,28,63711,15.95_16.00_16.05_16.10_16.15_,918_1571_2459_4644_2637_,15.90_15.85_15.80_15.75_15.70_,1354_1337_1350_1695_871_
13:18:16,15.95,3,63714,15.95_16.00_16.05_16.10_16.15_,914_1571_2459_4647_2637_,15.90_15.85_15.80_15.75_15.70_,1389_1336_1350_1695_871_
13:18:21,15.95,2,63716,15.95_16.00_16.05_16.10_16.15_,915_1571_2459_4647_2637_,15.90_15.85_15.80_15.75_15.70_,1417_1336_1350_1695_871_
13:18:26,15.90,2,63718,15.95_16.00_16.05_16.10_16.15_,915_1563_2459_4647_2637_,15.90_15.85_15.80_15.75_15.70_,1398_1336_1350_1695_871_
13:18:32,15.95,5,63723,15.95_16.00_16.05_16.10_16.15_,913_1563_2459_4647_2637_,15.90_15.85_15.80_15.75_15.70_,1427_1336_1248_1695_871_
13:18:37,15.95,15,63738,15.95_16.00_16.05_16.10_16.15_,911_1652_2459_4647_2637_,15.90_15.85_15.80_15.75_15.70_,1378_1336_1248_1695_871_
13:18:42,15.95,32,63770,15.95_16.00_16.05_16.10_16.15_,886_1652_2459_4647_2637_,15.90_15.85_15.80_15.75_15.70_,1395_1336_1248_1695_871_
13:18:47,15.90,5,63775,15.95_16.00_16.05_16.10_16.15_,886_1652_2459_4647_2637_,15.90_15.85_15.80_15.75_15.70_,1416_1332_1248_1695_871_
13:18:57,15.90,21,63805,15.95_16.00_16.05_16.10_16.15_,863_1652_2459_4647_2637_,15.90_15.85_15.80_15.75_15.70_,1442_1332_1260_1645_881_
13:19:02,15.90,2,63807,15.95_16.00_16.05_16.10_16.15_,868_1655_2469_4647_2637_,15.90_15.85_15.80_15.75_15.70_,1448_1332_1250_1645_891_
13:19:07,15.90,17,63824,15.95_16.00_16.05_16.10_16.15_,868_1655_2469_4647_2637_,15.90_15.85_15.80_15.75_15.70_,1433_1332_1250_1645_891_
13:19:12,15.90,3,63827,15.95_16.00_16.05_16.10_16.15_,865_1656_2471_4647_2637_,15.90_15.85_15.80_15.75_15.70_,1446_1332_1250_1645_896_
13:19:18,15.90,8,63835,15.95_16.00_16.05_16.10_16.15_,865_1656_2471_4647_2637_,15.90_15.85_15.80_15.75_15.70_,1441_1332_1248_1645_896_
13:19:23,15.90,8,63835,15.95_16.00_16.05_16.10_16.15_,859_1656_2476_4647_2637_,15.90_15.85_15.80_15.75_15.70_,1441_1332_1253_1645_896_
13:19:28,15.90,7,63842,15.95_16.00_16.05_16.10_16.15_,860_1656_2469_4647_2637_,15.90_15.85_15.80_15.75_15.70_,1444_1332_1253_1645_896_
13:19:33,15.90,65,63907,15.95_16.00_16.05_16.10_16.15_,759_1656_2469_4647_2637_,15.90_15.85_15.80_15.75_15.70_,1401_1332_1252_1645_897_
13:19:38,15.95,7,63914,15.95_16.00_16.05_16.10_16.15_,756_1657_2469_4647_2637_,15.90_15.85_15.80_15.75_15.70_,1412_1332_1252_1645_897_
13:19:43,15.95,7,63914,15.95_16.00_16.05_16.10_16.15_,760_1657_2469_4647_2637_,15.90_15.85_15.80_15.75_15.70_,1407_1332_1252_1645_897_
13:19:48,15.95,23,63937,15.95_16.00_16.05_16.10_16.15_,721_1657_2469_4647_2637_,15.90_15.85_15.80_15.75_15.70_,1402_1332_1262_1645_895_
13:19:53,15.95,81,64018,15.95_16.00_16.05_16.10_16.15_,658_1657_2469_4647_2637_,15.90_15.85_15.80_15.75_15.70_,1356_1334_1262_1645_895_
13:19:58,15.90,25,64043,15.95_16.00_16.05_16.10_16.15_,753_1657_2469_4647_2627_,15.90_15.85_15.80_15.75_15.70_,1343_1334_1262_1647_895_
13:20:09,15.90,6,64080,15.95_16.00_16.05_16.10_16.15_,731_1607_2469_4647_2677_,15.90_15.85_15.80_15.75_15.70_,1351_1334_1262_1647_895_
13:20:14,15.90,4,64084,15.95_16.00_16.05_16.10_16.15_,768_1657_2470_4637_2627_,15.90_15.85_15.80_15.75_15.70_,1348_1334_1262_1647_895_
13:20:19,15.90,2,64086,15.95_16.00_16.05_16.10_16.15_,769_1657_2469_4636_2627_,15.90_15.85_15.80_15.75_15.70_,1346_1334_1263_1647_895_
13:20:24,15.95,16,64102,15.95_16.00_16.05_16.10_16.15_,671_1623_2469_4636_2627_,15.90_15.85_15.80_15.75_15.70_,1347_1334_1263_1647_895_
13:20:29,15.90,11,64113,15.95_16.00_16.05_16.10_16.15_,671_1633_2469_4636_2627_,15.90_15.85_15.80_15.75_15.70_,1342_1334_1263_1647_895_
13:20:34,15.90,11,64113,15.95_16.00_16.05_16.10_16.15_,671_1633_2468_4636_2627_,15.90_15.85_15.80_15.75_15.70_,1347_1334_1263_1647_895_
13:20:39,15.90,2,64115,15.95_16.00_16.05_16.10_16.15_,671_1633_2468_4637_2627_,15.90_15.85_15.80_15.75_15.70_,1352_1334_1323_1647_895_
13:20:45,15.90,22,64137,15.95_16.00_16.05_16.10_16.15_,668_1729_2468_4637_2627_,15.90_15.85_15.80_15.75_15.70_,1330_1334_1323_1648_895_
13:20:50,15.90,3,64140,15.95_16.00_16.05_16.10_16.15_,669_1729_2468_4637_2627_,15.90_15.85_15.80_15.75_15.70_,1457_1334_1323_1648_895_
13:20:55,15.90,102,64242,15.95_16.00_16.05_16.10_16.15_,680_1729_2458_4637_2625_,15.90_15.85_15.80_15.75_15.70_,1355_1334_1323_1648_895_
13:21:00,15.95,13,64255,15.95_16.00_16.05_16.10_16.15_,684_1730_2458_4637_2625_,15.90_15.85_15.80_15.75_15.70_,1356_1334_1333_1648_895_
13:21:05,15.90,65,64320,15.95_16.00_16.05_16.10_16.15_,679_1660_2458_4607_2625_,15.90_15.85_15.80_15.75_15.70_,1297_1334_1333_1648_895_
13:21:10,15.95,16,64336,15.95_16.00_16.05_16.10_16.15_,677_1660_2458_4607_2623_,15.90_15.85_15.80_15.75_15.70_,1297_1334_1333_1647_895_
13:21:15,15.95,7,64343,15.95_16.00_16.05_16.10_16.15_,685_1674_2458_4607_2623_,15.90_15.85_15.80_15.75_15.70_,1297_1324_1334_1647_895_
13:21:20,15.90,2,64345,15.95_16.00_16.05_16.10_16.15_,686_1674_2458_4607_2623_,15.90_15.85_15.80_15.75_15.70_,1307_1324_1334_1647_895_
13:21:31,15.90,1,64346,15.95_16.00_16.05_16.10_16.15_,798_1694_2458_4607_2623_,15.90_15.85_15.80_15.75_15.70_,1260_1324_1334_1693_892_
13:21:36,15.95,7,64353,15.95_16.00_16.05_16.10_16.15_,802_1691_2458_4607_2623_,15.90_15.85_15.80_15.75_15.70_,1261_1324_1334_1693_892_
13:21:41,15.90,3,64356,15.95_16.00_16.05_16.10_16.15_,840_1691_2458_4607_2623_,15.90_15.85_15.80_15.75_15.70_,1258_1314_1334_1693_897_
13:21:46,15.95,35,64391,15.95_16.00_16.05_16.10_16.15_,828_1691_2458_4607_2623_,15.90_15.85_15.80_15.75_15.70_,1227_1312_1323_1693_897_
13:21:51,15.90,5,64396,15.95_16.00_16.05_16.10_16.15_,828_1681_2458_4607_2623_,15.90_15.85_15.80_15.75_15.70_,1224_1312_1323_1693_897_
13:21:56,15.90,6,64402,15.95_16.00_16.05_16.10_16.15_,829_1678_2456_4607_2623_,15.90_15.85_15.80_15.75_15.70_,1227_1312_1323_1693_897_
13:22:01,15.90,17,64419,15.95_16.00_16.05_16.10_16.15_,832_1678_2456_4607_2623_,15.90_15.85_15.80_15.75_15.70_,1212_1312_1325_1693_897_
13:22:12,15.95,15,64468,15.95_16.00_16.05_16.10_16.15_,840_1669_2456_4607_2623_,15.90_15.85_15.80_15.75_15.70_,1194_1312_1325_1693_895_
13:22:17,15.95,13,64481,15.95_16.00_16.05_16.10_16.15_,796_1663_2456_4607_2623_,15.90_15.85_15.80_15.75_15.70_,1183_1312_1325_1694_895_
13:22:22,15.90,2,64483,15.95_16.00_16.05_16.10_16.15_,811_1713_2456_4602_2623_,15.90_15.85_15.80_15.75_15.70_,1186_1312_1375_1694_895_
13:22:27,15.90,23,64506,15.95_16.00_16.05_16.10_16.15_,790_1713_2456_4602_2623_,15.90_15.85_15.80_15.75_15.70_,1177_1315_1375_1694_895_
13:22:32,15.90,2,64508,15.95_16.00_16.05_16.10_16.15_,790_1713_2456_4602_2623_,15.90_15.85_15.80_15.75_15.70_,1176_1315_1375_1694_895_
13:22:37,15.90,14,64522,15.95_16.00_16.05_16.10_16.15_,815_1713_2456_4597_2623_,15.90_15.85_15.80_15.75_15.70_,1169_1310_1375_1694_895_
13:22:47,15.95,17,64557,15.95_16.00_16.05_16.10_16.15_,779_1723_2446_4597_2623_,15.90_15.85_15.80_15.75_15.70_,1157_1309_1375_1694_895_
13:22:53,15.95,17,64574,15.95_16.00_16.05_16.10_16.15_,763_1733_2446_4600_2623_,15.90_15.85_15.80_15.75_15.70_,1157_1308_1375_1694_895_
13:22:58,15.90,24,64598,15.95_16.00_16.05_16.10_16.15_,689_1733_2445_4600_2623_,15.90_15.85_15.80_15.75_15.70_,1140_1308_1375_1694_895_
13:23:03,15.90,1,64599,15.95_16.00_16.05_16.10_16.15_,741_1732_2443_4600_2623_,15.90_15.85_15.80_15.75_15.70_,1145_1308_1375_1694_895_
13:23:08,15.95,5,64604,15.95_16.00_16.05_16.10_16.15_,688_1733_2443_4599_2623_,15.90_15.85_15.80_15.75_15.70_,1155_1308_1374_1694_895_
13:23:13,15.90,17,64621,15.95_16.00_16.05_16.10_16.15_,723_1733_2443_4599_2623_,15.90_15.85_15.80_15.75_15.70_,1188_1308_1374_1694_895_
13:23:18,15.95,25,64646,15.95_16.00_16.05_16.10_16.15_,726_1733_2443_4599_2623_,15.90_15.85_15.80_15.75_15.70_,1192_1308_1374_1684_895_
13:23:23,15.90,19,64665,15.95_16.00_16.05_16.10_16.15_,691_1733_2443_4599_2623_,15.90_15.85_15.80_15.75_15.70_,1160_1308_1374_1684_895_
13:23:28,15.95,17,64682,15.95_16.00_16.05_16.10_16.15_,676_1733_2443_4598_2623_,15.90_15.85_15.80_15.75_15.70_,1168_1308_1374_1684_895_
13:23:33,15.90,30,64712,15.95_16.00_16.05_16.10_16.15_,678_1733_2443_4598_2623_,15.90_15.85_15.80_15.75_15.70_,1132_1303_1374_1684_895_
13:23:39,15.95,8,64720,15.95_16.00_16.05_16.10_16.15_,676_1733_2443_4598_2623_,15.90_15.85_15.80_15.75_15.70_,1128_1303_1374_1684_897_
13:23:44,15.95,7,64727,15.95_16.00_16.05_16.10_16.15_,671_1733_2443_4598_2623_,15.90_15.85_15.80_15.75_15.70_,1128_1303_1374_1684_897_
13:23:49,15.90,7,64734,15.95_16.00_16.05_16.10_16.15_,671_1684_2443_4598_2623_,15.90_15.85_15.80_15.75_15.70_,1123_1303_1384_1679_898_
13:23:54,15.90,17,64751,15.95_16.00_16.05_16.10_16.15_,677_1678_2443_4598_2623_,15.90_15.85_15.80_15.75_15.70_,1107_1303_1364_1679_898_
13:23:59,15.90,9,64760,15.95_16.00_16.05_16.10_16.15_,670_1678_2433_4598_2622_,15.90_15.85_15.80_15.75_15.70_,1100_1303_1364_1679_898_
13:24:04,15.90,28,64788,15.95_16.00_16.05_16.10_16.15_,660_1728_2378_4598_2622_,15.90_15.85_15.80_15.75_15.70_,1078_1248_1364_1679_898_
13:24:09,15.90,20,64808,15.95_16.00_16.05_16.10_16.15_,659_1737_2378_4691_2725_,15.90_15.85_15.80_15.75_15.70_,1069_1248_1364_1782_1021_
13:24:15,15.95,1,64809,15.95_16.00_16.05_16.10_16.15_,658_1738_2376_4688_2725_,15.90_15.85_15.80_15.75_15.70_,1069_1248_1364_1782_1021_
13:24:20,15.95,1,64809,15.95_16.00_16.05_16.10_16.15_,658_1738_2376_4688_2725_,15.90_15.85_15.80_15.75_15.70_,1084_1249_1364_1782_1021_
13:24:25,15.95,1,64809,15.95_16.00_16.05_16.10_16.15_,663_1733_2376_4688_2725_,15.90_15.85_15.80_15.75_15.70_,1089_1249_1364_1782_1021_
13:24:30,15.90,25,64834,15.95_16.00_16.05_16.10_16.15_,674_1733_2376_4688_2725_,15.90_15.85_15.80_15.75_15.70_,1064_1249_1364_1782_1021_
13:24:35,15.95,18,64852,15.95_16.00_16.05_16.10_16.15_,667_1732_2376_4689_2725_,15.90_15.85_15.80_15.75_15.70_,1058_1249_1360_1782_1021_
13:24:40,15.90,10,64862,15.95_16.00_16.05_16.10_16.15_,658_1732_2376_4689_2725_,15.90_15.85_15.80_15.75_15.70_,1048_1249_1360_1782_1021_
13:24:45,15.90,4,64866,15.95_16.00_16.05_16.10_16.15_,652_1736_2376_4688_2725_,15.90_15.85_15.80_15.75_15.70_,1044_1249_1360_1782_1021_
13:24:51,15.90,5,64871,15.95_16.00_16.05_16.10_16.15_,623_1636_2326_4647_2706_,15.90_15.85_15.80_15.75_15.70_,1039_1200_1310_1728_1026_
13:24:56,15.90,84,64955,15.95_16.00_16.05_16.10_16.15_,623_1636_2327_4637_2706_,15.90_15.85_15.80_15.75_15.70_,956_1200_1312_1728_1026_
13:25:00,15.90,84,64955,15.95_,0_,15.90_,0_
13:25:06,15.90,84,64955,15.95_,0_,15.90_,0_
13:25:11,15.90,84,64955,15.95_,0_,15.90_,0_
13:25:16,15.90,84,64955,15.95_,0_,15.90_,0_
13:25:21,15.90,84,64955,15.90_,0_,15.85_,0_
13:25:26,15.90,84,64955,15.90_,0_,15.85_,0_
13:25:31,15.90,84,64955,15.90_,0_,15.80_,0_
13:25:36,15.90,84,64955,15.90_,0_,15.80_,0_
13:25:42,15.90,84,64955,15.90_,0_,15.80_,0_
13:25:47,15.90,84,64955,15.90_,0_,15.80_,0_
13:25:52,15.90,84,64955,15.85_,0_,15.80_,0_
13:25:57,15.90,84,64955,15.85_,0_,15.80_,0_
13:26:02,15.90,84,64955,15.85_,0_,15.80_,0_
13:26:07,15.90,84,64955,15.85_,0_,15.80_,0_
13:26:12,15.90,84,64955,15.85_,0_,15.80_,0_
13:26:17,15.90,84,64955,15.85_,0_,15.80_,0_
13:26:23,15.90,84,64955,15.85_,0_,15.80_,0_
13:26:28,15.90,84,64955,15.85_,0_,15.80_,0_
13:26:33,15.90,84,64955,15.85_,0_,15.80_,0_
13:26:38,15.90,84,64955,15.85_,0_,15.80_,0_
13:26:43,15.90,84,64955,15.85_,0_,15.80_,0_
13:26:48,15.90,84,64955,15.85_,0_,15.80_,0_
13:26:53,15.90,84,64955,15.85_,0_,15.80_,0_
13:26:58,15.90,84,64955,15.85_,0_,15.80_,0_
13:27:04,15.90,84,64955,15.85_,0_,15.80_,0_
13:27:09,15.90,84,64955,15.85_,0_,15.80_,0_
13:27:14,15.90,84,64955,15.85_,0_,15.80_,0_
13:27:19,15.90,84,64955,15.85_,0_,15.80_,0_
13:27:24,15.90,84,64955,15.85_,0_,15.80_,0_
13:27:29,15.90,84,64955,15.85_,0_,15.80_,0_
13:27:34,15.90,84,64955,15.85_,0_,15.80_,0_
13:27:39,15.90,84,64955,15.85_,0_,15.80_,0_
13:27:45,15.90,84,64955,15.85_,0_,15.80_,0_
13:27:50,15.90,84,64955,15.85_,0_,15.80_,0_
13:27:55,15.90,84,64955,15.85_,0_,15.80_,0_
13:28:00,15.90,84,64955,15.85_,0_,15.80_,0_
13:28:05,15.90,84,64955,15.85_,0_,15.80_,0_
13:28:10,15.90,84,64955,15.85_,0_,15.80_,0_
13:28:15,15.90,84,64955,15.85_,0_,15.80_,0_
13:28:20,15.90,84,64955,15.85_,0_,15.80_,0_
13:28:26,15.90,84,64955,15.85_,0_,15.80_,0_
13:28:31,15.90,84,64955,15.85_,0_,15.80_,0_
13:28:36,15.90,84,64955,15.85_,0_,15.80_,0_
13:28:41,15.90,84,64955,15.85_,0_,15.80_,0_
13:28:46,15.90,84,64955,15.85_,0_,15.80_,0_
13:28:51,15.90,84,64955,15.85_,0_,15.80_,0_
13:28:56,15.90,84,64955,15.85_,0_,15.80_,0_
13:29:01,15.90,84,64955,15.85_,0_,15.80_,0_
13:29:06,15.90,84,64955,15.85_,0_,15.80_,0_
13:29:12,15.90,84,64955,15.85_,0_,15.80_,0_
13:29:17,15.90,84,64955,15.85_,0_,15.80_,0_
13:29:22,15.90,84,64955,15.85_,0_,15.80_,0_
13:29:27,15.90,84,64955,15.85_,0_,15.80_,0_
13:29:32,15.90,84,64955,15.85_,0_,15.80_,0_
13:29:37,15.90,84,64955,15.85_,0_,15.80_,0_
13:29:42,15.90,84,64955,15.85_,0_,15.80_,0_
13:29:47,15.90,84,64955,15.85_,0_,15.80_,0_
13:29:52,15.90,84,64955,15.85_,0_,15.80_,0_
13:29:58,15.90,84,64955,15.85_,0_,15.80_,0_
13:30:00,15.80,7241,72196,15.85_15.90_15.95_16.00_16.05_,20_161_609_1622_4508_,15.80_15.75_15.70_15.65_15.60_,3078_3659_2907_1940_2192_
