09:01:08,18.10,2,143,18.10_18.15_18.20_18.25_18.30_,89_303_268_463_829_,18.05_18.00_17.95_17.90_17.85_,15_925_266_321_249_
09:01:34,18.00,2,164,18.05_18.10_18.15_18.20_18.25_,20_86_718_667_391_,18.00_17.95_17.90_17.85_17.80_,951_266_299_587_173_
09:01:44,18.00,2,176,18.05_18.10_18.15_18.20_18.25_,13_85_873_429_391_,18.00_17.95_17.90_17.85_17.80_,949_266_299_587_173_
09:01:49,18.00,1,177,18.05_18.10_18.15_18.20_18.25_,15_85_684_667_391_,18.00_17.95_17.90_17.85_17.80_,949_266_298_587_173_
09:01:54,18.00,2,179,18.05_18.10_18.15_18.20_18.25_,14_85_684_667_391_,18.00_17.95_17.90_17.85_17.80_,948_266_298_587_173_
09:02:00,18.00,3,182,18.05_18.10_18.15_18.20_18.25_,13_81_685_667_391_,18.00_17.95_17.90_17.85_17.80_,945_266_300_587_173_
09:02:05,18.00,1,183,18.05_18.10_18.15_18.20_18.25_,13_81_685_667_391_,18.00_17.95_17.90_17.85_17.80_,944_266_300_587_173_
09:02:10,18.00,1,183,18.05_18.10_18.15_18.20_18.25_,13_81_686_667_391_,18.00_17.95_17.90_17.85_17.80_,945_266_300_587_173_
09:03:17,18.00,44,1128,18.05_18.10_18.15_18.20_18.25_,57_82_850_474_401_,18.00_17.95_17.90_17.85_17.80_,13_259_301_587_174_
09:03:22,17.95,17,1145,18.00_18.05_18.10_18.15_18.20_,45_55_70_850_474_,17.95_17.90_17.85_17.80_17.75_,255_301_587_174_163_
09:03:27,17.95,7,1152,18.00_18.05_18.10_18.15_18.20_,267_46_424_640_240_,17.95_17.90_17.85_17.80_17.75_,248_290_249_502_174_
09:03:37,17.95,95,1371,18.00_18.05_18.10_18.15_18.20_,312_54_424_640_170_,17.95_17.90_17.85_17.80_17.75_,45_290_249_503_175_
09:03:42,17.95,46,1417,17.95_18.00_18.05_18.10_18.15_,77_312_44_424_640_,17.90_17.85_17.80_17.75_17.70_,290_264_503_175_177_
09:03:52,17.90,81,1528,17.95_18.00_18.05_18.10_18.15_,41_124_463_484_213_,17.90_17.85_17.80_17.75_17.70_,182_253_190_517_188_
09:03:58,17.90,12,1540,17.95_18.00_18.05_18.10_18.15_,43_131_462_484_213_,17.90_17.85_17.80_17.75_17.70_,170_253_191_517_203_
09:04:03,17.95,62,1602,17.95_18.00_18.05_18.10_18.15_,8_116_459_484_213_,17.90_17.85_17.80_17.75_17.70_,172_259_191_517_203_
09:04:18,17.95,3,1621,17.95_18.00_18.05_18.10_18.15_,22_81_451_447_146_,17.90_17.85_17.80_17.75_17.70_,433_570_192_506_192_
09:04:54,18.00,5,1694,18.00_18.05_18.10_18.15_18.20_,25_35_675_354_170_,17.95_17.90_17.85_17.80_17.75_,25_486_577_528_179_
09:05:50,18.00,1,1722,18.05_18.10_18.15_18.20_18.25_,32_86_662_978_403_,18.00_17.95_17.90_17.85_17.80_,3_76_696_918_189_
09:05:55,18.00,1,1722,18.05_18.10_18.15_18.20_18.25_,32_86_662_978_403_,18.00_17.95_17.90_17.85_17.80_,21_67_697_918_189_
09:06:00,18.00,1,1722,18.05_18.10_18.15_18.20_18.25_,32_86_662_978_403_,18.00_17.95_17.90_17.85_17.80_,22_73_698_914_190_
09:06:11,18.00,1,1722,18.05_18.10_18.15_18.20_18.25_,42_86_662_978_403_,18.00_17.95_17.90_17.85_17.80_,3_75_698_914_190_
09:08:24,18.05,8,1809,18.05_18.10_18.15_18.20_18.25_,7_86_879_769_403_,18.00_17.95_17.90_17.85_17.80_,7_312_758_930_200_
09:08:29,18.05,8,1809,18.05_18.10_18.15_18.20_18.25_,7_86_883_904_403_,18.00_17.95_17.90_17.85_17.80_,7_312_760_930_200_
09:08:34,18.05,8,1809,18.05_18.10_18.15_18.20_18.25_,7_86_883_904_403_,18.00_17.95_17.90_17.85_17.80_,7_312_761_930_200_
09:08:39,18.05,8,1809,18.05_18.10_18.15_18.20_18.25_,7_86_884_904_403_,18.00_17.95_17.90_17.85_17.80_,7_312_761_930_200_
09:09:26,18.00,1,1815,18.05_18.10_18.15_18.20_18.25_,24_87_855_814_405_,18.00_17.95_17.90_17.85_17.80_,69_287_761_934_200_
09:09:31,18.00,1,1815,18.05_18.10_18.15_18.20_18.25_,24_88_856_816_405_,18.00_17.95_17.90_17.85_17.80_,69_287_761_934_200_
09:09:57,18.00,1,1828,18.05_18.10_18.15_18.20_18.25_,43_88_856_816_405_,18.00_17.95_17.90_17.85_17.80_,62_305_764_934_200_
09:10:02,18.00,1,1828,18.05_18.10_18.15_18.20_18.25_,43_88_856_816_405_,18.00_17.95_17.90_17.85_17.80_,67_305_764_934_200_
09:11:39,18.00,3,1960,18.00_18.05_18.10_18.15_18.20_,200_156_716_372_577_,17.95_17.90_17.85_17.80_17.75_,635_765_592_575_188_
09:11:49,17.95,4,1972,18.00_18.05_18.10_18.15_18.20_,194_155_716_372_577_,17.95_17.90_17.85_17.80_17.75_,630_765_592_575_188_
09:11:54,18.00,8,1980,18.00_18.05_18.10_18.15_18.20_,190_155_716_372_577_,17.95_17.90_17.85_17.80_17.75_,631_765_592_575_188_
09:12:15,18.00,7,1996,18.00_18.05_18.10_18.15_18.20_,189_155_716_372_577_,17.95_17.90_17.85_17.80_17.75_,631_755_592_575_188_
09:12:25,17.95,22,2100,18.00_18.05_18.10_18.15_18.20_,193_155_716_372_577_,17.95_17.90_17.85_17.80_17.75_,534_756_592_576_188_
09:13:47,18.00,2,2132,18.00_18.05_18.10_18.15_18.20_,169_156_718_372_583_,17.95_17.90_17.85_17.80_17.75_,534_756_593_578_189_
09:17:02,18.00,114,2389,18.05_18.10_18.15_18.20_18.25_,153_729_372_588_402_,18.00_17.95_17.90_17.85_17.80_,89_605_794_612_582_
09:17:12,18.00,6,2405,18.05_18.10_18.15_18.20_18.25_,140_113_828_822_413_,18.00_17.95_17.90_17.85_17.80_,91_616_794_947_224_
09:17:17,18.00,1,2406,18.05_18.10_18.15_18.20_18.25_,139_112_828_841_413_,18.00_17.95_17.90_17.85_17.80_,96_577_799_947_224_
09:17:22,18.05,3,2409,18.05_18.10_18.15_18.20_18.25_,136_112_828_842_413_,18.00_17.95_17.90_17.85_17.80_,105_571_799_947_224_
09:18:54,18.05,1,2453,18.05_18.10_18.15_18.20_18.25_,184_94_875_797_415_,18.00_17.95_17.90_17.85_17.80_,199_571_795_947_227_
09:19:00,18.05,1,2453,18.05_18.10_18.15_18.20_18.25_,184_94_875_797_415_,18.00_17.95_17.90_17.85_17.80_,189_571_795_947_227_
09:19:10,18.05,1,2453,18.05_18.10_18.15_18.20_18.25_,201_95_1064_608_415_,18.00_17.95_17.90_17.85_17.80_,189_571_745_947_227_
09:19:46,18.00,1,2455,18.05_18.10_18.15_18.20_18.25_,200_95_1064_608_415_,18.00_17.95_17.90_17.85_17.80_,189_585_695_864_212_
09:19:51,18.00,1,2455,18.05_18.10_18.15_18.20_18.25_,200_95_1064_608_416_,18.00_17.95_17.90_17.85_17.80_,189_585_695_864_212_
09:19:56,18.05,3,2458,18.05_18.10_18.15_18.20_18.25_,197_95_1064_608_416_,18.00_17.95_17.90_17.85_17.80_,189_605_695_864_212_
09:20:01,18.00,10,2468,18.05_18.10_18.15_18.20_18.25_,197_95_875_807_416_,18.00_17.95_17.90_17.85_17.80_,179_605_695_864_212_
09:20:06,18.00,24,2492,18.05_18.10_18.15_18.20_18.25_,181_95_810_852_415_,18.00_17.95_17.90_17.85_17.80_,158_605_695_864_212_
09:22:50,18.00,1,2743,18.00_18.05_18.10_18.15_18.20_,163_188_715_372_600_,17.95_17.90_17.85_17.80_17.75_,555_731_530_574_182_
09:23:06,18.00,1,2743,18.00_18.05_18.10_18.15_18.20_,163_188_715_372_600_,17.95_17.90_17.85_17.80_17.75_,561_731_530_574_182_
09:23:21,18.00,1,2744,18.00_18.05_18.10_18.15_18.20_,162_188_715_372_600_,17.95_17.90_17.85_17.80_17.75_,764_733_530_574_182_
09:27:17,17.95,2,2896,18.00_18.05_18.10_18.15_18.20_,201_191_699_400_600_,17.95_17.90_17.85_17.80_17.75_,1042_888_542_568_182_
09:27:27,18.00,1,2897,18.00_18.05_18.10_18.15_18.20_,200_191_699_400_600_,17.95_17.90_17.85_17.80_17.75_,1043_888_542_568_182_
09:27:32,18.00,1,2897,18.00_18.05_18.10_18.15_18.20_,200_191_705_374_600_,17.95_17.90_17.85_17.80_17.75_,1048_888_542_568_182_
09:27:37,18.00,1,2897,18.00_18.05_18.10_18.15_18.20_,200_191_705_374_600_,17.95_17.90_17.85_17.80_17.75_,1053_888_542_568_182_
09:28:18,18.00,1,2903,18.00_18.05_18.10_18.15_18.20_,202_191_705_374_600_,17.95_17.90_17.85_17.80_17.75_,1073_889_542_568_182_
09:28:28,18.00,10,2914,18.00_18.05_18.10_18.15_18.20_,193_191_699_400_600_,17.95_17.90_17.85_17.80_17.75_,1072_890_542_568_182_
09:30:21,18.00,5,3038,18.00_18.05_18.10_18.15_18.20_,105_190_727_374_606_,17.95_17.90_17.85_17.80_17.75_,1030_927_524_568_187_
09:31:54,18.05,5,3267,18.05_18.10_18.15_18.20_18.25_,79_151_876_822_815_,18.00_17.95_17.90_17.85_17.80_,74_992_947_876_220_
09:32:45,18.00,2,3284,18.05_18.10_18.15_18.20_18.25_,94_165_809_867_815_,18.00_17.95_17.90_17.85_17.80_,96_1400_950_876_223_
09:33:05,18.00,2,3284,18.05_18.10_18.15_18.20_18.25_,107_166_855_867_815_,18.00_17.95_17.90_17.85_17.80_,113_1430_946_876_223_
09:33:11,18.00,2,3284,18.05_18.10_18.15_18.20_18.25_,122_166_855_867_815_,18.00_17.95_17.90_17.85_17.80_,113_1430_946_876_223_
09:33:16,18.00,2,3284,18.05_18.10_18.15_18.20_18.25_,136_152_855_867_815_,18.00_17.95_17.90_17.85_17.80_,118_1430_946_876_223_
09:33:26,18.00,1,3290,18.05_18.10_18.15_18.20_18.25_,132_152_920_822_815_,18.00_17.95_17.90_17.85_17.80_,123_1430_949_876_224_
09:33:31,18.00,1,3291,18.05_18.10_18.15_18.20_18.25_,132_163_855_867_804_,18.00_17.95_17.90_17.85_17.80_,111_1433_949_887_224_
09:39:09,18.10,3,3733,18.10_18.15_18.20_18.25_18.30_,57_261_1746_832_958_,18.05_18.00_17.95_17.90_17.85_,165_327_1411_1317_515_
09:41:02,18.10,40,3868,18.15_18.20_18.25_18.30_18.35_,296_910_1919_990_257_,18.10_18.05_18.00_17.95_17.90_,57_138_325_1754_938_
09:41:07,18.10,19,3887,18.15_18.20_18.25_18.30_18.35_,319_910_1919_990_257_,18.10_18.05_18.00_17.95_17.90_,36_148_325_1754_938_
09:41:13,18.10,1,3888,18.15_18.20_18.25_18.30_18.35_,320_910_1919_990_257_,18.10_18.05_18.00_17.95_17.90_,57_152_325_1754_938_
09:41:18,18.10,3,3891,18.15_18.20_18.25_18.30_18.35_,321_910_1919_990_257_,18.10_18.05_18.00_17.95_17.90_,45_162_325_1756_938_
09:41:23,18.10,1,3892,18.15_18.20_18.25_18.30_18.35_,321_909_1919_990_257_,18.10_18.05_18.00_17.95_17.90_,34_162_327_1756_938_
09:42:14,18.10,1,3897,18.15_18.20_18.25_18.30_18.35_,309_908_1919_1002_257_,18.10_18.05_18.00_17.95_17.90_,44_192_728_1757_940_
09:43:26,18.05,2,3945,18.15_18.20_18.25_18.30_18.35_,321_912_1928_1001_257_,18.05_18.00_17.95_17.90_17.85_,194_744_1757_947_486_
09:43:57,18.05,2,3945,18.10_18.15_18.20_18.25_18.30_,58_382_1476_1066_976_,18.05_18.00_17.95_17.90_17.85_,214_735_1394_1328_486_
09:44:02,18.10,20,3965,18.10_18.15_18.20_18.25_18.30_,39_381_1476_1066_977_,18.05_18.00_17.95_17.90_17.85_,214_735_1394_1338_486_
09:44:17,18.05,1,3972,18.10_18.15_18.20_18.25_18.30_,50_341_1486_1073_977_,18.05_18.00_17.95_17.90_17.85_,207_735_1394_1338_486_
09:44:43,18.05,1,3972,18.10_18.15_18.20_18.25_18.30_,52_341_1486_1073_977_,18.05_18.00_17.95_17.90_17.85_,207_735_1401_1338_486_
09:44:58,18.05,1,3972,18.10_18.15_18.20_18.25_18.30_,52_341_1486_1073_977_,18.05_18.00_17.95_17.90_17.85_,207_735_1401_1339_486_
09:45:49,18.05,2,3992,18.10_18.15_18.20_18.25_18.30_,42_343_1700_839_977_,18.05_18.00_17.95_17.90_17.85_,266_753_1401_1339_486_
09:46:51,18.10,1,4026,18.10_18.15_18.20_18.25_18.30_,38_343_1480_1073_978_,18.05_18.00_17.95_17.90_17.85_,341_737_1401_1339_487_
09:48:38,18.10,1,4094,18.15_18.20_18.25_18.30_18.35_,271_910_1893_1020_267_,18.10_18.05_18.00_17.95_17.90_,201_303_700_1778_986_
09:50:31,18.10,2,4173,18.15_18.20_18.25_18.30_18.35_,268_909_1893_1077_267_,18.10_18.05_18.00_17.95_17.90_,122_303_713_1778_956_
09:50:36,18.10,2,4173,18.15_18.20_18.25_18.30_18.35_,268_909_1893_1077_267_,18.10_18.05_18.00_17.95_17.90_,134_303_714_1778_956_
09:51:43,18.10,1,4176,18.15_18.20_18.25_18.30_18.35_,280_909_1898_1077_267_,18.10_18.05_18.00_17.95_17.90_,217_300_686_1778_968_
09:51:53,18.15,5,4181,18.15_18.20_18.25_18.30_18.35_,275_909_1898_1077_267_,18.10_18.05_18.00_17.95_17.90_,217_300_686_1778_968_
09:52:45,18.10,20,4210,18.15_18.20_18.25_18.30_18.35_,283_912_1897_1077_269_,18.10_18.05_18.00_17.95_17.90_,151_315_686_1778_969_
09:52:55,18.10,5,4215,18.15_18.20_18.25_18.30_18.35_,284_912_1897_1077_269_,18.10_18.05_18.00_17.95_17.90_,171_315_686_1778_969_
09:53:00,18.10,1,4216,18.15_18.20_18.25_18.30_18.35_,284_912_1897_1077_269_,18.10_18.05_18.00_17.95_17.90_,170_315_686_1778_969_
09:53:05,18.10,1,4216,18.15_18.20_18.25_18.30_18.35_,284_912_1897_1077_269_,18.10_18.05_18.00_17.95_17.90_,170_300_686_1778_969_
09:53:15,18.10,1,4216,18.15_18.20_18.25_18.30_18.35_,284_912_1897_1077_269_,18.10_18.05_18.00_17.95_17.90_,170_300_686_1778_970_
09:53:21,18.10,1,4216,18.15_18.20_18.25_18.30_18.35_,284_915_1897_1077_269_,18.10_18.05_18.00_17.95_17.90_,170_300_686_1778_972_
09:53:26,18.10,1,4216,18.15_18.20_18.25_18.30_18.35_,284_916_1897_1078_269_,18.10_18.05_18.00_17.95_17.90_,170_300_686_1778_972_
09:54:58,18.05,9,4395,18.15_18.20_18.25_18.30_18.35_,319_1003_1897_1068_269_,18.05_18.00_17.95_17.90_17.85_,292_690_1783_976_485_
09:55:59,18.05,1,4443,18.10_18.15_18.20_18.25_18.30_,44_309_1432_1082_1058_,18.05_18.00_17.95_17.90_17.85_,239_695_1407_1370_485_
09:56:15,18.05,1,4443,18.10_18.15_18.20_18.25_18.30_,44_309_1432_1082_1058_,18.05_18.00_17.95_17.90_17.85_,239_695_1427_1370_485_
09:56:46,18.10,5,4448,18.10_18.15_18.20_18.25_18.30_,44_297_1686_848_1058_,18.05_18.00_17.95_17.90_17.85_,215_700_1427_1370_485_
09:57:21,18.05,1,4492,18.10_18.15_18.20_18.25_18.30_,141_297_1432_1082_1058_,18.05_18.00_17.95_17.90_17.85_,192_702_1427_1370_485_
09:57:32,18.05,1,4492,18.10_18.15_18.20_18.25_18.30_,141_297_1432_1082_1059_,18.05_18.00_17.95_17.90_17.85_,192_702_1427_1360_485_
09:58:08,18.05,1,4492,18.10_18.15_18.20_18.25_18.30_,113_298_1500_1037_1059_,18.05_18.00_17.95_17.90_17.85_,191_702_1427_1360_485_
09:59:35,18.05,6,4505,18.10_18.15_18.20_18.25_18.30_,135_297_1700_849_1058_,18.05_18.00_17.95_17.90_17.85_,209_732_1427_1364_485_
10:00:26,18.05,4,4601,18.10_18.15_18.20_18.25_18.30_,212_323_1712_838_1058_,18.05_18.00_17.95_17.90_17.85_,98_755_1439_1353_485_
10:00:31,18.05,57,4658,18.10_18.15_18.20_18.25_18.30_,211_323_1712_838_1058_,18.05_18.00_17.95_17.90_17.85_,41_755_1439_1353_485_
10:00:47,18.00,18,4747,18.05_18.10_18.15_18.20_18.25_,117_268_820_1042_817_,18.00_17.95_17.90_17.85_17.80_,720_1439_970_870_238_
10:01:07,18.00,2,4763,18.05_18.10_18.15_18.20_18.25_,115_262_773_1042_817_,18.00_17.95_17.90_17.85_17.80_,675_1439_969_870_238_
10:06:15,18.00,2,4925,18.05_18.10_18.15_18.20_18.25_,62_206_812_1015_817_,18.00_17.95_17.90_17.85_17.80_,689_1479_1048_894_242_
10:06:30,18.00,2,4925,18.05_18.10_18.15_18.20_18.25_,62_209_812_1015_817_,18.00_17.95_17.90_17.85_17.80_,689_1479_1048_894_242_
10:08:13,18.00,6,5054,18.05_18.10_18.15_18.20_18.25_,239_199_787_1015_817_,18.00_17.95_17.90_17.85_17.80_,603_1450_1051_894_242_
10:11:53,18.05,10,5217,18.05_18.10_18.15_18.20_18.25_,208_153_995_783_833_,18.00_17.95_17.90_17.85_17.80_,446_1454_1160_892_243_
10:12:03,18.05,1,5218,18.05_18.10_18.15_18.20_18.25_,207_154_995_783_833_,18.00_17.95_17.90_17.85_17.80_,446_1454_1160_892_243_
10:12:14,18.05,1,5218,18.05_18.10_18.15_18.20_18.25_,213_155_995_782_833_,18.00_17.95_17.90_17.85_17.80_,446_1454_1160_892_243_
10:12:24,18.05,1,5218,18.05_18.10_18.15_18.20_18.25_,213_155_995_781_833_,18.00_17.95_17.90_17.85_17.80_,446_1454_1260_893_243_
10:13:51,18.00,1,5239,18.05_18.10_18.15_18.20_18.25_,225_156_781_1015_833_,18.00_17.95_17.90_17.85_17.80_,449_1454_1261_893_245_
10:14:06,18.00,6,5252,18.05_18.10_18.15_18.20_18.25_,175_156_781_1015_1233_,18.00_17.95_17.90_17.85_17.80_,436_1454_1261_893_245_
10:14:52,18.00,1,5338,18.05_18.10_18.15_18.20_18.25_,136_165_781_1015_1233_,18.00_17.95_17.90_17.85_17.80_,370_1454_1261_893_247_
10:15:33,18.05,1,5339,18.05_18.10_18.15_18.20_18.25_,135_166_781_1015_1233_,18.00_17.95_17.90_17.85_17.80_,375_1449_1261_893_247_
10:20:51,18.00,1,5477,18.05_18.10_18.15_18.20_18.25_,55_167_970_826_1233_,18.00_17.95_17.90_17.85_17.80_,425_1455_1268_892_259_
10:21:02,18.05,5,5482,18.05_18.10_18.15_18.20_18.25_,50_167_970_826_1233_,18.00_17.95_17.90_17.85_17.80_,426_1450_1268_892_259_
10:21:07,18.05,5,5482,18.05_18.10_18.15_18.20_18.25_,50_167_995_781_1233_,18.00_17.95_17.90_17.85_17.80_,426_1450_1268_892_259_
10:22:08,18.05,5,5493,18.05_18.10_18.15_18.20_18.25_,57_155_1014_782_1233_,18.00_17.95_17.90_17.85_17.80_,423_1455_1262_892_259_
10:23:25,18.00,1,5500,18.05_18.10_18.15_18.20_18.25_,53_155_969_827_1233_,18.00_17.95_17.90_17.85_17.80_,422_1455_1303_892_259_
10:23:41,18.05,1,5504,18.05_18.10_18.15_18.20_18.25_,54_156_969_827_1233_,18.00_17.95_17.90_17.85_17.80_,419_1457_1303_892_259_
10:25:44,18.05,1,5564,18.05_18.10_18.15_18.20_18.25_,14_156_996_1181_1233_,18.00_17.95_17.90_17.85_17.80_,495_1459_1306_894_260_
10:26:45,18.05,1,5583,18.10_18.15_18.20_18.25_18.30_,114_281_2288_1233_1067_,18.00_17.95_17.90_17.85_17.80_,543_1459_1693_487_260_
10:27:16,18.05,1,5583,18.10_18.15_18.20_18.25_18.30_,133_283_2289_1234_1067_,18.05_18.00_17.95_17.90_17.85_,16_563_1454_1694_487_
10:38:02,18.05,1,5802,18.10_18.15_18.20_18.25_18.30_,80_396_2231_1258_1067_,18.05_18.00_17.95_17.90_17.85_,109_501_1475_1676_487_
10:41:47,18.05,1,5893,18.10_18.15_18.20_18.25_18.30_,24_451_2231_1259_1069_,18.05_18.00_17.95_17.90_17.85_,116_501_1477_1676_487_
10:45:12,18.05,1,5969,18.10_18.15_18.20_18.25_18.30_,190_450_2245_1259_1071_,18.05_18.00_17.95_17.90_17.85_,131_537_1478_1680_487_
10:55:11,18.00,4,6230,18.10_18.15_18.20_18.25_18.30_,54_508_2226_1238_1082_,18.00_17.95_17.90_17.85_17.80_,591_1495_1699_487_274_
10:55:32,18.10,5,6235,18.10_18.15_18.20_18.25_18.30_,50_589_2178_1238_1082_,18.00_17.95_17.90_17.85_17.80_,591_1495_1699_487_274_
10:56:54,18.05,4,6239,18.10_18.15_18.20_18.25_18.30_,182_509_2263_1261_1082_,18.05_18.00_17.95_17.90_17.85_,78_614_1490_1699_487_
10:56:59,18.10,5,6244,18.10_18.15_18.20_18.25_18.30_,177_509_2263_1261_1082_,18.05_18.00_17.95_17.90_17.85_,78_614_1490_1699_487_
10:57:04,18.10,5,6244,18.10_18.15_18.20_18.25_18.30_,177_509_2263_1261_1082_,18.05_18.00_17.95_17.90_17.85_,83_614_1485_1699_487_
10:58:00,18.05,1,6374,18.10_18.15_18.20_18.25_18.30_,89_514_2252_1262_1081_,18.05_18.00_17.95_17.90_17.85_,57_616_1495_1700_487_
10:59:12,18.05,1,6385,18.10_18.15_18.20_18.25_18.30_,29_514_2260_1262_1081_,18.05_18.00_17.95_17.90_17.85_,71_616_1495_1701_487_
11:00:54,18.05,6,6396,18.10_18.15_18.20_18.25_18.30_,41_548_2260_1262_1081_,18.05_18.00_17.95_17.90_17.85_,128_616_1495_1705_487_
11:04:45,18.05,16,6600,18.10_18.15_18.20_18.25_18.30_,146_561_2270_1262_1081_,18.05_18.00_17.95_17.90_17.85_,57_624_1495_1700_489_
11:05:52,18.00,1,6673,18.05_18.10_18.15_18.20_18.25_,14_195_1200_1186_1261_,18.00_17.95_17.90_17.85_17.80_,622_1520_1323_880_274_
11:06:38,18.00,1,6689,18.05_18.10_18.15_18.20_18.25_,5_103_1175_1236_1261_,18.00_17.95_17.90_17.85_17.80_,615_1520_1323_880_274_
11:11:46,18.05,2,6711,18.05_18.10_18.15_18.20_18.25_,74_135_1218_1184_1238_,18.00_17.95_17.90_17.85_17.80_,923_1532_1336_600_276_
11:12:06,18.05,49,6781,18.05_18.10_18.15_18.20_18.25_,23_135_1198_1184_1238_,18.00_17.95_17.90_17.85_17.80_,900_1532_1336_600_276_
11:12:58,18.05,10,6819,18.05_18.10_18.15_18.20_18.25_,4_134_1219_1403_1238_,18.00_17.95_17.90_17.85_17.80_,884_1537_1336_600_276_
11:16:48,18.05,2,6849,18.10_18.15_18.20_18.25_18.30_,55_555_2262_1261_1084_,18.05_18.00_17.95_17.90_17.85_,62_918_1506_1723_209_
11:17:44,18.05,3,6857,18.10_18.15_18.20_18.25_18.30_,49_560_2269_1263_1084_,18.05_18.00_17.95_17.90_17.85_,54_928_1506_1724_209_
11:19:12,18.05,2,6877,18.10_18.15_18.20_18.25_18.30_,58_560_2267_1263_1084_,18.05_18.00_17.95_17.90_17.85_,90_929_1490_1725_209_
11:20:34,18.10,10,6898,18.10_18.15_18.20_18.25_18.30_,56_561_2262_1263_1084_,18.05_18.00_17.95_17.90_17.85_,115_928_1475_1725_209_
11:21:15,18.05,4,6922,18.10_18.15_18.20_18.25_18.30_,47_561_2262_1263_1084_,18.05_18.00_17.95_17.90_17.85_,120_932_1475_1726_209_
11:21:25,18.05,1,6924,18.10_18.15_18.20_18.25_18.30_,45_562_2260_1263_1084_,18.05_18.00_17.95_17.90_17.85_,118_932_1475_1726_209_
11:22:11,18.05,1,6934,18.10_18.15_18.20_18.25_18.30_,60_564_2261_1262_1084_,18.05_18.00_17.95_17.90_17.85_,138_932_1475_1726_209_
11:22:57,18.05,2,6936,18.10_18.15_18.20_18.25_18.30_,65_563_2261_1262_1084_,18.05_18.00_17.95_17.90_17.85_,147_934_1475_1726_209_
11:23:43,18.05,7,6977,18.10_18.15_18.20_18.25_18.30_,56_565_2259_1262_1084_,18.05_18.00_17.95_17.90_17.85_,111_934_1475_1726_209_
11:23:49,18.05,1,6978,18.10_18.15_18.20_18.25_18.30_,59_565_2259_1262_1084_,18.05_18.00_17.95_17.90_17.85_,110_934_1475_1726_209_
11:28:30,18.05,4,7067,18.10_18.15_18.20_18.25_18.30_,111_565_2250_1262_1084_,18.05_18.00_17.95_17.90_17.85_,83_918_1460_1725_209_
11:28:40,18.05,3,7070,18.10_18.15_18.20_18.25_18.30_,107_565_2249_1262_1084_,18.05_18.00_17.95_17.90_17.85_,80_919_1460_1725_209_
11:28:51,18.05,3,7070,18.10_18.15_18.20_18.25_18.30_,113_565_2249_1262_1084_,18.05_18.00_17.95_17.90_17.85_,84_919_1460_1725_209_
11:31:40,18.05,1,7119,18.10_18.15_18.20_18.25_18.30_,72_565_2249_1262_1084_,18.05_18.00_17.95_17.90_17.85_,136_896_1460_1743_209_
11:32:21,18.05,1,7123,18.10_18.15_18.20_18.25_18.30_,67_564_2250_1262_1084_,18.05_18.00_17.95_17.90_17.85_,132_896_1460_1743_209_
11:33:12,18.05,4,7134,18.10_18.15_18.20_18.25_18.30_,68_564_2244_1262_1084_,18.05_18.00_17.95_17.90_17.85_,147_895_1460_1743_209_
11:33:22,18.05,1,7135,18.10_18.15_18.20_18.25_18.30_,68_564_2244_1262_1084_,18.05_18.00_17.95_17.90_17.85_,146_895_1460_1743_209_
11:33:43,18.05,1,7135,18.10_18.15_18.20_18.25_18.30_,68_564_2244_1262_1084_,18.05_18.00_17.95_17.90_17.85_,123_895_1460_1766_209_
11:34:49,18.05,2,7195,18.10_18.15_18.20_18.25_18.30_,24_566_2180_1307_1084_,18.05_18.00_17.95_17.90_17.85_,96_915_1460_1766_209_
11:34:54,18.05,2,7195,18.10_18.15_18.20_18.25_18.30_,23_566_2180_1307_1084_,18.05_18.00_17.95_17.90_17.85_,96_915_1460_1766_209_
11:37:33,18.05,1,7315,18.10_18.15_18.20_18.25_18.30_,36_570_2169_1308_1084_,18.05_18.00_17.95_17.90_17.85_,36_923_1460_1767_209_
11:40:07,18.05,2,7366,18.10_18.15_18.20_18.25_18.30_,134_599_2166_1308_1084_,18.05_18.00_17.95_17.90_17.85_,6_941_1460_1767_209_
11:44:44,18.15,2,7460,18.15_18.20_18.25_18.30_18.35_,556_1537_2063_1107_265_,18.10_18.05_18.00_17.95_17.90_,47_147_932_1844_1360_
11:45:50,18.10,28,7492,18.15_18.20_18.25_18.30_18.35_,524_1537_2062_1107_265_,18.10_18.05_18.00_17.95_17.90_,42_133_933_1843_1360_
11:46:57,18.15,1,7512,18.15_18.20_18.25_18.30_18.35_,535_1534_2062_1107_265_,18.10_18.05_18.00_17.95_17.90_,30_138_934_1843_1361_
11:52:09,18.10,4,7623,18.15_18.20_18.25_18.30_18.35_,538_1523_2040_1109_268_,18.10_18.05_18.00_17.95_17.90_,116_229_822_1843_1353_
11:54:12,18.10,5,7655,18.15_18.20_18.25_18.30_18.35_,555_1525_2040_1109_268_,18.10_18.05_18.00_17.95_17.90_,117_234_928_1843_1353_
11:55:09,18.10,1,7665,18.15_18.20_18.25_18.30_18.35_,568_1525_2040_1109_268_,18.10_18.05_18.00_17.95_17.90_,145_235_901_1843_1353_
11:55:24,18.10,2,7670,18.15_18.20_18.25_18.30_18.35_,565_1525_2040_1109_268_,18.10_18.05_18.00_17.95_17.90_,140_235_901_1819_1353_
11:55:45,18.10,2,7670,18.15_18.20_18.25_18.30_18.35_,567_1524_2040_1109_268_,18.10_18.05_18.00_17.95_17.90_,139_235_921_1819_1353_
11:55:55,18.15,5,7675,18.15_18.20_18.25_18.30_18.35_,562_1524_2040_1109_268_,18.10_18.05_18.00_17.95_17.90_,139_235_921_1819_1353_
11:59:15,18.10,1,7721,18.15_18.20_18.25_18.30_18.35_,567_1528_2066_1109_268_,18.10_18.05_18.00_17.95_17.90_,171_245_932_1820_1313_
11:59:56,18.10,51,7772,18.15_18.20_18.25_18.30_18.35_,567_1528_2066_1109_268_,18.10_18.05_18.00_17.95_17.90_,120_245_932_1820_1313_
12:00:01,18.10,3,7775,18.15_18.20_18.25_18.30_18.35_,576_1528_2066_1109_268_,18.10_18.05_18.00_17.95_17.90_,72_250_932_1820_1313_
12:01:02,18.10,1,7793,18.15_18.20_18.25_18.30_18.35_,616_1530_2066_1109_268_,18.10_18.05_18.00_17.95_17.90_,60_253_933_1820_1312_
12:03:16,18.10,1,7834,18.15_18.20_18.25_18.30_18.35_,609_1530_2065_1109_268_,18.10_18.05_18.00_17.95_17.90_,45_258_933_1820_1312_
12:04:07,18.10,5,7852,18.15_18.20_18.25_18.30_18.35_,646_1535_2067_1109_268_,18.10_18.05_18.00_17.95_17.90_,48_253_933_1820_1312_
12:06:41,18.05,1,7935,18.10_18.15_18.20_18.25_18.30_,73_661_2206_1267_1086_,18.05_18.00_17.95_17.90_17.85_,289_949_1456_1722_212_
12:07:42,18.05,3,7967,18.10_18.15_18.20_18.25_18.30_,92_633_2207_1267_1086_,18.05_18.00_17.95_17.90_17.85_,289_949_1457_1723_212_
12:09:35,18.05,2,8001,18.10_18.15_18.20_18.25_18.30_,150_625_2207_1269_1086_,18.05_18.00_17.95_17.90_17.85_,260_949_1457_1723_212_
12:11:27,18.05,1,8130,18.10_18.15_18.20_18.25_18.30_,106_633_2189_1269_1087_,18.05_18.00_17.95_17.90_17.85_,157_965_1457_1726_212_
12:13:00,18.05,1,8141,18.10_18.15_18.20_18.25_18.30_,92_635_2190_1269_1087_,18.05_18.00_17.95_17.90_17.85_,163_966_1457_1727_212_
12:13:05,18.05,1,8142,18.10_18.15_18.20_18.25_18.30_,92_635_2190_1269_1087_,18.05_18.00_17.95_17.90_17.85_,162_966_1457_1727_212_
12:13:46,18.05,4,8147,18.10_18.15_18.20_18.25_18.30_,88_635_2190_1269_1087_,18.05_18.00_17.95_17.90_17.85_,173_966_1439_1727_212_
12:14:52,18.05,1,8175,18.10_18.15_18.20_18.25_18.30_,94_635_2187_1269_1088_,18.05_18.00_17.95_17.90_17.85_,186_967_1440_1727_212_
12:14:58,18.05,1,8175,18.10_18.15_18.20_18.25_18.30_,94_635_2187_1269_1088_,18.05_18.00_17.95_17.90_17.85_,186_967_1400_1727_212_
12:15:33,18.05,1,8175,18.10_18.15_18.20_18.25_18.30_,98_632_2188_1269_1088_,18.05_18.00_17.95_17.90_17.85_,186_967_1400_1727_212_
12:17:26,18.05,1,8198,18.10_18.15_18.20_18.25_18.30_,151_608_2184_1269_1088_,18.05_18.00_17.95_17.90_17.85_,204_973_1401_1729_212_
12:18:12,18.05,4,8203,18.10_18.15_18.20_18.25_18.30_,153_606_2183_1269_1088_,18.05_18.00_17.95_17.90_17.85_,200_973_1400_1729_212_
12:18:28,18.05,4,8203,18.10_18.15_18.20_18.25_18.30_,153_606_2183_1269_1088_,18.05_18.00_17.95_17.90_17.85_,202_973_1400_1729_212_
12:21:02,18.05,2,8284,18.10_18.15_18.20_18.25_18.30_,360_605_2188_1269_1088_,18.05_18.00_17.95_17.90_17.85_,141_978_1400_1732_212_
12:21:12,18.05,1,8285,18.10_18.15_18.20_18.25_18.30_,363_605_2188_1269_1088_,18.05_18.00_17.95_17.90_17.85_,140_983_1400_1732_212_
12:22:54,18.05,2,8316,18.10_18.15_18.20_18.25_18.30_,816_605_2186_1269_1086_,18.05_18.00_17.95_17.90_17.85_,136_988_1400_1732_212_
12:22:59,18.05,1,8317,18.10_18.15_18.20_18.25_18.30_,816_605_2186_1269_1086_,18.05_18.00_17.95_17.90_17.85_,135_988_1400_1732_212_
12:23:05,18.05,1,8317,18.10_18.15_18.20_18.25_18.30_,890_605_2186_1269_1086_,18.05_18.00_17.95_17.90_17.85_,135_988_1400_1732_212_
12:23:10,18.05,1,8317,18.10_18.15_18.20_18.25_18.30_,890_605_2186_1269_1086_,18.05_18.00_17.95_17.90_17.85_,135_993_1400_1732_212_
12:23:30,18.05,1,8323,18.10_18.15_18.20_18.25_18.30_,886_606_2185_1269_1086_,18.05_18.00_17.95_17.90_17.85_,129_994_1400_1732_212_
12:25:28,18.05,6,8369,18.10_18.15_18.20_18.25_18.30_,872_610_2182_1269_1086_,18.05_18.00_17.95_17.90_17.85_,165_1016_1440_1733_212_
12:27:51,18.05,1,8397,18.10_18.15_18.20_18.25_18.30_,859_611_2179_1269_1086_,18.05_18.00_17.95_17.90_17.85_,248_1025_1435_1732_212_
12:32:18,18.05,6,8602,18.10_18.15_18.20_18.25_18.30_,1085_619_2016_1313_1086_,18.05_18.00_17.95_17.90_17.85_,171_1048_1443_1723_212_
12:33:35,18.05,5,8629,18.10_18.15_18.20_18.25_18.30_,1074_631_2039_1268_1086_,18.05_18.00_17.95_17.90_17.85_,65_1048_1443_1723_213_
12:34:57,18.05,1,8654,18.10_18.15_18.20_18.25_18.30_,1081_618_2038_1269_1086_,18.05_18.00_17.95_17.90_17.85_,108_1049_1443_1713_203_
12:35:23,18.05,3,8658,18.10_18.15_18.20_18.25_18.30_,1086_618_2038_1269_1086_,18.05_18.00_17.95_17.90_17.85_,104_1049_1443_1713_203_
12:35:28,18.05,3,8658,18.10_18.15_18.20_18.25_18.30_,1087_618_2038_1269_1086_,18.05_18.00_17.95_17.90_17.85_,104_1049_1443_1713_203_
12:35:33,18.05,6,8664,18.10_18.15_18.20_18.25_18.30_,1090_618_2038_1269_1086_,18.05_18.00_17.95_17.90_17.85_,98_1049_1443_1713_203_
12:35:38,18.05,3,8667,18.10_18.15_18.20_18.25_18.30_,1089_618_2038_1269_1086_,18.05_18.00_17.95_17.90_17.85_,95_1049_1443_1713_203_
12:38:32,18.00,1,8772,18.05_18.10_18.15_18.20_18.25_,222_1090_1184_1274_1247_,18.00_17.95_17.90_17.85_17.80_,1085_1464_1323_620_271_
12:44:56,18.05,13,8974,18.05_18.10_18.15_18.20_18.25_,225_1070_1184_1269_1245_,18.00_17.95_17.90_17.85_17.80_,1075_1398_1211_630_276_
12:45:07,18.00,1,8984,18.05_18.10_18.15_18.20_18.25_,226_1071_1204_1269_1245_,18.00_17.95_17.90_17.85_17.80_,1111_1398_1211_630_276_
12:46:24,18.05,4,8997,18.05_18.10_18.15_18.20_18.25_,229_1070_1229_1222_1245_,18.00_17.95_17.90_17.85_17.80_,1112_1394_1213_630_276_
12:48:26,18.00,1,9069,18.05_18.10_18.15_18.20_18.25_,221_1067_1203_1267_1230_,18.00_17.95_17.90_17.85_17.80_,1078_1394_1215_630_276_
12:49:49,18.00,4,9107,18.05_18.10_18.15_18.20_18.25_,186_1084_1198_1277_1230_,18.00_17.95_17.90_17.85_17.80_,1079_1404_1216_631_276_
12:52:27,18.05,5,9171,18.05_18.10_18.15_18.20_18.25_,160_1100_1214_1295_1230_,18.00_17.95_17.90_17.85_17.80_,1052_1400_1217_631_276_
12:52:38,18.00,4,9175,18.05_18.10_18.15_18.20_18.25_,156_1100_1214_1296_1230_,18.00_17.95_17.90_17.85_17.80_,1048_1400_1218_631_276_
12:52:48,18.00,4,9175,18.05_18.10_18.15_18.20_18.25_,166_1100_1214_1296_1230_,18.00_17.95_17.90_17.85_17.80_,1048_1400_1218_631_276_
12:54:15,18.00,10,9247,18.05_18.10_18.15_18.20_18.25_,116_1099_1194_1296_1230_,18.00_17.95_17.90_17.85_17.80_,1355_1400_868_631_276_
12:54:25,18.00,3,9250,18.05_18.10_18.15_18.20_18.25_,116_1099_1194_1296_1230_,18.00_17.95_17.90_17.85_17.80_,1352_1400_868_631_276_
12:56:02,18.00,1,9296,18.05_18.10_18.15_18.20_18.25_,76_1126_1214_1295_1230_,18.00_17.95_17.90_17.85_17.80_,1324_1400_868_631_276_
13:01:30,18.00,3,9431,18.05_18.10_18.15_18.20_18.25_,138_1128_1196_1295_1230_,18.00_17.95_17.90_17.85_17.80_,1317_1400_868_609_276_
13:01:41,18.00,3,9431,18.05_18.10_18.15_18.20_18.25_,148_1126_1196_1295_1231_,18.00_17.95_17.90_17.85_17.80_,1316_1400_868_609_276_
13:02:37,18.05,5,9447,18.05_18.10_18.15_18.20_18.25_,158_1120_1242_1250_1231_,18.00_17.95_17.90_17.85_17.80_,1320_1400_868_609_276_
13:04:20,18.05,10,9470,18.05_18.10_18.15_18.20_18.25_,149_1119_1210_1250_1231_,18.00_17.95_17.90_17.85_17.80_,1322_1400_868_609_277_
13:05:26,18.00,5,9492,18.05_18.10_18.15_18.20_18.25_,156_1116_1214_1295_1231_,18.00_17.95_17.90_17.85_17.80_,1295_1400_868_632_277_
13:08:15,18.05,3,9577,18.05_18.10_18.15_18.20_18.25_,99_1136_1226_1250_1231_,18.00_17.95_17.90_17.85_17.80_,1243_1398_865_634_277_
13:08:20,18.05,29,9606,18.05_18.10_18.15_18.20_18.25_,72_1134_1226_1250_1231_,18.00_17.95_17.90_17.85_17.80_,1643_998_865_634_277_
13:13:43,18.00,2,9691,18.05_18.10_18.15_18.20_18.25_,219_1004_1192_1296_1234_,18.00_17.95_17.90_17.85_17.80_,1815_715_865_634_280_
13:17:49,18.05,10,9861,18.05_18.10_18.15_18.20_18.25_,293_291_1193_1289_434_,18.00_17.95_17.90_17.85_17.80_,1683_713_868_614_283_
13:19:47,18.05,20,10049,18.05_18.10_18.15_18.20_18.25_,260_307_1194_1288_434_,18.00_17.95_17.90_17.85_17.80_,1579_716_868_614_283_
13:20:48,18.05,10,10099,18.05_18.10_18.15_18.20_18.25_,254_307_1194_1288_434_,18.00_17.95_17.90_17.85_17.80_,1546_716_867_637_283_
13:21:24,18.00,1,10108,18.05_18.10_18.15_18.20_18.25_,250_307_1187_1285_434_,18.00_17.95_17.90_17.85_17.80_,1569_716_867_637_283_
13:21:29,18.00,1,10108,18.05_18.10_18.15_18.20_18.25_,250_307_1187_1285_434_,18.00_17.95_17.90_17.85_17.80_,1575_716_867_637_283_
13:28:37,18.00,1,10194,18.15_18.20_18.25_18.30_18.35_,4677_2593_945_4801_262_,18.05_18.00_17.95_17.90_17.85_,22_1898_716_2656_1734_
13:30:00,18.10,903,11097,18.10_18.15_18.20_18.25_18.30_,308_5412_2908_945_4801_,18.05_18.00_17.95_17.90_17.85_,23_2271_1055_2832_2071_
