09:00:14,19.10,9,9,19.20_19.30_19.40_19.45_19.50_,2_2_7_11_60_,19.10_19.05_19.00_18.90_18.85_,17_1_41_25_1_
09:00:19,19.10,9,9,19.20_19.30_19.40_19.45_19.50_,2_2_7_11_60_,19.10_19.05_19.00_18.90_18.85_,18_1_41_25_1_
09:00:55,19.10,9,9,19.20_19.30_19.40_19.45_19.50_,3_2_7_11_60_,19.10_19.05_19.00_18.90_18.85_,18_1_41_25_1_
09:01:31,19.10,9,9,19.20_19.30_19.40_19.45_19.50_,3_2_7_11_60_,19.10_19.05_19.00_18.90_18.85_,19_1_41_25_1_
09:02:07,19.10,9,9,19.20_19.30_19.40_19.45_19.50_,3_2_7_13_60_,19.10_19.05_19.00_18.90_18.85_,19_1_41_25_1_
09:03:50,19.10,9,9,19.20_19.30_19.40_19.45_19.50_,6_3_7_13_60_,19.10_19.05_19.00_18.90_18.85_,19_1_41_25_1_
09:04:26,19.10,9,9,19.20_19.30_19.40_19.45_19.50_,6_3_7_14_60_,19.10_19.05_19.00_18.90_18.85_,19_1_42_25_1_
09:07:50,19.15,13,22,19.20_19.30_19.40_19.45_19.50_,6_3_7_14_62_,19.15_19.10_19.05_19.00_18.90_,15_17_7_40_25_
09:09:23,19.20,1,25,19.20_19.30_19.40_19.45_19.50_,8_3_11_14_62_,19.15_19.10_19.05_19.00_18.90_,15_27_7_40_25_
09:10:35,19.15,2,30,19.20_19.30_19.40_19.45_19.50_,6_3_11_14_62_,19.15_19.10_19.05_19.00_18.90_,13_27_6_40_25_
09:10:45,19.15,2,30,19.20_19.30_19.40_19.45_19.50_,16_3_11_14_65_,19.15_19.10_19.05_19.00_18.90_,13_27_6_40_25_
09:12:38,19.15,1,44,19.20_19.30_19.40_19.45_19.50_,18_3_12_12_66_,19.15_19.10_19.05_19.00_18.90_,1_22_7_40_25_
09:13:08,19.15,1,45,19.20_19.30_19.40_19.45_19.50_,18_3_12_12_66_,19.10_19.05_19.00_18.90_18.85_,22_7_41_25_1_
09:13:14,19.15,1,45,19.20_19.30_19.40_19.45_19.50_,18_3_12_12_66_,19.10_19.05_19.00_18.90_18.85_,22_1_47_25_1_
09:13:24,19.15,1,45,19.15_19.20_19.30_19.40_19.45_,1_18_3_12_12_,19.10_19.05_19.00_18.90_18.85_,22_1_47_25_1_
09:18:06,19.15,3,49,19.20_19.30_19.35_19.40_19.45_,17_3_1_12_12_,19.15_19.10_19.05_19.00_18.90_,18_25_17_41_27_
09:18:26,19.15,3,49,19.20_19.30_19.35_19.40_19.45_,17_3_1_12_12_,19.15_19.10_19.05_19.00_18.90_,29_25_17_41_27_
09:19:02,19.15,3,49,19.20_19.30_19.35_19.40_19.45_,18_3_1_12_12_,19.15_19.10_19.05_19.00_18.90_,29_25_17_41_27_
09:19:33,19.15,3,49,19.20_19.30_19.35_19.40_19.45_,19_3_1_12_12_,19.15_19.10_19.05_19.00_18.90_,29_25_17_41_27_
09:20:14,19.15,1,50,19.20_19.30_19.35_19.40_19.45_,19_3_1_12_12_,19.15_19.10_19.05_19.00_18.90_,18_25_17_41_27_
09:20:39,19.15,1,50,19.20_19.30_19.35_19.40_19.45_,19_3_1_12_12_,19.15_19.10_19.05_19.00_18.90_,18_25_17_31_17_
09:20:55,19.20,10,60,19.20_19.30_19.35_19.40_19.45_,9_3_1_12_12_,19.15_19.10_19.05_19.00_18.90_,18_25_17_31_17_
09:23:29,19.20,1,63,19.20_19.30_19.35_19.40_19.45_,6_2_11_12_12_,19.15_19.10_19.05_19.00_18.90_,18_25_18_31_17_
09:24:40,19.20,2,71,19.30_19.35_19.40_19.45_19.50_,2_11_12_12_68_,19.20_19.15_19.10_19.05_19.00_,2_18_31_12_33_
09:25:11,19.30,1,73,19.30_19.35_19.40_19.45_19.50_,1_11_12_12_68_,19.20_19.15_19.10_19.05_19.00_,24_16_31_12_33_
09:25:21,19.30,1,73,19.30_19.35_19.40_19.45_19.50_,1_11_12_12_68_,19.25_19.20_19.15_19.10_19.05_,2_24_16_31_12_
09:25:26,19.25,3,76,19.25_19.30_19.35_19.40_19.45_,4_1_11_12_12_,19.20_19.15_19.10_19.05_19.00_,23_17_30_12_33_
09:25:31,19.25,3,76,19.25_19.30_19.35_19.40_19.45_,4_1_11_12_12_,19.20_19.15_19.10_19.05_19.00_,23_16_31_12_33_
09:25:52,19.25,3,76,19.25_19.30_19.35_19.40_19.45_,4_1_11_12_12_,19.20_19.15_19.10_19.05_19.00_,23_16_31_12_34_
09:31:25,19.25,1,79,19.25_19.30_19.35_19.40_19.45_,2_1_12_16_29_,19.20_19.15_19.10_19.05_19.00_,23_16_31_12_34_
09:33:44,19.15,3,106,19.20_19.25_19.30_19.35_19.40_,4_4_2_15_16_,19.15_19.10_19.05_19.00_18.95_,16_25_18_34_2_
09:34:14,19.15,16,122,19.20_19.25_19.30_19.35_19.40_,8_5_9_11_16_,19.10_19.05_19.00_18.95_18.90_,27_12_40_2_15_
09:34:30,19.15,16,122,19.20_19.25_19.30_19.35_19.40_,8_5_11_11_16_,19.10_19.05_19.00_18.95_18.90_,27_12_40_2_15_
09:34:40,19.15,16,122,19.20_19.25_19.30_19.35_19.40_,8_5_13_11_16_,19.10_19.05_19.00_18.95_18.90_,27_12_40_2_15_
09:35:36,19.10,1,123,19.15_19.20_19.25_19.30_19.35_,1_11_1_13_11_,19.10_19.05_19.00_18.95_18.90_,26_12_38_2_17_
09:36:02,19.10,1,123,19.15_19.20_19.25_19.30_19.35_,1_11_5_13_11_,19.10_19.05_19.00_18.95_18.90_,16_12_38_2_17_
09:36:27,19.10,12,135,19.15_19.20_19.25_19.30_19.35_,1_11_5_13_11_,19.10_19.05_19.00_18.90_18.85_,11_11_38_17_8_
09:38:00,19.10,2,138,19.15_19.20_19.25_19.30_19.35_,4_11_5_13_11_,19.10_19.05_19.00_18.90_18.85_,9_21_38_17_8_
09:38:35,19.10,2,138,19.15_19.20_19.25_19.30_19.35_,4_11_5_16_11_,19.10_19.05_19.00_18.90_18.85_,20_21_38_17_8_
09:38:56,19.10,2,138,19.15_19.20_19.25_19.30_19.35_,9_11_5_16_11_,19.10_19.05_19.00_18.90_18.85_,20_21_38_17_8_
09:39:01,19.10,2,138,19.15_19.20_19.25_19.30_19.35_,13_7_5_16_11_,19.10_19.05_19.00_18.90_18.85_,20_21_38_17_8_
09:39:16,19.10,2,138,19.15_19.20_19.25_19.30_19.35_,14_7_5_16_11_,19.10_19.05_19.00_18.90_18.85_,20_21_38_17_8_
09:40:08,19.15,13,152,19.20_19.25_19.30_19.35_19.40_,11_1_16_11_12_,19.15_19.10_19.05_19.00_18.90_,8_18_27_32_17_
09:40:23,19.15,13,152,19.20_19.25_19.30_19.35_19.40_,11_1_16_11_12_,19.15_19.10_19.05_19.00_18.90_,11_15_28_32_17_
09:40:38,19.15,13,152,19.20_19.25_19.30_19.35_19.40_,11_1_16_11_12_,19.15_19.10_19.05_19.00_18.90_,11_16_28_32_17_
09:40:44,19.15,13,152,19.20_19.25_19.30_19.35_19.40_,11_1_18_11_12_,19.15_19.10_19.05_19.00_18.90_,12_15_28_32_17_
09:40:54,19.15,13,152,19.20_19.25_19.30_19.35_19.40_,11_4_18_11_12_,19.15_19.10_19.05_19.00_18.90_,12_15_28_32_17_
09:40:59,19.15,13,152,19.20_19.25_19.30_19.35_19.40_,11_4_18_11_12_,19.15_19.10_19.05_19.00_18.90_,12_25_28_32_17_
09:41:04,19.15,13,152,19.20_19.25_19.30_19.35_19.40_,11_4_18_13_12_,19.15_19.10_19.05_19.00_18.90_,12_25_28_32_17_
09:41:50,19.15,13,152,19.20_19.25_19.30_19.35_19.40_,11_4_18_13_13_,19.15_19.10_19.05_19.00_18.90_,12_25_28_32_17_
09:42:00,19.15,13,152,19.20_19.25_19.30_19.35_19.40_,11_7_15_13_13_,19.15_19.10_19.05_19.00_18.90_,12_25_28_32_17_
09:42:06,19.15,13,152,19.20_19.25_19.30_19.35_19.40_,11_7_15_13_14_,19.15_19.10_19.05_19.00_18.90_,12_25_28_32_17_
09:42:26,19.20,1,153,19.20_19.25_19.30_19.35_19.40_,10_7_15_13_14_,19.15_19.10_19.05_19.00_18.90_,12_25_28_32_17_
09:42:31,19.15,3,156,19.20_19.25_19.30_19.35_19.40_,10_7_15_13_14_,19.15_19.10_19.05_19.00_18.90_,9_25_28_32_17_
09:42:57,19.15,3,156,19.20_19.25_19.30_19.35_19.40_,10_9_15_13_14_,19.15_19.10_19.05_19.00_18.90_,11_22_28_32_17_
09:43:02,19.15,3,156,19.20_19.25_19.30_19.35_19.40_,10_9_17_11_14_,19.15_19.10_19.05_19.00_18.90_,11_22_28_32_17_
09:43:12,19.15,1,157,19.20_19.25_19.30_19.35_19.40_,10_9_17_11_14_,19.15_19.10_19.05_19.00_18.90_,10_22_28_32_17_
09:45:35,19.20,1,159,19.20_19.25_19.30_19.35_19.40_,8_9_17_11_14_,19.15_19.10_19.05_19.00_18.90_,10_22_28_32_17_
09:46:01,19.20,1,159,19.20_19.25_19.30_19.35_19.40_,8_9_18_11_14_,19.15_19.10_19.05_19.00_18.90_,11_22_28_32_17_
09:46:42,19.20,5,165,19.20_19.25_19.30_19.35_19.40_,2_9_18_11_14_,19.15_19.10_19.05_19.00_18.90_,10_22_28_32_17_
09:49:00,19.20,1,177,19.20_19.25_19.30_19.35_19.40_,7_5_21_11_14_,19.15_19.10_19.05_19.00_18.90_,7_22_28_40_15_
09:49:06,19.20,1,177,19.20_19.25_19.30_19.35_19.40_,4_5_21_11_14_,19.15_19.10_19.05_19.00_18.90_,7_22_28_40_15_
09:50:33,19.20,1,180,19.20_19.25_19.30_19.35_19.40_,1_5_21_11_14_,19.15_19.10_19.05_19.00_18.90_,6_22_28_41_15_
09:51:24,19.20,1,181,19.25_19.30_19.35_19.40_19.45_,5_21_12_14_34_,19.15_19.10_19.05_19.00_18.90_,12_23_29_41_15_
09:51:39,19.20,1,181,19.25_19.30_19.35_19.40_19.45_,5_21_13_14_34_,19.15_19.10_19.05_19.00_18.90_,12_23_29_41_15_
09:52:00,19.20,1,181,19.25_19.30_19.35_19.40_19.45_,5_21_13_14_34_,19.15_19.10_19.05_19.00_18.90_,13_23_29_41_15_
09:52:36,19.20,1,181,19.25_19.30_19.35_19.40_19.45_,5_21_13_14_34_,19.15_19.10_19.05_19.00_18.90_,14_23_28_41_15_
09:53:07,19.20,1,181,19.20_19.25_19.30_19.35_19.40_,3_5_21_13_14_,19.15_19.10_19.05_19.00_18.90_,14_23_28_41_15_
09:53:37,19.20,1,181,19.20_19.25_19.30_19.35_19.40_,3_5_21_13_14_,19.15_19.10_19.05_19.00_18.90_,12_23_28_41_15_
09:55:15,19.20,1,181,19.20_19.25_19.30_19.35_19.40_,5_5_27_13_14_,19.15_19.10_19.05_19.00_18.90_,9_23_28_41_15_
09:55:35,19.20,1,181,19.20_19.25_19.30_19.35_19.40_,5_5_27_15_14_,19.15_19.10_19.05_19.00_18.90_,9_23_28_46_15_
09:56:36,19.20,1,181,19.20_19.25_19.30_19.35_19.40_,8_4_26_15_14_,19.15_19.10_19.05_19.00_18.90_,9_24_28_46_15_
09:56:57,19.15,6,187,19.20_19.25_19.30_19.35_19.40_,8_4_26_15_14_,19.15_19.10_19.05_19.00_18.90_,3_24_28_46_15_
09:57:58,19.15,6,187,19.20_19.25_19.30_19.35_19.40_,6_4_26_15_14_,19.15_19.10_19.05_19.00_18.90_,3_24_28_46_15_
09:58:29,19.15,2,189,19.20_19.25_19.30_19.35_19.40_,6_4_26_15_14_,19.15_19.10_19.05_19.00_18.90_,1_24_28_46_15_
09:59:36,19.15,2,189,19.20_19.25_19.30_19.35_19.40_,6_4_27_15_14_,19.15_19.10_19.05_19.00_18.90_,3_23_28_46_15_
10:00:22,19.15,2,189,19.20_19.25_19.30_19.35_19.40_,7_4_27_15_14_,19.15_19.10_19.05_19.00_18.90_,3_23_28_46_15_
10:00:48,19.20,1,191,19.20_19.25_19.30_19.35_19.40_,6_4_27_15_14_,19.15_19.10_19.05_19.00_18.90_,2_24_28_46_15_
10:00:58,19.20,1,191,19.20_19.25_19.30_19.35_19.40_,7_4_27_15_14_,19.15_19.10_19.05_19.00_18.90_,2_24_28_46_15_
10:01:39,19.20,1,191,19.20_19.25_19.30_19.35_19.40_,7_4_27_15_14_,19.15_19.10_19.05_19.00_18.90_,4_24_28_46_15_
10:03:01,19.15,1,193,19.20_19.25_19.30_19.35_19.40_,6_4_27_15_14_,19.15_19.10_19.05_19.00_18.90_,6_25_28_46_15_
10:04:08,19.15,1,193,19.20_19.25_19.30_19.35_19.40_,7_4_27_15_14_,19.15_19.10_19.05_19.00_18.90_,6_25_28_46_15_
10:06:41,19.15,1,193,19.20_19.25_19.30_19.35_19.40_,7_4_27_15_14_,19.15_19.10_19.05_19.00_18.90_,10_24_28_46_15_
10:09:25,19.15,1,193,19.20_19.25_19.30_19.35_19.40_,8_9_27_15_14_,19.15_19.10_19.05_19.00_18.90_,6_26_28_46_15_
10:12:50,19.20,6,202,19.25_19.30_19.35_19.40_19.45_,9_31_15_14_34_,19.20_19.15_19.10_19.05_19.00_,9_27_31_22_46_
10:13:06,19.20,6,202,19.25_19.30_19.35_19.40_19.45_,5_31_15_14_34_,19.20_19.15_19.10_19.05_19.00_,9_27_31_22_46_
10:14:18,19.20,1,203,19.25_19.30_19.35_19.40_19.45_,7_31_15_14_34_,19.20_19.15_19.10_19.05_19.00_,11_25_31_22_46_
10:15:09,19.25,1,204,19.25_19.30_19.35_19.40_19.45_,6_31_15_14_34_,19.20_19.15_19.10_19.05_19.00_,11_25_31_22_46_
10:16:05,19.25,1,204,19.25_19.30_19.35_19.40_19.45_,4_31_15_14_34_,19.20_19.15_19.10_19.05_19.00_,11_25_31_22_46_
10:16:51,19.25,1,204,19.25_19.30_19.35_19.40_19.45_,4_32_15_14_34_,19.20_19.15_19.10_19.05_19.00_,11_25_31_22_46_
10:17:53,19.25,1,204,19.25_19.30_19.35_19.40_19.45_,6_32_15_14_34_,19.20_19.15_19.10_19.05_19.00_,11_25_31_22_46_
10:18:39,19.25,1,205,19.25_19.30_19.35_19.40_19.45_,7_32_15_14_34_,19.20_19.15_19.10_19.05_19.00_,11_25_31_22_46_
10:21:03,19.25,2,213,19.25_19.30_19.35_19.40_19.45_,7_32_15_14_34_,19.20_19.15_19.10_19.05_19.00_,10_25_31_22_46_
10:22:09,19.25,1,214,19.25_19.30_19.35_19.40_19.45_,6_32_15_14_34_,19.20_19.15_19.10_19.05_19.00_,10_25_31_22_46_
10:23:11,19.20,1,215,19.25_19.30_19.35_19.40_19.45_,6_29_15_14_34_,19.20_19.15_19.10_19.05_19.00_,9_25_31_22_46_
10:24:02,19.20,6,221,19.25_19.30_19.35_19.40_19.45_,9_29_15_14_34_,19.20_19.15_19.10_19.05_19.00_,4_25_31_22_46_
10:26:20,19.20,6,221,19.25_19.30_19.35_19.40_19.45_,10_29_15_14_34_,19.20_19.15_19.10_19.05_19.00_,4_25_31_22_46_
10:26:51,19.20,6,221,19.25_19.30_19.35_19.40_19.45_,11_29_15_14_34_,19.20_19.15_19.10_19.05_19.00_,4_25_36_22_46_
10:28:03,19.25,1,222,19.25_19.30_19.35_19.40_19.45_,12_29_15_14_34_,19.20_19.15_19.10_19.05_19.00_,7_25_36_22_46_
10:29:35,19.25,1,222,19.25_19.30_19.35_19.40_19.45_,12_29_15_14_34_,19.20_19.15_19.10_19.05_19.00_,7_26_36_22_46_
10:30:37,19.25,1,222,19.25_19.30_19.35_19.40_19.45_,14_37_15_14_34_,19.20_19.15_19.10_19.05_19.00_,7_26_36_22_46_
10:32:04,19.25,1,222,19.25_19.30_19.35_19.40_19.45_,24_29_15_14_34_,19.20_19.15_19.10_19.05_19.00_,7_26_36_22_46_
10:38:03,19.20,1,232,19.20_19.25_19.30_19.35_19.40_,13_21_36_15_14_,19.15_19.10_19.05_19.00_18.95_,30_34_31_46_2_
10:39:30,19.20,1,234,19.20_19.25_19.30_19.35_19.40_,11_21_36_15_14_,19.15_19.10_19.05_19.00_18.95_,38_34_31_46_2_
10:41:03,19.20,1,234,19.20_19.25_19.30_19.35_19.40_,11_21_36_15_14_,19.15_19.10_19.05_19.00_18.95_,39_34_31_46_2_
10:41:59,19.20,1,234,19.20_19.25_19.30_19.35_19.40_,13_21_36_15_14_,19.15_19.10_19.05_19.00_18.95_,39_34_31_46_2_
10:42:04,19.15,1,235,19.20_19.25_19.30_19.35_19.40_,13_21_36_15_14_,19.15_19.10_19.05_19.00_18.95_,38_34_31_46_2_
10:42:25,19.20,10,245,19.20_19.25_19.30_19.35_19.40_,3_21_36_15_14_,19.15_19.10_19.05_19.00_18.95_,38_34_31_46_2_
10:42:30,19.20,10,245,19.20_19.25_19.30_19.35_19.40_,3_21_36_15_14_,19.15_19.10_19.05_19.00_18.95_,42_34_31_46_2_
10:43:11,19.20,10,245,19.20_19.25_19.30_19.35_19.40_,11_13_36_15_14_,19.15_19.10_19.05_19.00_18.95_,41_35_31_46_2_
10:44:02,19.20,10,245,19.20_19.25_19.30_19.35_19.40_,11_18_31_15_24_,19.15_19.10_19.05_19.00_18.95_,41_35_31_46_2_
10:46:15,19.20,2,248,19.20_19.25_19.30_19.35_19.40_,9_18_32_15_24_,19.15_19.10_19.05_19.00_18.95_,42_33_31_46_2_
10:47:07,19.20,2,248,19.20_19.25_19.30_19.35_19.40_,9_18_32_15_24_,19.15_19.10_19.05_19.00_18.95_,42_32_31_46_2_
10:48:34,19.20,1,254,19.20_19.25_19.30_19.35_19.40_,8_18_32_15_24_,19.15_19.10_19.05_19.00_18.95_,38_32_31_46_2_
10:49:10,19.20,1,254,19.20_19.25_19.30_19.35_19.40_,8_18_33_15_24_,19.15_19.10_19.05_19.00_18.95_,38_32_31_46_2_
10:49:51,19.20,1,254,19.20_19.25_19.30_19.35_19.40_,9_18_33_15_24_,19.15_19.10_19.05_19.00_18.95_,38_32_31_46_2_
10:51:39,19.20,1,254,19.20_19.25_19.30_19.35_19.40_,9_18_33_15_24_,19.15_19.10_19.05_19.00_18.95_,39_32_31_47_2_
10:52:40,19.20,1,255,19.20_19.25_19.30_19.35_19.40_,8_18_33_15_24_,19.15_19.10_19.05_19.00_18.95_,39_32_31_47_2_
10:53:01,19.20,1,255,19.20_19.25_19.30_19.35_19.40_,8_18_33_15_24_,19.15_19.10_19.05_19.00_18.95_,39_35_31_47_2_
10:54:23,19.20,1,256,19.20_19.25_19.30_19.35_19.40_,7_18_33_15_24_,19.15_19.10_19.05_19.00_18.95_,41_35_31_47_2_
10:57:07,19.20,1,256,19.20_19.25_19.30_19.35_19.40_,9_18_33_15_24_,19.15_19.10_19.05_19.00_18.95_,40_35_31_47_2_
10:58:03,19.15,1,257,19.20_19.25_19.30_19.35_19.40_,9_18_33_15_24_,19.15_19.10_19.05_19.00_18.95_,39_35_31_47_2_
10:59:00,19.20,1,258,19.20_19.25_19.30_19.35_19.40_,8_18_33_15_24_,19.15_19.10_19.05_19.00_18.95_,38_35_31_47_2_
11:00:47,19.20,1,258,19.20_19.25_19.30_19.35_19.40_,8_18_34_15_24_,19.15_19.10_19.05_19.00_18.95_,38_35_31_47_2_
11:01:13,19.20,1,259,19.20_19.25_19.30_19.35_19.40_,7_18_34_15_24_,19.15_19.10_19.05_19.00_18.95_,37_35_31_47_2_
11:03:42,19.15,1,260,19.20_19.25_19.30_19.35_19.40_,7_18_34_15_24_,19.15_19.10_19.05_19.00_18.95_,36_35_31_47_2_
11:04:02,19.15,8,268,19.20_19.25_19.30_19.35_19.40_,7_18_34_15_24_,19.15_19.10_19.05_19.00_18.95_,26_35_31_47_2_
11:04:08,19.15,8,276,19.20_19.25_19.30_19.35_19.40_,7_18_34_15_24_,19.15_19.10_19.05_19.00_18.95_,18_35_31_47_2_
11:04:13,19.20,1,277,19.20_19.25_19.30_19.35_19.40_,6_18_34_15_24_,19.15_19.10_19.05_19.00_18.95_,18_35_31_47_2_
11:05:35,19.15,1,279,19.20_19.25_19.30_19.35_19.40_,5_18_34_15_24_,19.15_19.10_19.05_19.00_18.95_,17_35_31_47_2_
11:05:55,19.15,1,279,19.20_19.25_19.30_19.35_19.40_,7_18_34_15_24_,19.15_19.10_19.05_19.00_18.95_,17_35_31_47_2_
11:06:00,19.15,1,279,19.20_19.25_19.30_19.35_19.40_,7_18_34_15_24_,19.15_19.10_19.05_19.00_18.95_,18_35_31_47_2_
11:06:31,19.15,18,297,19.20_19.25_19.30_19.35_19.40_,7_18_34_15_24_,19.10_19.05_19.00_18.95_18.90_,35_31_47_2_16_
11:06:36,19.15,18,297,19.20_19.25_19.30_19.35_19.40_,7_18_34_15_24_,19.10_19.05_19.00_18.95_18.90_,36_25_53_2_16_
11:06:41,19.15,18,297,19.20_19.25_19.30_19.35_19.40_,7_18_34_15_24_,19.10_19.05_19.00_18.95_18.90_,36_27_53_2_16_
11:06:52,19.15,18,297,19.20_19.25_19.30_19.35_19.40_,7_18_34_15_24_,19.10_19.05_19.00_18.95_18.90_,36_27_57_2_16_
11:07:02,19.15,18,297,19.15_19.20_19.25_19.30_19.35_,1_6_18_34_15_,19.10_19.05_19.00_18.95_18.90_,36_27_57_2_16_
11:07:07,19.15,18,297,19.15_19.20_19.25_19.30_19.35_,6_5_16_34_15_,19.10_19.05_19.00_18.95_18.90_,36_27_55_2_18_
11:07:27,19.15,18,297,19.15_19.20_19.25_19.30_19.35_,7_5_16_34_15_,19.10_19.05_19.00_18.95_18.90_,36_27_55_2_18_
11:08:03,19.15,18,297,19.15_19.20_19.25_19.30_19.35_,8_10_11_34_15_,19.10_19.05_19.00_18.95_18.90_,36_27_55_2_18_
11:10:01,19.10,36,333,19.15_19.20_19.25_19.30_19.35_,8_10_11_34_15_,19.10_19.05_19.00_18.90_18.85_,4_28_55_18_18_
11:11:23,19.10,36,333,19.15_19.20_19.25_19.30_19.35_,8_10_11_35_15_,19.10_19.05_19.00_18.90_18.85_,5_30_55_18_18_
11:12:51,19.10,2,335,19.15_19.20_19.25_19.30_19.35_,8_8_11_35_15_,19.10_19.05_19.00_18.90_18.85_,8_30_54_18_18_
11:13:37,19.10,1,336,19.15_19.20_19.25_19.30_19.35_,8_8_11_35_15_,19.10_19.05_19.00_18.90_18.85_,8_30_54_18_18_
11:14:23,19.10,1,336,19.15_19.20_19.25_19.30_19.35_,8_8_11_35_15_,19.10_19.05_19.00_18.90_18.85_,18_30_54_13_18_
11:15:14,19.10,1,337,19.15_19.20_19.25_19.30_19.35_,8_8_11_35_15_,19.10_19.05_19.00_18.90_18.85_,17_30_54_13_18_
11:16:47,19.10,10,348,19.15_19.20_19.25_19.30_19.35_,12_8_11_31_15_,19.10_19.05_19.00_18.90_18.85_,20_29_54_13_18_
11:17:48,19.10,10,348,19.15_19.20_19.25_19.30_19.35_,12_8_11_31_15_,19.10_19.05_19.00_18.90_18.85_,21_30_55_13_18_
11:20:32,19.10,1,349,19.15_19.20_19.25_19.30_19.35_,12_8_11_31_15_,19.10_19.05_19.00_18.90_18.85_,20_30_55_13_18_
11:21:24,19.10,1,350,19.15_19.20_19.25_19.30_19.35_,12_8_11_31_15_,19.10_19.05_19.00_18.90_18.85_,29_30_55_13_18_
11:22:10,19.15,4,355,19.15_19.20_19.25_19.30_19.35_,12_3_11_31_15_,19.10_19.05_19.00_18.90_18.85_,29_27_54_13_18_
11:23:01,19.15,1,358,19.15_19.20_19.25_19.30_19.35_,9_3_11_31_15_,19.10_19.05_19.00_18.90_18.85_,33_28_54_13_18_
11:24:03,19.15,1,358,19.15_19.20_19.25_19.30_19.35_,9_3_11_31_15_,19.10_19.05_19.00_18.90_18.85_,34_28_54_13_18_
11:26:41,19.15,1,361,19.15_19.20_19.25_19.30_19.35_,6_3_11_34_15_,19.10_19.05_19.00_18.90_18.85_,35_27_54_13_18_
11:28:34,19.10,1,362,19.15_19.20_19.25_19.30_19.35_,8_3_11_34_15_,19.10_19.05_19.00_18.90_18.85_,33_27_54_13_18_
11:29:46,19.10,1,362,19.15_19.20_19.25_19.30_19.35_,9_3_11_34_17_,19.10_19.05_19.00_18.90_18.85_,33_27_59_13_18_
11:30:22,19.10,1,362,19.15_19.20_19.25_19.30_19.35_,9_8_11_34_17_,19.10_19.05_19.00_18.90_18.85_,33_27_59_13_18_
11:31:29,19.10,1,362,19.15_19.20_19.25_19.30_19.35_,9_8_11_34_17_,19.10_19.05_19.00_18.90_18.85_,34_27_59_18_18_
11:33:27,19.10,1,362,19.15_19.20_19.25_19.30_19.35_,9_8_11_34_17_,19.10_19.05_19.00_18.90_18.85_,44_27_59_18_18_
11:33:32,19.10,1,362,19.15_19.20_19.25_19.30_19.35_,9_8_11_34_17_,19.10_19.05_19.00_18.90_18.85_,45_26_59_18_18_
11:34:13,19.15,9,371,19.20_19.25_19.30_19.35_19.40_,8_11_34_17_21_,19.15_19.10_19.05_19.00_18.90_,4_32_32_53_18_
11:35:20,19.20,1,372,19.20_19.25_19.30_19.35_19.40_,7_11_34_17_21_,19.15_19.10_19.05_19.00_18.90_,8_27_32_53_18_
11:37:23,19.20,1,373,19.20_19.25_19.30_19.35_19.40_,7_11_34_17_21_,19.15_19.10_19.05_19.00_18.90_,11_29_30_53_18_
11:38:35,19.20,1,374,19.20_19.25_19.30_19.35_19.40_,6_11_34_17_21_,19.15_19.10_19.05_19.00_18.90_,10_29_30_53_18_
11:40:43,19.20,1,374,19.20_19.25_19.30_19.35_19.40_,6_11_33_17_22_,19.15_19.10_19.05_19.00_18.90_,8_30_30_53_18_
11:45:10,19.15,1,379,19.20_19.25_19.30_19.35_19.40_,10_12_33_17_22_,19.15_19.10_19.05_19.00_18.90_,1_33_31_53_18_
11:47:28,19.15,1,380,19.20_19.25_19.30_19.35_19.40_,10_12_33_17_22_,19.15_19.10_19.05_19.00_18.90_,9_30_29_53_18_
11:48:55,19.20,1,381,19.20_19.25_19.30_19.35_19.40_,10_12_33_17_22_,19.15_19.10_19.05_19.00_18.90_,9_30_29_53_18_
11:52:21,19.20,1,381,19.20_19.25_19.30_19.35_19.40_,9_12_33_16_22_,19.15_19.10_19.05_19.00_18.90_,8_29_29_53_18_
11:53:07,19.15,5,387,19.20_19.25_19.30_19.35_19.40_,10_12_33_16_22_,19.15_19.10_19.05_19.00_18.90_,2_30_29_53_18_
11:54:34,19.20,1,390,19.20_19.25_19.30_19.35_19.40_,10_14_33_14_22_,19.15_19.10_19.05_19.00_18.90_,2_30_29_53_18_
11:55:56,19.20,1,390,19.20_19.25_19.30_19.35_19.40_,9_14_33_14_22_,19.15_19.10_19.05_19.00_18.90_,3_30_29_53_18_
11:57:08,19.15,2,392,19.20_19.25_19.30_19.35_19.40_,9_14_33_14_22_,19.15_19.10_19.05_19.00_18.90_,1_30_29_53_18_
11:58:56,19.15,1,393,19.20_19.25_19.30_19.35_19.40_,13_14_33_14_22_,19.10_19.05_19.00_18.90_18.85_,30_23_59_18_18_
11:59:06,19.15,1,393,19.20_19.25_19.30_19.35_19.40_,14_14_33_14_22_,19.10_19.05_19.00_18.90_18.85_,30_23_59_18_18_
12:00:38,19.10,1,395,19.15_19.20_19.25_19.30_19.35_,6_11_20_33_14_,19.10_19.05_19.00_18.90_18.85_,28_23_60_18_18_
12:01:14,19.10,1,395,19.15_19.20_19.25_19.30_19.35_,6_11_20_33_14_,19.10_19.05_19.00_18.90_18.85_,29_23_60_18_18_
12:01:19,19.10,1,395,19.15_19.20_19.25_19.30_19.35_,6_8_20_33_14_,19.10_19.05_19.00_18.90_18.85_,29_23_60_18_18_
12:01:45,19.10,1,395,19.15_19.20_19.25_19.30_19.35_,6_8_20_33_14_,19.10_19.05_19.00_18.90_18.85_,34_23_60_18_18_
12:03:02,19.10,1,395,19.15_19.20_19.25_19.30_19.35_,10_14_14_33_14_,19.10_19.05_19.00_18.90_18.85_,35_24_60_18_18_
12:04:54,19.15,1,398,19.15_19.20_19.25_19.30_19.35_,10_8_14_33_14_,19.10_19.05_19.00_18.90_18.85_,33_24_60_18_18_
12:06:27,19.15,1,398,19.15_19.20_19.25_19.30_19.35_,11_8_14_33_14_,19.10_19.05_19.00_18.90_18.85_,33_24_60_18_18_
12:08:09,19.15,1,409,19.20_19.25_19.30_19.35_19.40_,9_14_33_14_22_,19.10_19.05_19.00_18.90_18.85_,34_24_60_18_18_
12:08:55,19.15,1,409,19.20_19.25_19.30_19.35_19.40_,9_14_33_14_22_,19.10_19.05_19.00_18.95_18.90_,34_24_60_25_18_
12:09:06,19.10,1,410,19.20_19.25_19.30_19.35_19.40_,9_14_33_14_22_,19.10_19.05_19.00_18.95_18.90_,33_24_60_25_43_
12:09:11,19.10,1,410,19.20_19.25_19.30_19.35_19.40_,9_14_33_14_22_,19.10_19.05_19.00_18.95_18.90_,34_23_60_25_43_
12:09:31,19.10,1,410,19.20_19.25_19.30_19.35_19.40_,9_14_33_14_22_,19.10_19.05_19.00_18.95_18.90_,33_23_60_25_43_
12:09:36,19.20,1,411,19.20_19.25_19.30_19.35_19.40_,8_14_33_14_22_,19.10_19.05_19.00_18.95_18.90_,33_23_60_25_43_
12:11:09,19.20,1,411,19.20_19.25_19.30_19.35_19.40_,9_14_33_14_22_,19.10_19.05_19.00_18.95_18.90_,33_23_60_25_43_
12:11:14,19.20,1,412,19.20_19.25_19.30_19.35_19.40_,8_14_33_14_22_,19.10_19.05_19.00_18.95_18.90_,33_23_60_25_43_
12:12:00,19.10,1,413,19.20_19.25_19.30_19.35_19.40_,11_14_33_14_22_,19.10_19.05_19.00_18.95_18.90_,32_23_60_25_43_
12:12:25,19.10,1,413,19.20_19.25_19.30_19.35_19.40_,13_14_28_14_22_,19.10_19.05_19.00_18.95_18.90_,31_23_60_25_43_
12:12:30,19.10,1,414,19.20_19.25_19.30_19.35_19.40_,13_14_28_14_22_,19.10_19.05_19.00_18.95_18.90_,30_23_60_25_43_
12:12:46,19.10,1,415,19.15_19.20_19.25_19.30_19.35_,15_12_14_28_14_,19.10_19.05_19.00_18.95_18.90_,29_23_60_25_43_
12:14:08,19.10,5,420,19.15_19.20_19.25_19.30_19.35_,16_13_13_27_14_,19.10_19.05_19.00_18.90_18.85_,25_23_61_18_18_
12:18:04,19.15,1,433,19.15_19.20_19.25_19.30_19.35_,9_19_13_21_14_,19.10_19.05_19.00_18.90_18.85_,23_23_61_18_18_
12:18:55,19.10,1,435,19.15_19.20_19.25_19.30_19.35_,12_19_13_21_14_,19.10_19.05_19.00_18.90_18.85_,22_23_62_18_18_
12:19:21,19.10,2,437,19.15_19.20_19.25_19.30_19.35_,12_19_13_21_14_,19.10_19.05_19.00_18.90_18.85_,20_23_62_18_18_
12:20:17,19.10,2,437,19.15_19.20_19.25_19.30_19.35_,14_19_13_21_14_,19.10_19.05_19.00_18.90_18.85_,20_23_62_18_18_
12:21:24,19.10,2,437,19.15_19.20_19.25_19.30_19.35_,14_19_13_21_14_,19.10_19.05_19.00_18.90_18.85_,30_23_62_18_18_
12:22:20,19.15,10,447,19.15_19.20_19.25_19.30_19.35_,2_19_13_21_14_,19.10_19.05_19.00_18.90_18.85_,30_23_62_18_18_
12:22:35,19.15,1,448,19.15_19.20_19.25_19.30_19.35_,2_19_13_21_14_,19.10_19.05_19.00_18.90_18.85_,30_23_62_18_18_
12:23:58,19.15,1,449,19.15_19.20_19.25_19.30_19.35_,3_19_13_21_18_,19.10_19.05_19.00_18.90_18.85_,31_23_62_18_18_
12:24:49,19.15,1,450,19.15_19.20_19.25_19.30_19.35_,2_18_13_21_18_,19.10_19.05_19.00_18.90_18.85_,30_23_62_18_18_
12:25:40,19.15,1,450,19.15_19.20_19.25_19.30_19.35_,3_18_13_21_18_,19.10_19.05_19.00_18.90_18.85_,30_23_62_18_18_
12:26:16,19.15,1,451,19.15_19.20_19.25_19.30_19.35_,2_13_13_21_18_,19.10_19.05_19.00_18.90_18.85_,30_23_62_18_18_
12:26:36,19.15,1,451,19.15_19.20_19.25_19.30_19.35_,7_13_13_21_18_,19.10_19.05_19.00_18.90_18.85_,30_23_62_18_18_
12:26:52,19.15,1,451,19.15_19.20_19.25_19.30_19.35_,7_11_13_21_18_,19.10_19.05_19.00_18.90_18.85_,30_23_62_18_18_
12:27:48,19.15,1,451,19.15_19.20_19.25_19.30_19.35_,6_11_13_21_18_,19.10_19.05_19.00_18.90_18.85_,30_23_62_18_18_
12:29:46,19.15,6,457,19.20_19.25_19.30_19.35_19.40_,11_13_26_18_22_,19.15_19.10_19.05_19.00_18.90_,5_29_29_56_18_
12:30:48,19.15,2,459,19.20_19.25_19.30_19.35_19.40_,11_13_26_18_22_,19.15_19.10_19.05_19.00_18.90_,23_24_29_57_18_
12:31:44,19.15,2,466,19.20_19.25_19.30_19.35_19.40_,12_13_26_18_22_,19.15_19.10_19.05_19.00_18.90_,21_23_29_57_18_
12:32:30,19.15,2,466,19.20_19.25_19.30_19.35_19.40_,12_13_26_18_22_,19.15_19.10_19.05_19.00_18.90_,18_23_29_57_18_
12:33:06,19.15,2,466,19.20_19.25_19.30_19.35_19.40_,12_13_26_18_22_,19.15_19.10_19.05_19.00_18.90_,18_23_29_58_18_
12:33:42,19.20,1,467,19.20_19.25_19.30_19.35_19.40_,11_13_26_18_22_,19.15_19.10_19.05_19.00_18.90_,18_24_29_58_18_
12:35:45,19.20,1,467,19.20_19.25_19.30_19.35_19.40_,12_13_26_18_22_,19.15_19.10_19.05_19.00_18.90_,18_24_29_58_18_
12:37:07,19.20,1,468,19.20_19.25_19.30_19.35_19.40_,11_13_26_18_22_,19.15_19.10_19.05_19.00_18.90_,17_24_29_58_18_
12:39:46,19.15,4,482,19.20_19.25_19.30_19.35_19.40_,3_13_26_18_22_,19.15_19.10_19.05_19.00_18.90_,35_23_29_61_18_
12:40:11,19.15,4,482,19.20_19.25_19.30_19.35_19.40_,4_13_26_18_22_,19.15_19.10_19.05_19.00_18.90_,35_23_29_61_18_
12:40:22,19.15,4,482,19.20_19.25_19.30_19.35_19.40_,5_13_26_18_22_,19.15_19.10_19.05_19.00_18.90_,35_23_29_61_18_
12:40:37,19.20,1,483,19.20_19.25_19.30_19.35_19.40_,5_13_26_18_22_,19.15_19.10_19.05_19.00_18.90_,34_23_29_61_18_
12:40:58,19.20,1,483,19.20_19.25_19.30_19.35_19.40_,5_13_26_18_22_,19.15_19.10_19.05_19.00_18.90_,34_23_29_61_18_
12:41:13,19.20,1,484,19.20_19.25_19.30_19.35_19.40_,4_13_26_18_22_,19.15_19.10_19.05_19.00_18.90_,34_23_29_61_18_
12:42:30,19.20,1,484,19.20_19.25_19.30_19.35_19.40_,7_13_26_18_22_,19.15_19.10_19.05_19.00_18.90_,33_24_29_61_18_
12:43:11,19.20,1,484,19.20_19.25_19.30_19.35_19.40_,9_13_26_18_22_,19.15_19.10_19.05_19.00_18.90_,33_24_29_61_18_
12:45:14,19.20,1,484,19.20_19.25_19.30_19.35_19.40_,8_13_26_18_22_,19.15_19.10_19.05_19.00_18.90_,38_23_29_61_18_
12:46:00,19.20,1,484,19.20_19.25_19.30_19.35_19.40_,8_13_26_18_22_,19.15_19.10_19.05_19.00_18.90_,37_23_29_61_18_
12:47:22,19.20,1,484,19.20_19.25_19.30_19.35_19.40_,9_13_26_18_22_,19.15_19.10_19.05_19.00_18.90_,37_23_29_61_18_
12:48:13,19.20,1,485,19.20_19.25_19.30_19.35_19.40_,8_13_26_18_22_,19.15_19.10_19.05_19.00_18.90_,37_23_29_61_18_
12:49:30,19.20,1,486,19.20_19.25_19.30_19.35_19.40_,7_13_26_18_22_,19.15_19.10_19.05_19.00_18.90_,37_23_29_61_18_
12:50:58,19.20,1,487,19.20_19.25_19.30_19.35_19.40_,6_13_26_14_22_,19.15_19.10_19.05_19.00_18.90_,37_23_29_61_18_
12:53:16,19.20,1,487,19.20_19.25_19.30_19.35_19.40_,9_14_26_14_22_,19.15_19.10_19.05_19.00_18.90_,37_23_29_66_18_
12:54:12,19.20,1,488,19.20_19.25_19.30_19.35_19.40_,10_12_26_14_22_,19.15_19.10_19.05_19.00_18.90_,37_23_29_61_18_
12:54:28,19.20,1,488,19.20_19.25_19.30_19.35_19.40_,10_12_26_14_22_,19.15_19.10_19.05_19.00_18.90_,38_23_29_61_18_
12:54:38,19.20,1,488,19.20_19.25_19.30_19.35_19.40_,11_12_26_14_22_,19.15_19.10_19.05_19.00_18.90_,38_23_29_61_18_
12:54:48,19.20,1,488,19.20_19.25_19.30_19.35_19.40_,11_12_26_14_22_,19.15_19.10_19.05_19.00_18.90_,38_23_29_61_23_
12:55:19,19.15,1,490,19.20_19.25_19.30_19.35_19.40_,10_12_26_14_22_,19.15_19.10_19.05_19.00_18.90_,37_23_29_61_23_
12:55:34,19.20,1,491,19.20_19.25_19.30_19.35_19.40_,9_12_26_14_22_,19.15_19.10_19.05_19.00_18.90_,37_23_29_61_23_
12:55:39,19.20,1,492,19.20_19.25_19.30_19.35_19.40_,8_12_26_14_22_,19.15_19.10_19.05_19.00_18.90_,37_23_29_61_23_
12:56:05,19.20,1,492,19.20_19.25_19.30_19.35_19.40_,7_12_26_14_22_,19.15_19.10_19.05_19.00_18.90_,36_24_29_61_23_
12:57:32,19.20,1,492,19.20_19.25_19.30_19.35_19.40_,6_12_26_14_22_,19.15_19.10_19.05_19.00_18.90_,36_24_29_61_23_
12:59:10,19.20,1,492,19.20_19.25_19.30_19.35_19.40_,7_13_23_14_22_,19.15_19.10_19.05_19.00_18.90_,26_26_29_61_23_
13:00:26,19.20,1,492,19.20_19.25_19.30_19.35_19.40_,8_13_23_14_22_,19.15_19.10_19.05_19.00_18.90_,26_26_29_61_23_
13:01:02,19.20,1,492,19.20_19.25_19.30_19.35_19.40_,8_12_23_14_22_,19.15_19.10_19.05_19.00_18.90_,26_26_29_61_23_
13:02:14,19.20,1,493,19.20_19.25_19.30_19.35_19.40_,7_12_23_14_22_,19.15_19.10_19.05_19.00_18.90_,26_26_29_61_23_
13:02:55,19.20,1,493,19.20_19.25_19.30_19.35_19.40_,8_13_23_14_22_,19.15_19.10_19.05_19.00_18.90_,28_26_29_61_23_
13:03:41,19.20,1,493,19.20_19.25_19.30_19.35_19.40_,14_13_23_14_22_,19.15_19.10_19.05_19.00_18.90_,28_26_29_61_23_
13:06:35,19.20,2,495,19.20_19.25_19.30_19.35_19.40_,12_13_23_14_22_,19.15_19.10_19.05_19.00_18.90_,28_26_29_61_23_
13:06:46,19.20,2,497,19.20_19.25_19.30_19.35_19.40_,10_13_23_14_22_,19.15_19.10_19.05_19.00_18.90_,28_26_29_61_23_
13:08:44,19.20,1,502,19.20_19.25_19.30_19.35_19.40_,6_12_23_14_22_,19.15_19.10_19.05_19.00_18.90_,27_26_29_61_23_
13:10:31,19.20,2,505,19.20_19.25_19.30_19.35_19.40_,4_12_23_14_12_,19.15_19.10_19.05_19.00_18.90_,27_26_29_61_23_
13:10:47,19.20,1,506,19.20_19.25_19.30_19.35_19.40_,4_12_23_14_12_,19.15_19.10_19.05_19.00_18.90_,29_26_29_61_23_
13:11:18,19.20,1,506,19.20_19.25_19.30_19.35_19.40_,4_12_23_14_12_,19.15_19.10_19.05_19.00_18.90_,28_26_29_61_23_
13:11:38,19.20,1,506,19.20_19.25_19.30_19.35_19.40_,4_12_23_14_12_,19.15_19.10_19.05_19.00_18.90_,26_26_29_61_23_
13:11:59,19.20,1,507,19.20_19.25_19.30_19.35_19.40_,4_12_23_14_12_,19.15_19.10_19.05_19.00_18.90_,26_26_29_61_23_
13:13:00,19.15,2,509,19.20_19.25_19.30_19.35_19.40_,5_12_23_14_12_,19.15_19.10_19.05_19.00_18.90_,24_26_29_61_23_
13:14:17,19.15,2,509,19.20_19.25_19.30_19.35_19.40_,5_12_23_14_12_,19.15_19.10_19.05_19.00_18.90_,25_26_29_61_23_
13:15:59,19.15,1,528,19.20_19.25_19.30_19.35_19.40_,2_12_23_14_12_,19.15_19.10_19.05_19.00_18.90_,8_36_29_81_23_
13:17:06,19.15,1,529,19.20_19.25_19.30_19.35_19.40_,2_12_23_14_12_,19.15_19.10_19.05_19.00_18.90_,11_36_29_81_23_
13:18:28,19.20,1,530,19.20_19.25_19.30_19.35_19.40_,1_12_23_13_12_,19.15_19.10_19.05_19.00_18.90_,7_36_29_81_23_
13:18:53,19.20,1,531,19.25_19.30_19.35_19.40_19.45_,12_23_13_12_27_,19.20_19.15_19.10_19.05_19.00_,1_7_36_29_81_
13:18:58,19.20,1,532,19.20_19.25_19.30_19.35_19.40_,10_13_23_13_12_,19.15_19.10_19.05_19.00_18.90_,7_42_23_81_23_
13:20:31,19.15,1,536,19.20_19.25_19.30_19.35_19.40_,9_13_23_13_12_,19.15_19.10_19.05_19.00_18.90_,3_36_29_81_23_
13:23:46,19.20,1,539,19.20_19.25_19.30_19.35_19.40_,7_13_20_13_21_,19.15_19.10_19.05_19.00_18.95_,11_36_29_90_9_
13:23:56,19.20,1,539,19.20_19.25_19.30_19.35_19.40_,27_13_20_13_21_,19.15_19.10_19.05_19.00_18.95_,11_36_29_90_9_
13:24:16,19.15,1,540,19.20_19.25_19.30_19.35_19.40_,27_13_20_13_21_,19.15_19.10_19.05_19.00_18.95_,11_36_29_90_9_
13:24:42,19.20,1,541,19.20_19.25_19.30_19.35_19.40_,26_13_20_13_21_,19.15_19.10_19.05_19.00_18.95_,11_36_29_90_9_
13:25:24,19.20,1,541,19.20_19.25_19.30_19.35_19.40_,17_13_20_13_21_,19.15_19.10_19.05_19.00_18.95_,10_36_29_90_9_
13:25:30,19.20,1,541,19.20_19.25_19.30_19.35_19.40_,18_13_20_13_21_,19.15_19.10_19.05_19.00_18.95_,10_36_29_90_9_
13:25:40,19.20,1,541,19.20_19.25_19.30_19.35_19.40_,19_13_20_13_20_,19.15_19.10_19.05_19.00_18.95_,10_36_29_90_9_
13:26:36,19.20,1,541,19.20_19.25_19.30_19.35_19.40_,18_13_20_13_20_,19.15_19.10_19.05_19.00_18.95_,10_36_29_89_9_
13:28:03,19.20,1,541,19.20_19.25_19.30_19.35_19.40_,12_13_20_13_20_,19.15_19.10_19.05_19.00_18.95_,10_36_29_89_9_
13:28:14,19.20,1,541,19.20_19.25_19.30_19.35_19.40_,16_11_20_13_20_,19.15_19.10_19.05_19.00_18.95_,10_36_29_89_9_
13:29:15,19.20,1,541,19.20_19.25_19.30_19.35_19.40_,15_11_20_13_20_,19.15_19.10_19.05_19.00_18.95_,10_36_29_89_9_
13:29:26,19.20,1,541,19.20_19.25_19.30_19.35_19.40_,15_12_20_13_20_,19.15_19.10_19.05_19.00_18.95_,10_36_29_89_9_
13:29:36,19.20,1,541,19.20_19.25_19.30_19.35_19.40_,20_12_20_13_20_,19.15_19.10_19.05_19.00_18.95_,8_36_29_89_9_
13:29:41,19.20,1,541,19.20_19.25_19.30_19.35_19.40_,20_12_20_13_20_,19.15_19.10_19.05_19.00_18.95_,8_46_29_89_9_
13:29:46,19.20,1,541,19.20_19.25_19.30_19.35_19.40_,20_12_20_13_20_,19.15_19.10_19.05_19.00_18.95_,8_46_19_89_9_
13:29:51,19.20,1,541,19.20_19.25_19.30_19.35_19.40_,20_12_20_13_20_,19.15_19.10_19.05_19.00_18.95_,8_56_19_89_9_
13:30:00,19.15,13,554,19.20_19.25_19.30_19.35_19.40_,20_12_20_13_20_,19.15_19.10_19.05_19.00_18.95_,8_56_19_89_9_
