09:00:03,360.00,47,47,362.50_363.00_363.50_364.00_364.50_,1_22_7_5_2_,360.00_358.00_357.50_357.00_356.50_,13_11_16_20_16_
09:00:08,363.00,2,49,363.00_363.50_364.00_364.50_365.00_,14_2_5_2_50_,360.00_358.00_357.50_357.00_356.50_,16_10_14_20_12_
09:00:13,360.00,1,50,363.00_363.50_364.00_364.50_365.00_,14_2_5_2_55_,360.00_358.00_357.50_357.00_356.50_,15_10_14_20_12_
09:00:18,360.00,1,51,363.00_363.50_364.00_364.50_365.00_,18_2_5_2_55_,360.00_358.00_357.50_357.00_356.50_,15_10_11_20_12_
09:00:24,360.50,1,52,363.00_363.50_364.00_364.50_365.00_,18_2_5_2_55_,360.50_360.00_358.00_357.50_357.00_,1_16_10_11_20_
09:00:29,360.50,1,53,363.00_363.50_364.00_364.50_365.00_,20_2_5_2_55_,360.50_360.00_358.00_357.50_357.00_,4_13_10_11_20_
09:00:34,360.50,1,54,362.00_362.50_363.00_363.50_364.00_,1_1_20_2_5_,360.50_360.00_358.00_357.50_357.00_,4_14_10_11_20_
09:00:39,360.50,1,54,361.50_362.00_363.00_363.50_364.00_,2_2_19_2_5_,361.00_360.50_360.00_358.00_357.50_,1_5_14_10_11_
09:00:44,361.50,2,56,361.50_362.00_363.00_363.50_364.00_,6_2_13_2_5_,361.00_360.50_360.00_358.00_357.50_,5_2_14_10_11_
09:00:49,361.00,1,57,361.50_362.00_363.00_363.50_364.00_,7_1_13_2_5_,361.00_360.50_360.00_358.00_357.50_,5_2_14_10_11_
09:00:54,361.00,2,59,361.50_362.00_363.00_363.50_364.00_,6_1_13_2_5_,361.00_360.50_360.00_358.00_357.50_,2_2_14_10_11_
09:00:59,361.00,1,60,361.50_362.00_363.00_363.50_364.00_,6_1_13_2_5_,361.00_360.50_360.00_358.00_357.50_,3_2_14_10_11_
09:01:05,361.00,3,63,361.00_361.50_362.00_363.00_363.50_,1_6_1_13_2_,360.50_360.00_358.00_357.50_357.00_,2_14_10_11_20_
09:01:10,361.00,3,63,361.00_361.50_362.00_363.00_363.50_,1_6_1_16_11_,360.50_360.00_358.50_358.00_357.50_,3_14_8_16_13_
09:01:15,360.50,1,64,361.00_361.50_362.00_363.00_363.50_,5_2_1_17_11_,360.50_360.00_359.00_358.50_358.00_,2_14_4_5_16_
09:01:20,361.00,1,65,361.00_361.50_362.00_363.00_363.50_,4_2_1_17_11_,360.50_360.00_359.50_359.00_358.50_,2_14_3_1_11_
09:01:25,361.00,1,65,361.00_361.50_362.00_363.00_363.50_,4_2_1_17_11_,360.50_360.00_359.50_359.00_358.50_,2_14_3_1_13_
09:01:30,361.00,1,66,361.00_361.50_362.00_363.00_363.50_,5_1_1_17_11_,360.50_360.00_359.50_359.00_358.50_,3_14_3_1_13_
09:01:35,361.00,1,66,361.00_362.00_363.00_363.50_364.00_,6_1_17_11_5_,360.50_360.00_359.50_359.00_358.50_,3_14_3_1_13_
09:01:41,361.00,1,66,361.00_362.00_363.00_363.50_364.00_,6_1_17_2_14_,360.50_360.00_359.50_359.00_358.50_,3_14_3_1_13_
09:01:46,361.00,1,66,361.00_363.00_363.50_364.00_364.50_,6_17_2_14_2_,360.50_360.00_359.50_359.00_358.50_,3_7_3_1_13_
09:01:51,361.00,1,66,361.00_363.00_363.50_364.00_364.50_,6_17_2_14_2_,360.50_360.00_359.50_359.00_358.50_,2_7_3_1_13_
09:01:56,361.00,1,67,361.00_363.00_363.50_364.00_364.50_,5_17_2_6_10_,360.50_360.00_359.50_359.00_358.50_,2_7_3_1_13_
09:02:01,361.00,1,68,361.00_363.00_363.50_364.00_364.50_,4_17_2_6_10_,360.50_360.00_359.50_359.00_358.50_,2_5_3_1_13_
09:02:06,361.00,1,68,361.00_362.50_363.00_363.50_364.00_,4_1_17_2_6_,360.50_360.00_359.50_359.00_358.50_,2_5_3_1_13_
09:02:11,361.00,1,68,361.00_362.50_363.00_363.50_364.00_,4_2_17_2_7_,360.50_360.00_359.50_359.00_358.50_,2_5_3_1_13_
09:02:16,361.00,1,68,361.00_362.50_363.00_363.50_364.00_,4_2_17_2_7_,360.50_360.00_359.50_359.00_358.50_,4_5_3_1_13_
09:02:21,361.00,1,68,361.00_362.50_363.00_363.50_364.00_,5_2_17_2_15_,360.50_360.00_359.50_359.00_358.50_,5_5_3_1_13_
09:02:27,361.00,1,69,361.00_362.50_363.00_363.50_364.00_,3_2_17_2_15_,360.50_360.00_359.50_359.00_358.50_,4_5_3_1_13_
09:02:32,361.00,1,69,361.00_362.50_363.00_363.50_364.00_,3_2_17_2_15_,360.50_360.00_359.50_359.00_358.50_,5_5_3_1_13_
09:02:37,361.00,1,69,361.00_362.50_363.00_363.50_364.00_,3_2_17_2_16_,360.50_360.00_359.50_359.00_358.50_,5_5_3_1_13_
09:02:52,361.00,1,70,361.00_362.50_363.00_363.50_364.00_,2_2_17_2_16_,360.50_360.00_359.50_359.00_358.50_,5_5_3_1_13_
09:02:57,361.00,3,73,362.50_363.00_363.50_364.00_364.50_,2_17_2_16_2_,360.50_360.00_359.50_359.00_358.50_,4_5_3_1_13_
09:03:02,360.50,2,75,361.50_362.50_363.00_363.50_364.00_,1_6_14_2_10_,360.50_360.00_359.50_359.00_358.50_,3_8_5_7_2_
09:03:08,360.50,1,76,361.50_362.50_363.00_363.50_364.00_,1_6_14_5_16_,360.50_360.00_359.50_359.00_358.50_,3_5_3_6_6_
09:03:13,360.50,1,76,361.50_362.50_363.00_363.50_364.00_,2_6_14_5_16_,360.50_360.00_359.50_359.00_358.50_,4_5_3_6_6_
09:03:18,360.50,1,77,361.50_362.50_363.00_363.50_364.00_,2_6_14_5_16_,360.50_360.00_359.50_359.00_358.50_,3_5_3_12_2_
09:03:23,360.50,1,77,361.50_362.50_363.00_363.50_364.00_,2_6_14_5_16_,360.50_360.00_359.50_359.00_358.50_,3_5_3_6_6_
09:03:44,360.50,1,77,361.00_361.50_362.50_363.00_363.50_,1_2_6_14_5_,360.50_360.00_359.50_359.00_358.50_,3_5_3_6_6_
09:03:49,361.00,1,78,361.50_362.50_363.00_363.50_364.00_,2_6_17_11_7_,360.50_360.00_359.50_359.00_358.50_,3_5_3_7_6_
09:03:54,361.00,1,78,361.50_362.50_363.00_363.50_364.00_,2_6_14_5_16_,360.50_360.00_359.50_359.00_358.50_,3_5_3_6_7_
09:04:09,361.00,1,78,361.50_362.50_363.00_363.50_364.00_,5_2_14_5_16_,360.50_360.00_359.50_359.00_358.50_,3_5_3_6_7_
09:04:14,361.00,1,78,361.00_361.50_362.50_363.00_363.50_,2_5_2_14_5_,360.50_360.00_359.50_359.00_358.50_,5_7_3_6_7_
09:04:19,361.00,1,78,361.00_361.50_362.50_363.00_363.50_,2_6_2_17_11_,360.50_360.00_359.50_359.00_358.50_,7_7_3_1_12_
09:04:24,361.00,1,78,361.00_361.50_362.50_363.00_363.50_,3_6_2_17_11_,360.50_360.00_359.50_359.00_358.50_,7_7_3_1_12_
09:04:30,361.00,1,78,361.00_361.50_362.50_363.00_363.50_,8_6_2_17_11_,360.50_360.00_359.50_359.00_358.50_,7_6_3_1_12_
09:04:35,361.00,1,79,361.00_361.50_362.50_363.00_363.50_,8_6_2_17_11_,360.50_360.00_359.50_359.00_358.50_,8_6_3_1_12_
09:04:40,361.00,1,79,361.00_361.50_362.50_363.00_363.50_,9_6_2_17_11_,360.50_360.00_359.50_359.00_358.50_,8_6_3_1_12_
09:04:45,361.00,2,81,361.00_361.50_362.50_363.00_363.50_,7_6_2_17_11_,360.50_360.00_359.50_359.00_358.50_,8_6_3_1_12_
09:04:55,361.00,2,81,361.00_361.50_362.50_363.00_363.50_,7_6_2_17_11_,360.50_360.00_359.50_359.00_358.50_,8_7_3_1_12_
09:05:00,361.00,1,82,361.00_361.50_362.50_363.00_363.50_,7_6_2_17_11_,360.50_360.00_359.50_359.00_358.50_,8_7_3_1_12_
09:05:06,361.00,1,83,361.00_361.50_362.50_363.00_363.50_,6_6_2_18_11_,360.50_360.00_359.50_359.00_358.50_,8_7_3_1_12_
09:05:11,361.00,1,83,361.00_361.50_362.50_363.00_363.50_,6_3_2_18_11_,360.50_360.00_359.50_359.00_358.50_,8_7_3_1_12_
09:05:31,361.00,1,83,361.00_361.50_362.50_363.00_363.50_,6_3_2_18_11_,360.50_360.00_359.50_359.00_358.50_,12_7_3_1_12_
09:05:36,361.00,1,84,361.00_361.50_362.50_363.00_363.50_,5_3_2_18_11_,360.50_360.00_359.50_359.00_358.50_,12_7_3_1_12_
09:05:41,361.00,4,88,361.50_362.50_363.00_363.50_364.00_,3_2_18_11_7_,361.00_360.50_360.00_359.50_359.00_,1_15_7_3_1_
09:05:46,361.00,4,88,361.50_362.50_363.00_363.50_364.00_,3_2_15_5_16_,361.00_360.50_360.00_359.00_358.00_,16_1_10_13_10_
09:05:52,361.00,4,88,361.50_362.50_363.00_363.50_364.00_,3_2_15_5_16_,361.00_360.50_360.00_359.50_359.00_,16_1_9_1_12_
09:06:02,361.50,1,89,361.50_362.00_362.50_363.00_363.50_,2_1_2_15_5_,361.00_360.50_360.00_359.50_359.00_,16_1_10_1_12_
09:06:07,361.50,1,90,361.50_362.00_362.50_363.00_363.50_,1_1_2_15_14_,361.00_360.50_360.00_359.50_359.00_,16_1_10_1_13_
09:06:12,361.50,1,91,362.00_362.50_363.00_363.50_364.00_,1_2_15_14_7_,361.00_360.50_360.00_359.50_359.00_,17_1_10_1_13_
09:06:17,361.50,1,91,362.00_362.50_363.00_363.50_364.00_,1_2_15_2_19_,361.00_360.50_360.00_359.50_359.00_,17_1_10_6_8_
09:06:22,361.50,1,91,361.50_362.50_363.00_363.50_364.00_,1_2_15_2_19_,361.00_360.50_360.00_359.50_359.00_,17_1_10_6_8_
09:06:27,361.50,1,92,362.50_363.00_363.50_364.00_364.50_,2_15_5_16_2_,361.50_361.00_360.50_360.00_359.50_,2_16_1_10_1_
09:06:33,361.50,1,93,362.50_363.00_363.50_364.00_364.50_,2_15_2_7_14_,361.50_361.00_360.50_360.00_359.50_,17_2_4_12_7_
09:06:38,362.00,1,94,362.00_362.50_363.00_363.50_364.00_,1_2_15_2_7_,361.50_361.00_360.50_360.00_359.50_,17_2_4_17_7_
09:06:43,362.00,1,95,362.50_363.00_363.50_364.00_364.50_,2_15_2_19_2_,361.50_361.00_360.50_360.00_359.50_,17_2_4_12_12_
09:06:48,362.00,1,95,362.50_363.00_363.50_364.00_364.50_,2_15_2_7_14_,361.50_361.00_360.50_360.00_359.50_,17_2_4_16_7_
09:06:53,362.00,1,95,362.00_362.50_363.00_363.50_364.00_,1_2_15_2_7_,361.50_361.00_360.50_360.00_359.50_,17_2_4_16_7_
09:06:58,362.00,1,95,362.00_362.50_363.00_363.50_364.00_,1_2_15_2_19_,361.50_361.00_360.50_360.00_359.50_,14_2_4_11_12_
09:07:03,362.00,1,96,362.50_363.00_363.50_364.00_364.50_,7_15_2_19_2_,361.50_361.00_360.50_360.00_359.50_,14_2_4_12_12_
09:07:08,362.50,1,97,362.50_363.00_363.50_364.00_364.50_,6_15_2_7_14_,361.50_361.00_360.50_360.00_359.50_,14_2_4_17_7_
09:07:13,362.50,1,98,362.50_363.00_363.50_364.00_364.50_,6_15_2_7_14_,361.50_361.00_360.50_360.00_359.50_,14_2_4_17_7_
09:07:18,361.50,5,103,362.50_363.00_363.50_364.00_364.50_,6_15_2_7_14_,361.50_361.00_360.50_360.00_359.50_,9_2_4_17_7_
09:07:29,361.50,1,104,362.50_363.00_363.50_364.00_364.50_,6_15_2_7_14_,361.50_361.00_360.50_360.00_359.50_,8_2_4_17_7_
09:07:34,361.50,1,104,362.00_362.50_363.00_363.50_364.00_,2_6_14_2_7_,361.50_361.00_360.50_360.00_359.50_,8_2_4_17_7_
09:07:39,362.00,1,105,362.00_362.50_363.00_363.50_364.00_,1_6_14_2_19_,361.50_361.00_360.50_360.00_359.50_,9_2_4_12_12_
09:07:54,362.00,1,106,362.50_363.00_363.50_364.00_364.50_,6_14_2_19_2_,361.50_361.00_360.50_360.00_359.50_,10_2_5_12_12_
09:07:59,362.00,1,106,362.50_363.00_363.50_364.00_364.50_,6_14_2_6_14_,361.50_361.00_360.50_360.00_359.50_,11_2_5_17_7_
09:08:10,362.50,1,107,362.50_363.00_363.50_364.00_364.50_,5_14_2_6_14_,362.00_361.50_361.00_360.50_360.00_,1_11_2_5_16_
09:08:15,362.50,1,108,362.50_363.00_363.50_364.00_364.50_,4_14_2_6_14_,362.00_361.50_361.00_360.50_360.00_,7_4_3_2_24_
09:08:20,362.50,1,109,362.50_363.00_363.50_364.00_364.50_,3_14_2_6_14_,362.00_361.50_361.00_360.50_360.00_,7_4_3_2_24_
09:08:25,362.00,5,114,362.50_363.00_363.50_364.00_364.50_,3_14_2_6_14_,362.00_361.50_361.00_360.50_360.00_,3_4_3_2_24_
09:08:30,362.50,1,115,362.50_363.00_363.50_364.00_364.50_,2_15_2_6_14_,362.00_361.50_361.00_360.50_360.00_,8_4_3_2_24_
09:08:40,362.50,1,115,362.50_363.00_363.50_364.00_364.50_,2_15_2_6_14_,362.00_361.50_361.00_360.50_360.00_,9_4_3_2_24_
09:08:51,362.50,1,115,362.50_363.00_363.50_364.00_364.50_,2_15_2_6_17_,362.00_361.50_361.00_360.50_360.00_,9_4_3_2_24_
09:08:56,362.50,1,115,362.50_363.00_363.50_364.00_364.50_,2_15_2_6_17_,362.00_361.50_361.00_360.50_360.00_,14_4_3_2_24_
09:09:01,362.50,1,115,362.50_363.00_363.50_364.00_364.50_,2_15_4_6_17_,362.00_361.50_361.00_360.50_360.00_,15_4_3_2_24_
09:09:06,362.50,1,116,362.50_363.00_363.50_364.00_364.50_,1_15_4_8_17_,362.00_361.50_361.00_360.50_360.00_,15_4_3_2_24_
09:09:11,362.50,1,116,362.50_363.00_363.50_364.00_364.50_,2_15_4_8_17_,362.00_361.50_361.00_360.50_360.00_,15_4_3_2_24_
09:09:16,362.50,1,117,362.50_363.00_363.50_364.00_364.50_,1_15_4_8_17_,362.00_361.50_361.00_360.50_360.00_,15_4_3_2_24_
09:09:21,362.50,1,118,363.00_363.50_364.00_364.50_365.00_,15_4_8_17_76_,362.00_361.50_361.00_360.50_360.00_,15_3_3_2_24_
09:09:26,362.00,1,119,363.00_363.50_364.00_364.50_365.00_,15_4_8_7_88_,362.00_361.50_361.00_360.50_360.00_,14_3_3_7_19_
09:09:32,362.00,1,119,363.00_363.50_364.00_364.50_365.00_,15_4_8_7_88_,362.50_362.00_361.50_361.00_360.50_,10_14_3_3_7_
09:09:37,363.00,1,120,363.00_363.50_364.00_364.50_365.00_,14_4_8_7_89_,362.50_362.00_361.50_361.00_360.50_,19_7_4_2_17_
09:09:47,363.00,13,133,363.00_363.50_364.00_364.50_365.00_,2_4_8_7_89_,362.50_362.00_361.50_361.00_360.50_,25_7_4_2_17_
09:09:52,363.00,2,135,363.00_363.50_364.00_364.50_365.00_,2_4_8_9_89_,362.50_362.00_361.50_361.00_360.50_,28_7_4_3_17_
09:09:57,363.00,2,137,363.50_364.00_364.50_365.00_366.00_,4_9_9_89_31_,362.50_362.00_361.50_361.00_360.50_,28_7_4_3_21_
09:10:02,363.50,2,139,363.50_364.00_364.50_365.00_365.50_,3_16_14_86_3_,362.50_362.00_361.50_361.00_360.50_,23_7_4_3_21_
09:10:07,363.50,2,139,363.50_364.00_364.50_365.00_365.50_,3_16_14_86_12_,363.00_362.50_362.00_361.50_361.00_,4_19_7_4_3_
09:10:13,363.00,2,141,363.50_364.00_364.50_365.00_365.50_,3_16_14_86_12_,363.00_362.50_362.00_361.50_361.00_,7_15_9_4_15_
09:10:18,363.00,2,141,363.50_364.00_364.50_365.00_365.50_,3_16_14_86_13_,363.00_362.50_362.00_361.50_361.00_,12_11_10_3_15_
09:10:23,363.50,4,145,364.00_364.50_365.00_365.50_366.00_,16_14_57_13_31_,363.50_363.00_362.50_362.00_361.50_,1_12_11_10_3_
09:10:28,363.50,2,147,364.00_364.50_365.00_365.50_366.00_,16_14_55_3_43_,363.50_363.00_362.50_362.00_361.50_,8_5_10_10_15_
09:10:33,363.50,4,151,364.00_364.50_365.00_365.50_366.00_,16_14_55_3_43_,363.50_363.00_362.50_362.00_361.50_,8_2_10_10_15_
09:10:38,363.50,2,153,364.00_364.50_365.00_365.50_366.00_,16_15_45_3_43_,363.50_363.00_362.50_362.00_361.50_,8_2_10_10_15_
09:10:43,364.00,5,158,364.00_364.50_365.00_365.50_366.00_,15_15_47_3_43_,363.50_363.00_362.50_362.00_361.50_,8_2_10_10_15_
09:10:48,364.00,1,159,364.00_364.50_365.00_365.50_366.00_,15_16_47_4_43_,363.50_363.00_362.50_362.00_361.50_,9_2_10_10_15_
09:10:54,364.00,9,168,364.00_364.50_365.00_365.50_366.00_,8_16_50_4_43_,363.50_363.00_362.50_362.00_361.50_,5_2_5_10_15_
09:10:59,364.00,1,169,364.00_364.50_365.00_365.50_366.00_,8_16_50_4_43_,363.50_363.00_362.50_362.00_361.50_,6_1_5_10_15_
09:11:04,364.00,1,170,364.00_364.50_365.00_365.50_366.00_,3_19_50_4_42_,363.50_363.00_362.50_362.00_361.50_,6_1_5_10_15_
09:11:09,364.00,3,173,364.00_364.50_365.00_365.50_366.00_,3_19_50_4_42_,363.50_363.00_362.50_362.00_361.50_,6_1_5_10_15_
09:11:14,363.50,5,178,364.00_364.50_365.00_365.50_366.00_,4_19_50_4_42_,363.50_363.00_362.50_362.00_361.50_,3_1_5_10_15_
09:11:19,363.50,1,179,364.00_364.50_365.00_365.50_366.00_,7_18_50_25_63_,363.50_363.00_362.50_362.00_361.50_,4_1_5_10_15_
09:11:24,363.50,1,180,364.00_364.50_365.00_365.50_366.00_,7_18_50_26_63_,363.50_363.00_362.50_362.00_361.50_,3_1_5_10_15_
09:11:30,363.50,4,184,364.00_364.50_365.00_365.50_366.00_,8_18_50_26_64_,363.00_362.50_362.00_361.50_361.00_,1_5_10_15_2_
09:11:35,363.50,4,184,364.00_364.50_365.00_365.50_366.00_,8_18_50_26_64_,363.00_362.50_362.00_361.50_361.00_,2_5_10_3_15_
09:11:40,363.50,4,184,363.50_364.00_364.50_365.00_365.50_,1_13_18_50_26_,363.00_362.50_362.00_361.50_361.00_,2_5_10_3_15_
09:11:45,363.00,1,185,363.50_364.00_364.50_365.00_365.50_,1_15_18_51_36_,363.00_362.50_362.00_361.50_361.00_,1_5_9_5_15_
09:11:50,363.00,2,187,363.50_364.00_364.50_365.00_365.50_,2_15_19_51_36_,362.50_362.00_361.50_361.00_360.50_,5_11_3_15_9_
09:11:55,363.00,2,187,363.00_363.50_364.00_364.50_365.00_,6_3_15_19_52_,362.50_362.00_361.50_361.00_360.50_,5_9_5_7_10_
09:12:00,363.00,2,187,363.00_363.50_364.00_364.50_365.00_,7_3_14_20_62_,362.50_362.00_361.50_361.00_360.50_,5_9_5_2_15_
09:12:05,363.00,2,187,363.00_363.50_364.00_364.50_365.00_,7_3_14_20_63_,362.50_362.00_361.50_361.00_360.50_,5_9_5_2_15_
09:12:11,363.00,3,190,363.00_363.50_364.00_364.50_365.00_,4_3_14_20_63_,362.50_362.00_361.50_361.00_360.50_,6_9_5_2_15_
09:12:16,362.50,5,195,363.00_363.50_364.00_364.50_365.00_,4_3_14_20_63_,362.50_362.00_361.50_361.00_360.50_,5_9_5_2_15_
09:12:26,363.00,2,197,363.00_363.50_364.00_364.50_365.00_,3_4_14_20_63_,362.50_362.00_361.50_361.00_360.50_,5_9_5_2_15_
09:12:36,363.00,2,197,363.00_363.50_364.00_364.50_365.00_,10_5_14_20_63_,362.50_362.00_361.50_361.00_360.50_,5_9_5_2_15_
09:12:41,362.50,1,198,363.00_363.50_364.00_364.50_365.00_,9_5_14_20_63_,362.50_362.00_361.50_361.00_360.50_,5_9_5_2_15_
09:12:52,363.00,1,199,363.00_363.50_364.00_364.50_365.00_,8_5_14_21_63_,362.50_362.00_361.50_361.00_360.50_,6_9_5_2_15_
09:12:57,362.50,6,205,363.00_363.50_364.00_364.50_365.00_,8_5_13_21_63_,362.00_361.50_361.00_360.50_360.00_,9_5_2_15_37_
09:13:02,362.50,6,205,362.50_363.00_363.50_364.00_364.50_,2_8_4_13_21_,362.00_361.50_361.00_360.50_360.00_,9_3_4_7_44_
09:13:07,362.50,6,205,362.50_363.00_363.50_364.00_364.50_,2_11_4_13_32_,362.00_361.50_361.00_360.50_360.00_,9_3_5_2_49_
09:13:12,362.50,6,205,362.50_363.00_363.50_364.00_364.50_,2_13_4_14_32_,362.00_361.50_361.00_360.50_360.00_,10_3_5_2_49_
09:13:17,362.50,6,205,362.50_363.00_363.50_364.00_364.50_,2_11_4_14_32_,362.00_361.50_361.00_360.50_360.00_,10_3_6_2_49_
09:13:22,362.50,6,205,362.50_363.00_363.50_364.00_364.50_,2_11_4_15_32_,362.00_361.50_361.00_360.50_360.00_,10_2_6_2_49_
09:13:27,362.50,6,205,362.50_363.00_363.50_364.00_364.50_,3_10_4_15_32_,362.00_361.50_361.00_360.50_360.00_,10_2_6_2_49_
09:13:33,362.00,1,206,362.50_363.00_363.50_364.00_364.50_,5_10_4_15_32_,362.00_361.50_361.00_360.50_360.00_,9_2_6_2_49_
09:13:38,362.00,10,216,362.50_363.00_363.50_364.00_364.50_,5_10_4_15_32_,361.50_361.00_360.50_360.00_359.00_,2_6_2_49_1_
09:13:43,362.00,10,216,362.50_363.00_363.50_364.00_364.50_,5_10_4_15_32_,361.50_361.00_360.50_360.00_359.50_,2_5_5_45_6_
09:13:48,362.00,10,216,362.00_362.50_363.00_363.50_364.00_,1_3_10_4_15_,361.50_361.00_360.50_360.00_359.50_,2_5_5_44_6_
09:13:53,362.00,2,218,362.50_363.00_363.50_364.00_364.50_,2_5_4_26_20_,362.00_361.50_361.00_360.50_360.00_,2_2_5_5_45_
09:13:58,362.00,2,218,362.50_363.00_363.50_364.00_364.50_,2_5_4_14_32_,362.00_361.50_361.00_360.50_360.00_,3_2_7_2_52_
09:14:03,362.00,3,221,362.50_363.00_363.50_364.00_364.50_,2_5_4_14_32_,361.50_361.00_360.50_360.00_359.00_,2_7_2_52_1_
09:14:08,362.00,3,221,362.50_363.00_363.50_364.00_364.50_,2_5_4_14_32_,361.50_361.00_360.50_360.00_359.50_,2_4_5_44_6_
09:14:14,362.00,3,221,362.50_363.00_363.50_364.00_364.50_,2_7_4_14_32_,361.50_361.00_360.50_360.00_359.50_,3_4_5_44_6_
09:14:19,362.00,3,221,362.50_363.00_363.50_364.00_364.50_,2_7_4_16_32_,361.50_361.00_360.50_360.00_359.50_,3_4_5_50_2_
09:14:24,362.00,3,221,362.50_363.00_363.50_364.00_364.50_,2_9_4_17_32_,361.50_361.00_360.50_360.00_359.50_,3_4_5_50_2_
09:14:29,362.00,3,221,362.50_363.00_363.50_364.00_364.50_,2_9_4_17_32_,361.50_361.00_360.50_360.00_359.50_,3_4_7_50_2_
09:14:34,362.00,3,221,362.50_363.00_363.50_364.00_364.50_,2_9_5_17_32_,361.50_361.00_360.50_360.00_359.50_,3_4_7_50_2_
09:14:50,362.00,3,221,362.50_363.00_363.50_364.00_364.50_,2_9_5_17_32_,362.00_361.50_361.00_360.50_360.00_,1_3_4_9_49_
09:14:55,362.00,3,221,362.50_363.00_363.50_364.00_364.50_,2_9_5_17_32_,362.00_361.50_361.00_360.50_360.00_,3_2_7_6_51_
09:15:00,362.50,1,222,362.50_363.00_363.50_364.00_364.50_,1_23_19_31_32_,362.00_361.50_361.00_360.50_360.00_,4_2_7_7_50_
09:15:05,362.50,1,222,362.50_363.00_363.50_364.00_364.50_,4_23_19_31_32_,362.00_361.50_361.00_360.50_360.00_,4_2_7_7_50_
09:15:25,362.00,2,224,362.50_363.00_363.50_364.00_364.50_,4_23_19_31_32_,362.00_361.50_361.00_360.50_360.00_,4_2_7_8_50_
09:15:31,362.00,2,224,362.50_363.00_363.50_364.00_364.50_,4_23_19_31_32_,362.00_361.50_361.00_360.50_360.00_,5_2_7_8_49_
09:15:36,362.00,2,224,362.50_363.00_363.50_364.00_364.50_,4_23_19_31_32_,362.00_361.50_361.00_360.50_360.00_,5_2_7_9_49_
09:15:41,362.00,2,224,362.50_363.00_363.50_364.00_364.50_,4_23_19_32_32_,362.00_361.50_361.00_360.50_360.00_,5_2_7_9_49_
09:15:46,362.00,2,224,362.50_363.00_363.50_364.00_364.50_,4_23_19_32_32_,362.00_361.50_361.00_360.50_360.00_,4_2_7_9_48_
09:15:51,362.00,2,224,362.50_363.00_363.50_364.00_364.50_,4_23_19_30_32_,362.00_361.50_361.00_360.50_360.00_,4_2_7_9_48_
09:15:56,362.00,4,228,362.00_362.50_363.00_363.50_364.00_,1_4_23_19_30_,361.50_361.00_360.50_360.00_359.00_,2_7_9_48_1_
09:16:01,362.00,4,228,362.00_362.50_363.00_363.50_364.00_,1_4_23_20_41_,361.50_361.00_360.50_360.00_359.50_,3_4_11_35_11_
09:16:06,362.00,4,228,362.00_362.50_363.00_363.50_364.00_,1_4_23_20_41_,361.50_361.00_360.50_360.00_359.50_,4_4_11_35_13_
09:16:32,362.00,4,228,362.00_362.50_363.00_363.50_364.00_,9_1_23_20_41_,361.50_361.00_360.50_360.00_359.50_,4_4_11_35_13_
09:16:37,362.00,4,228,362.00_362.50_363.00_363.50_364.00_,9_1_23_20_41_,361.50_361.00_360.50_360.00_359.50_,5_4_11_35_13_
09:16:47,362.50,10,238,363.00_363.50_364.00_364.50_365.00_,23_20_41_20_56_,361.50_361.00_360.50_360.00_359.50_,5_4_11_35_13_
09:16:52,362.50,10,238,363.00_363.50_364.00_364.50_365.00_,23_19_32_22_65_,361.50_361.00_360.50_360.00_359.50_,5_7_9_46_2_
09:16:58,362.50,10,238,363.00_363.50_364.00_364.50_365.00_,9_19_32_22_65_,361.50_361.00_360.50_360.00_359.50_,5_7_9_46_2_
09:17:03,362.50,10,238,362.50_363.00_363.50_364.00_364.50_,2_9_19_32_23_,361.50_361.00_360.50_360.00_359.00_,5_7_9_46_3_
09:17:08,362.50,10,238,362.50_363.00_363.50_364.00_364.50_,2_9_19_32_32_,361.50_361.00_360.50_360.00_359.50_,7_5_11_40_6_
09:17:13,362.50,10,238,362.50_363.00_363.50_364.00_364.50_,2_9_19_32_31_,361.50_361.00_360.50_360.00_359.50_,8_5_11_46_2_
09:17:23,362.00,1,241,363.00_363.50_364.00_364.50_365.00_,8_19_32_22_65_,361.50_361.00_360.50_360.00_359.50_,9_7_9_46_2_
09:17:28,362.00,1,241,363.00_363.50_364.00_364.50_365.00_,8_19_32_22_65_,361.50_361.00_360.50_360.00_359.00_,9_7_9_46_3_
09:17:39,363.00,1,242,363.00_363.50_364.00_364.50_365.00_,7_19_32_22_65_,362.00_361.50_361.00_360.50_360.00_,1_9_7_9_46_
09:17:44,363.00,1,242,363.00_363.50_364.00_364.50_365.00_,7_19_32_20_68_,362.00_361.50_361.00_360.50_360.00_,8_4_7_14_43_
09:17:49,363.00,1,242,363.00_363.50_364.00_364.50_365.00_,7_19_32_20_68_,362.00_361.50_361.00_360.50_360.00_,8_4_7_15_43_
09:17:54,363.00,1,243,363.00_363.50_364.00_364.50_365.00_,6_19_32_20_68_,362.00_361.50_361.00_360.50_360.00_,8_4_7_15_43_
09:18:04,363.00,1,243,363.00_363.50_364.00_364.50_365.00_,6_19_32_20_68_,362.00_361.50_361.00_360.50_360.00_,8_3_7_15_43_
09:18:19,363.00,1,244,363.00_363.50_364.00_364.50_365.00_,5_19_42_20_68_,362.00_361.50_361.00_360.50_360.00_,8_3_7_15_43_
09:18:30,363.00,1,244,363.00_363.50_364.00_364.50_365.00_,5_19_42_20_68_,362.00_361.50_361.00_360.50_360.00_,10_3_7_15_43_
09:18:40,363.00,1,245,363.00_363.50_364.00_364.50_365.00_,4_19_42_20_68_,362.00_361.50_361.00_360.50_360.00_,10_3_7_15_43_
09:18:45,363.00,1,245,363.00_363.50_364.00_364.50_365.00_,4_19_42_20_68_,362.00_361.50_361.00_360.50_360.00_,10_3_8_10_48_
09:18:50,363.00,1,245,363.00_363.50_364.00_364.50_365.00_,6_19_42_20_68_,362.00_361.50_361.00_360.50_360.00_,10_3_8_10_48_
09:18:55,363.00,1,245,363.00_363.50_364.00_364.50_365.00_,12_19_42_20_68_,362.00_361.50_361.00_360.50_360.00_,10_3_8_15_43_
09:19:06,363.00,1,246,363.00_363.50_364.00_364.50_365.00_,11_19_42_20_68_,362.00_361.50_361.00_360.50_360.00_,10_3_8_15_43_
09:19:11,363.00,1,246,363.00_363.50_364.00_364.50_365.00_,11_18_42_20_68_,362.00_361.50_361.00_360.50_360.00_,11_3_8_15_43_
09:19:16,363.00,1,246,363.00_363.50_364.00_364.50_365.00_,11_18_42_20_70_,362.00_361.50_361.00_360.50_360.00_,11_3_8_15_44_
09:19:21,363.00,1,246,363.00_363.50_364.00_364.50_365.00_,11_18_42_20_70_,362.00_361.50_361.00_360.50_360.00_,13_3_8_15_44_
09:19:26,362.50,1,247,363.00_363.50_364.00_364.50_365.00_,11_18_42_20_70_,362.00_361.50_361.00_360.50_360.00_,13_3_8_15_44_
09:19:52,363.00,1,248,363.00_363.50_364.00_364.50_365.00_,10_18_42_20_70_,362.00_361.50_361.00_360.50_360.00_,13_3_8_15_44_
09:19:57,363.00,1,248,363.00_363.50_364.00_364.50_365.00_,10_18_42_20_75_,362.00_361.50_361.00_360.50_360.00_,13_3_8_15_44_
09:20:02,363.00,1,249,363.00_363.50_364.00_364.50_365.00_,9_18_42_20_75_,362.00_361.50_361.00_360.50_360.00_,13_3_8_15_44_
09:20:07,363.00,1,250,363.00_363.50_364.00_364.50_365.00_,8_18_42_20_75_,362.00_361.50_361.00_360.50_360.00_,14_3_8_15_44_
09:20:12,363.00,1,251,363.00_363.50_364.00_364.50_365.00_,7_18_42_20_75_,362.00_361.50_361.00_360.50_360.00_,15_3_8_15_44_
09:20:23,363.00,1,251,363.00_363.50_364.00_364.50_365.00_,8_18_42_20_75_,362.00_361.50_361.00_360.50_360.00_,16_3_8_15_45_
09:20:38,363.00,1,251,363.00_363.50_364.00_364.50_365.00_,9_18_42_20_77_,362.00_361.50_361.00_360.50_360.00_,15_3_8_15_45_
09:20:48,363.00,1,252,363.00_363.50_364.00_364.50_365.00_,8_18_42_19_77_,362.00_361.50_361.00_360.50_360.00_,15_3_8_15_45_
09:20:53,363.00,1,252,363.00_363.50_364.00_364.50_365.00_,8_18_42_20_77_,362.00_361.50_361.00_360.50_360.00_,15_3_8_15_45_
09:21:04,363.00,1,253,363.00_363.50_364.00_364.50_365.00_,7_18_37_21_77_,362.50_362.00_361.50_361.00_360.50_,2_15_3_8_15_
09:21:09,363.00,1,254,363.00_363.50_364.00_364.50_365.00_,6_18_35_23_76_,362.50_362.00_361.50_361.00_360.50_,12_5_5_6_22_
09:21:14,363.00,1,254,363.00_363.50_364.00_364.50_365.00_,6_18_35_23_76_,362.50_362.00_361.50_361.00_360.50_,14_3_5_7_22_
09:21:19,363.00,1,255,363.00_363.50_364.00_364.50_365.00_,6_18_35_23_76_,362.50_362.00_361.50_361.00_360.50_,14_3_5_7_22_
09:21:45,363.00,1,255,363.00_363.50_364.00_364.50_365.00_,5_18_35_23_76_,362.50_362.00_361.50_361.00_360.50_,14_3_5_7_22_
09:21:50,363.00,1,255,363.00_363.50_364.00_364.50_365.00_,5_18_35_23_76_,362.50_362.00_361.50_361.00_360.50_,14_3_5_8_22_
09:22:00,363.00,4,259,363.00_363.50_364.00_364.50_365.00_,1_18_35_23_76_,362.50_362.00_361.50_361.00_360.50_,14_3_5_8_22_
09:22:11,363.50,2,261,363.50_364.00_364.50_365.00_365.50_,4_35_23_65_36_,363.00_362.50_362.00_361.50_361.00_,1_13_4_6_8_
09:22:16,363.50,1,262,363.50_364.00_364.50_365.00_365.50_,1_36_21_67_36_,363.00_362.50_362.00_361.50_361.00_,8_3_4_6_21_
09:22:21,363.50,1,262,363.50_364.00_364.50_365.00_365.50_,1_36_35_81_50_,363.00_362.50_362.00_361.50_361.00_,12_2_4_7_21_
09:22:26,363.50,1,263,364.00_364.50_365.00_365.50_366.00_,36_35_81_50_59_,363.50_363.00_362.50_362.00_361.50_,1_13_2_4_7_
09:22:31,363.50,1,263,364.00_364.50_365.00_365.50_366.00_,35_36_79_40_71_,363.50_363.00_362.50_362.00_361.50_,11_5_2_7_16_
09:22:36,363.50,1,263,364.00_364.50_365.00_365.50_366.00_,35_36_80_40_71_,363.50_363.00_362.50_362.00_361.50_,13_3_2_7_16_
09:22:46,363.50,1,264,364.00_364.50_365.00_365.50_366.00_,35_36_80_40_71_,363.50_363.00_362.50_362.00_361.50_,14_3_2_7_16_
09:22:52,364.00,1,265,364.00_364.50_365.00_365.50_366.00_,35_36_80_40_71_,363.50_363.00_362.50_362.00_361.50_,14_3_2_7_16_
09:22:57,364.00,1,265,364.00_364.50_365.00_365.50_366.00_,35_36_85_40_71_,363.50_363.00_362.50_362.00_361.50_,14_3_2_7_16_
09:23:02,364.00,1,266,364.00_364.50_365.00_365.50_366.00_,34_36_85_40_71_,363.50_363.00_362.50_362.00_361.50_,14_3_2_7_16_
09:23:07,364.00,1,267,364.00_364.50_365.00_365.50_366.00_,34_34_86_40_71_,363.50_363.00_362.50_362.00_361.50_,14_3_2_7_16_
09:23:12,364.00,1,267,364.00_364.50_365.00_365.50_366.00_,35_34_86_40_71_,363.50_363.00_362.50_362.00_361.50_,14_3_2_7_16_
09:23:17,364.00,3,270,364.00_364.50_365.00_365.50_366.00_,31_34_86_40_71_,363.50_363.00_362.50_362.00_361.50_,15_3_2_7_16_
09:23:22,364.00,2,272,364.00_364.50_365.00_365.50_366.00_,29_34_86_40_71_,363.50_363.00_362.50_362.00_361.50_,14_3_2_7_16_
09:23:43,363.50,2,274,364.00_364.50_365.00_365.50_366.00_,29_34_86_40_71_,363.50_363.00_362.50_362.00_361.50_,12_3_2_7_16_
09:23:48,363.50,10,284,364.00_364.50_365.00_365.50_366.00_,29_34_86_40_74_,363.50_363.00_362.50_362.00_361.50_,4_3_2_10_19_
09:23:53,363.50,10,284,364.00_364.50_365.00_365.50_366.00_,29_34_86_40_74_,363.50_363.00_362.50_362.00_361.50_,5_3_2_10_19_
09:24:03,363.50,5,289,364.00_364.50_365.00_365.50_366.00_,29_34_86_40_75_,363.50_363.00_362.50_362.00_361.50_,2_3_2_10_19_
09:24:08,363.50,5,289,364.00_364.50_365.00_365.50_366.00_,30_34_86_40_75_,363.50_363.00_362.50_362.00_361.50_,3_3_2_10_19_
09:24:14,363.50,3,292,363.50_364.00_364.50_365.00_365.50_,6_30_34_86_40_,363.00_362.50_362.00_361.50_361.00_,4_2_10_19_10_
09:24:19,363.50,1,293,363.50_364.00_364.50_365.00_365.50_,6_29_34_88_52_,363.00_362.50_362.00_361.50_361.00_,4_2_7_9_23_
09:24:24,363.50,1,294,363.50_364.00_364.50_365.00_365.50_,5_29_34_88_52_,363.00_362.50_362.00_361.50_361.00_,4_2_4_9_23_
09:24:29,363.50,1,294,363.50_364.00_364.50_365.00_365.50_,4_28_34_88_52_,363.00_362.50_362.00_361.50_361.00_,4_2_4_9_23_
09:24:34,363.50,1,294,363.50_364.00_364.50_365.00_365.50_,5_29_34_88_52_,363.00_362.50_362.00_361.50_361.00_,4_2_4_9_23_
09:24:39,363.50,1,294,363.50_364.00_364.50_365.00_365.50_,5_28_34_88_52_,363.00_362.50_362.00_361.50_361.00_,4_2_4_9_23_
09:24:44,363.50,1,295,363.50_364.00_364.50_365.00_365.50_,4_28_34_88_52_,363.00_362.50_362.00_361.50_361.00_,5_2_4_9_23_
09:24:49,363.50,2,297,363.50_364.00_364.50_365.00_365.50_,3_29_34_88_52_,363.00_362.50_362.00_361.50_361.00_,5_2_4_9_23_
09:25:00,363.50,2,297,363.50_364.00_364.50_365.00_365.50_,3_29_34_88_52_,363.00_362.50_362.00_361.50_361.00_,5_2_4_8_23_
09:25:05,363.50,2,297,363.50_364.00_364.50_365.00_365.50_,2_29_34_88_52_,363.00_362.50_362.00_361.50_361.00_,6_2_4_8_23_
09:25:10,363.50,2,297,363.50_364.00_364.50_365.00_365.50_,7_29_34_88_52_,363.00_362.50_362.00_361.50_361.00_,6_3_4_8_23_
09:25:15,363.50,2,297,363.50_364.00_364.50_365.00_365.50_,7_28_34_88_52_,363.00_362.50_362.00_361.50_361.00_,7_3_4_8_23_
09:25:20,363.50,2,297,363.50_364.00_364.50_365.00_365.50_,8_28_34_88_52_,363.00_362.50_362.00_361.50_361.00_,7_3_7_8_23_
09:25:30,363.50,2,297,363.50_364.00_364.50_365.00_365.50_,8_28_34_88_52_,363.00_362.50_362.00_361.50_361.00_,8_3_7_8_23_
09:25:51,363.50,2,297,363.50_364.00_364.50_365.00_365.50_,9_28_34_88_52_,363.00_362.50_362.00_361.50_361.00_,8_3_7_8_23_
09:26:01,363.50,2,297,363.50_364.00_364.50_365.00_365.50_,10_28_34_88_52_,363.00_362.50_362.00_361.50_361.00_,8_3_8_8_23_
09:26:22,363.50,2,297,363.50_364.00_364.50_365.00_365.50_,10_28_34_88_54_,363.00_362.50_362.00_361.50_361.00_,8_3_8_8_23_
09:26:27,363.50,2,297,363.50_364.00_364.50_365.00_365.50_,10_29_34_88_54_,363.00_362.50_362.00_361.50_361.00_,8_3_5_8_23_
09:26:32,363.50,2,297,363.50_364.00_364.50_365.00_365.50_,9_29_34_88_54_,363.00_362.50_362.00_361.50_361.00_,9_3_6_8_23_
09:26:37,363.50,2,297,363.50_364.00_364.50_365.00_365.50_,9_29_34_88_54_,363.00_362.50_362.00_361.50_361.00_,9_3_10_5_23_
09:26:42,363.50,2,297,363.50_364.00_364.50_365.00_365.50_,9_29_34_88_54_,363.00_362.50_362.00_361.50_361.00_,9_3_10_5_22_
09:26:52,363.00,1,298,363.50_364.00_364.50_365.00_365.50_,9_29_34_88_54_,363.00_362.50_362.00_361.50_361.00_,11_3_10_5_22_
09:26:57,363.00,1,298,363.50_364.00_364.50_365.00_365.50_,9_29_34_88_54_,363.00_362.50_362.00_361.50_361.00_,13_3_10_5_22_
09:27:02,363.00,1,298,363.50_364.00_364.50_365.00_365.50_,9_29_34_88_54_,363.00_362.50_362.00_361.50_361.00_,15_3_10_5_22_
09:27:08,363.00,1,298,363.50_364.00_364.50_365.00_365.50_,9_30_34_88_54_,363.00_362.50_362.00_361.50_361.00_,15_3_10_5_22_
09:27:13,363.00,1,298,363.50_364.00_364.50_365.00_365.50_,9_30_34_88_55_,363.00_362.50_362.00_361.50_361.00_,15_3_10_5_22_
09:27:18,363.00,1,298,363.50_364.00_364.50_365.00_365.50_,9_30_34_89_55_,363.00_362.50_362.00_361.50_361.00_,15_3_10_5_22_
09:27:28,363.00,1,298,363.50_364.00_364.50_365.00_365.50_,9_29_34_89_55_,363.00_362.50_362.00_361.50_361.00_,14_3_10_5_22_
09:27:49,363.00,1,298,363.50_364.00_364.50_365.00_365.50_,9_29_34_92_55_,363.00_362.50_362.00_361.50_361.00_,14_3_10_5_22_
09:27:54,363.00,1,298,363.50_364.00_364.50_365.00_365.50_,9_31_34_89_55_,363.00_362.50_362.00_361.50_361.00_,14_3_10_5_22_
09:28:04,363.50,5,303,363.50_364.00_364.50_365.00_365.50_,4_31_35_89_55_,363.00_362.50_362.00_361.50_361.00_,14_3_10_5_22_
09:28:09,363.50,5,303,363.50_364.00_364.50_365.00_365.50_,4_31_35_89_55_,363.00_362.50_362.00_361.50_361.00_,13_3_10_5_22_
09:28:19,363.50,4,307,364.00_364.50_365.00_365.50_366.00_,31_35_89_55_65_,363.50_363.00_362.50_362.00_361.50_,6_13_3_10_5_
09:28:24,363.50,4,311,364.00_364.50_365.00_365.50_366.00_,32_35_87_46_78_,363.50_363.00_362.50_362.00_361.50_,11_5_6_10_18_
09:28:30,363.50,1,312,364.00_364.50_365.00_365.50_366.00_,30_36_87_46_78_,363.50_363.00_362.50_362.00_361.50_,11_5_6_11_18_
09:28:35,363.50,7,319,364.00_364.50_365.00_365.50_366.00_,30_36_87_46_78_,363.50_363.00_362.50_362.00_361.50_,5_5_6_11_18_
09:28:40,364.00,1,320,364.00_364.50_365.00_365.50_366.00_,15_35_87_46_78_,363.50_363.00_362.50_362.00_361.50_,5_5_6_11_18_
09:28:45,364.00,2,322,364.00_364.50_365.00_365.50_366.00_,14_34_87_46_78_,363.50_363.00_362.50_362.00_361.50_,6_5_3_14_18_
09:28:55,363.50,7,329,363.50_364.00_364.50_365.00_365.50_,13_15_34_87_46_,363.00_362.50_362.00_361.50_361.00_,5_3_19_18_9_
09:29:00,363.50,1,330,363.50_364.00_364.50_365.00_365.50_,12_25_34_89_55_,363.00_362.50_362.00_361.50_361.00_,5_3_19_5_22_
09:29:05,363.50,1,330,363.50_364.00_364.50_365.00_365.50_,12_25_34_89_55_,363.00_362.50_362.00_361.50_361.00_,7_3_16_5_22_
09:29:11,363.50,1,330,363.50_364.00_364.50_365.00_365.50_,12_24_34_89_55_,363.00_362.50_362.00_361.50_361.00_,9_3_16_5_22_
09:29:21,363.50,2,332,363.50_364.00_364.50_365.00_365.50_,11_24_34_92_55_,363.00_362.50_362.00_361.50_361.00_,9_4_16_5_22_
09:29:36,363.50,2,332,363.50_364.00_364.50_365.00_365.50_,11_25_34_92_55_,363.00_362.50_362.00_361.50_361.00_,9_4_16_5_22_
09:29:41,363.50,2,332,363.50_364.00_364.50_365.00_365.50_,12_25_34_92_55_,363.00_362.50_362.00_361.50_361.00_,9_4_16_5_22_
09:29:46,363.50,2,332,363.50_364.00_364.50_365.00_365.50_,17_25_34_92_55_,363.00_362.50_362.00_361.50_361.00_,9_4_16_5_22_
09:29:52,363.50,2,332,363.50_364.00_364.50_365.00_365.50_,17_25_34_92_55_,363.00_362.50_362.00_361.50_361.00_,10_4_16_5_22_
09:30:02,363.50,2,332,363.50_364.00_364.50_365.00_365.50_,18_26_34_92_55_,363.00_362.50_362.00_361.50_361.00_,10_4_16_5_22_
09:30:07,363.50,2,332,363.50_364.00_364.50_365.00_365.50_,17_26_34_92_55_,363.00_362.50_362.00_361.50_361.00_,10_4_16_5_22_
09:30:17,363.50,2,334,363.50_364.00_364.50_365.00_365.50_,15_26_34_92_55_,363.00_362.50_362.00_361.50_361.00_,10_4_16_5_22_
09:30:22,363.50,2,334,363.50_364.00_364.50_365.00_365.50_,16_26_34_92_55_,363.00_362.50_362.00_361.50_361.00_,10_4_16_5_22_
09:30:28,363.00,1,335,363.50_364.00_364.50_365.00_365.50_,16_26_34_92_55_,363.00_362.50_362.00_361.50_361.00_,9_4_16_5_22_
09:30:33,363.50,1,336,363.50_364.00_364.50_365.00_365.50_,15_25_34_92_55_,363.00_362.50_362.00_361.50_361.00_,9_4_16_5_22_
09:30:38,363.00,1,337,363.50_364.00_364.50_365.00_365.50_,15_25_34_92_55_,363.00_362.50_362.00_361.50_361.00_,9_4_16_5_22_
09:30:43,363.00,1,337,363.50_364.00_364.50_365.00_365.50_,16_25_34_92_55_,363.00_362.50_362.00_361.50_361.00_,9_4_16_5_22_
09:30:48,363.00,1,337,363.50_364.00_364.50_365.00_365.50_,17_25_34_92_55_,363.00_362.50_362.00_361.50_361.00_,9_4_16_5_22_
09:30:53,363.00,1,338,363.50_364.00_364.50_365.00_365.50_,36_25_34_92_55_,363.00_362.50_362.00_361.50_361.00_,8_4_16_5_22_
09:30:58,363.00,1,338,363.50_364.00_364.50_365.00_365.50_,36_25_34_92_55_,363.00_362.50_362.00_361.50_361.00_,8_4_16_2_22_
09:31:03,363.00,1,339,363.50_364.00_364.50_365.00_365.50_,40_25_34_92_55_,363.00_362.50_362.00_361.50_361.00_,9_4_16_2_22_
09:31:14,363.00,1,339,363.50_364.00_364.50_365.00_365.50_,40_25_35_92_55_,363.00_362.50_362.00_361.50_361.00_,11_4_16_5_22_
09:31:24,363.00,1,339,363.50_364.00_364.50_365.00_365.50_,40_25_35_93_55_,363.00_362.50_362.00_361.50_361.00_,11_4_16_5_22_
09:31:29,363.00,2,341,363.50_364.00_364.50_365.00_365.50_,40_25_35_93_55_,363.00_362.50_362.00_361.50_361.00_,9_4_16_5_22_
09:31:34,363.00,5,346,363.50_364.00_364.50_365.00_365.50_,40_25_35_93_55_,363.00_362.50_362.00_361.50_361.00_,4_4_16_2_22_
09:31:39,363.00,2,348,363.50_364.00_364.50_365.00_365.50_,40_25_35_93_55_,363.00_362.50_362.00_361.50_361.00_,2_4_16_2_22_
09:31:44,363.00,2,350,363.00_363.50_364.00_364.50_365.00_,1_41_25_38_93_,362.50_362.00_361.50_361.00_360.50_,4_16_2_22_11_
09:31:50,363.00,2,350,363.00_363.50_364.00_364.50_365.00_,2_40_25_40_102_,362.50_362.00_361.50_361.00_360.50_,5_12_5_10_24_
09:31:55,363.00,2,350,363.00_363.50_364.00_364.50_365.00_,3_40_25_40_102_,362.50_362.00_361.50_361.00_360.50_,5_12_5_10_24_
09:32:00,363.00,2,350,363.00_363.50_364.00_364.50_365.00_,4_39_25_40_102_,362.50_362.00_361.50_361.00_360.50_,6_12_5_10_24_
09:32:05,363.00,1,351,363.00_363.50_364.00_364.50_365.00_,4_39_29_40_102_,362.50_362.00_361.50_361.00_360.50_,6_12_5_10_24_
09:32:10,363.00,1,351,363.00_363.50_364.00_364.50_365.00_,5_38_29_40_102_,362.50_362.00_361.50_361.00_360.50_,6_12_5_10_24_
09:32:20,363.00,1,351,363.00_363.50_364.00_364.50_365.00_,5_38_29_40_102_,362.50_362.00_361.50_361.00_360.50_,7_12_5_10_24_
09:32:26,363.00,1,351,363.00_363.50_364.00_364.50_365.00_,6_38_29_40_102_,362.50_362.00_361.50_361.00_360.50_,8_12_5_10_24_
09:32:36,363.00,1,351,363.00_363.50_364.00_364.50_365.00_,16_38_29_40_102_,362.50_362.00_361.50_361.00_360.50_,8_12_5_10_24_
09:32:41,363.00,1,351,363.00_363.50_364.00_364.50_365.00_,15_38_29_40_102_,362.50_362.00_361.50_361.00_360.50_,9_12_5_10_24_
09:32:56,362.50,9,360,362.50_363.00_363.50_364.00_364.50_,2_18_41_32_37_,362.00_361.50_361.00_360.50_360.00_,12_5_7_21_63_
09:33:02,362.00,2,362,362.50_363.00_363.50_364.00_364.50_,11_18_41_35_46_,362.00_361.50_361.00_360.50_360.00_,11_2_10_8_76_
09:33:07,362.00,2,364,362.50_363.00_363.50_364.00_364.50_,11_20_41_35_46_,362.00_361.50_361.00_360.50_360.00_,9_2_10_8_76_
09:33:12,362.00,2,366,362.50_363.00_363.50_364.00_364.50_,12_19_41_35_48_,362.00_361.50_361.00_360.50_360.00_,6_2_10_8_76_
09:33:17,362.00,1,367,362.50_363.00_363.50_364.00_364.50_,12_20_41_35_48_,362.00_361.50_361.00_360.50_360.00_,5_2_10_8_76_
09:33:22,362.00,5,372,362.50_363.00_363.50_364.00_364.50_,12_20_41_35_48_,362.00_361.50_361.00_360.50_360.00_,1_2_10_8_76_
09:33:27,362.00,1,373,362.00_362.50_363.00_363.50_364.00_,2_13_18_41_35_,361.50_361.00_360.50_360.00_359.00_,2_10_8_76_6_
09:33:32,361.50,1,374,362.00_362.50_363.00_363.50_364.00_,3_12_18_43_45_,361.50_361.00_360.50_360.00_359.50_,1_6_11_65_11_
09:33:37,361.50,1,374,362.00_362.50_363.00_363.50_364.00_,5_11_18_43_45_,361.50_361.00_360.50_360.00_359.50_,1_6_11_65_13_
09:33:48,361.50,1,375,361.50_362.00_362.50_363.00_363.50_,1_5_11_18_43_,361.00_360.50_360.00_359.50_359.00_,6_11_65_13_6_
09:33:53,361.00,6,381,361.50_362.00_362.50_363.00_363.50_,2_4_11_19_52_,361.00_360.50_360.00_359.50_359.00_,1_8_69_1_19_
09:34:03,360.50,3,385,361.00_361.50_362.00_362.50_363.00_,3_6_7_3_26_,360.50_360.00_359.50_359.00_358.50_,5_65_3_5_11_
09:34:08,361.50,10,395,362.00_362.50_363.00_363.50_364.00_,5_3_27_38_31_,361.50_360.50_360.00_359.50_359.00_,10_5_65_3_5_
09:34:13,361.50,10,395,362.00_362.50_363.00_363.50_364.00_,6_3_19_40_42_,361.50_360.50_360.00_359.50_359.00_,10_8_65_11_6_
09:34:18,361.50,10,395,361.00_362.00_362.50_363.00_363.50_,2_6_3_19_40_,360.50_360.00_359.50_359.00_358.50_,8_65_11_6_3_
09:34:24,360.50,2,397,361.00_361.50_362.00_362.50_363.00_,2_3_6_4_18_,360.50_360.00_359.50_359.00_358.50_,4_65_3_5_13_
09:34:29,360.50,2,397,361.50_362.00_362.50_363.00_363.50_,4_6_4_27_38_,360.50_360.00_359.50_359.00_358.50_,6_65_3_5_13_
09:34:34,360.50,2,397,361.50_362.00_362.50_363.00_363.50_,1_6_4_19_49_,360.50_360.00_359.50_359.00_358.50_,6_65_3_16_5_
09:34:39,360.50,2,397,361.50_362.00_362.50_363.00_363.50_,1_6_4_19_49_,360.50_360.00_359.50_359.00_358.50_,8_65_3_16_5_
09:34:44,360.50,1,398,361.50_362.00_362.50_363.00_363.50_,1_6_4_19_49_,360.50_360.00_359.50_359.00_358.50_,7_65_3_16_5_
09:34:59,360.50,1,398,361.50_362.00_362.50_363.00_363.50_,1_6_4_19_49_,360.50_360.00_359.50_359.00_358.50_,8_65_3_16_5_
09:35:05,360.50,1,399,361.50_362.00_362.50_363.00_363.50_,1_6_4_19_49_,360.50_360.00_359.50_359.00_358.50_,7_65_3_16_5_
09:35:10,360.00,18,417,361.50_362.00_362.50_363.00_363.50_,1_6_4_19_49_,360.00_359.50_359.00_358.50_358.00_,61_3_16_5_16_
09:35:15,360.00,18,417,361.50_362.00_362.50_363.00_363.50_,3_4_4_21_47_,360.50_360.00_359.50_359.00_358.50_,1_67_3_6_14_
09:35:20,360.00,18,417,361.50_362.00_362.50_363.00_363.50_,5_4_4_19_49_,360.50_360.00_359.50_359.00_358.50_,8_60_3_16_5_
09:35:25,360.00,18,417,361.50_362.00_362.50_363.00_363.50_,5_4_4_19_49_,360.50_360.00_359.50_359.00_358.50_,8_60_3_17_5_
09:35:30,360.50,1,418,361.50_362.00_362.50_363.00_363.50_,5_4_4_19_49_,360.50_360.00_359.50_359.00_358.50_,10_60_3_17_5_
09:35:35,360.50,1,419,361.50_362.00_362.50_363.00_363.50_,6_4_4_19_49_,360.50_360.00_359.50_359.00_358.50_,8_60_3_17_5_
09:35:46,360.50,1,419,361.50_362.00_362.50_363.00_363.50_,6_4_4_19_49_,360.50_360.00_359.50_359.00_358.50_,4_60_3_17_5_
09:35:51,360.50,1,419,361.50_362.00_362.50_363.00_363.50_,6_4_4_19_49_,360.50_360.00_359.50_359.00_358.50_,5_60_3_17_5_
09:35:56,360.50,1,419,361.50_362.00_362.50_363.00_363.50_,11_4_4_19_49_,360.50_360.00_359.50_359.00_358.50_,6_61_3_17_5_
09:36:01,360.50,1,419,361.50_362.00_362.50_363.00_363.50_,11_4_4_19_49_,360.50_360.00_359.50_359.00_358.50_,5_61_3_17_5_
09:36:06,360.50,1,419,361.50_362.00_362.50_363.00_363.50_,11_4_4_19_49_,360.50_360.00_359.50_359.00_358.50_,6_61_3_17_5_
09:36:11,360.50,1,420,361.50_362.00_362.50_363.00_363.50_,11_5_4_19_49_,360.50_360.00_359.50_359.00_358.50_,6_61_3_17_5_
09:36:16,360.00,46,466,361.50_362.00_362.50_363.00_363.50_,11_5_4_19_49_,360.00_359.50_359.00_358.50_358.00_,21_3_17_6_15_
09:36:22,360.00,46,466,361.50_362.00_362.50_363.00_363.50_,11_5_4_21_47_,360.00_359.50_359.00_358.50_358.00_,20_3_6_15_17_
09:36:32,360.00,46,466,361.00_361.50_362.00_362.50_363.00_,1_11_5_4_21_,360.00_359.50_359.00_358.50_358.00_,20_3_6_15_17_
09:36:37,360.50,2,468,361.00_361.50_362.00_362.50_363.00_,3_8_5_4_30_,360.00_359.00_358.50_358.00_357.50_,21_9_15_17_4_
09:36:42,360.00,1,469,361.00_361.50_362.00_362.50_363.00_,3_7_5_4_30_,360.00_359.00_358.50_358.00_357.50_,20_9_9_21_6_
09:36:47,360.00,2,471,361.00_361.50_362.00_362.50_363.00_,3_7_5_4_30_,360.00_359.00_358.50_358.00_357.50_,18_9_15_15_6_
09:36:52,360.00,1,472,361.00_361.50_362.00_362.50_363.00_,3_7_5_4_30_,360.00_359.00_358.50_358.00_357.50_,17_9_15_15_6_
09:36:57,360.00,1,472,361.00_361.50_362.00_362.50_363.00_,3_7_5_4_30_,360.00_359.00_358.50_358.00_357.50_,18_9_15_15_6_
09:37:03,360.00,12,484,361.00_361.50_362.00_362.50_363.00_,4_7_5_4_30_,360.00_359.00_358.50_358.00_357.50_,6_9_15_15_6_
09:37:08,361.00,5,489,361.00_361.50_362.00_362.50_363.00_,2_10_5_4_27_,360.00_359.00_358.50_358.00_357.50_,6_9_12_15_6_
09:37:13,360.00,2,491,361.00_361.50_362.00_362.50_363.00_,2_10_5_4_27_,360.00_359.00_358.50_358.00_357.50_,4_9_9_21_6_
09:37:18,360.00,2,491,361.00_361.50_362.00_362.50_363.00_,2_10_5_4_27_,360.50_360.00_359.00_358.50_358.00_,1_5_9_12_15_
09:37:23,360.00,2,491,361.00_361.50_362.00_362.50_363.00_,2_10_5_7_27_,360.50_360.00_359.50_359.00_358.50_,4_3_3_6_15_
09:37:28,360.00,2,491,361.00_361.50_362.00_362.50_363.00_,2_10_5_7_27_,360.50_360.00_359.50_359.00_358.50_,4_10_3_7_17_
09:37:33,360.00,2,491,361.00_361.50_362.00_362.50_363.00_,2_7_5_7_30_,360.50_360.00_359.50_359.00_358.50_,5_10_3_8_17_
09:37:38,360.00,2,491,361.00_361.50_362.00_362.50_363.00_,2_7_5_7_30_,360.50_360.00_359.50_359.00_358.50_,4_10_3_8_17_
09:37:43,361.00,1,492,361.00_361.50_362.00_362.50_363.00_,1_7_5_7_30_,360.50_360.00_359.50_359.00_358.50_,4_10_3_8_17_
09:37:54,360.50,1,493,361.00_361.50_362.00_362.50_363.00_,1_7_5_7_31_,360.50_360.00_359.50_359.00_358.50_,3_11_3_8_17_
09:37:59,360.50,1,493,361.00_361.50_362.00_362.50_363.00_,1_2_5_7_31_,360.50_360.00_359.50_359.00_358.50_,3_11_3_8_17_
09:38:04,360.50,1,494,361.00_361.50_362.00_362.50_363.00_,1_2_5_7_31_,360.50_360.00_359.50_359.00_358.50_,2_11_3_8_17_
09:38:09,360.50,1,494,361.00_361.50_362.00_362.50_363.00_,1_2_5_7_31_,360.50_360.00_359.50_359.00_358.50_,4_12_3_8_17_
09:38:14,361.00,1,495,361.50_362.00_362.50_363.00_363.50_,2_5_7_31_41_,360.50_360.00_359.50_359.00_358.50_,5_22_3_11_17_
09:38:19,361.00,1,495,361.00_361.50_362.00_362.50_363.00_,1_2_2_7_20_,360.50_360.00_359.50_359.00_358.50_,5_22_3_16_12_
09:38:25,361.00,1,495,361.00_361.50_362.00_362.50_363.00_,1_2_2_7_31_,360.50_360.00_359.50_359.00_358.50_,8_24_3_10_17_
09:38:30,361.00,1,496,361.50_362.00_362.50_363.00_363.50_,2_2_7_31_44_,360.50_360.00_359.50_359.00_358.50_,8_24_3_10_18_
09:38:35,361.00,1,496,361.50_362.00_362.50_363.00_363.50_,2_2_7_20_55_,361.00_360.50_360.00_359.50_359.00_,1_9_24_3_15_
09:38:40,361.00,1,497,361.50_362.00_362.50_363.00_363.50_,2_2_6_21_55_,361.00_360.50_360.00_359.00_358.50_,7_5_27_23_5_
09:38:45,361.00,1,497,361.50_362.00_362.50_363.00_363.50_,2_1_6_21_55_,361.00_360.50_360.00_359.00_358.50_,7_5_27_21_7_
09:38:50,361.00,1,497,361.50_362.00_362.50_363.00_363.50_,2_1_6_21_55_,361.00_360.50_360.00_359.50_359.00_,5_5_27_3_21_
09:38:55,361.00,1,497,361.50_362.00_362.50_363.00_363.50_,2_1_6_21_55_,361.00_360.50_360.00_359.50_359.00_,6_5_27_3_23_
09:39:00,361.50,1,498,361.50_362.00_362.50_363.00_363.50_,1_1_7_21_55_,361.00_360.50_360.00_359.50_359.00_,6_5_27_3_23_
09:39:06,361.00,1,499,361.50_362.00_362.50_363.00_363.50_,1_1_7_21_55_,361.00_360.50_360.00_359.50_359.00_,5_5_28_4_23_
09:39:11,361.50,1,500,361.50_362.00_362.50_363.00_363.50_,2_3_7_21_55_,361.00_360.50_360.00_359.50_359.00_,5_5_28_4_23_
09:39:47,361.50,2,502,362.00_362.50_363.00_363.50_364.00_,3_7_21_55_32_,361.00_360.50_360.00_359.50_359.00_,5_5_29_4_23_
09:39:52,362.00,1,503,362.00_362.50_363.00_363.50_364.00_,2_7_21_44_43_,361.50_361.00_360.50_360.00_359.50_,1_6_5_29_10_
09:39:57,362.00,2,505,362.50_363.00_363.50_364.00_364.50_,4_20_46_46_37_,361.50_361.00_360.50_360.00_359.50_,7_1_8_26_18_
09:40:02,362.00,2,505,362.50_363.00_363.50_364.00_364.50_,4_20_46_35_48_,361.50_361.00_360.50_360.00_359.50_,8_1_8_31_13_
09:40:17,362.00,2,505,362.50_363.00_363.50_364.00_364.50_,4_20_46_35_48_,361.50_361.00_360.50_360.00_359.50_,8_2_8_31_13_
09:40:28,362.00,2,505,362.50_363.00_363.50_364.00_364.50_,4_21_46_35_48_,362.00_361.50_361.00_360.50_360.00_,3_8_2_8_31_
09:40:33,362.00,2,505,362.50_363.00_363.50_364.00_364.50_,4_21_44_37_48_,362.00_361.50_361.00_360.50_360.00_,13_1_5_6_41_
09:40:38,362.00,2,505,362.50_363.00_363.50_364.00_364.50_,4_18_44_37_51_,362.00_361.50_361.00_360.50_360.00_,13_1_5_6_41_
09:40:48,362.50,5,510,362.50_363.00_363.50_364.00_364.50_,4_21_45_37_48_,362.00_361.50_361.00_360.50_360.00_,13_1_5_6_41_
09:40:58,362.50,5,510,362.50_363.00_363.50_364.00_364.50_,4_22_45_37_48_,362.00_361.50_361.00_360.50_360.00_,13_1_5_6_41_
09:41:04,362.50,1,511,362.50_363.00_363.50_364.00_364.50_,4_22_45_37_48_,362.00_361.50_361.00_360.50_360.00_,21_1_5_4_41_
09:41:09,362.50,1,511,362.50_363.00_363.50_364.00_364.50_,4_22_45_37_48_,362.00_361.50_361.00_360.50_360.00_,21_1_5_4_42_
09:41:14,362.00,1,512,362.50_363.00_363.50_364.00_364.50_,4_22_45_37_48_,362.00_361.50_361.00_360.50_360.00_,20_1_5_4_42_
09:41:19,362.50,3,515,362.50_363.00_363.50_364.00_364.50_,2_12_45_37_48_,362.00_361.50_361.00_360.50_360.00_,20_1_5_4_42_
09:41:24,362.00,1,516,362.50_363.00_363.50_364.00_364.50_,3_9_45_38_51_,362.00_361.50_361.00_360.50_360.00_,20_1_5_4_41_
09:41:29,362.00,1,516,362.50_363.00_363.50_364.00_364.50_,2_8_45_38_52_,362.00_361.50_361.00_360.50_360.00_,20_1_5_6_42_
09:41:40,362.00,1,516,362.50_363.00_363.50_364.00_364.50_,2_8_45_38_52_,362.00_361.50_361.00_360.50_360.00_,19_1_7_6_42_
09:41:50,362.00,1,517,362.50_363.00_363.50_364.00_364.50_,2_8_45_38_52_,362.00_361.50_361.00_360.50_360.00_,19_1_7_6_42_
09:42:00,362.00,1,517,362.50_363.00_363.50_364.00_364.50_,2_9_45_38_52_,362.00_361.50_361.00_360.50_360.00_,19_1_7_6_43_
09:42:05,362.50,1,518,362.50_363.00_363.50_364.00_364.50_,1_9_45_38_52_,362.00_361.50_361.00_360.50_360.00_,19_1_7_6_43_
09:42:10,362.50,2,520,362.50_363.00_363.50_364.00_364.50_,1_9_45_38_52_,362.00_361.50_361.00_360.50_360.00_,19_1_7_9_43_
09:42:15,362.50,2,520,362.50_363.00_363.50_364.00_364.50_,1_9_45_38_52_,362.00_361.50_361.00_360.50_360.00_,18_1_7_9_43_
09:42:21,362.50,1,521,363.00_363.50_364.00_364.50_365.00_,9_45_38_52_89_,362.00_361.50_361.00_360.50_360.00_,18_1_7_9_43_
09:42:26,363.00,4,525,363.00_363.50_364.00_364.50_365.00_,6_45_38_41_99_,362.00_361.50_361.00_360.50_360.00_,18_1_7_14_38_
09:42:31,363.00,4,525,363.00_363.50_364.00_364.50_365.00_,6_45_39_41_99_,362.00_361.50_361.00_360.50_360.00_,18_1_7_14_38_
09:42:36,363.00,1,526,363.00_363.50_364.00_364.50_365.00_,4_45_39_41_99_,362.00_361.50_361.00_360.50_360.00_,18_1_7_14_38_
09:42:41,363.00,1,527,363.00_363.50_364.00_364.50_365.00_,3_45_39_41_100_,362.00_361.50_361.00_360.50_360.00_,18_1_7_14_38_
09:42:46,363.00,1,528,363.00_363.50_364.00_364.50_365.00_,3_45_39_41_100_,362.00_361.50_361.00_360.50_360.00_,18_1_7_14_39_
09:42:51,363.00,3,531,363.50_364.00_364.50_365.00_365.50_,45_39_41_100_41_,363.00_362.00_361.50_361.00_360.50_,3_18_1_7_15_
09:42:56,363.00,3,531,363.50_364.00_364.50_365.00_365.50_,42_37_41_94_52_,363.00_362.00_361.50_361.00_360.50_,19_5_1_12_17_
09:43:02,363.00,3,531,363.50_364.00_364.50_365.00_365.50_,42_34_41_94_55_,363.00_362.00_361.50_361.00_360.50_,19_4_2_12_17_
09:43:07,363.00,1,532,363.50_364.00_364.50_365.00_365.50_,42_34_41_94_55_,363.00_362.00_361.50_361.00_360.50_,18_4_2_12_17_
09:43:12,363.50,2,534,363.50_364.00_364.50_365.00_365.50_,40_34_42_94_55_,363.00_362.00_361.50_361.00_360.50_,12_4_2_12_17_
09:43:17,363.50,2,534,363.50_364.00_364.50_365.00_365.50_,45_34_42_94_57_,363.00_362.00_361.50_361.00_360.50_,12_1_5_12_17_
09:43:27,363.50,1,535,363.50_364.00_364.50_365.00_365.50_,44_34_42_94_57_,363.00_362.00_361.50_361.00_360.50_,13_1_5_12_17_
09:43:32,363.50,1,535,363.50_364.00_364.50_365.00_365.50_,44_33_42_94_57_,363.00_362.00_361.50_361.00_360.50_,13_1_8_12_17_
09:43:43,363.50,1,535,363.50_364.00_364.50_365.00_365.50_,44_36_42_94_54_,363.00_362.00_361.50_361.00_360.50_,13_2_8_12_17_
09:43:53,363.50,1,535,363.50_364.00_364.50_365.00_365.50_,44_34_42_94_57_,363.00_362.00_361.50_361.00_360.50_,13_2_8_12_17_
09:44:03,363.50,1,535,363.50_364.00_364.50_365.00_365.50_,44_38_42_94_57_,363.00_362.00_361.50_361.00_360.50_,13_2_8_12_17_
09:44:08,363.00,1,536,363.50_364.00_364.50_365.00_365.50_,45_38_42_94_57_,363.00_362.00_361.50_361.00_360.50_,12_2_8_12_17_
09:44:13,363.50,1,537,363.50_364.00_364.50_365.00_365.50_,44_38_42_94_57_,363.00_362.00_361.50_361.00_360.50_,12_5_5_12_17_
09:44:18,363.50,1,537,363.50_364.00_364.50_365.00_365.50_,44_38_42_94_57_,363.00_362.00_361.50_361.00_360.50_,12_3_8_12_17_
09:44:24,363.50,2,539,363.50_364.00_364.50_365.00_365.50_,42_38_42_94_57_,363.00_362.00_361.50_361.00_360.50_,12_2_8_12_17_
09:44:29,363.50,2,539,363.50_364.00_364.50_365.00_365.50_,42_38_42_94_57_,363.00_362.00_361.50_361.00_360.50_,12_1_8_12_17_
09:44:49,363.00,1,540,363.50_364.00_364.50_365.00_365.50_,42_38_42_94_57_,363.00_362.00_361.50_361.00_360.50_,11_1_8_12_17_
09:44:54,363.00,1,540,363.50_364.00_364.50_365.00_365.50_,42_38_42_94_57_,363.00_362.00_361.50_361.00_360.50_,11_4_5_12_17_
09:44:59,363.00,1,540,363.50_364.00_364.50_365.00_365.50_,42_38_42_94_57_,363.00_362.00_361.50_361.00_360.50_,11_4_5_13_17_
09:45:05,363.00,1,540,363.50_364.00_364.50_365.00_365.50_,42_41_42_94_54_,363.00_362.00_361.50_361.00_360.50_,11_4_8_13_18_
09:45:10,363.00,6,546,363.50_364.00_364.50_365.00_365.50_,42_41_42_94_54_,363.00_362.00_361.50_361.00_360.50_,5_4_8_13_18_
09:45:15,363.00,1,547,363.50_364.00_364.50_365.00_365.50_,42_41_42_94_54_,363.00_362.00_361.50_361.00_360.50_,4_4_8_13_18_
09:45:20,363.00,1,547,363.50_364.00_364.50_365.00_365.50_,42_41_42_94_54_,363.00_362.50_362.00_361.50_361.00_,4_1_4_8_13_
09:45:25,363.00,5,552,363.00_363.50_364.00_364.50_365.00_,2_42_41_42_94_,362.50_362.00_361.50_361.00_360.50_,1_4_8_13_18_
09:45:30,363.00,5,552,363.00_363.50_364.00_364.50_365.00_,8_40_41_44_100_,362.50_362.00_361.50_361.00_360.50_,2_1_11_8_23_
09:45:35,363.00,5,552,363.00_363.50_364.00_364.50_365.00_,11_40_41_44_100_,362.50_362.00_361.50_361.00_360.50_,3_1_11_8_23_
09:45:40,362.50,1,553,363.00_363.50_364.00_364.50_365.00_,11_40_41_44_100_,362.50_362.00_361.50_361.00_360.50_,2_1_11_8_23_
09:45:46,362.50,1,553,363.00_363.50_364.00_364.50_365.00_,12_40_41_44_100_,362.50_362.00_361.50_361.00_360.50_,2_1_8_8_23_
09:45:51,362.50,2,555,362.50_363.00_363.50_364.00_364.50_,2_12_40_41_44_,362.00_361.50_361.00_360.50_360.00_,1_8_8_23_32_
09:45:56,362.50,2,555,362.50_363.00_363.50_364.00_364.50_,5_8_40_43_53_,362.00_361.50_361.00_360.50_360.00_,3_4_11_11_45_
09:46:01,362.00,2,557,362.50_363.00_363.50_364.00_364.50_,5_8_40_43_53_,362.00_361.50_361.00_360.50_360.00_,1_4_11_11_45_
09:46:06,362.00,1,558,362.00_362.50_363.00_363.50_364.00_,2_5_11_40_43_,361.50_361.00_360.50_360.00_359.50_,4_11_11_45_1_
09:46:11,361.50,1,559,362.00_363.00_363.50_364.00_364.50_,7_11_42_52_39_,361.50_361.00_360.50_360.00_359.50_,3_5_14_32_17_
09:46:16,361.50,1,559,362.00_363.00_363.50_364.00_364.50_,7_14_42_43_48_,361.50_361.00_360.50_360.00_359.50_,3_5_14_32_17_
09:46:21,361.00,4,563,362.00_363.00_363.50_364.00_364.50_,7_14_42_43_48_,361.00_360.50_360.00_359.50_359.00_,4_14_32_17_5_
09:46:26,361.00,4,563,362.00_363.00_363.50_364.00_364.50_,6_14_42_43_48_,361.00_360.50_360.00_359.50_359.00_,5_10_35_10_13_
09:46:32,361.00,4,567,362.00_363.00_363.50_364.00_364.50_,6_14_43_43_48_,361.00_360.50_360.00_359.50_359.00_,1_10_35_10_13_
09:46:37,361.00,4,567,362.00_362.50_363.00_363.50_364.00_,6_3_14_43_40_,361.00_360.50_360.00_359.50_359.00_,1_10_35_10_13_
09:46:42,361.00,4,567,362.00_362.50_363.00_363.50_364.00_,9_3_14_43_40_,361.00_360.50_360.00_359.50_359.00_,2_10_35_10_13_
09:46:47,361.00,4,567,362.00_362.50_363.00_363.50_364.00_,9_3_14_43_49_,361.00_360.50_360.00_359.50_359.00_,2_11_35_10_13_
09:46:57,361.00,1,568,362.00_362.50_363.00_363.50_364.00_,9_3_15_43_49_,361.50_361.00_360.50_360.00_359.50_,1_8_11_35_10_
09:47:02,361.00,1,568,362.00_363.00_363.50_364.00_364.50_,9_15_43_52_39_,361.50_361.00_360.50_360.00_359.50_,2_8_14_31_18_
09:47:07,361.00,1,568,362.00_363.00_363.50_364.00_364.50_,9_15_43_43_48_,361.50_361.00_360.50_360.00_359.50_,2_8_14_31_18_
09:47:13,361.00,1,568,362.00_363.00_363.50_364.00_364.50_,10_15_43_43_48_,361.50_361.00_360.50_360.00_359.50_,2_8_14_32_19_
09:47:18,361.50,2,570,362.00_363.00_363.50_364.00_364.50_,10_15_43_43_48_,361.00_360.50_360.00_359.50_359.00_,8_13_32_19_6_
09:47:23,361.50,2,570,362.00_362.50_363.00_363.50_364.00_,10_3_15_43_40_,361.00_360.50_360.00_359.50_359.00_,8_10_35_11_14_
09:47:28,361.50,2,570,362.00_362.50_363.00_363.50_364.00_,10_3_15_43_40_,361.00_360.50_360.00_359.50_359.00_,9_10_35_11_14_
09:47:33,361.50,2,570,362.00_362.50_363.00_363.50_364.00_,10_3_15_43_49_,361.00_360.50_360.00_359.50_359.00_,9_10_35_11_14_
09:47:38,361.50,2,570,361.50_362.00_362.50_363.00_363.50_,1_10_8_15_43_,361.00_360.50_360.00_359.50_359.00_,9_10_35_11_14_
09:47:43,361.50,2,570,361.50_362.00_362.50_363.00_363.50_,6_5_8_16_52_,361.00_360.50_360.00_359.50_359.00_,9_10_55_6_19_
09:47:48,361.50,2,570,361.50_362.00_362.50_363.00_363.50_,6_5_8_16_52_,361.00_360.50_360.00_359.50_359.00_,10_10_55_6_19_
09:47:54,361.50,2,570,361.50_362.00_362.50_363.00_363.50_,6_5_8_17_52_,361.00_360.50_360.00_359.50_359.00_,10_10_55_6_19_
09:48:09,361.50,2,570,361.50_362.00_362.50_363.00_363.50_,6_5_8_17_52_,361.00_360.50_360.00_359.50_359.00_,11_10_55_6_19_
09:48:14,361.50,2,570,361.50_362.00_362.50_363.00_363.50_,6_5_8_18_52_,361.00_360.50_360.00_359.50_359.00_,11_10_55_6_19_
09:48:19,361.50,5,575,361.50_362.00_362.50_363.00_363.50_,1_5_8_18_52_,361.00_360.50_360.00_359.50_359.00_,20_10_55_6_18_
09:48:24,361.50,5,575,362.00_362.50_363.00_363.50_364.00_,5_5_18_52_41_,361.00_360.50_360.00_359.50_359.00_,20_10_56_6_18_
09:48:29,361.50,5,575,362.00_362.50_363.00_363.50_364.00_,5_5_18_41_52_,361.50_361.00_360.50_360.00_359.50_,1_20_10_56_11_
09:48:35,361.50,5,575,362.00_362.50_363.00_363.50_364.00_,5_5_17_43_52_,361.50_361.00_360.50_360.00_359.50_,11_12_13_52_19_
09:48:40,361.50,5,575,362.00_362.50_363.00_363.50_364.00_,5_5_17_43_52_,361.50_361.00_360.50_360.00_359.50_,13_12_13_52_20_
09:48:50,361.50,5,575,362.00_362.50_363.00_363.50_364.00_,5_5_17_43_52_,361.50_361.00_360.50_360.00_359.50_,13_13_13_52_20_
09:49:00,361.50,5,575,362.00_362.50_363.00_363.50_364.00_,5_5_17_43_52_,361.50_361.00_360.50_360.00_359.50_,13_16_18_52_17_
09:49:10,361.50,5,575,362.00_362.50_363.00_363.50_364.00_,6_5_17_43_52_,361.50_361.00_360.50_360.00_359.50_,13_15_18_52_17_
09:49:36,361.50,13,588,361.50_362.00_362.50_363.00_363.50_,7_6_5_17_43_,361.00_360.50_360.00_359.50_359.00_,15_18_52_17_6_
09:49:41,361.50,1,589,361.50_362.00_362.50_363.00_363.50_,7_6_5_18_52_,361.00_360.50_360.00_359.50_359.00_,14_15_55_7_19_
09:49:46,361.50,1,590,361.50_362.00_362.50_363.00_363.50_,6_6_5_18_52_,361.00_360.50_360.00_359.50_359.00_,14_15_55_7_19_
09:49:56,361.50,1,591,361.50_362.00_362.50_363.00_363.50_,5_6_5_18_52_,361.00_360.50_360.00_359.50_359.00_,14_15_55_7_19_
09:50:12,361.50,1,591,361.50_362.00_362.50_363.00_363.50_,5_6_8_18_52_,361.00_360.50_360.00_359.50_359.00_,14_15_55_7_19_
09:50:17,361.50,1,591,361.50_362.00_362.50_363.00_363.50_,5_6_8_18_52_,361.00_360.50_360.00_359.50_359.00_,14_15_56_7_19_
09:50:27,361.50,1,591,361.50_362.00_362.50_363.00_363.50_,5_6_5_18_52_,361.00_360.50_360.00_359.50_359.00_,14_15_57_7_19_
09:50:37,361.50,1,591,361.50_362.00_362.50_363.00_363.50_,5_6_5_19_52_,361.00_360.50_360.00_359.50_359.00_,14_15_57_7_19_
09:50:43,361.50,1,592,361.50_362.00_362.50_363.00_363.50_,4_6_5_19_52_,361.00_360.50_360.00_359.50_359.00_,14_15_57_7_19_
09:50:58,361.50,1,592,361.50_362.00_362.50_363.00_363.50_,5_6_5_19_52_,361.00_360.50_360.00_359.50_359.00_,14_15_57_7_19_
09:51:03,361.50,1,592,361.50_362.00_362.50_363.00_363.50_,5_6_8_19_52_,361.00_360.50_360.00_359.50_359.00_,14_15_57_7_19_
09:51:08,361.50,1,593,361.50_362.00_362.50_363.00_363.50_,24_6_8_19_52_,361.00_360.50_360.00_359.50_359.00_,14_15_57_7_19_
09:51:24,361.50,1,593,361.50_362.00_362.50_363.00_363.50_,24_6_8_19_52_,361.00_360.50_360.00_359.50_359.00_,14_12_57_7_22_
09:51:29,361.50,1,593,361.50_362.00_362.50_363.00_363.50_,25_6_8_19_52_,361.00_360.50_360.00_359.50_359.00_,16_12_57_7_22_
09:51:34,361.50,1,593,361.50_362.00_362.50_363.00_363.50_,25_6_8_19_52_,361.00_360.50_360.00_359.50_359.00_,18_12_57_7_22_
09:51:49,361.50,1,593,361.50_362.00_362.50_363.00_363.50_,25_6_8_19_52_,361.00_360.50_360.00_359.50_359.00_,18_12_58_7_22_
09:51:54,361.50,1,593,361.50_362.00_362.50_363.00_363.50_,25_6_8_19_52_,361.00_360.50_360.00_359.50_359.00_,28_12_58_7_22_
09:52:00,361.50,1,593,361.50_362.00_362.50_363.00_363.50_,25_6_8_19_52_,361.00_360.50_360.00_359.50_359.00_,28_12_57_7_22_
09:52:05,361.50,1,593,361.50_362.00_362.50_363.00_363.50_,35_6_8_19_52_,361.00_360.50_360.00_359.50_359.00_,28_12_57_7_22_
09:52:15,361.00,1,598,361.50_362.00_362.50_363.00_363.50_,32_6_8_19_52_,361.00_360.50_360.00_359.50_359.00_,23_12_57_7_22_
09:52:30,361.00,5,603,361.50_362.00_362.50_363.00_363.50_,32_6_8_20_52_,361.00_360.50_360.00_359.50_359.00_,18_12_57_7_22_
09:52:35,361.00,14,617,361.50_362.00_362.50_363.00_363.50_,32_6_8_20_52_,361.00_360.50_360.00_359.50_359.00_,5_12_57_7_22_
09:52:40,361.00,7,624,361.00_361.50_362.00_362.50_363.00_,11_32_6_8_20_,360.50_360.00_359.50_359.00_358.50_,12_57_7_22_2_
09:52:46,360.50,2,626,361.00_361.50_362.00_362.50_363.00_,11_33_8_9_30_,360.50_360.00_359.50_359.00_358.50_,10_51_9_11_17_
09:52:51,360.50,10,636,361.00_361.50_362.00_362.50_363.00_,11_33_8_9_30_,360.50_360.00_359.50_359.00_358.50_,3_51_9_16_12_
09:52:56,360.50,2,638,361.00_361.50_362.00_362.50_363.00_,13_31_8_9_30_,360.50_360.00_359.50_359.00_358.50_,2_51_9_16_12_
09:53:01,360.50,2,638,361.00_361.50_362.00_362.50_363.00_,18_31_8_9_30_,360.50_360.00_359.50_359.00_358.50_,2_51_9_16_12_
09:53:06,360.50,2,640,360.50_361.00_361.50_362.00_362.50_,4_19_30_8_9_,360.00_359.50_359.00_358.50_358.00_,51_9_16_12_16_
09:53:11,360.00,2,642,360.50_361.00_361.50_362.00_362.50_,8_16_30_9_19_,360.00_359.50_359.00_358.50_358.00_,49_6_15_9_24_
09:53:16,360.00,2,642,360.50_361.00_361.50_362.00_362.50_,8_16_33_9_19_,360.00_359.50_359.00_358.50_358.00_,49_6_15_9_24_
09:53:21,360.00,4,646,360.50_361.00_361.50_362.00_362.50_,9_15_33_9_19_,360.00_359.50_359.00_358.50_358.00_,45_3_15_10_27_
09:53:27,360.00,4,646,360.50_361.00_361.50_362.00_362.50_,10_15_33_9_19_,360.00_359.50_359.00_358.50_358.00_,45_3_15_10_27_
09:53:32,360.50,1,647,360.50_361.00_361.50_362.00_362.50_,10_6_33_9_19_,360.00_359.50_359.00_358.50_358.00_,45_3_15_10_27_
09:53:37,360.00,5,652,360.50_361.00_361.50_362.00_362.50_,20_6_33_9_19_,360.00_359.50_359.00_358.50_358.00_,41_3_15_10_27_
09:53:42,360.00,12,664,360.50_361.00_361.50_362.00_362.50_,29_6_33_9_19_,360.00_359.50_359.00_358.50_358.00_,32_3_15_10_27_
09:53:47,360.00,32,696,360.00_360.50_361.00_361.50_362.00_,7_29_10_33_9_,359.50_359.00_358.50_358.00_357.50_,3_15_10_27_2_
09:53:52,359.00,9,705,359.00_359.50_360.00_360.50_361.00_,5_1_20_29_9_,358.50_358.00_357.50_357.00_356.50_,6_25_13_15_4_
09:53:57,358.00,6,711,358.50_359.00_359.50_360.00_360.50_,1_6_1_26_30_,358.00_357.50_357.00_356.50_356.00_,12_9_20_15_24_
09:54:02,358.00,4,715,358.50_359.00_359.50_360.00_360.50_,9_2_3_27_39_,358.00_357.50_357.00_356.50_356.00_,8_2_19_18_30_
09:54:08,358.00,4,719,358.50_359.00_359.50_360.00_360.50_,11_2_3_27_39_,358.00_357.50_357.00_356.50_356.00_,8_1_19_18_30_
09:54:13,358.00,9,728,358.50_359.00_359.50_360.00_360.50_,11_2_3_27_39_,357.50_357.00_356.50_356.00_355.00_,1_19_18_30_28_
09:54:18,357.00,2,730,358.00_358.50_359.00_359.50_360.00_,3_9_3_3_27_,357.00_356.50_356.00_355.00_354.50_,15_11_40_30_1_
09:54:23,357.00,4,734,358.00_358.50_359.00_359.50_360.00_,10_3_13_3_36_,357.00_356.50_356.00_355.50_355.00_,12_7_33_14_27_
09:54:28,358.00,11,745,358.00_358.50_359.00_359.50_360.00_,2_2_13_4_36_,357.00_356.50_356.00_355.50_355.00_,12_7_33_14_29_
09:54:33,357.00,6,751,357.50_358.50_359.00_359.50_360.00_,1_2_13_4_36_,357.00_356.50_356.00_355.50_355.00_,12_7_33_14_29_
09:54:38,358.00,1,752,358.50_359.00_359.50_360.00_360.50_,5_13_6_31_5_,358.00_357.50_357.00_356.50_356.00_,1_3_13_7_32_
09:54:43,358.00,3,755,358.50_359.00_359.50_360.00_360.50_,3_13_3_26_16_,358.00_357.50_357.00_356.50_356.00_,5_3_16_41_52_
09:54:49,358.00,6,761,358.50_359.00_359.50_360.00_360.50_,2_13_3_26_16_,358.00_357.50_357.00_356.50_356.00_,1_5_21_41_52_
09:54:54,358.50,2,763,358.50_359.00_359.50_360.00_360.50_,1_13_3_29_13_,358.00_357.50_357.00_356.50_356.00_,3_6_21_41_52_
09:54:59,358.50,1,764,358.50_359.00_359.50_360.00_360.50_,1_10_3_29_16_,358.00_357.50_357.00_356.50_356.00_,3_6_21_35_58_
09:55:04,358.50,1,764,358.50_359.00_359.50_360.00_360.50_,1_10_3_29_16_,358.00_357.50_357.00_356.50_356.00_,13_6_22_35_58_
09:55:09,358.50,1,764,358.50_359.00_359.50_360.00_360.50_,2_10_3_29_16_,358.00_357.50_357.00_356.50_356.00_,13_6_23_36_58_
09:55:14,358.50,1,765,358.50_359.00_359.50_360.00_360.50_,1_1_3_29_16_,358.00_357.50_357.00_356.50_356.00_,13_5_23_36_58_
09:55:19,358.00,8,773,358.50_359.00_359.50_360.00_360.50_,1_1_3_29_16_,358.00_357.50_357.00_356.50_356.00_,8_5_23_36_58_
09:55:25,358.50,1,774,359.00_359.50_360.00_360.50_361.00_,1_3_29_16_6_,358.50_358.00_357.50_357.00_356.50_,1_8_5_27_42_
09:55:30,358.50,1,775,359.00_359.50_360.00_360.50_361.00_,1_3_28_6_17_,358.50_358.00_357.50_357.00_356.50_,3_9_12_28_39_
09:55:35,358.50,1,775,359.00_360.00_360.50_361.00_361.50_,1_28_6_20_20_,358.50_358.00_357.50_357.00_356.50_,5_9_12_28_39_
09:55:40,358.50,1,776,359.00_360.00_360.50_361.00_361.50_,1_28_6_11_29_,358.50_358.00_357.50_357.00_356.50_,10_12_12_26_38_
09:55:45,358.50,1,776,359.00_360.00_360.50_361.00_361.50_,1_21_6_6_29_,358.50_358.00_357.50_357.00_356.50_,10_12_13_26_38_
09:55:50,358.50,1,776,359.00_360.00_360.50_361.00_361.50_,1_21_6_6_29_,358.50_358.00_357.50_357.00_356.50_,8_12_13_26_38_
09:55:55,359.00,1,777,360.00_360.50_361.00_361.50_362.00_,21_6_6_29_5_,359.00_358.50_358.00_357.50_357.00_,1_9_12_27_40_
09:56:00,359.00,1,777,360.00_360.50_361.00_361.50_362.00_,21_5_4_21_16_,359.00_358.50_358.00_357.50_357.00_,3_7_19_35_35_
09:56:06,359.00,1,777,360.00_360.50_361.00_361.50_362.00_,18_5_4_24_16_,359.50_359.00_358.50_358.00_357.50_,2_3_7_19_35_
09:56:11,359.00,1,777,360.00_360.50_361.00_361.50_362.00_,18_5_10_24_16_,359.50_359.00_358.50_358.00_357.50_,4_1_11_15_37_
09:56:16,359.00,1,777,360.00_360.50_361.00_361.50_362.00_,18_10_10_24_16_,359.50_359.00_358.50_358.00_357.50_,4_2_12_15_37_
09:56:21,359.00,1,777,360.00_360.50_361.00_361.50_362.00_,21_10_10_24_16_,359.50_359.00_358.50_358.00_357.50_,4_2_12_15_38_
09:56:26,359.00,1,777,360.00_360.50_361.00_361.50_362.00_,21_10_10_24_16_,359.50_359.00_358.50_358.00_357.50_,4_2_12_15_37_
09:56:36,359.00,1,777,360.00_360.50_361.00_361.50_362.00_,21_10_10_24_16_,359.50_359.00_358.50_358.00_357.50_,4_1_12_15_23_
09:56:41,359.50,2,779,360.00_360.50_361.00_361.50_362.00_,21_10_10_24_16_,359.50_359.00_358.50_358.00_357.50_,2_2_11_15_23_
09:56:46,359.50,2,779,360.00_360.50_361.00_361.50_362.00_,21_10_10_24_17_,359.50_359.00_358.50_358.00_357.50_,2_2_11_15_23_
09:56:51,360.00,1,780,360.00_360.50_361.00_361.50_362.00_,20_10_10_24_17_,359.50_359.00_358.50_358.00_357.50_,2_2_11_14_23_
09:56:57,359.50,2,782,360.00_360.50_361.00_361.50_362.00_,20_10_10_24_17_,359.00_358.50_358.00_357.50_357.00_,2_11_14_23_21_
09:57:02,359.50,2,782,360.00_360.50_361.00_361.50_362.00_,21_10_10_24_17_,359.00_358.50_358.00_357.50_357.00_,4_7_18_21_23_
09:57:07,359.50,2,782,360.00_360.50_361.00_361.50_362.00_,21_10_11_24_17_,359.00_358.50_358.00_357.50_357.00_,4_7_18_21_23_
09:57:12,359.50,2,782,360.00_360.50_361.00_361.50_362.00_,21_10_11_24_18_,359.00_358.50_358.00_357.50_357.00_,4_7_18_21_23_
09:57:17,359.50,2,782,360.00_360.50_361.00_361.50_362.00_,21_10_11_24_18_,359.00_358.50_358.00_357.50_357.00_,4_9_18_21_23_
09:57:22,359.50,2,782,359.50_360.00_360.50_361.00_361.50_,1_21_10_11_24_,359.00_358.50_358.00_357.50_357.00_,4_9_18_21_23_
09:57:27,359.50,2,782,359.50_360.00_360.50_361.00_361.50_,1_21_10_11_35_,359.00_358.50_358.00_357.50_357.00_,4_7_18_15_29_
09:57:32,359.50,1,783,360.00_360.50_361.00_361.50_362.00_,21_10_11_35_7_,359.50_359.00_358.50_358.00_357.50_,1_4_6_18_15_
09:57:38,359.50,1,783,360.00_360.50_361.00_361.50_362.00_,21_10_11_24_18_,359.50_359.00_358.50_358.00_357.50_,3_2_10_14_23_
09:57:43,359.50,1,783,360.00_360.50_361.00_361.50_362.00_,21_10_11_24_18_,359.50_359.00_358.50_358.00_357.50_,3_2_11_14_23_
09:57:48,359.50,1,783,360.00_360.50_361.00_361.50_362.00_,21_10_11_24_18_,359.50_359.00_358.50_358.00_357.50_,3_3_11_14_23_
09:57:53,359.50,1,783,360.00_360.50_361.00_361.50_362.00_,21_10_11_24_18_,359.50_359.00_358.50_358.00_357.50_,5_3_11_14_23_
09:57:58,359.50,1,783,360.00_360.50_361.00_361.50_362.00_,22_10_11_24_18_,359.50_359.00_358.50_358.00_357.50_,5_2_14_14_23_
09:58:08,359.50,1,783,360.00_360.50_361.00_361.50_362.00_,22_10_11_24_18_,359.50_359.00_358.50_358.00_357.50_,5_2_14_11_23_
09:58:13,359.50,1,783,360.00_360.50_361.00_361.50_362.00_,22_10_11_24_18_,359.50_359.00_358.50_358.00_357.50_,5_5_14_11_24_
09:58:19,360.00,1,784,360.00_360.50_361.00_361.50_362.00_,21_10_11_24_18_,359.50_359.00_358.50_358.00_357.50_,5_6_14_11_24_
09:58:24,360.00,1,784,360.00_360.50_361.00_361.50_362.00_,29_10_11_24_18_,359.50_359.00_358.50_358.00_357.50_,5_6_14_11_24_
09:58:29,360.00,1,784,360.00_360.50_361.00_361.50_362.00_,29_10_11_24_18_,359.50_359.00_358.50_358.00_357.50_,3_7_14_11_24_
09:58:34,360.00,1,784,360.00_360.50_361.00_361.50_362.00_,29_10_11_24_18_,359.50_359.00_358.50_358.00_357.50_,3_7_11_11_24_
09:58:39,360.00,1,785,360.00_360.50_361.00_361.50_362.00_,28_10_11_24_18_,359.50_359.00_358.50_358.00_357.50_,3_7_11_11_24_
09:58:44,360.00,1,785,360.00_360.50_361.00_361.50_362.00_,28_10_11_24_18_,359.50_359.00_358.50_358.00_357.50_,5_7_11_11_24_
09:58:49,360.00,1,786,360.00_360.50_361.00_361.50_362.00_,27_10_13_24_18_,359.50_359.00_358.50_358.00_357.50_,5_7_11_11_24_
09:58:54,360.00,1,786,360.00_360.50_361.00_361.50_362.00_,27_10_13_24_18_,359.50_359.00_358.50_358.00_357.50_,5_7_14_11_24_
09:59:10,360.00,1,786,360.00_360.50_361.00_361.50_362.00_,28_10_13_24_18_,359.50_359.00_358.50_358.00_357.50_,5_7_14_11_24_
09:59:15,360.00,1,786,360.00_360.50_361.00_361.50_362.00_,28_10_13_25_18_,359.50_359.00_358.50_358.00_357.50_,7_7_14_11_24_
09:59:35,360.00,1,787,360.00_360.50_361.00_361.50_362.00_,27_10_13_25_18_,359.50_359.00_358.50_358.00_357.50_,7_7_14_11_24_
09:59:40,359.50,2,789,360.00_360.50_361.00_361.50_362.00_,28_10_13_25_18_,359.50_359.00_358.50_358.00_357.50_,5_7_14_11_24_
09:59:46,359.50,2,789,360.00_360.50_361.00_361.50_362.00_,28_10_13_25_18_,359.50_359.00_358.50_358.00_357.50_,5_7_11_16_19_
10:00:01,359.50,2,789,360.00_360.50_361.00_361.50_362.00_,31_10_13_25_18_,359.50_359.00_358.50_358.00_357.50_,5_7_11_16_19_
10:00:11,359.50,2,789,360.00_360.50_361.00_361.50_362.00_,32_10_13_25_18_,359.50_359.00_358.50_358.00_357.50_,5_8_11_16_19_
10:00:16,359.50,5,794,360.00_360.50_361.00_361.50_362.00_,34_10_13_25_18_,359.00_358.50_358.00_357.50_357.00_,8_11_16_19_29_
10:00:21,359.50,5,794,360.00_360.50_361.00_361.50_362.00_,34_10_13_25_18_,359.00_358.50_358.00_357.50_357.00_,10_7_15_22_31_
10:00:32,359.50,5,794,360.00_360.50_361.00_361.50_362.00_,34_10_13_26_18_,359.00_358.50_358.00_357.50_357.00_,11_7_15_22_31_
10:00:37,359.50,5,794,359.50_360.00_360.50_361.00_361.50_,1_33_10_13_26_,359.00_358.50_358.00_357.50_357.00_,11_7_15_22_31_
10:00:42,359.00,9,803,359.50_360.00_360.50_361.00_361.50_,1_33_10_13_37_,359.00_358.50_358.00_357.50_357.00_,3_7_15_16_37_
10:00:47,359.00,9,803,359.50_360.00_360.50_361.00_361.50_,2_33_10_13_34_,359.00_358.50_358.00_357.50_357.00_,4_7_15_16_37_
10:01:02,359.00,9,803,359.50_360.00_360.50_361.00_361.50_,3_33_10_13_34_,359.00_358.50_358.00_357.50_357.00_,4_7_15_16_37_
10:01:08,359.00,9,803,359.50_360.00_360.50_361.00_361.50_,3_33_10_13_34_,359.00_358.50_358.00_357.50_357.00_,5_7_15_16_37_
10:01:13,359.00,9,803,359.50_360.00_360.50_361.00_361.50_,3_33_10_13_34_,359.00_358.50_358.00_357.50_357.00_,5_8_15_16_37_
10:01:18,359.00,9,803,359.50_360.00_360.50_361.00_361.50_,3_33_10_13_34_,359.00_358.50_358.00_357.50_357.00_,5_8_15_16_38_
10:01:23,359.00,1,804,359.50_360.00_360.50_361.00_361.50_,3_28_10_13_34_,359.00_358.50_358.00_357.50_357.00_,4_8_14_16_38_
10:01:28,359.00,5,809,359.00_359.50_360.00_360.50_361.00_,1_3_28_10_13_,358.50_358.00_357.50_357.00_356.50_,8_14_16_38_5_
10:01:33,359.00,1,810,359.00_359.50_360.00_360.50_361.00_,2_2_31_11_24_,358.50_358.00_357.50_357.00_356.50_,8_10_14_36_12_
10:01:38,359.00,2,812,359.50_360.00_360.50_361.00_361.50_,2_31_11_24_22_,359.00_358.50_358.00_357.50_357.00_,1_8_7_14_36_
10:01:44,359.00,1,813,359.50_360.00_360.50_361.00_361.50_,2_31_10_14_33_,359.00_358.50_358.00_357.50_357.00_,5_8_11_15_38_
10:01:49,359.00,1,814,359.50_360.00_360.50_361.00_361.50_,12_31_10_14_33_,359.00_358.50_358.00_357.50_357.00_,5_8_14_15_38_
10:01:54,359.50,2,816,359.50_360.00_360.50_361.00_361.50_,17_25_10_14_33_,359.00_358.50_358.00_357.50_357.00_,5_8_14_15_38_
10:02:04,359.00,1,817,359.50_360.00_360.50_361.00_361.50_,17_25_10_14_33_,359.00_358.50_358.00_357.50_357.00_,6_8_14_15_38_
10:02:09,359.00,1,817,359.50_360.00_360.50_361.00_361.50_,17_25_10_14_33_,359.00_358.50_358.00_357.50_357.00_,6_8_14_15_39_
10:02:14,359.00,1,817,359.50_360.00_360.50_361.00_361.50_,25_24_10_14_33_,359.00_358.50_358.00_357.50_357.00_,8_8_14_15_39_
10:02:20,359.00,1,817,359.50_360.00_360.50_361.00_361.50_,25_23_10_14_33_,359.00_358.50_358.00_357.50_357.00_,8_8_14_15_39_
10:02:30,359.00,2,819,359.50_360.00_360.50_361.00_361.50_,26_23_10_14_33_,359.00_358.50_358.00_357.50_357.00_,6_8_14_15_39_
10:02:35,359.00,1,820,359.50_360.00_360.50_361.00_361.50_,26_23_10_14_33_,359.00_358.50_358.00_357.50_357.00_,6_8_11_15_39_
10:02:40,359.00,1,820,359.50_360.00_360.50_361.00_361.50_,26_24_10_14_33_,359.00_358.50_358.00_357.50_357.00_,6_8_11_15_40_
10:02:50,359.50,1,821,359.50_360.00_360.50_361.00_361.50_,25_24_10_14_33_,359.00_358.50_358.00_357.50_357.00_,6_8_11_15_40_
10:03:01,359.00,2,823,359.50_360.00_360.50_361.00_361.50_,25_24_10_14_33_,359.00_358.50_358.00_357.50_357.00_,4_8_11_15_40_
10:03:06,359.00,2,823,359.50_360.00_360.50_361.00_361.50_,25_24_10_14_33_,359.00_358.50_358.00_357.50_357.00_,5_8_11_15_40_
10:03:11,359.00,2,823,359.50_360.00_360.50_361.00_361.50_,26_24_10_14_33_,359.00_358.50_358.00_357.50_357.00_,5_8_11_15_40_
10:03:16,359.00,4,827,359.50_360.00_360.50_361.00_361.50_,26_24_10_14_33_,359.00_358.50_358.00_357.50_357.00_,1_8_11_15_40_
10:03:21,359.00,1,828,359.50_360.00_360.50_361.00_361.50_,25_24_10_14_33_,358.50_358.00_357.50_357.00_356.50_,8_11_15_40_8_
10:03:26,359.00,1,828,359.00_359.50_360.00_360.50_361.00_,1_25_24_10_14_,358.50_358.00_357.50_357.00_356.50_,8_7_14_44_9_
10:03:31,359.00,1,828,359.00_359.50_360.00_360.50_361.00_,2_25_24_11_24_,358.50_358.00_357.50_357.00_356.50_,8_7_14_38_15_
10:03:36,359.00,2,830,359.50_360.00_360.50_361.00_361.50_,25_24_11_24_22_,358.50_358.00_357.50_357.00_356.50_,8_7_14_38_15_
10:03:42,359.00,2,830,359.50_360.00_360.50_361.00_361.50_,25_24_11_13_33_,358.50_358.00_357.50_357.00_356.50_,9_7_14_44_9_
10:03:47,359.50,1,831,359.50_360.00_360.50_361.00_361.50_,24_24_11_13_33_,358.50_358.00_357.50_357.00_356.50_,9_7_14_44_9_
10:03:52,359.50,1,831,359.50_360.00_360.50_361.00_361.50_,24_24_11_13_33_,358.50_358.00_357.50_357.00_356.50_,10_7_14_44_9_
10:04:02,359.50,1,831,359.00_359.50_360.00_360.50_361.00_,1_24_24_11_13_,358.50_358.00_357.50_357.00_356.50_,10_7_14_44_9_
10:04:07,359.50,1,831,359.00_359.50_360.00_360.50_361.00_,1_24_24_11_24_,358.50_358.00_357.50_357.00_356.50_,10_7_14_38_15_
10:04:17,358.50,4,835,359.00_359.50_360.00_360.50_361.00_,2_18_24_11_24_,358.50_358.00_357.50_357.00_356.50_,6_7_14_38_15_
10:04:23,359.00,1,836,359.00_359.50_360.00_360.50_361.00_,2_18_24_11_24_,358.50_358.00_357.50_357.00_356.50_,6_7_14_38_15_
10:04:33,359.00,2,838,359.50_360.00_360.50_361.00_361.50_,18_24_11_24_22_,358.50_358.00_357.50_357.00_356.50_,6_7_14_38_15_
10:04:38,359.00,2,838,359.50_360.00_360.50_361.00_361.50_,18_24_11_13_33_,358.50_358.00_357.50_357.00_356.50_,6_7_14_44_9_
10:04:43,359.50,1,839,359.50_360.00_360.50_361.00_361.50_,17_24_11_13_33_,359.00_358.50_358.00_357.50_357.00_,4_6_7_14_44_
10:04:48,359.00,6,845,359.50_360.00_360.50_361.00_361.50_,17_24_10_14_33_,359.00_358.50_358.00_357.50_357.00_,1_4_11_15_40_
10:04:53,359.00,6,845,359.50_360.00_360.50_361.00_361.50_,17_24_5_8_33_,359.00_358.50_358.00_357.50_357.00_,2_4_11_16_40_
10:04:58,359.00,6,845,359.50_360.00_360.50_361.00_361.50_,17_24_5_8_33_,359.00_358.50_358.00_357.50_357.00_,2_5_11_16_40_
10:05:04,359.00,6,845,359.50_360.00_360.50_361.00_361.50_,17_24_5_8_33_,359.00_358.50_358.00_357.50_357.00_,4_5_14_16_40_
10:05:09,359.00,4,849,359.50_360.00_360.50_361.00_361.50_,19_24_5_8_33_,358.50_358.00_357.50_357.00_356.50_,5_14_16_40_5_
10:05:14,359.00,4,849,359.50_360.00_360.50_361.00_361.50_,19_24_5_8_33_,358.50_358.00_357.50_357.00_356.50_,5_7_17_44_9_
10:05:19,359.00,4,849,359.50_360.00_360.50_361.00_361.50_,21_24_5_8_33_,358.50_358.00_357.50_357.00_356.50_,5_7_17_44_9_
10:05:24,359.00,4,849,359.50_360.00_360.50_361.00_361.50_,21_24_5_8_33_,358.50_358.00_357.50_357.00_356.50_,6_7_17_44_9_
10:05:29,359.00,4,849,359.00_359.50_360.00_360.50_361.00_,1_21_24_5_8_,358.50_358.00_357.50_357.00_356.50_,6_7_17_44_9_
10:05:34,359.00,4,849,359.00_359.50_360.00_360.50_361.00_,3_19_24_6_18_,358.50_358.00_357.50_357.00_356.50_,8_7_17_38_15_
10:05:40,359.00,1,850,359.00_359.50_360.00_360.50_361.00_,3_19_24_6_18_,358.50_358.00_357.50_357.00_356.50_,8_7_17_38_15_
10:05:45,359.00,2,852,359.00_359.50_360.00_360.50_361.00_,1_19_24_6_18_,358.50_358.00_357.50_357.00_356.50_,8_7_17_38_15_
10:05:50,359.00,10,862,359.00_359.50_360.00_360.50_361.00_,19_19_24_6_18_,358.50_358.00_357.50_357.00_356.50_,8_7_17_38_15_
10:05:55,359.00,4,866,359.00_359.50_360.00_360.50_361.00_,15_19_16_6_18_,358.50_358.00_357.50_357.00_356.50_,9_7_17_38_15_
10:06:00,359.00,12,878,359.00_359.50_360.00_360.50_361.00_,3_19_16_6_18_,358.50_358.00_357.50_357.00_356.50_,9_7_17_38_15_
10:06:05,359.00,1,879,359.00_359.50_360.00_360.50_361.00_,2_19_16_6_18_,358.50_358.00_357.50_357.00_356.50_,9_7_17_38_15_
10:06:10,359.50,3,882,359.50_360.00_360.50_361.00_361.50_,18_16_6_18_23_,358.50_358.00_357.50_357.00_356.50_,9_12_17_38_12_
10:06:15,358.50,2,884,359.50_360.00_360.50_361.00_361.50_,18_16_6_7_34_,358.50_358.00_357.50_357.00_356.50_,8_12_17_44_6_
10:06:21,359.50,1,885,359.50_360.00_360.50_361.00_361.50_,25_15_6_7_34_,359.00_358.50_358.00_357.50_357.00_,10_10_12_17_44_
10:06:26,359.50,1,885,359.50_360.00_360.50_361.00_361.50_,25_12_5_8_37_,359.00_358.50_358.00_357.50_357.00_,17_7_16_18_40_
10:06:31,359.50,1,885,359.50_360.00_360.50_361.00_361.50_,25_12_5_8_37_,359.00_358.50_358.00_357.50_357.00_,17_7_18_18_40_
10:06:41,359.50,3,888,359.50_360.00_360.50_361.00_361.50_,22_12_5_8_37_,359.00_358.50_358.00_357.50_357.00_,17_7_18_18_40_
10:06:46,359.50,3,888,359.50_360.00_360.50_361.00_361.50_,22_9_5_8_37_,359.00_358.50_358.00_357.50_357.00_,18_7_18_18_40_
10:06:51,359.50,3,888,359.50_360.00_360.50_361.00_361.50_,22_4_5_8_37_,359.00_358.50_358.00_357.50_357.00_,18_7_18_18_41_
10:06:56,359.50,1,889,359.50_360.00_360.50_361.00_361.50_,21_4_5_8_37_,359.00_358.50_358.00_357.50_357.00_,18_7_18_17_41_
10:07:01,359.50,1,889,359.50_360.00_360.50_361.00_361.50_,21_4_5_8_37_,359.00_358.50_358.00_357.50_357.00_,18_10_18_17_38_
10:07:12,359.50,1,889,359.50_360.00_360.50_361.00_361.50_,21_4_5_8_37_,359.00_358.50_358.00_357.50_357.00_,19_10_18_17_38_
10:07:17,359.50,1,890,359.50_360.00_360.50_361.00_361.50_,20_4_5_8_37_,359.00_358.50_358.00_357.50_357.00_,19_10_18_17_38_
10:07:22,359.00,3,893,359.50_360.00_360.50_361.00_361.50_,18_4_5_8_37_,359.00_358.50_358.00_357.50_357.00_,16_10_18_17_38_
10:07:32,359.50,10,903,359.50_360.00_360.50_361.00_361.50_,9_4_5_8_37_,359.00_358.50_358.00_357.50_357.00_,17_10_18_17_38_
10:07:37,359.50,3,906,359.50_360.00_360.50_361.00_361.50_,16_4_2_8_37_,359.00_358.50_358.00_357.50_357.00_,17_10_18_17_38_
10:07:53,359.50,2,908,359.50_360.00_360.50_361.00_361.50_,14_4_5_8_37_,359.00_358.50_358.00_357.50_357.00_,19_10_18_17_38_
10:08:08,359.50,1,910,359.50_360.00_360.50_361.00_361.50_,10_4_5_8_37_,359.00_358.50_358.00_357.50_357.00_,19_10_18_17_38_
10:08:13,359.50,2,912,359.50_360.00_360.50_361.00_361.50_,8_4_5_8_37_,359.00_358.50_358.00_357.50_357.00_,21_10_18_17_38_
10:08:23,359.50,2,914,359.50_360.00_360.50_361.00_361.50_,6_4_5_8_37_,359.00_358.50_358.00_357.50_357.00_,21_10_18_17_39_
10:08:28,359.50,1,915,359.50_360.00_360.50_361.00_361.50_,5_4_5_8_37_,359.00_358.50_358.00_357.50_357.00_,28_10_18_17_39_
10:08:39,359.50,3,918,359.50_360.00_360.50_361.00_361.50_,2_4_5_8_37_,359.00_358.50_358.00_357.50_357.00_,28_10_18_17_39_
10:08:44,359.50,2,920,360.00_360.50_361.00_361.50_362.00_,4_5_8_37_7_,359.50_359.00_358.50_358.00_357.50_,10_26_10_18_17_
10:08:49,359.50,2,920,360.00_360.50_361.00_361.50_362.00_,4_2_7_27_21_,359.50_359.00_358.50_358.00_357.50_,10_18_14_20_19_
10:08:54,359.50,2,920,360.00_360.50_361.00_361.50_362.00_,4_2_7_27_21_,359.50_359.00_358.50_358.00_357.50_,12_18_14_20_19_
10:08:59,359.50,2,920,360.00_360.50_361.00_361.50_362.00_,4_2_7_27_21_,359.50_359.00_358.50_358.00_357.50_,15_16_14_20_19_
10:09:04,360.00,4,924,360.50_361.00_361.50_362.00_362.50_,2_7_27_21_5_,360.00_359.50_359.00_358.50_358.00_,6_14_16_14_20_
10:09:09,361.00,1,925,361.00_361.50_362.00_362.50_363.00_,3_26_11_19_28_,360.00_359.50_359.00_358.50_358.00_,13_7_23_15_22_
10:09:15,361.00,1,925,361.00_361.50_362.00_362.50_363.00_,7_26_11_8_38_,360.00_359.50_359.00_358.50_358.00_,13_5_23_16_21_
10:09:20,361.00,1,925,361.00_361.50_362.00_362.50_363.00_,7_26_11_8_38_,360.00_359.50_359.00_358.50_358.00_,13_5_23_16_24_
10:09:25,361.00,1,925,361.00_361.50_362.00_362.50_363.00_,7_26_11_8_38_,360.00_359.50_359.00_358.50_358.00_,13_5_23_19_24_
10:09:30,361.00,1,925,361.00_361.50_362.00_362.50_363.00_,8_26_11_8_39_,360.00_359.50_359.00_358.50_358.00_,13_5_23_19_24_
10:09:35,361.00,3,928,361.00_361.50_362.00_362.50_363.00_,6_26_11_8_39_,360.00_359.50_359.00_358.50_358.00_,13_5_26_19_24_
10:09:40,361.00,3,928,361.00_361.50_362.00_362.50_363.00_,6_26_11_8_39_,360.00_359.50_359.00_358.50_358.00_,13_7_26_19_24_
10:09:45,361.00,2,930,361.00_361.50_362.00_362.50_363.00_,4_26_11_8_39_,360.00_359.50_359.00_358.50_358.00_,13_30_26_19_24_
10:09:50,361.00,2,932,361.50_362.00_362.50_363.00_363.50_,23_11_8_42_33_,361.00_360.00_359.50_359.00_358.50_,8_13_33_26_19_
10:09:55,361.00,2,934,361.50_362.00_362.50_363.00_363.50_,23_10_10_33_44_,361.00_360.00_359.50_359.00_358.50_,7_4_34_33_14_
10:10:06,361.00,1,938,361.50_362.00_362.50_363.00_363.50_,21_10_10_33_44_,361.00_360.00_359.50_359.00_358.50_,6_9_34_33_11_
10:10:11,361.00,6,944,361.00_361.50_362.00_362.50_363.00_,2_21_10_10_33_,360.00_359.50_359.00_358.50_358.00_,9_33_33_11_14_
10:10:16,361.00,6,944,361.00_361.50_362.00_362.50_363.00_,2_21_10_11_39_,360.00_359.50_359.00_358.50_358.00_,2_32_26_20_21_
10:10:26,361.00,3,947,361.50_362.00_362.50_363.00_363.50_,23_10_11_30_42_,360.00_359.50_359.00_358.50_358.00_,2_36_22_26_15_
10:10:31,361.50,1,948,361.50_362.00_362.50_363.00_363.50_,22_10_11_30_42_,360.00_359.50_359.00_358.50_358.00_,2_36_22_26_15_
10:10:36,361.50,1,948,361.00_361.50_362.00_362.50_363.00_,1_22_24_25_42_,360.00_359.50_359.00_358.50_358.00_,2_36_22_26_15_
10:10:42,361.00,2,950,361.00_361.50_362.00_362.50_363.00_,1_70_31_32_57_,360.00_359.50_359.00_358.50_358.00_,2_32_25_20_21_
10:10:47,361.00,2,950,361.00_361.50_362.00_362.50_363.00_,1_23_31_32_54_,360.00_359.50_359.00_358.50_358.00_,3_32_25_20_21_
10:10:52,361.00,1,951,361.50_362.00_362.50_363.00_363.50_,20_31_33_57_33_,361.00_360.50_360.00_359.50_359.00_,2_1_3_32_25_
10:10:57,361.00,1,951,361.50_362.00_362.50_363.00_363.50_,20_31_32_48_44_,361.00_360.50_360.00_359.50_359.00_,3_1_6_33_34_
10:11:07,361.00,1,951,361.50_362.00_362.50_363.00_363.50_,20_31_32_48_44_,361.00_360.50_360.00_359.50_359.00_,3_1_11_33_34_
10:11:23,361.00,1,951,361.50_362.00_362.50_363.00_363.50_,20_31_32_47_44_,361.00_360.50_360.00_359.50_359.00_,2_1_11_33_36_
10:11:28,361.00,1,951,361.50_362.00_362.50_363.00_363.50_,19_31_32_47_44_,361.00_360.50_360.00_359.50_359.00_,2_1_11_33_36_
10:11:33,361.50,1,952,361.50_362.00_362.50_363.00_363.50_,19_31_32_47_44_,361.00_360.50_360.00_359.50_359.00_,2_1_11_33_36_
10:11:38,361.50,1,952,361.50_362.00_362.50_363.00_363.50_,20_31_32_47_44_,361.00_360.50_360.00_359.50_359.00_,2_1_11_33_36_
10:11:43,361.50,1,952,361.50_362.00_362.50_363.00_363.50_,21_31_32_47_44_,361.00_360.50_360.00_359.50_359.00_,2_1_11_33_36_
10:11:48,361.00,2,954,361.00_361.50_362.00_362.50_363.00_,3_21_31_32_47_,360.50_360.00_359.50_359.00_358.50_,1_11_33_36_13_
10:11:54,361.00,2,954,361.00_361.50_362.00_362.50_363.00_,4_20_31_34_56_,360.50_360.00_359.50_359.00_358.50_,1_7_37_24_25_
10:11:59,361.00,2,954,361.00_361.50_362.00_362.50_363.00_,4_20_31_34_55_,360.50_360.00_359.50_359.00_358.50_,5_7_37_24_25_
10:12:04,361.00,2,954,361.00_361.50_362.00_362.50_363.00_,4_70_31_34_55_,360.50_360.00_359.50_359.00_358.50_,5_7_37_24_25_
10:12:09,361.00,2,954,361.00_361.50_362.00_362.50_363.00_,5_19_31_34_55_,360.50_360.00_359.50_359.00_358.50_,5_7_37_24_25_
10:12:14,361.00,1,955,361.00_361.50_362.00_362.50_363.00_,4_19_81_34_55_,360.50_360.00_359.50_359.00_358.50_,5_7_37_24_25_
10:12:24,361.00,1,955,361.00_361.50_362.00_362.50_363.00_,7_69_81_34_55_,360.50_360.00_359.50_359.00_358.50_,5_7_37_24_25_
10:12:29,361.00,1,956,361.00_361.50_362.00_362.50_363.00_,6_69_81_84_55_,360.50_360.00_359.50_359.00_358.50_,5_7_37_24_25_
10:12:35,361.00,1,956,361.00_361.50_362.00_362.50_363.00_,8_72_81_84_50_,360.50_360.00_359.50_359.00_358.50_,5_7_37_24_25_
10:12:40,361.00,1,956,361.00_361.50_362.00_362.50_363.00_,10_72_81_84_50_,360.50_360.00_359.50_359.00_358.50_,17_7_37_24_25_
10:12:45,361.00,1,956,361.00_361.50_362.00_362.50_363.00_,10_69_81_84_53_,360.50_360.00_359.50_359.00_358.50_,17_7_37_24_25_
10:12:50,361.00,2,958,361.00_361.50_362.00_362.50_363.00_,8_69_81_84_53_,360.50_360.00_359.50_359.00_358.50_,17_7_37_24_25_
10:13:00,361.00,2,958,361.00_361.50_362.00_362.50_363.00_,9_69_81_84_53_,360.50_360.00_359.50_359.00_358.50_,17_7_37_24_25_
10:13:05,361.00,2,958,361.00_361.50_362.00_362.50_363.00_,9_22_81_84_100_,360.50_360.00_359.50_359.00_358.50_,17_7_37_24_25_
10:13:10,361.00,2,958,361.00_361.50_362.00_362.50_363.00_,9_19_81_84_103_,360.50_360.00_359.50_359.00_358.50_,17_7_37_24_25_
10:13:26,361.00,1,959,361.00_361.50_362.00_362.50_363.00_,8_19_81_84_103_,360.50_360.00_359.50_359.00_358.50_,17_7_37_24_25_
10:13:41,361.00,1,959,361.00_361.50_362.00_362.50_363.00_,13_19_81_84_103_,360.50_360.00_359.50_359.00_358.50_,17_7_37_24_25_
10:13:46,360.50,1,960,361.00_361.50_362.00_362.50_363.00_,13_19_81_84_103_,360.50_360.00_359.50_359.00_358.50_,16_7_37_24_25_
10:13:51,360.50,1,960,361.00_361.50_362.00_362.50_363.00_,13_19_81_84_103_,360.50_360.00_359.50_359.00_358.50_,16_7_37_29_20_
10:13:57,360.50,1,960,361.00_361.50_362.00_362.50_363.00_,13_22_81_84_100_,360.50_360.00_359.50_359.00_358.50_,16_7_37_29_20_
10:14:12,360.50,1,960,361.00_361.50_362.00_362.50_363.00_,13_22_81_84_100_,360.50_360.00_359.50_359.00_358.50_,16_7_37_28_20_
10:14:17,360.50,1,960,361.00_361.50_362.00_362.50_363.00_,13_22_81_84_100_,360.50_360.00_359.50_359.00_358.50_,18_7_37_27_20_
10:14:22,360.50,1,960,361.00_361.50_362.00_362.50_363.00_,13_22_81_84_100_,360.50_360.00_359.50_359.00_358.50_,18_7_37_22_25_
10:14:27,361.00,1,961,361.00_361.50_362.00_362.50_363.00_,12_22_81_84_100_,360.50_360.00_359.50_359.00_358.50_,18_7_37_22_25_
10:14:32,360.50,1,962,361.00_361.50_362.00_362.50_363.00_,12_22_81_84_100_,360.50_360.00_359.50_359.00_358.50_,21_7_37_22_25_
10:14:38,361.00,10,972,361.00_361.50_362.00_362.50_363.00_,2_22_81_84_100_,360.50_360.00_359.50_359.00_358.50_,23_7_37_22_25_
10:14:43,361.00,10,972,361.00_361.50_362.00_362.50_363.00_,4_22_81_84_100_,360.50_360.00_359.50_359.00_358.50_,23_7_37_22_25_
10:14:48,360.50,1,973,361.00_361.50_362.00_362.50_363.00_,10_22_81_84_100_,360.50_360.00_359.50_359.00_358.50_,9_7_37_22_25_
10:14:53,360.50,1,974,361.00_361.50_362.00_362.50_363.00_,10_22_81_84_100_,360.50_360.00_359.50_359.00_358.50_,8_7_34_22_25_
10:15:03,361.00,2,976,361.00_361.50_362.00_362.50_363.00_,8_22_81_84_100_,360.50_360.00_359.50_359.00_358.50_,8_7_34_22_25_
10:15:08,361.00,2,976,361.00_361.50_362.00_362.50_363.00_,13_22_81_84_100_,360.50_360.00_359.50_359.00_358.50_,8_7_34_22_25_
10:15:13,361.00,2,976,361.00_361.50_362.00_362.50_363.00_,13_23_81_84_100_,360.50_360.00_359.50_359.00_358.50_,8_7_34_22_25_
10:15:24,361.00,1,977,361.00_361.50_362.00_362.50_363.00_,12_23_81_84_100_,360.50_360.00_359.50_359.00_358.50_,8_7_34_22_25_
10:15:29,361.00,1,977,361.00_361.50_362.00_362.50_363.00_,13_23_82_84_100_,360.50_360.00_359.50_359.00_358.50_,8_8_34_22_25_
10:15:34,361.00,3,980,361.00_361.50_362.00_362.50_363.00_,10_23_82_84_50_,360.50_360.00_359.50_359.00_358.50_,8_8_34_22_25_
10:15:39,361.00,3,980,361.00_361.50_362.00_362.50_363.00_,61_25_82_84_50_,360.50_360.00_359.50_359.00_358.50_,8_8_34_22_25_
10:15:44,361.00,3,980,361.00_361.50_362.00_362.50_363.00_,11_25_82_34_50_,360.50_360.00_359.50_359.00_358.50_,8_8_34_22_25_
10:15:49,360.50,1,981,361.00_361.50_362.00_362.50_363.00_,11_25_32_34_50_,360.50_360.00_359.50_359.00_358.50_,7_8_34_22_25_
10:15:54,360.50,1,981,361.00_361.50_362.00_362.50_363.00_,13_25_32_34_50_,360.50_360.00_359.50_359.00_358.50_,6_8_34_22_25_
10:16:00,360.50,1,981,361.00_361.50_362.00_362.50_363.00_,13_26_32_34_50_,360.50_360.00_359.50_359.00_358.50_,6_8_34_22_25_
10:16:05,360.50,1,981,361.00_361.50_362.00_362.50_363.00_,13_26_32_34_50_,360.50_360.00_359.50_359.00_358.50_,6_9_34_22_25_
10:16:20,361.00,1,982,361.00_361.50_362.00_362.50_363.00_,12_26_32_34_50_,360.50_360.00_359.50_359.00_358.50_,6_9_34_22_25_
10:16:25,361.00,1,982,361.00_361.50_362.00_362.50_363.00_,12_26_32_34_50_,360.50_360.00_359.50_359.00_358.50_,6_9_37_22_25_
10:16:30,361.00,1,982,361.00_361.50_362.00_362.50_363.00_,12_26_32_34_50_,360.50_360.00_359.50_359.00_358.50_,15_9_37_22_25_
10:16:35,361.00,1,982,361.00_361.50_362.00_362.50_363.00_,12_23_32_34_53_,360.50_360.00_359.50_359.00_358.50_,17_9_37_22_25_
10:16:41,361.00,1,982,361.00_361.50_362.00_362.50_363.00_,13_23_32_34_53_,360.50_360.00_359.50_359.00_358.50_,17_9_37_22_25_
10:16:46,361.00,1,982,361.00_361.50_362.00_362.50_363.00_,13_23_32_34_53_,360.50_360.00_359.50_359.00_358.50_,18_9_37_22_25_
10:17:06,361.00,1,982,361.00_361.50_362.00_362.50_363.00_,13_23_32_34_53_,360.50_360.00_359.50_359.00_358.50_,20_9_37_22_25_
10:17:11,361.00,1,982,361.00_361.50_362.00_362.50_363.00_,16_23_32_34_53_,360.50_360.00_359.50_359.00_358.50_,21_9_37_22_25_
10:17:16,361.00,1,983,361.00_361.50_362.00_362.50_363.00_,15_23_32_34_53_,360.50_360.00_359.50_359.00_358.50_,21_9_37_22_25_
10:17:21,361.00,1,984,361.00_361.50_362.00_362.50_363.00_,16_23_32_34_54_,360.50_360.00_359.50_359.00_358.50_,21_9_37_22_25_
10:17:32,361.00,14,998,361.00_361.50_362.00_362.50_363.00_,2_23_32_34_54_,360.50_360.00_359.50_359.00_358.50_,21_9_37_22_25_
10:17:37,361.00,1,999,361.00_361.50_362.00_362.50_363.00_,2_23_32_34_54_,360.50_360.00_359.50_359.00_358.50_,21_9_37_22_25_
10:17:42,361.00,1,999,361.00_361.50_362.00_362.50_363.00_,3_23_32_34_54_,360.50_360.00_359.50_359.00_358.50_,12_9_37_22_25_
10:17:47,361.00,1,1000,361.00_361.50_362.00_362.50_363.00_,4_23_32_34_54_,360.50_360.00_359.50_359.00_358.50_,12_9_37_22_25_
10:18:02,361.00,1,1000,361.00_361.50_362.00_362.50_363.00_,5_23_32_34_54_,360.50_360.00_359.50_359.00_358.50_,12_9_37_22_25_
10:18:08,361.00,1,1001,361.00_361.50_362.00_362.50_363.00_,4_23_32_34_54_,360.50_360.00_359.50_359.00_358.50_,12_9_37_22_25_
10:18:13,361.00,1,1001,361.00_361.50_362.00_362.50_363.00_,5_23_32_34_54_,360.50_360.00_359.50_359.00_358.50_,12_9_37_22_25_
10:18:18,361.00,1,1002,361.00_361.50_362.00_362.50_363.00_,4_23_32_34_54_,360.50_360.00_359.50_359.00_358.50_,12_9_37_22_25_
10:18:28,361.00,1,1003,361.00_361.50_362.00_362.50_363.00_,5_23_32_34_53_,360.50_360.00_359.50_359.00_358.50_,12_9_37_22_25_
10:18:33,361.00,1,1003,361.00_361.50_362.00_362.50_363.00_,6_23_32_34_53_,360.50_360.00_359.50_359.00_358.50_,12_9_37_22_25_
10:18:43,361.00,1,1003,361.00_361.50_362.00_362.50_363.00_,6_23_32_34_53_,360.50_360.00_359.50_359.00_358.50_,13_9_37_22_25_
10:18:49,361.00,1,1004,361.00_361.50_362.00_362.50_363.00_,5_23_32_34_53_,360.50_360.00_359.50_359.00_358.50_,13_9_37_22_25_
10:19:14,361.00,3,1007,361.00_361.50_362.00_362.50_363.00_,2_23_32_34_53_,360.50_360.00_359.50_359.00_358.50_,13_9_37_22_25_
10:19:19,361.00,3,1007,361.00_361.50_362.00_362.50_363.00_,3_23_32_34_53_,360.50_360.00_359.50_359.00_358.50_,13_9_37_22_25_
10:19:24,361.00,1,1008,361.00_361.50_362.00_362.50_363.00_,2_23_32_34_53_,360.50_360.00_359.50_359.00_358.50_,13_9_37_22_25_
10:19:30,361.00,1,1009,361.00_361.50_362.00_362.50_363.00_,1_23_32_34_53_,360.50_360.00_359.50_359.00_358.50_,13_9_37_22_25_
10:19:35,361.00,1,1010,361.50_362.00_362.50_363.00_363.50_,23_32_34_53_35_,360.50_360.00_359.50_359.00_358.50_,13_11_37_22_25_
10:19:40,361.00,1,1010,361.50_362.00_362.50_363.00_363.50_,26_32_34_41_46_,361.00_360.50_360.00_359.50_359.00_,1_13_11_37_27_
10:19:45,361.00,1,1010,361.50_362.00_362.50_363.00_363.50_,26_32_32_43_46_,361.00_360.50_360.00_359.50_359.00_,12_1_15_33_34_
10:19:50,361.00,1,1010,361.50_362.00_362.50_363.00_363.50_,24_34_32_43_46_,361.00_360.50_360.00_359.50_359.00_,12_1_15_33_34_
10:20:00,361.50,1,1011,361.50_362.00_362.50_363.00_363.50_,23_34_32_43_46_,361.00_360.50_360.00_359.50_359.00_,12_1_15_33_34_
10:20:05,361.50,1,1012,361.50_362.00_362.50_363.00_363.50_,22_34_32_43_46_,361.00_360.50_360.00_359.50_359.00_,12_1_18_33_34_
10:20:11,361.50,1,1013,361.50_362.00_362.50_363.00_363.50_,21_34_32_43_46_,361.00_360.50_360.00_359.50_359.00_,12_1_18_33_34_
10:20:31,361.50,1,1013,361.50_362.00_362.50_363.00_363.50_,21_34_32_43_46_,361.00_360.50_360.00_359.50_359.00_,12_2_18_33_34_
10:20:46,361.50,1,1014,361.50_362.00_362.50_363.00_363.50_,21_34_32_43_46_,361.00_360.50_360.00_359.50_359.00_,11_2_18_33_34_
10:20:52,361.50,2,1016,361.50_362.00_362.50_363.00_363.50_,19_34_32_43_46_,361.00_360.50_360.00_359.50_359.00_,11_2_18_33_34_
10:21:07,361.50,3,1019,361.50_362.00_362.50_363.00_363.50_,16_34_32_43_46_,361.00_360.50_360.00_359.50_359.00_,11_2_18_33_34_
10:21:12,361.50,2,1021,361.50_362.00_362.50_363.00_363.50_,14_34_32_43_46_,361.00_360.50_360.00_359.50_359.00_,12_2_18_33_34_
10:21:17,361.50,1,1022,361.50_362.00_362.50_363.00_363.50_,13_34_32_43_46_,361.00_360.50_360.00_359.50_359.00_,12_2_18_33_34_
10:21:22,361.50,1,1022,361.50_362.00_362.50_363.00_363.50_,13_34_32_43_46_,361.00_360.50_360.00_359.50_359.00_,12_2_19_33_34_
10:21:28,361.50,3,1025,361.50_362.00_362.50_363.00_363.50_,10_34_32_43_46_,361.00_360.50_360.00_359.50_359.00_,12_2_19_33_34_
10:21:33,361.50,3,1025,361.50_362.00_362.50_363.00_363.50_,10_34_32_43_46_,361.00_360.50_360.00_359.50_359.00_,12_2_20_33_34_
10:21:43,361.50,3,1025,361.50_362.00_362.50_363.00_363.50_,10_31_32_43_49_,361.00_360.50_360.00_359.50_359.00_,12_2_20_33_34_
10:21:48,361.50,5,1030,361.50_362.00_362.50_363.00_363.50_,5_31_32_43_49_,361.00_360.50_360.00_359.50_359.00_,12_7_20_33_34_
10:21:53,361.50,2,1032,361.50_362.00_362.50_363.00_363.50_,3_31_32_43_49_,361.00_360.50_360.00_359.50_359.00_,12_7_20_33_34_
10:21:58,361.50,2,1034,361.50_362.00_362.50_363.00_363.50_,2_31_32_43_49_,361.00_360.50_360.00_359.50_359.00_,12_6_20_33_34_
10:22:04,361.50,2,1034,361.50_362.00_362.50_363.00_363.50_,3_32_32_43_49_,361.00_360.50_360.00_359.50_359.00_,12_6_20_33_34_
10:22:09,361.50,1,1035,361.50_362.00_362.50_363.00_363.50_,2_32_32_43_49_,361.00_360.50_360.00_359.50_359.00_,12_6_20_33_34_
10:22:14,361.50,1,1036,361.50_362.00_362.50_363.00_363.50_,1_32_32_43_49_,361.00_360.50_360.00_359.50_359.00_,12_6_20_33_34_
10:22:19,361.50,1,1036,361.50_362.00_362.50_363.00_363.50_,2_32_32_43_49_,361.00_360.50_360.00_359.50_359.00_,12_6_20_33_34_
10:22:24,361.50,1,1036,361.50_362.00_362.50_363.00_363.50_,4_32_32_43_49_,361.00_360.50_360.00_359.50_359.00_,12_6_20_33_34_
10:22:29,361.50,1,1036,361.50_362.00_362.50_363.00_363.50_,4_32_32_43_49_,361.00_360.50_360.00_359.50_359.00_,12_6_20_32_34_
10:22:34,361.50,1,1037,361.50_362.00_362.50_363.00_363.50_,3_31_32_43_49_,361.00_360.50_360.00_359.50_359.00_,12_6_20_32_34_
10:22:39,361.50,2,1039,361.50_362.00_362.50_363.00_363.50_,1_31_32_43_49_,361.00_360.50_360.00_359.50_359.00_,12_6_20_32_34_
10:22:45,361.50,2,1039,361.50_362.00_362.50_363.00_363.50_,1_31_32_43_49_,361.00_360.50_360.00_359.50_359.00_,12_6_21_32_34_
10:23:05,362.00,3,1042,362.00_362.50_363.00_363.50_364.00_,29_32_43_49_47_,361.00_360.50_360.00_359.50_359.00_,12_6_21_32_34_
10:23:10,362.00,1,1043,362.00_362.50_363.00_363.50_364.00_,28_32_43_38_58_,361.00_360.50_360.00_359.50_359.00_,12_6_20_37_29_
10:23:15,362.00,1,1044,362.00_362.50_363.00_363.50_364.00_,27_32_43_38_58_,361.00_360.50_360.00_359.50_359.00_,12_6_20_37_29_
10:23:21,362.00,1,1044,362.00_362.50_363.00_363.50_364.00_,27_32_43_38_58_,361.00_360.50_360.00_359.50_359.00_,14_6_20_37_29_
10:23:26,362.00,2,1046,362.00_362.50_363.00_363.50_364.00_,26_32_43_38_59_,361.00_360.50_360.00_359.50_359.00_,14_6_20_37_29_
10:23:31,362.00,2,1046,362.00_362.50_363.00_363.50_364.00_,26_32_43_38_59_,361.00_360.50_360.00_359.50_359.00_,15_6_20_37_29_
10:23:36,362.00,2,1046,362.00_362.50_363.00_363.50_364.00_,31_32_43_38_59_,361.00_360.50_360.00_359.50_359.00_,15_6_20_37_29_
10:23:51,362.00,1,1047,362.00_362.50_363.00_363.50_364.00_,30_32_43_38_59_,361.00_360.50_360.00_359.50_359.00_,15_6_20_37_29_
10:24:07,362.00,1,1048,362.00_362.50_363.00_363.50_364.00_,29_32_43_38_59_,361.00_360.50_360.00_359.50_359.00_,15_6_20_37_29_
10:24:12,362.00,1,1049,362.00_362.50_363.00_363.50_364.00_,28_32_43_38_59_,361.00_360.50_360.00_359.50_359.00_,15_6_20_37_29_
10:24:37,362.00,1,1049,362.00_362.50_363.00_363.50_364.00_,29_32_43_38_59_,361.00_360.50_360.00_359.50_359.00_,15_6_20_37_29_
10:24:43,361.00,15,1064,361.00_362.00_362.50_363.00_363.50_,2_29_32_43_38_,360.50_360.00_359.50_359.00_358.50_,10_19_37_29_10_
10:24:48,361.00,1,1065,361.00_361.50_362.00_362.50_363.00_,2_2_26_32_45_,360.50_360.00_359.50_359.00_358.50_,11_16_35_27_17_
10:24:53,361.00,1,1066,361.00_361.50_362.00_362.50_363.00_,1_2_26_34_52_,360.50_360.00_359.50_359.00_358.50_,11_16_35_27_17_
10:24:58,361.00,1,1066,361.00_361.50_362.00_362.50_363.00_,1_3_26_34_52_,360.50_360.00_359.50_359.00_358.50_,11_16_35_27_17_
10:25:03,361.00,1,1067,361.50_362.00_362.50_363.00_363.50_,3_29_34_52_35_,361.00_360.50_360.00_359.50_359.00_,1_11_16_35_27_
10:25:08,361.00,1,1067,361.50_362.00_362.50_363.00_363.50_,6_26_32_43_46_,361.00_360.50_360.00_359.50_359.00_,3_10_20_37_29_
10:25:13,361.00,1,1067,361.50_362.00_362.50_363.00_363.50_,6_26_32_43_46_,361.00_360.50_360.00_359.50_359.00_,3_10_20_37_30_
10:25:23,361.00,1,1067,361.50_362.00_362.50_363.00_363.50_,7_26_32_43_46_,361.00_360.50_360.00_359.50_359.00_,3_10_20_37_30_
10:25:29,361.00,1,1067,361.50_362.00_362.50_363.00_363.50_,8_26_32_43_46_,361.00_360.50_360.00_359.50_359.00_,4_10_20_37_30_
10:25:34,361.00,1,1067,361.50_362.00_362.50_363.00_363.50_,8_26_32_43_46_,361.00_360.50_360.00_359.50_359.00_,4_10_20_32_35_
10:25:49,361.00,1,1067,361.50_362.00_362.50_363.00_363.50_,8_26_32_43_46_,361.00_360.50_360.00_359.50_359.00_,4_10_30_32_35_
10:25:54,361.00,5,1072,361.00_361.50_362.00_362.50_363.00_,15_8_26_32_43_,360.50_360.00_359.50_359.00_358.50_,10_30_32_35_10_
10:25:59,360.50,1,1073,361.00_361.50_362.00_362.50_363.00_,17_7_26_34_52_,360.50_360.00_359.50_359.00_358.50_,10_23_36_23_25_
10:26:05,361.00,1,1074,361.00_361.50_362.00_362.50_363.00_,16_8_26_34_52_,360.50_360.00_359.50_359.00_358.50_,10_23_36_28_20_
10:26:10,361.00,1,1074,361.00_361.50_362.00_362.50_363.00_,16_8_26_34_52_,360.50_360.00_359.50_359.00_358.50_,10_23_36_23_25_
10:26:20,361.00,1,1075,361.00_361.50_362.00_362.50_363.00_,16_8_26_34_52_,360.50_360.00_359.50_359.00_358.50_,10_23_36_23_25_
10:26:40,361.00,3,1078,361.00_361.50_362.00_362.50_363.00_,15_8_26_34_52_,360.50_360.00_359.50_359.00_358.50_,11_23_36_23_25_
10:26:45,361.00,3,1078,361.00_361.50_362.00_362.50_363.00_,15_8_26_34_52_,360.50_360.00_359.50_359.00_358.50_,11_23_36_28_20_
10:27:01,361.00,1,1079,361.00_361.50_362.00_362.50_363.00_,15_8_26_34_52_,360.50_360.00_359.50_359.00_358.50_,11_23_36_28_20_
10:27:11,361.00,1,1079,361.00_361.50_362.00_362.50_363.00_,15_8_26_34_52_,360.50_360.00_359.50_359.00_358.50_,12_23_36_28_21_
10:27:16,360.50,2,1081,361.00_361.50_362.00_362.50_363.00_,15_8_24_34_52_,360.50_360.00_359.50_359.00_358.50_,9_23_36_28_21_
10:27:21,360.50,2,1081,361.00_361.50_362.00_362.50_363.00_,15_8_24_34_52_,360.50_360.00_359.50_359.00_358.50_,9_22_36_28_21_
10:27:26,360.50,1,1082,361.00_361.50_362.00_362.50_363.00_,19_8_24_34_52_,360.50_360.00_359.50_359.00_358.50_,8_22_36_28_21_
10:27:32,360.50,1,1082,361.00_361.50_362.00_362.50_363.00_,19_11_24_34_49_,360.50_360.00_359.50_359.00_358.50_,8_22_36_28_21_
10:27:37,361.00,2,1084,361.00_361.50_362.00_362.50_363.00_,20_11_24_34_49_,360.50_360.00_359.50_359.00_358.50_,9_22_36_28_21_
10:27:42,361.00,2,1084,361.00_361.50_362.00_362.50_363.00_,20_11_24_34_49_,360.50_360.00_359.50_359.00_358.50_,9_22_36_23_26_
10:27:47,361.00,2,1084,361.00_361.50_362.00_362.50_363.00_,20_8_36_46_64_,360.50_360.00_359.50_359.00_358.50_,9_22_36_23_26_
10:27:52,361.00,2,1084,361.00_361.50_362.00_362.50_363.00_,25_8_36_46_64_,360.50_360.00_359.50_359.00_358.50_,9_22_36_23_26_
10:27:57,361.00,1,1085,361.00_361.50_362.00_362.50_363.00_,24_8_36_46_64_,360.50_360.00_359.50_359.00_358.50_,9_22_36_23_26_
10:28:07,360.50,1,1086,361.00_361.50_362.00_362.50_363.00_,24_8_36_46_64_,360.50_360.00_359.50_359.00_358.50_,10_22_36_23_26_
10:28:13,361.00,1,1087,361.00_361.50_362.00_362.50_363.00_,23_8_36_46_64_,360.50_360.00_359.50_359.00_358.50_,10_22_36_28_21_
10:28:18,361.00,1,1087,361.00_361.50_362.00_362.50_363.00_,23_11_36_46_61_,360.50_360.00_359.50_359.00_358.50_,10_22_36_23_26_
10:28:28,361.00,1,1087,361.00_361.50_362.00_362.50_363.00_,23_11_36_46_61_,360.50_360.00_359.50_359.00_358.50_,9_22_36_23_26_
10:28:33,361.00,1,1087,361.00_361.50_362.00_362.50_363.00_,23_11_36_46_61_,360.50_360.00_359.50_359.00_358.50_,9_20_36_28_21_
10:28:38,361.00,1,1087,361.00_361.50_362.00_362.50_363.00_,24_11_36_46_61_,360.50_360.00_359.50_359.00_358.50_,9_20_36_28_21_
10:28:43,360.50,1,1088,361.00_361.50_362.00_362.50_363.00_,24_11_36_46_61_,360.50_360.00_359.50_359.00_358.50_,8_20_36_28_21_
10:28:48,360.50,3,1091,361.00_361.50_362.00_362.50_363.00_,24_11_36_46_61_,360.50_360.00_359.50_359.00_358.50_,5_20_36_28_21_
10:28:53,360.50,3,1091,361.00_361.50_362.00_362.50_363.00_,26_11_36_46_62_,360.50_360.00_359.50_359.00_358.50_,5_20_36_28_21_
10:28:59,361.00,1,1092,361.00_361.50_362.00_362.50_363.00_,25_11_36_46_62_,360.50_360.00_359.50_359.00_358.50_,5_20_36_28_21_
10:29:14,360.50,1,1093,361.00_361.50_362.00_362.50_363.00_,25_11_36_46_62_,360.50_360.00_359.50_359.00_358.50_,4_20_36_28_21_
10:29:24,360.50,1,1094,361.00_361.50_362.00_362.50_363.00_,25_11_36_46_62_,360.50_360.00_359.50_359.00_358.50_,3_20_36_28_21_
10:29:29,360.50,2,1096,361.00_361.50_362.00_362.50_363.00_,25_9_36_46_62_,360.50_360.00_359.50_359.00_358.50_,1_20_36_28_21_
10:29:34,360.50,2,1096,361.00_361.50_362.00_362.50_363.00_,25_9_36_46_62_,360.50_360.00_359.50_359.00_358.50_,3_20_36_28_21_
10:29:40,360.50,1,1097,361.00_361.50_362.00_362.50_363.00_,25_9_36_46_62_,360.50_360.00_359.50_359.00_358.50_,2_20_36_28_21_
10:29:45,360.50,2,1099,361.00_361.50_362.00_362.50_363.00_,25_9_36_46_62_,360.50_360.00_359.50_359.00_358.50_,1_20_36_28_21_
10:29:50,360.50,2,1099,361.00_361.50_362.00_362.50_363.00_,25_9_36_46_62_,360.50_360.00_359.50_359.00_358.50_,2_20_36_28_21_
10:29:55,361.00,1,1100,361.00_361.50_362.00_362.50_363.00_,24_9_37_46_62_,360.50_360.00_359.50_359.00_358.50_,4_20_36_28_21_
10:30:05,360.50,1,1101,361.00_361.50_362.00_362.50_363.00_,24_9_37_46_62_,360.50_360.00_359.50_359.00_358.50_,3_20_36_28_21_
10:30:10,360.50,1,1101,361.00_361.50_362.00_362.50_363.00_,25_9_37_46_62_,360.50_360.00_359.50_359.00_358.50_,3_20_36_28_21_
10:30:21,360.50,1,1101,361.00_361.50_362.00_362.50_363.00_,25_9_37_46_62_,360.50_360.00_359.50_359.00_358.50_,12_20_36_28_21_
10:30:26,360.50,1,1101,361.00_361.50_362.00_362.50_363.00_,25_6_37_46_65_,360.50_360.00_359.50_359.00_358.50_,14_20_36_28_21_
10:30:31,360.50,1,1102,361.00_361.50_362.00_362.50_363.00_,25_6_37_46_65_,360.50_360.00_359.50_359.00_358.50_,13_20_36_28_21_
10:30:36,360.50,1,1103,361.00_361.50_362.00_362.50_363.00_,25_6_37_46_65_,360.50_360.00_359.50_359.00_358.50_,12_20_36_28_21_
10:30:46,360.50,2,1105,361.00_361.50_362.00_362.50_363.00_,26_6_37_46_65_,360.50_360.00_359.50_359.00_358.50_,11_20_36_28_21_
10:30:51,361.00,1,1106,361.00_361.50_362.00_362.50_363.00_,25_6_37_46_65_,360.50_360.00_359.50_359.00_358.50_,16_20_36_28_21_
10:30:57,361.00,1,1106,361.00_361.50_362.00_362.50_363.00_,25_6_37_46_65_,360.50_360.00_359.50_359.00_358.50_,17_25_41_28_21_
10:31:02,361.00,1,1106,361.00_361.50_362.00_362.50_363.00_,25_6_37_46_65_,360.50_360.00_359.50_359.00_358.50_,17_25_41_33_26_
10:31:07,361.00,1,1106,361.00_361.50_362.00_362.50_363.00_,26_6_37_46_65_,360.50_360.00_359.50_359.00_358.50_,17_25_41_33_26_
10:31:43,360.50,2,1108,361.00_361.50_362.00_362.50_363.00_,26_6_37_46_65_,360.50_360.00_359.50_359.00_358.50_,18_25_41_33_26_
10:31:48,361.00,1,1109,361.00_361.50_362.00_362.50_363.00_,25_6_37_46_65_,360.50_360.00_359.50_359.00_358.50_,18_25_41_33_26_
10:32:14,361.00,1,1109,361.00_361.50_362.00_362.50_363.00_,25_6_37_46_65_,360.50_360.00_359.50_359.00_358.50_,19_25_41_33_26_
10:32:19,361.00,1,1109,361.00_361.50_362.00_362.50_363.00_,26_6_37_46_65_,360.50_360.00_359.50_359.00_358.50_,19_25_41_33_26_
10:32:39,360.50,2,1111,361.00_361.50_362.00_362.50_363.00_,26_6_37_46_75_,360.50_360.00_359.50_359.00_358.50_,17_25_41_33_26_
10:32:44,360.50,2,1111,361.00_361.50_362.00_362.50_363.00_,26_6_37_46_75_,360.50_360.00_359.50_359.00_358.50_,19_25_41_33_26_
10:32:50,361.00,1,1112,361.00_361.50_362.00_362.50_363.00_,25_6_37_46_75_,360.50_360.00_359.50_359.00_358.50_,19_25_41_33_26_
10:33:31,361.00,1,1112,361.00_361.50_362.00_362.50_363.00_,25_6_37_46_75_,360.50_360.00_359.50_359.00_358.50_,21_25_41_33_26_
10:33:36,361.00,1,1112,361.00_361.50_362.00_362.50_363.00_,25_6_37_46_75_,360.50_360.00_359.50_359.00_358.50_,23_25_41_33_26_
10:33:41,361.00,1,1113,361.00_361.50_362.00_362.50_363.00_,24_6_37_46_75_,360.50_360.00_359.50_359.00_358.50_,23_25_41_33_26_
10:33:46,361.00,1,1114,361.00_361.50_362.00_362.50_363.00_,23_6_37_46_75_,360.50_360.00_359.50_359.00_358.50_,23_25_41_33_26_
10:33:51,360.50,2,1116,361.00_361.50_362.00_362.50_363.00_,23_6_37_46_75_,360.50_360.00_359.50_359.00_358.50_,21_25_41_33_26_
10:33:56,360.50,2,1116,361.00_361.50_362.00_362.50_363.00_,24_6_37_46_75_,360.50_360.00_359.50_359.00_358.50_,21_25_41_33_26_
10:34:17,360.50,1,1117,361.00_361.50_362.00_362.50_363.00_,24_6_37_46_75_,360.50_360.00_359.50_359.00_358.50_,20_25_41_33_26_
10:34:22,360.50,1,1118,361.00_361.50_362.00_362.50_363.00_,24_6_37_46_75_,360.50_360.00_359.50_359.00_358.50_,19_25_41_33_26_
10:34:37,361.00,1,1119,361.00_361.50_362.00_362.50_363.00_,23_6_37_46_75_,360.50_360.00_359.50_359.00_358.50_,19_25_41_33_26_
10:34:42,361.00,1,1120,361.00_361.50_362.00_362.50_363.00_,23_6_37_46_75_,360.50_360.00_359.50_359.00_358.50_,19_25_41_33_26_
10:34:53,360.50,3,1123,361.00_361.50_362.00_362.50_363.00_,23_6_37_46_75_,360.50_360.00_359.50_359.00_358.50_,16_25_41_33_26_
10:34:58,360.50,3,1123,361.00_361.50_362.00_362.50_363.00_,24_6_37_46_75_,360.50_360.00_359.50_359.00_358.50_,26_25_41_33_26_
10:35:03,360.50,3,1123,361.00_361.50_362.00_362.50_363.00_,25_6_37_46_75_,360.50_360.00_359.50_359.00_358.50_,26_25_41_33_26_
10:35:13,361.00,1,1124,361.00_361.50_362.00_362.50_363.00_,25_6_37_46_75_,360.50_360.00_359.50_359.00_358.50_,26_25_41_33_26_
10:35:18,361.00,1,1124,361.00_361.50_362.00_362.50_363.00_,26_6_37_46_75_,360.50_360.00_359.50_359.00_358.50_,26_25_41_33_31_
10:35:23,361.00,1,1124,361.00_361.50_362.00_362.50_363.00_,26_6_37_46_75_,360.50_360.00_359.50_359.00_358.50_,27_26_41_33_31_
10:35:28,360.50,1,1125,361.00_361.50_362.00_362.50_363.00_,26_6_37_46_75_,360.50_360.00_359.50_359.00_358.50_,26_26_41_33_31_
10:35:44,361.00,1,1126,361.00_361.50_362.00_362.50_363.00_,26_6_37_46_75_,360.50_360.00_359.50_359.00_358.50_,26_26_41_33_31_
10:35:49,360.50,1,1127,361.00_361.50_362.00_362.50_363.00_,26_6_37_46_75_,360.50_360.00_359.50_359.00_358.50_,26_26_41_33_31_
10:35:54,361.00,1,1128,361.00_361.50_362.00_362.50_363.00_,27_6_37_46_75_,360.50_360.00_359.50_359.00_358.50_,25_26_41_33_31_
10:36:04,361.00,1,1128,361.00_361.50_362.00_362.50_363.00_,26_6_37_46_75_,360.50_360.00_359.50_359.00_358.50_,24_26_41_33_31_
10:36:15,361.00,1,1128,361.00_361.50_362.00_362.50_363.00_,26_6_37_46_75_,360.50_360.00_359.50_359.00_358.50_,26_26_41_33_31_
10:36:25,361.00,1,1128,361.00_361.50_362.00_362.50_363.00_,26_7_37_46_75_,360.50_360.00_359.50_359.00_358.50_,26_26_41_33_31_
10:36:30,361.00,1,1129,361.00_361.50_362.00_362.50_363.00_,25_7_37_46_75_,360.50_360.00_359.50_359.00_358.50_,26_26_41_33_31_
10:36:40,361.00,2,1131,361.00_361.50_362.00_362.50_363.00_,23_7_37_46_75_,360.50_360.00_359.50_359.00_358.50_,26_26_41_33_31_
10:36:45,361.00,2,1131,361.00_361.50_362.00_362.50_363.00_,25_7_37_46_75_,360.50_360.00_359.50_359.00_358.50_,26_26_41_33_36_
10:36:55,361.00,1,1132,361.00_361.50_362.00_362.50_363.00_,24_7_37_46_75_,360.50_360.00_359.50_359.00_358.50_,30_26_41_33_36_
10:37:01,361.00,2,1134,361.00_361.50_362.00_362.50_363.00_,23_7_37_46_75_,360.50_360.00_359.50_359.00_358.50_,30_26_41_33_36_
10:37:06,361.00,2,1134,361.00_361.50_362.00_362.50_363.00_,25_7_37_46_75_,360.50_360.00_359.50_359.00_358.50_,30_26_41_33_36_
10:37:36,361.00,1,1135,361.00_361.50_362.00_362.50_363.00_,24_7_37_46_75_,360.50_360.00_359.50_359.00_358.50_,30_26_41_33_36_
10:37:47,361.00,4,1139,361.00_361.50_362.00_362.50_363.00_,20_7_37_46_75_,360.50_360.00_359.50_359.00_358.50_,30_27_41_33_36_
10:37:52,361.00,4,1139,361.00_361.50_362.00_362.50_363.00_,20_7_37_46_75_,360.50_360.00_359.50_359.00_358.50_,30_30_41_33_33_
10:38:02,361.00,2,1141,361.00_361.50_362.00_362.50_363.00_,18_7_37_46_76_,360.50_360.00_359.50_359.00_358.50_,30_30_41_33_33_
10:38:12,361.00,5,1146,361.00_361.50_362.00_362.50_363.00_,12_7_37_46_76_,360.50_360.00_359.50_359.00_358.50_,30_30_41_33_33_
10:38:17,361.00,1,1147,361.00_361.50_362.00_362.50_363.00_,11_7_37_46_76_,360.50_360.00_359.50_359.00_358.50_,29_30_41_33_33_
10:38:22,361.00,1,1148,361.00_361.50_362.00_362.50_363.00_,10_7_37_46_76_,360.50_360.00_359.50_359.00_358.50_,29_30_41_33_33_
10:38:33,361.00,1,1149,361.00_361.50_362.00_362.50_363.00_,9_7_37_46_76_,360.50_360.00_359.50_359.00_358.50_,29_30_41_33_33_
10:38:38,361.00,8,1157,361.00_361.50_362.00_362.50_363.00_,1_7_37_46_76_,360.50_360.00_359.50_359.00_358.50_,29_30_41_33_38_
10:38:43,361.00,1,1158,361.50_362.00_362.50_363.00_363.50_,7_34_46_76_38_,361.00_360.50_360.00_359.50_359.00_,1_29_30_41_33_
10:38:48,361.00,1,1158,361.50_362.00_362.50_363.00_363.50_,7_34_44_67_49_,361.00_360.50_360.00_359.50_359.00_,9_22_32_42_35_
10:38:58,361.50,1,1159,361.50_362.00_362.50_363.00_363.50_,6_34_44_67_49_,361.00_360.50_360.00_359.50_359.00_,9_22_32_42_35_
10:39:04,361.50,1,1160,361.50_362.00_362.50_363.00_363.50_,4_34_44_67_49_,361.00_360.50_360.00_359.50_359.00_,9_27_32_42_35_
10:39:14,361.50,1,1161,361.50_362.00_362.50_363.00_363.50_,5_34_44_67_49_,361.00_360.50_360.00_359.50_359.00_,9_27_32_42_35_
10:39:19,361.50,1,1161,361.50_362.00_362.50_363.00_363.50_,5_35_44_67_49_,361.00_360.50_360.00_359.50_359.00_,9_27_32_42_35_
10:39:24,361.50,2,1163,361.50_362.00_362.50_363.00_363.50_,3_35_44_67_49_,361.00_360.50_360.00_359.50_359.00_,9_27_32_42_35_
10:39:34,361.50,1,1164,361.50_362.00_362.50_363.00_363.50_,3_35_44_67_49_,361.00_360.50_360.00_359.50_359.00_,9_27_32_42_35_
10:39:39,361.50,3,1167,362.00_362.50_363.00_363.50_364.00_,35_44_67_49_51_,361.00_360.50_360.00_359.50_359.00_,9_27_32_42_35_
10:39:45,362.00,1,1168,362.00_362.50_363.00_363.50_364.00_,34_44_67_38_62_,361.00_360.50_360.00_359.50_359.00_,9_27_32_42_35_
10:39:50,362.00,1,1168,362.00_362.50_363.00_363.50_364.00_,34_44_67_38_62_,361.00_360.50_360.00_359.50_359.00_,10_27_31_42_35_
10:39:55,362.00,1,1168,362.00_362.50_363.00_363.50_364.00_,34_44_67_38_62_,361.50_361.00_360.50_360.00_359.50_,2_21_17_31_42_
10:40:00,362.00,1,1168,362.00_362.50_363.00_363.50_364.00_,34_44_65_40_62_,361.50_361.00_360.50_360.00_359.50_,10_13_23_28_49_
10:40:05,361.50,1,1169,362.00_362.50_363.00_363.50_364.00_,34_44_65_40_62_,361.50_361.00_360.50_360.00_359.50_,9_13_23_28_49_
10:40:10,362.00,2,1171,362.00_362.50_363.00_363.50_364.00_,32_44_65_40_62_,361.50_361.00_360.50_360.00_359.50_,9_15_23_33_44_
10:40:15,362.00,1,1172,362.00_362.50_363.00_363.50_364.00_,1_44_65_40_62_,361.50_361.00_360.50_360.00_359.50_,11_17_24_28_49_
10:40:20,362.00,1,1173,362.50_363.00_363.50_364.00_364.50_,41_65_40_65_39_,361.50_361.00_360.50_360.00_359.50_,11_17_24_30_48_
10:40:25,362.00,1,1173,362.50_363.00_363.50_364.00_364.50_,44_65_40_54_49_,362.00_361.50_361.00_360.50_360.00_,2_12_22_25_35_
10:40:31,362.50,1,1174,362.50_363.00_363.50_364.00_364.50_,43_65_38_56_49_,362.00_361.50_361.00_360.50_360.00_,10_3_26_21_42_
10:40:36,362.00,1,1175,362.50_363.00_363.50_364.00_364.50_,43_65_38_56_49_,362.00_361.50_361.00_360.50_360.00_,10_5_25_24_42_
10:40:41,362.50,1,1176,362.50_363.00_363.50_364.00_364.50_,9_65_38_56_49_,362.00_361.50_361.00_360.50_360.00_,10_5_25_24_42_
10:40:46,362.50,1,1176,362.50_363.00_363.50_364.00_364.50_,9_65_38_56_49_,362.00_361.50_361.00_360.50_360.00_,10_7_29_24_42_
10:40:51,362.50,1,1177,362.50_363.00_363.50_364.00_364.50_,8_62_38_56_52_,362.00_361.50_361.00_360.50_360.00_,10_7_29_24_42_
10:40:56,362.50,1,1177,362.50_363.00_363.50_364.00_364.50_,8_62_59_77_70_,362.00_361.50_361.00_360.50_360.00_,10_7_29_24_42_
10:41:01,362.50,1,1177,362.50_363.00_363.50_364.00_364.50_,8_62_59_77_70_,362.00_361.50_361.00_360.50_360.00_,12_7_29_24_42_
10:41:07,362.50,1,1177,362.50_363.00_363.50_364.00_364.50_,8_62_59_77_70_,362.00_361.50_361.00_360.50_360.00_,13_7_29_24_42_
10:41:12,362.50,1,1177,362.50_363.00_363.50_364.00_364.50_,11_62_59_77_67_,362.00_361.50_361.00_360.50_360.00_,13_7_29_24_42_
10:41:17,362.50,2,1179,362.50_363.00_363.50_364.00_364.50_,11_62_59_77_67_,362.00_361.50_361.00_360.50_360.00_,13_7_29_24_42_
10:41:27,362.50,2,1179,362.50_363.00_363.50_364.00_364.50_,13_62_59_77_67_,362.00_361.50_361.00_360.50_360.00_,14_12_29_21_42_
10:41:32,362.50,3,1182,362.50_363.00_363.50_364.00_364.50_,10_62_59_77_67_,362.00_361.50_361.00_360.50_360.00_,12_13_29_21_42_
10:41:37,362.50,3,1182,362.50_363.00_363.50_364.00_364.50_,10_62_59_77_67_,362.00_361.50_361.00_360.50_360.00_,13_13_29_21_42_
10:41:43,362.50,3,1182,362.50_363.00_363.50_364.00_364.50_,11_62_59_77_67_,362.00_361.50_361.00_360.50_360.00_,13_13_29_21_42_
10:41:48,362.50,1,1183,362.50_363.00_363.50_364.00_364.50_,10_62_59_77_67_,362.00_361.50_361.00_360.50_360.00_,13_13_29_21_42_
10:41:53,362.50,3,1186,362.50_363.00_363.50_364.00_364.50_,7_62_59_77_67_,362.00_361.50_361.00_360.50_360.00_,13_13_29_21_42_
10:42:03,362.50,1,1187,362.50_363.00_363.50_364.00_364.50_,10_62_59_77_67_,362.00_361.50_361.00_360.50_360.00_,13_13_29_21_42_
10:42:08,362.50,6,1193,362.50_363.00_363.50_364.00_364.50_,6_62_59_77_67_,362.00_361.50_361.00_360.50_360.00_,13_13_29_21_42_
10:42:13,362.50,6,1193,362.50_363.00_363.50_364.00_364.50_,7_62_59_77_67_,362.00_361.50_361.00_360.50_360.00_,13_13_29_21_42_
10:42:24,362.50,2,1196,362.50_363.00_363.50_364.00_364.50_,5_61_59_77_67_,362.00_361.50_361.00_360.50_360.00_,13_13_29_22_42_
10:42:29,362.50,5,1201,363.00_363.50_364.00_364.50_365.00_,60_59_76_67_97_,362.00_361.50_361.00_360.50_360.00_,13_13_29_22_42_
10:43:25,363.00,1,1218,363.00_363.50_364.00_364.50_365.00_,25_56_74_58_112_,362.50_362.00_361.50_361.00_360.50_,24_12_16_32_33_
10:43:36,363.00,1,1219,363.00_363.50_364.00_364.50_365.00_,35_56_74_58_112_,362.50_362.00_361.50_361.00_360.50_,24_12_16_32_33_
10:44:01,363.00,1,1220,363.00_363.50_364.00_364.50_365.00_,35_56_84_58_112_,362.50_362.00_361.50_361.00_360.50_,26_12_16_32_33_
10:44:06,363.00,1,1221,363.00_363.50_364.00_364.50_365.00_,38_56_84_58_112_,362.50_362.00_361.50_361.00_360.50_,26_12_16_32_33_
10:44:17,363.00,1,1221,363.00_363.50_364.00_364.50_365.00_,38_56_84_58_112_,362.50_362.00_361.50_361.00_360.50_,27_12_16_32_33_
10:44:22,362.50,1,1222,363.00_363.50_364.00_364.50_365.00_,38_56_84_58_112_,362.50_362.00_361.50_361.00_360.50_,26_12_16_32_33_
10:44:27,363.00,5,1227,363.00_363.50_364.00_364.50_365.00_,33_56_84_58_112_,362.50_362.00_361.50_361.00_360.50_,26_12_18_34_33_
10:44:37,362.50,11,1238,363.00_363.50_364.00_364.50_365.00_,33_56_84_58_112_,362.50_362.00_361.50_361.00_360.50_,17_12_18_34_33_
10:44:42,362.50,1,1239,363.00_363.50_364.00_364.50_365.00_,43_56_84_58_113_,362.50_362.00_361.50_361.00_360.50_,17_12_18_34_33_
10:44:58,362.50,1,1240,363.00_363.50_364.00_364.50_365.00_,43_56_84_58_113_,362.50_362.00_361.50_361.00_360.50_,16_12_18_34_33_
10:45:03,362.50,1,1241,363.00_363.50_364.00_364.50_365.00_,44_56_84_58_113_,362.50_362.00_361.50_361.00_360.50_,15_12_18_34_33_
10:45:08,363.00,2,1243,363.00_363.50_364.00_364.50_365.00_,42_56_84_58_113_,362.50_362.00_361.50_361.00_360.50_,15_12_18_34_33_
10:45:13,363.00,2,1243,363.00_363.50_364.00_364.50_365.00_,42_56_84_58_113_,362.50_362.00_361.50_361.00_360.50_,16_12_18_34_33_
10:45:23,363.00,3,1251,363.00_363.50_364.00_364.50_365.00_,39_56_84_58_113_,362.50_362.00_361.50_361.00_360.50_,17_12_18_34_33_
10:45:28,363.00,3,1251,363.00_363.50_364.00_364.50_365.00_,39_56_85_59_113_,362.50_362.00_361.50_361.00_360.50_,34_12_18_22_33_
10:45:34,363.00,5,1256,363.00_363.50_364.00_364.50_365.00_,30_56_85_59_113_,362.50_362.00_361.50_361.00_360.50_,22_12_18_22_33_
10:45:39,363.00,5,1256,363.00_363.50_364.00_364.50_365.00_,31_56_85_59_113_,362.50_362.00_361.50_361.00_360.50_,22_12_18_22_33_
10:45:49,363.00,1,1259,363.00_363.50_364.00_364.50_365.00_,29_56_85_59_113_,362.50_362.00_361.50_361.00_360.50_,22_17_18_22_33_
10:45:54,363.00,1,1259,363.00_363.50_364.00_364.50_365.00_,32_56_83_59_113_,362.50_362.00_361.50_361.00_360.50_,22_17_18_22_33_
10:45:59,363.00,1,1259,363.00_363.50_364.00_364.50_365.00_,32_56_82_59_113_,362.50_362.00_361.50_361.00_360.50_,22_17_18_22_33_
10:46:04,363.00,2,1261,363.00_363.50_364.00_364.50_365.00_,30_56_82_59_113_,362.50_362.00_361.50_361.00_360.50_,22_17_18_22_33_
10:46:09,363.00,2,1261,363.00_363.50_364.00_364.50_365.00_,31_56_82_59_114_,362.50_362.00_361.50_361.00_360.50_,23_17_18_22_33_
10:46:20,363.00,1,1262,363.00_363.50_364.00_364.50_365.00_,30_56_82_59_114_,362.50_362.00_361.50_361.00_360.50_,24_18_19_22_33_
10:46:25,363.00,1,1262,363.00_363.50_364.00_364.50_365.00_,32_57_82_59_114_,362.50_362.00_361.50_361.00_360.50_,24_18_19_22_33_
10:46:30,363.00,1,1262,363.00_363.50_364.00_364.50_365.00_,33_57_82_59_119_,362.50_362.00_361.50_361.00_360.50_,24_18_19_22_33_
10:46:35,363.00,1,1263,363.00_363.50_364.00_364.50_365.00_,15_57_82_60_119_,362.50_362.00_361.50_361.00_360.50_,26_18_19_22_33_
10:46:40,363.00,1,1263,363.00_363.50_364.00_364.50_365.00_,16_36_82_60_119_,362.50_362.00_361.50_361.00_360.50_,27_21_19_22_30_
10:46:45,363.00,1,1264,363.00_363.50_364.00_364.50_365.00_,15_56_84_60_119_,362.50_362.00_361.50_361.00_360.50_,27_21_19_22_30_
10:46:50,363.00,9,1273,363.00_363.50_364.00_364.50_365.00_,7_56_84_60_119_,362.50_362.00_361.50_361.00_360.50_,27_21_19_22_30_
10:47:01,363.00,1,1276,363.00_363.50_364.00_364.50_365.00_,5_56_84_60_118_,362.50_362.00_361.50_361.00_360.50_,27_21_19_22_30_
10:47:06,363.00,3,1279,363.00_363.50_364.00_364.50_365.00_,3_55_84_60_118_,362.50_362.00_361.50_361.00_360.50_,27_21_19_22_30_
10:47:21,363.50,2,1285,363.50_364.00_364.50_365.00_365.50_,53_84_60_107_56_,363.00_362.50_362.00_361.50_361.00_,1_27_21_22_24_
10:47:31,363.50,2,1285,363.50_364.00_364.50_365.00_365.50_,53_81_58_109_59_,363.00_362.50_362.00_361.50_361.00_,15_22_21_23_31_
10:47:36,363.50,1,1286,363.50_364.00_364.50_365.00_365.50_,52_82_58_109_59_,363.00_362.50_362.00_361.50_361.00_,15_22_21_23_31_
10:47:42,363.50,1,1286,363.50_364.00_364.50_365.00_365.50_,52_82_58_109_59_,363.00_362.50_362.00_361.50_361.00_,18_22_21_23_31_
10:47:52,363.50,1,1286,363.50_364.00_364.50_365.00_365.50_,52_81_58_109_59_,363.00_362.50_362.00_361.50_361.00_,24_23_21_23_31_
10:47:57,363.50,1,1286,363.50_364.00_364.50_365.00_365.50_,52_81_58_109_59_,363.00_362.50_362.00_361.50_361.00_,24_25_21_23_31_
10:48:02,363.00,1,1287,363.50_364.00_364.50_365.00_365.50_,56_81_58_109_59_,363.00_362.50_362.00_361.50_361.00_,18_25_22_23_31_
10:48:12,363.00,1,1287,363.50_364.00_364.50_365.00_365.50_,57_81_58_109_59_,363.00_362.50_362.00_361.50_361.00_,18_25_22_25_31_
10:48:17,363.50,1,1288,363.50_364.00_364.50_365.00_365.50_,56_81_58_109_59_,363.00_362.50_362.00_361.50_361.00_,19_25_22_25_31_
10:48:23,363.50,2,1290,363.50_364.00_364.50_365.00_365.50_,54_81_58_109_59_,363.00_362.50_362.00_361.50_361.00_,20_25_22_25_31_
10:48:28,363.00,5,1295,363.50_364.00_364.50_365.00_365.50_,54_81_58_109_59_,363.00_362.50_362.00_361.50_361.00_,16_25_22_25_31_
10:48:33,363.50,6,1301,363.50_364.00_364.50_365.00_365.50_,48_84_58_109_56_,363.00_362.50_362.00_361.50_361.00_,18_25_22_25_31_
10:48:38,363.50,3,1304,363.50_364.00_364.50_365.00_365.50_,45_86_58_109_56_,363.00_362.50_362.00_361.50_361.00_,23_25_22_25_31_
10:48:53,363.50,3,1313,363.50_364.00_364.50_365.00_365.50_,37_86_58_109_56_,363.00_362.50_362.00_361.50_361.00_,24_25_22_23_31_
10:48:58,363.50,6,1319,363.50_364.00_364.50_365.00_365.50_,35_86_58_109_56_,363.00_362.50_362.00_361.50_361.00_,24_25_22_23_31_
10:49:03,363.50,6,1319,363.50_364.00_364.50_365.00_365.50_,37_86_58_109_56_,363.00_362.50_362.00_361.50_361.00_,25_25_22_23_31_
10:49:09,363.50,5,1324,363.50_364.00_364.50_365.00_365.50_,40_86_58_109_56_,363.00_362.50_362.00_361.50_361.00_,26_25_22_23_31_
10:49:14,363.50,2,1326,363.50_364.00_364.50_365.00_365.50_,38_86_58_109_56_,363.00_362.50_362.00_361.50_361.00_,24_25_22_23_31_
10:49:19,363.50,2,1328,363.50_364.00_364.50_365.00_365.50_,38_86_58_109_56_,363.00_362.50_362.00_361.50_361.00_,24_26_22_23_31_
10:49:24,363.50,16,1344,363.50_364.00_364.50_365.00_365.50_,36_86_58_109_56_,363.00_362.50_362.00_361.50_361.00_,24_26_22_23_31_
10:49:29,363.50,1,1345,363.50_364.00_364.50_365.00_365.50_,35_86_58_109_56_,363.00_362.50_362.00_361.50_361.00_,24_26_22_23_31_
10:49:34,363.50,3,1348,363.50_364.00_364.50_365.00_365.50_,30_86_58_109_56_,363.00_362.50_362.00_361.50_361.00_,24_26_22_23_31_
10:49:39,363.50,12,1360,363.50_364.00_364.50_365.00_365.50_,19_83_58_109_59_,363.00_362.50_362.00_361.50_361.00_,25_26_22_23_31_
10:49:44,363.50,2,1362,364.00_364.50_365.00_365.50_366.00_,83_58_109_59_84_,363.00_362.50_362.00_361.50_361.00_,27_26_22_23_31_
10:49:50,364.00,4,1366,364.00_364.50_365.00_365.50_366.00_,79_58_109_48_94_,363.50_363.00_362.50_362.00_361.50_,12_27_26_25_25_
10:49:55,363.50,1,1367,364.00_364.50_365.00_365.50_366.00_,36_60_108_50_94_,363.50_363.00_362.50_362.00_361.50_,16_22_29_25_32_
10:50:00,364.00,1,1368,364.00_364.50_365.00_365.50_366.00_,55_57_108_50_97_,363.50_363.00_362.50_362.00_361.50_,20_22_29_23_32_
10:50:05,364.00,2,1370,364.00_364.50_365.00_365.50_366.00_,53_57_108_50_97_,363.50_363.00_362.50_362.00_361.50_,29_22_29_23_32_
10:50:10,363.50,8,1378,364.00_364.50_365.00_365.50_366.00_,56_57_108_50_97_,363.50_363.00_362.50_362.00_361.50_,21_22_29_23_32_
10:50:15,364.00,1,1379,364.00_364.50_365.00_365.50_366.00_,55_57_108_50_97_,363.50_363.00_362.50_362.00_361.50_,24_21_29_23_32_
10:50:20,364.00,2,1381,364.00_364.50_365.00_365.50_366.00_,53_57_109_50_97_,363.50_363.00_362.50_362.00_361.50_,24_21_29_23_32_
10:50:31,364.00,2,1381,364.00_364.50_365.00_365.50_366.00_,54_57_109_50_97_,363.50_363.00_362.50_362.00_361.50_,26_22_29_23_32_
10:50:36,364.00,1,1382,364.00_364.50_365.00_365.50_366.00_,53_57_109_50_97_,363.50_363.00_362.50_362.00_361.50_,26_22_29_23_32_
10:50:41,364.00,1,1383,364.00_364.50_365.00_365.50_366.00_,53_57_109_50_97_,363.50_363.00_362.50_362.00_361.50_,27_21_29_23_32_
10:50:46,364.00,1,1384,364.00_364.50_365.00_365.50_366.00_,51_57_109_50_97_,363.50_363.00_362.50_362.00_361.50_,27_21_29_23_32_
10:50:51,364.00,1,1385,364.00_364.50_365.00_365.50_366.00_,50_57_109_50_97_,363.50_363.00_362.50_362.00_361.50_,27_21_29_23_32_
10:50:56,364.00,1,1385,364.00_364.50_365.00_365.50_366.00_,50_57_109_50_98_,363.50_363.00_362.50_362.00_361.50_,27_21_29_23_32_
10:51:01,363.50,1,1386,364.00_364.50_365.00_365.50_366.00_,50_57_109_50_98_,363.50_363.00_362.50_362.00_361.50_,28_21_29_23_32_
10:51:06,363.50,1,1386,364.00_364.50_365.00_365.50_366.00_,52_57_109_50_98_,363.50_363.00_362.50_362.00_361.50_,28_21_29_23_32_
10:51:12,363.50,1,1387,364.00_364.50_365.00_365.50_366.00_,52_57_109_50_98_,363.50_363.00_362.50_362.00_361.50_,32_21_29_23_32_
10:51:22,364.00,2,1389,364.00_364.50_365.00_365.50_366.00_,52_57_109_50_98_,363.50_363.00_362.50_362.00_361.50_,32_21_29_23_32_
10:51:32,363.50,1,1390,364.00_364.50_365.00_365.50_366.00_,52_57_109_50_98_,363.50_363.00_362.50_362.00_361.50_,31_21_29_23_32_
10:51:37,364.00,2,1392,364.00_364.50_365.00_365.50_366.00_,50_57_109_50_98_,363.50_363.00_362.50_362.00_361.50_,31_21_29_23_32_
10:51:43,364.00,1,1393,364.00_364.50_365.00_365.50_366.00_,49_57_109_50_98_,363.50_363.00_362.50_362.00_361.50_,31_21_29_23_32_
10:51:48,364.00,1,1394,364.00_364.50_365.00_365.50_366.00_,49_57_109_50_98_,363.50_363.00_362.50_362.00_361.50_,31_21_29_23_32_
10:51:53,363.50,1,1395,364.00_364.50_365.00_365.50_366.00_,51_57_109_50_98_,363.50_363.00_362.50_362.00_361.50_,30_21_29_23_32_
10:51:58,363.50,1,1395,364.00_364.50_365.00_365.50_366.00_,52_57_111_50_98_,363.50_363.00_362.50_362.00_361.50_,31_21_29_23_32_
10:52:03,363.50,1,1396,364.00_364.50_365.00_365.50_366.00_,55_57_111_50_98_,363.50_363.00_362.50_362.00_361.50_,31_22_29_23_32_
10:52:08,364.00,3,1399,364.00_364.50_365.00_365.50_366.00_,58_57_111_50_98_,363.50_363.00_362.50_362.00_361.50_,31_22_29_23_32_
10:52:13,364.00,2,1401,364.00_364.50_365.00_365.50_366.00_,57_57_111_50_98_,363.50_363.00_362.50_362.00_361.50_,31_23_29_23_32_
10:52:19,364.00,2,1403,364.00_364.50_365.00_365.50_366.00_,55_57_111_50_98_,363.50_363.00_362.50_362.00_361.50_,31_23_29_23_32_
10:52:24,364.00,1,1404,364.00_364.50_365.00_365.50_366.00_,56_57_111_50_98_,363.50_363.00_362.50_362.00_361.50_,31_23_29_23_32_
10:52:34,364.00,2,1406,364.00_364.50_365.00_365.50_366.00_,55_57_111_50_98_,363.50_363.00_362.50_362.00_361.50_,31_23_29_23_32_
10:52:39,364.00,1,1407,364.00_364.50_365.00_365.50_366.00_,54_57_111_51_98_,363.50_363.00_362.50_362.00_361.50_,31_23_29_23_32_
10:52:49,364.00,1,1408,364.00_364.50_365.00_365.50_366.00_,53_57_111_51_98_,363.50_363.00_362.50_362.00_361.50_,31_23_29_23_32_
10:52:54,364.00,1,1409,364.00_364.50_365.00_365.50_366.00_,52_57_111_51_98_,363.50_363.00_362.50_362.00_361.50_,31_23_29_23_32_
10:53:05,364.00,2,1411,364.00_364.50_365.00_365.50_366.00_,50_57_111_51_100_,363.50_363.00_362.50_362.00_361.50_,31_23_29_23_32_
10:53:10,364.00,2,1413,364.00_364.50_365.00_365.50_366.00_,49_57_111_51_100_,363.50_363.00_362.50_362.00_361.50_,31_23_29_23_32_
10:53:15,363.50,1,1414,364.00_364.50_365.00_365.50_366.00_,49_57_106_51_100_,363.50_363.00_362.50_362.00_361.50_,31_23_29_23_32_
10:53:20,364.00,2,1416,364.00_364.50_365.00_365.50_366.00_,50_57_106_51_100_,363.50_363.00_362.50_362.00_361.50_,31_23_29_23_32_
10:53:25,364.00,5,1421,364.00_364.50_365.00_365.50_366.00_,46_57_106_51_100_,363.50_363.00_362.50_362.00_361.50_,32_23_29_23_32_
10:53:30,364.00,5,1421,364.00_364.50_365.00_365.50_366.00_,46_57_107_51_100_,363.50_363.00_362.50_362.00_361.50_,32_23_29_23_32_
10:53:46,364.00,1,1422,364.00_364.50_365.00_365.50_366.00_,46_57_107_51_100_,363.50_363.00_362.50_362.00_361.50_,32_23_25_23_32_
10:53:51,364.00,12,1434,364.00_364.50_365.00_365.50_366.00_,34_57_107_51_100_,363.50_363.00_362.50_362.00_361.50_,32_23_25_23_32_
10:53:56,364.00,1,1435,364.00_364.50_365.00_365.50_366.00_,24_57_107_51_100_,363.50_363.00_362.50_362.00_361.50_,32_23_25_23_32_
10:54:01,364.00,8,1443,364.00_364.50_365.00_365.50_366.00_,16_57_107_51_100_,363.50_363.00_362.50_362.00_361.50_,32_23_25_23_29_
10:54:06,364.00,3,1446,364.00_364.50_365.00_365.50_366.00_,15_57_107_51_100_,363.50_363.00_362.50_362.00_361.50_,32_23_25_23_29_
10:54:11,364.00,13,1459,364.00_364.50_365.00_365.50_366.00_,3_18_81_16_79_,363.50_363.00_362.50_362.00_361.50_,32_23_25_23_29_
10:54:17,364.00,4,1463,364.50_365.00_365.50_366.00_366.50_,18_79_16_79_2_,364.00_363.50_363.00_362.50_362.00_,6_32_26_25_25_
10:54:27,364.50,3,1466,364.50_365.00_365.50_366.00_366.50_,23_79_14_70_16_,364.00_363.50_363.00_362.50_362.00_,14_21_25_28_34_
10:54:32,364.50,9,1475,364.50_365.00_365.50_366.00_366.50_,13_80_14_70_16_,364.00_363.50_363.00_362.50_362.00_,18_20_25_28_34_
10:54:37,364.50,2,1477,364.50_365.00_365.50_366.00_366.50_,11_77_14_70_16_,364.00_363.50_363.00_362.50_362.00_,18_20_25_28_34_
10:54:42,364.50,1,1478,364.50_365.00_365.50_366.00_366.50_,10_77_14_70_16_,364.00_363.50_363.00_362.50_362.00_,20_20_25_28_34_
10:54:47,364.50,10,1488,365.00_365.50_366.00_366.50_367.00_,77_14_70_16_65_,364.50_364.00_363.50_363.00_362.50_,9_20_20_25_28_
10:54:52,365.00,1,1489,365.00_365.50_366.00_366.50_367.00_,74_16_68_7_76_,364.50_364.00_363.50_363.00_362.50_,17_12_23_30_37_
10:54:58,365.00,45,1534,365.00_365.50_366.00_366.50_367.00_,28_13_68_7_79_,364.50_364.00_363.50_363.00_362.50_,19_12_23_30_37_
10:55:03,365.00,9,1543,365.00_365.50_366.00_366.50_367.00_,22_11_68_7_79_,364.50_364.00_363.50_363.00_362.50_,20_11_23_30_37_
10:55:08,365.00,7,1550,365.00_365.50_366.00_366.50_367.00_,16_11_68_7_79_,364.50_364.00_363.50_363.00_362.50_,24_32_43_45_37_
10:55:13,365.00,8,1558,365.00_365.50_366.00_366.50_367.00_,8_11_68_7_79_,364.50_364.00_363.50_363.00_362.50_,24_36_43_45_34_
10:55:18,365.00,8,1566,365.50_366.00_366.50_367.00_367.50_,11_60_7_79_9_,365.00_364.50_364.00_363.50_363.00_,3_25_36_43_45_
10:55:23,365.50,1,1567,365.50_366.00_366.50_367.00_367.50_,11_60_5_70_19_,365.00_364.50_364.00_363.50_363.00_,62_16_36_46_54_
10:55:28,365.50,2,1569,365.50_366.00_366.50_367.00_367.50_,8_62_5_70_19_,365.00_364.50_364.00_363.50_363.00_,30_17_37_48_49_
10:55:33,366.00,14,1583,366.00_366.50_367.00_367.50_368.00_,56_5_70_19_68_,365.50_365.00_364.50_364.00_363.50_,41_30_17_36_48_
10:55:39,366.00,10,1593,366.00_366.50_367.00_367.50_368.00_,46_4_67_10_83_,365.50_365.00_364.50_364.00_363.50_,9_14_17_36_60_
10:55:44,366.00,37,1630,366.00_366.50_367.00_367.50_368.00_,15_4_67_10_83_,365.50_365.00_364.50_364.00_363.50_,10_17_17_36_58_
10:55:49,366.00,22,1652,366.50_367.00_367.50_368.00_368.50_,5_67_10_83_7_,366.00_365.50_365.00_364.50_364.00_,3_14_17_17_36_
10:55:54,366.50,5,1657,367.00_367.50_368.00_368.50_369.00_,67_11_76_18_45_,366.00_365.50_365.00_364.50_364.00_,11_4_20_18_51_
10:55:59,366.50,8,1665,366.50_367.00_367.50_368.00_368.50_,1_67_11_76_7_,366.00_365.50_365.00_364.50_364.00_,12_5_21_21_48_
10:56:04,366.50,9,1674,367.00_367.50_368.00_368.50_369.00_,92_39_96_21_44_,366.00_365.50_365.00_364.50_364.00_,13_5_22_18_30_
10:56:09,366.50,1,1675,366.50_367.00_367.50_368.00_368.50_,2_88_40_96_10_,366.00_365.50_365.00_364.50_364.00_,13_5_22_18_27_
10:56:14,366.00,5,1680,366.50_367.00_367.50_368.00_368.50_,5_90_40_111_22_,366.00_365.50_365.00_364.50_364.00_,8_5_22_15_30_
10:56:19,366.00,6,1686,366.50_367.00_367.50_368.00_368.50_,6_87_40_111_22_,366.00_365.50_365.00_364.50_364.00_,8_5_22_15_30_
10:56:25,366.00,8,1694,366.50_367.00_367.50_368.00_368.50_,11_87_41_111_22_,366.00_365.50_365.00_364.50_364.00_,1_5_19_15_30_
10:56:30,366.00,2,1696,366.50_367.00_367.50_368.00_368.50_,13_90_42_108_19_,365.50_365.00_364.50_364.00_363.50_,5_19_15_30_16_
10:56:35,366.00,2,1696,366.00_366.50_367.00_367.50_368.00_,5_13_90_42_105_,365.50_365.00_364.50_364.00_363.50_,6_16_15_18_31_
10:56:40,366.00,2,1696,366.00_366.50_367.00_367.50_368.00_,10_12_89_44_117_,365.50_365.00_364.50_364.00_363.50_,6_16_15_15_34_
10:56:45,365.50,3,1699,366.00_366.50_367.00_367.50_368.00_,13_11_89_44_112_,365.50_365.00_364.50_364.00_363.50_,3_16_15_14_34_
10:56:50,365.50,3,1699,366.00_366.50_367.00_367.50_368.00_,15_11_89_44_112_,365.50_365.00_364.50_364.00_363.50_,3_16_15_17_31_
10:56:55,365.50,1,1700,366.00_366.50_367.00_367.50_368.00_,16_17_89_44_112_,365.50_365.00_364.50_364.00_363.50_,2_16_16_17_31_
10:57:00,366.00,3,1703,366.00_366.50_367.00_367.50_368.00_,15_17_89_44_111_,365.50_365.00_364.50_364.00_363.50_,3_16_16_17_31_
10:57:05,365.00,13,1716,365.50_366.00_366.50_367.00_367.50_,5_15_16_90_44_,365.00_364.50_364.00_363.50_363.00_,6_16_14_34_16_
10:57:16,365.00,1,1718,365.50_366.00_366.50_367.00_367.50_,9_11_21_92_54_,365.00_364.50_364.00_363.50_363.00_,5_12_14_23_31_
10:57:21,365.50,6,1724,365.50_366.00_366.50_367.00_367.50_,5_11_21_93_55_,365.00_364.50_364.00_363.50_363.00_,5_12_14_23_31_
10:57:26,365.00,1,1725,365.50_366.00_366.50_367.00_367.50_,5_11_38_93_55_,365.00_364.50_364.00_363.50_363.00_,10_12_14_24_31_
10:57:31,365.00,1,1725,365.50_366.00_366.50_367.00_367.50_,5_11_38_98_54_,365.00_364.50_364.00_363.50_363.00_,12_6_14_24_31_
10:57:36,365.00,1,1726,365.50_366.00_366.50_367.00_367.50_,8_11_38_99_54_,365.00_364.50_364.00_363.50_363.00_,11_6_15_24_31_
10:57:41,365.50,1,1727,365.50_366.00_366.50_367.00_367.50_,8_11_40_100_54_,365.00_364.50_364.00_363.50_363.00_,12_2_15_28_31_
10:57:46,365.50,1,1727,365.50_366.00_366.50_367.00_367.50_,10_11_40_100_54_,365.00_364.50_364.00_363.50_363.00_,12_2_15_28_33_
10:57:52,365.50,1,1728,365.50_366.00_366.50_367.00_367.50_,10_11_40_100_54_,365.00_364.50_364.00_363.50_363.00_,13_2_15_28_33_
10:57:57,365.50,5,1733,365.50_366.00_366.50_367.00_367.50_,5_16_40_99_54_,365.00_364.50_364.00_363.50_363.00_,13_3_15_29_33_
10:58:02,365.50,1,1734,365.50_366.00_366.50_367.00_367.50_,5_17_61_99_54_,365.00_364.50_364.00_363.50_363.00_,11_3_15_29_33_
10:58:07,365.50,2,1736,365.50_366.00_366.50_367.00_367.50_,4_17_61_119_54_,365.00_364.50_364.00_363.50_363.00_,12_3_15_29_33_
10:58:12,365.50,2,1736,365.50_366.00_366.50_367.00_367.50_,4_17_61_119_54_,365.00_364.50_364.00_363.50_363.00_,12_5_15_29_31_
10:58:17,365.50,4,1740,366.00_366.50_367.00_367.50_368.00_,17_61_119_54_93_,365.50_365.00_364.50_364.00_363.50_,4_12_5_15_29_
10:58:22,366.00,2,1742,366.00_366.50_367.00_367.50_368.00_,16_63_117_45_104_,365.50_365.00_364.50_364.00_363.50_,6_10_5_18_38_
10:58:27,365.50,2,1744,366.00_366.50_367.00_367.50_368.00_,17_64_117_45_103_,365.50_365.00_364.50_364.00_363.50_,4_10_5_15_41_
10:58:33,365.50,1,1745,366.00_366.50_367.00_367.50_368.00_,18_64_117_45_103_,365.50_365.00_364.50_364.00_363.50_,4_10_5_18_38_
10:58:38,365.50,1,1745,366.00_366.50_367.00_367.50_368.00_,18_64_117_45_103_,365.50_365.00_364.50_364.00_363.50_,5_10_5_18_38_
10:58:43,365.50,5,1750,365.50_366.00_366.50_367.00_367.50_,2_18_64_117_45_,365.00_364.50_364.00_363.50_363.00_,9_5_18_38_19_
10:58:48,365.50,1,1751,365.50_366.00_366.50_367.00_367.50_,3_31_62_119_53_,365.00_364.50_364.00_363.50_363.00_,12_5_15_29_31_
10:58:53,365.50,2,1753,365.50_366.00_366.50_367.00_367.50_,4_29_62_119_53_,365.00_364.50_364.00_363.50_363.00_,12_5_15_29_31_
10:58:58,365.50,2,1753,365.50_366.00_366.50_367.00_367.50_,5_40_62_119_53_,365.00_364.50_364.00_363.50_363.00_,12_5_15_29_31_
10:59:03,365.00,1,1754,365.50_366.00_366.50_367.00_367.50_,5_40_62_119_53_,365.00_364.50_364.00_363.50_363.00_,11_5_15_29_31_
10:59:08,365.50,1,1755,365.50_366.00_366.50_367.00_367.50_,5_40_62_119_53_,365.00_364.50_364.00_363.50_363.00_,11_5_15_29_31_
10:59:14,365.50,2,1757,365.50_366.00_366.50_367.00_367.50_,3_41_62_119_53_,365.00_364.50_364.00_363.50_363.00_,11_5_15_29_31_
10:59:19,365.50,1,1758,365.50_366.00_366.50_367.00_367.50_,3_41_62_119_53_,365.00_364.50_364.00_363.50_363.00_,12_5_15_29_31_
10:59:24,365.50,1,1758,365.50_366.00_366.50_367.00_367.50_,4_41_62_119_53_,365.00_364.50_364.00_363.50_363.00_,13_5_15_29_31_
10:59:29,365.50,1,1758,365.50_366.00_366.50_367.00_367.50_,5_42_62_119_53_,365.00_364.50_364.00_363.50_363.00_,13_5_15_29_30_
10:59:34,365.00,3,1761,365.50_366.00_366.50_367.00_367.50_,5_42_62_119_53_,365.00_364.50_364.00_363.50_363.00_,10_5_15_29_30_
10:59:39,365.00,1,1762,365.50_366.00_366.50_367.00_367.50_,9_42_62_119_53_,365.00_364.50_364.00_363.50_363.00_,10_5_15_29_31_
10:59:49,365.00,1,1762,365.50_366.00_366.50_367.00_367.50_,10_42_62_119_53_,365.00_364.50_364.00_363.50_363.00_,10_6_15_29_31_
10:59:55,365.00,5,1767,365.50_366.00_366.50_367.00_367.50_,10_42_62_119_53_,365.00_364.50_364.00_363.50_363.00_,9_6_15_29_31_
11:00:05,365.00,5,1772,365.50_366.00_366.50_367.00_367.50_,10_42_62_119_53_,365.00_364.50_364.00_363.50_363.00_,4_6_15_29_31_
11:00:10,365.00,1,1773,365.50_366.00_366.50_367.00_367.50_,10_45_62_119_50_,365.00_364.50_364.00_363.50_363.00_,3_6_15_29_31_
11:00:15,365.00,3,1776,365.00_365.50_366.00_366.50_367.00_,1_19_54_62_119_,364.50_364.00_363.50_363.00_362.50_,6_15_29_31_22_
11:00:20,365.00,2,1778,365.00_365.50_366.00_366.50_367.00_,11_9_54_64_128_,364.50_364.00_363.50_363.00_362.50_,7_12_26_22_37_
11:00:25,365.00,1,1779,365.00_365.50_366.00_366.50_367.00_,13_8_54_64_128_,364.50_364.00_363.50_363.00_362.50_,8_12_26_22_37_
11:00:30,364.50,2,1781,365.00_365.50_366.00_366.50_367.00_,6_18_54_64_128_,364.50_364.00_363.50_363.00_362.50_,6_12_26_22_37_
11:00:35,364.50,2,1781,365.00_365.50_366.00_366.50_367.00_,6_18_54_64_128_,364.50_364.00_363.50_363.00_362.50_,7_12_26_22_37_
11:00:41,365.00,1,1782,365.00_365.50_366.00_366.50_367.00_,5_18_54_64_128_,364.50_364.00_363.50_363.00_362.50_,7_12_26_22_37_
11:00:46,365.00,1,1782,365.00_365.50_366.00_366.50_367.00_,5_18_54_64_128_,364.50_364.00_363.50_363.00_362.50_,11_8_26_22_37_
11:00:51,365.00,1,1783,365.00_365.50_366.00_366.50_367.00_,4_18_53_64_128_,364.50_364.00_363.50_363.00_362.50_,12_8_26_22_37_
11:00:56,365.00,1,1783,365.00_365.50_366.00_366.50_367.00_,4_18_53_64_128_,364.50_364.00_363.50_363.00_362.50_,17_8_26_22_37_
11:01:06,365.00,1,1783,365.00_365.50_366.00_366.50_367.00_,4_19_53_64_128_,364.50_364.00_363.50_363.00_362.50_,18_8_26_22_37_
11:01:16,365.00,3,1786,365.00_365.50_366.00_366.50_367.00_,1_19_59_60_128_,364.50_364.00_363.50_363.00_362.50_,20_8_26_22_37_
11:01:22,365.00,1,1787,365.00_365.50_366.00_366.50_367.00_,1_19_59_60_128_,364.50_364.00_363.50_363.00_362.50_,20_8_26_22_38_
11:01:27,365.00,1,1787,365.00_365.50_366.00_366.50_367.00_,2_19_62_60_128_,364.50_364.00_363.50_363.00_362.50_,20_8_26_22_38_
11:01:32,365.00,1,1788,365.00_365.50_366.00_366.50_367.00_,2_19_63_60_128_,364.50_364.00_363.50_363.00_362.50_,20_8_26_22_38_
11:01:37,365.00,1,1788,365.00_365.50_366.00_366.50_367.00_,4_19_62_60_128_,364.50_364.00_363.50_363.00_362.50_,20_8_26_22_38_
11:01:42,365.00,1,1788,365.00_365.50_366.00_366.50_367.00_,4_19_64_61_128_,364.50_364.00_363.50_363.00_362.50_,20_8_26_22_38_
11:01:47,365.00,1,1789,365.00_365.50_366.00_366.50_367.00_,3_19_64_61_128_,364.50_364.00_363.50_363.00_362.50_,20_8_26_22_38_
11:01:52,365.00,1,1789,365.00_365.50_366.00_366.50_367.00_,3_19_64_62_128_,364.50_364.00_363.50_363.00_362.50_,20_8_26_22_38_
11:01:58,365.00,1,1790,365.00_365.50_366.00_366.50_367.00_,7_20_64_62_128_,364.50_364.00_363.50_363.00_362.50_,20_9_26_22_38_
11:02:03,365.00,1,1790,365.00_365.50_366.00_366.50_367.00_,9_20_65_62_128_,364.50_364.00_363.50_363.00_362.50_,20_9_26_22_38_
11:02:08,365.00,1,1790,365.00_365.50_366.00_366.50_367.00_,9_20_65_62_128_,364.50_364.00_363.50_363.00_362.50_,20_10_26_22_38_
11:02:13,365.00,1,1791,365.00_365.50_366.00_366.50_367.00_,8_20_65_62_128_,364.50_364.00_363.50_363.00_362.50_,20_10_26_22_38_
11:02:18,365.00,9,1800,365.00_365.50_366.00_366.50_367.00_,1_20_65_62_128_,364.50_364.00_363.50_363.00_362.50_,11_10_26_22_38_
11:02:23,364.50,1,1801,365.00_365.50_366.00_366.50_367.00_,2_20_65_62_128_,364.50_364.00_363.50_363.00_362.50_,10_10_26_22_39_
11:02:28,365.00,2,1803,365.00_365.50_366.00_366.50_367.00_,8_20_65_62_128_,364.50_364.00_363.50_363.00_362.50_,10_10_26_22_39_
11:02:33,365.00,7,1810,365.00_365.50_366.00_366.50_367.00_,2_20_66_62_128_,364.50_364.00_363.50_363.00_362.50_,12_10_26_22_39_
11:02:44,365.00,2,1812,365.00_365.50_366.00_366.50_367.00_,1_20_66_62_128_,364.50_364.00_363.50_363.00_362.50_,14_11_26_22_39_
11:02:49,365.00,2,1814,365.50_366.00_366.50_367.00_367.50_,20_66_62_118_39_,365.00_364.50_364.00_363.50_363.00_,4_14_11_26_22_
11:02:54,365.00,2,1814,365.50_366.00_366.50_367.00_367.50_,20_66_60_109_50_,365.00_364.50_364.00_363.50_363.00_,13_6_14_29_31_
11:02:59,365.50,1,1815,365.50_366.00_366.50_367.00_367.50_,21_63_70_109_103_,365.00_364.50_364.00_363.50_363.00_,15_6_14_29_31_
11:03:04,365.50,1,1815,365.50_366.00_366.50_367.00_367.50_,21_63_70_111_103_,365.00_364.50_364.00_363.50_363.00_,15_7_14_29_31_
11:03:09,365.50,1,1815,365.50_366.00_366.50_367.00_367.50_,18_63_70_111_103_,365.00_364.50_364.00_363.50_363.00_,15_7_14_29_31_
11:03:14,365.50,1,1816,365.50_366.00_366.50_367.00_367.50_,18_63_70_111_103_,365.00_364.50_364.00_363.50_363.00_,15_7_14_29_31_
11:03:20,365.50,1,1817,365.50_366.00_366.50_367.00_367.50_,17_63_70_111_103_,365.00_364.50_364.00_363.50_363.00_,15_7_14_29_31_
11:03:25,365.50,1,1817,365.50_366.00_366.50_367.00_367.50_,22_63_70_111_103_,365.00_364.50_364.00_363.50_363.00_,15_7_14_29_31_
11:03:35,365.50,1,1817,365.50_366.00_366.50_367.00_367.50_,23_64_70_111_103_,365.00_364.50_364.00_363.50_363.00_,15_8_13_29_31_
11:03:40,365.00,2,1819,365.50_366.00_366.50_367.00_367.50_,29_64_70_111_103_,365.00_364.50_364.00_363.50_363.00_,13_8_13_29_31_
11:03:45,365.00,7,1826,365.50_366.00_366.50_367.00_367.50_,29_64_70_111_103_,365.00_364.50_364.00_363.50_363.00_,7_8_13_29_31_
11:03:50,365.00,7,1826,365.50_366.00_366.50_367.00_367.50_,30_64_70_111_103_,365.00_364.50_364.00_363.50_363.00_,5_8_13_29_31_
11:03:55,365.00,7,1833,365.00_365.50_366.00_366.50_367.00_,1_30_67_70_111_,364.50_364.00_363.50_363.00_362.50_,8_13_29_31_24_
11:04:01,365.00,7,1833,365.00_365.50_366.00_366.50_367.00_,12_29_67_72_120_,364.50_364.00_363.50_363.00_362.50_,10_13_26_22_36_
11:04:06,365.00,7,1833,365.00_365.50_366.00_366.50_367.00_,15_26_67_72_120_,364.50_364.00_363.50_363.00_362.50_,10_10_26_22_39_
11:04:11,365.00,2,1835,365.00_365.50_366.00_366.50_367.00_,15_26_67_72_120_,364.50_364.00_363.50_363.00_362.50_,10_10_26_22_39_
11:04:16,365.00,2,1835,365.00_365.50_366.00_366.50_367.00_,15_26_67_72_122_,364.50_364.00_363.50_363.00_362.50_,10_10_26_22_39_
11:04:21,365.00,2,1835,365.00_365.50_366.00_366.50_367.00_,15_26_67_72_122_,364.50_364.00_363.50_363.00_362.50_,10_11_26_22_39_
11:04:26,365.00,2,1835,365.00_365.50_366.00_366.50_367.00_,16_26_67_122_122_,364.50_364.00_363.50_363.00_362.50_,10_11_26_22_39_
11:04:36,365.00,2,1835,365.00_365.50_366.00_366.50_367.00_,17_36_67_122_122_,364.50_364.00_363.50_363.00_362.50_,10_11_24_22_39_
11:04:41,365.00,1,1836,365.00_365.50_366.00_366.50_367.00_,19_36_66_122_122_,364.50_364.00_363.50_363.00_362.50_,10_11_24_22_39_
11:04:47,365.00,1,1837,365.00_365.50_366.00_366.50_367.00_,19_36_66_122_122_,364.50_364.00_363.50_363.00_362.50_,12_11_24_22_39_
11:05:02,365.00,1,1837,365.00_365.50_366.00_366.50_367.00_,19_36_66_122_122_,364.50_364.00_363.50_363.00_362.50_,13_11_24_22_39_
11:05:12,365.00,3,1840,365.00_365.50_366.00_366.50_367.00_,16_36_66_122_122_,364.50_364.00_363.50_363.00_362.50_,15_11_24_22_39_
11:05:17,365.00,3,1840,365.00_365.50_366.00_366.50_367.00_,16_36_66_122_122_,364.50_364.00_363.50_363.00_362.50_,16_11_24_22_39_
11:05:22,365.00,2,1842,365.00_365.50_366.00_366.50_367.00_,14_36_67_122_121_,364.50_364.00_363.50_363.00_362.50_,17_11_24_22_39_
11:05:28,365.00,4,1846,365.00_365.50_366.00_366.50_367.00_,10_36_68_122_121_,364.50_364.00_363.50_363.00_362.50_,17_11_24_22_39_
11:05:33,365.00,4,1846,365.00_365.50_366.00_366.50_367.00_,11_36_68_122_121_,364.50_364.00_363.50_363.00_362.50_,17_11_24_22_39_
11:05:43,365.00,1,1847,365.00_365.50_366.00_366.50_367.00_,10_36_68_122_121_,364.50_364.00_363.50_363.00_362.50_,17_11_24_22_39_
11:05:48,364.50,3,1850,365.00_365.50_366.00_366.50_367.00_,11_36_68_122_121_,364.50_364.00_363.50_363.00_362.50_,14_11_24_22_39_
11:06:04,364.50,3,1850,365.00_365.50_366.00_366.50_367.00_,12_37_68_122_121_,364.50_364.00_363.50_363.00_362.50_,14_11_24_23_39_
11:06:34,365.00,2,1855,365.00_365.50_366.00_366.50_367.00_,8_38_69_122_122_,364.50_364.00_363.50_363.00_362.50_,15_11_22_25_39_
11:06:44,365.00,2,1857,365.00_365.50_366.00_366.50_367.00_,9_38_69_120_122_,364.50_364.00_363.50_363.00_362.50_,15_11_22_25_39_
11:08:06,365.00,2,1875,365.00_365.50_366.00_366.50_367.00_,12_40_73_120_123_,364.50_364.00_363.50_363.00_362.50_,20_11_22_35_39_
11:08:37,365.00,1,1880,365.00_365.50_366.00_366.50_367.00_,8_41_73_120_123_,364.50_364.00_363.50_363.00_362.50_,20_11_22_35_39_
11:08:57,365.00,1,1880,365.00_365.50_366.00_366.50_367.00_,12_41_74_120_123_,364.50_364.00_363.50_363.00_362.50_,20_11_22_35_39_
11:09:13,365.00,2,1883,365.00_365.50_366.00_366.50_367.00_,11_41_74_120_123_,364.50_364.00_363.50_363.00_362.50_,20_11_22_35_39_
11:09:23,365.00,1,1884,365.00_365.50_366.00_366.50_367.00_,12_41_74_120_123_,364.50_364.00_363.50_363.00_362.50_,20_11_22_35_39_
11:09:49,365.00,3,1888,365.00_365.50_366.00_366.50_367.00_,11_41_75_121_124_,364.50_364.00_363.50_363.00_362.50_,18_11_22_35_39_
11:09:54,364.50,1,1889,365.00_365.50_366.00_366.50_367.00_,12_41_75_121_124_,364.50_364.00_363.50_363.00_362.50_,18_11_22_35_39_
11:09:59,364.50,1,1889,365.00_365.50_366.00_366.50_367.00_,13_41_73_121_124_,364.50_364.00_363.50_363.00_362.50_,18_11_22_35_39_
11:10:04,365.00,2,1891,365.00_365.50_366.00_366.50_367.00_,13_41_73_121_124_,364.50_364.00_363.50_363.00_362.50_,19_11_22_35_39_
11:10:09,364.50,1,1892,365.00_365.50_366.00_366.50_367.00_,14_41_73_121_124_,364.50_364.00_363.50_363.00_362.50_,18_11_22_35_39_
11:10:14,365.00,1,1893,365.00_365.50_366.00_366.50_367.00_,22_41_73_121_124_,364.50_364.00_363.50_363.00_362.50_,18_11_22_35_39_
11:10:19,364.50,2,1895,365.00_365.50_366.00_366.50_367.00_,23_41_73_121_124_,364.50_364.00_363.50_363.00_362.50_,17_11_22_35_39_
11:10:25,365.00,1,1896,365.00_365.50_366.00_366.50_367.00_,22_41_73_121_124_,364.50_364.00_363.50_363.00_362.50_,17_11_22_25_39_
11:10:35,365.00,1,1898,365.00_365.50_366.00_366.50_367.00_,27_42_73_121_124_,364.50_364.00_363.50_363.00_362.50_,18_11_22_25_44_
11:10:45,365.00,1,1899,365.00_365.50_366.00_366.50_367.00_,26_43_73_121_124_,364.50_364.00_363.50_363.00_362.50_,18_11_22_25_44_
11:10:55,364.50,1,1900,365.00_365.50_366.00_366.50_367.00_,29_43_73_121_124_,364.50_364.00_363.50_363.00_362.50_,17_11_22_25_44_
11:11:00,365.00,3,1903,365.00_365.50_366.00_366.50_367.00_,27_43_73_121_124_,364.50_364.00_363.50_363.00_362.50_,17_11_22_25_44_
11:11:06,365.00,1,1904,365.00_365.50_366.00_366.50_367.00_,26_43_72_121_124_,364.50_364.00_363.50_363.00_362.50_,17_11_22_25_44_
11:11:11,364.50,1,1905,365.00_365.50_366.00_366.50_367.00_,27_43_72_121_124_,364.50_364.00_363.50_363.00_362.50_,17_11_22_25_44_
11:11:16,365.00,1,1906,365.00_365.50_366.00_366.50_367.00_,38_43_72_121_124_,364.50_364.00_363.50_363.00_362.50_,17_11_22_25_44_
11:11:21,364.50,1,1907,365.00_365.50_366.00_366.50_367.00_,38_43_74_121_124_,364.50_364.00_363.50_363.00_362.50_,16_11_22_27_44_
11:11:26,365.00,1,1908,365.00_365.50_366.00_366.50_367.00_,37_43_74_121_124_,364.50_364.00_363.50_363.00_362.50_,16_11_22_27_44_
11:11:31,365.00,2,1910,365.00_365.50_366.00_366.50_367.00_,36_43_74_121_124_,364.50_364.00_363.50_363.00_362.50_,16_11_22_27_44_
11:11:42,365.00,1,1911,365.00_365.50_366.00_366.50_367.00_,35_43_74_121_124_,364.50_364.00_363.50_363.00_362.50_,16_11_22_27_44_
11:11:47,365.00,1,1911,365.00_365.50_366.00_366.50_367.00_,37_43_74_121_124_,364.50_364.00_363.50_363.00_362.50_,17_11_22_27_44_
11:12:02,365.00,1,1911,365.00_365.50_366.00_366.50_367.00_,38_43_74_121_124_,364.50_364.00_363.50_363.00_362.50_,17_11_22_27_44_
11:12:07,365.00,1,1912,365.00_365.50_366.00_366.50_367.00_,37_43_74_121_124_,364.50_364.00_363.50_363.00_362.50_,17_11_22_27_44_
11:12:12,365.00,1,1913,365.00_365.50_366.00_366.50_367.00_,38_43_74_121_124_,364.50_364.00_363.50_363.00_362.50_,17_11_22_27_44_
11:12:17,365.00,1,1914,365.00_365.50_366.00_366.50_367.00_,37_43_74_121_124_,364.50_364.00_363.50_363.00_362.50_,17_11_22_27_44_
11:12:28,365.00,1,1915,365.00_365.50_366.00_366.50_367.00_,36_43_74_121_124_,364.50_364.00_363.50_363.00_362.50_,17_11_22_27_44_
11:12:33,365.00,1,1915,365.00_365.50_366.00_366.50_367.00_,36_43_74_121_124_,364.50_364.00_363.50_363.00_362.50_,18_11_22_27_44_
11:12:38,365.00,1,1916,365.00_365.50_366.00_366.50_367.00_,35_43_74_121_124_,364.50_364.00_363.50_363.00_362.50_,18_11_22_27_44_
11:12:43,365.00,1,1917,365.00_365.50_366.00_366.50_367.00_,34_43_75_121_124_,364.50_364.00_363.50_363.00_362.50_,20_11_22_27_44_
11:12:48,364.50,2,1919,365.00_365.50_366.00_366.50_367.00_,34_43_75_121_124_,364.50_364.00_363.50_363.00_362.50_,18_11_22_27_44_
11:12:53,364.50,2,1919,365.00_365.50_366.00_366.50_367.00_,35_43_75_121_124_,364.50_364.00_363.50_363.00_362.50_,18_11_22_27_44_
11:12:58,364.50,2,1919,365.00_365.50_366.00_366.50_367.00_,35_43_76_121_124_,364.50_364.00_363.50_363.00_362.50_,18_11_22_27_44_
11:13:09,365.00,1,1920,365.00_365.50_366.00_366.50_367.00_,35_43_76_121_124_,364.50_364.00_363.50_363.00_362.50_,18_11_22_27_44_
11:13:14,365.00,1,1921,365.00_365.50_366.00_366.50_367.00_,35_43_77_121_124_,364.50_364.00_363.50_363.00_362.50_,18_11_22_27_44_
11:13:19,365.00,1,1921,365.00_365.50_366.00_366.50_367.00_,44_43_77_121_124_,364.50_364.00_363.50_363.00_362.50_,18_11_22_27_44_
11:13:24,365.00,1,1922,365.00_365.50_366.00_366.50_367.00_,44_42_77_121_124_,364.50_364.00_363.50_363.00_362.50_,18_11_22_27_44_
11:13:29,365.00,1,1923,365.00_365.50_366.00_366.50_367.00_,43_42_77_121_124_,364.50_364.00_363.50_363.00_362.50_,18_11_22_27_44_
11:13:34,365.00,1,1923,365.00_365.50_366.00_366.50_367.00_,43_42_78_121_124_,364.50_364.00_363.50_363.00_362.50_,18_11_22_27_44_
11:13:39,364.50,1,1924,365.00_365.50_366.00_366.50_367.00_,43_42_78_121_124_,364.50_364.00_363.50_363.00_362.50_,17_11_22_27_44_
11:13:45,365.00,2,1926,365.00_365.50_366.00_366.50_367.00_,41_42_78_121_124_,364.50_364.00_363.50_363.00_362.50_,17_11_22_27_44_
11:13:50,365.00,2,1926,365.00_365.50_366.00_366.50_367.00_,42_42_78_121_124_,364.50_364.00_363.50_363.00_362.50_,20_11_22_27_44_
11:14:10,365.00,2,1926,365.00_365.50_366.00_366.50_367.00_,43_42_78_121_124_,364.50_364.00_363.50_363.00_362.50_,20_11_22_27_44_
11:14:15,365.00,1,1927,365.00_365.50_366.00_366.50_367.00_,42_42_78_121_124_,364.50_364.00_363.50_363.00_362.50_,20_11_22_27_44_
11:14:21,365.00,1,1927,365.00_365.50_366.00_366.50_367.00_,43_42_78_121_124_,364.50_364.00_363.50_363.00_362.50_,22_11_22_27_44_
11:14:26,365.00,3,1930,365.00_365.50_366.00_366.50_367.00_,40_42_78_121_124_,364.50_364.00_363.50_363.00_362.50_,22_11_22_27_44_
11:14:31,365.00,1,1931,365.00_365.50_366.00_366.50_367.00_,39_42_78_121_124_,364.50_364.00_363.50_363.00_362.50_,22_11_22_27_44_
11:14:41,365.00,2,1933,365.00_365.50_366.00_366.50_367.00_,37_42_78_121_124_,364.50_364.00_363.50_363.00_362.50_,21_11_22_27_44_
11:14:56,365.00,2,1935,365.00_365.50_366.00_366.50_367.00_,35_42_78_121_124_,364.50_364.00_363.50_363.00_362.50_,21_11_22_27_44_
11:15:02,365.00,1,1936,365.00_365.50_366.00_366.50_367.00_,34_43_78_121_124_,364.50_364.00_363.50_363.00_362.50_,21_11_22_27_44_
11:15:12,365.00,2,1938,365.00_365.50_366.00_366.50_367.00_,38_43_78_121_124_,364.50_364.00_363.50_363.00_362.50_,21_11_22_27_44_
11:15:17,365.00,1,1939,365.00_365.50_366.00_366.50_367.00_,37_43_78_121_124_,364.50_364.00_363.50_363.00_362.50_,21_11_22_27_44_
11:15:22,365.00,1,1940,365.00_365.50_366.00_366.50_367.00_,36_43_78_121_124_,364.50_364.00_363.50_363.00_362.50_,21_11_22_27_44_
11:15:32,365.00,1,1940,365.00_365.50_366.00_366.50_367.00_,37_43_78_121_124_,364.50_364.00_363.50_363.00_362.50_,21_11_22_27_44_
11:15:43,365.00,1,1941,365.00_365.50_366.00_366.50_367.00_,36_43_78_121_124_,364.50_364.00_363.50_363.00_362.50_,21_11_22_31_44_
11:15:48,365.00,1,1941,365.00_365.50_366.00_366.50_367.00_,37_43_78_121_124_,364.50_364.00_363.50_363.00_362.50_,21_11_22_31_44_
11:15:58,365.00,1,1941,365.00_365.50_366.00_366.50_367.00_,37_43_79_121_124_,364.50_364.00_363.50_363.00_362.50_,21_11_22_31_44_
11:16:03,365.00,1,1941,365.00_365.50_366.00_366.50_367.00_,41_43_79_121_124_,364.50_364.00_363.50_363.00_362.50_,21_11_22_31_44_
11:16:08,365.00,1,1942,365.00_365.50_366.00_366.50_367.00_,40_43_79_121_124_,364.50_364.00_363.50_363.00_362.50_,21_11_22_31_44_
11:16:13,365.00,1,1942,365.00_365.50_366.00_366.50_367.00_,42_43_79_121_124_,364.50_364.00_363.50_363.00_362.50_,21_11_22_31_44_
11:16:18,365.00,2,1944,365.00_365.50_366.00_366.50_367.00_,42_43_80_121_124_,364.50_364.00_363.50_363.00_362.50_,21_11_22_31_44_
11:16:23,365.00,2,1944,365.00_365.50_366.00_366.50_367.00_,44_43_80_121_124_,364.50_364.00_363.50_363.00_362.50_,21_11_22_31_44_
11:16:29,364.50,1,1945,365.00_365.50_366.00_366.50_367.00_,44_43_80_121_124_,364.50_364.00_363.50_363.00_362.50_,20_11_22_31_44_
11:16:34,364.50,3,1948,365.00_365.50_366.00_366.50_367.00_,44_43_80_121_124_,364.50_364.00_363.50_363.00_362.50_,21_11_26_31_44_
11:17:04,365.00,1,1951,365.00_365.50_366.00_366.50_367.00_,46_51_81_121_124_,364.50_364.00_363.50_363.00_362.50_,21_11_30_31_44_
11:17:09,364.50,1,1952,365.00_365.50_366.00_366.50_367.00_,46_51_81_121_124_,364.50_364.00_363.50_363.00_362.50_,20_11_30_31_44_
11:17:15,364.50,1,1952,365.00_365.50_366.00_366.50_367.00_,48_51_85_121_124_,364.50_364.00_363.50_363.00_362.50_,20_11_30_31_44_
11:17:20,365.00,3,1955,365.00_365.50_366.00_366.50_367.00_,45_51_85_121_124_,364.50_364.00_363.50_363.00_362.50_,20_11_30_31_44_
11:17:30,364.50,4,1960,365.00_365.50_366.00_366.50_367.00_,43_51_85_125_124_,364.50_364.00_363.50_363.00_362.50_,17_16_30_31_44_
11:17:35,365.00,2,1962,365.00_365.50_366.00_366.50_367.00_,41_51_84_125_124_,364.50_364.00_363.50_363.00_362.50_,17_16_30_31_44_
11:17:45,365.00,1,1963,365.00_365.50_366.00_366.50_367.00_,40_51_84_125_124_,364.50_364.00_363.50_363.00_362.50_,18_16_30_31_44_
11:17:50,365.00,1,1963,365.00_365.50_366.00_366.50_367.00_,45_51_84_125_124_,364.50_364.00_363.50_363.00_362.50_,18_16_30_31_44_
11:17:56,365.00,1,1963,365.00_365.50_366.00_366.50_367.00_,46_51_84_125_124_,364.50_364.00_363.50_363.00_362.50_,18_16_30_31_44_
11:18:01,365.00,2,1965,365.00_365.50_366.00_366.50_367.00_,44_51_84_125_124_,364.50_364.00_363.50_363.00_362.50_,18_16_30_31_44_
11:18:06,364.50,3,1968,365.00_365.50_366.00_366.50_367.00_,44_51_84_125_124_,364.50_364.00_363.50_363.00_362.50_,16_16_30_31_44_
11:18:11,365.00,1,1969,365.00_365.50_366.00_366.50_367.00_,43_51_84_125_124_,364.50_364.00_363.50_363.00_362.50_,16_16_30_31_44_
11:18:16,365.00,3,1972,365.00_365.50_366.00_366.50_367.00_,41_51_85_125_124_,364.50_364.00_363.50_363.00_362.50_,16_16_30_31_44_
11:18:21,365.00,3,1972,365.00_365.50_366.00_366.50_367.00_,42_51_85_125_124_,364.50_364.00_363.50_363.00_362.50_,16_16_30_31_44_
11:18:47,365.00,3,1972,365.00_365.50_366.00_366.50_367.00_,43_51_85_125_124_,364.50_364.00_363.50_363.00_362.50_,17_20_30_31_44_
11:18:52,365.00,3,1972,365.00_365.50_366.00_366.50_367.00_,43_51_85_125_124_,364.50_364.00_363.50_363.00_362.50_,17_20_34_35_44_
11:18:57,365.00,3,1972,365.00_365.50_366.00_366.50_367.00_,43_51_85_125_124_,364.50_364.00_363.50_363.00_362.50_,17_20_34_35_48_
11:19:02,365.00,3,1972,365.00_365.50_366.00_366.50_367.00_,44_52_86_125_124_,364.50_364.00_363.50_363.00_362.50_,17_20_34_35_48_
11:19:07,364.50,1,1973,365.00_365.50_366.00_366.50_367.00_,44_52_86_125_124_,364.50_364.00_363.50_363.00_362.50_,16_20_34_35_48_
11:19:12,364.50,3,1976,365.00_365.50_366.00_366.50_367.00_,46_52_86_125_124_,364.50_364.00_363.50_363.00_362.50_,14_20_34_35_48_
11:19:18,364.50,3,1979,365.00_365.50_366.00_366.50_367.00_,46_52_86_125_124_,364.50_364.00_363.50_363.00_362.50_,12_20_34_35_48_
11:19:28,364.50,2,1981,365.00_365.50_366.00_366.50_367.00_,47_52_86_125_124_,364.50_364.00_363.50_363.00_362.50_,10_20_34_35_48_
11:19:33,364.50,1,1982,365.00_365.50_366.00_366.50_367.00_,47_52_86_125_120_,364.50_364.00_363.50_363.00_362.50_,9_20_34_35_48_
11:19:38,364.50,1,1983,365.00_365.50_366.00_366.50_367.00_,47_52_86_125_120_,364.50_364.00_363.50_363.00_362.50_,9_20_34_35_48_
11:19:43,364.50,4,1987,365.00_365.50_366.00_366.50_367.00_,57_51_86_125_120_,364.50_364.00_363.50_363.00_362.50_,5_20_34_35_48_
11:19:48,364.50,1,1988,365.00_365.50_366.00_366.50_367.00_,57_51_86_125_120_,364.50_364.00_363.50_363.00_362.50_,5_20_34_35_48_
11:19:53,364.50,1,1988,365.00_365.50_366.00_366.50_367.00_,57_51_86_125_118_,364.50_364.00_363.50_363.00_362.50_,5_20_34_35_48_
11:19:58,364.50,2,1990,365.00_365.50_366.00_366.50_367.00_,57_51_86_125_118_,364.50_364.00_363.50_363.00_362.50_,3_20_34_35_48_
11:20:04,364.50,3,1993,364.50_365.00_365.50_366.00_366.50_,8_65_50_86_125_,364.00_363.50_363.00_362.50_362.00_,20_34_35_48_35_
11:20:09,364.50,3,1993,364.50_365.00_365.50_366.00_366.50_,18_56_50_88_133_,364.00_363.50_363.00_362.50_362.00_,21_33_32_41_48_
11:20:14,364.50,1,1994,364.50_365.00_365.50_366.00_366.50_,22_51_50_88_130_,364.00_363.50_363.00_362.50_362.00_,24_33_32_41_48_
11:20:19,364.50,1,1994,364.50_365.00_365.50_366.00_366.50_,23_51_53_88_130_,364.00_363.50_363.00_362.50_362.00_,25_33_32_41_48_
11:20:24,364.50,1,1994,364.50_365.00_365.50_366.00_366.50_,24_51_53_88_133_,364.00_363.50_363.00_362.50_362.00_,25_33_32_41_48_
11:20:29,364.50,2,1996,364.50_365.00_365.50_366.00_366.50_,22_51_53_88_133_,364.00_363.50_363.00_362.50_362.00_,27_34_32_41_48_
11:20:34,364.50,2,1998,364.50_365.00_365.50_366.00_366.50_,21_51_53_88_133_,364.00_363.50_363.00_362.50_362.00_,27_34_32_41_48_
11:20:39,364.50,2,1998,364.50_365.00_365.50_366.00_366.50_,21_52_53_88_133_,364.00_363.50_363.00_362.50_362.00_,27_34_32_41_48_
11:20:44,364.50,2,1998,364.50_365.00_365.50_366.00_366.50_,21_53_53_88_133_,364.00_363.50_363.00_362.50_362.00_,27_34_32_41_48_
11:20:55,364.50,1,1999,364.50_365.00_365.50_366.00_366.50_,20_53_53_138_133_,364.00_363.50_363.00_362.50_362.00_,27_34_32_41_48_
11:21:00,364.00,3,2002,364.50_365.00_365.50_366.00_366.50_,20_52_53_138_133_,364.00_363.50_363.00_362.50_362.00_,24_34_32_41_48_
11:21:05,364.00,3,2002,364.50_365.00_365.50_366.00_366.50_,19_53_53_138_133_,364.00_363.50_363.00_362.50_362.00_,24_34_32_41_48_
11:21:10,364.50,1,2003,364.50_365.00_365.50_366.00_366.50_,18_53_53_138_133_,364.00_363.50_363.00_362.50_362.00_,24_34_32_41_48_
11:21:20,364.50,1,2004,364.50_365.00_365.50_366.00_366.50_,18_53_53_138_134_,364.00_363.50_363.00_362.50_362.00_,24_34_32_41_48_
11:21:26,364.50,1,2005,364.50_365.00_365.50_366.00_366.50_,17_53_53_138_134_,364.00_363.50_363.00_362.50_362.00_,24_34_32_41_48_
11:21:31,364.50,1,2005,364.50_365.00_365.50_366.00_366.50_,10_52_53_138_134_,364.00_363.50_363.00_362.50_362.00_,24_34_32_41_48_
11:21:36,364.00,1,2006,364.50_365.00_365.50_366.00_366.50_,10_52_53_140_133_,364.00_363.50_363.00_362.50_362.00_,24_34_32_41_48_
11:21:51,364.50,1,2007,364.50_365.00_365.50_366.00_366.50_,9_52_53_140_134_,364.00_363.50_363.00_362.50_362.00_,25_34_32_41_48_
11:21:56,364.00,3,2010,364.50_365.00_365.50_366.00_366.50_,12_50_53_140_139_,364.00_363.50_363.00_362.50_362.00_,22_34_32_41_48_
11:22:02,364.00,3,2010,364.50_365.00_365.50_366.00_366.50_,12_51_53_141_139_,364.00_363.50_363.00_362.50_362.00_,22_34_32_41_48_
11:22:07,364.50,4,2014,364.50_365.00_365.50_366.00_366.50_,8_51_53_141_139_,364.00_363.50_363.00_362.50_362.00_,22_34_32_41_48_
11:22:12,364.50,2,2016,364.50_365.00_365.50_366.00_366.50_,6_51_53_141_139_,364.00_363.50_363.00_362.50_362.00_,22_34_32_41_48_
11:22:17,364.50,2,2016,364.50_365.00_365.50_366.00_366.50_,12_45_53_141_139_,364.00_363.50_363.00_362.50_362.00_,22_33_32_41_48_
11:22:22,364.50,2,2016,364.50_365.00_365.50_366.00_366.50_,13_46_52_141_139_,364.00_363.50_363.00_362.50_362.00_,24_33_32_46_48_
11:22:27,364.50,2,2016,364.50_365.00_365.50_366.00_366.50_,13_46_52_141_139_,364.00_363.50_363.00_362.50_362.00_,24_33_32_51_48_
11:22:32,364.50,7,2023,364.50_365.00_365.50_366.00_366.50_,6_46_52_141_139_,364.00_363.50_363.00_362.50_362.00_,24_33_32_51_48_
11:22:37,364.50,5,2028,364.50_365.00_365.50_366.00_366.50_,4_46_52_141_139_,364.00_363.50_363.00_362.50_362.00_,24_33_32_51_48_
11:22:43,364.50,3,2031,364.50_365.00_365.50_366.00_366.50_,8_46_52_141_139_,364.00_363.50_363.00_362.50_362.00_,24_33_32_51_48_
11:22:48,364.50,3,2031,364.50_365.00_365.50_366.00_366.50_,11_44_52_141_139_,364.00_363.50_363.00_362.50_362.00_,26_33_32_51_48_
11:23:03,364.50,3,2031,364.50_365.00_365.50_366.00_366.50_,11_45_52_141_139_,364.00_363.50_363.00_362.50_362.00_,26_33_32_51_48_
11:23:08,364.50,1,2032,364.50_365.00_365.50_366.00_366.50_,10_45_52_141_139_,364.00_363.50_363.00_362.50_362.00_,26_33_32_52_48_
11:23:13,364.50,1,2033,364.50_365.00_365.50_366.00_366.50_,9_45_52_141_139_,364.00_363.50_363.00_362.50_362.00_,26_33_32_52_48_
11:23:19,364.50,1,2034,364.50_365.00_365.50_366.00_366.50_,2_45_52_141_139_,364.00_363.50_363.00_362.50_362.00_,26_33_32_52_48_
11:23:24,364.50,1,2034,364.50_365.00_365.50_366.00_366.50_,3_45_52_141_139_,364.00_363.50_363.00_362.50_362.00_,26_33_32_52_48_
11:23:29,364.50,1,2035,364.50_365.00_365.50_366.00_366.50_,3_44_52_141_139_,364.00_363.50_363.00_362.50_362.00_,26_33_32_52_48_
11:23:34,364.50,1,2035,364.50_365.00_365.50_366.00_366.50_,3_44_53_141_139_,364.00_363.50_363.00_362.50_362.00_,26_33_32_52_48_
11:23:39,364.50,1,2036,364.50_365.00_365.50_366.00_366.50_,2_45_53_141_139_,364.00_363.50_363.00_362.50_362.00_,26_33_32_52_48_
11:23:44,364.50,1,2036,364.50_365.00_365.50_366.00_366.50_,5_45_53_143_139_,364.00_363.50_363.00_362.50_362.00_,26_33_32_52_48_
11:23:49,364.50,1,2036,364.50_365.00_365.50_366.00_366.50_,5_45_53_143_139_,364.00_363.50_363.00_362.50_362.00_,27_33_32_52_48_
11:23:54,364.50,1,2036,364.50_365.00_365.50_366.00_366.50_,5_46_53_143_139_,364.00_363.50_363.00_362.50_362.00_,27_33_32_52_48_
11:24:05,364.50,1,2037,364.50_365.00_365.50_366.00_366.50_,4_46_53_143_139_,364.00_363.50_363.00_362.50_362.00_,27_33_32_52_48_
11:24:10,364.50,1,2037,364.50_365.00_365.50_366.00_366.50_,4_46_53_141_121_,364.00_363.50_363.00_362.50_362.00_,28_33_32_52_48_
11:24:15,364.00,20,2057,364.50_365.00_365.50_366.00_366.50_,4_46_53_141_121_,364.00_363.50_363.00_362.50_362.00_,9_34_32_52_48_
11:24:20,364.50,1,2058,364.50_365.00_365.50_366.00_366.50_,11_46_53_141_121_,364.00_363.50_363.00_362.50_362.00_,8_34_32_52_48_
11:24:25,364.50,1,2058,364.50_365.00_365.50_366.00_366.50_,31_46_53_141_121_,364.00_363.50_363.00_362.50_362.00_,8_34_33_52_48_
11:24:30,364.50,1,2058,364.50_365.00_365.50_366.00_366.50_,31_46_53_141_121_,364.00_363.50_363.00_362.50_362.00_,8_31_33_52_51_
11:24:35,364.50,1,2058,364.50_365.00_365.50_366.00_366.50_,31_46_54_141_121_,364.00_363.50_363.00_362.50_362.00_,8_31_33_52_51_
11:24:41,364.50,1,2059,364.50_365.00_365.50_366.00_366.50_,30_46_54_141_121_,364.00_363.50_363.00_362.50_362.00_,9_31_33_52_51_
11:24:46,364.50,1,2059,364.50_365.00_365.50_366.00_366.50_,32_46_54_141_121_,364.00_363.50_363.00_362.50_362.00_,9_31_33_52_51_
11:24:56,364.50,2,2061,364.50_365.00_365.50_366.00_366.50_,30_46_54_141_121_,364.00_363.50_363.00_362.50_362.00_,9_31_33_52_51_
11:25:01,364.50,1,2062,364.50_365.00_365.50_366.00_366.50_,30_46_54_141_121_,364.00_363.50_363.00_362.50_362.00_,9_31_33_52_51_
11:25:06,364.50,1,2062,364.50_365.00_365.50_366.00_366.50_,23_46_54_142_121_,364.00_363.50_363.00_362.50_362.00_,11_31_33_52_51_
11:25:11,364.50,1,2062,364.50_365.00_365.50_366.00_366.50_,23_46_54_142_121_,364.00_363.50_363.00_362.50_362.00_,10_31_33_52_51_
11:25:22,364.00,12,2074,364.00_364.50_365.00_365.50_366.00_,8_23_46_54_142_,363.50_363.00_362.50_362.00_361.50_,31_33_52_51_12_
11:25:27,364.00,1,2075,364.00_364.50_365.00_365.50_366.00_,8_23_48_56_151_,363.50_363.00_362.50_362.00_361.50_,32_34_49_41_24_
11:25:32,364.00,1,2075,364.00_364.50_365.00_365.50_366.00_,9_22_48_56_151_,363.50_363.00_362.50_362.00_361.50_,32_34_49_41_24_
11:25:37,364.00,1,2075,364.00_364.50_365.00_365.50_366.00_,16_22_48_56_151_,363.50_363.00_362.50_362.00_361.50_,32_34_49_41_24_
11:25:42,364.00,1,2075,364.00_364.50_365.00_365.50_366.00_,16_22_48_56_151_,363.50_363.00_362.50_362.00_361.50_,32_34_50_52_24_
11:25:47,364.00,1,2075,364.00_364.50_365.00_365.50_366.00_,17_22_48_56_151_,363.50_363.00_362.50_362.00_361.50_,32_34_50_52_24_
11:25:52,364.00,1,2076,364.00_364.50_365.00_365.50_366.00_,16_22_51_56_151_,363.50_363.00_362.50_362.00_361.50_,32_34_50_52_24_
11:26:03,364.00,2,2078,364.00_364.50_365.00_365.50_366.00_,16_22_51_56_151_,363.50_363.00_362.50_362.00_361.50_,32_34_50_52_24_
11:26:08,364.00,2,2078,364.00_364.50_365.00_365.50_366.00_,16_22_51_56_150_,363.50_363.00_362.50_362.00_361.50_,32_34_50_52_24_
11:26:18,364.00,2,2078,364.00_364.50_365.00_365.50_366.00_,17_22_51_56_150_,363.50_363.00_362.50_362.00_361.50_,33_34_50_52_24_
11:26:23,364.00,3,2081,364.00_364.50_365.00_365.50_366.00_,14_22_51_56_150_,363.50_363.00_362.50_362.00_361.50_,33_34_50_52_24_
11:26:28,364.00,3,2081,364.00_364.50_365.00_365.50_366.00_,14_22_52_58_150_,363.50_363.00_362.50_362.00_361.50_,34_34_50_52_24_
11:26:38,364.00,4,2086,364.00_364.50_365.00_365.50_366.00_,11_22_53_62_150_,363.50_363.00_362.50_362.00_361.50_,35_34_50_52_24_
11:26:44,364.00,2,2088,364.00_364.50_365.00_365.50_366.00_,6_22_53_62_150_,363.50_363.00_362.50_362.00_361.50_,35_34_50_52_24_
11:26:49,364.00,2,2090,364.00_364.50_365.00_365.50_366.00_,3_22_53_62_150_,363.50_363.00_362.50_362.00_361.50_,35_34_50_52_24_
11:26:54,364.00,2,2090,364.00_364.50_365.00_365.50_366.00_,3_22_50_62_150_,363.50_363.00_362.50_362.00_361.50_,35_34_50_52_24_
11:26:59,364.00,3,2093,364.50_365.00_365.50_366.00_366.50_,22_50_62_150_110_,364.00_363.50_363.00_362.50_362.00_,1_37_34_50_52_
11:27:04,364.00,1,2094,364.50_365.00_365.50_366.00_366.50_,23_50_60_143_121_,364.00_363.50_363.00_362.50_362.00_,4_33_33_53_62_
11:27:09,364.00,1,2094,364.50_365.00_365.50_366.00_366.50_,23_50_60_143_131_,364.00_363.50_363.00_362.50_362.00_,4_32_33_53_62_
11:27:14,364.50,2,2096,364.50_365.00_365.50_366.00_366.50_,21_50_60_143_131_,364.00_363.50_363.00_362.50_362.00_,4_32_33_53_62_
11:27:30,364.50,2,2096,364.50_365.00_365.50_366.00_366.50_,21_50_60_143_131_,364.00_363.50_363.00_362.50_362.00_,9_32_33_53_62_
11:27:35,364.50,1,2097,364.50_365.00_365.50_366.00_366.50_,23_50_60_143_131_,364.00_363.50_363.00_362.50_362.00_,9_32_33_53_62_
11:27:40,364.50,2,2099,364.50_365.00_365.50_366.00_366.50_,21_50_60_143_131_,364.00_363.50_363.00_362.50_362.00_,10_32_33_53_62_
11:27:45,364.50,2,2099,364.50_365.00_365.50_366.00_366.50_,21_50_60_143_131_,364.00_363.50_363.00_362.50_362.00_,12_35_33_53_62_
11:27:50,364.50,2,2099,364.50_365.00_365.50_366.00_366.50_,21_50_60_143_131_,364.00_363.50_363.00_362.50_362.00_,12_38_33_53_62_
11:27:55,364.50,1,2100,364.50_365.00_365.50_366.00_366.50_,21_50_60_143_131_,364.00_363.50_363.00_362.50_362.00_,13_38_33_53_62_
11:28:00,364.50,1,2101,364.50_365.00_365.50_366.00_366.50_,20_50_60_143_131_,364.00_363.50_363.00_362.50_362.00_,13_38_33_53_62_
11:28:06,364.00,1,2102,364.50_365.00_365.50_366.00_366.50_,20_50_60_143_131_,364.00_363.50_363.00_362.50_362.00_,12_38_33_53_62_
11:28:11,364.00,1,2102,364.50_365.00_365.50_366.00_366.50_,21_50_60_143_131_,364.00_363.50_363.00_362.50_362.00_,13_38_33_53_62_
11:28:31,364.00,1,2102,364.50_365.00_365.50_366.00_366.50_,21_51_60_143_131_,364.00_363.50_363.00_362.50_362.00_,13_38_33_53_62_
11:28:36,364.00,1,2102,364.50_365.00_365.50_366.00_366.50_,21_51_60_143_131_,364.00_363.50_363.00_362.50_362.00_,20_38_33_53_62_
11:28:42,364.00,1,2102,364.50_365.00_365.50_366.00_366.50_,21_51_60_143_131_,364.00_363.50_363.00_362.50_362.00_,21_38_33_53_62_
11:28:47,364.50,1,2103,364.50_365.00_365.50_366.00_366.50_,20_51_60_141_131_,364.00_363.50_363.00_362.50_362.00_,21_38_33_53_62_
11:28:52,364.50,1,2104,364.50_365.00_365.50_366.00_366.50_,19_51_60_141_131_,364.00_363.50_363.00_362.50_362.00_,21_38_33_53_62_
11:28:57,364.50,1,2104,364.50_365.00_365.50_366.00_366.50_,23_51_60_141_131_,364.00_363.50_363.00_362.50_362.00_,21_38_33_52_64_
11:29:07,364.50,1,2104,364.50_365.00_365.50_366.00_366.50_,23_51_60_141_131_,364.00_363.50_363.00_362.50_362.00_,23_38_33_52_64_
11:29:12,364.50,1,2105,364.50_365.00_365.50_366.00_366.50_,23_52_60_141_131_,364.00_363.50_363.00_362.50_362.00_,23_38_33_52_64_
11:29:17,364.50,1,2105,364.50_365.00_365.50_366.00_366.50_,23_52_61_141_131_,364.00_363.50_363.00_362.50_362.00_,25_38_33_52_64_
11:29:33,364.50,1,2105,364.50_365.00_365.50_366.00_366.50_,23_52_61_141_131_,364.00_363.50_363.00_362.50_362.00_,26_38_33_52_64_
11:29:38,364.00,1,2106,364.50_365.00_365.50_366.00_366.50_,23_52_61_141_131_,364.00_363.50_363.00_362.50_362.00_,25_38_33_52_64_
11:29:43,364.50,2,2108,364.50_365.00_365.50_366.00_366.50_,22_52_61_141_132_,364.00_363.50_363.00_362.50_362.00_,24_38_33_52_64_
11:29:48,364.50,2,2108,364.50_365.00_365.50_366.00_366.50_,22_52_61_141_132_,364.00_363.50_363.00_362.50_362.00_,25_38_33_52_64_
11:29:53,364.50,1,2109,364.50_365.00_365.50_366.00_366.50_,21_52_61_141_132_,364.00_363.50_363.00_362.50_362.00_,30_38_33_52_64_
11:29:58,364.50,1,2109,364.50_365.00_365.50_366.00_366.50_,21_52_61_141_132_,364.00_363.50_363.00_362.50_362.00_,32_38_33_52_64_
11:30:04,364.00,1,2110,364.50_365.00_365.50_366.00_366.50_,25_49_58_138_132_,364.00_363.50_363.00_362.50_362.00_,31_38_33_52_64_
11:30:09,364.50,2,2112,364.50_365.00_365.50_366.00_366.50_,23_49_58_138_132_,364.00_363.50_363.00_362.50_362.00_,30_38_33_52_64_
11:30:14,364.50,1,2113,364.50_365.00_365.50_366.00_366.50_,24_49_58_138_132_,364.00_363.50_363.00_362.50_362.00_,31_38_33_52_64_
11:30:19,364.50,1,2113,364.50_365.00_365.50_366.00_366.50_,24_49_58_138_132_,364.00_363.50_363.00_362.50_362.00_,30_38_33_52_64_
11:30:24,364.50,1,2113,364.50_365.00_365.50_366.00_366.50_,24_50_58_138_132_,364.00_363.50_363.00_362.50_362.00_,32_39_33_52_64_
11:30:29,364.50,1,2113,364.50_365.00_365.50_366.00_366.50_,25_53_58_138_132_,364.00_363.50_363.00_362.50_362.00_,32_39_33_52_64_
11:30:34,364.50,2,2115,364.50_365.00_365.50_366.00_366.50_,23_53_58_138_132_,364.00_363.50_363.00_362.50_362.00_,32_39_33_52_64_
11:30:39,364.50,5,2120,364.50_365.00_365.50_366.00_366.50_,18_53_58_138_132_,364.00_363.50_363.00_362.50_362.00_,32_39_33_52_64_
11:30:45,364.50,5,2120,364.50_365.00_365.50_366.00_366.50_,18_53_58_138_132_,364.00_363.50_363.00_362.50_362.00_,31_39_33_52_64_
11:30:50,364.50,4,2124,364.50_365.00_365.50_366.00_366.50_,14_53_58_138_132_,364.00_363.50_363.00_362.50_362.00_,32_39_33_52_64_
11:30:55,364.50,6,2130,364.50_365.00_365.50_366.00_366.50_,8_53_58_138_132_,364.00_363.50_363.00_362.50_362.00_,31_39_33_52_64_
11:31:00,364.50,1,2131,364.50_365.00_365.50_366.00_366.50_,7_53_58_138_132_,364.00_363.50_363.00_362.50_362.00_,31_39_33_52_64_
11:31:05,364.50,1,2131,364.50_365.00_365.50_366.00_366.50_,8_52_59_138_132_,364.00_363.50_363.00_362.50_362.00_,32_39_33_52_64_
11:31:10,364.50,1,2131,364.50_365.00_365.50_366.00_366.50_,15_52_59_138_132_,364.00_363.50_363.00_362.50_362.00_,32_39_33_58_51_
11:31:15,364.50,1,2131,364.50_365.00_365.50_366.00_366.50_,15_52_59_138_132_,364.00_363.50_363.00_362.50_362.00_,32_39_33_62_51_
11:31:26,364.50,1,2131,364.50_365.00_365.50_366.00_366.50_,15_52_57_138_132_,364.00_363.50_363.00_362.50_362.00_,32_44_33_62_41_
11:31:31,364.50,1,2132,364.50_365.00_365.50_366.00_366.50_,14_52_57_138_132_,364.00_363.50_363.00_362.50_362.00_,32_44_38_62_41_
11:31:36,364.50,1,2132,364.50_365.00_365.50_366.00_366.50_,17_52_57_139_132_,364.00_363.50_363.00_362.50_362.00_,34_44_38_62_41_
11:31:46,364.50,1,2132,364.50_365.00_365.50_366.00_366.50_,18_52_58_139_132_,364.00_363.50_363.00_362.50_362.00_,34_44_38_62_41_
11:31:51,364.50,1,2133,364.50_365.00_365.50_366.00_366.50_,17_52_58_139_132_,364.00_363.50_363.00_362.50_362.00_,34_44_38_62_41_
11:31:56,364.50,2,2135,364.50_365.00_365.50_366.00_366.50_,16_52_58_139_132_,364.00_363.50_363.00_362.50_362.00_,35_44_38_62_41_
11:32:02,364.50,2,2135,364.50_365.00_365.50_366.00_366.50_,16_51_58_139_132_,364.00_363.50_363.00_362.50_362.00_,35_44_38_62_41_
11:32:07,364.50,1,2136,364.50_365.00_365.50_366.00_366.50_,15_51_58_139_132_,364.00_363.50_363.00_362.50_362.00_,35_47_38_62_38_
11:32:12,364.50,1,2137,364.50_365.00_365.50_366.00_366.50_,14_51_58_139_132_,364.00_363.50_363.00_362.50_362.00_,35_47_38_62_38_
11:32:17,364.50,2,2139,364.50_365.00_365.50_366.00_366.50_,12_48_58_139_132_,364.00_363.50_363.00_362.50_362.00_,35_47_38_62_38_
11:32:22,364.50,2,2141,364.50_365.00_365.50_366.00_366.50_,10_48_58_139_132_,364.00_363.50_363.00_362.50_362.00_,35_47_38_62_38_
11:32:27,364.50,2,2141,364.50_365.00_365.50_366.00_366.50_,9_48_58_139_132_,364.00_363.50_363.00_362.50_362.00_,35_47_38_62_38_
11:32:32,364.50,1,2142,364.50_365.00_365.50_366.00_366.50_,8_48_58_139_132_,364.00_363.50_363.00_362.50_362.00_,35_47_38_62_38_
11:32:38,364.50,1,2143,364.50_365.00_365.50_366.00_366.50_,7_48_58_139_132_,364.00_363.50_363.00_362.50_362.00_,35_47_38_62_38_
11:32:43,364.50,1,2144,364.50_365.00_365.50_366.00_366.50_,6_49_58_139_132_,364.00_363.50_363.00_362.50_362.00_,35_47_38_62_38_
11:32:48,364.50,1,2145,364.50_365.00_365.50_366.00_366.50_,5_49_58_139_132_,364.00_363.50_363.00_362.50_362.00_,35_47_38_62_38_
11:32:53,364.50,1,2145,364.50_365.00_365.50_366.00_366.50_,7_50_56_139_132_,364.00_363.50_363.00_362.50_362.00_,35_47_38_62_38_
11:32:58,364.50,1,2145,364.50_365.00_365.50_366.00_366.50_,7_50_56_139_132_,364.00_363.50_363.00_362.50_362.00_,36_47_38_62_38_
11:33:03,364.50,1,2146,364.50_365.00_365.50_366.00_366.50_,7_50_56_139_132_,364.00_363.50_363.00_362.50_362.00_,36_47_38_62_38_
11:33:08,364.50,3,2149,364.50_365.00_365.50_366.00_366.50_,4_51_56_139_132_,364.00_363.50_363.00_362.50_362.00_,36_47_38_62_38_
11:33:13,364.50,1,2150,364.50_365.00_365.50_366.00_366.50_,3_50_56_139_132_,364.00_363.50_363.00_362.50_362.00_,36_47_38_62_38_
11:33:19,364.50,1,2151,364.50_365.00_365.50_366.00_366.50_,2_50_56_139_132_,364.00_363.50_363.00_362.50_362.00_,36_47_38_62_38_
11:33:24,364.50,3,2154,365.00_365.50_366.00_366.50_367.00_,50_56_139_132_85_,364.50_364.00_363.50_363.00_362.50_,2_36_47_38_62_
11:33:29,365.00,1,2155,365.00_365.50_366.00_366.50_367.00_,49_56_137_123_96_,364.50_364.00_363.50_363.00_362.50_,13_26_46_41_72_
11:33:34,365.00,1,2155,365.00_365.50_366.00_366.50_367.00_,48_57_137_123_96_,364.50_364.00_363.50_363.00_362.50_,14_26_46_41_72_
11:33:39,365.00,1,2155,365.00_365.50_366.00_366.50_367.00_,48_57_137_123_146_,364.50_364.00_363.50_363.00_362.50_,17_26_46_41_72_
11:33:44,365.00,2,2157,365.00_365.50_366.00_366.50_367.00_,46_57_137_124_146_,364.50_364.00_363.50_363.00_362.50_,20_26_46_41_72_
11:33:49,365.00,1,2158,365.00_365.50_366.00_366.50_367.00_,45_54_137_124_149_,364.50_364.00_363.50_363.00_362.50_,21_29_46_41_72_
11:33:55,365.00,1,2158,365.00_365.50_366.00_366.50_367.00_,44_53_137_124_149_,364.50_364.00_363.50_363.00_362.50_,21_29_46_41_72_
11:34:05,365.00,1,2158,365.00_365.50_366.00_366.50_367.00_,47_53_137_124_149_,364.50_364.00_363.50_363.00_362.50_,21_29_46_41_72_
11:34:10,365.00,1,2159,365.00_365.50_366.00_366.50_367.00_,46_53_137_124_149_,364.50_364.00_363.50_363.00_362.50_,21_29_46_41_72_
11:34:15,365.00,1,2160,365.00_365.50_366.00_366.50_367.00_,45_53_137_124_149_,364.50_364.00_363.50_363.00_362.50_,24_29_46_41_72_
11:34:20,365.00,2,2162,365.00_365.50_366.00_366.50_367.00_,43_54_136_124_149_,364.50_364.00_363.50_363.00_362.50_,24_32_46_41_72_
11:34:25,365.00,2,2162,365.00_365.50_366.00_366.50_367.00_,42_54_136_124_149_,364.50_364.00_363.50_363.00_362.50_,24_32_46_41_72_
11:34:30,365.00,1,2163,365.00_365.50_366.00_366.50_367.00_,41_54_136_124_149_,364.50_364.00_363.50_363.00_362.50_,27_32_46_41_72_
11:34:35,365.00,2,2165,365.00_365.50_366.00_366.50_367.00_,39_54_136_124_149_,364.50_364.00_363.50_363.00_362.50_,28_32_46_41_72_
11:34:41,365.00,2,2167,365.00_365.50_366.00_366.50_367.00_,39_54_136_124_149_,364.50_364.00_363.50_363.00_362.50_,30_32_46_41_72_
11:34:46,365.00,5,2172,365.00_365.50_366.00_366.50_367.00_,34_54_136_124_149_,364.50_364.00_363.50_363.00_362.50_,30_32_46_41_72_
11:34:51,365.00,2,2174,365.00_365.50_366.00_366.50_367.00_,32_54_136_124_149_,364.50_364.00_363.50_363.00_362.50_,30_32_46_41_72_
11:34:56,365.00,2,2174,365.00_365.50_366.00_366.50_367.00_,32_54_136_124_149_,364.50_364.00_363.50_363.00_362.50_,29_32_46_41_72_
11:35:01,365.00,3,2177,365.00_365.50_366.00_366.50_367.00_,29_54_136_124_149_,364.50_364.00_363.50_363.00_362.50_,29_32_46_41_72_
11:35:06,365.00,1,2178,365.00_365.50_366.00_366.50_367.00_,28_54_136_124_149_,364.50_364.00_363.50_363.00_362.50_,29_32_46_41_72_
11:35:11,365.00,1,2178,365.00_365.50_366.00_366.50_367.00_,32_59_136_124_149_,364.50_364.00_363.50_363.00_362.50_,29_32_46_41_72_
11:35:17,365.00,2,2180,365.00_365.50_366.00_366.50_367.00_,30_60_136_124_149_,364.50_364.00_363.50_363.00_362.50_,29_32_46_41_72_
11:35:22,364.50,1,2181,365.00_365.50_366.00_366.50_367.00_,30_60_136_124_149_,364.50_364.00_363.50_363.00_362.50_,28_32_46_41_72_
11:35:27,364.50,1,2181,365.00_365.50_366.00_366.50_367.00_,30_60_136_124_149_,364.50_364.00_363.50_363.00_362.50_,28_33_46_41_72_
11:35:32,364.50,1,2181,365.00_365.50_366.00_366.50_367.00_,30_60_137_124_149_,364.50_364.00_363.50_363.00_362.50_,28_33_46_41_72_
11:35:37,364.50,1,2181,365.00_365.50_366.00_366.50_367.00_,31_60_137_124_149_,364.50_364.00_363.50_363.00_362.50_,27_33_46_41_72_
11:35:42,365.00,1,2182,365.00_365.50_366.00_366.50_367.00_,30_60_137_124_149_,364.50_364.00_363.50_363.00_362.50_,27_33_46_41_72_
11:35:47,365.00,2,2184,365.00_365.50_366.00_366.50_367.00_,28_60_137_124_149_,364.50_364.00_363.50_363.00_362.50_,27_33_46_41_62_
11:35:52,365.00,1,2185,365.00_365.50_366.00_366.50_367.00_,27_60_137_124_149_,364.50_364.00_363.50_363.00_362.50_,27_33_46_41_62_
11:36:03,365.00,1,2186,365.00_365.50_366.00_366.50_367.00_,27_60_137_124_149_,364.50_364.00_363.50_363.00_362.50_,27_33_46_41_62_
11:36:08,364.50,1,2187,365.00_365.50_366.00_366.50_367.00_,27_61_137_124_149_,364.50_364.00_363.50_363.00_362.50_,25_33_46_41_62_
11:36:13,364.50,1,2188,365.00_365.50_366.00_366.50_367.00_,28_61_137_124_149_,364.50_364.00_363.50_363.00_362.50_,24_33_46_41_62_
11:36:18,364.50,1,2189,365.00_365.50_366.00_366.50_367.00_,35_61_137_124_149_,364.50_364.00_363.50_363.00_362.50_,24_32_46_41_62_
11:36:23,364.50,1,2190,365.00_365.50_366.00_366.50_367.00_,45_61_137_124_149_,364.50_364.00_363.50_363.00_362.50_,23_32_46_41_62_
11:36:28,365.00,1,2191,365.00_365.50_366.00_366.50_367.00_,46_61_137_124_149_,364.50_364.00_363.50_363.00_362.50_,23_32_46_41_62_
11:36:39,364.50,2,2193,365.00_365.50_366.00_366.50_367.00_,47_61_136_124_149_,364.50_364.00_363.50_363.00_362.50_,22_32_46_41_62_
11:36:44,364.50,1,2194,365.00_365.50_366.00_366.50_367.00_,49_64_136_124_146_,364.50_364.00_363.50_363.00_362.50_,21_32_46_41_62_
11:36:49,364.50,5,2199,365.00_365.50_366.00_366.50_367.00_,50_64_136_124_146_,364.50_364.00_363.50_363.00_362.50_,17_32_46_41_62_
11:36:54,364.50,1,2200,365.00_365.50_366.00_366.50_367.00_,51_64_136_124_146_,364.50_364.00_363.50_363.00_362.50_,17_32_43_41_62_
11:36:59,364.50,16,2216,365.00_365.50_366.00_366.50_367.00_,56_64_136_124_146_,364.50_364.00_363.50_363.00_362.50_,1_32_43_41_62_
11:37:04,364.50,2,2218,364.50_365.00_365.50_366.00_366.50_,14_56_62_136_124_,364.00_363.50_363.00_362.50_362.00_,32_43_41_62_28_
11:37:09,364.50,2,2218,364.50_365.00_365.50_366.00_366.50_,19_52_61_138_132_,364.00_363.50_363.00_362.50_362.00_,32_43_38_52_41_
11:37:15,364.50,1,2219,364.50_365.00_365.50_366.00_366.50_,21_50_61_138_132_,364.00_363.50_363.00_362.50_362.00_,32_43_38_52_41_
11:37:20,364.50,1,2219,364.50_365.00_365.50_366.00_366.50_,23_50_61_138_132_,364.00_363.50_363.00_362.50_362.00_,32_43_38_52_41_
11:37:25,364.50,1,2219,364.50_365.00_365.50_366.00_366.50_,25_50_61_138_132_,364.00_363.50_363.00_362.50_362.00_,33_43_38_52_41_
11:37:30,364.50,1,2220,364.50_365.00_365.50_366.00_366.50_,24_50_61_138_132_,364.00_363.50_363.00_362.50_362.00_,33_43_38_52_41_
11:37:35,364.50,1,2221,364.50_365.00_365.50_366.00_366.50_,26_53_61_135_129_,364.00_363.50_363.00_362.50_362.00_,33_43_35_52_41_
11:37:40,364.00,8,2229,364.50_365.00_365.50_366.00_366.50_,18_54_61_135_129_,364.00_363.50_363.00_362.50_362.00_,25_43_35_52_41_
11:37:45,364.00,1,2230,364.50_365.00_365.50_366.00_366.50_,21_54_61_135_129_,364.00_363.50_363.00_362.50_362.00_,24_43_35_49_41_
11:37:50,364.00,1,2231,364.50_365.00_365.50_366.00_366.50_,21_54_61_135_129_,364.00_363.50_363.00_362.50_362.00_,23_43_35_49_41_
11:37:56,364.50,1,2232,364.50_365.00_365.50_366.00_366.50_,20_54_61_135_129_,364.00_363.50_363.00_362.50_362.00_,23_43_35_49_41_
11:38:01,364.00,5,2237,364.50_365.00_365.50_366.00_366.50_,20_54_61_135_129_,364.00_363.50_363.00_362.50_362.00_,19_43_35_52_41_
11:38:06,364.00,2,2239,364.50_365.00_365.50_366.00_366.50_,20_54_61_137_129_,364.00_363.50_363.00_362.50_362.00_,17_43_35_52_41_
11:38:11,364.00,3,2242,364.50_365.00_365.50_366.00_366.50_,19_54_61_140_129_,364.00_363.50_363.00_362.50_362.00_,14_43_35_52_41_
11:38:16,364.50,1,2243,364.50_365.00_365.50_366.00_366.50_,18_54_61_140_129_,364.00_363.50_363.00_362.50_362.00_,14_43_35_52_41_
11:38:21,364.00,6,2249,364.50_365.00_365.50_366.00_366.50_,18_54_61_141_129_,364.00_363.50_363.00_362.50_362.00_,6_43_35_52_41_
11:38:26,364.00,6,2255,364.00_364.50_365.00_365.50_366.00_,6_18_54_61_140_,363.50_363.00_362.50_362.00_361.50_,43_35_52_41_14_
11:38:32,364.00,6,2255,364.00_364.50_365.00_365.50_366.00_,22_17_51_63_146_,363.50_363.00_362.50_362.00_361.50_,44_35_49_31_27_
11:38:37,364.00,1,2256,364.00_364.50_365.00_365.50_366.00_,23_15_52_63_146_,363.50_363.00_362.50_362.00_361.50_,44_35_46_31_27_
11:38:42,363.50,2,2258,364.00_364.50_365.00_365.50_366.00_,25_15_52_62_146_,363.50_363.00_362.50_362.00_361.50_,42_35_46_31_27_
11:38:47,364.00,1,2259,364.00_364.50_365.00_365.50_366.00_,23_15_52_62_146_,363.50_363.00_362.50_362.00_361.50_,42_35_46_31_27_
11:38:52,364.00,1,2259,364.00_364.50_365.00_365.50_366.00_,25_15_52_62_146_,363.50_363.00_362.50_362.00_361.50_,42_35_46_31_27_
11:38:57,364.00,2,2261,364.00_364.50_365.00_365.50_366.00_,24_16_52_61_146_,363.50_363.00_362.50_362.00_361.50_,42_35_46_31_27_
11:39:02,364.00,2,2261,364.00_364.50_365.00_365.50_366.00_,26_17_51_61_146_,363.50_363.00_362.50_362.00_361.50_,42_35_46_31_27_
11:39:13,364.00,2,2261,364.00_364.50_365.00_365.50_366.00_,21_17_51_61_146_,363.50_363.00_362.50_362.00_361.50_,43_35_46_31_27_
11:39:18,364.00,2,2261,364.00_364.50_365.00_365.50_366.00_,21_17_51_61_146_,363.50_363.00_362.50_362.00_361.50_,43_36_49_31_27_
11:39:23,364.00,2,2261,364.00_364.50_365.00_365.50_366.00_,21_17_51_57_146_,363.50_363.00_362.50_362.00_361.50_,43_36_49_31_27_
11:39:28,364.00,2,2261,364.00_364.50_365.00_365.50_366.00_,22_19_51_57_146_,363.50_363.00_362.50_362.00_361.50_,43_36_49_31_27_
11:39:33,363.50,5,2266,364.00_364.50_365.00_365.50_366.00_,23_19_51_57_146_,363.50_363.00_362.50_362.00_361.50_,41_36_49_31_27_
11:39:38,363.50,5,2266,364.00_364.50_365.00_365.50_366.00_,25_18_51_57_146_,363.50_363.00_362.50_362.00_361.50_,41_36_49_31_27_
11:39:43,363.50,1,2267,364.00_364.50_365.00_365.50_366.00_,26_18_51_57_146_,363.50_363.00_362.50_362.00_361.50_,40_36_49_31_27_
11:39:49,363.50,1,2268,364.00_364.50_365.00_365.50_366.00_,27_18_51_57_146_,363.50_363.00_362.50_362.00_361.50_,39_36_49_31_27_
11:39:54,363.50,5,2273,364.00_364.50_365.00_365.50_366.00_,27_18_51_57_146_,363.50_363.00_362.50_362.00_361.50_,34_36_49_31_27_
11:39:59,363.50,1,2274,364.00_364.50_365.00_365.50_366.00_,30_18_52_57_146_,363.50_363.00_362.50_362.00_361.50_,33_36_49_31_27_
11:40:09,363.50,5,2279,364.00_364.50_365.00_365.50_366.00_,30_19_52_57_146_,363.50_363.00_362.50_362.00_361.50_,28_36_49_31_27_
11:40:14,363.50,1,2280,364.00_364.50_365.00_365.50_366.00_,30_19_52_57_146_,363.50_363.00_362.50_362.00_361.50_,27_36_46_31_27_
11:40:19,363.50,3,2283,364.00_364.50_365.00_365.50_366.00_,30_19_52_57_146_,363.50_363.00_362.50_362.00_361.50_,25_36_46_31_27_
11:40:24,363.50,3,2286,364.00_364.50_365.00_365.50_366.00_,30_19_52_57_147_,363.50_363.00_362.50_362.00_361.50_,22_37_46_31_27_
11:40:30,364.00,1,2287,364.00_364.50_365.00_365.50_366.00_,29_19_52_57_147_,363.50_363.00_362.50_362.00_361.50_,22_36_46_31_27_
11:40:35,363.50,1,2288,364.00_364.50_365.00_365.50_366.00_,31_20_52_57_147_,363.50_363.00_362.50_362.00_361.50_,21_36_46_31_27_
11:40:40,363.50,4,2292,364.00_364.50_365.00_365.50_366.00_,31_20_52_57_147_,363.50_363.00_362.50_362.00_361.50_,17_36_46_31_27_
11:40:50,363.50,6,2298,364.00_364.50_365.00_365.50_366.00_,30_20_52_57_147_,363.50_363.00_362.50_362.00_361.50_,13_36_46_31_27_
11:40:55,363.50,7,2305,364.00_364.50_365.00_365.50_366.00_,31_20_51_57_147_,363.50_363.00_362.50_362.00_361.50_,6_36_46_31_27_
11:41:00,363.50,2,2307,364.00_364.50_365.00_365.50_366.00_,31_19_51_57_147_,363.50_363.00_362.50_362.00_361.50_,5_36_46_31_27_
11:41:06,363.50,2,2309,364.00_364.50_365.00_365.50_366.00_,33_19_51_57_147_,363.50_363.00_362.50_362.00_361.50_,3_36_46_31_27_
11:41:11,363.50,4,2313,363.50_364.00_364.50_365.00_365.50_,1_33_16_51_57_,363.00_362.50_362.00_361.50_361.00_,36_46_31_27_28_
11:41:16,363.50,1,2314,363.50_364.00_364.50_365.00_365.50_,12_23_15_51_66_,363.00_362.50_362.00_361.50_361.00_,37_43_28_20_41_
11:41:21,363.00,1,2315,363.50_364.00_364.50_365.00_365.50_,13_22_15_51_66_,363.00_362.50_362.00_361.50_361.00_,31_43_32_18_41_
11:41:26,363.00,1,2315,363.50_364.00_364.50_365.00_365.50_,14_21_15_51_66_,363.00_362.50_362.00_361.50_361.00_,31_43_32_18_41_
11:41:31,363.00,1,2316,363.50_364.00_364.50_365.00_365.50_,15_23_15_51_63_,363.00_362.50_362.00_361.50_361.00_,31_43_32_18_41_
11:41:42,363.00,1,2317,363.50_364.00_364.50_365.00_365.50_,16_23_15_51_63_,363.00_362.50_362.00_361.50_361.00_,30_43_32_18_41_
11:41:47,363.50,1,2318,363.50_364.00_364.50_365.00_365.50_,15_23_15_51_63_,363.00_362.50_362.00_361.50_361.00_,30_43_32_18_41_
11:41:52,363.50,2,2320,363.50_364.00_364.50_365.00_365.50_,13_22_15_51_63_,363.00_362.50_362.00_361.50_361.00_,30_43_32_18_41_
11:41:57,363.00,1,2321,363.50_364.00_364.50_365.00_365.50_,13_18_15_51_66_,363.00_362.50_362.00_361.50_361.00_,29_43_32_18_41_
11:42:02,363.00,1,2321,363.50_364.00_364.50_365.00_365.50_,16_20_12_51_66_,363.00_362.50_362.00_361.50_361.00_,30_43_32_18_41_
11:42:12,363.00,1,2321,363.50_364.00_364.50_365.00_365.50_,16_20_12_51_66_,363.00_362.50_362.00_361.50_361.00_,28_43_32_18_41_
11:42:17,363.50,1,2322,363.50_364.00_364.50_365.00_365.50_,15_20_12_51_66_,363.00_362.50_362.00_361.50_361.00_,27_39_32_18_41_
11:42:23,363.50,1,2322,363.50_364.00_364.50_365.00_365.50_,15_20_12_51_67_,363.00_362.50_362.00_361.50_361.00_,25_39_32_19_41_
11:42:28,363.50,2,2324,363.50_364.00_364.50_365.00_365.50_,15_23_13_51_64_,363.00_362.50_362.00_361.50_361.00_,26_39_32_19_41_
11:42:33,363.00,1,2325,363.50_364.00_364.50_365.00_365.50_,16_23_13_51_64_,363.00_362.50_362.00_361.50_361.00_,25_39_32_19_41_
11:42:38,363.00,3,2328,363.50_364.00_364.50_365.00_365.50_,16_23_13_51_64_,363.00_362.50_362.00_361.50_361.00_,22_39_32_19_41_
11:42:43,363.00,3,2331,363.50_364.00_364.50_365.00_365.50_,16_23_13_51_64_,363.00_362.50_362.00_361.50_361.00_,19_39_32_19_41_
11:42:48,363.00,1,2332,363.50_364.00_364.50_365.00_365.50_,16_23_13_51_64_,363.00_362.50_362.00_361.50_361.00_,18_39_32_19_41_
11:42:53,363.00,1,2333,363.50_364.00_364.50_365.00_365.50_,16_23_13_51_64_,363.00_362.50_362.00_361.50_361.00_,17_39_32_19_41_
11:42:59,363.00,17,2350,363.00_363.50_364.00_364.50_365.00_,17_17_23_13_51_,362.50_362.00_361.50_361.00_360.50_,39_32_19_41_21_
11:43:04,363.00,7,2357,363.00_363.50_364.00_364.50_365.00_,17_10_23_15_60_,362.50_362.00_361.50_361.00_360.50_,40_24_15_32_37_
11:43:09,363.00,2,2359,363.00_363.50_364.00_364.50_365.00_,17_9_23_14_60_,362.50_362.00_361.50_361.00_360.50_,41_24_15_37_37_
11:43:14,363.00,2,2359,363.00_363.50_364.00_364.50_365.00_,17_10_22_14_60_,362.50_362.00_361.50_361.00_360.50_,41_24_15_37_37_
11:43:19,363.00,1,2360,363.00_363.50_364.00_364.50_365.00_,8_10_21_14_59_,362.50_362.00_361.50_361.00_360.50_,31_24_25_37_37_
11:43:24,363.00,2,2362,363.00_363.50_364.00_364.50_365.00_,1008_9_21_14_59_,362.50_362.00_361.50_361.00_360.50_,31_24_25_37_37_
11:43:29,363.00,2,2362,363.00_363.50_364.00_364.50_365.00_,7_11_21_14_56_,362.50_362.00_361.50_361.00_360.50_,31_24_20_41_37_
11:43:34,363.00,2,2362,363.00_363.50_364.00_364.50_365.00_,7_8_21_14_59_,362.50_362.00_361.50_361.00_360.50_,32_24_23_41_37_
11:43:40,363.00,1,2363,363.00_363.50_364.00_364.50_365.00_,8_8_21_14_59_,362.50_362.00_361.50_361.00_360.50_,32_24_23_41_37_
11:43:50,363.00,1,2364,363.00_363.50_364.00_364.50_365.00_,7_8_20_14_59_,362.50_362.00_361.50_361.00_360.50_,32_24_23_41_37_
11:43:55,363.00,1,2364,363.00_363.50_364.00_364.50_365.00_,7_8_20_14_59_,362.50_362.00_361.50_361.00_360.50_,32_23_23_41_37_
11:44:00,363.00,1,2365,363.00_363.50_364.00_364.50_365.00_,9_8_19_14_59_,362.50_362.00_361.50_361.00_360.50_,32_23_23_41_37_
11:44:05,363.00,2,2367,363.00_363.50_364.00_364.50_365.00_,8_8_19_14_59_,362.50_362.00_361.50_361.00_360.50_,32_23_23_41_37_
11:44:10,363.00,2,2367,363.00_363.50_364.00_364.50_365.00_,9_27_19_14_59_,362.50_362.00_361.50_361.00_360.50_,32_23_23_41_37_
11:44:15,363.00,3,2370,363.00_363.50_364.00_364.50_365.00_,7_27_17_14_59_,362.50_362.00_361.50_361.00_360.50_,32_23_23_41_37_
11:44:20,363.00,1,2371,363.00_363.50_364.00_364.50_365.00_,6_37_17_14_59_,362.50_362.00_361.50_361.00_360.50_,34_23_20_41_37_
11:44:26,363.00,4,2375,363.00_363.50_364.00_364.50_365.00_,2_47_17_14_59_,362.50_362.00_361.50_361.00_360.50_,34_23_20_41_37_
11:44:31,363.00,1,2376,363.00_363.50_364.00_364.50_365.00_,1_47_17_14_59_,362.50_362.00_361.50_361.00_360.50_,34_23_20_41_37_
11:44:36,363.00,2,2378,363.50_364.00_364.50_365.00_365.50_,46_17_14_65_53_,363.00_362.50_362.00_361.50_361.00_,1_34_23_20_41_
11:44:41,363.00,2,2378,363.50_364.00_364.50_365.00_365.50_,46_17_12_56_64_,363.00_362.50_362.00_361.50_361.00_,7_30_23_24_50_
11:44:46,363.00,2,2378,363.50_364.00_364.50_365.00_365.50_,46_17_14_56_64_,363.00_362.50_362.00_361.50_361.00_,7_30_23_24_50_
11:44:51,363.50,1,2379,363.50_364.00_364.50_365.00_365.50_,45_17_14_56_64_,363.00_362.50_362.00_361.50_361.00_,7_30_23_24_50_
11:44:56,363.00,1,2380,363.50_364.00_364.50_365.00_365.50_,45_17_14_56_64_,363.00_362.50_362.00_361.50_361.00_,6_30_23_24_50_
11:45:07,363.00,1,2381,363.50_364.00_364.50_365.00_365.50_,45_17_14_56_64_,363.00_362.50_362.00_361.50_361.00_,6_30_23_24_50_
11:45:17,363.50,1,2382,363.50_364.00_364.50_365.00_365.50_,44_17_14_56_64_,363.00_362.50_362.00_361.50_361.00_,6_31_23_24_50_
11:45:22,363.00,5,2387,363.50_364.00_364.50_365.00_365.50_,44_16_14_55_64_,363.00_362.50_362.00_361.50_361.00_,2_31_23_24_50_
11:45:27,363.00,5,2387,363.50_364.00_364.50_365.00_365.50_,44_18_14_55_64_,363.00_362.50_362.00_361.50_361.00_,3_31_23_24_50_
11:45:32,363.00,5,2387,363.50_364.00_364.50_365.00_365.50_,44_18_14_55_64_,363.00_362.50_362.00_361.50_361.00_,4_31_23_24_50_
11:45:37,363.00,1,2388,363.50_364.00_364.50_365.00_365.50_,44_17_14_55_64_,363.00_362.50_362.00_361.50_361.00_,4_31_23_24_50_
11:45:42,363.00,1,2389,363.50_364.00_364.50_365.00_365.50_,44_17_14_55_64_,363.00_362.50_362.00_361.50_361.00_,3_31_23_24_50_
11:45:48,363.00,1,2389,363.50_364.00_364.50_365.00_365.50_,45_17_14_55_64_,363.00_362.50_362.00_361.50_361.00_,4_31_24_24_50_
11:45:53,363.00,1,2389,363.50_364.00_364.50_365.00_365.50_,49_17_14_55_64_,363.00_362.50_362.00_361.50_361.00_,4_31_24_24_50_
11:46:03,363.00,1,2389,363.50_364.00_364.50_365.00_365.50_,49_19_14_55_64_,363.00_362.50_362.00_361.50_361.00_,4_31_24_24_50_
11:46:08,363.00,1,2390,363.50_364.00_364.50_365.00_365.50_,49_19_14_55_64_,363.00_362.50_362.00_361.50_361.00_,3_31_24_25_50_
11:46:13,363.00,1,2390,363.50_364.00_364.50_365.00_365.50_,50_19_14_54_64_,363.00_362.50_362.00_361.50_361.00_,3_31_24_25_50_
11:46:18,363.50,1,2391,363.50_364.00_364.50_365.00_365.50_,49_19_14_54_64_,363.00_362.50_362.00_361.50_361.00_,3_31_24_25_50_
11:46:23,363.00,3,2394,363.50_364.00_364.50_365.00_365.50_,50_19_14_54_64_,363.00_362.50_362.00_361.50_361.00_,2_32_24_25_50_
11:46:28,363.00,1,2395,363.50_364.00_364.50_365.00_365.50_,50_19_14_54_64_,363.00_362.50_362.00_361.50_361.00_,1_33_24_25_50_
11:46:34,363.00,1,2395,363.50_364.00_364.50_365.00_365.50_,30_19_14_54_64_,363.00_362.50_362.00_361.50_361.00_,1_33_24_25_50_
11:46:39,363.00,2,2397,363.00_363.50_364.00_364.50_365.00_,18_30_19_14_54_,362.50_362.00_361.50_361.00_360.50_,33_25_25_50_23_
11:46:44,363.00,1,2398,363.00_363.50_364.00_364.50_365.00_,23_24_19_16_63_,362.50_362.00_361.50_361.00_360.50_,35_25_21_41_36_
11:46:49,363.00,1,2398,363.00_363.50_364.00_364.50_365.00_,23_24_19_16_63_,362.50_362.00_361.50_361.00_360.50_,36_26_21_41_36_
11:46:54,363.00,1,2399,363.00_363.50_364.00_364.50_365.00_,22_24_19_16_63_,362.50_362.00_361.50_361.00_360.50_,36_26_21_41_36_
11:46:59,362.50,1,2400,363.00_363.50_364.00_364.50_365.00_,22_24_19_16_63_,362.50_362.00_361.50_361.00_360.50_,37_26_21_41_36_
11:47:09,362.50,1,2400,363.00_363.50_364.00_364.50_365.00_,23_24_19_16_63_,362.50_362.00_361.50_361.00_360.50_,37_26_21_41_36_
11:47:15,363.00,1,2401,363.00_363.50_364.00_364.50_365.00_,22_24_19_16_63_,362.50_362.00_361.50_361.00_360.50_,37_27_21_41_36_
11:47:20,363.00,2,2403,363.00_363.50_364.00_364.50_365.00_,20_24_19_16_63_,362.50_362.00_361.50_361.00_360.50_,37_27_21_41_36_
11:47:35,363.00,2,2403,363.00_363.50_364.00_364.50_365.00_,21_27_19_16_60_,362.50_362.00_361.50_361.00_360.50_,37_27_21_41_36_
11:47:40,363.00,2,2403,363.00_363.50_364.00_364.50_365.00_,22_28_19_16_60_,362.50_362.00_361.50_361.00_360.50_,37_27_21_41_36_
11:47:45,363.00,2,2403,363.00_363.50_364.00_364.50_365.00_,22_27_19_15_60_,362.50_362.00_361.50_361.00_360.50_,38_27_21_41_36_
11:47:50,363.00,1,2404,363.00_363.50_364.00_364.50_365.00_,21_27_19_15_60_,362.50_362.00_361.50_361.00_360.50_,38_27_21_41_36_
11:47:56,363.00,1,2404,363.00_363.50_364.00_364.50_365.00_,21_27_19_14_60_,362.50_362.00_361.50_361.00_360.50_,38_27_21_41_36_
11:48:01,363.00,2,2406,363.00_363.50_364.00_364.50_365.00_,20_25_19_14_63_,362.50_362.00_361.50_361.00_360.50_,38_27_21_41_36_
11:48:06,363.00,2,2406,363.00_363.50_364.00_364.50_365.00_,23_28_19_14_57_,362.50_362.00_361.50_361.00_360.50_,38_27_21_41_36_
11:48:11,363.00,2,2406,363.00_363.50_364.00_364.50_365.00_,21_28_19_14_57_,362.50_362.00_361.50_361.00_360.50_,38_27_21_41_36_
11:48:16,362.50,3,2409,363.00_363.50_364.00_364.50_365.00_,21_28_19_14_57_,362.50_362.00_361.50_361.00_360.50_,36_27_21_41_36_
11:48:26,362.50,1,2415,363.00_363.50_364.00_364.50_365.00_,17_28_19_14_57_,362.50_362.00_361.50_361.00_360.50_,35_27_20_41_36_
11:48:31,362.50,1,2415,363.00_363.50_364.00_364.50_365.00_,18_28_19_14_60_,362.50_362.00_361.50_361.00_360.50_,35_27_20_41_36_
11:48:37,362.50,1,2416,363.00_363.50_364.00_364.50_365.00_,18_28_19_14_60_,362.50_362.00_361.50_361.00_360.50_,34_29_20_41_36_
11:48:47,362.50,1,2416,363.00_363.50_364.00_364.50_365.00_,20_28_19_14_60_,362.50_362.00_361.50_361.00_360.50_,35_29_20_41_36_
11:48:52,362.50,2,2418,363.00_363.50_364.00_364.50_365.00_,20_25_19_14_63_,362.50_362.00_361.50_361.00_360.50_,34_29_20_41_36_
11:48:57,363.00,2,2420,363.00_363.50_364.00_364.50_365.00_,18_25_19_14_63_,362.50_362.00_361.50_361.00_360.50_,34_29_20_41_36_
11:49:02,363.00,2,2420,363.00_363.50_364.00_364.50_365.00_,19_25_20_14_63_,362.50_362.00_361.50_361.00_360.50_,34_29_20_41_36_
11:49:12,363.00,1,2421,363.00_363.50_364.00_364.50_365.00_,18_25_20_14_63_,362.50_362.00_361.50_361.00_360.50_,34_29_20_41_36_
11:49:17,363.00,1,2422,363.00_363.50_364.00_364.50_365.00_,17_25_20_14_63_,362.50_362.00_361.50_361.00_360.50_,34_29_20_41_36_
11:49:23,363.00,2,2424,363.00_363.50_364.00_364.50_365.00_,16_25_20_16_63_,362.50_362.00_361.50_361.00_360.50_,36_29_20_41_36_
11:49:38,363.00,2,2424,363.00_363.50_364.00_364.50_365.00_,16_25_20_16_63_,362.50_362.00_361.50_361.00_360.50_,35_29_20_41_36_
11:49:43,363.00,2,2424,363.00_363.50_364.00_364.50_365.00_,16_25_20_16_63_,362.50_362.00_361.50_361.00_360.50_,36_29_20_41_36_
11:49:48,363.00,3,2427,363.00_363.50_364.00_364.50_365.00_,15_25_20_16_63_,362.50_362.00_361.50_361.00_360.50_,36_29_20_41_36_
11:49:53,363.00,3,2427,363.00_363.50_364.00_364.50_365.00_,15_25_20_16_63_,362.50_362.00_361.50_361.00_360.50_,36_29_21_41_36_
11:50:04,363.00,3,2427,363.00_363.50_364.00_364.50_365.00_,15_25_20_16_63_,362.50_362.00_361.50_361.00_360.50_,38_29_21_41_36_
11:50:09,363.00,2,2429,363.00_363.50_364.00_364.50_365.00_,13_25_20_16_63_,362.50_362.00_361.50_361.00_360.50_,38_30_21_41_36_
11:50:14,363.00,1,2430,363.00_363.50_364.00_364.50_365.00_,14_25_20_14_63_,362.50_362.00_361.50_361.00_360.50_,38_30_21_41_36_
11:50:19,363.00,1,2431,363.00_363.50_364.00_364.50_365.00_,13_25_20_14_63_,362.50_362.00_361.50_361.00_360.50_,38_31_21_41_36_
11:50:24,363.00,2,2433,363.00_363.50_364.00_364.50_365.00_,12_25_20_14_63_,362.50_362.00_361.50_361.00_360.50_,38_31_21_41_34_
11:50:29,363.00,2,2433,363.00_363.50_364.00_364.50_365.00_,12_25_20_14_63_,362.50_362.00_361.50_361.00_360.50_,38_34_21_41_31_
11:50:34,363.00,2,2433,363.00_363.50_364.00_364.50_365.00_,14_25_19_14_63_,362.50_362.00_361.50_361.00_360.50_,38_35_21_41_31_
11:50:50,363.00,2,2433,363.00_363.50_364.00_364.50_365.00_,16_25_19_14_64_,362.50_362.00_361.50_361.00_360.50_,38_35_21_41_31_
11:51:00,363.00,1,2434,363.00_363.50_364.00_364.50_365.00_,15_25_19_14_64_,362.50_362.00_361.50_361.00_360.50_,38_35_21_41_31_
11:51:05,363.00,1,2435,363.00_363.50_364.00_364.50_365.00_,16_25_19_14_64_,362.50_362.00_361.50_361.00_360.50_,40_35_21_41_31_
11:51:10,363.00,1,2436,363.00_363.50_364.00_364.50_365.00_,16_25_19_14_64_,362.50_362.00_361.50_361.00_360.50_,40_35_21_41_31_
11:51:16,363.00,5,2441,363.00_363.50_364.00_364.50_365.00_,11_28_16_14_64_,362.50_362.00_361.50_361.00_360.50_,40_35_21_39_31_
11:51:21,363.00,1,2442,363.00_363.50_364.00_364.50_365.00_,11_28_16_14_64_,362.50_362.00_361.50_361.00_360.50_,40_35_21_39_31_
11:51:26,363.00,1,2442,363.00_363.50_364.00_364.50_365.00_,12_28_16_14_64_,362.50_362.00_361.50_361.00_360.50_,40_35_21_39_31_
11:51:31,363.00,5,2447,363.00_363.50_364.00_364.50_365.00_,8_28_19_14_64_,362.50_362.00_361.50_361.00_360.50_,40_35_21_39_31_
11:51:36,363.00,3,2450,363.00_363.50_364.00_364.50_365.00_,7_28_19_14_64_,362.50_362.00_361.50_361.00_360.50_,40_35_21_39_31_
11:51:41,363.00,1,2451,363.00_363.50_364.00_364.50_365.00_,6_28_19_14_64_,362.50_362.00_361.50_361.00_360.50_,40_35_21_39_31_
11:51:46,363.00,3,2454,363.00_363.50_364.00_364.50_365.00_,4_28_19_14_64_,362.50_362.00_361.50_361.00_360.50_,40_35_21_39_30_
11:51:52,363.00,3,2454,363.00_363.50_364.00_364.50_365.00_,6_28_19_14_64_,362.50_362.00_361.50_361.00_360.50_,39_35_21_39_30_
11:51:57,363.00,1,2455,363.00_363.50_364.00_364.50_365.00_,7_28_19_14_64_,362.50_362.00_361.50_361.00_360.50_,39_35_21_39_30_
11:52:02,363.00,1,2456,363.00_363.50_364.00_364.50_365.00_,6_28_19_16_64_,362.50_362.00_361.50_361.00_360.50_,39_35_21_39_30_
11:52:07,363.00,4,2460,363.00_363.50_364.00_364.50_365.00_,1_28_19_16_64_,362.50_362.00_361.50_361.00_360.50_,40_35_21_39_30_
11:52:12,363.00,1,2461,363.50_364.00_364.50_365.00_365.50_,28_19_16_65_50_,362.50_362.00_361.50_361.00_360.50_,40_35_21_39_30_
11:52:17,363.00,1,2461,363.50_364.00_364.50_365.00_365.50_,28_19_16_54_61_,363.00_362.50_362.00_361.50_361.00_,1_45_35_20_46_
11:52:22,363.50,2,2463,363.50_364.00_364.50_365.00_365.50_,26_19_14_56_61_,363.00_362.50_362.00_361.50_361.00_,11_37_34_20_48_
11:52:27,363.50,1,2464,363.50_364.00_364.50_365.00_365.50_,22_22_14_56_61_,363.00_362.50_362.00_361.50_361.00_,11_38_34_22_46_
11:52:33,363.50,1,2464,363.50_364.00_364.50_365.00_365.50_,22_22_14_58_61_,363.00_362.50_362.00_361.50_361.00_,12_38_34_21_46_
11:52:38,363.50,1,2464,363.50_364.00_364.50_365.00_365.50_,22_22_17_58_61_,363.00_362.50_362.00_361.50_361.00_,15_38_34_21_46_
11:52:43,363.50,4,2468,363.50_364.00_364.50_365.00_365.50_,18_22_17_58_61_,363.00_362.50_362.00_361.50_361.00_,15_38_34_21_46_
11:52:48,363.50,4,2468,363.50_364.00_364.50_365.00_365.50_,19_22_17_58_61_,363.00_362.50_362.00_361.50_361.00_,15_38_34_21_46_
11:53:04,363.50,1,2469,363.50_364.00_364.50_365.00_365.50_,18_22_17_58_61_,363.00_362.50_362.00_361.50_361.00_,15_38_34_21_46_
11:53:09,363.50,1,2470,363.50_364.00_364.50_365.00_365.50_,17_22_17_58_61_,363.00_362.50_362.00_361.50_361.00_,15_38_34_21_46_
11:53:19,363.50,1,2470,363.50_364.00_364.50_365.00_365.50_,17_23_17_58_61_,363.00_362.50_362.00_361.50_361.00_,16_38_34_21_46_
11:53:29,363.50,1,2471,363.50_364.00_364.50_365.00_365.50_,16_23_17_58_61_,363.00_362.50_362.00_361.50_361.00_,16_38_34_21_46_
11:53:34,363.50,1,2472,363.50_364.00_364.50_365.00_365.50_,16_23_17_58_61_,363.00_362.50_362.00_361.50_361.00_,16_38_34_21_46_
11:53:39,363.00,1,2473,363.50_364.00_364.50_365.00_365.50_,16_23_17_58_61_,363.00_362.50_362.00_361.50_361.00_,15_38_34_21_46_
11:53:45,363.00,1,2473,363.50_364.00_364.50_365.00_365.50_,16_22_17_58_61_,363.00_362.50_362.00_361.50_361.00_,15_38_34_21_46_
11:53:50,363.00,9,2482,363.50_364.00_364.50_365.00_365.50_,16_22_17_58_61_,363.00_362.50_362.00_361.50_361.00_,6_38_34_21_46_
11:53:55,363.00,7,2489,363.00_363.50_364.00_364.50_365.00_,2_17_21_17_58_,362.50_362.00_361.50_361.00_360.50_,38_34_21_46_18_
11:54:00,363.00,7,2496,363.00_363.50_364.00_364.50_365.00_,2_17_18_18_69_,362.50_362.00_361.50_361.00_360.50_,38_34_17_37_31_
11:54:05,363.00,1,2497,363.00_363.50_364.00_364.50_365.00_,1_17_18_20_67_,362.50_362.00_361.50_361.00_360.50_,38_34_17_37_31_
11:54:10,363.00,1,2498,363.00_363.50_364.00_364.50_365.00_,1_17_18_20_65_,362.50_362.00_361.50_361.00_360.50_,38_34_17_37_31_
11:54:20,363.00,1,2499,363.50_364.00_364.50_365.00_365.50_,17_18_20_65_50_,362.50_362.00_361.50_361.00_360.50_,38_34_17_37_31_
11:54:25,363.00,1,2499,363.50_364.00_364.50_365.00_365.50_,17_18_20_54_61_,362.50_362.00_361.50_361.00_360.50_,38_34_21_44_20_
11:54:36,363.00,1,2499,363.50_364.00_364.50_365.00_365.50_,18_18_20_54_61_,362.50_362.00_361.50_361.00_360.50_,38_34_21_44_20_
11:54:41,363.50,1,2500,363.50_364.00_364.50_365.00_365.50_,18_18_20_56_61_,362.50_362.00_361.50_361.00_360.50_,39_34_21_44_20_
11:54:46,363.00,2,2502,363.00_363.50_364.00_364.50_365.00_,3_19_18_20_56_,362.50_362.00_361.50_361.00_360.50_,39_34_17_48_20_
11:54:51,363.00,3,2505,363.50_364.00_364.50_365.00_365.50_,19_18_20_65_50_,363.00_362.50_362.00_361.50_361.00_,1_39_34_17_37_
11:54:56,363.00,3,2505,363.50_364.00_364.50_365.00_365.50_,19_18_18_56_61_,363.00_362.50_362.00_361.50_361.00_,2_38_34_21_46_
11:55:01,363.50,1,2506,363.50_364.00_364.50_365.00_365.50_,18_18_18_56_61_,363.00_362.50_362.00_361.50_361.00_,2_38_34_21_46_
11:55:07,363.00,2,2508,363.00_363.50_364.00_364.50_365.00_,2_18_18_18_56_,362.50_362.00_361.50_361.00_360.50_,38_34_21_46_18_
11:55:12,363.00,2,2510,363.00_363.50_364.00_364.50_365.00_,2_18_18_20_65_,362.50_362.00_361.50_361.00_360.50_,38_34_17_37_31_
11:55:17,363.00,2,2510,363.00_363.50_364.00_364.50_365.00_,4_16_18_20_65_,362.50_362.00_361.50_361.00_360.50_,38_36_17_37_31_
11:55:27,363.00,2,2510,363.00_363.50_364.00_364.50_365.00_,4_16_18_20_65_,362.50_362.00_361.50_361.00_360.50_,38_37_17_37_30_
11:55:37,363.00,2,2510,363.00_363.50_364.00_364.50_365.00_,5_15_18_20_65_,362.50_362.00_361.50_361.00_360.50_,38_37_17_37_30_
11:55:42,363.00,2,2512,363.00_363.50_364.00_364.50_365.00_,3_15_18_20_65_,362.50_362.00_361.50_361.00_360.50_,39_37_17_37_30_
11:55:48,363.00,2,2512,363.00_363.50_364.00_364.50_365.00_,6_15_18_18_65_,362.50_362.00_361.50_361.00_360.50_,39_37_17_37_30_
11:55:53,363.00,2,2512,363.00_363.50_364.00_364.50_365.00_,7_15_18_18_65_,362.50_362.00_361.50_361.00_360.50_,40_37_17_37_30_
11:55:58,363.00,1,2513,363.00_363.50_364.00_364.50_365.00_,7_15_18_18_65_,362.50_362.00_361.50_361.00_360.50_,40_37_17_37_30_
11:56:03,363.00,1,2514,363.00_363.50_364.00_364.50_365.00_,6_15_18_18_65_,362.50_362.00_361.50_361.00_360.50_,40_37_17_37_30_
11:56:13,363.00,1,2515,363.00_363.50_364.00_364.50_365.00_,5_15_18_19_65_,362.50_362.00_361.50_361.00_360.50_,40_37_17_37_30_
11:56:39,363.00,1,2515,363.00_363.50_364.00_364.50_365.00_,5_15_18_19_66_,362.50_362.00_361.50_361.00_360.50_,40_37_17_37_30_
11:56:54,363.00,1,2515,363.00_363.50_364.00_364.50_365.00_,5_15_18_18_66_,362.50_362.00_361.50_361.00_360.50_,40_37_17_37_30_
11:56:59,363.00,1,2516,363.00_363.50_364.00_364.50_365.00_,6_15_18_18_66_,362.50_362.00_361.50_361.00_360.50_,41_37_17_37_30_
11:57:04,363.00,1,2517,363.00_363.50_364.00_364.50_365.00_,6_15_17_18_66_,362.50_362.00_361.50_361.00_360.50_,41_37_17_37_30_
11:57:10,363.00,1,2517,363.00_363.50_364.00_364.50_365.00_,6_15_17_18_66_,362.50_362.00_361.50_361.00_360.50_,41_37_18_37_30_
11:57:15,363.00,1,2517,363.00_363.50_364.00_364.50_365.00_,7_15_17_18_66_,362.50_362.00_361.50_361.00_360.50_,41_37_18_37_30_
11:57:25,363.00,2,2519,363.00_363.50_364.00_364.50_365.00_,6_15_17_18_66_,362.50_362.00_361.50_361.00_360.50_,41_37_18_37_30_
11:57:35,363.00,1,2520,363.00_363.50_364.00_364.50_365.00_,8_15_17_18_66_,362.50_362.00_361.50_361.00_360.50_,41_37_18_37_30_
11:57:40,363.00,1,2521,363.00_363.50_364.00_364.50_365.00_,8_15_17_17_66_,362.50_362.00_361.50_361.00_360.50_,41_37_18_37_30_
11:57:45,363.00,1,2521,363.00_363.50_364.00_364.50_365.00_,9_15_17_17_66_,362.50_362.00_361.50_361.00_360.50_,41_37_18_37_30_
11:57:50,363.00,1,2521,363.00_363.50_364.00_364.50_365.00_,10_15_17_17_66_,362.50_362.00_361.50_361.00_360.50_,41_37_18_37_30_
11:57:56,363.00,1,2522,363.00_363.50_364.00_364.50_365.00_,9_15_17_17_66_,362.50_362.00_361.50_361.00_360.50_,41_37_18_37_30_
11:58:01,363.00,2,2524,363.00_363.50_364.00_364.50_365.00_,9_15_17_17_67_,362.50_362.00_361.50_361.00_360.50_,41_37_18_37_30_
11:58:11,363.00,2,2524,363.00_363.50_364.00_364.50_365.00_,9_15_17_17_67_,362.50_362.00_361.50_361.00_360.50_,45_37_18_37_30_
11:58:16,363.00,1,2525,363.00_363.50_364.00_364.50_365.00_,8_15_17_17_67_,362.50_362.00_361.50_361.00_360.50_,45_37_18_37_30_
11:58:26,363.00,1,2525,363.00_363.50_364.00_364.50_365.00_,5_15_17_17_67_,362.50_362.00_361.50_361.00_360.50_,45_37_18_37_30_
11:58:31,362.50,3,2528,363.00_363.50_364.00_364.50_365.00_,5_15_17_17_67_,362.50_362.00_361.50_361.00_360.50_,42_37_18_37_30_
11:58:42,362.50,3,2528,363.00_363.50_364.00_364.50_365.00_,7_15_17_17_67_,362.50_362.00_361.50_361.00_360.50_,42_37_18_37_30_
11:58:52,363.00,1,2529,363.00_363.50_364.00_364.50_365.00_,6_15_17_17_67_,362.50_362.00_361.50_361.00_360.50_,42_37_18_37_30_
11:58:57,363.00,1,2529,363.00_363.50_364.00_364.50_365.00_,7_15_17_17_67_,362.50_362.00_361.50_361.00_360.50_,43_37_18_37_30_
11:59:07,363.00,1,2529,363.00_363.50_364.00_364.50_365.00_,12_15_17_16_67_,362.50_362.00_361.50_361.00_360.50_,43_37_18_37_30_
11:59:12,363.00,1,2530,363.00_363.50_364.00_364.50_365.00_,11_15_17_16_67_,362.50_362.00_361.50_361.00_360.50_,43_37_18_37_30_
11:59:28,363.00,1,2530,363.00_363.50_364.00_364.50_365.00_,11_15_17_16_67_,362.50_362.00_361.50_361.00_360.50_,44_37_18_37_30_
11:59:33,363.00,1,2530,363.00_363.50_364.00_364.50_365.00_,12_15_17_16_67_,362.50_362.00_361.50_361.00_360.50_,44_37_18_37_30_
11:59:48,363.00,1,2531,363.00_363.50_364.00_364.50_365.00_,11_15_17_16_67_,362.50_362.00_361.50_361.00_360.50_,44_37_18_37_30_
11:59:53,363.00,4,2535,363.00_363.50_364.00_364.50_365.00_,9_15_14_16_67_,362.50_362.00_361.50_361.00_360.50_,44_37_18_37_30_
12:00:04,363.00,2,2541,363.00_363.50_364.00_364.50_365.00_,6_15_14_16_67_,362.50_362.00_361.50_361.00_360.50_,43_37_18_37_30_
12:00:09,363.00,2,2543,363.00_363.50_364.00_364.50_365.00_,4_15_14_16_67_,362.50_362.00_361.50_361.00_360.50_,43_37_18_37_30_
12:00:14,363.00,2,2543,363.00_363.50_364.00_364.50_365.00_,5_15_14_16_67_,362.50_362.00_361.50_361.00_360.50_,43_37_18_37_30_
12:00:19,363.00,2,2543,363.00_363.50_364.00_364.50_365.00_,6_15_15_16_67_,362.50_362.00_361.50_361.00_360.50_,43_37_18_37_30_
12:00:45,363.00,2,2549,363.00_363.50_364.00_364.50_365.00_,2_15_14_16_67_,362.50_362.00_361.50_361.00_360.50_,43_37_18_37_30_
12:00:55,363.50,3,2554,363.50_364.00_364.50_365.00_365.50_,13_15_16_56_62_,362.50_362.00_361.50_361.00_360.50_,43_37_18_47_19_
12:01:00,363.50,3,2554,363.00_363.50_364.00_364.50_365.00_,1_14_15_16_56_,362.50_362.00_361.50_361.00_360.50_,43_37_18_47_19_
12:01:05,363.50,4,2558,363.50_364.00_364.50_365.00_365.50_,11_14_16_68_50_,363.00_362.50_362.00_361.50_361.00_,2_43_37_18_36_
12:01:10,363.50,2,2560,363.50_364.00_364.50_365.00_365.50_,9_15_14_58_62_,363.00_362.50_362.00_361.50_361.00_,8_37_36_21_46_
12:01:31,363.00,1,2562,363.50_364.00_364.50_365.00_365.50_,5_19_14_58_62_,363.00_362.50_362.00_361.50_361.00_,12_40_36_21_43_
12:01:46,363.50,2,2564,363.50_364.00_364.50_365.00_365.50_,4_19_14_58_62_,363.00_362.50_362.00_361.50_361.00_,13_40_36_21_43_
12:02:27,363.50,1,2566,363.50_364.00_364.50_365.00_365.50_,3_20_11_59_62_,363.00_362.50_362.00_361.50_361.00_,13_40_36_21_43_
12:03:03,363.50,1,2570,363.50_364.00_364.50_365.00_365.50_,2_19_11_59_62_,363.00_362.50_362.00_361.50_361.00_,15_40_36_21_43_
12:03:18,363.50,1,2571,363.50_364.00_364.50_365.00_365.50_,2_19_11_59_61_,363.00_362.50_362.00_361.50_361.00_,15_40_36_21_43_
12:03:49,364.00,2,2577,364.00_364.50_365.00_365.50_366.00_,15_14_57_51_105_,363.50_363.00_362.50_362.00_361.50_,8_9_38_38_31_
12:04:35,364.00,1,2580,364.00_364.50_365.00_365.50_366.00_,17_14_58_51_105_,363.50_363.00_362.50_362.00_361.50_,14_15_37_38_26_
12:05:52,364.00,1,2588,364.00_364.50_365.00_365.50_366.00_,15_14_57_52_104_,363.50_363.00_362.50_362.00_361.50_,16_16_37_39_25_
12:05:57,364.00,1,2589,364.00_364.50_365.00_365.50_366.00_,14_14_57_52_104_,363.50_363.00_362.50_362.00_361.50_,16_16_37_39_25_
12:06:08,364.00,1,2590,364.00_364.50_365.00_365.50_366.00_,13_14_57_52_104_,363.50_363.00_362.50_362.00_361.50_,16_19_37_39_25_
12:06:28,364.00,3,2595,364.00_364.50_365.00_365.50_366.00_,9_14_57_53_103_,363.50_363.00_362.50_362.00_361.50_,17_19_37_39_25_
12:06:33,364.00,4,2599,364.00_364.50_365.00_365.50_366.00_,8_14_57_53_103_,363.50_363.00_362.50_362.00_361.50_,17_22_37_39_22_
12:06:38,364.00,1,2600,364.00_364.50_365.00_365.50_366.00_,7_14_57_53_103_,363.50_363.00_362.50_362.00_361.50_,17_22_37_39_22_
12:06:59,364.00,1,2601,364.00_364.50_365.00_365.50_366.00_,7_14_57_53_104_,363.50_363.00_362.50_362.00_361.50_,17_22_37_39_22_
12:07:04,364.00,1,2601,364.00_364.50_365.00_365.50_366.00_,8_14_57_53_104_,363.50_363.00_362.50_362.00_361.50_,17_22_37_39_22_
12:07:19,364.00,1,2602,364.00_364.50_365.00_365.50_366.00_,7_14_57_53_104_,363.50_363.00_362.50_362.00_361.50_,17_22_37_39_22_
12:07:24,364.00,3,2605,364.00_364.50_365.00_365.50_366.00_,4_14_57_53_104_,363.50_363.00_362.50_362.00_361.50_,17_22_37_39_22_
12:07:30,364.00,1,2606,364.00_364.50_365.00_365.50_366.00_,4_14_57_53_104_,363.50_363.00_362.50_362.00_361.50_,18_22_37_39_22_
12:08:11,364.00,1,2613,364.00_364.50_365.00_365.50_366.00_,12_13_57_53_104_,363.50_363.00_362.50_362.00_361.50_,22_22_37_40_21_
12:08:16,364.00,1,2614,364.00_364.50_365.00_365.50_366.00_,11_13_57_53_104_,363.50_363.00_362.50_362.00_361.50_,23_22_37_40_21_
12:08:21,364.00,4,2618,364.50_365.00_365.50_366.00_366.50_,13_57_53_104_63_,364.00_363.50_363.00_362.50_362.00_,8_24_22_37_40_
12:08:26,364.50,1,2619,364.50_365.00_365.50_366.00_366.50_,10_57_51_95_77_,364.00_363.50_363.00_362.50_362.00_,17_12_22_42_50_
12:08:31,364.50,1,2619,364.50_365.00_365.50_366.00_366.50_,9_57_51_95_77_,364.00_363.50_363.00_362.50_362.00_,19_12_22_42_50_
12:08:36,364.50,1,2620,364.50_365.00_365.50_366.00_366.50_,8_57_51_95_77_,364.00_363.50_363.00_362.50_362.00_,19_12_22_42_50_
12:08:47,364.50,5,2626,364.50_365.00_365.50_366.00_366.50_,3_57_51_95_76_,364.00_363.50_363.00_362.50_362.00_,20_11_22_42_50_
12:08:52,364.50,5,2626,364.50_365.00_365.50_366.00_366.50_,4_57_51_95_76_,364.00_363.50_363.00_362.50_362.00_,20_11_22_41_50_
12:08:57,364.50,1,2627,364.50_365.00_365.50_366.00_366.50_,10_57_51_95_76_,364.00_363.50_363.00_362.50_362.00_,20_11_22_40_50_
12:09:07,364.50,1,2628,364.50_365.00_365.50_366.00_366.50_,9_57_51_95_77_,364.00_363.50_363.00_362.50_362.00_,20_11_22_40_50_
12:09:12,364.50,1,2628,364.50_365.00_365.50_366.00_366.50_,11_57_51_95_77_,364.00_363.50_363.00_362.50_362.00_,20_11_22_40_50_
12:09:17,364.50,2,2630,364.50_365.00_365.50_366.00_366.50_,9_57_51_95_77_,364.00_363.50_363.00_362.50_362.00_,20_11_22_40_50_
12:09:28,364.50,2,2630,364.50_365.00_365.50_366.00_366.50_,11_57_51_95_77_,364.00_363.50_363.00_362.50_362.00_,20_11_22_40_50_
12:09:33,364.50,1,2631,364.50_365.00_365.50_366.00_366.50_,10_57_51_95_77_,364.00_363.50_363.00_362.50_362.00_,20_11_22_40_50_
12:09:38,364.50,2,2633,364.50_365.00_365.50_366.00_366.50_,2_57_51_95_77_,364.00_363.50_363.00_362.50_362.00_,20_11_22_40_50_
12:09:48,365.00,5,2638,364.50_365.00_365.50_366.00_366.50_,2_54_51_95_66_,364.00_363.50_363.00_362.50_362.00_,20_11_23_41_50_
12:09:53,365.00,5,2638,364.50_365.00_365.50_366.00_366.50_,3_54_51_95_77_,364.00_363.50_363.00_362.50_362.00_,20_11_23_38_53_
12:09:58,365.00,5,2638,364.50_365.00_365.50_366.00_366.50_,3_55_51_95_77_,364.00_363.50_363.00_362.50_362.00_,20_11_23_38_53_
12:10:03,364.50,3,2641,365.00_365.50_366.00_366.50_367.00_,55_51_95_77_88_,364.50_364.00_363.50_363.00_362.50_,4_20_12_23_38_
12:10:09,364.50,4,2645,365.00_365.50_366.00_366.50_367.00_,51_55_93_68_99_,364.50_364.00_363.50_363.00_362.50_,10_8_15_26_51_
12:10:14,364.50,5,2650,365.00_365.50_366.00_366.50_367.00_,54_56_93_68_99_,364.50_364.00_363.50_363.00_362.50_,6_8_14_26_51_
12:10:19,364.50,1,2651,365.00_365.50_366.00_366.50_367.00_,54_56_93_68_99_,364.50_364.00_363.50_363.00_362.50_,6_8_14_26_51_
12:10:24,364.50,1,2652,365.00_365.50_366.00_366.50_367.00_,54_56_94_68_99_,364.50_364.00_363.50_363.00_362.50_,6_8_19_26_51_
12:10:29,365.00,1,2653,365.00_365.50_366.00_366.50_367.00_,54_56_94_68_99_,364.50_364.00_363.50_363.00_362.50_,8_8_19_26_51_
12:10:34,364.50,8,2661,365.00_365.50_366.00_366.50_367.00_,96_56_94_68_99_,364.50_364.00_363.50_363.00_362.50_,1_10_19_23_53_
12:10:39,364.50,8,2661,365.00_365.50_366.00_366.50_367.00_,96_56_94_68_100_,364.50_364.00_363.50_363.00_362.50_,2_10_20_26_50_
12:10:44,364.50,2,2663,365.00_365.50_366.00_366.50_367.00_,98_56_94_68_100_,364.50_364.00_363.50_363.00_362.50_,1_13_20_26_50_
12:10:50,364.50,4,2667,364.50_365.00_365.50_366.00_366.50_,1_98_56_94_68_,364.00_363.50_363.00_362.50_362.00_,13_20_26_50_26_
12:10:55,364.50,4,2667,364.50_365.00_365.50_366.00_366.50_,5_99_52_96_77_,364.00_363.50_363.00_362.50_362.00_,14_17_23_40_42_
12:11:00,364.00,2,2669,364.50_365.00_365.50_366.00_366.50_,7_98_52_96_77_,364.00_363.50_363.00_362.50_362.00_,12_17_23_40_42_
12:11:05,364.00,2,2669,364.50_365.00_365.50_366.00_366.50_,7_98_52_96_77_,364.00_363.50_363.00_362.50_362.00_,14_17_23_40_42_
12:11:10,364.00,2,2669,364.50_365.00_365.50_366.00_366.50_,10_98_52_95_77_,364.00_363.50_363.00_362.50_362.00_,14_17_23_40_42_
12:11:15,364.00,2,2669,364.50_365.00_365.50_366.00_366.50_,10_98_52_95_82_,364.00_363.50_363.00_362.50_362.00_,14_17_23_40_42_
12:11:20,364.50,1,2670,364.50_365.00_365.50_366.00_366.50_,9_100_52_95_82_,364.00_363.50_363.00_362.50_362.00_,14_17_23_40_42_
12:11:31,364.50,1,2671,364.50_365.00_365.50_366.00_366.50_,8_100_52_95_82_,364.00_363.50_363.00_362.50_362.00_,14_17_23_40_42_
12:11:41,364.50,1,2671,364.50_365.00_365.50_366.00_366.50_,9_100_52_95_82_,364.00_363.50_363.00_362.50_362.00_,14_17_23_40_42_
12:11:46,364.50,1,2671,364.50_365.00_365.50_366.00_366.50_,10_100_52_95_82_,364.00_363.50_363.00_362.50_362.00_,14_17_23_40_42_
12:11:51,364.50,1,2671,364.50_365.00_365.50_366.00_366.50_,10_101_52_95_83_,364.00_363.50_363.00_362.50_362.00_,14_17_23_40_42_
12:12:01,364.50,1,2672,364.50_365.00_365.50_366.00_366.50_,9_101_52_95_83_,364.00_363.50_363.00_362.50_362.00_,15_17_23_40_42_
12:12:07,364.50,1,2673,364.50_365.00_365.50_366.00_366.50_,9_111_52_95_83_,364.00_363.50_363.00_362.50_362.00_,16_17_23_40_42_
12:12:12,364.50,4,2677,364.50_365.00_365.50_366.00_366.50_,6_111_62_95_83_,364.00_363.50_363.00_362.50_362.00_,16_17_23_40_42_
12:12:17,364.50,1,2678,364.50_365.00_365.50_366.00_366.50_,6_111_62_105_83_,364.00_363.50_363.00_362.50_362.00_,16_17_23_40_42_
12:12:22,364.00,12,2690,364.50_365.00_365.50_366.00_366.50_,7_111_62_105_93_,364.00_363.50_363.00_362.50_362.00_,5_17_23_40_42_
12:12:27,364.50,1,2691,364.50_365.00_365.50_366.00_366.50_,6_111_62_105_93_,364.00_363.50_363.00_362.50_362.00_,5_17_23_40_42_
12:12:32,364.50,2,2693,364.50_365.00_365.50_366.00_366.50_,4_111_62_105_93_,364.00_363.50_363.00_362.50_362.00_,5_17_23_40_42_
12:12:53,364.50,2,2693,364.50_365.00_365.50_366.00_366.50_,4_111_62_105_93_,364.00_363.50_363.00_362.50_362.00_,12_17_23_40_42_
12:12:58,364.50,2,2693,364.50_365.00_365.50_366.00_366.50_,4_114_62_105_93_,364.00_363.50_363.00_362.50_362.00_,13_17_23_40_42_
12:13:03,364.50,2,2693,364.50_365.00_365.50_366.00_366.50_,5_114_62_105_93_,364.00_363.50_363.00_362.50_362.00_,13_17_23_40_42_
12:13:18,364.50,1,2694,364.50_365.00_365.50_366.00_366.50_,4_114_62_101_93_,364.00_363.50_363.00_362.50_362.00_,13_17_23_40_42_
12:13:24,364.50,1,2695,364.50_365.00_365.50_366.00_366.50_,4_114_62_101_93_,364.00_363.50_363.00_362.50_362.00_,13_17_23_40_42_
12:13:29,364.50,1,2695,364.50_365.00_365.50_366.00_366.50_,5_114_62_101_93_,364.00_363.50_363.00_362.50_362.00_,13_17_23_40_42_
12:13:34,364.50,1,2696,364.50_365.00_365.50_366.00_366.50_,5_114_62_101_93_,364.00_363.50_363.00_362.50_362.00_,13_17_23_40_42_
12:13:59,364.50,1,2696,364.50_365.00_365.50_366.00_366.50_,5_114_58_101_93_,364.00_363.50_363.00_362.50_362.00_,13_16_23_39_41_
12:14:05,364.50,1,2697,364.50_365.00_365.50_366.00_366.50_,4_118_58_101_93_,364.00_363.50_363.00_362.50_362.00_,13_16_23_40_40_
12:14:10,364.50,1,2697,364.50_365.00_365.50_366.00_366.50_,6_118_58_101_93_,364.00_363.50_363.00_362.50_362.00_,13_16_23_40_40_
12:14:15,364.50,1,2698,364.50_365.00_365.50_366.00_366.50_,5_119_58_101_93_,364.00_363.50_363.00_362.50_362.00_,13_16_23_40_40_
12:14:20,364.50,1,2699,364.50_365.00_365.50_366.00_366.50_,10_119_58_101_93_,364.00_363.50_363.00_362.50_362.00_,15_16_23_40_40_
12:14:25,364.50,4,2703,364.50_365.00_365.50_366.00_366.50_,7_119_58_101_93_,364.00_363.50_363.00_362.50_362.00_,15_16_23_40_40_
12:14:35,364.50,4,2703,364.50_365.00_365.50_366.00_366.50_,7_120_58_101_93_,364.00_363.50_363.00_362.50_362.00_,15_16_23_40_40_
12:14:40,364.50,4,2703,364.50_365.00_365.50_366.00_366.50_,8_120_58_101_93_,364.00_363.50_363.00_362.50_362.00_,17_16_23_40_40_
12:14:56,364.50,4,2703,364.50_365.00_365.50_366.00_366.50_,8_120_58_101_93_,364.00_363.50_363.00_362.50_362.00_,20_19_23_40_40_
12:15:01,364.50,6,2709,364.50_365.00_365.50_366.00_366.50_,2_120_58_101_93_,364.00_363.50_363.00_362.50_362.00_,20_19_26_40_40_
12:15:11,364.50,1,2710,364.50_365.00_365.50_366.00_366.50_,2_120_58_101_93_,364.00_363.50_363.00_362.50_362.00_,20_19_26_40_40_
12:15:16,364.50,1,2710,364.50_365.00_365.50_366.00_366.50_,3_120_58_101_93_,364.00_363.50_363.00_362.50_362.00_,20_19_26_40_40_
12:15:22,364.50,3,2713,364.50_365.00_365.50_366.00_366.50_,1_120_58_101_93_,364.00_363.50_363.00_362.50_362.00_,20_19_26_40_40_
12:15:27,364.50,1,2714,364.50_365.00_365.50_366.00_366.50_,1_120_58_101_93_,364.00_363.50_363.00_362.50_362.00_,20_19_26_40_40_
12:15:32,364.50,1,2714,364.50_365.00_365.50_366.00_366.50_,1_120_58_101_93_,364.00_363.50_363.00_362.50_362.00_,21_19_26_40_40_
12:15:37,364.50,1,2714,364.50_365.00_365.50_366.00_366.50_,1_120_58_102_93_,364.00_363.50_363.00_362.50_362.00_,21_19_26_40_40_
12:15:42,364.50,1,2714,364.50_365.00_365.50_366.00_366.50_,2_120_58_102_93_,364.00_363.50_363.00_362.50_362.00_,24_19_26_40_40_
12:15:52,364.50,1,2714,364.50_365.00_365.50_366.00_366.50_,3_120_58_102_93_,364.00_363.50_363.00_362.50_362.00_,24_19_26_40_40_
12:15:58,364.50,1,2714,364.50_365.00_365.50_366.00_366.50_,4_120_58_102_93_,364.00_363.50_363.00_362.50_362.00_,24_22_26_40_40_
12:16:08,364.50,1,2715,364.50_365.00_365.50_366.00_366.50_,3_120_58_102_93_,364.00_363.50_363.00_362.50_362.00_,25_22_29_40_40_
12:16:13,364.50,1,2716,364.50_365.00_365.50_366.00_366.50_,3_120_58_102_93_,364.00_363.50_363.00_362.50_362.00_,25_22_29_40_40_
12:16:18,364.50,2,2718,364.50_365.00_365.50_366.00_366.50_,1_120_58_102_93_,364.00_363.50_363.00_362.50_362.00_,25_22_29_40_40_
12:16:23,364.50,1,2719,365.00_365.50_366.00_366.50_367.00_,120_58_102_93_99_,364.00_363.50_363.00_362.50_362.00_,26_22_29_40_40_
12:16:28,364.50,1,2719,365.00_365.50_366.00_366.50_367.00_,121_58_102_82_110_,364.00_363.50_363.00_362.50_362.00_,26_22_29_46_34_
12:16:38,364.50,1,2720,364.50_365.00_365.50_366.00_366.50_,9_121_58_102_82_,364.00_363.50_363.00_362.50_362.00_,26_22_29_46_34_
12:16:44,364.50,2,2722,364.50_365.00_365.50_366.00_366.50_,8_120_58_102_93_,364.00_363.50_363.00_362.50_362.00_,27_22_29_40_40_
12:16:54,364.50,2,2722,364.50_365.00_365.50_366.00_366.50_,9_120_58_102_93_,364.00_363.50_363.00_362.50_362.00_,27_22_29_40_40_
12:16:59,364.50,2,2722,364.50_365.00_365.50_366.00_366.50_,11_120_58_102_93_,364.00_363.50_363.00_362.50_362.00_,27_22_29_40_40_
12:17:14,364.50,2,2722,364.50_365.00_365.50_366.00_366.50_,12_120_58_98_93_,364.00_363.50_363.00_362.50_362.00_,27_22_29_40_40_
12:17:20,364.50,4,2726,364.50_365.00_365.50_366.00_366.50_,8_120_58_98_93_,364.00_363.50_363.00_362.50_362.00_,27_22_29_40_40_
12:17:25,364.50,1,2727,364.50_365.00_365.50_366.00_366.50_,10_120_58_98_93_,364.00_363.50_363.00_362.50_362.00_,27_22_29_40_40_
12:17:30,364.50,3,2730,364.50_365.00_365.50_366.00_366.50_,7_122_58_98_93_,364.00_363.50_363.00_362.50_362.00_,29_22_29_40_40_
12:17:35,364.50,3,2733,364.50_365.00_365.50_366.00_366.50_,8_122_58_98_93_,364.00_363.50_363.00_362.50_362.00_,29_25_29_40_37_
12:17:45,364.50,3,2733,364.50_365.00_365.50_366.00_366.50_,8_122_58_98_93_,364.00_363.50_363.00_362.50_362.00_,29_22_29_40_40_
12:17:50,364.50,3,2733,364.50_365.00_365.50_366.00_366.50_,7_122_58_98_93_,364.00_363.50_363.00_362.50_362.00_,29_22_29_40_40_
12:18:06,364.50,3,2733,364.50_365.00_365.50_366.00_366.50_,7_123_58_98_93_,364.00_363.50_363.00_362.50_362.00_,29_22_29_40_40_
12:18:16,364.50,7,2740,365.00_365.50_366.00_366.50_367.00_,124_58_98_93_99_,364.50_364.00_363.50_363.00_362.50_,4_29_22_29_40_
12:18:36,364.50,1,2747,365.00_365.50_366.00_366.50_367.00_,117_64_96_84_110_,364.50_364.00_363.50_363.00_362.50_,10_21_25_29_53_
12:18:41,364.50,1,2747,365.00_365.50_366.00_366.50_367.00_,118_64_96_84_110_,364.50_364.00_363.50_363.00_362.50_,11_20_25_32_50_
12:18:47,364.50,2,2749,365.00_365.50_366.00_366.50_367.00_,118_64_96_84_110_,364.50_364.00_363.50_363.00_362.50_,9_20_25_32_50_
12:18:52,365.00,1,2750,365.00_365.50_366.00_366.50_367.00_,117_64_96_84_110_,364.50_364.00_363.50_363.00_362.50_,9_20_25_32_50_
12:18:57,365.00,1,2750,365.00_365.50_366.00_366.50_367.00_,117_61_95_84_113_,364.50_364.00_363.50_363.00_362.50_,8_20_25_29_53_
12:19:02,365.00,4,2754,365.00_365.50_366.00_366.50_367.00_,113_61_95_84_113_,364.50_364.00_363.50_363.00_362.50_,8_20_25_29_53_
12:19:07,364.50,1,2755,365.00_365.50_366.00_366.50_367.00_,113_61_95_84_113_,364.50_364.00_363.50_363.00_362.50_,7_20_25_29_53_
12:19:12,365.00,2,2757,365.00_365.50_366.00_366.50_367.00_,111_61_95_84_113_,364.50_364.00_363.50_363.00_362.50_,7_20_25_32_50_
12:19:17,365.00,2,2757,365.00_365.50_366.00_366.50_367.00_,111_61_95_84_113_,364.50_364.00_363.50_363.00_362.50_,7_20_25_29_53_
12:19:22,365.00,1,2758,365.00_365.50_366.00_366.50_367.00_,110_61_95_84_113_,364.50_364.00_363.50_363.00_362.50_,7_20_25_29_53_
12:19:28,365.00,1,2758,365.00_365.50_366.00_366.50_367.00_,110_61_95_84_113_,364.50_364.00_363.50_363.00_362.50_,9_20_25_29_53_
12:19:33,364.50,1,2759,365.00_365.50_366.00_366.50_367.00_,112_61_95_85_113_,364.50_364.00_363.50_363.00_362.50_,8_20_25_29_53_
12:19:38,364.50,1,2759,365.00_365.50_366.00_366.50_367.00_,112_61_95_85_113_,364.50_364.00_363.50_363.00_362.50_,8_20_25_32_50_
12:19:43,364.50,1,2759,365.00_365.50_366.00_366.50_367.00_,113_61_95_85_113_,364.50_364.00_363.50_363.00_362.50_,8_20_25_32_50_
12:19:48,364.50,4,2763,365.00_365.50_366.00_366.50_367.00_,113_61_95_85_113_,364.50_364.00_363.50_363.00_362.50_,4_20_25_32_50_
12:19:53,364.50,4,2767,364.50_365.00_365.50_366.00_366.50_,1_113_61_95_85_,364.00_363.50_363.00_362.50_362.00_,20_25_32_50_24_
12:19:58,364.50,4,2767,364.50_365.00_365.50_366.00_366.50_,1_119_58_97_94_,364.00_363.50_363.00_362.50_362.00_,20_25_29_40_37_
12:20:03,364.50,4,2767,364.50_365.00_365.50_366.00_366.50_,3_117_58_97_94_,364.00_363.50_363.00_362.50_362.00_,21_25_29_40_37_
12:20:09,364.50,2,2769,364.50_365.00_365.50_366.00_366.50_,11_117_58_97_94_,364.00_363.50_363.00_362.50_362.00_,21_25_29_40_37_
12:20:14,364.00,10,2779,364.50_365.00_365.50_366.00_366.50_,12_117_58_97_94_,364.00_363.50_363.00_362.50_362.00_,11_25_29_40_37_
12:20:19,364.00,10,2779,364.50_365.00_365.50_366.00_366.50_,12_117_58_97_94_,364.00_363.50_363.00_362.50_362.00_,11_22_29_40_40_
12:20:24,364.00,10,2779,364.50_365.00_365.50_366.00_366.50_,12_122_58_97_94_,364.00_363.50_363.00_362.50_362.00_,13_22_29_40_40_
12:20:29,364.00,10,2779,364.50_365.00_365.50_366.00_366.50_,12_120_58_97_94_,364.00_363.50_363.00_362.50_362.00_,15_22_29_40_40_
12:20:39,364.00,10,2779,364.50_365.00_365.50_366.00_366.50_,13_120_58_97_94_,364.00_363.50_363.00_362.50_362.00_,17_22_29_40_40_
12:20:44,364.50,1,2780,364.50_365.00_365.50_366.00_366.50_,12_120_58_97_94_,364.00_363.50_363.00_362.50_362.00_,18_22_29_40_40_
12:20:50,364.50,1,2781,364.50_365.00_365.50_366.00_366.50_,11_120_58_97_94_,364.00_363.50_363.00_362.50_362.00_,18_22_29_40_40_
12:20:55,364.50,2,2783,364.50_365.00_365.50_366.00_366.50_,11_119_58_97_94_,364.00_363.50_363.00_362.50_362.00_,18_22_29_40_40_
12:21:00,364.50,1,2784,364.50_365.00_365.50_366.00_366.50_,10_119_58_97_94_,364.00_363.50_363.00_362.50_362.00_,19_22_29_40_40_
12:21:10,364.00,5,2789,364.50_365.00_365.50_366.00_366.50_,10_120_58_97_94_,364.00_363.50_363.00_362.50_362.00_,16_22_29_40_40_
12:21:15,364.00,5,2789,364.50_365.00_365.50_366.00_366.50_,11_120_58_97_94_,364.00_363.50_363.00_362.50_362.00_,22_22_29_40_40_
12:21:20,364.50,1,2790,364.50_365.00_365.50_366.00_366.50_,10_120_58_97_94_,364.00_363.50_363.00_362.50_362.00_,22_22_29_40_40_
12:21:25,364.50,1,2790,364.50_365.00_365.50_366.00_366.50_,10_120_58_97_94_,364.00_363.50_363.00_362.50_362.00_,23_22_29_40_40_
12:21:36,364.50,1,2790,364.50_365.00_365.50_366.00_366.50_,12_120_58_97_94_,364.00_363.50_363.00_362.50_362.00_,23_22_29_40_40_
12:21:46,364.50,2,2792,364.50_365.00_365.50_366.00_366.50_,10_120_58_97_94_,364.00_363.50_363.00_362.50_362.00_,23_22_29_40_40_
12:21:51,364.50,2,2792,364.50_365.00_365.50_366.00_366.50_,11_120_58_98_94_,364.00_363.50_363.00_362.50_362.00_,27_22_29_40_40_
12:21:56,364.50,2,2792,364.50_365.00_365.50_366.00_366.50_,11_120_58_98_94_,364.00_363.50_363.00_362.50_362.00_,26_22_29_40_40_
12:22:02,364.50,2,2792,364.50_365.00_365.50_366.00_366.50_,11_120_58_98_94_,364.00_363.50_363.00_362.50_362.00_,26_22_29_39_40_
12:22:07,364.50,1,2793,364.50_365.00_365.50_366.00_366.50_,10_120_58_98_94_,364.00_363.50_363.00_362.50_362.00_,26_22_29_39_40_
12:22:12,364.50,1,2793,364.50_365.00_365.50_366.00_366.50_,9_120_58_98_94_,364.00_363.50_363.00_362.50_362.00_,28_22_29_39_40_
12:22:17,364.50,1,2794,364.50_365.00_365.50_366.00_366.50_,8_120_58_98_94_,364.00_363.50_363.00_362.50_362.00_,28_22_29_39_40_
12:22:22,364.00,2,2796,364.50_365.00_365.50_366.00_366.50_,9_120_58_98_94_,364.00_363.50_363.00_362.50_362.00_,27_22_26_39_40_
12:22:32,364.50,1,2797,364.50_365.00_365.50_366.00_366.50_,9_120_58_98_94_,364.00_363.50_363.00_362.50_362.00_,27_22_26_39_40_
12:22:37,364.00,10,2807,364.50_365.00_365.50_366.00_366.50_,9_120_58_98_94_,364.00_363.50_363.00_362.50_362.00_,18_22_26_39_40_
12:22:43,364.00,10,2807,364.50_365.00_365.50_366.00_366.50_,10_120_58_98_94_,364.00_363.50_363.00_362.50_362.00_,17_22_26_39_40_
12:22:48,364.50,1,2808,364.50_365.00_365.50_366.00_366.50_,9_120_58_98_94_,364.00_363.50_363.00_362.50_362.00_,17_22_26_39_40_
12:22:53,364.50,1,2808,364.50_365.00_365.50_366.00_366.50_,10_120_58_98_94_,364.00_363.50_363.00_362.50_362.00_,17_22_26_39_40_
12:22:58,364.50,1,2808,364.50_365.00_365.50_366.00_366.50_,12_120_58_98_94_,364.00_363.50_363.00_362.50_362.00_,17_22_26_39_40_
12:23:03,364.50,4,2812,364.50_365.00_365.50_366.00_366.50_,8_120_58_98_94_,364.00_363.50_363.00_362.50_362.00_,17_22_26_39_40_
12:23:13,364.50,2,2814,364.50_365.00_365.50_366.00_366.50_,6_120_58_98_94_,364.00_363.50_363.00_362.50_362.00_,20_22_26_39_40_
12:23:18,364.50,3,2817,364.50_365.00_365.50_366.00_366.50_,13_120_58_98_94_,364.00_363.50_363.00_362.50_362.00_,20_22_26_39_40_
12:23:24,364.50,2,2819,364.50_365.00_365.50_366.00_366.50_,12_120_58_98_94_,364.00_363.50_363.00_362.50_362.00_,20_22_26_39_40_
12:23:29,364.50,2,2819,364.50_365.00_365.50_366.00_366.50_,13_120_58_98_94_,364.00_363.50_363.00_362.50_362.00_,22_22_26_39_40_
12:23:39,364.50,2,2819,364.50_365.00_365.50_366.00_366.50_,13_120_58_98_94_,364.00_363.50_363.00_362.50_362.00_,22_22_26_38_40_
12:23:44,364.50,2,2819,364.50_365.00_365.50_366.00_366.50_,14_121_58_98_94_,364.00_363.50_363.00_362.50_362.00_,22_22_26_38_40_
12:23:54,364.50,2,2819,364.50_365.00_365.50_366.00_366.50_,16_121_58_98_94_,364.00_363.50_363.00_362.50_362.00_,23_22_26_38_40_
12:24:05,364.50,1,2820,364.50_365.00_365.50_366.00_366.50_,15_121_58_98_94_,364.00_363.50_363.00_362.50_362.00_,23_22_26_38_40_
12:24:10,364.50,1,2821,364.50_365.00_365.50_366.00_366.50_,14_121_58_98_94_,364.00_363.50_363.00_362.50_362.00_,23_22_26_38_40_
12:24:15,364.50,1,2821,364.50_365.00_365.50_366.00_366.50_,13_121_58_98_94_,364.00_363.50_363.00_362.50_362.00_,24_22_26_38_39_
12:24:25,364.50,1,2822,364.50_365.00_365.50_366.00_366.50_,13_121_58_98_94_,364.00_363.50_363.00_362.50_362.00_,24_22_26_38_39_
12:24:30,364.50,1,2823,364.50_365.00_365.50_366.00_366.50_,13_121_58_98_94_,364.00_363.50_363.00_362.50_362.00_,24_22_26_38_39_
12:24:35,364.50,1,2823,364.50_365.00_365.50_366.00_366.50_,14_121_58_98_94_,364.00_363.50_363.00_362.50_362.00_,24_22_26_38_39_
12:24:46,364.50,1,2823,364.50_365.00_365.50_366.00_366.50_,14_121_58_98_94_,364.00_363.50_363.00_362.50_362.00_,26_22_26_38_39_
12:24:51,364.50,1,2824,364.50_365.00_365.50_366.00_366.50_,13_121_58_98_94_,364.00_363.50_363.00_362.50_362.00_,26_22_26_38_39_
12:24:56,364.50,1,2824,364.50_365.00_365.50_366.00_366.50_,15_120_58_98_94_,364.00_363.50_363.00_362.50_362.00_,27_22_26_38_39_
12:25:01,364.50,1,2825,364.50_365.00_365.50_366.00_366.50_,14_120_58_98_94_,364.00_363.50_363.00_362.50_362.00_,26_22_26_38_39_
12:25:06,364.50,3,2828,364.50_365.00_365.50_366.00_366.50_,11_120_58_98_94_,364.00_363.50_363.00_362.50_362.00_,27_22_26_38_39_
12:25:11,364.50,1,2829,364.50_365.00_365.50_366.00_366.50_,10_120_58_98_94_,364.00_363.50_363.00_362.50_362.00_,27_22_26_38_39_
12:25:27,364.50,1,2830,364.50_365.00_365.50_366.00_366.50_,9_120_58_98_94_,364.00_363.50_363.00_362.50_362.00_,28_22_26_38_39_
12:25:32,364.50,1,2830,364.50_365.00_365.50_366.00_366.50_,9_120_58_98_94_,364.00_363.50_363.00_362.50_362.00_,29_22_26_38_39_
12:25:37,364.50,1,2830,364.50_365.00_365.50_366.00_366.50_,9_114_58_98_94_,364.00_363.50_363.00_362.50_362.00_,29_22_26_38_39_
12:25:42,364.50,1,2830,364.50_365.00_365.50_366.00_366.50_,10_114_58_98_94_,364.00_363.50_363.00_362.50_362.00_,29_22_26_38_39_
12:25:47,364.50,1,2831,364.50_365.00_365.50_366.00_366.50_,15_114_58_98_94_,364.00_363.50_363.00_362.50_362.00_,29_22_26_38_39_
12:25:57,364.50,1,2832,364.50_365.00_365.50_366.00_366.50_,14_114_58_98_94_,364.00_363.50_363.00_362.50_362.00_,30_22_26_38_39_
12:26:03,364.50,1,2832,364.50_365.00_365.50_366.00_366.50_,15_114_58_98_94_,364.00_363.50_363.00_362.50_362.00_,30_22_26_38_39_
12:26:13,364.50,1,2833,364.50_365.00_365.50_366.00_366.50_,16_114_58_98_94_,364.00_363.50_363.00_362.50_362.00_,30_22_26_38_39_
12:26:18,364.50,1,2833,364.50_365.00_365.50_366.00_366.50_,16_114_58_98_94_,364.00_363.50_363.00_362.50_362.00_,31_22_26_38_39_
12:26:23,364.50,1,2834,364.50_365.00_365.50_366.00_366.50_,15_114_58_98_94_,364.00_363.50_363.00_362.50_362.00_,30_22_26_38_39_
12:26:28,364.50,1,2835,364.50_365.00_365.50_366.00_366.50_,15_114_58_98_94_,364.00_363.50_363.00_362.50_362.00_,31_22_26_38_39_
12:26:33,364.50,1,2836,364.50_365.00_365.50_366.00_366.50_,25_114_58_98_94_,364.00_363.50_363.00_362.50_362.00_,31_22_26_38_39_
12:26:38,364.50,1,2836,364.50_365.00_365.50_366.00_366.50_,25_114_58_98_94_,364.00_363.50_363.00_362.50_362.00_,30_22_26_38_39_
12:26:43,364.50,1,2837,364.50_365.00_365.50_366.00_366.50_,24_114_58_98_94_,364.00_363.50_363.00_362.50_362.00_,30_17_21_33_37_
12:26:49,364.50,1,2837,364.50_365.00_365.50_366.00_366.50_,25_114_58_98_94_,364.00_363.50_363.00_362.50_362.00_,30_17_21_33_37_
12:26:59,364.50,1,2838,364.50_365.00_365.50_366.00_366.50_,25_114_58_98_94_,364.00_363.50_363.00_362.50_362.00_,30_17_21_33_37_
12:27:14,364.50,14,2852,364.50_365.00_365.50_366.00_366.50_,11_114_58_98_94_,364.00_363.50_363.00_362.50_362.00_,30_17_21_33_37_
12:27:19,364.50,14,2852,364.50_365.00_365.50_366.00_366.50_,12_114_58_98_94_,364.00_363.50_363.00_362.50_362.00_,30_17_21_33_37_
12:27:24,364.50,1,2853,364.50_365.00_365.50_366.00_366.50_,13_114_58_98_94_,364.00_363.50_363.00_362.50_362.00_,30_34_21_33_37_
12:27:30,364.50,1,2853,364.50_365.00_365.50_366.00_366.50_,13_114_58_98_94_,364.00_363.50_363.00_362.50_362.00_,32_34_21_33_37_
12:27:35,364.50,1,2853,364.50_365.00_365.50_366.00_366.50_,14_114_58_98_94_,364.00_363.50_363.00_362.50_362.00_,32_34_21_33_37_
12:27:45,364.50,2,2855,364.50_365.00_365.50_366.00_366.50_,11_114_58_98_94_,364.00_363.50_363.00_362.50_362.00_,32_34_21_33_37_
12:27:50,364.00,2,2857,364.50_365.00_365.50_366.00_366.50_,11_115_58_98_94_,364.00_363.50_363.00_362.50_362.00_,30_34_21_33_37_
12:27:55,364.50,1,2858,364.50_365.00_365.50_366.00_366.50_,10_115_58_98_94_,364.00_363.50_363.00_362.50_362.00_,29_34_21_33_37_
12:28:00,364.50,3,2861,364.50_365.00_365.50_366.00_366.50_,7_115_58_98_94_,364.00_363.50_363.00_362.50_362.00_,30_34_21_33_37_
12:28:11,364.50,2,2863,364.50_365.00_365.50_366.00_366.50_,4_115_58_98_94_,364.00_363.50_363.00_362.50_362.00_,30_34_21_33_37_
12:28:16,364.50,2,2865,364.50_365.00_365.50_366.00_366.50_,2_115_58_98_94_,364.00_363.50_363.00_362.50_362.00_,32_34_21_33_37_
12:28:21,364.50,2,2867,364.50_365.00_365.50_366.00_366.50_,1_115_58_98_94_,364.00_363.50_363.00_362.50_362.00_,32_34_21_33_37_
12:28:26,364.50,1,2868,365.00_365.50_366.00_366.50_367.00_,115_58_98_94_99_,364.50_364.00_363.50_363.00_362.50_,2_31_34_21_33_
12:28:31,364.50,1,2868,365.00_365.50_366.00_366.50_367.00_,115_58_96_85_110_,364.50_364.00_363.50_363.00_362.50_,14_18_37_24_43_
12:28:36,365.00,3,2871,365.00_365.50_366.00_366.50_367.00_,106_66_96_85_110_,364.50_364.00_363.50_363.00_362.50_,17_18_37_24_43_
12:28:41,364.50,1,2872,365.00_365.50_366.00_366.50_367.00_,106_66_96_85_110_,364.50_364.00_363.50_363.00_362.50_,17_18_37_21_46_
12:28:51,365.00,2,2874,365.00_365.50_366.00_366.50_367.00_,104_63_96_85_113_,364.50_364.00_363.50_363.00_362.50_,20_17_37_21_46_
12:28:57,365.00,2,2874,365.00_365.50_366.00_366.50_367.00_,104_63_96_85_113_,364.50_364.00_363.50_363.00_362.50_,25_20_37_21_45_
12:29:02,365.00,1,2875,365.00_365.50_366.00_366.50_367.00_,103_63_96_85_113_,364.50_364.00_363.50_363.00_362.50_,27_20_37_21_45_
12:29:07,365.00,1,2876,365.00_365.50_366.00_366.50_367.00_,106_63_96_85_113_,364.50_364.00_363.50_363.00_362.50_,27_20_37_21_45_
12:29:12,364.50,2,2878,365.00_365.50_366.00_366.50_367.00_,106_63_96_85_113_,364.50_364.00_363.50_363.00_362.50_,26_21_37_21_45_
12:29:17,365.00,1,2879,365.00_365.50_366.00_366.50_367.00_,106_63_96_85_113_,364.50_364.00_363.50_363.00_362.50_,25_21_37_24_42_
12:29:22,365.00,1,2879,365.00_365.50_366.00_366.50_367.00_,106_63_96_85_113_,364.50_364.00_363.50_363.00_362.50_,26_21_37_21_45_
12:29:27,365.00,1,2879,365.00_365.50_366.00_366.50_367.00_,106_63_96_85_113_,364.50_364.00_363.50_363.00_362.50_,25_21_37_21_45_
12:29:43,365.00,1,2879,365.00_365.50_366.00_366.50_367.00_,106_63_96_88_113_,364.50_364.00_363.50_363.00_362.50_,25_21_37_21_45_
12:29:48,365.00,1,2879,365.00_365.50_366.00_366.50_367.00_,107_63_94_88_113_,364.50_364.00_363.50_363.00_362.50_,25_21_37_21_45_
12:30:44,365.00,1,2887,365.00_365.50_366.00_366.50_367.00_,102_63_94_88_113_,364.50_364.00_363.50_363.00_362.50_,26_21_37_21_45_
12:31:10,365.00,4,2893,365.00_365.50_366.00_366.50_367.00_,96_63_94_88_113_,364.50_364.00_363.50_363.00_362.50_,27_21_37_21_45_
12:31:15,365.00,4,2897,365.00_365.50_366.00_366.50_367.00_,92_63_94_88_113_,364.50_364.00_363.50_363.00_362.50_,27_21_37_21_45_
12:31:25,365.00,4,2897,365.00_365.50_366.00_366.50_367.00_,92_63_94_88_113_,364.50_364.00_363.50_363.00_362.50_,27_24_37_21_45_
12:31:46,365.00,2,2902,365.00_365.50_366.00_366.50_367.00_,91_63_94_88_113_,364.50_364.00_363.50_363.00_362.50_,27_24_37_22_43_
12:32:01,365.00,1,2903,365.00_365.50_366.00_366.50_367.00_,90_63_94_88_113_,364.50_364.00_363.50_363.00_362.50_,27_24_39_22_43_
12:32:17,365.00,2,2906,365.00_365.50_366.00_366.50_367.00_,88_63_94_88_113_,364.50_364.00_363.50_363.00_362.50_,27_24_39_22_43_
12:32:22,365.00,2,2908,365.00_365.50_366.00_366.50_367.00_,87_64_94_88_113_,364.50_364.00_363.50_363.00_362.50_,27_24_39_22_43_
12:32:27,365.00,2,2908,365.00_365.50_366.00_366.50_367.00_,90_64_94_88_113_,364.50_364.00_363.50_363.00_362.50_,27_24_39_22_43_
12:32:32,364.50,1,2909,365.00_365.50_366.00_366.50_367.00_,91_64_93_88_113_,364.50_364.00_363.50_363.00_362.50_,26_24_39_22_43_
12:32:37,364.50,1,2909,365.00_365.50_366.00_366.50_367.00_,91_64_93_88_113_,364.50_364.00_363.50_363.00_362.50_,25_24_39_25_40_
12:32:42,365.00,1,2910,365.00_365.50_366.00_366.50_367.00_,90_64_93_88_113_,364.50_364.00_363.50_363.00_362.50_,26_24_39_25_40_
12:32:47,365.00,2,2912,365.00_365.50_366.00_366.50_367.00_,88_64_93_88_113_,364.50_364.00_363.50_363.00_362.50_,27_24_39_22_43_
12:32:58,365.00,2,2912,365.00_365.50_366.00_366.50_367.00_,88_64_93_87_113_,364.50_364.00_363.50_363.00_362.50_,27_24_39_22_43_
12:33:03,365.00,1,2913,365.00_365.50_366.00_366.50_367.00_,87_64_93_87_113_,364.50_364.00_363.50_363.00_362.50_,27_24_39_22_43_
12:33:13,365.00,1,2913,365.00_365.50_366.00_366.50_367.00_,88_64_93_87_113_,364.50_364.00_363.50_363.00_362.50_,26_24_32_22_43_
12:33:18,365.00,2,2915,365.00_365.50_366.00_366.50_367.00_,86_64_93_87_113_,364.50_364.00_363.50_363.00_362.50_,25_24_32_22_43_
12:33:23,364.50,2,2917,365.00_365.50_366.00_366.50_367.00_,86_64_93_87_113_,364.50_364.00_363.50_363.00_362.50_,25_24_32_22_43_
12:33:28,364.50,1,2918,365.00_365.50_366.00_366.50_367.00_,87_64_95_87_113_,364.50_364.00_363.50_363.00_362.50_,23_24_32_22_43_
12:33:34,365.00,1,2919,365.00_365.50_366.00_366.50_367.00_,89_64_95_87_113_,364.50_364.00_363.50_363.00_362.50_,23_24_32_25_40_
12:33:39,365.00,1,2920,365.00_365.50_366.00_366.50_367.00_,88_64_95_87_113_,364.50_364.00_363.50_363.00_362.50_,28_28_32_22_43_
12:33:44,365.00,1,2921,365.00_365.50_366.00_366.50_367.00_,88_64_95_87_113_,364.50_364.00_363.50_363.00_362.50_,28_28_32_22_43_
12:33:49,365.00,1,2921,365.00_365.50_366.00_366.50_367.00_,88_65_95_87_113_,364.50_364.00_363.50_363.00_362.50_,28_28_32_22_43_
12:33:59,364.50,1,2922,365.00_365.50_366.00_366.50_367.00_,89_65_95_87_113_,364.50_364.00_363.50_363.00_362.50_,27_28_32_22_43_
12:34:04,365.00,1,2923,365.00_365.50_366.00_366.50_367.00_,89_65_95_87_113_,364.50_364.00_363.50_363.00_362.50_,26_28_32_25_40_
12:34:09,365.00,1,2923,365.00_365.50_366.00_366.50_367.00_,89_65_95_87_113_,364.50_364.00_363.50_363.00_362.50_,28_28_32_22_43_
12:34:20,364.50,1,2924,365.00_365.50_366.00_366.50_367.00_,89_65_95_87_113_,364.50_364.00_363.50_363.00_362.50_,27_28_32_22_43_
12:34:25,364.50,1,2924,365.00_365.50_366.00_366.50_367.00_,89_65_95_87_113_,364.50_364.00_363.50_363.00_362.50_,27_28_32_25_40_
12:34:40,365.00,2,2926,365.00_365.50_366.00_366.50_367.00_,88_65_95_87_113_,364.50_364.00_363.50_363.00_362.50_,27_28_32_25_40_
12:34:45,365.00,2,2926,365.00_365.50_366.00_366.50_367.00_,88_65_95_87_113_,364.50_364.00_363.50_363.00_362.50_,28_28_32_22_43_
12:35:01,365.00,1,2927,365.00_365.50_366.00_366.50_367.00_,87_65_95_87_113_,364.50_364.00_363.50_363.00_362.50_,28_28_32_22_43_
12:35:06,364.50,1,2928,365.00_365.50_366.00_366.50_367.00_,87_65_96_87_113_,364.50_364.00_363.50_363.00_362.50_,27_28_32_22_43_
12:35:11,364.50,1,2928,365.00_365.50_366.00_366.50_367.00_,87_65_96_87_113_,364.50_364.00_363.50_363.00_362.50_,26_28_32_25_40_
12:35:16,365.00,1,2929,365.00_365.50_366.00_366.50_367.00_,86_65_96_87_113_,364.50_364.00_363.50_363.00_362.50_,26_28_32_25_40_
12:35:21,365.00,1,2930,365.00_365.50_366.00_366.50_367.00_,87_65_96_87_113_,364.50_364.00_363.50_363.00_362.50_,27_28_32_22_43_
12:35:26,365.00,1,2930,365.00_365.50_366.00_366.50_367.00_,92_65_96_87_113_,364.50_364.00_363.50_363.00_362.50_,27_28_32_22_43_
12:35:32,365.00,1,2930,365.00_365.50_366.00_366.50_367.00_,92_65_96_87_113_,364.50_364.00_363.50_363.00_362.50_,27_28_32_23_43_
12:35:37,365.00,1,2930,365.00_365.50_366.00_366.50_367.00_,92_65_96_87_113_,364.50_364.00_363.50_363.00_362.50_,26_28_32_23_43_
12:35:42,365.00,1,2931,365.00_365.50_366.00_366.50_367.00_,92_65_96_87_113_,364.50_364.00_363.50_363.00_362.50_,26_28_32_23_43_
12:35:47,365.00,1,2931,365.00_365.50_366.00_366.50_367.00_,92_65_96_88_113_,364.50_364.00_363.50_363.00_362.50_,27_28_32_21_43_
12:35:52,365.00,1,2931,365.00_365.50_366.00_366.50_367.00_,92_65_96_88_112_,364.50_364.00_363.50_363.00_362.50_,27_28_32_21_43_
12:35:57,365.00,1,2931,365.00_365.50_366.00_366.50_367.00_,93_65_96_88_112_,364.50_364.00_363.50_363.00_362.50_,28_28_32_21_43_
12:36:02,364.50,2,2933,365.00_365.50_366.00_366.50_367.00_,99_65_96_88_112_,364.50_364.00_363.50_363.00_362.50_,27_28_32_21_43_
12:36:08,365.00,1,2934,365.00_365.50_366.00_366.50_367.00_,103_65_96_88_112_,364.50_364.00_363.50_363.00_362.50_,27_28_32_24_40_
12:36:13,365.00,1,2935,365.00_365.50_366.00_366.50_367.00_,102_65_96_88_112_,364.50_364.00_363.50_363.00_362.50_,27_28_32_21_43_
12:36:18,365.00,1,2935,365.00_365.50_366.00_366.50_367.00_,102_65_96_88_112_,364.50_364.00_363.50_363.00_362.50_,29_28_32_21_43_
12:36:33,365.00,1,2935,365.00_365.50_366.00_366.50_367.00_,103_65_96_88_112_,364.50_364.00_363.50_363.00_362.50_,29_28_32_21_43_
12:36:38,365.00,2,2937,365.00_365.50_366.00_366.50_367.00_,101_65_96_88_112_,364.50_364.00_363.50_363.00_362.50_,31_28_32_21_43_
12:36:43,365.00,2,2937,365.00_365.50_366.00_366.50_367.00_,101_65_96_88_112_,364.50_364.00_363.50_363.00_362.50_,31_28_32_20_43_
12:36:48,364.50,1,2938,365.00_365.50_366.00_366.50_367.00_,101_65_96_88_112_,364.50_364.00_363.50_363.00_362.50_,30_28_32_20_43_
12:36:54,364.50,1,2938,365.00_365.50_366.00_366.50_367.00_,101_65_96_89_112_,364.50_364.00_363.50_363.00_362.50_,30_28_32_23_40_
12:37:04,365.00,2,2940,365.00_365.50_366.00_366.50_367.00_,99_65_96_89_112_,364.50_364.00_363.50_363.00_362.50_,30_28_32_23_40_
12:37:09,365.00,1,2941,365.00_365.50_366.00_366.50_367.00_,98_65_96_89_112_,364.50_364.00_363.50_363.00_362.50_,30_28_32_20_43_
12:37:14,365.00,1,2942,365.00_365.50_366.00_366.50_367.00_,97_65_96_89_112_,364.50_364.00_363.50_363.00_362.50_,30_28_32_20_43_
12:37:19,365.00,1,2943,365.00_365.50_366.00_366.50_367.00_,96_65_96_89_112_,364.50_364.00_363.50_363.00_362.50_,30_28_32_20_43_
12:37:24,365.00,1,2944,365.00_365.50_366.00_366.50_367.00_,95_65_96_89_112_,364.50_364.00_363.50_363.00_362.50_,33_28_32_20_43_
12:37:29,365.00,1,2944,365.00_365.50_366.00_366.50_367.00_,97_65_96_89_117_,364.50_364.00_363.50_363.00_362.50_,33_28_32_20_43_
12:37:34,365.00,2,2946,365.00_365.50_366.00_366.50_367.00_,95_65_96_89_117_,364.50_364.00_363.50_363.00_362.50_,33_28_32_20_43_
12:37:40,365.00,2,2946,365.00_365.50_366.00_366.50_367.00_,96_65_96_89_117_,364.50_364.00_363.50_363.00_362.50_,33_28_32_20_43_
12:37:45,365.00,1,2947,365.00_365.50_366.00_366.50_367.00_,96_66_96_89_117_,364.50_364.00_363.50_363.00_362.50_,33_28_32_20_43_
12:37:50,365.00,1,2948,365.00_365.50_366.00_366.50_367.00_,97_66_97_89_117_,364.50_364.00_363.50_363.00_362.50_,32_28_32_20_43_
12:37:55,364.50,1,2949,365.00_365.50_366.00_366.50_367.00_,97_66_99_89_117_,364.50_364.00_363.50_363.00_362.50_,31_28_32_20_43_
12:38:00,364.50,1,2950,365.00_365.50_366.00_366.50_367.00_,97_66_99_89_117_,364.50_364.00_363.50_363.00_362.50_,31_28_32_23_40_
12:38:05,365.00,1,2951,365.00_365.50_366.00_366.50_367.00_,96_66_99_89_117_,364.50_364.00_363.50_363.00_362.50_,31_28_32_23_40_
12:38:10,365.00,1,2952,365.00_365.50_366.00_366.50_367.00_,95_66_99_89_117_,364.50_364.00_363.50_363.00_362.50_,31_28_32_20_43_
12:38:15,364.50,1,2953,365.00_365.50_366.00_366.50_367.00_,95_66_99_89_117_,364.50_364.00_363.50_363.00_362.50_,30_28_32_20_43_
12:38:21,364.50,1,2953,365.00_365.50_366.00_366.50_367.00_,95_66_99_89_117_,364.50_364.00_363.50_363.00_362.50_,30_28_32_23_40_
12:38:26,364.50,1,2953,365.00_365.50_366.00_366.50_367.00_,96_66_99_89_117_,364.50_364.00_363.50_363.00_362.50_,30_28_32_23_40_
12:38:31,365.00,1,2954,365.00_365.50_366.00_366.50_367.00_,97_66_99_89_117_,364.50_364.00_363.50_363.00_362.50_,30_28_32_23_40_
12:38:36,365.00,1,2954,365.00_365.50_366.00_366.50_367.00_,98_66_99_89_117_,364.50_364.00_363.50_363.00_362.50_,30_28_32_20_43_
12:38:41,364.50,2,2956,365.00_365.50_366.00_366.50_367.00_,98_66_99_89_117_,364.50_364.00_363.50_363.00_362.50_,28_28_32_20_43_
12:38:46,364.50,2,2956,365.00_365.50_366.00_366.50_367.00_,98_66_100_89_117_,364.50_364.00_363.50_363.00_362.50_,28_28_32_23_40_
12:38:51,364.50,2,2956,365.00_365.50_366.00_366.50_367.00_,98_66_100_89_117_,364.50_364.00_363.50_363.00_362.50_,29_28_32_23_40_
12:38:56,364.50,2,2956,365.00_365.50_366.00_366.50_367.00_,98_66_101_89_117_,364.50_364.00_363.50_363.00_362.50_,29_28_32_23_40_
12:39:01,364.50,2,2958,365.00_365.50_366.00_366.50_367.00_,99_66_101_89_117_,364.50_364.00_363.50_363.00_362.50_,29_28_32_23_40_
12:39:07,365.00,1,2959,365.00_365.50_366.00_366.50_367.00_,98_66_101_89_117_,364.50_364.00_363.50_363.00_362.50_,35_28_32_23_40_
12:39:12,365.00,1,2960,365.00_365.50_366.00_366.50_367.00_,97_66_101_89_117_,364.50_364.00_363.50_363.00_362.50_,35_28_32_20_43_
12:39:17,365.00,2,2962,365.00_365.50_366.00_366.50_367.00_,95_66_101_89_117_,364.50_364.00_363.50_363.00_362.50_,35_28_32_20_43_
12:39:32,365.00,1,2963,365.00_365.50_366.00_366.50_367.00_,94_66_101_89_117_,364.50_364.00_363.50_363.00_362.50_,35_28_32_20_43_
12:39:37,365.00,1,2964,365.00_365.50_366.00_366.50_367.00_,93_66_101_89_117_,364.50_364.00_363.50_363.00_362.50_,35_28_32_20_43_
12:39:48,364.50,2,2966,365.00_365.50_366.00_366.50_367.00_,89_66_101_89_117_,364.50_364.00_363.50_363.00_362.50_,33_28_32_20_43_
12:39:53,364.50,2,2966,365.00_365.50_366.00_366.50_367.00_,89_66_101_89_117_,364.50_364.00_363.50_363.00_362.50_,33_28_32_23_40_
12:39:58,365.00,1,2967,365.00_365.50_366.00_366.50_367.00_,88_66_101_89_117_,364.50_364.00_363.50_363.00_362.50_,33_28_32_23_40_
12:40:03,365.00,1,2967,365.00_365.50_366.00_366.50_367.00_,92_66_101_89_117_,364.50_364.00_363.50_363.00_362.50_,33_28_32_20_43_
12:40:13,364.50,1,2968,365.00_365.50_366.00_366.50_367.00_,97_66_96_89_117_,364.50_364.00_363.50_363.00_362.50_,32_28_32_20_43_
12:40:18,364.50,1,2968,365.00_365.50_366.00_366.50_367.00_,97_66_96_89_117_,364.50_364.00_363.50_363.00_362.50_,32_28_32_23_40_
12:40:23,365.00,2,2970,365.00_365.50_366.00_366.50_367.00_,95_66_96_89_117_,364.50_364.00_363.50_363.00_362.50_,32_28_33_23_40_
12:40:29,365.00,1,2971,365.00_365.50_366.00_366.50_367.00_,94_66_96_89_117_,364.50_364.00_363.50_363.00_362.50_,32_28_33_20_43_
12:40:34,365.00,2,2973,365.00_365.50_366.00_366.50_367.00_,92_66_96_89_117_,364.50_364.00_363.50_363.00_362.50_,32_28_33_22_43_
12:40:39,364.50,1,2974,365.00_365.50_366.00_366.50_367.00_,92_66_96_89_117_,364.50_364.00_363.50_363.00_362.50_,31_28_33_22_43_
12:40:44,365.00,1,2975,365.00_365.50_366.00_366.50_367.00_,91_66_96_89_117_,364.50_364.00_363.50_363.00_362.50_,31_28_33_25_40_
12:40:49,365.00,1,2975,365.00_365.50_366.00_366.50_367.00_,91_66_96_89_118_,364.50_364.00_363.50_363.00_362.50_,31_28_33_22_43_
12:40:54,365.00,1,2975,365.00_365.50_366.00_366.50_367.00_,91_66_96_89_122_,364.50_364.00_363.50_363.00_362.50_,32_28_33_22_43_
12:40:59,364.50,1,2976,365.00_365.50_366.00_366.50_367.00_,91_66_96_89_122_,364.50_364.00_363.50_363.00_362.50_,31_28_33_22_43_
12:41:05,364.50,1,2976,365.00_365.50_366.00_366.50_367.00_,91_66_96_89_122_,364.50_364.00_363.50_363.00_362.50_,32_28_33_25_40_
12:41:10,365.00,1,2977,365.00_365.50_366.00_366.50_367.00_,90_66_96_89_122_,364.50_364.00_363.50_363.00_362.50_,32_28_33_25_40_
12:41:15,365.00,1,2977,365.00_365.50_366.00_366.50_367.00_,89_66_96_89_122_,364.50_364.00_363.50_363.00_362.50_,31_28_33_22_43_
12:41:20,365.00,1,2978,365.00_365.50_366.00_366.50_367.00_,88_66_96_89_122_,364.50_364.00_363.50_363.00_362.50_,31_28_33_22_43_
12:41:30,365.00,1,2979,365.00_365.50_366.00_366.50_367.00_,87_66_96_89_122_,364.50_364.00_363.50_363.00_362.50_,31_28_33_21_43_
12:41:35,365.00,3,2982,365.00_365.50_366.00_366.50_367.00_,84_76_86_89_122_,364.50_364.00_363.50_363.00_362.50_,31_28_33_21_43_
12:41:41,365.00,2,2984,365.00_365.50_366.00_366.50_367.00_,82_76_86_89_122_,364.50_364.00_363.50_363.00_362.50_,31_28_33_19_43_
12:41:46,364.50,2,2986,365.00_365.50_366.00_366.50_367.00_,83_77_86_89_122_,364.50_364.00_363.50_363.00_362.50_,30_28_33_19_43_
12:41:51,365.00,1,2987,365.00_365.50_366.00_366.50_367.00_,82_77_86_89_122_,364.50_364.00_363.50_363.00_362.50_,29_28_32_22_40_
12:41:56,365.00,1,2987,365.00_365.50_366.00_366.50_367.00_,82_78_86_89_122_,364.50_364.00_363.50_363.00_362.50_,29_28_32_19_43_
12:42:01,365.00,1,2987,365.00_365.50_366.00_366.50_367.00_,82_78_96_89_122_,364.50_364.00_363.50_363.00_362.50_,29_28_32_20_43_
12:42:11,365.00,1,2988,365.00_365.50_366.00_366.50_367.00_,81_78_96_89_122_,364.50_364.00_363.50_363.00_362.50_,29_28_32_20_43_
12:42:16,365.00,1,2988,365.00_365.50_366.00_366.50_367.00_,81_78_96_89_122_,364.50_364.00_363.50_363.00_362.50_,31_28_31_20_43_
12:42:22,365.00,1,2988,365.00_365.50_366.00_366.50_367.00_,81_78_96_89_122_,364.50_364.00_363.50_363.00_362.50_,31_28_31_19_43_
12:42:27,365.00,1,2989,365.00_365.50_366.00_366.50_367.00_,80_78_96_89_122_,364.50_364.00_363.50_363.00_362.50_,31_28_31_19_43_
12:42:42,365.00,3,2992,365.00_365.50_366.00_366.50_367.00_,77_78_96_89_122_,364.50_364.00_363.50_363.00_362.50_,30_30_31_19_43_
12:42:47,365.00,3,2992,365.00_365.50_366.00_366.50_367.00_,77_78_106_89_122_,364.50_364.00_363.50_363.00_362.50_,31_30_31_19_43_
12:42:52,365.00,1,2993,365.00_365.50_366.00_366.50_367.00_,76_78_106_89_122_,364.50_364.00_363.50_363.00_362.50_,31_30_31_17_43_
12:42:58,364.50,2,2995,365.00_365.50_366.00_366.50_367.00_,76_78_106_89_122_,364.50_364.00_363.50_363.00_362.50_,29_30_31_17_43_
12:43:03,364.50,2,2995,365.00_365.50_366.00_366.50_367.00_,76_78_106_89_122_,364.50_364.00_363.50_363.00_362.50_,29_30_31_20_40_
12:43:08,365.00,3,2998,365.00_365.50_366.00_366.50_367.00_,74_78_106_89_122_,364.50_364.00_363.50_363.00_362.50_,30_30_31_20_40_
12:43:13,365.00,3,2998,365.00_365.50_366.00_366.50_367.00_,75_78_106_89_122_,364.50_364.00_363.50_363.00_362.50_,30_31_32_18_44_
12:43:18,365.00,4,3002,365.00_365.50_366.00_366.50_367.00_,71_78_107_90_123_,364.50_364.00_363.50_363.00_362.50_,30_31_32_18_44_
12:43:23,365.00,2,3004,365.00_365.50_366.00_366.50_367.00_,69_78_107_90_123_,364.50_364.00_363.50_363.00_362.50_,30_31_32_18_44_
12:43:28,365.00,2,3004,365.00_365.50_366.00_366.50_367.00_,69_79_107_90_123_,364.50_364.00_363.50_363.00_362.50_,30_31_32_18_44_
12:43:33,365.00,2,3004,365.00_365.50_366.00_366.50_367.00_,68_79_107_90_123_,364.50_364.00_363.50_363.00_362.50_,30_27_32_18_44_
12:43:38,365.00,5,3009,365.00_365.50_366.00_366.50_367.00_,63_79_107_90_123_,364.50_364.00_363.50_363.00_362.50_,30_27_32_18_44_
12:43:44,365.00,1,3010,365.00_365.50_366.00_366.50_367.00_,62_79_107_90_123_,364.50_364.00_363.50_363.00_362.50_,30_27_32_18_44_
12:43:49,365.00,1,3010,365.00_365.50_366.00_366.50_367.00_,62_79_107_89_123_,364.50_364.00_363.50_363.00_362.50_,31_27_32_18_44_
12:43:54,365.00,1,3011,365.00_365.50_366.00_366.50_367.00_,61_79_107_89_123_,364.50_364.00_363.50_363.00_362.50_,31_27_32_18_44_
12:43:59,365.00,1,3011,365.00_365.50_366.00_366.50_367.00_,61_78_107_89_123_,364.50_364.00_363.50_363.00_362.50_,31_27_32_18_44_
12:44:04,365.00,5,3016,365.00_365.50_366.00_366.50_367.00_,56_78_107_89_123_,364.50_364.00_363.50_363.00_362.50_,31_27_32_18_44_
12:44:09,365.00,3,3019,365.00_365.50_366.00_366.50_367.00_,55_78_107_89_123_,364.50_364.00_363.50_363.00_362.50_,31_27_32_18_44_
12:44:14,365.00,1,3020,365.00_365.50_366.00_366.50_367.00_,55_78_107_89_123_,364.50_364.00_363.50_363.00_362.50_,31_27_32_18_44_
12:44:20,364.50,2,3022,365.00_365.50_366.00_366.50_367.00_,56_78_107_89_123_,364.50_364.00_363.50_363.00_362.50_,29_27_29_18_40_
12:44:25,365.00,1,3023,365.00_365.50_366.00_366.50_367.00_,56_78_107_89_123_,364.50_364.00_363.50_363.00_362.50_,30_27_29_21_37_
12:44:30,365.00,1,3023,365.00_365.50_366.00_366.50_367.00_,56_78_107_89_123_,364.50_364.00_363.50_363.00_362.50_,30_27_29_18_40_
12:44:40,365.00,1,3023,365.00_365.50_366.00_366.50_367.00_,56_78_107_89_123_,364.50_364.00_363.50_363.00_362.50_,30_27_26_18_35_
12:45:06,365.00,2,3025,365.00_365.50_366.00_366.50_367.00_,55_78_107_89_123_,364.50_364.00_363.50_363.00_362.50_,29_27_26_18_35_
12:45:16,365.00,4,3029,365.00_365.50_366.00_366.50_367.00_,52_78_107_89_123_,364.50_364.00_363.50_363.00_362.50_,29_27_26_18_35_
12:45:21,365.00,2,3031,365.00_365.50_366.00_366.50_367.00_,51_78_107_89_123_,364.50_364.00_363.50_363.00_362.50_,30_27_26_18_35_
12:45:26,365.00,1,3032,365.00_365.50_366.00_366.50_367.00_,56_78_107_89_123_,364.50_364.00_363.50_363.00_362.50_,31_27_26_19_35_
12:45:31,365.00,1,3032,365.00_365.50_366.00_366.50_367.00_,58_78_107_89_123_,364.50_364.00_363.50_363.00_362.50_,31_27_26_19_35_
12:45:36,365.00,1,3032,365.00_365.50_366.00_366.50_367.00_,57_78_107_89_123_,364.50_364.00_363.50_363.00_362.50_,31_27_26_19_35_
12:45:42,365.00,1,3033,365.00_365.50_366.00_366.50_367.00_,56_78_107_89_123_,364.50_364.00_363.50_363.00_362.50_,32_27_26_18_35_
12:45:47,365.00,1,3033,365.00_365.50_366.00_366.50_367.00_,57_78_107_89_123_,364.50_364.00_363.50_363.00_362.50_,32_27_26_18_35_
12:46:12,365.00,1,3034,365.00_365.50_366.00_366.50_367.00_,57_78_107_89_123_,364.50_364.00_363.50_363.00_362.50_,32_27_26_18_35_
12:46:17,365.00,1,3035,365.00_365.50_366.00_366.50_367.00_,56_78_107_89_123_,364.50_364.00_363.50_363.00_362.50_,32_27_26_18_35_
12:46:23,365.00,1,3036,365.00_365.50_366.00_366.50_367.00_,55_78_107_89_123_,364.50_364.00_363.50_363.00_362.50_,32_27_26_18_35_
12:46:28,365.00,1,3037,365.00_365.50_366.00_366.50_367.00_,55_78_107_89_123_,364.50_364.00_363.50_363.00_362.50_,32_27_26_18_35_
12:46:33,365.00,1,3038,365.00_365.50_366.00_366.50_367.00_,54_78_107_90_123_,364.50_364.00_363.50_363.00_362.50_,32_27_26_18_35_
12:46:38,365.00,1,3038,365.00_365.50_366.00_366.50_367.00_,57_78_107_90_123_,364.50_364.00_363.50_363.00_362.50_,32_27_26_18_35_
12:46:43,365.00,2,3040,365.00_365.50_366.00_366.50_367.00_,55_78_107_90_123_,364.50_364.00_363.50_363.00_362.50_,32_27_26_18_35_
12:46:48,365.00,2,3040,365.00_365.50_366.00_366.50_367.00_,65_78_107_90_123_,364.50_364.00_363.50_363.00_362.50_,32_27_26_18_33_
12:46:53,365.00,1,3041,365.00_365.50_366.00_366.50_367.00_,65_78_107_90_123_,364.50_364.00_363.50_363.00_362.50_,32_27_26_17_33_
12:47:03,365.00,1,3042,365.00_365.50_366.00_366.50_367.00_,64_78_107_90_123_,364.50_364.00_363.50_363.00_362.50_,31_27_16_17_33_
12:47:09,365.00,1,3043,365.00_365.50_366.00_366.50_367.00_,63_78_106_90_123_,364.50_364.00_363.50_363.00_362.50_,31_27_16_17_33_
12:47:14,365.00,4,3047,365.00_365.50_366.00_366.50_367.00_,59_78_106_90_123_,364.50_364.00_363.50_363.00_362.50_,31_27_16_17_33_
12:47:19,365.00,1,3048,365.00_365.50_366.00_366.50_367.00_,62_78_106_90_123_,364.50_364.00_363.50_363.00_362.50_,31_27_16_17_33_
12:47:24,365.00,1,3048,365.00_365.50_366.00_366.50_367.00_,62_78_106_90_123_,364.50_364.00_363.50_363.00_362.50_,36_27_16_17_33_
12:47:29,365.00,4,3052,365.00_365.50_366.00_366.50_367.00_,58_78_106_90_123_,364.50_364.00_363.50_363.00_362.50_,36_27_16_17_33_
12:47:55,365.00,7,3059,365.00_365.50_366.00_366.50_367.00_,54_78_106_90_123_,364.50_364.00_363.50_363.00_362.50_,36_30_16_17_30_
12:48:00,365.00,1,3060,365.00_365.50_366.00_366.50_367.00_,53_78_106_90_123_,364.50_364.00_363.50_363.00_362.50_,36_30_16_17_30_
12:48:10,365.00,1,3060,365.00_365.50_366.00_366.50_367.00_,53_78_106_90_123_,364.50_364.00_363.50_363.00_362.50_,37_30_16_17_30_
12:48:15,365.00,1,3061,365.00_365.50_366.00_366.50_367.00_,52_78_106_90_123_,364.50_364.00_363.50_363.00_362.50_,37_30_16_17_30_
12:48:20,365.00,6,3067,365.00_365.50_366.00_366.50_367.00_,46_78_106_90_123_,364.50_364.00_363.50_363.00_362.50_,37_30_16_17_30_
12:48:25,365.00,1,3068,365.00_365.50_366.00_366.50_367.00_,45_78_106_90_123_,364.50_364.00_363.50_363.00_362.50_,37_30_16_17_30_
12:48:30,365.00,8,3076,365.00_365.50_366.00_366.50_367.00_,38_78_106_90_123_,364.50_364.00_363.50_363.00_362.50_,37_26_16_17_30_
12:48:36,365.00,2,3078,365.00_365.50_366.00_366.50_367.00_,38_78_106_90_123_,364.50_364.00_363.50_363.00_362.50_,37_26_16_17_30_
12:48:41,365.00,5,3083,365.00_365.50_366.00_366.50_367.00_,33_78_106_90_123_,364.50_364.00_363.50_363.00_362.50_,37_26_16_17_30_
12:48:46,365.00,1,3084,365.00_365.50_366.00_366.50_367.00_,32_78_107_90_122_,364.50_364.00_363.50_363.00_362.50_,37_26_16_17_30_
12:48:56,365.00,9,3093,365.00_365.50_366.00_366.50_367.00_,20_80_107_90_122_,364.50_364.00_363.50_363.00_362.50_,27_26_16_17_30_
12:49:01,365.00,9,3093,365.00_365.50_366.00_366.50_367.00_,17_80_107_90_122_,364.50_364.00_363.50_363.00_362.50_,27_26_16_17_30_
12:49:06,365.00,9,3093,365.00_365.50_366.00_366.50_367.00_,17_80_104_90_122_,364.50_364.00_363.50_363.00_362.50_,27_26_16_17_30_
12:49:11,365.00,6,3099,365.00_365.50_366.00_366.50_367.00_,11_80_104_90_122_,364.50_364.00_363.50_363.00_362.50_,27_26_16_17_30_
12:49:17,365.00,2,3101,365.00_365.50_366.00_366.50_367.00_,9_80_104_90_122_,364.50_364.00_363.50_363.00_362.50_,25_25_16_17_30_
12:49:22,365.00,5,3106,365.00_365.50_366.00_366.50_367.00_,4_80_104_90_122_,364.50_364.00_363.50_363.00_362.50_,25_25_16_17_30_
12:49:27,365.00,1,3107,365.00_365.50_366.00_366.50_367.00_,3_80_104_90_122_,364.50_364.00_363.50_363.00_362.50_,24_25_16_17_30_
12:49:32,364.50,2,3109,365.00_365.50_366.00_366.50_367.00_,3_80_104_90_122_,364.50_364.00_363.50_363.00_362.50_,22_25_16_17_30_
12:49:37,365.00,1,3110,365.00_365.50_366.00_366.50_367.00_,2_80_104_90_122_,364.50_364.00_363.50_363.00_362.50_,23_25_16_20_27_
12:49:42,365.00,1,3110,365.00_365.50_366.00_366.50_367.00_,3_80_104_90_122_,364.50_364.00_363.50_363.00_362.50_,23_25_16_17_30_
12:49:47,365.00,1,3111,365.00_365.50_366.00_366.50_367.00_,3_80_104_90_122_,364.50_364.00_363.50_363.00_362.50_,24_25_16_16_30_
12:49:52,365.00,1,3111,365.00_365.50_366.00_366.50_367.00_,5_80_104_90_122_,364.50_364.00_363.50_363.00_362.50_,25_25_16_16_30_
12:50:03,365.00,5,3116,365.50_366.00_366.50_367.00_367.50_,80_104_90_122_44_,365.00_364.50_364.00_363.50_363.00_,8_24_25_16_16_
12:50:08,365.00,6,3122,365.50_366.00_366.50_367.00_367.50_,69_114_88_113_55_,365.00_364.50_364.00_363.50_363.00_,12_14_24_17_32_
12:50:13,365.50,2,3124,365.50_366.00_366.50_367.00_367.50_,67_114_88_113_55_,365.00_364.50_364.00_363.50_363.00_,13_14_21_17_32_
12:50:18,365.50,2,3124,365.50_366.00_366.50_367.00_367.50_,67_114_88_113_55_,365.00_364.50_364.00_363.50_363.00_,17_14_21_17_32_
12:50:23,365.50,2,3124,365.50_366.00_366.50_367.00_367.50_,67_114_88_113_55_,365.00_364.50_364.00_363.50_363.00_,18_14_21_17_32_
12:50:28,365.50,2,3126,365.50_366.00_366.50_367.00_367.50_,65_114_88_113_55_,365.00_364.50_364.00_363.50_363.00_,20_14_21_17_32_
12:50:33,365.50,2,3126,365.50_366.00_366.50_367.00_367.50_,67_113_88_113_55_,365.00_364.50_364.00_363.50_363.00_,22_14_21_17_30_
12:50:39,365.50,2,3128,365.50_366.00_366.50_367.00_367.50_,65_113_88_113_55_,365.00_364.50_364.00_363.50_363.00_,25_13_21_17_30_
12:50:44,365.50,4,3132,365.50_366.00_366.50_367.00_367.50_,61_113_88_113_55_,365.00_364.50_364.00_363.50_363.00_,25_13_19_17_30_
12:50:49,365.50,3,3135,365.50_366.00_366.50_367.00_367.50_,59_113_88_113_55_,365.00_364.50_364.00_363.50_363.00_,25_13_17_17_30_
12:50:54,365.50,3,3135,365.50_366.00_366.50_367.00_367.50_,59_113_88_113_55_,365.00_364.50_364.00_363.50_363.00_,26_13_17_17_30_
12:50:59,365.50,1,3136,365.50_366.00_366.50_367.00_367.50_,59_113_88_113_55_,365.00_364.50_364.00_363.50_363.00_,26_13_17_17_30_
12:51:04,365.50,1,3137,365.50_366.00_366.50_367.00_367.50_,59_113_88_113_55_,365.00_364.50_364.00_363.50_363.00_,26_13_17_17_30_
12:51:09,365.50,1,3138,365.50_366.00_366.50_367.00_367.50_,58_114_88_114_55_,365.00_364.50_364.00_363.50_363.00_,26_13_17_17_30_
12:51:14,365.50,1,3139,365.50_366.00_366.50_367.00_367.50_,59_114_88_114_55_,365.00_364.50_364.00_363.50_363.00_,26_13_17_18_30_
12:51:20,365.50,5,3144,365.50_366.00_366.50_367.00_367.50_,54_114_87_114_55_,365.00_364.50_364.00_363.50_363.00_,26_16_17_18_27_
12:51:25,365.50,3,3147,365.50_366.00_366.50_367.00_367.50_,41_114_87_114_55_,365.00_364.50_364.00_363.50_363.00_,26_16_16_18_27_
12:51:30,365.50,3,3147,365.50_366.00_366.50_367.00_367.50_,42_114_87_114_55_,365.00_364.50_364.00_363.50_363.00_,26_16_16_18_27_
12:51:35,365.50,1,3148,365.50_366.00_366.50_367.00_367.50_,44_114_87_114_55_,365.00_364.50_364.00_363.50_363.00_,36_16_16_18_27_
12:51:40,365.50,1,3149,365.50_366.00_366.50_367.00_367.50_,43_114_87_114_55_,365.00_364.50_364.00_363.50_363.00_,36_16_16_18_27_
12:51:45,365.50,2,3151,365.50_366.00_366.50_367.00_367.50_,41_114_87_114_55_,365.00_364.50_364.00_363.50_363.00_,36_16_16_18_27_
12:51:56,365.50,1,3152,365.50_366.00_366.50_367.00_367.50_,41_114_87_114_55_,365.00_364.50_364.00_363.50_363.00_,37_14_16_18_27_
12:52:01,365.50,1,3152,365.50_366.00_366.50_367.00_367.50_,42_114_87_114_55_,365.00_364.50_364.00_363.50_363.00_,37_13_15_18_27_
12:52:06,365.50,4,3156,365.50_366.00_366.50_367.00_367.50_,38_114_87_114_55_,365.00_364.50_364.00_363.50_363.00_,39_13_15_18_27_
12:52:11,365.50,4,3156,365.50_366.00_366.50_367.00_367.50_,38_144_87_114_55_,365.00_364.50_364.00_363.50_363.00_,39_13_15_18_27_
12:52:16,365.50,4,3156,365.50_366.00_366.50_367.00_367.50_,68_144_87_114_55_,365.00_364.50_364.00_363.50_363.00_,39_13_15_18_27_
12:52:21,365.50,1,3157,365.50_366.00_366.50_367.00_367.50_,67_144_87_114_55_,365.00_364.50_364.00_363.50_363.00_,40_13_15_18_27_
12:52:32,365.50,2,3159,365.50_366.00_366.50_367.00_367.50_,64_144_87_144_55_,365.00_364.50_364.00_363.50_363.00_,37_13_15_18_27_
12:52:37,365.50,2,3161,365.50_366.00_366.50_367.00_367.50_,62_144_87_144_55_,365.00_364.50_364.00_363.50_363.00_,37_13_15_18_27_
12:52:42,365.50,2,3161,365.50_366.00_366.50_367.00_367.50_,62_144_87_144_55_,365.00_364.50_364.00_363.50_363.00_,38_13_15_18_27_
12:52:47,365.50,2,3161,365.50_366.00_366.50_367.00_367.50_,63_144_87_144_55_,365.00_364.50_364.00_363.50_363.00_,39_13_15_18_27_
12:52:52,365.50,2,3161,365.50_366.00_366.50_367.00_367.50_,65_144_87_144_55_,365.00_364.50_364.00_363.50_363.00_,39_13_15_18_27_
12:53:02,365.50,3,3164,365.50_366.00_366.50_367.00_367.50_,66_144_87_144_55_,365.00_364.50_364.00_363.50_363.00_,39_13_15_18_27_
12:53:07,365.50,1,3165,365.50_366.00_366.50_367.00_367.50_,67_144_87_144_55_,365.00_364.50_364.00_363.50_363.00_,39_13_15_18_27_
12:53:13,365.50,1,3166,365.50_366.00_366.50_367.00_367.50_,65_146_87_144_55_,365.00_364.50_364.00_363.50_363.00_,39_13_15_18_27_
12:53:28,365.50,2,3168,365.50_366.00_366.50_367.00_367.50_,63_147_87_144_55_,365.00_364.50_364.00_363.50_363.00_,39_13_15_18_27_
12:53:33,365.50,2,3168,365.50_366.00_366.50_367.00_367.50_,65_146_87_144_55_,365.00_364.50_364.00_363.50_363.00_,39_10_15_18_30_
12:53:43,365.50,1,3169,365.50_366.00_366.50_367.00_367.50_,64_150_87_144_55_,365.00_364.50_364.00_363.50_363.00_,39_10_15_18_30_
12:53:54,365.50,1,3169,365.50_366.00_366.50_367.00_367.50_,72_150_87_144_55_,365.00_364.50_364.00_363.50_363.00_,39_10_15_18_30_
12:53:59,365.50,10,3179,365.50_366.00_366.50_367.00_367.50_,62_150_87_139_55_,365.00_364.50_364.00_363.50_363.00_,39_10_15_18_30_
12:54:04,365.00,2,3181,365.50_366.00_366.50_367.00_367.50_,61_150_87_139_55_,365.00_364.50_364.00_363.50_363.00_,38_10_15_18_30_
12:54:09,365.50,5,3186,365.50_366.00_366.50_367.00_367.50_,56_150_87_139_55_,365.00_364.50_364.00_363.50_363.00_,38_10_15_18_30_
12:54:14,365.50,1,3187,365.50_366.00_366.50_367.00_367.50_,55_150_87_139_55_,365.00_364.50_364.00_363.50_363.00_,38_10_15_18_30_
12:54:19,365.50,2,3189,365.50_366.00_366.50_367.00_367.50_,53_150_87_139_55_,365.00_364.50_364.00_363.50_363.00_,37_10_15_18_30_
12:54:24,365.00,1,3190,365.50_366.00_366.50_367.00_367.50_,53_150_87_139_55_,365.00_364.50_364.00_363.50_363.00_,36_10_15_18_30_
12:54:29,365.00,1,3190,365.50_366.00_366.50_367.00_367.50_,52_150_87_139_55_,365.00_364.50_364.00_363.50_363.00_,36_10_15_18_30_
12:54:40,365.00,1,3190,365.50_366.00_366.50_367.00_367.50_,52_150_87_139_56_,365.00_364.50_364.00_363.50_363.00_,37_10_15_18_30_
12:54:45,365.00,1,3190,365.50_366.00_366.50_367.00_367.50_,54_150_87_139_56_,365.00_364.50_364.00_363.50_363.00_,37_10_15_18_30_
12:54:55,365.00,1,3190,365.50_366.00_366.50_367.00_367.50_,55_150_87_139_56_,365.00_364.50_364.00_363.50_363.00_,37_10_15_18_30_
12:55:00,365.50,2,3192,365.50_366.00_366.50_367.00_367.50_,54_150_87_139_56_,365.00_364.50_364.00_363.50_363.00_,38_8_15_18_30_
12:55:05,365.50,2,3194,365.50_366.00_366.50_367.00_367.50_,52_150_117_139_56_,365.00_364.50_364.00_363.50_363.00_,38_8_15_18_31_
12:55:16,365.50,2,3194,365.50_366.00_366.50_367.00_367.50_,53_150_117_139_56_,365.00_364.50_364.00_363.50_363.00_,39_8_15_18_31_
12:55:21,365.00,1,3195,365.50_366.00_366.50_367.00_367.50_,53_150_117_139_56_,365.00_364.50_364.00_363.50_363.00_,38_8_15_18_31_
12:55:26,365.00,4,3199,365.50_366.00_366.50_367.00_367.50_,53_150_117_139_56_,365.00_364.50_364.00_363.50_363.00_,36_8_15_18_31_
12:55:31,365.50,2,3201,365.50_366.00_366.50_367.00_367.50_,51_150_117_139_56_,365.00_364.50_364.00_363.50_363.00_,36_8_15_18_31_
12:55:41,365.50,2,3201,365.50_366.00_366.50_367.00_367.50_,54_150_117_139_56_,365.00_364.50_364.00_363.50_363.00_,37_8_15_18_31_
12:55:46,365.50,1,3202,365.50_366.00_366.50_367.00_367.50_,53_150_117_139_56_,365.00_364.50_364.00_363.50_363.00_,37_8_15_18_31_
12:55:51,365.50,1,3203,365.50_366.00_366.50_367.00_367.50_,52_150_117_139_56_,365.00_364.50_364.00_363.50_363.00_,37_8_15_18_31_
12:56:02,365.50,2,3205,365.50_366.00_366.50_367.00_367.50_,51_150_117_139_56_,365.00_364.50_364.00_363.50_363.00_,36_16_15_18_31_
12:56:07,365.50,2,3205,365.50_366.00_366.50_367.00_367.50_,51_150_117_139_56_,365.00_364.50_364.00_363.50_363.00_,36_19_15_18_31_
12:56:17,365.50,4,3209,365.50_366.00_366.50_367.00_367.50_,47_150_117_139_56_,365.00_364.50_364.00_363.50_363.00_,36_19_15_18_31_
12:56:22,365.50,4,3209,365.50_366.00_366.50_367.00_367.50_,48_150_117_139_56_,365.00_364.50_364.00_363.50_363.00_,36_19_15_18_31_
12:56:27,365.50,1,3210,365.50_366.00_366.50_367.00_367.50_,48_150_117_139_56_,365.00_364.50_364.00_363.50_363.00_,36_19_15_17_31_
12:56:32,365.50,1,3210,365.50_366.00_366.50_367.00_367.50_,48_150_117_139_56_,365.00_364.50_364.00_363.50_363.00_,37_19_15_17_31_
12:56:37,365.50,1,3210,365.50_366.00_366.50_367.00_367.50_,49_150_117_139_56_,365.00_364.50_364.00_363.50_363.00_,37_19_15_17_31_
12:56:42,365.50,1,3210,365.50_366.00_366.50_367.00_367.50_,51_150_117_139_56_,365.00_364.50_364.00_363.50_363.00_,37_19_15_17_31_
12:56:48,365.50,1,3211,365.50_366.00_366.50_367.00_367.50_,50_150_117_139_56_,365.00_364.50_364.00_363.50_363.00_,37_19_15_17_31_
12:56:53,365.50,1,3211,365.50_366.00_366.50_367.00_367.50_,50_150_117_139_56_,365.00_364.50_364.00_363.50_363.00_,36_19_15_17_30_
12:56:58,365.50,4,3215,365.50_366.00_366.50_367.00_367.50_,46_150_117_139_56_,365.00_364.50_364.00_363.50_363.00_,36_19_15_17_30_
12:57:03,365.50,4,3215,365.50_366.00_366.50_367.00_367.50_,46_149_117_139_56_,365.00_364.50_364.00_363.50_363.00_,38_19_15_17_30_
12:57:08,365.50,1,3216,365.50_366.00_366.50_367.00_367.50_,45_149_117_139_56_,365.00_364.50_364.00_363.50_363.00_,38_19_15_17_30_
12:57:13,365.50,1,3216,365.50_366.00_366.50_367.00_367.50_,45_149_117_139_56_,365.00_364.50_364.00_363.50_363.00_,36_19_15_17_30_
12:57:18,365.50,1,3217,365.50_366.00_366.50_367.00_367.50_,45_149_117_139_56_,365.00_364.50_364.00_363.50_363.00_,36_19_15_17_30_
12:57:23,365.50,2,3219,365.50_366.00_366.50_367.00_367.50_,43_149_117_139_56_,365.00_364.50_364.00_363.50_363.00_,36_19_15_17_30_
12:57:28,365.50,1,3220,365.50_366.00_366.50_367.00_367.50_,42_149_117_139_56_,365.00_364.50_364.00_363.50_363.00_,36_19_15_17_30_
12:57:34,365.50,1,3221,365.50_366.00_366.50_367.00_367.50_,41_149_117_139_56_,365.00_364.50_364.00_363.50_363.00_,36_19_15_17_30_
12:57:44,365.00,2,3223,365.50_366.00_366.50_367.00_367.50_,41_149_117_139_56_,365.00_364.50_364.00_363.50_363.00_,35_19_15_17_30_
12:57:49,365.00,1,3224,365.50_366.00_366.50_367.00_367.50_,44_149_117_139_56_,365.00_364.50_364.00_363.50_363.00_,34_19_15_17_30_
12:57:54,365.50,6,3230,365.50_366.00_366.50_367.00_367.50_,39_149_117_139_56_,365.00_364.50_364.00_363.50_363.00_,34_19_15_17_30_
12:57:59,365.50,1,3231,365.50_366.00_366.50_367.00_367.50_,39_149_117_139_56_,365.00_364.50_364.00_363.50_363.00_,34_19_15_17_30_
12:58:04,365.00,1,3232,365.50_366.00_366.50_367.00_367.50_,39_149_117_139_56_,365.00_364.50_364.00_363.50_363.00_,33_19_15_17_30_
12:58:09,365.50,2,3234,365.50_366.00_366.50_367.00_367.50_,37_149_117_139_56_,365.00_364.50_364.00_363.50_363.00_,33_19_15_17_30_
12:58:20,365.00,1,3238,365.50_366.00_366.50_367.00_367.50_,35_149_117_139_56_,365.00_364.50_364.00_363.50_363.00_,32_19_15_17_30_
12:58:35,365.00,1,3238,365.50_366.00_366.50_367.00_367.50_,35_149_117_139_56_,365.00_364.50_364.00_363.50_363.00_,32_18_15_17_30_
12:58:40,365.00,2,3240,365.50_366.00_366.50_367.00_367.50_,33_149_117_139_56_,365.00_364.50_364.00_363.50_363.00_,31_18_15_17_30_
12:58:50,365.50,1,3241,365.50_366.00_366.50_367.00_367.50_,32_149_117_139_56_,365.00_364.50_364.00_363.50_363.00_,31_18_15_17_30_
12:58:56,365.00,2,3243,365.50_366.00_366.50_367.00_367.50_,33_148_118_140_56_,365.00_364.50_364.00_363.50_363.00_,31_17_15_17_30_
12:59:01,365.00,2,3243,365.50_366.00_366.50_367.00_367.50_,36_148_119_140_56_,365.00_364.50_364.00_363.50_363.00_,31_17_15_17_30_
12:59:06,365.00,1,3244,365.50_366.00_366.50_367.00_367.50_,37_148_120_140_56_,365.00_364.50_364.00_363.50_363.00_,30_17_15_17_30_
12:59:11,365.50,2,3246,365.50_366.00_366.50_367.00_367.50_,35_148_120_140_56_,365.00_364.50_364.00_363.50_363.00_,29_16_15_17_30_
12:59:16,365.50,2,3246,365.50_366.00_366.50_367.00_367.50_,36_148_120_140_56_,365.00_364.50_364.00_363.50_363.00_,29_16_15_17_30_
12:59:21,365.50,1,3247,365.50_366.00_366.50_367.00_367.50_,35_148_119_140_56_,365.00_364.50_364.00_363.50_363.00_,31_15_15_17_30_
12:59:32,365.50,1,3248,365.50_366.00_366.50_367.00_367.50_,35_148_119_140_56_,365.00_364.50_364.00_363.50_363.00_,30_15_15_17_30_
12:59:42,365.50,2,3250,365.50_366.00_366.50_367.00_367.50_,33_148_119_140_56_,365.00_364.50_364.00_363.50_363.00_,28_14_15_17_30_
12:59:47,365.50,2,3252,365.50_366.00_366.50_367.00_367.50_,36_149_119_140_56_,365.00_364.50_364.00_363.50_363.00_,29_14_15_17_30_
12:59:52,365.00,2,3254,365.50_366.00_366.50_367.00_367.50_,36_149_119_140_56_,365.00_364.50_364.00_363.50_363.00_,28_13_15_17_30_
12:59:57,365.50,2,3256,365.50_366.00_366.50_367.00_367.50_,34_139_119_140_56_,365.00_364.50_364.00_363.50_363.00_,28_13_15_17_30_
13:00:02,365.50,1,3257,365.50_366.00_366.50_367.00_367.50_,41_139_119_136_56_,365.00_364.50_364.00_363.50_363.00_,29_13_15_17_30_
13:00:07,365.50,1,3258,365.50_366.00_366.50_367.00_367.50_,51_139_119_135_56_,365.00_364.50_364.00_363.50_363.00_,30_12_15_17_30_
13:00:13,365.50,1,3258,365.50_366.00_366.50_367.00_367.50_,51_140_119_135_56_,365.00_364.50_364.00_363.50_363.00_,30_12_15_17_30_
13:00:18,365.50,2,3260,365.50_366.00_366.50_367.00_367.50_,49_140_119_135_56_,365.00_364.50_364.00_363.50_363.00_,530_12_15_17_30_
13:00:23,365.50,2,3260,365.50_366.00_366.50_367.00_367.50_,49_140_116_135_56_,365.00_364.50_364.00_363.50_363.00_,29_15_15_16_27_
13:00:28,365.50,5,3265,365.50_366.00_366.50_367.00_367.50_,43_140_119_135_56_,365.00_364.50_364.00_363.50_363.00_,28_11_15_16_30_
13:00:33,365.50,5,3265,365.50_366.00_366.50_367.00_367.50_,44_140_119_135_56_,365.00_364.50_364.00_363.50_363.00_,28_11_15_16_30_
13:00:38,365.50,5,3265,365.50_366.00_366.50_367.00_367.50_,49_140_119_135_56_,365.00_364.50_364.00_363.50_363.00_,28_11_15_16_30_
13:00:43,365.50,5,3265,365.50_366.00_366.50_367.00_367.50_,49_140_119_135_56_,365.00_364.50_364.00_363.50_363.00_,29_11_15_16_30_
13:00:48,365.50,1,3266,365.50_366.00_366.50_367.00_367.50_,48_140_119_135_56_,365.00_364.50_364.00_363.50_363.00_,29_11_15_16_30_
13:00:59,365.50,1,3266,365.50_366.00_366.50_367.00_367.50_,49_141_119_135_56_,365.00_364.50_364.00_363.50_363.00_,29_11_15_16_30_
13:01:04,365.00,1,3267,365.50_366.00_366.50_367.00_367.50_,49_141_119_135_56_,365.00_364.50_364.00_363.50_363.00_,31_11_15_16_30_
13:01:09,365.00,1,3267,365.50_366.00_366.50_367.00_367.50_,50_140_119_135_56_,365.00_364.50_364.00_363.50_363.00_,31_11_15_16_30_
13:01:14,365.50,2,3269,365.50_366.00_366.50_367.00_367.50_,48_140_119_135_56_,365.00_364.50_364.00_363.50_363.00_,31_10_15_16_30_
13:01:19,365.50,1,3270,365.50_366.00_366.50_367.00_367.50_,48_140_119_135_56_,365.00_364.50_364.00_363.50_363.00_,31_10_15_16_30_
13:01:24,365.50,1,3271,365.50_366.00_366.50_367.00_367.50_,48_140_119_135_56_,365.00_364.50_364.00_363.50_363.00_,33_9_15_16_30_
13:01:29,365.00,1,3272,365.50_366.00_366.50_367.00_367.50_,48_140_119_135_56_,365.00_364.50_364.00_363.50_363.00_,32_9_15_16_30_
13:01:35,365.50,1,3273,365.50_366.00_366.50_367.00_367.50_,47_140_119_135_56_,365.00_364.50_364.00_363.50_363.00_,32_8_15_16_30_
13:01:40,365.50,1,3274,365.50_366.00_366.50_367.00_367.50_,47_140_119_135_56_,365.00_364.50_364.00_363.50_363.00_,32_8_15_16_30_
13:01:50,365.50,4,3279,365.50_366.00_366.50_367.00_367.50_,42_140_119_135_56_,365.00_364.50_364.00_363.50_363.00_,32_8_15_15_30_
13:01:55,365.00,2,3281,365.50_366.00_366.50_367.00_367.50_,43_140_120_135_56_,365.00_364.50_364.00_363.50_363.00_,30_8_15_15_30_
13:02:00,365.00,1,3282,365.50_366.00_366.50_367.00_367.50_,43_141_120_135_56_,365.00_364.50_364.00_363.50_363.00_,29_8_15_15_30_
13:02:05,365.50,1,3283,365.50_366.00_366.50_367.00_367.50_,42_145_120_135_56_,365.00_364.50_364.00_363.50_363.00_,29_8_15_15_30_
13:02:11,365.50,1,3283,365.50_366.00_366.50_367.00_367.50_,43_145_121_135_56_,365.00_364.50_364.00_363.50_363.00_,29_8_15_15_30_
13:02:16,365.50,2,3285,365.50_366.00_366.50_367.00_367.50_,42_144_121_135_56_,365.00_364.50_364.00_363.50_363.00_,29_8_15_15_30_
13:02:26,365.50,1,3286,365.50_366.00_366.50_367.00_367.50_,43_144_121_135_56_,365.00_364.50_364.00_363.50_363.00_,29_8_15_15_30_
13:02:41,365.50,1,3286,365.50_366.00_366.50_367.00_367.50_,46_144_121_136_57_,365.00_364.50_364.00_363.50_363.00_,29_8_15_15_30_
13:03:07,365.50,2,3290,365.50_366.00_366.50_367.00_367.50_,44_144_121_136_57_,365.00_364.50_364.00_363.50_363.00_,29_9_15_15_30_
13:03:17,365.50,2,3292,365.50_366.00_366.50_367.00_367.50_,43_142_123_136_56_,365.00_364.50_364.00_363.50_363.00_,29_9_15_15_30_
13:03:38,365.50,1,3293,365.50_366.00_366.50_367.00_367.50_,45_140_123_136_56_,365.00_364.50_364.00_363.50_363.00_,30_9_15_15_30_
13:03:43,365.50,1,3294,365.50_366.00_366.50_367.00_367.50_,44_140_123_136_56_,365.00_364.50_364.00_363.50_363.00_,30_9_15_15_30_
13:03:53,365.50,1,3294,365.50_366.00_366.50_367.00_367.50_,46_140_123_136_56_,365.00_364.50_364.00_363.50_363.00_,31_9_15_15_30_
13:04:03,365.50,1,3294,365.50_366.00_366.50_367.00_367.50_,47_140_123_136_56_,365.00_364.50_364.00_363.50_363.00_,31_9_15_15_30_
13:04:08,365.50,1,3294,365.50_366.00_366.50_367.00_367.50_,48_140_123_136_56_,365.00_364.50_364.00_363.50_363.00_,31_9_15_15_30_
13:04:29,365.50,1,3296,365.50_366.00_366.50_367.00_367.50_,46_141_123_136_56_,365.00_364.50_364.00_363.50_363.00_,32_9_15_15_31_
13:04:49,365.00,1,3299,365.50_366.00_366.50_367.00_367.50_,46_141_123_136_56_,365.00_364.50_364.00_363.50_363.00_,31_10_15_15_31_
13:04:54,365.00,3,3302,365.50_366.00_366.50_367.00_367.50_,56_141_123_136_56_,365.00_364.50_364.00_363.50_363.00_,28_10_15_15_31_
13:05:10,365.50,1,3306,365.50_366.00_366.50_367.00_367.50_,56_141_123_136_56_,365.00_364.50_364.00_363.50_363.00_,25_10_15_15_31_
13:05:15,365.00,1,3307,365.50_366.00_366.50_367.00_367.50_,56_141_123_135_56_,365.00_364.50_364.00_363.50_363.00_,24_10_15_15_31_
13:05:20,365.50,1,3308,365.50_366.00_366.50_367.00_367.50_,56_141_123_135_56_,365.00_364.50_364.00_363.50_363.00_,24_10_15_15_31_
13:05:25,365.00,1,3309,365.50_366.00_366.50_367.00_367.50_,50_141_122_135_56_,365.00_364.50_364.00_363.50_363.00_,22_10_15_15_31_
13:05:35,365.00,1,3310,365.50_366.00_366.50_367.00_367.50_,50_141_122_135_56_,365.00_364.50_364.00_363.50_363.00_,22_10_15_15_31_
13:05:41,365.00,12,3322,365.50_366.00_366.50_367.00_367.50_,50_141_122_135_56_,365.00_364.50_364.00_363.50_363.00_,13_10_15_15_31_
13:05:51,365.00,1,3326,365.50_366.00_366.50_367.00_367.50_,62_130_122_135_56_,365.00_364.50_364.00_363.50_363.00_,10_10_15_15_31_
13:05:56,365.00,4,3330,365.50_366.00_366.50_367.00_367.50_,63_130_122_135_56_,365.00_364.50_364.00_363.50_363.00_,5_9_15_16_31_
13:06:01,365.00,5,3335,365.00_365.50_366.00_366.50_367.00_,10_63_130_122_135_,364.50_364.00_363.50_363.00_362.50_,9_15_16_31_10_
13:06:06,365.00,5,3335,365.00_365.50_366.00_366.50_367.00_,21_65_124_124_144_,364.50_364.00_363.50_363.00_362.50_,8_12_17_15_29_
13:06:11,365.00,5,3335,365.00_365.50_366.00_366.50_367.00_,23_65_124_132_144_,364.50_364.00_363.50_363.00_362.50_,8_12_17_15_29_
13:06:22,365.00,1,3337,365.00_365.50_366.00_366.50_367.00_,41_65_124_131_144_,364.50_364.00_363.50_363.00_362.50_,9_12_17_15_29_
13:06:27,364.50,5,3342,365.00_365.50_366.00_366.50_367.00_,43_65_124_130_144_,364.50_364.00_363.50_363.00_362.50_,4_12_17_15_29_
13:06:32,364.50,1,3343,365.00_365.50_366.00_366.50_367.00_,43_64_124_130_144_,364.50_364.00_363.50_363.00_362.50_,4_12_17_18_26_
13:06:37,365.00,1,3344,365.00_365.50_366.00_366.50_367.00_,42_64_124_130_144_,364.50_364.00_363.50_363.00_362.50_,4_17_17_18_26_
13:06:42,364.50,1,3345,365.00_365.50_366.00_366.50_367.00_,42_64_124_130_144_,364.50_364.00_363.50_363.00_362.50_,3_17_17_15_29_
13:06:47,364.50,3,3348,364.50_365.00_365.50_366.00_366.50_,2_40_61_123_129_,364.00_363.50_363.00_362.50_362.00_,16_22_17_26_19_
13:06:52,364.50,3,3351,364.50_365.00_365.50_366.00_366.50_,2_44_54_125_138_,364.00_363.50_363.00_362.50_362.00_,17_21_14_18_32_
13:07:02,364.00,2,3353,364.50_365.00_365.50_366.00_366.50_,6_43_56_125_138_,364.00_363.50_363.00_362.50_362.00_,16_21_19_23_32_
13:07:08,364.00,2,3353,364.50_365.00_365.50_366.00_366.50_,7_44_55_125_138_,364.00_363.50_363.00_362.50_362.00_,16_21_19_29_26_
13:07:13,364.50,2,3355,364.50_365.00_365.50_366.00_366.50_,6_41_55_125_140_,364.00_363.50_363.00_362.50_362.00_,16_21_19_29_26_
13:07:18,364.00,4,3359,364.50_365.00_365.50_366.00_366.50_,6_42_55_125_140_,364.00_363.50_363.00_362.50_362.00_,12_21_19_23_32_
13:07:23,364.00,4,3359,364.50_365.00_365.50_366.00_366.50_,7_41_55_125_140_,364.00_363.50_363.00_362.50_362.00_,12_21_19_29_26_
13:07:28,364.50,1,3360,364.50_365.00_365.50_366.00_366.50_,6_41_55_125_140_,364.00_363.50_363.00_362.50_362.00_,13_21_19_34_21_
13:07:33,364.50,1,3361,364.50_365.00_365.50_366.00_366.50_,5_41_55_125_140_,364.00_363.50_363.00_362.50_362.00_,13_21_19_23_32_
13:07:43,364.50,1,3362,364.50_365.00_365.50_366.00_366.50_,5_40_55_131_130_,364.00_363.50_363.00_362.50_362.00_,12_21_19_23_32_
13:07:48,364.50,1,3362,364.50_365.00_365.50_366.00_366.50_,5_40_58_133_130_,364.00_363.50_363.00_362.50_362.00_,17_21_19_23_32_
13:07:54,364.50,1,3362,364.50_365.00_365.50_366.00_366.50_,4_40_58_133_130_,364.00_363.50_363.00_362.50_362.00_,17_21_20_23_27_
13:07:59,364.50,1,3362,364.50_365.00_365.50_366.00_366.50_,4_43_58_133_128_,364.00_363.50_363.00_362.50_362.00_,18_21_20_23_27_
13:08:04,364.50,1,3362,364.50_365.00_365.50_366.00_366.50_,4_43_58_134_128_,364.00_363.50_363.00_362.50_362.00_,18_21_20_23_27_
13:08:09,364.50,1,3362,364.50_365.00_365.50_366.00_366.50_,5_43_58_134_128_,364.00_363.50_363.00_362.50_362.00_,18_21_20_23_27_
13:08:14,364.50,1,3362,364.50_365.00_365.50_366.00_366.50_,7_43_57_134_128_,364.00_363.50_363.00_362.50_362.00_,18_21_20_23_27_
13:08:24,364.00,2,3364,364.50_365.00_365.50_366.00_366.50_,8_43_57_133_128_,364.00_363.50_363.00_362.50_362.00_,16_21_20_34_16_
13:08:35,364.00,1,3365,364.50_365.00_365.50_366.00_366.50_,8_43_57_133_128_,364.00_363.50_363.00_362.50_362.00_,16_21_20_34_16_
13:08:40,364.00,1,3366,364.50_365.00_365.50_366.00_366.50_,8_43_57_132_128_,364.00_363.50_363.00_362.50_362.00_,15_21_20_34_16_
13:08:50,364.00,1,3366,364.50_365.00_365.50_366.00_366.50_,8_33_57_132_128_,364.00_363.50_363.00_362.50_362.00_,15_21_20_34_16_
13:08:55,364.00,1,3366,364.50_365.00_365.50_366.00_366.50_,9_32_57_132_128_,364.00_363.50_363.00_362.50_362.00_,15_21_20_34_16_
13:09:00,364.00,1,3366,364.50_365.00_365.50_366.00_366.50_,9_32_57_132_128_,364.00_363.50_363.00_362.50_362.00_,15_21_20_29_21_
13:09:05,364.00,1,3367,364.50_365.00_365.50_366.00_366.50_,9_33_58_132_128_,364.00_363.50_363.00_362.50_362.00_,15_20_20_29_21_
13:09:16,364.00,10,3377,364.50_365.00_365.50_366.00_366.50_,9_33_58_131_128_,364.00_363.50_363.00_362.50_362.00_,5_20_20_29_21_
13:09:21,364.00,10,3377,364.50_365.00_365.50_366.00_366.50_,9_33_58_131_128_,364.00_363.50_363.00_362.50_362.00_,8_17_20_34_19_
13:09:26,364.00,3,3380,364.50_365.00_365.50_366.00_366.50_,9_34_58_131_128_,364.00_363.50_363.00_362.50_362.00_,4_18_20_34_19_
13:09:31,364.00,4,3384,364.50_365.00_365.50_366.00_366.50_,9_34_58_131_128_,364.00_363.50_363.00_362.50_362.00_,1_18_20_29_24_
13:09:36,364.00,3,3387,364.00_364.50_365.00_365.50_366.00_,5_10_26_58_131_,363.50_363.00_362.50_362.00_361.50_,18_20_34_19_4_
13:09:41,364.00,3,3387,364.00_364.50_365.00_365.50_366.00_,6_11_24_60_140_,363.50_363.00_362.50_362.00_361.50_,18_20_20_31_6_
13:09:46,364.00,3,3387,364.00_364.50_365.00_365.50_366.00_,9_11_23_58_140_,363.50_363.00_362.50_362.00_361.50_,19_20_20_31_6_
13:09:51,364.00,1,3388,364.00_364.50_365.00_365.50_366.00_,9_10_23_58_140_,363.50_363.00_362.50_362.00_361.50_,19_20_20_31_6_
13:10:07,364.00,1,3388,364.00_364.50_365.00_365.50_366.00_,10_9_23_57_140_,363.50_363.00_362.50_362.00_361.50_,17_20_20_31_6_
13:10:12,364.00,1,3388,364.00_364.50_365.00_365.50_366.00_,20_11_23_47_140_,363.50_363.00_362.50_362.00_361.50_,17_20_20_31_6_
13:10:17,363.50,1,3389,364.00_364.50_365.00_365.50_366.00_,21_11_27_47_140_,363.50_363.00_362.50_362.00_361.50_,17_20_20_31_8_
13:10:27,364.00,1,3390,364.00_364.50_365.00_365.50_366.00_,19_11_27_47_140_,363.50_363.00_362.50_362.00_361.50_,17_20_20_31_8_
13:10:32,363.50,3,3393,364.00_364.50_365.00_365.50_366.00_,19_11_27_47_140_,363.50_363.00_362.50_362.00_361.50_,14_20_20_31_8_
13:10:38,363.50,3,3393,364.00_364.50_365.00_365.50_366.00_,21_10_27_47_140_,363.50_363.00_362.50_362.00_361.50_,15_20_20_31_8_
13:10:43,363.50,3,3393,364.00_364.50_365.00_365.50_366.00_,21_10_27_46_140_,363.50_363.00_362.50_362.00_361.50_,15_20_20_31_8_
13:10:48,363.50,3,3393,364.00_364.50_365.00_365.50_366.00_,22_10_27_46_140_,363.50_363.00_362.50_362.00_361.50_,15_20_20_31_8_
13:10:53,363.50,1,3394,364.00_364.50_365.00_365.50_366.00_,22_10_27_46_140_,363.50_363.00_362.50_362.00_361.50_,14_20_20_31_8_
13:10:58,363.50,1,3394,364.00_364.50_365.00_365.50_366.00_,22_10_27_56_140_,363.50_363.00_362.50_362.00_361.50_,14_20_20_31_8_
13:11:13,363.50,1,3394,364.00_364.50_365.00_365.50_366.00_,22_10_27_56_140_,363.50_363.00_362.50_362.00_361.50_,14_25_20_31_8_
13:11:24,363.50,1,3394,364.00_364.50_365.00_365.50_366.00_,22_10_27_56_140_,363.50_363.00_362.50_362.00_361.50_,15_25_20_31_8_
13:11:29,363.50,2,3396,364.00_364.50_365.00_365.50_366.00_,23_10_27_56_140_,363.50_363.00_362.50_362.00_361.50_,14_25_20_31_8_
13:11:39,363.50,7,3403,364.00_364.50_365.00_365.50_366.00_,23_10_21_55_140_,363.50_363.00_362.50_362.00_361.50_,7_25_20_31_8_
13:11:44,363.50,4,3407,364.00_364.50_365.00_365.50_366.00_,23_10_21_55_140_,363.50_363.00_362.50_362.00_361.50_,4_22_20_31_41_
13:11:49,363.50,2,3409,364.00_364.50_365.00_365.50_366.00_,24_10_21_55_140_,363.50_363.00_362.50_362.00_361.50_,3_22_20_31_41_
13:11:54,363.50,1,3410,364.00_364.50_365.00_365.50_366.00_,24_10_21_55_140_,363.50_363.00_362.50_362.00_361.50_,6_22_20_31_41_
13:12:00,363.50,1,3411,364.00_364.50_365.00_365.50_366.00_,24_10_21_55_140_,363.50_363.00_362.50_362.00_361.50_,5_22_20_31_41_
13:12:05,364.00,1,3412,364.00_364.50_365.00_365.50_366.00_,24_9_21_55_140_,363.50_363.00_362.50_362.00_361.50_,6_22_20_31_41_
13:12:10,364.00,2,3414,364.00_364.50_365.00_365.50_366.00_,23_9_21_55_140_,363.50_363.00_362.50_362.00_361.50_,7_22_20_31_41_
13:12:15,364.00,2,3414,364.00_364.50_365.00_365.50_366.00_,23_9_21_55_140_,363.50_363.00_362.50_362.00_361.50_,7_23_20_31_41_
13:12:20,364.00,2,3414,364.00_364.50_365.00_365.50_366.00_,23_9_21_55_140_,363.50_363.00_362.50_362.00_361.50_,13_23_20_31_41_
13:12:25,364.00,1,3415,364.00_364.50_365.00_365.50_366.00_,22_9_21_55_140_,363.50_363.00_362.50_362.00_361.50_,13_26_20_31_38_
13:12:30,363.50,1,3416,364.00_364.50_365.00_365.50_366.00_,22_9_20_55_140_,363.50_363.00_362.50_362.00_361.50_,12_26_20_31_38_
13:12:35,363.50,1,3416,364.00_364.50_365.00_365.50_366.00_,23_9_20_55_140_,363.50_363.00_362.50_362.00_361.50_,12_26_20_31_38_
13:12:41,363.50,1,3417,364.00_364.50_365.00_365.50_366.00_,23_9_20_55_140_,363.50_363.00_362.50_362.00_361.50_,11_26_20_31_38_
13:12:46,363.50,4,3421,364.00_364.50_365.00_365.50_366.00_,23_9_20_55_140_,363.50_363.00_362.50_362.00_361.50_,8_26_20_31_38_
13:13:11,363.50,2,3426,364.00_364.50_365.00_365.50_366.00_,20_9_21_55_140_,363.50_363.00_362.50_362.00_361.50_,8_26_20_31_38_
13:13:27,363.50,1,3429,364.00_364.50_365.00_365.50_366.00_,21_9_26_55_140_,363.50_363.00_362.50_362.00_361.50_,6_26_20_31_38_
13:13:32,363.50,1,3430,364.00_364.50_365.00_365.50_366.00_,21_9_26_55_140_,363.50_363.00_362.50_362.00_361.50_,5_25_20_31_38_
13:13:37,364.00,1,3431,364.00_364.50_365.00_365.50_366.00_,20_9_26_55_140_,363.50_363.00_362.50_362.00_361.50_,5_25_20_31_38_
13:13:57,363.50,2,3433,364.00_364.50_365.00_365.50_366.00_,20_9_26_55_140_,363.50_363.00_362.50_362.00_361.50_,7_26_15_31_38_
13:14:02,364.00,1,3434,364.00_364.50_365.00_365.50_366.00_,21_9_26_55_140_,363.50_363.00_362.50_362.00_361.50_,7_26_15_31_38_
13:14:13,364.00,1,3434,364.00_364.50_365.00_365.50_366.00_,21_9_27_55_140_,363.50_363.00_362.50_362.00_361.50_,8_26_15_31_38_
13:14:18,364.00,1,3434,364.00_364.50_365.00_365.50_366.00_,22_9_27_55_140_,363.50_363.00_362.50_362.00_361.50_,8_26_15_31_38_
13:14:23,364.00,1,3435,364.00_364.50_365.00_365.50_366.00_,22_9_27_55_140_,363.50_363.00_362.50_362.00_361.50_,8_26_15_31_38_
13:14:28,364.00,1,3435,364.00_364.50_365.00_365.50_366.00_,22_9_27_55_140_,363.50_363.00_362.50_362.00_361.50_,10_26_15_31_38_
13:14:33,364.00,1,3436,364.00_364.50_365.00_365.50_366.00_,21_9_27_55_140_,363.50_363.00_362.50_362.00_361.50_,10_26_15_26_43_
13:14:38,364.00,1,3436,364.00_364.50_365.00_365.50_366.00_,21_9_27_55_140_,363.50_363.00_362.50_362.00_361.50_,10_26_15_31_38_
13:14:43,364.00,1,3436,364.00_364.50_365.00_365.50_366.00_,23_9_27_55_140_,363.50_363.00_362.50_362.00_361.50_,10_26_15_31_38_
13:14:49,364.00,1,3436,364.00_364.50_365.00_365.50_366.00_,23_9_27_55_140_,363.50_363.00_362.50_362.00_361.50_,10_26_15_26_43_
13:14:59,363.50,5,3441,364.00_364.50_365.00_365.50_366.00_,23_9_27_55_140_,363.50_363.00_362.50_362.00_361.50_,5_26_15_26_43_
13:15:04,364.00,2,3443,364.00_364.50_365.00_365.50_366.00_,22_10_27_55_140_,363.50_363.00_362.50_362.00_361.50_,8_26_15_31_38_
13:15:09,363.50,1,3444,364.00_364.50_365.00_365.50_366.00_,23_9_27_55_140_,363.50_363.00_362.50_362.00_361.50_,7_26_15_31_38_
13:15:14,363.50,1,3444,364.00_364.50_365.00_365.50_366.00_,26_9_27_55_140_,363.50_363.00_362.50_362.00_361.50_,7_27_15_31_38_
13:15:19,363.50,2,3446,364.00_364.50_365.00_365.50_366.00_,26_9_27_55_140_,363.50_363.00_362.50_362.00_361.50_,4_27_15_31_38_
13:15:24,363.50,2,3448,364.00_364.50_365.00_365.50_366.00_,26_9_27_55_140_,363.50_363.00_362.50_362.00_361.50_,3_27_15_31_39_
13:15:30,363.50,1,3449,364.00_364.50_365.00_365.50_366.00_,26_8_27_55_140_,363.50_363.00_362.50_362.00_361.50_,2_27_15_31_39_
13:15:35,363.50,3,3452,363.50_364.00_364.50_365.00_365.50_,1_26_8_27_55_,363.00_362.50_362.00_361.50_361.00_,27_15_31_39_35_
13:15:40,363.50,1,3453,363.50_364.00_364.50_365.00_365.50_,1_27_6_29_64_,363.00_362.50_362.00_361.50_361.00_,27_13_17_53_37_
13:15:45,363.50,1,3453,363.50_364.00_364.50_365.00_365.50_,5_25_6_26_64_,363.00_362.50_362.00_361.50_361.00_,26_13_17_56_37_
13:15:50,363.00,1,3454,363.50_364.00_364.50_365.00_365.50_,6_24_6_26_64_,363.00_362.50_362.00_361.50_361.00_,25_13_18_56_37_
13:15:55,363.00,1,3454,363.50_364.00_364.50_365.00_365.50_,6_24_6_26_64_,363.00_362.50_362.00_361.50_361.00_,23_13_18_56_37_
13:16:00,363.00,1,3455,363.50_364.00_364.50_365.00_365.50_,6_23_6_26_64_,363.00_362.50_362.00_361.50_361.00_,22_13_18_56_37_
13:16:06,363.00,4,3459,363.50_364.00_364.50_365.00_365.50_,6_23_5_26_64_,363.00_362.50_362.00_361.50_361.00_,17_13_18_56_37_
13:16:11,363.00,4,3459,363.50_364.00_364.50_365.00_365.50_,8_24_5_26_64_,363.00_362.50_362.00_361.50_361.00_,17_13_18_56_37_
13:16:16,363.50,1,3460,363.50_364.00_364.50_365.00_365.50_,7_24_5_26_64_,363.00_362.50_362.00_361.50_361.00_,17_13_18_56_37_
13:16:26,363.50,1,3460,363.50_364.00_364.50_365.00_365.50_,8_23_5_26_64_,363.00_362.50_362.00_361.50_361.00_,17_13_18_56_37_
13:16:31,363.50,1,3460,363.50_364.00_364.50_365.00_365.50_,9_22_5_26_64_,363.00_362.50_362.00_361.50_361.00_,17_13_18_56_37_
13:16:41,363.50,1,3460,363.50_364.00_364.50_365.00_365.50_,10_22_4_26_64_,363.00_362.50_362.00_361.50_361.00_,18_13_18_56_37_
13:16:46,363.50,1,3461,363.50_364.00_364.50_365.00_365.50_,11_22_2_26_64_,363.00_362.50_362.00_361.50_361.00_,18_13_18_56_37_
13:16:52,363.50,1,3462,363.50_364.00_364.50_365.00_365.50_,10_22_2_26_64_,363.00_362.50_362.00_361.50_361.00_,20_13_18_56_37_
13:16:57,363.50,1,3462,363.50_364.00_364.50_365.00_365.50_,10_22_2_26_64_,363.00_362.50_362.00_361.50_361.00_,21_13_18_56_37_
13:17:02,363.50,1,3462,363.50_364.00_364.50_365.00_365.50_,10_22_2_26_68_,363.00_362.50_362.00_361.50_361.00_,22_13_19_56_37_
13:17:12,363.50,1,3462,363.50_364.00_364.50_365.00_365.50_,10_22_2_26_68_,363.00_362.50_362.00_361.50_361.00_,22_14_19_56_37_
13:17:17,363.50,1,3463,363.50_364.00_364.50_365.00_365.50_,9_22_2_26_68_,363.00_362.50_362.00_361.50_361.00_,22_14_19_56_37_
13:17:22,363.00,3,3466,363.50_364.00_364.50_365.00_365.50_,9_22_2_26_68_,363.00_362.50_362.00_361.50_361.00_,20_14_20_55_37_
13:17:27,363.00,3,3466,363.50_364.00_364.50_365.00_365.50_,10_22_2_26_68_,363.00_362.50_362.00_361.50_361.00_,20_14_20_55_37_
13:17:43,363.00,3,3466,363.50_364.00_364.50_365.00_365.50_,10_22_2_26_68_,363.00_362.50_362.00_361.50_361.00_,20_14_30_55_37_
13:17:48,363.00,3,3466,363.50_364.00_364.50_365.00_365.50_,9_22_2_26_68_,363.00_362.50_362.00_361.50_361.00_,20_14_30_55_37_
13:17:53,363.50,5,3471,363.50_364.00_364.50_365.00_365.50_,4_22_2_26_68_,363.00_362.50_362.00_361.50_361.00_,20_14_29_55_37_
13:17:58,363.50,1,3472,363.50_364.00_364.50_365.00_365.50_,5_22_2_26_68_,363.00_362.50_362.00_361.50_361.00_,20_14_29_55_37_
13:18:08,363.50,5,3477,364.00_364.50_365.00_365.50_366.00_,22_2_26_68_121_,363.00_362.50_362.00_361.50_361.00_,15_14_27_55_37_
13:18:14,364.00,1,3478,364.00_364.50_365.00_365.50_366.00_,21_2_26_57_132_,363.00_362.50_362.00_361.50_361.00_,15_14_27_55_37_
13:18:19,364.00,1,3478,364.00_364.50_365.00_365.50_366.00_,21_2_26_57_132_,363.50_363.00_362.50_362.00_361.50_,2_15_14_27_55_
13:18:24,364.00,1,3478,364.00_364.50_365.00_365.50_366.00_,22_2_24_59_132_,363.50_363.00_362.50_362.00_361.50_,9_10_14_41_43_
13:18:29,364.00,3,3481,364.00_364.50_365.00_365.50_366.00_,17_4_24_59_132_,363.50_363.00_362.50_362.00_361.50_,9_11_14_41_43_
13:18:34,363.50,2,3483,364.00_364.50_365.00_365.50_366.00_,17_4_24_59_132_,363.50_363.00_362.50_362.00_361.50_,5_11_14_41_43_
13:18:39,363.50,1,3484,364.00_364.50_365.00_365.50_366.00_,20_4_24_59_132_,363.50_363.00_362.50_362.00_361.50_,6_12_14_41_43_
13:18:44,363.50,1,3484,364.00_364.50_365.00_365.50_366.00_,20_4_24_59_132_,363.50_363.00_362.50_362.00_361.50_,8_13_14_41_43_
13:18:49,363.50,1,3484,364.00_364.50_365.00_365.50_366.00_,20_4_24_59_132_,363.50_363.00_362.50_362.00_361.50_,8_15_14_41_43_
13:18:55,363.50,1,3484,364.00_364.50_365.00_365.50_366.00_,20_4_24_59_132_,363.50_363.00_362.50_362.00_361.50_,37_14_14_41_43_
13:19:05,364.00,3,3488,364.00_364.50_365.00_365.50_366.00_,19_4_24_56_132_,363.50_363.00_362.50_362.00_361.50_,34_16_15_41_40_
13:19:10,364.00,2,3490,364.00_364.50_365.00_365.50_366.00_,19_4_24_56_134_,363.50_363.00_362.50_362.00_361.50_,35_16_15_41_40_
13:19:25,363.50,3,3493,364.00_364.50_365.00_365.50_366.00_,19_3_24_56_135_,363.50_363.00_362.50_362.00_361.50_,32_16_15_42_40_
13:19:30,363.50,3,3493,364.00_364.50_365.00_365.50_366.00_,19_4_25_56_135_,363.50_363.00_362.50_362.00_361.50_,32_16_15_42_40_
13:19:41,363.50,3,3493,364.00_364.50_365.00_365.50_366.00_,19_4_27_56_135_,363.50_363.00_362.50_362.00_361.50_,32_16_15_42_40_
13:19:46,363.50,3,3493,364.00_364.50_365.00_365.50_366.00_,19_4_27_56_135_,363.50_363.00_362.50_362.00_361.50_,33_16_15_42_40_
13:19:51,363.50,3,3493,364.00_364.50_365.00_365.50_366.00_,19_4_27_56_135_,363.50_363.00_362.50_362.00_361.50_,33_15_15_42_38_
13:19:56,363.50,1,3494,364.00_364.50_365.00_365.50_366.00_,19_4_27_56_136_,363.50_363.00_362.50_362.00_361.50_,33_15_15_42_38_
13:20:01,363.50,1,3494,364.00_364.50_365.00_365.50_366.00_,19_4_24_52_140_,363.50_363.00_362.50_362.00_361.50_,33_15_15_42_38_
13:20:06,363.50,5,3499,364.00_364.50_365.00_365.50_366.00_,19_4_24_52_140_,363.50_363.00_362.50_362.00_361.50_,27_15_15_42_38_
13:20:11,364.00,2,3501,364.00_364.50_365.00_365.50_366.00_,20_4_24_52_140_,363.50_363.00_362.50_362.00_361.50_,28_14_15_42_38_
13:20:17,364.00,2,3501,364.00_364.50_365.00_365.50_366.00_,20_4_24_52_141_,363.50_363.00_362.50_362.00_361.50_,29_14_15_44_38_
13:20:27,364.00,8,3509,364.00_364.50_365.00_365.50_366.00_,12_4_24_52_141_,363.50_363.00_362.50_362.00_361.50_,29_16_15_44_38_
13:20:32,363.50,1,3510,364.00_364.50_365.00_365.50_366.00_,12_4_24_52_141_,363.50_363.00_362.50_362.00_361.50_,28_16_15_44_38_
13:20:37,363.50,1,3511,364.00_364.50_365.00_365.50_366.00_,12_4_24_52_141_,363.50_363.00_362.50_362.00_361.50_,27_16_15_44_38_
13:20:42,363.50,1,3511,364.00_364.50_365.00_365.50_366.00_,15_4_24_52_141_,363.50_363.00_362.50_362.00_361.50_,27_16_15_44_38_
13:20:47,364.00,1,3512,364.00_364.50_365.00_365.50_366.00_,14_4_24_51_141_,363.50_363.00_362.50_362.00_361.50_,27_16_15_44_38_
13:20:58,364.00,1,3512,364.00_364.50_365.00_365.50_366.00_,14_4_24_51_141_,363.50_363.00_362.50_362.00_361.50_,27_16_15_45_38_
13:21:03,364.00,1,3512,364.00_364.50_365.00_365.50_366.00_,14_4_25_51_141_,363.50_363.00_362.50_362.00_361.50_,27_16_15_45_39_
13:21:08,364.00,1,3513,364.00_364.50_365.00_365.50_366.00_,14_4_25_51_141_,363.50_363.00_362.50_362.00_361.50_,27_16_15_45_39_
13:21:13,364.00,2,3515,364.00_364.50_365.00_365.50_366.00_,13_4_25_51_141_,363.50_363.00_362.50_362.00_361.50_,27_16_15_45_39_
13:21:18,363.50,1,3516,364.00_364.50_365.00_365.50_366.00_,13_4_25_51_141_,363.50_363.00_362.50_362.00_361.50_,26_16_15_45_39_
13:21:23,364.00,1,3517,364.00_364.50_365.00_365.50_366.00_,12_4_25_51_142_,363.50_363.00_362.50_362.00_361.50_,25_16_15_45_39_
13:21:28,364.00,1,3517,364.00_364.50_365.00_365.50_366.00_,12_4_25_51_142_,363.50_363.00_362.50_362.00_361.50_,26_16_15_44_39_
13:21:34,364.00,1,3518,364.00_364.50_365.00_365.50_366.00_,11_4_25_51_142_,363.50_363.00_362.50_362.00_361.50_,26_16_15_44_39_
13:21:39,364.00,1,3518,364.00_364.50_365.00_365.50_366.00_,11_4_25_51_142_,363.50_363.00_362.50_362.00_361.50_,27_16_15_44_39_
13:21:44,363.50,4,3522,364.00_364.50_365.00_365.50_366.00_,13_4_25_51_142_,363.50_363.00_362.50_362.00_361.50_,26_16_15_44_39_
13:21:49,363.50,4,3522,364.00_364.50_365.00_365.50_366.00_,13_4_25_51_143_,363.50_363.00_362.50_362.00_361.50_,26_16_15_44_39_
13:21:54,363.50,4,3522,364.00_364.50_365.00_365.50_366.00_,14_4_25_51_143_,363.50_363.00_362.50_362.00_361.50_,26_16_15_44_39_
13:21:59,363.50,4,3522,364.00_364.50_365.00_365.50_366.00_,15_4_25_51_143_,363.50_363.00_362.50_362.00_361.50_,26_16_15_44_39_
13:22:04,364.00,2,3524,364.00_364.50_365.00_365.50_366.00_,13_4_25_51_143_,363.50_363.00_362.50_362.00_361.50_,26_16_15_44_39_
13:22:20,364.00,2,3524,364.00_364.50_365.00_365.50_366.00_,13_4_25_51_143_,363.50_363.00_362.50_362.00_361.50_,26_16_16_44_39_
13:22:25,364.00,2,3524,364.00_364.50_365.00_365.50_366.00_,13_4_25_51_143_,363.50_363.00_362.50_362.00_361.50_,30_16_16_44_39_
13:22:30,364.00,2,3524,364.00_364.50_365.00_365.50_366.00_,13_4_26_51_143_,363.50_363.00_362.50_362.00_361.50_,30_16_16_58_39_
13:22:40,364.00,2,3524,364.00_364.50_365.00_365.50_366.00_,13_4_26_50_143_,363.50_363.00_362.50_362.00_361.50_,30_16_16_58_39_
13:22:45,364.00,10,3534,364.00_364.50_365.00_365.50_366.00_,7_4_26_50_143_,363.50_363.00_362.50_362.00_361.50_,30_16_16_58_39_
13:22:50,364.00,1,3535,364.00_364.50_365.00_365.50_366.00_,7_4_26_50_143_,363.50_363.00_362.50_362.00_361.50_,30_16_16_58_39_
13:22:56,364.00,1,3535,364.00_364.50_365.00_365.50_366.00_,6_4_26_50_143_,363.50_363.00_362.50_362.00_361.50_,31_16_16_58_39_
13:23:06,364.00,3,3543,364.00_364.50_365.00_365.50_366.00_,1_3_26_50_143_,363.50_363.00_362.50_362.00_361.50_,24_16_16_58_39_
13:23:11,364.00,1,3544,364.50_365.00_365.50_366.00_366.50_,3_24_50_143_133_,364.00_363.50_363.00_362.50_362.00_,2_23_16_16_58_
13:23:16,364.00,2,3546,364.50_365.00_365.50_366.00_366.50_,3_24_48_134_144_,363.50_363.00_362.50_362.00_361.50_,22_16_32_46_35_
13:23:26,364.00,1,3547,364.50_365.00_365.50_366.00_366.50_,4_24_48_134_144_,364.00_363.50_363.00_362.50_362.00_,1_22_16_32_46_
13:23:31,364.00,1,3548,364.00_364.50_365.00_365.50_366.00_,1_4_24_48_134_,363.50_363.00_362.50_362.00_361.50_,22_16_32_46_35_
13:23:36,364.50,4,3552,364.50_365.00_365.50_366.00_366.50_,2_24_50_143_133_,363.50_363.00_362.50_362.00_361.50_,22_16_18_58_37_
13:23:42,364.50,4,3552,364.50_365.00_365.50_366.00_366.50_,2_24_50_132_144_,363.50_363.00_362.50_362.00_361.50_,22_16_18_58_37_
13:23:47,364.00,1,3553,364.50_365.00_365.50_366.00_366.50_,2_24_50_132_144_,363.50_363.00_362.50_362.00_361.50_,22_16_18_58_37_
13:23:52,364.00,1,3554,364.50_365.00_365.50_366.00_366.50_,2_24_50_132_144_,363.50_363.00_362.50_362.00_361.50_,22_15_18_58_37_
13:24:02,363.50,3,3558,364.50_365.00_365.50_366.00_366.50_,3_25_48_132_144_,363.50_363.00_362.50_362.00_361.50_,19_15_16_58_37_
13:24:07,363.50,3,3558,364.50_365.00_365.50_366.00_366.50_,4_25_48_132_144_,364.00_363.50_363.00_362.50_362.00_,3_19_15_16_58_
13:24:12,364.00,1,3559,364.50_365.00_365.50_366.00_366.50_,4_25_48_132_144_,364.00_363.50_363.00_362.50_362.00_,3_20_15_30_46_
13:24:23,364.00,3,3562,364.00_364.50_365.00_365.50_366.00_,1_4_25_48_132_,363.50_363.00_362.50_362.00_361.50_,20_15_29_46_35_
13:24:28,364.00,1,3563,364.50_365.00_365.50_366.00_366.50_,4_25_48_143_133_,364.00_363.50_363.00_362.50_362.00_,2_18_15_15_58_
13:24:33,364.00,2,3565,364.50_365.00_365.50_366.00_366.50_,4_25_48_132_144_,363.50_363.00_362.50_362.00_361.50_,17_15_29_46_35_
13:24:38,364.00,2,3565,364.50_365.00_365.50_366.00_366.50_,4_25_48_132_144_,363.50_363.00_362.50_362.00_361.50_,17_13_15_56_37_
13:24:48,364.00,2,3565,364.50_365.00_365.50_366.00_366.50_,4_25_48_132_144_,363.50_363.00_362.50_362.00_361.50_,18_12_15_56_37_
13:24:53,363.50,2,3567,364.00_364.50_365.00_365.50_366.00_,1_3_25_45_129_,363.50_363.00_362.50_362.00_361.50_,17_9_12_53_37_
13:24:59,363.50,2,3567,364.00_364.50_365.00_365.50_366.00_,1_3_25_45_140_,363.50_363.00_362.50_362.00_361.50_,17_8_12_52_37_
13:25:03,363.50,2,3567,364.50_,0_,363.50_,0_
13:25:08,363.50,2,3567,364.00_,0_,363.50_,0_
13:25:19,363.50,2,3567,362.00_,0_,360.00_,0_
13:25:24,363.50,2,3567,362.00_,0_,360.00_,0_
13:25:34,363.50,2,3567,362.00_,0_,360.00_,0_
13:25:39,363.50,2,3567,362.00_,0_,360.00_,0_
13:25:44,363.50,2,3567,362.00_,0_,360.50_,0_
13:25:49,363.50,2,3567,362.00_,0_,360.50_,0_
13:25:54,363.50,2,3567,362.00_,0_,360.50_,0_
13:26:00,363.50,2,3567,362.00_,0_,360.50_,0_
13:26:05,363.50,2,3567,362.00_,0_,361.00_,0_
13:26:10,363.50,2,3567,362.00_,0_,361.00_,0_
13:26:15,363.50,2,3567,362.00_,0_,361.00_,0_
13:26:20,363.50,2,3567,362.00_,0_,361.00_,0_
13:26:25,363.50,2,3567,362.00_,0_,361.00_,0_
13:26:30,363.50,2,3567,362.00_,0_,361.00_,0_
13:26:40,363.50,2,3567,362.00_,0_,361.00_,0_
13:26:45,363.50,2,3567,362.00_,0_,361.00_,0_
13:26:56,363.50,2,3567,362.00_,0_,361.00_,0_
13:27:01,363.50,2,3567,362.00_,0_,361.00_,0_
13:27:11,363.50,2,3567,362.00_,0_,361.00_,0_
13:27:16,363.50,2,3567,362.00_,0_,361.00_,0_
13:27:26,363.50,2,3567,362.00_,0_,361.00_,0_
13:27:42,363.50,2,3567,362.00_,0_,361.00_,0_
13:27:57,363.50,2,3567,362.00_,0_,361.00_,0_
13:28:07,363.50,2,3567,362.00_,0_,361.00_,0_
13:28:13,363.50,2,3567,362.00_,0_,361.00_,0_
13:28:18,363.50,2,3567,362.00_,0_,361.00_,0_
13:28:23,363.50,2,3567,361.50_,0_,361.00_,0_
13:28:28,363.50,2,3567,361.50_,0_,361.00_,0_
13:28:33,363.50,2,3567,361.50_,0_,361.00_,0_
13:28:48,363.50,2,3567,361.50_,0_,361.00_,0_
13:28:54,363.50,2,3567,362.00_,0_,361.00_,0_
13:28:59,363.50,2,3567,362.00_,0_,361.00_,0_
13:29:09,363.50,2,3567,363.00_,0_,362.00_,0_
13:29:14,363.50,2,3567,363.00_,0_,362.00_,0_
13:29:19,363.50,2,3567,363.00_,0_,362.00_,0_
13:29:30,363.50,2,3567,363.00_,0_,362.00_,0_
13:29:35,363.50,2,3567,363.00_,0_,362.00_,0_
13:29:50,363.50,2,3567,363.00_,0_,362.00_,0_
13:30:00,362.00,329,3896,363.00_363.50_364.00_364.50_365.00_,4_8_2_25_30_,362.00_361.50_361.00_360.50_360.00_,34_46_99_118_120_
