09:02:10,16.55,10,70,16.60_16.65_16.70_16.85_16.90_,15_17_2_11_8_,16.55_16.50_16.45_16.40_16.35_,1_11_12_30_25_
09:02:25,16.50,12,82,16.50_16.55_16.60_16.65_16.70_,15_9_16_17_2_,16.45_16.40_16.35_16.30_16.20_,12_30_45_52_2_
09:02:40,16.45,3,88,16.50_16.55_16.60_16.65_16.70_,18_2_19_17_2_,16.45_16.40_16.35_16.30_16.20_,6_30_45_52_2_
09:02:46,16.40,10,98,16.50_16.55_16.60_16.65_16.70_,18_2_19_17_2_,16.40_16.35_16.30_16.20_16.10_,26_45_52_2_13_
09:03:27,16.35,5,141,16.40_16.45_16.50_16.55_16.60_,23_2_15_2_10_,16.35_16.30_16.25_16.20_16.10_,8_18_20_54_13_
09:07:07,16.00,24,293,16.05_16.10_16.15_16.20_16.25_,40_43_6_6_10_,16.00_15.95_15.90_15.85_15.80_,7_1_19_55_15_
09:07:27,15.85,12,323,15.90_15.95_16.00_16.05_16.10_,32_16_18_15_24_,15.85_15.80_15.75_15.70_15.55_,3_45_31_48_1_
09:07:33,15.85,2,325,15.90_15.95_16.00_16.05_16.10_,34_14_18_15_24_,15.85_15.80_15.75_15.70_15.55_,1_45_31_48_1_
09:07:58,15.80,20,381,15.80_15.85_15.90_15.95_16.00_,3_48_16_2_10_,15.75_15.70_15.65_15.55_15.50_,31_34_45_3_10_
09:08:29,15.75,10,453,15.75_15.80_15.85_15.90_16.00_,17_37_8_4_10_,15.70_15.65_15.60_15.55_15.50_,7_1_28_49_10_
09:08:49,15.75,3,458,15.75_15.80_15.85_15.90_16.00_,39_36_5_3_10_,15.70_15.65_15.60_15.55_15.50_,14_17_33_50_15_
09:12:35,15.95,30,720,15.95_16.00_16.05_16.10_16.20_,1_20_21_10_6_,15.90_15.85_15.80_15.75_15.70_,1_1_9_97_38_
09:13:05,15.80,2,767,15.90_15.95_16.00_16.05_16.10_,13_8_23_21_10_,15.75_15.70_15.65_15.60_15.55_,15_48_74_9_5_
09:13:11,15.75,11,778,15.75_15.90_15.95_16.00_16.05_,3_13_8_24_21_,15.70_15.65_15.60_15.55_15.50_,48_74_9_5_73_
09:13:46,15.65,21,827,15.70_15.75_15.80_15.85_15.90_,16_10_5_10_6_,15.65_15.60_15.55_15.50_15.40_,1_8_17_147_1_
09:13:52,15.60,2,829,15.65_15.70_15.75_15.80_15.85_,7_16_11_5_10_,15.60_15.55_15.50_15.40_15.35_,7_17_147_3_1_
09:13:57,15.65,2,831,15.65_15.70_15.75_15.85_15.90_,6_24_8_10_6_,15.60_15.55_15.50_15.45_15.40_,7_5_104_52_5_
09:14:27,15.55,2,945,15.65_15.70_15.75_15.85_15.90_,6_14_2_10_6_,15.55_15.50_15.45_15.40_15.35_,7_5_62_6_1_
09:15:39,15.50,1,1031,15.50_15.55_15.60_15.65_15.70_,5_9_10_15_1_,15.45_15.40_15.35_15.30_15.20_,8_10_13_54_25_
09:17:42,15.55,2,1109,15.60_15.65_15.70_15.75_15.85_,9_24_5_9_21_,15.55_15.50_15.45_15.40_15.35_,6_1_40_75_4_
09:17:47,15.55,1,1110,15.60_15.65_15.70_15.75_15.85_,8_24_5_9_21_,15.55_15.50_15.45_15.40_15.35_,5_2_40_76_4_
09:20:47,15.65,1,1171,15.65_15.70_15.75_15.80_15.85_,5_30_21_2_21_,15.60_15.55_15.50_15.45_15.40_,12_17_65_82_28_
09:21:48,15.60,1,1203,15.65_15.70_15.75_15.80_15.85_,16_24_20_7_21_,15.60_15.55_15.50_15.45_15.40_,19_17_74_84_60_
09:24:38,15.55,6,1376,15.55_15.60_15.65_15.70_15.75_,4_15_22_11_13_,15.50_15.45_15.40_15.35_15.30_,26_28_63_53_15_
09:25:08,15.60,3,1381,15.60_15.65_15.70_15.75_15.80_,8_33_11_13_14_,15.50_15.45_15.40_15.35_15.30_,26_30_111_3_16_
09:25:14,15.60,3,1381,15.60_15.65_15.70_15.75_15.80_,8_34_11_13_14_,15.50_15.45_15.40_15.35_15.30_,26_30_112_3_16_
09:25:19,15.60,3,1381,15.60_15.65_15.70_15.75_15.80_,8_34_11_13_14_,15.50_15.45_15.40_15.35_15.30_,29_30_112_3_15_
09:25:29,15.60,3,1389,15.65_15.70_15.75_15.80_15.85_,34_11_13_14_21_,15.60_15.55_15.50_15.45_15.40_,4_5_29_30_112_
09:28:13,15.65,1,1420,15.65_15.70_15.75_15.80_15.85_,2_19_20_9_21_,15.60_15.55_15.50_15.45_15.40_,57_19_239_83_49_
09:29:19,15.60,3,1425,15.70_15.75_15.80_15.85_15.90_,13_26_9_21_6_,15.60_15.55_15.50_15.45_15.40_,58_19_302_34_51_
09:30:41,15.75,1,1460,15.75_15.80_15.85_15.90_15.95_,2_14_32_6_16_,15.65_15.60_15.55_15.50_15.45_,27_82_70_251_34_
09:30:52,15.75,1,1460,15.75_15.80_15.85_15.90_15.95_,2_9_36_6_16_,15.70_15.65_15.60_15.55_15.50_,5_27_84_67_251_
09:32:03,15.70,1,1492,15.70_15.75_15.80_15.85_15.90_,5_10_25_31_6_,15.65_15.60_15.55_15.50_15.45_,20_84_16_308_34_
09:35:49,15.60,1,1541,15.65_15.70_15.75_15.80_15.85_,1_16_26_28_30_,15.60_15.55_15.50_15.45_15.40_,84_28_255_89_55_
09:35:49,15.60,1,1541,15.65_15.70_15.75_15.80_15.85_,1_16_26_28_30_,15.60_15.55_15.50_15.45_15.40_,84_28_255_89_55_
09:35:49,15.60,1,1541,15.65_15.70_15.75_15.80_15.85_,1_16_26_28_30_,15.60_15.55_15.50_15.45_15.40_,84_28_255_89_55_
09:36:04,15.60,1,1541,15.65_15.70_15.75_15.80_15.85_,2_16_25_28_30_,15.60_15.55_15.50_15.45_15.40_,85_28_255_89_55_
09:36:15,15.70,1,1544,15.70_15.75_15.80_15.85_15.90_,14_26_28_30_6_,15.60_15.55_15.50_15.45_15.40_,95_18_310_34_55_
09:36:15,15.70,1,1544,15.70_15.75_15.80_15.85_15.90_,14_26_28_30_6_,15.60_15.55_15.50_15.45_15.40_,95_18_310_34_55_
09:36:25,15.70,1,1544,15.65_15.70_15.75_15.80_15.85_,15_14_26_28_30_,15.60_15.55_15.50_15.45_15.40_,95_18_310_34_55_
09:36:30,15.70,1,1544,15.65_15.70_15.75_15.80_15.85_,15_15_25_28_30_,15.60_15.55_15.50_15.45_15.40_,85_28_254_89_55_
09:36:35,15.70,1,1544,15.65_15.70_15.75_15.80_15.85_,15_15_25_28_30_,15.60_15.55_15.50_15.45_15.40_,85_28_255_89_55_
09:36:35,15.70,1,1544,15.65_15.70_15.75_15.80_15.85_,15_15_25_28_30_,15.60_15.55_15.50_15.45_15.40_,85_28_255_89_55_
09:37:42,15.70,10,1572,15.70_15.75_15.80_15.85_15.90_,10_22_33_30_6_,15.65_15.60_15.55_15.50_15.45_,17_105_20_310_19_
09:37:47,15.70,5,1577,15.70_15.75_15.80_15.85_15.90_,5_22_33_30_6_,15.65_15.60_15.55_15.50_15.45_,11_105_20_310_19_
09:37:52,15.75,5,1582,15.75_15.80_15.85_15.90_15.95_,22_33_30_6_16_,15.70_15.65_15.60_15.55_15.50_,8_11_105_20_310_
09:37:57,15.75,5,1582,15.75_15.80_15.85_15.90_15.95_,21_28_35_6_16_,15.70_15.65_15.60_15.55_15.50_,12_16_106_75_253_
09:37:57,15.75,5,1582,15.75_15.80_15.85_15.90_15.95_,21_28_35_6_16_,15.70_15.65_15.60_15.55_15.50_,12_16_106_75_253_
09:38:07,15.75,5,1582,15.75_15.80_15.85_15.90_15.95_,21_28_35_6_16_,15.70_15.65_15.60_15.55_15.50_,13_15_106_75_253_
09:38:07,15.75,5,1582,15.75_15.80_15.85_15.90_15.95_,21_28_35_6_16_,15.70_15.65_15.60_15.55_15.50_,13_15_106_75_253_
09:38:33,15.75,8,1590,15.75_15.80_15.85_15.90_15.95_,13_28_35_6_16_,15.70_15.65_15.60_15.55_15.50_,5_15_106_75_253_
09:41:27,15.80,2,1640,15.85_15.90_15.95_16.00_16.05_,21_8_21_8_5_,15.80_15.75_15.70_15.65_15.60_,2_10_31_75_95_
09:43:31,15.80,2,1669,15.85_15.90_15.95_16.00_16.05_,15_9_16_8_10_,15.80_15.75_15.70_15.65_15.60_,26_8_40_75_76_
09:44:27,15.80,5,1698,15.85_15.90_15.95_16.00_16.05_,15_10_16_8_10_,15.80_15.75_15.70_15.65_15.60_,15_18_41_75_74_
09:44:53,15.80,6,1713,15.85_15.90_15.95_16.00_16.05_,16_10_8_8_10_,15.75_15.70_15.65_15.60_15.55_,18_41_75_74_23_
09:45:08,15.85,1,1720,15.85_15.90_15.95_16.00_16.05_,9_15_3_8_10_,15.75_15.70_15.65_15.60_15.55_,18_40_78_74_23_
09:45:13,15.85,1,1720,15.85_15.90_15.95_16.00_16.05_,10_35_3_8_10_,15.80_15.75_15.70_15.65_15.60_,1_18_40_78_74_
09:45:59,15.80,1,1721,15.85_15.90_15.95_16.00_16.05_,11_30_9_8_11_,15.80_15.75_15.70_15.65_15.60_,13_54_31_79_74_
09:46:56,15.85,9,1732,15.85_15.90_15.95_16.00_16.05_,2_30_10_8_10_,15.80_15.75_15.70_15.65_15.60_,19_54_31_79_74_
09:46:56,15.85,9,1732,15.85_15.90_15.95_16.00_16.05_,2_30_10_8_10_,15.80_15.75_15.70_15.65_15.60_,19_54_31_79_74_
09:47:06,15.85,2,1734,15.90_15.95_16.00_16.05_16.10_,30_10_8_10_10_,15.85_15.80_15.75_15.70_15.65_,1_19_54_31_79_
09:47:11,15.85,2,1734,15.90_15.95_16.00_16.05_16.10_,31_6_13_10_10_,15.85_15.80_15.75_15.70_15.65_,2_18_55_86_23_
09:47:11,15.85,2,1734,15.90_15.95_16.00_16.05_16.10_,31_6_13_10_10_,15.85_15.80_15.75_15.70_15.65_,2_18_55_86_23_
09:49:55,15.85,4,1748,15.85_15.90_15.95_16.00_16.05_,5_31_14_8_10_,15.80_15.75_15.70_15.65_15.60_,5_65_32_79_76_
09:51:27,15.85,1,1755,15.90_15.95_16.00_16.05_16.10_,30_10_14_10_10_,15.85_15.80_15.75_15.70_15.65_,27_29_57_84_23_
09:51:43,15.85,3,1759,15.90_15.95_16.00_16.05_16.10_,30_10_14_10_10_,15.85_15.80_15.75_15.70_15.65_,24_29_57_84_23_
09:52:08,15.85,3,1769,15.90_15.95_16.00_16.05_16.10_,25_10_14_10_11_,15.85_15.80_15.75_15.70_15.65_,20_29_57_84_23_
09:52:08,15.85,3,1769,15.90_15.95_16.00_16.05_16.10_,25_10_14_10_11_,15.85_15.80_15.75_15.70_15.65_,20_29_57_84_23_
09:52:08,15.85,3,1769,15.90_15.95_16.00_16.05_16.10_,25_10_14_10_11_,15.85_15.80_15.75_15.70_15.65_,20_29_57_84_23_
09:54:16,15.90,3,1796,15.90_15.95_16.00_16.05_16.10_,14_11_14_10_11_,15.85_15.80_15.75_15.70_15.65_,9_35_57_84_23_
09:54:57,15.90,10,1807,15.90_15.95_16.00_16.05_16.10_,9_12_14_10_11_,15.85_15.80_15.75_15.70_15.65_,9_28_57_103_23_
09:54:57,15.90,10,1807,15.90_15.95_16.00_16.05_16.10_,9_12_14_10_11_,15.85_15.80_15.75_15.70_15.65_,9_28_57_103_23_
09:55:08,15.90,1,1808,15.90_15.95_16.00_16.05_16.10_,9_12_14_10_11_,15.85_15.80_15.75_15.70_15.65_,9_28_57_103_23_
09:55:33,15.90,1,1811,15.90_15.95_16.00_16.05_16.10_,6_17_14_10_11_,15.85_15.80_15.75_15.70_15.65_,21_28_57_103_23_
09:55:38,15.90,1,1811,15.90_15.95_16.00_16.05_16.10_,11_12_14_10_11_,15.85_15.80_15.75_15.70_15.65_,21_28_57_103_23_
09:55:49,15.90,1,1811,15.90_15.95_16.00_16.05_16.10_,15_12_17_10_11_,15.85_15.80_15.75_15.70_15.65_,21_29_57_103_23_
09:56:40,15.90,1,1813,15.90_15.95_16.00_16.05_16.10_,20_12_18_10_11_,15.85_15.80_15.75_15.70_15.65_,20_29_57_103_23_
09:58:32,15.85,10,1843,15.85_15.90_15.95_16.00_16.05_,3_21_15_13_10_,15.80_15.75_15.70_15.65_15.60_,24_35_50_79_78_
09:59:39,15.80,2,1856,15.85_15.90_15.95_16.00_16.05_,3_21_15_13_10_,15.80_15.75_15.70_15.65_15.60_,12_35_50_79_78_
10:00:05,15.85,1,1857,15.85_15.90_15.95_16.00_16.05_,3_21_15_13_10_,15.80_15.75_15.70_15.65_15.60_,10_35_50_79_78_
10:00:30,15.85,1,1863,15.85_15.90_15.95_16.00_16.05_,2_21_15_13_10_,15.80_15.75_15.70_15.65_15.60_,11_35_50_79_78_
10:00:35,15.85,1,1863,15.85_15.90_15.95_16.00_16.05_,3_21_15_13_10_,15.80_15.75_15.70_15.65_15.60_,14_35_50_79_78_
10:00:40,15.85,1,1863,15.85_15.90_15.95_16.00_16.05_,3_21_15_13_10_,15.80_15.75_15.70_15.65_15.60_,11_35_50_79_78_
10:00:40,15.85,1,1863,15.85_15.90_15.95_16.00_16.05_,3_21_15_13_10_,15.80_15.75_15.70_15.65_15.60_,11_35_50_79_78_
10:00:51,15.85,1,1863,15.85_15.90_15.95_16.00_16.05_,3_21_15_13_10_,15.80_15.75_15.70_15.65_15.60_,12_35_50_79_78_
10:02:13,15.80,2,1865,15.85_15.90_15.95_16.00_16.05_,17_21_15_13_10_,15.80_15.75_15.70_15.65_15.60_,13_31_50_79_80_
10:02:23,15.80,3,1868,15.85_15.90_15.95_16.00_16.05_,18_21_15_13_10_,15.80_15.75_15.70_15.65_15.60_,10_31_50_79_80_
10:02:39,15.80,8,1876,15.85_15.90_15.95_16.00_16.05_,18_21_15_13_10_,15.80_15.75_15.70_15.65_15.60_,2_31_50_79_80_
10:02:44,15.80,8,1876,15.85_15.90_15.95_16.00_16.05_,18_21_15_13_10_,15.80_15.75_15.70_15.65_15.60_,2_21_60_79_80_
10:02:49,15.80,2,1878,15.80_15.85_15.90_15.95_16.00_,3_18_21_15_13_,15.75_15.70_15.65_15.60_15.55_,21_60_79_80_22_
10:02:54,15.80,1,1879,15.80_15.85_15.90_15.95_16.00_,2_19_25_10_13_,15.75_15.70_15.65_15.60_15.55_,21_58_24_136_22_
10:03:20,15.80,1,1879,15.80_15.85_15.90_15.95_16.00_,10_19_24_10_13_,15.75_15.70_15.65_15.60_15.55_,23_58_24_136_22_
10:04:26,15.80,3,1886,15.85_15.90_15.95_16.00_16.05_,23_25_6_11_10_,15.75_15.70_15.65_15.60_15.55_,23_68_80_81_22_
10:04:47,15.80,3,1886,15.85_15.90_15.95_16.00_16.05_,23_20_11_11_10_,15.80_15.75_15.70_15.65_15.60_,1_23_74_79_81_
10:04:47,15.80,3,1886,15.85_15.90_15.95_16.00_16.05_,23_20_11_11_10_,15.80_15.75_15.70_15.65_15.60_,1_23_74_79_81_
10:05:07,15.80,3,1886,15.85_15.90_15.95_16.00_16.05_,23_21_11_11_10_,15.80_15.75_15.70_15.65_15.60_,3_23_75_79_79_
10:05:18,15.80,3,1886,15.85_15.90_15.95_16.00_16.05_,23_21_11_11_10_,15.80_15.75_15.70_15.65_15.60_,3_33_65_79_79_
10:06:19,15.80,1,1894,15.85_15.90_15.95_16.00_16.05_,25_25_6_11_15_,15.80_15.75_15.70_15.65_15.60_,2_28_74_25_135_
10:08:48,15.80,1,1903,15.85_15.90_15.95_16.00_16.05_,25_9_12_11_15_,15.80_15.75_15.70_15.65_15.60_,46_25_82_79_79_
10:10:10,15.85,11,1928,15.90_15.95_16.00_16.05_16.10_,8_6_16_15_11_,15.85_15.80_15.75_15.70_15.65_,4_91_27_126_23_
10:11:11,15.90,3,1934,15.90_15.95_16.00_16.05_16.10_,2_11_16_15_11_,15.85_15.80_15.75_15.70_15.65_,7_94_26_117_23_
10:13:30,15.85,10,1955,15.95_16.00_16.05_16.10_16.15_,15_18_10_11_4_,15.80_15.75_15.70_15.65_15.60_,96_27_117_25_80_
10:13:35,15.85,10,1955,15.95_16.00_16.05_16.10_16.15_,15_18_10_11_4_,15.85_15.80_15.75_15.70_15.65_,39_96_27_117_25_
10:16:35,16.00,10,1986,16.00_16.05_16.10_16.15_16.20_,8_8_16_7_3_,15.95_15.90_15.85_15.80_15.75_,41_18_82_73_26_
10:16:55,16.00,1,1988,16.00_16.05_16.10_16.15_16.20_,8_13_16_7_3_,15.95_15.90_15.85_15.80_15.75_,42_21_82_72_26_
10:17:57,16.00,1,2006,16.05_16.10_16.15_16.20_16.25_,14_13_7_8_6_,16.00_15.95_15.90_15.85_15.80_,33_12_13_136_16_
10:18:22,16.00,1,2008,16.05_16.10_16.15_16.20_16.25_,14_17_7_8_6_,16.00_15.95_15.90_15.85_15.80_,31_13_8_136_16_
10:18:48,16.00,1,2020,16.05_16.10_16.15_16.20_16.25_,15_17_7_8_6_,16.00_15.95_15.90_15.85_15.80_,19_3_18_136_17_
10:19:24,16.00,2,2043,16.00_16.05_16.10_16.15_16.20_,32_13_22_2_8_,15.95_15.90_15.85_15.80_15.75_,3_6_82_83_21_
10:19:24,16.00,2,2043,16.00_16.05_16.10_16.15_16.20_,32_13_22_2_8_,15.95_15.90_15.85_15.80_15.75_,3_6_82_83_21_
10:19:34,16.00,2,2043,16.00_16.05_16.10_16.15_16.20_,32_13_22_2_28_,15.95_15.90_15.85_15.80_15.75_,3_6_82_83_21_
10:21:16,15.95,1,2047,16.00_16.05_16.10_16.15_16.20_,35_12_17_2_34_,15.90_15.85_15.80_15.75_15.70_,7_40_85_21_65_
10:21:37,15.95,1,2047,15.95_16.00_16.05_16.10_16.15_,1_36_12_17_2_,15.90_15.85_15.80_15.75_15.70_,47_10_29_77_65_
10:21:42,15.95,1,2047,15.95_16.00_16.05_16.10_16.15_,4_33_13_17_2_,15.90_15.85_15.80_15.75_15.70_,77_10_29_77_65_
10:22:28,15.95,1,2047,15.95_16.00_16.05_16.10_16.15_,12_35_13_17_2_,15.90_15.85_15.80_15.75_15.70_,79_12_29_77_65_
10:24:42,15.95,2,2053,15.95_16.00_16.05_16.10_16.15_,15_38_15_17_12_,15.90_15.85_15.80_15.75_15.70_,88_15_41_79_65_
10:24:42,15.95,2,2053,15.95_16.00_16.05_16.10_16.15_,15_38_15_17_12_,15.90_15.85_15.80_15.75_15.70_,88_15_41_79_65_
10:24:42,15.95,2,2053,15.95_16.00_16.05_16.10_16.15_,15_38_15_17_12_,15.90_15.85_15.80_15.75_15.70_,88_15_41_79_65_
10:24:57,15.95,2,2053,15.95_16.00_16.05_16.10_16.15_,15_39_15_17_12_,15.90_15.85_15.80_15.75_15.70_,88_15_41_79_65_
10:24:57,15.95,2,2053,15.95_16.00_16.05_16.10_16.15_,15_39_15_17_12_,15.90_15.85_15.80_15.75_15.70_,88_15_41_79_65_
10:24:57,15.95,2,2053,15.95_16.00_16.05_16.10_16.15_,15_39_15_17_12_,15.90_15.85_15.80_15.75_15.70_,88_15_41_79_65_
10:26:14,15.95,2,2053,15.95_16.00_16.05_16.10_16.15_,30_42_15_17_12_,15.90_15.85_15.80_15.75_15.70_,88_25_31_79_65_
10:26:14,15.95,2,2053,15.95_16.00_16.05_16.10_16.15_,30_42_15_17_12_,15.90_15.85_15.80_15.75_15.70_,88_25_31_79_65_
10:27:05,15.90,2,2055,15.95_16.00_16.05_16.10_16.15_,29_42_15_27_12_,15.90_15.85_15.80_15.75_15.70_,86_25_31_79_65_
10:27:05,15.90,2,2055,15.95_16.00_16.05_16.10_16.15_,29_42_15_27_12_,15.90_15.85_15.80_15.75_15.70_,86_25_31_79_65_
10:29:44,15.90,15,2099,15.95_16.00_16.05_16.10_16.15_,16_42_16_27_12_,15.90_15.85_15.80_15.75_15.70_,44_24_30_78_65_
10:29:54,15.90,15,2099,15.95_16.00_16.05_16.10_16.15_,17_42_16_27_12_,15.90_15.85_15.80_15.75_15.70_,44_24_30_78_65_
10:29:54,15.90,15,2099,15.95_16.00_16.05_16.10_16.15_,17_42_16_27_12_,15.90_15.85_15.80_15.75_15.70_,44_24_30_78_65_
10:30:15,15.90,1,2110,15.95_16.00_16.05_16.10_16.15_,17_42_16_27_12_,15.90_15.85_15.80_15.75_15.70_,33_24_30_78_65_
10:31:01,15.90,1,2127,15.95_16.00_16.05_16.10_16.15_,17_25_16_27_12_,15.90_15.85_15.80_15.75_15.70_,16_20_30_78_65_
10:31:47,15.90,1,2130,15.95_16.00_16.05_16.10_16.15_,17_24_16_27_12_,15.90_15.85_15.80_15.75_15.70_,14_20_31_78_65_
10:31:47,15.90,1,2130,15.95_16.00_16.05_16.10_16.15_,17_24_16_27_12_,15.90_15.85_15.80_15.75_15.70_,14_20_31_78_65_
10:32:13,15.90,1,2130,15.95_16.00_16.05_16.10_16.15_,16_24_16_27_12_,15.90_15.85_15.80_15.75_15.70_,14_20_32_78_65_
10:32:23,15.90,1,2130,15.95_16.00_16.05_16.10_16.15_,16_24_16_27_12_,15.90_15.85_15.80_15.75_15.70_,19_20_32_78_65_
10:32:44,15.90,1,2131,15.95_16.00_16.05_16.10_16.15_,16_24_16_27_12_,15.90_15.85_15.80_15.75_15.70_,18_20_32_78_45_
10:33:40,15.90,1,2142,15.95_16.00_16.05_16.10_16.15_,15_24_16_27_12_,15.90_15.85_15.80_15.75_15.70_,9_20_32_78_45_
10:34:06,15.90,1,2143,15.95_16.00_16.05_16.10_16.15_,15_24_16_29_12_,15.90_15.85_15.80_15.75_15.70_,8_20_32_78_45_
10:35:12,15.90,1,2152,15.95_16.00_16.05_16.10_16.15_,15_28_11_36_14_,15.85_15.80_15.75_15.70_15.65_,20_31_78_45_24_
10:35:38,15.90,1,2152,15.90_15.95_16.00_16.05_16.10_,4_16_28_11_35_,15.85_15.80_15.75_15.70_15.65_,21_31_23_100_24_
10:36:45,15.90,1,2174,15.95_16.00_16.05_16.10_16.15_,22_11_12_34_14_,15.80_15.75_15.70_15.65_15.60_,41_20_102_26_87_
10:36:50,15.90,1,2174,15.95_16.00_16.05_16.10_16.15_,17_16_12_34_14_,15.80_15.75_15.70_15.65_15.60_,41_21_101_26_87_
10:37:05,15.95,5,2179,15.95_16.00_16.05_16.10_16.15_,11_17_12_34_14_,15.85_15.80_15.75_15.70_15.65_,11_32_77_45_26_
10:37:10,15.95,5,2179,15.95_16.00_16.05_16.10_16.15_,11_17_12_34_20_,15.85_15.80_15.75_15.70_15.65_,12_32_77_45_26_
10:38:27,15.95,3,2183,15.95_16.00_16.05_16.10_16.15_,10_16_11_36_21_,15.85_15.80_15.75_15.70_15.65_,17_33_77_45_26_
10:38:58,15.95,3,2183,15.95_16.00_16.05_16.10_16.15_,10_11_16_37_21_,15.90_15.85_15.80_15.75_15.70_,1_7_44_76_46_
10:38:58,15.95,3,2183,15.95_16.00_16.05_16.10_16.15_,10_11_16_37_21_,15.90_15.85_15.80_15.75_15.70_,1_7_44_76_46_
10:39:13,15.95,3,2183,15.95_16.00_16.05_16.10_16.15_,10_13_17_35_20_,15.90_15.85_15.80_15.75_15.70_,1_7_44_76_46_
10:39:13,15.95,3,2183,15.95_16.00_16.05_16.10_16.15_,10_13_17_35_20_,15.90_15.85_15.80_15.75_15.70_,1_7_44_76_46_
10:39:13,15.95,3,2183,15.95_16.00_16.05_16.10_16.15_,10_13_17_35_20_,15.90_15.85_15.80_15.75_15.70_,1_7_44_76_46_
10:39:13,15.95,3,2183,15.95_16.00_16.05_16.10_16.15_,10_13_17_35_20_,15.90_15.85_15.80_15.75_15.70_,1_7_44_76_46_
10:40:15,15.95,3,2192,15.95_16.00_16.05_16.10_16.15_,1_12_17_35_20_,15.90_15.85_15.80_15.75_15.70_,3_18_34_23_46_
10:40:25,15.95,3,2192,15.95_16.00_16.05_16.10_16.15_,2_12_17_35_20_,15.90_15.85_15.80_15.75_15.70_,3_18_34_23_46_
10:41:06,15.95,2,2194,16.00_16.05_16.10_16.15_16.20_,12_17_35_20_72_,15.90_15.85_15.80_15.75_15.70_,18_18_36_22_46_
10:41:06,15.95,2,2194,16.00_16.05_16.10_16.15_16.20_,12_17_35_20_72_,15.90_15.85_15.80_15.75_15.70_,18_18_36_22_46_
10:43:09,15.95,1,2195,16.00_16.05_16.10_16.15_16.20_,17_16_35_20_73_,15.90_15.85_15.80_15.75_15.70_,20_18_36_22_46_
10:44:16,15.95,1,2195,16.00_16.05_16.10_16.15_16.20_,18_11_41_20_72_,15.95_15.90_15.85_15.80_15.75_,8_40_17_36_22_
10:44:36,15.95,5,2200,16.00_16.05_16.10_16.15_16.20_,18_11_42_20_72_,15.95_15.90_15.85_15.80_15.75_,3_40_73_36_22_
10:44:52,15.95,5,2200,16.00_16.05_16.10_16.15_16.20_,19_11_42_20_72_,15.95_15.90_15.85_15.80_15.75_,3_40_74_35_22_
10:44:52,15.95,5,2200,16.00_16.05_16.10_16.15_16.20_,19_11_42_20_72_,15.95_15.90_15.85_15.80_15.75_,3_40_74_35_22_
10:45:07,15.95,5,2200,16.00_16.05_16.10_16.15_16.20_,19_11_42_20_72_,15.95_15.90_15.85_15.80_15.75_,5_40_74_35_22_
10:46:19,15.95,1,2205,16.00_16.05_16.10_16.15_16.20_,19_11_42_20_72_,15.95_15.90_15.85_15.80_15.75_,5_41_73_44_22_
10:46:29,15.95,1,2205,16.00_16.05_16.10_16.15_16.20_,19_11_42_20_72_,15.95_15.90_15.85_15.80_15.75_,5_42_73_44_22_
10:48:01,16.05,1,2230,16.05_16.10_16.15_16.20_16.25_,5_37_20_72_16_,16.00_15.95_15.90_15.85_15.80_,15_1_105_7_43_
10:48:06,16.05,1,2230,16.05_16.10_16.15_16.20_16.25_,5_37_20_72_16_,16.00_15.95_15.90_15.85_15.80_,15_1_106_7_43_
10:48:06,16.05,1,2230,16.05_16.10_16.15_16.20_16.25_,5_37_20_72_16_,16.00_15.95_15.90_15.85_15.80_,15_1_106_7_43_
10:48:06,16.05,1,2230,16.05_16.10_16.15_16.20_16.25_,5_37_20_72_16_,16.00_15.95_15.90_15.85_15.80_,15_1_106_7_43_
10:48:06,16.05,1,2230,16.05_16.10_16.15_16.20_16.25_,5_37_20_72_16_,16.00_15.95_15.90_15.85_15.80_,15_1_106_7_43_
10:50:14,16.00,1,2245,16.00_16.05_16.10_16.15_16.20_,4_6_39_12_73_,15.95_15.90_15.85_15.80_15.75_,3_51_61_44_22_
10:54:25,15.90,2,2275,16.00_16.05_16.10_16.15_16.20_,30_9_43_12_73_,15.90_15.85_15.80_15.75_15.70_,18_18_99_22_49_
10:56:03,15.90,2,2275,15.95_16.00_16.05_16.10_16.15_,6_32_9_43_16_,15.90_15.85_15.80_15.75_15.70_,18_18_98_23_49_
10:56:18,15.90,1,2276,15.95_16.00_16.05_16.10_16.15_,6_33_9_42_16_,15.90_15.85_15.80_15.75_15.70_,17_18_98_23_49_
10:56:18,15.90,1,2276,15.95_16.00_16.05_16.10_16.15_,6_33_9_42_16_,15.90_15.85_15.80_15.75_15.70_,17_18_98_23_49_
10:56:59,15.90,1,2276,15.95_16.00_16.05_16.10_16.15_,6_35_9_42_16_,15.90_15.85_15.80_15.75_15.70_,17_8_108_23_49_
10:56:59,15.90,1,2276,15.95_16.00_16.05_16.10_16.15_,6_35_9_42_16_,15.90_15.85_15.80_15.75_15.70_,17_8_108_23_49_
10:57:45,15.90,1,2278,15.95_16.00_16.05_16.10_16.15_,5_36_10_42_16_,15.90_15.85_15.80_15.75_15.70_,16_8_108_23_49_
10:58:42,15.90,3,2281,15.95_16.00_16.05_16.10_16.15_,5_39_10_42_16_,15.90_15.85_15.80_15.75_15.70_,16_20_98_22_49_
10:59:33,15.95,1,2283,15.95_16.00_16.05_16.10_16.15_,3_39_10_42_16_,15.90_15.85_15.80_15.75_15.70_,17_20_98_22_49_
10:59:43,15.95,1,2283,15.95_16.00_16.05_16.10_16.15_,3_39_10_42_16_,15.90_15.85_15.80_15.75_15.70_,17_20_97_22_49_
10:59:48,15.95,1,2283,15.95_16.00_16.05_16.10_16.15_,3_40_9_42_16_,15.90_15.85_15.80_15.75_15.70_,17_20_97_22_49_
10:59:48,15.95,1,2283,15.95_16.00_16.05_16.10_16.15_,3_40_9_42_16_,15.90_15.85_15.80_15.75_15.70_,17_20_97_22_49_
10:59:48,15.95,1,2283,15.95_16.00_16.05_16.10_16.15_,3_40_9_42_16_,15.90_15.85_15.80_15.75_15.70_,17_20_97_22_49_
10:59:48,15.95,1,2283,15.95_16.00_16.05_16.10_16.15_,3_40_9_42_16_,15.90_15.85_15.80_15.75_15.70_,17_20_97_22_49_
11:00:39,15.95,1,2283,15.95_16.00_16.05_16.10_16.15_,3_40_9_42_16_,15.90_15.85_15.80_15.75_15.70_,17_10_107_22_49_
11:00:39,15.95,1,2283,15.95_16.00_16.05_16.10_16.15_,3_40_9_42_16_,15.90_15.85_15.80_15.75_15.70_,17_10_107_22_49_
11:00:39,15.95,1,2283,15.95_16.00_16.05_16.10_16.15_,3_40_9_42_16_,15.90_15.85_15.80_15.75_15.70_,17_10_107_22_49_
11:00:39,15.95,1,2283,15.95_16.00_16.05_16.10_16.15_,3_40_9_42_16_,15.90_15.85_15.80_15.75_15.70_,17_10_107_22_49_
11:01:31,15.95,1,2283,15.95_16.00_16.05_16.10_16.15_,4_38_9_42_16_,15.90_15.85_15.80_15.75_15.70_,17_10_107_22_49_
11:01:31,15.95,1,2283,15.95_16.00_16.05_16.10_16.15_,4_38_9_42_16_,15.90_15.85_15.80_15.75_15.70_,17_10_107_22_49_
11:01:31,15.95,1,2283,15.95_16.00_16.05_16.10_16.15_,4_38_9_42_16_,15.90_15.85_15.80_15.75_15.70_,17_10_107_22_49_
11:01:31,15.95,1,2283,15.95_16.00_16.05_16.10_16.15_,4_38_9_42_16_,15.90_15.85_15.80_15.75_15.70_,17_10_107_22_49_
11:01:31,15.95,1,2283,15.95_16.00_16.05_16.10_16.15_,4_38_9_42_16_,15.90_15.85_15.80_15.75_15.70_,17_10_107_22_49_
11:02:02,15.90,1,2284,15.95_16.00_16.05_16.10_16.15_,3_38_9_42_16_,15.90_15.85_15.80_15.75_15.70_,16_10_107_22_49_
11:02:02,15.90,1,2284,15.95_16.00_16.05_16.10_16.15_,3_38_9_42_16_,15.90_15.85_15.80_15.75_15.70_,16_10_107_22_49_
11:02:02,15.90,1,2284,15.95_16.00_16.05_16.10_16.15_,3_38_9_42_16_,15.90_15.85_15.80_15.75_15.70_,16_10_107_22_49_
11:02:02,15.90,1,2284,15.95_16.00_16.05_16.10_16.15_,3_38_9_42_16_,15.90_15.85_15.80_15.75_15.70_,16_10_107_22_49_
11:02:02,15.90,1,2284,15.95_16.00_16.05_16.10_16.15_,3_38_9_42_16_,15.90_15.85_15.80_15.75_15.70_,16_10_107_22_49_
11:02:02,15.90,1,2284,15.95_16.00_16.05_16.10_16.15_,3_38_9_42_16_,15.90_15.85_15.80_15.75_15.70_,16_10_107_22_49_
11:03:08,15.90,1,2284,15.95_16.00_16.05_16.10_16.15_,13_38_9_42_16_,15.90_15.85_15.80_15.75_15.70_,16_10_107_22_49_
11:05:11,15.90,1,2285,15.95_16.00_16.05_16.10_16.15_,14_48_9_42_16_,15.90_15.85_15.80_15.75_15.70_,15_10_97_32_49_
11:06:49,15.90,10,2297,15.95_16.00_16.05_16.10_16.15_,14_49_9_42_16_,15.90_15.85_15.80_15.75_15.70_,3_10_97_32_49_
11:07:45,15.90,1,2301,15.90_15.95_16.00_16.05_16.10_,10_19_53_8_35_,15.85_15.80_15.75_15.70_15.65_,9_43_86_50_24_
11:08:57,15.90,1,2304,15.90_15.95_16.00_16.05_16.10_,11_19_53_10_35_,15.85_15.80_15.75_15.70_15.65_,6_54_86_71_24_
11:09:07,15.90,1,2304,15.90_15.95_16.00_16.05_16.10_,12_17_56_10_35_,15.85_15.80_15.75_15.70_15.65_,6_54_86_71_24_
11:09:23,15.85,1,2305,15.90_15.95_16.00_16.05_16.10_,12_18_52_16_35_,15.85_15.80_15.75_15.70_15.65_,5_54_86_61_24_
11:10:14,15.85,2,2308,15.90_15.95_16.00_16.05_16.10_,12_18_52_16_25_,15.85_15.80_15.75_15.70_15.65_,3_52_86_61_24_
11:10:14,15.85,2,2308,15.90_15.95_16.00_16.05_16.10_,12_18_52_16_25_,15.85_15.80_15.75_15.70_15.65_,3_52_86_61_24_
11:10:14,15.85,2,2308,15.90_15.95_16.00_16.05_16.10_,12_18_52_16_25_,15.85_15.80_15.75_15.70_15.65_,3_52_86_61_24_
11:10:14,15.85,2,2308,15.90_15.95_16.00_16.05_16.10_,12_18_52_16_25_,15.85_15.80_15.75_15.70_15.65_,3_52_86_61_24_
11:10:14,15.85,2,2308,15.90_15.95_16.00_16.05_16.10_,12_18_52_16_25_,15.85_15.80_15.75_15.70_15.65_,3_52_86_61_24_
11:11:05,15.85,3,2311,15.85_15.90_15.95_16.00_16.05_,2_12_18_122_16_,15.80_15.75_15.70_15.65_15.60_,52_84_61_26_91_
11:11:15,15.85,3,2311,15.85_15.90_15.95_16.00_16.05_,3_14_17_125_11_,15.80_15.75_15.70_15.65_15.60_,51_20_123_27_93_
11:11:15,15.85,3,2311,15.85_15.90_15.95_16.00_16.05_,3_14_17_125_11_,15.80_15.75_15.70_15.65_15.60_,51_20_123_27_93_
11:11:36,15.85,3,2311,15.85_15.90_15.95_16.00_16.05_,3_14_17_129_11_,15.80_15.75_15.70_15.65_15.60_,51_20_123_27_93_
11:11:46,15.85,3,2311,15.85_15.90_15.95_16.00_16.05_,3_14_27_129_11_,15.80_15.75_15.70_15.65_15.60_,51_20_123_27_93_
11:11:46,15.85,3,2311,15.85_15.90_15.95_16.00_16.05_,3_14_27_129_11_,15.80_15.75_15.70_15.65_15.60_,51_20_123_27_93_
11:11:46,15.85,3,2311,15.85_15.90_15.95_16.00_16.05_,3_14_27_129_11_,15.80_15.75_15.70_15.65_15.60_,51_20_123_27_93_
11:12:12,15.80,51,2362,15.80_15.85_15.90_15.95_16.00_,9_3_14_27_129_,15.75_15.70_15.65_15.60_15.55_,20_123_32_93_19_
11:13:13,15.75,1,2364,15.80_15.85_15.90_15.95_16.00_,16_5_14_31_122_,15.75_15.70_15.65_15.60_15.55_,19_60_97_95_19_
11:15:27,15.75,4,2374,15.80_15.85_15.90_15.95_16.00_,16_6_14_33_122_,15.75_15.70_15.65_15.60_15.55_,26_58_90_95_26_
11:15:32,15.75,4,2374,15.80_15.85_15.90_15.95_16.00_,17_6_14_23_122_,15.75_15.70_15.65_15.60_15.55_,26_58_90_95_26_
11:15:32,15.75,4,2374,15.80_15.85_15.90_15.95_16.00_,17_6_14_23_122_,15.75_15.70_15.65_15.60_15.55_,26_58_90_95_26_
11:15:47,15.75,4,2378,15.80_15.85_15.90_15.95_16.00_,18_6_14_23_122_,15.75_15.70_15.65_15.60_15.55_,22_58_90_98_26_
11:17:15,15.75,2,2403,15.75_15.80_15.85_15.90_15.95_,13_13_4_17_18_,15.70_15.65_15.60_15.55_15.50_,56_26_157_28_269_
11:20:24,15.70,7,2415,15.75_15.80_15.85_15.90_15.95_,4_13_4_17_18_,15.70_15.65_15.60_15.55_15.50_,53_34_163_34_273_
11:20:24,15.70,7,2415,15.75_15.80_15.85_15.90_15.95_,4_13_4_17_18_,15.70_15.65_15.60_15.55_15.50_,53_34_163_34_273_
11:25:01,15.75,2,2445,15.80_15.85_15.90_15.95_16.00_,6_49_19_22_124_,15.75_15.70_15.65_15.60_15.55_,3_32_98_100_26_
11:26:18,15.80,1,2446,15.80_15.85_15.90_15.95_16.00_,10_49_23_19_124_,15.75_15.70_15.65_15.60_15.55_,2_37_91_92_26_
11:30:14,15.80,6,2462,15.80_15.85_15.90_15.95_16.00_,2_49_23_23_124_,15.75_15.70_15.65_15.60_15.55_,7_37_91_89_26_
11:31:05,15.70,10,2472,15.80_15.85_15.90_15.95_16.00_,2_50_22_23_124_,15.70_15.65_15.60_15.55_15.50_,35_36_144_26_273_
11:32:27,15.70,2,2474,15.80_15.85_15.90_15.95_16.00_,3_49_19_53_124_,15.75_15.70_15.65_15.60_15.55_,2_27_93_89_36_
11:39:18,15.75,1,2496,15.80_15.85_15.90_15.95_16.00_,23_53_21_54_124_,15.75_15.70_15.65_15.60_15.55_,1_33_104_93_37_
11:39:18,15.75,1,2496,15.80_15.85_15.90_15.95_16.00_,23_53_21_54_124_,15.75_15.70_15.65_15.60_15.55_,1_33_104_93_37_
11:39:18,15.75,1,2496,15.80_15.85_15.90_15.95_16.00_,23_53_21_54_124_,15.75_15.70_15.65_15.60_15.55_,1_33_104_93_37_
11:39:18,15.75,1,2496,15.80_15.85_15.90_15.95_16.00_,23_53_21_54_124_,15.75_15.70_15.65_15.60_15.55_,1_33_104_93_37_
11:41:16,15.75,1,2497,15.80_15.85_15.90_15.95_16.00_,23_53_24_51_125_,15.70_15.65_15.60_15.55_15.50_,30_50_150_37_273_
11:41:57,15.75,1,2497,15.80_15.85_15.90_15.95_16.00_,24_53_29_51_125_,15.70_15.65_15.60_15.55_15.50_,31_50_140_37_273_
11:43:04,15.75,1,2497,15.80_15.85_15.90_15.95_16.00_,24_53_29_51_125_,15.70_15.65_15.60_15.55_15.50_,31_50_140_37_274_
11:45:53,15.70,1,2501,15.80_15.85_15.90_15.95_16.00_,26_53_29_51_128_,15.70_15.65_15.60_15.55_15.50_,49_51_140_37_274_
11:46:03,15.70,1,2501,15.80_15.85_15.90_15.95_16.00_,26_83_29_51_128_,15.70_15.65_15.60_15.55_15.50_,49_51_140_37_274_
11:47:41,15.70,2,2503,15.80_15.85_15.90_15.95_16.00_,26_83_29_51_128_,15.70_15.65_15.60_15.55_15.50_,59_51_140_37_273_
11:48:06,15.70,2,2503,15.80_15.85_15.90_15.95_16.00_,25_83_29_52_128_,15.70_15.65_15.60_15.55_15.50_,59_51_140_37_273_
11:49:59,15.70,1,2504,15.80_15.85_15.90_15.95_16.00_,25_83_29_52_128_,15.70_15.65_15.60_15.55_15.50_,60_51_140_37_283_
11:49:59,15.70,1,2504,15.80_15.85_15.90_15.95_16.00_,25_83_29_52_128_,15.70_15.65_15.60_15.55_15.50_,60_51_140_37_283_
11:54:30,15.70,1,2585,15.70_15.75_15.80_15.85_15.90_,2_5_25_86_23_,15.65_15.60_15.55_15.50_15.45_,50_98_87_284_14_
11:54:46,15.70,1,2586,15.70_15.75_15.80_15.85_15.90_,1_5_25_86_23_,15.65_15.60_15.55_15.50_15.45_,50_98_87_286_14_
11:55:27,15.70,10,2606,15.70_15.75_15.80_15.85_15.90_,6_5_25_86_23_,15.65_15.60_15.55_15.50_15.45_,61_88_87_286_14_
11:57:30,15.75,2,2619,15.80_15.85_15.90_15.95_16.00_,24_84_47_52_127_,15.70_15.65_15.60_15.55_15.50_,79_44_143_31_283_
11:57:30,15.75,2,2619,15.80_15.85_15.90_15.95_16.00_,24_84_47_52_127_,15.70_15.65_15.60_15.55_15.50_,79_44_143_31_283_
11:58:31,15.80,10,2629,15.80_15.85_15.90_15.95_16.00_,13_84_47_53_127_,15.70_15.65_15.60_15.55_15.50_,79_44_143_31_283_
11:59:12,15.80,10,2629,15.80_15.85_15.90_15.95_16.00_,23_74_47_54_127_,15.70_15.65_15.60_15.55_15.50_,85_44_143_31_283_
11:59:48,15.80,10,2629,15.80_15.85_15.90_15.95_16.00_,24_74_47_54_127_,15.70_15.65_15.60_15.55_15.50_,85_44_143_31_283_
12:01:36,15.80,3,2633,15.80_15.85_15.90_15.95_16.00_,21_74_44_57_131_,15.75_15.70_15.65_15.60_15.55_,10_90_96_84_29_
12:01:36,15.80,3,2633,15.80_15.85_15.90_15.95_16.00_,21_74_44_57_131_,15.75_15.70_15.65_15.60_15.55_,10_90_96_84_29_
12:01:36,15.80,3,2633,15.80_15.85_15.90_15.95_16.00_,21_74_44_57_131_,15.75_15.70_15.65_15.60_15.55_,10_90_96_84_29_
12:02:16,15.80,3,2633,15.80_15.85_15.90_15.95_16.00_,22_74_44_55_131_,15.75_15.70_15.65_15.60_15.55_,10_92_96_84_29_
12:02:37,15.80,3,2633,15.80_15.85_15.90_15.95_16.00_,22_74_44_55_106_,15.75_15.70_15.65_15.60_15.55_,10_92_96_84_29_
12:03:28,15.80,1,2634,15.80_15.85_15.90_15.95_16.00_,21_74_44_55_106_,15.75_15.70_15.65_15.60_15.55_,10_92_96_84_29_
12:05:52,15.80,6,2641,15.80_15.85_15.90_15.95_16.00_,16_74_44_55_107_,15.75_15.70_15.65_15.60_15.55_,12_91_96_84_29_
12:06:48,15.80,10,2651,15.80_15.85_15.90_15.95_16.00_,56_74_42_55_107_,15.75_15.70_15.65_15.60_15.55_,13_81_106_84_29_
12:08:21,15.75,5,2660,15.80_15.85_15.90_15.95_16.00_,54_74_122_55_106_,15.75_15.70_15.65_15.60_15.55_,8_81_106_84_29_
12:10:19,15.75,6,2668,15.80_15.85_15.90_15.95_16.00_,53_74_122_57_106_,15.75_15.70_15.65_15.60_15.55_,3_81_106_84_29_
12:12:27,15.70,2,2680,15.80_15.85_15.90_15.95_16.00_,55_74_125_54_106_,15.70_15.65_15.60_15.55_15.50_,70_106_84_29_288_
12:13:54,15.70,1,2688,15.80_15.85_15.90_15.95_16.00_,59_74_125_53_106_,15.70_15.65_15.60_15.55_15.50_,72_96_81_29_288_
12:19:37,15.80,1,2700,15.80_15.85_15.90_15.95_16.00_,56_103_123_57_102_,15.75_15.70_15.65_15.60_15.55_,1_58_106_84_33_
12:21:20,15.75,1,2701,15.80_15.85_15.90_15.95_16.00_,58_107_124_56_101_,15.75_15.70_15.65_15.60_15.55_,1_58_106_84_33_
12:21:20,15.75,1,2701,15.80_15.85_15.90_15.95_16.00_,58_107_124_56_101_,15.75_15.70_15.65_15.60_15.55_,1_58_106_84_33_
12:23:18,15.75,1,2704,15.80_15.85_15.90_15.95_16.00_,58_107_127_53_101_,15.70_15.65_15.60_15.55_15.50_,55_53_141_33_309_
12:30:08,15.75,1,2712,15.75_15.80_15.85_15.90_15.95_,18_94_103_127_52_,15.70_15.65_15.60_15.55_15.50_,62_53_144_37_310_
12:30:08,15.75,1,2712,15.75_15.80_15.85_15.90_15.95_,18_94_103_127_52_,15.70_15.65_15.60_15.55_15.50_,62_53_144_37_310_
12:31:50,15.75,10,2726,15.75_15.80_15.85_15.90_15.95_,35_92_103_126_26_,15.70_15.65_15.60_15.55_15.50_,64_53_144_37_310_
12:31:50,15.75,10,2726,15.75_15.80_15.85_15.90_15.95_,35_92_103_126_26_,15.70_15.65_15.60_15.55_15.50_,64_53_144_37_310_
12:31:50,15.75,10,2726,15.75_15.80_15.85_15.90_15.95_,35_92_103_126_26_,15.70_15.65_15.60_15.55_15.50_,64_53_144_37_310_
12:31:50,15.75,10,2726,15.75_15.80_15.85_15.90_15.95_,35_92_103_126_26_,15.70_15.65_15.60_15.55_15.50_,64_53_144_37_310_
12:32:26,15.75,10,2726,15.75_15.80_15.85_15.90_15.95_,36_92_103_126_26_,15.70_15.65_15.60_15.55_15.50_,64_53_144_37_310_
12:32:26,15.75,10,2726,15.75_15.80_15.85_15.90_15.95_,36_92_103_126_26_,15.70_15.65_15.60_15.55_15.50_,64_53_144_37_310_
12:32:37,15.75,4,2730,15.75_15.80_15.85_15.90_15.95_,33_92_103_126_26_,15.70_15.65_15.60_15.55_15.50_,65_53_144_37_310_
12:32:42,15.75,4,2730,15.75_15.80_15.85_15.90_15.95_,33_92_103_126_26_,15.70_15.65_15.60_15.55_15.50_,65_53_144_37_311_
12:36:43,15.75,1,2829,15.75_15.80_15.85_15.90_15.95_,27_122_103_126_26_,15.70_15.65_15.60_15.55_15.50_,17_43_155_37_312_
12:39:01,15.75,1,2853,15.75_15.80_15.85_15.90_15.95_,26_91_56_25_28_,15.65_15.60_15.55_15.50_15.45_,39_101_94_307_15_
12:39:11,15.75,1,2853,15.75_15.80_15.85_15.90_15.95_,27_91_56_25_28_,15.65_15.60_15.55_15.50_15.45_,39_101_94_307_15_
12:39:47,15.60,21,2937,15.75_15.80_15.85_15.90_15.95_,27_91_56_25_28_,15.60_15.55_15.50_15.45_15.40_,57_36_308_15_129_
12:40:08,15.65,4,2943,15.65_15.70_15.75_15.80_15.85_,2_1_28_94_53_,15.60_15.55_15.50_15.45_15.40_,41_44_363_17_131_
12:40:23,15.65,1,2945,15.65_15.70_15.75_15.80_15.85_,1_5_25_97_55_,15.60_15.55_15.50_15.45_15.40_,41_44_363_17_131_
12:40:54,15.60,1,2947,15.70_15.75_15.80_15.85_15.90_,16_26_95_50_19_,15.60_15.55_15.50_15.45_15.40_,54_91_306_17_131_
12:42:21,15.60,1,2959,15.70_15.75_15.80_15.85_15.90_,17_26_95_50_19_,15.60_15.55_15.50_15.45_15.40_,54_97_323_24_132_
12:43:07,15.60,1,2960,15.70_15.75_15.80_15.85_15.90_,64_26_47_10_19_,15.60_15.55_15.50_15.45_15.40_,47_107_322_24_131_
12:43:43,15.60,1,2960,15.65_15.70_15.75_15.80_15.85_,3_64_26_47_10_,15.60_15.55_15.50_15.45_15.40_,53_50_379_24_144_
12:44:04,15.60,1,2960,15.65_15.70_15.75_15.80_15.85_,15_63_26_47_10_,15.60_15.55_15.50_15.45_15.40_,53_50_379_24_144_
12:47:34,15.65,5,3048,15.65_15.70_15.75_15.80_15.85_,9_60_25_46_12_,15.60_15.55_15.50_15.45_15.40_,8_58_388_25_143_
12:47:39,15.65,5,3048,15.65_15.70_15.75_15.80_15.85_,9_60_25_46_12_,15.60_15.55_15.50_15.45_15.40_,8_69_378_25_143_
12:49:17,15.65,1,3049,15.65_15.70_15.75_15.80_15.85_,8_60_25_46_12_,15.60_15.55_15.50_15.45_15.40_,29_68_379_25_143_
12:49:22,15.65,1,3049,15.65_15.70_15.75_15.80_15.85_,8_60_26_46_12_,15.60_15.55_15.50_15.45_15.40_,29_68_380_25_143_
12:49:22,15.65,1,3049,15.65_15.70_15.75_15.80_15.85_,8_60_26_46_12_,15.60_15.55_15.50_15.45_15.40_,29_68_380_25_143_
12:49:37,15.65,1,3049,15.65_15.70_15.75_15.80_15.85_,8_60_26_46_12_,15.60_15.55_15.50_15.45_15.40_,34_68_381_25_143_
12:49:37,15.65,1,3049,15.65_15.70_15.75_15.80_15.85_,8_60_26_46_12_,15.60_15.55_15.50_15.45_15.40_,34_68_381_25_143_
12:50:13,15.65,1,3053,15.65_15.70_15.75_15.80_15.85_,5_60_26_47_12_,15.60_15.55_15.50_15.45_15.40_,40_68_380_25_143_
12:50:13,15.65,1,3053,15.65_15.70_15.75_15.80_15.85_,5_60_26_47_12_,15.60_15.55_15.50_15.45_15.40_,40_68_380_25_143_
12:50:44,15.65,5,3058,15.65_15.70_15.75_15.80_15.85_,1_60_26_47_12_,15.60_15.55_15.50_15.45_15.40_,36_125_323_25_143_
12:50:49,15.65,5,3058,15.65_15.70_15.75_15.80_15.85_,1_60_26_47_12_,15.60_15.55_15.50_15.45_15.40_,31_68_380_25_143_
12:51:25,15.65,5,3058,15.65_15.70_15.75_15.80_15.85_,2_61_26_47_12_,15.60_15.55_15.50_15.45_15.40_,39_68_381_25_143_
12:54:14,15.60,1,3086,15.65_15.70_15.75_15.80_15.85_,22_60_26_47_12_,15.60_15.55_15.50_15.45_15.40_,53_59_387_23_149_
12:54:14,15.60,1,3086,15.65_15.70_15.75_15.80_15.85_,22_60_26_47_12_,15.60_15.55_15.50_15.45_15.40_,53_59_387_23_149_
12:55:16,15.60,1,3096,15.65_15.70_15.75_15.80_15.85_,39_60_13_47_12_,15.60_15.55_15.50_15.45_15.40_,46_59_387_23_147_
12:58:21,15.55,1,3176,15.60_15.65_15.70_15.75_15.80_,55_39_61_14_43_,15.55_15.50_15.45_15.40_15.35_,41_326_87_148_13_
12:58:31,15.55,1,3176,15.60_15.65_15.70_15.75_15.80_,55_39_61_14_43_,15.55_15.50_15.45_15.40_15.35_,41_326_105_148_13_
12:58:36,15.55,1,3176,15.60_15.65_15.70_15.75_15.80_,46_39_61_14_43_,15.55_15.50_15.45_15.40_15.35_,41_325_105_148_13_
12:59:22,15.55,1,3230,15.60_15.65_15.70_15.75_15.80_,45_18_61_16_43_,15.55_15.50_15.45_15.40_15.35_,4_331_105_154_13_
