09:00:03,15.85,326,326,15.85_15.90_15.95_16.00_16.05_,539_1733_1754_3044_1248_,15.80_15.75_15.70_15.65_15.60_,372_616_1229_489_417_
09:00:08,15.80,1,327,15.85_15.90_15.95_16.00_16.05_,568_1708_1754_3049_1248_,15.80_15.75_15.70_15.65_15.60_,422_616_1229_489_417_
09:00:13,15.80,1,327,15.85_15.90_15.95_16.00_16.05_,570_1875_1754_3049_1248_,15.80_15.75_15.70_15.65_15.60_,488_616_1230_552_417_
09:00:18,15.80,1,327,15.85_15.90_15.95_16.00_16.05_,583_1899_1754_3049_1248_,15.80_15.75_15.70_15.65_15.60_,488_622_1230_552_417_
09:00:24,15.80,1,327,15.85_15.90_15.95_16.00_16.05_,583_1899_1754_3049_1248_,15.80_15.75_15.70_15.65_15.60_,501_622_1230_552_417_
09:00:39,15.80,1,327,15.85_15.90_15.95_16.00_16.05_,583_1899_1754_3049_1248_,15.80_15.75_15.70_15.65_15.60_,555_622_1330_654_617_
09:00:44,15.80,1,327,15.85_15.90_15.95_16.00_16.05_,583_1899_1754_3049_1248_,15.80_15.75_15.70_15.65_15.60_,585_622_1330_654_617_
09:00:49,15.80,1,327,15.85_15.90_15.95_16.00_16.05_,583_1908_1754_3049_1248_,15.80_15.75_15.70_15.65_15.60_,599_623_1330_654_618_
09:00:54,15.80,1,327,15.85_15.90_15.95_16.00_16.05_,583_1908_1754_3049_1248_,15.80_15.75_15.70_15.65_15.60_,599_623_1331_654_618_
09:03:02,15.85,44,925,15.90_15.95_16.00_16.05_16.10_,1908_2005_3063_1249_660_,15.85_15.80_15.75_15.70_15.65_,96_629_689_1342_667_
09:03:07,15.85,44,925,15.90_15.95_16.00_16.05_16.10_,1742_1932_3576_1249_660_,15.85_15.80_15.75_15.70_15.65_,176_587_765_1414_604_
09:03:12,15.85,44,925,15.90_15.95_16.00_16.05_16.10_,1742_1932_3576_1249_660_,15.85_15.80_15.75_15.70_15.65_,175_589_765_1414_604_
09:03:18,15.85,44,925,15.90_15.95_16.00_16.05_16.10_,1742_1932_3576_1249_660_,15.85_15.80_15.75_15.70_15.65_,177_587_765_1414_604_
09:03:23,15.85,44,925,15.90_15.95_16.00_16.05_16.10_,1742_1932_3578_1249_660_,15.85_15.80_15.75_15.70_15.65_,185_579_765_1414_604_
09:03:28,15.85,1,926,15.90_15.95_16.00_16.05_16.10_,1742_1932_3579_1249_660_,15.85_15.80_15.75_15.70_15.65_,191_579_765_1419_604_
09:03:53,15.90,5,939,15.90_15.95_16.00_16.05_16.10_,1736_1932_3584_1252_661_,15.85_15.80_15.75_15.70_15.65_,218_639_765_1428_604_
09:03:59,15.90,5,939,15.90_15.95_16.00_16.05_16.10_,1736_2083_3584_1252_661_,15.85_15.80_15.75_15.70_15.65_,220_639_765_1428_604_
09:04:24,15.90,5,1009,15.90_15.95_16.00_16.05_16.10_,1680_2101_3586_1252_662_,15.85_15.80_15.75_15.70_15.65_,322_639_766_1428_604_
09:04:29,15.90,5,1009,15.90_15.95_16.00_16.05_16.10_,1680_2101_3586_1252_662_,15.85_15.80_15.75_15.70_15.65_,322_649_766_1428_604_
09:06:12,15.90,5,1050,15.90_15.95_16.00_16.05_16.10_,1654_2191_3523_1268_675_,15.85_15.80_15.75_15.70_15.65_,453_616_771_1431_610_
09:06:27,15.90,4,1054,15.90_15.95_16.00_16.05_16.10_,1650_2191_3523_1268_675_,15.85_15.80_15.75_15.70_15.65_,453_618_771_1435_610_
09:07:03,15.85,2,1066,15.90_15.95_16.00_16.05_16.10_,1642_2119_3644_1268_675_,15.85_15.80_15.75_15.70_15.65_,450_621_774_1442_610_
09:07:55,15.90,10,1125,15.90_15.95_16.00_16.05_16.10_,1694_2225_3564_1268_680_,15.85_15.80_15.75_15.70_15.65_,475_624_774_1445_622_
09:08:05,15.90,10,1125,15.90_15.95_16.00_16.05_16.10_,1694_2225_3565_1268_680_,15.85_15.80_15.75_15.70_15.65_,475_624_774_1445_632_
09:08:10,15.90,10,1125,15.90_15.95_16.00_16.05_16.10_,1695_2225_3566_1268_680_,15.85_15.80_15.75_15.70_15.65_,475_624_774_1445_632_
09:08:20,15.90,10,1125,15.90_15.95_16.00_16.05_16.10_,1598_2225_3566_1268_743_,15.85_15.80_15.75_15.70_15.65_,475_624_774_1445_632_
09:09:06,15.90,2,1132,15.90_15.95_16.00_16.05_16.10_,1592_2237_3566_1268_743_,15.85_15.80_15.75_15.70_15.65_,478_634_779_1445_632_
09:09:42,15.90,5,1144,15.90_15.95_16.00_16.05_16.10_,1650_2241_3568_1268_746_,15.85_15.80_15.75_15.70_15.65_,475_635_781_1452_632_
09:10:03,15.90,6,1150,15.90_15.95_16.00_16.05_16.10_,1644_2241_3568_1268_749_,15.85_15.80_15.75_15.70_15.65_,474_638_781_1452_632_
09:10:08,15.90,54,1204,15.90_15.95_16.00_16.05_16.10_,1590_2229_3568_1270_749_,15.85_15.80_15.75_15.70_15.65_,481_638_781_1452_632_
09:10:44,15.90,3,1221,15.90_15.95_16.00_16.05_16.10_,1573_2230_3569_1275_756_,15.85_15.80_15.75_15.70_15.65_,495_640_786_1455_632_
09:11:24,15.90,4,1231,15.90_15.95_16.00_16.05_16.10_,1578_2258_3568_1275_758_,15.85_15.80_15.75_15.70_15.65_,491_640_787_1455_632_
09:11:45,15.90,2,1234,15.90_15.95_16.00_16.05_16.10_,1578_2172_3656_1275_758_,15.85_15.80_15.75_15.70_15.65_,503_666_787_1455_635_
09:11:50,15.90,1,1235,15.90_15.95_16.00_16.05_16.10_,1577_2258_3570_1275_758_,15.85_15.80_15.75_15.70_15.65_,503_666_787_1455_635_
09:12:00,15.90,1,1235,15.90_15.95_16.00_16.05_16.10_,1577_2258_3570_1275_758_,15.85_15.80_15.75_15.70_15.65_,504_666_787_1455_635_
09:12:57,15.90,5,1257,15.90_15.95_16.00_16.05_16.10_,1556_2269_3572_1275_758_,15.85_15.80_15.75_15.70_15.65_,507_666_808_1455_635_
09:13:02,15.90,5,1257,15.90_15.95_16.00_16.05_16.10_,1556_2269_3572_1275_759_,15.85_15.80_15.75_15.70_15.65_,508_668_810_1455_635_
09:13:07,15.90,5,1257,15.90_15.95_16.00_16.05_16.10_,1556_2181_3660_1275_759_,15.85_15.80_15.75_15.70_15.65_,508_669_810_1455_635_
09:13:12,15.90,48,1305,15.90_15.95_16.00_16.05_16.10_,1508_2181_3660_1275_759_,15.85_15.80_15.75_15.70_15.65_,497_661_810_1460_635_
09:13:17,15.90,17,1322,15.90_15.95_16.00_16.05_16.10_,1491_2181_3662_1275_759_,15.85_15.80_15.75_15.70_15.65_,496_661_811_1461_635_
09:14:03,15.90,7,1334,15.90_15.95_16.00_16.05_16.10_,1955_2269_3603_799_759_,15.85_15.80_15.75_15.70_15.65_,491_654_851_1473_636_
09:14:54,15.90,5,1379,15.90_15.95_16.00_16.05_16.10_,2231_2299_3605_588_759_,15.85_15.80_15.75_15.70_15.65_,734_655_851_1473_638_
09:15:40,15.90,4,1386,15.90_15.95_16.00_16.05_16.10_,2133_2214_3711_589_760_,15.85_15.80_15.75_15.70_15.65_,1062_656_852_1473_638_
09:15:46,15.90,11,1397,15.90_15.95_16.00_16.05_16.10_,2122_2214_3711_589_760_,15.85_15.80_15.75_15.70_15.65_,1059_656_852_1473_638_
09:15:51,15.85,1,1398,15.90_15.95_16.00_16.05_16.10_,2124_2214_3711_589_760_,15.85_15.80_15.75_15.70_15.65_,1058_656_852_1473_638_
09:15:56,15.85,1,1398,15.90_15.95_16.00_16.05_16.10_,2124_2213_3721_589_760_,15.85_15.80_15.75_15.70_15.65_,1056_606_852_1473_638_
09:17:03,15.90,16,1437,15.90_15.95_16.00_16.05_16.10_,2085_2214_3723_590_760_,15.85_15.80_15.75_15.70_15.65_,1099_581_854_1482_637_
09:17:49,15.90,18,1569,15.90_15.95_16.00_16.05_16.10_,1964_2230_3728_590_761_,15.85_15.80_15.75_15.70_15.65_,1112_582_856_1483_637_
09:17:59,15.90,2,1571,15.90_15.95_16.00_16.05_16.10_,1972_2230_3728_590_761_,15.85_15.80_15.75_15.70_15.65_,1161_582_856_1483_637_
09:19:21,15.90,24,1714,15.90_15.95_16.00_16.05_16.10_,1842_2230_3730_590_762_,15.85_15.80_15.75_15.70_15.65_,1365_594_896_1505_637_
09:19:26,15.90,13,1727,15.90_15.95_16.00_16.05_16.10_,1829_2230_3730_590_762_,15.85_15.80_15.75_15.70_15.65_,1356_594_896_1505_637_
09:19:31,15.90,4,1731,15.90_15.95_16.00_16.05_16.10_,1825_2230_3730_590_762_,15.85_15.80_15.75_15.70_15.65_,1365_594_896_1505_637_
09:19:36,15.90,4,1731,15.90_15.95_16.00_16.05_16.10_,1825_2230_3730_590_762_,15.85_15.80_15.75_15.70_15.65_,1368_594_896_1506_637_
09:19:41,15.90,12,1743,15.90_15.95_16.00_16.05_16.10_,1813_2230_3730_590_762_,15.85_15.80_15.75_15.70_15.65_,1369_594_896_1506_637_
09:19:46,15.90,12,1743,15.90_15.95_16.00_16.05_16.10_,1813_2230_3730_590_762_,15.85_15.80_15.75_15.70_15.65_,1370_594_899_1506_637_
09:20:12,15.90,4,1747,15.90_15.95_16.00_16.05_16.10_,1809_2230_3732_590_762_,15.85_15.80_15.75_15.70_15.65_,1370_596_899_1506_637_
09:20:22,15.90,3,1750,15.90_15.95_16.00_16.05_16.10_,1806_2230_3742_590_762_,15.85_15.80_15.75_15.70_15.65_,1367_596_899_1506_637_
09:20:27,15.90,3,1750,15.90_15.95_16.00_16.05_16.10_,1806_2230_3742_590_782_,15.85_15.80_15.75_15.70_15.65_,1367_596_899_1506_637_
09:20:32,15.90,5,1755,15.90_15.95_16.00_16.05_16.10_,1801_2230_3742_590_782_,15.85_15.80_15.75_15.70_15.65_,1372_596_899_1506_637_
09:21:24,15.85,1,1768,15.90_15.95_16.00_16.05_16.10_,1799_2230_3743_590_782_,15.85_15.80_15.75_15.70_15.65_,1419_598_904_1506_637_
09:21:34,15.85,1,1768,15.90_15.95_16.00_16.05_16.10_,1799_2230_3743_590_782_,15.85_15.80_15.75_15.70_15.65_,1424_598_904_1506_637_
09:21:39,15.85,1,1769,15.90_15.95_16.00_16.05_16.10_,1799_2230_3743_590_782_,15.85_15.80_15.75_15.70_15.65_,1423_598_904_1506_637_
09:21:44,15.90,5,1774,15.90_15.95_16.00_16.05_16.10_,1794_2230_3743_590_782_,15.85_15.80_15.75_15.70_15.65_,1415_598_904_1506_637_
09:22:25,15.90,7,1794,15.90_15.95_16.00_16.05_16.10_,1776_2231_3758_592_782_,15.85_15.80_15.75_15.70_15.65_,1421_599_901_1506_637_
09:24:38,15.85,1,1857,15.90_15.95_16.00_16.05_16.10_,1726_2238_3773_592_782_,15.85_15.80_15.75_15.70_15.65_,1447_623_930_1506_639_
09:24:43,15.85,1,1858,15.90_15.95_16.00_16.05_16.10_,1726_2238_3773_592_782_,15.85_15.80_15.75_15.70_15.65_,1446_623_930_1506_639_
09:24:54,15.90,2,1860,15.90_15.95_16.00_16.05_16.10_,1724_2238_3773_592_782_,15.85_15.80_15.75_15.70_15.65_,1449_623_930_1506_639_
09:25:30,15.90,4,1892,15.90_15.95_16.00_16.05_16.10_,1694_2238_3773_592_782_,15.85_15.80_15.75_15.70_15.65_,1449_623_936_1506_639_
09:25:45,15.90,4,1892,15.90_15.95_16.00_16.05_16.10_,1694_2238_3774_592_782_,15.85_15.80_15.75_15.70_15.65_,1456_626_936_1508_639_
09:27:33,15.90,53,2643,15.90_15.95_16.00_16.05_16.10_,959_2281_3815_597_808_,15.85_15.80_15.75_15.70_15.65_,1472_640_937_1510_639_
09:27:38,15.90,53,2696,15.90_15.95_16.00_16.05_16.10_,906_2281_3815_597_808_,15.85_15.80_15.75_15.70_15.65_,1472_640_937_1510_639_
09:27:48,15.90,7,2709,15.90_15.95_16.00_16.05_16.10_,893_2281_3815_597_808_,15.85_15.80_15.75_15.70_15.65_,1485_640_937_1510_639_
09:28:29,15.90,483,3346,15.90_15.95_16.00_16.05_16.10_,262_2281_3815_597_838_,15.85_15.80_15.75_15.70_15.65_,1504_638_939_1511_639_
09:29:00,15.90,10,3706,15.95_16.00_16.05_16.10_16.15_,2016_3459_1028_839_81_,15.90_15.85_15.80_15.75_15.70_,144_1445_713_960_1479_
09:29:10,15.90,10,3706,15.95_16.00_16.05_16.10_16.15_,2020_3458_1029_839_81_,15.90_15.85_15.80_15.75_15.70_,150_1454_713_970_1479_
09:29:15,15.90,5,3711,15.95_16.00_16.05_16.10_16.15_,2020_3458_1029_839_81_,15.90_15.85_15.80_15.75_15.70_,229_1451_713_970_1479_
09:29:30,15.90,5,3722,15.95_16.00_16.05_16.10_16.15_,2016_3459_1031_839_81_,15.90_15.85_15.80_15.75_15.70_,236_1435_723_970_1481_
09:29:36,15.90,5,3722,15.95_16.00_16.05_16.10_16.15_,2017_3458_1033_839_81_,15.90_15.85_15.80_15.75_15.70_,238_1435_725_970_1481_
09:29:41,15.90,1,3723,15.95_16.00_16.05_16.10_16.15_,2017_3458_1033_839_81_,15.90_15.85_15.80_15.75_15.70_,241_1435_730_970_1481_
09:29:46,15.90,5,3728,15.95_16.00_16.05_16.10_16.15_,2017_3458_1033_839_81_,15.90_15.85_15.80_15.75_15.70_,239_1434_730_970_1481_
09:29:51,15.90,5,3728,15.95_16.00_16.05_16.10_16.15_,2017_3458_1035_839_81_,15.90_15.85_15.80_15.75_15.70_,239_1435_730_970_1481_
09:29:56,15.90,5,3728,15.95_16.00_16.05_16.10_16.15_,2019_3461_1035_839_81_,15.90_15.85_15.80_15.75_15.70_,240_1436_730_972_1481_
09:30:01,15.90,5,3728,15.95_16.00_16.05_16.10_16.15_,2036_3463_1036_839_81_,15.90_15.85_15.80_15.75_15.70_,240_1436_731_972_1481_
09:30:06,15.90,7,3735,15.95_16.00_16.05_16.10_16.15_,2036_3463_1036_839_81_,15.90_15.85_15.80_15.75_15.70_,239_1436_731_972_1481_
09:30:11,15.95,3,3738,15.95_16.00_16.05_16.10_16.15_,2033_3465_1036_839_81_,15.90_15.85_15.80_15.75_15.70_,241_1436_729_972_1481_
09:30:17,15.95,1,3739,15.95_16.00_16.05_16.10_16.15_,2032_3650_852_844_81_,15.90_15.85_15.80_15.75_15.70_,240_1436_729_972_1481_
09:30:22,15.95,4,3743,15.95_16.00_16.05_16.10_16.15_,2029_3466_1036_844_81_,15.90_15.85_15.80_15.75_15.70_,236_1436_729_972_1481_
09:31:13,15.95,1,3756,15.95_16.00_16.05_16.10_16.15_,2029_3470_1036_844_81_,15.90_15.85_15.80_15.75_15.70_,309_1441_730_972_1482_
09:31:23,15.95,4,3760,15.95_16.00_16.05_16.10_16.15_,2025_3472_1036_844_81_,15.90_15.85_15.80_15.75_15.70_,306_1442_733_972_1487_
09:33:00,15.95,5,3804,15.95_16.00_16.05_16.10_16.15_,2022_3507_1051_844_85_,15.90_15.85_15.80_15.75_15.70_,359_1438_754_972_1497_
09:34:32,15.90,1,3865,15.95_16.00_16.05_16.10_16.15_,2007_3514_1057_850_85_,15.90_15.85_15.80_15.75_15.70_,388_1441_756_973_1502_
09:34:48,15.90,1,3870,15.95_16.00_16.05_16.10_16.15_,2004_3528_1056_850_85_,15.90_15.85_15.80_15.75_15.70_,384_1441_756_983_1502_
09:34:58,15.95,4,3877,15.95_16.00_16.05_16.10_16.15_,1997_3529_1056_850_96_,15.90_15.85_15.80_15.75_15.70_,377_1441_756_983_1502_
09:35:08,15.95,1,3884,15.95_16.00_16.05_16.10_16.15_,2049_3527_1058_850_96_,15.90_15.85_15.80_15.75_15.70_,376_1441_756_983_1502_
09:35:13,15.95,1,3884,15.95_16.00_16.05_16.10_16.15_,2049_3529_1056_850_96_,15.90_15.85_15.80_15.75_15.70_,382_1441_756_983_1502_
09:35:39,15.95,4,3888,15.95_16.00_16.05_16.10_16.15_,2053_3528_1059_850_97_,15.90_15.85_15.80_15.75_15.70_,384_1441_756_983_1502_
09:36:25,15.95,1,3906,15.95_16.00_16.05_16.10_16.15_,2086_3532_1059_850_102_,15.90_15.85_15.80_15.75_15.70_,590_1251_756_983_1502_
09:37:11,15.90,6,3924,15.95_16.00_16.05_16.10_16.15_,2073_3532_1061_850_102_,15.90_15.85_15.80_15.75_15.70_,639_1258_757_983_1502_
09:39:25,15.90,6,3954,15.95_16.00_16.05_16.10_16.15_,2125_3528_1070_850_102_,15.90_15.85_15.80_15.75_15.70_,1104_1069_763_936_1503_
09:39:30,15.90,6,3954,15.95_16.00_16.05_16.10_16.15_,2125_3528_1070_850_102_,15.90_15.85_15.80_15.75_15.70_,1110_1070_763_937_1503_
09:39:45,15.90,10,3964,15.95_16.00_16.05_16.10_16.15_,2139_3530_1070_850_102_,15.90_15.85_15.80_15.75_15.70_,1105_1070_763_937_1503_
09:42:34,15.90,1,4056,15.95_16.00_16.05_16.10_16.15_,2121_3539_1090_854_104_,15.90_15.85_15.80_15.75_15.70_,1133_1033_774_957_1508_
09:43:10,15.90,100,4156,15.95_16.00_16.05_16.10_16.15_,2122_3546_1093_854_102_,15.90_15.85_15.80_15.75_15.70_,1073_1030_776_957_1508_
09:44:06,15.90,10,4483,15.95_16.00_16.05_16.10_16.15_,2425_3542_1094_856_102_,15.90_15.85_15.80_15.75_15.70_,759_1034_776_957_1508_
09:44:16,15.90,10,4483,15.95_16.00_16.05_16.10_16.15_,2425_3548_1094_866_102_,15.90_15.85_15.80_15.75_15.70_,764_1037_776_957_1508_
09:44:21,15.95,3,4486,15.95_16.00_16.05_16.10_16.15_,2422_3548_1094_866_102_,15.90_15.85_15.80_15.75_15.70_,761_1037_776_957_1508_
09:44:37,15.90,10,4511,15.95_16.00_16.05_16.10_16.15_,2410_3548_1095_866_102_,15.90_15.85_15.80_15.75_15.70_,741_1037_781_957_1508_
09:44:42,15.90,11,4522,15.95_16.00_16.05_16.10_16.15_,2410_3548_1095_865_102_,15.90_15.85_15.80_15.75_15.70_,730_1037_781_957_1508_
09:44:47,15.90,12,4534,15.95_16.00_16.05_16.10_16.15_,2410_3549_1095_865_102_,15.90_15.85_15.80_15.75_15.70_,718_1037_781_957_1508_
09:44:52,15.90,10,4544,15.95_16.00_16.05_16.10_16.15_,2410_3549_1095_865_102_,15.90_15.85_15.80_15.75_15.70_,711_1038_781_957_1508_
09:44:57,15.95,34,4578,15.95_16.00_16.05_16.10_16.15_,2376_3549_1095_865_102_,15.90_15.85_15.80_15.75_15.70_,708_1044_781_958_1508_
09:45:43,15.95,2,4786,15.95_16.00_16.05_16.10_16.15_,2163_3656_1193_865_102_,15.90_15.85_15.80_15.75_15.70_,528_777_785_958_1509_
09:46:24,15.95,2,4789,15.95_16.00_16.05_16.10_16.15_,2175_3668_1193_865_102_,15.90_15.85_15.80_15.75_15.70_,556_777_785_958_1509_
09:46:40,15.95,2,4789,15.95_16.00_16.05_16.10_16.15_,2175_3668_1193_865_102_,15.90_15.85_15.80_15.75_15.70_,560_777_785_958_1509_
09:46:50,15.95,4,4793,15.95_16.00_16.05_16.10_16.15_,2171_3668_1193_865_102_,15.90_15.85_15.80_15.75_15.70_,562_779_785_958_1509_
09:46:55,15.95,4,4793,15.95_16.00_16.05_16.10_16.15_,2171_3668_1193_870_102_,15.90_15.85_15.80_15.75_15.70_,562_779_787_958_1509_
09:47:00,15.95,4,4793,15.95_16.00_16.05_16.10_16.15_,2166_3668_1193_870_102_,15.90_15.85_15.80_15.75_15.70_,562_779_787_958_1509_
09:47:10,15.90,4,4801,15.95_16.00_16.05_16.10_16.15_,2162_3668_1193_870_102_,15.90_15.85_15.80_15.75_15.70_,558_779_787_958_1509_
09:47:16,15.90,2,4803,15.95_16.00_16.05_16.10_16.15_,2162_3666_1197_870_102_,15.90_15.85_15.80_15.75_15.70_,556_779_787_958_1509_
09:48:38,15.95,10,4843,15.95_16.00_16.05_16.10_16.15_,2131_3699_1193_875_102_,15.90_15.85_15.80_15.75_15.70_,594_778_788_958_1510_
09:48:43,15.90,4,4847,15.95_16.00_16.05_16.10_16.15_,2131_3680_1193_875_102_,15.90_15.85_15.80_15.75_15.70_,592_777_788_958_1510_
09:48:48,15.90,4,4847,15.95_16.00_16.05_16.10_16.15_,2131_3677_1196_875_102_,15.90_15.85_15.80_15.75_15.70_,592_777_788_958_1510_
09:48:58,15.90,4,4851,15.95_16.00_16.05_16.10_16.15_,2131_3678_1196_875_102_,15.90_15.85_15.80_15.75_15.70_,594_774_788_958_1510_
09:50:15,15.95,1,4870,15.95_16.00_16.05_16.10_16.15_,2148_3677_1207_877_102_,15.90_15.85_15.80_15.75_15.70_,881_776_802_958_1510_
09:50:20,15.95,9,4879,15.95_16.00_16.05_16.10_16.15_,2139_3677_1207_877_102_,15.90_15.85_15.80_15.75_15.70_,877_776_802_958_1510_
09:50:25,15.95,9,4879,15.95_16.00_16.05_16.10_16.15_,2139_3679_1204_877_102_,15.90_15.85_15.80_15.75_15.70_,877_776_802_958_1510_
09:50:35,15.95,4,4883,15.95_16.00_16.05_16.10_16.15_,2136_3679_1204_877_102_,15.90_15.85_15.80_15.75_15.70_,873_776_802_958_1510_
09:51:21,15.90,1,4887,15.95_16.00_16.05_16.10_16.15_,2133_3678_1206_877_102_,15.90_15.85_15.80_15.75_15.70_,879_787_802_963_1510_
09:51:47,15.90,15,4904,15.95_16.00_16.05_16.10_16.15_,2131_3678_1207_877_102_,15.90_15.85_15.80_15.75_15.70_,919_787_802_963_1510_
09:52:02,15.90,15,4904,15.95_16.00_16.05_16.10_16.15_,2131_3678_1207_877_102_,15.90_15.85_15.80_15.75_15.70_,921_787_802_964_1510_
09:52:43,15.95,3,4919,15.95_16.00_16.05_16.10_16.15_,2121_3681_1204_877_102_,15.90_15.85_15.80_15.75_15.70_,875_797_802_964_1512_
09:52:59,15.95,4,4925,15.95_16.00_16.05_16.10_16.15_,2115_3681_1204_877_102_,15.90_15.85_15.80_15.75_15.70_,871_797_802_964_1512_
09:53:09,15.95,4,4929,15.95_16.00_16.05_16.10_16.15_,2111_3681_1204_877_102_,15.90_15.85_15.80_15.75_15.70_,870_797_802_964_1512_
09:54:26,15.95,10,4965,15.95_16.00_16.05_16.10_16.15_,2076_3687_1204_896_104_,15.90_15.85_15.80_15.75_15.70_,895_869_804_964_1512_
09:54:51,15.95,3,4969,15.95_16.00_16.05_16.10_16.15_,2072_3691_1254_896_104_,15.90_15.85_15.80_15.75_15.70_,912_871_804_964_1512_
09:55:07,15.95,4,4973,15.95_16.00_16.05_16.10_16.15_,2068_3691_1254_896_104_,15.90_15.85_15.80_15.75_15.70_,915_891_804_966_1512_
09:55:17,15.95,2,4975,15.95_16.00_16.05_16.10_16.15_,2069_3691_1254_896_104_,15.90_15.85_15.80_15.75_15.70_,913_891_804_966_1512_
09:55:43,15.95,2,4978,15.95_16.00_16.05_16.10_16.15_,2066_3692_1254_896_104_,15.90_15.85_15.80_15.75_15.70_,920_892_809_966_1512_
09:55:53,15.95,3,4985,15.95_16.00_16.05_16.10_16.15_,2059_3694_1254_896_104_,15.90_15.85_15.80_15.75_15.70_,919_891_809_966_1512_
09:55:58,15.95,5,4990,15.95_16.00_16.05_16.10_16.15_,2054_3694_1254_896_104_,15.90_15.85_15.80_15.75_15.70_,914_891_809_966_1512_
09:56:08,15.95,5,4990,15.95_16.00_16.05_16.10_16.15_,2054_3694_1254_896_104_,15.90_15.85_15.80_15.75_15.70_,915_891_809_976_1512_
09:56:13,15.95,3,4993,15.95_16.00_16.05_16.10_16.15_,2051_3694_1254_896_104_,15.90_15.85_15.80_15.75_15.70_,912_891_809_976_1512_
09:56:19,15.90,300,5293,15.95_16.00_16.05_16.10_16.15_,2051_3694_1254_896_104_,15.90_15.85_15.80_15.75_15.70_,615_891_809_976_1512_
09:56:24,15.95,63,5356,15.95_16.00_16.05_16.10_16.15_,1988_3692_1256_896_104_,15.90_15.85_15.80_15.75_15.70_,683_891_809_976_1512_
09:56:29,15.95,63,5356,15.95_16.00_16.05_16.10_16.15_,1988_3694_1254_896_104_,15.90_15.85_15.80_15.75_15.70_,683_891_809_976_1512_
09:56:39,15.95,5,5361,15.95_16.00_16.05_16.10_16.15_,1993_3494_1254_896_104_,15.90_15.85_15.80_15.75_15.70_,683_891_809_976_1512_
09:56:54,15.95,5,5361,15.95_16.00_16.05_16.10_16.15_,1993_3294_1254_896_104_,15.90_15.85_15.80_15.75_15.70_,691_891_809_976_1513_
09:57:10,15.95,4,5375,15.95_16.00_16.05_16.10_16.15_,1989_3322_1256_896_104_,15.90_15.85_15.80_15.75_15.70_,682_921_809_976_1513_
09:58:58,15.95,2,5410,15.95_16.00_16.05_16.10_16.15_,2093_3341_1294_918_114_,15.90_15.85_15.80_15.75_15.70_,415_926_864_997_1510_
09:59:03,15.90,9,5419,15.95_16.00_16.05_16.10_16.15_,2093_3342_1294_928_114_,15.90_15.85_15.80_15.75_15.70_,406_926_864_997_1510_
09:59:08,15.95,4,5423,15.95_16.00_16.05_16.10_16.15_,2089_3340_1296_928_114_,15.90_15.85_15.80_15.75_15.70_,408_926_864_997_1510_
09:59:13,15.90,1,5424,15.95_16.00_16.05_16.10_16.15_,2089_3342_1294_928_114_,15.90_15.85_15.80_15.75_15.70_,411_926_864_997_1510_
09:59:18,15.90,1,5424,15.95_16.00_16.05_16.10_16.15_,2089_3340_1296_928_114_,15.90_15.85_15.80_15.75_15.70_,405_926_864_997_1510_
09:59:23,15.90,1,5424,15.95_16.00_16.05_16.10_16.15_,2090_3340_1296_928_114_,15.90_15.85_15.80_15.75_15.70_,413_926_864_997_1510_
09:59:28,15.95,10,5434,15.95_16.00_16.05_16.10_16.15_,2080_3340_1296_928_114_,15.90_15.85_15.80_15.75_15.70_,414_926_904_997_1510_
09:59:33,15.95,10,5434,15.95_16.00_16.05_16.10_16.15_,2080_3341_1294_928_114_,15.90_15.85_15.80_15.75_15.70_,414_926_904_997_1510_
09:59:38,15.95,10,5434,15.95_16.00_16.05_16.10_16.15_,2090_3341_1294_928_114_,15.90_15.85_15.80_15.75_15.70_,414_926_904_997_1510_
09:59:44,15.95,4,5438,15.95_16.00_16.05_16.10_16.15_,2086_3342_1294_928_114_,15.90_15.85_15.80_15.75_15.70_,414_926_904_997_1510_
09:59:49,15.95,4,5442,15.95_16.00_16.05_16.10_16.15_,2083_3343_1294_928_114_,15.90_15.85_15.80_15.75_15.70_,423_926_905_997_1510_
09:59:54,15.95,3,5445,15.95_16.00_16.05_16.10_16.15_,2080_3343_1294_928_114_,15.90_15.85_15.80_15.75_15.70_,423_926_905_997_1510_
09:59:59,15.95,3,5448,15.95_16.00_16.05_16.10_16.15_,2077_3344_1294_928_114_,15.90_15.85_15.80_15.75_15.70_,424_926_905_1017_1510_
10:01:26,15.95,1,5475,15.95_16.00_16.05_16.10_16.15_,2069_3351_1314_929_114_,15.90_15.85_15.80_15.75_15.70_,452_947_912_1007_1513_
10:02:27,15.90,1,5499,15.95_16.00_16.05_16.10_16.15_,2075_3337_1317_934_114_,15.90_15.85_15.80_15.75_15.70_,456_944_915_1007_1513_
10:04:20,15.95,5,5537,15.95_16.00_16.05_16.10_16.15_,2059_3346_1314_935_114_,15.90_15.85_15.80_15.75_15.70_,476_969_921_1007_1513_
10:05:22,15.95,1,5547,15.95_16.00_16.05_16.10_16.15_,2066_3337_1314_937_114_,15.90_15.85_15.80_15.75_15.70_,473_969_931_1007_1513_
10:05:32,15.95,1,5547,15.95_16.00_16.05_16.10_16.15_,2066_3337_1314_951_114_,15.90_15.85_15.80_15.75_15.70_,470_969_931_1007_1513_
10:05:52,15.95,4,5551,15.95_16.00_16.05_16.10_16.15_,2062_3337_1314_951_114_,15.90_15.85_15.80_15.75_15.70_,476_974_932_1008_1513_
10:05:58,15.95,7,5558,15.95_16.00_16.05_16.10_16.15_,2056_3337_1314_951_114_,15.90_15.85_15.80_15.75_15.70_,466_974_932_1008_1513_
10:06:03,15.95,7,5558,15.95_16.00_16.05_16.10_16.15_,2056_3337_1314_951_114_,15.90_15.85_15.80_15.75_15.70_,471_974_932_1008_1513_
10:06:08,15.95,2,5560,15.95_16.00_16.05_16.10_16.15_,2054_3337_1314_951_114_,15.90_15.85_15.80_15.75_15.70_,464_974_932_1008_1513_
10:06:13,15.95,2,5560,15.95_16.00_16.05_16.10_16.15_,2054_3337_1314_951_114_,15.90_15.85_15.80_15.75_15.70_,473_969_932_1008_1513_
10:06:18,15.95,2,5560,15.95_16.00_16.05_16.10_16.15_,2054_3337_1314_951_114_,15.90_15.85_15.80_15.75_15.70_,469_969_932_1008_1513_
10:07:20,15.90,1,5572,15.95_16.00_16.05_16.10_16.15_,2045_3360_1314_951_114_,15.90_15.85_15.80_15.75_15.70_,471_970_932_1008_1513_
10:08:47,15.90,1,5592,15.95_16.00_16.05_16.10_16.15_,2056_3361_1287_1002_115_,15.90_15.85_15.80_15.75_15.70_,915_970_933_1008_1512_
10:09:23,15.95,4,5602,15.95_16.00_16.05_16.10_16.15_,1955_3362_1284_1002_115_,15.90_15.85_15.80_15.75_15.70_,1025_970_933_1008_1512_
10:09:28,15.90,1,5603,15.95_16.00_16.05_16.10_16.15_,1955_3362_1284_1002_115_,15.90_15.85_15.80_15.75_15.70_,1024_970_934_1008_1512_
10:09:33,15.95,1,5604,15.95_16.00_16.05_16.10_16.15_,1954_3360_1286_1002_115_,15.90_15.85_15.80_15.75_15.70_,1018_970_935_1008_1512_
10:09:38,15.95,1,5604,15.95_16.00_16.05_16.10_16.15_,1954_3362_1284_1002_115_,15.90_15.85_15.80_15.75_15.70_,1025_970_935_1008_1512_
10:10:40,15.95,1,5624,15.95_16.00_16.05_16.10_16.15_,2124_3380_1284_1002_115_,15.90_15.85_15.80_15.75_15.70_,567_970_935_1008_1516_
10:10:45,15.95,8,5632,15.95_16.00_16.05_16.10_16.15_,2116_3380_1284_1002_115_,15.90_15.85_15.80_15.75_15.70_,568_970_937_1013_1516_
10:10:50,15.90,2,5634,15.95_16.00_16.05_16.10_16.15_,2116_3380_1284_1002_115_,15.90_15.85_15.80_15.75_15.70_,572_970_937_1013_1516_
10:10:55,15.95,2,5636,15.95_16.00_16.05_16.10_16.15_,2115_3377_1287_1002_115_,15.90_15.85_15.80_15.75_15.70_,573_970_937_1013_1516_
10:11:00,15.95,4,5640,15.95_16.00_16.05_16.10_16.15_,2111_3380_1284_1002_115_,15.90_15.85_15.80_15.75_15.70_,569_970_937_1013_1516_
10:12:02,15.95,3,5647,15.95_16.00_16.05_16.10_16.15_,2014_3381_1284_1002_115_,15.90_15.85_15.80_15.75_15.70_,603_970_939_1013_1517_
10:12:12,15.95,67,5714,15.95_16.00_16.05_16.10_16.15_,1947_3406_1284_1002_115_,15.90_15.85_15.80_15.75_15.70_,599_970_939_1013_1517_
10:12:22,15.95,67,5714,15.95_16.00_16.05_16.10_16.15_,1956_3406_1284_1002_115_,15.90_15.85_15.80_15.75_15.70_,601_970_939_1013_1517_
10:12:27,15.95,63,5777,15.95_16.00_16.05_16.10_16.15_,1823_3406_1284_1002_115_,15.90_15.85_15.80_15.75_15.70_,614_953_939_1013_1517_
10:12:32,15.95,5,5782,15.95_16.00_16.05_16.10_16.15_,1818_3407_1284_1002_115_,15.90_15.85_15.80_15.75_15.70_,632_953_939_1013_1516_
10:12:43,15.95,132,5919,15.95_16.00_16.05_16.10_16.15_,1681_3407_1284_1002_115_,15.90_15.85_15.80_15.75_15.70_,652_949_944_1013_1516_
10:13:13,15.95,7,5972,15.95_16.00_16.05_16.10_16.15_,1629_3407_1289_1007_115_,15.90_15.85_15.80_15.75_15.70_,670_947_946_1013_1516_
10:13:18,15.95,7,5972,15.95_16.00_16.05_16.10_16.15_,1629_3407_1289_1007_115_,15.90_15.85_15.80_15.75_15.70_,674_947_946_1013_1516_
10:13:24,15.95,1,5973,15.95_16.00_16.05_16.10_16.15_,1628_3407_1289_1007_115_,15.90_15.85_15.80_15.75_15.70_,673_947_948_1013_1516_
10:13:29,15.95,1,5974,15.95_16.00_16.05_16.10_16.15_,1627_3407_1289_1002_115_,15.90_15.85_15.80_15.75_15.70_,673_947_948_1013_1516_
10:13:34,15.95,1,5974,15.95_16.00_16.05_16.10_16.15_,1627_3407_1289_1002_115_,15.90_15.85_15.80_15.75_15.70_,739_947_950_1013_1516_
10:13:54,15.95,13,5990,15.95_16.00_16.05_16.10_16.15_,1611_3407_1289_1002_115_,15.90_15.85_15.80_15.75_15.70_,741_947_950_1013_1516_
10:14:46,15.95,4,6010,15.95_16.00_16.05_16.10_16.15_,1644_3415_1289_1004_115_,15.90_15.85_15.80_15.75_15.70_,811_987_1008_1013_1516_
10:14:51,15.95,4,6010,15.95_16.00_16.05_16.10_16.15_,1644_3415_1290_1004_115_,15.90_15.85_15.80_15.75_15.70_,1100_987_1008_1013_1516_
10:14:56,15.95,7,6017,15.95_16.00_16.05_16.10_16.15_,1637_3416_1290_1004_115_,15.90_15.85_15.80_15.75_15.70_,1101_987_1008_1013_1516_
10:15:01,15.95,26,6043,15.95_16.00_16.05_16.10_16.15_,1611_3416_1292_1004_115_,15.90_15.85_15.80_15.75_15.70_,1383_987_1008_1013_1516_
10:15:06,15.95,1,6044,15.95_16.00_16.05_16.10_16.15_,1612_3456_1292_1004_115_,15.90_15.85_15.80_15.75_15.70_,1418_987_1008_1013_1516_
10:15:11,15.95,4,6048,15.95_16.00_16.05_16.10_16.15_,1608_3456_1292_1004_115_,15.90_15.85_15.80_15.75_15.70_,1447_987_1008_1013_1516_
10:15:52,15.95,8,6109,15.95_16.00_16.05_16.10_16.15_,1565_3455_1292_1004_115_,15.90_15.85_15.80_15.75_15.70_,1457_988_1003_1012_1516_
10:15:57,15.95,6,6115,15.95_16.00_16.05_16.10_16.15_,1559_3455_1292_1004_115_,15.90_15.85_15.80_15.75_15.70_,1457_988_1003_1012_1516_
10:18:11,15.95,1,6200,15.95_16.00_16.05_16.10_16.15_,1504_3460_1295_1007_115_,15.90_15.85_15.80_15.75_15.70_,1489_1027_983_1007_1505_
10:19:17,15.90,5,6232,15.95_16.00_16.05_16.10_16.15_,1541_3462_1295_1007_117_,15.90_15.85_15.80_15.75_15.70_,1472_1026_934_1007_1505_
10:19:28,15.90,5,6237,15.95_16.00_16.05_16.10_16.15_,1541_3467_1295_1007_117_,15.90_15.85_15.80_15.75_15.70_,1450_1026_934_1024_1505_
10:19:43,15.90,5,6237,15.95_16.00_16.05_16.10_16.15_,1541_3470_1295_1007_119_,15.90_15.85_15.80_15.75_15.70_,1448_1026_934_1024_1505_
10:19:53,15.95,4,6241,15.95_16.00_16.05_16.10_16.15_,1539_3480_1295_1007_119_,15.90_15.85_15.80_15.75_15.70_,1448_1026_934_1024_1505_
10:19:58,15.95,4,6241,15.95_16.00_16.05_16.10_16.15_,1639_3481_1295_1007_119_,15.90_15.85_15.80_15.75_15.70_,1450_1026_934_1024_1505_
10:20:04,15.95,4,6241,15.95_16.00_16.05_16.10_16.15_,1640_3481_1295_1007_119_,15.90_15.85_15.80_15.75_15.70_,1451_1026_934_1024_1505_
10:20:14,15.95,24,6265,15.95_16.00_16.05_16.10_16.15_,1616_3490_1295_1007_119_,15.90_15.85_15.80_15.75_15.70_,1464_1026_934_1024_1505_
10:20:19,15.90,2,6267,15.95_16.00_16.05_16.10_16.15_,1615_3490_1295_1007_119_,15.90_15.85_15.80_15.75_15.70_,1467_1026_934_1024_1505_
10:21:51,15.95,1,6290,15.95_16.00_16.05_16.10_16.15_,1622_3490_1295_1017_119_,15.90_15.85_15.80_15.75_15.70_,1486_1027_934_1007_1505_
10:28:00,15.95,3,6424,15.95_16.00_16.05_16.10_16.15_,1530_3502_1305_1017_120_,15.90_15.85_15.80_15.75_15.70_,820_1032_945_1009_1525_
10:28:05,15.95,3,6424,15.95_16.00_16.05_16.10_16.15_,1530_3502_1305_1017_120_,15.90_15.85_15.80_15.75_15.70_,806_1032_945_1026_1525_
10:28:21,15.90,1,6432,15.95_16.00_16.05_16.10_16.15_,1523_3462_1305_1022_120_,15.90_15.85_15.80_15.75_15.70_,800_1032_945_1026_1525_
10:28:41,15.95,6,6444,15.95_16.00_16.05_16.10_16.15_,1541_3462_1305_1022_120_,15.90_15.85_15.80_15.75_15.70_,795_1032_945_1026_1525_
10:28:52,15.95,3,6447,15.95_16.00_16.05_16.10_16.15_,1538_3452_1305_1022_120_,15.90_15.85_15.80_15.75_15.70_,795_1032_946_1026_1525_
10:29:02,15.95,3,6447,15.95_16.00_16.05_16.10_16.15_,1538_3452_1305_1022_120_,15.90_15.85_15.80_15.75_15.70_,798_1032_946_1026_1525_
10:29:07,15.90,15,6462,15.95_16.00_16.05_16.10_16.15_,1538_3437_1305_1022_120_,15.90_15.85_15.80_15.75_15.70_,783_1032_946_1026_1525_
10:29:12,15.90,15,6462,15.95_16.00_16.05_16.10_16.15_,1538_3437_1305_1022_120_,15.90_15.85_15.80_15.75_15.70_,783_1033_946_1026_1525_
10:30:24,15.95,3,6473,15.95_16.00_16.05_16.10_16.15_,1519_3437_1307_1032_120_,15.90_15.85_15.80_15.75_15.70_,776_1033_946_1026_1524_
10:30:29,15.95,3,6473,15.95_16.00_16.05_16.10_16.15_,1559_3437_1307_1032_120_,15.90_15.85_15.80_15.75_15.70_,776_1034_946_1026_1524_
10:30:34,15.95,3,6473,15.95_16.00_16.05_16.10_16.15_,1691_3437_1307_1032_120_,15.90_15.85_15.80_15.75_15.70_,777_1034_946_1026_1524_
10:30:39,15.95,3,6473,15.95_16.00_16.05_16.10_16.15_,1691_3437_1307_1042_120_,15.90_15.85_15.80_15.75_15.70_,777_1034_946_1026_1524_
10:30:44,15.95,3,6473,15.95_16.00_16.05_16.10_16.15_,1691_3437_1307_1042_120_,15.90_15.85_15.80_15.75_15.70_,777_1034_945_1026_1524_
10:31:10,15.90,3,6484,15.95_16.00_16.05_16.10_16.15_,1681_3437_1307_1042_120_,15.90_15.85_15.80_15.75_15.70_,773_1040_945_1026_1524_
10:32:16,15.95,2,6495,15.95_16.00_16.05_16.10_16.15_,2096_3438_1307_1042_120_,15.90_15.85_15.80_15.75_15.70_,770_1054_924_1026_1524_
10:32:27,15.95,2,6495,15.95_16.00_16.05_16.10_16.15_,2096_3438_1307_1042_120_,15.90_15.85_15.80_15.75_15.70_,770_1055_924_1026_1524_
10:32:32,15.95,2,6495,15.95_16.00_16.05_16.10_16.15_,2096_3448_1307_1042_120_,15.90_15.85_15.80_15.75_15.70_,770_1055_924_1026_1524_
10:32:37,15.90,60,6555,15.95_16.00_16.05_16.10_16.15_,2096_3448_1307_1042_120_,15.90_15.85_15.80_15.75_15.70_,710_1055_924_1026_1524_
10:32:42,15.90,60,6555,15.95_16.00_16.05_16.10_16.15_,2096_3448_1307_1042_120_,15.90_15.85_15.80_15.75_15.70_,711_1054_924_1026_1524_
10:32:57,15.95,4,6560,15.95_16.00_16.05_16.10_16.15_,2093_3448_1307_1042_120_,15.90_15.85_15.80_15.75_15.70_,1088_1054_924_1026_1524_
10:33:02,15.95,4,6560,15.95_16.00_16.05_16.10_16.15_,2093_3448_1307_1042_120_,15.90_15.85_15.80_15.75_15.70_,1091_1054_924_1026_1524_
10:33:08,15.95,3,6563,15.95_16.00_16.05_16.10_16.15_,2100_3448_1307_1042_120_,15.90_15.85_15.80_15.75_15.70_,1088_1054_924_1026_1524_
10:33:28,15.95,4,6567,15.95_16.00_16.05_16.10_16.15_,2095_3448_1307_1042_120_,15.90_15.85_15.80_15.75_15.70_,1272_1054_924_1026_1524_
10:34:24,15.90,1,6590,15.95_16.00_16.05_16.10_16.15_,2095_3449_1309_1042_130_,15.90_15.85_15.80_15.75_15.70_,1215_1055_925_1026_1524_
10:35:00,15.95,4,6606,15.95_16.00_16.05_16.10_16.15_,2083_3460_1311_1042_130_,15.90_15.85_15.80_15.75_15.70_,1315_1054_925_1026_1524_
10:35:05,15.95,4,6606,15.95_16.00_16.05_16.10_16.15_,2083_3460_1311_1042_130_,15.90_15.85_15.80_15.75_15.70_,1322_1054_925_1026_1524_
10:35:10,15.90,2,6608,15.95_16.00_16.05_16.10_16.15_,2083_3460_1311_1042_130_,15.90_15.85_15.80_15.75_15.70_,1321_1054_925_1026_1524_
10:35:16,15.95,4,6612,15.95_16.00_16.05_16.10_16.15_,2079_3474_1311_1042_130_,15.90_15.85_15.80_15.75_15.70_,1317_1054_925_1026_1524_
10:36:02,15.90,1,6618,15.95_16.00_16.05_16.10_16.15_,2074_3474_1311_1042_130_,15.90_15.85_15.80_15.75_15.70_,1329_1053_929_1026_1525_
10:36:12,15.95,4,6622,15.95_16.00_16.05_16.10_16.15_,2072_3474_1311_1042_130_,15.90_15.85_15.80_15.75_15.70_,1325_1053_929_1026_1525_
10:36:38,15.95,1,6628,15.95_16.00_16.05_16.10_16.15_,2066_3477_1311_1042_130_,15.90_15.85_15.80_15.75_15.70_,1527_1053_929_1026_1525_
10:36:48,15.95,1,6628,15.95_16.00_16.05_16.10_16.15_,2066_3477_1316_1042_130_,15.90_15.85_15.80_15.75_15.70_,1527_1053_929_1026_1525_
10:36:53,15.95,1,6629,15.95_16.00_16.05_16.10_16.15_,2069_3477_1316_1042_130_,15.90_15.85_15.80_15.75_15.70_,1531_1053_929_1026_1525_
10:38:05,15.90,70,6720,15.95_16.00_16.05_16.10_16.15_,1990_3474_1316_1042_130_,15.90_15.85_15.80_15.75_15.70_,747_1053_931_1027_1525_
10:38:10,15.95,5,6725,15.95_16.00_16.05_16.10_16.15_,1985_3474_1316_1042_130_,15.90_15.85_15.80_15.75_15.70_,742_1053_931_1027_1525_
10:38:20,15.95,2,6727,15.95_16.00_16.05_16.10_16.15_,1983_3474_1316_1042_130_,15.90_15.85_15.80_15.75_15.70_,739_1053_931_1027_1525_
10:38:56,15.90,1,6787,15.95_16.00_16.05_16.10_16.15_,1954_3474_1316_1042_130_,15.90_15.85_15.80_15.75_15.70_,689_1053_932_1027_1525_
10:40:08,15.95,4,6808,15.95_16.00_16.05_16.10_16.15_,1949_3474_1316_1042_130_,15.90_15.85_15.80_15.75_15.70_,709_1108_933_1027_1525_
10:40:33,15.95,1,6865,15.95_16.00_16.05_16.10_16.15_,1912_3474_1316_1049_130_,15.90_15.85_15.80_15.75_15.70_,717_1105_933_1027_1525_
10:42:11,15.95,1,6919,15.95_16.00_16.05_16.10_16.15_,1872_3460_1316_1049_130_,15.90_15.85_15.80_15.75_15.70_,703_1109_933_1027_1525_
10:42:41,15.95,1,6927,15.95_16.00_16.05_16.10_16.15_,1904_3460_1316_1059_130_,15.90_15.85_15.80_15.75_15.70_,697_1113_933_1027_1525_
10:42:57,15.95,1,6927,15.95_16.00_16.05_16.10_16.15_,1904_3460_1316_1059_130_,15.90_15.85_15.80_15.75_15.70_,701_1113_933_1027_1525_
10:43:02,15.95,1,6927,15.95_16.00_16.05_16.10_16.15_,1904_3460_1316_1059_130_,15.90_15.85_15.80_15.75_15.70_,700_1113_933_1027_1525_
10:43:07,15.95,1,6927,15.95_16.00_16.05_16.10_16.15_,1904_3460_1316_1059_130_,15.90_15.85_15.80_15.75_15.70_,704_1113_933_1027_1525_
10:43:22,15.95,1,6927,15.95_16.00_16.05_16.10_16.15_,1904_3460_1316_1059_130_,15.90_15.85_15.80_15.75_15.70_,708_1111_933_1027_1525_
10:43:27,15.95,1,6927,15.95_16.00_16.05_16.10_16.15_,1904_3460_1316_1059_130_,15.90_15.85_15.80_15.75_15.70_,709_1111_933_1027_1525_
10:44:49,15.90,2,6939,15.95_16.00_16.05_16.10_16.15_,1903_3460_1316_1060_130_,15.90_15.85_15.80_15.75_15.70_,710_1111_933_1027_1525_
10:44:55,15.90,2,6939,15.95_16.00_16.05_16.10_16.15_,1903_3460_1316_1060_130_,15.90_15.85_15.80_15.75_15.70_,716_1111_933_1027_1525_
10:45:10,15.95,2,6941,15.95_16.00_16.05_16.10_16.15_,1901_3460_1316_1060_130_,15.90_15.85_15.80_15.75_15.70_,720_1111_934_1027_1525_
10:45:15,15.95,8,6949,15.95_16.00_16.05_16.10_16.15_,1895_3460_1316_1060_130_,15.90_15.85_15.80_15.75_15.70_,721_1111_934_1027_1525_
10:45:20,15.95,8,6949,15.95_16.00_16.05_16.10_16.15_,1904_3460_1316_1060_130_,15.90_15.85_15.80_15.75_15.70_,722_1111_934_1027_1525_
10:45:25,15.90,1,6950,15.95_16.00_16.05_16.10_16.15_,1904_3460_1316_1060_130_,15.90_15.85_15.80_15.75_15.70_,722_1111_934_1027_1525_
10:45:46,15.90,1,6950,15.95_16.00_16.05_16.10_16.15_,1918_3470_1316_1060_130_,15.90_15.85_15.80_15.75_15.70_,724_1111_934_1027_1525_
10:45:56,15.95,3,6953,15.95_16.00_16.05_16.10_16.15_,1915_3470_1316_1060_130_,15.90_15.85_15.80_15.75_15.70_,722_1111_934_1027_1525_
10:46:01,15.95,13,6966,15.95_16.00_16.05_16.10_16.15_,1902_3470_1316_1060_130_,15.90_15.85_15.80_15.75_15.70_,794_1111_934_1027_1525_
10:46:37,15.95,11,6977,15.95_16.00_16.05_16.10_16.15_,1891_3470_1319_1057_130_,15.90_15.85_15.80_15.75_15.70_,797_1110_934_1027_1525_
10:46:42,15.95,11,6977,15.95_16.00_16.05_16.10_16.15_,1877_3470_1319_1057_130_,15.90_15.85_15.80_15.75_15.70_,797_1110_934_1027_1525_
10:46:53,15.95,11,6977,15.95_16.00_16.05_16.10_16.15_,1877_3470_1319_1057_130_,15.90_15.85_15.80_15.75_15.70_,802_1110_934_1027_1525_
10:47:49,15.95,2,6996,15.95_16.00_16.05_16.10_16.15_,1865_3508_1322_1054_130_,15.90_15.85_15.80_15.75_15.70_,802_1116_934_1027_1526_
10:47:54,15.95,1,6997,15.95_16.00_16.05_16.10_16.15_,1865_3508_1322_1054_130_,15.90_15.85_15.80_15.75_15.70_,803_1117_934_1027_1526_
10:47:59,15.95,1,6997,15.95_16.00_16.05_16.10_16.15_,1865_3508_1322_1054_130_,15.90_15.85_15.80_15.75_15.70_,807_1117_934_1027_1526_
10:48:04,15.95,1,6997,15.95_16.00_16.05_16.10_16.15_,1865_3508_1322_1054_130_,15.90_15.85_15.80_15.75_15.70_,816_1117_934_1027_1526_
10:48:45,15.95,11,7013,15.95_16.00_16.05_16.10_16.15_,1864_3518_1322_1054_130_,15.90_15.85_15.80_15.75_15.70_,825_1117_944_1027_1526_
10:49:32,15.95,4,7026,15.95_16.00_16.05_16.10_16.15_,1853_3519_1322_1054_130_,15.90_15.85_15.80_15.75_15.70_,857_1117_944_1027_1526_
10:52:56,15.90,22,7297,15.95_16.00_16.05_16.10_16.15_,1689_3522_1322_1059_130_,15.90_15.85_15.80_15.75_15.70_,848_1099_939_1032_1526_
10:54:03,15.95,1,7314,15.95_16.00_16.05_16.10_16.15_,1672_3522_1322_1059_130_,15.90_15.85_15.80_15.75_15.70_,848_1099_939_1032_1526_
10:54:13,15.95,1,7314,15.95_16.00_16.05_16.10_16.15_,1672_3522_1322_1059_130_,15.90_15.85_15.80_15.75_15.70_,850_1099_939_1032_1526_
10:54:34,15.95,1,7314,15.95_16.00_16.05_16.10_16.15_,1672_3522_1322_1059_130_,15.90_15.85_15.80_15.75_15.70_,852_1100_939_1032_1526_
10:54:39,15.95,1,7314,15.95_16.00_16.05_16.10_16.15_,1672_3522_1322_1059_130_,15.90_15.85_15.80_15.75_15.70_,857_1100_939_1032_1526_
10:54:44,15.95,4,7318,15.95_16.00_16.05_16.10_16.15_,1669_3522_1322_1059_130_,15.90_15.85_15.80_15.75_15.70_,856_1100_939_1032_1526_
10:54:49,15.95,4,7318,15.95_16.00_16.05_16.10_16.15_,1669_3522_1322_1059_130_,15.90_15.85_15.80_15.75_15.70_,856_1099_939_1032_1526_
10:54:54,15.95,12,7330,15.95_16.00_16.05_16.10_16.15_,1657_3522_1322_1059_130_,15.90_15.85_15.80_15.75_15.70_,859_1099_939_1032_1526_
10:54:59,15.95,151,7481,15.95_16.00_16.05_16.10_16.15_,1506_3522_1322_1059_130_,15.90_15.85_15.80_15.75_15.70_,858_1099_939_1032_1526_
10:56:06,15.95,4,7503,15.95_16.00_16.05_16.10_16.15_,1488_3523_1322_1060_130_,15.90_15.85_15.80_15.75_15.70_,870_1098_960_1032_1526_
10:56:11,15.95,4,7503,15.95_16.00_16.05_16.10_16.15_,1488_3524_1322_1060_130_,15.90_15.85_15.80_15.75_15.70_,870_1098_960_1032_1526_
10:56:16,15.95,4,7503,15.95_16.00_16.05_16.10_16.15_,1488_3525_1322_1060_130_,15.90_15.85_15.80_15.75_15.70_,871_1098_960_1032_1526_
10:57:13,15.95,28,7556,15.95_16.00_16.05_16.10_16.15_,1461_3525_1327_1060_148_,15.90_15.85_15.80_15.75_15.70_,930_1096_960_1032_1526_
10:57:18,15.95,28,7556,15.95_16.00_16.05_16.10_16.15_,1461_3525_1327_1060_148_,15.90_15.85_15.80_15.75_15.70_,932_1096_960_1032_1526_
10:57:28,15.95,28,7556,15.95_16.00_16.05_16.10_16.15_,1461_3525_1327_1060_148_,15.90_15.85_15.80_15.75_15.70_,936_1095_960_1032_1526_
10:57:33,15.95,68,7624,15.95_16.00_16.05_16.10_16.15_,1393_3525_1327_1060_148_,15.90_15.85_15.80_15.75_15.70_,933_1095_960_1032_1526_
10:58:09,15.95,1,7635,15.95_16.00_16.05_16.10_16.15_,1383_3525_1327_1060_148_,15.90_15.85_15.80_15.75_15.70_,958_1095_961_1032_1526_
10:58:19,15.95,6,7641,15.95_16.00_16.05_16.10_16.15_,1377_3525_1327_1060_148_,15.90_15.85_15.80_15.75_15.70_,958_1095_961_1032_1526_
10:58:24,15.90,1,7642,15.95_16.00_16.05_16.10_16.15_,1377_3525_1327_1060_148_,15.90_15.85_15.80_15.75_15.70_,957_1095_961_1032_1526_
10:58:30,15.95,4,7646,15.95_16.00_16.05_16.10_16.15_,1373_3525_1327_1060_148_,15.90_15.85_15.80_15.75_15.70_,951_1095_961_1032_1526_
10:58:35,15.95,4,7646,15.95_16.00_16.05_16.10_16.15_,1373_3525_1327_1060_148_,15.90_15.85_15.80_15.75_15.70_,955_1095_961_1032_1526_
10:58:40,15.95,3,7649,15.95_16.00_16.05_16.10_16.15_,1370_3525_1327_1060_148_,15.90_15.85_15.80_15.75_15.70_,952_1095_961_1032_1526_
10:58:45,15.95,3,7649,15.95_16.00_16.05_16.10_16.15_,1370_3525_1327_1060_148_,15.90_15.85_15.80_15.75_15.70_,953_1095_961_1032_1526_
10:58:50,15.95,3,7649,15.95_16.00_16.05_16.10_16.15_,1370_3525_1327_1060_148_,15.90_15.85_15.80_15.75_15.70_,959_1095_961_1032_1526_
10:58:55,15.95,3,7649,15.95_16.00_16.05_16.10_16.15_,1370_3525_1327_1060_148_,15.90_15.85_15.80_15.75_15.70_,960_1095_961_1032_1526_
11:00:07,15.95,10,7689,15.95_16.00_16.05_16.10_16.15_,1320_3525_1327_1060_148_,15.90_15.85_15.80_15.75_15.70_,1020_1097_966_1032_1526_
11:01:03,15.95,10,7710,15.95_16.00_16.05_16.10_16.15_,1306_3541_1327_1060_148_,15.90_15.85_15.80_15.75_15.70_,1035_1098_969_1032_1526_
11:03:37,15.95,2,8510,15.95_16.00_16.05_16.10_16.15_,1640_3550_1341_1060_148_,15.90_15.85_15.80_15.75_15.70_,496_1104_970_1032_1526_
11:03:47,15.95,2,8510,15.95_16.00_16.05_16.10_16.15_,1646_3549_1341_1060_148_,15.90_15.85_15.80_15.75_15.70_,496_1104_970_1032_1526_
11:03:53,15.95,10,8520,15.95_16.00_16.05_16.10_16.15_,1636_3549_1341_1060_148_,15.90_15.85_15.80_15.75_15.70_,495_1105_970_1032_1526_
11:05:04,15.90,300,8821,15.95_16.00_16.05_16.10_16.15_,1640_3549_1341_1060_148_,15.90_15.85_15.80_15.75_15.70_,134_1107_973_1032_1526_
11:06:21,15.95,10,8833,15.95_16.00_16.05_16.10_16.15_,1804_3559_1342_1061_148_,15.90_15.85_15.80_15.75_15.70_,170_1127_979_1033_1521_
11:06:32,15.95,3,8836,15.95_16.00_16.05_16.10_16.15_,1801_3559_1342_1061_148_,15.90_15.85_15.80_15.75_15.70_,170_1127_979_1033_1521_
11:07:18,15.90,3,8843,15.95_16.00_16.05_16.10_16.15_,1716_3559_1345_1061_148_,15.90_15.85_15.80_15.75_15.70_,180_1127_976_1033_1521_
11:07:28,15.95,4,8877,15.95_16.00_16.05_16.10_16.15_,1683_3559_1345_1061_148_,15.90_15.85_15.80_15.75_15.70_,150_1127_976_1033_1521_
11:08:25,15.95,2,8888,15.95_16.00_16.05_16.10_16.15_,1673_3560_1345_1061_148_,15.90_15.85_15.80_15.75_15.70_,162_1125_986_1033_1521_
11:08:40,15.95,2,8890,15.95_16.00_16.05_16.10_16.15_,1622_3560_1345_1061_148_,15.90_15.85_15.80_15.75_15.70_,160_1125_986_1033_1521_
11:13:53,15.95,1,8938,15.95_16.00_16.05_16.10_16.15_,1608_3675_1341_1061_148_,15.90_15.85_15.80_15.75_15.70_,186_1118_993_1028_1521_
11:15:20,15.90,2,9164,15.90_15.95_16.00_16.05_16.10_,129_1805_3939_910_1061_,15.85_15.80_15.75_15.70_15.65_,1136_946_992_1641_621_
11:15:25,15.90,7,9171,15.90_15.95_16.00_16.05_16.10_,122_1805_3936_910_1061_,15.85_15.80_15.75_15.70_15.65_,1136_946_992_1641_621_
11:15:30,15.90,1,9172,15.90_15.95_16.00_16.05_16.10_,122_1805_3935_910_1061_,15.85_15.80_15.75_15.70_15.65_,1136_946_992_1641_621_
11:15:35,15.90,5,9177,15.90_15.95_16.00_16.05_16.10_,117_1722_3935_910_1061_,15.85_15.80_15.75_15.70_15.65_,1136_946_992_1641_621_
11:15:40,15.90,2,9179,15.90_15.95_16.00_16.05_16.10_,30_1722_3935_910_1061_,15.85_15.80_15.75_15.70_15.65_,1136_946_992_1641_621_
11:15:45,15.90,2,9181,15.90_15.95_16.00_16.05_16.10_,29_1721_3935_910_1061_,15.85_15.80_15.75_15.70_15.65_,1136_946_992_1641_621_
11:16:27,15.85,80,9290,15.95_16.00_16.05_16.10_16.15_,1539_3673_1352_1061_148_,15.85_15.80_15.75_15.70_15.65_,1075_996_1037_1522_621_
11:16:32,15.85,80,9290,15.90_15.95_16.00_16.05_16.10_,2_1539_3857_1168_1061_,15.85_15.80_15.75_15.70_15.65_,1062_996_1037_1522_621_
11:16:37,15.85,80,9370,15.90_15.95_16.00_16.05_16.10_,2_1691_3949_921_1061_,15.85_15.80_15.75_15.70_15.65_,989_946_992_1640_621_
11:16:47,15.90,2,9372,15.95_16.00_16.05_16.10_16.15_,1702_3949_921_1061_148_,15.90_15.85_15.80_15.75_15.70_,16_1022_946_993_1640_
11:17:02,15.90,2,9372,15.95_16.00_16.05_16.10_16.15_,1550_3673_1352_1061_148_,15.90_15.85_15.80_15.75_15.70_,32_1018_996_1036_1522_
11:17:33,15.90,2,9372,15.95_16.00_16.05_16.10_16.15_,1540_3673_1352_1061_148_,15.90_15.85_15.80_15.75_15.70_,40_1020_1001_1037_1521_
11:19:06,15.90,1,9387,15.95_16.00_16.05_16.10_16.15_,1704_3673_1341_1060_148_,15.90_15.85_15.80_15.75_15.70_,65_1052_1008_1033_1521_
11:19:16,15.95,3,9405,15.95_16.00_16.05_16.10_16.15_,1686_3673_1341_1060_148_,15.90_15.85_15.80_15.75_15.70_,66_1052_1008_1033_1521_
11:19:21,15.90,20,9425,15.95_16.00_16.05_16.10_16.15_,1686_3673_1341_1060_148_,15.90_15.85_15.80_15.75_15.70_,46_1052_1008_1033_1521_
11:19:26,15.90,20,9425,15.95_16.00_16.05_16.10_16.15_,1686_3673_1341_1060_148_,15.90_15.85_15.80_15.75_15.70_,46_1052_1008_1032_1521_
11:21:19,15.95,1,9457,15.95_16.00_16.05_16.10_16.15_,1699_3685_1342_1060_148_,15.90_15.85_15.80_15.75_15.70_,118_1093_1014_1033_1521_
11:25:09,15.90,1,9493,15.95_16.00_16.05_16.10_16.15_,1552_3686_1352_1060_148_,15.90_15.85_15.80_15.75_15.70_,216_1064_1014_1033_1521_
11:25:45,15.90,1,9493,15.95_16.00_16.05_16.10_16.15_,1558_3677_1352_1060_148_,15.90_15.85_15.80_15.75_15.70_,229_1061_1014_1033_1521_
11:25:56,15.90,1,9493,15.95_16.00_16.05_16.10_16.15_,1558_3677_1352_1060_148_,15.90_15.85_15.80_15.75_15.70_,230_1061_1014_1033_1521_
11:26:01,15.90,1,9493,15.95_16.00_16.05_16.10_16.15_,1558_3677_1352_1060_148_,15.90_15.85_15.80_15.75_15.70_,231_1061_1014_1033_1521_
11:26:06,15.90,1,9493,15.95_16.00_16.05_16.10_16.15_,1558_3677_1352_1060_148_,15.90_15.85_15.80_15.75_15.70_,232_1061_1014_1033_1521_
11:26:11,15.90,1,9493,15.95_16.00_16.05_16.10_16.15_,1558_3677_1352_1060_148_,15.90_15.85_15.80_15.75_15.70_,235_1061_1014_1033_1521_
11:26:16,15.90,1,9493,15.95_16.00_16.05_16.10_16.15_,1558_3687_1352_1060_148_,15.90_15.85_15.80_15.75_15.70_,238_1061_1014_1033_1521_
11:26:26,15.90,1,9493,15.95_16.00_16.05_16.10_16.15_,1557_3687_1352_1060_148_,15.90_15.85_15.80_15.75_15.70_,247_1061_1014_1033_1521_
11:27:18,15.90,79,9572,15.95_16.00_16.05_16.10_16.15_,1557_3687_1352_1060_148_,15.90_15.85_15.80_15.75_15.70_,121_1061_1016_1033_1521_
11:29:00,15.95,2,9615,15.95_16.00_16.05_16.10_16.15_,1494_3717_1352_1060_148_,15.90_15.85_15.80_15.75_15.70_,371_1060_1016_1033_1521_
11:29:05,15.95,2,9615,15.95_16.00_16.05_16.10_16.15_,1508_3703_1352_1060_148_,15.90_15.85_15.80_15.75_15.70_,371_1060_1016_1033_1521_
11:29:26,15.95,2,9615,15.95_16.00_16.05_16.10_16.15_,1472_3703_1352_1060_148_,15.90_15.85_15.80_15.75_15.70_,376_1061_1017_1035_1521_
11:29:31,15.95,2,9615,15.95_16.00_16.05_16.10_16.15_,1472_3703_1352_1060_148_,15.90_15.85_15.80_15.75_15.70_,381_1061_1017_1035_1521_
11:29:41,15.95,2,9615,15.95_16.00_16.05_16.10_16.15_,1472_3703_1352_1060_148_,15.90_15.85_15.80_15.75_15.70_,476_968_1017_1035_1521_
11:30:07,15.90,1,9616,15.95_16.00_16.05_16.10_16.15_,1473_3702_1352_1060_148_,15.90_15.85_15.80_15.75_15.70_,478_968_1012_1030_1521_
11:30:17,15.90,1,9616,15.95_16.00_16.05_16.10_16.15_,1472_3702_1352_1060_148_,15.90_15.85_15.80_15.75_15.70_,479_968_1012_1030_1521_
11:30:53,15.95,1,9618,15.95_16.00_16.05_16.10_16.15_,1470_3718_1352_1060_148_,15.90_15.85_15.80_15.75_15.70_,486_968_1012_1030_1521_
11:30:58,15.95,1,9618,15.95_16.00_16.05_16.10_16.15_,1470_3718_1352_1060_148_,15.90_15.85_15.80_15.75_15.70_,489_968_1012_1030_1521_
11:31:03,15.95,2,9620,15.95_16.00_16.05_16.10_16.15_,1468_3718_1352_1060_148_,15.90_15.85_15.80_15.75_15.70_,484_968_1012_1030_1521_
11:31:08,15.95,2,9620,15.95_16.00_16.05_16.10_16.15_,1468_3718_1352_1060_148_,15.90_15.85_15.80_15.75_15.70_,487_968_1012_1030_1521_
11:31:13,15.95,1,9621,15.95_16.00_16.05_16.10_16.15_,1467_3718_1352_1060_148_,15.90_15.85_15.80_15.75_15.70_,489_968_1012_1030_1521_
11:31:49,15.95,2,9623,15.95_16.00_16.05_16.10_16.15_,1465_3718_1352_1060_148_,15.90_15.85_15.80_15.75_15.70_,526_968_1013_1030_1521_
11:32:46,15.90,1,9625,15.95_16.00_16.05_16.10_16.15_,1629_3722_1352_1060_148_,15.90_15.85_15.80_15.75_15.70_,423_968_1013_1030_1521_
11:33:11,15.90,1,9626,15.95_16.00_16.05_16.10_16.15_,1627_3722_1352_1060_148_,15.90_15.85_15.80_15.75_15.70_,422_968_1013_1030_1521_
11:34:08,15.95,3,9633,15.95_16.00_16.05_16.10_16.15_,1717_3722_1352_1060_148_,15.90_15.85_15.80_15.75_15.70_,420_967_1013_1030_1521_
11:34:13,15.95,3,9633,15.95_16.00_16.05_16.10_16.15_,1715_3722_1352_1060_148_,15.90_15.85_15.80_15.75_15.70_,420_967_1013_1030_1521_
11:34:59,15.90,15,9652,15.95_16.00_16.05_16.10_16.15_,1658_3722_1352_1060_148_,15.90_15.85_15.80_15.75_15.70_,404_968_1014_1030_1521_
11:35:04,15.90,15,9652,15.95_16.00_16.05_16.10_16.15_,1658_3722_1352_1060_148_,15.90_15.85_15.80_15.75_15.70_,411_968_1014_1030_1521_
11:35:14,15.90,15,9652,15.95_16.00_16.05_16.10_16.15_,1677_3721_1352_1060_148_,15.90_15.85_15.80_15.75_15.70_,409_968_1014_1030_1521_
11:35:24,15.90,15,9652,15.95_16.00_16.05_16.10_16.15_,1677_3732_1352_1060_148_,15.90_15.85_15.80_15.75_15.70_,409_968_1014_1030_1521_
11:36:11,15.95,3,9656,15.95_16.00_16.05_16.10_16.15_,1673_3732_1352_1060_148_,15.90_15.85_15.80_15.75_15.70_,406_968_1019_1030_1521_
11:36:26,15.90,1,9657,15.95_16.00_16.05_16.10_16.15_,1673_3732_1352_1060_148_,15.90_15.85_15.80_15.75_15.70_,405_968_1019_1030_1521_
11:37:02,15.90,1,9658,15.95_16.00_16.05_16.10_16.15_,1674_3732_1352_1060_148_,15.90_15.85_15.80_15.75_15.70_,404_969_1019_1030_1521_
11:37:18,15.90,1,9658,15.95_16.00_16.05_16.10_16.15_,1674_3732_1352_1060_148_,15.90_15.85_15.80_15.75_15.70_,404_974_1019_1030_1521_
11:37:23,15.90,1,9658,15.95_16.00_16.05_16.10_16.15_,1674_3732_1352_1060_148_,15.90_15.85_15.80_15.75_15.70_,405_974_1019_1030_1521_
11:37:28,15.90,2,9660,15.95_16.00_16.05_16.10_16.15_,1674_3732_1352_1060_148_,15.90_15.85_15.80_15.75_15.70_,403_974_1019_1030_1521_
11:38:19,15.95,1,9661,15.95_16.00_16.05_16.10_16.15_,1664_3732_1352_1060_148_,15.90_15.85_15.80_15.75_15.70_,403_974_1021_1025_1523_
11:38:24,15.95,1,9662,15.95_16.00_16.05_16.10_16.15_,1663_3732_1352_1060_148_,15.90_15.85_15.80_15.75_15.70_,403_974_1021_1025_1523_
11:38:29,15.95,8,9670,15.95_16.00_16.05_16.10_16.15_,1655_3732_1352_1060_148_,15.90_15.85_15.80_15.75_15.70_,403_974_1021_1025_1523_
11:38:35,15.95,8,9670,15.95_16.00_16.05_16.10_16.15_,1655_3732_1352_1060_148_,15.90_15.85_15.80_15.75_15.70_,407_974_1021_1025_1523_
11:39:36,15.90,14,9687,15.95_16.00_16.05_16.10_16.15_,1646_3718_1352_1060_153_,15.90_15.85_15.80_15.75_15.70_,420_979_1022_1025_1523_
11:39:41,15.90,14,9687,15.95_16.00_16.05_16.10_16.15_,1646_3718_1352_1060_153_,15.90_15.85_15.80_15.75_15.70_,425_979_1022_1025_1523_
11:39:51,15.95,1,9688,15.95_16.00_16.05_16.10_16.15_,1645_3718_1352_1060_153_,15.90_15.85_15.80_15.75_15.70_,425_979_1022_1025_1523_
11:40:02,15.95,1,9689,15.95_16.00_16.05_16.10_16.15_,1644_3718_1352_1060_153_,15.90_15.85_15.80_15.75_15.70_,424_980_1022_1025_1523_
11:40:48,15.95,2,9692,15.95_16.00_16.05_16.10_16.15_,1617_3718_1352_1060_153_,15.90_15.85_15.80_15.75_15.70_,453_995_1022_1025_1523_
11:41:08,15.95,2,9692,15.95_16.00_16.05_16.10_16.15_,1617_3718_1352_1060_153_,15.90_15.85_15.80_15.75_15.70_,454_995_1022_1025_1523_
11:41:13,15.95,2,9692,15.95_16.00_16.05_16.10_16.15_,1617_3718_1352_1060_153_,15.90_15.85_15.80_15.75_15.70_,459_995_1022_1025_1523_
11:41:18,15.95,2,9692,15.95_16.00_16.05_16.10_16.15_,1617_3718_1352_1060_153_,15.90_15.85_15.80_15.75_15.70_,460_995_1022_1025_1523_
11:41:23,15.95,2,9692,15.95_16.00_16.05_16.10_16.15_,1617_3718_1352_1060_153_,15.90_15.85_15.80_15.75_15.70_,461_995_1022_1025_1523_
11:41:29,15.90,10,9702,15.95_16.00_16.05_16.10_16.15_,1617_3719_1352_1060_153_,15.90_15.85_15.80_15.75_15.70_,452_995_1022_1025_1523_
11:41:39,15.90,10,9702,15.95_16.00_16.05_16.10_16.15_,1617_3719_1352_1060_153_,15.90_15.85_15.80_15.75_15.70_,453_995_1022_1025_1523_
11:42:30,15.90,6,9711,15.95_16.00_16.05_16.10_16.15_,1646_3719_1352_1060_153_,15.90_15.85_15.80_15.75_15.70_,449_1005_1023_1025_1523_
11:42:45,15.90,6,9711,15.95_16.00_16.05_16.10_16.15_,1646_3719_1352_1060_153_,15.90_15.85_15.80_15.75_15.70_,450_1005_1023_1025_1523_
11:42:51,15.90,6,9711,15.95_16.00_16.05_16.10_16.15_,1646_3719_1352_1060_153_,15.90_15.85_15.80_15.75_15.70_,451_1005_1023_1025_1523_
11:43:16,15.90,6,9711,15.95_16.00_16.05_16.10_16.15_,1618_3719_1352_1060_153_,15.90_15.85_15.80_15.75_15.70_,457_1055_1023_1025_1523_
11:43:37,15.90,6,9711,15.95_16.00_16.05_16.10_16.15_,1619_3719_1352_1060_153_,15.90_15.85_15.80_15.75_15.70_,457_1055_1023_1025_1523_
11:43:42,15.90,6,9711,15.95_16.00_16.05_16.10_16.15_,1619_3719_1352_1060_153_,15.90_15.85_15.80_15.75_15.70_,459_1055_1023_1025_1523_
11:43:47,15.95,1,9712,15.95_16.00_16.05_16.10_16.15_,1618_3719_1352_1060_153_,15.90_15.85_15.80_15.75_15.70_,458_1055_1023_1025_1523_
11:43:57,15.95,1,9712,15.95_16.00_16.05_16.10_16.15_,1618_3719_1352_1060_153_,15.90_15.85_15.80_15.75_15.70_,460_1055_1023_1025_1523_
11:44:07,15.95,7,9719,15.95_16.00_16.05_16.10_16.15_,1611_3719_1352_1060_153_,15.90_15.85_15.80_15.75_15.70_,454_1055_1023_1025_1523_
11:44:13,15.95,7,9719,15.95_16.00_16.05_16.10_16.15_,1611_3719_1352_1060_153_,15.90_15.85_15.80_15.75_15.70_,487_1055_1025_1025_1523_
11:44:18,15.95,7,9719,15.95_16.00_16.05_16.10_16.15_,1612_3719_1352_1060_153_,15.90_15.85_15.80_15.75_15.70_,484_1055_1025_1025_1523_
11:44:28,15.90,1,9720,15.95_16.00_16.05_16.10_16.15_,1613_3718_1352_1060_153_,15.90_15.85_15.80_15.75_15.70_,483_1055_1025_1025_1523_
11:44:38,15.90,1,9720,15.95_16.00_16.05_16.10_16.15_,1613_3718_1352_1060_153_,15.90_15.85_15.80_15.75_15.70_,483_1065_1025_1025_1523_
11:44:59,15.95,3,9723,15.95_16.00_16.05_16.10_16.15_,1610_3718_1352_1060_153_,15.90_15.85_15.80_15.75_15.70_,488_1063_1025_1025_1523_
11:45:04,15.90,1,9724,15.95_16.00_16.05_16.10_16.15_,1610_3718_1352_1060_153_,15.90_15.85_15.80_15.75_15.70_,487_1063_1026_1025_1523_
11:45:14,15.90,51,9775,15.95_16.00_16.05_16.10_16.15_,1611_3718_1352_1060_153_,15.90_15.85_15.80_15.75_15.70_,436_1063_1026_1025_1523_
11:45:35,15.95,2,9777,15.95_16.00_16.05_16.10_16.15_,1610_3718_1352_1060_153_,15.90_15.85_15.80_15.75_15.70_,439_1063_1026_1025_1523_
11:46:52,15.95,1,9784,15.95_16.00_16.05_16.10_16.15_,1603_3718_1352_1060_153_,15.90_15.85_15.80_15.75_15.70_,448_1063_1027_1025_1523_
11:46:57,15.95,1,9784,15.95_16.00_16.05_16.10_16.15_,1603_3718_1352_1060_153_,15.90_15.85_15.80_15.75_15.70_,451_1063_1027_1025_1523_
11:47:02,15.95,1,9785,15.95_16.00_16.05_16.10_16.15_,1602_3718_1352_1060_153_,15.90_15.85_15.80_15.75_15.70_,451_1063_1027_1025_1523_
11:47:07,15.95,1,9785,15.95_16.00_16.05_16.10_16.15_,1647_3718_1352_1060_153_,15.90_15.85_15.80_15.75_15.70_,458_1063_1027_1025_1523_
11:47:22,15.90,1,9786,15.95_16.00_16.05_16.10_16.15_,1647_3718_1352_1060_153_,15.90_15.85_15.80_15.75_15.70_,464_1062_1027_1026_1523_
11:47:58,15.90,1,9786,15.95_16.00_16.05_16.10_16.15_,1646_3721_1352_1060_153_,15.90_15.85_15.80_15.75_15.70_,471_1062_1027_1026_1525_
11:48:50,15.95,1,9800,15.95_16.00_16.05_16.10_16.15_,1629_3742_1352_1060_153_,15.90_15.85_15.80_15.75_15.70_,483_1062_1027_1026_1525_
11:49:21,15.95,2,9804,15.95_16.00_16.05_16.10_16.15_,1629_3742_1352_1060_153_,15.90_15.85_15.80_15.75_15.70_,476_1064_1027_1026_1525_
11:50:42,15.90,1,9805,15.95_16.00_16.05_16.10_16.15_,1649_3747_1352_1060_153_,15.90_15.85_15.80_15.75_15.70_,485_1064_1027_1026_1525_
11:50:58,15.90,1,9805,15.95_16.00_16.05_16.10_16.15_,1650_3747_1352_1060_153_,15.90_15.85_15.80_15.75_15.70_,485_1064_1027_1026_1525_
11:51:49,15.95,3,9809,15.95_16.00_16.05_16.10_16.15_,1707_3747_1352_1060_153_,15.90_15.85_15.80_15.75_15.70_,483_1064_964_1026_1525_
11:51:59,15.90,1,9810,15.95_16.00_16.05_16.10_16.15_,1707_3748_1352_1060_153_,15.90_15.85_15.80_15.75_15.70_,488_1064_964_1026_1525_
11:52:04,15.90,1,9810,15.95_16.00_16.05_16.10_16.15_,1707_3748_1352_1060_153_,15.90_15.85_15.80_15.75_15.70_,519_1064_964_1026_1525_
11:52:10,15.90,1,9811,15.95_16.00_16.05_16.10_16.15_,1707_3748_1352_1060_153_,15.90_15.85_15.80_15.75_15.70_,518_1064_964_1026_1525_
11:52:20,15.95,2,9813,15.95_16.00_16.05_16.10_16.15_,1706_3748_1352_1060_153_,15.90_15.85_15.80_15.75_15.70_,521_1064_964_1026_1525_
11:52:35,15.95,2,9813,15.95_16.00_16.05_16.10_16.15_,1603_3748_1352_1060_153_,15.90_15.85_15.80_15.75_15.70_,542_1064_964_1026_1525_
11:52:56,15.95,8,9821,15.95_16.00_16.05_16.10_16.15_,1595_3753_1352_1060_153_,15.90_15.85_15.80_15.75_15.70_,542_1064_964_1026_1525_
11:53:01,15.95,8,9821,15.95_16.00_16.05_16.10_16.15_,1595_3753_1352_1060_153_,15.90_15.85_15.80_15.75_15.70_,543_1064_964_1026_1525_
11:53:11,15.95,8,9821,15.95_16.00_16.05_16.10_16.15_,1595_3753_1352_1060_153_,15.90_15.85_15.80_15.75_15.70_,543_1064_965_1026_1525_
11:53:47,15.90,15,9854,15.95_16.00_16.05_16.10_16.15_,1493_3753_1352_1060_153_,15.90_15.85_15.80_15.75_15.70_,531_1064_965_1026_1525_
11:53:57,15.90,1,9855,15.95_16.00_16.05_16.10_16.15_,1493_3753_1352_1060_153_,15.90_15.85_15.80_15.75_15.70_,526_1064_965_1026_1525_
11:55:19,15.90,2,9966,15.95_16.00_16.05_16.10_16.15_,1536_3737_1352_1060_153_,15.90_15.85_15.80_15.75_15.70_,451_1064_965_1026_1525_
11:55:24,15.90,2,9966,15.95_16.00_16.05_16.10_16.15_,1536_3737_1352_1060_153_,15.90_15.85_15.80_15.75_15.70_,445_1063_965_1026_1525_
11:55:40,15.95,2,9968,15.95_16.00_16.05_16.10_16.15_,1534_3737_1352_1060_153_,15.90_15.85_15.80_15.75_15.70_,445_1063_965_1026_1525_
11:55:55,15.95,70,10038,15.95_16.00_16.05_16.10_16.15_,1464_3737_1352_1060_153_,15.90_15.85_15.80_15.75_15.70_,452_1062_965_1026_1525_
11:56:11,15.95,70,10038,15.95_16.00_16.05_16.10_16.15_,1464_3737_1352_1060_153_,15.90_15.85_15.80_15.75_15.70_,539_1062_965_1026_1525_
11:56:16,15.95,7,10045,15.95_16.00_16.05_16.10_16.15_,1457_3737_1352_1060_153_,15.90_15.85_15.80_15.75_15.70_,557_1062_965_1026_1525_
11:56:21,15.95,8,10053,15.95_16.00_16.05_16.10_16.15_,1449_3737_1352_1060_153_,15.90_15.85_15.80_15.75_15.70_,564_1062_965_1026_1525_
11:56:26,15.90,1,10054,15.95_16.00_16.05_16.10_16.15_,1449_3737_1352_1060_153_,15.90_15.85_15.80_15.75_15.70_,563_1062_965_1026_1525_
11:59:00,15.90,1,10087,15.95_16.00_16.05_16.10_16.15_,1379_3733_1352_1080_153_,15.90_15.85_15.80_15.75_15.70_,774_1012_966_1026_1525_
11:59:36,15.90,1,10101,15.95_16.00_16.05_16.10_16.15_,1366_3733_1352_1080_153_,15.90_15.85_15.80_15.75_15.70_,904_977_967_1026_1525_
12:01:13,15.95,7,10123,15.95_16.00_16.05_16.10_16.15_,1446_3743_1352_1080_153_,15.90_15.85_15.80_15.75_15.70_,910_977_1028_1026_1525_
12:01:18,15.95,1,10124,15.95_16.00_16.05_16.10_16.15_,1450_3743_1352_1080_153_,15.90_15.85_15.80_15.75_15.70_,908_977_1028_1026_1525_
12:01:24,15.95,1,10125,15.95_16.00_16.05_16.10_16.15_,1449_3743_1352_1080_153_,15.90_15.85_15.80_15.75_15.70_,911_977_1028_1026_1525_
12:01:34,15.95,1,10125,15.95_16.00_16.05_16.10_16.15_,1453_3738_1352_1080_153_,15.90_15.85_15.80_15.75_15.70_,911_976_1028_1026_1525_
12:02:56,15.90,1,10153,15.95_16.00_16.05_16.10_16.15_,1446_3738_1353_1080_153_,15.90_15.85_15.80_15.75_15.70_,1035_986_1028_1026_1525_
12:03:01,15.95,1,10154,15.95_16.00_16.05_16.10_16.15_,1444_3739_1353_1080_153_,15.90_15.85_15.80_15.75_15.70_,1042_986_1028_1026_1525_
12:03:06,15.95,1,10154,15.95_16.00_16.05_16.10_16.15_,1444_3739_1353_1080_153_,15.90_15.85_15.80_15.75_15.70_,1050_981_1028_1026_1525_
12:03:11,15.95,1,10154,15.95_16.00_16.05_16.10_16.15_,1442_3739_1353_1080_153_,15.90_15.85_15.80_15.75_15.70_,1050_981_1028_1026_1525_
12:03:21,15.95,1,10154,15.95_16.00_16.05_16.10_16.15_,1442_3739_1353_1080_153_,15.90_15.85_15.80_15.75_15.70_,1052_981_1028_1026_1525_
12:04:33,15.90,1,10168,15.95_16.00_16.05_16.10_16.15_,1408_3726_1353_1083_153_,15.90_15.85_15.80_15.75_15.70_,1063_982_1026_1026_1525_
12:05:35,15.95,1,10173,15.95_16.00_16.05_16.10_16.15_,1404_3722_1353_1084_153_,15.90_15.85_15.80_15.75_15.70_,1068_982_1025_1026_1525_
12:06:16,15.90,1,10174,15.95_16.00_16.05_16.10_16.15_,1426_3722_1354_1084_153_,15.90_15.85_15.80_15.75_15.70_,1061_963_1025_1026_1525_
12:06:36,15.95,2,10176,15.95_16.00_16.05_16.10_16.15_,1444_3712_1354_1084_153_,15.90_15.85_15.80_15.75_15.70_,1068_962_1025_1026_1525_
12:07:33,15.90,1,10262,15.95_16.00_16.05_16.10_16.15_,1358_3712_1354_1084_153_,15.90_15.85_15.80_15.75_15.70_,980_1061_1025_1026_1525_
12:08:04,15.90,14,10288,15.95_16.00_16.05_16.10_16.15_,1345_3698_1354_1084_153_,15.90_15.85_15.80_15.75_15.70_,992_1061_1025_1026_1525_
12:11:44,15.95,3,10370,15.95_16.00_16.05_16.10_16.15_,1270_3723_1354_1084_153_,15.90_15.85_15.80_15.75_15.70_,1080_1060_1043_1026_1525_
12:11:54,15.95,8,10378,15.95_16.00_16.05_16.10_16.15_,1262_3723_1354_1084_153_,15.90_15.85_15.80_15.75_15.70_,1080_1060_1043_1026_1525_
12:11:59,15.95,8,10378,15.95_16.00_16.05_16.10_16.15_,1263_3722_1354_1084_153_,15.90_15.85_15.80_15.75_15.70_,1084_1060_1043_1026_1525_
12:13:26,15.95,1,10424,15.95_16.00_16.05_16.10_16.15_,1246_3711_1354_1084_153_,15.90_15.85_15.80_15.75_15.70_,1067_1060_1043_1026_1525_
12:13:37,15.95,4,10428,15.95_16.00_16.05_16.10_16.15_,1242_3711_1354_1084_153_,15.90_15.85_15.80_15.75_15.70_,1072_1060_1043_1026_1525_
12:15:14,15.90,1,10455,15.95_16.00_16.05_16.10_16.15_,1236_3711_1354_1089_153_,15.90_15.85_15.80_15.75_15.70_,1190_1059_1044_1009_1525_
12:15:29,15.90,1,10455,15.95_16.00_16.05_16.10_16.15_,1236_3721_1354_1089_153_,15.90_15.85_15.80_15.75_15.70_,1195_1059_1044_1009_1525_
12:15:34,15.95,1,10456,15.95_16.00_16.05_16.10_16.15_,1245_3721_1354_1089_153_,15.90_15.85_15.80_15.75_15.70_,1195_1059_1044_1009_1525_
12:15:40,15.95,1,10456,15.95_16.00_16.05_16.10_16.15_,1245_3721_1354_1089_153_,15.90_15.85_15.80_15.75_15.70_,1196_1060_1044_1009_1525_
12:15:50,15.90,2,10465,15.95_16.00_16.05_16.10_16.15_,1238_3721_1354_1089_153_,15.90_15.85_15.80_15.75_15.70_,1194_1060_1044_1009_1525_
12:16:16,15.95,1,10466,15.95_16.00_16.05_16.10_16.15_,1235_3721_1354_1089_153_,15.90_15.85_15.80_15.75_15.70_,1194_1060_1044_1009_1525_
12:16:21,15.95,1,10467,15.95_16.00_16.05_16.10_16.15_,1234_3721_1354_1089_153_,15.90_15.85_15.80_15.75_15.70_,1196_1060_1044_1009_1525_
12:16:26,15.95,3,10470,15.95_16.00_16.05_16.10_16.15_,1231_3721_1354_1089_153_,15.90_15.85_15.80_15.75_15.70_,1194_1060_1044_1009_1525_
12:16:41,15.95,1,10492,15.95_16.00_16.05_16.10_16.15_,1210_3721_1354_1089_153_,15.90_15.85_15.80_15.75_15.70_,1184_1060_1049_1009_1525_
12:17:07,15.95,10,10502,15.95_16.00_16.05_16.10_16.15_,1200_3721_1354_1089_153_,15.90_15.85_15.80_15.75_15.70_,1188_1060_1059_1009_1525_
12:19:00,15.95,17,10669,15.95_16.00_16.05_16.10_16.15_,1040_3721_1357_1089_153_,15.90_15.85_15.80_15.75_15.70_,1222_1028_1059_1009_1525_
12:19:56,15.95,1,10868,15.95_16.00_16.05_16.10_16.15_,903_3721_1357_1089_153_,15.90_15.85_15.80_15.75_15.70_,1223_928_1059_1009_1525_
12:20:01,15.95,4,10872,15.95_16.00_16.05_16.10_16.15_,899_3721_1357_1089_153_,15.90_15.85_15.80_15.75_15.70_,1220_928_1059_1009_1525_
12:20:06,15.95,4,10872,15.95_16.00_16.05_16.10_16.15_,908_3721_1357_1089_153_,15.90_15.85_15.80_15.75_15.70_,1230_928_1059_1004_1525_
12:20:16,15.95,4,10872,15.95_16.00_16.05_16.10_16.15_,911_3721_1357_1089_153_,15.90_15.85_15.80_15.75_15.70_,1231_928_1059_1004_1525_
12:20:32,15.95,5,10878,15.95_16.00_16.05_16.10_16.15_,905_3721_1357_1089_153_,15.90_15.85_15.80_15.75_15.70_,1231_928_1059_1004_1525_
12:21:13,15.95,4,10886,15.95_16.00_16.05_16.10_16.15_,900_3721_1357_1089_153_,15.90_15.85_15.80_15.75_15.70_,1232_929_1059_1006_1525_
12:21:23,15.95,4,10886,15.95_16.00_16.05_16.10_16.15_,910_3721_1357_1089_153_,15.90_15.85_15.80_15.75_15.70_,1232_929_1059_1006_1525_
12:22:09,15.90,20,10922,15.95_16.00_16.05_16.10_16.15_,894_3721_1357_1089_153_,15.90_15.85_15.80_15.75_15.70_,1216_929_1059_1006_1525_
12:23:51,15.90,1,10947,15.95_16.00_16.05_16.10_16.15_,1203_3710_1357_1091_153_,15.90_15.85_15.80_15.75_15.70_,1232_928_1059_1006_1535_
12:23:57,15.95,14,10961,15.95_16.00_16.05_16.10_16.15_,1189_3710_1357_1091_153_,15.90_15.85_15.80_15.75_15.70_,1237_928_1059_1006_1535_
12:24:07,15.90,7,10968,15.95_16.00_16.05_16.10_16.15_,1189_3710_1357_1096_153_,15.90_15.85_15.80_15.75_15.70_,1236_929_1059_1006_1535_
12:24:12,15.95,16,10984,15.95_16.00_16.05_16.10_16.15_,1173_3710_1357_1096_153_,15.90_15.85_15.80_15.75_15.70_,1238_929_1059_1006_1535_
12:24:17,15.95,1,10985,15.95_16.00_16.05_16.10_16.15_,1172_3710_1357_1096_153_,15.90_15.85_15.80_15.75_15.70_,1238_928_1059_1006_1535_
12:24:22,15.95,1,10985,15.95_16.00_16.05_16.10_16.15_,1171_3710_1357_1096_153_,15.90_15.85_15.80_15.75_15.70_,1238_928_1059_1006_1535_
12:24:27,15.95,1,10985,15.95_16.00_16.05_16.10_16.15_,1171_3710_1357_1096_153_,15.90_15.85_15.80_15.75_15.70_,1273_928_1059_1006_1535_
12:24:32,15.95,15,11000,15.95_16.00_16.05_16.10_16.15_,1156_3710_1357_1096_153_,15.90_15.85_15.80_15.75_15.70_,1372_928_1059_1006_1535_
12:24:38,15.95,5,11005,15.95_16.00_16.05_16.10_16.15_,1151_3710_1357_1096_153_,15.90_15.85_15.80_15.75_15.70_,1372_928_1059_1006_1535_
12:24:53,15.95,5,11005,15.95_16.00_16.05_16.10_16.15_,1153_3710_1357_1096_153_,15.90_15.85_15.80_15.75_15.70_,1373_928_1059_1006_1535_
12:26:00,15.90,1,11037,15.95_16.00_16.05_16.10_16.15_,1675_3710_1357_1096_153_,15.90_15.85_15.80_15.75_15.70_,1395_928_1044_1006_1535_
12:26:31,15.95,5,11047,15.95_16.00_16.05_16.10_16.15_,1665_3702_1357_1096_153_,15.90_15.85_15.80_15.75_15.70_,1393_932_1046_1006_1535_
12:27:32,15.90,4,11079,15.95_16.00_16.05_16.10_16.15_,1662_3701_1358_1096_153_,15.90_15.85_15.80_15.75_15.70_,1422_928_1046_1006_1535_
12:27:58,15.90,4,11079,15.95_16.00_16.05_16.10_16.15_,1661_3701_1358_1096_153_,15.90_15.85_15.80_15.75_15.70_,1419_928_1046_1006_1536_
12:28:03,15.90,20,11099,15.95_16.00_16.05_16.10_16.15_,1661_3701_1358_1096_153_,15.90_15.85_15.80_15.75_15.70_,1400_927_1046_1006_1536_
12:28:34,15.95,15,11125,15.95_16.00_16.05_16.10_16.15_,1642_3701_1358_1096_153_,15.90_15.85_15.80_15.75_15.70_,1425_927_1046_1006_1536_
12:29:09,15.95,63,11188,15.95_16.00_16.05_16.10_16.15_,1609_3701_1358_1096_153_,15.90_15.85_15.80_15.75_15.70_,1429_927_1047_1006_1536_
12:29:14,15.95,6,11194,15.95_16.00_16.05_16.10_16.15_,1604_3701_1358_1096_153_,15.90_15.85_15.80_15.75_15.70_,1425_927_1047_1006_1536_
12:29:35,15.90,1,11195,15.95_16.00_16.05_16.10_16.15_,1604_3701_1358_1096_153_,15.90_15.85_15.80_15.75_15.70_,1424_927_1047_1006_1536_
12:29:40,15.90,1,11195,15.95_16.00_16.05_16.10_16.15_,1604_3701_1358_1096_153_,15.90_15.85_15.80_15.75_15.70_,1419_927_1047_1006_1536_
12:30:21,15.90,1,11279,15.95_16.00_16.05_16.10_16.15_,1522_3702_1358_1096_153_,15.90_15.85_15.80_15.75_15.70_,1430_926_1047_1006_1536_
12:30:42,15.95,2,11281,15.95_16.00_16.05_16.10_16.15_,1521_3702_1358_1096_153_,15.90_15.85_15.80_15.75_15.70_,1430_926_1047_1006_1536_
12:30:47,15.95,5,11286,15.95_16.00_16.05_16.10_16.15_,1516_3702_1358_1096_153_,15.90_15.85_15.80_15.75_15.70_,1430_926_1047_1006_1536_
12:30:52,15.90,70,11356,15.95_16.00_16.05_16.10_16.15_,1516_3702_1358_1096_153_,15.90_15.85_15.80_15.75_15.70_,1360_926_1047_1006_1536_
12:30:57,15.90,70,11356,15.95_16.00_16.05_16.10_16.15_,1516_3702_1358_1096_153_,15.90_15.85_15.80_15.75_15.70_,1365_926_1047_1006_1536_
12:31:07,15.95,4,11360,15.95_16.00_16.05_16.10_16.15_,1512_3702_1358_1096_153_,15.90_15.85_15.80_15.75_15.70_,1366_926_1047_1006_1536_
12:31:17,15.95,4,11360,15.95_16.00_16.05_16.10_16.15_,1512_3702_1358_1096_153_,15.90_15.85_15.80_15.75_15.70_,1361_926_1047_1006_1536_
12:31:22,15.95,10,11370,15.95_16.00_16.05_16.10_16.15_,1502_3702_1358_1096_153_,15.90_15.85_15.80_15.75_15.70_,1361_926_1047_1006_1536_
12:32:03,15.95,4,11390,15.95_16.00_16.05_16.10_16.15_,1494_3702_1358_1096_153_,15.90_15.85_15.80_15.75_15.70_,1382_926_1047_1006_1536_
12:32:14,15.95,4,11390,15.95_16.00_16.05_16.10_16.15_,1494_3702_1358_1096_153_,15.90_15.85_15.80_15.75_15.70_,1386_926_1047_1006_1536_
12:33:10,15.90,13,11411,15.95_16.00_16.05_16.10_16.15_,1510_3691_1359_1096_153_,15.90_15.85_15.80_15.75_15.70_,1389_929_1047_1006_1536_
12:33:15,15.90,13,11411,15.95_16.00_16.05_16.10_16.15_,1510_3691_1359_1096_153_,15.90_15.85_15.80_15.75_15.70_,1391_929_1047_1006_1536_
12:33:20,15.90,13,11411,15.95_16.00_16.05_16.10_16.15_,1510_3714_1359_1096_153_,15.90_15.85_15.80_15.75_15.70_,1391_929_1047_1006_1536_
12:34:47,15.90,1,11415,15.95_16.00_16.05_16.10_16.15_,1507_3719_1359_1096_153_,15.90_15.85_15.80_15.75_15.70_,1396_930_1047_1006_1536_
12:34:57,15.90,1,11415,15.95_16.00_16.05_16.10_16.15_,1507_3720_1359_1096_153_,15.90_15.85_15.80_15.75_15.70_,1396_930_1047_1006_1536_
12:35:03,15.90,1,11416,15.95_16.00_16.05_16.10_16.15_,1507_3720_1359_1096_153_,15.90_15.85_15.80_15.75_15.70_,1394_930_1047_1006_1536_
12:35:23,15.95,4,11431,15.95_16.00_16.05_16.10_16.15_,1494_3721_1359_1096_153_,15.90_15.85_15.80_15.75_15.70_,1390_931_1048_1006_1536_
12:36:25,15.95,1,11438,15.95_16.00_16.05_16.10_16.15_,1490_3721_1360_1096_153_,15.90_15.85_15.80_15.75_15.70_,1131_936_1045_1006_1536_
12:37:11,15.95,1,11438,15.95_16.00_16.05_16.10_16.15_,1497_3726_1360_1096_153_,15.90_15.85_15.80_15.75_15.70_,1123_932_1045_1023_1536_
12:37:16,15.95,1,11439,15.95_16.00_16.05_16.10_16.15_,1495_3726_1360_1096_153_,15.90_15.85_15.80_15.75_15.70_,1121_930_1045_1023_1536_
12:37:21,15.95,1,11439,15.95_16.00_16.05_16.10_16.15_,1495_3726_1360_1096_153_,15.90_15.85_15.80_15.75_15.70_,1122_930_1045_1023_1536_
12:37:26,15.95,1,11439,15.95_16.00_16.05_16.10_16.15_,1495_3726_1360_1096_153_,15.90_15.85_15.80_15.75_15.70_,1132_929_1045_1023_1536_
12:41:17,15.95,2,11559,15.95_16.00_16.05_16.10_16.15_,1392_3722_1365_1096_153_,15.90_15.85_15.80_15.75_15.70_,1179_934_1044_1026_1536_
12:41:22,15.95,1,11560,15.95_16.00_16.05_16.10_16.15_,1391_3722_1365_1096_153_,15.90_15.85_15.80_15.75_15.70_,1179_934_1044_1026_1536_
12:41:27,15.95,1,11560,15.95_16.00_16.05_16.10_16.15_,1392_3722_1365_1096_153_,15.90_15.85_15.80_15.75_15.70_,1179_930_1044_1026_1536_
12:41:32,15.95,4,11564,15.95_16.00_16.05_16.10_16.15_,1388_3722_1365_1096_153_,15.90_15.85_15.80_15.75_15.70_,1175_930_1044_1026_1536_
12:41:37,15.95,4,11564,15.95_16.00_16.05_16.10_16.15_,1387_3723_1364_1096_153_,15.90_15.85_15.80_15.75_15.70_,1175_930_1044_1026_1536_
12:41:42,15.95,2,11566,15.95_16.00_16.05_16.10_16.15_,1385_3723_1364_1096_153_,15.90_15.85_15.80_15.75_15.70_,1175_930_1044_1026_1536_
12:41:48,15.95,2,11566,15.95_16.00_16.05_16.10_16.15_,1385_3723_1364_1096_153_,15.90_15.85_15.80_15.75_15.70_,1175_935_1044_1026_1536_
12:41:53,15.95,2,11566,15.95_16.00_16.05_16.10_16.15_,1385_3723_1364_1096_153_,15.90_15.85_15.80_15.75_15.70_,1177_937_1044_1026_1536_
12:43:25,15.95,3,11579,15.95_16.00_16.05_16.10_16.15_,1391_3722_1364_1099_153_,15.90_15.85_15.80_15.75_15.70_,1275_937_1044_1026_1536_
12:44:52,15.95,4,11596,15.95_16.00_16.05_16.10_16.15_,1399_3722_1364_1100_153_,15.90_15.85_15.80_15.75_15.70_,1275_941_1044_1026_1536_
12:45:33,15.95,15,11702,15.95_16.00_16.05_16.10_16.15_,1301_3729_1364_1100_153_,15.90_15.85_15.80_15.75_15.70_,1282_941_1144_1025_1536_
12:45:49,15.95,63,11767,15.95_16.00_16.05_16.10_16.15_,1236_3729_1364_1100_153_,15.90_15.85_15.80_15.75_15.70_,1284_991_1144_1025_1536_
12:45:59,15.95,7,11774,15.95_16.00_16.05_16.10_16.15_,1229_3729_1364_1100_153_,15.90_15.85_15.80_15.75_15.70_,1285_991_1144_1025_1536_
12:46:04,15.95,7,11774,15.95_16.00_16.05_16.10_16.15_,1229_3729_1364_1100_153_,15.90_15.85_15.80_15.75_15.70_,1285_992_1144_1025_1536_
12:46:09,15.95,7,11774,15.95_16.00_16.05_16.10_16.15_,1229_3729_1364_1100_153_,15.90_15.85_15.80_15.75_15.70_,1291_992_1145_1025_1536_
12:46:30,15.90,2,11789,15.95_16.00_16.05_16.10_16.15_,1215_3729_1364_1100_153_,15.90_15.85_15.80_15.75_15.70_,1284_992_1147_1025_1536_
12:47:52,15.95,1,11814,15.95_16.00_16.05_16.10_16.15_,1190_3734_1364_1100_155_,15.90_15.85_15.80_15.75_15.70_,1340_991_1147_1025_1536_
12:48:02,15.95,1,11814,15.95_16.00_16.05_16.10_16.15_,1190_3734_1364_1100_155_,15.90_15.85_15.80_15.75_15.70_,1344_991_1145_1025_1536_
12:48:07,15.95,1,11814,15.95_16.00_16.05_16.10_16.15_,1190_3734_1364_1100_155_,15.90_15.85_15.80_15.75_15.70_,1343_991_1145_1025_1536_
12:48:12,15.95,2,11816,15.95_16.00_16.05_16.10_16.15_,1188_3734_1364_1100_155_,15.90_15.85_15.80_15.75_15.70_,1348_991_1145_1025_1536_
12:48:48,15.90,5,11871,15.95_16.00_16.05_16.10_16.15_,1189_3754_1364_1100_155_,15.90_15.85_15.80_15.75_15.70_,1299_992_1146_1025_1536_
12:49:29,15.90,1,11877,15.95_16.00_16.05_16.10_16.15_,1184_3755_1364_1100_155_,15.90_15.85_15.80_15.75_15.70_,1298_992_1147_1025_1536_
12:49:34,15.95,15,11892,15.95_16.00_16.05_16.10_16.15_,1169_3755_1364_1100_155_,15.90_15.85_15.80_15.75_15.70_,1298_992_1147_1025_1536_
12:49:45,15.95,15,11892,15.95_16.00_16.05_16.10_16.15_,1169_3755_1364_1100_155_,15.90_15.85_15.80_15.75_15.70_,1310_992_1147_1025_1536_
12:50:00,15.95,63,11955,15.95_16.00_16.05_16.10_16.15_,1106_3755_1364_1100_155_,15.90_15.85_15.80_15.75_15.70_,1309_992_1148_1025_1536_
12:50:05,15.95,4,11959,15.95_16.00_16.05_16.10_16.15_,1102_3755_1364_1100_155_,15.90_15.85_15.80_15.75_15.70_,1305_992_1148_1025_1536_
12:50:10,15.95,5,11964,15.95_16.00_16.05_16.10_16.15_,1097_3755_1364_1100_155_,15.90_15.85_15.80_15.75_15.70_,1309_992_1148_1025_1536_
12:50:21,15.95,2,11968,15.95_16.00_16.05_16.10_16.15_,1096_3760_1364_1100_155_,15.90_15.85_15.80_15.75_15.70_,1311_992_1148_1025_1536_
12:50:31,15.95,3,11971,15.95_16.00_16.05_16.10_16.15_,1093_3760_1364_1100_155_,15.90_15.85_15.80_15.75_15.70_,1311_992_1148_1025_1536_
12:50:36,15.95,3,11971,15.95_16.00_16.05_16.10_16.15_,1093_3760_1364_1100_155_,15.90_15.85_15.80_15.75_15.70_,1312_992_1149_1025_1536_
12:50:46,15.95,14,11985,15.95_16.00_16.05_16.10_16.15_,1079_3760_1364_1100_155_,15.90_15.85_15.80_15.75_15.70_,1312_992_1149_1025_1536_
12:51:37,15.95,101,12114,15.95_16.00_16.05_16.10_16.15_,950_3772_1375_1300_155_,15.90_15.85_15.80_15.75_15.70_,1437_1002_1149_1025_1536_
12:51:42,15.95,101,12114,15.95_16.00_16.05_16.10_16.15_,950_3772_1375_1300_158_,15.90_15.85_15.80_15.75_15.70_,1438_1002_1149_1025_1536_
12:51:53,15.95,58,12172,15.95_16.00_16.05_16.10_16.15_,893_3772_1375_1300_158_,15.90_15.85_15.80_15.75_15.70_,1448_1002_1149_1025_1536_
12:54:26,15.90,10,12480,15.95_16.00_16.05_16.10_16.15_,616_3787_1365_1100_158_,15.90_15.85_15.80_15.75_15.70_,1493_1003_1149_998_1536_
12:54:36,15.90,10,12480,15.95_16.00_16.05_16.10_16.15_,616_3787_1365_1100_158_,15.90_15.85_15.80_15.75_15.70_,1490_1003_1149_998_1536_
12:54:41,15.90,10,12480,15.95_16.00_16.05_16.10_16.15_,616_3787_1365_1100_158_,15.90_15.85_15.80_15.75_15.70_,1491_1003_1149_998_1536_
12:54:47,15.95,17,12497,15.95_16.00_16.05_16.10_16.15_,599_3787_1365_1100_158_,15.90_15.85_15.80_15.75_15.70_,1487_1003_1149_998_1536_
12:54:52,15.90,2,12499,15.95_16.00_16.05_16.10_16.15_,600_3787_1365_1100_158_,15.90_15.85_15.80_15.75_15.70_,1485_1003_1149_999_1536_
12:57:26,15.90,2,12573,15.95_16.00_16.05_16.10_16.15_,535_3788_1365_1101_160_,15.90_15.85_15.80_15.75_15.70_,1367_1006_1159_996_1536_
12:58:01,15.95,1,12579,15.95_16.00_16.05_16.10_16.15_,534_3788_1365_1101_160_,15.90_15.85_15.80_15.75_15.70_,1375_1006_1169_996_1536_
12:58:17,15.95,5,12585,15.95_16.00_16.05_16.10_16.15_,539_3793_1354_1103_160_,15.90_15.85_15.80_15.75_15.70_,1391_1006_1169_996_1536_
12:58:27,15.95,1,12586,15.95_16.00_16.05_16.10_16.15_,538_3793_1354_1103_160_,15.90_15.85_15.80_15.75_15.70_,1393_1006_1169_996_1536_
12:58:37,15.95,4,12590,15.95_16.00_16.05_16.10_16.15_,534_3793_1354_1103_160_,15.90_15.85_15.80_15.75_15.70_,1389_1006_1169_996_1536_
12:58:42,15.95,4,12590,15.95_16.00_16.05_16.10_16.15_,534_3793_1354_1103_160_,15.90_15.85_15.80_15.75_15.70_,1391_1006_1169_996_1536_
12:58:47,15.95,5,12595,15.95_16.00_16.05_16.10_16.15_,530_3793_1354_1103_160_,15.90_15.85_15.80_15.75_15.70_,1386_1006_1169_996_1536_
12:59:44,16.00,2,13152,16.00_16.05_16.10_16.15_16.20_,3613_1349_1244_160_403_,15.95_15.90_15.85_15.80_15.75_,422_878_1056_1269_890_
12:59:49,16.00,2,13152,16.00_16.05_16.10_16.15_16.20_,3613_1349_1245_160_403_,15.95_15.90_15.85_15.80_15.75_,423_878_1056_1269_890_
13:00:09,16.00,1,13153,16.00_16.05_16.10_16.15_16.20_,3840_1349_1245_160_403_,15.95_15.90_15.85_15.80_15.75_,387_1044_1056_1269_890_
13:00:25,16.00,1,13156,16.00_16.05_16.10_16.15_16.20_,3845_1349_1255_160_403_,15.95_15.90_15.85_15.80_15.75_,392_1044_1056_1269_890_
13:00:30,16.00,5,13161,16.00_16.05_16.10_16.15_16.20_,3840_1349_1255_160_403_,15.95_15.90_15.85_15.80_15.75_,393_1044_1056_1269_890_
13:00:50,16.00,1,13198,16.00_16.05_16.10_16.15_16.20_,3803_1349_1256_160_403_,15.95_15.90_15.85_15.80_15.75_,357_1034_1015_1269_890_
13:01:42,16.00,35,13248,16.00_16.05_16.10_16.15_16.20_,3782_1353_1242_160_403_,15.95_15.90_15.85_15.80_15.75_,367_1039_1006_1269_890_
13:02:38,16.00,32,13295,16.00_16.05_16.10_16.15_16.20_,3752_1355_1243_160_403_,15.95_15.90_15.85_15.80_15.75_,494_1041_1004_1269_890_
13:02:48,16.00,2,13297,16.00_16.05_16.10_16.15_16.20_,3751_1355_1243_160_403_,15.95_15.90_15.85_15.80_15.75_,497_1042_1004_1269_890_
13:03:04,16.00,2,13297,16.00_16.05_16.10_16.15_16.20_,3695_1355_1243_160_403_,15.95_15.90_15.85_15.80_15.75_,497_1042_994_1269_890_
13:03:09,16.00,2,13297,16.00_16.05_16.10_16.15_16.20_,3700_1355_1243_160_403_,15.95_15.90_15.85_15.80_15.75_,532_1042_994_1269_890_
13:04:05,15.95,1,13351,16.00_16.05_16.10_16.15_16.20_,3707_1065_1533_160_411_,15.95_15.90_15.85_15.80_15.75_,530_1015_994_1169_890_
13:04:56,15.95,63,13465,16.00_16.05_16.10_16.15_16.20_,3663_1065_1534_160_411_,15.95_15.90_15.85_15.80_15.75_,432_1017_994_1169_890_
13:05:01,15.95,63,13465,16.00_16.05_16.10_16.15_16.20_,3663_1066_1534_160_411_,15.95_15.90_15.85_15.80_15.75_,432_1017_994_1169_890_
13:06:39,16.00,5,13738,16.00_16.05_16.10_16.15_16.20_,3407_1385_1245_162_411_,15.95_15.90_15.85_15.80_15.75_,491_943_994_1169_890_
13:07:10,16.00,5,13828,16.00_16.05_16.10_16.15_16.20_,3334_1385_1245_162_411_,15.95_15.90_15.85_15.80_15.75_,490_937_994_1169_890_
13:08:42,16.00,2,13893,16.00_16.05_16.10_16.15_16.20_,3410_1385_1351_162_411_,15.95_15.90_15.85_15.80_15.75_,448_985_998_1169_890_
13:08:47,16.00,2,13895,16.00_16.05_16.10_16.15_16.20_,3413_1385_1351_162_411_,15.95_15.90_15.85_15.80_15.75_,449_985_998_1169_890_
13:09:49,16.00,5,13944,16.00_16.05_16.10_16.15_16.20_,3490_1385_1351_162_411_,15.95_15.90_15.85_15.80_15.75_,452_984_998_1169_890_
13:09:54,15.95,1,13945,16.00_16.05_16.10_16.15_16.20_,3492_1385_1351_162_411_,15.95_15.90_15.85_15.80_15.75_,451_984_998_1169_890_
13:09:59,16.00,5,13950,16.00_16.05_16.10_16.15_16.20_,3499_1095_1641_162_411_,15.95_15.90_15.85_15.80_15.75_,445_984_998_1169_890_
13:10:45,16.00,1,13988,16.00_16.05_16.10_16.15_16.20_,3466_1385_1351_162_411_,15.95_15.90_15.85_15.80_15.75_,417_984_998_1169_890_
13:10:50,16.00,1,13988,16.00_16.05_16.10_16.15_16.20_,3467_1385_1351_162_411_,15.95_15.90_15.85_15.80_15.75_,417_986_998_1169_890_
13:10:55,16.00,10,13998,16.00_16.05_16.10_16.15_16.20_,3457_1385_1351_162_411_,15.95_15.90_15.85_15.80_15.75_,412_986_998_1169_890_
13:11:16,15.95,1,14031,16.00_16.05_16.10_16.15_16.20_,3424_1385_1351_162_411_,15.95_15.90_15.85_15.80_15.75_,416_987_998_1169_890_
13:11:26,15.95,1,14031,16.00_16.05_16.10_16.15_16.20_,3425_1095_1643_162_411_,15.95_15.90_15.85_15.80_15.75_,426_987_1004_1169_890_
13:14:15,16.00,4,14161,16.00_16.05_16.10_16.15_16.20_,3399_1376_1396_162_411_,15.95_15.90_15.85_15.80_15.75_,404_1040_998_1169_890_
13:15:58,16.00,2,14206,16.00_16.05_16.10_16.15_16.20_,3386_1378_1396_162_411_,15.95_15.90_15.85_15.80_15.75_,384_1090_1582_1755_1138_
13:16:33,15.95,2,14245,16.00_16.05_16.10_16.15_16.20_,3371_1192_1540_162_411_,15.95_15.90_15.85_15.80_15.75_,390_1089_1582_1755_1138_
13:16:49,15.95,2,14245,16.00_16.05_16.10_16.15_16.20_,3373_1222_1540_162_411_,15.95_15.90_15.85_15.80_15.75_,390_1089_1582_1755_1138_
13:16:59,15.95,1,14246,16.00_16.05_16.10_16.15_16.20_,3393_1222_1540_162_411_,15.95_15.90_15.85_15.80_15.75_,369_1089_1582_1755_1138_
13:17:40,16.00,2,14290,16.00_16.05_16.10_16.15_16.20_,3350_1406_1356_162_411_,15.95_15.90_15.85_15.80_15.75_,365_1095_1582_1755_1138_
13:19:23,16.00,1,14493,16.00_16.05_16.10_16.15_16.20_,3266_1403_1356_161_411_,15.95_15.90_15.85_15.80_15.75_,346_1196_1582_1756_1138_
13:20:40,15.95,60,14617,16.00_16.05_16.10_16.15_16.20_,3216_1401_1356_161_401_,15.95_15.90_15.85_15.80_15.75_,270_1187_1582_1756_1138_
13:21:05,15.95,60,14617,16.00_16.05_16.10_16.15_16.20_,3254_1212_1540_161_401_,15.95_15.90_15.85_15.80_15.75_,275_1184_1582_1756_1138_
13:22:38,16.00,5,14706,16.00_16.05_16.10_16.15_16.20_,3192_1446_1356_161_401_,15.95_15.90_15.85_15.80_15.75_,277_1234_1582_1756_1138_
13:22:53,16.00,1,14707,16.00_16.05_16.10_16.15_16.20_,3198_1446_1356_161_401_,15.95_15.90_15.85_15.80_15.75_,277_1259_1612_1756_1138_
13:24:25,15.95,1,14813,16.00_16.05_16.10_16.15_16.20_,3113_1941_1683_161_401_,15.95_15.90_15.85_15.80_15.75_,207_1769_2092_1746_1108_
13:24:56,16.00,10,14836,16.00_16.05_16.10_16.15_16.20_,3162_2949_2077_581_900_,15.95_15.90_15.85_15.80_15.75_,191_1769_2302_2077_1607_
13:25:03,16.00,10,14836,16.00_16.05_16.10_16.15_16.20_,3163_3133_1893_581_900_,15.95_15.90_15.85_15.80_15.75_,191_1762_2302_2072_1607_
13:25:08,16.00,10,14836,16.00_16.05_16.10_16.15_16.20_,3154_3133_1893_581_900_,15.95_15.90_15.85_15.80_15.75_,191_1762_2302_2072_1606_
13:25:13,16.00,10,14836,16.00_16.05_16.10_16.15_16.20_,3156_3841_1893_581_900_,15.95_15.90_15.85_15.80_15.75_,169_2470_2302_2072_1606_
13:28:39,16.00,10,14836,15.95_16.00_16.05_16.10_16.15_,1257_3157_4140_2095_838_,15.90_15.85_15.80_15.75_15.70_,3769_2733_2085_1566_1506_
13:30:00,15.95,1266,16102,15.95_16.00_16.05_16.10_16.15_,1132_3267_4140_2095_844_,15.90_15.85_15.80_15.75_15.70_,4080_2972_2068_1521_1506_
