09:00:22,13.70,4,4,13.75_13.80_13.85_13.90_13.95_,3_62_171_331_592_,13.70_13.65_13.60_13.55_13.50_,41_73_73_56_31_
09:01:03,13.70,18,22,13.75_13.80_13.85_13.90_13.95_,3_62_171_331_592_,13.70_13.65_13.60_13.55_13.50_,23_73_73_56_31_
09:04:12,13.70,1,46,13.75_13.80_13.85_13.90_13.95_,41_82_181_401_605_,13.70_13.65_13.60_13.55_13.50_,30_79_73_59_31_
09:04:33,13.70,1,46,13.75_13.80_13.85_13.90_13.95_,41_82_181_401_605_,13.70_13.65_13.60_13.55_13.50_,30_79_73_359_31_
09:04:43,13.70,1,46,13.75_13.80_13.85_13.90_13.95_,41_82_191_411_615_,13.70_13.65_13.60_13.55_13.50_,30_79_73_359_331_
09:05:13,13.70,21,67,13.75_13.80_13.85_13.90_13.95_,41_82_191_411_625_,13.70_13.65_13.60_13.55_13.50_,9_82_73_359_331_
09:06:25,13.70,2,76,13.75_13.80_13.85_13.90_13.95_,40_82_191_416_625_,13.70_13.65_13.60_13.55_13.50_,4_83_199_359_331_
09:09:04,13.70,3,81,13.70_13.75_13.80_13.85_13.90_,1_21_83_191_416_,13.65_13.60_13.55_13.50_13.45_,92_205_364_334_12_
09:11:43,13.70,1,82,13.70_13.75_13.80_13.85_13.90_,6_21_83_198_416_,13.65_13.60_13.55_13.50_13.45_,95_204_364_334_12_
09:12:19,13.70,1,82,13.70_13.75_13.80_13.85_13.90_,6_21_84_209_416_,13.65_13.60_13.55_13.50_13.45_,95_215_364_334_12_
09:12:49,13.70,1,83,13.70_13.75_13.80_13.85_13.90_,5_21_84_209_416_,13.65_13.60_13.55_13.50_13.45_,96_215_364_336_12_
09:13:05,13.70,1,83,13.70_13.75_13.80_13.85_13.90_,5_41_84_209_416_,13.65_13.60_13.55_13.50_13.45_,97_215_364_336_12_
09:13:15,13.70,1,83,13.70_13.75_13.80_13.85_13.90_,5_41_84_219_416_,13.65_13.60_13.55_13.50_13.45_,97_215_364_336_12_
09:13:35,13.70,10,105,13.70_13.75_13.80_13.85_13.90_,52_41_84_219_417_,13.65_13.60_13.55_13.50_13.45_,96_216_364_336_12_
09:13:51,13.70,10,105,13.70_13.75_13.80_13.85_13.90_,52_41_84_219_427_,13.65_13.60_13.55_13.50_13.45_,96_216_364_336_12_
09:16:19,13.65,5,115,13.70_13.75_13.80_13.85_13.90_,48_52_84_208_477_,13.65_13.60_13.55_13.50_13.45_,96_221_368_336_12_
09:16:29,13.70,2,117,13.70_13.75_13.80_13.85_13.90_,46_52_84_208_477_,13.65_13.60_13.55_13.50_13.45_,96_221_368_336_12_
09:16:40,13.70,1,118,13.70_13.75_13.80_13.85_13.90_,45_52_84_208_477_,13.65_13.60_13.55_13.50_13.45_,96_221_368_336_12_
09:17:20,13.70,1,118,13.70_13.75_13.80_13.85_13.90_,45_52_84_208_477_,13.65_13.60_13.55_13.50_13.45_,283_321_368_336_12_
09:17:41,13.70,1,118,13.70_13.75_13.80_13.85_13.90_,45_52_84_208_487_,13.65_13.60_13.55_13.50_13.45_,283_321_368_336_12_
09:17:51,13.70,30,148,13.70_13.75_13.80_13.85_13.90_,15_52_84_208_487_,13.65_13.60_13.55_13.50_13.45_,283_321_368_336_12_
09:19:18,13.75,1,165,13.75_13.80_13.85_13.90_13.95_,39_96_194_487_660_,13.70_13.65_13.60_13.55_13.50_,38_255_298_356_336_
09:19:23,13.75,1,165,13.75_13.80_13.85_13.90_13.95_,39_96_194_487_660_,13.70_13.65_13.60_13.55_13.50_,43_255_298_356_336_
09:20:04,13.75,1,166,13.75_13.80_13.85_13.90_13.95_,38_111_194_487_664_,13.70_13.65_13.60_13.55_13.50_,43_254_298_356_336_
09:22:12,13.75,1,168,13.75_13.80_13.85_13.90_13.95_,36_111_194_487_664_,13.70_13.65_13.60_13.55_13.50_,43_254_298_356_336_
09:24:56,14.00,55,1823,14.00_14.05_14.10_14.15_14.20_,535_312_374_310_384_,13.95_13.90_13.85_13.80_13.75_,165_19_21_104_3_
09:25:37,14.00,2,2059,14.00_14.05_14.10_14.15_14.20_,509_313_374_311_384_,13.95_13.90_13.85_13.80_13.75_,6_20_22_118_18_
09:27:50,14.00,1,2113,14.00_14.05_14.10_14.15_14.20_,760_312_374_311_385_,13.95_13.90_13.85_13.80_13.75_,43_7_26_122_48_
09:28:52,13.95,34,2166,14.00_14.05_14.10_14.15_14.20_,751_313_374_311_387_,13.95_13.90_13.85_13.80_13.75_,4_7_34_114_48_
09:31:15,13.95,3,2185,13.95_14.00_14.05_14.10_14.15_,36_747_326_373_311_,13.90_13.85_13.80_13.75_13.70_,11_24_125_48_62_
09:32:06,13.95,3,2185,13.95_14.00_14.05_14.10_14.15_,27_747_326_376_311_,13.90_13.85_13.80_13.75_13.70_,13_24_125_48_62_
09:34:09,13.95,3,2185,13.95_14.00_14.05_14.10_14.15_,53_796_326_377_311_,13.90_13.85_13.80_13.75_13.70_,14_25_125_43_67_
09:34:40,13.95,3,2185,13.95_14.00_14.05_14.10_14.15_,58_796_326_427_311_,13.90_13.85_13.80_13.75_13.70_,14_25_125_43_67_
09:36:28,13.90,2,2189,13.95_14.00_14.05_14.10_14.15_,59_801_326_427_311_,13.90_13.85_13.80_13.75_13.70_,11_25_130_43_68_
09:38:00,13.90,1,2191,13.95_14.00_14.05_14.10_14.15_,67_801_326_427_311_,13.90_13.85_13.80_13.75_13.70_,12_25_130_43_68_
09:39:37,13.90,1,2193,13.95_14.00_14.05_14.10_14.15_,67_802_327_427_311_,13.90_13.85_13.80_13.75_13.70_,10_25_130_43_68_
09:40:03,13.90,1,2193,13.95_14.00_14.05_14.10_14.15_,67_802_327_427_311_,13.90_13.85_13.80_13.75_13.70_,11_24_130_43_68_
09:40:24,13.90,1,2193,13.95_14.00_14.05_14.10_14.15_,77_802_327_427_311_,13.90_13.85_13.80_13.75_13.70_,17_24_130_43_68_
09:41:10,13.90,3,2196,13.95_14.00_14.05_14.10_14.15_,83_802_338_427_311_,13.90_13.85_13.80_13.75_13.70_,14_27_130_54_68_
09:41:35,13.90,1,2197,13.95_14.00_14.05_14.10_14.15_,83_802_338_427_311_,13.90_13.85_13.80_13.75_13.70_,13_27_130_54_68_
09:47:13,13.95,1,2209,13.95_14.00_14.05_14.10_14.15_,117_791_338_427_313_,13.90_13.85_13.80_13.75_13.70_,10_25_130_52_70_
09:49:01,13.95,1,2209,13.95_14.00_14.05_14.10_14.15_,120_791_338_427_313_,13.90_13.85_13.80_13.75_13.70_,12_25_130_52_70_
09:50:03,13.95,1,2211,13.95_14.00_14.05_14.10_14.15_,128_791_338_427_313_,13.90_13.85_13.80_13.75_13.70_,11_24_130_52_70_
09:50:18,13.95,1,2211,13.95_14.00_14.05_14.10_14.15_,128_791_338_427_313_,13.90_13.85_13.80_13.75_13.70_,11_25_130_52_70_
09:50:33,13.90,3,2214,13.95_14.00_14.05_14.10_14.15_,128_791_338_427_313_,13.90_13.85_13.80_13.75_13.70_,8_25_130_52_70_
09:52:11,13.90,3,2217,13.95_14.00_14.05_14.10_14.15_,128_791_337_427_313_,13.90_13.85_13.80_13.75_13.70_,7_25_130_52_70_
09:55:10,13.90,5,2224,13.95_14.00_14.05_14.10_14.15_,147_804_340_427_313_,13.90_13.85_13.80_13.75_13.70_,27_37_138_52_70_
09:55:35,13.90,5,2224,13.95_14.00_14.05_14.10_14.15_,147_809_340_427_313_,13.90_13.85_13.80_13.75_13.70_,27_37_138_52_70_
09:58:09,13.95,5,2229,13.95_14.00_14.05_14.10_14.15_,142_829_340_427_318_,13.90_13.85_13.80_13.75_13.70_,30_39_142_52_66_
09:59:00,13.95,1,2231,13.95_14.00_14.05_14.10_14.15_,141_829_340_427_318_,13.90_13.85_13.80_13.75_13.70_,29_39_142_52_66_
10:03:07,13.90,33,2267,13.95_14.00_14.05_14.10_14.15_,157_936_339_432_318_,13.85_13.80_13.75_13.70_13.65_,44_131_63_166_198_
10:03:43,13.90,33,2267,13.95_14.00_14.05_14.10_14.15_,157_936_339_432_318_,13.85_13.80_13.75_13.70_13.65_,44_127_67_166_198_
10:06:58,13.95,1,2271,13.95_14.00_14.05_14.10_14.15_,153_965_340_432_318_,13.90_13.85_13.80_13.75_13.70_,20_32_132_56_166_
10:07:13,13.95,1,2271,13.95_14.00_14.05_14.10_14.15_,153_965_340_432_318_,13.90_13.85_13.80_13.75_13.70_,20_32_132_56_167_
10:07:44,13.95,1,2271,13.95_14.00_14.05_14.10_14.15_,153_980_340_432_318_,13.90_13.85_13.80_13.75_13.70_,20_32_132_56_167_
10:08:15,13.90,17,2288,13.95_14.00_14.05_14.10_14.15_,153_980_340_432_318_,13.90_13.85_13.80_13.75_13.70_,3_32_132_56_167_
10:08:20,13.90,11,2299,13.90_13.95_14.00_14.05_14.10_,19_153_980_340_432_,13.85_13.80_13.75_13.70_13.65_,29_129_56_167_200_
10:08:40,13.95,3,2321,13.95_14.00_14.05_14.10_14.15_,150_981_339_432_318_,13.85_13.80_13.75_13.70_13.65_,16_122_64_167_200_
10:09:16,13.95,3,2321,13.95_14.00_14.05_14.10_14.15_,150_981_339_432_318_,13.85_13.80_13.75_13.70_13.65_,16_122_64_167_200_
10:10:07,13.95,3,2321,13.95_14.00_14.05_14.10_14.15_,146_970_339_432_318_,13.85_13.80_13.75_13.70_13.65_,16_122_64_167_200_
10:10:22,13.90,1,2322,13.90_13.95_14.00_14.05_14.10_,3_157_970_339_432_,13.85_13.80_13.75_13.70_13.65_,16_122_64_167_201_
10:10:38,13.95,3,2328,13.95_14.00_14.05_14.10_14.15_,154_970_339_432_318_,13.85_13.80_13.75_13.70_13.65_,15_122_64_167_201_
10:11:09,13.95,3,2328,13.95_14.00_14.05_14.10_14.15_,158_970_339_432_318_,13.85_13.80_13.75_13.70_13.65_,13_122_64_167_201_
10:12:00,13.95,3,2328,13.95_14.00_14.05_14.10_14.15_,159_969_340_432_318_,13.90_13.85_13.80_13.75_13.70_,8_18_128_56_157_
10:13:07,13.90,8,2337,13.90_13.95_14.00_14.05_14.10_,42_158_965_339_432_,13.85_13.80_13.75_13.70_13.65_,20_118_55_79_201_
10:15:20,13.90,8,2337,13.90_13.95_14.00_14.05_14.10_,42_158_1015_339_432_,13.85_13.80_13.75_13.70_13.65_,21_119_55_79_201_
10:17:43,13.90,8,2337,13.90_13.95_14.00_14.05_14.10_,42_158_1020_339_432_,13.85_13.80_13.75_13.70_13.65_,21_119_55_79_201_
10:18:04,13.90,8,2337,13.90_13.95_14.00_14.05_14.10_,42_158_1020_339_432_,13.85_13.80_13.75_13.70_13.65_,22_119_55_79_201_
10:21:03,13.85,1,2339,13.90_13.95_14.00_14.05_14.10_,61_158_1042_328_432_,13.85_13.80_13.75_13.70_13.65_,22_114_55_84_201_
10:21:19,13.85,1,2339,13.90_13.95_14.00_14.05_14.10_,62_158_1042_328_432_,13.85_13.80_13.75_13.70_13.65_,22_114_55_84_201_
10:23:01,13.85,1,2351,13.90_13.95_14.00_14.05_14.10_,71_168_1042_328_432_,13.85_13.80_13.75_13.70_13.65_,12_114_55_84_201_
10:23:42,13.85,1,2351,13.90_13.95_14.00_14.05_14.10_,71_188_1042_328_432_,13.85_13.80_13.75_13.70_13.65_,12_114_55_84_201_
10:23:53,13.85,1,2351,13.90_13.95_14.00_14.05_14.10_,91_188_1042_328_432_,13.85_13.80_13.75_13.70_13.65_,11_114_55_84_201_
10:24:03,13.85,1,2351,13.90_13.95_14.00_14.05_14.10_,91_188_1042_328_432_,13.85_13.80_13.75_13.70_13.65_,12_114_55_84_201_
10:24:08,13.85,1,2351,13.90_13.95_14.00_14.05_14.10_,91_188_1017_328_432_,13.85_13.80_13.75_13.70_13.65_,12_114_55_84_201_
10:24:13,13.85,1,2351,13.90_13.95_14.00_14.05_14.10_,116_188_1017_328_432_,13.85_13.80_13.75_13.70_13.65_,12_114_55_84_201_
10:24:28,13.85,8,2359,13.90_13.95_14.00_14.05_14.10_,116_188_1017_328_432_,13.85_13.80_13.75_13.70_13.65_,4_114_55_84_201_
10:25:04,13.90,1,2360,13.90_13.95_14.00_14.05_14.10_,115_188_1017_328_432_,13.85_13.80_13.75_13.70_13.65_,4_114_55_84_201_
10:26:21,13.90,1,2360,13.90_13.95_14.00_14.05_14.10_,115_188_1017_328_432_,13.85_13.80_13.75_13.70_13.65_,4_115_55_84_201_
10:27:58,13.90,1,2361,13.90_13.95_14.00_14.05_14.10_,114_188_1017_328_432_,13.85_13.80_13.75_13.70_13.65_,4_115_55_84_201_
10:29:26,13.90,1,2363,13.90_13.95_14.00_14.05_14.10_,138_188_1017_328_432_,13.85_13.80_13.75_13.70_13.65_,3_115_55_84_201_
10:30:12,13.90,1,2363,13.90_13.95_14.00_14.05_14.10_,138_188_1017_328_432_,13.85_13.80_13.75_13.70_13.65_,4_115_55_84_201_
10:30:32,13.90,1,2363,13.90_13.95_14.00_14.05_14.10_,138_188_1017_328_432_,13.85_13.80_13.75_13.70_13.65_,5_115_55_84_201_
10:31:03,13.90,1,2363,13.90_13.95_14.00_14.05_14.10_,138_188_1018_328_432_,13.85_13.80_13.75_13.70_13.65_,9_115_55_84_201_
10:34:03,13.90,1,2365,13.90_13.95_14.00_14.05_14.10_,136_188_1021_328_432_,13.85_13.80_13.75_13.70_13.65_,12_115_55_84_201_
10:36:57,13.85,1,2366,13.90_13.95_14.00_14.05_14.10_,136_188_1021_328_432_,13.85_13.80_13.75_13.70_13.65_,12_115_55_84_201_
10:37:32,13.90,1,2367,13.90_13.95_14.00_14.05_14.10_,135_188_1021_328_432_,13.85_13.80_13.75_13.70_13.65_,10_115_55_84_201_
10:40:11,13.90,1,2369,13.90_13.95_14.00_14.05_14.10_,133_198_1021_328_432_,13.85_13.80_13.75_13.70_13.65_,10_115_55_84_201_
10:42:50,13.90,1,2369,13.90_13.95_14.00_14.05_14.10_,159_213_1007_328_432_,13.85_13.80_13.75_13.70_13.65_,11_115_55_84_201_
10:44:17,13.90,1,2370,13.90_13.95_14.00_14.05_14.10_,178_213_1007_328_432_,13.85_13.80_13.75_13.70_13.65_,10_115_55_84_201_
10:45:08,13.90,1,2371,13.90_13.95_14.00_14.05_14.10_,177_213_1007_328_432_,13.85_13.80_13.75_13.70_13.65_,11_115_55_84_201_
10:46:15,13.90,1,2372,13.90_13.95_14.00_14.05_14.10_,176_213_1007_328_432_,13.85_13.80_13.75_13.70_13.65_,10_115_55_84_201_
10:48:03,13.90,1,2373,13.90_13.95_14.00_14.05_14.10_,195_213_1007_328_432_,13.85_13.80_13.75_13.70_13.65_,10_114_55_84_201_
10:52:03,13.90,1,2376,13.90_13.95_14.00_14.05_14.10_,192_213_1008_328_432_,13.85_13.80_13.75_13.70_13.65_,25_115_40_84_201_
10:54:42,13.90,1,2376,13.90_13.95_14.00_14.05_14.10_,192_213_1008_328_432_,13.85_13.80_13.75_13.70_13.65_,25_115_40_84_201_
10:57:05,13.90,1,2378,13.90_13.95_14.00_14.05_14.10_,190_213_1008_328_432_,13.85_13.80_13.75_13.70_13.65_,25_115_40_84_201_
10:58:07,13.90,1,2379,13.90_13.95_14.00_14.05_14.10_,189_213_1008_328_432_,13.85_13.80_13.75_13.70_13.65_,24_115_40_84_201_
11:04:16,13.90,1,2384,13.90_13.95_14.00_14.05_14.10_,186_211_1008_328_432_,13.85_13.80_13.75_13.70_13.65_,26_114_40_84_201_
11:08:32,13.90,1,2386,13.90_13.95_14.00_14.05_14.10_,185_211_1013_328_432_,13.85_13.80_13.75_13.70_13.65_,26_114_40_84_201_
11:09:23,13.90,1,2386,13.90_13.95_14.00_14.05_14.10_,185_211_1013_328_432_,13.85_13.80_13.75_13.70_13.65_,27_114_40_84_201_
11:09:59,13.90,1,2387,13.90_13.95_14.00_14.05_14.10_,184_211_1013_328_432_,13.85_13.80_13.75_13.70_13.65_,26_114_40_84_201_
11:12:28,13.90,1,2387,13.90_13.95_14.00_14.05_14.10_,184_211_1013_328_432_,13.85_13.80_13.75_13.70_13.65_,26_114_40_84_201_
11:13:20,13.90,1,2389,13.90_13.95_14.00_14.05_14.10_,182_211_1013_328_432_,13.85_13.80_13.75_13.70_13.65_,25_115_40_84_201_
11:15:12,13.90,1,2389,13.90_13.95_14.00_14.05_14.10_,182_211_1013_328_432_,13.85_13.80_13.75_13.70_13.65_,26_115_40_84_201_
11:17:00,13.90,1,2390,13.90_13.95_14.00_14.05_14.10_,181_211_1013_328_432_,13.85_13.80_13.75_13.70_13.65_,27_114_40_84_201_
11:18:22,13.90,1,2390,13.90_13.95_14.00_14.05_14.10_,181_211_1013_328_432_,13.85_13.80_13.75_13.70_13.65_,28_114_40_84_201_
11:19:23,13.90,1,2391,13.90_13.95_14.00_14.05_14.10_,180_211_1013_328_432_,13.85_13.80_13.75_13.70_13.65_,27_114_40_84_201_
11:21:21,13.90,1,2391,13.90_13.95_14.00_14.05_14.10_,205_211_1013_328_432_,13.85_13.80_13.75_13.70_13.65_,28_114_40_84_201_
11:22:18,13.90,1,2392,13.90_13.95_14.00_14.05_14.10_,204_211_1013_328_432_,13.85_13.80_13.75_13.70_13.65_,27_114_40_84_201_
11:23:04,13.90,1,2393,13.90_13.95_14.00_14.05_14.10_,203_211_1013_328_432_,13.85_13.80_13.75_13.70_13.65_,27_113_40_84_201_
11:24:21,13.90,1,2393,13.90_13.95_14.00_14.05_14.10_,213_201_1013_328_432_,13.85_13.80_13.75_13.70_13.65_,27_113_40_84_201_
11:33:14,13.90,1,2397,13.90_13.95_14.00_14.05_14.10_,128_206_996_350_432_,13.85_13.80_13.75_13.70_13.65_,26_113_40_84_201_
11:34:00,13.85,12,2409,13.90_13.95_14.00_14.05_14.10_,128_206_996_350_432_,13.85_13.80_13.75_13.70_13.65_,14_113_40_84_201_
11:34:10,13.85,12,2409,13.90_13.95_14.00_14.05_14.10_,128_206_996_350_432_,13.85_13.80_13.75_13.70_13.65_,17_113_40_84_201_
11:34:56,13.85,12,2409,13.90_13.95_14.00_14.05_14.10_,128_206_996_350_432_,13.85_13.80_13.75_13.70_13.65_,21_113_40_84_201_
11:35:27,13.85,1,2410,13.90_13.95_14.00_14.05_14.10_,128_206_996_350_432_,13.85_13.80_13.75_13.70_13.65_,21_109_40_84_201_
11:36:08,13.90,1,2413,13.90_13.95_14.00_14.05_14.10_,125_206_996_350_432_,13.85_13.80_13.75_13.70_13.65_,18_110_40_84_201_
11:37:20,13.90,1,2413,13.90_13.95_14.00_14.05_14.10_,125_206_1023_328_432_,13.85_13.80_13.75_13.70_13.65_,19_109_40_84_201_
11:38:26,13.90,1,2414,13.90_13.95_14.00_14.05_14.10_,124_206_1028_328_432_,13.85_13.80_13.75_13.70_13.65_,19_109_40_84_201_
11:38:52,13.90,1,2414,13.90_13.95_14.00_14.05_14.10_,124_211_1028_328_432_,13.85_13.80_13.75_13.70_13.65_,19_109_40_84_201_
11:41:21,13.90,1,2416,13.90_13.95_14.00_14.05_14.10_,193_211_1028_328_432_,13.85_13.80_13.75_13.70_13.65_,19_110_40_84_201_
11:44:25,13.85,3,2420,13.90_13.95_14.00_14.05_14.10_,192_210_1025_328_432_,13.85_13.80_13.75_13.70_13.65_,17_110_40_84_201_
11:45:37,13.90,1,2422,13.90_13.95_14.00_14.05_14.10_,190_210_1025_328_432_,13.85_13.80_13.75_13.70_13.65_,16_110_40_84_201_
11:48:26,13.90,1,2424,13.90_13.95_14.00_14.05_14.10_,188_210_1025_328_432_,13.85_13.80_13.75_13.70_13.65_,14_110_40_84_201_
11:49:02,13.90,1,2424,13.90_13.95_14.00_14.05_14.10_,191_210_1025_328_432_,13.85_13.80_13.75_13.70_13.65_,15_109_40_84_201_
11:51:16,13.90,1,2425,13.90_13.95_14.00_14.05_14.10_,187_210_1027_328_432_,13.85_13.80_13.75_13.70_13.65_,15_110_40_84_201_
11:52:22,13.85,10,2435,13.90_13.95_14.00_14.05_14.10_,192_210_1027_328_432_,13.85_13.80_13.75_13.70_13.65_,9_111_40_84_201_
11:55:01,13.85,2,2458,13.90_13.95_14.00_14.05_14.10_,191_211_1026_328_432_,13.80_13.75_13.70_13.65_13.60_,118_29_98_201_180_
11:56:18,13.85,2,2458,13.90_13.95_14.00_14.05_14.10_,191_211_1026_328_432_,13.80_13.75_13.70_13.65_13.60_,119_29_98_201_180_
11:57:50,13.80,20,2478,13.90_13.95_14.00_14.05_14.10_,206_196_1026_328_432_,13.80_13.75_13.70_13.65_13.60_,99_37_90_201_180_
12:00:35,13.90,1,2481,13.90_13.95_14.00_14.05_14.10_,203_195_1032_328_432_,13.85_13.80_13.75_13.70_13.65_,15_81_36_90_202_
12:01:57,13.85,10,2491,13.90_13.95_14.00_14.05_14.10_,203_196_1032_328_432_,13.85_13.80_13.75_13.70_13.65_,5_81_36_90_202_
12:04:21,13.90,1,2492,13.90_13.95_14.00_14.05_14.10_,203_196_1032_328_432_,13.85_13.80_13.75_13.70_13.65_,7_82_36_90_202_
12:05:53,13.90,1,2496,13.90_13.95_14.00_14.05_14.10_,202_196_1032_328_432_,13.85_13.80_13.75_13.70_13.65_,4_82_36_90_202_
12:09:07,13.90,1,2498,13.90_13.95_14.00_14.05_14.10_,200_196_1032_329_432_,13.85_13.80_13.75_13.70_13.65_,4_81_36_90_202_
12:11:16,13.90,1,2498,13.90_13.95_14.00_14.05_14.10_,200_196_1032_329_432_,13.85_13.80_13.75_13.70_13.65_,4_82_36_90_202_
12:11:41,13.90,1,2498,13.90_13.95_14.00_14.05_14.10_,200_196_1032_329_432_,13.85_13.80_13.75_13.70_13.65_,4_82_36_100_202_
12:12:28,13.90,1,2499,13.90_13.95_14.00_14.05_14.10_,199_196_1032_329_432_,13.85_13.80_13.75_13.70_13.65_,3_82_36_100_202_
12:14:31,13.90,1,2502,13.90_13.95_14.00_14.05_14.10_,203_196_1032_329_432_,13.85_13.80_13.75_13.70_13.65_,2_82_36_100_202_
12:17:09,13.90,1,2503,13.90_13.95_14.00_14.05_14.10_,201_196_1032_329_432_,13.85_13.80_13.75_13.70_13.65_,2_82_36_90_202_
12:17:20,13.90,1,2503,13.90_13.95_14.00_14.05_14.10_,201_196_1032_329_432_,13.85_13.80_13.75_13.70_13.65_,12_82_36_90_202_
12:17:25,13.90,1,2503,13.90_13.95_14.00_14.05_14.10_,201_196_1032_329_432_,13.85_13.80_13.75_13.70_13.65_,13_82_36_90_202_
12:17:30,13.90,1,2503,13.90_13.95_14.00_14.05_14.10_,201_196_1032_329_432_,13.85_13.80_13.75_13.70_13.65_,14_82_36_90_202_
12:21:26,13.90,1,2505,13.90_13.95_14.00_14.05_14.10_,201_196_1032_329_432_,13.85_13.80_13.75_13.70_13.65_,13_82_36_90_202_
12:23:08,13.90,1,2505,13.90_13.95_14.00_14.05_14.10_,201_196_1032_329_432_,13.85_13.80_13.75_13.70_13.65_,14_82_36_90_202_
12:25:01,13.90,1,2506,13.90_13.95_14.00_14.05_14.10_,200_196_1032_329_432_,13.85_13.80_13.75_13.70_13.65_,14_81_36_90_202_
12:26:12,13.90,1,2506,13.90_13.95_14.00_14.05_14.10_,200_196_1032_329_432_,13.85_13.80_13.75_13.70_13.65_,15_81_36_90_202_
12:27:04,13.90,1,2507,13.90_13.95_14.00_14.05_14.10_,199_196_1032_329_432_,13.85_13.80_13.75_13.70_13.65_,14_81_36_90_202_
12:27:24,13.90,1,2507,13.90_13.95_14.00_14.05_14.10_,200_196_1032_329_432_,13.85_13.80_13.75_13.70_13.65_,14_81_36_90_202_
12:29:22,13.85,6,2515,13.90_13.95_14.00_14.05_14.10_,203_196_1032_329_432_,13.85_13.80_13.75_13.70_13.65_,8_82_36_90_202_
12:30:54,13.90,1,2523,13.90_13.95_14.00_14.05_14.10_,203_196_1032_329_432_,13.85_13.80_13.75_13.70_13.65_,12_82_36_90_202_
12:33:43,13.85,3,2526,13.90_13.95_14.00_14.05_14.10_,203_196_1037_329_432_,13.85_13.80_13.75_13.70_13.65_,12_91_36_80_202_
12:35:46,13.85,1,2537,13.90_13.95_14.00_14.05_14.10_,203_196_1037_329_432_,13.85_13.80_13.75_13.70_13.65_,1_91_36_80_202_
12:37:18,13.85,1,2537,13.90_13.95_14.00_14.05_14.10_,204_196_1037_329_432_,13.85_13.80_13.75_13.70_13.65_,2_91_36_80_202_
12:37:28,13.85,2,2539,13.90_13.95_14.00_14.05_14.10_,204_196_1037_329_432_,13.80_13.75_13.70_13.65_13.60_,91_36_80_202_180_
12:37:33,13.85,2,2539,13.90_13.95_14.00_14.05_14.10_,204_197_1036_329_432_,13.80_13.75_13.70_13.65_13.60_,105_28_88_202_180_
12:42:26,13.85,2,2539,13.85_13.90_13.95_14.00_14.05_,1_204_197_1037_329_,13.80_13.75_13.70_13.65_13.60_,106_28_88_202_180_
12:46:21,13.90,1,2554,13.90_13.95_14.00_14.05_14.10_,199_197_1037_329_432_,13.80_13.75_13.70_13.65_13.60_,109_33_91_202_180_
12:47:43,13.90,1,2554,13.90_13.95_14.00_14.05_14.10_,194_197_1037_329_432_,13.80_13.75_13.70_13.65_13.60_,109_33_91_202_180_
12:48:35,13.80,2,2556,13.90_13.95_14.00_14.05_14.10_,194_247_987_329_382_,13.80_13.75_13.70_13.65_13.60_,107_41_83_202_180_
12:49:26,13.80,2,2556,13.90_13.95_14.00_14.05_14.10_,194_247_988_329_382_,13.80_13.75_13.70_13.65_13.60_,108_41_83_202_180_
12:49:52,13.80,2,2556,13.90_13.95_14.00_14.05_14.10_,194_246_990_329_382_,13.85_13.80_13.75_13.70_13.65_,10_96_37_80_202_
12:50:12,13.90,1,2557,13.90_13.95_14.00_14.05_14.10_,193_246_990_329_382_,13.85_13.80_13.75_13.70_13.65_,10_95_37_80_202_
12:50:23,13.90,1,2558,13.90_13.95_14.00_14.05_14.10_,192_246_990_329_382_,13.85_13.80_13.75_13.70_13.65_,10_95_39_80_202_
12:51:29,13.90,1,2558,13.90_13.95_14.00_14.05_14.10_,192_246_990_329_382_,13.85_13.80_13.75_13.70_13.65_,10_95_40_80_202_
12:52:26,13.90,1,2558,13.90_13.95_14.00_14.05_14.10_,192_246_990_329_382_,13.85_13.80_13.75_13.70_13.65_,11_95_40_80_202_
12:53:58,13.90,1,2570,13.90_13.95_14.00_14.05_14.10_,191_246_990_329_382_,13.85_13.80_13.75_13.70_13.65_,14_90_27_80_202_
12:55:25,13.90,1,2570,13.90_13.95_14.00_14.05_14.10_,191_246_990_329_382_,13.85_13.80_13.75_13.70_13.65_,15_90_27_80_202_
12:56:00,13.90,1,2571,13.90_13.95_14.00_14.05_14.10_,190_246_990_329_382_,13.85_13.80_13.75_13.70_13.65_,14_90_27_80_202_
12:56:31,13.90,1,2571,13.90_13.95_14.00_14.05_14.10_,190_246_990_329_382_,13.85_13.80_13.75_13.70_13.65_,16_90_27_80_202_
12:57:17,13.90,1,2571,13.90_13.95_14.00_14.05_14.10_,191_246_990_329_382_,13.85_13.80_13.75_13.70_13.65_,16_91_27_81_202_
12:57:33,13.85,1,2572,13.90_13.95_14.00_14.05_14.10_,191_246_990_329_382_,13.85_13.80_13.75_13.70_13.65_,15_91_27_81_202_
12:58:19,13.85,2,2574,13.90_13.95_14.00_14.05_14.10_,191_246_990_329_382_,13.85_13.80_13.75_13.70_13.65_,22_89_27_81_202_
12:58:29,13.85,2,2574,13.90_13.95_14.00_14.05_14.10_,191_246_990_329_382_,13.85_13.80_13.75_13.70_13.65_,43_89_27_81_202_
12:59:00,13.85,2,2574,13.90_13.95_14.00_14.05_14.10_,252_246_990_329_382_,13.85_13.80_13.75_13.70_13.65_,43_89_27_81_202_
12:59:20,13.85,1,2575,13.90_13.95_14.00_14.05_14.10_,252_246_990_329_382_,13.85_13.80_13.75_13.70_13.65_,44_89_27_81_202_
13:00:17,13.85,1,2575,13.90_13.95_14.00_14.05_14.10_,252_246_990_329_382_,13.85_13.80_13.75_13.70_13.65_,63_89_27_81_202_
13:01:34,13.85,1,2575,13.90_13.95_14.00_14.05_14.10_,252_246_990_329_382_,13.85_13.80_13.75_13.70_13.65_,65_68_27_81_202_
13:01:39,13.85,1,2575,13.90_13.95_14.00_14.05_14.10_,252_246_990_329_382_,13.85_13.80_13.75_13.70_13.65_,63_68_27_81_202_
13:02:30,13.90,1,2638,13.90_13.95_14.00_14.05_14.10_,189_246_990_329_382_,13.85_13.80_13.75_13.70_13.65_,24_48_27_81_202_
13:02:35,13.90,1,2639,13.90_13.95_14.00_14.05_14.10_,188_246_990_329_382_,13.85_13.80_13.75_13.70_13.65_,11_48_27_81_202_
13:02:56,13.90,1,2639,13.90_13.95_14.00_14.05_14.10_,188_246_990_329_382_,13.85_13.80_13.75_13.70_13.65_,11_48_17_81_202_
13:03:16,13.85,1,2640,13.90_13.95_14.00_14.05_14.10_,188_246_990_329_382_,13.85_13.80_13.75_13.70_13.65_,20_48_17_81_202_
13:04:23,13.85,2,2645,13.90_13.95_14.00_14.05_14.10_,188_246_990_329_382_,13.85_13.80_13.75_13.70_13.65_,19_49_32_76_202_
13:04:38,13.90,6,2651,13.90_13.95_14.00_14.05_14.10_,182_246_990_329_377_,13.85_13.80_13.75_13.70_13.65_,20_49_32_76_202_
13:06:40,13.85,8,2675,13.85_13.90_13.95_14.00_14.05_,2_184_247_991_329_,13.80_13.75_13.70_13.65_13.60_,55_22_87_202_180_
13:07:21,13.90,2,2679,13.90_13.95_14.00_14.05_14.10_,182_247_991_329_377_,13.80_13.75_13.70_13.65_13.60_,56_25_84_202_180_
13:09:34,13.90,2,2679,13.85_13.90_13.95_14.00_14.05_,2_187_247_991_329_,13.80_13.75_13.70_13.65_13.60_,56_25_84_202_180_
13:09:50,13.90,1,2682,13.90_13.95_14.00_14.05_14.10_,186_247_991_329_377_,13.80_13.75_13.70_13.65_13.60_,56_25_84_202_180_
13:10:20,13.90,1,2682,13.90_13.95_14.00_14.05_14.10_,186_247_991_329_377_,13.80_13.75_13.70_13.65_13.60_,56_26_84_202_180_
13:10:26,13.90,1,2682,13.90_13.95_14.00_14.05_14.10_,186_247_991_329_377_,13.80_13.75_13.70_13.65_13.60_,57_26_84_202_180_
13:11:01,13.90,1,2683,13.90_13.95_14.00_14.05_14.10_,185_246_992_329_377_,13.85_13.80_13.75_13.70_13.65_,2_48_33_76_202_
13:13:30,13.90,1,2683,13.90_13.95_14.00_14.05_14.10_,185_246_992_329_377_,13.85_13.80_13.75_13.70_13.65_,4_47_33_76_202_
13:14:00,13.90,1,2684,13.90_13.95_14.00_14.05_14.10_,184_246_992_329_377_,13.85_13.80_13.75_13.70_13.65_,5_48_33_76_202_
13:14:56,13.90,1,2685,13.90_13.95_14.00_14.05_14.10_,183_246_992_326_377_,13.85_13.80_13.75_13.70_13.65_,4_48_33_76_202_
13:15:22,13.90,2,2687,13.90_13.95_14.00_14.05_14.10_,181_246_992_326_377_,13.85_13.80_13.75_13.70_13.65_,4_48_33_76_202_
13:15:27,13.90,2,2687,13.90_13.95_14.00_14.05_14.10_,181_246_992_326_377_,13.85_13.80_13.75_13.70_13.65_,4_47_33_76_202_
13:16:28,13.90,1,2689,13.90_13.95_14.00_14.05_14.10_,180_246_992_326_377_,13.85_13.80_13.75_13.70_13.65_,4_47_33_76_202_
13:16:44,13.90,1,2689,13.90_13.95_14.00_14.05_14.10_,185_246_992_326_377_,13.85_13.80_13.75_13.70_13.65_,4_47_33_76_202_
13:18:00,13.90,1,2690,13.90_13.95_14.00_14.05_14.10_,184_246_992_326_377_,13.85_13.80_13.75_13.70_13.65_,4_47_33_76_202_
13:19:58,13.90,1,2690,13.90_13.95_14.00_14.05_14.10_,184_246_992_326_377_,13.85_13.80_13.75_13.70_13.65_,11_47_28_76_202_
13:23:33,13.80,5,2732,13.85_13.90_13.95_14.00_14.05_,27_185_310_989_378_,13.80_13.75_13.70_13.65_13.60_,48_70_62_227_180_
13:23:48,13.80,5,2732,13.85_13.90_13.95_14.00_14.05_,27_190_311_999_378_,13.80_13.75_13.70_13.65_13.60_,48_70_62_227_180_
13:24:55,13.85,1,2740,13.85_13.90_13.95_14.00_14.05_,19_200_311_999_378_,13.80_13.75_13.70_13.65_13.60_,48_67_53_227_180_
13:25:21,13.85,1,2740,13.90_13.95_14.00_14.05_14.10_,204_311_999_378_429_,13.80_13.75_13.70_13.65_13.60_,23_67_53_227_180_
13:25:26,13.85,1,2740,13.90_13.95_14.00_14.05_14.10_,204_311_999_378_429_,13.80_13.75_13.70_13.65_13.60_,25_67_53_227_180_
13:26:28,13.85,1,2740,13.90_13.95_14.00_14.05_14.10_,204_311_1004_378_429_,13.80_13.75_13.70_13.65_13.60_,27_175_59_227_180_
13:26:33,13.85,1,2740,13.90_13.95_14.00_14.05_14.10_,204_311_1004_378_429_,13.80_13.75_13.70_13.65_13.60_,29_175_59_227_180_
13:26:48,13.85,1,2740,13.90_13.95_14.00_14.05_14.10_,204_311_994_378_429_,13.80_13.75_13.70_13.65_13.60_,21_175_59_227_180_
13:27:55,13.85,1,2740,13.90_13.95_14.00_14.05_14.10_,254_261_994_378_429_,13.80_13.75_13.70_13.65_13.60_,23_175_59_226_179_
13:30:00,13.80,33,2773,13.90_13.95_14.00_14.05_14.10_,263_261_999_410_429_,13.80_13.75_13.70_13.65_13.60_,55_184_173_226_179_
