09:00:55,250.00,1,13,250.00_250.50_251.00_251.50_252.00_,15_8_7_6_4_,249.00_248.50_247.00_246.00_245.50_,2_2_1_4_4_
09:03:03,249.50,1,14,249.50_250.00_250.50_251.00_251.50_,3_13_9_14_6_,249.00_248.00_247.50_247.00_246.00_,7_2_11_4_1_
09:03:50,249.50,1,15,249.50_250.00_250.50_251.00_251.50_,3_14_10_15_7_,249.00_248.00_247.50_247.00_246.50_,7_2_11_4_1_
09:04:20,249.50,1,18,249.50_250.00_250.50_251.00_251.50_,6_13_8_15_8_,249.00_248.00_247.50_247.00_246.50_,6_2_11_4_1_
09:04:51,249.50,1,18,249.50_250.00_250.50_251.00_251.50_,7_13_8_15_8_,249.00_248.00_247.50_247.00_246.50_,6_2_11_4_1_
09:04:56,249.50,3,21,249.50_250.00_250.50_251.00_251.50_,3_13_8_15_8_,249.00_248.00_247.50_247.00_246.50_,6_2_11_4_1_
09:05:01,249.50,1,22,249.50_250.00_250.50_251.00_251.50_,3_12_9_16_8_,249.00_248.00_247.50_247.00_246.50_,6_1_11_4_1_
09:05:06,249.50,1,22,249.50_250.00_250.50_251.00_251.50_,4_11_9_18_8_,249.00_248.00_247.50_247.00_246.50_,6_1_12_4_1_
09:06:03,249.50,2,27,249.50_250.00_250.50_251.00_251.50_,4_12_9_16_7_,249.00_248.00_247.50_247.00_246.50_,6_2_11_4_1_
09:07:20,249.50,1,31,249.50_250.00_250.50_251.00_251.50_,1_18_14_21_8_,249.00_248.00_247.50_247.00_246.50_,9_1_11_4_1_
09:08:11,249.50,1,32,250.00_250.50_251.00_251.50_252.00_,18_14_19_9_16_,249.00_248.00_247.50_247.00_246.50_,8_1_13_2_1_
09:09:43,249.00,1,34,249.50_250.00_250.50_251.00_251.50_,4_19_15_20_9_,249.00_248.00_247.50_247.00_246.50_,9_1_12_4_1_
09:10:55,249.50,1,36,249.50_250.00_250.50_251.00_251.50_,8_18_13_20_9_,249.00_248.00_247.50_247.00_246.50_,9_1_12_3_1_
09:11:15,249.50,1,37,249.50_250.00_250.50_251.00_251.50_,6_18_13_20_9_,249.00_248.00_247.50_247.00_246.50_,9_1_12_3_1_
09:11:26,249.50,1,38,249.50_250.00_250.50_251.00_251.50_,5_18_13_20_9_,249.00_248.00_247.50_247.00_246.50_,8_1_12_3_1_
09:12:12,250.00,1,44,250.00_250.50_251.00_251.50_252.00_,18_14_18_10_19_,249.00_248.50_248.00_247.50_247.00_,8_3_1_14_1_
09:12:22,250.00,1,45,250.00_250.50_251.00_251.50_252.00_,17_14_18_10_19_,249.00_248.50_248.00_247.50_247.00_,8_3_1_15_1_
09:13:13,250.50,1,63,250.50_251.00_251.50_252.00_252.50_,13_16_8_20_2_,250.00_249.50_249.00_248.50_248.00_,5_12_8_12_3_
09:13:44,250.50,1,76,250.50_251.00_251.50_252.00_252.50_,14_16_12_19_2_,250.00_249.50_249.00_248.50_248.00_,3_7_8_10_6_
09:13:59,250.50,1,76,250.50_251.00_251.50_252.00_252.50_,14_16_12_19_3_,250.00_249.50_249.00_248.50_248.00_,4_6_8_10_6_
09:15:52,250.00,2,78,250.00_250.50_251.00_251.50_252.00_,6_12_24_16_20_,249.50_249.00_248.50_248.00_247.50_,4_7_7_11_8_
09:16:53,250.50,1,86,250.50_251.00_251.50_252.00_252.50_,21_25_10_25_5_,250.00_249.50_249.00_248.50_248.00_,5_6_8_13_6_
09:16:58,250.50,1,86,250.50_251.00_251.50_252.00_252.50_,22_25_10_25_5_,250.00_249.50_249.00_248.50_248.00_,6_6_8_12_6_
09:17:14,250.50,1,86,250.50_251.00_251.50_252.00_252.50_,22_25_10_25_5_,250.00_249.50_249.00_248.50_248.00_,7_6_8_12_6_
09:17:34,250.50,1,88,250.50_251.00_251.50_252.00_252.50_,21_25_10_25_5_,250.00_249.50_249.00_248.50_248.00_,5_6_8_14_4_
09:19:17,250.00,1,95,250.00_250.50_251.00_251.50_252.00_,7_23_26_14_20_,249.50_249.00_248.50_248.00_247.50_,3_6_6_13_8_
09:21:04,249.50,1,98,250.00_250.50_251.00_251.50_252.00_,6_22_26_14_22_,249.50_249.00_248.50_248.00_247.50_,1_6_7_11_8_
09:22:26,249.50,1,98,250.00_250.50_251.00_251.50_252.00_,16_22_26_14_22_,249.50_249.00_248.50_248.00_247.50_,3_6_7_9_8_
09:22:37,249.50,1,98,250.00_250.50_251.00_251.50_252.00_,17_28_26_14_22_,249.50_249.00_248.50_248.00_247.50_,4_5_7_9_8_
09:24:55,249.50,1,102,250.00_250.50_251.00_251.50_252.00_,23_28_25_14_22_,249.50_249.00_248.50_248.00_247.50_,6_7_6_13_8_
09:25:10,249.50,1,102,250.00_250.50_251.00_251.50_252.00_,23_28_25_14_22_,249.50_249.00_248.50_248.00_247.50_,6_7_7_11_8_
09:25:26,249.50,1,102,250.00_250.50_251.00_251.50_252.00_,23_28_25_14_22_,249.50_249.00_248.50_248.00_247.50_,7_7_7_11_8_
09:29:37,249.50,1,111,250.00_250.50_251.00_251.50_252.00_,37_32_25_14_20_,249.50_249.00_248.50_248.00_247.50_,6_7_6_11_8_
09:30:28,249.50,1,115,250.00_250.50_251.00_251.50_252.00_,36_32_26_14_19_,249.50_249.00_248.50_248.00_247.50_,2_7_6_12_8_
09:30:38,249.50,1,115,250.00_250.50_251.00_251.50_252.00_,36_33_26_14_19_,249.50_249.00_248.50_248.00_247.50_,1_8_6_13_8_
09:30:54,249.50,1,115,250.00_250.50_251.00_251.50_252.00_,36_33_26_14_20_,249.50_249.00_248.50_248.00_247.50_,1_8_6_13_8_
09:30:59,249.50,1,115,250.00_250.50_251.00_251.50_252.00_,37_33_26_14_20_,249.50_249.00_248.50_248.00_247.50_,2_7_6_13_8_
09:32:05,249.50,1,119,250.00_250.50_251.00_251.50_252.00_,38_32_26_14_20_,249.00_248.50_248.00_247.50_247.00_,7_6_13_5_1_
09:32:15,249.50,1,119,250.00_250.50_251.00_251.50_252.00_,38_32_26_14_20_,249.00_248.50_248.00_247.50_247.00_,5_5_15_7_1_
09:34:08,249.00,1,125,249.50_250.00_250.50_251.00_251.50_,12_34_27_31_10_,249.00_248.50_248.00_247.50_247.00_,2_6_3_13_5_
09:35:05,249.00,2,127,249.50_250.00_250.50_251.00_251.50_,13_34_27_31_10_,249.00_248.50_248.00_247.50_247.00_,1_6_3_13_5_
09:35:51,249.00,2,127,249.50_250.00_250.50_251.00_251.50_,16_33_26_31_10_,249.00_248.50_248.00_247.50_247.00_,1_7_3_13_5_
09:37:44,249.00,1,130,249.50_250.00_250.50_251.00_251.50_,15_31_26_31_12_,249.00_248.50_248.00_247.50_247.00_,16_10_3_12_4_
09:41:03,249.00,1,137,249.50_250.00_250.50_251.00_251.50_,13_31_26_31_14_,249.00_248.50_248.00_247.50_247.00_,16_8_7_11_4_
09:41:55,249.00,1,137,249.50_250.00_250.50_251.00_251.50_,13_33_26_31_12_,249.00_248.50_248.00_247.50_247.00_,16_8_7_11_4_
09:42:30,249.00,2,140,249.50_250.00_250.50_251.00_251.50_,14_33_26_31_12_,249.00_248.50_248.00_247.50_247.00_,5_9_6_15_4_
09:43:37,249.50,1,141,249.50_250.00_250.50_251.00_251.50_,15_33_26_33_10_,249.00_248.50_248.00_247.50_247.00_,5_9_6_15_5_
09:43:47,249.50,1,141,249.50_250.00_250.50_251.00_251.50_,16_33_26_33_10_,249.00_248.50_248.00_247.50_247.00_,5_9_6_15_5_
09:44:28,249.00,2,143,249.50_250.00_250.50_251.00_251.50_,17_34_26_31_12_,249.00_248.50_248.00_247.50_247.00_,3_9_6_15_5_
09:45:14,249.00,1,146,249.50_250.00_250.50_251.00_251.50_,17_34_26_33_10_,248.50_248.00_247.50_247.00_246.50_,9_5_16_4_3_
09:45:25,249.00,1,146,249.00_249.50_250.00_250.50_251.00_,1_17_34_26_33_,248.50_248.00_247.50_247.00_246.50_,9_5_16_4_3_
09:45:30,249.00,3,149,249.50_250.00_250.50_251.00_251.50_,15_36_30_31_8_,248.50_248.00_247.50_247.00_246.50_,8_5_5_11_6_
09:45:35,249.00,3,149,249.50_250.00_250.50_251.00_251.50_,17_36_26_31_10_,248.50_248.00_247.50_247.00_246.50_,8_5_14_4_4_
09:46:52,249.00,1,150,249.00_249.50_250.00_250.50_251.00_,6_12_31_30_31_,248.50_248.00_247.50_247.00_246.50_,6_8_5_10_7_
09:49:00,248.50,2,154,249.00_249.50_250.00_250.50_251.00_,10_11_31_30_31_,248.50_248.00_247.50_247.00_246.50_,3_8_5_11_7_
09:49:05,248.50,2,154,249.00_249.50_250.00_250.50_251.00_,13_11_31_30_29_,248.50_248.00_247.50_247.00_246.50_,3_8_8_8_7_
09:49:15,248.50,2,154,249.00_249.50_250.00_250.50_251.00_,13_11_31_30_29_,248.50_248.00_247.50_247.00_246.50_,5_8_8_8_7_
09:49:21,248.50,2,154,249.00_249.50_250.00_250.50_251.00_,13_11_31_30_29_,248.50_248.00_247.50_247.00_246.50_,5_8_8_9_6_
09:50:07,248.50,2,154,249.00_249.50_250.00_250.50_251.00_,13_12_31_30_29_,248.50_248.00_247.50_247.00_246.50_,7_8_8_9_7_
09:50:32,248.50,3,157,249.00_249.50_250.00_250.50_251.00_,14_13_31_30_29_,248.50_248.00_247.50_247.00_246.50_,6_8_8_9_7_
09:51:39,248.50,3,157,249.00_249.50_250.00_250.50_251.00_,15_12_31_30_29_,248.50_248.00_247.50_247.00_246.50_,6_8_8_9_7_
09:51:44,248.50,3,157,249.00_249.50_250.00_250.50_251.00_,15_12_31_30_29_,248.50_248.00_247.50_247.00_246.50_,7_8_8_9_7_
09:52:30,248.50,1,163,249.00_249.50_250.00_250.50_251.00_,15_12_31_30_29_,248.50_248.00_247.50_247.00_246.50_,2_8_8_9_7_
09:53:21,249.00,1,169,249.00_249.50_250.00_250.50_251.00_,13_12_31_30_29_,248.50_248.00_247.50_247.00_246.50_,2_8_5_12_7_
09:55:35,248.50,1,172,248.50_249.00_249.50_250.00_250.50_,23_9_10_49_46_,248.00_247.50_247.00_246.50_246.00_,4_7_6_11_7_
09:56:16,248.50,1,172,248.50_249.00_249.50_250.00_250.50_,23_9_10_49_46_,248.00_247.50_247.00_246.50_246.00_,4_7_8_12_6_
09:56:36,248.50,1,172,248.50_249.00_249.50_250.00_250.50_,22_9_10_49_46_,248.00_247.50_247.00_246.50_246.00_,5_7_9_11_6_
09:57:02,248.50,1,172,248.50_249.00_249.50_250.00_250.50_,23_9_10_49_46_,248.00_247.50_247.00_246.50_246.00_,5_7_12_11_6_
09:58:39,248.50,1,174,248.50_249.00_249.50_250.00_250.50_,26_10_9_49_46_,248.00_247.50_247.00_246.50_246.00_,8_7_11_11_7_
09:58:50,248.50,1,174,248.50_249.00_249.50_250.00_250.50_,27_10_9_49_46_,248.00_247.50_247.00_246.50_246.00_,8_7_11_11_7_
10:00:32,248.50,2,181,248.50_249.00_249.50_250.00_250.50_,20_15_11_48_46_,248.00_247.50_247.00_246.50_246.00_,13_14_16_8_6_
10:00:37,248.50,2,181,248.50_249.00_249.50_250.00_250.50_,21_14_11_48_46_,248.00_247.50_247.00_246.50_246.00_,13_14_16_8_6_
10:01:03,248.50,2,181,248.50_249.00_249.50_250.00_250.50_,16_15_11_48_46_,248.00_247.50_247.00_246.50_246.00_,16_14_16_8_6_
10:01:38,248.00,1,193,248.50_249.00_249.50_250.00_250.50_,7_8_13_51_50_,248.00_247.50_247.00_246.50_246.00_,18_13_15_8_6_
10:04:02,249.00,1,207,249.00_249.50_250.00_250.50_251.00_,6_9_47_51_56_,248.50_248.00_247.50_247.00_246.50_,14_20_11_14_6_
10:04:38,249.00,1,208,249.00_249.50_250.00_250.50_251.00_,7_9_47_51_56_,248.50_248.00_247.50_247.00_246.50_,22_20_10_14_6_
10:05:24,249.00,1,208,249.00_249.50_250.00_250.50_251.00_,7_9_47_51_56_,248.50_248.00_247.50_247.00_246.50_,22_19_10_14_6_
10:09:30,249.00,1,212,249.00_249.50_250.00_250.50_251.00_,8_14_57_52_52_,248.50_248.00_247.50_247.00_246.50_,17_16_11_18_6_
10:09:55,249.00,1,212,249.00_249.50_250.00_250.50_251.00_,8_14_57_52_52_,248.50_248.00_247.50_247.00_246.50_,17_16_10_18_6_
10:11:58,248.50,2,214,249.00_249.50_250.00_250.50_251.00_,10_14_57_52_51_,248.50_248.00_247.50_247.00_246.50_,16_16_13_15_6_
10:12:19,248.50,2,214,249.00_249.50_250.00_250.50_251.00_,10_14_57_52_51_,248.50_248.00_247.50_247.00_246.50_,15_16_13_15_6_
10:12:24,249.00,2,216,249.00_249.50_250.00_250.50_251.00_,8_14_57_52_51_,248.50_248.00_247.50_247.00_246.50_,15_16_13_15_6_
10:14:47,249.00,2,216,249.00_249.50_250.00_250.50_251.00_,11_14_63_53_50_,248.50_248.00_247.50_247.00_246.50_,15_16_10_18_6_
10:15:08,249.00,1,217,249.00_249.50_250.00_250.50_251.00_,10_14_63_53_50_,248.50_248.00_247.50_247.00_246.50_,15_16_10_18_6_
10:16:20,248.50,1,218,249.00_249.50_250.00_250.50_251.00_,12_14_63_52_50_,248.50_248.00_247.50_247.00_246.50_,18_15_13_15_6_
10:16:30,248.50,1,218,249.00_249.50_250.00_250.50_251.00_,12_14_63_52_49_,248.50_248.00_247.50_247.00_246.50_,18_15_13_15_6_
10:16:40,248.50,1,218,249.00_249.50_250.00_250.50_251.00_,13_14_63_52_49_,248.50_248.00_247.50_247.00_246.50_,18_15_13_15_6_
10:17:06,248.50,2,220,249.00_249.50_250.00_250.50_251.00_,13_14_63_52_49_,248.50_248.00_247.50_247.00_246.50_,16_15_13_15_6_
10:18:07,249.00,4,225,249.00_249.50_250.00_250.50_251.00_,8_14_63_52_49_,248.50_248.00_247.50_247.00_246.50_,12_16_10_18_6_
10:19:50,248.50,1,227,249.00_249.50_250.00_250.50_251.00_,8_15_63_52_49_,248.50_248.00_247.50_247.00_246.50_,11_16_14_15_6_
10:21:01,248.50,2,230,249.00_249.50_250.00_250.50_251.00_,7_15_63_52_49_,248.50_248.00_247.50_247.00_246.50_,8_16_14_15_6_
10:21:12,248.50,2,230,249.00_249.50_250.00_250.50_251.00_,7_15_63_52_49_,248.50_248.00_247.50_247.00_246.50_,9_16_14_15_6_
10:21:58,248.50,2,232,249.00_249.50_250.00_250.50_251.00_,9_14_63_52_49_,248.50_248.00_247.50_247.00_246.50_,7_16_14_15_6_
10:23:35,248.50,1,234,249.00_249.50_250.00_250.50_251.00_,8_14_63_52_49_,248.50_248.00_247.50_247.00_246.50_,5_16_14_15_6_
10:23:55,248.50,1,234,249.00_249.50_250.00_250.50_251.00_,8_14_63_52_49_,248.50_248.00_247.50_247.00_246.50_,9_15_13_15_6_
10:26:29,248.50,2,239,249.00_249.50_250.00_250.50_251.00_,8_16_63_52_49_,248.50_248.00_247.50_247.00_246.50_,8_18_13_15_6_
10:26:50,248.50,2,239,249.00_249.50_250.00_250.50_251.00_,9_16_65_52_49_,248.50_248.00_247.50_247.00_246.50_,7_18_13_15_6_
10:28:52,249.00,1,240,249.00_249.50_250.00_250.50_251.00_,12_15_65_52_49_,248.50_248.00_247.50_247.00_246.50_,9_18_10_18_6_
10:28:57,249.00,1,240,249.00_249.50_250.00_250.50_251.00_,12_15_65_52_49_,248.50_248.00_247.50_247.00_246.50_,10_18_10_18_6_
10:31:05,248.50,2,244,249.00_249.50_250.00_250.50_251.00_,14_16_67_53_50_,248.50_248.00_247.50_247.00_246.50_,7_17_10_18_6_
10:31:11,248.50,2,244,249.00_249.50_250.00_250.50_251.00_,14_16_67_53_50_,248.50_248.00_247.50_247.00_246.50_,7_17_13_15_6_
10:34:04,249.00,1,252,249.00_249.50_250.00_250.50_251.00_,9_13_68_53_50_,248.50_248.00_247.50_247.00_246.50_,9_17_10_18_6_
10:36:38,248.50,2,257,249.00_249.50_250.00_250.50_251.00_,9_14_68_53_50_,248.50_248.00_247.50_247.00_246.50_,7_16_10_18_6_
10:37:55,248.50,2,257,249.00_249.50_250.00_250.50_251.00_,9_15_68_53_51_,248.50_248.00_247.50_247.00_246.50_,9_17_13_15_6_
10:39:17,248.50,2,257,249.00_249.50_250.00_250.50_251.00_,9_16_68_53_51_,248.50_248.00_247.50_247.00_246.50_,9_17_13_15_6_
10:40:03,248.50,2,257,249.00_249.50_250.00_250.50_251.00_,11_15_68_53_51_,248.50_248.00_247.50_247.00_246.50_,9_17_13_15_6_
10:40:14,248.50,1,258,249.00_249.50_250.00_250.50_251.00_,11_15_68_53_51_,248.50_248.00_247.50_247.00_246.50_,9_17_13_15_6_
10:40:19,248.50,1,258,249.00_249.50_250.00_250.50_251.00_,12_24_68_53_51_,248.50_248.00_247.50_247.00_246.50_,9_17_13_15_6_
10:40:24,248.50,1,258,249.00_249.50_250.00_250.50_251.00_,12_25_68_53_51_,248.50_248.00_247.50_247.00_246.50_,9_17_13_15_6_
10:40:29,248.50,2,260,249.00_249.50_250.00_250.50_251.00_,18_25_68_53_51_,248.50_248.00_247.50_247.00_246.50_,7_17_13_15_6_
10:40:34,248.50,2,260,249.00_249.50_250.00_250.50_251.00_,18_26_68_53_51_,248.50_248.00_247.50_247.00_246.50_,7_17_13_15_6_
10:40:44,248.50,7,267,249.00_249.50_250.00_250.50_251.00_,18_26_68_53_51_,248.00_247.50_247.00_246.50_246.00_,17_13_15_6_1_
10:40:49,248.50,7,267,249.00_249.50_250.00_250.50_251.00_,18_26_68_53_51_,248.00_247.50_247.00_246.50_246.00_,17_10_19_5_2_
10:41:30,248.50,1,272,248.50_249.00_249.50_250.00_250.50_,4_18_23_72_48_,248.00_247.50_247.00_246.50_246.00_,10_14_15_8_5_
10:42:16,248.00,2,274,248.50_249.00_249.50_250.00_250.50_,8_18_22_72_48_,248.00_247.50_247.00_246.50_246.00_,5_14_17_10_5_
10:43:33,248.50,1,275,248.50_249.00_249.50_250.00_250.50_,7_18_22_107_48_,248.00_247.50_247.00_246.50_246.00_,10_14_15_12_5_
10:46:53,248.50,1,280,248.50_249.00_249.50_250.00_250.50_,20_16_22_108_48_,248.00_247.50_247.00_246.50_246.00_,17_17_13_13_5_
10:47:14,248.50,1,280,248.50_249.00_249.50_250.00_250.50_,20_16_22_108_48_,248.00_247.50_247.00_246.50_246.00_,18_17_13_13_5_
10:49:22,248.00,1,282,248.50_249.00_249.50_250.00_250.50_,19_17_22_106_49_,248.00_247.50_247.00_246.50_246.00_,17_17_15_11_5_
10:49:48,248.00,1,282,248.50_249.00_249.50_250.00_250.50_,21_18_22_106_49_,248.00_247.50_247.00_246.50_246.00_,17_17_15_11_5_
10:50:49,248.00,7,299,248.50_249.00_249.50_250.00_250.50_,24_19_22_106_49_,247.50_247.00_246.50_246.00_245.50_,17_15_11_5_2_
10:50:59,248.00,2,301,248.00_248.50_249.00_249.50_250.00_,5_27_15_26_102_,247.50_247.00_246.50_246.00_245.50_,10_17_12_5_6_
10:51:05,248.00,3,304,248.00_248.50_249.00_249.50_250.00_,4_27_15_26_102_,247.50_247.00_246.50_246.00_245.50_,4_16_13_10_6_
10:55:06,248.00,1,305,248.00_248.50_249.00_249.50_250.00_,6_30_15_26_102_,247.50_247.00_246.50_246.00_245.50_,11_17_13_9_6_
10:55:36,248.00,1,305,248.00_248.50_249.00_249.50_250.00_,6_31_15_26_102_,247.50_247.00_246.50_246.00_245.50_,11_17_13_9_6_
10:57:45,248.00,1,306,248.00_248.50_249.00_249.50_250.00_,8_32_15_26_100_,247.50_247.00_246.50_246.00_245.50_,12_17_13_9_6_
10:59:32,248.00,1,306,248.00_248.50_249.00_249.50_250.00_,15_35_15_26_100_,247.50_247.00_246.50_246.00_245.50_,12_17_13_9_6_
11:01:10,248.00,1,306,248.00_248.50_249.00_249.50_250.00_,16_34_15_26_100_,247.50_247.00_246.50_246.00_245.50_,16_18_14_9_6_
11:02:27,248.00,1,311,248.00_248.50_249.00_249.50_250.00_,13_33_15_26_100_,247.50_247.00_246.50_246.00_245.50_,14_20_13_9_6_
11:03:54,248.00,1,312,248.00_248.50_249.00_249.50_250.00_,13_35_15_26_100_,247.50_247.00_246.50_246.00_245.50_,14_20_13_9_6_
11:04:14,248.00,1,312,248.00_248.50_249.00_249.50_250.00_,13_37_15_26_100_,247.50_247.00_246.50_246.00_245.50_,14_20_13_9_6_
11:04:30,248.00,1,312,248.00_248.50_249.00_249.50_250.00_,13_37_15_26_130_,247.50_247.00_246.50_246.00_245.50_,15_20_13_9_6_
11:04:55,248.00,1,312,248.00_248.50_249.00_249.50_250.00_,21_37_15_26_130_,247.50_247.00_246.50_246.00_245.50_,15_20_13_9_6_
11:05:26,248.00,1,312,248.00_248.50_249.00_249.50_250.00_,21_37_15_26_130_,247.50_247.00_246.50_246.00_245.50_,13_20_13_9_6_
11:06:07,247.50,1,313,248.00_248.50_249.00_249.50_250.00_,21_38_15_22_134_,247.50_247.00_246.50_246.00_245.50_,12_20_13_9_6_
11:06:23,247.50,1,313,248.00_248.50_249.00_249.50_250.00_,21_38_15_22_134_,247.50_247.00_246.50_246.00_245.50_,13_20_13_9_6_
11:06:48,248.00,1,315,248.00_248.50_249.00_249.50_250.00_,19_38_15_26_130_,247.50_247.00_246.50_246.00_245.50_,13_20_13_9_6_
11:06:58,248.00,1,315,248.00_248.50_249.00_249.50_250.00_,21_38_15_26_130_,247.50_247.00_246.50_246.00_245.50_,13_20_13_9_6_
11:07:34,247.50,2,331,248.00_248.50_249.00_249.50_250.00_,23_35_16_29_127_,247.00_246.50_246.00_245.50_245.00_,19_6_13_8_9_
11:08:10,247.50,2,331,248.00_248.50_249.00_249.50_250.00_,28_38_16_23_131_,247.00_246.50_246.00_245.50_245.00_,23_7_15_7_6_
11:08:31,247.50,2,331,248.00_248.50_249.00_249.50_250.00_,28_40_16_23_131_,247.00_246.50_246.00_245.50_245.00_,23_7_15_7_6_
11:12:42,247.50,1,337,247.50_248.00_248.50_249.00_249.50_,3_31_36_17_24_,247.00_246.50_246.00_245.50_245.00_,11_16_12_12_9_
11:13:12,247.50,1,337,247.50_248.00_248.50_249.00_249.50_,3_31_38_17_24_,247.00_246.50_246.00_245.50_245.00_,11_16_12_12_9_
11:15:31,247.50,1,340,247.50_248.00_248.50_249.00_249.50_,1_30_42_17_24_,247.00_246.50_246.00_245.50_245.00_,12_15_12_12_9_
11:18:46,248.00,1,344,248.00_248.50_249.00_249.50_250.00_,26_46_17_26_168_,247.50_247.00_246.50_246.00_245.50_,12_14_13_9_8_
11:19:06,248.00,1,344,248.00_248.50_249.00_249.50_250.00_,26_46_17_26_168_,247.50_247.00_246.50_246.00_245.50_,12_11_12_9_8_
11:21:35,248.00,1,345,248.00_248.50_249.00_249.50_250.00_,25_47_17_26_168_,247.50_247.00_246.50_246.00_245.50_,14_11_13_10_8_
11:22:05,248.00,1,345,248.00_248.50_249.00_249.50_250.00_,25_47_17_25_168_,247.50_247.00_246.50_246.00_245.50_,14_11_13_10_8_
11:23:32,248.00,1,346,248.00_248.50_249.00_249.50_250.00_,27_50_17_25_169_,247.50_247.00_246.50_246.00_245.50_,14_13_12_10_8_
11:25:05,248.00,1,346,248.00_248.50_249.00_249.50_250.00_,28_49_17_25_169_,247.50_247.00_246.50_246.00_245.50_,14_13_12_10_8_
11:26:01,247.50,3,350,248.00_248.50_249.00_249.50_250.00_,27_49_17_21_173_,247.50_247.00_246.50_246.00_245.50_,13_12_15_6_8_
11:26:32,248.00,1,351,248.00_248.50_249.00_249.50_250.00_,26_49_17_21_173_,247.50_247.00_246.50_246.00_245.50_,13_12_15_6_8_
11:29:52,248.00,1,355,248.00_248.50_249.00_249.50_250.00_,32_52_17_25_169_,247.50_247.00_246.50_246.00_245.50_,20_11_15_6_8_
11:30:38,248.00,1,355,248.00_248.50_249.00_249.50_250.00_,33_53_17_25_169_,247.50_247.00_246.50_246.00_245.50_,20_11_15_6_12_
11:32:20,248.00,1,356,248.00_248.50_249.00_249.50_250.00_,32_56_17_25_169_,247.50_247.00_246.50_246.00_245.50_,21_11_15_6_12_
11:34:23,248.00,1,358,248.00_248.50_249.00_249.50_250.00_,32_56_17_25_169_,247.50_247.00_246.50_246.00_245.50_,22_11_15_6_12_
11:35:04,248.00,1,358,248.00_248.50_249.00_249.50_250.00_,32_56_17_25_169_,247.50_247.00_246.50_246.00_245.50_,19_11_15_6_12_
11:35:35,248.00,1,358,248.00_248.50_249.00_249.50_250.00_,33_55_17_25_169_,247.50_247.00_246.50_246.00_245.50_,19_11_15_6_12_
11:37:28,248.00,1,361,248.00_248.50_249.00_249.50_250.00_,31_57_17_25_169_,247.50_247.00_246.50_246.00_245.50_,17_11_15_6_12_
11:39:15,247.50,1,365,248.00_248.50_249.00_249.50_250.00_,37_58_17_21_173_,247.50_247.00_246.50_246.00_245.50_,16_12_16_6_12_
11:41:03,247.50,1,365,248.00_248.50_249.00_249.50_250.00_,37_58_17_21_173_,247.50_247.00_246.50_246.00_245.50_,16_15_16_6_12_
11:41:44,248.00,3,369,248.00_248.50_249.00_249.50_250.00_,33_60_17_25_169_,247.50_247.00_246.50_246.00_245.50_,18_14_15_6_12_
11:44:02,247.50,1,372,248.00_248.50_249.00_249.50_250.00_,33_61_17_21_173_,247.50_247.00_246.50_246.00_245.50_,16_15_15_6_12_
11:45:19,247.50,1,372,248.00_248.50_249.00_249.50_250.00_,33_61_17_21_173_,247.50_247.00_246.50_246.00_245.50_,17_15_15_6_12_
11:46:51,248.00,1,374,248.00_248.50_249.00_249.50_250.00_,33_63_17_25_169_,247.50_247.00_246.50_246.00_245.50_,17_15_15_6_12_
11:47:38,248.00,1,374,248.00_248.50_249.00_249.50_250.00_,34_65_17_25_169_,247.50_247.00_246.50_246.00_245.50_,17_15_15_6_12_
11:47:43,247.50,1,375,248.00_248.50_249.00_249.50_250.00_,33_65_17_25_169_,247.50_247.00_246.50_246.00_245.50_,16_15_15_6_12_
11:48:34,247.50,1,378,248.00_248.50_249.00_249.50_250.00_,31_66_17_21_173_,247.50_247.00_246.50_246.00_245.50_,19_14_15_6_12_
11:52:24,248.00,1,395,248.00_248.50_249.00_249.50_250.00_,29_69_17_25_169_,247.50_247.00_246.50_246.00_245.50_,4_15_15_6_12_
11:53:26,247.50,1,396,248.00_248.50_249.00_249.50_250.00_,30_68_17_21_172_,247.50_247.00_246.50_246.00_245.50_,4_15_15_6_12_
11:54:07,247.50,1,396,248.00_248.50_249.00_249.50_250.00_,30_68_17_21_172_,247.50_247.00_246.50_246.00_245.50_,5_15_15_6_12_
11:56:05,248.00,1,397,248.00_248.50_249.00_249.50_250.00_,30_70_17_25_167_,247.50_247.00_246.50_246.00_245.50_,8_14_15_6_12_
12:00:16,247.50,1,408,247.50_248.00_248.50_249.00_249.50_,4_29_74_21_19_,247.00_246.50_246.00_245.50_245.00_,15_5_19_8_10_
12:02:04,247.50,1,414,248.00_248.50_249.00_249.50_250.00_,26_73_17_25_167_,247.00_246.50_246.00_245.50_245.00_,14_12_13_11_7_
12:03:10,247.50,1,414,248.00_248.50_249.00_249.50_250.00_,27_73_17_25_167_,247.00_246.50_246.00_245.50_245.00_,16_13_12_11_7_
12:04:17,247.50,1,414,248.00_248.50_249.00_249.50_250.00_,27_73_17_25_167_,247.50_247.00_246.50_246.00_245.50_,1_17_13_12_11_
12:04:32,247.50,1,414,248.00_248.50_249.00_249.50_250.00_,26_74_17_21_171_,247.50_247.00_246.50_246.00_245.50_,5_14_17_6_12_
12:07:11,247.50,1,414,248.00_248.50_249.00_249.50_250.00_,27_75_17_21_171_,247.50_247.00_246.50_246.00_245.50_,10_14_18_6_12_
12:07:58,247.50,1,414,248.00_248.50_249.00_249.50_250.00_,28_75_17_21_171_,247.50_247.00_246.50_246.00_245.50_,10_14_18_6_12_
12:09:09,248.00,1,416,248.00_248.50_249.00_249.50_250.00_,26_76_17_25_167_,247.50_247.00_246.50_246.00_245.50_,9_14_18_6_12_
12:09:50,248.00,1,418,248.00_248.50_249.00_249.50_250.00_,25_76_17_25_167_,247.50_247.00_246.50_246.00_245.50_,8_14_18_6_12_
12:10:52,248.00,1,418,248.00_248.50_249.00_249.50_250.00_,25_76_17_25_167_,247.50_247.00_246.50_246.00_245.50_,9_14_18_6_12_
12:11:12,248.00,1,419,248.00_248.50_249.00_249.50_250.00_,25_76_17_25_167_,247.50_247.00_246.50_246.00_245.50_,9_15_17_6_12_
12:11:43,248.00,1,419,248.00_248.50_249.00_249.50_250.00_,25_77_17_25_167_,247.50_247.00_246.50_246.00_245.50_,9_15_17_6_12_
12:12:09,248.00,1,419,248.00_248.50_249.00_249.50_250.00_,25_77_17_25_167_,247.50_247.00_246.50_246.00_245.50_,9_11_18_6_12_
12:12:14,248.00,1,419,248.00_248.50_249.00_249.50_250.00_,25_78_17_25_167_,247.50_247.00_246.50_246.00_245.50_,9_11_18_6_12_
12:15:33,247.50,2,431,248.00_248.50_249.00_249.50_250.00_,24_77_17_21_171_,247.50_247.00_246.50_246.00_245.50_,9_11_18_7_12_
12:16:09,248.00,1,432,248.00_248.50_249.00_249.50_250.00_,24_77_17_25_167_,247.50_247.00_246.50_246.00_245.50_,9_15_18_6_12_
12:16:30,248.00,1,432,248.00_248.50_249.00_249.50_250.00_,24_79_17_25_167_,247.50_247.00_246.50_246.00_245.50_,9_15_18_6_12_
12:19:55,248.00,1,432,248.00_248.50_249.00_249.50_250.00_,29_78_17_25_167_,247.50_247.00_246.50_246.00_245.50_,11_15_18_6_12_
12:20:36,248.00,1,433,248.00_248.50_249.00_249.50_250.00_,28_78_17_25_167_,247.50_247.00_246.50_246.00_245.50_,11_15_18_6_12_
12:20:46,248.00,1,434,248.00_248.50_249.00_249.50_250.00_,28_78_17_25_167_,247.50_247.00_246.50_246.00_245.50_,11_14_18_7_12_
12:21:17,248.00,1,435,248.00_248.50_249.00_249.50_250.00_,27_79_17_25_167_,247.50_247.00_246.50_246.00_245.50_,11_14_18_7_12_
12:23:10,247.50,1,437,248.00_248.50_249.00_249.50_250.00_,27_79_17_21_171_,247.50_247.00_246.50_246.00_245.50_,9_15_18_7_12_
12:23:56,247.50,1,437,248.00_248.50_249.00_249.50_250.00_,27_79_17_21_171_,247.50_247.00_246.50_246.00_245.50_,10_15_18_7_12_
12:25:23,247.50,1,437,248.00_248.50_249.00_249.50_250.00_,33_80_17_17_170_,247.50_247.00_246.50_246.00_245.50_,9_12_18_7_13_
12:26:04,248.00,1,438,248.00_248.50_249.00_249.50_250.00_,32_80_17_17_170_,247.50_247.00_246.50_246.00_245.50_,9_12_18_7_13_
12:27:06,248.00,1,438,248.00_248.50_249.00_249.50_250.00_,33_82_17_21_166_,247.50_247.00_246.50_246.00_245.50_,9_12_18_7_13_
12:30:00,248.00,1,439,248.00_248.50_249.00_249.50_250.00_,41_90_17_21_166_,247.50_247.00_246.50_246.00_245.50_,12_12_17_6_13_
12:32:08,247.50,6,448,248.00_248.50_249.00_249.50_250.00_,49_87_13_16_170_,247.50_247.00_246.50_246.00_245.50_,4_12_17_6_13_
12:32:19,247.50,6,448,248.00_248.50_249.00_249.50_250.00_,50_87_13_16_170_,247.50_247.00_246.50_246.00_245.50_,5_12_17_6_13_
12:32:49,247.50,1,449,248.00_248.50_249.00_249.50_250.00_,50_87_13_16_170_,247.50_247.00_246.50_246.00_245.50_,5_12_18_6_13_
12:33:56,247.50,1,451,248.00_248.50_249.00_249.50_250.00_,50_88_13_16_170_,247.50_247.00_246.50_246.00_245.50_,4_13_18_6_13_
12:34:37,247.50,1,456,247.50_248.00_248.50_249.00_249.50_,5_50_88_13_19_,247.00_246.50_246.00_245.50_245.00_,10_8_17_9_10_
12:35:08,247.50,1,456,247.50_248.00_248.50_249.00_249.50_,7_50_87_13_19_,247.00_246.50_246.00_245.50_245.00_,10_9_18_9_10_
12:35:59,247.50,4,460,247.50_248.00_248.50_249.00_249.50_,4_49_87_13_19_,247.00_246.50_246.00_245.50_245.00_,11_9_18_9_10_
12:39:04,247.50,1,462,247.50_248.00_248.50_249.00_249.50_,4_48_87_13_19_,247.00_246.50_246.00_245.50_245.00_,13_10_18_9_10_
12:41:01,247.50,1,463,247.50_248.00_248.50_249.00_249.50_,3_48_87_13_19_,247.00_246.50_246.00_245.50_245.00_,13_11_18_9_10_
12:41:27,247.50,1,463,247.50_248.00_248.50_249.00_249.50_,3_48_87_13_19_,247.00_246.50_246.00_245.50_245.00_,14_11_18_9_10_
12:42:59,247.50,1,463,247.50_248.00_248.50_249.00_249.50_,3_50_87_13_19_,247.00_246.50_246.00_245.50_245.00_,15_11_18_9_11_
12:43:40,247.50,1,464,247.50_248.00_248.50_249.00_249.50_,3_50_87_13_19_,247.00_246.50_246.00_245.50_245.00_,15_11_18_9_11_
12:44:41,247.50,1,464,247.50_248.00_248.50_249.00_249.50_,3_51_87_13_19_,247.00_246.50_246.00_245.50_245.00_,15_11_18_9_11_
12:46:04,247.50,1,465,247.50_248.00_248.50_249.00_249.50_,2_52_87_13_19_,247.00_246.50_246.00_245.50_245.00_,18_11_16_9_11_
12:47:26,247.50,1,466,247.50_248.00_248.50_249.00_249.50_,1_52_87_13_19_,247.00_246.50_246.00_245.50_245.00_,17_11_16_9_11_
12:47:31,247.50,1,467,248.00_248.50_249.00_249.50_250.00_,52_87_13_19_199_,247.50_247.00_246.50_246.00_245.50_,2_18_8_16_9_
12:47:36,247.50,1,468,248.00_248.50_249.00_249.50_250.00_,55_87_13_12_210_,247.50_247.00_246.50_246.00_245.50_,3_18_16_6_13_
12:47:41,247.50,1,468,248.00_248.50_249.00_249.50_250.00_,55_87_13_12_210_,247.50_247.00_246.50_246.00_245.50_,3_18_17_6_13_
12:48:07,247.50,1,468,248.00_248.50_249.00_249.50_250.00_,52_87_13_16_210_,247.50_247.00_246.50_246.00_245.50_,7_14_17_6_13_
12:50:05,247.50,1,469,248.00_248.50_249.00_249.50_250.00_,53_87_13_16_210_,247.50_247.00_246.50_246.00_245.50_,8_14_17_6_13_
12:51:37,248.00,1,473,248.00_248.50_249.00_249.50_250.00_,50_87_13_20_206_,247.50_247.00_246.50_246.00_245.50_,6_14_16_6_13_
12:52:38,247.50,1,482,248.00_248.50_249.00_249.50_250.00_,54_87_7_6_206_,247.00_246.50_246.00_245.50_245.00_,13_11_11_12_8_
12:53:24,247.50,1,482,248.00_248.50_249.00_249.50_250.00_,54_87_7_6_206_,247.00_246.50_246.00_245.50_245.00_,14_11_11_12_8_
12:53:35,247.50,1,482,248.00_248.50_249.00_249.50_250.00_,54_87_7_6_206_,247.00_246.50_246.00_245.50_245.00_,19_12_11_12_8_
12:54:26,247.50,1,482,248.00_248.50_249.00_249.50_250.00_,54_87_7_6_206_,247.00_246.50_246.00_245.50_245.00_,20_12_11_12_8_
12:54:31,247.50,1,482,248.00_248.50_249.00_249.50_250.00_,54_87_7_6_206_,247.00_246.50_246.00_245.50_245.00_,21_11_11_12_8_
12:56:39,247.50,1,482,248.00_248.50_249.00_249.50_250.00_,50_88_7_6_210_,247.50_247.00_246.50_246.00_245.50_,12_13_15_7_13_
12:56:55,247.50,1,482,248.00_248.50_249.00_249.50_250.00_,50_88_7_6_210_,247.50_247.00_246.50_246.00_245.50_,13_13_15_7_13_
12:57:05,247.50,1,482,248.00_248.50_249.00_249.50_250.00_,50_88_7_6_210_,247.50_247.00_246.50_246.00_245.50_,13_16_15_7_13_
13:00:09,247.50,1,485,248.00_248.50_249.00_249.50_250.00_,50_87_7_6_210_,247.50_247.00_246.50_246.00_245.50_,7_16_15_7_13_
13:01:06,248.00,2,488,248.00_248.50_249.00_249.50_250.00_,47_87_7_10_206_,247.50_247.00_246.50_246.00_245.50_,9_18_15_7_13_
13:02:17,248.00,2,488,248.00_248.50_249.00_249.50_250.00_,56_87_7_10_206_,247.50_247.00_246.50_246.00_245.50_,9_18_15_7_13_
13:03:29,248.00,1,489,248.00_248.50_249.00_249.50_250.00_,55_88_7_10_206_,247.50_247.00_246.50_246.00_245.50_,12_18_15_7_13_
13:04:46,248.00,1,489,248.00_248.50_249.00_249.50_250.00_,55_88_7_10_206_,247.50_247.00_246.50_246.00_245.50_,13_18_15_7_13_
13:05:01,248.00,1,489,248.00_248.50_249.00_249.50_250.00_,56_87_7_10_206_,247.50_247.00_246.50_246.00_245.50_,14_17_15_7_13_
13:05:17,248.00,1,490,248.00_248.50_249.00_249.50_250.00_,55_87_7_10_206_,247.50_247.00_246.50_246.00_245.50_,14_17_15_7_13_
13:07:30,248.00,1,496,248.00_248.50_249.00_249.50_250.00_,50_87_7_10_307_,247.50_247.00_246.50_246.00_245.50_,12_18_15_7_13_
13:10:40,247.50,1,504,248.00_248.50_249.00_249.50_250.00_,54_87_7_6_311_,247.50_247.00_246.50_246.00_245.50_,11_19_16_7_13_
13:10:45,247.50,1,504,248.00_248.50_249.00_249.50_250.00_,54_87_7_6_311_,247.50_247.00_246.50_246.00_245.50_,12_19_16_7_13_
13:15:01,247.50,1,514,248.00_248.50_249.00_249.50_250.00_,57_87_6_6_301_,247.50_247.00_246.50_246.00_245.50_,14_19_18_7_13_
13:15:52,248.00,1,516,248.00_248.50_249.00_249.50_250.00_,55_87_6_10_297_,247.50_247.00_246.50_246.00_245.50_,14_17_18_7_13_
13:16:08,248.00,18,534,248.00_248.50_249.00_249.50_250.00_,37_87_6_10_297_,247.50_247.00_246.50_246.00_245.50_,15_17_18_7_13_
13:16:13,248.00,18,534,248.00_248.50_249.00_249.50_250.00_,40_87_6_10_297_,247.50_247.00_246.50_246.00_245.50_,15_17_18_7_13_
13:18:00,248.00,1,536,248.00_248.50_249.00_249.50_250.00_,38_87_6_10_297_,247.50_247.00_246.50_246.00_245.50_,22_17_18_7_13_
13:21:41,248.00,1,545,248.00_248.50_249.00_249.50_250.00_,10_110_5_10_599_,247.50_247.00_246.50_246.00_245.50_,21_17_18_7_13_
13:24:24,248.00,1,560,248.50_249.00_249.50_250.00_250.50_,110_23_31_620_22_,248.00_247.50_247.00_246.50_246.00_,4_14_24_35_28_
13:25:45,248.50,2,563,248.50_249.00_249.50_250.00_250.50_,38_33_49_649_24_,247.50_247.00_246.50_246.00_245.50_,11_47_39_50_58_
13:27:28,248.50,2,563,248.50_249.00_249.50_250.00_250.50_,38_33_54_649_24_,247.50_247.00_246.50_246.00_245.50_,10_47_73_68_58_
13:28:09,248.50,2,563,248.50_249.00_249.50_250.00_250.50_,38_33_54_649_24_,247.50_247.00_246.50_246.00_245.50_,11_47_73_68_58_
13:28:40,248.50,2,563,248.50_249.00_249.50_250.00_250.50_,38_33_54_649_24_,248.00_247.50_247.00_246.50_246.00_,6_11_47_73_68_
13:29:05,248.50,2,563,248.50_249.00_249.50_250.00_250.50_,41_33_54_649_24_,248.00_247.50_247.00_246.50_246.00_,6_11_47_73_68_
13:29:36,248.50,2,563,248.50_249.00_249.50_250.00_250.50_,41_33_54_649_24_,248.00_247.50_247.00_246.50_246.00_,6_26_47_69_68_
13:29:56,248.50,2,563,248.50_249.00_249.50_250.00_250.50_,50_33_54_645_24_,248.00_247.50_247.00_246.50_246.00_,31_33_43_69_68_
13:30:00,248.50,104,667,248.50_249.00_249.50_250.00_250.50_,51_34_55_645_24_,248.00_247.50_247.00_246.50_246.00_,31_33_43_69_68_
