09:00:56,25.75,1,393,25.75_25.80_25.85_25.90_25.95_,20_49_27_67_57_,25.70_25.65_25.60_25.50_25.45_,54_65_16_119_5_
09:03:14,25.90,10,618,25.90_25.95_26.00_26.05_26.10_,45_71_55_4_53_,25.85_25.80_25.75_25.70_25.65_,42_73_21_66_117_
09:03:24,25.85,10,631,25.90_25.95_26.00_26.05_26.10_,46_71_55_9_53_,25.85_25.80_25.75_25.70_25.65_,39_72_31_68_117_
09:03:35,25.85,4,674,25.90_25.95_26.00_26.05_26.10_,49_71_51_9_11_,25.85_25.80_25.75_25.70_25.65_,3_73_31_68_117_
09:05:27,25.80,1,812,25.80_25.85_25.90_25.95_26.00_,13_8_73_96_26_,25.75_25.70_25.65_25.60_25.55_,23_58_65_53_53_
09:05:33,25.80,1,812,25.80_25.85_25.90_25.95_26.00_,13_7_73_96_26_,25.75_25.70_25.65_25.60_25.55_,24_58_65_53_53_
09:06:14,25.80,13,846,25.85_25.90_25.95_26.00_26.05_,10_73_78_26_5_,25.80_25.75_25.70_25.65_25.60_,3_57_61_65_37_
09:09:08,25.80,20,999,25.85_25.90_25.95_26.00_26.05_,6_50_97_47_5_,25.80_25.75_25.70_25.65_25.60_,58_27_62_96_78_
09:09:13,25.85,4,1003,25.85_25.90_25.95_26.00_26.05_,7_50_97_47_5_,25.80_25.75_25.70_25.65_25.60_,80_24_62_96_78_
09:09:23,25.85,1,1004,25.85_25.90_25.95_26.00_26.05_,6_50_97_47_5_,25.80_25.75_25.70_25.65_25.60_,80_24_62_96_78_
09:09:28,25.80,5,1009,25.85_25.90_25.95_26.00_26.05_,18_50_97_39_5_,25.80_25.75_25.70_25.65_25.60_,75_24_63_96_78_
09:09:33,25.85,15,1024,25.85_25.90_25.95_26.00_26.05_,11_56_97_39_5_,25.80_25.75_25.70_25.65_25.60_,77_25_63_96_78_
09:10:09,25.80,3,1041,25.85_25.90_25.95_26.00_26.05_,20_52_97_39_6_,25.80_25.75_25.70_25.65_25.60_,97_25_63_96_78_
09:10:55,25.80,2,1073,25.85_25.90_25.95_26.00_26.05_,21_52_97_40_6_,25.80_25.75_25.70_25.65_25.60_,85_27_43_96_78_
09:11:00,25.80,50,1123,25.85_25.90_25.95_26.00_26.05_,25_52_93_40_6_,25.80_25.75_25.70_25.65_25.60_,47_27_43_96_78_
09:11:05,25.80,46,1169,25.80_25.85_25.90_25.95_26.00_,14_28_52_93_40_,25.75_25.70_25.65_25.60_25.50_,27_43_96_78_231_
09:11:10,25.75,9,1178,25.80_25.85_25.90_25.95_26.00_,15_27_77_90_18_,25.75_25.70_25.65_25.60_25.55_,21_43_65_56_5_
09:11:16,25.75,8,1186,25.80_25.85_25.90_25.95_26.00_,22_28_70_72_36_,25.75_25.70_25.65_25.60_25.55_,13_43_65_56_54_
09:11:21,25.75,2,1188,25.80_25.85_25.90_25.95_26.00_,24_27_70_72_36_,25.75_25.70_25.65_25.60_25.55_,13_43_65_56_54_
09:12:48,25.75,2,1246,25.80_25.85_25.90_25.95_26.00_,26_15_67_90_18_,25.75_25.70_25.65_25.60_25.55_,24_45_65_56_54_
09:13:39,25.80,3,1260,25.80_25.85_25.90_25.95_26.00_,28_21_67_90_18_,25.75_25.70_25.65_25.60_25.55_,38_58_65_56_55_
09:14:10,25.80,1,1271,25.80_25.85_25.90_25.95_26.00_,31_10_67_94_20_,25.75_25.70_25.65_25.60_25.55_,38_61_65_59_55_
09:14:15,25.80,1,1272,25.80_25.85_25.90_25.95_26.00_,31_10_67_94_20_,25.75_25.70_25.65_25.60_25.55_,41_58_65_59_55_
09:14:20,25.80,2,1274,25.80_25.85_25.90_25.95_26.00_,29_10_67_94_20_,25.75_25.70_25.65_25.60_25.55_,42_58_65_59_55_
09:14:25,25.80,1,1275,25.80_25.85_25.90_25.95_26.00_,29_10_67_94_20_,25.75_25.70_25.65_25.60_25.55_,52_58_65_59_55_
09:14:30,25.80,5,1280,25.80_25.85_25.90_25.95_26.00_,24_10_67_94_20_,25.75_25.70_25.65_25.60_25.55_,54_58_65_59_55_
09:15:06,25.80,5,1316,25.80_25.85_25.90_25.95_26.00_,9_13_66_95_20_,25.75_25.70_25.65_25.60_25.55_,79_69_65_59_55_
09:15:22,25.80,8,1326,25.85_25.90_25.95_26.00_26.05_,13_41_99_42_6_,25.80_25.75_25.70_25.65_25.60_,11_79_69_96_82_
09:15:27,25.85,5,1331,25.85_25.90_25.95_26.00_26.05_,6_43_99_42_6_,25.80_25.75_25.70_25.65_25.60_,17_74_69_96_82_
09:15:32,25.85,5,1331,25.85_25.90_25.95_26.00_26.05_,5_43_99_42_6_,25.80_25.75_25.70_25.65_25.60_,29_64_69_96_82_
09:16:08,25.85,2,1341,25.90_25.95_26.00_26.05_26.10_,47_74_45_28_75_,25.85_25.80_25.75_25.70_25.65_,34_71_51_100_118_
09:16:18,25.90,1,1352,25.90_25.95_26.00_26.05_26.10_,47_74_45_28_75_,25.85_25.80_25.75_25.70_25.65_,36_63_51_100_118_
09:16:23,25.90,3,1355,25.90_25.95_26.00_26.05_26.10_,44_74_45_29_75_,25.85_25.80_25.75_25.70_25.65_,36_63_46_100_118_
09:16:28,25.90,1,1356,25.90_25.95_26.00_26.05_26.10_,44_74_45_29_75_,25.85_25.80_25.75_25.70_25.65_,40_62_46_100_118_
09:16:44,25.90,1,1358,25.90_25.95_26.00_26.05_26.10_,43_75_45_29_75_,25.85_25.80_25.75_25.70_25.65_,54_51_46_110_118_
09:17:09,25.90,22,1386,25.90_25.95_26.00_26.05_26.10_,25_75_45_29_75_,25.85_25.80_25.75_25.70_25.65_,51_51_51_110_118_
09:17:15,25.85,5,1391,25.90_25.95_26.00_26.05_26.10_,25_75_45_29_75_,25.85_25.80_25.75_25.70_25.65_,51_51_51_110_120_
09:17:20,25.90,1,1392,25.90_25.95_26.00_26.05_26.10_,29_75_45_29_75_,25.85_25.80_25.75_25.70_25.65_,51_51_53_110_120_
09:17:25,25.85,1,1393,25.90_25.95_26.00_26.05_26.10_,29_75_45_29_75_,25.85_25.80_25.75_25.70_25.65_,50_52_53_110_120_
09:17:40,25.85,1,1393,25.90_25.95_26.00_26.05_26.10_,30_75_45_29_75_,25.85_25.80_25.75_25.70_25.65_,51_52_53_110_121_
09:17:45,25.85,20,1413,25.90_25.95_26.00_26.05_26.10_,30_75_45_29_75_,25.85_25.80_25.75_25.70_25.65_,33_52_53_111_121_
09:18:01,25.90,8,1431,25.90_25.95_26.00_26.05_26.10_,48_74_45_29_75_,25.85_25.80_25.75_25.70_25.65_,31_54_53_111_121_
09:18:06,25.90,8,1431,25.90_25.95_26.00_26.05_26.10_,48_74_45_29_75_,25.85_25.80_25.75_25.70_25.65_,31_54_52_111_121_
09:18:11,25.90,8,1431,25.90_25.95_26.00_26.05_26.10_,48_74_45_29_75_,25.85_25.80_25.75_25.70_25.65_,31_53_52_111_121_
09:18:16,25.90,2,1433,25.90_25.95_26.00_26.05_26.10_,48_74_45_32_75_,25.85_25.80_25.75_25.70_25.65_,34_54_55_111_121_
09:18:21,25.90,2,1433,25.90_25.95_26.00_26.05_26.10_,59_74_45_32_75_,25.85_25.80_25.75_25.70_25.65_,34_54_55_111_121_
09:18:26,25.90,2,1433,25.90_25.95_26.00_26.05_26.10_,59_75_45_32_75_,25.85_25.80_25.75_25.70_25.65_,34_55_56_111_121_
09:18:31,25.90,2,1433,25.90_25.95_26.00_26.05_26.10_,59_75_45_32_75_,25.85_25.80_25.75_25.70_25.65_,34_52_56_111_121_
09:18:36,25.90,2,1433,25.90_25.95_26.00_26.05_26.10_,59_75_45_32_75_,25.85_25.80_25.75_25.70_25.65_,35_52_56_111_121_
09:19:28,25.85,3,1492,25.85_25.90_25.95_26.00_26.05_,41_34_99_43_7_,25.80_25.75_25.70_25.65_25.60_,35_63_80_99_81_
09:19:48,25.80,3,1497,25.85_25.90_25.95_26.00_26.05_,40_36_99_43_7_,25.80_25.75_25.70_25.65_25.60_,33_63_80_100_81_
09:19:53,25.80,3,1497,25.85_25.90_25.95_26.00_26.05_,31_36_99_43_7_,25.80_25.75_25.70_25.65_25.60_,33_63_80_100_81_
09:19:58,25.80,3,1497,25.85_25.90_25.95_26.00_26.05_,31_36_99_43_7_,25.80_25.75_25.70_25.65_25.60_,33_43_80_100_81_
09:20:34,25.80,3,1569,25.80_25.85_25.90_25.95_26.00_,13_24_61_96_21_,25.75_25.70_25.65_25.60_25.55_,17_84_74_59_61_
09:20:39,25.75,1,1570,25.80_25.85_25.90_25.95_26.00_,13_23_61_96_21_,25.75_25.70_25.65_25.60_25.55_,24_84_74_59_61_
09:22:01,25.65,4,1883,25.70_25.75_25.80_25.85_25.90_,12_43_33_23_26_,25.65_25.60_25.50_25.45_25.40_,20_6_272_58_120_
09:22:06,25.65,5,1888,25.70_25.75_25.80_25.85_25.90_,14_46_33_22_26_,25.65_25.60_25.50_25.45_25.40_,15_12_272_58_120_
09:22:11,25.60,52,1940,25.65_25.70_25.75_25.80_25.85_,1_16_46_33_22_,25.60_25.50_25.45_25.40_25.35_,1_272_58_120_2_
09:22:17,25.60,2,1942,25.65_25.70_25.75_25.80_25.90_,15_19_75_30_26_,25.50_25.45_25.40_25.35_25.30_,242_36_174_2_9_
09:22:52,25.55,7,1973,25.55_25.60_25.65_25.70_25.75_,10_72_37_40_61_,25.50_25.45_25.40_25.35_25.30_,241_5_151_56_10_
09:22:57,25.60,20,1993,25.60_25.65_25.70_25.75_25.80_,67_62_37_39_8_,25.55_25.50_25.45_25.40_25.35_,10_241_5_120_33_
09:23:03,25.60,20,1993,25.60_25.65_25.70_25.75_25.80_,72_43_37_53_7_,25.55_25.50_25.45_25.40_25.35_,23_243_5_151_56_
09:23:08,25.55,4,1997,25.60_25.65_25.70_25.75_25.80_,73_43_35_53_7_,25.55_25.50_25.45_25.40_25.35_,81_242_5_151_56_
09:23:13,25.55,31,2028,25.60_25.65_25.70_25.75_25.80_,73_43_35_53_7_,25.55_25.50_25.45_25.40_25.35_,64_242_5_151_56_
09:23:18,25.55,13,2041,25.60_25.65_25.70_25.75_25.80_,73_28_34_53_7_,25.55_25.50_25.45_25.40_25.35_,52_243_5_151_56_
09:23:23,25.55,51,2092,25.55_25.60_25.65_25.70_25.75_,45_73_28_34_53_,25.50_25.45_25.40_25.35_25.30_,245_5_151_56_61_
09:25:06,25.60,52,2424,25.65_25.70_25.75_25.80_25.85_,25_34_54_16_5_,25.55_25.50_25.45_25.40_25.35_,48_215_35_158_56_
09:25:11,25.65,3,2427,25.65_25.70_25.75_25.80_25.85_,25_9_56_39_5_,25.60_25.55_25.50_25.45_25.40_,7_58_225_50_143_
09:25:16,25.65,3,2427,25.65_25.70_25.75_25.80_25.85_,22_9_56_39_5_,25.60_25.55_25.50_25.45_25.40_,13_58_225_67_180_
09:25:21,25.60,1,2428,25.65_25.70_25.75_25.80_25.85_,24_9_56_39_5_,25.60_25.55_25.50_25.45_25.40_,21_56_225_67_180_
09:25:26,25.65,2,2430,25.65_25.70_25.75_25.80_25.85_,22_9_56_39_5_,25.60_25.55_25.50_25.45_25.40_,24_58_225_67_180_
09:25:31,25.65,2,2430,25.65_25.70_25.75_25.80_25.85_,23_9_56_39_5_,25.60_25.55_25.50_25.45_25.40_,38_57_225_67_180_
09:26:13,25.65,5,2469,25.65_25.70_25.75_25.80_25.85_,1_4_36_39_8_,25.60_25.55_25.50_25.45_25.40_,44_51_230_73_180_
09:26:18,25.70,2,2471,25.70_25.75_25.80_25.85_25.90_,4_36_39_8_66_,25.65_25.60_25.55_25.50_25.45_,4_44_51_231_73_
09:26:23,25.65,2,2473,25.70_25.75_25.80_25.85_25.90_,4_11_41_31_66_,25.65_25.60_25.55_25.50_25.45_,8_40_51_262_94_
09:26:28,25.65,1,2474,25.70_25.75_25.80_25.85_25.90_,2_13_41_31_66_,25.65_25.60_25.55_25.50_25.45_,8_39_51_262_94_
09:26:33,25.65,1,2475,25.70_25.75_25.80_25.85_25.90_,1_13_41_31_66_,25.65_25.60_25.55_25.50_25.45_,8_38_51_263_94_
09:26:38,25.70,1,2476,25.75_25.80_25.85_25.90_25.95_,13_41_31_66_60_,25.65_25.60_25.55_25.50_25.45_,10_38_51_263_94_
09:26:43,25.70,1,2476,25.70_25.75_25.80_25.85_25.90_,1_15_46_8_89_,25.65_25.60_25.55_25.50_25.45_,10_37_54_263_94_
09:26:48,25.70,1,2476,25.70_25.75_25.80_25.85_25.90_,3_14_46_34_66_,25.65_25.60_25.55_25.50_25.45_,10_37_54_267_94_
09:26:54,25.70,1,2476,25.70_25.75_25.80_25.85_25.90_,11_12_46_34_66_,25.65_25.60_25.55_25.50_25.45_,10_37_34_277_94_
09:27:40,25.75,2,2490,25.75_25.80_25.85_25.90_25.95_,11_21_39_89_10_,25.70_25.65_25.60_25.55_25.50_,6_16_32_63_298_
09:27:45,25.75,2,2490,25.75_25.80_25.85_25.90_25.95_,11_21_39_89_10_,25.70_25.65_25.60_25.55_25.50_,13_8_32_63_298_
09:27:50,25.70,1,2491,25.75_25.80_25.85_25.90_25.95_,16_20_39_89_10_,25.70_25.65_25.60_25.55_25.50_,12_8_32_63_298_
09:27:55,25.70,11,2502,25.75_25.80_25.85_25.90_25.95_,16_20_39_89_10_,25.70_25.65_25.60_25.55_25.50_,4_5_32_63_298_
09:28:00,25.75,1,2503,25.75_25.80_25.85_25.90_25.95_,17_18_39_89_10_,25.70_25.65_25.60_25.55_25.50_,5_5_32_63_298_
09:28:05,25.70,5,2508,25.70_25.75_25.80_25.85_25.90_,5_17_18_39_89_,25.65_25.60_25.55_25.50_25.45_,6_32_63_298_42_
09:28:46,25.65,5,2514,25.70_25.75_25.80_25.85_25.90_,10_15_43_37_66_,25.65_25.60_25.55_25.50_25.45_,10_35_42_283_95_
09:28:57,25.65,6,2528,25.65_25.70_25.75_25.80_25.85_,4_20_15_43_37_,25.60_25.55_25.50_25.45_25.40_,35_41_283_95_126_
09:29:02,25.65,6,2528,25.65_25.70_25.75_25.80_25.85_,6_23_40_41_11_,25.60_25.55_25.50_25.45_25.40_,34_41_252_73_180_
09:30:19,25.60,22,2585,25.60_25.65_25.70_25.75_25.80_,3_14_24_36_45_,25.55_25.50_25.45_25.40_25.35_,45_253_83_180_5_
09:30:34,25.55,6,2602,25.60_25.65_25.70_25.75_25.80_,14_10_45_35_27_,25.55_25.50_25.45_25.40_25.35_,32_256_52_157_58_
09:32:42,25.45,20,3032,25.50_25.55_25.60_25.65_25.70_,31_12_30_27_22_,25.45_25.40_25.35_25.30_25.25_,19_123_7_103_62_
09:33:49,25.40,1,3223,25.40_25.45_25.50_25.55_25.60_,17_19_43_33_2_,25.35_25.30_25.25_25.20_25.15_,1_62_51_91_82_
09:34:35,25.30,10,3313,25.35_25.40_25.45_25.50_25.55_,30_23_50_40_1_,25.30_25.25_25.20_25.15_25.10_,44_52_77_51_139_
09:34:50,25.30,25,3375,25.30_25.35_25.40_25.45_25.50_,14_35_23_50_40_,25.25_25.20_25.15_25.10_25.05_,52_77_51_139_14_
09:35:06,25.25,34,3439,25.30_25.35_25.40_25.45_25.50_,42_20_48_37_7_,25.25_25.20_25.15_25.10_25.05_,19_79_30_115_68_
09:35:11,25.20,23,3462,25.25_25.30_25.35_25.40_25.45_,3_44_19_48_37_,25.20_25.15_25.10_25.05_25.00_,75_33_115_68_195_
09:35:42,25.20,19,3588,25.25_25.30_25.35_25.40_25.45_,7_84_14_66_14_,25.20_25.15_25.10_25.05_25.00_,10_33_120_45_250_
09:35:57,25.20,11,3618,25.25_25.30_25.35_25.40_25.45_,40_88_14_66_14_,25.20_25.15_25.10_25.05_25.00_,40_43_116_49_251_
09:36:02,25.20,5,3623,25.25_25.30_25.35_25.40_25.45_,55_86_11_61_14_,25.20_25.15_25.10_25.05_25.00_,38_43_116_49_251_
09:36:38,25.30,9,3728,25.30_25.35_25.40_25.45_25.50_,75_11_42_39_7_,25.25_25.20_25.15_25.10_25.05_,48_61_49_152_73_
09:38:05,25.40,2,3885,25.40_25.45_25.50_25.55_25.60_,4_19_35_29_55_,25.35_25.30_25.25_25.20_25.15_,30_68_41_61_108_
09:38:36,25.45,10,3954,25.45_25.50_25.55_25.60_25.65_,13_39_29_55_6_,25.40_25.35_25.30_25.25_25.20_,1_26_68_46_64_
09:38:41,25.45,10,3954,25.45_25.50_25.55_25.60_25.65_,15_17_31_78_6_,25.40_25.35_25.30_25.25_25.20_,12_22_68_77_87_
09:39:37,25.45,3,3995,25.45_25.50_25.55_25.60_25.65_,2_12_37_101_8_,25.40_25.35_25.30_25.25_25.20_,28_39_62_76_88_
09:39:47,25.50,3,4000,25.50_25.55_25.60_25.65_25.70_,10_13_133_12_19_,25.45_25.40_25.35_25.30_25.25_,2_29_39_63_76_
09:39:57,25.50,4,4005,25.50_25.55_25.60_25.65_25.70_,4_10_115_35_19_,25.45_25.40_25.35_25.30_25.25_,13_35_40_94_99_
09:40:03,25.50,4,4005,25.50_25.55_25.60_25.65_25.70_,6_10_115_35_19_,25.45_25.40_25.35_25.30_25.25_,15_33_40_94_99_
09:40:13,25.50,1,4011,25.50_25.55_25.60_25.65_25.70_,1_12_115_35_19_,25.45_25.40_25.35_25.30_25.25_,26_20_40_94_100_
09:43:02,25.45,2,4086,25.50_25.55_25.60_25.65_25.70_,21_13_117_33_84_,25.45_25.40_25.35_25.30_25.25_,4_28_48_104_100_
09:43:43,25.45,3,4094,25.50_25.55_25.60_25.65_25.70_,32_13_117_33_84_,25.45_25.40_25.35_25.30_25.25_,13_28_48_104_106_
09:43:58,25.45,2,4115,25.50_25.55_25.60_25.65_25.70_,30_14_117_33_84_,25.45_25.40_25.35_25.30_25.25_,10_28_48_105_106_
09:44:04,25.45,12,4127,25.45_25.50_25.55_25.60_25.65_,12_30_14_117_33_,25.40_25.35_25.30_25.25_25.20_,28_48_106_106_50_
09:44:09,25.45,12,4127,25.45_25.50_25.55_25.60_25.65_,22_21_39_105_8_,25.40_25.35_25.30_25.25_25.20_,28_48_75_83_104_
09:44:14,25.45,12,4127,25.45_25.50_25.55_25.60_25.65_,39_18_42_105_8_,25.40_25.35_25.30_25.25_25.20_,29_48_75_83_104_
09:44:19,25.45,12,4127,25.45_25.50_25.55_25.60_25.65_,40_16_42_105_8_,25.40_25.35_25.30_25.25_25.20_,29_48_75_83_104_
09:44:24,25.45,20,4147,25.45_25.50_25.55_25.60_25.65_,41_15_42_105_8_,25.40_25.35_25.30_25.25_25.20_,29_50_75_83_104_
09:44:29,25.45,1,4148,25.45_25.50_25.55_25.60_25.65_,43_15_42_105_8_,25.40_25.35_25.30_25.25_25.20_,29_50_76_83_104_
09:44:34,25.45,10,4158,25.45_25.50_25.55_25.60_25.65_,33_15_42_105_8_,25.40_25.35_25.30_25.25_25.20_,29_50_76_83_104_
09:44:39,25.45,20,4178,25.45_25.50_25.55_25.60_25.65_,15_15_42_105_8_,25.40_25.35_25.30_25.25_25.20_,31_51_76_83_104_
09:44:45,25.45,1,4179,25.45_25.50_25.55_25.60_25.65_,15_16_42_105_8_,25.40_25.35_25.30_25.25_25.20_,33_51_75_83_104_
09:44:50,25.45,11,4190,25.45_25.50_25.55_25.60_25.65_,4_16_42_105_8_,25.40_25.35_25.30_25.25_25.20_,43_51_76_83_104_
09:44:55,25.45,11,4190,25.45_25.50_25.55_25.60_25.65_,6_15_42_105_8_,25.40_25.35_25.30_25.25_25.20_,43_51_76_83_104_
09:45:00,25.40,8,4198,25.45_25.50_25.55_25.60_25.65_,11_16_42_101_8_,25.40_25.35_25.30_25.25_25.20_,36_81_76_83_104_
09:45:05,25.40,8,4198,25.45_25.50_25.55_25.60_25.65_,15_16_42_101_8_,25.40_25.35_25.30_25.25_25.20_,36_81_76_83_104_
09:45:10,25.40,8,4198,25.45_25.50_25.55_25.60_25.65_,15_16_42_101_8_,25.40_25.35_25.30_25.25_25.20_,36_84_76_83_104_
09:45:15,25.40,8,4198,25.45_25.50_25.55_25.60_25.65_,15_16_42_101_8_,25.40_25.35_25.30_25.25_25.20_,36_89_76_83_104_
09:46:58,25.35,36,4336,25.40_25.45_25.50_25.55_25.60_,35_17_61_38_79_,25.35_25.30_25.25_25.20_25.15_,40_75_55_85_115_
09:47:03,25.35,2,4338,25.40_25.45_25.50_25.55_25.60_,41_15_61_34_79_,25.35_25.30_25.25_25.20_25.15_,40_75_55_85_115_
09:47:08,25.35,2,4338,25.40_25.45_25.50_25.55_25.60_,39_14_61_34_79_,25.35_25.30_25.25_25.20_25.15_,40_75_55_85_115_
09:47:13,25.35,15,4353,25.40_25.45_25.50_25.55_25.60_,44_14_61_34_79_,25.35_25.30_25.25_25.20_25.15_,28_76_55_85_115_
09:47:18,25.35,1,4354,25.40_25.45_25.50_25.55_25.60_,44_14_61_29_79_,25.35_25.30_25.25_25.20_25.15_,27_86_55_85_116_
09:49:11,25.25,4,4563,25.30_25.35_25.40_25.45_25.50_,17_34_50_29_36_,25.25_25.20_25.15_25.10_25.05_,52_56_63_115_80_
09:49:21,25.30,1,4577,25.35_25.40_25.45_25.50_25.55_,34_50_32_36_4_,25.30_25.25_25.20_25.15_25.10_,2_63_56_62_115_
09:49:37,25.30,3,4585,25.35_25.40_25.45_25.50_25.55_,34_22_32_68_5_,25.30_25.25_25.20_25.15_25.10_,20_63_56_93_137_
09:49:42,25.30,1,4586,25.35_25.40_25.45_25.50_25.55_,47_22_32_68_5_,25.30_25.25_25.20_25.15_25.10_,27_58_57_93_137_
09:49:47,25.30,1,4587,25.35_25.40_25.45_25.50_25.55_,48_22_32_68_5_,25.30_25.25_25.20_25.15_25.10_,34_47_57_93_137_
09:49:52,25.30,3,4590,25.35_25.40_25.45_25.50_25.55_,48_22_32_68_5_,25.30_25.25_25.20_25.15_25.10_,31_47_58_93_137_
09:49:57,25.30,3,4590,25.35_25.40_25.45_25.50_25.55_,48_22_32_68_6_,25.30_25.25_25.20_25.15_25.10_,34_46_58_93_137_
09:50:02,25.30,20,4610,25.35_25.40_25.45_25.50_25.55_,48_22_32_71_6_,25.30_25.25_25.20_25.15_25.10_,34_46_58_93_137_
09:50:08,25.30,25,4635,25.35_25.40_25.45_25.50_25.55_,49_22_32_71_6_,25.30_25.25_25.20_25.15_25.10_,10_46_58_93_137_
09:50:13,25.30,3,4638,25.35_25.40_25.45_25.50_25.55_,49_22_32_71_6_,25.30_25.25_25.20_25.15_25.10_,7_47_58_94_137_
09:50:18,25.30,7,4645,25.35_25.40_25.45_25.50_25.55_,49_22_32_71_6_,25.25_25.20_25.15_25.10_25.05_,47_60_94_137_32_
09:50:23,25.35,1,4646,25.35_25.40_25.45_25.50_25.55_,51_22_32_71_6_,25.25_25.20_25.15_25.10_25.05_,47_60_78_150_35_
09:50:28,25.35,3,4649,25.35_25.40_25.45_25.50_25.55_,48_22_32_71_6_,25.30_25.25_25.20_25.15_25.10_,10_47_60_63_165_
09:50:54,25.30,1,4682,25.30_25.35_25.40_25.45_25.50_,5_23_50_32_39_,25.25_25.20_25.15_25.10_25.05_,57_63_63_117_85_
09:51:24,25.30,1,4710,25.30_25.35_25.40_25.45_25.50_,62_21_50_31_39_,25.25_25.20_25.15_25.10_25.05_,61_65_63_122_85_
09:52:51,25.35,2,4805,25.35_25.40_25.45_25.50_25.55_,10_23_34_73_6_,25.30_25.25_25.20_25.15_25.10_,67_49_68_112_146_
09:52:56,25.35,10,4815,25.40_25.45_25.50_25.55_25.60_,23_34_73_6_76_,25.35_25.30_25.25_25.20_25.15_,4_67_49_68_112_
09:53:01,25.35,10,4815,25.40_25.45_25.50_25.55_25.60_,26_9_73_31_76_,25.35_25.30_25.25_25.20_25.15_,13_65_49_99_134_
09:53:07,25.35,10,4815,25.40_25.45_25.50_25.55_25.60_,26_6_73_34_76_,25.35_25.30_25.25_25.20_25.15_,25_65_49_99_134_
09:53:53,25.40,1,4848,25.40_25.45_25.50_25.55_25.60_,2_15_73_34_76_,25.35_25.30_25.25_25.20_25.15_,47_66_49_109_134_
09:53:58,25.40,2,4850,25.45_25.50_25.55_25.60_25.65_,15_73_34_76_8_,25.40_25.35_25.30_25.25_25.20_,8_47_64_50_109_
09:54:03,25.45,1,4851,25.45_25.50_25.55_25.60_25.65_,14_48_34_101_8_,25.40_25.35_25.30_25.25_25.20_,13_43_64_86_131_
09:54:08,25.40,1,4852,25.45_25.50_25.55_25.60_25.65_,8_48_34_112_8_,25.40_25.35_25.30_25.25_25.20_,14_41_64_86_131_
09:54:13,25.40,1,4853,25.45_25.50_25.55_25.60_25.65_,8_48_34_112_8_,25.40_25.35_25.30_25.25_25.20_,23_34_64_86_131_
09:54:19,25.40,1,4853,25.45_25.50_25.55_25.60_25.65_,8_48_34_112_8_,25.40_25.35_25.30_25.25_25.20_,33_34_64_86_131_
09:54:24,25.40,1,4853,25.45_25.50_25.55_25.60_25.65_,8_48_34_112_8_,25.40_25.35_25.30_25.25_25.20_,41_26_64_86_131_
09:54:44,25.40,2,4856,25.45_25.50_25.55_25.60_25.65_,8_49_34_112_8_,25.40_25.35_25.30_25.25_25.20_,43_24_64_86_131_
09:56:06,25.45,4,4886,25.50_25.55_25.60_25.65_25.70_,49_5_114_37_83_,25.45_25.40_25.35_25.30_25.25_,29_20_22_95_108_
09:56:17,25.45,4,4886,25.50_25.55_25.60_25.65_25.70_,59_5_114_41_83_,25.45_25.40_25.35_25.30_25.25_,31_23_22_95_108_
09:59:06,25.40,2,5065,25.45_25.50_25.55_25.60_25.65_,19_33_62_87_8_,25.40_25.35_25.30_25.25_25.20_,20_19_91_88_137_
09:59:47,25.40,5,5087,25.45_25.50_25.55_25.60_25.65_,31_40_58_82_8_,25.40_25.35_25.30_25.25_25.20_,14_19_91_94_143_
10:00:33,25.35,1,5113,25.40_25.45_25.50_25.55_25.60_,61_25_61_52_57_,25.35_25.30_25.25_25.20_25.15_,13_90_70_127_125_
10:01:14,25.30,2,5141,25.35_25.40_25.45_25.50_25.55_,30_20_55_57_30_,25.30_25.25_25.20_25.15_25.10_,87_58_97_114_157_
10:02:15,25.35,1,5170,25.35_25.40_25.45_25.50_25.55_,23_8_52_69_27_,25.30_25.25_25.20_25.15_25.10_,90_77_98_102_157_
10:02:31,25.35,5,5177,25.35_25.40_25.45_25.50_25.55_,8_8_52_69_28_,25.30_25.25_25.20_25.15_25.10_,87_77_98_102_157_
10:02:36,25.35,5,5182,25.35_25.40_25.45_25.50_25.55_,6_8_52_69_28_,25.30_25.25_25.20_25.15_25.10_,87_77_98_102_157_
10:02:41,25.35,2,5184,25.35_25.40_25.45_25.50_25.55_,8_23_52_57_28_,25.30_25.25_25.20_25.15_25.10_,90_74_98_102_157_
10:02:46,25.35,8,5192,25.35_25.40_25.45_25.50_25.55_,1_37_49_57_25_,25.30_25.25_25.20_25.15_25.10_,91_74_98_100_158_
10:02:51,25.35,8,5192,25.35_25.40_25.45_25.50_25.55_,2_37_49_57_25_,25.30_25.25_25.20_25.15_25.10_,91_74_98_100_158_
10:03:02,25.35,2,5194,25.40_25.45_25.50_25.55_25.60_,37_49_57_25_58_,25.30_25.25_25.20_25.15_25.10_,91_74_99_100_158_
10:03:12,25.35,2,5194,25.35_25.40_25.45_25.50_25.55_,6_29_56_57_25_,25.30_25.25_25.20_25.15_25.10_,92_74_99_100_158_
10:03:33,25.35,1,5198,25.40_25.45_25.50_25.55_25.60_,36_31_57_50_58_,25.30_25.25_25.20_25.15_25.10_,92_83_99_150_108_
10:03:38,25.35,1,5198,25.40_25.45_25.50_25.55_25.60_,37_24_57_50_59_,25.30_25.25_25.20_25.15_25.10_,92_82_100_150_108_
10:03:43,25.35,1,5198,25.40_25.45_25.50_25.55_25.60_,37_23_57_50_59_,25.35_25.30_25.25_25.20_25.15_,1_91_82_100_150_
10:03:48,25.35,1,5198,25.40_25.45_25.50_25.55_25.60_,37_23_57_50_59_,25.35_25.30_25.25_25.20_25.15_,5_90_82_131_123_
10:03:53,25.35,1,5199,25.40_25.45_25.50_25.55_25.60_,25_23_69_50_59_,25.35_25.30_25.25_25.20_25.15_,4_90_82_131_123_
10:03:58,25.35,2,5201,25.40_25.45_25.50_25.55_25.60_,25_23_69_50_59_,25.35_25.30_25.25_25.20_25.15_,4_90_82_132_123_
10:04:03,25.40,1,5202,25.40_25.45_25.50_25.55_25.60_,24_23_69_50_59_,25.35_25.30_25.25_25.20_25.15_,5_89_82_132_123_
10:05:41,25.40,10,5265,25.40_25.45_25.50_25.55_25.60_,28_24_69_54_59_,25.35_25.30_25.25_25.20_25.15_,86_77_88_135_123_
10:05:51,25.40,3,5270,25.40_25.45_25.50_25.55_25.60_,24_25_69_54_59_,25.35_25.30_25.25_25.20_25.15_,84_92_88_123_123_
10:06:06,25.40,1,5296,25.45_25.50_25.55_25.60_25.65_,13_61_72_84_15_,25.40_25.35_25.30_25.25_25.20_,85_80_92_119_145_
10:06:12,25.45,1,5297,25.45_25.50_25.55_25.60_25.65_,13_60_73_84_15_,25.40_25.35_25.30_25.25_25.20_,89_76_93_119_145_
10:06:17,25.45,10,5307,25.45_25.50_25.55_25.60_25.65_,13_60_73_84_15_,25.40_25.35_25.30_25.25_25.20_,89_76_93_119_145_
10:06:27,25.45,4,5312,25.45_25.50_25.55_25.60_25.65_,8_60_72_84_15_,25.40_25.35_25.30_25.25_25.20_,89_88_93_107_145_
10:08:15,25.50,13,5397,25.50_25.55_25.60_25.65_25.70_,47_46_135_41_83_,25.45_25.40_25.35_25.30_25.25_,73_80_87_124_121_
10:08:20,25.45,2,5399,25.50_25.55_25.60_25.65_25.70_,47_46_135_41_83_,25.45_25.40_25.35_25.30_25.25_,72_80_87_124_121_
10:08:30,25.50,3,5404,25.50_25.55_25.60_25.65_25.70_,47_46_135_41_83_,25.45_25.40_25.35_25.30_25.25_,70_90_87_124_121_
10:08:35,25.50,3,5404,25.50_25.55_25.60_25.65_25.70_,47_46_135_41_83_,25.45_25.40_25.35_25.30_25.25_,70_90_87_125_121_
10:08:40,25.50,14,5418,25.50_25.55_25.60_25.65_25.70_,33_59_129_41_83_,25.45_25.40_25.35_25.30_25.25_,71_90_87_125_121_
10:09:26,25.45,7,5427,25.50_25.55_25.60_25.65_25.70_,50_80_129_44_83_,25.45_25.40_25.35_25.30_25.25_,66_85_94_125_121_
10:10:12,25.50,2,5463,25.50_25.55_25.60_25.65_25.70_,62_77_129_40_83_,25.45_25.40_25.35_25.30_25.25_,66_85_97_125_120_
10:10:18,25.50,2,5463,25.50_25.55_25.60_25.65_25.70_,62_88_129_40_83_,25.45_25.40_25.35_25.30_25.25_,66_85_97_125_120_
10:10:23,25.50,2,5463,25.50_25.55_25.60_25.65_25.70_,62_90_129_40_83_,25.45_25.40_25.35_25.30_25.25_,66_85_97_125_120_
10:10:28,25.45,9,5472,25.50_25.55_25.60_25.65_25.70_,63_90_129_40_83_,25.45_25.40_25.35_25.30_25.25_,57_85_97_125_120_
10:10:33,25.45,9,5472,25.50_25.55_25.60_25.65_25.70_,74_90_129_40_83_,25.45_25.40_25.35_25.30_25.25_,57_85_97_125_120_
10:11:04,25.45,23,5497,25.50_25.55_25.60_25.65_25.70_,80_90_129_40_83_,25.45_25.40_25.35_25.30_25.25_,41_88_98_125_120_
10:12:56,25.40,6,5593,25.45_25.50_25.55_25.60_25.65_,106_71_85_91_15_,25.40_25.35_25.30_25.25_25.20_,39_86_94_105_145_
10:13:33,25.35,1,5640,25.40_25.45_25.50_25.55_25.60_,16_110_98_71_66_,25.35_25.30_25.25_25.20_25.15_,28_92_74_135_123_
10:13:38,25.35,1,5640,25.40_25.45_25.50_25.55_25.60_,31_112_82_71_66_,25.35_25.30_25.25_25.20_25.15_,28_92_74_135_123_
10:13:43,25.40,2,5642,25.40_25.45_25.50_25.55_25.60_,30_111_80_71_66_,25.35_25.30_25.25_25.20_25.15_,28_92_74_135_123_
10:13:48,25.40,2,5642,25.40_25.45_25.50_25.55_25.60_,31_112_80_70_66_,25.35_25.30_25.25_25.20_25.15_,28_92_74_135_123_
10:13:53,25.40,2,5644,25.40_25.45_25.50_25.55_25.60_,31_112_80_70_66_,25.35_25.30_25.25_25.20_25.15_,29_92_74_135_123_
10:14:19,25.35,10,5675,25.40_25.45_25.50_25.55_25.60_,37_79_73_70_66_,25.35_25.30_25.25_25.20_25.15_,5_104_75_123_123_
10:15:10,25.40,10,5689,25.40_25.45_25.50_25.55_25.60_,50_50_70_63_66_,25.35_25.30_25.25_25.20_25.15_,6_108_74_123_133_
10:15:15,25.40,10,5689,25.40_25.45_25.50_25.55_25.60_,50_50_70_63_66_,25.35_25.30_25.25_25.20_25.15_,7_108_74_123_133_
10:15:20,25.40,2,5691,25.40_25.45_25.50_25.55_25.60_,48_50_70_63_66_,25.35_25.30_25.25_25.20_25.15_,7_111_74_126_133_
10:15:26,25.40,2,5691,25.40_25.45_25.50_25.55_25.60_,48_50_70_63_66_,25.35_25.30_25.25_25.20_25.15_,17_111_74_126_133_
10:15:31,25.40,2,5691,25.40_25.45_25.50_25.55_25.60_,47_49_68_63_66_,25.35_25.30_25.25_25.20_25.15_,67_111_74_126_133_
10:15:36,25.40,2,5691,25.40_25.45_25.50_25.55_25.60_,47_37_68_75_66_,25.35_25.30_25.25_25.20_25.15_,67_111_74_126_133_
10:15:41,25.40,2,5691,25.40_25.45_25.50_25.55_25.60_,49_37_68_75_66_,25.35_25.30_25.25_25.20_25.15_,85_111_74_126_133_
10:15:46,25.40,2,5691,25.40_25.45_25.50_25.55_25.60_,46_37_68_75_66_,25.35_25.30_25.25_25.20_25.15_,86_111_74_126_133_
10:15:51,25.40,2,5691,25.40_25.45_25.50_25.55_25.60_,47_36_68_75_66_,25.35_25.30_25.25_25.20_25.15_,87_111_74_126_133_
10:15:56,25.40,25,5716,25.40_25.45_25.50_25.55_25.60_,43_36_68_76_66_,25.35_25.30_25.25_25.20_25.15_,89_111_74_126_133_
10:16:37,25.40,1,5724,25.40_25.45_25.50_25.55_25.60_,48_46_68_63_66_,25.35_25.30_25.25_25.20_25.15_,97_119_64_126_133_
10:17:08,25.40,2,5748,25.40_25.45_25.50_25.55_25.60_,52_33_68_71_66_,25.35_25.30_25.25_25.20_25.15_,99_119_65_127_133_
10:17:49,25.40,3,5767,25.40_25.45_25.50_25.55_25.60_,54_37_77_71_66_,25.35_25.30_25.25_25.20_25.15_,94_129_65_127_133_
10:18:15,25.40,1,5790,25.40_25.45_25.50_25.55_25.60_,53_39_77_71_66_,25.35_25.30_25.25_25.20_25.15_,85_132_65_128_134_
10:18:20,25.35,2,5792,25.40_25.45_25.50_25.55_25.60_,51_39_77_71_66_,25.35_25.30_25.25_25.20_25.15_,83_132_65_128_134_
10:18:25,25.35,1,5793,25.40_25.45_25.50_25.55_25.60_,76_39_77_71_66_,25.35_25.30_25.25_25.20_25.15_,83_132_65_128_134_
10:18:30,25.40,2,5795,25.40_25.45_25.50_25.55_25.60_,77_39_77_71_66_,25.35_25.30_25.25_25.20_25.15_,92_132_65_128_134_
10:18:35,25.40,2,5795,25.40_25.45_25.50_25.55_25.60_,76_39_77_77_66_,25.35_25.30_25.25_25.20_25.15_,116_132_65_128_134_
10:19:11,25.35,5,5803,25.40_25.45_25.50_25.55_25.60_,92_29_97_77_66_,25.35_25.30_25.25_25.20_25.15_,116_129_66_128_134_
10:19:16,25.35,1,5804,25.40_25.45_25.50_25.55_25.60_,91_29_98_77_66_,25.35_25.30_25.25_25.20_25.15_,115_129_66_128_134_
10:19:21,25.35,1,5804,25.40_25.45_25.50_25.55_25.60_,91_29_98_77_66_,25.35_25.30_25.25_25.20_25.15_,117_129_66_128_134_
10:19:42,25.35,3,5827,25.40_25.45_25.50_25.55_25.60_,84_29_98_77_66_,25.35_25.30_25.25_25.20_25.15_,105_128_66_128_134_
10:19:57,25.40,2,5830,25.40_25.45_25.50_25.55_25.60_,79_46_98_65_67_,25.35_25.30_25.25_25.20_25.15_,114_128_66_128_134_
10:20:13,25.40,2,5832,25.40_25.45_25.50_25.55_25.60_,77_30_98_77_67_,25.35_25.30_25.25_25.20_25.15_,113_128_66_128_134_
10:20:18,25.40,2,5832,25.40_25.45_25.50_25.55_25.60_,78_29_98_78_67_,25.35_25.30_25.25_25.20_25.15_,113_128_66_128_134_
10:20:54,25.40,1,5839,25.40_25.45_25.50_25.55_25.60_,89_57_123_66_67_,25.35_25.30_25.25_25.20_25.15_,122_182_57_128_134_
10:20:59,25.40,1,5840,25.40_25.45_25.50_25.55_25.60_,88_57_123_66_67_,25.35_25.30_25.25_25.20_25.15_,121_182_57_128_134_
10:21:40,25.35,1,5862,25.40_25.45_25.50_25.55_25.60_,73_37_123_78_67_,25.35_25.30_25.25_25.20_25.15_,121_178_56_128_134_
10:21:50,25.35,1,5863,25.40_25.45_25.50_25.55_25.60_,73_38_123_78_67_,25.35_25.30_25.25_25.20_25.15_,124_178_56_128_134_
10:21:55,25.40,2,5865,25.40_25.45_25.50_25.55_25.60_,72_38_123_78_67_,25.35_25.30_25.25_25.20_25.15_,122_178_56_128_134_
10:22:00,25.35,1,5866,25.40_25.45_25.50_25.55_25.60_,72_38_123_78_67_,25.35_25.30_25.25_25.20_25.15_,120_179_56_128_134_
10:22:05,25.40,10,5876,25.40_25.45_25.50_25.55_25.60_,62_38_123_78_67_,25.35_25.30_25.25_25.20_25.15_,122_179_56_128_134_
10:22:11,25.40,10,5886,25.40_25.45_25.50_25.55_25.60_,52_38_123_87_67_,25.35_25.30_25.25_25.20_25.15_,123_179_56_128_134_
10:22:16,25.35,2,5888,25.40_25.45_25.50_25.55_25.60_,49_38_123_87_67_,25.35_25.30_25.25_25.20_25.15_,121_179_56_129_134_
10:22:21,25.35,2,5888,25.40_25.45_25.50_25.55_25.60_,49_38_123_87_67_,25.35_25.30_25.25_25.20_25.15_,121_182_56_129_134_
10:22:26,25.40,1,5889,25.40_25.45_25.50_25.55_25.60_,48_38_123_87_67_,25.35_25.30_25.25_25.20_25.15_,123_182_56_129_134_
10:22:31,25.40,3,5892,25.40_25.45_25.50_25.55_25.60_,46_38_123_87_67_,25.35_25.30_25.25_25.20_25.15_,134_182_56_129_134_
10:22:36,25.40,1,5893,25.40_25.45_25.50_25.55_25.60_,45_42_123_87_67_,25.35_25.30_25.25_25.20_25.15_,133_182_56_129_134_
10:22:41,25.40,10,5903,25.40_25.45_25.50_25.55_25.60_,36_44_123_87_67_,25.35_25.30_25.25_25.20_25.15_,134_182_56_129_134_
10:22:46,25.35,18,5921,25.40_25.45_25.50_25.55_25.60_,34_49_123_86_67_,25.35_25.30_25.25_25.20_25.15_,116_182_56_129_134_
10:22:52,25.35,3,5924,25.40_25.45_25.50_25.55_25.60_,39_50_141_77_67_,25.35_25.30_25.25_25.20_25.15_,113_182_60_129_134_
10:22:57,25.40,3,5927,25.40_25.45_25.50_25.55_25.60_,37_50_144_77_67_,25.35_25.30_25.25_25.20_25.15_,114_182_60_131_134_
10:23:02,25.40,3,5927,25.40_25.45_25.50_25.55_25.60_,37_53_144_77_67_,25.35_25.30_25.25_25.20_25.15_,113_182_60_130_134_
10:23:48,25.40,1,5936,25.40_25.45_25.50_25.55_25.60_,50_70_122_65_67_,25.35_25.30_25.25_25.20_25.15_,116_185_61_130_134_
10:25:26,25.40,1,5951,25.40_25.45_25.50_25.55_25.60_,56_71_111_65_68_,25.35_25.30_25.25_25.20_25.15_,163_133_61_130_133_
10:25:31,25.35,3,5954,25.40_25.45_25.50_25.55_25.60_,56_71_111_65_68_,25.35_25.30_25.25_25.20_25.15_,160_133_61_130_133_
10:25:36,25.35,3,5954,25.40_25.45_25.50_25.55_25.60_,56_71_111_65_68_,25.35_25.30_25.25_25.20_25.15_,160_133_61_131_133_
10:25:41,25.35,3,5954,25.40_25.45_25.50_25.55_25.60_,57_71_111_65_68_,25.35_25.30_25.25_25.20_25.15_,161_133_61_131_133_
10:25:46,25.40,1,5955,25.40_25.45_25.50_25.55_25.60_,64_71_111_65_68_,25.35_25.30_25.25_25.20_25.15_,159_133_61_131_133_
10:25:51,25.40,1,5955,25.40_25.45_25.50_25.55_25.60_,66_71_99_65_68_,25.35_25.30_25.25_25.20_25.15_,159_139_61_131_133_
10:26:27,25.35,1,5959,25.40_25.45_25.50_25.55_25.60_,71_71_94_67_68_,25.35_25.30_25.25_25.20_25.15_,161_142_61_131_133_
10:26:33,25.35,5,5964,25.40_25.45_25.50_25.55_25.60_,73_71_94_67_68_,25.35_25.30_25.25_25.20_25.15_,158_142_61_131_133_
10:26:38,25.35,5,5964,25.40_25.45_25.50_25.55_25.60_,77_71_87_67_68_,25.35_25.30_25.25_25.20_25.15_,156_142_61_131_133_
10:26:43,25.40,2,5966,25.40_25.45_25.50_25.55_25.60_,76_71_86_67_68_,25.35_25.30_25.25_25.20_25.15_,158_139_61_131_133_
10:26:48,25.40,2,5966,25.40_25.45_25.50_25.55_25.60_,68_71_86_67_68_,25.35_25.30_25.25_25.20_25.15_,158_139_61_131_133_
10:26:53,25.40,2,5966,25.40_25.45_25.50_25.55_25.60_,69_71_86_67_68_,25.35_25.30_25.25_25.20_25.15_,158_139_61_131_133_
10:27:55,25.35,1,5973,25.40_25.45_25.50_25.55_25.60_,125_78_82_72_68_,25.35_25.30_25.25_25.20_25.15_,156_141_65_131_133_
10:28:00,25.35,2,5975,25.40_25.45_25.50_25.55_25.60_,145_78_68_67_68_,25.35_25.30_25.25_25.20_25.15_,154_129_65_143_133_
10:28:46,25.35,1,5978,25.40_25.45_25.50_25.55_25.60_,164_61_67_67_68_,25.35_25.30_25.25_25.20_25.15_,119_129_65_143_133_
10:28:51,25.35,1,5979,25.40_25.45_25.50_25.55_25.60_,164_61_67_67_68_,25.35_25.30_25.25_25.20_25.15_,121_129_65_143_133_
10:28:56,25.35,52,6031,25.40_25.45_25.50_25.55_25.60_,164_61_67_67_68_,25.35_25.30_25.25_25.20_25.15_,71_129_65_143_133_
10:29:01,25.35,19,6050,25.40_25.45_25.50_25.55_25.60_,181_50_55_67_68_,25.35_25.30_25.25_25.20_25.15_,52_128_65_143_133_
10:29:06,25.35,11,6061,25.40_25.45_25.50_25.55_25.60_,178_47_55_67_68_,25.35_25.30_25.25_25.20_25.15_,43_128_65_143_133_
10:29:11,25.35,7,6068,25.40_25.45_25.50_25.55_25.60_,176_47_55_67_68_,25.35_25.30_25.25_25.20_25.15_,35_129_65_143_133_
10:29:16,25.35,3,6071,25.40_25.45_25.50_25.55_25.60_,170_46_55_67_68_,25.35_25.30_25.25_25.20_25.15_,32_129_65_143_133_
10:29:22,25.35,2,6073,25.40_25.45_25.50_25.55_25.60_,170_46_55_67_68_,25.35_25.30_25.25_25.20_25.15_,30_129_65_143_133_
10:29:27,25.35,30,6103,25.35_25.40_25.45_25.50_25.55_,43_170_46_55_67_,25.30_25.25_25.20_25.15_25.10_,129_54_143_145_103_
10:29:32,25.30,7,6110,25.35_25.40_25.45_25.50_25.55_,82_140_68_66_42_,25.30_25.25_25.20_25.15_25.10_,124_54_112_122_156_
10:29:37,25.30,6,6116,25.35_25.40_25.45_25.50_25.55_,92_135_63_66_42_,25.30_25.25_25.20_25.15_25.10_,118_54_112_122_156_
10:29:42,25.30,1,6117,25.35_25.40_25.45_25.50_25.55_,121_129_50_66_42_,25.30_25.25_25.20_25.15_25.10_,117_54_112_122_156_
10:29:52,25.30,56,6173,25.35_25.40_25.45_25.50_25.55_,125_73_49_66_42_,25.30_25.25_25.20_25.15_25.10_,62_64_112_122_156_
10:30:28,25.25,4,6303,25.30_25.35_25.40_25.45_25.50_,57_99_53_55_30_,25.25_25.20_25.15_25.10_25.05_,50_99_79_146_101_
10:31:25,25.20,7,6371,25.25_25.30_25.35_25.40_25.45_,10_60_124_43_18_,25.20_25.15_25.10_25.05_25.00_,91_83_115_77_399_
10:31:30,25.20,2,6373,25.25_25.30_25.35_25.40_25.45_,14_59_123_38_18_,25.20_25.15_25.10_25.05_25.00_,92_83_115_77_399_
10:31:40,25.15,16,6481,25.20_25.25_25.30_25.35_25.40_,11_34_38_97_38_,25.15_25.10_25.05_25.00_24.95_,67_115_77_396_36_
10:31:45,25.15,1,6482,25.20_25.25_25.30_25.35_25.40_,19_43_58_96_2_,25.15_25.10_25.05_25.00_24.95_,52_118_46_377_85_
10:33:59,24.70,33,7478,24.80_24.85_24.90_24.95_25.00_,60_25_17_88_90_,24.70_24.65_24.60_24.55_24.50_,32_15_158_6_62_
10:34:09,24.60,24,7533,24.65_24.70_24.75_24.80_24.85_,6_50_24_80_81_,24.60_24.55_24.50_24.45_24.40_,62_14_154_9_10_
10:34:14,24.65,50,7583,24.70_24.75_24.80_24.85_24.90_,40_27_133_19_11_,24.60_24.55_24.50_24.45_24.40_,66_14_84_86_13_
10:34:19,24.60,27,7610,24.70_24.75_24.80_24.85_24.90_,40_27_125_19_11_,24.60_24.55_24.50_24.45_24.40_,40_15_166_9_10_
10:34:24,24.65,18,7628,24.70_24.75_24.80_24.85_24.90_,42_29_66_74_10_,24.65_24.60_24.55_24.50_24.45_,9_40_15_168_9_
10:34:45,24.75,16,7723,24.75_24.80_24.85_24.90_24.95_,21_39_74_10_9_,24.70_24.65_24.60_24.55_24.50_,1_10_52_97_80_
10:34:50,24.75,21,7744,24.75_24.80_24.85_24.90_24.95_,22_26_20_71_4_,24.70_24.65_24.60_24.55_24.50_,2_10_52_97_80_
10:35:00,24.75,41,7810,24.80_24.85_24.90_24.95_25.00_,26_70_7_5_35_,24.70_24.65_24.60_24.55_24.50_,13_8_40_20_169_
10:35:05,24.70,1,7811,24.75_24.80_24.85_24.90_24.95_,4_27_71_69_5_,24.70_24.65_24.60_24.55_24.50_,23_16_83_72_77_
10:35:10,24.75,4,7815,24.80_24.85_24.90_24.95_25.00_,27_71_69_5_35_,24.70_24.65_24.60_24.55_24.50_,30_33_50_93_80_
10:35:16,24.80,12,7827,24.80_24.85_24.90_24.95_25.00_,15_71_77_5_35_,24.70_24.65_24.60_24.55_24.50_,57_46_80_65_78_
10:35:21,24.80,3,7830,24.80_24.85_24.90_24.95_25.00_,4_71_86_5_35_,24.70_24.65_24.60_24.55_24.50_,57_49_76_81_78_
10:35:26,24.80,1,7831,24.80_24.85_24.90_24.95_25.00_,1_72_87_6_35_,24.70_24.65_24.60_24.55_24.50_,57_49_76_81_78_
10:35:31,24.80,2,7833,24.85_24.90_24.95_25.00_25.10_,73_87_6_35_2_,24.80_24.75_24.70_24.65_24.60_,20_30_79_50_66_
10:35:36,24.80,3,7836,24.85_24.90_24.95_25.00_25.10_,73_26_6_96_2_,24.80_24.75_24.70_24.65_24.60_,18_32_98_140_53_
10:35:41,24.85,5,7841,24.85_24.90_24.95_25.00_25.10_,68_19_7_96_2_,24.80_24.75_24.70_24.65_24.60_,22_44_94_128_53_
10:35:46,24.75,35,7876,24.80_24.85_24.90_24.95_25.00_,7_68_19_32_71_,24.75_24.70_24.65_24.60_24.55_,32_95_129_53_15_
10:35:51,24.80,2,7878,24.80_24.85_24.90_24.95_25.00_,14_68_19_67_35_,24.75_24.70_24.65_24.60_24.55_,33_95_47_131_18_
10:35:57,24.80,28,7906,24.85_24.90_24.95_25.00_25.05_,68_19_68_37_1_,24.80_24.75_24.70_24.65_24.60_,2_22_95_60_131_
10:36:02,24.80,1,7907,24.85_24.90_24.95_25.00_25.05_,68_19_16_98_1_,24.80_24.75_24.70_24.65_24.60_,6_36_96_129_53_
10:36:07,24.80,4,7911,24.85_24.90_24.95_25.00_25.05_,68_19_9_98_1_,24.80_24.75_24.70_24.65_24.60_,13_36_96_124_53_
10:36:12,24.80,8,7919,24.85_24.90_24.95_25.00_25.05_,70_19_9_98_1_,24.80_24.75_24.70_24.65_24.60_,6_39_96_123_53_
10:36:17,24.75,17,7936,24.80_24.85_24.90_24.95_25.00_,1_70_19_9_98_,24.75_24.70_24.65_24.60_24.55_,32_97_123_53_15_
10:37:24,24.80,33,8039,24.80_24.85_24.90_24.95_25.00_,2_82_19_9_101_,24.75_24.70_24.65_24.60_24.55_,64_108_113_66_14_
10:37:34,24.80,2,8051,24.85_24.90_24.95_25.00_25.05_,81_19_77_40_1_,24.80_24.75_24.70_24.65_24.60_,11_68_109_48_131_
10:39:32,24.90,10,8271,24.90_24.95_25.00_25.05_25.10_,6_46_29_30_40_,24.85_24.80_24.75_24.70_24.65_,39_75_181_87_33_
10:39:37,24.90,10,8271,24.90_24.95_25.00_25.05_25.10_,15_29_54_38_4_,24.85_24.80_24.75_24.70_24.65_,27_75_113_165_36_
10:42:26,24.80,22,8500,24.80_24.85_24.90_24.95_25.00_,15_19_54_59_31_,24.75_24.70_24.65_24.60_24.55_,102_98_47_177_19_
10:42:32,24.80,12,8512,24.80_24.85_24.90_24.95_25.00_,15_19_54_59_31_,24.75_24.70_24.65_24.60_24.55_,102_98_47_177_19_
10:42:47,24.80,2,8530,24.85_24.90_24.95_25.00_25.05_,20_25_55_67_2_,24.80_24.75_24.70_24.65_24.60_,30_101_78_126_100_
10:42:52,24.80,2,8530,24.85_24.90_24.95_25.00_25.05_,20_25_55_67_2_,24.80_24.75_24.70_24.65_24.60_,32_101_78_124_101_
10:42:57,24.80,2,8530,24.85_24.90_24.95_25.00_25.05_,20_25_55_67_2_,24.80_24.75_24.70_24.65_24.60_,35_101_79_124_101_
10:43:02,24.80,2,8532,24.85_24.90_24.95_25.00_25.05_,23_25_55_64_2_,24.80_24.75_24.70_24.65_24.60_,37_113_79_112_101_
10:43:07,24.80,20,8552,24.85_24.90_24.95_25.00_25.05_,23_25_55_94_2_,24.80_24.75_24.70_24.65_24.60_,27_113_79_112_101_
10:43:12,24.80,20,8552,24.85_24.90_24.95_25.00_25.05_,23_25_55_94_2_,24.80_24.75_24.70_24.65_24.60_,30_101_79_124_101_
10:43:38,24.80,2,8598,24.80_24.85_24.90_24.95_25.00_,28_43_48_64_59_,24.75_24.70_24.65_24.60_24.55_,94_79_45_180_19_
10:43:43,24.80,2,8598,24.80_24.85_24.90_24.95_25.00_,29_46_73_39_59_,24.75_24.70_24.65_24.60_24.55_,94_67_45_191_19_
10:44:55,24.75,44,8725,24.80_24.85_24.90_24.95_25.00_,29_51_35_68_53_,24.75_24.70_24.65_24.60_24.55_,33_67_52_193_19_
10:45:00,24.75,8,8733,24.80_24.85_24.90_24.95_25.00_,28_52_35_69_53_,24.75_24.70_24.65_24.60_24.55_,28_67_57_193_19_
10:45:31,24.75,1,8763,24.75_24.80_24.85_24.90_24.95_,4_22_77_72_9_,24.70_24.65_24.60_24.55_24.50_,50_47_115_106_103_
10:45:36,24.70,21,8784,24.75_24.80_24.85_24.90_24.95_,7_22_77_72_9_,24.70_24.65_24.60_24.55_24.50_,29_47_115_106_103_
10:45:41,24.70,5,8789,24.75_24.80_24.85_24.90_24.95_,13_20_46_123_9_,24.70_24.65_24.60_24.55_24.50_,24_47_115_106_103_
10:45:46,24.70,10,8799,24.75_24.80_24.85_24.90_24.95_,13_19_44_123_9_,24.70_24.65_24.60_24.55_24.50_,22_48_115_106_103_
10:45:51,24.70,11,8810,24.75_24.80_24.85_24.90_24.95_,14_18_44_123_9_,24.70_24.65_24.60_24.55_24.50_,11_48_115_106_103_
10:46:02,24.70,4,8823,24.70_24.75_24.80_24.85_24.90_,4_14_24_39_123_,24.65_24.60_24.55_24.50_24.45_,49_103_106_117_14_
10:46:27,24.70,5,8836,24.70_24.75_24.80_24.85_24.90_,24_4_24_100_62_,24.65_24.60_24.55_24.50_24.45_,45_103_27_187_16_
10:46:58,24.60,27,8933,24.65_24.70_24.75_24.80_24.85_,37_45_3_112_29_,24.60_24.55_24.50_24.45_24.40_,83_25_106_108_13_
10:47:29,24.50,31,9095,24.55_24.60_24.65_24.70_24.75_,23_127_33_82_1_,24.50_24.45_24.40_24.35_24.30_,38_29_24_84_7_
10:48:05,24.45,11,9239,24.45_24.50_24.55_24.60_24.65_,16_44_101_55_18_,24.30_24.25_24.20_24.15_24.10_,21_7_70_19_55_
10:48:15,24.30,17,9256,24.45_24.50_24.55_24.60_24.65_,18_47_101_55_18_,24.35_24.30_24.25_24.20_24.15_,5_26_56_70_39_
10:49:06,24.45,14,9396,24.50_24.55_24.60_24.65_24.70_,38_10_53_82_12_,24.45_24.40_24.35_24.30_24.25_,4_30_52_111_9_
10:49:16,24.45,16,9414,24.50_24.55_24.60_24.65_24.70_,39_10_54_82_13_,24.45_24.40_24.35_24.30_24.25_,3_82_41_111_9_
10:50:03,24.45,10,9500,24.50_24.55_24.60_24.65_24.70_,36_12_115_21_13_,24.45_24.40_24.35_24.30_24.25_,2_60_32_46_80_
10:50:13,24.40,1,9532,24.45_24.50_24.55_24.60_24.65_,2_38_12_115_21_,24.40_24.35_24.30_24.25_24.20_,38_32_123_10_44_
10:50:18,24.50,5,9537,24.50_24.55_24.60_24.65_24.70_,38_12_115_21_3_,24.45_24.40_24.35_24.30_24.25_,3_38_32_49_80_
10:50:23,24.50,24,9561,24.50_24.55_24.60_24.65_24.70_,36_12_53_82_3_,24.45_24.40_24.35_24.30_24.25_,10_37_34_125_10_
10:50:28,24.45,4,9565,24.50_24.55_24.60_24.65_24.70_,17_12_53_82_3_,24.45_24.40_24.35_24.30_24.25_,8_40_34_125_10_
10:50:33,24.50,8,9573,24.50_24.55_24.60_24.65_24.70_,15_12_53_82_3_,24.45_24.40_24.35_24.30_24.25_,8_40_36_125_10_
10:51:14,24.40,49,9686,24.40_24.50_24.55_24.60_24.65_,31_20_13_53_103_,24.35_24.30_24.25_24.20_24.15_,35_122_10_47_46_
10:51:19,24.40,49,9686,24.40_24.50_24.55_24.60_24.65_,35_22_65_53_52_,24.35_24.30_24.25_24.20_24.15_,24_49_18_121_50_
10:51:24,24.35,5,9691,24.40_24.50_24.55_24.60_24.65_,39_22_71_53_52_,24.35_24.30_24.25_24.20_24.15_,20_39_18_133_50_
10:51:30,24.35,20,9711,24.40_24.50_24.55_24.60_24.65_,40_22_72_53_52_,24.35_24.30_24.25_24.20_24.15_,18_40_20_133_50_
10:51:35,24.35,38,9749,24.35_24.40_24.50_24.55_24.60_,26_43_22_72_53_,24.30_24.25_24.20_24.15_24.10_,40_20_133_50_72_
10:51:40,24.30,5,9754,24.35_24.40_24.50_24.55_24.60_,37_40_104_14_53_,24.30_24.25_24.20_24.15_24.10_,36_22_60_120_76_
10:51:45,24.30,2,9756,24.35_24.40_24.50_24.55_24.60_,35_41_114_14_53_,24.30_24.25_24.20_24.15_24.10_,38_10_108_84_76_
10:51:50,24.30,23,9779,24.35_24.40_24.50_24.55_24.60_,36_42_117_14_53_,24.30_24.25_24.20_24.15_24.10_,20_10_108_84_76_
10:51:55,24.30,4,9783,24.35_24.40_24.50_24.55_24.60_,36_42_117_14_53_,24.30_24.25_24.20_24.15_24.10_,16_8_108_84_76_
10:52:00,24.30,29,9812,24.35_24.40_24.50_24.55_24.60_,35_42_117_14_53_,24.30_24.25_24.20_24.15_24.10_,12_8_108_84_76_
10:52:05,24.30,5,9817,24.35_24.40_24.50_24.55_24.60_,35_42_117_14_53_,24.30_24.25_24.20_24.15_24.10_,15_8_108_84_76_
10:53:58,24.35,41,10067,24.35_24.40_24.50_24.55_24.60_,11_41_47_61_54_,24.30_24.25_24.20_24.15_24.10_,26_43_137_60_66_
10:54:04,24.35,1,10068,24.35_24.40_24.50_24.55_24.60_,20_40_95_4_54_,24.30_24.25_24.20_24.15_24.10_,27_43_63_130_70_
10:54:09,24.35,1,10068,24.35_24.40_24.50_24.55_24.60_,28_40_100_4_54_,24.30_24.25_24.20_24.15_24.10_,27_31_63_142_70_
10:54:14,24.35,9,10077,24.35_24.40_24.50_24.55_24.60_,28_40_100_4_54_,24.30_24.25_24.20_24.15_24.10_,28_32_63_142_70_
10:54:19,24.35,5,10082,24.35_24.40_24.50_24.55_24.60_,27_40_100_4_55_,24.30_24.25_24.20_24.15_24.10_,28_32_63_142_70_
10:54:29,24.35,19,10122,24.40_24.50_24.55_24.60_24.65_,40_100_4_55_20_,24.35_24.30_24.25_24.20_24.15_,8_28_44_63_130_
10:54:34,24.35,19,10122,24.40_24.50_24.55_24.60_24.65_,41_49_55_61_20_,24.35_24.30_24.25_24.20_24.15_,15_32_44_137_61_
10:54:39,24.35,19,10122,24.40_24.50_24.55_24.60_24.65_,41_43_61_55_20_,24.35_24.30_24.25_24.20_24.15_,24_33_44_137_61_
10:55:05,24.35,3,10175,24.40_24.50_24.55_24.60_24.65_,40_43_61_55_20_,24.35_24.30_24.25_24.20_24.15_,15_34_44_147_61_
10:55:15,24.35,20,10200,24.40_24.50_24.55_24.60_24.65_,40_43_61_5_20_,24.35_24.30_24.25_24.20_24.15_,3_37_45_147_61_
10:55:20,24.35,6,10206,24.40_24.50_24.55_24.60_24.65_,40_43_61_5_20_,24.30_24.25_24.20_24.15_24.10_,37_45_148_61_66_
10:55:26,24.40,1,10207,24.40_24.50_24.55_24.60_24.65_,37_94_13_5_23_,24.35_24.30_24.25_24.20_24.15_,1_37_45_148_60_
10:56:27,24.50,2,10323,24.50_24.55_24.60_24.65_24.70_,43_8_67_22_4_,24.40_24.35_24.30_24.25_24.20_,10_58_120_52_62_
10:56:32,24.50,1,10324,24.50_24.55_24.60_24.65_24.70_,43_8_67_22_4_,24.40_24.35_24.30_24.25_24.20_,14_57_120_52_62_
10:56:38,24.50,5,10329,24.50_24.55_24.60_24.65_24.70_,40_8_67_22_4_,24.40_24.35_24.30_24.25_24.20_,20_71_120_40_62_
10:56:43,24.40,2,10331,24.50_24.55_24.60_24.65_24.70_,40_8_67_22_4_,24.40_24.35_24.30_24.25_24.20_,18_73_120_40_62_
10:56:48,24.50,22,10353,24.50_24.55_24.60_24.65_24.70_,18_8_67_22_4_,24.40_24.35_24.30_24.25_24.20_,19_73_120_40_62_
10:56:53,24.40,25,10378,24.50_24.55_24.60_24.65_24.70_,18_8_67_22_4_,24.40_24.35_24.30_24.25_24.20_,15_73_120_40_62_
10:56:58,24.50,4,10382,24.50_24.55_24.60_24.65_24.70_,15_7_67_20_4_,24.40_24.35_24.30_24.25_24.20_,16_73_120_40_62_
10:58:25,24.50,10,10501,24.55_24.60_24.65_24.70_24.75_,15_12_24_59_32_,24.50_24.45_24.40_24.35_24.30_,4_12_49_149_41_
11:02:16,24.40,22,10867,24.45_24.50_24.55_24.60_24.65_,96_76_8_91_8_,24.40_24.35_24.30_24.25_24.20_,5_25_63_123_69_
11:02:26,24.40,4,10872,24.45_24.50_24.55_24.60_24.65_,96_76_3_91_8_,24.40_24.35_24.30_24.25_24.20_,2_24_63_123_69_
11:02:52,24.40,2,10884,24.45_24.50_24.55_24.60_24.65_,96_76_3_98_8_,24.40_24.35_24.30_24.25_24.20_,9_19_63_123_70_
11:03:17,24.35,2,10932,24.40_24.45_24.50_24.55_24.60_,9_89_76_64_47_,24.35_24.30_24.25_24.20_24.15_,5_61_49_151_41_
11:03:22,24.35,2,10932,24.40_24.45_24.50_24.55_24.60_,25_89_76_64_47_,24.35_24.30_24.25_24.20_24.15_,5_61_49_151_41_
11:03:28,24.35,21,10953,24.40_24.45_24.50_24.55_24.60_,27_88_76_56_47_,24.35_24.30_24.25_24.20_24.15_,4_61_49_151_41_
11:03:33,24.35,21,10953,24.40_24.45_24.50_24.55_24.60_,27_88_76_56_47_,24.35_24.30_24.25_24.20_24.15_,4_62_49_151_41_
11:03:38,24.35,5,10958,24.40_24.45_24.50_24.55_24.60_,30_82_106_56_17_,24.30_24.25_24.20_24.15_24.10_,62_48_151_41_68_
11:03:43,24.35,2,10960,24.40_24.45_24.50_24.55_24.60_,30_81_160_5_17_,24.35_24.30_24.25_24.20_24.15_,3_66_48_151_41_
11:03:48,24.35,3,10963,24.40_24.45_24.50_24.55_24.60_,29_81_115_55_17_,24.30_24.25_24.20_24.15_24.10_,63_48_151_41_68_
11:03:58,24.30,22,10991,24.40_24.45_24.50_24.55_24.60_,31_81_170_4_17_,24.30_24.25_24.20_24.15_24.10_,58_45_156_41_68_
11:04:29,24.25,56,11121,24.35_24.40_24.45_24.50_24.55_,14_24_78_100_4_,24.25_24.20_24.15_24.10_24.05_,21_82_111_84_14_
11:04:50,24.25,20,11176,24.30_24.35_24.40_24.45_24.50_,8_35_73_70_29_,24.25_24.20_24.15_24.10_24.05_,35_70_49_91_88_
11:04:55,24.25,3,11179,24.30_24.35_24.40_24.45_24.50_,8_35_33_121_29_,24.25_24.20_24.15_24.10_24.05_,35_82_49_153_18_
11:05:36,24.20,8,11276,24.25_24.30_24.35_24.40_24.45_,19_11_36_74_21_,24.20_24.15_24.10_24.05_24.00_,62_49_139_40_266_
11:07:23,24.20,48,11743,24.25_24.30_24.35_24.40_24.45_,7_68_32_22_18_,24.20_24.10_24.05_24.00_23.95_,53_67_40_314_26_
11:10:13,24.20,9,12075,24.20_24.25_24.30_24.35_24.40_,53_72_16_53_19_,24.15_24.10_24.05_24.00_23.95_,86_129_69_337_16_
11:10:18,24.20,6,12081,24.20_24.25_24.30_24.35_24.40_,55_72_16_53_19_,24.15_24.10_24.05_24.00_23.95_,86_129_69_338_16_
11:10:23,24.15,4,12085,24.20_24.25_24.30_24.35_24.40_,55_72_16_53_19_,24.15_24.10_24.05_24.00_23.95_,82_129_69_338_16_
11:10:33,24.15,2,12087,24.20_24.25_24.30_24.35_24.40_,57_72_16_52_19_,24.15_24.10_24.05_24.00_23.95_,82_128_114_290_16_
11:10:38,24.20,1,12088,24.20_24.25_24.30_24.35_24.40_,56_72_16_52_19_,24.15_24.10_24.05_24.00_23.95_,82_128_114_290_16_
11:10:43,24.20,1,12088,24.20_24.25_24.30_24.35_24.40_,56_72_16_53_19_,24.15_24.10_24.05_24.00_23.95_,83_128_69_336_16_
11:10:48,24.20,1,12088,24.20_24.25_24.30_24.35_24.40_,56_72_16_52_19_,24.15_24.10_24.05_24.00_23.95_,86_128_115_290_16_
11:10:59,24.20,36,12124,24.20_24.25_24.30_24.35_24.40_,50_71_16_52_19_,24.15_24.10_24.05_24.00_23.95_,96_128_115_290_16_
11:11:19,24.25,3,12150,24.25_24.30_24.35_24.40_24.45_,99_16_62_19_18_,24.20_24.15_24.10_24.05_24.00_,3_118_130_103_289_
11:11:24,24.25,3,12150,24.25_24.30_24.35_24.40_24.45_,109_17_13_70_18_,24.20_24.15_24.10_24.05_24.00_,17_116_130_129_267_
11:12:57,24.25,5,12352,24.30_24.35_24.40_24.45_24.50_,18_6_30_70_36_,24.25_24.20_24.15_24.10_24.05_,90_147_104_198_63_
11:13:02,24.25,5,12352,24.30_24.35_24.40_24.45_24.50_,13_6_21_76_36_,24.25_24.20_24.15_24.10_24.05_,83_148_104_198_63_
11:13:07,24.30,1,12353,24.30_24.35_24.40_24.45_24.50_,12_7_21_76_36_,24.25_24.20_24.15_24.10_24.05_,94_152_104_198_63_
11:13:12,24.30,2,12355,24.30_24.35_24.40_24.45_24.50_,9_7_21_76_36_,24.25_24.20_24.15_24.10_24.05_,113_146_104_198_63_
11:13:17,24.30,10,12365,24.35_24.40_24.45_24.50_24.55_,7_21_76_36_3_,24.30_24.25_24.20_24.15_24.10_,3_137_146_99_198_
11:13:22,24.35,2,12367,24.35_24.40_24.45_24.50_24.55_,8_21_25_91_3_,24.30_24.25_24.20_24.15_24.10_,20_136_130_171_130_
11:13:27,24.35,32,12399,24.35_24.40_24.45_24.50_24.55_,6_21_19_87_3_,24.30_24.25_24.20_24.15_24.10_,31_126_131_170_130_
11:13:32,24.35,1,12400,24.35_24.40_24.45_24.50_24.55_,7_20_19_100_3_,24.30_24.25_24.20_24.15_24.10_,33_125_131_170_130_
11:13:38,24.35,1,12401,24.35_24.40_24.45_24.50_24.55_,6_20_18_100_3_,24.30_24.25_24.20_24.15_24.10_,36_126_131_170_130_
11:13:43,24.30,30,12431,24.35_24.40_24.45_24.50_24.55_,6_20_18_100_3_,24.30_24.25_24.20_24.15_24.10_,15_120_131_170_130_
11:13:48,24.35,13,12444,24.40_24.45_24.50_24.55_24.60_,20_18_90_3_11_,24.35_24.30_24.25_24.20_24.15_,3_27_120_131_170_
11:13:53,24.35,1,12445,24.40_24.45_24.50_24.55_24.60_,19_18_49_54_11_,24.35_24.30_24.25_24.20_24.15_,5_27_119_203_102_
11:13:58,24.35,1,12445,24.40_24.45_24.50_24.55_24.60_,20_18_44_54_11_,24.35_24.30_24.25_24.20_24.15_,6_27_119_203_102_
11:14:29,24.40,6,12475,24.40_24.45_24.50_24.55_24.60_,19_23_72_30_11_,24.35_24.30_24.25_24.20_24.15_,19_20_119_203_103_
11:14:49,24.40,3,12487,24.40_24.45_24.50_24.55_24.60_,19_23_72_30_11_,24.35_24.30_24.25_24.20_24.15_,20_20_119_204_103_
11:15:05,24.40,31,12519,24.40_24.45_24.50_24.55_24.60_,8_23_72_34_11_,24.35_24.30_24.25_24.20_24.15_,19_24_119_205_108_
11:15:10,24.40,30,12549,24.40_24.45_24.50_24.55_24.60_,1_21_65_34_11_,24.35_24.30_24.25_24.20_24.15_,19_24_119_205_108_
11:15:15,24.40,30,12549,24.40_24.45_24.50_24.55_24.60_,1_21_65_34_11_,24.35_24.30_24.25_24.20_24.15_,20_27_118_205_108_
11:15:20,24.40,30,12549,24.40_24.45_24.50_24.55_24.60_,2_22_65_34_11_,24.35_24.30_24.25_24.20_24.15_,22_27_118_205_108_
11:15:25,24.40,30,12549,24.40_24.45_24.50_24.55_24.60_,2_22_65_34_11_,24.35_24.30_24.25_24.20_24.15_,24_49_118_205_108_
11:15:30,24.40,30,12549,24.40_24.45_24.50_24.55_24.60_,3_23_65_34_11_,24.35_24.30_24.25_24.20_24.15_,24_49_122_205_108_
11:15:51,24.40,20,12574,24.40_24.45_24.50_24.55_24.60_,29_22_65_34_11_,24.35_24.30_24.25_24.20_24.15_,26_46_122_206_108_
11:16:06,24.40,10,12590,24.40_24.45_24.50_24.55_24.60_,13_38_63_34_11_,24.35_24.30_24.25_24.20_24.15_,28_46_122_236_108_
11:16:12,24.40,7,12597,24.40_24.45_24.50_24.55_24.60_,6_38_63_34_11_,24.35_24.30_24.25_24.20_24.15_,26_46_92_236_108_
11:16:22,24.40,1,12604,24.40_24.45_24.50_24.55_24.60_,6_38_38_59_11_,24.35_24.30_24.25_24.20_24.15_,42_46_92_236_108_
11:18:56,24.35,20,12802,24.40_24.45_24.50_24.55_24.60_,32_41_37_55_91_,24.30_24.25_24.20_24.15_24.10_,33_91_266_105_129_
11:19:01,24.35,20,12802,24.40_24.45_24.50_24.55_24.60_,32_41_93_5_91_,24.35_24.30_24.25_24.20_24.15_,2_34_91_266_105_
11:19:21,24.40,1,12809,24.40_24.45_24.50_24.55_24.60_,31_41_93_5_91_,24.30_24.25_24.20_24.15_24.10_,34_91_261_105_129_
11:19:26,24.40,1,12809,24.40_24.45_24.50_24.55_24.60_,33_41_93_5_91_,24.30_24.25_24.20_24.15_24.10_,35_91_251_115_129_
11:19:31,24.30,2,12811,24.35_24.40_24.45_24.50_24.55_,20_33_41_93_5_,24.30_24.25_24.20_24.15_24.10_,33_91_251_115_129_
11:20:23,24.35,13,12909,24.35_24.40_24.45_24.50_24.55_,38_46_36_124_5_,24.30_24.25_24.20_24.15_24.10_,9_31_196_171_129_
11:20:33,24.35,10,12919,24.35_24.40_24.45_24.50_24.55_,33_46_61_99_5_,24.30_24.25_24.20_24.15_24.10_,10_27_196_171_129_
11:20:48,24.35,2,12921,24.35_24.40_24.45_24.50_24.55_,46_51_68_99_5_,24.30_24.25_24.20_24.15_24.10_,16_30_196_171_131_
11:21:55,24.25,2,12972,24.25_24.30_24.35_24.40_24.45_,19_12_39_126_36_,24.20_24.15_24.10_24.05_24.00_,165_117_143_118_304_
11:22:31,24.25,1,13010,24.25_24.30_24.35_24.40_24.45_,15_79_27_123_36_,24.20_24.15_24.10_24.05_24.00_,160_111_143_118_304_
11:22:36,24.25,1,13010,24.25_24.30_24.35_24.40_24.45_,16_79_26_123_36_,24.20_24.15_24.10_24.05_24.00_,161_111_143_118_304_
11:22:41,24.25,1,13010,24.25_24.30_24.35_24.40_24.45_,18_109_26_93_36_,24.20_24.15_24.10_24.05_24.00_,172_111_143_128_294_
11:22:46,24.25,18,13028,24.30_24.35_24.40_24.45_24.50_,113_26_93_36_43_,24.25_24.20_24.15_24.10_24.05_,14_172_111_143_128_
11:22:51,24.30,4,13032,24.30_24.35_24.40_24.45_24.50_,120_26_54_86_42_,24.25_24.20_24.15_24.10_24.05_,19_172_111_209_62_
11:22:56,24.30,10,13042,24.30_24.35_24.40_24.45_24.50_,113_26_49_86_42_,24.25_24.20_24.15_24.10_24.05_,20_172_111_208_62_
11:23:32,24.30,1,13045,24.30_24.35_24.40_24.45_24.50_,126_19_41_88_43_,24.25_24.20_24.15_24.10_24.05_,37_178_116_208_62_
11:24:08,24.25,4,13074,24.30_24.35_24.40_24.45_24.50_,127_18_40_88_42_,24.25_24.20_24.15_24.10_24.05_,49_176_116_208_62_
11:24:13,24.30,1,13075,24.30_24.35_24.40_24.45_24.50_,126_18_40_89_42_,24.25_24.20_24.15_24.10_24.05_,50_176_115_208_62_
11:24:18,24.30,2,13077,24.30_24.35_24.40_24.45_24.50_,126_18_40_89_42_,24.25_24.20_24.15_24.10_24.05_,50_176_115_208_62_
11:24:24,24.25,6,13083,24.30_24.35_24.40_24.45_24.50_,126_19_40_89_42_,24.25_24.20_24.15_24.10_24.05_,45_176_115_208_62_
11:24:59,24.25,2,13126,24.30_24.35_24.40_24.45_24.50_,131_18_40_89_42_,24.25_24.20_24.15_24.10_24.05_,31_179_115_208_62_
11:25:15,24.25,2,13157,24.30_24.35_24.40_24.45_24.50_,133_18_40_89_42_,24.25_24.20_24.15_24.10_24.05_,2_180_115_208_62_
11:26:11,24.25,75,13269,24.30_24.35_24.40_24.45_24.50_,129_15_85_34_40_,24.20_24.15_24.10_24.05_24.00_,177_103_147_121_296_
11:26:16,24.25,75,13269,24.30_24.35_24.40_24.45_24.50_,129_17_94_34_40_,24.20_24.15_24.10_24.05_24.00_,177_115_213_43_296_
11:26:27,24.20,4,13275,24.30_24.35_24.40_24.45_24.50_,130_17_94_34_40_,24.20_24.15_24.10_24.05_24.00_,172_103_213_55_296_
11:26:37,24.20,9,13284,24.30_24.35_24.40_24.45_24.50_,131_17_94_34_40_,24.20_24.15_24.10_24.05_24.00_,163_103_213_55_301_
11:26:47,24.20,1,13287,24.30_24.35_24.40_24.45_24.50_,130_17_94_34_40_,24.20_24.15_24.10_24.05_24.00_,162_103_213_55_301_
11:27:13,24.20,1,13300,24.30_24.35_24.40_24.45_24.50_,130_11_94_34_40_,24.20_24.15_24.10_24.05_24.00_,153_116_213_43_301_
11:27:49,24.25,2,13309,24.25_24.30_24.35_24.40_24.45_,14_130_11_96_34_,24.20_24.15_24.10_24.05_24.00_,154_104_147_121_311_
11:27:54,24.25,2,13309,24.25_24.30_24.35_24.40_24.45_,16_129_11_84_34_,24.20_24.15_24.10_24.05_24.00_,153_106_147_121_311_
11:27:59,24.25,2,13309,24.25_24.30_24.35_24.40_24.45_,17_129_12_84_34_,24.20_24.15_24.10_24.05_24.00_,153_106_147_121_311_
11:28:04,24.25,2,13311,24.25_24.30_24.35_24.40_24.45_,15_129_12_84_34_,24.20_24.15_24.10_24.05_24.00_,153_106_147_121_311_
11:28:09,24.25,2,13313,24.25_24.30_24.35_24.40_24.45_,13_129_12_84_34_,24.20_24.15_24.10_24.05_24.00_,152_121_147_109_321_
11:28:14,24.25,1,13314,24.25_24.30_24.35_24.40_24.45_,13_129_12_87_34_,24.20_24.15_24.10_24.05_24.00_,154_124_147_109_321_
11:28:19,24.20,2,13316,24.25_24.30_24.35_24.40_24.45_,15_129_12_87_34_,24.20_24.15_24.10_24.05_24.00_,154_124_147_109_321_
11:28:24,24.20,20,13336,24.25_24.30_24.35_24.40_24.45_,15_129_12_87_34_,24.20_24.15_24.10_24.05_24.00_,154_124_147_109_321_
11:28:29,24.20,3,13339,24.25_24.30_24.35_24.40_24.45_,22_123_12_87_34_,24.20_24.15_24.10_24.05_24.00_,153_124_147_109_321_
11:28:34,24.20,21,13360,24.25_24.30_24.35_24.40_24.45_,24_124_12_87_34_,24.20_24.15_24.10_24.05_24.00_,154_124_147_109_321_
11:31:34,24.05,53,13998,24.05_24.10_24.15_24.20_24.25_,7_137_16_45_66_,24.00_23.95_23.90_23.85_23.80_,342_85_83_122_1017_
11:32:15,23.90,26,14544,23.90_23.95_24.00_24.05_24.10_,21_5_49_52_100_,23.85_23.80_,59_1092_
11:32:20,23.90,6,14550,23.90_23.95_24.00_24.05_24.10_,24_5_50_61_82_,23.85_23.80_,61_1100_
11:32:25,23.85,33,14583,23.90_23.95_24.00_24.05_24.10_,16_17_50_61_80_,23.85_23.80_,41_1183_
11:32:30,23.90,20,14603,23.90_23.95_24.00_24.05_24.10_,1_17_50_61_81_,23.85_23.80_,48_1186_
11:33:47,23.85,2,14888,23.90_23.95_24.00_24.05_24.10_,66_39_29_51_42_,23.85_23.80_,98_1348_
11:34:08,23.85,21,14916,23.90_23.95_24.00_24.05_24.10_,68_39_29_51_43_,23.85_23.80_,101_1307_
11:34:13,23.85,8,14924,23.90_23.95_24.00_24.05_24.10_,69_39_29_51_43_,23.85_23.80_,112_1311_
11:36:00,23.85,10,15380,23.90_23.95_24.00_24.05_24.10_,43_39_28_51_43_,23.85_23.80_,85_1327_
11:36:06,23.90,2,15382,23.90_23.95_24.00_24.05_24.10_,42_39_28_51_43_,23.85_23.80_,119_1329_
11:37:12,23.90,1,15702,23.90_23.95_24.00_24.05_24.10_,2_46_29_57_43_,23.85_23.80_,149_1355_
11:37:23,23.90,1,15706,23.90_23.95_24.00_24.05_24.10_,3_48_29_57_44_,23.85_23.80_,172_1364_
11:37:28,23.85,26,15732,23.90_23.95_24.00_24.05_24.10_,9_49_29_57_44_,23.85_23.80_,172_1371_
11:37:53,23.85,8,15800,23.95_24.00_24.05_24.10_24.15_,10_29_5_100_5_,23.85_23.80_,197_1390_
11:37:58,24.00,10,15810,24.00_24.05_24.10_24.15_24.20_,31_30_75_2_14_,23.95_23.90_23.85_23.80_,5_2_199_1388_
11:39:05,24.00,1,15897,24.00_24.05_24.10_24.15_24.20_,27_5_29_57_14_,23.95_23.90_23.85_23.80_,16_21_294_1409_
11:40:32,24.00,22,16006,24.05_24.10_24.15_24.20_24.25_,13_22_42_61_5_,24.00_23.95_23.90_23.85_23.80_,28_17_190_282_1418_
11:40:42,24.00,22,16006,24.05_24.10_24.15_24.20_24.25_,13_22_42_61_6_,24.00_23.95_23.90_23.85_23.80_,38_17_190_283_1420_
11:40:47,24.05,15,16021,24.10_24.15_24.20_24.25_24.30_,22_42_61_6_3_,24.05_24.00_23.95_23.90_23.85_,12_38_17_190_283_
11:41:13,24.10,10,16047,24.10_24.15_24.20_24.25_24.30_,12_42_52_31_3_,24.05_24.00_23.95_23.90_23.85_,13_23_17_218_255_
11:41:54,24.05,22,16115,24.05_24.10_24.15_24.20_24.25_,8_8_62_72_5_,24.00_23.95_23.90_23.85_23.80_,27_17_194_276_1452_
11:43:57,24.00,3,16252,24.00_24.05_24.10_24.15_24.20_,19_41_10_50_34_,23.95_23.90_23.85_23.80_,21_144_314_1458_
11:44:08,24.00,20,16272,24.05_24.10_24.15_24.20_24.25_,41_11_50_34_5_,23.95_23.90_23.85_23.80_,21_144_312_1458_
11:44:13,23.95,22,16294,24.00_24.05_24.10_24.15_24.20_,6_47_11_57_34_,23.90_23.85_23.80_,144_338_1460_
11:44:18,23.90,4,16298,24.00_24.05_24.10_24.15_24.20_,38_41_55_5_34_,23.90_23.85_23.80_,145_258_1460_
11:44:23,23.95,1,16299,23.95_24.00_24.05_24.10_24.15_,2_39_43_60_5_,23.90_23.85_23.80_,133_258_1471_
11:44:28,23.95,1,16300,23.95_24.00_24.05_24.10_24.15_,3_42_43_61_5_,23.90_23.85_23.80_,133_258_1470_
11:44:33,23.95,1,16301,23.95_24.00_24.05_24.10_24.15_,2_54_43_61_5_,23.90_23.85_23.80_,133_259_1468_
11:44:38,23.90,8,16309,23.95_24.00_24.05_24.10_24.15_,7_49_43_61_5_,23.90_23.85_23.80_,131_262_1468_
11:44:44,23.90,21,16330,23.95_24.00_24.05_24.10_24.15_,23_49_43_61_5_,23.90_23.85_23.80_,132_262_1468_
11:45:45,23.95,12,16423,23.95_24.00_24.05_24.10_24.15_,12_43_43_54_2_,23.90_23.85_23.80_,107_262_1479_
11:45:50,23.90,71,16494,23.95_24.00_24.05_24.10_24.15_,9_43_43_60_2_,23.90_23.85_23.80_,56_262_1486_
11:45:55,23.95,20,16514,23.95_24.00_24.05_24.10_24.15_,15_43_43_54_2_,23.90_23.85_23.80_,56_262_1488_
11:46:00,23.90,11,16525,23.95_24.00_24.05_24.10_24.15_,2_43_43_60_2_,23.90_23.85_23.80_,50_262_1491_
11:46:06,23.90,2,16527,23.95_24.00_24.05_24.10_24.15_,3_43_43_60_2_,23.90_23.85_23.80_,49_264_1491_
11:47:48,23.90,13,16727,23.95_24.00_24.05_24.10_24.15_,24_69_44_54_102_,23.90_23.85_23.80_,6_251_1619_
11:50:17,23.90,2,17018,23.90_23.95_24.00_24.05_24.10_,58_52_10_50_10_,23.85_23.80_,169_1622_
11:50:37,23.85,3,17043,23.90_23.95_24.00_24.05_24.10_,58_52_10_50_10_,23.85_23.80_,153_1501_
11:51:29,23.85,10,17120,23.90_23.95_24.00_24.05_24.10_,66_53_10_50_10_,23.85_23.80_,153_1503_
11:53:06,23.80,132,17708,23.85_23.90_23.95_24.00_24.05_,111_58_12_62_6_,23.80_,1306_
11:53:11,23.80,14,17722,23.85_23.90_23.95_24.00_24.05_,113_58_12_62_6_,23.80_,1307_
11:53:16,23.85,8,17730,23.85_23.90_23.95_24.00_24.05_,108_58_12_64_6_,23.80_,1304_
11:53:22,23.85,11,17741,23.85_23.90_23.95_24.00_24.05_,97_58_12_64_6_,23.80_,1316_
11:53:27,23.85,52,17793,23.85_23.90_23.95_24.00_24.05_,88_58_12_64_6_,23.80_,1298_
11:53:32,23.85,11,17804,23.85_23.90_23.95_24.00_24.05_,82_58_12_64_6_,23.80_,1287_
11:54:13,23.85,7,17895,23.85_23.90_23.95_24.00_24.05_,35_86_13_70_6_,23.80_,1316_
11:54:18,23.85,3,17898,23.85_23.90_23.95_24.00_24.05_,32_86_13_70_6_,23.80_,1318_
11:54:29,23.90,61,17980,23.90_23.95_24.00_24.05_24.10_,85_13_82_6_60_,23.85_23.80_,32_1326_
11:54:59,23.85,50,18086,23.90_23.95_24.00_24.05_24.10_,5_53_31_16_101_,23.85_23.80_,57_1326_
11:55:35,23.95,10,18113,23.95_24.00_24.05_24.10_24.15_,43_31_59_86_102_,23.90_23.85_23.80_,17_52_1332_
11:55:56,23.95,4,18137,23.95_24.00_24.05_24.10_24.15_,42_31_84_102_102_,23.90_23.85_23.80_,9_70_1338_
11:56:11,23.95,1,18139,23.95_24.00_24.05_24.10_24.15_,41_32_99_87_102_,23.90_23.85_23.80_,11_77_1340_
11:56:57,23.95,5,18213,23.95_24.00_24.05_24.10_24.15_,53_32_84_102_102_,23.90_23.85_23.80_,14_84_1357_
11:57:18,23.95,2,18259,23.95_24.00_24.05_24.10_24.15_,49_32_84_102_102_,23.90_23.85_23.80_,21_109_1350_
11:57:33,23.95,41,18301,23.95_24.00_24.05_24.10_24.15_,47_33_84_102_102_,23.90_23.85_23.80_,30_120_1350_
11:57:38,23.95,2,18303,23.95_24.00_24.05_24.10_24.15_,45_33_84_102_102_,23.90_23.85_23.80_,30_120_1351_
11:57:54,23.95,2,18336,23.95_24.00_24.05_24.10_24.15_,12_33_84_102_102_,23.90_23.85_23.80_,32_120_1350_
11:58:50,23.90,40,18433,23.95_24.00_24.05_24.10_24.15_,17_36_84_102_102_,23.90_23.85_23.80_,49_131_1352_
11:59:00,23.95,2,18435,23.95_24.00_24.05_24.10_24.15_,19_32_84_102_103_,23.90_23.85_23.80_,49_133_1352_
11:59:11,23.95,1,18436,23.95_24.00_24.05_24.10_24.15_,20_32_84_102_103_,23.90_23.85_23.80_,55_133_1352_
11:59:36,23.95,2,18444,23.95_24.00_24.05_24.10_24.15_,12_32_100_87_103_,23.90_23.85_23.80_,59_135_1352_
11:59:47,23.95,2,18444,23.95_24.00_24.05_24.10_24.15_,12_32_100_87_103_,23.90_23.85_23.80_,59_136_1351_
11:59:57,23.95,2,18451,23.95_24.00_24.05_24.10_24.15_,5_32_100_87_103_,23.90_23.85_23.80_,54_136_1351_
12:00:22,23.95,2,18455,23.95_24.00_24.05_24.10_24.15_,4_35_100_87_103_,23.90_23.85_23.80_,56_135_1352_
12:00:48,23.95,1,18460,24.00_24.05_24.10_24.15_24.20_,36_85_76_130_57_,23.95_23.90_23.85_23.80_,12_50_213_1354_
12:01:24,23.95,1,18501,23.95_24.00_24.05_24.10_24.15_,37_34_100_87_104_,23.90_23.85_23.80_,51_127_1357_
12:01:50,23.90,1,18503,23.95_24.00_24.05_24.10_24.15_,40_38_100_87_104_,23.90_23.85_23.80_,51_127_1365_
12:02:00,23.90,5,18508,23.95_24.00_24.05_24.10_24.15_,40_38_100_87_104_,23.90_23.85_23.80_,50_127_1365_
12:02:05,23.95,1,18509,23.95_24.00_24.05_24.10_24.15_,39_36_100_88_103_,23.90_23.85_23.80_,50_127_1365_
12:02:10,23.90,2,18511,23.95_24.00_24.05_24.10_24.15_,39_36_100_88_103_,23.90_23.85_23.80_,48_127_1365_
12:02:15,23.95,1,18512,23.95_24.00_24.05_24.10_24.15_,40_36_100_88_103_,23.90_23.85_23.80_,49_127_1365_
12:02:20,23.95,40,18552,23.95_24.00_24.05_24.10_24.15_,40_36_100_88_103_,23.90_23.85_23.80_,49_127_1365_
12:02:26,23.95,40,18552,23.95_24.00_24.05_24.10_24.15_,40_36_100_88_103_,23.90_23.85_23.80_,50_125_1364_
12:02:36,23.90,15,18572,23.95_24.00_24.05_24.10_24.15_,40_36_85_88_103_,23.90_23.85_23.80_,30_125_1366_
12:02:41,23.90,15,18572,23.95_24.00_24.05_24.10_24.15_,40_36_85_88_103_,23.90_23.85_23.80_,33_125_1364_
12:02:46,23.90,15,18572,23.95_24.00_24.05_24.10_24.15_,35_36_85_84_103_,23.90_23.85_23.80_,34_125_1365_
12:03:22,23.95,41,18625,23.95_24.00_24.05_24.10_24.15_,43_29_101_61_103_,23.90_23.85_23.80_,27_126_1374_
12:03:32,23.90,7,18632,23.95_24.00_24.05_24.10_24.15_,44_29_102_61_103_,23.90_23.85_23.80_,22_126_1374_
12:03:38,23.90,3,18635,23.95_24.00_24.05_24.10_24.15_,45_29_102_62_103_,23.90_23.85_23.80_,24_126_1374_
12:03:43,23.90,3,18635,23.95_24.00_24.05_24.10_24.15_,47_29_102_62_103_,23.90_23.85_23.80_,24_129_1362_
12:04:03,23.85,5,18715,23.90_23.95_24.00_24.05_24.10_,43_38_30_86_62_,23.85_23.80_,117_1367_
12:04:08,23.85,1,18716,23.90_23.95_24.00_24.05_24.10_,41_38_30_86_62_,23.85_23.80_,116_1369_
12:04:14,23.90,5,18721,23.90_23.95_24.00_24.05_24.10_,36_38_30_86_62_,23.85_23.80_,117_1368_
12:04:19,23.85,51,18772,23.90_23.95_24.00_24.05_24.10_,37_37_30_86_62_,23.85_23.80_,116_1364_
12:04:29,23.90,1,18773,23.90_23.95_24.00_24.05_24.10_,38_36_30_86_62_,23.85_23.80_,116_1358_
12:04:39,23.90,1,18773,23.90_23.95_24.00_24.05_24.10_,60_35_30_86_62_,23.85_23.80_,121_1360_
12:04:49,23.90,45,18818,23.90_23.95_24.00_24.05_24.10_,76_33_30_86_62_,23.85_23.80_,121_1360_
12:04:55,23.85,10,18828,23.90_23.95_24.00_24.05_24.10_,76_33_30_86_62_,23.85_23.80_,121_1360_
12:05:30,23.90,1,18880,23.90_23.95_24.00_24.05_24.10_,83_33_30_86_62_,23.85_23.80_,132_1366_
12:05:36,23.90,1,18880,23.90_23.95_24.00_24.05_24.10_,84_33_30_86_62_,23.85_23.80_,132_1366_
12:05:41,23.90,1,18881,23.90_23.95_24.00_24.05_24.10_,83_33_30_86_62_,23.85_23.80_,134_1366_
12:05:46,23.90,30,18911,23.90_23.95_24.00_24.05_24.10_,81_33_30_86_62_,23.85_23.80_,135_1366_
12:05:56,23.85,3,18914,23.90_23.95_24.00_24.05_24.10_,79_33_30_86_62_,23.85_23.80_,132_1365_
12:06:27,23.90,5,18925,23.90_23.95_24.00_24.05_24.10_,73_32_30_86_62_,23.85_23.80_,134_1367_
12:07:13,23.85,10,18945,23.90_23.95_24.00_24.05_24.10_,48_44_30_86_62_,23.85_23.80_,127_1403_
12:07:23,23.85,10,18945,23.90_23.95_24.00_24.05_24.10_,48_44_30_86_62_,23.85_23.80_,126_1403_
12:07:54,23.90,12,18958,23.90_23.95_24.00_24.05_24.10_,43_45_30_86_62_,23.85_23.80_,130_1402_
12:08:45,23.90,1,18983,23.90_23.95_24.00_24.05_24.10_,34_45_30_96_62_,23.85_23.80_,155_1388_
12:10:02,23.90,10,19026,23.90_23.95_24.00_24.05_24.10_,28_45_30_96_62_,23.85_23.80_,167_1373_
12:10:23,23.85,2,19050,23.90_23.95_24.00_24.05_24.10_,29_45_30_96_62_,23.85_23.80_,168_1384_
12:10:43,23.90,1,19056,23.90_23.95_24.00_24.05_24.10_,21_46_30_96_62_,23.85_23.80_,166_1384_
12:10:48,23.90,1,19056,23.90_23.95_24.00_24.05_24.10_,23_46_30_96_62_,23.85_23.80_,168_1384_
12:12:26,23.85,7,19328,23.85_23.90_23.95_24.00_24.05_,88_10_23_24_96_,23.80_,1435_
12:12:31,23.85,4,19332,23.85_23.90_23.95_24.00_24.05_,88_10_23_26_96_,23.80_,1436_
12:12:36,23.85,4,19332,23.85_23.90_23.95_24.00_24.05_,88_10_23_26_96_,23.80_,1433_
12:12:41,23.85,4,19332,23.85_23.90_23.95_24.00_24.05_,90_10_23_26_96_,23.80_,1433_
12:12:46,23.85,22,19354,23.85_23.90_23.95_24.00_24.05_,73_10_23_26_96_,23.80_,1435_
12:12:51,23.85,11,19365,23.85_23.90_23.95_24.00_24.05_,62_10_23_26_96_,23.80_,1441_
12:13:48,23.85,20,19465,23.90_23.95_24.00_24.05_24.10_,1_45_26_96_62_,23.85_23.80_,12_1446_
12:13:58,23.85,5,19470,23.90_23.95_24.00_24.05_24.10_,2_45_26_96_62_,23.85_23.80_,7_1458_
12:14:08,23.85,1,19473,23.90_23.95_24.00_24.05_24.10_,12_43_26_96_62_,23.85_23.80_,7_1447_
12:14:19,23.85,2,19482,23.85_23.90_23.95_24.00_24.05_,4_19_43_26_96_,23.80_,1497_
12:16:06,23.85,11,19529,23.90_23.95_24.00_24.05_24.10_,32_43_26_96_62_,23.85_23.80_,74_1488_
12:16:12,23.85,11,19529,23.90_23.95_24.00_24.05_24.10_,32_43_26_96_62_,23.85_23.80_,74_1487_
12:16:17,23.90,2,19531,23.90_23.95_24.00_24.05_24.10_,32_43_26_96_62_,23.85_23.80_,84_1487_
12:16:22,23.90,2,19531,23.90_23.95_24.00_24.05_24.10_,32_43_26_96_62_,23.85_23.80_,84_1485_
12:16:27,23.90,2,19531,23.90_23.95_24.00_24.05_24.10_,32_44_26_96_62_,23.85_23.80_,84_1485_
12:16:32,23.85,2,19533,23.90_23.95_24.00_24.05_24.10_,32_44_26_96_62_,23.85_23.80_,82_1485_
12:17:18,23.85,1,19549,23.90_23.95_24.00_24.05_24.10_,33_44_26_96_62_,23.85_23.80_,95_1474_
12:17:34,23.85,3,19552,23.90_23.95_24.00_24.05_24.10_,33_44_26_95_62_,23.85_23.80_,98_1486_
12:17:39,23.85,3,19552,23.90_23.95_24.00_24.05_24.10_,29_44_26_95_62_,23.85_23.80_,100_1491_
12:17:49,23.85,1,19553,23.90_23.95_24.00_24.05_24.10_,29_44_26_95_62_,23.85_23.80_,100_1492_
12:18:15,23.85,1,19555,23.90_23.95_24.00_24.05_24.10_,31_43_26_95_62_,23.85_23.80_,105_1496_
12:20:18,23.90,40,19659,23.90_23.95_24.00_24.05_24.10_,59_43_26_95_62_,23.85_23.80_,124_1506_
12:20:33,23.90,2,19661,23.90_23.95_24.00_24.05_24.10_,57_43_26_95_62_,23.85_23.80_,124_1504_
12:20:38,23.85,6,19667,23.90_23.95_24.00_24.05_24.10_,57_43_26_95_62_,23.85_23.80_,118_1504_
12:22:41,23.90,2,19747,23.90_23.95_24.00_24.05_24.10_,106_36_26_96_62_,23.85_23.80_,146_1488_
12:22:46,23.90,2,19747,23.90_23.95_24.00_24.05_24.10_,106_36_26_96_62_,23.85_23.80_,144_1491_
12:22:57,23.90,2,19747,23.90_23.95_24.00_24.05_24.10_,106_36_26_96_62_,23.85_23.80_,144_1481_
12:23:02,23.90,5,19752,23.90_23.95_24.00_24.05_24.10_,106_36_26_96_62_,23.85_23.80_,144_1480_
12:23:07,23.90,5,19752,23.90_23.95_24.00_24.05_24.10_,106_36_26_96_62_,23.85_23.80_,145_1480_
12:23:17,23.85,1,19753,23.90_23.95_24.00_24.05_24.10_,106_36_26_96_62_,23.85_23.80_,148_1456_
12:23:22,23.90,20,19773,23.90_23.95_24.00_24.05_24.10_,86_36_26_96_62_,23.85_23.80_,158_1456_
12:24:09,23.85,1,19808,23.90_23.95_24.00_24.05_24.10_,80_35_35_96_62_,23.85_23.80_,145_1451_
12:24:14,23.85,100,19908,23.90_23.95_24.00_24.05_24.10_,80_35_35_96_62_,23.85_23.80_,45_1451_
12:24:19,23.85,100,19908,23.90_23.95_24.00_24.05_24.10_,82_35_35_96_62_,23.85_23.80_,49_1451_
12:24:39,23.90,5,19924,23.90_23.95_24.00_24.05_24.10_,82_35_35_96_62_,23.85_23.80_,39_1450_
12:25:46,23.85,11,19991,23.85_23.90_23.95_24.00_24.05_,7_64_35_34_96_,23.80_,1479_
12:26:01,23.85,5,19996,23.85_23.90_23.95_24.00_24.05_,17_58_35_34_96_,23.80_,1480_
12:26:06,23.85,9,20005,23.85_23.90_23.95_24.00_24.05_,9_57_35_34_96_,23.80_,1491_
12:26:12,23.80,3,20008,23.85_23.90_23.95_24.00_24.05_,10_57_35_34_96_,23.80_,1490_
12:26:17,23.80,10,20018,23.85_23.90_23.95_24.00_24.05_,30_57_35_34_96_,23.80_,1499_
12:26:22,23.80,2,20020,23.85_23.90_23.95_24.00_24.05_,30_57_35_34_96_,23.80_,1500_
12:26:27,23.80,2,20020,23.85_23.90_23.95_24.00_24.05_,30_56_35_34_96_,23.80_,1500_
12:27:44,23.85,5,20076,23.90_23.95_24.00_24.05_24.10_,57_35_34_96_62_,23.85_23.80_,14_1505_
12:27:49,23.85,5,20076,23.90_23.95_24.00_24.05_24.10_,57_35_34_96_62_,23.85_23.80_,16_1507_
12:27:54,23.85,5,20076,23.90_23.95_24.00_24.05_24.10_,57_35_34_96_62_,23.85_23.80_,16_1509_
12:27:59,23.85,12,20088,23.90_23.95_24.00_24.05_24.10_,57_36_34_96_62_,23.85_23.80_,6_1508_
12:28:05,23.85,7,20095,23.90_23.95_24.00_24.05_24.10_,58_36_34_96_62_,23.85_23.80_,3_1508_
12:28:20,23.90,5,20100,23.90_23.95_24.00_24.05_24.10_,60_36_34_96_62_,23.85_23.80_,4_1499_
12:28:45,23.80,4,20114,23.85_23.90_23.95_24.00_24.05_,12_57_36_34_96_,23.80_,1494_
12:28:56,23.80,4,20114,23.85_23.90_23.95_24.00_24.05_,12_58_35_34_96_,23.80_,1491_
12:29:11,23.85,11,20135,23.85_23.90_23.95_24.00_24.05_,5_53_35_34_96_,23.80_,1491_
12:29:26,23.80,7,20155,23.85_23.90_23.95_24.00_24.05_,27_59_35_38_96_,23.80_,1476_
12:29:32,23.85,1,20156,23.85_23.90_23.95_24.00_24.05_,26_59_51_38_96_,23.80_,1478_
12:30:28,23.85,11,20198,23.85_23.90_23.95_24.00_24.05_,2_63_51_39_96_,23.80_,1505_
12:30:33,23.85,4,20202,23.90_23.95_24.00_24.05_24.10_,63_51_39_96_59_,23.80_,1510_
12:30:38,23.85,4,20202,23.90_23.95_24.00_24.05_24.10_,64_51_39_96_59_,23.85_23.80_,4_1510_
12:30:43,23.85,1,20203,23.90_23.95_24.00_24.05_24.10_,66_51_39_96_59_,23.85_23.80_,13_1503_
12:30:48,23.85,1,20203,23.90_23.95_24.00_24.05_24.10_,65_51_39_96_59_,23.85_23.80_,12_1504_
12:30:54,23.85,1,20203,23.90_23.95_24.00_24.05_24.10_,69_60_39_96_59_,23.85_23.80_,16_1503_
12:30:59,23.85,15,20218,23.90_23.95_24.00_24.05_24.10_,69_60_39_96_59_,23.85_23.80_,1_1503_
12:31:04,23.85,2,20220,23.90_23.95_24.00_24.05_24.10_,69_60_39_96_59_,23.85_23.80_,6_1503_
12:31:14,23.85,5,20225,23.90_23.95_24.00_24.05_24.10_,74_60_39_96_59_,23.85_23.80_,5_1503_
12:32:05,23.85,5,20242,23.85_23.90_23.95_24.00_24.05_,6_68_60_34_96_,23.80_,1511_
12:32:10,23.85,3,20245,23.85_23.90_23.95_24.00_24.05_,11_68_60_34_96_,23.80_,1511_
12:32:16,23.85,1,20246,23.85_23.90_23.95_24.00_24.05_,9_69_60_34_96_,23.80_,1516_
12:32:21,23.80,8,20254,23.85_23.90_23.95_24.00_24.05_,9_69_60_34_96_,23.80_,1508_
12:32:26,23.80,1,20255,23.85_23.90_23.95_24.00_24.05_,11_68_60_34_96_,23.80_,1508_
12:32:31,23.85,1,20256,23.85_23.90_23.95_24.00_24.05_,10_68_60_34_96_,23.80_,1510_
12:32:36,23.85,10,20266,23.85_23.90_23.95_24.00_24.05_,1_68_60_34_96_,23.80_,1510_
12:32:41,23.90,1,20267,23.90_23.95_24.00_24.05_24.10_,68_60_34_96_59_,23.80_,1513_
12:32:46,23.90,1,20267,23.90_23.95_24.00_24.05_24.10_,68_60_34_96_59_,23.85_23.80_,2_1534_
12:34:03,23.90,1,20286,23.90_23.95_24.00_24.05_24.10_,73_61_35_96_59_,23.85_23.80_,75_1554_
12:34:08,23.90,1,20286,23.90_23.95_24.00_24.05_24.10_,73_61_35_96_59_,23.85_23.80_,73_1555_
12:34:14,23.85,2,20288,23.90_23.95_24.00_24.05_24.10_,75_61_43_96_59_,23.85_23.80_,72_1555_
12:34:19,23.85,2,20288,23.90_23.95_24.00_24.05_24.10_,75_61_43_96_59_,23.85_23.80_,90_1553_
12:34:24,23.85,2,20288,23.90_23.95_24.00_24.05_24.10_,75_61_43_96_59_,23.85_23.80_,90_1550_
12:34:39,23.90,3,20291,23.90_23.95_24.00_24.05_24.10_,73_61_43_96_59_,23.85_23.80_,92_1549_
12:35:00,23.85,26,20317,23.90_23.95_24.00_24.05_24.10_,73_61_43_96_59_,23.85_23.80_,74_1555_
12:35:05,23.85,10,20327,23.90_23.95_24.00_24.05_24.10_,75_61_43_96_59_,23.85_23.80_,69_1554_
12:35:15,23.90,1,20328,23.90_23.95_24.00_24.05_24.10_,74_61_43_96_59_,23.85_23.80_,73_1554_
12:35:20,23.90,1,20328,23.90_23.95_24.00_24.05_24.10_,74_61_43_96_59_,23.85_23.80_,75_1554_
12:35:25,23.85,2,20330,23.90_23.95_24.00_24.05_24.10_,74_60_43_96_59_,23.85_23.80_,72_1554_
12:35:30,23.85,2,20330,23.90_23.95_24.00_24.05_24.10_,84_60_43_96_59_,23.85_23.80_,73_1544_
12:35:36,23.85,2,20330,23.90_23.95_24.00_24.05_24.10_,84_60_43_96_59_,23.85_23.80_,83_1544_
12:36:01,23.90,4,20339,23.90_23.95_24.00_24.05_24.10_,84_60_43_96_59_,23.85_23.80_,95_1541_
12:37:44,23.90,7,20404,23.90_23.95_24.00_24.05_24.10_,58_56_42_96_59_,23.85_23.80_,93_1554_
12:37:49,23.90,2,20406,23.90_23.95_24.00_24.05_24.10_,60_56_42_96_59_,23.85_23.80_,94_1554_
12:37:54,23.90,8,20414,23.90_23.95_24.00_24.05_24.10_,52_56_42_96_59_,23.85_23.80_,94_1555_
12:37:59,23.90,4,20418,23.90_23.95_24.00_24.05_24.10_,48_56_42_96_58_,23.85_23.80_,95_1555_
12:38:04,23.90,1,20419,23.90_23.95_24.00_24.05_24.10_,48_56_42_96_58_,23.85_23.80_,101_1555_
12:38:09,23.90,2,20421,23.90_23.95_24.00_24.05_24.10_,42_56_42_96_58_,23.85_23.80_,101_1554_
12:38:20,23.90,5,20427,23.90_23.95_24.00_24.05_24.10_,37_56_45_96_58_,23.85_23.80_,104_1548_
12:38:25,23.90,5,20432,23.90_23.95_24.00_24.05_24.10_,34_56_45_96_58_,23.85_23.80_,109_1556_
12:38:30,23.90,6,20438,23.90_23.95_24.00_24.05_24.10_,30_56_45_96_58_,23.85_23.80_,100_1556_
12:38:35,23.90,1,20439,23.90_23.95_24.00_24.05_24.10_,31_56_45_96_58_,23.85_23.80_,100_1556_
12:41:04,23.90,20,20529,23.95_24.00_24.05_24.10_24.15_,59_48_96_58_104_,23.90_23.85_23.80_,27_122_1546_
12:41:09,23.90,1,20530,23.95_24.00_24.05_24.10_24.15_,59_48_96_58_104_,23.90_23.85_23.80_,37_122_1535_
12:42:05,23.90,3,20553,23.95_24.00_24.05_24.10_24.15_,62_57_96_58_105_,23.90_23.85_23.80_,26_122_1521_
12:42:10,23.90,3,20556,23.95_24.00_24.05_24.10_24.15_,62_57_96_58_105_,23.90_23.85_23.80_,23_122_1522_
12:42:15,23.90,3,20556,23.95_24.00_24.05_24.10_24.15_,62_57_28_59_105_,23.90_23.85_23.80_,24_122_1522_
12:42:20,23.95,10,20566,23.95_24.00_24.05_24.10_24.15_,52_57_28_59_105_,23.90_23.85_23.80_,24_123_1522_
12:42:25,23.95,1,20567,23.95_24.00_24.05_24.10_24.15_,51_57_28_59_105_,23.90_23.85_23.80_,24_123_1522_
12:42:31,23.95,1,20567,23.95_24.00_24.05_24.10_24.15_,36_57_28_59_105_,23.90_23.85_23.80_,30_123_1522_
12:42:36,23.95,1,20567,23.95_24.00_24.05_24.10_24.15_,46_57_28_59_105_,23.90_23.85_23.80_,30_123_1520_
12:42:41,23.95,3,20570,23.95_24.00_24.05_24.10_24.15_,48_57_28_59_105_,23.90_23.85_23.80_,31_124_1526_
12:42:46,23.90,1,20571,23.95_24.00_24.05_24.10_24.15_,48_57_28_59_105_,23.90_23.85_23.80_,30_126_1526_
12:42:51,23.90,1,20571,23.95_24.00_24.05_24.10_24.15_,48_57_28_59_105_,23.90_23.85_23.80_,32_126_1529_
12:42:56,23.90,1,20572,23.95_24.00_24.05_24.10_24.15_,48_57_28_59_105_,23.90_23.85_23.80_,28_126_1531_
12:43:01,23.90,1,20572,23.95_24.00_24.05_24.10_24.15_,49_57_28_60_105_,23.90_23.85_23.80_,28_126_1531_
12:43:06,23.90,1,20572,23.95_24.00_24.05_24.10_24.15_,49_57_28_60_105_,23.90_23.85_23.80_,30_128_1531_
12:43:12,23.95,1,20573,23.95_24.00_24.05_24.10_24.15_,48_57_28_60_105_,23.90_23.85_23.80_,231_133_1532_
12:43:17,23.95,3,20576,23.95_24.00_24.05_24.10_24.15_,48_57_28_60_105_,23.90_23.85_23.80_,233_155_1522_
12:43:22,23.95,3,20576,23.95_24.00_24.05_24.10_24.15_,46_57_28_60_105_,23.90_23.85_23.80_,233_155_1522_
12:43:27,23.90,10,20586,23.95_24.00_24.05_24.10_24.15_,48_57_28_60_105_,23.90_23.85_23.80_,223_155_1522_
12:43:32,23.90,10,20586,23.95_24.00_24.05_24.10_24.15_,50_57_28_60_105_,23.90_23.85_23.80_,224_185_1502_
12:44:18,23.95,11,20608,23.95_24.00_24.05_24.10_24.15_,25_58_28_62_105_,23.90_23.85_23.80_,249_187_1502_
12:44:34,23.95,1,20619,23.95_24.00_24.05_24.10_24.15_,24_59_28_62_105_,23.90_23.85_23.80_,251_189_1501_
12:44:49,24.00,2,20647,24.00_24.05_24.10_24.15_24.20_,49_28_62_105_21_,23.95_23.90_23.85_23.80_,87_257_189_1489_
12:44:54,24.00,1,20648,24.00_24.05_24.10_24.15_24.20_,48_28_62_105_21_,23.95_23.90_23.85_23.80_,87_257_189_1494_
12:44:59,24.00,1,20648,24.00_24.05_24.10_24.15_24.20_,48_28_62_105_21_,23.95_23.90_23.85_23.80_,96_259_191_1495_
12:45:35,24.00,23,20689,24.00_24.05_24.10_24.15_24.20_,6_29_62_7_23_,23.95_23.90_23.85_23.80_,99_248_191_1485_
12:45:46,24.00,1,20690,24.00_24.05_24.10_24.15_24.20_,7_29_62_7_23_,23.95_23.90_23.85_23.80_,99_248_181_1485_
12:45:51,24.00,1,20690,24.00_24.05_24.10_24.15_24.20_,8_29_62_7_23_,23.95_23.90_23.85_23.80_,100_248_181_1488_
12:45:56,24.00,8,20698,24.05_24.10_24.15_24.20_24.25_,28_62_7_23_6_,24.00_23.95_23.90_23.85_23.80_,3_100_248_181_1488_
12:46:01,24.05,2,20700,24.05_24.10_24.15_24.20_24.25_,29_62_6_23_6_,24.00_23.95_23.90_23.85_23.80_,15_108_248_169_1490_
12:46:06,24.05,2,20700,24.05_24.10_24.15_24.20_24.25_,29_62_6_23_6_,24.00_23.95_23.90_23.85_23.80_,13_108_248_169_1491_
12:46:11,24.00,2,20702,24.05_24.10_24.15_24.20_24.25_,29_62_6_23_6_,24.00_23.95_23.90_23.85_23.80_,17_110_248_169_1491_
12:46:16,24.00,4,20706,24.05_24.10_24.15_24.20_24.25_,29_62_6_22_6_,24.00_23.95_23.90_23.85_23.80_,17_104_248_168_1491_
12:46:22,24.00,1,20707,24.05_24.10_24.15_24.20_24.25_,29_61_6_22_6_,24.00_23.95_23.90_23.85_23.80_,30_93_248_168_1495_
12:46:27,24.00,1,20708,24.05_24.10_24.15_24.20_24.25_,29_61_7_22_6_,24.00_23.95_23.90_23.85_23.80_,29_93_248_168_1496_
12:47:03,24.00,23,20737,24.05_24.10_24.15_24.20_24.25_,35_60_7_11_7_,24.00_23.95_23.90_23.85_23.80_,17_93_248_168_1493_
12:47:08,24.00,3,20740,24.05_24.10_24.15_24.20_24.25_,35_60_7_11_7_,24.00_23.95_23.90_23.85_23.80_,18_93_248_168_1493_
12:47:28,24.00,1,20747,24.05_24.10_24.15_24.20_24.25_,36_60_7_11_7_,24.00_23.95_23.90_23.85_23.80_,22_93_251_167_1492_
12:47:38,24.00,5,20752,24.05_24.10_24.15_24.20_24.25_,39_60_7_11_7_,24.00_23.95_23.90_23.85_23.80_,19_20_251_167_1492_
12:47:49,24.00,13,20765,24.05_24.10_24.15_24.20_24.25_,39_60_7_11_7_,24.00_23.95_23.90_23.85_23.80_,8_20_252_167_1492_
12:47:54,24.00,5,20770,24.05_24.10_24.15_24.20_24.25_,38_60_7_11_7_,24.00_23.95_23.90_23.85_23.80_,5_20_252_167_1494_
12:47:59,24.00,4,20774,24.05_24.10_24.15_24.20_24.25_,38_60_7_11_7_,24.00_23.95_23.90_23.85_23.80_,1_8_252_179_1490_
12:49:41,23.95,1,20792,24.00_24.05_24.10_24.15_24.20_,47_77_60_9_11_,23.95_23.90_23.85_23.80_,5_256_180_1484_
12:49:46,23.95,7,20799,23.95_24.00_24.05_24.10_24.15_,11_47_77_60_9_,23.90_23.85_23.80_,256_180_1484_
12:50:33,23.95,4,20809,23.95_24.00_24.05_24.10_24.15_,29_32_77_60_9_,23.90_23.85_23.80_,244_189_1500_
12:50:53,23.95,4,20818,23.95_24.00_24.05_24.10_24.15_,30_31_77_60_9_,23.90_23.85_23.80_,246_189_1500_
12:51:44,23.95,6,20872,24.00_24.05_24.10_24.15_24.20_,33_77_60_7_11_,23.95_23.90_23.85_23.80_,26_254_186_1511_
12:51:49,23.95,6,20872,24.00_24.05_24.10_24.15_24.20_,34_77_60_7_11_,23.95_23.90_23.85_23.80_,35_258_186_1499_
12:51:54,23.95,6,20872,24.00_24.05_24.10_24.15_24.20_,32_77_60_7_11_,23.95_23.90_23.85_23.80_,35_258_186_1498_
12:52:00,24.00,10,20882,24.00_24.05_24.10_24.15_24.20_,22_77_60_7_11_,23.95_23.90_23.85_23.80_,35_258_186_1498_
12:52:05,24.00,3,20885,24.00_24.05_24.10_24.15_24.20_,19_77_60_7_11_,23.95_23.90_23.85_23.80_,36_258_186_1498_
12:52:10,24.00,3,20885,24.00_24.05_24.10_24.15_24.20_,19_77_60_7_11_,23.95_23.90_23.85_23.80_,37_257_186_1498_
12:52:15,24.00,3,20885,24.00_24.05_24.10_24.15_24.20_,24_77_60_7_11_,23.95_23.90_23.85_23.80_,39_255_186_1500_
12:52:20,24.00,3,20885,24.00_24.05_24.10_24.15_24.20_,26_77_60_7_11_,23.95_23.90_23.85_23.80_,41_255_185_1502_
12:52:25,24.00,3,20885,24.00_24.05_24.10_24.15_24.20_,67_77_60_7_11_,23.95_23.90_23.85_23.80_,41_255_185_1501_
12:52:30,23.95,1,20886,24.00_24.05_24.10_24.15_24.20_,62_77_60_7_11_,23.95_23.90_23.85_23.80_,40_255_185_1501_
12:52:36,23.95,40,20926,24.00_24.05_24.10_24.15_24.20_,64_77_60_7_11_,23.90_23.85_23.80_,255_185_1503_
12:52:46,24.00,2,20929,24.00_24.05_24.10_24.15_24.20_,65_77_60_7_11_,23.95_23.90_23.85_23.80_,121_256_205_1501_
12:52:51,24.00,2,20929,24.00_24.05_24.10_24.15_24.20_,65_77_60_7_11_,23.95_23.90_23.85_23.80_,122_255_205_1501_
12:52:56,24.00,2,20929,24.00_24.05_24.10_24.15_24.20_,65_69_60_7_11_,23.95_23.90_23.85_23.80_,123_255_205_1501_
12:53:06,24.00,51,20980,24.00_24.05_24.10_24.15_24.20_,14_41_60_7_11_,23.95_23.90_23.85_23.80_,123_255_205_1501_
12:53:37,24.00,1,20996,24.05_24.10_24.15_24.20_24.25_,42_60_7_11_9_,24.00_23.95_23.90_23.85_23.80_,8_125_256_208_1506_
12:58:04,24.20,76,21345,24.25_24.30_24.35_24.40_24.45_,16_19_15_41_26_,24.20_24.10_24.05_24.00_23.95_,24_23_3_27_33_
13:00:12,24.15,1,21405,24.20_24.25_24.30_24.35_24.40_,25_50_17_17_48_,24.15_24.10_24.05_24.00_23.95_,13_6_34_50_21_
13:00:17,24.15,1,21406,24.20_24.25_24.30_24.35_24.40_,26_60_17_17_48_,24.15_24.10_24.05_24.00_23.95_,15_6_34_50_21_
13:00:22,24.15,2,21408,24.20_24.25_24.30_24.35_24.40_,26_60_20_17_48_,24.15_24.10_24.05_24.00_23.95_,13_6_34_50_21_
13:00:32,24.15,5,21413,24.20_24.25_24.30_24.35_24.40_,25_60_20_17_48_,24.15_24.10_24.05_24.00_23.95_,8_6_34_50_21_
13:00:42,24.15,6,21424,24.20_24.25_24.30_24.35_24.40_,26_60_20_17_48_,24.15_24.10_24.05_24.00_23.95_,5_6_34_50_21_
13:01:08,24.10,4,21444,24.10_24.15_24.20_24.25_24.30_,1_53_16_58_20_,24.05_24.00_23.95_23.90_23.85_,24_51_33_247_205_
13:01:13,24.10,4,21444,24.10_24.15_24.20_24.25_24.30_,11_54_16_58_20_,24.05_24.00_23.95_23.90_23.85_,24_51_33_247_205_
13:01:18,24.10,4,21444,24.10_24.15_24.20_24.25_24.30_,17_53_16_58_20_,24.05_24.00_23.95_23.90_23.85_,25_51_33_247_205_
13:01:29,24.05,3,21448,24.10_24.15_24.20_24.25_24.30_,16_52_16_58_20_,24.05_24.00_23.95_23.90_23.85_,22_51_34_247_205_
13:01:34,24.05,3,21448,24.10_24.15_24.20_24.25_24.30_,17_51_16_58_20_,24.05_24.00_23.95_23.90_23.85_,22_51_34_247_205_
13:01:39,24.05,3,21448,24.10_24.15_24.20_24.25_24.30_,22_47_16_58_20_,24.05_24.00_23.95_23.90_23.85_,22_51_34_247_205_
13:02:04,24.10,3,21452,24.10_24.15_24.20_24.25_24.30_,22_54_17_53_20_,24.05_24.00_23.95_23.90_23.85_,24_51_34_247_205_
13:02:15,24.05,2,21454,24.10_24.15_24.20_24.25_24.30_,22_54_22_53_20_,24.05_24.00_23.95_23.90_23.85_,23_51_34_247_205_
13:02:20,24.05,2,21454,24.10_24.15_24.20_24.25_24.30_,22_54_22_53_20_,24.05_24.00_23.95_23.90_23.85_,27_51_34_247_205_
13:02:25,24.05,2,21454,24.10_24.15_24.20_24.25_24.30_,22_54_22_53_21_,24.05_24.00_23.95_23.90_23.85_,27_51_34_247_205_
13:02:30,24.10,2,21456,24.10_24.15_24.20_24.25_24.30_,23_54_22_53_21_,24.05_24.00_23.95_23.90_23.85_,27_52_34_247_205_
13:02:40,24.10,23,21479,24.10_24.15_24.20_24.25_24.30_,1_54_22_53_21_,24.05_24.00_23.95_23.90_23.85_,29_52_34_247_205_
13:02:45,24.10,23,21479,24.10_24.15_24.20_24.25_24.30_,2_54_35_53_21_,24.05_24.00_23.95_23.90_23.85_,30_52_34_247_205_
13:02:51,24.10,2,21481,24.15_24.20_24.25_24.30_24.35_,54_35_53_21_21_,24.10_24.05_24.00_23.95_23.90_,19_30_32_34_247_
13:02:56,24.10,2,21481,24.15_24.20_24.25_24.30_24.35_,55_35_53_21_21_,24.10_24.05_24.00_23.95_23.90_,23_27_32_34_247_
13:03:37,24.15,2,21537,24.15_24.20_24.25_24.30_24.35_,6_35_53_21_21_,24.10_24.05_24.00_23.95_23.90_,31_35_33_22_247_
13:03:47,24.10,5,21542,24.15_24.20_24.25_24.30_24.35_,8_35_53_21_21_,24.10_24.05_24.00_23.95_23.90_,29_38_33_22_247_
13:03:57,24.15,20,21564,24.15_24.20_24.25_24.30_24.35_,5_35_53_21_21_,24.10_24.05_24.00_23.95_23.90_,28_39_34_22_247_
13:04:08,24.15,1,21565,24.15_24.20_24.25_24.30_24.35_,5_35_53_21_21_,24.10_24.05_24.00_23.95_23.90_,30_39_34_22_247_
13:04:38,24.15,2,21569,24.15_24.20_24.25_24.30_24.35_,29_38_53_22_21_,24.10_24.05_24.00_23.95_23.90_,61_39_54_22_247_
13:05:30,24.10,5,21585,24.15_24.20_24.25_24.30_24.35_,11_65_53_22_21_,24.10_24.05_24.00_23.95_23.90_,62_39_55_22_248_
13:05:35,24.10,1,21586,24.15_24.20_24.25_24.30_24.35_,11_65_53_27_21_,24.10_24.05_24.00_23.95_23.90_,61_39_55_22_248_
13:06:36,24.10,1,21609,24.15_24.20_24.25_24.30_24.35_,21_66_53_26_23_,24.10_24.05_24.00_23.95_23.90_,74_36_55_23_249_
13:06:52,24.15,5,21614,24.15_24.20_24.25_24.30_24.35_,27_68_53_25_21_,24.10_24.05_24.00_23.95_23.90_,76_36_55_23_249_
13:07:02,24.15,5,21614,24.15_24.20_24.25_24.30_24.35_,30_68_53_25_21_,24.10_24.05_24.00_23.95_23.90_,76_36_56_23_249_
13:07:07,24.10,3,21617,24.15_24.20_24.25_24.30_24.35_,31_68_54_25_21_,24.10_24.05_24.00_23.95_23.90_,74_36_56_23_249_
13:07:12,24.10,3,21617,24.15_24.20_24.25_24.30_24.35_,32_68_54_25_21_,24.10_24.05_24.00_23.95_23.90_,75_36_56_25_249_
13:07:17,24.10,2,21619,24.15_24.20_24.25_24.30_24.35_,34_68_54_25_21_,24.10_24.05_24.00_23.95_23.90_,75_36_56_25_249_
13:07:22,24.15,2,21621,24.15_24.20_24.25_24.30_24.35_,33_68_54_25_21_,24.10_24.05_24.00_23.95_23.90_,78_36_56_25_249_
13:07:27,24.15,2,21621,24.15_24.20_24.25_24.30_24.35_,33_68_54_25_21_,24.10_24.05_24.00_23.95_23.90_,80_36_56_25_249_
13:07:38,24.15,1,21622,24.15_24.20_24.25_24.30_24.35_,34_68_54_25_21_,24.10_24.05_24.00_23.95_23.90_,80_36_56_25_249_
13:07:48,24.15,8,21630,24.15_24.20_24.25_24.30_24.35_,53_68_54_25_21_,24.10_24.05_24.00_23.95_23.90_,88_7_56_37_249_
13:07:53,24.15,27,21657,24.15_24.20_24.25_24.30_24.35_,26_68_54_25_21_,24.10_24.05_24.00_23.95_23.90_,88_7_57_37_249_
13:07:58,24.15,27,21657,24.15_24.20_24.25_24.30_24.35_,27_68_54_25_21_,24.10_24.05_24.00_23.95_23.90_,88_7_57_38_249_
13:08:08,24.10,10,21670,24.15_24.20_24.25_24.30_24.35_,44_68_54_25_22_,24.10_24.05_24.00_23.95_23.90_,78_7_57_38_249_
13:08:13,24.10,10,21670,24.15_24.20_24.25_24.30_24.35_,46_68_54_25_22_,24.10_24.05_24.00_23.95_23.90_,78_7_57_38_249_
13:09:15,24.10,5,21761,24.10_24.15_24.20_24.25_24.30_,27_69_65_54_25_,24.05_24.00_23.95_23.90_23.85_,3_45_38_261_195_
13:09:20,24.10,10,21771,24.10_24.15_24.20_24.25_24.30_,8_69_65_54_25_,24.05_24.00_23.95_23.90_23.85_,3_45_38_261_195_
13:10:01,24.05,7,21792,24.05_24.10_24.15_24.20_24.25_,4_12_70_66_52_,24.00_23.95_23.90_23.85_23.80_,47_38_261_195_1466_
13:10:06,24.05,7,21792,24.05_24.10_24.15_24.20_24.25_,4_23_70_65_52_,24.00_23.95_23.90_23.85_23.80_,48_38_261_195_1466_
13:10:11,24.05,1,21793,24.05_24.10_24.15_24.20_24.25_,3_24_70_65_52_,24.00_23.95_23.90_23.85_23.80_,49_38_261_195_1466_
13:14:17,24.00,8,22011,24.05_24.10_24.15_24.20_24.25_,10_50_93_62_52_,24.00_23.95_23.90_23.85_23.80_,67_38_261_194_1449_
13:14:22,24.00,17,22028,24.05_24.10_24.15_24.20_24.25_,36_49_93_62_52_,24.00_23.95_23.90_23.85_23.80_,50_38_261_194_1449_
13:14:28,24.00,4,22032,24.05_24.10_24.15_24.20_24.25_,38_49_93_62_52_,24.00_23.95_23.90_23.85_23.80_,46_38_261_194_1449_
13:15:55,24.00,22,22155,24.05_24.10_24.15_24.20_24.25_,35_43_94_61_52_,24.00_23.95_23.90_23.85_23.80_,2_25_262_196_1449_
13:16:51,24.00,5,22192,24.05_24.10_24.15_24.20_24.25_,5_58_94_67_52_,24.00_23.95_23.90_23.85_23.80_,28_42_262_178_1451_
13:16:56,24.00,2,22194,24.05_24.10_24.15_24.20_24.25_,5_58_94_67_52_,24.00_23.95_23.90_23.85_23.80_,26_42_262_179_1452_
13:17:01,24.00,27,22221,24.00_24.05_24.10_24.15_24.20_,3_5_58_94_67_,23.95_23.90_23.85_23.80_,42_262_181_1452_
13:17:07,24.00,27,22221,24.00_24.05_24.10_24.15_24.20_,5_3_58_94_67_,23.95_23.90_23.85_23.80_,32_262_193_1452_
13:17:12,24.00,1,22222,24.00_24.05_24.10_24.15_24.20_,7_3_58_94_67_,23.95_23.90_23.85_23.80_,33_262_193_1451_
13:17:17,23.95,23,22245,24.00_24.05_24.10_24.15_24.20_,7_6_58_94_67_,23.95_23.90_23.85_23.80_,11_262_193_1451_
13:17:22,23.95,4,22249,24.00_24.05_24.10_24.15_24.20_,10_6_58_94_67_,23.95_23.90_23.85_23.80_,8_262_193_1451_
13:17:27,23.95,4,22249,24.00_24.05_24.10_24.15_24.20_,11_8_58_94_67_,23.95_23.90_23.85_23.80_,8_262_193_1451_
13:17:32,23.95,1,22250,24.00_24.05_24.10_24.15_24.20_,11_8_59_93_67_,23.95_23.90_23.85_23.80_,8_262_193_1451_
13:17:37,23.95,3,22253,24.00_24.05_24.10_24.15_24.20_,17_9_59_93_67_,23.95_23.90_23.85_23.80_,5_262_193_1451_
13:18:03,24.00,6,22282,24.05_24.10_24.15_24.20_24.25_,9_58_93_67_52_,24.00_23.95_23.90_23.85_23.80_,2_10_262_193_1453_
13:21:07,23.90,19,22673,23.95_24.00_24.05_24.10_24.15_,39_80_43_89_89_,23.90_23.85_23.80_,20_179_1434_
13:21:12,23.90,19,22673,23.95_24.00_24.05_24.10_24.15_,39_80_43_89_89_,23.90_23.85_23.80_,25_179_1433_
13:21:23,23.90,7,22684,23.95_24.00_24.05_24.10_24.15_,35_80_43_90_89_,23.90_23.85_23.80_,28_179_1422_
13:22:24,23.90,10,22760,23.90_23.95_24.00_24.05_24.10_,80_29_69_38_89_,23.85_23.80_,181_1431_
13:22:40,23.90,2,22783,23.90_23.95_24.00_24.05_24.10_,93_17_69_38_89_,23.85_23.80_,162_1434_
13:22:45,23.90,3,22786,23.90_23.95_24.00_24.05_24.10_,93_16_69_38_89_,23.85_23.80_,162_1434_
13:22:50,23.85,6,22792,23.90_23.95_24.00_24.05_24.10_,103_16_69_38_89_,23.85_23.80_,156_1433_
13:22:55,23.90,6,22798,23.90_23.95_24.00_24.05_24.10_,102_16_69_38_89_,23.85_23.80_,156_1433_
13:23:00,23.85,14,22812,23.90_23.95_24.00_24.05_24.10_,107_11_69_38_89_,23.85_23.80_,144_1429_
13:23:05,23.85,2,22814,23.90_23.95_24.00_24.05_24.10_,110_11_69_38_89_,23.85_23.80_,143_1429_
13:23:10,23.85,3,22817,23.90_23.95_24.00_24.05_24.10_,109_10_69_38_89_,23.85_23.80_,141_1423_
13:23:15,23.90,12,22829,23.90_23.95_24.00_24.05_24.10_,97_9_69_38_89_,23.85_23.80_,140_1423_
13:23:26,23.85,10,22857,23.90_23.95_24.00_24.05_24.10_,97_9_69_38_89_,23.85_23.80_,133_1422_
13:23:41,23.85,10,22872,23.90_23.95_24.00_24.05_24.10_,87_9_68_38_89_,23.85_23.80_,143_1413_
13:24:02,23.90,2,22912,23.90_23.95_24.00_24.05_24.10_,78_9_68_38_89_,23.85_23.80_,152_1411_
13:24:07,23.85,3,22915,23.90_23.95_24.00_24.05_24.10_,78_9_68_38_89_,23.85_23.80_,152_1408_
13:24:12,23.85,112,23027,23.90_23.95_24.00_24.05_24.10_,78_9_68_38_89_,23.85_23.80_,45_1399_
13:24:17,23.85,27,23054,23.90_23.95_24.00_24.05_24.10_,77_9_68_38_89_,23.85_23.80_,19_1397_
13:24:22,23.85,15,23069,23.90_23.95_24.00_24.05_24.10_,74_9_68_38_89_,23.85_23.80_,17_1397_
13:24:27,23.85,4,23073,23.90_23.95_24.00_24.05_24.10_,74_9_68_38_89_,23.85_23.80_,38_1398_
13:24:32,23.85,4,23077,23.90_23.95_24.00_24.05_24.10_,74_9_68_38_89_,23.85_23.80_,38_1401_
13:25:15,23.90,15,23132,23.90_23.95_24.00_24.05_24.10_,35_10_54_39_64_,23.80_,1333_
13:25:20,23.90,15,23132,23.85_23.90_23.95_24.00_24.05_,2_35_10_29_39_,23.80_,1256_
13:25:56,23.90,15,23132,23.85_23.90_23.95_24.00_24.05_,2_39_10_42_39_,23.80_,1200_
13:26:01,23.90,15,23132,23.85_23.90_23.95_24.00_24.05_,2_39_10_42_39_,23.80_,1194_
13:26:06,23.90,15,23132,23.85_23.90_23.95_24.00_24.05_,2_39_10_44_39_,23.80_,1203_
13:26:32,23.90,15,23132,23.85_23.90_23.95_24.00_24.05_,2_39_20_42_39_,23.80_,824_
13:27:28,23.90,15,23132,23.85_23.90_23.95_24.00_24.05_,11_36_20_40_38_,23.80_,865_
13:27:33,23.90,15,23132,23.85_23.90_23.95_24.00_24.05_,11_36_20_40_38_,23.80_,867_
13:27:38,23.90,15,23132,23.85_23.90_23.95_24.00_24.05_,11_36_20_40_38_,23.80_,864_
13:27:43,23.90,15,23132,23.85_23.90_23.95_24.00_24.05_,11_36_20_40_38_,23.80_,862_
13:29:36,23.90,15,23132,23.85_23.90_23.95_24.00_24.05_,17_27_18_43_38_,23.80_,1130_
13:29:41,23.90,15,23132,23.85_23.90_23.95_24.00_24.05_,17_27_18_43_38_,23.80_,1116_
13:30:00,23.80,1358,24490,23.85_23.90_23.95_24.00_24.05_,20_25_13_43_38_,23.80_,989_
