09:03:21,15.00,13,610,15.00_15.05_15.10_15.15_15.20_,24_171_105_27_124_,14.95_14.90_14.85_14.80_14.75_,93_796_103_308_84_
09:03:26,15.00,13,610,15.00_15.05_15.10_15.15_15.20_,27_171_105_27_124_,14.95_14.90_14.85_14.80_14.75_,93_796_103_308_84_
09:03:31,15.00,13,610,15.00_15.05_15.10_15.15_15.20_,27_171_105_27_124_,14.95_14.90_14.85_14.80_14.75_,96_796_103_308_84_
09:03:41,15.00,5,616,15.00_15.05_15.10_15.15_15.20_,24_171_105_27_124_,14.95_14.90_14.85_14.80_14.75_,98_801_103_308_84_
09:03:46,15.00,5,621,15.00_15.05_15.10_15.15_15.20_,22_171_105_27_124_,14.95_14.90_14.85_14.80_14.75_,98_801_104_308_84_
09:04:07,15.00,11,652,15.00_15.05_15.10_15.15_15.20_,22_176_105_27_124_,14.95_14.90_14.85_14.80_14.75_,88_802_104_308_84_
09:04:12,15.00,11,652,15.00_15.05_15.10_15.15_15.20_,27_176_105_27_124_,14.95_14.90_14.85_14.80_14.75_,98_799_104_308_84_
09:04:53,15.00,6,671,15.00_15.05_15.10_15.15_15.20_,18_176_105_27_124_,14.95_14.90_14.85_14.80_14.75_,102_811_104_314_86_
09:04:58,15.00,6,677,15.00_15.05_15.10_15.15_15.20_,15_176_105_27_124_,14.95_14.90_14.85_14.80_14.75_,105_811_104_314_86_
09:05:03,15.00,1,678,15.00_15.05_15.10_15.15_15.20_,14_176_105_27_124_,14.95_14.90_14.85_14.80_14.75_,105_812_104_314_86_
09:05:08,15.00,1,679,15.00_15.05_15.10_15.15_15.20_,17_176_105_27_124_,14.95_14.90_14.85_14.80_14.75_,110_812_104_314_86_
09:05:19,14.95,142,823,14.95_15.00_15.05_15.10_15.15_,3_60_176_105_29_,14.90_14.85_14.80_14.75_14.70_,817_104_314_87_164_
09:05:49,14.95,7,865,15.00_15.05_15.10_15.15_15.20_,67_176_106_29_124_,14.95_14.90_14.85_14.80_14.75_,14_824_104_323_87_
09:05:54,14.95,7,865,15.00_15.05_15.10_15.15_15.20_,69_176_106_29_124_,14.95_14.90_14.85_14.80_14.75_,15_824_104_323_87_
09:06:00,14.95,9,874,15.00_15.05_15.10_15.15_15.20_,69_176_106_29_124_,14.95_14.90_14.85_14.80_14.75_,6_824_104_323_87_
09:06:05,14.95,9,874,15.00_15.05_15.10_15.15_15.20_,73_176_106_29_124_,14.95_14.90_14.85_14.80_14.75_,6_824_104_323_87_
09:06:15,14.95,6,880,14.95_15.00_15.05_15.10_15.15_,20_54_176_106_29_,14.90_14.85_14.80_14.75_14.70_,826_105_266_141_164_
09:06:20,14.95,6,880,14.95_15.00_15.05_15.10_15.15_,24_52_176_106_29_,14.90_14.85_14.80_14.75_14.70_,826_105_266_141_164_
09:06:25,14.95,6,880,14.95_15.00_15.05_15.10_15.15_,26_52_176_106_29_,14.90_14.85_14.80_14.75_14.70_,826_105_266_141_164_
09:06:30,14.95,6,880,14.95_15.00_15.05_15.10_15.15_,29_52_176_106_29_,14.90_14.85_14.80_14.75_14.70_,828_105_266_141_164_
09:06:41,14.95,1,881,14.95_15.00_15.05_15.10_15.15_,29_51_176_106_29_,14.90_14.85_14.80_14.75_14.70_,828_105_266_141_170_
09:08:03,14.90,40,972,14.95_15.00_15.05_15.10_15.15_,75_26_176_116_29_,14.90_14.85_14.80_14.75_14.70_,640_108_266_146_222_
09:08:08,14.95,5,977,14.95_15.00_15.05_15.10_15.15_,70_26_176_116_29_,14.90_14.85_14.80_14.75_14.70_,645_108_266_146_222_
09:08:13,14.95,5,977,14.95_15.00_15.05_15.10_15.15_,70_26_176_116_29_,14.90_14.85_14.80_14.75_14.70_,650_108_266_146_222_
09:08:18,14.95,5,977,14.95_15.00_15.05_15.10_15.15_,70_26_176_116_29_,14.90_14.85_14.80_14.75_14.70_,650_109_266_146_222_
09:08:49,14.95,10,995,14.95_15.00_15.05_15.10_15.15_,88_26_176_114_27_,14.90_14.85_14.80_14.75_14.70_,670_107_266_146_223_
09:09:25,14.95,10,995,14.95_15.00_15.05_15.10_15.15_,245_28_184_114_27_,14.90_14.85_14.80_14.75_14.70_,669_117_268_146_223_
09:09:35,14.95,4,999,14.95_15.00_15.05_15.10_15.15_,244_28_184_114_27_,14.90_14.85_14.80_14.75_14.70_,670_122_258_146_233_
09:10:21,14.95,5,1009,14.95_15.00_15.05_15.10_15.15_,251_28_194_114_27_,14.90_14.85_14.80_14.75_14.70_,683_256_250_147_245_
09:11:22,14.90,7,1026,14.95_15.00_15.05_15.10_15.15_,313_28_194_114_27_,14.90_14.85_14.80_14.75_14.70_,677_269_260_146_245_
09:11:53,14.90,5,1031,14.95_15.00_15.05_15.10_15.15_,313_28_194_114_27_,14.90_14.85_14.80_14.75_14.70_,682_269_260_146_245_
09:11:58,14.90,5,1031,14.95_15.00_15.05_15.10_15.15_,313_28_194_114_27_,14.90_14.85_14.80_14.75_14.70_,687_269_260_146_245_
09:12:03,14.90,5,1031,14.95_15.00_15.05_15.10_15.15_,313_28_194_114_27_,14.90_14.85_14.80_14.75_14.70_,687_271_260_146_245_
09:13:25,14.95,20,1084,14.95_15.00_15.05_15.10_15.15_,311_28_194_114_27_,14.90_14.85_14.80_14.75_14.70_,688_272_261_146_245_
09:13:31,14.90,6,1090,14.95_15.00_15.05_15.10_15.15_,314_28_194_114_27_,14.90_14.85_14.80_14.75_14.70_,692_292_261_146_245_
09:13:36,14.90,5,1095,14.95_15.00_15.05_15.10_15.15_,314_28_194_114_27_,14.90_14.85_14.80_14.75_14.70_,687_293_261_146_245_
09:13:41,14.90,5,1095,14.95_15.00_15.05_15.10_15.15_,314_28_194_114_27_,14.90_14.85_14.80_14.75_14.70_,686_293_261_146_245_
09:13:46,14.90,5,1095,14.95_15.00_15.05_15.10_15.15_,314_28_194_115_27_,14.90_14.85_14.80_14.75_14.70_,686_296_261_146_245_
09:14:32,14.95,5,1100,14.95_15.00_15.05_15.10_15.15_,327_23_194_115_27_,14.90_14.85_14.80_14.75_14.70_,798_295_261_146_245_
09:14:42,14.95,1,1101,14.95_15.00_15.05_15.10_15.15_,326_23_194_115_27_,14.90_14.85_14.80_14.75_14.70_,798_295_261_148_249_
09:14:48,14.95,1,1101,14.95_15.00_15.05_15.10_15.15_,326_23_194_115_27_,14.90_14.85_14.80_14.75_14.70_,798_296_261_148_254_
09:14:53,14.95,1,1102,14.95_15.00_15.05_15.10_15.15_,325_23_194_115_27_,14.90_14.85_14.80_14.75_14.70_,798_296_261_148_254_
09:14:58,14.90,6,1108,14.95_15.00_15.05_15.10_15.15_,326_23_194_115_27_,14.90_14.85_14.80_14.75_14.70_,792_296_261_148_254_
09:15:03,14.90,6,1108,14.95_15.00_15.05_15.10_15.15_,326_23_194_115_27_,14.90_14.85_14.80_14.75_14.70_,792_296_263_148_254_
09:15:13,14.90,6,1108,14.95_15.00_15.05_15.10_15.15_,326_23_194_115_27_,14.90_14.85_14.80_14.75_14.70_,793_296_263_148_254_
09:15:49,14.95,12,1143,14.95_15.00_15.05_15.10_15.15_,300_23_194_117_27_,14.90_14.85_14.80_14.75_14.70_,682_297_263_148_254_
09:15:54,14.95,12,1143,14.95_15.00_15.05_15.10_15.15_,300_23_194_117_27_,14.90_14.85_14.80_14.75_14.70_,681_297_263_148_254_
09:15:59,14.95,12,1143,14.95_15.00_15.05_15.10_15.15_,300_23_194_117_27_,14.90_14.85_14.80_14.75_14.70_,685_307_263_148_254_
09:16:10,14.95,12,1143,14.95_15.00_15.05_15.10_15.15_,305_23_194_117_27_,14.90_14.85_14.80_14.75_14.70_,691_307_263_148_254_
09:19:29,14.95,5,1606,14.95_15.00_15.05_15.10_15.15_,57_34_194_118_60_,14.90_14.85_14.80_14.75_14.70_,728_312_263_159_260_
09:19:34,14.95,3,1609,14.95_15.00_15.05_15.10_15.15_,55_34_194_118_60_,14.90_14.85_14.80_14.75_14.70_,728_313_264_159_260_
09:19:40,14.95,5,1614,14.95_15.00_15.05_15.10_15.15_,50_35_194_118_60_,14.90_14.85_14.80_14.75_14.70_,729_313_264_159_260_
09:19:45,14.95,5,1614,14.95_15.00_15.05_15.10_15.15_,53_35_194_118_60_,14.90_14.85_14.80_14.75_14.70_,729_313_264_159_260_
09:19:50,14.95,6,1620,14.95_15.00_15.05_15.10_15.15_,47_35_194_118_60_,14.90_14.85_14.80_14.75_14.70_,729_313_264_159_260_
09:19:55,14.95,1,1621,14.95_15.00_15.05_15.10_15.15_,46_35_194_118_60_,14.90_14.85_14.80_14.75_14.70_,729_313_264_159_260_
09:20:00,14.95,2,1623,14.95_15.00_15.05_15.10_15.15_,44_35_194_120_60_,14.90_14.85_14.80_14.75_14.70_,730_312_264_159_260_
09:20:05,14.95,3,1626,14.95_15.00_15.05_15.10_15.15_,41_35_194_120_60_,14.90_14.85_14.80_14.75_14.70_,730_312_264_159_260_
09:20:10,14.95,3,1626,14.95_15.00_15.05_15.10_15.15_,44_35_194_120_60_,14.90_14.85_14.80_14.75_14.70_,730_312_264_159_260_
09:20:15,14.95,3,1626,14.95_15.00_15.05_15.10_15.15_,47_35_194_120_60_,14.90_14.85_14.80_14.75_14.70_,730_312_264_159_260_
09:20:51,14.95,1,1628,14.95_15.00_15.05_15.10_15.15_,55_40_200_120_60_,14.90_14.85_14.80_14.75_14.70_,831_312_264_159_260_
09:20:56,14.95,12,1640,14.95_15.00_15.05_15.10_15.15_,43_40_200_120_60_,14.90_14.85_14.80_14.75_14.70_,831_332_264_159_260_
09:21:01,14.95,12,1640,14.95_15.00_15.05_15.10_15.15_,43_40_205_120_60_,14.90_14.85_14.80_14.75_14.70_,831_332_264_159_260_
09:21:07,14.95,12,1640,14.95_15.00_15.05_15.10_15.15_,47_40_205_120_60_,14.90_14.85_14.80_14.75_14.70_,842_332_264_159_260_
09:21:27,14.95,2,1642,14.95_15.00_15.05_15.10_15.15_,47_40_205_120_60_,14.90_14.85_14.80_14.75_14.70_,843_332_264_159_260_
09:21:32,14.95,2,1642,14.95_15.00_15.05_15.10_15.15_,47_40_205_120_60_,14.90_14.85_14.80_14.75_14.70_,843_333_264_159_260_
09:21:42,14.95,2,1642,14.95_15.00_15.05_15.10_15.15_,47_40_205_120_60_,14.90_14.85_14.80_14.75_14.70_,848_333_264_159_260_
09:22:13,14.90,9,1669,14.95_15.00_15.05_15.10_15.15_,57_40_205_120_60_,14.90_14.85_14.80_14.75_14.70_,830_333_266_159_260_
09:24:11,14.95,1,1717,14.95_15.00_15.05_15.10_15.15_,60_34_195_121_71_,14.90_14.85_14.80_14.75_14.70_,831_334_274_159_262_
09:24:42,14.95,21,1751,14.95_15.00_15.05_15.10_15.15_,31_29_195_121_71_,14.90_14.85_14.80_14.75_14.70_,841_352_274_159_262_
09:24:52,14.95,21,1751,14.95_15.00_15.05_15.10_15.15_,33_29_195_121_71_,14.90_14.85_14.80_14.75_14.70_,841_352_274_159_262_
09:25:07,14.90,12,1772,14.95_15.00_15.05_15.10_15.15_,35_29_195_121_71_,14.90_14.85_14.80_14.75_14.70_,830_352_274_159_262_
09:25:12,14.95,30,1802,14.95_15.00_15.05_15.10_15.15_,14_29_195_121_71_,14.90_14.85_14.80_14.75_14.70_,835_352_274_159_262_
09:25:18,14.95,30,1802,14.95_15.00_15.05_15.10_15.15_,17_29_195_121_71_,14.90_14.85_14.80_14.75_14.70_,835_353_274_159_262_
09:25:23,14.90,4,1806,14.95_15.00_15.05_15.10_15.15_,17_29_195_121_71_,14.90_14.85_14.80_14.75_14.70_,831_353_274_159_262_
09:25:28,14.95,10,1816,14.95_15.00_15.05_15.10_15.15_,7_29_195_121_71_,14.90_14.85_14.80_14.75_14.70_,831_353_274_159_262_
09:25:33,14.95,5,1821,14.95_15.00_15.05_15.10_15.15_,2_26_195_121_71_,14.90_14.85_14.80_14.75_14.70_,831_353_274_159_262_
09:26:19,14.95,2,1829,14.95_15.00_15.05_15.10_15.15_,18_46_195_137_71_,14.90_14.85_14.80_14.75_14.70_,838_352_274_160_262_
09:30:35,14.95,29,2011,14.95_15.00_15.05_15.10_15.15_,99_58_185_137_72_,14.90_14.85_14.80_14.75_14.70_,839_354_278_204_262_
09:31:00,14.95,1,2111,14.95_15.00_15.05_15.10_15.15_,6_58_185_137_72_,14.90_14.85_14.80_14.75_14.70_,840_365_290_216_260_
09:31:05,14.95,1,2111,14.95_15.00_15.05_15.10_15.15_,8_58_185_137_72_,14.90_14.85_14.80_14.75_14.70_,840_365_290_216_260_
09:31:11,14.95,1,2111,14.95_15.00_15.05_15.10_15.15_,8_58_185_137_72_,14.90_14.85_14.80_14.75_14.70_,841_365_290_216_260_
09:31:16,14.95,2,2113,14.95_15.00_15.05_15.10_15.15_,6_58_185_137_72_,14.90_14.85_14.80_14.75_14.70_,841_365_290_216_260_
09:31:21,14.95,2,2113,14.95_15.00_15.05_15.10_15.15_,8_51_197_137_72_,14.90_14.85_14.80_14.75_14.70_,841_365_290_216_260_
09:31:26,14.95,2,2113,14.95_15.00_15.05_15.10_15.15_,8_51_197_137_72_,14.90_14.85_14.80_14.75_14.70_,841_366_290_216_260_
09:31:31,14.95,5,2118,14.95_15.00_15.05_15.10_15.15_,3_51_197_137_72_,14.90_14.85_14.80_14.75_14.70_,842_366_290_216_260_
09:31:36,14.95,3,2121,14.95_15.00_15.05_15.10_15.15_,1_46_197_137_72_,14.90_14.85_14.80_14.75_14.70_,842_366_290_216_260_
09:31:41,14.95,2,2123,15.00_15.05_15.10_15.15_15.20_,61_185_137_72_106_,14.95_14.90_14.85_14.80_14.75_,8_847_366_290_216_
09:32:22,14.95,10,2162,14.95_15.00_15.05_15.10_15.15_,10_72_197_137_72_,14.90_14.85_14.80_14.75_14.70_,854_365_373_107_260_
09:32:27,14.95,1,2163,15.00_15.05_15.10_15.15_15.20_,83_185_137_72_106_,14.90_14.85_14.80_14.75_14.70_,854_365_290_184_260_
09:32:32,14.95,1,2163,15.00_15.05_15.10_15.15_15.20_,72_197_137_72_106_,14.90_14.85_14.80_14.75_14.70_,854_365_367_107_260_
09:32:38,14.95,1,2163,15.00_15.05_15.10_15.15_15.20_,72_197_137_72_106_,14.95_14.90_14.85_14.80_14.75_,20_866_365_367_95_
09:32:43,14.95,21,2184,14.95_15.00_15.05_15.10_15.15_,19_80_197_137_72_,14.90_14.85_14.80_14.75_14.70_,841_365_369_107_260_
09:32:48,15.00,3,2187,15.00_15.05_15.10_15.15_15.20_,82_185_137_72_106_,14.90_14.85_14.80_14.75_14.70_,842_365_290_186_260_
09:33:19,14.95,2,2206,15.00_15.05_15.10_15.15_15.20_,83_197_137_72_106_,14.95_14.90_14.85_14.80_14.75_,12_855_366_384_93_
09:33:55,14.95,1,2228,14.95_15.00_15.05_15.10_15.15_,55_50_197_137_72_,14.90_14.85_14.80_14.75_14.70_,848_365_288_198_260_
09:34:00,14.95,2,2230,14.95_15.00_15.05_15.10_15.15_,54_62_185_137_72_,14.90_14.85_14.80_14.75_14.70_,848_365_288_198_260_
09:34:25,14.95,2,2230,14.95_15.00_15.05_15.10_15.15_,66_65_185_138_72_,14.90_14.85_14.80_14.75_14.70_,848_365_288_198_260_
09:34:36,14.95,2,2230,14.95_15.00_15.05_15.10_15.15_,66_65_185_138_72_,14.90_14.85_14.80_14.75_14.70_,918_365_288_198_260_
09:34:41,14.95,2,2230,14.95_15.00_15.05_15.10_15.15_,69_65_189_140_72_,14.90_14.85_14.80_14.75_14.70_,918_365_288_198_260_
09:34:51,14.95,2,2230,14.95_15.00_15.05_15.10_15.15_,69_65_189_140_72_,14.90_14.85_14.80_14.75_14.70_,919_366_288_198_260_
09:34:56,14.95,2,2232,14.95_15.00_15.05_15.10_15.15_,67_65_189_140_72_,14.90_14.85_14.80_14.75_14.70_,919_366_288_198_260_
09:35:01,14.95,2,2232,14.95_15.00_15.05_15.10_15.15_,67_53_201_140_72_,14.90_14.85_14.80_14.75_14.70_,919_366_288_198_260_
09:35:06,14.95,2,2232,14.95_15.00_15.05_15.10_15.15_,70_53_201_140_72_,14.90_14.85_14.80_14.75_14.70_,919_366_288_198_260_
09:35:12,14.95,5,2237,14.95_15.00_15.05_15.10_15.15_,67_53_201_140_72_,14.90_14.85_14.80_14.75_14.70_,919_366_289_198_260_
09:35:17,14.95,5,2237,14.95_15.00_15.05_15.10_15.15_,67_48_197_140_72_,14.90_14.85_14.80_14.75_14.70_,919_367_289_198_260_
09:36:08,14.95,15,2262,14.95_15.00_15.05_15.10_15.15_,103_71_189_140_72_,14.90_14.85_14.80_14.75_14.70_,919_366_289_198_265_
09:36:13,14.95,15,2262,14.95_15.00_15.05_15.10_15.15_,104_71_189_140_72_,14.90_14.85_14.80_14.75_14.70_,919_366_289_198_265_
09:36:18,14.95,5,2267,14.95_15.00_15.05_15.10_15.15_,99_71_189_140_72_,14.90_14.85_14.80_14.75_14.70_,920_366_289_198_265_
09:36:23,14.95,5,2267,14.95_15.00_15.05_15.10_15.15_,101_71_189_140_72_,14.90_14.85_14.80_14.75_14.70_,920_366_289_198_265_
09:36:28,14.95,5,2267,14.95_15.00_15.05_15.10_15.15_,101_71_189_140_72_,14.90_14.85_14.80_14.75_14.70_,925_366_289_198_265_
09:37:15,14.95,22,2357,14.95_15.00_15.05_15.10_15.15_,78_70_185_140_72_,14.90_14.85_14.80_14.75_14.70_,885_368_290_198_265_
09:37:20,14.95,2,2359,14.95_15.00_15.05_15.10_15.15_,77_70_185_140_72_,14.90_14.85_14.80_14.75_14.70_,887_368_291_198_265_
09:37:25,14.95,1,2360,14.95_15.00_15.05_15.10_15.15_,86_70_185_140_72_,14.90_14.85_14.80_14.75_14.70_,882_368_292_198_265_
09:38:16,14.90,2,2376,14.95_15.00_15.05_15.10_15.15_,109_70_185_150_72_,14.90_14.85_14.80_14.75_14.70_,889_367_293_198_265_
09:38:21,14.90,1,2377,14.95_15.00_15.05_15.10_15.15_,109_70_185_150_72_,14.90_14.85_14.80_14.75_14.70_,892_367_293_198_265_
09:38:26,14.95,5,2382,14.95_15.00_15.05_15.10_15.15_,104_70_185_150_73_,14.90_14.85_14.80_14.75_14.70_,897_367_294_198_265_
09:40:19,14.95,4,2549,15.00_15.05_15.10_15.15_15.20_,103_202_152_73_126_,14.95_14.90_14.85_14.80_14.75_,79_999_371_374_94_
09:40:29,14.95,5,2555,15.00_15.05_15.10_15.15_15.20_,103_202_152_73_127_,14.95_14.90_14.85_14.80_14.75_,99_999_371_374_94_
09:40:34,15.00,2,2557,15.00_15.05_15.10_15.15_15.20_,101_202_152_73_127_,14.95_14.90_14.85_14.80_14.75_,109_999_371_374_94_
09:40:39,15.00,2,2557,15.00_15.05_15.10_15.15_15.20_,102_202_152_73_127_,14.95_14.90_14.85_14.80_14.75_,111_999_371_374_94_
09:43:18,14.95,22,2922,14.95_15.00_15.05_15.10_15.15_,41_58_185_152_74_,14.90_14.85_14.80_14.75_14.70_,946_363_318_157_265_
09:43:23,14.95,22,2922,14.95_15.00_15.05_15.10_15.15_,41_58_185_152_74_,14.90_14.85_14.80_14.75_14.70_,984_363_318_159_265_
09:44:30,14.95,4,2958,14.95_15.00_15.05_15.10_15.15_,22_61_185_152_74_,14.90_14.85_14.80_14.75_14.70_,985_362_318_159_353_
09:45:31,14.95,5,3007,14.95_15.00_15.05_15.10_15.15_,31_61_185_152_74_,14.90_14.85_14.80_14.75_14.70_,994_367_318_159_263_
09:45:41,14.95,4,3011,14.95_15.00_15.05_15.10_15.15_,27_61_185_152_74_,14.90_14.85_14.80_14.75_14.70_,1006_367_318_147_263_
09:45:47,14.95,5,3016,14.95_15.00_15.05_15.10_15.15_,22_61_185_152_74_,14.90_14.85_14.80_14.75_14.70_,1006_367_318_147_263_
09:45:52,14.95,4,3020,14.95_15.00_15.05_15.10_15.15_,21_61_185_152_74_,14.90_14.85_14.80_14.75_14.70_,1006_367_319_147_263_
09:45:57,14.95,5,3025,14.95_15.00_15.05_15.10_15.15_,16_61_185_152_74_,14.90_14.85_14.80_14.75_14.70_,1005_367_319_147_263_
09:46:07,14.95,5,3030,14.95_15.00_15.05_15.10_15.15_,12_61_185_152_74_,14.90_14.85_14.80_14.75_14.70_,1005_367_319_147_263_
09:46:12,14.95,5,3030,14.95_15.00_15.05_15.10_15.15_,14_61_185_152_74_,14.90_14.85_14.80_14.75_14.70_,1011_367_319_147_263_
09:47:14,14.95,2,3065,14.95_15.00_15.05_15.10_15.15_,17_58_185_152_73_,14.90_14.85_14.80_14.75_14.70_,1020_371_321_147_303_
09:47:45,14.95,8,3079,14.95_15.00_15.05_15.10_15.15_,13_58_185_152_73_,14.90_14.85_14.80_14.75_14.70_,1016_371_321_147_303_
09:47:50,14.95,2,3081,14.95_15.00_15.05_15.10_15.15_,11_58_185_152_73_,14.90_14.85_14.80_14.75_14.70_,1016_371_321_147_303_
09:50:54,14.90,7,3152,14.95_15.00_15.05_15.10_15.15_,19_58_185_153_73_,14.90_14.85_14.80_14.75_14.70_,977_375_332_147_305_
09:50:59,14.95,10,3162,14.95_15.00_15.05_15.10_15.15_,11_58_185_153_73_,14.90_14.85_14.80_14.75_14.70_,1025_375_332_147_305_
09:51:04,14.95,10,3162,14.95_15.00_15.05_15.10_15.15_,15_58_185_153_73_,14.90_14.85_14.80_14.75_14.70_,1026_375_332_147_305_
09:51:09,14.95,10,3162,14.95_15.00_15.05_15.10_15.15_,17_58_185_153_73_,14.90_14.85_14.80_14.75_14.70_,1026_375_332_147_305_
09:51:25,14.95,2,3164,14.95_15.00_15.05_15.10_15.15_,16_58_185_153_73_,14.90_14.85_14.80_14.75_14.70_,1027_455_332_147_305_
09:51:35,14.95,1,3165,14.95_15.00_15.05_15.10_15.15_,18_58_185_153_73_,14.90_14.85_14.80_14.75_14.70_,1026_455_332_147_305_
09:51:40,14.95,1,3165,14.95_15.00_15.05_15.10_15.15_,19_58_185_153_73_,14.90_14.85_14.80_14.75_14.70_,1036_455_332_147_305_
09:51:45,14.95,1,3166,14.95_15.00_15.05_15.10_15.15_,19_58_185_153_73_,14.90_14.85_14.80_14.75_14.70_,1036_455_332_147_305_
09:52:26,14.95,9,3178,14.95_15.00_15.05_15.10_15.15_,8_60_185_153_73_,14.90_14.85_14.80_14.75_14.70_,998_502_332_147_305_
09:52:31,14.95,1,3179,14.95_15.00_15.05_15.10_15.15_,10_58_185_153_73_,14.90_14.85_14.80_14.75_14.70_,998_502_332_147_305_
09:52:36,14.95,2,3181,14.95_15.00_15.05_15.10_15.15_,8_58_185_153_73_,14.90_14.85_14.80_14.75_14.70_,998_502_332_147_305_
09:52:57,14.95,5,3187,15.00_15.05_15.10_15.15_15.20_,69_185_153_73_126_,14.95_14.90_14.85_14.80_14.75_,12_999_501_408_86_
09:53:02,15.00,5,3192,15.00_15.05_15.10_15.15_15.20_,66_185_153_73_126_,14.95_14.90_14.85_14.80_14.75_,25_999_454_408_86_
09:53:07,14.95,8,3200,15.00_15.05_15.10_15.15_15.20_,66_185_153_73_126_,14.95_14.90_14.85_14.80_14.75_,17_999_454_408_86_
09:53:12,14.95,6,3206,15.00_15.05_15.10_15.15_15.20_,66_185_153_73_126_,14.95_14.90_14.85_14.80_14.75_,11_1108_454_408_86_
09:53:17,14.95,6,3206,15.00_15.05_15.10_15.15_15.20_,66_185_153_73_126_,14.95_14.90_14.85_14.80_14.75_,10_1109_453_408_86_
09:53:22,14.95,9,3215,15.00_15.05_15.10_15.15_15.20_,68_185_154_73_126_,14.95_14.90_14.85_14.80_14.75_,1_1109_453_408_86_
09:53:28,14.95,9,3215,15.00_15.05_15.10_15.15_15.20_,68_185_154_73_126_,14.95_14.90_14.85_14.80_14.75_,11_1109_453_408_86_
09:53:33,14.95,9,3215,15.00_15.05_15.10_15.15_15.20_,71_185_154_73_126_,14.95_14.90_14.85_14.80_14.75_,11_1109_453_408_86_
09:53:38,14.95,9,3215,15.00_15.05_15.10_15.15_15.20_,72_185_154_73_126_,14.95_14.90_14.85_14.80_14.75_,11_1109_453_408_86_
09:54:45,14.95,6,3244,15.00_15.05_15.10_15.15_15.20_,79_185_154_73_126_,14.95_14.90_14.85_14.80_14.75_,16_1103_453_408_86_
09:55:21,14.95,6,3267,15.00_15.05_15.10_15.15_15.20_,82_197_154_73_126_,14.95_14.90_14.85_14.80_14.75_,11_1101_453_410_86_
09:55:26,14.95,6,3267,15.00_15.05_15.10_15.15_15.20_,84_197_154_73_126_,14.95_14.90_14.85_14.80_14.75_,11_1101_453_410_86_
09:55:31,15.00,3,3270,15.00_15.05_15.10_15.15_15.20_,81_197_154_73_126_,14.95_14.90_14.85_14.80_14.75_,11_1101_453_410_86_
09:55:36,15.00,3,3270,15.00_15.05_15.10_15.15_15.20_,81_197_154_73_126_,14.95_14.90_14.85_14.80_14.75_,16_1101_453_410_86_
09:55:41,15.00,3,3270,15.00_15.05_15.10_15.15_15.20_,82_197_154_73_126_,14.95_14.90_14.85_14.80_14.75_,16_1101_453_410_86_
09:55:56,14.95,9,3279,15.00_15.05_15.10_15.15_15.20_,83_197_154_73_126_,14.95_14.90_14.85_14.80_14.75_,28_1058_453_410_86_
09:56:17,14.95,9,3279,15.00_15.05_15.10_15.15_15.20_,93_197_154_73_126_,14.95_14.90_14.85_14.80_14.75_,29_1055_453_410_86_
09:56:42,14.95,9,3279,15.00_15.05_15.10_15.15_15.20_,93_197_154_73_126_,14.95_14.90_14.85_14.80_14.75_,30_1065_453_410_86_
09:56:53,14.95,9,3279,15.00_15.05_15.10_15.15_15.20_,106_197_154_73_126_,14.95_14.90_14.85_14.80_14.75_,35_1065_453_410_86_
09:56:58,14.95,9,3279,15.00_15.05_15.10_15.15_15.20_,106_197_154_73_126_,14.95_14.90_14.85_14.80_14.75_,53_1065_453_410_86_
09:57:28,14.95,3,3282,15.00_15.05_15.10_15.15_15.20_,109_197_154_73_126_,14.95_14.90_14.85_14.80_14.75_,51_1113_453_410_86_
09:57:39,14.95,3,3282,15.00_15.05_15.10_15.15_15.20_,115_197_154_73_126_,14.95_14.90_14.85_14.80_14.75_,51_1113_453_410_86_
09:57:44,14.95,3,3282,15.00_15.05_15.10_15.15_15.20_,127_185_154_73_126_,14.95_14.90_14.85_14.80_14.75_,51_1113_453_410_86_
09:57:49,14.95,1,3283,15.00_15.05_15.10_15.15_15.20_,127_185_154_73_126_,14.95_14.90_14.85_14.80_14.75_,50_1113_453_410_86_
09:57:54,15.00,1,3284,15.00_15.05_15.10_15.15_15.20_,128_185_154_73_126_,14.95_14.90_14.85_14.80_14.75_,50_1113_453_410_86_
09:58:04,15.00,1,3284,15.00_15.05_15.10_15.15_15.20_,128_185_154_73_126_,14.95_14.90_14.85_14.80_14.75_,52_1132_453_410_86_
09:58:09,15.00,1,3284,15.00_15.05_15.10_15.15_15.20_,128_185_154_73_126_,14.95_14.90_14.85_14.80_14.75_,55_1133_453_410_86_
09:58:15,15.00,1,3284,15.00_15.05_15.10_15.15_15.20_,128_185_154_73_126_,14.95_14.90_14.85_14.80_14.75_,56_1133_453_410_86_
09:58:25,15.00,1,3284,15.00_15.05_15.10_15.15_15.20_,132_185_154_73_126_,14.95_14.90_14.85_14.80_14.75_,56_1133_453_410_86_
09:58:40,15.00,1,3284,15.00_15.05_15.10_15.15_15.20_,132_185_154_73_126_,14.95_14.90_14.85_14.80_14.75_,56_1134_453_410_86_
09:58:50,14.95,4,3288,15.00_15.05_15.10_15.15_15.20_,132_255_154_73_126_,14.95_14.90_14.85_14.80_14.75_,152_1134_453_410_86_
09:58:55,15.00,15,3303,15.00_15.05_15.10_15.15_15.20_,113_267_154_73_126_,14.95_14.90_14.85_14.80_14.75_,146_1086_453_410_86_
09:59:01,15.00,15,3303,15.00_15.05_15.10_15.15_15.20_,113_267_154_73_126_,14.95_14.90_14.85_14.80_14.75_,146_1144_453_410_86_
09:59:06,15.00,30,3333,15.00_15.05_15.10_15.15_15.20_,83_267_154_73_126_,14.95_14.90_14.85_14.80_14.75_,146_1144_453_410_86_
09:59:11,15.00,30,3333,15.00_15.05_15.10_15.15_15.20_,93_267_154_73_126_,14.95_14.90_14.85_14.80_14.75_,146_1144_453_410_86_
10:00:07,14.95,7,3366,15.00_15.05_15.10_15.15_15.20_,103_267_154_73_126_,14.95_14.90_14.85_14.80_14.75_,193_1156_466_398_86_
10:00:23,14.95,7,3366,15.00_15.05_15.10_15.15_15.20_,106_267_154_73_126_,14.95_14.90_14.85_14.80_14.75_,193_1156_466_398_86_
10:00:28,14.95,7,3366,15.00_15.05_15.10_15.15_15.20_,110_267_154_73_126_,14.95_14.90_14.85_14.80_14.75_,193_1156_466_398_86_
10:00:33,14.95,10,3376,15.00_15.05_15.10_15.15_15.20_,113_267_154_73_126_,14.95_14.90_14.85_14.80_14.75_,183_1156_466_398_86_
10:00:38,14.95,10,3376,15.00_15.05_15.10_15.15_15.20_,113_255_154_73_126_,14.95_14.90_14.85_14.80_14.75_,188_1156_466_398_86_
10:01:50,15.00,12,3662,15.05_15.10_15.15_15.20_15.25_,298_154_83_126_24_,15.00_14.95_14.90_14.85_14.80_,13_163_1074_466_415_
10:01:55,15.00,13,3675,15.00_15.05_15.10_15.15_15.20_,13_310_162_83_126_,14.95_14.90_14.85_14.80_14.75_,163_1074_532_348_90_
10:02:00,15.00,13,3675,15.05_15.10_15.15_15.20_15.25_,298_154_83_126_24_,14.95_14.90_14.85_14.80_14.75_,166_1075_466_418_90_
10:02:05,15.00,13,3675,15.05_15.10_15.15_15.20_15.25_,298_154_83_126_24_,15.00_14.95_14.90_14.85_14.80_,1_166_1077_539_348_
10:02:10,14.95,10,3685,15.05_15.10_15.15_15.20_15.25_,298_155_83_126_24_,14.95_14.90_14.85_14.80_14.75_,157_1077_536_348_90_
10:02:15,14.95,10,3685,15.05_15.10_15.15_15.20_15.25_,298_155_83_126_24_,14.95_14.90_14.85_14.80_14.75_,157_1077_541_348_90_
10:02:25,14.95,11,3697,15.05_15.10_15.15_15.20_15.25_,300_157_83_126_34_,14.95_14.90_14.85_14.80_14.75_,147_1087_541_348_90_
10:03:58,14.95,6,3747,15.00_15.05_15.10_15.15_15.20_,86_292_155_78_121_,14.95_14.90_14.85_14.80_14.75_,129_1140_467_411_90_
10:04:59,14.95,5,3919,14.95_15.00_15.05_15.10_15.15_,39_99_258_146_80_,14.90_14.85_14.80_14.75_14.70_,1117_465_338_168_308_
10:05:05,14.95,2,3921,14.95_15.00_15.05_15.10_15.15_,32_102_258_146_80_,14.90_14.85_14.80_14.75_14.70_,1117_465_338_168_308_
10:05:10,14.95,2,3921,14.95_15.00_15.05_15.10_15.15_,33_103_257_146_80_,14.90_14.85_14.80_14.75_14.70_,1117_465_338_168_308_
10:05:15,14.95,2,3921,14.95_15.00_15.05_15.10_15.15_,34_103_257_146_80_,14.90_14.85_14.80_14.75_14.70_,1117_465_338_168_308_
10:05:25,14.90,2,3923,14.95_15.00_15.05_15.10_15.15_,44_108_276_146_80_,14.90_14.85_14.80_14.75_14.70_,1115_465_338_168_313_
10:05:30,14.90,3,3926,14.95_15.00_15.05_15.10_15.15_,44_108_276_146_80_,14.90_14.85_14.80_14.75_14.70_,1112_465_338_168_313_
10:05:35,14.95,2,3928,14.95_15.00_15.05_15.10_15.15_,42_108_276_146_80_,14.90_14.85_14.80_14.75_14.70_,1112_465_338_168_313_
10:06:32,14.95,2,3948,14.95_15.00_15.05_15.10_15.15_,97_44_257_246_80_,14.90_14.85_14.80_14.75_14.70_,1118_466_338_168_313_
10:06:42,14.90,11,3959,14.95_15.00_15.05_15.10_15.15_,97_44_257_246_80_,14.90_14.85_14.80_14.75_14.70_,1107_466_338_168_313_
10:06:47,14.90,11,3959,14.95_15.00_15.05_15.10_15.15_,98_44_257_246_80_,14.90_14.85_14.80_14.75_14.70_,1107_466_338_168_313_
10:06:57,14.90,12,3971,14.95_15.00_15.05_15.10_15.15_,98_44_257_246_80_,14.90_14.85_14.80_14.75_14.70_,1099_466_338_168_313_
10:07:18,14.95,1,4022,14.95_15.00_15.05_15.10_15.15_,56_46_267_246_80_,14.90_14.85_14.80_14.75_14.70_,1100_464_338_168_313_
10:09:46,14.95,1,4521,14.95_15.00_15.05_15.10_15.15_,25_111_261_245_80_,14.90_14.85_14.80_14.75_14.70_,1020_455_338_165_313_
10:09:51,14.95,1,4522,14.95_15.00_15.05_15.10_15.15_,24_111_261_245_80_,14.90_14.85_14.80_14.75_14.70_,1020_455_338_165_313_
10:09:57,14.95,1,4522,14.95_15.00_15.05_15.10_15.15_,24_89_261_245_80_,14.90_14.85_14.80_14.75_14.70_,1020_455_338_165_313_
10:10:02,14.95,1,4522,14.95_15.00_15.05_15.10_15.15_,66_84_261_245_80_,14.90_14.85_14.80_14.75_14.70_,1020_455_338_165_313_
10:11:03,14.90,15,4537,14.95_15.00_15.05_15.10_15.15_,73_42_261_245_79_,14.90_14.85_14.80_14.75_14.70_,1106_455_338_165_313_
10:11:08,14.90,15,4537,14.95_15.00_15.05_15.10_15.15_,76_42_262_245_79_,14.90_14.85_14.80_14.75_14.70_,1106_455_338_165_313_
10:11:18,14.90,15,4537,14.95_15.00_15.05_15.10_15.15_,76_42_262_245_79_,14.90_14.85_14.80_14.75_14.70_,1107_456_338_165_313_
10:11:49,14.95,3,4540,14.95_15.00_15.05_15.10_15.15_,78_41_262_245_79_,14.90_14.85_14.80_14.75_14.70_,1107_456_338_165_313_
10:11:54,14.95,3,4540,14.95_15.00_15.05_15.10_15.15_,78_41_258_246_79_,14.90_14.85_14.80_14.75_14.70_,1107_456_338_165_313_
10:12:05,14.95,3,4543,14.95_15.00_15.05_15.10_15.15_,75_41_258_246_79_,14.90_14.85_14.80_14.75_14.70_,1107_456_338_165_313_
10:12:51,14.95,3,4543,14.95_15.00_15.05_15.10_15.15_,91_38_258_246_79_,14.90_14.85_14.80_14.75_14.70_,1108_455_338_165_313_
10:12:56,14.95,3,4543,14.95_15.00_15.05_15.10_15.15_,93_38_258_246_79_,14.90_14.85_14.80_14.75_14.70_,1108_455_338_165_313_
10:13:01,14.95,3,4543,14.95_15.00_15.05_15.10_15.15_,93_38_258_246_79_,14.90_14.85_14.80_14.75_14.70_,1108_501_338_165_313_
10:13:06,14.95,5,4548,14.95_15.00_15.05_15.10_15.15_,88_38_283_246_79_,14.90_14.85_14.80_14.75_14.70_,1108_501_338_165_313_
10:13:52,14.95,1,4551,14.95_15.00_15.05_15.10_15.15_,99_38_283_246_79_,14.90_14.85_14.80_14.75_14.70_,1108_501_340_165_313_
10:13:57,14.95,1,4551,14.95_15.00_15.05_15.10_15.15_,102_38_283_246_79_,14.90_14.85_14.80_14.75_14.70_,1107_501_340_165_313_
10:15:45,14.95,1,4563,14.95_15.00_15.05_15.10_15.15_,122_38_283_246_79_,14.90_14.85_14.80_14.75_14.70_,1150_551_342_165_314_
10:16:11,14.95,1,4563,14.95_15.00_15.05_15.10_15.15_,122_38_283_246_79_,14.90_14.85_14.80_14.75_14.70_,1177_551_342_140_314_
10:16:16,14.95,1,4563,14.95_15.00_15.05_15.10_15.15_,122_38_283_246_79_,14.90_14.85_14.80_14.75_14.70_,1180_551_342_140_314_
10:16:21,14.95,1,4563,14.95_15.00_15.05_15.10_15.15_,122_38_283_246_79_,14.90_14.85_14.80_14.75_14.70_,1179_551_342_140_314_
10:16:26,14.95,1,4563,14.95_15.00_15.05_15.10_15.15_,122_38_283_246_79_,14.90_14.85_14.80_14.75_14.70_,1178_551_342_140_314_
10:16:31,14.95,1,4563,14.95_15.00_15.05_15.10_15.15_,123_38_283_246_79_,14.90_14.85_14.80_14.75_14.70_,1179_551_342_140_314_
10:17:02,14.95,46,4609,14.95_15.00_15.05_15.10_15.15_,89_39_282_246_79_,14.90_14.85_14.80_14.75_14.70_,1182_505_342_140_314_
10:17:07,14.95,46,4609,14.95_15.00_15.05_15.10_15.15_,92_33_282_246_79_,14.90_14.85_14.80_14.75_14.70_,1182_506_342_140_314_
10:17:12,14.95,2,4611,14.95_15.00_15.05_15.10_15.15_,97_33_282_246_79_,14.90_14.85_14.80_14.75_14.70_,1182_506_342_140_314_
10:18:09,14.95,1,4613,14.95_15.00_15.05_15.10_15.15_,141_33_282_246_79_,14.90_14.85_14.80_14.75_14.70_,1156_505_342_165_314_
10:18:55,14.90,7,4622,14.95_15.00_15.05_15.10_15.15_,151_34_282_246_79_,14.90_14.85_14.80_14.75_14.70_,1181_544_342_165_314_
10:19:00,14.90,7,4622,14.95_15.00_15.05_15.10_15.15_,153_34_282_246_79_,14.90_14.85_14.80_14.75_14.70_,1181_544_342_165_314_
10:19:05,14.90,6,4628,14.95_15.00_15.05_15.10_15.15_,153_34_282_246_79_,14.90_14.85_14.80_14.75_14.70_,1175_544_342_165_314_
10:19:10,14.90,6,4628,14.95_15.00_15.05_15.10_15.15_,153_34_282_246_79_,14.90_14.85_14.80_14.75_14.70_,1180_544_342_165_314_
10:19:15,14.90,6,4628,14.95_15.00_15.05_15.10_15.15_,153_34_282_246_79_,14.90_14.85_14.80_14.75_14.70_,1181_544_342_165_314_
10:19:25,14.90,10,4638,14.95_15.00_15.05_15.10_15.15_,153_34_282_246_79_,14.90_14.85_14.80_14.75_14.70_,1171_544_342_166_314_
10:19:35,14.90,1,4639,14.95_15.00_15.05_15.10_15.15_,111_34_282_246_79_,14.90_14.85_14.80_14.75_14.70_,1170_544_342_166_314_
10:21:59,14.95,11,4754,14.95_15.00_15.05_15.10_15.15_,68_124_212_246_79_,14.90_14.85_14.80_14.75_14.70_,1135_605_343_169_274_
10:22:14,14.95,1,4757,14.95_15.00_15.05_15.10_15.15_,65_124_212_246_79_,14.90_14.85_14.80_14.75_14.70_,1137_605_343_169_274_
10:22:30,14.90,7,4769,14.95_15.00_15.05_15.10_15.15_,67_124_212_246_79_,14.90_14.85_14.80_14.75_14.70_,1125_605_343_169_274_
10:23:47,14.90,5,4844,14.95_15.00_15.05_15.10_15.15_,54_54_282_246_79_,14.90_14.85_14.80_14.75_14.70_,1100_649_343_169_274_
10:23:52,14.90,5,4844,14.95_15.00_15.05_15.10_15.15_,54_54_282_246_79_,14.90_14.85_14.80_14.75_14.70_,1150_649_343_169_274_
10:23:57,14.90,5,4844,14.95_15.00_15.05_15.10_15.15_,56_54_282_246_79_,14.90_14.85_14.80_14.75_14.70_,1150_649_343_169_274_
10:24:02,14.90,4,4848,14.95_15.00_15.05_15.10_15.15_,56_54_282_246_79_,14.90_14.85_14.80_14.75_14.70_,1147_649_343_169_274_
10:24:07,14.90,13,4861,14.95_15.00_15.05_15.10_15.15_,60_54_282_246_79_,14.90_14.85_14.80_14.75_14.70_,1137_649_343_169_274_
10:24:12,14.95,20,4881,14.95_15.00_15.05_15.10_15.15_,41_54_280_246_79_,14.90_14.85_14.80_14.75_14.70_,1137_649_343_169_274_
10:24:17,14.90,1,4882,14.95_15.00_15.05_15.10_15.15_,43_55_280_246_79_,14.90_14.85_14.80_14.75_14.70_,1136_649_343_169_274_
10:24:23,14.90,7,4889,14.95_15.00_15.05_15.10_15.15_,43_56_280_246_79_,14.90_14.85_14.80_14.75_14.70_,1129_649_343_169_274_
10:24:33,14.90,1,4892,14.95_15.00_15.05_15.10_15.15_,45_57_280_246_79_,14.90_14.85_14.80_14.75_14.70_,1134_648_343_169_274_
10:24:43,14.95,11,4903,14.95_15.00_15.05_15.10_15.15_,35_57_280_246_79_,14.90_14.85_14.80_14.75_14.70_,1135_648_343_169_273_
10:24:48,14.95,11,4903,14.95_15.00_15.05_15.10_15.15_,38_57_280_246_79_,14.90_14.85_14.80_14.75_14.70_,1135_648_343_169_273_
10:25:04,14.90,5,4908,14.95_15.00_15.05_15.10_15.15_,38_57_280_246_79_,14.90_14.85_14.80_14.75_14.70_,1130_648_343_169_273_
10:25:09,14.90,5,4908,14.95_15.00_15.05_15.10_15.15_,38_37_280_246_79_,14.90_14.85_14.80_14.75_14.70_,1130_649_343_169_273_
10:25:19,14.90,5,4908,14.95_15.00_15.05_15.10_15.15_,38_37_280_246_79_,14.90_14.85_14.80_14.75_14.70_,1130_649_341_172_273_
10:25:24,14.95,5,4913,14.95_15.00_15.05_15.10_15.15_,37_37_280_246_79_,14.90_14.85_14.80_14.75_14.70_,1130_649_341_172_273_
10:25:50,14.90,6,4928,14.95_15.00_15.05_15.10_15.15_,42_37_280_246_79_,14.90_14.85_14.80_14.75_14.70_,1118_649_344_172_273_
10:25:55,14.90,6,4928,14.95_15.00_15.05_15.10_15.15_,42_37_280_246_79_,14.90_14.85_14.80_14.75_14.70_,1121_648_344_172_273_
10:26:00,14.95,42,4970,14.95_15.00_15.05_15.10_15.15_,5_37_280_246_79_,14.90_14.85_14.80_14.75_14.70_,1121_606_344_172_273_
10:26:05,14.95,42,4970,14.95_15.00_15.05_15.10_15.15_,9_37_280_246_79_,14.90_14.85_14.80_14.75_14.70_,1145_606_344_172_273_
10:26:10,14.95,42,4970,14.95_15.00_15.05_15.10_15.15_,10_37_280_246_79_,14.90_14.85_14.80_14.75_14.70_,1170_606_344_147_273_
10:26:36,14.95,42,4970,14.95_15.00_15.05_15.10_15.15_,12_37_280_246_79_,14.90_14.85_14.80_14.75_14.70_,1170_606_344_147_273_
10:26:56,14.90,2,4972,14.95_15.00_15.05_15.10_15.15_,14_37_280_246_79_,14.90_14.85_14.80_14.75_14.70_,1168_605_344_147_273_
10:27:07,14.90,2,4972,14.95_15.00_15.05_15.10_15.15_,16_37_280_246_79_,14.90_14.85_14.80_14.75_14.70_,1168_605_344_147_273_
10:27:12,14.90,2,4972,14.95_15.00_15.05_15.10_15.15_,19_37_280_246_79_,14.90_14.85_14.80_14.75_14.70_,1168_605_344_147_273_
10:27:17,14.90,12,4984,14.95_15.00_15.05_15.10_15.15_,19_37_280_246_79_,14.90_14.85_14.80_14.75_14.70_,1156_605_344_147_273_
10:27:22,14.90,12,4984,14.95_15.00_15.05_15.10_15.15_,19_37_280_246_79_,14.90_14.85_14.80_14.75_14.70_,1156_647_344_147_273_
10:27:32,14.90,12,4996,14.95_15.00_15.05_15.10_15.15_,19_37_280_246_79_,14.90_14.85_14.80_14.75_14.70_,1119_647_344_172_273_
10:27:37,14.90,12,4996,14.95_15.00_15.05_15.10_15.15_,20_37_280_246_79_,14.90_14.85_14.80_14.75_14.70_,1144_647_344_147_273_
10:27:43,14.95,1,4997,14.95_15.00_15.05_15.10_15.15_,19_37_210_246_79_,14.90_14.85_14.80_14.75_14.70_,1144_647_344_147_273_
10:27:48,14.95,1,4997,14.95_15.00_15.05_15.10_15.15_,21_37_210_246_79_,14.90_14.85_14.80_14.75_14.70_,1145_647_344_147_273_
10:28:34,14.90,3,5000,14.95_15.00_15.05_15.10_15.15_,25_38_210_246_79_,14.90_14.85_14.80_14.75_14.70_,1163_648_344_149_273_
10:28:49,14.90,3,5000,14.95_15.00_15.05_15.10_15.15_,30_38_210_246_79_,14.90_14.85_14.80_14.75_14.70_,1172_648_344_149_273_
10:29:15,14.90,3,5000,14.95_15.00_15.05_15.10_15.15_,31_38_210_246_79_,14.90_14.85_14.80_14.75_14.70_,1172_648_344_149_273_
10:29:25,14.90,3,5000,14.95_15.00_15.05_15.10_15.15_,33_58_210_246_99_,14.90_14.85_14.80_14.75_14.70_,1172_648_345_149_273_
10:29:55,14.95,1,5001,14.95_15.00_15.05_15.10_15.15_,38_58_210_246_99_,14.90_14.85_14.80_14.75_14.70_,1173_647_345_149_273_
10:32:19,14.95,44,5133,15.00_15.05_15.10_15.15_15.20_,58_219_246_99_153_,14.95_14.90_14.85_14.80_14.75_,95_1244_606_401_99_
10:33:25,15.00,20,5160,15.00_15.05_15.10_15.15_15.20_,45_219_257_99_153_,14.95_14.90_14.85_14.80_14.75_,112_1250_606_401_99_
10:33:30,14.95,16,5176,15.00_15.05_15.10_15.15_15.20_,45_219_257_99_153_,14.95_14.90_14.85_14.80_14.75_,96_1270_606_401_99_
10:33:36,14.95,16,5176,15.00_15.05_15.10_15.15_15.20_,45_219_257_99_153_,14.95_14.90_14.85_14.80_14.75_,96_1270_605_401_99_
10:33:41,14.95,47,5223,15.00_15.05_15.10_15.15_15.20_,46_219_257_99_153_,14.95_14.90_14.85_14.80_14.75_,49_1270_605_401_99_
10:33:46,14.95,50,5273,14.95_15.00_15.05_15.10_15.15_,2_46_219_257_99_,14.90_14.85_14.80_14.75_14.70_,1270_605_401_99_273_
10:34:37,15.00,1,5292,15.00_15.05_15.10_15.15_15.20_,56_219_257_99_153_,14.95_14.90_14.85_14.80_14.75_,10_1271_603_393_99_
10:34:42,14.95,10,5302,15.00_15.05_15.10_15.15_15.20_,56_219_257_99_153_,14.90_14.85_14.80_14.75_14.70_,1271_603_393_99_273_
10:34:48,14.95,2,5304,14.95_15.00_15.05_15.10_15.15_,2_56_219_257_99_,14.90_14.85_14.80_14.75_14.70_,1271_603_395_99_273_
10:34:53,14.95,2,5304,14.95_15.00_15.05_15.10_15.15_,3_49_219_257_99_,14.90_14.85_14.80_14.75_14.70_,1271_603_349_145_273_
10:34:58,14.90,3,5307,14.95_15.00_15.05_15.10_15.15_,6_49_219_257_99_,14.90_14.85_14.80_14.75_14.70_,1268_613_349_145_273_
10:36:15,14.95,2,5353,14.95_15.00_15.05_15.10_15.15_,37_47_210_257_99_,14.90_14.85_14.80_14.75_14.70_,1319_656_349_145_273_
10:36:20,15.00,50,5403,15.00_15.05_15.10_15.15_15.20_,36_210_257_99_153_,14.90_14.85_14.80_14.75_14.70_,1294_656_349_170_273_
10:36:30,14.90,5,5408,15.00_15.05_15.10_15.15_15.20_,39_210_277_99_153_,14.90_14.85_14.80_14.75_14.70_,1316_656_392_99_273_
10:36:35,14.90,5,5408,15.00_15.05_15.10_15.15_15.20_,39_210_277_99_153_,14.90_14.85_14.80_14.75_14.70_,1317_656_382_99_273_
10:36:51,14.95,10,5423,15.00_15.05_15.10_15.15_15.20_,40_210_277_99_153_,14.95_14.90_14.85_14.80_14.75_,51_1323_656_383_99_
10:36:56,14.95,14,5437,15.00_15.05_15.10_15.15_15.20_,52_210_277_99_153_,14.95_14.90_14.85_14.80_14.75_,37_1323_656_383_99_
10:37:01,14.95,14,5437,15.00_15.05_15.10_15.15_15.20_,52_210_277_99_153_,14.95_14.90_14.85_14.80_14.75_,81_1322_613_383_99_
10:37:21,14.95,4,5464,15.00_15.05_15.10_15.15_15.20_,52_210_277_99_154_,14.95_14.90_14.85_14.80_14.75_,56_1317_613_383_99_
10:37:26,14.95,4,5464,15.00_15.05_15.10_15.15_15.20_,52_210_277_99_154_,14.95_14.90_14.85_14.80_14.75_,61_1317_613_383_99_
10:37:32,14.95,4,5464,15.00_15.05_15.10_15.15_15.20_,54_210_277_99_154_,14.95_14.90_14.85_14.80_14.75_,61_1318_613_383_99_
10:37:37,14.95,4,5464,15.00_15.05_15.10_15.15_15.20_,57_210_277_99_154_,14.95_14.90_14.85_14.80_14.75_,61_1318_613_383_99_
10:39:34,14.90,5,5574,15.00_15.05_15.10_15.15_15.20_,66_210_277_99_154_,14.90_14.85_14.80_14.75_14.70_,1341_614_378_99_273_
10:40:15,14.90,9,5583,15.00_15.05_15.10_15.15_15.20_,68_210_277_99_154_,14.90_14.85_14.80_14.75_14.70_,1337_615_378_99_273_
10:40:51,14.90,7,5594,15.00_15.05_15.10_15.15_15.20_,78_212_277_99_154_,14.90_14.85_14.80_14.75_14.70_,1329_615_378_100_273_
10:40:56,14.90,7,5594,15.00_15.05_15.10_15.15_15.20_,119_212_277_99_154_,14.90_14.85_14.80_14.75_14.70_,1329_615_378_100_273_
10:41:01,14.90,7,5594,15.00_15.05_15.10_15.15_15.20_,119_212_277_99_154_,14.90_14.85_14.80_14.75_14.70_,1349_652_378_100_273_
10:41:37,14.90,5,5604,15.00_15.05_15.10_15.15_15.20_,122_213_276_99_154_,14.90_14.85_14.80_14.75_14.70_,1342_641_378_100_273_
10:42:54,15.00,3,5607,15.00_15.05_15.10_15.15_15.20_,90_213_277_99_154_,14.90_14.85_14.80_14.75_14.70_,1346_641_380_102_273_
10:43:04,15.00,3,5607,15.00_15.05_15.10_15.15_15.20_,94_213_277_99_158_,14.90_14.85_14.80_14.75_14.70_,1346_641_380_102_273_
10:44:01,14.95,2,5618,15.00_15.05_15.10_15.15_15.20_,99_212_277_99_158_,14.95_14.90_14.85_14.80_14.75_,42_1415_600_390_102_
10:44:47,14.95,7,5634,15.00_15.05_15.10_15.15_15.20_,104_212_277_99_158_,14.95_14.90_14.85_14.80_14.75_,26_1418_599_400_102_
10:45:13,15.00,1,5635,15.00_15.05_15.10_15.15_15.20_,103_212_277_99_158_,14.95_14.90_14.85_14.80_14.75_,26_1418_599_400_102_
10:45:18,15.00,1,5635,15.00_15.05_15.10_15.15_15.20_,103_212_277_99_158_,14.95_14.90_14.85_14.80_14.75_,93_1418_599_400_102_
10:45:23,14.95,4,5639,15.00_15.05_15.10_15.15_15.20_,110_212_277_99_158_,14.95_14.90_14.85_14.80_14.75_,89_1421_599_405_102_
10:45:43,14.95,4,5639,15.00_15.05_15.10_15.15_15.20_,113_212_277_99_158_,14.95_14.90_14.85_14.80_14.75_,90_1422_599_405_102_
10:45:59,14.95,4,5643,15.00_15.05_15.10_15.15_15.20_,113_212_277_99_158_,14.95_14.90_14.85_14.80_14.75_,86_1442_599_405_102_
10:46:04,14.95,4,5643,15.00_15.05_15.10_15.15_15.20_,114_212_277_99_158_,14.95_14.90_14.85_14.80_14.75_,127_1401_599_405_102_
10:46:14,14.95,4,5643,15.00_15.05_15.10_15.15_15.20_,114_212_277_99_158_,14.95_14.90_14.85_14.80_14.75_,127_1402_599_405_102_
10:46:19,14.95,4,5643,15.00_15.05_15.10_15.15_15.20_,114_212_277_99_158_,14.95_14.90_14.85_14.80_14.75_,128_1402_599_405_102_
10:46:55,14.95,8,5663,15.00_15.05_15.10_15.15_15.20_,125_212_277_99_158_,14.95_14.90_14.85_14.80_14.75_,108_1403_600_405_102_
10:47:16,14.95,8,5663,15.00_15.05_15.10_15.15_15.20_,130_212_277_99_158_,14.95_14.90_14.85_14.80_14.75_,109_1403_600_405_102_
10:47:31,14.95,10,5673,15.00_15.05_15.10_15.15_15.20_,130_212_277_99_158_,14.95_14.90_14.85_14.80_14.75_,99_1403_600_405_102_
10:47:36,14.95,10,5673,15.00_15.05_15.10_15.15_15.20_,130_212_277_99_158_,14.95_14.90_14.85_14.80_14.75_,99_1445_600_405_102_
10:47:41,14.95,99,5772,15.00_15.05_15.10_15.15_15.20_,130_212_277_99_158_,14.95_14.90_14.85_14.80_14.75_,1_1445_600_405_102_
10:49:24,14.90,19,5845,14.95_15.00_15.05_15.10_15.15_,112_65_211_277_99_,14.90_14.85_14.80_14.75_14.70_,1431_601_359_156_276_
10:49:29,14.90,19,5845,14.95_15.00_15.05_15.10_15.15_,224_156_283_277_99_,14.90_14.85_14.80_14.75_14.70_,1431_601_359_156_276_
10:50:10,14.90,12,5867,14.95_15.00_15.05_15.10_15.15_,184_154_283_277_99_,14.90_14.85_14.80_14.75_14.70_,1442_601_360_181_276_
10:50:20,14.90,6,5873,14.95_15.00_15.05_15.10_15.15_,184_154_283_277_99_,14.90_14.85_14.80_14.75_14.70_,1436_601_360_181_276_
10:51:57,14.90,23,5942,14.95_15.00_15.05_15.10_15.15_,176_160_283_277_99_,14.90_14.85_14.80_14.75_14.70_,1451_580_356_181_276_
10:52:23,14.90,5,5951,14.95_15.00_15.05_15.10_15.15_,178_160_283_277_99_,14.90_14.85_14.80_14.75_14.70_,1454_621_356_181_276_
10:52:38,14.90,5,5951,14.95_15.00_15.05_15.10_15.15_,178_160_283_277_99_,14.90_14.85_14.80_14.75_14.70_,1439_621_356_181_276_
10:52:54,14.95,5,5956,14.95_15.00_15.05_15.10_15.15_,177_160_283_277_99_,14.90_14.85_14.80_14.75_14.70_,1441_621_356_181_276_
10:54:06,14.90,3,5984,14.95_15.00_15.05_15.10_15.15_,181_150_283_277_99_,14.90_14.85_14.80_14.75_14.70_,1444_693_366_201_277_
10:54:11,14.90,4,5988,14.95_15.00_15.05_15.10_15.15_,181_150_283_277_99_,14.90_14.85_14.80_14.75_14.70_,1440_693_366_201_277_
10:54:26,14.95,1,5989,14.95_15.00_15.05_15.10_15.15_,180_150_283_277_99_,14.90_14.85_14.80_14.75_14.70_,1440_693_366_201_277_
10:54:36,14.95,1,5989,14.95_15.00_15.05_15.10_15.15_,216_150_283_277_99_,14.90_14.85_14.80_14.75_14.70_,1439_693_366_201_287_
10:54:47,14.90,5,6016,14.95_15.00_15.05_15.10_15.15_,217_150_283_277_99_,14.90_14.85_14.80_14.75_14.70_,1415_693_366_201_287_
10:55:17,14.90,17,6033,14.95_15.00_15.05_15.10_15.15_,217_150_283_277_99_,14.90_14.85_14.80_14.75_14.70_,1400_724_366_201_287_
10:55:28,14.90,4,6037,14.95_15.00_15.05_15.10_15.15_,227_150_283_277_99_,14.90_14.85_14.80_14.75_14.70_,1406_724_366_201_287_
10:55:33,14.90,4,6037,14.95_15.00_15.05_15.10_15.15_,223_150_283_277_99_,14.90_14.85_14.80_14.75_14.70_,1405_724_366_201_287_
10:55:38,14.90,31,6068,14.95_15.00_15.05_15.10_15.15_,233_150_283_277_99_,14.90_14.85_14.80_14.75_14.70_,1379_724_367_201_287_
10:56:19,14.90,10,6122,14.95_15.00_15.05_15.10_15.15_,199_151_283_277_99_,14.90_14.85_14.80_14.75_14.70_,1421_684_367_201_287_
10:56:24,14.90,10,6122,14.95_15.00_15.05_15.10_15.15_,189_151_283_277_99_,14.90_14.85_14.80_14.75_14.70_,1422_684_367_201_287_
10:56:34,14.90,5,6127,14.95_15.00_15.05_15.10_15.15_,189_151_283_277_99_,14.90_14.85_14.80_14.75_14.70_,1417_684_367_201_287_
10:56:39,14.90,5,6127,14.95_15.00_15.05_15.10_15.15_,189_151_284_277_99_,14.90_14.85_14.80_14.75_14.70_,1417_726_367_201_287_
10:56:50,14.90,9,6136,14.95_15.00_15.05_15.10_15.15_,189_151_284_277_99_,14.90_14.85_14.80_14.75_14.70_,1408_726_367_201_287_
10:56:55,14.90,12,6148,14.95_15.00_15.05_15.10_15.15_,189_151_284_277_99_,14.90_14.85_14.80_14.75_14.70_,1396_726_367_201_287_
10:57:00,14.90,12,6148,14.95_15.00_15.05_15.10_15.15_,203_151_284_277_99_,14.90_14.85_14.80_14.75_14.70_,1396_726_372_201_287_
10:57:05,14.90,12,6148,14.95_15.00_15.05_15.10_15.15_,203_151_286_277_99_,14.90_14.85_14.80_14.75_14.70_,1396_726_372_201_287_
10:57:10,14.90,12,6148,14.95_15.00_15.05_15.10_15.15_,203_151_286_277_99_,14.90_14.85_14.80_14.75_14.70_,1396_731_372_201_287_
10:58:22,14.90,5,6185,14.95_15.00_15.05_15.10_15.15_,234_151_256_277_99_,14.90_14.85_14.80_14.75_14.70_,1409_731_362_201_287_
10:58:32,14.90,23,6208,14.95_15.00_15.05_15.10_15.15_,234_151_256_277_99_,14.90_14.85_14.80_14.75_14.70_,1388_731_362_201_287_
10:58:42,14.95,2,6210,14.95_15.00_15.05_15.10_15.15_,233_151_256_277_99_,14.90_14.85_14.80_14.75_14.70_,1388_731_362_201_287_
10:58:47,14.90,23,6233,14.95_15.00_15.05_15.10_15.15_,233_151_256_277_99_,14.90_14.85_14.80_14.75_14.70_,1366_731_362_201_287_
10:59:33,14.90,6,6245,14.95_15.00_15.05_15.10_15.15_,244_151_256_277_99_,14.90_14.85_14.80_14.75_14.70_,1354_732_364_201_287_
11:00:04,14.95,1,6246,14.95_15.00_15.05_15.10_15.15_,233_151_256_277_99_,14.90_14.85_14.80_14.75_14.70_,1353_733_364_201_287_
11:00:09,14.95,1,6247,14.95_15.00_15.05_15.10_15.15_,232_151_256_277_99_,14.90_14.85_14.80_14.75_14.70_,1353_733_364_201_287_
11:00:40,14.95,1,6247,14.95_15.00_15.05_15.10_15.15_,232_151_256_277_99_,14.90_14.85_14.80_14.75_14.70_,1403_733_366_201_287_
11:00:45,14.95,10,6257,14.95_15.00_15.05_15.10_15.15_,222_151_256_277_99_,14.90_14.85_14.80_14.75_14.70_,1453_733_366_201_287_
11:00:50,14.95,5,6262,14.95_15.00_15.05_15.10_15.15_,217_151_256_277_99_,14.90_14.85_14.80_14.75_14.70_,1473_733_366_201_287_
11:00:55,14.95,5,6262,14.95_15.00_15.05_15.10_15.15_,217_151_256_277_99_,14.90_14.85_14.80_14.75_14.70_,1484_733_366_201_287_
11:01:00,14.95,1,6263,14.95_15.00_15.05_15.10_15.15_,216_151_256_277_99_,14.90_14.85_14.80_14.75_14.70_,1525_691_366_201_287_
11:01:11,14.95,10,6273,14.95_15.00_15.05_15.10_15.15_,206_151_256_277_99_,14.90_14.85_14.80_14.75_14.70_,1525_691_366_201_287_
11:01:21,14.95,2,6275,14.95_15.00_15.05_15.10_15.15_,221_151_226_276_99_,14.90_14.85_14.80_14.75_14.70_,1525_691_366_201_287_
11:03:50,14.95,5,6521,15.00_15.05_15.10_15.15_15.20_,72_225_280_99_164_,14.95_14.90_14.85_14.80_14.75_,84_1584_688_417_122_
11:03:55,14.95,5,6521,15.00_15.05_15.10_15.15_15.20_,72_225_280_99_164_,14.95_14.90_14.85_14.80_14.75_,86_1584_688_417_122_
11:05:07,15.00,2,6523,15.00_15.05_15.10_15.15_15.20_,80_227_285_99_164_,14.95_14.90_14.85_14.80_14.75_,144_1543_688_417_122_
11:06:13,15.00,5,6532,15.00_15.05_15.10_15.15_15.20_,99_230_285_99_164_,14.95_14.90_14.85_14.80_14.75_,175_1669_688_417_122_
11:06:18,15.00,5,6532,15.00_15.05_15.10_15.15_15.20_,101_230_285_99_164_,14.95_14.90_14.85_14.80_14.75_,176_1669_688_417_122_
11:06:24,15.00,5,6532,15.00_15.05_15.10_15.15_15.20_,101_230_285_99_164_,14.95_14.90_14.85_14.80_14.75_,176_1667_688_417_122_
11:06:29,15.00,5,6532,15.00_15.05_15.10_15.15_15.20_,101_230_285_99_164_,14.95_14.90_14.85_14.80_14.75_,176_1672_688_417_122_
11:06:34,14.95,10,6542,15.00_15.05_15.10_15.15_15.20_,102_230_285_99_164_,14.95_14.90_14.85_14.80_14.75_,166_1672_688_417_122_
11:06:44,14.95,10,6542,15.00_15.05_15.10_15.15_15.20_,102_230_285_99_164_,14.95_14.90_14.85_14.80_14.75_,166_1672_688_417_120_
11:06:49,14.95,33,6575,15.00_15.05_15.10_15.15_15.20_,102_230_285_99_164_,14.95_14.90_14.85_14.80_14.75_,133_1672_688_417_120_
11:06:54,14.95,19,6594,15.00_15.05_15.10_15.15_15.20_,102_230_290_99_164_,14.95_14.90_14.85_14.80_14.75_,113_1672_688_417_120_
11:06:59,14.95,19,6594,15.00_15.05_15.10_15.15_15.20_,102_230_290_99_164_,14.95_14.90_14.85_14.80_14.75_,151_1672_688_417_120_
11:07:05,14.95,19,6594,15.00_15.05_15.10_15.15_15.20_,102_230_290_99_164_,14.95_14.90_14.85_14.80_14.75_,280_1565_688_417_120_
11:07:35,14.95,5,6607,15.00_15.05_15.10_15.15_15.20_,111_235_288_99_164_,14.95_14.90_14.85_14.80_14.75_,262_1565_688_416_120_
11:08:47,14.95,5,6678,15.00_15.05_15.10_15.15_15.20_,51_225_281_99_164_,14.95_14.90_14.85_14.80_14.75_,270_1543_688_416_120_
11:09:18,15.00,1,6679,15.00_15.05_15.10_15.15_15.20_,52_225_281_99_164_,14.95_14.90_14.85_14.80_14.75_,271_1543_687_416_120_
11:09:28,15.00,1,6679,15.00_15.05_15.10_15.15_15.20_,55_225_281_99_164_,14.95_14.90_14.85_14.80_14.75_,271_1543_687_416_120_
11:09:33,15.00,20,6699,15.00_15.05_15.10_15.15_15.20_,35_225_281_99_164_,14.95_14.90_14.85_14.80_14.75_,271_1543_687_416_120_
11:09:38,14.95,4,6703,15.00_15.05_15.10_15.15_15.20_,36_225_281_99_164_,14.95_14.90_14.85_14.80_14.75_,267_1543_687_419_117_
11:09:53,14.95,7,6732,15.00_15.05_15.10_15.15_15.20_,39_225_284_99_164_,14.95_14.90_14.85_14.80_14.75_,193_1600_687_419_117_
11:09:59,14.95,7,6732,15.00_15.05_15.10_15.15_15.20_,41_225_284_99_164_,14.95_14.90_14.85_14.80_14.75_,193_1600_687_419_117_
11:10:04,14.95,33,6765,15.00_15.05_15.10_15.15_15.20_,41_225_284_99_164_,14.95_14.90_14.85_14.80_14.75_,160_1600_687_419_117_
11:10:09,14.95,33,6765,15.00_15.05_15.10_15.15_15.20_,41_230_284_99_164_,14.95_14.90_14.85_14.80_14.75_,161_1599_687_419_117_
11:10:29,14.95,33,6765,15.00_15.05_15.10_15.15_15.20_,101_230_284_99_164_,14.95_14.90_14.85_14.80_14.75_,161_1599_687_419_117_
11:10:34,15.00,5,6770,15.00_15.05_15.10_15.15_15.20_,136_230_289_99_164_,14.95_14.90_14.85_14.80_14.75_,161_1599_687_419_117_
11:10:39,14.95,5,6775,15.00_15.05_15.10_15.15_15.20_,147_236_289_99_164_,14.95_14.90_14.85_14.80_14.75_,157_1599_687_419_117_
11:10:45,14.95,5,6775,15.00_15.05_15.10_15.15_15.20_,149_236_289_99_164_,14.95_14.90_14.85_14.80_14.75_,155_1619_687_419_117_
11:10:55,14.95,5,6775,15.00_15.05_15.10_15.15_15.20_,151_236_289_99_164_,14.95_14.90_14.85_14.80_14.75_,155_1620_687_419_117_
11:11:00,14.95,5,6775,15.00_15.05_15.10_15.15_15.20_,152_236_289_99_164_,14.95_14.90_14.85_14.80_14.75_,162_1620_687_418_117_
11:11:26,14.95,5,6775,15.00_15.05_15.10_15.15_15.20_,155_236_289_99_164_,14.95_14.90_14.85_14.80_14.75_,164_1630_694_418_117_
11:11:36,14.95,5,6775,15.00_15.05_15.10_15.15_15.20_,155_236_289_99_164_,14.95_14.90_14.85_14.80_14.75_,164_1631_694_418_117_
11:11:41,14.95,5,6780,15.00_15.05_15.10_15.15_15.20_,155_236_289_99_164_,14.95_14.90_14.85_14.80_14.75_,159_1631_694_418_117_
11:12:17,14.95,111,6891,15.00_15.05_15.10_15.15_15.20_,168_244_289_99_164_,14.95_14.90_14.85_14.80_14.75_,74_1634_694_418_117_
11:12:37,14.95,111,6891,15.00_15.05_15.10_15.15_15.20_,168_244_296_99_164_,14.95_14.90_14.85_14.80_14.75_,75_1634_694_418_117_
11:12:42,14.95,111,6891,15.00_15.05_15.10_15.15_15.20_,168_244_296_99_164_,14.95_14.90_14.85_14.80_14.75_,76_1634_694_418_117_
11:12:48,14.95,111,6891,15.00_15.05_15.10_15.15_15.20_,171_244_296_99_164_,14.95_14.90_14.85_14.80_14.75_,76_1634_694_418_117_
11:13:34,14.95,12,6908,15.00_15.05_15.10_15.15_15.20_,175_244_296_99_164_,14.95_14.90_14.85_14.80_14.75_,106_1656_694_418_117_
11:13:39,14.95,8,6916,15.00_15.05_15.10_15.15_15.20_,175_244_296_99_164_,14.95_14.90_14.85_14.80_14.75_,98_1657_693_418_117_
11:13:44,14.95,5,6921,15.00_15.05_15.10_15.15_15.20_,175_244_296_99_164_,14.95_14.90_14.85_14.80_14.75_,93_1657_693_418_117_
11:13:54,14.95,5,6921,15.00_15.05_15.10_15.15_15.20_,177_244_296_99_164_,14.95_14.90_14.85_14.80_14.75_,93_1657_693_418_117_
11:14:30,14.95,14,6940,15.00_15.05_15.10_15.15_15.20_,178_244_296_99_164_,14.95_14.90_14.85_14.80_14.75_,85_1657_693_418_117_
11:15:06,15.00,3,6948,15.00_15.05_15.10_15.15_15.20_,178_244_296_99_164_,14.95_14.90_14.85_14.80_14.75_,106_1678_693_418_117_
11:15:16,15.00,3,6948,15.00_15.05_15.10_15.15_15.20_,178_244_296_99_164_,14.95_14.90_14.85_14.80_14.75_,107_1678_693_418_117_
11:15:22,15.00,3,6948,15.00_15.05_15.10_15.15_15.20_,178_244_296_99_164_,14.95_14.90_14.85_14.80_14.75_,110_1678_693_418_117_
11:15:27,15.00,3,6948,15.00_15.05_15.10_15.15_15.20_,178_244_296_99_164_,14.95_14.90_14.85_14.80_14.75_,141_1678_693_418_117_
11:15:37,14.95,9,6957,15.00_15.05_15.10_15.15_15.20_,194_244_296_99_164_,14.95_14.90_14.85_14.80_14.75_,142_1678_693_418_117_
11:15:42,14.95,9,6957,15.00_15.05_15.10_15.15_15.20_,194_244_296_99_164_,14.95_14.90_14.85_14.80_14.75_,142_1698_693_418_117_
11:15:47,14.95,9,6957,15.00_15.05_15.10_15.15_15.20_,194_244_296_99_164_,14.95_14.90_14.85_14.80_14.75_,142_1700_693_418_117_
11:16:33,14.95,5,6979,15.00_15.05_15.10_15.15_15.20_,192_244_296_99_164_,14.95_14.90_14.85_14.80_14.75_,131_1700_703_418_117_
11:17:45,14.90,5,7129,14.95_15.00_15.05_15.10_15.15_,70_138_235_277_99_,14.90_14.85_14.80_14.75_14.70_,1702_705_367_144_277_
11:18:47,14.90,5,7147,14.95_15.00_15.05_15.10_15.15_,67_137_235_277_99_,14.90_14.85_14.80_14.75_14.70_,1729_746_365_145_277_
11:18:52,14.95,2,7149,14.95_15.00_15.05_15.10_15.15_,65_137_235_277_99_,14.90_14.85_14.80_14.75_14.70_,1723_746_365_145_277_
11:18:57,14.95,2,7151,14.95_15.00_15.05_15.10_15.15_,68_137_227_277_99_,14.90_14.85_14.80_14.75_14.70_,1723_746_365_145_277_
11:20:24,14.95,3,7162,14.95_15.00_15.05_15.10_15.15_,63_137_216_277_99_,14.90_14.85_14.80_14.75_14.70_,1730_746_364_145_277_
11:21:10,14.90,2,7165,14.95_15.00_15.05_15.10_15.15_,64_137_217_277_99_,14.90_14.85_14.80_14.75_14.70_,1751_746_364_145_277_
11:21:15,14.90,2,7165,14.95_15.00_15.05_15.10_15.15_,65_137_217_277_99_,14.90_14.85_14.80_14.75_14.70_,1751_746_364_145_277_
11:21:20,14.95,8,7173,14.95_15.00_15.05_15.10_15.15_,57_137_217_277_99_,14.90_14.85_14.80_14.75_14.70_,1751_746_364_145_277_
11:21:25,14.95,8,7173,14.95_15.00_15.05_15.10_15.15_,57_117_223_277_99_,14.90_14.85_14.80_14.75_14.70_,1751_746_364_145_277_
11:21:56,14.95,1,7174,14.95_15.00_15.05_15.10_15.15_,56_117_223_277_99_,14.90_14.85_14.80_14.75_14.70_,1752_746_364_145_277_
11:22:01,14.95,5,7179,14.95_15.00_15.05_15.10_15.15_,51_117_223_277_99_,14.90_14.85_14.80_14.75_14.70_,1752_746_364_145_277_
11:22:06,14.95,3,7182,14.95_15.00_15.05_15.10_15.15_,48_117_223_277_99_,14.90_14.85_14.80_14.75_14.70_,1752_746_364_145_277_
11:22:11,14.95,5,7187,14.95_15.00_15.05_15.10_15.15_,48_117_223_277_99_,14.90_14.85_14.80_14.75_14.70_,1752_746_364_145_277_
11:22:17,14.95,5,7187,14.95_15.00_15.05_15.10_15.15_,51_117_223_277_99_,14.90_14.85_14.80_14.75_14.70_,1752_746_364_145_277_
11:22:22,14.90,4,7191,14.95_15.00_15.05_15.10_15.15_,51_117_223_277_99_,14.90_14.85_14.80_14.75_14.70_,1748_746_364_145_277_
11:22:27,14.95,3,7194,14.95_15.00_15.05_15.10_15.15_,48_117_223_277_99_,14.90_14.85_14.80_14.75_14.70_,1748_746_364_145_277_
11:22:47,14.95,3,7194,14.95_15.00_15.05_15.10_15.15_,48_77_223_277_99_,14.90_14.85_14.80_14.75_14.70_,1758_746_364_145_277_
11:22:52,14.95,5,7199,14.95_15.00_15.05_15.10_15.15_,43_17_223_277_99_,14.90_14.85_14.80_14.75_14.70_,1758_747_364_145_277_
11:22:57,14.95,4,7203,14.95_15.00_15.05_15.10_15.15_,41_17_223_277_99_,14.90_14.85_14.80_14.75_14.70_,1758_747_364_145_277_
11:23:03,14.95,4,7203,14.95_15.00_15.05_15.10_15.15_,46_17_223_277_99_,14.90_14.85_14.80_14.75_14.70_,1758_747_364_145_277_
11:23:13,14.95,17,7220,14.95_15.00_15.05_15.10_15.15_,29_17_223_277_99_,14.90_14.85_14.80_14.75_14.70_,1883_747_364_145_277_
11:23:39,14.95,9,7251,15.00_15.05_15.10_15.15_15.20_,7_217_277_99_164_,14.95_14.90_14.85_14.80_14.75_,21_1885_746_364_145_
11:23:59,14.95,5,7256,15.00_15.05_15.10_15.15_15.20_,18_217_277_99_164_,14.95_14.90_14.85_14.80_14.75_,80_1885_704_400_118_
11:24:50,14.95,9,7283,15.00_15.05_15.10_15.15_15.20_,32_222_277_99_169_,14.95_14.90_14.85_14.80_14.75_,93_1867_704_400_118_
11:25:01,15.00,8,7291,15.00_15.05_15.10_15.15_15.20_,27_222_278_99_169_,14.95_14.90_14.85_14.80_14.75_,95_1859_704_402_118_
11:25:06,14.95,5,7296,15.00_15.05_15.10_15.15_15.20_,27_217_278_99_169_,14.95_14.90_14.85_14.80_14.75_,91_1859_704_402_118_
11:25:16,14.95,4,7300,15.00_15.05_15.10_15.15_15.20_,27_217_278_99_169_,14.95_14.90_14.85_14.80_14.75_,87_1859_706_402_118_
11:25:21,14.95,4,7300,15.00_15.05_15.10_15.15_15.20_,27_217_278_99_169_,14.95_14.90_14.85_14.80_14.75_,89_1859_706_402_118_
11:25:26,15.00,25,7325,15.00_15.05_15.10_15.15_15.20_,4_217_278_99_169_,14.95_14.90_14.85_14.80_14.75_,89_1859_706_402_118_
11:25:31,14.95,9,7334,15.00_15.05_15.10_15.15_15.20_,4_217_278_99_169_,14.95_14.90_14.85_14.80_14.75_,80_1859_706_402_118_
11:25:36,15.00,4,7338,15.05_15.10_15.15_15.20_15.25_,217_278_99_169_28_,15.00_14.95_14.90_14.85_14.80_,35_80_1820_706_402_
11:25:42,15.00,4,7338,15.05_15.10_15.15_15.20_15.25_,235_292_107_169_28_,15.00_14.95_14.90_14.85_14.80_,36_124_1840_737_341_
11:26:18,15.00,6,7375,15.05_15.10_15.15_15.20_15.25_,238_292_107_169_28_,14.95_14.90_14.85_14.80_14.75_,156_1840_735_366_118_
11:26:33,15.00,59,7439,15.00_15.05_15.10_15.15_15.20_,27_223_278_99_169_,14.95_14.90_14.85_14.80_14.75_,157_1840_706_395_118_
11:27:09,14.95,5,7447,15.00_15.05_15.10_15.15_15.20_,58_223_278_99_169_,14.95_14.90_14.85_14.80_14.75_,208_1788_706_395_118_
11:27:40,14.95,5,7453,15.00_15.05_15.10_15.15_15.20_,66_226_284_99_169_,14.95_14.90_14.85_14.80_14.75_,201_1789_706_395_118_
11:27:45,14.95,1,7454,15.00_15.05_15.10_15.15_15.20_,66_226_284_99_169_,14.95_14.90_14.85_14.80_14.75_,201_1789_706_395_118_
11:28:00,15.00,11,7465,15.00_15.05_15.10_15.15_15.20_,55_226_284_99_169_,14.95_14.90_14.85_14.80_14.75_,201_1789_706_395_118_
11:28:05,15.00,11,7465,15.00_15.05_15.10_15.15_15.20_,55_220_278_99_169_,14.95_14.90_14.85_14.80_14.75_,201_1789_705_395_118_
11:28:10,15.00,11,7465,15.00_15.05_15.10_15.15_15.20_,56_220_278_99_169_,14.95_14.90_14.85_14.80_14.75_,207_1810_705_395_118_
11:28:15,15.00,11,7465,15.00_15.05_15.10_15.15_15.20_,58_220_278_99_169_,14.95_14.90_14.85_14.80_14.75_,227_1790_705_395_118_
11:28:51,15.00,5,7478,15.00_15.05_15.10_15.15_15.20_,54_224_278_99_169_,14.95_14.90_14.85_14.80_14.75_,231_1790_705_395_118_
11:29:47,15.00,5,7511,15.00_15.05_15.10_15.15_15.20_,30_224_282_99_169_,14.95_14.90_14.85_14.80_14.75_,225_1790_705_395_118_
11:30:18,15.00,3,7569,15.05_15.10_15.15_15.20_15.25_,212_293_99_169_33_,15.00_14.95_14.90_14.85_14.80_,1_254_1789_749_341_
11:30:59,15.05,36,7606,15.05_15.10_15.15_15.20_15.25_,177_294_105_169_33_,15.00_14.95_14.90_14.85_14.80_,42_237_1808_748_344_
11:31:20,15.05,3,7609,15.05_15.10_15.15_15.20_15.25_,174_294_105_169_93_,15.00_14.95_14.90_14.85_14.80_,67_238_1808_747_346_
11:31:25,15.00,2,7611,15.05_15.10_15.15_15.20_15.25_,179_294_105_169_93_,15.00_14.95_14.90_14.85_14.80_,65_238_1809_747_346_
11:31:35,15.05,2,7614,15.05_15.10_15.15_15.20_15.25_,177_294_105_169_93_,15.00_14.95_14.90_14.85_14.80_,64_238_1810_747_346_
11:31:40,15.05,2,7614,15.05_15.10_15.15_15.20_15.25_,179_294_105_169_93_,15.00_14.95_14.90_14.85_14.80_,64_239_1810_747_346_
11:31:45,15.05,2,7614,15.05_15.10_15.15_15.20_15.25_,181_293_105_169_93_,15.00_14.95_14.90_14.85_14.80_,64_281_1810_747_346_
11:32:06,15.05,2,7614,15.05_15.10_15.15_15.20_15.25_,180_294_105_171_93_,15.00_14.95_14.90_14.85_14.80_,64_281_1810_747_346_
11:33:28,15.05,3,7623,15.05_15.10_15.15_15.20_15.25_,182_294_105_171_93_,15.00_14.95_14.90_14.85_14.80_,84_285_1832_747_347_
11:33:53,15.05,1,7624,15.05_15.10_15.15_15.20_15.25_,182_294_105_171_93_,15.00_14.95_14.90_14.85_14.80_,84_275_1832_747_347_
11:34:09,15.05,42,7666,15.05_15.10_15.15_15.20_15.25_,142_294_105_171_93_,15.00_14.95_14.90_14.85_14.80_,48_264_1837_750_344_
11:34:24,15.05,42,7666,15.05_15.10_15.15_15.20_15.25_,142_293_105_171_93_,15.00_14.95_14.90_14.85_14.80_,48_264_1837_750_344_
11:34:29,15.05,42,7666,15.05_15.10_15.15_15.20_15.25_,143_293_105_171_93_,15.00_14.95_14.90_14.85_14.80_,48_264_1887_750_344_
11:35:05,15.00,1,7671,15.05_15.10_15.15_15.20_15.25_,142_295_105_171_93_,15.00_14.95_14.90_14.85_14.80_,82_228_1887_750_344_
11:35:10,15.00,1,7671,15.05_15.10_15.15_15.20_15.25_,143_295_105_171_93_,15.00_14.95_14.90_14.85_14.80_,85_228_1887_750_344_
11:35:16,15.00,1,7671,15.05_15.10_15.15_15.20_15.25_,143_295_105_171_93_,15.00_14.95_14.90_14.85_14.80_,89_228_1887_750_344_
11:35:21,15.00,1,7671,15.05_15.10_15.15_15.20_15.25_,145_295_105_171_93_,15.00_14.95_14.90_14.85_14.80_,89_229_1887_750_344_
11:36:07,15.00,1,7671,15.05_15.10_15.15_15.20_15.25_,153_295_105_171_93_,15.00_14.95_14.90_14.85_14.80_,93_238_1907_750_344_
11:37:24,15.05,3,7674,15.05_15.10_15.15_15.20_15.25_,154_295_105_172_93_,15.00_14.95_14.90_14.85_14.80_,105_245_1957_750_346_
11:37:34,15.05,3,7674,15.05_15.10_15.15_15.20_15.25_,154_295_105_172_93_,15.00_14.95_14.90_14.85_14.80_,108_245_1966_750_346_
11:37:44,15.05,3,7674,15.05_15.10_15.15_15.20_15.25_,154_295_105_172_93_,15.00_14.95_14.90_14.85_14.80_,104_246_1966_750_346_
11:37:54,15.05,3,7674,15.05_15.10_15.15_15.20_15.25_,150_295_105_172_93_,15.00_14.95_14.90_14.85_14.80_,104_246_1966_750_346_
11:37:59,15.05,3,7674,15.05_15.10_15.15_15.20_15.25_,156_295_105_172_93_,15.00_14.95_14.90_14.85_14.80_,104_246_1966_750_346_
11:38:05,15.00,5,7679,15.05_15.10_15.15_15.20_15.25_,156_295_105_172_93_,15.00_14.95_14.90_14.85_14.80_,99_246_1986_750_346_
11:38:15,15.00,5,7679,15.05_15.10_15.15_15.20_15.25_,156_295_105_172_93_,15.00_14.95_14.90_14.85_14.80_,105_246_1986_750_346_
11:38:20,15.00,5,7679,15.05_15.10_15.15_15.20_15.25_,156_295_105_172_93_,15.00_14.95_14.90_14.85_14.80_,125_246_1986_750_346_
11:38:25,15.00,5,7679,15.05_15.10_15.15_15.20_15.25_,156_295_105_172_93_,15.00_14.95_14.90_14.85_14.80_,125_246_1987_750_346_
11:39:26,15.00,22,7715,15.05_15.10_15.15_15.20_15.25_,159_297_107_172_93_,15.00_14.95_14.90_14.85_14.80_,89_286_1987_750_346_
11:40:07,15.00,5,7720,15.05_15.10_15.15_15.20_15.25_,154_297_107_172_93_,15.00_14.95_14.90_14.85_14.80_,85_287_1987_750_346_
11:40:17,15.00,5,7720,15.05_15.10_15.15_15.20_15.25_,154_297_107_172_93_,15.00_14.95_14.90_14.85_14.80_,113_287_1957_750_346_
11:41:04,15.05,1,7741,15.05_15.10_15.15_15.20_15.25_,134_297_107_171_93_,15.00_14.95_14.90_14.85_14.80_,105_292_2076_750_346_
11:41:14,15.00,7,7753,15.05_15.10_15.15_15.20_15.25_,135_298_107_171_93_,15.00_14.95_14.90_14.85_14.80_,93_297_2076_750_346_
11:41:19,15.00,1,7754,15.05_15.10_15.15_15.20_15.25_,135_298_107_171_93_,15.00_14.95_14.90_14.85_14.80_,132_257_2076_750_346_
11:41:45,15.00,5,7761,15.05_15.10_15.15_15.20_15.25_,135_298_107_171_93_,15.00_14.95_14.90_14.85_14.80_,125_257_2076_750_346_
11:42:00,15.00,4,7765,15.05_15.10_15.15_15.20_15.25_,140_298_107_171_93_,15.00_14.95_14.90_14.85_14.80_,321_257_2076_750_346_
11:42:05,15.00,4,7765,15.05_15.10_15.15_15.20_15.25_,140_298_107_173_93_,15.00_14.95_14.90_14.85_14.80_,325_257_2076_750_346_
11:42:15,15.00,4,7765,15.05_15.10_15.15_15.20_15.25_,140_298_107_173_93_,15.00_14.95_14.90_14.85_14.80_,325_257_2076_740_346_
11:42:20,15.00,4,7765,15.05_15.10_15.15_15.20_15.25_,145_298_107_173_93_,15.00_14.95_14.90_14.85_14.80_,325_257_2076_740_346_
11:42:26,15.00,8,7773,15.05_15.10_15.15_15.20_15.25_,143_298_107_173_93_,15.00_14.95_14.90_14.85_14.80_,317_257_2076_740_346_
11:42:31,15.00,8,7773,15.05_15.10_15.15_15.20_15.25_,143_298_107_173_93_,15.00_14.95_14.90_14.85_14.80_,318_257_2076_740_346_
11:42:36,15.00,8,7773,15.05_15.10_15.15_15.20_15.25_,120_298_107_173_93_,15.00_14.95_14.90_14.85_14.80_,318_257_2076_740_346_
11:43:32,15.00,1,7795,15.05_15.10_15.15_15.20_15.25_,105_298_107_173_93_,15.00_14.95_14.90_14.85_14.80_,349_237_2097_740_347_
11:44:03,15.00,1,7795,15.05_15.10_15.15_15.20_15.25_,107_298_107_173_93_,15.00_14.95_14.90_14.85_14.80_,355_237_2098_740_347_
11:44:18,15.00,1,7795,15.05_15.10_15.15_15.20_15.25_,107_298_107_173_93_,15.00_14.95_14.90_14.85_14.80_,356_237_2098_740_347_
11:44:24,15.05,4,7799,15.05_15.10_15.15_15.20_15.25_,104_298_107_173_93_,15.00_14.95_14.90_14.85_14.80_,356_237_2098_740_347_
11:44:29,15.05,4,7799,15.05_15.10_15.15_15.20_15.25_,104_298_107_173_93_,15.00_14.95_14.90_14.85_14.80_,359_234_2098_740_347_
11:45:20,15.05,3,7836,15.05_15.10_15.15_15.20_15.25_,96_298_107_173_93_,15.00_14.95_14.90_14.85_14.80_,357_234_2097_740_347_
11:45:30,15.00,32,7868,15.05_15.10_15.15_15.20_15.25_,98_298_107_173_93_,15.00_14.95_14.90_14.85_14.80_,325_234_2117_740_347_
11:45:35,15.00,32,7868,15.05_15.10_15.15_15.20_15.25_,98_299_107_173_93_,15.00_14.95_14.90_14.85_14.80_,326_234_2117_740_347_
11:45:46,15.00,32,7868,15.05_15.10_15.15_15.20_15.25_,98_299_107_173_93_,15.00_14.95_14.90_14.85_14.80_,326_232_2117_740_347_
11:47:33,15.00,5,7948,15.05_15.10_15.15_15.20_15.25_,47_296_102_173_94_,15.00_14.95_14.90_14.85_14.80_,310_271_2121_740_347_
11:47:38,15.00,5,7948,15.05_15.10_15.15_15.20_15.25_,51_296_102_173_94_,15.00_14.95_14.90_14.85_14.80_,310_271_2121_740_347_
11:47:49,15.00,5,7948,15.05_15.10_15.15_15.20_15.25_,51_301_102_173_94_,15.00_14.95_14.90_14.85_14.80_,310_271_2121_740_347_
11:47:54,15.00,5,7948,15.05_15.10_15.15_15.20_15.25_,51_301_102_173_94_,15.00_14.95_14.90_14.85_14.80_,310_271_2120_740_347_
11:47:59,15.00,5,7948,15.05_15.10_15.15_15.20_15.25_,51_301_102_173_94_,15.00_14.95_14.90_14.85_14.80_,310_272_2140_740_347_
11:48:29,15.05,3,8003,15.10_15.15_15.20_15.25_15.30_,317_105_173_94_194_,15.05_15.00_14.95_14.90_14.85_,46_379_236_2175_672_
11:48:35,15.05,3,8003,15.10_15.15_15.20_15.25_15.30_,304_105_173_94_194_,15.05_15.00_14.95_14.90_14.85_,46_379_236_2175_672_
11:48:40,15.05,35,8038,15.10_15.15_15.20_15.25_15.30_,304_105_173_94_194_,15.05_15.00_14.95_14.90_14.85_,11_379_236_2175_672_
11:48:55,15.05,35,8038,15.10_15.15_15.20_15.25_15.30_,304_105_173_95_194_,15.05_15.00_14.95_14.90_14.85_,11_379_233_2175_672_
11:49:00,15.05,35,8038,15.10_15.15_15.20_15.25_15.30_,304_105_173_95_194_,15.05_15.00_14.95_14.90_14.85_,30_378_215_2175_672_
11:49:05,15.05,35,8038,15.10_15.15_15.20_15.25_15.30_,333_105_173_95_194_,15.05_15.00_14.95_14.90_14.85_,230_178_215_2175_672_
11:49:10,15.05,35,8038,15.10_15.15_15.20_15.25_15.30_,333_106_173_95_194_,15.05_15.00_14.95_14.90_14.85_,230_178_215_2175_672_
11:49:15,15.05,35,8038,15.10_15.15_15.20_15.25_15.30_,333_106_173_95_194_,15.05_15.00_14.95_14.90_14.85_,230_170_215_2175_672_
11:50:37,15.05,2,8054,15.10_15.15_15.20_15.25_15.30_,353_106_173_95_194_,15.05_15.00_14.95_14.90_14.85_,268_133_205_2195_672_
11:50:53,15.05,2,8054,15.10_15.15_15.20_15.25_15.30_,363_106_173_95_194_,15.05_15.00_14.95_14.90_14.85_,268_133_205_2195_672_
11:53:11,15.05,5,8100,15.10_15.15_15.20_15.25_15.30_,394_109_175_95_194_,15.05_15.00_14.95_14.90_14.85_,265_174_205_2216_672_
11:53:26,15.05,1,8111,15.10_15.15_15.20_15.25_15.30_,394_109_175_95_194_,15.05_15.00_14.95_14.90_14.85_,254_174_205_2216_672_
11:53:36,15.05,5,8116,15.10_15.15_15.20_15.25_15.30_,397_109_175_95_194_,15.05_15.00_14.95_14.90_14.85_,249_176_205_2216_672_
11:53:42,15.05,5,8116,15.10_15.15_15.20_15.25_15.30_,397_109_175_95_194_,15.05_15.00_14.95_14.90_14.85_,259_176_205_2216_672_
11:53:52,15.05,5,8116,15.10_15.15_15.20_15.25_15.30_,397_109_175_95_194_,15.05_15.00_14.95_14.90_14.85_,260_176_205_2216_672_
11:53:57,15.05,5,8116,15.10_15.15_15.20_15.25_15.30_,398_109_175_95_194_,15.05_15.00_14.95_14.90_14.85_,260_176_205_2216_672_
11:54:07,15.05,5,8116,15.10_15.15_15.20_15.25_15.30_,402_109_175_95_194_,15.05_15.00_14.95_14.90_14.85_,262_176_205_2216_672_
11:54:12,15.05,5,8116,15.10_15.15_15.20_15.25_15.30_,403_109_175_95_194_,15.05_15.00_14.95_14.90_14.85_,262_176_205_2216_672_
11:54:17,15.05,5,8116,15.10_15.15_15.20_15.25_15.30_,402_109_175_95_194_,15.05_15.00_14.95_14.90_14.85_,263_176_205_2216_672_
11:54:28,15.05,5,8116,15.10_15.15_15.20_15.25_15.30_,404_109_175_95_194_,15.05_15.00_14.95_14.90_14.85_,263_176_205_2216_672_
11:55:03,15.05,5,8116,15.10_15.15_15.20_15.25_15.30_,407_109_175_95_194_,15.05_15.00_14.95_14.90_14.85_,268_176_704_2218_672_
11:55:19,15.05,5,8116,15.10_15.15_15.20_15.25_15.30_,407_109_175_95_194_,15.05_15.00_14.95_14.90_14.85_,268_176_684_2218_672_
11:55:29,15.05,5,8116,15.10_15.15_15.20_15.25_15.30_,407_109_175_95_194_,15.05_15.00_14.95_14.90_14.85_,269_176_185_2238_672_
11:55:50,15.05,4,8120,15.10_15.15_15.20_15.25_15.30_,407_109_175_95_194_,15.05_15.00_14.95_14.90_14.85_,265_176_185_2238_672_
11:56:30,15.05,1,8163,15.10_15.15_15.20_15.25_15.30_,369_109_175_95_194_,15.05_15.00_14.95_14.90_14.85_,261_138_185_2238_672_
11:56:46,15.05,1,8163,15.10_15.15_15.20_15.25_15.30_,369_109_175_95_194_,15.05_15.00_14.95_14.90_14.85_,273_138_185_2238_672_
11:57:01,15.05,3,8167,15.10_15.15_15.20_15.25_15.30_,373_110_175_95_194_,15.05_15.00_14.95_14.90_14.85_,270_180_185_2238_672_
11:57:42,15.05,5,8172,15.10_15.15_15.20_15.25_15.30_,381_110_175_95_194_,15.05_15.00_14.95_14.90_14.85_,268_180_205_2238_672_
11:57:47,15.05,5,8172,15.10_15.15_15.20_15.25_15.30_,385_110_175_95_194_,15.05_15.00_14.95_14.90_14.85_,268_180_205_2238_672_
11:57:58,15.05,5,8172,15.10_15.15_15.20_15.25_15.30_,387_110_175_95_194_,15.05_15.00_14.95_14.90_14.85_,268_180_205_2258_672_
11:59:50,15.10,6,8198,15.10_15.15_15.20_15.25_15.30_,355_110_175_95_194_,15.05_15.00_14.95_14.90_14.85_,261_155_180_2258_698_
11:59:55,15.10,6,8198,15.10_15.15_15.20_15.25_15.30_,356_110_175_95_194_,15.05_15.00_14.95_14.90_14.85_,260_155_180_2258_698_
12:00:00,15.10,1,8199,15.10_15.15_15.20_15.25_15.30_,358_110_175_95_194_,15.05_15.00_14.95_14.90_14.85_,262_155_180_2258_698_
12:00:11,15.05,5,8204,15.10_15.15_15.20_15.25_15.30_,355_110_175_95_194_,15.05_15.00_14.95_14.90_14.85_,257_155_180_2258_695_
12:00:36,15.05,5,8204,15.10_15.15_15.20_15.25_15.30_,379_110_175_95_194_,15.05_15.00_14.95_14.90_14.85_,257_155_205_2281_695_
12:00:57,15.05,5,8204,15.10_15.15_15.20_15.25_15.30_,381_110_175_95_194_,15.05_15.00_14.95_14.90_14.85_,258_155_205_2281_695_
12:01:17,15.05,3,8207,15.10_15.15_15.20_15.25_15.30_,386_110_175_95_194_,15.05_15.00_14.95_14.90_14.85_,255_155_205_2281_695_
12:03:41,15.05,5,9112,15.10_15.15_15.20_15.25_15.30_,4_78_175_95_194_,15.05_15.00_14.95_14.90_14.85_,189_187_201_2303_670_
12:03:56,15.10,4,9116,15.15_15.20_15.25_15.30_15.35_,81_173_95_194_23_,15.10_15.05_15.00_14.95_14.90_,3_191_187_201_2295_
12:04:01,15.10,4,9116,15.15_15.20_15.25_15.30_15.35_,84_175_95_194_23_,15.10_15.05_15.00_14.95_14.90_,59_199_147_234_2261_
12:04:06,15.15,5,9121,15.15_15.20_15.25_15.30_15.35_,80_175_95_194_23_,15.10_15.05_15.00_14.95_14.90_,70_199_147_234_2261_
12:04:11,15.10,5,9126,15.15_15.20_15.25_15.30_15.35_,80_175_95_194_23_,15.10_15.05_15.00_14.95_14.90_,65_199_147_234_2261_
12:04:27,15.10,5,9141,15.15_15.20_15.25_15.30_15.35_,105_175_106_194_28_,15.10_15.05_15.00_14.95_14.90_,50_199_148_234_2261_
12:06:25,15.10,23,9233,15.15_15.20_15.25_15.30_15.35_,154_175_106_194_30_,15.10_15.05_15.00_14.95_14.90_,7_228_147_238_2281_
12:06:35,15.10,1,9237,15.15_15.20_15.25_15.30_15.35_,152_175_106_194_30_,15.10_15.05_15.00_14.95_14.90_,1_232_147_238_2281_
12:06:45,15.10,1,9238,15.10_15.15_15.20_15.25_15.30_,13_155_175_106_194_,15.05_15.00_14.95_14.90_14.85_,232_160_243_2281_670_
12:06:50,15.10,1,9238,15.10_15.15_15.20_15.25_15.30_,24_139_175_106_194_,15.05_15.00_14.95_14.90_14.85_,232_160_210_2310_670_
12:07:26,15.05,5,9243,15.10_15.15_15.20_15.25_15.30_,67_106_184_106_196_,15.05_15.00_14.95_14.90_14.85_,236_163_210_2310_670_
12:07:37,15.05,9,9252,15.10_15.15_15.20_15.25_15.30_,67_106_184_106_196_,15.05_15.00_14.95_14.90_14.85_,227_163_210_2310_670_
12:07:42,15.10,1,9253,15.10_15.15_15.20_15.25_15.30_,66_106_184_106_196_,15.05_15.00_14.95_14.90_14.85_,227_163_210_2310_670_
12:07:47,15.10,1,9253,15.10_15.15_15.20_15.25_15.30_,69_106_184_106_196_,15.05_15.00_14.95_14.90_14.85_,227_163_210_2310_670_
12:07:52,15.05,5,9258,15.10_15.15_15.20_15.25_15.30_,72_106_184_106_196_,15.05_15.00_14.95_14.90_14.85_,222_163_210_2330_670_
12:07:57,15.05,5,9258,15.10_15.15_15.20_15.25_15.30_,72_106_184_106_196_,15.05_15.00_14.95_14.90_14.85_,213_163_210_2330_670_
12:08:02,15.10,3,9261,15.10_15.15_15.20_15.25_15.30_,69_106_184_106_196_,15.05_15.00_14.95_14.90_14.85_,213_163_210_2330_670_
12:08:12,15.05,11,9272,15.10_15.15_15.20_15.25_15.30_,69_106_184_106_196_,15.05_15.00_14.95_14.90_14.85_,202_163_210_2330_670_
12:08:18,15.05,5,9277,15.10_15.15_15.20_15.25_15.30_,114_106_184_106_198_,15.05_15.00_14.95_14.90_14.85_,197_163_210_2330_670_
12:08:23,15.05,5,9277,15.10_15.15_15.20_15.25_15.30_,116_106_184_106_198_,15.05_15.00_14.95_14.90_14.85_,197_163_210_2330_670_
12:09:09,15.05,24,9342,15.10_15.15_15.20_15.25_15.30_,176_108_184_106_198_,15.05_15.00_14.95_14.90_14.85_,129_163_211_2331_670_
12:09:19,15.05,24,9342,15.10_15.15_15.20_15.25_15.30_,176_108_184_106_198_,15.05_15.00_14.95_14.90_14.85_,130_163_211_2331_670_
12:09:29,15.05,24,9342,15.10_15.15_15.20_15.25_15.30_,178_108_184_106_198_,15.05_15.00_14.95_14.90_14.85_,130_164_211_2331_670_
12:09:50,15.05,5,9347,15.10_15.15_15.20_15.25_15.30_,181_108_184_106_198_,15.05_15.00_14.95_14.90_14.85_,126_164_211_2331_670_
12:09:55,15.05,5,9347,15.10_15.15_15.20_15.25_15.30_,170_108_184_106_198_,15.05_15.00_14.95_14.90_14.85_,126_208_211_2331_670_
12:10:00,15.05,9,9356,15.10_15.15_15.20_15.25_15.30_,170_108_184_106_198_,15.05_15.00_14.95_14.90_14.85_,117_208_211_2331_670_
12:10:05,15.05,9,9356,15.10_15.15_15.20_15.25_15.30_,231_108_184_106_198_,15.05_15.00_14.95_14.90_14.85_,117_208_191_2331_670_
12:10:15,15.05,27,9383,15.10_15.15_15.20_15.25_15.30_,182_108_184_106_198_,15.05_15.00_14.95_14.90_14.85_,90_208_191_2331_670_
12:10:20,15.05,27,9383,15.10_15.15_15.20_15.25_15.30_,184_108_184_106_198_,15.05_15.00_14.95_14.90_14.85_,90_208_191_2351_667_
12:10:31,15.05,4,9387,15.10_15.15_15.20_15.25_15.30_,184_108_184_106_198_,15.05_15.00_14.95_14.90_14.85_,86_208_191_2351_667_
12:11:06,15.05,1,9449,15.10_15.15_15.20_15.25_15.30_,183_108_184_106_198_,15.05_15.00_14.95_14.90_14.85_,14_208_192_2351_667_
12:11:11,15.00,15,9464,15.05_15.10_15.15_15.20_15.25_,13_183_108_184_106_,15.00_14.95_14.90_14.85_14.80_,207_192_2351_667_347_
12:11:17,15.00,15,9464,15.05_15.10_15.15_15.20_15.25_,21_162_108_184_106_,15.00_14.95_14.90_14.85_14.80_,182_194_2322_718_347_
12:11:22,15.00,15,9464,15.05_15.10_15.15_15.20_15.25_,28_162_108_184_106_,15.00_14.95_14.90_14.85_14.80_,182_194_2322_718_347_
12:11:27,15.00,14,9478,15.05_15.10_15.15_15.20_15.25_,29_156_108_184_106_,15.00_14.95_14.90_14.85_14.80_,168_194_2322_718_347_
12:11:32,15.00,7,9485,15.05_15.10_15.15_15.20_15.25_,57_142_108_184_106_,15.00_14.95_14.90_14.85_14.80_,161_194_2322_718_347_
12:11:37,15.00,32,9517,15.05_15.10_15.15_15.20_15.25_,59_141_108_184_106_,15.00_14.95_14.90_14.85_14.80_,129_194_2322_718_347_
12:12:44,15.00,32,9517,15.05_15.10_15.15_15.20_15.25_,64_167_89_187_106_,15.00_14.95_14.90_14.85_14.80_,153_211_2322_718_347_
12:12:49,15.00,32,9517,15.05_15.10_15.15_15.20_15.25_,67_167_89_187_106_,15.00_14.95_14.90_14.85_14.80_,153_211_2342_718_347_
12:14:11,15.05,4,9525,15.05_15.10_15.15_15.20_15.25_,42_167_92_187_105_,15.00_14.95_14.90_14.85_14.80_,192_213_2353_718_347_
12:14:16,15.05,4,9525,15.05_15.10_15.15_15.20_15.25_,52_167_92_187_105_,15.00_14.95_14.90_14.85_14.80_,192_213_2353_718_347_
12:15:18,15.00,9,9540,15.05_15.10_15.15_15.20_15.25_,52_170_92_187_105_,15.00_14.95_14.90_14.85_14.80_,173_213_2373_718_345_
12:15:23,15.00,9,9540,15.05_15.10_15.15_15.20_15.25_,52_170_92_187_105_,15.00_14.95_14.90_14.85_14.80_,175_213_2373_718_345_
12:15:33,15.05,1,9541,15.05_15.10_15.15_15.20_15.25_,51_159_92_187_105_,15.00_14.95_14.90_14.85_14.80_,175_213_2373_718_345_
12:15:38,15.05,1,9541,15.05_15.10_15.15_15.20_15.25_,62_159_92_187_105_,15.00_14.95_14.90_14.85_14.80_,180_213_2373_718_345_
12:15:43,15.05,1,9541,15.05_15.10_15.15_15.20_15.25_,63_160_91_187_105_,15.00_14.95_14.90_14.85_14.80_,180_213_2373_718_345_
12:15:54,15.05,1,9541,15.05_15.10_15.15_15.20_15.25_,65_160_91_187_105_,15.00_14.95_14.90_14.85_14.80_,180_213_2373_718_345_
12:15:59,15.05,1,9541,15.05_15.10_15.15_15.20_15.25_,60_160_91_187_105_,15.00_14.95_14.90_14.85_14.80_,180_213_2373_718_345_
12:16:04,15.05,1,9541,15.05_15.10_15.15_15.20_15.25_,64_160_91_187_105_,15.00_14.95_14.90_14.85_14.80_,180_214_2373_718_345_
12:17:21,15.05,15,9573,15.05_15.10_15.15_15.20_15.25_,68_161_91_187_105_,15.00_14.95_14.90_14.85_14.80_,167_261_2373_718_345_
12:17:36,15.00,13,9586,15.05_15.10_15.15_15.20_15.25_,78_161_91_187_105_,15.00_14.95_14.90_14.85_14.80_,154_251_2373_718_345_
12:18:48,15.00,27,9669,15.05_15.10_15.15_15.20_15.25_,132_161_91_187_105_,15.00_14.95_14.90_14.85_14.80_,75_251_2390_718_345_
12:18:53,15.00,63,9732,15.05_15.10_15.15_15.20_15.25_,78_161_91_187_105_,15.00_14.95_14.90_14.85_14.80_,12_251_2390_718_348_
12:18:58,15.00,1,9733,15.05_15.10_15.15_15.20_15.25_,77_161_91_187_105_,15.00_14.95_14.90_14.85_14.80_,11_251_2390_718_348_
12:19:03,15.00,1,9733,15.05_15.10_15.15_15.20_15.25_,81_161_91_187_105_,15.00_14.95_14.90_14.85_14.80_,11_231_2390_718_348_
12:19:08,15.00,1,9733,15.05_15.10_15.15_15.20_15.25_,88_161_91_187_105_,15.00_14.95_14.90_14.85_14.80_,11_231_2395_718_348_
12:19:29,15.00,7,9740,15.05_15.10_15.15_15.20_15.25_,88_161_91_187_105_,15.00_14.95_14.90_14.85_14.80_,4_231_2395_718_348_
12:19:39,14.95,7,9747,15.05_15.10_15.15_15.20_15.25_,88_161_91_187_105_,14.95_14.90_14.85_14.80_14.75_,231_2395_718_348_118_
12:19:44,14.95,2,9749,15.05_15.10_15.15_15.20_15.25_,88_160_91_188_105_,14.95_14.90_14.85_14.80_14.75_,229_2397_720_348_118_
12:19:49,14.95,2,9749,15.05_15.10_15.15_15.20_15.25_,84_160_91_188_105_,15.00_14.95_14.90_14.85_14.80_,10_229_2397_720_348_
12:20:00,15.00,1,9750,15.05_15.10_15.15_15.20_15.25_,83_160_91_188_45_,15.00_14.95_14.90_14.85_14.80_,20_229_2397_718_348_
12:20:05,15.05,35,9785,15.05_15.10_15.15_15.20_15.25_,56_220_91_188_45_,15.00_14.95_14.90_14.85_14.80_,20_228_2397_718_348_
12:21:11,15.00,5,9827,15.00_15.05_15.10_15.15_15.20_,24_39_223_91_187_,14.95_14.90_14.85_14.80_14.75_,231_2417_692_381_118_
12:21:17,15.00,5,9827,15.00_15.05_15.10_15.15_15.20_,24_41_221_91_187_,14.95_14.90_14.85_14.80_14.75_,231_2417_692_381_118_
12:21:27,15.00,6,9833,15.00_15.05_15.10_15.15_15.20_,18_41_221_91_187_,14.95_14.90_14.85_14.80_14.75_,231_2417_692_381_118_
12:21:32,15.00,6,9833,15.00_15.05_15.10_15.15_15.20_,18_35_221_91_187_,14.95_14.90_14.85_14.80_14.75_,232_2417_692_381_118_
12:21:37,15.00,10,9843,15.00_15.05_15.10_15.15_15.20_,9_30_221_91_187_,14.95_14.90_14.85_14.80_14.75_,232_2417_692_381_118_
12:21:42,15.00,1,9844,15.00_15.05_15.10_15.15_15.20_,19_23_221_91_187_,14.95_14.90_14.85_14.80_14.75_,232_2417_692_381_118_
12:22:08,15.00,1,9844,15.00_15.05_15.10_15.15_15.20_,30_23_227_92_187_,14.95_14.90_14.85_14.80_14.75_,234_2417_692_381_118_
12:22:59,15.00,14,9893,15.05_15.10_15.15_15.20_15.25_,17_167_96_187_45_,15.00_14.95_14.90_14.85_14.80_,325_213_2439_719_350_
12:23:55,15.05,5,9898,15.05_15.10_15.15_15.20_15.25_,24_168_96_187_45_,15.00_14.95_14.90_14.85_14.80_,352_264_2439_694_350_
12:24:21,15.05,1,9899,15.05_15.10_15.15_15.20_15.25_,23_168_96_187_45_,15.00_14.95_14.90_14.85_14.80_,352_264_2439_697_347_
12:24:42,15.05,1,9899,15.05_15.10_15.15_15.20_15.25_,26_172_96_187_45_,15.00_14.95_14.90_14.85_14.80_,365_264_2439_697_347_
12:24:47,15.05,1,9899,15.05_15.10_15.15_15.20_15.25_,29_172_96_187_45_,15.00_14.95_14.90_14.85_14.80_,365_264_2439_697_347_
12:24:57,15.05,1,9899,15.05_15.10_15.15_15.20_15.25_,29_172_97_187_45_,15.00_14.95_14.90_14.85_14.80_,365_264_2439_697_347_
12:25:02,15.05,1,9899,15.05_15.10_15.15_15.20_15.25_,29_172_97_187_45_,15.00_14.95_14.90_14.85_14.80_,366_264_2439_697_347_
12:25:07,15.05,1,9899,15.05_15.10_15.15_15.20_15.25_,31_172_101_187_45_,15.00_14.95_14.90_14.85_14.80_,366_264_2439_698_347_
12:25:12,15.05,1,9899,15.05_15.10_15.15_15.20_15.25_,31_172_101_187_45_,15.00_14.95_14.90_14.85_14.80_,366_264_2459_698_347_
12:25:58,15.05,30,9958,15.05_15.10_15.15_15.20_15.25_,13_172_101_187_45_,15.00_14.95_14.90_14.85_14.80_,340_264_2459_698_347_
12:26:04,15.00,10,9968,15.05_15.10_15.15_15.20_15.25_,13_173_101_187_45_,15.00_14.95_14.90_14.85_14.80_,330_264_2459_698_347_
12:27:05,15.10,41,10012,15.10_15.15_15.20_15.25_15.30_,163_101_187_45_202_,15.00_14.95_14.90_14.85_14.80_,290_265_2462_701_347_
12:27:57,15.10,1,10013,15.05_15.10_15.15_15.20_15.25_,99_164_101_187_45_,15.00_14.95_14.90_14.85_14.80_,265_265_2683_723_347_
12:28:02,15.10,1,10013,15.05_15.10_15.15_15.20_15.25_,99_164_101_187_45_,15.00_14.95_14.90_14.85_14.80_,306_224_2683_723_347_
12:28:07,15.05,1,10014,15.05_15.10_15.15_15.20_15.25_,98_165_101_187_45_,15.00_14.95_14.90_14.85_14.80_,306_224_2683_723_347_
12:28:12,15.05,1,10014,15.05_15.10_15.15_15.20_15.25_,100_165_101_187_45_,15.00_14.95_14.90_14.85_14.80_,306_224_2683_723_347_
12:30:15,15.00,2,10022,15.05_15.10_15.15_15.20_15.25_,165_173_106_182_45_,15.00_14.95_14.90_14.85_14.80_,380_261_2710_723_347_
12:30:46,15.00,2,10022,15.05_15.10_15.15_15.20_15.25_,175_173_106_182_45_,15.00_14.95_14.90_14.85_14.80_,380_282_2710_723_347_
12:31:32,15.00,3,10042,15.05_15.10_15.15_15.20_15.25_,158_173_105_182_45_,15.00_14.95_14.90_14.85_14.80_,373_281_2710_723_347_
12:31:37,15.00,3,10042,15.05_15.10_15.15_15.20_15.25_,158_173_105_182_45_,15.00_14.95_14.90_14.85_14.80_,375_281_2709_723_347_
12:31:42,15.00,3,10042,15.05_15.10_15.15_15.20_15.25_,161_173_105_182_45_,15.00_14.95_14.90_14.85_14.80_,375_281_2709_723_347_
12:31:47,15.00,3,10042,15.05_15.10_15.15_15.20_15.25_,170_173_105_182_45_,15.00_14.95_14.90_14.85_14.80_,375_281_2709_723_347_
12:31:52,15.00,3,10042,15.05_15.10_15.15_15.20_15.25_,173_173_105_182_45_,15.00_14.95_14.90_14.85_14.80_,375_281_2709_723_347_
12:32:23,15.00,6,10051,15.05_15.10_15.15_15.20_15.25_,169_173_105_182_45_,15.00_14.95_14.90_14.85_14.80_,369_281_2709_723_347_
12:32:28,15.00,3,10054,15.05_15.10_15.15_15.20_15.25_,168_173_107_182_45_,15.00_14.95_14.90_14.85_14.80_,366_281_2709_723_347_
12:32:38,15.00,3,10054,15.05_15.10_15.15_15.20_15.25_,171_173_107_182_45_,15.00_14.95_14.90_14.85_14.80_,366_281_2729_723_347_
12:32:43,15.00,3,10054,15.05_15.10_15.15_15.20_15.25_,179_173_107_182_45_,15.00_14.95_14.90_14.85_14.80_,366_281_2729_723_347_
12:33:04,15.00,1,10093,15.05_15.10_15.15_15.20_15.25_,141_174_107_182_45_,15.00_14.95_14.90_14.85_14.80_,323_284_2729_723_347_
12:33:09,15.00,19,10112,15.05_15.10_15.15_15.20_15.25_,141_174_107_182_45_,15.00_14.95_14.90_14.85_14.80_,307_284_2729_723_347_
12:33:14,15.00,19,10112,15.05_15.10_15.15_15.20_15.25_,141_174_107_182_45_,15.00_14.95_14.90_14.85_14.80_,317_284_2729_723_347_
12:33:24,15.00,34,10146,15.05_15.10_15.15_15.20_15.25_,139_174_107_182_45_,15.00_14.95_14.90_14.85_14.80_,288_284_2729_723_347_
12:34:47,15.00,1,10187,15.05_15.10_15.15_15.20_15.25_,121_175_107_183_45_,15.00_14.95_14.90_14.85_14.80_,320_238_2679_1036_347_
12:35:02,15.00,1,10187,15.05_15.10_15.15_15.20_15.25_,126_176_107_183_45_,15.00_14.95_14.90_14.85_14.80_,321_238_2677_1036_347_
12:35:43,15.00,5,10216,15.05_15.10_15.15_15.20_15.25_,166_176_107_183_45_,15.00_14.95_14.90_14.85_14.80_,292_280_2696_1036_347_
12:35:48,15.00,5,10216,15.05_15.10_15.15_15.20_15.25_,166_176_107_184_45_,15.00_14.95_14.90_14.85_14.80_,292_280_2696_1036_347_
12:36:44,15.00,5,10231,15.05_15.10_15.15_15.20_15.25_,173_176_107_184_45_,15.00_14.95_14.90_14.85_14.80_,287_282_2686_1036_327_
12:38:12,15.00,2,10463,15.05_15.10_15.15_15.20_15.25_,151_176_127_184_45_,15.00_14.95_14.90_14.85_14.80_,68_285_2688_1036_329_
12:38:17,15.00,50,10513,15.05_15.10_15.15_15.20_15.25_,151_178_127_184_45_,15.00_14.95_14.90_14.85_14.80_,18_285_2688_1036_329_
12:38:22,15.00,18,10531,15.00_15.05_15.10_15.15_15.20_,19_117_178_127_184_,14.95_14.90_14.85_14.80_14.75_,285_2688_1036_329_118_
12:38:27,15.00,18,10531,15.00_15.05_15.10_15.15_15.20_,29_91_178_127_184_,14.95_14.90_14.85_14.80_14.75_,285_2689_1009_374_118_
12:40:04,14.95,3,10564,15.00_15.05_15.10_15.15_15.20_,87_84_240_127_184_,14.95_14.90_14.85_14.80_14.75_,282_2693_1009_374_118_
12:40:09,14.95,3,10564,15.00_15.05_15.10_15.15_15.20_,87_84_240_127_184_,14.95_14.90_14.85_14.80_14.75_,283_2693_1009_374_118_
12:40:14,14.95,3,10564,15.00_15.05_15.10_15.15_15.20_,87_84_240_127_184_,14.95_14.90_14.85_14.80_14.75_,289_2693_1009_374_118_
12:40:19,14.95,2,10566,15.00_15.05_15.10_15.15_15.20_,88_85_240_127_184_,14.95_14.90_14.85_14.80_14.75_,287_2693_1009_374_118_
12:40:25,14.95,2,10566,15.00_15.05_15.10_15.15_15.20_,90_88_240_123_184_,14.95_14.90_14.85_14.80_14.75_,287_2693_1009_374_118_
12:41:06,14.95,1,10576,15.00_15.05_15.10_15.15_15.20_,95_90_244_123_184_,14.95_14.90_14.85_14.80_14.75_,260_2733_1009_399_118_
12:41:11,14.95,1,10576,15.00_15.05_15.10_15.15_15.20_,97_90_244_127_184_,14.95_14.90_14.85_14.80_14.75_,260_2733_1009_399_118_
12:42:48,14.95,3,10591,15.00_15.05_15.10_15.15_15.20_,108_90_244_127_184_,14.95_14.90_14.85_14.80_14.75_,256_2733_1009_400_108_
12:43:45,14.95,2,10717,15.00_15.05_15.10_15.15_15.20_,5_108_244_128_183_,14.95_14.90_14.85_14.80_14.75_,261_2733_1009_376_110_
12:43:55,15.00,5,10722,15.00_15.05_15.10_15.15_15.20_,14_90_244_128_183_,14.95_14.90_14.85_14.80_14.75_,293_2733_1009_377_110_
12:44:05,15.00,1,10723,15.00_15.05_15.10_15.15_15.20_,17_90_244_128_183_,14.95_14.90_14.85_14.80_14.75_,293_2733_979_377_110_
12:44:20,15.00,1,10723,15.00_15.05_15.10_15.15_15.20_,19_90_244_128_183_,14.95_14.90_14.85_14.80_14.75_,293_2733_979_377_110_
12:44:31,15.00,10,10733,15.00_15.05_15.10_15.15_15.20_,9_90_244_128_183_,14.95_14.90_14.85_14.80_14.75_,293_2738_979_377_110_
12:44:41,15.00,10,10733,15.00_15.05_15.10_15.15_15.20_,9_90_244_128_183_,14.95_14.90_14.85_14.80_14.75_,294_2738_979_377_110_
12:44:46,15.00,9,10742,15.00_15.05_15.10_15.15_15.20_,34_90_244_128_183_,14.95_14.90_14.85_14.80_14.75_,294_2738_979_377_110_
12:44:51,15.00,9,10742,15.00_15.05_15.10_15.15_15.20_,35_90_245_128_183_,14.95_14.90_14.85_14.80_14.75_,294_2738_979_377_110_
12:44:56,15.00,9,10742,15.00_15.05_15.10_15.15_15.20_,35_90_246_128_183_,14.95_14.90_14.85_14.80_14.75_,294_2738_979_377_110_
12:45:01,15.05,40,10782,15.05_15.10_15.15_15.20_15.25_,85_246_128_183_46_,14.95_14.90_14.85_14.80_14.75_,294_2698_979_377_110_
12:45:48,15.05,40,10782,15.05_15.10_15.15_15.20_15.25_,261_246_128_183_46_,14.95_14.90_14.85_14.80_14.75_,295_2697_1019_332_110_
12:45:58,15.05,40,10782,15.05_15.10_15.15_15.20_15.25_,261_246_128_183_46_,14.95_14.90_14.85_14.80_14.75_,295_2697_1019_342_110_
12:46:03,15.05,40,10782,15.05_15.10_15.15_15.20_15.25_,261_246_128_183_46_,14.95_14.90_14.85_14.80_14.75_,296_2697_1019_342_110_
12:46:08,15.05,40,10782,15.05_15.10_15.15_15.20_15.25_,261_246_128_183_46_,14.95_14.90_14.85_14.80_14.75_,296_2698_1019_342_110_
12:46:18,15.05,40,10782,15.05_15.10_15.15_15.20_15.25_,263_246_128_133_46_,15.00_14.95_14.90_14.85_14.80_,10_298_2698_1019_342_
12:46:23,15.05,40,10782,15.05_15.10_15.15_15.20_15.25_,264_246_128_133_46_,15.00_14.95_14.90_14.85_14.80_,12_300_2698_1021_342_
12:46:29,15.05,40,10782,15.05_15.10_15.15_15.20_15.25_,264_246_158_133_46_,15.00_14.95_14.90_14.85_14.80_,13_300_2699_1021_342_
12:49:38,15.00,8,10876,15.05_15.10_15.15_15.20_15.25_,217_247_178_138_52_,15.00_14.95_14.90_14.85_14.80_,24_295_2697_1021_342_
12:49:43,15.00,8,10876,15.05_15.10_15.15_15.20_15.25_,217_247_178_138_52_,15.00_14.95_14.90_14.85_14.80_,25_295_2697_1021_342_
12:49:48,15.00,8,10876,15.05_15.10_15.15_15.20_15.25_,227_247_178_138_52_,15.00_14.95_14.90_14.85_14.80_,22_295_2697_1021_342_
12:49:53,15.00,5,10881,15.05_15.10_15.15_15.20_15.25_,230_247_178_138_52_,15.00_14.95_14.90_14.85_14.80_,18_295_2697_1021_342_
12:50:39,15.00,4,10895,15.05_15.10_15.15_15.20_15.25_,233_190_179_138_52_,15.00_14.95_14.90_14.85_14.80_,67_254_2848_971_342_
12:50:50,15.00,4,10895,15.05_15.10_15.15_15.20_15.25_,243_190_182_138_52_,15.00_14.95_14.90_14.85_14.80_,67_254_2848_971_342_
12:50:55,15.00,4,10895,15.05_15.10_15.15_15.20_15.25_,243_190_182_138_52_,15.00_14.95_14.90_14.85_14.80_,68_253_2848_971_342_
12:51:00,15.00,3,10898,15.05_15.10_15.15_15.20_15.25_,241_190_182_138_52_,15.00_14.95_14.90_14.85_14.80_,68_252_2848_971_342_
12:51:05,15.00,7,10905,15.05_15.10_15.15_15.20_15.25_,237_190_182_138_52_,15.00_14.95_14.90_14.85_14.80_,61_252_2848_971_342_
12:52:52,15.00,3,10958,15.05_15.10_15.15_15.20_15.25_,265_193_182_138_52_,15.00_14.95_14.90_14.85_14.80_,43_288_2871_1470_1340_
12:52:58,15.00,16,10974,15.05_15.10_15.15_15.20_15.25_,261_208_182_138_52_,15.00_14.95_14.90_14.85_14.80_,27_288_2871_1470_1340_
12:53:03,15.00,16,10974,15.05_15.10_15.15_15.20_15.25_,263_208_182_138_52_,15.00_14.95_14.90_14.85_14.80_,28_288_2871_1470_1340_
12:53:18,15.00,16,10974,15.05_15.10_15.15_15.20_15.25_,263_208_182_138_52_,15.00_14.95_14.90_14.85_14.80_,29_288_2871_1470_1340_
12:53:28,15.00,16,10974,15.05_15.10_15.15_15.20_15.25_,268_208_182_138_52_,15.00_14.95_14.90_14.85_14.80_,29_288_2871_1470_1340_
12:53:34,15.00,16,10974,15.05_15.10_15.15_15.20_15.25_,271_211_182_138_52_,15.00_14.95_14.90_14.85_14.80_,29_288_2871_1470_1340_
12:53:39,15.00,16,10974,15.05_15.10_15.15_15.20_15.25_,271_211_182_138_52_,15.00_14.95_14.90_14.85_14.80_,30_288_2871_1470_1340_
12:53:44,15.00,16,10974,15.05_15.10_15.15_15.20_15.25_,271_211_182_138_52_,15.00_14.95_14.90_14.85_14.80_,30_288_2870_1470_1340_
12:57:40,14.95,3,11121,15.00_15.05_15.10_15.15_15.20_,22_46_226_179_138_,14.95_14.90_14.85_14.80_14.75_,279_2914_1429_1376_110_
12:57:55,14.95,3,11121,15.00_15.05_15.10_15.15_15.20_,45_46_226_179_138_,14.95_14.90_14.85_14.80_14.75_,289_2914_1429_1376_110_
12:58:10,14.95,6,11127,15.00_15.05_15.10_15.15_15.20_,41_46_226_179_138_,14.95_14.90_14.85_14.80_14.75_,285_2914_1429_1376_110_
12:59:07,15.00,2,11129,15.00_15.05_15.10_15.15_15.20_,58_53_226_179_138_,14.95_14.90_14.85_14.80_14.75_,286_2985_1429_1376_110_
12:59:12,15.00,2,11131,15.00_15.05_15.10_15.15_15.20_,56_53_226_179_138_,14.95_14.90_14.85_14.80_14.75_,286_2985_1429_1375_110_
12:59:17,15.00,2,11131,15.00_15.05_15.10_15.15_15.20_,56_53_226_179_138_,14.95_14.90_14.85_14.80_14.75_,286_2988_1359_1375_110_
12:59:22,15.00,2,11131,15.00_15.05_15.10_15.15_15.20_,56_53_226_179_138_,14.95_14.90_14.85_14.80_14.75_,286_2998_1359_1375_110_
12:59:53,15.00,1,11132,15.00_15.05_15.10_15.15_15.20_,69_53_230_179_138_,14.95_14.90_14.85_14.80_14.75_,286_2998_1359_1375_110_
13:00:08,15.00,42,11174,15.00_15.05_15.10_15.15_15.20_,55_50_230_179_138_,14.95_14.90_14.85_14.80_14.75_,306_2957_1359_1375_110_
13:00:18,14.95,4,11178,15.00_15.05_15.10_15.15_15.20_,56_50_230_179_138_,14.95_14.90_14.85_14.80_14.75_,403_2957_1359_1375_110_
13:00:34,14.95,4,11178,15.00_15.05_15.10_15.15_15.20_,58_50_230_179_138_,14.95_14.90_14.85_14.80_14.75_,403_2957_1359_1375_110_
13:00:39,14.95,4,11178,15.00_15.05_15.10_15.15_15.20_,58_50_230_179_138_,14.95_14.90_14.85_14.80_14.75_,408_2957_1359_1375_110_
13:00:49,14.95,4,11178,15.00_15.05_15.10_15.15_15.20_,67_50_230_179_138_,14.95_14.90_14.85_14.80_14.75_,408_2955_1358_1375_110_
13:00:54,14.95,4,11178,15.00_15.05_15.10_15.15_15.20_,70_50_230_179_138_,14.95_14.90_14.85_14.80_14.75_,408_2955_1357_1375_110_
13:00:59,14.95,6,11184,15.00_15.05_15.10_15.15_15.20_,64_53_230_179_138_,14.95_14.90_14.85_14.80_14.75_,402_2955_1357_1375_110_
13:01:10,14.95,10,11194,15.00_15.05_15.10_15.15_15.20_,64_53_230_179_138_,14.95_14.90_14.85_14.80_14.75_,396_2955_1357_1375_110_
13:01:15,14.95,10,11194,15.00_15.05_15.10_15.15_15.20_,64_53_230_179_138_,14.95_14.90_14.85_14.80_14.75_,396_2955_1359_1375_110_
13:01:20,14.95,10,11194,15.00_15.05_15.10_15.15_15.20_,64_53_230_179_138_,14.95_14.90_14.85_14.80_14.75_,397_2955_1359_1375_110_
13:01:25,14.95,7,11201,15.00_15.05_15.10_15.15_15.20_,64_53_230_179_138_,14.95_14.90_14.85_14.80_14.75_,392_2955_1359_1375_110_
13:01:30,14.95,1,11202,15.00_15.05_15.10_15.15_15.20_,64_53_230_179_138_,14.95_14.90_14.85_14.80_14.75_,391_2955_1359_1375_110_
13:01:40,14.95,1,11202,15.00_15.05_15.10_15.15_15.20_,64_53_230_179_138_,14.95_14.90_14.85_14.80_14.75_,395_2955_1359_1375_110_
13:01:45,14.95,1,11202,15.00_15.05_15.10_15.15_15.20_,67_53_230_179_138_,14.95_14.90_14.85_14.80_14.75_,395_2955_1359_1375_110_
13:01:51,14.95,1,11202,15.00_15.05_15.10_15.15_15.20_,77_53_230_179_138_,14.95_14.90_14.85_14.80_14.75_,395_2955_1359_1375_110_
13:02:31,14.95,27,11231,15.00_15.05_15.10_15.15_15.20_,89_53_230_179_138_,14.95_14.90_14.85_14.80_14.75_,345_2993_1359_1400_110_
13:02:37,14.95,27,11231,15.00_15.05_15.10_15.15_15.20_,89_53_230_179_138_,14.95_14.90_14.85_14.80_14.75_,349_2994_1359_1400_110_
13:02:42,14.95,27,11231,15.00_15.05_15.10_15.15_15.20_,89_53_230_179_138_,14.95_14.90_14.85_14.80_14.75_,350_2994_1359_1400_110_
13:02:47,14.95,27,11231,15.00_15.05_15.10_15.15_15.20_,99_53_230_179_138_,14.95_14.90_14.85_14.80_14.75_,350_2992_1359_1400_110_
13:02:52,15.00,4,11235,15.00_15.05_15.10_15.15_15.20_,122_53_230_179_138_,14.95_14.90_14.85_14.80_14.75_,350_2993_1359_1400_110_
13:02:57,14.95,3,11238,15.00_15.05_15.10_15.15_15.20_,122_57_234_179_138_,14.95_14.90_14.85_14.80_14.75_,351_2993_1359_1400_110_
13:07:24,15.00,9,11546,15.05_15.10_15.15_15.20_15.25_,64_237_179_138_52_,15.00_14.95_14.90_14.85_14.80_,42_364_2963_1076_1340_
13:07:44,15.05,4,11550,15.05_15.10_15.15_15.20_15.25_,62_237_179_138_52_,15.00_14.95_14.90_14.85_14.80_,47_364_2963_1076_1340_
13:07:55,15.00,1,11551,15.05_15.10_15.15_15.20_15.25_,120_237_179_138_52_,15.00_14.95_14.90_14.85_14.80_,46_366_2963_1076_1340_
13:08:00,15.00,1,11551,15.05_15.10_15.15_15.20_15.25_,125_240_181_138_52_,15.00_14.95_14.90_14.85_14.80_,46_366_2963_1076_1340_
13:08:20,15.05,4,11555,15.05_15.10_15.15_15.20_15.25_,135_240_181_138_52_,15.00_14.95_14.90_14.85_14.80_,62_365_2963_1076_1340_
13:08:41,15.05,4,11559,15.05_15.10_15.15_15.20_15.25_,134_240_181_138_52_,15.00_14.95_14.90_14.85_14.80_,62_365_2963_1076_1340_
13:08:46,15.05,4,11559,15.05_15.10_15.15_15.20_15.25_,134_240_216_138_52_,15.00_14.95_14.90_14.85_14.80_,62_365_2963_1076_1340_
13:08:51,15.05,4,11559,15.05_15.10_15.15_15.20_15.25_,136_240_216_138_52_,15.00_14.95_14.90_14.85_14.80_,62_365_2963_1076_1340_
13:10:08,15.05,4,11576,15.05_15.10_15.15_15.20_15.25_,159_240_216_138_52_,15.00_14.95_14.90_14.85_14.80_,69_365_2963_1076_1340_
13:11:20,15.00,6,11605,15.05_15.10_15.15_15.20_15.25_,170_240_216_138_52_,15.00_14.95_14.90_14.85_14.80_,73_374_2947_1076_1340_
13:11:30,15.00,6,11605,15.05_15.10_15.15_15.20_15.25_,172_240_216_138_52_,15.00_14.95_14.90_14.85_14.80_,91_374_2947_1076_1340_
13:11:40,15.00,6,11605,15.05_15.10_15.15_15.20_15.25_,175_240_216_138_52_,15.00_14.95_14.90_14.85_14.80_,92_374_2946_1076_1340_
13:11:45,15.00,6,11605,15.05_15.10_15.15_15.20_15.25_,175_240_216_138_52_,15.00_14.95_14.90_14.85_14.80_,93_374_2946_1076_1340_
13:11:50,15.00,6,11605,15.05_15.10_15.15_15.20_15.25_,184_240_216_138_52_,15.00_14.95_14.90_14.85_14.80_,93_374_2946_1076_1340_
13:11:55,15.00,6,11605,15.05_15.10_15.15_15.20_15.25_,184_240_216_138_52_,15.00_14.95_14.90_14.85_14.80_,93_424_2946_1076_1340_
13:12:01,15.00,2,11607,15.05_15.10_15.15_15.20_15.25_,184_240_216_138_52_,15.00_14.95_14.90_14.85_14.80_,91_424_2946_1076_1340_
13:12:06,15.00,2,11607,15.05_15.10_15.15_15.20_15.25_,187_240_216_138_52_,15.00_14.95_14.90_14.85_14.80_,97_424_2946_1076_1340_
13:12:11,15.00,6,11613,15.05_15.10_15.15_15.20_15.25_,181_240_216_138_47_,15.00_14.95_14.90_14.85_14.80_,91_424_2946_1076_1340_
13:13:07,15.00,8,11635,15.05_15.10_15.15_15.20_15.25_,194_245_216_138_47_,15.00_14.95_14.90_14.85_14.80_,138_374_2946_1076_1340_
13:13:23,15.00,8,11635,15.05_15.10_15.15_15.20_15.25_,194_245_216_138_47_,15.00_14.95_14.90_14.85_14.80_,139_374_2946_1076_1340_
13:13:48,15.00,3,11638,15.05_15.10_15.15_15.20_15.25_,193_248_216_138_47_,15.00_14.95_14.90_14.85_14.80_,140_374_2951_1076_1340_
13:14:09,15.00,6,11647,15.05_15.10_15.15_15.20_15.25_,196_248_216_138_47_,15.00_14.95_14.90_14.85_14.80_,137_374_2950_1076_1340_
13:14:24,15.00,6,11647,15.05_15.10_15.15_15.20_15.25_,201_248_216_138_47_,15.00_14.95_14.90_14.85_14.80_,137_374_2950_1076_1340_
13:14:35,15.00,6,11647,15.05_15.10_15.15_15.20_15.25_,201_250_216_139_47_,15.00_14.95_14.90_14.85_14.80_,137_375_2949_1076_1340_
13:14:40,15.05,6,11653,15.05_15.10_15.15_15.20_15.25_,195_255_216_139_47_,15.00_14.95_14.90_14.85_14.80_,137_375_2949_1076_1340_
13:14:55,15.05,35,11690,15.05_15.10_15.15_15.20_15.25_,174_255_221_139_47_,15.00_14.95_14.90_14.85_14.80_,136_337_2949_1076_1340_
13:15:00,15.00,6,11696,15.05_15.10_15.15_15.20_15.25_,196_257_218_140_47_,15.00_14.95_14.90_14.85_14.80_,130_338_2947_1076_1340_
13:15:05,15.05,10,11706,15.05_15.10_15.15_15.20_15.25_,186_257_218_140_47_,15.00_14.95_14.90_14.85_14.80_,73_395_2947_1076_1340_
13:15:11,15.05,4,11710,15.05_15.10_15.15_15.20_15.25_,183_257_218_140_47_,15.00_14.95_14.90_14.85_14.80_,73_395_2947_1076_1340_
13:15:16,15.05,4,11710,15.05_15.10_15.15_15.20_15.25_,184_257_219_140_47_,15.00_14.95_14.90_14.85_14.80_,73_395_2947_1076_1340_
13:16:22,15.00,3,11734,15.05_15.10_15.15_15.20_15.25_,184_262_223_140_47_,15.00_14.95_14.90_14.85_14.80_,613_345_2946_1076_1340_
13:18:00,15.00,13,11857,15.05_15.10_15.15_15.20_15.25_,145_258_219_135_47_,15.00_14.95_14.90_14.85_14.80_,84_401_2947_1076_1339_
13:18:05,15.05,1,11858,15.05_15.10_15.15_15.20_15.25_,144_258_219_135_47_,15.00_14.95_14.90_14.85_14.80_,86_401_2947_1076_1339_
13:18:10,15.05,1,11858,15.05_15.10_15.15_15.20_15.25_,144_258_219_135_47_,15.00_14.95_14.90_14.85_14.80_,90_401_2947_1076_1339_
13:18:20,15.00,6,11864,15.05_15.10_15.15_15.20_15.25_,138_258_219_135_47_,15.00_14.95_14.90_14.85_14.80_,86_401_2947_1076_1339_
13:18:25,15.00,6,11864,15.05_15.10_15.15_15.20_15.25_,138_258_219_135_47_,15.00_14.95_14.90_14.85_14.80_,91_401_2947_1076_1339_
13:19:16,15.00,1,11920,15.05_15.10_15.15_15.20_15.25_,113_258_219_135_47_,15.00_14.95_14.90_14.85_14.80_,100_356_2945_1076_1339_
13:21:55,15.00,6,12037,15.05_15.10_15.15_15.20_15.25_,65_255_218_134_47_,15.00_14.95_14.90_14.85_14.80_,83_381_2945_1076_1339_
13:22:11,15.00,6,12037,15.05_15.10_15.15_15.20_15.25_,65_255_218_134_47_,15.00_14.95_14.90_14.85_14.80_,91_384_2945_1076_1339_
13:22:31,15.05,2,12044,15.05_15.10_15.15_15.20_15.25_,112_255_218_134_47_,15.00_14.95_14.90_14.85_14.80_,93_384_2995_1076_1339_
13:22:42,15.05,8,12052,15.05_15.10_15.15_15.20_15.25_,105_255_218_134_47_,15.00_14.95_14.90_14.85_14.80_,91_384_2995_1076_1339_
13:22:52,15.05,2,12054,15.05_15.10_15.15_15.20_15.25_,104_255_218_134_47_,15.00_14.95_14.90_14.85_14.80_,92_384_2995_1076_1339_
13:22:57,15.05,2,12056,15.05_15.10_15.15_15.20_15.25_,102_255_218_134_47_,15.00_14.95_14.90_14.85_14.80_,115_363_2995_1076_1339_
13:23:02,15.00,6,12062,15.05_15.10_15.15_15.20_15.25_,102_255_218_134_47_,15.00_14.95_14.90_14.85_14.80_,122_362_3045_1076_1339_
13:23:07,15.05,16,12078,15.05_15.10_15.15_15.20_15.25_,86_255_218_134_47_,15.00_14.95_14.90_14.85_14.80_,118_362_3045_1076_1339_
13:23:23,15.05,5,12086,15.05_15.10_15.15_15.20_15.25_,78_255_218_134_47_,15.00_14.95_14.90_14.85_14.80_,117_362_3045_1076_1389_
13:24:55,15.05,7,12201,15.05_15.10_15.15_15.20_15.25_,110_253_220_244_158_,15.00_14.95_14.90_14.85_14.80_,46_341_3020_549_388_
13:25:06,15.05,7,12201,15.05_15.10_15.15_15.20_15.25_,72_248_220_244_158_,15.00_14.95_14.90_14.85_14.80_,46_341_3020_549_388_
13:25:11,15.05,7,12201,15.15_15.20_15.25_15.30_15.35_,46_244_158_317_46_,15.00_14.95_14.90_14.85_14.80_,45_341_3020_549_388_
13:25:16,15.05,7,12201,15.15_15.20_15.25_15.30_15.35_,105_244_158_317_46_,15.00_14.95_14.90_14.85_14.80_,45_341_3020_549_388_
13:26:13,15.05,7,12201,15.20_15.25_15.30_15.35_15.40_,85_148_334_27_93_,15.05_15.00_14.95_14.90_14.85_,4_61_1809_3273_549_
13:26:38,15.05,7,12201,15.30_15.35_15.40_15.45_15.50_,237_27_93_44_66_,15.20_15.15_15.05_15.00_14.95_,4_4_4_96_1806_
13:26:43,15.05,7,12201,15.30_15.35_15.40_15.45_15.50_,278_27_93_44_66_,15.20_15.15_15.05_15.00_14.95_,4_4_4_96_1806_
13:27:29,15.05,7,12201,15.15_15.20_15.25_15.30_15.35_,110_322_150_339_27_,15.10_15.05_15.00_14.95_14.90_,1_4_96_1806_3273_
13:27:34,15.05,7,12201,15.15_15.20_15.25_15.30_15.35_,111_322_150_339_27_,15.10_15.05_15.00_14.95_14.90_,1_4_99_1806_3273_
13:27:45,15.05,7,12201,15.15_15.20_15.25_15.30_15.35_,112_322_150_339_27_,15.10_15.05_15.00_14.95_14.90_,1_6_99_1806_3273_
13:28:21,15.05,7,12201,15.15_15.20_15.25_15.30_15.35_,113_322_160_339_27_,15.10_15.05_15.00_14.95_14.90_,3_9_101_1806_3274_
13:29:58,15.05,7,12201,15.15_15.20_15.25_15.30_15.35_,383_295_165_339_27_,15.10_15.05_15.00_14.95_14.90_,11_9_101_2208_3087_
13:30:00,15.15,1707,13908,15.15_15.20_15.25_15.30_15.35_,383_295_165_339_27_,15.10_15.05_15.00_14.95_14.90_,30_17_101_2216_3087_
