13:00:39,141.50,1,660,141.50_142.00_142.50_143.00_143.50_,9_33_31_39_63_,141.00_140.50_140.00_139.00_138.50_,9_5_13_9_76_
13:00:49,141.50,1,663,141.50_142.00_142.50_143.00_143.50_,19_33_31_41_64_,141.00_140.50_140.00_139.00_138.50_,9_5_13_9_76_
13:00:54,141.00,10,673,141.00_141.50_142.00_142.50_143.00_,10_19_37_31_41_,140.50_140.00_139.00_138.50_138.00_,5_13_10_76_59_
13:01:05,141.00,2,675,141.00_141.50_142.00_142.50_143.00_,18_20_38_30_41_,140.50_140.00_139.50_139.00_138.50_,5_12_1_9_76_
13:01:10,141.00,3,678,141.00_141.50_142.00_142.50_143.00_,15_20_38_30_41_,140.50_140.00_139.50_139.00_138.50_,5_12_1_9_76_
13:02:42,140.50,1,679,141.00_141.50_142.00_142.50_143.00_,21_20_39_31_41_,140.50_140.00_139.50_139.00_138.50_,9_8_10_13_77_
13:03:54,140.50,1,681,141.00_141.50_142.00_142.50_143.00_,20_18_39_31_41_,140.50_140.00_139.50_139.00_138.50_,8_15_5_14_77_
13:03:59,140.50,1,682,141.00_141.50_142.00_142.50_143.00_,20_18_39_31_41_,140.50_140.00_139.50_139.00_138.50_,9_15_5_14_77_
13:06:23,140.50,1,692,141.00_141.50_142.00_142.50_143.00_,37_19_39_31_44_,140.50_140.00_139.50_139.00_138.50_,2_23_55_17_77_
13:06:59,140.50,2,695,141.00_141.50_142.00_142.50_143.00_,37_18_41_31_44_,140.50_140.00_139.50_139.00_138.50_,1_23_55_17_77_
13:07:19,140.50,1,696,141.00_141.50_142.00_142.50_143.00_,37_18_41_31_44_,140.00_139.50_139.00_138.50_138.00_,23_55_18_76_54_
13:08:26,140.50,1,698,140.50_141.00_141.50_142.00_142.50_,2_35_20_38_30_,140.00_139.50_139.00_138.50_138.00_,17_10_38_62_55_
13:14:14,140.00,6,721,140.50_141.00_141.50_142.00_142.50_,17_28_18_39_29_,139.50_139.00_138.50_138.00_137.50_,8_25_63_78_26_
13:14:19,140.00,6,721,140.50_141.00_141.50_142.00_142.50_,17_28_18_39_29_,139.50_139.00_138.50_138.00_137.50_,9_25_63_78_26_
13:14:30,140.00,6,721,140.50_141.00_141.50_142.00_142.50_,17_28_18_39_29_,139.50_139.00_138.50_138.00_137.50_,10_25_63_78_26_
13:16:02,140.00,1,722,140.00_140.50_141.00_141.50_142.00_,5_16_25_18_39_,139.50_139.00_138.50_138.00_137.50_,10_23_63_79_26_
13:16:07,140.00,1,722,140.00_140.50_141.00_141.50_142.00_,7_16_25_18_39_,139.50_139.00_138.50_138.00_137.50_,10_23_63_79_26_
13:16:28,139.00,15,737,140.00_140.50_141.00_141.50_142.00_,7_16_25_18_39_,139.00_138.50_138.00_137.50_137.00_,18_63_79_26_79_
13:16:38,139.00,15,737,140.00_140.50_141.00_141.50_142.00_,9_16_25_18_39_,139.00_138.50_138.00_137.50_137.00_,18_63_79_26_79_
13:16:48,139.00,15,737,140.00_140.50_141.00_141.50_142.00_,10_14_25_18_35_,139.00_138.50_138.00_137.50_137.00_,18_13_39_26_79_
13:18:30,139.50,4,747,140.00_140.50_141.00_141.50_142.00_,8_16_23_18_35_,139.50_139.00_138.50_138.00_137.50_,1_25_14_30_25_
13:19:06,139.50,4,747,140.00_140.50_141.00_141.50_142.00_,9_14_25_17_35_,139.50_139.00_138.50_138.00_137.50_,5_25_14_80_25_
13:19:42,139.50,4,747,140.00_140.50_141.00_141.50_142.00_,9_14_25_17_35_,139.50_139.00_138.50_138.00_137.50_,5_25_14_130_25_
13:22:16,140.00,1,751,140.00_140.50_141.00_141.50_142.00_,11_12_24_17_35_,139.50_139.00_138.50_138.00_137.50_,6_27_14_130_24_
13:22:26,139.50,1,752,140.00_140.50_141.00_141.50_142.00_,11_12_24_17_35_,139.50_139.00_138.50_138.00_137.50_,5_47_14_131_24_
13:23:44,140.00,2,756,140.00_140.50_141.00_141.50_142.00_,8_16_25_17_35_,139.50_139.00_138.50_138.00_137.50_,7_47_14_131_24_
13:24:55,139.50,1,760,140.00_140.50_141.00_141.50_142.00_,4_15_51_43_60_,139.50_139.00_138.50_138.00_137.50_,4_40_40_157_50_
13:26:23,139.50,1,760,140.00_140.50_141.00_141.50_142.00_,2_16_52_42_60_,139.50_139.00_138.50_138.00_137.50_,7_40_99_207_50_
13:26:43,139.50,1,760,140.00_140.50_141.00_141.50_142.00_,2_16_52_42_60_,139.50_139.00_138.50_138.00_137.50_,6_40_99_207_50_
13:27:04,139.50,1,760,140.00_140.50_141.00_141.50_142.00_,3_16_52_42_60_,139.50_139.00_138.50_138.00_137.50_,10_40_99_207_50_
13:28:26,139.50,1,760,140.00_140.50_141.00_141.50_142.00_,3_16_52_42_60_,139.50_139.00_138.50_138.00_137.50_,2_39_99_207_71_
13:28:51,139.50,1,760,140.00_140.50_141.00_141.50_142.00_,3_16_51_42_60_,139.00_138.50_138.00_137.50_137.00_,40_99_207_71_129_
13:29:01,139.50,1,760,140.00_140.50_141.00_141.50_142.00_,3_16_51_42_60_,139.00_138.50_138.00_137.50_137.00_,46_99_207_71_129_
13:29:07,139.50,1,760,140.00_140.50_141.00_141.50_142.00_,3_16_51_42_60_,139.00_138.50_138.00_137.50_137.00_,45_99_207_71_129_
13:29:17,139.50,1,760,140.00_140.50_141.00_141.50_142.00_,3_16_51_42_60_,139.50_139.00_138.50_138.00_137.50_,1_45_99_207_72_
13:29:42,139.50,1,760,140.00_140.50_141.00_141.50_142.00_,8_16_51_42_60_,139.50_139.00_138.50_138.00_137.50_,4_45_99_207_72_
13:30:00,139.50,47,807,140.00_140.50_141.00_141.50_142.00_,8_16_51_42_60_,139.50_139.00_138.50_138.00_137.50_,4_45_99_207_72_
09:01:14,141.00,5,29,141.00_141.50_142.00_142.50_143.00_,6_7_22_12_43_,140.50_140.00_139.50_139.00_138.50_,1_3_11_15_9_
09:02:16,140.50,2,35,141.00_141.50_142.00_142.50_143.00_,5_9_22_13_46_,140.50_140.00_139.50_139.00_138.50_,1_22_13_16_9_
09:02:57,140.50,1,53,140.50_141.00_141.50_142.00_142.50_,3_9_8_21_13_,140.00_139.50_139.00_138.50_138.00_,30_13_17_9_14_
09:03:33,140.50,1,55,140.50_141.00_141.50_142.00_142.50_,5_14_10_21_13_,140.00_139.50_139.00_138.50_138.00_,31_12_18_9_14_
09:03:33,140.50,1,55,140.50_141.00_141.50_142.00_142.50_,5_14_10_21_13_,140.00_139.50_139.00_138.50_138.00_,31_12_18_9_14_
09:03:43,140.50,1,55,140.50_141.00_141.50_142.00_142.50_,5_14_10_21_13_,140.00_139.50_139.00_138.50_138.00_,32_13_17_9_14_
09:03:49,140.50,1,55,140.50_141.00_141.50_142.00_142.50_,5_14_10_21_13_,140.00_139.50_139.00_138.50_138.00_,33_13_17_9_15_
09:03:54,140.50,1,55,140.50_141.00_141.50_142.00_142.50_,5_14_10_21_13_,140.00_139.50_139.00_138.50_138.00_,33_13_17_4_15_
09:03:54,140.50,1,55,140.50_141.00_141.50_142.00_142.50_,5_14_10_21_13_,140.00_139.50_139.00_138.50_138.00_,33_13_17_4_15_
09:03:59,140.50,1,56,140.50_141.00_141.50_142.00_142.50_,4_14_10_21_13_,140.00_139.50_139.00_138.50_138.00_,33_13_17_4_15_
09:03:59,140.50,1,56,140.50_141.00_141.50_142.00_142.50_,4_14_10_21_13_,140.00_139.50_139.00_138.50_138.00_,33_13_17_4_15_
09:03:59,140.50,1,56,140.50_141.00_141.50_142.00_142.50_,4_14_10_21_13_,140.00_139.50_139.00_138.50_138.00_,33_13_17_4_15_
09:04:14,140.50,1,56,140.50_141.00_141.50_142.00_142.50_,4_14_10_21_20_,140.00_139.50_139.00_138.50_138.00_,32_13_17_4_15_
09:04:25,140.50,1,56,140.50_141.00_141.50_142.00_142.50_,4_14_10_20_20_,140.00_139.50_139.00_138.50_138.00_,32_13_17_4_15_
09:04:25,140.50,1,56,140.50_141.00_141.50_142.00_142.50_,4_14_10_20_20_,140.00_139.50_139.00_138.50_138.00_,32_13_17_4_15_
09:05:31,140.50,1,60,140.50_141.00_141.50_142.00_142.50_,13_20_10_20_21_,140.00_139.50_139.00_138.50_138.00_,33_12_17_4_14_
09:06:12,140.50,1,61,140.50_141.00_141.50_142.00_142.50_,17_20_11_22_24_,140.00_139.50_139.00_138.50_138.00_,35_11_19_5_16_
09:06:18,140.50,1,62,140.50_141.00_141.50_142.00_142.50_,18_20_11_22_24_,140.00_139.50_139.00_138.50_138.00_,34_11_19_5_16_
09:06:23,140.50,1,62,140.50_141.00_141.50_142.00_142.50_,18_20_11_22_24_,140.00_139.50_139.00_138.50_138.00_,35_11_19_5_16_
09:06:23,140.50,1,62,140.50_141.00_141.50_142.00_142.50_,18_20_11_22_24_,140.00_139.50_139.00_138.50_138.00_,35_11_19_5_16_
09:06:33,140.50,1,63,140.50_141.00_141.50_142.00_142.50_,17_20_11_22_24_,140.00_139.50_139.00_138.50_138.00_,35_11_19_5_16_
09:06:33,140.50,1,63,140.50_141.00_141.50_142.00_142.50_,17_20_11_22_24_,140.00_139.50_139.00_138.50_138.00_,35_11_19_5_16_
09:07:19,142.00,3,107,142.00_142.50_143.00_143.50_144.00_,24_23_57_75_33_,141.50_141.00_140.50_140.00_139.50_,4_81_97_124_70_
09:07:24,142.00,1,108,142.00_142.50_143.00_143.50_144.00_,24_23_57_75_33_,141.50_141.00_140.50_140.00_139.50_,5_111_97_124_70_
09:07:40,142.00,1,117,142.00_142.50_143.00_143.50_144.00_,19_24_59_75_35_,141.50_141.00_140.50_140.00_139.50_,68_143_97_123_70_
09:07:50,142.00,9,140,142.00_142.50_143.00_143.50_144.00_,6_24_59_75_35_,141.50_141.00_140.50_140.00_139.50_,74_143_97_123_71_
09:07:55,142.00,7,147,142.00_142.50_143.00_143.50_144.00_,9_24_59_76_35_,141.50_141.00_140.50_140.00_139.50_,70_143_97_123_71_
09:08:16,142.00,1,158,142.00_142.50_143.00_143.50_144.00_,14_18_60_77_35_,141.50_141.00_140.50_140.00_139.50_,70_142_98_122_71_
09:08:21,141.50,3,161,142.00_142.50_143.00_143.50_144.00_,15_19_60_77_35_,141.50_141.00_140.50_140.00_139.50_,68_142_98_122_71_
09:08:26,142.00,3,164,142.00_142.50_143.00_143.50_144.00_,13_18_60_77_35_,141.50_141.00_140.50_140.00_139.50_,68_142_98_122_71_
09:08:31,142.00,3,164,142.00_142.50_143.00_143.50_144.00_,18_19_59_77_35_,141.50_141.00_140.50_140.00_139.50_,71_142_98_122_70_
09:08:37,142.00,3,164,142.00_142.50_143.00_143.50_144.00_,18_19_59_77_35_,141.50_141.00_140.50_140.00_139.50_,71_142_99_122_70_
09:08:42,142.00,1,165,142.00_142.50_143.00_143.50_144.00_,19_20_60_77_35_,141.50_141.00_140.50_140.00_139.50_,69_142_99_124_70_
09:08:52,142.00,1,166,142.00_142.50_143.00_143.50_144.00_,22_21_60_77_35_,141.50_141.00_140.50_140.00_139.50_,69_142_99_124_70_
09:09:59,141.00,5,194,141.00_141.50_142.00_142.50_143.00_,9_2_30_18_63_,140.00_139.50_139.00_138.50_138.00_,35_10_21_7_15_
09:11:26,140.50,9,226,141.00_141.50_142.00_142.50_143.00_,15_11_31_20_64_,140.50_140.00_139.50_139.00_138.50_,3_26_20_18_7_
09:11:41,140.50,2,229,141.00_141.50_142.00_142.50_143.00_,15_11_31_21_64_,140.50_140.00_139.50_139.00_138.50_,1_27_20_18_7_
09:12:38,141.00,1,231,141.00_141.50_142.00_142.50_143.00_,15_12_44_19_54_,140.50_140.00_139.50_139.00_138.50_,18_33_20_13_6_
09:12:43,141.00,1,231,141.00_141.50_142.00_142.50_143.00_,25_12_44_19_54_,140.50_140.00_139.50_139.00_138.50_,18_33_20_12_6_
09:12:43,141.00,1,231,141.00_141.50_142.00_142.50_143.00_,25_12_44_19_54_,140.50_140.00_139.50_139.00_138.50_,18_33_20_12_6_
09:12:43,141.00,1,231,141.00_141.50_142.00_142.50_143.00_,25_12_44_19_54_,140.50_140.00_139.50_139.00_138.50_,18_33_20_12_6_
09:12:58,141.00,1,231,141.00_141.50_142.00_142.50_143.00_,26_12_44_19_54_,140.50_140.00_139.50_139.00_138.50_,18_33_20_12_6_
09:12:58,141.00,1,231,141.00_141.50_142.00_142.50_143.00_,26_12_44_19_54_,140.50_140.00_139.50_139.00_138.50_,18_33_20_12_6_
09:14:10,140.50,1,238,141.00_141.50_142.00_142.50_143.00_,26_12_44_19_53_,140.50_140.00_139.50_139.00_138.50_,11_34_16_12_7_
09:14:36,141.00,1,249,141.00_141.50_142.00_142.50_143.00_,25_15_44_19_53_,140.50_140.00_139.50_139.00_138.50_,1_34_16_12_7_
09:14:41,141.00,1,249,140.50_141.00_141.50_142.00_142.50_,1_25_15_44_19_,140.00_139.50_139.00_138.50_138.00_,34_16_12_7_24_
09:14:51,140.50,3,259,141.00_141.50_142.00_142.50_143.00_,25_15_43_19_53_,140.00_139.50_139.00_138.50_138.00_,33_17_13_7_24_
09:14:51,140.50,3,259,141.00_141.50_142.00_142.50_143.00_,25_15_43_19_53_,140.00_139.50_139.00_138.50_138.00_,33_17_13_7_24_
09:15:01,140.50,3,259,141.00_141.50_142.00_142.50_143.00_,25_15_43_19_53_,140.50_140.00_139.50_139.00_138.50_,11_33_17_13_7_
09:15:01,140.50,3,259,141.00_141.50_142.00_142.50_143.00_,25_15_43_19_53_,140.50_140.00_139.50_139.00_138.50_,11_33_17_13_7_
09:15:32,140.50,3,259,141.00_141.50_142.00_142.50_143.00_,25_15_43_19_53_,140.50_140.00_139.50_139.00_138.50_,22_37_14_13_8_
09:15:37,140.50,3,259,141.00_141.50_142.00_142.50_143.00_,25_15_43_19_53_,140.50_140.00_139.50_139.00_138.50_,23_37_14_13_8_
09:15:42,140.50,3,259,141.00_141.50_142.00_142.50_143.00_,24_15_43_19_54_,140.50_140.00_139.50_139.00_138.50_,23_37_14_13_8_
09:15:42,140.50,3,259,141.00_141.50_142.00_142.50_143.00_,24_15_43_19_54_,140.50_140.00_139.50_139.00_138.50_,23_37_14_13_8_
09:15:42,140.50,3,259,141.00_141.50_142.00_142.50_143.00_,24_15_43_19_54_,140.50_140.00_139.50_139.00_138.50_,23_37_14_13_8_
09:16:03,140.50,3,259,141.00_141.50_142.00_142.50_143.00_,24_15_43_19_54_,140.50_140.00_139.50_139.00_138.50_,24_36_13_13_8_
09:16:13,140.50,3,259,141.00_141.50_142.00_142.50_143.00_,24_15_43_19_54_,140.50_140.00_139.50_139.00_138.50_,24_36_13_13_9_
09:16:13,140.50,3,259,141.00_141.50_142.00_142.50_143.00_,24_15_43_19_54_,140.50_140.00_139.50_139.00_138.50_,24_36_13_13_9_
09:16:23,140.50,3,259,141.00_141.50_142.00_142.50_143.00_,24_15_45_19_54_,140.50_140.00_139.50_139.00_138.50_,24_36_13_13_9_
09:16:29,140.50,3,259,141.00_141.50_142.00_142.50_143.00_,24_15_45_19_54_,140.50_140.00_139.50_139.00_138.50_,24_33_16_13_9_
09:16:29,140.50,3,259,141.00_141.50_142.00_142.50_143.00_,24_15_45_19_54_,140.50_140.00_139.50_139.00_138.50_,24_33_16_13_9_
09:16:29,140.50,3,259,141.00_141.50_142.00_142.50_143.00_,24_15_45_19_54_,140.50_140.00_139.50_139.00_138.50_,24_33_16_13_9_
09:17:20,140.50,1,271,141.00_141.50_142.00_142.50_143.00_,19_14_46_19_57_,140.50_140.00_139.50_139.00_138.50_,11_33_16_14_9_
09:18:11,140.00,5,287,141.00_141.50_142.00_142.50_143.00_,21_15_45_20_58_,140.00_139.50_139.00_138.50_138.00_,28_16_16_9_26_
09:18:32,140.00,5,287,141.00_141.50_142.00_142.50_143.00_,21_15_47_21_57_,140.00_139.50_139.00_138.50_138.00_,28_19_16_9_26_
09:18:32,140.00,5,287,141.00_141.50_142.00_142.50_143.00_,21_15_47_21_57_,140.00_139.50_139.00_138.50_138.00_,28_19_16_9_26_
09:19:03,140.00,1,289,141.00_141.50_142.00_142.50_143.00_,22_15_46_21_57_,140.00_139.50_139.00_138.50_138.00_,26_19_22_9_26_
09:20:20,140.50,7,298,141.00_141.50_142.00_142.50_143.00_,23_9_48_21_58_,140.50_140.00_139.50_139.00_138.50_,3_27_19_21_10_
09:20:45,140.50,7,298,141.00_141.50_142.00_142.50_143.00_,21_10_49_21_58_,140.50_140.00_139.50_139.00_138.50_,3_27_20_19_11_
09:20:45,140.50,7,298,141.00_141.50_142.00_142.50_143.00_,21_10_49_21_58_,140.50_140.00_139.50_139.00_138.50_,3_27_20_19_11_
09:20:56,140.50,7,298,141.00_141.50_142.00_142.50_143.00_,21_10_49_22_58_,140.50_140.00_139.50_139.00_138.50_,3_27_20_19_11_
09:21:01,140.50,7,298,141.00_141.50_142.00_142.50_143.00_,20_10_49_22_58_,140.50_140.00_139.50_139.00_138.50_,4_26_20_19_11_
09:21:01,140.50,7,298,141.00_141.50_142.00_142.50_143.00_,20_10_49_22_58_,140.50_140.00_139.50_139.00_138.50_,4_26_20_19_11_
09:21:01,140.50,7,298,141.00_141.50_142.00_142.50_143.00_,20_10_49_22_58_,140.50_140.00_139.50_139.00_138.50_,4_26_20_19_11_
09:21:01,140.50,7,298,141.00_141.50_142.00_142.50_143.00_,20_10_49_22_58_,140.50_140.00_139.50_139.00_138.50_,4_26_20_19_11_
09:22:27,140.50,1,301,141.00_141.50_142.00_142.50_143.00_,21_9_50_22_58_,140.50_140.00_139.50_139.00_138.50_,5_29_20_19_11_
09:23:34,140.50,1,306,141.00_141.50_142.00_142.50_143.00_,18_10_48_22_58_,140.50_140.00_139.50_139.00_138.50_,4_26_20_19_11_
09:23:49,140.50,1,307,141.00_141.50_142.00_142.50_143.00_,18_10_48_22_58_,140.50_140.00_139.50_139.00_138.50_,3_26_20_19_11_
09:24:51,140.50,3,315,141.00_141.50_142.00_142.50_143.00_,19_9_47_22_58_,140.00_139.50_139.00_138.50_138.00_,27_20_21_11_25_
09:24:56,140.50,3,315,141.00_141.50_142.00_142.50_143.00_,17_11_47_22_58_,140.00_139.50_139.00_138.50_138.00_,27_20_21_11_25_
09:25:01,140.50,3,315,141.00_141.50_142.00_142.50_143.00_,18_11_47_22_58_,140.00_139.50_139.00_138.50_138.00_,27_20_21_11_25_
09:25:01,140.50,3,315,141.00_141.50_142.00_142.50_143.00_,18_11_47_22_58_,140.00_139.50_139.00_138.50_138.00_,27_20_21_11_25_
09:25:01,140.50,3,315,141.00_141.50_142.00_142.50_143.00_,18_11_47_22_58_,140.00_139.50_139.00_138.50_138.00_,27_20_21_11_25_
09:25:52,140.00,1,316,140.50_141.00_141.50_142.00_142.50_,7_19_8_47_22_,140.00_139.50_139.00_138.50_138.00_,28_20_21_11_27_
09:25:58,140.00,1,316,140.50_141.00_141.50_142.00_142.50_,17_19_8_47_22_,140.00_139.50_139.00_138.50_138.00_,28_20_21_11_27_
09:25:58,140.00,1,316,140.50_141.00_141.50_142.00_142.50_,17_19_8_47_22_,140.00_139.50_139.00_138.50_138.00_,28_20_21_11_27_
09:26:03,140.00,1,316,140.50_141.00_141.50_142.00_142.50_,17_19_9_47_22_,140.00_139.50_139.00_138.50_138.00_,29_19_21_11_27_
09:26:08,140.00,1,316,140.50_141.00_141.50_142.00_142.50_,17_19_10_47_22_,140.00_139.50_139.00_138.50_138.00_,30_19_21_11_27_
09:26:08,140.00,1,316,140.50_141.00_141.50_142.00_142.50_,17_19_10_47_22_,140.00_139.50_139.00_138.50_138.00_,30_19_21_11_27_
09:26:59,140.00,2,322,140.50_141.00_141.50_142.00_142.50_,13_20_10_48_22_,140.00_139.50_139.00_138.50_138.00_,29_19_20_10_27_
09:28:32,140.00,2,333,140.50_141.00_141.50_142.00_142.50_,14_20_12_49_22_,140.00_139.50_139.00_138.50_138.00_,16_16_24_9_37_
09:28:32,140.00,2,333,140.50_141.00_141.50_142.00_142.50_,14_20_12_49_22_,140.00_139.50_139.00_138.50_138.00_,16_16_24_9_37_
09:32:53,140.00,1,374,140.50_141.00_141.50_142.00_142.50_,13_12_11_68_24_,139.50_139.00_138.50_138.00_137.50_,18_26_11_39_10_
09:33:03,140.00,1,374,140.00_140.50_141.00_141.50_142.00_,4_13_12_11_68_,139.50_139.00_138.50_138.00_137.50_,18_26_12_39_10_
09:34:25,140.00,3,377,140.00_140.50_141.00_141.50_142.00_,1_15_9_13_69_,139.50_139.00_138.50_138.00_137.50_,21_27_12_39_10_
09:34:41,140.00,3,377,140.00_140.50_141.00_141.50_142.00_,1_15_9_14_69_,139.50_139.00_138.50_138.00_137.50_,31_27_12_39_10_
09:34:46,140.00,3,377,140.00_140.50_141.00_141.50_142.00_,1_15_9_14_69_,139.50_139.00_138.50_138.00_137.50_,31_27_12_40_10_
09:34:51,140.00,1,378,140.50_141.00_141.50_142.00_142.50_,15_9_14_69_22_,139.50_139.00_138.50_138.00_137.50_,31_27_12_40_10_
09:34:56,140.00,1,378,140.50_141.00_141.50_142.00_142.50_,13_11_14_69_22_,139.50_139.00_138.50_138.00_137.50_,31_27_12_41_10_
09:35:01,140.00,1,378,140.50_141.00_141.50_142.00_142.50_,13_11_14_69_22_,139.50_139.00_138.50_138.00_137.50_,33_27_12_41_10_
09:35:01,140.00,1,378,140.50_141.00_141.50_142.00_142.50_,13_11_14_69_22_,139.50_139.00_138.50_138.00_137.50_,33_27_12_41_10_
09:35:12,140.00,1,378,140.50_141.00_141.50_142.00_142.50_,13_10_15_69_22_,140.00_139.50_139.00_138.50_138.00_,4_32_28_11_41_
09:35:42,140.50,1,379,140.50_141.00_141.50_142.00_142.50_,12_10_16_69_22_,140.00_139.50_139.00_138.50_138.00_,6_34_24_11_43_
09:36:23,140.50,1,380,140.50_141.00_141.50_142.00_142.50_,11_10_16_69_22_,140.00_139.50_139.00_138.50_138.00_,7_34_24_11_43_
09:37:10,140.50,1,380,140.50_141.00_141.50_142.00_142.50_,11_10_16_69_22_,140.00_139.50_139.00_138.50_138.00_,12_34_25_11_43_
09:37:35,140.50,1,381,140.50_141.00_141.50_142.00_142.50_,3_10_17_69_22_,140.00_139.50_139.00_138.50_138.00_,12_34_25_11_43_
09:38:32,140.50,1,381,140.50_141.00_141.50_142.00_142.50_,3_10_17_69_22_,140.00_139.50_139.00_138.50_138.00_,34_34_26_11_43_
09:39:08,140.50,1,384,141.00_141.50_142.00_142.50_143.00_,8_18_69_22_62_,140.00_139.50_139.00_138.50_138.00_,37_29_27_11_43_
09:39:18,140.50,1,384,141.00_141.50_142.00_142.50_143.00_,8_18_70_22_62_,140.00_139.50_139.00_138.50_138.00_,37_29_27_11_43_
09:39:23,141.00,1,385,141.00_141.50_142.00_142.50_143.00_,7_18_70_22_62_,140.00_139.50_139.00_138.50_138.00_,37_29_27_11_43_
09:39:33,141.00,1,385,141.00_141.50_142.00_142.50_143.00_,7_18_70_22_61_,140.00_139.50_139.00_138.50_138.00_,46_29_27_11_43_
09:40:04,141.00,1,386,141.00_141.50_142.00_142.50_143.00_,7_19_70_23_60_,140.00_139.50_139.00_138.50_138.00_,46_30_27_11_43_
09:42:17,140.50,1,390,141.00_141.50_142.00_142.50_143.00_,7_18_71_24_80_,140.50_140.00_139.50_139.00_138.50_,11_31_31_29_11_
09:42:38,141.00,2,392,141.00_141.50_142.00_142.50_143.00_,7_17_71_24_80_,140.50_140.00_139.50_139.00_138.50_,11_31_31_29_11_
09:42:43,141.00,1,393,141.00_141.50_142.00_142.50_143.00_,6_18_71_24_80_,140.50_140.00_139.50_139.00_138.50_,11_31_30_30_11_
09:42:48,141.00,1,393,141.00_141.50_142.00_142.50_143.00_,6_18_71_24_80_,140.50_140.00_139.50_139.00_138.50_,15_31_30_30_11_
09:42:48,141.00,1,393,141.00_141.50_142.00_142.50_143.00_,6_18_71_24_80_,140.50_140.00_139.50_139.00_138.50_,15_31_30_30_11_
09:42:48,141.00,1,393,141.00_141.50_142.00_142.50_143.00_,6_18_71_24_80_,140.50_140.00_139.50_139.00_138.50_,15_31_30_30_11_
09:43:03,141.00,1,393,141.00_141.50_142.00_142.50_143.00_,6_18_71_24_80_,140.50_140.00_139.50_139.00_138.50_,15_31_31_30_11_
09:43:03,141.00,1,393,141.00_141.50_142.00_142.50_143.00_,6_18_71_24_80_,140.50_140.00_139.50_139.00_138.50_,15_31_31_30_11_
09:43:08,141.00,1,393,141.00_141.50_142.00_142.50_143.00_,6_18_70_24_81_,140.50_140.00_139.50_139.00_138.50_,17_31_31_30_11_
09:44:36,141.00,2,399,141.00_141.50_142.00_142.50_143.00_,1_18_71_25_80_,140.50_140.00_139.50_139.00_138.50_,20_31_29_31_9_
09:45:52,141.50,2,401,141.50_142.00_142.50_143.00_143.50_,16_70_24_81_34_,140.50_140.00_139.50_139.00_138.50_,20_31_30_32_8_
09:45:52,141.50,2,401,141.50_142.00_142.50_143.00_143.50_,16_70_24_81_34_,140.50_140.00_139.50_139.00_138.50_,20_31_30_32_8_
09:45:52,141.50,2,401,141.50_142.00_142.50_143.00_143.50_,16_70_24_81_34_,140.50_140.00_139.50_139.00_138.50_,20_31_30_32_8_
09:46:03,141.50,2,401,141.50_142.00_142.50_143.00_143.50_,16_70_24_81_34_,140.50_140.00_139.50_139.00_138.50_,21_29_31_32_8_
09:46:08,141.50,2,401,141.50_142.00_142.50_143.00_143.50_,16_70_24_81_34_,140.50_140.00_139.50_139.00_138.50_,21_34_31_32_8_
09:46:13,141.50,2,401,141.50_142.00_142.50_143.00_143.50_,16_70_24_81_34_,141.00_140.50_140.00_139.50_139.00_,1_21_34_31_32_
09:47:10,141.00,10,415,141.00_141.50_142.00_142.50_143.00_,4_18_72_23_81_,140.50_140.00_139.50_139.00_138.50_,6_34_31_32_8_
09:48:37,140.50,5,423,141.00_141.50_142.00_142.50_143.00_,6_18_72_23_82_,140.50_140.00_139.50_139.00_138.50_,2_35_31_32_8_
09:48:42,140.50,5,423,141.00_141.50_142.00_142.50_143.00_,6_19_72_23_82_,140.50_140.00_139.50_139.00_138.50_,5_35_31_32_8_
09:48:42,140.50,5,423,141.00_141.50_142.00_142.50_143.00_,6_19_72_23_82_,140.50_140.00_139.50_139.00_138.50_,5_35_31_32_8_
09:49:38,140.50,5,423,141.00_141.50_142.00_142.50_143.00_,6_19_71_23_82_,140.50_140.00_139.50_139.00_138.50_,5_35_31_33_9_
09:49:54,140.50,5,423,141.00_141.50_142.00_142.50_143.00_,11_20_71_23_82_,140.50_140.00_139.50_139.00_138.50_,5_35_31_33_9_
09:49:54,140.50,5,423,141.00_141.50_142.00_142.50_143.00_,11_20_71_23_82_,140.50_140.00_139.50_139.00_138.50_,5_35_31_33_9_
09:50:19,140.50,5,423,141.00_141.50_142.00_142.50_143.00_,11_20_71_23_82_,140.50_140.00_139.50_139.00_138.50_,8_35_31_33_9_
09:50:19,140.50,5,423,141.00_141.50_142.00_142.50_143.00_,11_20_71_23_82_,140.50_140.00_139.50_139.00_138.50_,8_35_31_33_9_
09:51:26,140.50,1,424,141.00_141.50_142.00_142.50_143.00_,11_20_71_23_82_,140.50_140.00_139.50_139.00_138.50_,7_35_21_33_9_
09:51:26,140.50,1,424,141.00_141.50_142.00_142.50_143.00_,11_20_71_23_82_,140.50_140.00_139.50_139.00_138.50_,7_35_21_33_9_
09:58:22,140.50,1,434,141.00_141.50_142.00_142.50_143.00_,30_19_72_25_83_,140.50_140.00_139.50_139.00_138.50_,12_29_24_49_10_
10:00:15,140.50,1,447,140.50_141.00_141.50_142.00_142.50_,3_44_17_73_26_,140.00_139.50_139.00_138.50_138.00_,29_23_50_10_53_
10:00:51,140.50,1,447,140.50_141.00_141.50_142.00_142.50_,4_45_18_73_26_,140.00_139.50_139.00_138.50_138.00_,24_23_50_10_53_
10:01:32,140.50,1,448,140.50_141.00_141.50_142.00_142.50_,5_45_18_73_26_,140.00_139.50_139.00_138.50_138.00_,24_23_49_11_53_
10:01:32,140.50,1,448,140.50_141.00_141.50_142.00_142.50_,5_45_18_73_26_,140.00_139.50_139.00_138.50_138.00_,24_23_49_11_53_
10:01:57,140.50,1,448,140.50_141.00_141.50_142.00_142.50_,5_45_19_73_26_,140.00_139.50_139.00_138.50_138.00_,23_23_48_12_53_
10:01:57,140.50,1,448,140.50_141.00_141.50_142.00_142.50_,5_45_19_73_26_,140.00_139.50_139.00_138.50_138.00_,23_23_48_12_53_
10:01:57,140.50,1,448,140.50_141.00_141.50_142.00_142.50_,5_45_19_73_26_,140.00_139.50_139.00_138.50_138.00_,23_23_48_12_53_
10:01:57,140.50,1,448,140.50_141.00_141.50_142.00_142.50_,5_45_19_73_26_,140.00_139.50_139.00_138.50_138.00_,23_23_48_12_53_
10:02:13,140.50,1,448,140.50_141.00_141.50_142.00_142.50_,8_45_19_73_26_,140.00_139.50_139.00_138.50_138.00_,23_23_48_12_53_
10:02:23,140.50,1,448,140.50_141.00_141.50_142.00_142.50_,8_45_24_73_26_,140.00_139.50_139.00_138.50_138.00_,23_23_48_12_53_
10:02:49,140.00,2,450,140.50_141.00_141.50_142.00_142.50_,8_45_24_65_26_,140.00_139.50_139.00_138.50_138.00_,21_22_48_12_53_
10:02:54,140.00,2,450,140.50_141.00_141.50_142.00_142.50_,8_45_24_65_26_,140.00_139.50_139.00_138.50_138.00_,21_21_48_12_53_
10:03:04,140.00,1,471,140.50_141.00_141.50_142.00_142.50_,8_45_24_65_26_,139.50_139.00_138.50_138.00_137.50_,18_54_12_53_10_
10:03:30,139.50,1,472,140.50_141.00_141.50_142.00_142.50_,8_46_23_65_26_,139.50_139.00_138.50_138.00_137.50_,18_50_13_53_10_
10:05:08,140.00,1,487,140.50_141.00_141.50_142.00_142.50_,8_44_24_65_25_,140.00_139.50_139.00_138.50_138.00_,4_7_45_18_54_
10:05:08,140.00,1,487,140.50_141.00_141.50_142.00_142.50_,8_44_24_65_25_,140.00_139.50_139.00_138.50_138.00_,4_7_45_18_54_
10:05:23,140.00,1,487,140.50_141.00_141.50_142.00_142.50_,8_44_24_65_25_,140.00_139.50_139.00_138.50_138.00_,4_7_45_18_53_
10:05:23,140.00,1,487,140.50_141.00_141.50_142.00_142.50_,8_44_24_65_25_,140.00_139.50_139.00_138.50_138.00_,4_7_45_18_53_
10:05:33,140.50,1,488,140.50_141.00_141.50_142.00_142.50_,7_44_24_66_25_,140.00_139.50_139.00_138.50_138.00_,4_7_45_18_53_
10:07:47,140.00,1,492,140.50_141.00_141.50_142.00_142.50_,9_44_25_66_25_,140.00_139.50_139.00_138.50_138.00_,1_28_45_18_53_
10:07:47,140.00,1,492,140.50_141.00_141.50_142.00_142.50_,9_44_25_66_25_,140.00_139.50_139.00_138.50_138.00_,1_28_45_18_53_
10:07:47,140.00,1,492,140.50_141.00_141.50_142.00_142.50_,9_44_25_66_25_,140.00_139.50_139.00_138.50_138.00_,1_28_45_18_53_
10:07:47,140.00,1,492,140.50_141.00_141.50_142.00_142.50_,9_44_25_66_25_,140.00_139.50_139.00_138.50_138.00_,1_28_45_18_53_
10:08:02,140.00,1,492,140.50_141.00_141.50_142.00_142.50_,9_44_25_66_25_,140.00_139.50_139.00_138.50_138.00_,1_28_45_18_52_
10:08:02,140.00,1,492,140.50_141.00_141.50_142.00_142.50_,9_44_25_66_25_,140.00_139.50_139.00_138.50_138.00_,1_28_45_18_52_
10:09:09,140.00,1,493,140.50_141.00_141.50_142.00_142.50_,11_44_25_66_25_,140.00_139.50_139.00_138.50_138.00_,1_27_52_18_52_
10:09:09,140.00,1,493,140.50_141.00_141.50_142.00_142.50_,11_44_25_66_25_,140.00_139.50_139.00_138.50_138.00_,1_27_52_18_52_
10:09:09,140.00,1,493,140.50_141.00_141.50_142.00_142.50_,11_44_25_66_25_,140.00_139.50_139.00_138.50_138.00_,1_27_52_18_52_
10:09:24,140.00,1,493,140.50_141.00_141.50_142.00_142.50_,11_44_25_67_25_,140.00_139.50_139.00_138.50_138.00_,1_27_52_19_52_
10:09:24,140.00,1,493,140.50_141.00_141.50_142.00_142.50_,11_44_25_67_25_,140.00_139.50_139.00_138.50_138.00_,1_27_52_19_52_
10:09:24,140.00,1,493,140.50_141.00_141.50_142.00_142.50_,11_44_25_67_25_,140.00_139.50_139.00_138.50_138.00_,1_27_52_19_52_
10:09:24,140.00,1,493,140.50_141.00_141.50_142.00_142.50_,11_44_25_67_25_,140.00_139.50_139.00_138.50_138.00_,1_27_52_19_52_
10:09:24,140.00,1,493,140.50_141.00_141.50_142.00_142.50_,11_44_25_67_25_,140.00_139.50_139.00_138.50_138.00_,1_27_52_19_52_
10:09:24,140.00,1,493,140.50_141.00_141.50_142.00_142.50_,11_44_25_67_25_,140.00_139.50_139.00_138.50_138.00_,1_27_52_19_52_
10:10:00,140.00,1,493,140.50_141.00_141.50_142.00_142.50_,11_44_25_67_25_,140.00_139.50_139.00_138.50_138.00_,1_27_52_19_54_
10:10:00,140.00,1,493,140.50_141.00_141.50_142.00_142.50_,11_44_25_67_25_,140.00_139.50_139.00_138.50_138.00_,1_27_52_19_54_
10:10:20,140.00,1,494,140.50_141.00_141.50_142.00_142.50_,11_45_24_67_25_,139.50_139.00_138.50_138.00_137.50_,27_51_20_54_11_
10:10:36,140.00,1,494,140.50_141.00_141.50_142.00_142.50_,11_45_24_67_25_,139.50_139.00_138.50_138.00_137.50_,41_45_20_54_11_
10:10:36,140.00,1,494,140.50_141.00_141.50_142.00_142.50_,11_45_24_67_25_,139.50_139.00_138.50_138.00_137.50_,41_45_20_54_11_
10:10:36,140.00,1,494,140.50_141.00_141.50_142.00_142.50_,11_45_24_67_25_,139.50_139.00_138.50_138.00_137.50_,41_45_20_54_11_
10:10:36,140.00,1,494,140.50_141.00_141.50_142.00_142.50_,11_45_24_67_25_,139.50_139.00_138.50_138.00_137.50_,41_45_20_54_11_
10:10:36,140.00,1,494,140.50_141.00_141.50_142.00_142.50_,11_45_24_67_25_,139.50_139.00_138.50_138.00_137.50_,41_45_20_54_11_
10:10:36,140.00,1,494,140.50_141.00_141.50_142.00_142.50_,11_45_24_67_25_,139.50_139.00_138.50_138.00_137.50_,41_45_20_54_11_
10:10:36,140.00,1,494,140.50_141.00_141.50_142.00_142.50_,11_45_24_67_25_,139.50_139.00_138.50_138.00_137.50_,41_45_20_54_11_
10:12:03,140.00,1,494,140.50_141.00_141.50_142.00_142.50_,11_44_25_67_25_,140.00_139.50_139.00_138.50_138.00_,10_26_52_19_54_
10:12:08,140.00,1,494,140.50_141.00_141.50_142.00_142.50_,11_44_25_67_25_,140.00_139.50_139.00_138.50_138.00_,10_32_46_19_54_
10:12:08,140.00,1,494,140.50_141.00_141.50_142.00_142.50_,11_44_25_67_25_,140.00_139.50_139.00_138.50_138.00_,10_32_46_19_54_
10:12:08,140.00,1,494,140.50_141.00_141.50_142.00_142.50_,11_44_25_67_25_,140.00_139.50_139.00_138.50_138.00_,10_32_46_19_54_
10:12:08,140.00,1,494,140.50_141.00_141.50_142.00_142.50_,11_44_25_67_25_,140.00_139.50_139.00_138.50_138.00_,10_32_46_19_54_
10:12:29,140.00,1,494,140.50_141.00_141.50_142.00_142.50_,11_44_25_67_25_,140.00_139.50_139.00_138.50_138.00_,10_33_47_19_54_
10:13:15,140.00,1,494,140.50_141.00_141.50_142.00_142.50_,11_44_25_67_25_,140.00_139.50_139.00_138.50_138.00_,10_33_45_19_54_
10:13:15,140.00,1,494,140.50_141.00_141.50_142.00_142.50_,11_44_25_67_25_,140.00_139.50_139.00_138.50_138.00_,10_33_45_19_54_
10:13:15,140.00,1,494,140.50_141.00_141.50_142.00_142.50_,11_44_25_67_25_,140.00_139.50_139.00_138.50_138.00_,10_33_45_19_54_
10:13:15,140.00,1,494,140.50_141.00_141.50_142.00_142.50_,11_44_25_67_25_,140.00_139.50_139.00_138.50_138.00_,10_33_45_19_54_
10:15:23,140.00,1,494,140.50_141.00_141.50_142.00_142.50_,13_44_25_67_25_,140.00_139.50_139.00_138.50_138.00_,10_33_45_19_54_
10:15:23,140.00,1,494,140.50_141.00_141.50_142.00_142.50_,13_44_25_67_25_,140.00_139.50_139.00_138.50_138.00_,10_33_45_19_54_
10:16:30,140.00,1,494,140.50_141.00_141.50_142.00_142.50_,13_44_20_67_25_,140.00_139.50_139.00_138.50_138.00_,10_33_44_19_54_
10:16:56,140.00,1,494,140.50_141.00_141.50_142.00_142.50_,18_44_21_67_25_,140.00_139.50_139.00_138.50_138.00_,10_33_43_19_53_
10:17:21,140.00,1,494,140.50_141.00_141.50_142.00_142.50_,16_44_21_67_25_,140.00_139.50_139.00_138.50_138.00_,14_33_43_19_53_
10:19:09,140.50,2,496,140.50_141.00_141.50_142.00_142.50_,14_44_21_67_25_,140.00_139.50_139.00_138.50_138.00_,14_33_43_19_52_
10:19:20,140.50,2,496,140.50_141.00_141.50_142.00_142.50_,14_44_21_68_25_,140.00_139.50_139.00_138.50_138.00_,14_33_43_19_52_
10:20:06,140.50,2,496,140.50_141.00_141.50_142.00_142.50_,13_44_21_68_25_,140.00_139.50_139.00_138.50_138.00_,14_32_43_19_52_
10:20:42,140.50,2,496,140.50_141.00_141.50_142.00_142.50_,13_44_21_69_25_,140.00_139.50_139.00_138.50_138.00_,14_32_43_19_52_
10:20:57,140.50,2,496,140.50_141.00_141.50_142.00_142.50_,13_44_20_69_25_,140.00_139.50_139.00_138.50_138.00_,17_32_43_19_52_
10:20:57,140.50,2,496,140.50_141.00_141.50_142.00_142.50_,13_44_20_69_25_,140.00_139.50_139.00_138.50_138.00_,17_32_43_19_52_
10:20:57,140.50,2,496,140.50_141.00_141.50_142.00_142.50_,13_44_20_69_25_,140.00_139.50_139.00_138.50_138.00_,17_32_43_19_52_
10:20:57,140.50,2,496,140.50_141.00_141.50_142.00_142.50_,13_44_20_69_25_,140.00_139.50_139.00_138.50_138.00_,17_32_43_19_52_
10:20:57,140.50,2,496,140.50_141.00_141.50_142.00_142.50_,13_44_20_69_25_,140.00_139.50_139.00_138.50_138.00_,17_32_43_19_52_
10:20:57,140.50,2,496,140.50_141.00_141.50_142.00_142.50_,13_44_20_69_25_,140.00_139.50_139.00_138.50_138.00_,17_32_43_19_52_
10:20:57,140.50,2,496,140.50_141.00_141.50_142.00_142.50_,13_44_20_69_25_,140.00_139.50_139.00_138.50_138.00_,17_32_43_19_52_
10:20:57,140.50,2,496,140.50_141.00_141.50_142.00_142.50_,13_44_20_69_25_,140.00_139.50_139.00_138.50_138.00_,17_32_43_19_52_
10:21:43,140.50,1,497,140.50_141.00_141.50_142.00_142.50_,12_44_20_69_25_,140.00_139.50_139.00_138.50_138.00_,17_32_43_19_52_
10:21:43,140.50,1,497,140.50_141.00_141.50_142.00_142.50_,12_44_20_69_25_,140.00_139.50_139.00_138.50_138.00_,17_32_43_19_52_
10:21:53,140.50,1,497,140.50_141.00_141.50_142.00_142.50_,12_44_20_69_25_,140.00_139.50_139.00_138.50_138.00_,17_26_49_19_52_
10:21:53,140.50,1,497,140.50_141.00_141.50_142.00_142.50_,12_44_20_69_25_,140.00_139.50_139.00_138.50_138.00_,17_26_49_19_52_
10:21:53,140.50,1,497,140.50_141.00_141.50_142.00_142.50_,12_44_20_69_25_,140.00_139.50_139.00_138.50_138.00_,17_26_49_19_52_
10:22:03,140.50,1,497,140.50_141.00_141.50_142.00_142.50_,12_44_20_69_25_,140.00_139.50_139.00_138.50_138.00_,17_32_43_19_52_
10:22:03,140.50,1,497,140.50_141.00_141.50_142.00_142.50_,12_44_20_69_25_,140.00_139.50_139.00_138.50_138.00_,17_32_43_19_52_
10:22:03,140.50,1,497,140.50_141.00_141.50_142.00_142.50_,12_44_20_69_25_,140.00_139.50_139.00_138.50_138.00_,17_32_43_19_52_
10:22:24,140.50,1,497,140.50_141.00_141.50_142.00_142.50_,13_44_20_69_25_,140.00_139.50_139.00_138.50_138.00_,17_32_43_19_52_
10:22:24,140.50,1,497,140.50_141.00_141.50_142.00_142.50_,13_44_20_69_25_,140.00_139.50_139.00_138.50_138.00_,17_32_43_19_52_
10:23:10,140.50,8,505,140.50_141.00_141.50_142.00_142.50_,6_44_20_70_25_,140.00_139.50_139.00_138.50_138.00_,14_26_49_19_52_
10:24:42,140.50,8,505,140.50_141.00_141.50_142.00_142.50_,8_44_20_80_25_,140.00_139.50_139.00_138.50_138.00_,15_33_43_19_52_
10:24:47,140.00,1,506,140.50_141.00_141.50_142.00_142.50_,8_44_20_80_25_,140.00_139.50_139.00_138.50_138.00_,14_33_43_19_52_
10:24:57,140.00,1,506,140.50_141.00_141.50_142.00_142.50_,8_44_19_80_25_,140.00_139.50_139.00_138.50_138.00_,14_33_43_19_52_
10:26:30,140.00,1,506,140.50_141.00_141.50_142.00_142.50_,9_45_20_85_25_,140.00_139.50_139.00_138.50_138.00_,17_28_48_19_52_
10:26:30,140.00,1,506,140.50_141.00_141.50_142.00_142.50_,9_45_20_85_25_,140.00_139.50_139.00_138.50_138.00_,17_28_48_19_52_
10:26:30,140.00,1,506,140.50_141.00_141.50_142.00_142.50_,9_45_20_85_25_,140.00_139.50_139.00_138.50_138.00_,17_28_48_19_52_
10:26:55,140.50,4,510,140.50_141.00_141.50_142.00_142.50_,5_45_20_85_25_,140.00_139.50_139.00_138.50_138.00_,17_28_48_19_52_
10:27:01,140.50,4,510,140.50_141.00_141.50_142.00_142.50_,5_45_21_85_25_,140.00_139.50_139.00_138.50_138.00_,17_28_48_19_52_
10:27:26,140.00,1,512,140.50_141.00_141.50_142.00_142.50_,5_45_21_85_25_,140.00_139.50_139.00_138.50_138.00_,15_28_48_19_52_
10:27:42,140.00,1,512,140.50_141.00_141.50_142.00_142.50_,5_45_21_85_25_,140.00_139.50_139.00_138.50_138.00_,15_34_42_19_52_
10:28:02,140.00,1,512,140.50_141.00_141.50_142.00_142.50_,5_45_21_85_25_,140.00_139.50_139.00_138.50_138.00_,18_34_42_19_52_
10:29:39,140.00,1,513,140.50_141.00_141.50_142.00_142.50_,5_45_21_85_25_,140.00_139.50_139.00_138.50_138.00_,21_32_41_21_52_
10:29:39,140.00,1,513,140.50_141.00_141.50_142.00_142.50_,5_45_21_85_25_,140.00_139.50_139.00_138.50_138.00_,21_32_41_21_52_
10:31:07,140.50,1,514,140.50_141.00_141.50_142.00_142.50_,2_44_21_86_25_,140.00_139.50_139.00_138.50_138.00_,20_32_41_20_53_
10:31:07,140.50,1,514,140.50_141.00_141.50_142.00_142.50_,2_44_21_86_25_,140.00_139.50_139.00_138.50_138.00_,20_32_41_20_53_
10:31:27,140.50,1,514,140.50_141.00_141.50_142.00_142.50_,3_44_21_86_25_,140.00_139.50_139.00_138.50_138.00_,20_32_41_20_53_
10:31:27,140.50,1,514,140.50_141.00_141.50_142.00_142.50_,3_44_21_86_25_,140.00_139.50_139.00_138.50_138.00_,20_32_41_20_53_
10:31:27,140.50,1,514,140.50_141.00_141.50_142.00_142.50_,3_44_21_86_25_,140.00_139.50_139.00_138.50_138.00_,20_32_41_20_53_
10:31:27,140.50,1,514,140.50_141.00_141.50_142.00_142.50_,3_44_21_86_25_,140.00_139.50_139.00_138.50_138.00_,20_32_41_20_53_
10:31:27,140.50,1,514,140.50_141.00_141.50_142.00_142.50_,3_44_21_86_25_,140.00_139.50_139.00_138.50_138.00_,20_32_41_20_53_
10:32:39,140.50,2,516,140.50_141.00_141.50_142.00_142.50_,1_44_21_86_25_,140.00_139.50_139.00_138.50_138.00_,20_32_41_20_53_
10:32:39,140.50,2,516,140.50_141.00_141.50_142.00_142.50_,1_44_21_86_25_,140.00_139.50_139.00_138.50_138.00_,20_32_41_20_53_
10:32:39,140.50,2,516,140.50_141.00_141.50_142.00_142.50_,1_44_21_86_25_,140.00_139.50_139.00_138.50_138.00_,20_32_41_20_53_
10:32:39,140.50,2,516,140.50_141.00_141.50_142.00_142.50_,1_44_21_86_25_,140.00_139.50_139.00_138.50_138.00_,20_32_41_20_53_
10:34:01,141.00,3,519,141.00_141.50_142.00_142.50_143.00_,40_21_86_25_77_,140.50_140.00_139.50_139.00_138.50_,1_27_32_42_19_
10:34:11,141.00,3,519,141.00_141.50_142.00_142.50_143.00_,40_21_86_25_77_,140.50_140.00_139.50_139.00_138.50_,10_15_32_42_19_
10:35:38,140.50,1,520,141.00_141.50_142.00_142.50_143.00_,39_22_86_26_77_,140.50_140.00_139.50_139.00_138.50_,10_15_33_41_19_
10:36:40,140.50,1,521,141.00_141.50_142.00_142.50_143.00_,39_22_86_26_77_,140.50_140.00_139.50_139.00_138.50_,11_15_34_41_20_
10:36:55,141.00,2,523,141.00_141.50_142.00_142.50_143.00_,37_22_86_26_76_,140.50_140.00_139.50_139.00_138.50_,11_13_34_41_20_
10:36:55,141.00,2,523,141.00_141.50_142.00_142.50_143.00_,37_22_86_26_76_,140.50_140.00_139.50_139.00_138.50_,11_13_34_41_20_
10:37:00,141.00,2,523,141.00_141.50_142.00_142.50_143.00_,37_23_85_26_76_,140.50_140.00_139.50_139.00_138.50_,11_13_33_42_20_
10:37:05,141.00,2,523,141.00_141.50_142.00_142.50_143.00_,37_23_87_26_76_,140.50_140.00_139.50_139.00_138.50_,11_13_33_42_20_
10:37:51,141.00,2,523,141.00_141.50_142.00_142.50_143.00_,39_22_88_26_76_,140.50_140.00_139.50_139.00_138.50_,11_13_33_43_19_
10:39:29,141.00,1,537,141.00_141.50_142.00_142.50_143.00_,8_22_89_26_76_,140.50_140.00_139.50_139.00_138.50_,11_20_28_44_16_
10:40:56,141.00,2,542,141.00_141.50_142.00_142.50_143.00_,3_23_92_26_76_,140.50_140.00_139.50_139.00_138.50_,12_21_28_44_16_
10:41:21,141.00,2,544,141.00_141.50_142.00_142.50_143.00_,1_23_92_26_76_,140.50_140.00_139.50_139.00_138.50_,12_21_28_44_16_
10:41:21,141.00,2,544,141.00_141.50_142.00_142.50_143.00_,1_23_92_26_76_,140.50_140.00_139.50_139.00_138.50_,12_21_28_44_16_
10:41:21,141.00,2,544,141.00_141.50_142.00_142.50_143.00_,1_23_92_26_76_,140.50_140.00_139.50_139.00_138.50_,12_21_28_44_16_
10:41:21,141.00,2,544,141.00_141.50_142.00_142.50_143.00_,1_23_92_26_76_,140.50_140.00_139.50_139.00_138.50_,12_21_28_44_16_
10:41:21,141.00,2,544,141.00_141.50_142.00_142.50_143.00_,1_23_92_26_76_,140.50_140.00_139.50_139.00_138.50_,12_21_28_44_16_
10:42:54,141.50,3,547,141.50_142.00_142.50_143.00_143.50_,18_92_24_75_37_,140.50_140.00_139.50_139.00_138.50_,12_21_29_44_16_
10:43:04,141.50,3,547,141.50_142.00_142.50_143.00_143.50_,19_92_24_75_37_,140.50_140.00_139.50_139.00_138.50_,12_21_29_44_16_
10:43:09,141.50,1,548,141.50_142.00_142.50_143.00_143.50_,18_92_24_75_37_,140.50_140.00_139.50_139.00_138.50_,12_21_29_44_16_
10:43:09,141.50,1,548,141.50_142.00_142.50_143.00_143.50_,18_92_24_75_37_,140.50_140.00_139.50_139.00_138.50_,12_21_29_44_16_
10:43:24,141.50,1,548,141.50_142.00_142.50_143.00_143.50_,18_92_24_75_37_,140.50_140.00_139.50_139.00_138.50_,12_21_30_44_16_
10:43:29,141.50,1,549,141.50_142.00_142.50_143.00_143.50_,17_92_24_75_37_,140.50_140.00_139.50_139.00_138.50_,12_21_30_44_16_
10:43:35,141.50,1,549,141.50_142.00_142.50_143.00_143.50_,17_91_24_75_37_,140.50_140.00_139.50_139.00_138.50_,12_21_30_44_16_
10:43:40,141.50,1,550,141.50_142.00_142.50_143.00_143.50_,16_91_24_75_37_,140.50_140.00_139.50_139.00_138.50_,12_21_30_44_16_
10:43:40,141.50,1,550,141.50_142.00_142.50_143.00_143.50_,16_91_24_75_37_,140.50_140.00_139.50_139.00_138.50_,12_21_30_44_16_
10:44:05,141.50,1,550,141.50_142.00_142.50_143.00_143.50_,17_91_24_75_37_,140.50_140.00_139.50_139.00_138.50_,13_20_30_44_16_
10:44:15,141.50,1,550,141.50_142.00_142.50_143.00_143.50_,19_90_24_75_37_,140.50_140.00_139.50_139.00_138.50_,13_20_30_44_16_
10:44:15,141.50,1,550,141.50_142.00_142.50_143.00_143.50_,19_90_24_75_37_,140.50_140.00_139.50_139.00_138.50_,13_20_30_44_16_
10:44:31,141.50,1,550,141.50_142.00_142.50_143.00_143.50_,19_89_24_75_37_,140.50_140.00_139.50_139.00_138.50_,13_20_30_44_16_
10:44:36,141.50,1,550,141.50_142.00_142.50_143.00_143.50_,20_89_24_75_37_,140.50_140.00_139.50_139.00_138.50_,13_20_30_44_16_
10:44:41,141.50,1,550,141.50_142.00_142.50_143.00_143.50_,21_89_24_75_37_,140.50_140.00_139.50_139.00_138.50_,13_20_30_44_16_
10:44:46,141.50,1,550,141.50_142.00_142.50_143.00_143.50_,20_89_24_75_37_,140.50_140.00_139.50_139.00_138.50_,13_20_31_44_16_
10:45:22,140.50,1,551,141.50_142.00_142.50_143.00_143.50_,42_89_25_74_37_,140.50_140.00_139.50_139.00_138.50_,12_21_31_44_16_
10:51:31,141.00,1,574,141.00_141.50_142.00_142.50_143.00_,1_57_101_25_77_,140.50_140.00_139.50_139.00_138.50_,11_22_34_43_34_
10:51:31,141.00,1,574,141.00_141.50_142.00_142.50_143.00_,1_57_101_25_77_,140.50_140.00_139.50_139.00_138.50_,11_22_34_43_34_
10:51:31,141.00,1,574,141.00_141.50_142.00_142.50_143.00_,1_57_101_25_77_,140.50_140.00_139.50_139.00_138.50_,11_22_34_43_34_
10:51:31,141.00,1,574,141.00_141.50_142.00_142.50_143.00_,1_57_101_25_77_,140.50_140.00_139.50_139.00_138.50_,11_22_34_43_34_
10:51:31,141.00,1,574,141.00_141.50_142.00_142.50_143.00_,1_57_101_25_77_,140.50_140.00_139.50_139.00_138.50_,11_22_34_43_34_
10:52:07,141.00,1,574,141.00_141.50_142.00_142.50_143.00_,1_60_101_25_77_,140.50_140.00_139.50_139.00_138.50_,12_22_34_43_34_
10:52:12,141.00,1,574,141.00_141.50_142.00_142.50_143.00_,2_60_101_25_77_,140.50_140.00_139.50_139.00_138.50_,12_22_34_40_34_
10:52:12,141.00,1,574,141.00_141.50_142.00_142.50_143.00_,2_60_101_25_77_,140.50_140.00_139.50_139.00_138.50_,12_22_34_40_34_
10:52:12,141.00,1,574,141.00_141.50_142.00_142.50_143.00_,2_60_101_25_77_,140.50_140.00_139.50_139.00_138.50_,12_22_34_40_34_
10:52:43,141.00,1,574,141.00_141.50_142.00_142.50_143.00_,2_60_101_25_77_,140.50_140.00_139.50_139.00_138.50_,12_22_35_40_34_
10:53:13,141.00,1,576,141.50_142.00_142.50_143.00_143.50_,60_102_25_77_37_,140.50_140.00_139.50_139.00_138.50_,12_22_35_40_34_
10:53:34,141.00,1,576,141.50_142.00_142.50_143.00_143.50_,58_104_25_77_37_,140.50_140.00_139.50_139.00_138.50_,14_22_36_39_34_
10:53:49,141.00,1,576,141.00_141.50_142.00_142.50_143.00_,5_58_104_25_77_,140.50_140.00_139.50_139.00_138.50_,14_22_36_39_34_
10:53:54,141.00,1,576,141.00_141.50_142.00_142.50_143.00_,5_60_102_25_77_,140.50_140.00_139.50_139.00_138.50_,14_22_35_40_34_
10:53:54,141.00,1,576,141.00_141.50_142.00_142.50_143.00_,5_60_102_25_77_,140.50_140.00_139.50_139.00_138.50_,14_22_35_40_34_
10:53:54,141.00,1,576,141.00_141.50_142.00_142.50_143.00_,5_60_102_25_77_,140.50_140.00_139.50_139.00_138.50_,14_22_35_40_34_
10:54:10,141.00,1,576,141.00_141.50_142.00_142.50_143.00_,5_61_101_25_77_,140.50_140.00_139.50_139.00_138.50_,14_22_35_40_34_
10:54:20,141.00,1,576,141.00_141.50_142.00_142.50_143.00_,5_61_102_25_77_,140.50_140.00_139.50_139.00_138.50_,14_22_35_40_34_
10:54:30,141.00,1,576,141.00_141.50_142.00_142.50_143.00_,8_61_102_24_77_,140.50_140.00_139.50_139.00_138.50_,14_22_35_40_34_
10:57:04,141.00,2,583,141.00_141.50_142.00_142.50_143.00_,3_65_97_24_77_,140.50_140.00_139.50_139.00_138.50_,14_23_34_40_33_
10:57:04,141.00,2,583,141.00_141.50_142.00_142.50_143.00_,3_65_97_24_77_,140.50_140.00_139.50_139.00_138.50_,14_23_34_40_33_
11:00:09,141.50,1,588,141.50_142.00_142.50_143.00_143.50_,63_99_24_77_39_,140.50_140.00_139.50_139.00_138.50_,15_24_35_39_33_
11:00:09,141.50,1,588,141.50_142.00_142.50_143.00_143.50_,63_99_24_77_39_,140.50_140.00_139.50_139.00_138.50_,15_24_35_39_33_
11:00:29,141.50,1,588,141.50_142.00_142.50_143.00_143.50_,63_99_24_77_39_,140.50_140.00_139.50_139.00_138.50_,15_18_41_39_33_
11:00:29,141.50,1,588,141.50_142.00_142.50_143.00_143.50_,63_99_24_77_39_,140.50_140.00_139.50_139.00_138.50_,15_18_41_39_33_
11:00:29,141.50,1,588,141.50_142.00_142.50_143.00_143.50_,63_99_24_77_39_,140.50_140.00_139.50_139.00_138.50_,15_18_41_39_33_
11:02:57,141.00,1,594,141.00_141.50_142.00_142.50_143.00_,8_80_98_24_77_,140.50_140.00_139.50_139.00_138.50_,14_19_40_50_33_
11:04:50,141.00,1,598,141.00_141.50_142.00_142.50_143.00_,7_79_101_24_77_,140.50_140.00_139.50_139.00_138.50_,15_24_34_50_33_
11:04:50,141.00,1,598,141.00_141.50_142.00_142.50_143.00_,7_79_101_24_77_,140.50_140.00_139.50_139.00_138.50_,15_24_34_50_33_
11:07:55,141.00,1,602,141.00_141.50_142.00_142.50_143.00_,12_81_102_24_78_,140.50_140.00_139.50_139.00_138.50_,17_24_32_50_33_
11:08:10,141.00,1,602,141.00_141.50_142.00_142.50_143.00_,13_82_102_24_78_,140.50_140.00_139.50_139.00_138.50_,17_24_32_50_33_
11:08:10,141.00,1,602,141.00_141.50_142.00_142.50_143.00_,13_82_102_24_78_,140.50_140.00_139.50_139.00_138.50_,17_24_32_50_33_
11:08:10,141.00,1,602,141.00_141.50_142.00_142.50_143.00_,13_82_102_24_78_,140.50_140.00_139.50_139.00_138.50_,17_24_32_50_33_
11:08:10,141.00,1,602,141.00_141.50_142.00_142.50_143.00_,13_82_102_24_78_,140.50_140.00_139.50_139.00_138.50_,17_24_32_50_33_
11:08:10,141.00,1,602,141.00_141.50_142.00_142.50_143.00_,13_82_102_24_78_,140.50_140.00_139.50_139.00_138.50_,17_24_32_50_33_
11:09:27,141.00,1,602,141.00_141.50_142.00_142.50_143.00_,16_81_102_24_78_,140.50_140.00_139.50_139.00_138.50_,17_30_32_50_33_
11:09:37,141.00,1,603,141.00_141.50_142.00_142.50_143.00_,16_81_102_24_78_,140.50_140.00_139.50_139.00_138.50_,17_30_32_50_33_
11:09:42,141.00,1,603,141.00_141.50_142.00_142.50_143.00_,17_82_101_24_78_,140.50_140.00_139.50_139.00_138.50_,17_30_32_50_33_
11:09:47,141.00,1,603,141.00_141.50_142.00_142.50_143.00_,17_83_100_24_78_,140.50_140.00_139.50_139.00_138.50_,17_30_32_50_33_
11:09:47,141.00,1,603,141.00_141.50_142.00_142.50_143.00_,17_83_100_24_78_,140.50_140.00_139.50_139.00_138.50_,17_30_32_50_33_
11:09:47,141.00,1,603,141.00_141.50_142.00_142.50_143.00_,17_83_100_24_78_,140.50_140.00_139.50_139.00_138.50_,17_30_32_50_33_
11:10:03,141.00,1,603,141.00_141.50_142.00_142.50_143.00_,18_83_100_24_78_,140.50_140.00_139.50_139.00_138.50_,17_30_32_50_33_
11:10:03,141.00,1,603,141.00_141.50_142.00_142.50_143.00_,18_83_100_24_78_,140.50_140.00_139.50_139.00_138.50_,17_30_32_50_33_
11:10:54,140.50,2,605,141.00_141.50_142.00_142.50_143.00_,19_80_101_24_78_,140.50_140.00_139.50_139.00_138.50_,16_32_31_49_33_
11:10:54,140.50,2,605,141.00_141.50_142.00_142.50_143.00_,19_80_101_24_78_,140.50_140.00_139.50_139.00_138.50_,16_32_31_49_33_
11:10:54,140.50,2,605,141.00_141.50_142.00_142.50_143.00_,19_80_101_24_78_,140.50_140.00_139.50_139.00_138.50_,16_32_31_49_33_
11:11:56,141.00,1,607,141.00_141.50_142.00_142.50_143.00_,18_81_100_24_78_,140.50_140.00_139.50_139.00_138.50_,15_32_29_50_33_
11:11:56,141.00,1,607,141.00_141.50_142.00_142.50_143.00_,18_81_100_24_78_,140.50_140.00_139.50_139.00_138.50_,15_32_29_50_33_
11:12:06,141.00,1,607,141.00_141.50_142.00_142.50_143.00_,18_81_100_24_78_,140.50_140.00_139.50_139.00_138.50_,16_32_29_50_33_
11:12:52,141.00,2,611,141.00_141.50_142.00_142.50_143.00_,19_77_101_25_78_,140.50_140.00_139.50_139.00_138.50_,16_32_30_49_33_
11:12:57,141.00,2,611,141.00_141.50_142.00_142.50_143.00_,19_78_100_25_78_,140.50_140.00_139.50_139.00_138.50_,16_32_29_50_33_
11:12:57,141.00,2,611,141.00_141.50_142.00_142.50_143.00_,19_78_100_25_78_,140.50_140.00_139.50_139.00_138.50_,16_32_29_50_33_
11:14:24,141.00,1,612,141.00_141.50_142.00_142.50_143.00_,23_74_100_25_78_,140.50_140.00_139.50_139.00_138.50_,17_32_29_50_33_
11:14:34,141.00,1,612,141.00_141.50_142.00_142.50_143.00_,27_74_101_25_78_,140.50_140.00_139.50_139.00_138.50_,17_32_29_50_33_
11:15:10,141.00,1,612,141.00_141.50_142.00_142.50_143.00_,27_74_101_25_78_,140.50_140.00_139.50_139.00_138.50_,17_32_29_60_23_
11:15:31,141.00,1,612,141.00_141.50_142.00_142.50_143.00_,27_74_101_25_78_,140.50_140.00_139.50_139.00_138.50_,17_32_29_60_23_
11:19:01,141.00,1,620,141.00_141.50_142.00_142.50_143.00_,24_74_102_26_79_,140.50_140.00_139.50_139.00_138.50_,18_33_29_60_23_
11:19:27,141.00,1,621,141.00_141.50_142.00_142.50_143.00_,23_74_107_26_79_,140.50_140.00_139.50_139.00_138.50_,17_33_29_60_23_
11:19:32,141.00,1,621,141.00_141.50_142.00_142.50_143.00_,23_74_106_26_79_,140.50_140.00_139.50_139.00_138.50_,17_33_29_60_23_
11:20:49,141.00,1,623,141.00_141.50_142.00_142.50_143.00_,28_69_107_26_79_,140.50_140.00_139.50_139.00_138.50_,15_33_29_60_23_
11:20:49,141.00,1,623,141.00_141.50_142.00_142.50_143.00_,28_69_107_26_79_,140.50_140.00_139.50_139.00_138.50_,15_33_29_60_23_
11:22:11,141.00,1,623,141.00_141.50_142.00_142.50_143.00_,29_70_107_26_79_,140.50_140.00_139.50_139.00_138.50_,15_33_29_60_23_
11:22:11,141.00,1,623,141.00_141.50_142.00_142.50_143.00_,29_70_107_26_79_,140.50_140.00_139.50_139.00_138.50_,15_33_29_60_23_
11:22:11,141.00,1,623,141.00_141.50_142.00_142.50_143.00_,29_70_107_26_79_,140.50_140.00_139.50_139.00_138.50_,15_33_29_60_23_
11:23:07,141.00,1,623,141.00_141.50_142.00_142.50_143.00_,29_70_107_26_85_,140.50_140.00_139.50_139.00_138.50_,15_33_29_60_23_
11:23:12,141.00,1,623,141.00_141.50_142.00_142.50_143.00_,29_70_107_26_85_,140.50_140.00_139.50_139.00_138.50_,16_33_29_60_23_
11:23:12,141.00,1,623,141.00_141.50_142.00_142.50_143.00_,29_70_107_26_85_,140.50_140.00_139.50_139.00_138.50_,16_33_29_60_23_
11:23:28,141.00,1,624,141.00_141.50_142.00_142.50_143.00_,28_70_107_26_85_,140.50_140.00_139.50_139.00_138.50_,15_33_29_61_23_
11:23:28,141.00,1,624,141.00_141.50_142.00_142.50_143.00_,28_70_107_26_85_,140.50_140.00_139.50_139.00_138.50_,15_33_29_61_23_
11:23:28,141.00,1,624,141.00_141.50_142.00_142.50_143.00_,28_70_107_26_85_,140.50_140.00_139.50_139.00_138.50_,15_33_29_61_23_
11:23:28,141.00,1,624,141.00_141.50_142.00_142.50_143.00_,28_70_107_26_85_,140.50_140.00_139.50_139.00_138.50_,15_33_29_61_23_
11:24:19,141.00,1,624,141.00_141.50_142.00_142.50_143.00_,27_70_107_26_85_,140.50_140.00_139.50_139.00_138.50_,15_33_29_61_23_
11:24:19,141.00,1,624,141.00_141.50_142.00_142.50_143.00_,27_70_107_26_85_,140.50_140.00_139.50_139.00_138.50_,15_33_29_61_23_
11:24:19,141.00,1,624,141.00_141.50_142.00_142.50_143.00_,27_70_107_26_85_,140.50_140.00_139.50_139.00_138.50_,15_33_29_61_23_
11:24:19,141.00,1,624,141.00_141.50_142.00_142.50_143.00_,27_70_107_26_85_,140.50_140.00_139.50_139.00_138.50_,15_33_29_61_23_
11:25:00,141.00,1,624,141.00_141.50_142.00_142.50_143.00_,27_70_107_26_85_,140.50_140.00_139.50_139.00_138.50_,16_32_29_61_23_
11:25:00,141.00,1,624,141.00_141.50_142.00_142.50_143.00_,27_70_107_26_85_,140.50_140.00_139.50_139.00_138.50_,16_32_29_61_23_
11:25:00,141.00,1,624,141.00_141.50_142.00_142.50_143.00_,27_70_107_26_85_,140.50_140.00_139.50_139.00_138.50_,16_32_29_61_23_
11:25:31,141.00,1,625,141.00_141.50_142.00_142.50_143.00_,26_70_107_26_85_,140.50_140.00_139.50_139.00_138.50_,15_32_29_61_23_
11:26:48,141.00,1,625,141.00_141.50_142.00_142.50_143.00_,29_68_108_26_85_,140.50_140.00_139.50_139.00_138.50_,18_32_29_61_23_
11:26:48,141.00,1,625,141.00_141.50_142.00_142.50_143.00_,29_68_108_26_85_,140.50_140.00_139.50_139.00_138.50_,18_32_29_61_23_
11:27:19,141.00,1,625,141.00_141.50_142.00_142.50_143.00_,30_68_108_26_85_,140.50_140.00_139.50_139.00_138.50_,18_32_29_61_23_
11:27:29,141.00,1,625,141.00_141.50_142.00_142.50_143.00_,30_68_108_26_85_,140.50_140.00_139.50_139.00_138.50_,18_32_30_61_23_
11:28:20,141.00,1,625,141.00_141.50_142.00_142.50_143.00_,31_68_108_26_85_,140.50_140.00_139.50_139.00_138.50_,19_32_30_61_23_
11:29:32,141.00,1,629,141.00_141.50_142.00_142.50_143.00_,27_69_107_26_85_,140.50_140.00_139.50_139.00_138.50_,18_32_30_61_23_
11:29:32,141.00,1,629,141.00_141.50_142.00_142.50_143.00_,27_69_107_26_85_,140.50_140.00_139.50_139.00_138.50_,18_32_30_61_23_
11:29:32,141.00,1,629,141.00_141.50_142.00_142.50_143.00_,27_69_107_26_85_,140.50_140.00_139.50_139.00_138.50_,18_32_30_61_23_
11:30:03,141.00,1,629,141.00_141.50_142.00_142.50_143.00_,27_69_107_26_85_,140.50_140.00_139.50_139.00_138.50_,17_32_30_61_23_
11:30:08,141.00,1,630,141.00_141.50_142.00_142.50_143.00_,26_69_107_26_85_,140.50_140.00_139.50_139.00_138.50_,17_32_30_61_23_
11:30:13,141.00,1,630,141.00_141.50_142.00_142.50_143.00_,26_68_108_26_85_,140.50_140.00_139.50_139.00_138.50_,17_32_30_61_23_
11:32:26,140.50,10,646,141.00_141.50_142.00_142.50_143.00_,24_69_108_26_85_,140.50_140.00_139.50_139.00_138.50_,5_32_31_60_24_
11:32:26,140.50,10,646,141.00_141.50_142.00_142.50_143.00_,24_69_108_26_85_,140.50_140.00_139.50_139.00_138.50_,5_32_31_60_24_
11:32:26,140.50,10,646,141.00_141.50_142.00_142.50_143.00_,24_69_108_26_85_,140.50_140.00_139.50_139.00_138.50_,5_32_31_60_24_
11:32:42,140.50,1,647,141.00_141.50_142.00_142.50_143.00_,24_69_108_26_85_,140.50_140.00_139.50_139.00_138.50_,4_32_31_60_24_
11:32:47,140.50,1,647,141.00_141.50_142.00_142.50_143.00_,25_69_108_26_85_,140.50_140.00_139.50_139.00_138.50_,4_32_31_60_24_
11:32:47,140.50,1,647,141.00_141.50_142.00_142.50_143.00_,25_69_108_26_85_,140.50_140.00_139.50_139.00_138.50_,4_32_31_60_24_
11:36:37,140.00,5,659,140.50_141.00_141.50_142.00_142.50_,9_49_66_108_28_,140.00_139.50_139.00_138.50_138.00_,26_35_40_44_52_
11:36:37,140.00,5,659,140.50_141.00_141.50_142.00_142.50_,9_49_66_108_28_,140.00_139.50_139.00_138.50_138.00_,26_35_40_44_52_
11:36:37,140.00,5,659,140.50_141.00_141.50_142.00_142.50_,9_49_66_108_28_,140.00_139.50_139.00_138.50_138.00_,26_35_40_44_52_
11:36:37,140.00,5,659,140.50_141.00_141.50_142.00_142.50_,9_49_66_108_28_,140.00_139.50_139.00_138.50_138.00_,26_35_40_44_52_
11:38:00,140.00,1,661,140.50_141.00_141.50_142.00_142.50_,13_49_66_108_28_,140.00_139.50_139.00_138.50_138.00_,24_35_39_44_32_
11:38:20,140.00,1,661,140.50_141.00_141.50_142.00_142.50_,14_46_66_108_28_,140.00_139.50_139.00_138.50_138.00_,24_34_39_44_32_
11:38:20,140.00,1,661,140.50_141.00_141.50_142.00_142.50_,14_46_66_108_28_,140.00_139.50_139.00_138.50_138.00_,24_34_39_44_32_
11:38:20,140.00,1,661,140.50_141.00_141.50_142.00_142.50_,14_46_66_108_28_,140.00_139.50_139.00_138.50_138.00_,24_34_39_44_32_
11:38:20,140.00,1,661,140.50_141.00_141.50_142.00_142.50_,14_46_66_108_28_,140.00_139.50_139.00_138.50_138.00_,24_34_39_44_32_
11:39:01,140.00,1,661,140.50_141.00_141.50_142.00_142.50_,15_46_66_108_28_,140.00_139.50_139.00_138.50_138.00_,24_34_39_44_32_
11:39:01,140.00,1,661,140.50_141.00_141.50_142.00_142.50_,15_46_66_108_28_,140.00_139.50_139.00_138.50_138.00_,24_34_39_44_32_
11:39:01,140.00,1,661,140.50_141.00_141.50_142.00_142.50_,15_46_66_108_28_,140.00_139.50_139.00_138.50_138.00_,24_34_39_44_32_
11:39:01,140.00,1,661,140.50_141.00_141.50_142.00_142.50_,15_46_66_108_28_,140.00_139.50_139.00_138.50_138.00_,24_34_39_44_32_
11:39:01,140.00,1,661,140.50_141.00_141.50_142.00_142.50_,15_46_66_108_28_,140.00_139.50_139.00_138.50_138.00_,24_34_39_44_32_
11:39:01,140.00,1,661,140.50_141.00_141.50_142.00_142.50_,15_46_66_108_28_,140.00_139.50_139.00_138.50_138.00_,24_34_39_44_32_
11:39:32,140.00,1,661,140.50_141.00_141.50_142.00_142.50_,15_46_66_108_28_,140.00_139.50_139.00_138.50_138.00_,24_37_39_44_32_
11:39:32,140.00,1,661,140.50_141.00_141.50_142.00_142.50_,15_46_66_108_28_,140.00_139.50_139.00_138.50_138.00_,24_37_39_44_32_
11:40:08,140.00,1,661,140.50_141.00_141.50_142.00_142.50_,14_46_66_108_28_,140.00_139.50_139.00_138.50_138.00_,23_37_40_44_32_
11:40:08,140.00,1,661,140.50_141.00_141.50_142.00_142.50_,14_46_66_108_28_,140.00_139.50_139.00_138.50_138.00_,23_37_40_44_32_
11:40:08,140.00,1,661,140.50_141.00_141.50_142.00_142.50_,14_46_66_108_28_,140.00_139.50_139.00_138.50_138.00_,23_37_40_44_32_
11:40:08,140.00,1,661,140.50_141.00_141.50_142.00_142.50_,14_46_66_108_28_,140.00_139.50_139.00_138.50_138.00_,23_37_40_44_32_
11:40:08,140.00,1,661,140.50_141.00_141.50_142.00_142.50_,14_46_66_108_28_,140.00_139.50_139.00_138.50_138.00_,23_37_40_44_32_
11:40:08,140.00,1,661,140.50_141.00_141.50_142.00_142.50_,14_46_66_108_28_,140.00_139.50_139.00_138.50_138.00_,23_37_40_44_32_
11:43:17,140.00,1,661,140.50_141.00_141.50_142.00_142.50_,15_46_65_108_28_,140.00_139.50_139.00_138.50_138.00_,28_38_40_44_32_
11:43:17,140.00,1,661,140.50_141.00_141.50_142.00_142.50_,15_46_65_108_28_,140.00_139.50_139.00_138.50_138.00_,28_38_40_44_32_
11:43:17,140.00,1,661,140.50_141.00_141.50_142.00_142.50_,15_46_65_108_28_,140.00_139.50_139.00_138.50_138.00_,28_38_40_44_32_
11:44:09,140.00,1,661,140.50_141.00_141.50_142.00_142.50_,17_46_65_108_28_,140.00_139.50_139.00_138.50_138.00_,28_38_40_44_32_
11:44:09,140.00,1,661,140.50_141.00_141.50_142.00_142.50_,17_46_65_108_28_,140.00_139.50_139.00_138.50_138.00_,28_38_40_44_32_
11:44:09,140.00,1,661,140.50_141.00_141.50_142.00_142.50_,17_46_65_108_28_,140.00_139.50_139.00_138.50_138.00_,28_38_40_44_32_
11:44:09,140.00,1,661,140.50_141.00_141.50_142.00_142.50_,17_46_65_108_28_,140.00_139.50_139.00_138.50_138.00_,28_38_40_44_32_
11:44:09,140.00,1,661,140.50_141.00_141.50_142.00_142.50_,17_46_65_108_28_,140.00_139.50_139.00_138.50_138.00_,28_38_40_44_32_
11:44:09,140.00,1,661,140.50_141.00_141.50_142.00_142.50_,17_46_65_108_28_,140.00_139.50_139.00_138.50_138.00_,28_38_40_44_32_
11:45:25,140.00,1,661,140.50_141.00_141.50_142.00_142.50_,17_46_65_109_28_,140.00_139.50_139.00_138.50_138.00_,28_38_40_44_32_
11:45:25,140.00,1,661,140.50_141.00_141.50_142.00_142.50_,17_46_65_109_28_,140.00_139.50_139.00_138.50_138.00_,28_38_40_44_32_
11:45:25,140.00,1,661,140.50_141.00_141.50_142.00_142.50_,17_46_65_109_28_,140.00_139.50_139.00_138.50_138.00_,28_38_40_44_32_
11:45:25,140.00,1,661,140.50_141.00_141.50_142.00_142.50_,17_46_65_109_28_,140.00_139.50_139.00_138.50_138.00_,28_38_40_44_32_
11:45:25,140.00,1,661,140.50_141.00_141.50_142.00_142.50_,17_46_65_109_28_,140.00_139.50_139.00_138.50_138.00_,28_38_40_44_32_
11:45:25,140.00,1,661,140.50_141.00_141.50_142.00_142.50_,17_46_65_109_28_,140.00_139.50_139.00_138.50_138.00_,28_38_40_44_32_
11:48:40,140.50,6,669,140.50_141.00_141.50_142.00_142.50_,12_48_65_109_28_,140.00_139.50_139.00_138.50_138.00_,26_37_40_44_33_
11:48:51,140.50,6,669,140.50_141.00_141.50_142.00_142.50_,12_47_65_109_28_,140.00_139.50_139.00_138.50_138.00_,26_37_40_44_33_
11:48:51,140.50,6,669,140.50_141.00_141.50_142.00_142.50_,12_47_65_109_28_,140.00_139.50_139.00_138.50_138.00_,26_37_40_44_33_
11:49:27,140.50,1,670,140.50_141.00_141.50_142.00_142.50_,11_46_65_109_28_,140.00_139.50_139.00_138.50_138.00_,26_37_40_44_83_
11:50:38,140.50,1,670,140.50_141.00_141.50_142.00_142.50_,11_46_65_109_28_,140.00_139.50_139.00_138.50_138.00_,26_39_40_94_83_
11:53:32,140.50,1,670,140.50_141.00_141.50_142.00_142.50_,11_75_66_109_28_,140.00_139.50_139.00_138.50_138.00_,26_39_42_92_84_
11:53:48,140.50,1,670,140.50_141.00_141.50_142.00_142.50_,11_75_66_110_28_,140.00_139.50_139.00_138.50_138.00_,26_39_42_92_84_
11:53:48,140.50,1,670,140.50_141.00_141.50_142.00_142.50_,11_75_66_110_28_,140.00_139.50_139.00_138.50_138.00_,26_39_42_92_84_
11:53:48,140.50,1,670,140.50_141.00_141.50_142.00_142.50_,11_75_66_110_28_,140.00_139.50_139.00_138.50_138.00_,26_39_42_92_84_
11:53:48,140.50,1,670,140.50_141.00_141.50_142.00_142.50_,11_75_66_110_28_,140.00_139.50_139.00_138.50_138.00_,26_39_42_92_84_
11:53:48,140.50,1,670,140.50_141.00_141.50_142.00_142.50_,11_75_66_110_28_,140.00_139.50_139.00_138.50_138.00_,26_39_42_92_84_
11:53:48,140.50,1,670,140.50_141.00_141.50_142.00_142.50_,11_75_66_110_28_,140.00_139.50_139.00_138.50_138.00_,26_39_42_92_84_
11:53:48,140.50,1,670,140.50_141.00_141.50_142.00_142.50_,11_75_66_110_28_,140.00_139.50_139.00_138.50_138.00_,26_39_42_92_84_
11:55:56,140.50,1,676,140.50_141.00_141.50_142.00_142.50_,8_75_66_110_28_,140.00_139.50_139.00_138.50_138.00_,26_39_42_92_84_
11:56:26,140.50,1,676,140.50_141.00_141.50_142.00_142.50_,8_75_66_112_28_,140.00_139.50_139.00_138.50_138.00_,26_39_42_92_84_
11:56:26,140.50,1,676,140.50_141.00_141.50_142.00_142.50_,8_75_66_112_28_,140.00_139.50_139.00_138.50_138.00_,26_39_42_92_84_
11:56:26,140.50,1,676,140.50_141.00_141.50_142.00_142.50_,8_75_66_112_28_,140.00_139.50_139.00_138.50_138.00_,26_39_42_92_84_
11:56:26,140.50,1,676,140.50_141.00_141.50_142.00_142.50_,8_75_66_112_28_,140.00_139.50_139.00_138.50_138.00_,26_39_42_92_84_
11:57:23,140.50,1,676,140.50_141.00_141.50_142.00_142.50_,9_75_66_111_28_,140.00_139.50_139.00_138.50_138.00_,26_39_42_92_84_
11:57:23,140.50,1,676,140.50_141.00_141.50_142.00_142.50_,9_75_66_111_28_,140.00_139.50_139.00_138.50_138.00_,26_39_42_92_84_
11:57:23,140.50,1,676,140.50_141.00_141.50_142.00_142.50_,9_75_66_111_28_,140.00_139.50_139.00_138.50_138.00_,26_39_42_92_84_
11:57:59,140.50,1,676,140.50_141.00_141.50_142.00_142.50_,8_75_66_111_28_,140.00_139.50_139.00_138.50_138.00_,26_39_42_92_84_
11:57:59,140.50,1,676,140.50_141.00_141.50_142.00_142.50_,8_75_66_111_28_,140.00_139.50_139.00_138.50_138.00_,26_39_42_92_84_
11:57:59,140.50,1,676,140.50_141.00_141.50_142.00_142.50_,8_75_66_111_28_,140.00_139.50_139.00_138.50_138.00_,26_39_42_92_84_
11:58:35,140.50,1,676,140.50_141.00_141.50_142.00_142.50_,8_75_68_111_28_,140.00_139.50_139.00_138.50_138.00_,26_39_42_92_84_
11:59:21,140.50,1,676,140.50_141.00_141.50_142.00_142.50_,9_75_69_111_28_,140.00_139.50_139.00_138.50_138.00_,26_39_42_92_84_
12:02:00,140.50,5,681,140.50_141.00_141.50_142.00_142.50_,4_75_69_112_28_,140.00_139.50_139.00_138.50_138.00_,26_39_42_62_84_
12:05:04,140.00,3,684,140.50_141.00_141.50_142.00_142.50_,8_79_69_111_28_,140.00_139.50_139.00_138.50_138.00_,23_39_42_61_84_
12:07:02,140.50,1,690,140.50_141.00_141.50_142.00_142.50_,7_79_69_111_28_,140.00_139.50_139.00_138.50_138.00_,18_39_43_61_84_
12:07:02,140.50,1,690,140.50_141.00_141.50_142.00_142.50_,7_79_69_111_28_,140.00_139.50_139.00_138.50_138.00_,18_39_43_61_84_
12:07:02,140.50,1,690,140.50_141.00_141.50_142.00_142.50_,7_79_69_111_28_,140.00_139.50_139.00_138.50_138.00_,18_39_43_61_84_
12:07:43,140.50,1,690,140.50_141.00_141.50_142.00_142.50_,7_79_69_111_28_,140.00_139.50_139.00_138.50_138.00_,18_36_43_61_84_
12:07:43,140.50,1,690,140.50_141.00_141.50_142.00_142.50_,7_79_69_111_28_,140.00_139.50_139.00_138.50_138.00_,18_36_43_61_84_
12:07:53,140.50,1,690,140.50_141.00_141.50_142.00_142.50_,8_79_69_111_28_,140.00_139.50_139.00_138.50_138.00_,18_36_43_61_84_
12:07:58,140.50,5,695,140.50_141.00_141.50_142.00_142.50_,3_79_69_111_28_,140.00_139.50_139.00_138.50_138.00_,13_36_43_61_84_
12:08:03,140.50,5,695,140.50_141.00_141.50_142.00_142.50_,3_79_69_111_28_,140.00_139.50_139.00_138.50_138.00_,14_35_43_61_84_
12:08:24,140.50,5,695,140.50_141.00_141.50_142.00_142.50_,3_79_69_111_28_,140.00_139.50_139.00_138.50_138.00_,14_35_53_61_84_
12:08:24,140.50,5,695,140.50_141.00_141.50_142.00_142.50_,3_79_69_111_28_,140.00_139.50_139.00_138.50_138.00_,14_35_53_61_84_
12:08:39,140.50,5,695,140.50_141.00_141.50_142.00_142.50_,3_79_69_111_28_,140.00_139.50_139.00_138.50_138.00_,23_35_53_61_84_
12:08:39,140.50,5,695,140.50_141.00_141.50_142.00_142.50_,3_79_69_111_28_,140.00_139.50_139.00_138.50_138.00_,23_35_53_61_84_
12:08:39,140.50,5,695,140.50_141.00_141.50_142.00_142.50_,3_79_69_111_28_,140.00_139.50_139.00_138.50_138.00_,23_35_53_61_84_
12:08:39,140.50,5,695,140.50_141.00_141.50_142.00_142.50_,3_79_69_111_28_,140.00_139.50_139.00_138.50_138.00_,23_35_53_61_84_
12:08:55,140.50,5,695,140.50_141.00_141.50_142.00_142.50_,4_79_69_111_28_,140.00_139.50_139.00_138.50_138.00_,23_35_53_61_84_
12:10:01,140.50,2,699,140.50_141.00_141.50_142.00_142.50_,1_79_69_111_28_,140.00_139.50_139.00_138.50_138.00_,22_35_53_61_84_
12:10:32,140.50,2,699,140.50_141.00_141.50_142.00_142.50_,1_79_69_111_28_,140.00_139.50_139.00_138.50_138.00_,22_25_53_61_84_
12:10:32,140.50,2,699,140.50_141.00_141.50_142.00_142.50_,1_79_69_111_28_,140.00_139.50_139.00_138.50_138.00_,22_25_53_61_84_
12:10:32,140.50,2,699,140.50_141.00_141.50_142.00_142.50_,1_79_69_111_28_,140.00_139.50_139.00_138.50_138.00_,22_25_53_61_84_
12:12:30,140.50,2,699,140.50_141.00_141.50_142.00_142.50_,1_78_69_111_28_,140.00_139.50_139.00_138.50_138.00_,22_25_73_11_34_
12:14:02,140.50,1,700,140.50_141.00_141.50_142.00_142.50_,10_78_68_116_28_,140.00_139.50_139.00_138.50_138.00_,22_29_73_11_34_
12:14:17,140.50,1,700,140.50_141.00_141.50_142.00_142.50_,10_80_68_114_28_,140.00_139.50_139.00_138.50_138.00_,22_29_73_11_34_
12:14:17,140.50,1,700,140.50_141.00_141.50_142.00_142.50_,10_80_68_114_28_,140.00_139.50_139.00_138.50_138.00_,22_29_73_11_34_
12:14:53,140.50,9,709,140.50_141.00_141.50_142.00_142.50_,1_82_68_113_28_,140.00_139.50_139.00_138.50_138.00_,19_29_63_12_34_
12:14:53,140.50,9,709,140.50_141.00_141.50_142.00_142.50_,1_82_68_113_28_,140.00_139.50_139.00_138.50_138.00_,19_29_63_12_34_
12:14:53,140.50,9,709,140.50_141.00_141.50_142.00_142.50_,1_82_68_113_28_,140.00_139.50_139.00_138.50_138.00_,19_29_63_12_34_
12:15:50,140.50,9,709,140.50_141.00_141.50_142.00_142.50_,3_82_68_113_28_,140.00_139.50_139.00_138.50_138.00_,19_28_63_12_34_
12:15:50,140.50,9,709,140.50_141.00_141.50_142.00_142.50_,3_82_68_113_28_,140.00_139.50_139.00_138.50_138.00_,19_28_63_12_34_
12:15:50,140.50,9,709,140.50_141.00_141.50_142.00_142.50_,3_82_68_113_28_,140.00_139.50_139.00_138.50_138.00_,19_28_63_12_34_
12:15:50,140.50,9,709,140.50_141.00_141.50_142.00_142.50_,3_82_68_113_28_,140.00_139.50_139.00_138.50_138.00_,19_28_63_12_34_
12:16:10,140.50,9,709,140.50_141.00_141.50_142.00_142.50_,3_82_68_113_28_,140.00_139.50_139.00_138.50_138.00_,20_28_63_12_34_
12:16:10,140.50,9,709,140.50_141.00_141.50_142.00_142.50_,3_82_68_113_28_,140.00_139.50_139.00_138.50_138.00_,20_28_63_12_34_
12:16:10,140.50,9,709,140.50_141.00_141.50_142.00_142.50_,3_82_68_113_28_,140.00_139.50_139.00_138.50_138.00_,20_28_63_12_34_
12:16:10,140.50,9,709,140.50_141.00_141.50_142.00_142.50_,3_82_68_113_28_,140.00_139.50_139.00_138.50_138.00_,20_28_63_12_34_
12:17:07,140.50,9,709,140.50_141.00_141.50_142.00_142.50_,3_82_68_112_28_,140.00_139.50_139.00_138.50_138.00_,20_28_63_12_134_
12:17:07,140.50,9,709,140.50_141.00_141.50_142.00_142.50_,3_82_68_112_28_,140.00_139.50_139.00_138.50_138.00_,20_28_63_12_134_
12:17:53,140.50,9,709,140.50_141.00_141.50_142.00_142.50_,3_83_68_111_28_,140.00_139.50_139.00_138.50_138.00_,20_28_63_12_134_
12:18:03,140.50,9,709,140.50_141.00_141.50_142.00_142.50_,3_84_68_111_28_,140.00_139.50_139.00_138.50_138.00_,20_28_63_12_134_
12:18:03,140.50,9,709,140.50_141.00_141.50_142.00_142.50_,3_84_68_111_28_,140.00_139.50_139.00_138.50_138.00_,20_28_63_12_134_
12:18:39,140.50,1,711,140.50_141.00_141.50_142.00_142.50_,2_83_68_111_28_,140.00_139.50_139.00_138.50_138.00_,20_28_63_12_134_
12:18:49,140.50,1,711,140.50_141.00_141.50_142.00_142.50_,3_83_68_111_28_,140.00_139.50_139.00_138.50_138.00_,20_28_63_12_134_
12:18:49,140.50,1,711,140.50_141.00_141.50_142.00_142.50_,3_83_68_111_28_,140.00_139.50_139.00_138.50_138.00_,20_28_63_12_134_
12:19:00,140.50,1,712,140.50_141.00_141.50_142.00_142.50_,2_83_68_111_28_,140.00_139.50_139.00_138.50_138.00_,21_28_63_12_134_
12:19:20,140.50,1,713,140.50_141.00_141.50_142.00_142.50_,4_83_68_111_28_,140.00_139.50_139.00_138.50_138.00_,21_28_63_12_34_
12:19:41,140.50,1,714,140.50_141.00_141.50_142.00_142.50_,3_83_68_111_28_,140.00_139.50_139.00_138.50_138.00_,21_28_163_12_34_
12:19:41,140.50,1,714,140.50_141.00_141.50_142.00_142.50_,3_83_68_111_28_,140.00_139.50_139.00_138.50_138.00_,21_28_163_12_34_
12:19:41,140.50,1,714,140.50_141.00_141.50_142.00_142.50_,3_83_68_111_28_,140.00_139.50_139.00_138.50_138.00_,21_28_163_12_34_
12:20:01,140.50,1,716,140.50_141.00_141.50_142.00_142.50_,2_83_68_111_28_,140.00_139.50_139.00_138.50_138.00_,20_28_163_12_34_
12:20:01,140.50,1,716,140.50_141.00_141.50_142.00_142.50_,2_83_68_111_28_,140.00_139.50_139.00_138.50_138.00_,20_28_163_12_34_
12:20:06,140.50,1,716,140.50_141.00_141.50_142.00_142.50_,2_83_68_111_28_,140.00_139.50_139.00_138.50_138.00_,20_28_143_12_34_
12:20:52,140.50,1,721,140.50_141.00_141.50_142.00_142.50_,3_83_68_111_28_,140.00_139.50_139.00_138.50_138.00_,17_28_43_12_34_
12:20:58,140.50,1,722,140.50_141.00_141.50_142.00_142.50_,2_83_68_111_28_,140.00_139.50_139.00_138.50_138.00_,17_28_43_12_34_
12:21:03,140.50,1,722,140.50_141.00_141.50_142.00_142.50_,4_83_68_111_28_,140.00_139.50_139.00_138.50_138.00_,20_28_43_12_34_
12:21:03,140.50,1,722,140.50_141.00_141.50_142.00_142.50_,4_83_68_111_28_,140.00_139.50_139.00_138.50_138.00_,20_28_43_12_34_
12:21:03,140.50,1,722,140.50_141.00_141.50_142.00_142.50_,4_83_68_111_28_,140.00_139.50_139.00_138.50_138.00_,20_28_43_12_34_
12:24:28,140.00,1,732,140.50_141.00_141.50_142.00_142.50_,21_84_68_110_28_,140.00_139.50_139.00_138.50_138.00_,17_29_43_12_34_
12:24:43,140.00,1,736,140.50_141.00_141.50_142.00_142.50_,22_84_68_110_28_,140.00_139.50_139.00_138.50_138.00_,13_23_49_12_34_
12:26:05,140.50,1,744,140.50_141.00_141.50_142.00_142.50_,22_84_69_110_27_,140.00_139.50_139.00_138.50_138.00_,9_22_49_13_34_
12:26:05,140.50,1,744,140.50_141.00_141.50_142.00_142.50_,22_84_69_110_27_,140.00_139.50_139.00_138.50_138.00_,9_22_49_13_34_
12:26:41,140.00,1,745,140.50_141.00_141.50_142.00_142.50_,22_84_69_110_27_,140.00_139.50_139.00_138.50_138.00_,8_22_49_13_34_
12:26:41,140.00,1,745,140.50_141.00_141.50_142.00_142.50_,22_84_69_110_27_,140.00_139.50_139.00_138.50_138.00_,8_22_49_13_34_
12:26:41,140.00,1,745,140.50_141.00_141.50_142.00_142.50_,22_84_69_110_27_,140.00_139.50_139.00_138.50_138.00_,8_22_49_13_34_
12:27:27,140.00,1,751,140.50_141.00_141.50_142.00_142.50_,21_84_69_110_27_,140.00_139.50_139.00_138.50_138.00_,2_22_48_14_34_
12:28:44,139.50,1,755,140.50_141.00_141.50_142.00_142.50_,21_85_69_110_24_,139.50_139.00_138.50_138.00_137.50_,25_46_35_33_11_
12:29:25,139.50,1,758,140.00_140.50_141.00_141.50_142.00_,2_24_83_68_110_,139.50_139.00_138.50_138.00_137.50_,22_45_35_32_11_
12:30:57,139.50,1,758,140.00_140.50_141.00_141.50_142.00_,2_24_83_68_110_,139.50_139.00_138.50_138.00_137.50_,22_47_35_32_10_
12:31:33,139.50,1,761,140.00_140.50_141.00_141.50_142.00_,3_25_84_68_110_,139.50_139.00_138.50_138.00_137.50_,19_47_35_32_10_
12:31:33,139.50,1,761,140.00_140.50_141.00_141.50_142.00_,3_25_84_68_110_,139.50_139.00_138.50_138.00_137.50_,19_47_35_32_10_
12:33:31,139.50,1,779,140.00_140.50_141.00_141.50_142.00_,5_25_81_67_110_,139.50_139.00_138.50_138.00_137.50_,1_47_35_33_10_
12:33:31,139.50,1,779,140.00_140.50_141.00_141.50_142.00_,5_25_81_67_110_,139.50_139.00_138.50_138.00_137.50_,1_47_35_33_10_
12:33:41,139.50,1,779,140.00_140.50_141.00_141.50_142.00_,6_25_81_67_111_,139.50_139.00_138.50_138.00_137.50_,1_47_35_33_10_
12:33:41,139.50,1,779,140.00_140.50_141.00_141.50_142.00_,6_25_81_67_111_,139.50_139.00_138.50_138.00_137.50_,1_47_35_33_10_
12:34:22,139.50,1,780,140.00_140.50_141.00_141.50_142.00_,7_26_80_68_111_,139.50_139.00_138.50_138.00_137.50_,1_47_33_33_11_
12:34:43,139.50,2,783,140.00_140.50_141.00_141.50_142.00_,8_25_81_68_111_,139.00_138.50_138.00_137.50_137.00_,47_13_32_11_23_
12:34:48,139.50,2,783,140.00_140.50_141.00_141.50_142.00_,8_26_80_68_111_,139.00_138.50_138.00_137.50_137.00_,47_12_33_11_23_
12:34:53,139.50,2,783,140.00_140.50_141.00_141.50_142.00_,6_26_80_68_111_,139.00_138.50_138.00_137.50_137.00_,47_12_33_11_23_
12:34:53,139.50,2,783,140.00_140.50_141.00_141.50_142.00_,6_26_80_68_111_,139.00_138.50_138.00_137.50_137.00_,47_12_33_11_23_
12:34:53,139.50,2,783,140.00_140.50_141.00_141.50_142.00_,6_26_80_68_111_,139.00_138.50_138.00_137.50_137.00_,47_12_33_11_23_
12:34:53,139.50,2,783,140.00_140.50_141.00_141.50_142.00_,6_26_80_68_111_,139.00_138.50_138.00_137.50_137.00_,47_12_33_11_23_
12:35:29,139.50,2,783,139.50_140.00_140.50_141.00_141.50_,1_8_24_80_68_,139.00_138.50_138.00_137.50_137.00_,41_18_33_11_23_
12:36:41,139.50,1,787,140.00_140.50_141.00_141.50_142.00_,6_26_81_68_111_,139.50_139.00_138.50_138.00_137.50_,6_41_19_33_11_
12:36:46,139.50,1,787,140.00_140.50_141.00_141.50_142.00_,6_26_81_68_111_,139.50_139.00_138.50_138.00_137.50_,6_47_13_34_11_
12:38:08,139.50,1,790,140.00_140.50_141.00_141.50_142.00_,7_26_81_68_112_,139.50_139.00_138.50_138.00_137.50_,6_47_13_34_11_
12:38:08,139.50,1,790,140.00_140.50_141.00_141.50_142.00_,7_26_81_68_112_,139.50_139.00_138.50_138.00_137.50_,6_47_13_34_11_
12:38:08,139.50,1,790,140.00_140.50_141.00_141.50_142.00_,7_26_81_68_112_,139.50_139.00_138.50_138.00_137.50_,6_47_13_34_11_
12:38:08,139.50,1,790,140.00_140.50_141.00_141.50_142.00_,7_26_81_68_112_,139.50_139.00_138.50_138.00_137.50_,6_47_13_34_11_
12:38:08,139.50,1,790,140.00_140.50_141.00_141.50_142.00_,7_26_81_68_112_,139.50_139.00_138.50_138.00_137.50_,6_47_13_34_11_
12:38:34,139.50,1,790,140.00_140.50_141.00_141.50_142.00_,7_26_81_68_112_,139.50_139.00_138.50_138.00_137.50_,9_47_13_34_11_
12:38:34,139.50,1,790,140.00_140.50_141.00_141.50_142.00_,7_26_81_68_112_,139.50_139.00_138.50_138.00_137.50_,9_47_13_34_11_
12:39:30,139.50,1,791,140.00_140.50_141.00_141.50_142.00_,7_26_81_69_112_,139.50_139.00_138.50_138.00_137.50_,8_47_14_34_11_
12:39:30,139.50,1,791,140.00_140.50_141.00_141.50_142.00_,7_26_81_69_112_,139.50_139.00_138.50_138.00_137.50_,8_47_14_34_11_
12:39:30,139.50,1,791,140.00_140.50_141.00_141.50_142.00_,7_26_81_69_112_,139.50_139.00_138.50_138.00_137.50_,8_47_14_34_11_
12:40:21,140.00,2,798,140.00_140.50_141.00_141.50_142.00_,5_26_81_69_112_,139.50_139.00_138.50_138.00_137.50_,1_48_14_34_11_
12:40:26,140.00,2,798,140.00_140.50_141.00_141.50_142.00_,5_26_81_69_112_,139.50_139.00_138.50_138.00_137.50_,1_42_20_34_11_
12:40:26,140.00,2,798,140.00_140.50_141.00_141.50_142.00_,5_26_81_69_112_,139.50_139.00_138.50_138.00_137.50_,1_42_20_34_11_
12:40:42,140.00,2,798,140.00_140.50_141.00_141.50_142.00_,5_26_81_69_112_,139.50_139.00_138.50_138.00_137.50_,1_43_20_34_11_
12:40:47,139.50,1,799,139.50_140.00_140.50_141.00_141.50_,1_5_26_81_69_,139.00_138.50_138.00_137.50_137.00_,43_20_34_11_24_
12:43:00,139.50,1,807,140.00_140.50_141.00_141.50_142.00_,14_24_80_69_112_,139.50_139.00_138.50_138.00_137.50_,1_53_19_35_41_
12:43:41,139.50,2,810,140.00_140.50_141.00_141.50_142.00_,11_25_81_69_113_,139.50_139.00_138.50_138.00_137.50_,8_43_20_34_41_
12:43:41,139.50,2,810,140.00_140.50_141.00_141.50_142.00_,11_25_81_69_113_,139.50_139.00_138.50_138.00_137.50_,8_43_20_34_41_
12:43:41,139.50,2,810,140.00_140.50_141.00_141.50_142.00_,11_25_81_69_113_,139.50_139.00_138.50_138.00_137.50_,8_43_20_34_41_
12:44:02,139.50,2,810,140.00_140.50_141.00_141.50_142.00_,11_25_81_69_113_,139.50_139.00_138.50_138.00_137.50_,8_43_21_34_41_
12:46:10,139.50,1,816,140.00_140.50_141.00_141.50_142.00_,10_29_81_68_117_,139.50_139.00_138.50_138.00_137.50_,2_43_21_34_41_
12:46:41,139.50,2,818,139.50_140.00_140.50_141.00_141.50_,3_13_28_81_69_,139.00_138.50_138.00_137.50_137.00_,43_20_35_41_23_
12:46:46,139.50,2,818,139.50_140.00_140.50_141.00_141.50_,4_13_28_81_69_,139.00_138.50_138.00_137.50_137.00_,43_20_35_41_23_
12:46:56,139.50,2,818,139.50_140.00_140.50_141.00_141.50_,4_14_28_81_69_,139.00_138.50_138.00_137.50_137.00_,42_20_35_41_23_
12:46:56,139.50,2,818,139.50_140.00_140.50_141.00_141.50_,4_14_28_81_69_,139.00_138.50_138.00_137.50_137.00_,42_20_35_41_23_
12:47:01,139.50,2,818,139.50_140.00_140.50_141.00_141.50_,8_14_28_81_69_,139.00_138.50_138.00_137.50_137.00_,42_20_35_41_23_
12:47:01,139.50,2,818,139.50_140.00_140.50_141.00_141.50_,8_14_28_81_69_,139.00_138.50_138.00_137.50_137.00_,42_20_35_41_23_
12:47:11,139.00,2,820,139.50_140.00_140.50_141.00_141.50_,8_14_28_81_69_,139.00_138.50_138.00_137.50_137.00_,40_20_35_41_23_
12:47:27,139.00,2,820,139.50_140.00_140.50_141.00_141.50_,8_13_28_81_69_,139.00_138.50_138.00_137.50_137.00_,40_20_35_41_23_
12:48:59,139.00,8,839,139.50_140.00_140.50_141.00_141.50_,10_8_28_80_69_,139.00_138.50_138.00_137.50_137.00_,21_20_35_43_23_
12:49:09,139.00,8,839,139.50_140.00_140.50_141.00_141.50_,10_8_28_80_69_,139.00_138.50_138.00_137.50_137.00_,21_15_35_43_25_
12:49:25,139.00,6,851,139.50_140.00_140.50_141.00_141.50_,10_8_28_80_69_,139.00_138.50_138.00_137.50_137.00_,9_15_34_43_25_
12:49:35,139.00,4,861,139.50_140.00_140.50_141.00_141.50_,10_8_28_80_69_,139.00_138.50_138.00_137.50_137.00_,1_8_40_43_25_
12:50:06,139.00,1,862,139.00_139.50_140.00_140.50_141.00_,14_8_7_28_80_,138.50_138.00_137.50_137.00_136.50_,7_39_44_25_3_
12:50:52,138.50,1,863,139.00_139.50_140.00_140.50_141.00_,18_6_8_28_80_,138.50_138.00_137.50_137.00_136.50_,9_40_15_25_3_
12:51:43,138.50,1,869,139.00_139.50_140.00_140.50_141.00_,21_5_10_28_80_,138.50_138.00_137.50_137.00_136.50_,4_34_21_25_3_
12:52:14,138.00,1,877,138.50_139.00_139.50_140.00_140.50_,4_20_6_7_28_,138.00_137.50_137.00_136.50_136.00_,30_17_25_6_14_
12:53:00,138.00,5,907,138.00_138.50_139.00_139.50_140.00_,4_5_17_2_8_,137.50_137.00_136.50_136.00_135.50_,16_30_8_14_1_
12:53:31,138.00,2,909,138.50_139.00_139.50_140.00_140.50_,5_12_5_8_29_,138.00_137.50_137.00_136.50_136.00_,7_17_25_9_15_
12:53:41,138.00,2,909,138.50_139.00_139.50_140.00_140.50_,7_12_5_8_29_,138.00_137.50_137.00_136.50_136.00_,7_17_25_9_15_
12:53:41,138.00,2,909,138.50_139.00_139.50_140.00_140.50_,7_12_5_8_29_,138.00_137.50_137.00_136.50_136.00_,7_17_25_9_15_
12:53:51,138.00,2,909,138.50_139.00_139.50_140.00_140.50_,7_13_5_8_29_,138.00_137.50_137.00_136.50_136.00_,7_17_25_9_15_
12:55:08,138.00,2,911,138.50_139.00_139.50_140.00_140.50_,6_11_5_8_29_,138.00_137.50_137.00_136.50_136.00_,12_17_25_9_17_
12:55:34,138.00,1,912,138.50_139.00_139.50_140.00_140.50_,7_11_5_8_29_,138.00_137.50_137.00_136.50_136.00_,15_27_25_9_17_
12:55:34,138.00,1,912,138.50_139.00_139.50_140.00_140.50_,7_11_5_8_29_,138.00_137.50_137.00_136.50_136.00_,15_27_25_9_17_
12:55:49,138.00,1,913,138.50_139.00_139.50_140.00_140.50_,7_11_5_10_29_,138.00_137.50_137.00_136.50_136.00_,14_27_25_9_17_
12:56:04,138.50,1,914,138.50_139.00_139.50_140.00_140.50_,6_13_3_10_29_,138.00_137.50_137.00_136.50_136.00_,14_27_25_9_17_
12:56:04,138.50,1,914,138.50_139.00_139.50_140.00_140.50_,6_13_3_10_29_,138.00_137.50_137.00_136.50_136.00_,14_27_25_9_17_
12:57:57,138.50,1,914,138.50_139.00_139.50_140.00_140.50_,9_13_4_10_29_,138.00_137.50_137.00_136.50_136.00_,15_27_26_10_26_
12:58:49,138.50,1,914,138.50_139.00_139.50_140.00_140.50_,9_13_5_11_29_,138.00_137.50_137.00_136.50_136.00_,15_27_26_10_26_
