09:00:18,23.40,3,3,23.45_23.50_23.55_23.60_23.65_,5_1_6_13_14_,23.40_23.35_23.30_23.25_23.20_,10_12_1_6_8_
09:00:23,23.40,3,3,23.45_23.50_23.55_23.60_23.65_,7_1_7_16_14_,23.40_23.35_23.30_23.25_23.20_,10_12_1_6_8_
09:00:28,23.40,3,3,23.45_23.50_23.55_23.60_23.65_,5_1_8_17_19_,23.40_23.35_23.30_23.25_23.20_,10_12_1_6_8_
09:00:34,23.40,3,3,23.45_23.50_23.55_23.60_23.65_,5_1_8_17_19_,23.40_23.35_23.30_23.25_23.20_,10_26_1_6_8_
09:01:20,23.40,3,3,23.45_23.50_23.55_23.60_23.65_,5_1_8_17_19_,23.40_23.35_23.30_23.25_23.20_,21_26_1_6_8_
09:01:40,23.40,3,3,23.45_23.50_23.55_23.60_23.65_,5_1_8_17_19_,23.40_23.35_23.30_23.25_23.20_,21_26_1_7_8_
09:01:56,23.40,3,3,23.45_23.50_23.55_23.60_23.65_,5_1_8_17_20_,23.40_23.35_23.30_23.25_23.20_,21_26_1_7_8_
09:02:42,23.40,3,3,23.45_23.50_23.55_23.60_23.65_,5_1_8_17_20_,23.40_23.35_23.30_23.25_23.20_,31_26_1_7_8_
09:02:47,23.40,3,3,23.45_23.50_23.55_23.60_23.65_,5_1_8_17_20_,23.40_23.35_23.30_23.25_23.20_,32_26_1_7_8_
09:04:14,23.40,3,3,23.45_23.50_23.55_23.60_23.65_,5_1_8_19_20_,23.40_23.35_23.30_23.25_23.20_,32_26_1_7_8_
09:04:19,23.40,3,3,23.45_23.50_23.55_23.60_23.65_,5_1_8_20_20_,23.40_23.35_23.30_23.25_23.20_,32_26_1_7_8_
09:05:00,23.40,3,3,23.45_23.50_23.55_23.60_23.65_,5_1_8_20_20_,23.40_23.35_23.30_23.25_23.20_,32_26_1_7_9_
09:05:26,23.40,3,3,23.45_23.50_23.55_23.60_23.65_,5_1_8_20_20_,23.40_23.35_23.30_23.25_23.20_,31_26_1_7_9_
09:05:41,23.40,3,3,23.45_23.50_23.55_23.60_23.65_,5_1_8_27_20_,23.40_23.35_23.30_23.25_23.20_,31_26_1_14_9_
09:05:47,23.40,3,3,23.45_23.50_23.55_23.60_23.65_,5_1_8_29_27_,23.40_23.35_23.30_23.25_23.20_,31_26_8_14_9_
09:05:52,23.40,3,3,23.45_23.50_23.55_23.60_23.65_,5_1_8_29_29_,23.40_23.35_23.30_23.25_23.20_,31_26_8_14_9_
09:06:12,23.40,3,3,23.45_23.50_23.55_23.60_23.65_,5_1_8_29_29_,23.40_23.35_23.30_23.25_23.20_,34_26_8_14_9_
09:06:17,23.40,3,3,23.45_23.50_23.55_23.60_23.65_,8_1_8_29_29_,23.40_23.35_23.30_23.25_23.20_,34_26_8_14_9_
09:09:12,23.40,3,3,23.45_23.50_23.55_23.60_23.65_,8_2_8_29_29_,23.40_23.35_23.30_23.25_23.20_,34_26_8_14_9_
09:09:17,23.40,3,3,23.45_23.50_23.55_23.60_23.65_,8_2_8_29_29_,23.40_23.35_23.30_23.25_23.20_,34_26_8_19_9_
09:09:53,23.40,16,19,23.45_23.50_23.55_23.60_23.65_,8_2_8_29_29_,23.40_23.35_23.30_23.25_23.20_,18_26_8_19_9_
09:09:58,23.40,1,20,23.45_23.50_23.55_23.60_23.65_,13_2_8_29_22_,23.40_23.35_23.30_23.25_23.20_,17_26_8_19_9_
09:10:03,23.40,1,21,23.45_23.50_23.55_23.60_23.65_,12_2_8_29_22_,23.40_23.35_23.30_23.25_23.20_,16_26_8_19_9_
09:10:08,23.40,1,21,23.45_23.50_23.55_23.60_23.65_,11_2_8_29_22_,23.40_23.35_23.30_23.25_23.20_,16_26_8_19_9_
09:10:49,23.40,1,21,23.45_23.50_23.55_23.60_23.65_,11_2_8_29_22_,23.40_23.35_23.30_23.25_23.20_,16_26_8_19_11_
09:10:59,23.40,1,21,23.45_23.50_23.55_23.60_23.65_,11_2_8_29_22_,23.40_23.35_23.30_23.25_23.20_,16_26_8_14_11_
09:12:27,23.40,1,21,23.45_23.50_23.55_23.60_23.65_,11_2_8_29_22_,23.40_23.35_23.30_23.25_23.20_,16_26_10_14_11_
09:12:47,23.40,1,21,23.45_23.50_23.55_23.60_23.65_,11_2_8_29_22_,23.40_23.35_23.30_23.25_23.20_,16_26_10_14_14_
09:15:57,23.40,1,21,23.45_23.50_23.55_23.60_23.65_,11_2_15_29_15_,23.40_23.35_23.30_23.25_23.20_,16_26_10_14_14_
09:16:02,23.40,1,21,23.45_23.50_23.55_23.60_23.65_,11_2_17_29_15_,23.40_23.35_23.30_23.25_23.20_,16_26_10_14_14_
09:16:38,23.45,1,22,23.45_23.50_23.55_23.60_23.65_,10_2_17_29_15_,23.40_23.35_23.30_23.25_23.20_,16_26_10_14_14_
09:16:43,23.45,1,22,23.45_23.50_23.55_23.60_23.65_,10_2_17_29_15_,23.40_23.35_23.30_23.25_23.20_,16_26_10_14_33_
09:18:15,23.45,1,22,23.45_23.50_23.55_23.60_23.65_,10_2_17_29_15_,23.40_23.35_23.30_23.25_23.20_,16_26_10_14_34_
09:19:17,23.45,1,22,23.45_23.50_23.55_23.60_23.65_,10_2_10_29_22_,23.40_23.35_23.30_23.25_23.20_,16_26_10_14_34_
09:19:22,23.45,1,22,23.45_23.50_23.55_23.60_23.65_,10_2_8_29_22_,23.40_23.35_23.30_23.25_23.20_,16_26_10_14_34_
09:19:33,23.45,1,22,23.45_23.50_23.55_23.60_23.65_,10_4_8_29_22_,23.40_23.35_23.30_23.25_23.20_,16_26_10_14_34_
09:19:38,23.45,1,22,23.45_23.50_23.55_23.60_23.65_,10_5_8_22_22_,23.40_23.35_23.30_23.25_23.20_,16_26_10_14_34_
09:19:48,23.45,1,22,23.45_23.50_23.55_23.60_23.65_,10_5_15_22_15_,23.40_23.35_23.30_23.25_23.20_,16_26_10_14_34_
09:19:53,23.45,1,22,23.45_23.50_23.55_23.60_23.65_,10_5_17_22_15_,23.40_23.35_23.30_23.25_23.20_,16_26_10_14_34_
09:21:25,23.45,1,22,23.45_23.50_23.55_23.60_23.65_,10_5_17_22_18_,23.40_23.35_23.30_23.25_23.20_,16_26_10_14_34_
09:23:03,23.45,1,22,23.45_23.50_23.55_23.60_23.65_,10_5_17_24_18_,23.40_23.35_23.30_23.25_23.20_,16_26_10_14_34_
09:23:08,23.45,1,22,23.45_23.50_23.55_23.60_23.65_,10_5_17_24_19_,23.40_23.35_23.30_23.25_23.20_,16_26_10_14_34_
09:26:29,23.45,1,22,23.45_23.50_23.55_23.60_23.65_,10_5_17_24_19_,23.40_23.35_23.30_23.25_23.20_,16_26_10_14_15_
09:26:44,23.45,1,22,23.45_23.50_23.55_23.60_23.65_,10_5_18_24_19_,23.40_23.35_23.30_23.25_23.20_,16_26_10_14_15_
09:26:49,23.45,1,22,23.45_23.50_23.55_23.60_23.65_,10_5_19_24_19_,23.40_23.35_23.30_23.25_23.20_,16_26_10_14_15_
09:28:21,23.45,1,22,23.45_23.50_23.55_23.60_23.65_,11_5_19_24_19_,23.40_23.35_23.30_23.25_23.20_,16_26_10_14_15_
09:28:26,23.45,1,22,23.45_23.50_23.55_23.60_23.65_,31_5_19_24_19_,23.40_23.35_23.30_23.25_23.20_,16_26_10_14_21_
09:28:32,23.45,20,42,23.45_23.50_23.55_23.60_23.65_,18_5_19_24_19_,23.40_23.35_23.30_23.25_23.20_,16_12_3_14_28_
09:28:37,23.40,1,43,23.45_23.50_23.55_23.60_23.65_,18_5_19_24_19_,23.40_23.35_23.30_23.25_23.20_,15_12_3_14_28_
09:28:42,23.40,1,44,23.45_23.50_23.55_23.60_23.65_,17_5_19_24_19_,23.40_23.35_23.30_23.25_23.20_,14_12_3_33_28_
09:28:47,23.40,1,44,23.45_23.50_23.55_23.60_23.65_,17_5_19_25_19_,23.40_23.35_23.30_23.25_23.20_,14_12_3_33_28_
09:28:52,23.40,1,44,23.45_23.50_23.55_23.60_23.65_,17_5_19_25_19_,23.40_23.35_23.30_23.25_23.20_,14_12_10_33_21_
09:29:23,23.40,1,44,23.45_23.50_23.55_23.60_23.65_,17_5_19_25_19_,23.40_23.35_23.30_23.25_23.20_,15_12_10_33_21_
09:30:04,23.40,1,44,23.45_23.50_23.55_23.60_23.65_,17_5_19_25_19_,23.40_23.35_23.30_23.25_23.20_,17_12_10_33_21_
09:30:29,23.40,1,44,23.45_23.50_23.55_23.60_23.65_,18_5_19_25_19_,23.40_23.35_23.30_23.25_23.20_,17_12_10_33_21_
09:31:41,23.40,3,47,23.45_23.50_23.55_23.60_23.65_,18_5_19_25_19_,23.40_23.35_23.30_23.25_23.20_,14_12_10_33_21_
09:31:46,23.40,1,48,23.45_23.50_23.55_23.60_23.65_,18_5_19_25_19_,23.40_23.35_23.30_23.25_23.20_,13_12_10_33_21_
09:32:27,23.40,1,48,23.45_23.50_23.55_23.60_23.65_,17_5_19_25_19_,23.40_23.35_23.30_23.25_23.20_,13_12_10_33_21_
09:34:10,23.40,1,48,23.45_23.50_23.55_23.60_23.65_,17_5_19_25_19_,23.40_23.35_23.30_23.25_23.20_,13_12_10_33_31_
09:34:41,23.40,1,48,23.45_23.50_23.55_23.60_23.65_,17_5_12_25_26_,23.40_23.35_23.30_23.25_23.20_,13_12_10_33_31_
09:34:46,23.40,1,48,23.45_23.50_23.55_23.60_23.65_,17_5_9_25_26_,23.40_23.35_23.30_23.25_23.20_,13_12_10_33_31_
09:34:51,23.40,1,48,23.45_23.50_23.55_23.60_23.65_,17_5_9_25_26_,23.40_23.35_23.30_23.25_23.20_,13_19_10_26_31_
09:35:06,23.45,1,49,23.45_23.50_23.55_23.60_23.65_,16_5_9_25_26_,23.40_23.35_23.30_23.25_23.20_,12_19_10_26_31_
09:35:22,23.45,1,50,23.45_23.50_23.55_23.60_23.65_,15_5_9_25_26_,23.40_23.35_23.30_23.25_23.20_,12_19_10_26_31_
09:36:33,23.45,1,51,23.45_23.50_23.55_23.60_23.65_,14_5_9_25_26_,23.40_23.35_23.30_23.25_23.20_,12_19_10_26_31_
09:36:38,23.40,1,52,23.45_23.50_23.55_23.60_23.65_,14_5_9_25_26_,23.40_23.35_23.30_23.25_23.20_,11_19_10_26_31_
09:36:49,23.40,1,52,23.45_23.50_23.55_23.60_23.65_,14_5_9_30_26_,23.40_23.35_23.30_23.25_23.20_,11_19_10_26_31_
09:36:59,23.45,1,53,23.45_23.50_23.55_23.60_23.65_,13_5_9_30_26_,23.40_23.35_23.30_23.25_23.20_,11_19_10_26_31_
09:37:50,23.45,1,53,23.45_23.50_23.55_23.60_23.65_,13_5_9_30_26_,23.40_23.35_23.30_23.25_23.20_,12_19_10_26_31_
09:38:11,23.45,1,54,23.45_23.50_23.55_23.60_23.65_,12_5_9_30_26_,23.40_23.35_23.30_23.25_23.20_,12_19_10_26_31_
09:38:16,23.45,1,54,23.45_23.50_23.55_23.60_23.65_,12_5_9_30_26_,23.40_23.35_23.30_23.25_23.20_,15_19_10_26_31_
09:38:21,23.45,1,54,23.45_23.50_23.55_23.60_23.65_,12_5_9_30_26_,23.40_23.35_23.30_23.25_23.20_,15_22_10_26_31_
09:38:26,23.45,1,54,23.45_23.50_23.55_23.60_23.65_,12_5_9_30_26_,23.40_23.35_23.30_23.25_23.20_,15_22_13_26_31_
09:39:27,23.45,1,54,23.45_23.50_23.55_23.60_23.65_,12_5_9_30_26_,23.40_23.35_23.30_23.25_23.20_,17_22_13_26_31_
09:39:53,23.45,1,55,23.45_23.50_23.55_23.60_23.65_,11_5_9_30_26_,23.40_23.35_23.30_23.25_23.20_,17_22_13_26_31_
09:39:58,23.40,1,56,23.45_23.50_23.55_23.60_23.65_,11_5_9_30_26_,23.40_23.35_23.30_23.25_23.20_,16_22_13_26_31_
09:40:18,23.40,1,56,23.45_23.50_23.55_23.60_23.65_,11_5_9_30_26_,23.40_23.35_23.30_23.25_23.20_,18_22_13_26_31_
09:40:34,23.40,1,56,23.45_23.50_23.55_23.60_23.65_,11_5_9_30_26_,23.40_23.35_23.30_23.25_23.20_,23_22_13_26_31_
09:41:04,23.40,1,56,23.45_23.50_23.55_23.60_23.65_,11_5_9_31_26_,23.40_23.35_23.30_23.25_23.20_,23_22_13_26_31_
09:41:30,23.40,1,56,23.45_23.50_23.55_23.60_23.65_,11_5_9_31_26_,23.40_23.35_23.30_23.25_23.20_,23_22_15_26_31_
09:42:47,23.45,1,57,23.45_23.50_23.55_23.60_23.65_,10_5_9_31_26_,23.40_23.35_23.30_23.25_23.20_,23_22_15_26_31_
09:42:57,23.45,1,58,23.45_23.50_23.55_23.60_23.65_,9_5_9_31_26_,23.40_23.35_23.30_23.25_23.20_,23_22_15_26_31_
09:43:44,23.45,1,59,23.45_23.50_23.55_23.60_23.65_,8_5_9_31_26_,23.40_23.35_23.30_23.25_23.20_,23_22_15_26_31_
09:43:49,23.40,1,60,23.45_23.50_23.55_23.60_23.65_,7_5_9_31_26_,23.40_23.35_23.30_23.25_23.20_,22_22_15_26_31_
09:44:09,23.40,1,60,23.45_23.50_23.55_23.60_23.65_,7_5_9_31_26_,23.40_23.35_23.30_23.25_23.20_,23_22_15_26_31_
09:45:06,23.40,1,60,23.45_23.50_23.55_23.60_23.65_,10_5_9_31_26_,23.40_23.35_23.30_23.25_23.20_,23_22_15_26_31_
09:45:11,23.40,1,60,23.45_23.50_23.55_23.60_23.65_,11_5_9_31_26_,23.40_23.35_23.30_23.25_23.20_,23_22_15_26_31_
09:45:57,23.45,1,61,23.45_23.50_23.55_23.60_23.65_,10_5_9_31_26_,23.40_23.35_23.30_23.25_23.20_,22_22_15_26_31_
09:47:19,23.45,1,61,23.45_23.50_23.55_23.60_23.65_,10_5_9_31_26_,23.40_23.35_23.30_23.25_23.20_,24_22_15_26_31_
09:47:45,23.45,1,61,23.45_23.50_23.55_23.60_23.65_,10_5_9_31_26_,23.40_23.35_23.30_23.25_23.20_,24_22_15_26_32_
09:47:50,23.45,1,62,23.45_23.50_23.55_23.60_23.65_,9_5_9_31_26_,23.40_23.35_23.30_23.25_23.20_,24_22_15_26_32_
09:49:17,23.45,2,64,23.45_23.50_23.55_23.60_23.65_,7_5_9_31_26_,23.40_23.35_23.30_23.25_23.20_,24_22_15_26_32_
09:49:22,23.45,2,64,23.45_23.50_23.55_23.60_23.65_,8_5_9_31_26_,23.40_23.35_23.30_23.25_23.20_,24_22_15_26_32_
09:49:42,23.45,2,64,23.45_23.50_23.55_23.60_23.65_,8_5_9_31_26_,23.40_23.35_23.30_23.25_23.20_,25_22_15_26_32_
09:49:47,23.45,2,66,23.45_23.50_23.55_23.60_23.65_,6_5_9_31_26_,23.40_23.35_23.30_23.25_23.20_,25_22_15_26_32_
09:50:03,23.45,1,67,23.45_23.50_23.55_23.60_23.65_,5_5_9_31_26_,23.40_23.35_23.30_23.25_23.20_,25_22_15_26_32_
09:50:08,23.45,1,67,23.45_23.50_23.55_23.60_23.65_,3_7_9_41_26_,23.40_23.35_23.30_23.25_23.20_,25_22_15_26_32_
09:50:49,23.45,1,68,23.45_23.50_23.55_23.60_23.65_,2_7_9_41_26_,23.40_23.35_23.30_23.25_23.20_,25_22_15_26_32_
09:51:25,23.45,1,68,23.45_23.50_23.55_23.60_23.65_,2_7_10_41_26_,23.40_23.35_23.30_23.25_23.20_,25_22_15_26_32_
09:52:37,23.45,1,69,23.45_23.50_23.55_23.60_23.65_,1_7_10_41_26_,23.40_23.35_23.30_23.25_23.20_,25_22_15_26_32_
09:54:30,23.45,1,70,23.50_23.55_23.60_23.65_23.70_,7_10_41_26_19_,23.40_23.35_23.30_23.25_23.20_,25_22_15_26_32_
09:54:35,23.45,1,70,23.45_23.50_23.55_23.60_23.65_,2_5_10_31_26_,23.40_23.35_23.30_23.25_23.20_,25_22_15_32_26_
09:54:40,23.45,1,70,23.45_23.50_23.55_23.60_23.65_,2_5_10_31_26_,23.40_23.35_23.30_23.25_23.20_,25_22_15_26_32_
09:54:45,23.45,1,71,23.45_23.50_23.55_23.60_23.65_,1_5_10_31_26_,23.40_23.35_23.30_23.25_23.20_,25_22_15_26_32_
09:54:50,23.45,1,71,23.50_23.55_23.60_23.65_23.70_,7_10_42_26_19_,23.40_23.35_23.30_23.25_23.20_,25_22_15_26_32_
09:54:55,23.45,1,71,23.50_23.55_23.60_23.65_23.70_,4_12_42_35_19_,23.40_23.35_23.30_23.25_23.20_,25_22_15_32_26_
09:55:31,23.45,1,71,23.50_23.55_23.60_23.65_23.70_,4_12_42_35_19_,23.45_23.40_23.35_23.30_23.25_,1_24_22_15_32_
09:55:36,23.45,1,71,23.50_23.55_23.60_23.65_23.70_,4_12_42_35_19_,23.45_23.40_23.35_23.30_23.25_,1_24_22_34_13_
09:57:34,23.50,1,72,23.50_23.55_23.60_23.65_23.70_,3_12_42_35_19_,23.45_23.40_23.35_23.30_23.25_,1_24_22_34_13_
09:57:39,23.50,1,72,23.50_23.55_23.60_23.65_23.70_,3_12_42_35_19_,23.45_23.40_23.35_23.30_23.25_,1_24_22_15_32_
10:00:08,23.50,1,72,23.50_23.55_23.60_23.65_23.70_,3_12_42_35_19_,23.45_23.40_23.35_23.30_23.25_,1_31_22_8_32_
10:02:21,23.50,1,72,23.50_23.55_23.60_23.65_23.70_,3_12_45_35_19_,23.45_23.40_23.35_23.30_23.25_,1_31_22_8_32_
10:02:26,23.45,1,73,23.50_23.55_23.60_23.65_23.70_,3_12_45_35_19_,23.40_23.35_23.30_23.25_23.20_,31_22_8_32_26_
10:02:31,23.45,1,73,23.45_23.50_23.55_23.60_23.65_,1_29_10_34_26_,23.40_23.35_23.30_23.25_23.20_,31_22_8_32_26_
10:02:36,23.45,1,73,23.45_23.50_23.55_23.60_23.65_,1_38_10_34_26_,23.40_23.35_23.30_23.25_23.20_,24_22_15_26_32_
10:02:42,23.45,1,73,23.45_23.50_23.55_23.60_23.65_,26_38_17_34_19_,23.40_23.35_23.30_23.25_23.20_,24_22_15_26_32_
10:02:47,23.45,1,73,23.45_23.50_23.55_23.60_23.65_,35_38_20_34_19_,23.40_23.35_23.30_23.25_23.20_,24_22_15_26_32_
10:03:53,23.45,1,73,23.45_23.50_23.55_23.60_23.65_,35_38_20_34_19_,23.40_23.35_23.30_23.25_23.20_,25_22_15_26_32_
10:04:09,23.45,5,78,23.45_23.50_23.55_23.60_23.65_,30_38_20_34_19_,23.40_23.35_23.30_23.25_23.20_,25_22_15_26_32_
10:04:45,23.45,5,78,23.45_23.50_23.55_23.60_23.65_,30_38_20_34_19_,23.40_23.35_23.30_23.25_23.20_,26_22_15_26_32_
10:05:21,23.45,5,78,23.45_23.50_23.55_23.60_23.65_,30_38_20_34_19_,23.40_23.35_23.30_23.25_23.20_,26_22_15_26_33_
10:06:02,23.45,5,78,23.45_23.50_23.55_23.60_23.65_,30_38_20_34_19_,23.40_23.35_23.30_23.25_23.20_,27_22_15_26_33_
10:06:27,23.45,5,78,23.45_23.50_23.55_23.60_23.65_,30_38_20_34_19_,23.40_23.35_23.30_23.25_23.20_,28_22_15_26_33_
10:07:34,23.45,5,78,23.45_23.50_23.55_23.60_23.65_,30_38_20_34_19_,23.40_23.35_23.30_23.25_23.20_,32_22_15_26_33_
10:09:06,23.45,5,78,23.45_23.50_23.55_23.60_23.65_,30_38_20_34_19_,23.40_23.35_23.30_23.25_23.20_,33_22_15_26_33_
10:09:22,23.45,5,78,23.45_23.50_23.55_23.60_23.65_,30_38_20_34_19_,23.40_23.35_23.30_23.25_23.20_,32_22_15_26_33_
10:10:39,23.45,5,78,23.45_23.50_23.55_23.60_23.65_,30_38_20_34_19_,23.40_23.35_23.30_23.25_23.20_,32_15_15_33_33_
10:11:04,23.45,5,78,23.45_23.50_23.55_23.60_23.65_,30_38_20_34_19_,23.40_23.35_23.30_23.25_23.20_,28_15_15_33_33_
10:12:31,23.45,5,78,23.45_23.50_23.55_23.60_23.65_,30_38_20_34_19_,23.40_23.35_23.30_23.25_23.20_,29_15_15_33_33_
10:12:36,23.45,5,78,23.45_23.50_23.55_23.60_23.65_,30_38_20_34_19_,23.40_23.35_23.30_23.25_23.20_,29_22_15_26_33_
10:14:35,23.45,5,78,23.45_23.50_23.55_23.60_23.65_,30_38_20_34_19_,23.40_23.35_23.30_23.25_23.20_,34_22_15_26_33_
10:16:07,23.45,1,79,23.45_23.50_23.55_23.60_23.65_,29_38_20_34_19_,23.40_23.35_23.30_23.25_23.20_,34_22_15_26_33_
10:16:17,23.45,1,79,23.45_23.50_23.55_23.60_23.65_,29_38_20_34_19_,23.40_23.35_23.30_23.25_23.20_,35_22_15_26_33_
10:16:53,23.45,1,80,23.45_23.50_23.55_23.60_23.65_,28_38_20_34_19_,23.40_23.35_23.30_23.25_23.20_,35_22_15_26_33_
10:16:58,23.45,1,81,23.45_23.50_23.55_23.60_23.65_,27_38_20_34_19_,23.40_23.35_23.30_23.25_23.20_,35_22_15_26_33_
10:17:04,23.45,1,81,23.45_23.50_23.55_23.60_23.65_,28_38_20_34_19_,23.40_23.35_23.30_23.25_23.20_,35_22_15_26_33_
10:17:14,23.45,1,81,23.45_23.50_23.55_23.60_23.65_,28_38_20_34_19_,23.40_23.35_23.30_23.25_23.20_,46_22_15_26_33_
10:17:29,23.40,2,83,23.45_23.50_23.55_23.60_23.65_,28_38_20_34_19_,23.40_23.35_23.30_23.25_23.20_,44_22_15_26_33_
10:20:28,23.40,2,83,23.45_23.50_23.55_23.60_23.65_,28_38_20_34_19_,23.40_23.35_23.30_23.25_23.20_,33_22_15_26_33_
10:21:45,23.45,1,84,23.45_23.50_23.55_23.60_23.65_,27_38_20_34_19_,23.40_23.35_23.30_23.25_23.20_,33_22_15_26_33_
10:21:50,23.45,1,84,23.45_23.50_23.55_23.60_23.65_,27_38_20_34_19_,23.40_23.35_23.30_23.25_23.20_,44_22_15_26_33_
10:22:16,23.45,1,85,23.45_23.50_23.55_23.60_23.65_,26_38_20_34_20_,23.40_23.35_23.30_23.25_23.20_,52_22_15_26_33_
10:22:37,23.45,1,86,23.45_23.50_23.55_23.60_23.65_,25_38_20_34_20_,23.40_23.35_23.30_23.25_23.20_,51_22_15_26_33_
10:25:16,23.45,1,86,23.45_23.50_23.55_23.60_23.65_,25_38_20_34_20_,23.40_23.35_23.30_23.25_23.20_,32_22_15_26_33_
10:27:24,23.45,1,86,23.45_23.50_23.55_23.60_23.65_,25_38_20_34_20_,23.40_23.35_23.30_23.25_23.20_,35_22_15_26_33_
10:28:10,23.45,1,86,23.45_23.50_23.55_23.60_23.65_,25_38_20_34_20_,23.40_23.35_23.30_23.25_23.20_,37_22_15_26_33_
10:28:41,23.45,1,87,23.45_23.50_23.55_23.60_23.65_,24_38_20_34_20_,23.40_23.35_23.30_23.25_23.20_,37_22_15_26_33_
10:28:46,23.45,1,87,23.45_23.50_23.55_23.60_23.65_,24_38_20_34_20_,23.40_23.35_23.30_23.25_23.20_,38_22_15_26_33_
10:33:38,23.45,1,88,23.45_23.50_23.55_23.60_23.65_,23_38_20_34_20_,23.40_23.35_23.30_23.25_23.20_,38_22_15_26_33_
10:34:14,23.45,1,88,23.45_23.50_23.55_23.60_23.65_,23_38_24_34_20_,23.40_23.35_23.30_23.25_23.20_,38_22_15_26_33_
10:34:19,23.45,1,88,23.45_23.50_23.55_23.60_23.65_,23_38_25_34_20_,23.40_23.35_23.30_23.25_23.20_,38_22_15_26_33_
10:36:22,23.40,1,89,23.45_23.50_23.55_23.60_23.65_,23_38_25_34_20_,23.40_23.35_23.30_23.25_23.20_,37_22_15_26_33_
10:37:04,23.40,1,89,23.45_23.50_23.55_23.60_23.65_,23_38_25_34_20_,23.40_23.35_23.30_23.25_23.20_,36_22_15_26_33_
10:37:55,23.45,1,90,23.45_23.50_23.55_23.60_23.65_,22_38_25_34_20_,23.40_23.35_23.30_23.25_23.20_,36_22_15_26_33_
10:38:25,23.45,1,90,23.45_23.50_23.55_23.60_23.65_,22_38_25_34_20_,23.40_23.35_23.30_23.25_23.20_,38_22_15_26_33_
10:38:46,23.45,1,90,23.45_23.50_23.55_23.60_23.65_,22_38_25_34_20_,23.40_23.35_23.30_23.25_23.20_,39_22_15_26_33_
10:39:32,23.45,1,90,23.45_23.50_23.55_23.60_23.65_,22_38_25_34_20_,23.40_23.35_23.30_23.25_23.20_,52_22_15_26_33_
10:39:37,23.45,1,90,23.45_23.50_23.55_23.60_23.65_,22_38_25_34_20_,23.40_23.35_23.30_23.25_23.20_,52_22_18_26_33_
10:39:47,23.45,2,92,23.45_23.50_23.55_23.60_23.65_,20_38_25_34_20_,23.40_23.35_23.30_23.25_23.20_,52_22_18_26_33_
10:40:18,23.45,1,93,23.45_23.50_23.55_23.60_23.65_,19_38_25_34_20_,23.40_23.35_23.30_23.25_23.20_,52_22_18_26_33_
10:40:23,23.40,1,94,23.45_23.50_23.55_23.60_23.65_,19_38_25_34_20_,23.40_23.35_23.30_23.25_23.20_,51_22_18_26_33_
10:41:45,23.45,1,95,23.45_23.50_23.55_23.60_23.65_,18_38_25_34_20_,23.40_23.35_23.30_23.25_23.20_,51_22_18_26_33_
10:42:11,23.45,1,96,23.45_23.50_23.55_23.60_23.65_,17_38_25_34_20_,23.40_23.35_23.30_23.25_23.20_,50_22_18_26_33_
10:42:31,23.45,1,97,23.45_23.50_23.55_23.60_23.65_,16_38_25_34_20_,23.40_23.35_23.30_23.25_23.20_,50_22_18_26_33_
10:42:36,23.40,1,98,23.45_23.50_23.55_23.60_23.65_,16_38_25_34_20_,23.40_23.35_23.30_23.25_23.20_,49_22_18_26_33_
10:43:33,23.45,1,99,23.45_23.50_23.55_23.60_23.65_,15_38_25_34_20_,23.40_23.35_23.30_23.25_23.20_,49_22_18_26_33_
10:43:48,23.45,1,100,23.45_23.50_23.55_23.60_23.65_,14_38_25_34_20_,23.40_23.35_23.30_23.25_23.20_,48_22_18_26_33_
10:43:53,23.45,1,101,23.45_23.50_23.55_23.60_23.65_,13_38_25_34_20_,23.40_23.35_23.30_23.25_23.20_,48_22_18_26_33_
10:44:04,23.45,13,114,23.45_23.50_23.55_23.60_23.65_,1_38_25_34_20_,23.40_23.35_23.30_23.25_23.20_,35_22_18_26_33_
10:44:09,23.45,13,114,23.45_23.50_23.55_23.60_23.65_,1_38_25_45_20_,23.40_23.35_23.30_23.25_23.20_,35_22_18_26_33_
10:45:21,23.45,13,114,23.45_23.50_23.55_23.60_23.65_,1_38_25_45_20_,23.40_23.35_23.30_23.25_23.20_,44_22_18_26_33_
10:45:46,23.45,1,115,23.50_23.55_23.60_23.65_23.70_,38_25_45_20_15_,23.40_23.35_23.30_23.25_23.20_,44_22_18_26_33_
10:45:52,23.45,1,115,23.50_23.55_23.60_23.65_23.70_,28_27_45_27_15_,23.40_23.35_23.30_23.25_23.20_,44_22_18_32_27_
10:46:27,23.45,1,115,23.50_23.55_23.60_23.65_23.70_,29_27_45_27_15_,23.40_23.35_23.30_23.25_23.20_,44_22_18_32_27_
10:46:48,23.45,1,115,23.50_23.55_23.60_23.65_23.70_,29_27_45_27_15_,23.40_23.35_23.30_23.25_23.20_,46_22_18_32_27_
10:47:03,23.45,1,115,23.50_23.55_23.60_23.65_23.70_,29_20_45_34_15_,23.40_23.35_23.30_23.25_23.20_,46_22_18_32_27_
10:47:08,23.45,1,115,23.50_23.55_23.60_23.65_23.70_,29_18_45_36_15_,23.40_23.35_23.30_23.25_23.20_,46_22_18_32_27_
10:47:19,23.45,1,115,23.50_23.55_23.60_23.65_23.70_,29_18_45_36_15_,23.45_23.40_23.35_23.30_23.25_,4_35_22_18_32_
10:47:24,23.45,2,117,23.50_23.55_23.60_23.65_23.70_,28_18_45_36_15_,23.45_23.40_23.35_23.30_23.25_,9_35_22_37_13_
10:47:29,23.45,2,117,23.50_23.55_23.60_23.65_23.70_,39_16_45_27_15_,23.45_23.40_23.35_23.30_23.25_,9_35_22_37_13_
10:47:34,23.45,2,117,23.50_23.55_23.60_23.65_23.70_,39_16_45_27_15_,23.45_23.40_23.35_23.30_23.25_,10_35_22_37_13_
10:47:50,23.45,2,117,23.50_23.55_23.60_23.65_23.70_,39_16_45_27_15_,23.45_23.40_23.35_23.30_23.25_,10_33_22_37_13_
10:48:20,23.45,2,119,23.50_23.55_23.60_23.65_23.70_,39_16_45_27_15_,23.45_23.40_23.35_23.30_23.25_,8_33_22_37_13_
10:49:06,23.45,2,119,23.50_23.55_23.60_23.65_23.70_,39_16_45_27_15_,23.45_23.40_23.35_23.30_23.25_,8_23_22_37_13_
10:49:11,23.45,2,119,23.50_23.55_23.60_23.65_23.70_,39_16_45_27_15_,23.45_23.40_23.35_23.30_23.25_,17_14_22_37_13_
10:49:22,23.45,1,120,23.50_23.55_23.60_23.65_23.70_,39_16_45_27_15_,23.45_23.40_23.35_23.30_23.25_,16_14_22_37_13_
10:49:27,23.45,1,121,23.50_23.55_23.60_23.65_23.70_,39_16_45_27_15_,23.45_23.40_23.35_23.30_23.25_,16_14_22_37_13_
10:49:37,23.45,1,121,23.50_23.55_23.60_23.65_23.70_,39_16_45_27_15_,23.45_23.40_23.35_23.30_23.25_,21_14_22_37_13_
10:49:58,23.50,1,122,23.50_23.55_23.60_23.65_23.70_,38_16_45_27_15_,23.45_23.40_23.35_23.30_23.25_,21_14_22_37_13_
10:50:03,23.50,1,122,23.50_23.55_23.60_23.65_23.70_,39_16_45_27_15_,23.45_23.40_23.35_23.30_23.25_,21_14_22_37_13_
10:50:08,23.50,1,123,23.50_23.55_23.60_23.65_23.70_,38_16_45_27_15_,23.45_23.40_23.35_23.30_23.25_,12_14_22_37_13_
10:50:28,23.50,1,123,23.50_23.55_23.60_23.65_23.70_,36_16_45_27_15_,23.45_23.40_23.35_23.30_23.25_,12_14_22_37_13_
10:50:33,23.45,10,133,23.50_23.55_23.60_23.65_23.70_,36_16_48_27_15_,23.45_23.40_23.35_23.30_23.25_,2_14_22_37_13_
10:50:39,23.45,2,135,23.50_23.55_23.60_23.65_23.70_,39_23_49_20_15_,23.40_23.35_23.30_23.25_23.20_,14_22_37_13_27_
10:50:44,23.45,2,135,23.45_23.50_23.55_23.60_23.65_,1_36_25_37_20_,23.40_23.35_23.30_23.25_23.20_,14_22_18_32_27_
10:50:49,23.45,2,135,23.45_23.50_23.55_23.60_23.65_,1_35_25_37_20_,23.40_23.35_23.30_23.25_23.20_,23_22_18_26_33_
10:50:54,23.45,2,135,23.45_23.50_23.55_23.60_23.65_,2_35_25_37_20_,23.40_23.35_23.30_23.25_23.20_,14_22_18_26_33_
10:52:42,23.40,2,137,23.45_23.50_23.55_23.60_23.65_,2_35_25_37_20_,23.40_23.35_23.30_23.25_23.20_,12_22_18_26_33_
10:52:47,23.40,1,138,23.45_23.50_23.55_23.60_23.65_,3_35_25_37_20_,23.40_23.35_23.30_23.25_23.20_,11_22_18_26_33_
10:52:52,23.40,1,138,23.45_23.50_23.55_23.60_23.65_,2_35_25_37_20_,23.40_23.35_23.30_23.25_23.20_,11_22_18_26_33_
10:54:50,23.40,1,138,23.45_23.50_23.55_23.60_23.65_,2_35_25_37_20_,23.40_23.35_23.30_23.25_23.20_,12_25_18_26_33_
10:54:55,23.40,1,138,23.45_23.50_23.55_23.60_23.65_,2_35_25_37_20_,23.40_23.35_23.30_23.25_23.20_,12_25_21_26_33_
10:55:00,23.40,1,138,23.45_23.50_23.55_23.60_23.65_,3_35_25_37_20_,23.40_23.35_23.30_23.25_23.20_,12_25_21_26_33_
10:55:06,23.40,1,138,23.45_23.50_23.55_23.60_23.65_,4_35_25_37_20_,23.40_23.35_23.30_23.25_23.20_,12_25_21_26_33_
10:55:42,23.40,2,140,23.45_23.50_23.55_23.60_23.65_,4_35_25_37_20_,23.40_23.35_23.30_23.25_23.20_,10_25_21_26_33_
10:55:47,23.40,1,141,23.45_23.50_23.55_23.60_23.65_,4_35_25_37_20_,23.40_23.35_23.30_23.25_23.20_,9_25_21_26_33_
10:56:02,23.40,1,141,23.45_23.50_23.55_23.60_23.65_,4_36_25_37_20_,23.40_23.35_23.30_23.25_23.20_,9_25_21_26_33_
10:59:27,23.40,1,141,23.45_23.50_23.55_23.60_23.65_,4_36_25_37_20_,23.40_23.35_23.30_23.25_23.20_,10_25_20_26_33_
11:01:35,23.40,1,141,23.45_23.50_23.55_23.60_23.65_,4_36_25_37_20_,23.40_23.35_23.30_23.25_23.20_,12_25_20_26_33_
11:01:45,23.40,1,141,23.45_23.50_23.55_23.60_23.65_,4_36_25_37_20_,23.40_23.35_23.30_23.25_23.20_,14_25_20_26_33_
11:02:06,23.45,1,142,23.45_23.50_23.55_23.60_23.65_,3_36_25_37_20_,23.40_23.35_23.30_23.25_23.20_,14_25_20_26_33_
11:02:11,23.45,1,142,23.45_23.50_23.55_23.60_23.65_,2_36_25_49_20_,23.40_23.35_23.30_23.25_23.20_,14_25_20_26_33_
11:03:28,23.45,1,142,23.45_23.50_23.55_23.60_23.65_,2_36_25_49_20_,23.40_23.35_23.30_23.25_23.20_,14_30_20_26_33_
11:03:44,23.45,1,143,23.45_23.50_23.55_23.60_23.65_,1_36_25_49_20_,23.40_23.35_23.30_23.25_23.20_,14_30_20_26_33_
11:06:43,23.45,1,144,23.50_23.55_23.60_23.65_23.70_,36_25_49_20_15_,23.40_23.35_23.30_23.25_23.20_,14_30_20_26_33_
11:06:48,23.45,1,144,23.50_23.55_23.60_23.65_23.70_,37_25_49_20_15_,23.40_23.35_23.30_23.25_23.20_,14_30_20_32_27_
11:07:04,23.45,1,144,23.50_23.55_23.60_23.65_23.70_,37_25_49_20_15_,23.40_23.35_23.30_23.25_23.20_,15_30_20_32_27_
11:10:03,23.45,1,144,23.50_23.55_23.60_23.65_23.70_,37_25_49_20_15_,23.40_23.35_23.30_23.25_23.20_,16_30_20_32_27_
11:12:42,23.45,1,144,23.50_23.55_23.60_23.65_23.70_,37_25_49_20_15_,23.40_23.35_23.30_23.25_23.20_,16_30_20_32_26_
11:14:40,23.50,1,145,23.50_23.55_23.60_23.65_23.70_,36_25_49_20_15_,23.40_23.35_23.30_23.25_23.20_,16_30_20_32_26_
11:15:31,23.50,1,146,23.50_23.55_23.60_23.65_23.70_,35_25_49_20_15_,23.40_23.35_23.30_23.25_23.20_,16_30_20_32_26_
11:15:47,23.50,1,146,23.50_23.55_23.60_23.65_23.70_,35_25_49_20_15_,23.45_23.40_23.35_23.30_23.25_,1_15_30_20_32_
11:15:52,23.50,1,146,23.50_23.55_23.60_23.65_23.70_,35_25_49_20_15_,23.45_23.40_23.35_23.30_23.25_,2_14_30_39_13_
11:15:57,23.50,1,146,23.50_23.55_23.60_23.65_23.70_,35_25_49_20_15_,23.45_23.40_23.35_23.30_23.25_,3_13_30_39_13_
11:16:33,23.50,1,146,23.50_23.55_23.60_23.65_23.70_,35_25_49_20_15_,23.45_23.40_23.35_23.30_23.25_,3_11_30_39_13_
11:17:50,23.50,1,147,23.50_23.55_23.60_23.65_23.70_,34_25_49_20_15_,23.45_23.40_23.35_23.30_23.25_,3_11_30_39_13_
11:18:00,23.50,1,147,23.50_23.55_23.60_23.65_23.70_,34_25_49_20_15_,23.45_23.40_23.35_23.30_23.25_,4_11_30_39_13_
11:18:05,23.50,1,148,23.50_23.55_23.60_23.65_23.70_,33_25_49_20_15_,23.45_23.40_23.35_23.30_23.25_,4_11_30_39_13_
11:18:26,23.50,1,148,23.50_23.55_23.60_23.65_23.70_,33_25_49_20_15_,23.45_23.40_23.35_23.30_23.25_,6_11_30_39_13_
11:18:31,23.50,1,149,23.50_23.55_23.60_23.65_23.70_,32_25_49_20_15_,23.45_23.40_23.35_23.30_23.25_,6_11_30_39_13_
11:18:36,23.45,1,150,23.50_23.55_23.60_23.65_23.70_,32_25_49_20_15_,23.45_23.40_23.35_23.30_23.25_,5_11_30_39_13_
11:19:22,23.50,1,151,23.50_23.55_23.60_23.65_23.70_,31_25_49_20_15_,23.45_23.40_23.35_23.30_23.25_,5_11_30_39_13_
11:19:27,23.50,1,151,23.50_23.55_23.60_23.65_23.70_,30_25_49_20_15_,23.45_23.40_23.35_23.30_23.25_,7_11_30_39_13_
11:20:14,23.45,1,152,23.50_23.55_23.60_23.65_23.70_,30_25_49_20_15_,23.45_23.40_23.35_23.30_23.25_,6_11_30_39_13_
11:23:38,23.45,1,152,23.50_23.55_23.60_23.65_23.70_,30_25_49_20_15_,23.45_23.40_23.35_23.30_23.25_,7_11_30_39_13_
11:23:54,23.45,1,153,23.50_23.55_23.60_23.65_23.70_,30_25_49_20_15_,23.45_23.40_23.35_23.30_23.25_,6_11_30_39_13_
11:23:59,23.45,1,154,23.50_23.55_23.60_23.65_23.70_,30_25_49_20_15_,23.45_23.40_23.35_23.30_23.25_,5_11_30_39_13_
11:24:30,23.45,5,159,23.50_23.55_23.60_23.65_23.70_,30_25_49_20_15_,23.40_23.35_23.30_23.25_23.20_,11_30_39_13_26_
11:24:35,23.40,1,160,23.45_23.50_23.55_23.60_23.65_,1_30_25_37_20_,23.40_23.35_23.30_23.25_23.20_,10_30_39_13_26_
11:24:40,23.40,1,160,23.45_23.50_23.55_23.60_23.65_,1_30_25_37_20_,23.40_23.35_23.30_23.25_23.20_,10_30_20_26_32_
11:25:00,23.45,1,161,23.50_23.55_23.60_23.65_23.70_,30_25_37_20_15_,23.40_23.35_23.30_23.25_23.20_,10_30_20_26_32_
11:25:05,23.45,1,161,23.50_23.55_23.60_23.65_23.70_,30_25_49_20_15_,23.40_23.35_23.30_23.25_23.20_,10_30_39_13_26_
11:25:31,23.45,1,161,23.50_23.55_23.60_23.65_23.70_,30_25_49_20_15_,23.40_23.35_23.30_23.25_23.20_,13_30_39_13_26_
11:25:36,23.45,1,161,23.50_23.55_23.60_23.65_23.70_,30_25_49_20_15_,23.40_23.35_23.30_23.25_23.20_,13_30_41_13_26_
11:27:19,23.45,1,161,23.50_23.55_23.60_23.65_23.70_,30_25_49_20_15_,23.40_23.35_23.30_23.25_23.20_,14_30_41_13_26_
11:28:05,23.45,1,161,23.45_23.50_23.55_23.60_23.65_,2_30_25_49_20_,23.40_23.35_23.30_23.25_23.20_,14_30_41_13_26_
11:28:10,23.45,1,161,23.45_23.50_23.55_23.60_23.65_,2_30_25_49_20_,23.40_23.35_23.30_23.25_23.20_,14_30_22_26_32_
11:28:36,23.45,1,162,23.45_23.50_23.55_23.60_23.65_,1_30_25_49_20_,23.40_23.35_23.30_23.25_23.20_,14_30_22_26_32_
11:28:46,23.45,1,163,23.50_23.55_23.60_23.65_23.70_,30_25_49_20_15_,23.40_23.35_23.30_23.25_23.20_,14_30_22_26_32_
11:28:51,23.45,1,163,23.50_23.55_23.60_23.65_23.70_,30_25_49_20_15_,23.40_23.35_23.30_23.25_23.20_,14_30_41_13_26_
11:29:27,23.45,1,163,23.50_23.55_23.60_23.65_23.70_,28_25_49_20_15_,23.40_23.35_23.30_23.25_23.20_,14_30_41_13_26_
11:29:32,23.45,1,163,23.45_23.50_23.55_23.60_23.65_,10_28_25_49_20_,23.40_23.35_23.30_23.25_23.20_,14_30_41_13_26_
11:29:37,23.45,1,163,23.45_23.50_23.55_23.60_23.65_,13_28_25_37_20_,23.40_23.35_23.30_23.25_23.20_,14_30_22_26_32_
11:29:53,23.45,1,163,23.45_23.50_23.55_23.60_23.65_,13_28_25_37_20_,23.40_23.35_23.30_23.25_23.20_,24_30_22_26_32_
11:30:39,23.45,1,164,23.45_23.50_23.55_23.60_23.65_,12_28_25_37_20_,23.40_23.35_23.30_23.25_23.20_,24_30_22_26_32_
11:31:04,23.45,1,165,23.45_23.50_23.55_23.60_23.65_,11_28_25_37_20_,23.40_23.35_23.30_23.25_23.20_,24_30_22_26_32_
11:31:35,23.45,1,166,23.45_23.50_23.55_23.60_23.65_,10_28_25_37_20_,23.40_23.35_23.30_23.25_23.20_,24_30_22_26_32_
11:32:11,23.45,1,166,23.45_23.50_23.55_23.60_23.65_,10_28_25_37_20_,23.40_23.35_23.30_23.25_23.20_,34_30_22_26_32_
11:32:21,23.45,1,166,23.45_23.50_23.55_23.60_23.65_,10_28_25_37_20_,23.40_23.35_23.30_23.25_23.20_,41_30_22_26_32_
11:32:37,23.45,1,167,23.45_23.50_23.55_23.60_23.65_,9_28_25_37_20_,23.40_23.35_23.30_23.25_23.20_,41_30_22_26_32_
11:32:42,23.45,2,169,23.45_23.50_23.55_23.60_23.65_,7_28_25_37_20_,23.40_23.35_23.30_23.25_23.20_,41_30_22_26_32_
11:32:47,23.40,1,170,23.45_23.50_23.55_23.60_23.65_,7_28_25_37_20_,23.40_23.35_23.30_23.25_23.20_,40_30_22_26_32_
11:32:57,23.40,1,170,23.45_23.50_23.55_23.60_23.65_,7_30_25_37_20_,23.40_23.35_23.30_23.25_23.20_,40_30_22_26_32_
11:33:03,23.40,1,170,23.45_23.50_23.55_23.60_23.65_,7_31_25_37_20_,23.40_23.35_23.30_23.25_23.20_,40_30_22_26_32_
11:33:39,23.40,1,170,23.45_23.50_23.55_23.60_23.65_,7_31_25_37_20_,23.40_23.35_23.30_23.25_23.20_,37_30_22_26_32_
11:34:15,23.40,1,170,23.45_23.50_23.55_23.60_23.65_,7_31_25_37_20_,23.40_23.35_23.30_23.25_23.20_,40_30_22_26_32_
11:35:37,23.40,1,170,23.45_23.50_23.55_23.60_23.65_,7_31_25_37_20_,23.40_23.35_23.30_23.25_23.20_,33_30_22_26_32_
11:36:07,23.45,1,171,23.45_23.50_23.55_23.60_23.65_,7_31_25_37_20_,23.40_23.35_23.30_23.25_23.20_,33_30_22_26_32_
11:38:15,23.45,1,171,23.45_23.50_23.55_23.60_23.65_,7_31_25_37_20_,23.40_23.35_23.30_23.25_23.20_,23_30_22_26_32_
11:39:48,23.45,1,172,23.45_23.50_23.55_23.60_23.65_,6_31_25_37_20_,23.40_23.35_23.30_23.25_23.20_,23_30_22_26_32_
11:39:53,23.40,1,173,23.45_23.50_23.55_23.60_23.65_,6_31_25_37_20_,23.40_23.35_23.30_23.25_23.20_,22_30_22_26_32_
11:40:59,23.40,1,173,23.45_23.50_23.55_23.60_23.65_,6_32_25_37_20_,23.40_23.35_23.30_23.25_23.20_,22_30_22_26_32_
11:41:04,23.40,1,173,23.45_23.50_23.55_23.60_23.65_,6_32_25_37_20_,23.40_23.35_23.30_23.25_23.20_,33_30_22_26_32_
11:41:35,23.40,1,173,23.45_23.50_23.55_23.60_23.65_,6_32_25_37_20_,23.40_23.35_23.30_23.25_23.20_,40_30_22_26_32_
11:41:51,23.45,1,174,23.45_23.50_23.55_23.60_23.65_,5_32_25_37_20_,23.40_23.35_23.30_23.25_23.20_,40_30_22_26_32_
11:42:16,23.45,1,175,23.45_23.50_23.55_23.60_23.65_,4_32_25_37_20_,23.40_23.35_23.30_23.25_23.20_,39_30_22_26_32_
11:42:31,23.45,1,176,23.45_23.50_23.55_23.60_23.65_,3_32_25_37_20_,23.40_23.35_23.30_23.25_23.20_,47_30_22_26_32_
11:42:47,23.45,1,176,23.45_23.50_23.55_23.60_23.65_,3_35_25_37_20_,23.40_23.35_23.30_23.25_23.20_,47_30_22_26_32_
11:42:52,23.45,1,176,23.45_23.50_23.55_23.60_23.65_,3_36_25_37_20_,23.40_23.35_23.30_23.25_23.20_,47_30_22_26_32_
11:42:57,23.45,1,177,23.45_23.50_23.55_23.60_23.65_,2_36_25_37_20_,23.40_23.35_23.30_23.25_23.20_,47_30_22_26_32_
11:43:02,23.45,1,177,23.45_23.50_23.55_23.60_23.65_,1_38_25_50_20_,23.40_23.35_23.30_23.25_23.20_,47_30_22_26_32_
11:43:13,23.45,1,178,23.50_23.55_23.60_23.65_23.70_,38_25_50_20_15_,23.40_23.35_23.30_23.25_23.20_,47_30_22_26_32_
11:43:18,23.45,1,178,23.45_23.50_23.55_23.60_23.65_,1_36_25_37_20_,23.40_23.35_23.30_23.25_23.20_,47_30_41_13_26_
11:43:23,23.45,1,178,23.45_23.50_23.55_23.60_23.65_,1_36_25_37_20_,23.40_23.35_23.30_23.25_23.20_,47_30_22_26_32_
11:43:48,23.45,1,179,23.50_23.55_23.60_23.65_23.70_,36_25_37_20_15_,23.40_23.35_23.30_23.25_23.20_,47_30_22_26_32_
11:43:54,23.45,1,179,23.50_23.55_23.60_23.65_23.70_,27_26_50_27_15_,23.40_23.35_23.30_23.25_23.20_,47_30_41_13_26_
11:44:09,23.50,1,180,23.50_23.55_23.60_23.65_23.70_,26_26_50_27_15_,23.40_23.35_23.30_23.25_23.20_,47_30_41_13_26_
11:44:14,23.50,1,180,23.50_23.55_23.60_23.65_23.70_,26_26_50_27_15_,23.45_23.40_23.35_23.30_23.25_,11_36_30_22_32_
11:44:19,23.50,1,180,23.50_23.55_23.60_23.65_23.70_,26_26_50_27_15_,23.45_23.40_23.35_23.30_23.25_,11_36_30_41_13_
11:44:24,23.50,1,180,23.50_23.55_23.60_23.65_23.70_,26_26_50_27_15_,23.45_23.40_23.35_23.30_23.25_,12_36_30_41_13_
11:44:35,23.50,1,181,23.50_23.55_23.60_23.65_23.70_,25_26_50_27_15_,23.45_23.40_23.35_23.30_23.25_,12_36_30_41_13_
11:44:40,23.50,1,181,23.50_23.55_23.60_23.65_23.70_,25_19_50_34_15_,23.45_23.40_23.35_23.30_23.25_,19_29_30_41_13_
11:44:45,23.50,1,181,23.50_23.55_23.60_23.65_23.70_,25_17_50_36_15_,23.45_23.40_23.35_23.30_23.25_,19_29_30_41_13_
11:44:55,23.50,1,181,23.50_23.55_23.60_23.65_23.70_,25_17_50_36_15_,23.45_23.40_23.35_23.30_23.25_,20_29_30_41_13_
11:46:12,23.50,1,181,23.50_23.55_23.60_23.65_23.70_,25_17_50_36_15_,23.45_23.40_23.35_23.30_23.25_,13_29_30_41_13_
11:46:17,23.50,1,181,23.50_23.55_23.60_23.65_23.70_,25_17_50_36_15_,23.45_23.40_23.35_23.30_23.25_,2_29_30_41_13_
11:46:22,23.50,1,181,23.50_23.55_23.60_23.65_23.70_,25_24_50_29_15_,23.45_23.40_23.35_23.30_23.25_,2_29_30_41_13_
11:46:28,23.50,1,181,23.50_23.55_23.60_23.65_23.70_,25_26_50_27_15_,23.45_23.40_23.35_23.30_23.25_,2_29_30_41_13_
11:46:48,23.50,1,181,23.50_23.55_23.60_23.65_23.70_,25_26_50_27_15_,23.45_23.40_23.35_23.30_23.25_,3_29_30_41_13_
11:46:58,23.50,1,181,23.50_23.55_23.60_23.65_23.70_,25_26_50_27_15_,23.45_23.40_23.35_23.30_23.25_,3_39_30_41_13_
11:47:50,23.50,1,181,23.50_23.55_23.60_23.65_23.70_,25_19_50_34_15_,23.45_23.40_23.35_23.30_23.25_,3_39_30_41_13_
11:47:55,23.50,1,181,23.50_23.55_23.60_23.65_23.70_,25_17_50_36_15_,23.45_23.40_23.35_23.30_23.25_,3_39_30_41_13_
11:48:15,23.50,1,181,23.50_23.55_23.60_23.65_23.70_,25_17_50_35_15_,23.45_23.40_23.35_23.30_23.25_,3_39_30_41_13_
11:48:20,23.50,1,181,23.50_23.55_23.60_23.65_23.70_,26_17_50_35_15_,23.45_23.40_23.35_23.30_23.25_,3_39_30_41_13_
11:48:51,23.50,8,189,23.50_23.55_23.60_23.65_23.70_,18_17_50_35_15_,23.45_23.40_23.35_23.30_23.25_,3_31_30_41_13_
11:48:56,23.45,1,190,23.50_23.55_23.60_23.65_23.70_,27_16_50_26_15_,23.45_23.40_23.35_23.30_23.25_,2_31_30_41_13_
11:51:25,23.45,1,190,23.50_23.55_23.60_23.65_23.70_,27_23_50_19_15_,23.45_23.40_23.35_23.30_23.25_,2_31_30_41_13_
11:51:30,23.45,1,190,23.50_23.55_23.60_23.65_23.70_,27_25_50_19_15_,23.45_23.40_23.35_23.30_23.25_,2_31_30_41_13_
11:52:01,23.45,1,190,23.50_23.55_23.60_23.65_23.70_,28_25_50_19_15_,23.45_23.40_23.35_23.30_23.25_,2_31_30_41_13_
11:52:06,23.45,1,190,23.50_23.55_23.60_23.65_23.70_,29_25_50_19_15_,23.45_23.40_23.35_23.30_23.25_,2_31_30_41_13_
11:52:16,23.50,5,195,23.50_23.55_23.60_23.65_23.70_,24_25_50_19_15_,23.45_23.40_23.35_23.30_23.25_,2_31_30_41_13_
11:52:21,23.45,1,196,23.50_23.55_23.60_23.65_23.70_,24_25_50_19_15_,23.45_23.40_23.35_23.30_23.25_,1_31_30_41_13_
11:54:24,23.45,1,196,23.50_23.55_23.60_23.65_23.70_,26_25_50_19_15_,23.45_23.40_23.35_23.30_23.25_,1_31_30_41_13_
11:54:45,23.45,1,196,23.50_23.55_23.60_23.65_23.70_,28_25_50_19_15_,23.45_23.40_23.35_23.30_23.25_,1_31_30_41_13_
11:54:50,23.45,1,196,23.50_23.55_23.60_23.65_23.70_,29_25_50_19_15_,23.45_23.40_23.35_23.30_23.25_,1_31_30_41_13_
11:55:26,23.45,1,196,23.50_23.55_23.60_23.65_23.70_,30_25_50_19_15_,23.45_23.40_23.35_23.30_23.25_,1_31_30_41_13_
11:56:17,23.45,1,196,23.50_23.55_23.60_23.65_23.70_,30_25_50_19_15_,23.45_23.40_23.35_23.30_23.25_,1_28_30_41_13_
11:56:22,23.45,1,196,23.50_23.55_23.60_23.65_23.70_,30_25_50_19_15_,23.45_23.40_23.35_23.30_23.25_,3_28_30_41_13_
11:57:19,23.45,3,199,23.50_23.55_23.60_23.65_23.70_,30_25_50_19_15_,23.40_23.35_23.30_23.25_23.20_,28_30_41_13_26_
11:57:24,23.40,1,200,23.50_23.55_23.60_23.65_23.70_,30_25_50_19_15_,23.40_23.35_23.30_23.25_23.20_,27_30_41_13_26_
11:57:34,23.40,1,200,23.50_23.55_23.60_23.65_23.70_,30_25_50_19_15_,23.40_23.35_23.30_23.25_23.20_,28_30_41_13_26_
11:57:39,23.40,1,200,23.50_23.55_23.60_23.65_23.70_,30_25_50_19_15_,23.40_23.35_23.30_23.25_23.20_,29_30_41_13_26_
12:02:11,23.40,1,200,23.50_23.55_23.60_23.65_23.70_,30_25_50_19_15_,23.45_23.40_23.35_23.30_23.25_,1_29_30_41_13_
12:02:16,23.40,1,200,23.50_23.55_23.60_23.65_23.70_,30_25_50_19_15_,23.45_23.40_23.35_23.30_23.25_,2_28_30_41_13_
12:02:21,23.40,1,200,23.50_23.55_23.60_23.65_23.70_,28_25_50_19_15_,23.45_23.40_23.35_23.30_23.25_,2_28_30_41_13_
12:02:26,23.45,2,202,23.45_23.50_23.55_23.60_23.65_,3_27_25_50_19_,23.40_23.35_23.30_23.25_23.20_,28_30_41_13_26_
12:02:31,23.45,2,202,23.45_23.50_23.55_23.60_23.65_,4_27_25_37_19_,23.40_23.35_23.30_23.25_23.20_,28_30_22_26_32_
12:03:49,23.45,2,202,23.45_23.50_23.55_23.60_23.65_,9_27_25_37_19_,23.40_23.35_23.30_23.25_23.20_,28_30_22_26_32_
12:03:54,23.45,2,202,23.45_23.50_23.55_23.60_23.65_,11_27_25_37_19_,23.40_23.35_23.30_23.25_23.20_,28_30_22_26_32_
12:06:22,23.45,2,202,23.45_23.50_23.55_23.60_23.65_,11_27_25_37_19_,23.40_23.35_23.30_23.25_23.20_,29_30_22_26_32_
12:07:29,23.45,2,202,23.45_23.50_23.55_23.60_23.65_,11_27_25_37_19_,23.40_23.35_23.30_23.25_23.20_,28_30_22_26_32_
12:07:50,23.45,4,206,23.45_23.50_23.55_23.60_23.65_,7_27_25_37_19_,23.40_23.35_23.30_23.25_23.20_,28_30_22_26_32_
12:07:55,23.45,1,207,23.45_23.50_23.55_23.60_23.65_,6_27_25_37_19_,23.40_23.35_23.30_23.25_23.20_,27_30_22_26_32_
12:10:23,23.45,1,207,23.45_23.50_23.55_23.60_23.65_,6_27_25_37_19_,23.40_23.35_23.30_23.25_23.20_,28_30_22_26_32_
12:11:30,23.45,1,207,23.45_23.50_23.55_23.60_23.65_,6_25_25_37_19_,23.40_23.35_23.30_23.25_23.20_,28_30_22_26_32_
12:11:35,23.45,1,207,23.45_23.50_23.55_23.60_23.65_,6_24_25_37_19_,23.40_23.35_23.30_23.25_23.20_,28_30_22_26_32_
12:11:55,23.45,1,207,23.45_23.50_23.55_23.60_23.65_,8_24_25_37_19_,23.40_23.35_23.30_23.25_23.20_,28_30_22_26_32_
12:12:00,23.45,1,207,23.45_23.50_23.55_23.60_23.65_,9_24_25_37_19_,23.40_23.35_23.30_23.25_23.20_,28_30_22_26_32_
12:13:33,23.45,1,207,23.45_23.50_23.55_23.60_23.65_,9_24_25_37_19_,23.40_23.35_23.30_23.25_23.20_,30_30_22_26_32_
12:15:05,23.45,1,207,23.45_23.50_23.55_23.60_23.65_,12_24_25_37_19_,23.40_23.35_23.30_23.25_23.20_,30_30_22_26_32_
12:15:10,23.45,1,207,23.45_23.50_23.55_23.60_23.65_,13_24_25_37_19_,23.40_23.35_23.30_23.25_23.20_,30_30_22_26_32_
12:16:32,23.45,1,207,23.45_23.50_23.55_23.60_23.65_,13_24_25_37_19_,23.40_23.35_23.30_23.25_23.20_,29_30_22_26_32_
12:18:35,23.45,1,207,23.45_23.50_23.55_23.60_23.65_,13_24_25_37_19_,23.40_23.35_23.30_23.25_23.20_,28_30_22_26_32_
12:18:56,23.45,1,207,23.45_23.50_23.55_23.60_23.65_,13_31_25_30_19_,23.40_23.35_23.30_23.25_23.20_,28_30_22_26_32_
12:19:01,23.45,1,207,23.45_23.50_23.55_23.60_23.65_,13_33_25_30_19_,23.40_23.35_23.30_23.25_23.20_,28_30_22_26_32_
12:20:23,23.45,1,208,23.45_23.50_23.55_23.60_23.65_,12_33_25_30_19_,23.40_23.35_23.30_23.25_23.20_,28_30_22_26_32_
12:22:16,23.45,1,208,23.45_23.50_23.55_23.60_23.65_,12_33_25_30_19_,23.40_23.35_23.30_23.25_23.20_,30_30_22_26_32_
12:22:31,23.45,1,208,23.45_23.50_23.55_23.60_23.65_,13_32_25_30_19_,23.40_23.35_23.30_23.25_23.20_,30_30_22_26_32_
12:24:09,23.45,1,208,23.45_23.50_23.55_23.60_23.65_,13_32_25_30_19_,23.40_23.35_23.30_23.25_23.20_,33_30_22_26_32_
12:24:40,23.45,1,208,23.45_23.50_23.55_23.60_23.65_,18_32_25_30_19_,23.40_23.35_23.30_23.25_23.20_,33_30_22_26_32_
12:24:45,23.45,1,208,23.45_23.50_23.55_23.60_23.65_,20_32_25_30_19_,23.40_23.35_23.30_23.25_23.20_,33_30_22_26_32_
12:25:31,23.45,1,208,23.45_23.50_23.55_23.60_23.65_,20_32_25_30_19_,23.40_23.35_23.30_23.25_23.20_,35_30_22_26_32_
12:25:51,23.45,1,208,23.45_23.50_23.55_23.60_23.65_,20_32_25_30_19_,23.40_23.35_23.30_23.25_23.20_,36_30_22_26_32_
12:26:58,23.45,1,208,23.45_23.50_23.55_23.60_23.65_,19_32_25_30_19_,23.40_23.35_23.30_23.25_23.20_,36_30_22_26_32_
12:27:03,23.40,10,218,23.45_23.50_23.55_23.60_23.65_,19_32_25_30_19_,23.40_23.35_23.30_23.25_23.20_,26_30_22_26_32_
12:27:08,23.40,2,220,23.45_23.50_23.55_23.60_23.65_,18_32_25_30_19_,23.40_23.35_23.30_23.25_23.20_,24_30_22_26_32_
12:27:14,23.40,4,224,23.45_23.50_23.55_23.60_23.65_,16_32_25_30_19_,23.40_23.35_23.30_23.25_23.20_,20_30_22_26_32_
12:27:19,23.40,1,225,23.45_23.50_23.55_23.60_23.65_,16_32_25_30_19_,23.40_23.35_23.30_23.25_23.20_,19_30_22_26_32_
12:27:24,23.40,1,225,23.45_23.50_23.55_23.60_23.65_,15_32_25_30_19_,23.40_23.35_23.30_23.25_23.20_,19_30_22_26_32_
12:27:34,23.40,1,225,23.45_23.50_23.55_23.60_23.65_,16_32_25_30_19_,23.40_23.35_23.30_23.25_23.20_,19_30_22_26_32_
12:28:10,23.40,1,225,23.45_23.50_23.55_23.60_23.65_,16_32_25_27_19_,23.40_23.35_23.30_23.25_23.20_,19_30_22_26_32_
12:28:25,23.40,1,225,23.45_23.50_23.55_23.60_23.65_,15_32_25_27_19_,23.40_23.35_23.30_23.25_23.20_,19_30_22_26_32_
12:30:28,23.40,1,225,23.45_23.50_23.55_23.60_23.65_,15_32_25_27_19_,23.40_23.35_23.30_23.25_23.20_,22_30_22_26_32_
12:32:21,23.40,1,225,23.45_23.50_23.55_23.60_23.65_,15_32_25_27_19_,23.40_23.35_23.30_23.25_23.20_,22_30_23_26_32_
12:32:26,23.45,1,226,23.45_23.50_23.55_23.60_23.65_,14_32_25_27_19_,23.40_23.35_23.30_23.25_23.20_,22_30_23_26_32_
12:34:35,23.45,2,228,23.45_23.50_23.55_23.60_23.65_,12_32_25_27_19_,23.40_23.35_23.30_23.25_23.20_,22_30_23_26_32_
12:35:26,23.45,2,228,23.45_23.50_23.55_23.60_23.65_,12_25_25_34_19_,23.40_23.35_23.30_23.25_23.20_,22_31_23_26_32_
12:35:31,23.45,2,228,23.45_23.50_23.55_23.60_23.65_,12_23_25_34_19_,23.40_23.35_23.30_23.25_23.20_,22_31_23_26_32_
12:37:24,23.45,1,229,23.45_23.50_23.55_23.60_23.65_,11_23_25_34_19_,23.40_23.35_23.30_23.25_23.20_,22_31_23_26_32_
12:38:30,23.45,1,229,23.45_23.50_23.55_23.60_23.65_,11_23_25_34_19_,23.40_23.35_23.30_23.25_23.20_,23_31_23_26_32_
12:39:21,23.45,1,230,23.45_23.50_23.55_23.60_23.65_,10_23_25_34_19_,23.40_23.35_23.30_23.25_23.20_,31_31_23_26_32_
12:39:26,23.45,1,230,23.45_23.50_23.55_23.60_23.65_,10_23_25_34_19_,23.40_23.35_23.30_23.25_23.20_,31_30_23_26_32_
12:40:12,23.45,1,230,23.45_23.50_23.55_23.60_23.65_,16_23_25_34_19_,23.40_23.35_23.30_23.25_23.20_,31_30_23_26_32_
12:40:18,23.45,1,230,23.45_23.50_23.55_23.60_23.65_,19_23_25_34_19_,23.40_23.35_23.30_23.25_23.20_,36_30_23_26_32_
12:40:23,23.45,1,230,23.45_23.50_23.55_23.60_23.65_,19_23_25_34_19_,23.40_23.35_23.30_23.25_23.20_,37_30_23_26_32_
12:40:33,23.45,1,230,23.45_23.50_23.55_23.60_23.65_,19_23_25_34_19_,23.40_23.35_23.30_23.25_23.20_,36_30_23_26_32_
12:42:05,23.45,1,230,23.45_23.50_23.55_23.60_23.65_,24_23_25_34_19_,23.40_23.35_23.30_23.25_23.20_,36_30_23_26_32_
12:42:10,23.45,1,231,23.45_23.50_23.55_23.60_23.65_,25_30_23_27_19_,23.40_23.35_23.30_23.25_23.20_,36_30_23_26_32_
12:42:15,23.45,1,231,23.45_23.50_23.55_23.60_23.65_,24_32_22_27_19_,23.40_23.35_23.30_23.25_23.20_,37_30_23_26_32_
12:42:26,23.45,1,231,23.45_23.50_23.55_23.60_23.65_,24_32_22_27_19_,23.40_23.35_23.30_23.25_23.20_,26_30_23_26_32_
12:42:31,23.45,1,232,23.45_23.50_23.55_23.60_23.65_,23_32_22_27_19_,23.40_23.35_23.30_23.25_23.20_,26_30_23_26_32_
12:43:17,23.45,1,232,23.45_23.50_23.55_23.60_23.65_,12_32_22_27_19_,23.40_23.35_23.30_23.25_23.20_,26_30_23_26_32_
12:43:22,23.45,1,232,23.45_23.50_23.55_23.60_23.65_,8_32_25_27_19_,23.40_23.35_23.30_23.25_23.20_,26_30_23_26_32_
12:43:37,23.45,1,233,23.45_23.50_23.55_23.60_23.65_,7_32_25_27_19_,23.40_23.35_23.30_23.25_23.20_,25_30_23_26_32_
12:43:43,23.45,1,233,23.45_23.50_23.55_23.60_23.65_,6_32_25_29_19_,23.40_23.35_23.30_23.25_23.20_,25_30_23_26_32_
12:43:48,23.45,1,233,23.45_23.50_23.55_23.60_23.65_,6_32_25_29_19_,23.40_23.35_23.30_23.25_23.20_,25_31_23_26_32_
12:44:18,23.45,1,233,23.45_23.50_23.55_23.60_23.65_,6_25_25_36_19_,23.40_23.35_23.30_23.25_23.20_,25_31_23_26_32_
12:44:24,23.45,1,233,23.45_23.50_23.55_23.60_23.65_,6_23_25_38_19_,23.40_23.35_23.30_23.25_23.20_,25_31_23_26_32_
12:44:34,23.45,1,233,23.45_23.50_23.55_23.60_23.65_,6_23_25_38_19_,23.40_23.35_23.30_23.25_23.20_,26_31_23_26_32_
12:45:25,23.45,1,234,23.45_23.50_23.55_23.60_23.65_,5_23_25_38_19_,23.40_23.35_23.30_23.25_23.20_,26_30_23_26_32_
12:45:30,23.45,1,234,23.45_23.50_23.55_23.60_23.65_,6_23_25_34_19_,23.40_23.35_23.30_23.25_23.20_,26_30_23_26_32_
12:45:51,23.45,1,234,23.45_23.50_23.55_23.60_23.65_,11_23_25_34_19_,23.40_23.35_23.30_23.25_23.20_,26_30_23_26_32_
12:45:56,23.45,1,234,23.45_23.50_23.55_23.60_23.65_,13_23_25_34_19_,23.40_23.35_23.30_23.25_23.20_,26_30_23_26_32_
12:46:32,23.45,1,234,23.45_23.50_23.55_23.60_23.65_,16_23_25_34_19_,23.40_23.35_23.30_23.25_23.20_,26_30_23_26_32_
12:46:37,23.45,1,234,23.45_23.50_23.55_23.60_23.65_,17_23_25_34_19_,23.40_23.35_23.30_23.25_23.20_,26_31_23_26_32_
12:46:42,23.45,1,235,23.45_23.50_23.55_23.60_23.65_,16_23_25_34_19_,23.40_23.35_23.30_23.25_23.20_,26_31_23_26_32_
12:46:47,23.45,1,235,23.45_23.50_23.55_23.60_23.65_,16_23_25_34_19_,23.40_23.35_23.30_23.25_23.20_,27_31_23_26_32_
12:46:52,23.45,1,235,23.45_23.50_23.55_23.60_23.65_,12_17_19_34_19_,23.40_23.35_23.30_23.25_23.20_,27_31_23_26_32_
12:46:57,23.45,1,235,23.45_23.50_23.55_23.60_23.65_,13_17_19_34_19_,23.40_23.35_23.30_23.25_23.20_,27_31_23_26_32_
12:47:03,23.45,1,235,23.45_23.50_23.55_23.60_23.65_,18_17_19_34_19_,23.40_23.35_23.30_23.25_23.20_,27_31_23_26_32_
12:48:24,23.40,3,238,23.45_23.50_23.55_23.60_23.65_,18_17_19_34_19_,23.40_23.35_23.30_23.25_23.20_,24_31_23_26_32_
12:48:30,23.45,2,240,23.45_23.50_23.55_23.60_23.65_,16_17_19_34_19_,23.40_23.35_23.30_23.25_23.20_,24_31_23_26_32_
12:49:05,23.40,2,242,23.45_23.50_23.55_23.60_23.65_,16_17_19_34_19_,23.40_23.35_23.30_23.25_23.20_,22_31_23_26_32_
12:49:41,23.40,2,244,23.45_23.50_23.55_23.60_23.65_,16_17_19_34_19_,23.40_23.35_23.30_23.25_23.20_,20_31_23_26_32_
12:49:46,23.40,2,244,23.45_23.50_23.55_23.60_23.65_,16_17_19_34_19_,23.40_23.35_23.30_23.25_23.20_,20_30_23_26_32_
12:50:17,23.40,2,246,23.45_23.50_23.55_23.60_23.65_,16_17_19_34_19_,23.40_23.35_23.30_23.25_23.20_,18_30_23_26_32_
12:50:22,23.40,1,247,23.45_23.50_23.55_23.60_23.65_,16_24_19_27_19_,23.40_23.35_23.30_23.25_23.20_,14_30_23_26_32_
12:50:27,23.40,1,247,23.45_23.50_23.55_23.60_23.65_,16_24_19_27_19_,23.40_23.35_23.30_23.25_23.20_,14_32_24_26_32_
12:50:53,23.40,2,249,23.45_23.50_23.55_23.60_23.65_,16_24_19_27_19_,23.40_23.35_23.30_23.25_23.20_,12_32_24_26_32_
12:50:58,23.40,2,249,23.45_23.50_23.55_23.60_23.65_,16_24_19_27_19_,23.40_23.35_23.30_23.25_23.20_,12_32_23_26_32_
12:51:08,23.40,2,249,23.45_23.50_23.55_23.60_23.65_,17_24_19_27_19_,23.40_23.35_23.30_23.25_23.20_,12_32_23_26_32_
12:51:29,23.40,2,249,23.45_23.50_23.55_23.60_23.65_,17_24_19_27_19_,23.40_23.35_23.30_23.25_23.20_,22_32_23_26_32_
12:51:34,23.40,2,251,23.45_23.50_23.55_23.60_23.65_,17_24_19_27_19_,23.40_23.35_23.30_23.25_23.20_,20_32_23_26_32_
12:52:00,23.40,2,251,23.45_23.50_23.55_23.60_23.65_,18_24_19_27_19_,23.40_23.35_23.30_23.25_23.20_,20_32_23_26_32_
12:52:10,23.40,2,253,23.45_23.50_23.55_23.60_23.65_,18_24_19_27_19_,23.40_23.35_23.30_23.25_23.20_,18_32_23_26_32_
12:52:20,23.40,2,253,23.45_23.50_23.55_23.60_23.65_,18_24_19_27_19_,23.40_23.35_23.30_23.25_23.20_,20_32_23_26_32_
12:52:35,23.40,2,253,23.45_23.50_23.55_23.60_23.65_,18_24_19_27_19_,23.40_23.35_23.30_23.25_23.20_,10_32_23_26_32_
12:52:41,23.40,1,254,23.45_23.50_23.55_23.60_23.65_,18_24_19_27_19_,23.40_23.35_23.30_23.25_23.20_,9_32_24_26_32_
12:52:46,23.40,2,256,23.45_23.50_23.55_23.60_23.65_,18_24_19_27_19_,23.40_23.35_23.30_23.25_23.20_,7_32_24_26_32_
12:52:51,23.40,1,257,23.45_23.50_23.55_23.60_23.65_,17_24_19_27_19_,23.40_23.35_23.30_23.25_23.20_,4_32_24_26_32_
12:52:56,23.40,1,257,23.45_23.50_23.55_23.60_23.65_,17_24_19_27_19_,23.40_23.35_23.30_23.25_23.20_,5_32_23_26_32_
12:53:22,23.40,2,259,23.45_23.50_23.55_23.60_23.65_,17_24_19_27_19_,23.40_23.35_23.30_23.25_23.20_,3_32_23_26_32_
12:53:58,23.40,2,261,23.45_23.50_23.55_23.60_23.65_,17_24_19_27_19_,23.40_23.35_23.30_23.25_23.20_,1_32_23_26_32_
12:54:03,23.40,2,261,23.45_23.50_23.55_23.60_23.65_,17_24_19_27_19_,23.35_23.30_23.25_23.20_23.15_,32_23_26_32_1_
12:54:08,23.40,2,261,23.45_23.50_23.55_23.60_23.65_,17_24_19_27_19_,23.35_23.30_23.25_23.20_23.15_,36_23_26_32_1_
12:54:33,23.35,2,263,23.45_23.50_23.55_23.60_23.65_,17_24_19_27_19_,23.35_23.30_23.25_23.20_23.15_,34_23_26_32_1_
12:54:44,23.35,2,263,23.45_23.50_23.55_23.60_23.65_,17_24_19_27_19_,23.35_23.30_23.25_23.20_23.15_,30_23_33_32_1_
12:54:54,23.35,1,264,23.40_23.45_23.50_23.55_23.60_,2_16_24_19_27_,23.35_23.30_23.25_23.20_23.15_,29_23_33_32_1_
12:54:59,23.35,1,264,23.40_23.45_23.50_23.55_23.60_,13_6_24_19_27_,23.35_23.30_23.25_23.20_23.15_,29_23_33_26_7_
12:55:09,23.35,2,266,23.40_23.45_23.50_23.55_23.60_,13_6_24_19_27_,23.35_23.30_23.25_23.20_23.15_,29_23_33_26_7_
12:55:35,23.35,1,267,23.40_23.45_23.50_23.55_23.60_,13_6_24_19_27_,23.35_23.30_23.25_23.20_23.15_,28_23_33_26_7_
12:55:45,23.35,2,269,23.40_23.45_23.50_23.55_23.60_,13_6_24_19_27_,23.35_23.30_23.25_23.20_23.15_,26_23_33_26_7_
12:56:21,23.35,2,271,23.40_23.45_23.50_23.55_23.60_,13_6_24_19_27_,23.35_23.30_23.25_23.20_23.15_,24_23_33_26_7_
12:56:26,23.35,2,271,23.40_23.45_23.50_23.55_23.60_,13_6_24_19_27_,23.35_23.30_23.25_23.20_23.15_,22_23_33_26_7_
12:56:47,23.35,2,271,23.40_23.45_23.50_23.55_23.60_,13_6_24_19_27_,23.35_23.30_23.25_23.20_23.15_,21_23_33_26_7_
12:56:57,23.35,2,273,23.40_23.45_23.50_23.55_23.60_,13_6_24_19_27_,23.35_23.30_23.25_23.20_23.15_,19_23_36_26_7_
12:57:28,23.35,1,274,23.40_23.45_23.50_23.55_23.60_,13_6_24_19_27_,23.35_23.30_23.25_23.20_23.15_,18_23_36_26_7_
12:57:33,23.35,2,276,23.40_23.45_23.50_23.55_23.60_,13_6_24_19_27_,23.35_23.30_23.25_23.20_23.15_,16_23_36_26_7_
12:57:43,23.35,2,276,23.40_23.45_23.50_23.55_23.60_,13_6_24_19_27_,23.35_23.30_23.25_23.20_23.15_,15_23_36_26_7_
12:57:48,23.35,2,276,23.40_23.45_23.50_23.55_23.60_,13_13_24_12_27_,23.35_23.30_23.25_23.20_23.15_,15_23_36_26_7_
12:58:09,23.35,2,278,23.40_23.45_23.50_23.55_23.60_,13_13_24_12_27_,23.35_23.30_23.25_23.20_23.15_,13_23_36_26_7_
12:58:14,23.35,2,278,23.40_23.45_23.50_23.55_23.60_,13_13_24_12_27_,23.35_23.30_23.25_23.20_23.15_,13_24_36_26_7_
12:58:19,23.35,2,278,23.40_23.45_23.50_23.55_23.60_,13_13_24_12_27_,23.35_23.30_23.25_23.20_23.15_,14_24_36_26_7_
12:58:40,23.35,2,280,23.40_23.45_23.50_23.55_23.60_,13_13_24_12_27_,23.35_23.30_23.25_23.20_23.15_,12_24_36_26_7_
12:59:15,23.35,2,282,23.40_23.45_23.50_23.55_23.60_,13_13_24_12_27_,23.35_23.30_23.25_23.20_23.15_,10_24_36_26_7_
12:59:21,23.35,2,282,23.40_23.45_23.50_23.55_23.60_,13_13_24_12_27_,23.35_23.30_23.25_23.20_23.15_,11_24_36_26_7_
12:59:26,23.35,1,283,23.40_23.45_23.50_23.55_23.60_,13_13_24_12_27_,23.35_23.30_23.25_23.20_23.15_,10_24_36_26_7_
12:59:31,23.35,1,283,23.40_23.45_23.50_23.55_23.60_,13_13_24_12_27_,23.35_23.30_23.25_23.20_23.15_,9_24_36_26_7_
12:59:46,23.35,2,285,23.40_23.45_23.50_23.55_23.60_,13_13_24_12_27_,23.35_23.30_23.25_23.20_23.15_,7_24_36_26_7_
12:59:51,23.35,2,285,23.40_23.45_23.50_23.55_23.60_,13_13_24_12_27_,23.35_23.30_23.25_23.20_23.15_,5_24_37_26_7_
13:00:02,23.35,2,285,23.40_23.45_23.50_23.55_23.60_,13_13_24_12_27_,23.35_23.30_23.25_23.20_23.15_,6_24_37_26_7_
13:00:12,23.35,2,285,23.40_23.45_23.50_23.55_23.60_,13_13_24_12_27_,23.35_23.30_23.25_23.20_23.15_,6_25_37_26_7_
13:00:17,23.35,2,287,23.40_23.45_23.50_23.55_23.60_,13_13_24_12_27_,23.35_23.30_23.25_23.20_23.15_,4_25_37_26_7_
13:00:27,23.35,2,287,23.40_23.45_23.50_23.55_23.60_,13_13_24_12_27_,23.35_23.30_23.25_23.20_23.15_,5_26_37_26_7_
13:00:43,23.35,2,289,23.40_23.45_23.50_23.55_23.60_,13_13_24_12_27_,23.35_23.30_23.25_23.20_23.15_,3_26_37_26_7_
13:01:03,23.35,2,289,23.40_23.45_23.50_23.55_23.60_,13_13_24_12_27_,23.35_23.30_23.25_23.20_23.15_,2_26_37_26_7_
13:01:08,23.35,2,289,23.40_23.45_23.50_23.55_23.60_,13_13_24_12_27_,23.35_23.30_23.25_23.20_23.15_,2_26_36_26_7_
13:01:13,23.35,2,291,23.40_23.45_23.50_23.55_23.60_,13_13_24_12_27_,23.30_23.25_23.20_23.15_23.10_,26_36_26_7_6_
13:01:19,23.35,2,291,23.40_23.45_23.50_23.55_23.60_,13_13_25_12_27_,23.30_23.25_23.20_23.15_23.10_,27_17_45_7_6_
13:01:24,23.35,2,291,23.40_23.45_23.50_23.55_23.60_,14_13_25_12_27_,23.30_23.25_23.20_23.15_23.10_,27_17_45_7_6_
13:01:39,23.35,2,291,23.35_23.40_23.45_23.50_23.55_,2_13_13_25_12_,23.30_23.25_23.20_23.15_23.10_,27_17_45_7_6_
13:01:44,23.35,2,291,23.35_23.45_23.50_23.55_23.60_,12_13_25_12_27_,23.30_23.25_23.20_23.15_23.10_,20_17_52_1_12_
13:01:49,23.30,2,293,23.35_23.45_23.50_23.55_23.60_,11_13_25_12_27_,23.30_23.25_23.20_23.15_23.10_,18_17_52_1_12_
13:01:55,23.30,1,294,23.35_23.45_23.50_23.55_23.60_,11_13_25_12_27_,23.30_23.25_23.20_23.15_23.10_,17_17_52_1_12_
13:02:00,23.30,1,294,23.35_23.45_23.50_23.55_23.60_,10_13_25_12_27_,23.30_23.25_23.20_23.15_23.10_,17_17_52_1_12_
13:02:10,23.30,1,294,23.35_23.45_23.50_23.55_23.60_,10_13_25_12_27_,23.30_23.25_23.20_23.15_23.10_,19_17_52_1_12_
13:02:15,23.35,1,295,23.35_23.45_23.50_23.55_23.60_,9_13_25_12_27_,23.30_23.25_23.20_23.15_23.10_,19_17_52_1_12_
13:02:20,23.30,2,297,23.35_23.45_23.50_23.55_23.60_,9_13_25_12_27_,23.30_23.25_23.20_23.15_23.10_,17_17_52_1_12_
13:02:25,23.30,2,297,23.35_23.45_23.50_23.55_23.60_,9_13_25_12_27_,23.30_23.25_23.20_23.15_23.10_,17_18_52_1_12_
13:02:36,23.30,2,297,23.35_23.45_23.50_23.55_23.60_,9_13_25_12_27_,23.30_23.25_23.20_23.15_23.10_,17_18_53_1_12_
13:02:51,23.30,2,297,23.35_23.45_23.50_23.55_23.60_,9_13_25_12_27_,23.30_23.25_23.20_23.15_23.10_,18_18_53_1_12_
13:02:56,23.30,2,299,23.35_23.45_23.50_23.55_23.60_,9_13_25_12_27_,23.30_23.25_23.20_23.15_23.10_,16_18_53_1_12_
13:03:17,23.30,2,299,23.35_23.45_23.50_23.55_23.60_,9_13_25_12_27_,23.30_23.25_23.20_23.15_23.10_,17_18_53_1_12_
13:03:32,23.30,2,301,23.35_23.45_23.50_23.55_23.60_,9_13_25_12_27_,23.30_23.25_23.20_23.15_23.10_,15_18_53_1_12_
13:03:53,23.30,2,301,23.35_23.45_23.50_23.55_23.60_,10_13_25_12_27_,23.30_23.25_23.20_23.15_23.10_,15_18_53_1_12_
13:04:03,23.30,2,303,23.35_23.45_23.50_23.55_23.60_,10_13_25_12_27_,23.30_23.25_23.20_23.15_23.10_,13_18_53_1_12_
13:04:29,23.30,2,303,23.35_23.45_23.50_23.55_23.60_,10_13_25_12_27_,23.30_23.25_23.20_23.15_23.10_,14_18_53_1_12_
13:04:39,23.30,2,305,23.35_23.45_23.50_23.55_23.60_,10_13_25_12_27_,23.30_23.25_23.20_23.15_23.10_,12_18_53_1_12_
13:04:44,23.30,2,305,23.35_23.45_23.50_23.55_23.60_,10_13_25_12_27_,23.30_23.25_23.20_23.15_23.10_,11_18_53_1_12_
13:04:49,23.30,2,305,23.35_23.45_23.50_23.55_23.60_,9_13_25_12_27_,23.30_23.25_23.20_23.15_23.10_,11_19_53_1_12_
13:04:54,23.30,8,313,23.35_23.45_23.50_23.55_23.60_,9_13_25_12_27_,23.30_23.25_23.20_23.15_23.10_,3_19_53_1_12_
13:04:59,23.30,8,313,23.35_23.40_23.45_23.50_23.55_,9_7_13_18_12_,23.30_23.25_23.20_23.15_23.10_,4_19_53_1_12_
13:05:10,23.30,2,315,23.35_23.40_23.45_23.50_23.55_,9_7_13_18_12_,23.30_23.25_23.20_23.15_23.10_,2_19_53_1_12_
13:05:15,23.30,2,315,23.35_23.40_23.45_23.50_23.55_,9_7_13_18_12_,23.30_23.25_23.20_23.15_23.10_,3_19_53_1_12_
13:05:30,23.30,2,315,23.35_23.40_23.45_23.50_23.55_,9_7_13_18_12_,23.30_23.25_23.20_23.15_23.10_,3_18_53_1_12_
13:05:35,23.30,2,315,23.35_23.40_23.45_23.50_23.55_,12_7_12_18_12_,23.30_23.25_23.20_23.15_23.10_,3_18_53_1_12_
13:05:40,23.30,2,317,23.35_23.40_23.45_23.50_23.55_,12_7_12_18_12_,23.30_23.25_23.20_23.15_23.10_,2_18_53_1_12_
13:05:45,23.30,2,317,23.35_23.40_23.45_23.50_23.55_,12_7_12_18_12_,23.30_23.25_23.20_23.15_23.10_,6_18_53_1_12_
13:05:51,23.30,2,317,23.35_23.40_23.45_23.50_23.55_,12_7_12_18_12_,23.30_23.25_23.20_23.15_23.10_,5_18_53_1_12_
13:05:56,23.30,2,317,23.35_23.40_23.45_23.50_23.55_,12_7_12_18_12_,23.30_23.25_23.20_23.15_23.10_,5_18_51_1_12_
13:06:11,23.30,2,319,23.35_23.40_23.45_23.50_23.55_,12_7_12_18_12_,23.30_23.25_23.20_23.15_23.10_,3_18_51_1_12_
13:06:27,23.30,2,319,23.35_23.40_23.45_23.50_23.55_,12_7_15_18_12_,23.30_23.25_23.20_23.15_23.10_,3_18_51_1_12_
13:06:42,23.30,2,321,23.35_23.40_23.45_23.50_23.55_,12_7_15_18_12_,23.30_23.25_23.20_23.15_23.10_,1_18_51_1_12_
13:06:47,23.30,2,321,23.35_23.40_23.45_23.50_23.55_,12_7_15_18_8_,23.30_23.25_23.20_23.15_23.10_,1_11_51_8_12_
13:07:08,23.25,2,323,23.35_23.40_23.45_23.50_23.55_,12_7_15_18_8_,23.25_23.20_23.15_23.10_23.05_,10_51_8_12_4_
13:07:13,23.25,2,323,23.35_23.40_23.45_23.50_23.55_,12_7_15_18_8_,23.25_23.20_23.15_23.10_23.05_,10_32_27_12_4_
13:07:23,23.25,1,324,23.35_23.40_23.45_23.50_23.55_,12_7_15_18_8_,23.25_23.20_23.15_23.10_23.05_,9_32_27_12_4_
13:07:33,23.25,1,324,23.35_23.40_23.45_23.50_23.55_,12_7_15_18_8_,23.25_23.20_23.15_23.10_23.05_,10_32_27_12_4_
13:07:38,23.25,2,326,23.35_23.40_23.45_23.50_23.55_,12_7_15_18_8_,23.25_23.20_23.15_23.10_23.05_,9_32_27_12_4_
13:07:44,23.25,2,326,23.35_23.40_23.45_23.50_23.55_,12_7_15_18_8_,23.25_23.20_23.15_23.10_23.05_,9_33_27_12_4_
13:07:49,23.25,2,326,23.35_23.40_23.45_23.50_23.55_,12_7_15_18_8_,23.25_23.20_23.15_23.10_23.05_,15_33_27_12_4_
13:07:54,23.25,2,326,23.35_23.40_23.45_23.50_23.55_,12_7_15_18_8_,23.30_23.25_23.20_23.15_23.10_,1_15_33_27_12_
13:07:59,23.25,2,326,23.35_23.40_23.45_23.50_23.55_,12_7_15_18_8_,23.30_23.25_23.20_23.15_23.10_,1_15_52_8_12_
13:08:09,23.25,1,327,23.35_23.40_23.45_23.50_23.55_,12_7_15_18_8_,23.25_23.20_23.15_23.10_23.05_,15_52_8_12_4_
13:08:14,23.25,1,327,23.35_23.40_23.45_23.50_23.55_,12_7_15_18_8_,23.25_23.20_23.15_23.10_23.05_,15_33_27_12_4_
13:08:25,23.25,2,329,23.35_23.40_23.45_23.50_23.55_,12_7_15_18_8_,23.25_23.20_23.15_23.10_23.05_,15_33_27_12_4_
13:08:30,23.25,2,329,23.35_23.40_23.45_23.50_23.55_,12_7_15_18_8_,23.30_23.25_23.20_23.15_23.10_,1_15_33_27_12_
13:08:35,23.25,2,329,23.35_23.40_23.45_23.50_23.55_,13_7_15_18_8_,23.30_23.25_23.20_23.15_23.10_,1_15_52_8_12_
13:08:55,23.30,1,330,23.35_23.40_23.45_23.50_23.55_,13_7_15_18_8_,23.30_23.25_23.20_23.15_23.10_,1_11_52_8_12_
13:09:11,23.30,1,331,23.35_23.40_23.45_23.50_23.55_,13_7_15_18_8_,23.25_23.20_23.15_23.10_23.05_,11_52_8_12_4_
13:09:16,23.30,1,331,23.35_23.40_23.45_23.50_23.55_,13_7_15_18_8_,23.25_23.20_23.15_23.10_23.05_,11_33_27_12_4_
13:09:26,23.25,2,333,23.35_23.40_23.45_23.50_23.55_,13_7_15_18_8_,23.25_23.20_23.15_23.10_23.05_,9_33_27_12_4_
13:09:31,23.25,2,333,23.35_23.40_23.45_23.50_23.55_,20_7_8_18_8_,23.25_23.20_23.15_23.10_23.05_,10_33_27_12_4_
13:09:36,23.25,2,333,23.35_23.40_23.45_23.50_23.55_,19_7_8_18_8_,23.25_23.20_23.15_23.10_23.05_,10_33_27_12_4_
13:09:41,23.25,2,333,23.35_23.40_23.45_23.50_23.55_,19_7_8_18_8_,23.25_23.20_23.15_23.10_23.05_,12_33_27_12_4_
13:09:52,23.25,2,335,23.35_23.40_23.45_23.50_23.55_,19_7_8_18_8_,23.25_23.20_23.15_23.10_23.05_,9_33_27_12_4_
13:09:57,23.30,1,336,23.35_23.40_23.45_23.50_23.55_,19_7_8_18_8_,23.25_23.20_23.15_23.10_23.05_,10_33_27_12_4_
13:10:22,23.25,2,338,23.35_23.40_23.45_23.50_23.55_,19_7_8_18_8_,23.25_23.20_23.15_23.10_23.05_,18_33_27_12_4_
13:10:48,23.25,2,340,23.35_23.40_23.45_23.50_23.55_,21_7_8_18_8_,23.25_23.20_23.15_23.10_23.05_,16_33_27_12_4_
13:11:09,23.25,2,340,23.35_23.40_23.45_23.50_23.55_,26_7_8_18_8_,23.25_23.20_23.15_23.10_23.05_,16_33_27_12_4_
13:11:14,23.25,2,342,23.35_23.40_23.45_23.50_23.55_,26_7_8_18_8_,23.25_23.20_23.15_23.10_23.05_,14_33_27_12_4_
13:11:34,23.25,2,342,23.35_23.40_23.45_23.50_23.55_,26_7_8_18_8_,23.25_23.20_23.15_23.10_23.05_,15_33_27_12_4_
13:11:44,23.25,2,344,23.35_23.40_23.45_23.50_23.55_,26_7_8_18_8_,23.25_23.20_23.15_23.10_23.05_,13_34_27_12_4_
13:11:54,23.25,2,344,23.30_23.35_23.40_23.45_23.50_,3_23_7_8_18_,23.25_23.20_23.15_23.10_23.05_,13_34_27_12_4_
13:12:00,23.25,2,344,23.30_23.35_23.40_23.45_23.50_,16_9_7_8_18_,23.25_23.20_23.15_23.10_23.05_,12_34_27_6_10_
13:12:05,23.25,2,344,23.30_23.35_23.40_23.45_23.50_,16_9_7_13_18_,23.25_23.20_23.15_23.10_23.05_,12_27_27_13_10_
13:12:10,23.25,2,346,23.30_23.35_23.40_23.45_23.50_,16_9_7_13_18_,23.25_23.20_23.15_23.10_23.05_,10_27_27_13_10_
13:12:41,23.25,2,348,23.30_23.35_23.40_23.45_23.50_,16_9_7_13_18_,23.25_23.20_23.15_23.10_23.05_,8_27_27_13_10_
13:13:11,23.25,6,356,23.25_23.30_23.35_23.40_23.45_,1_16_9_7_13_,23.20_23.15_23.10_23.05_23.00_,27_27_13_10_29_
13:13:17,23.25,6,356,23.25_23.30_23.35_23.40_23.45_,13_3_9_7_13_,23.20_23.15_23.10_23.05_23.00_,27_8_32_4_35_
13:13:22,23.25,6,356,23.25_23.30_23.35_23.45_23.50_,13_10_9_13_18_,23.20_23.15_23.10_23.05_23.00_,27_8_32_4_35_
13:13:32,23.20,2,358,23.25_23.30_23.35_23.45_23.50_,13_10_9_13_18_,23.20_23.15_23.10_23.05_23.00_,25_8_32_4_35_
13:13:37,23.20,2,358,23.25_23.30_23.35_23.45_23.50_,13_10_9_13_18_,23.20_23.15_23.10_23.05_23.00_,26_8_32_4_35_
13:13:58,23.20,2,360,23.25_23.30_23.35_23.45_23.50_,13_10_9_13_18_,23.20_23.15_23.10_23.05_23.00_,26_8_32_4_35_
13:14:23,23.20,2,362,23.25_23.30_23.35_23.45_23.50_,13_10_9_13_18_,23.20_23.15_23.10_23.05_23.00_,24_8_32_4_35_
13:14:54,23.20,2,364,23.25_23.30_23.35_23.45_23.50_,13_10_9_13_18_,23.20_23.15_23.10_23.05_23.00_,22_8_32_4_35_
13:14:59,23.20,2,364,23.25_23.30_23.35_23.45_23.50_,18_7_7_13_18_,23.20_23.15_23.10_23.05_23.00_,23_8_32_4_35_
13:15:15,23.20,2,364,23.25_23.30_23.35_23.45_23.50_,17_7_7_13_18_,23.20_23.15_23.10_23.05_23.00_,23_8_32_4_37_
13:15:20,23.20,2,366,23.25_23.30_23.35_23.45_23.50_,17_7_7_13_18_,23.20_23.15_23.10_23.05_23.00_,21_8_32_4_37_
13:15:35,23.20,1,367,23.25_23.30_23.35_23.45_23.50_,17_7_7_13_18_,23.20_23.15_23.10_23.05_23.00_,20_8_32_4_37_
13:15:45,23.20,2,369,23.25_23.30_23.35_23.45_23.50_,17_7_7_13_18_,23.20_23.15_23.10_23.05_23.00_,18_8_32_4_37_
13:16:01,23.20,2,369,23.25_23.30_23.35_23.45_23.50_,17_7_7_13_18_,23.20_23.15_23.10_23.05_23.00_,19_8_32_4_37_
13:16:11,23.20,2,371,23.25_23.30_23.35_23.45_23.50_,17_7_7_13_18_,23.20_23.15_23.10_23.05_23.00_,17_10_32_4_37_
13:16:37,23.20,2,373,23.25_23.30_23.35_23.45_23.50_,17_7_7_13_18_,23.20_23.15_23.10_23.05_23.00_,15_10_32_4_37_
13:16:42,23.20,2,373,23.25_23.30_23.35_23.45_23.50_,17_7_7_13_18_,23.20_23.15_23.10_23.05_23.00_,14_10_32_4_37_
13:16:52,23.25,1,374,23.25_23.30_23.35_23.45_23.50_,16_7_7_13_18_,23.20_23.15_23.10_23.05_23.00_,14_11_32_4_37_
13:16:57,23.25,1,374,23.25_23.30_23.35_23.45_23.50_,16_7_7_13_18_,23.20_23.15_23.10_23.05_23.00_,14_11_32_4_36_
13:17:07,23.25,1,374,23.25_23.30_23.35_23.45_23.50_,16_7_7_13_18_,23.20_23.15_23.10_23.05_23.00_,14_16_32_4_36_
13:17:12,23.20,2,376,23.25_23.30_23.35_23.45_23.50_,16_7_7_13_18_,23.20_23.15_23.10_23.05_23.00_,12_16_33_4_36_
13:17:23,23.20,2,376,23.25_23.30_23.35_23.45_23.50_,16_7_7_13_18_,23.20_23.15_23.10_23.05_23.00_,12_16_33_4_37_
13:17:38,23.20,2,378,23.25_23.30_23.35_23.45_23.50_,16_7_7_13_18_,23.20_23.15_23.10_23.05_23.00_,10_16_33_7_37_
13:17:43,23.20,2,378,23.25_23.30_23.35_23.45_23.50_,16_7_7_13_18_,23.20_23.15_23.10_23.05_23.00_,10_16_33_7_57_
13:17:53,23.25,8,386,23.25_23.30_23.35_23.45_23.50_,8_7_7_13_18_,23.20_23.15_23.10_23.05_23.00_,10_16_33_7_57_
13:17:59,23.25,8,394,23.30_23.35_23.45_23.50_23.55_,7_7_13_18_8_,23.25_23.20_23.15_23.10_23.05_,12_10_16_33_7_
13:18:04,23.25,8,394,23.30_23.35_23.40_23.45_23.50_,3_7_7_13_18_,23.25_23.20_23.15_23.10_23.05_,12_17_35_7_13_
13:18:29,23.25,8,394,23.30_23.35_23.40_23.45_23.50_,5_7_7_13_18_,23.25_23.20_23.15_23.10_23.05_,12_17_35_7_13_
13:18:55,23.25,8,394,23.30_23.35_23.40_23.45_23.50_,10_7_7_13_18_,23.25_23.20_23.15_23.10_23.05_,12_18_35_7_13_
13:19:00,23.25,8,394,23.30_23.35_23.40_23.45_23.50_,10_7_7_13_18_,23.25_23.20_23.15_23.10_23.05_,13_17_35_7_13_
13:19:31,23.25,8,394,23.30_23.35_23.40_23.45_23.50_,10_7_7_13_18_,23.25_23.20_23.15_23.10_23.05_,14_17_35_7_13_
13:19:56,23.25,8,394,23.30_23.35_23.40_23.45_23.50_,10_7_7_13_17_,23.25_23.20_23.15_23.10_23.05_,14_17_35_7_13_
13:20:01,23.25,8,394,23.30_23.35_23.40_23.45_23.50_,10_7_8_13_17_,23.25_23.20_23.15_23.10_23.05_,14_17_35_7_13_
13:20:07,23.25,2,396,23.30_23.35_23.40_23.45_23.50_,8_7_8_13_17_,23.25_23.20_23.15_23.10_23.05_,12_17_35_7_13_
13:20:12,23.25,2,396,23.30_23.40_23.45_23.50_23.55_,8_8_20_17_8_,23.25_23.20_23.15_23.10_23.05_,12_27_35_7_13_
13:20:17,23.25,2,396,23.30_23.40_23.45_23.50_23.55_,8_8_20_17_8_,23.25_23.20_23.15_23.10_23.05_,13_27_62_7_13_
13:20:27,23.25,2,398,23.30_23.40_23.45_23.50_23.55_,8_8_20_17_8_,23.25_23.20_23.15_23.10_23.05_,11_27_35_7_13_
13:20:42,23.25,2,398,23.30_23.40_23.45_23.50_23.55_,8_8_20_18_8_,23.25_23.20_23.15_23.10_23.05_,11_27_35_7_13_
13:20:48,23.25,2,400,23.30_23.40_23.45_23.50_23.55_,8_8_20_18_8_,23.25_23.20_23.15_23.10_23.05_,9_27_35_7_13_
13:21:03,23.30,1,401,23.30_23.40_23.45_23.50_23.55_,7_8_20_18_8_,23.25_23.20_23.15_23.10_23.05_,9_27_35_7_13_
13:21:13,23.30,1,401,23.30_23.40_23.45_23.50_23.55_,7_8_20_18_8_,23.25_23.20_23.15_23.10_23.05_,9_47_35_7_13_
13:21:18,23.25,2,403,23.30_23.40_23.45_23.50_23.55_,7_8_20_18_8_,23.25_23.20_23.15_23.10_23.05_,7_47_35_7_13_
13:21:39,23.25,2,405,23.30_23.40_23.45_23.50_23.55_,7_8_20_18_8_,23.25_23.20_23.15_23.10_23.05_,5_47_35_7_13_
13:21:49,23.25,2,405,23.30_23.40_23.45_23.50_23.55_,7_8_20_18_8_,23.25_23.20_23.15_23.10_23.05_,6_47_35_7_13_
13:21:59,23.25,2,407,23.30_23.40_23.45_23.50_23.55_,7_8_20_18_8_,23.25_23.20_23.15_23.10_23.05_,4_47_35_7_13_
13:22:20,23.25,2,409,23.30_23.40_23.45_23.50_23.55_,7_8_20_18_8_,23.25_23.20_23.15_23.10_23.05_,3_47_35_7_13_
13:22:35,23.25,2,411,23.30_23.40_23.45_23.50_23.55_,7_8_20_18_8_,23.25_23.20_23.15_23.10_23.05_,1_47_35_7_13_
13:22:45,23.25,2,411,23.30_23.40_23.45_23.50_23.55_,7_8_20_32_8_,23.25_23.20_23.15_23.10_23.05_,1_47_35_7_13_
13:22:50,23.25,2,411,23.30_23.40_23.45_23.50_23.55_,7_8_20_35_8_,23.25_23.20_23.15_23.10_23.05_,1_47_35_7_13_
13:22:56,23.25,1,412,23.30_23.40_23.45_23.50_23.55_,7_8_20_35_8_,23.20_23.15_23.10_23.05_23.00_,47_35_7_13_80_
13:23:01,23.20,1,413,23.40_23.45_23.50_23.55_23.60_,8_20_35_8_27_,23.20_23.15_23.10_23.05_23.00_,46_16_26_13_80_
13:23:06,23.25,7,420,23.40_23.45_23.50_23.55_23.60_,8_20_35_8_27_,23.25_23.20_23.15_23.10_23.05_,8_46_28_13_7_
13:23:11,23.25,7,420,23.40_23.45_23.50_23.55_23.60_,8_20_35_8_27_,23.25_23.20_23.15_23.10_23.05_,15_65_9_13_7_
13:23:16,23.25,7,420,23.40_23.45_23.50_23.55_23.60_,1_20_42_8_27_,23.25_23.20_23.15_23.10_23.05_,15_65_9_13_7_
13:23:37,23.20,30,450,23.40_23.45_23.50_23.55_23.60_,6_20_42_8_27_,23.20_23.15_23.10_23.05_23.00_,50_9_13_7_80_
13:23:42,23.25,7,457,23.40_23.45_23.50_23.55_23.60_,6_20_42_8_27_,23.25_23.20_23.15_23.10_23.05_,2_31_9_13_7_
13:23:47,23.25,7,457,23.40_23.45_23.50_23.55_23.60_,13_20_35_8_27_,23.20_23.15_23.10_23.05_23.00_,50_16_13_7_81_
13:23:52,23.25,7,457,23.40_23.45_23.50_23.55_23.60_,13_20_35_8_27_,23.25_23.20_23.15_23.10_23.05_,8_31_28_13_7_
13:23:57,23.25,7,457,23.40_23.45_23.50_23.55_23.60_,13_20_35_8_27_,23.25_23.20_23.15_23.10_23.05_,1_50_16_13_7_
13:24:02,23.25,7,457,23.40_23.45_23.50_23.55_23.60_,13_20_35_8_27_,23.25_23.20_23.15_23.10_23.05_,5_50_16_13_7_
13:24:33,23.25,7,457,23.40_23.45_23.50_23.55_23.60_,13_20_36_8_27_,23.25_23.20_23.15_23.10_23.05_,12_50_9_13_7_
13:24:43,23.25,7,457,23.40_23.45_23.50_23.55_23.60_,13_20_36_8_38_,23.25_23.20_23.15_23.10_23.05_,12_68_9_13_7_
13:24:53,23.25,7,457,23.40_23.45_23.50_23.55_23.60_,6_13_36_8_38_,23.25_23.20_23.15_23.10_23.05_,5_61_9_13_7_
13:25:18,23.25,7,457,23.30_,0_,23.20_,0_
13:25:23,23.25,7,457,23.30_,0_,23.20_,0_
13:25:39,23.25,7,457,23.30_,0_,23.25_,0_
13:25:44,23.25,7,457,23.50_,0_,23.45_,0_
13:26:04,23.25,7,457,23.50_,0_,23.45_,0_
13:26:09,23.25,7,457,23.45_,0_,23.35_,0_
13:26:14,23.25,7,457,23.45_,0_,23.35_,0_
13:26:25,23.25,7,457,23.45_,0_,23.35_,0_
13:26:35,23.25,7,457,23.45_,0_,23.35_,0_
13:26:40,23.25,7,457,23.45_,0_,23.35_,0_
13:27:11,23.25,7,457,23.45_,0_,23.35_,0_
13:27:16,23.25,7,457,23.45_,0_,23.35_,0_
13:27:21,23.25,7,457,23.45_,0_,23.35_,0_
13:27:26,23.25,7,457,23.45_,0_,23.35_,0_
13:27:57,23.25,7,457,23.45_,0_,23.35_,0_
13:28:02,23.25,7,457,23.45_,0_,23.35_,0_
13:28:07,23.25,7,457,23.45_,0_,23.35_,0_
13:28:12,23.25,7,457,23.45_,0_,23.35_,0_
13:28:22,23.25,7,457,23.45_,0_,23.35_,0_
13:28:38,23.25,7,457,23.45_,0_,23.35_,0_
13:28:53,23.25,7,457,23.45_,0_,23.35_,0_
13:29:03,23.25,7,457,23.45_,0_,23.35_,0_
13:29:09,23.25,7,457,23.45_,0_,23.35_,0_
13:29:44,23.25,7,457,23.30_,0_,23.25_,0_
13:30:00,23.30,232,689,23.30_23.40_23.45_23.50_23.55_,45_8_58_57_26_,23.25_23.20_23.15_23.10_23.05_,16_203_175_62_86_
