09:00:08,15.45,84,84,15.50_15.55_15.60_15.65_15.70_,5_5_11_14_60_,15.45_15.40_15.35_15.30_15.25_,44_53_56_47_53_
09:00:13,15.45,84,84,15.50_15.55_15.60_15.65_15.70_,13_5_11_14_60_,15.45_15.40_15.35_15.30_15.25_,45_53_56_47_53_
09:00:19,15.50,1,85,15.50_15.55_15.60_15.65_15.70_,12_5_11_14_60_,15.45_15.40_15.35_15.30_15.25_,45_53_56_47_53_
09:00:24,15.50,1,85,15.50_15.55_15.60_15.65_15.70_,13_5_11_14_60_,15.45_15.40_15.35_15.30_15.25_,46_53_56_47_53_
09:01:30,15.60,10,127,15.60_15.65_15.70_15.75_15.80_,14_36_56_61_52_,15.50_15.45_15.40_15.35_15.30_,23_80_56_57_47_
09:01:41,15.60,10,127,15.60_15.65_15.70_15.75_15.80_,15_36_56_61_52_,15.50_15.45_15.40_15.35_15.30_,23_80_56_57_47_
09:01:46,15.60,5,132,15.60_15.65_15.70_15.75_15.80_,10_36_56_61_52_,15.50_15.45_15.40_15.35_15.30_,23_80_56_57_47_
09:01:51,15.60,5,137,15.60_15.65_15.70_15.75_15.80_,8_36_56_61_52_,15.50_15.45_15.40_15.35_15.30_,23_80_56_57_47_
09:02:58,15.60,1,154,15.60_15.65_15.70_15.75_15.80_,20_36_56_61_52_,15.50_15.45_15.40_15.35_15.30_,25_80_56_57_47_
09:03:03,15.60,1,154,15.60_15.65_15.70_15.75_15.80_,20_36_56_61_52_,15.50_15.45_15.40_15.35_15.30_,24_80_56_57_47_
09:03:59,15.60,3,157,15.60_15.65_15.70_15.75_15.80_,18_36_56_61_52_,15.50_15.45_15.40_15.35_15.30_,24_80_87_57_47_
09:04:40,15.60,9,166,15.65_15.70_15.75_15.80_15.85_,9_57_88_53_54_,15.60_15.55_15.50_15.45_15.40_,1_10_29_80_84_
09:04:50,15.60,1,167,15.65_15.70_15.75_15.80_15.85_,9_57_88_53_54_,15.55_15.50_15.45_15.40_15.35_,10_29_80_84_57_
09:04:55,15.60,1,167,15.65_15.70_15.75_15.80_15.85_,9_73_71_53_54_,15.55_15.50_15.45_15.40_15.35_,10_24_84_84_57_
09:05:05,15.60,1,167,15.65_15.70_15.75_15.80_15.85_,18_73_71_53_54_,15.55_15.50_15.45_15.40_15.35_,10_24_84_84_57_
09:05:16,15.60,1,167,15.65_15.70_15.75_15.80_15.85_,18_84_61_53_54_,15.60_15.50_15.45_15.40_15.35_,2_34_85_84_57_
09:06:33,15.65,1,195,15.65_15.70_15.75_15.80_15.85_,12_70_74_53_54_,15.60_15.55_15.50_15.45_15.40_,16_10_29_80_85_
09:06:43,15.65,1,195,15.65_15.70_15.75_15.80_15.85_,12_80_64_53_54_,15.60_15.55_15.50_15.45_15.40_,16_10_30_80_85_
09:06:48,15.65,1,195,15.65_15.70_15.75_15.80_15.85_,12_80_64_53_54_,15.60_15.55_15.50_15.45_15.40_,16_10_30_81_85_
09:06:53,15.65,1,196,15.65_15.70_15.75_15.80_15.85_,12_80_64_53_54_,15.60_15.55_15.50_15.45_15.40_,16_10_30_81_85_
09:07:29,15.65,1,196,15.65_15.70_15.75_15.80_15.85_,13_80_64_53_54_,15.60_15.55_15.50_15.45_15.40_,16_10_31_81_85_
09:07:34,15.65,1,196,15.65_15.70_15.75_15.80_15.85_,14_80_64_53_54_,15.60_15.55_15.50_15.45_15.40_,16_10_31_81_85_
09:08:41,15.70,2,219,15.70_15.75_15.80_15.85_15.90_,50_90_56_55_86_,15.65_15.60_15.50_15.45_15.40_,3_28_31_81_85_
09:08:46,15.70,50,269,15.75_15.80_15.85_15.90_15.95_,90_56_55_86_61_,15.65_15.60_15.50_15.45_15.40_,3_28_31_81_85_
09:08:51,15.70,50,269,15.75_15.80_15.85_15.90_15.95_,63_83_55_86_61_,15.65_15.60_15.55_15.50_15.45_,8_28_5_27_81_
09:08:56,15.70,50,269,15.75_15.80_15.85_15.90_15.95_,64_83_55_86_61_,15.65_15.60_15.55_15.50_15.45_,8_28_5_27_81_
09:09:02,15.70,50,269,15.75_15.80_15.85_15.90_15.95_,64_83_55_86_61_,15.65_15.60_15.55_15.50_15.45_,8_28_5_27_83_
09:10:44,15.75,1,280,15.75_15.80_15.85_15.90_15.95_,63_72_68_86_61_,15.70_15.65_15.60_15.55_15.50_,81_86_21_33_34_
09:10:49,15.75,51,331,15.75_15.80_15.85_15.90_15.95_,12_72_68_86_61_,15.70_15.65_15.60_15.55_15.50_,81_86_45_33_34_
09:11:25,15.75,9,347,15.80_15.85_15.90_15.95_16.00_,54_85_88_61_61_,15.75_15.70_15.65_15.60_15.50_,30_92_100_52_39_
09:11:30,15.75,9,347,15.80_15.85_15.90_15.95_16.00_,54_85_88_61_61_,15.75_15.70_15.65_15.60_15.50_,32_92_100_50_39_
09:11:46,15.80,4,351,15.80_15.85_15.90_15.95_16.00_,50_85_88_61_61_,15.75_15.70_15.65_15.60_15.50_,32_92_100_50_39_
09:13:54,15.80,2,379,15.80_15.85_15.90_15.95_16.00_,44_85_88_61_82_,15.75_15.70_15.65_15.60_15.50_,22_91_99_50_39_
09:13:59,15.75,5,384,15.80_15.85_15.90_15.95_16.00_,44_85_88_61_82_,15.75_15.70_15.65_15.60_15.50_,17_42_99_50_39_
09:14:09,15.75,1,385,15.80_15.85_15.90_15.95_16.00_,43_85_88_61_82_,15.75_15.70_15.65_15.60_15.50_,16_42_99_50_39_
09:14:14,15.80,5,390,15.80_15.85_15.90_15.95_16.00_,38_85_88_61_82_,15.75_15.70_15.65_15.60_15.50_,16_42_99_50_39_
09:14:55,15.80,20,412,15.80_15.85_15.90_15.95_16.00_,21_85_88_61_82_,15.75_15.70_15.65_15.60_15.50_,24_43_99_52_42_
09:15:06,15.80,20,412,15.80_15.85_15.90_15.95_16.00_,21_75_98_61_82_,15.75_15.70_15.65_15.60_15.50_,24_43_99_53_42_
09:15:11,15.80,20,412,15.80_15.85_15.90_15.95_16.00_,23_75_98_61_82_,15.75_15.70_15.65_15.60_15.50_,24_43_99_53_42_
09:15:16,15.80,2,414,15.80_15.85_15.90_15.95_16.00_,21_75_98_61_82_,15.75_15.70_15.65_15.60_15.50_,24_43_99_53_42_
09:15:21,15.80,10,424,15.80_15.85_15.90_15.95_16.00_,11_75_98_61_82_,15.75_15.70_15.65_15.60_15.50_,24_43_99_53_42_
09:15:26,15.80,10,424,15.80_15.85_15.90_15.95_16.00_,12_78_98_61_82_,15.75_15.70_15.65_15.60_15.50_,24_43_99_53_42_
09:15:31,15.80,10,424,15.80_15.85_15.90_15.95_16.00_,13_78_98_62_82_,15.75_15.70_15.65_15.60_15.50_,24_43_99_53_42_
09:15:36,15.80,8,432,15.80_15.85_15.90_15.95_16.00_,5_78_98_62_82_,15.75_15.70_15.65_15.60_15.50_,24_43_99_53_42_
09:15:41,15.80,8,432,15.80_15.85_15.90_15.95_16.00_,7_78_98_62_82_,15.75_15.70_15.65_15.60_15.50_,24_43_99_53_42_
09:15:47,15.80,8,432,15.80_15.85_15.90_15.95_16.00_,7_78_98_62_82_,15.75_15.70_15.65_15.60_15.50_,24_43_100_53_43_
09:18:10,15.80,1,515,15.80_15.85_15.90_15.95_16.00_,1_55_97_62_91_,15.75_15.70_15.65_15.60_15.50_,15_43_71_58_53_
09:18:15,15.80,1,516,15.80_15.85_15.90_15.95_16.00_,2_55_97_62_91_,15.75_15.70_15.65_15.60_15.50_,15_43_71_58_53_
09:20:29,15.75,4,555,15.80_15.85_15.90_15.95_16.00_,18_56_104_61_92_,15.75_15.70_15.65_15.60_15.50_,27_43_71_59_43_
09:20:34,15.75,4,555,15.80_15.85_15.90_15.95_16.00_,28_56_104_61_92_,15.75_15.70_15.65_15.60_15.50_,27_43_71_59_43_
09:20:44,15.75,15,570,15.80_15.85_15.90_15.95_16.00_,28_56_104_61_92_,15.75_15.70_15.65_15.60_15.50_,14_43_71_59_43_
09:20:49,15.75,15,570,15.80_15.85_15.90_15.95_16.00_,28_59_104_61_92_,15.75_15.70_15.65_15.60_15.50_,14_43_71_59_43_
09:22:37,15.75,2,585,15.80_15.85_15.90_15.95_16.00_,48_56_104_61_93_,15.75_15.70_15.65_15.60_15.50_,15_42_71_57_45_
09:23:08,15.70,13,613,15.80_15.85_15.90_15.95_16.00_,43_73_86_61_93_,15.70_15.65_15.60_15.50_15.45_,19_57_82_46_86_
09:23:28,15.70,13,613,15.80_15.85_15.90_15.95_16.00_,54_63_86_61_93_,15.70_15.65_15.60_15.50_15.45_,19_57_82_46_86_
09:23:33,15.70,13,613,15.80_15.85_15.90_15.95_16.00_,54_63_86_61_93_,15.70_15.65_15.60_15.50_15.45_,24_57_82_46_86_
09:23:49,15.70,13,613,15.75_15.80_15.85_15.90_15.95_,20_54_63_86_61_,15.70_15.65_15.60_15.50_15.45_,24_57_82_46_86_
09:23:54,15.70,13,613,15.75_15.80_15.85_15.90_15.95_,21_50_63_86_61_,15.70_15.65_15.60_15.55_15.50_,24_47_61_32_47_
09:23:59,15.70,1,614,15.75_15.80_15.85_15.90_15.95_,39_48_63_86_61_,15.70_15.65_15.60_15.55_15.50_,23_47_61_32_47_
09:24:09,15.70,1,614,15.75_15.80_15.85_15.90_15.95_,39_48_63_86_61_,15.70_15.65_15.60_15.55_15.50_,23_47_61_32_77_
09:24:14,15.70,1,614,15.75_15.80_15.85_15.90_15.95_,39_48_63_86_61_,15.70_15.65_15.60_15.55_15.50_,24_47_61_32_77_
09:24:19,15.70,1,614,15.75_15.80_15.85_15.90_15.95_,40_47_68_86_61_,15.70_15.65_15.60_15.55_15.50_,24_47_61_32_77_
09:25:00,15.70,1,622,15.75_15.80_15.85_15.90_15.95_,40_47_69_86_61_,15.70_15.65_15.60_15.55_15.50_,22_67_61_32_77_
09:25:16,15.70,1,622,15.75_15.80_15.85_15.90_15.95_,40_47_69_86_61_,15.70_15.65_15.60_15.55_15.50_,24_67_61_32_77_
09:25:26,15.75,5,627,15.75_15.80_15.85_15.90_15.95_,36_47_69_86_61_,15.70_15.65_15.60_15.55_15.50_,24_67_59_32_77_
09:25:31,15.70,11,638,15.75_15.80_15.85_15.90_15.95_,35_47_69_86_61_,15.70_15.65_15.60_15.55_15.50_,13_67_59_32_79_
09:25:41,15.70,11,638,15.75_15.80_15.85_15.90_15.95_,35_47_69_86_61_,15.70_15.65_15.60_15.55_15.50_,14_67_59_32_79_
09:25:46,15.70,11,638,15.75_15.80_15.85_15.90_15.95_,35_47_69_86_61_,15.70_15.65_15.60_15.55_15.50_,14_67_59_33_79_
09:25:52,15.70,2,640,15.75_15.80_15.85_15.90_15.95_,35_47_69_86_61_,15.70_15.65_15.60_15.55_15.50_,12_67_59_33_79_
09:25:57,15.70,2,640,15.75_15.80_15.85_15.90_15.95_,37_47_69_86_61_,15.70_15.65_15.60_15.55_15.50_,12_67_59_33_79_
09:26:17,15.70,3,643,15.75_15.80_15.85_15.90_15.95_,37_47_69_86_61_,15.70_15.65_15.60_15.55_15.50_,9_67_59_33_79_
09:26:28,15.70,1,644,15.75_15.80_15.85_15.90_15.95_,37_47_69_86_61_,15.70_15.65_15.60_15.55_15.50_,8_67_59_33_79_
09:26:33,15.70,1,644,15.75_15.80_15.85_15.90_15.95_,50_47_69_86_61_,15.70_15.65_15.60_15.55_15.50_,10_67_59_33_79_
09:27:19,15.65,47,702,15.70_15.75_15.80_15.85_15.90_,7_52_54_39_86_,15.65_15.60_15.55_15.50_15.45_,20_24_36_111_87_
09:27:24,15.65,1,703,15.70_15.75_15.80_15.85_15.90_,14_47_54_39_86_,15.65_15.60_15.55_15.50_15.45_,19_34_26_111_87_
09:27:29,15.65,1,704,15.70_15.75_15.80_15.85_15.90_,16_46_54_39_86_,15.65_15.60_15.55_15.50_15.45_,18_24_36_111_87_
09:27:34,15.65,1,705,15.70_15.75_15.80_15.85_15.90_,17_45_54_39_86_,15.65_15.60_15.55_15.50_15.45_,17_24_36_111_87_
09:27:39,15.65,1,705,15.70_15.75_15.80_15.85_15.90_,17_45_54_40_86_,15.65_15.60_15.55_15.50_15.45_,17_24_36_112_87_
09:27:44,15.65,3,708,15.70_15.75_15.80_15.85_15.90_,17_45_54_40_86_,15.65_15.60_15.55_15.50_15.45_,14_24_36_112_87_
09:29:27,15.65,1,730,15.70_15.75_15.80_15.85_15.90_,23_26_52_40_86_,15.65_15.60_15.55_15.50_15.45_,2_33_26_119_87_
09:30:08,15.70,1,732,15.70_15.75_15.80_15.85_15.90_,21_33_92_40_86_,15.65_15.60_15.55_15.50_15.45_,1_23_36_119_87_
09:31:20,15.65,7,740,15.70_15.75_15.80_15.85_15.90_,36_28_93_41_86_,15.65_15.60_15.55_15.50_15.45_,2_23_36_121_87_
09:31:25,15.65,2,742,15.70_15.75_15.80_15.85_15.90_,35_28_93_41_86_,15.60_15.55_15.50_15.45_15.40_,23_36_121_87_83_
09:31:35,15.65,2,742,15.70_15.75_15.80_15.85_15.90_,35_45_75_41_86_,15.60_15.55_15.50_15.45_15.40_,23_11_147_87_84_
09:32:06,15.60,4,765,15.65_15.70_15.75_15.80_15.85_,26_54_3_74_40_,15.55_15.50_15.45_15.40_15.35_,11_85_145_88_57_
09:32:22,15.60,4,765,15.65_15.70_15.75_15.80_15.85_,27_53_3_74_40_,15.55_15.50_15.45_15.40_15.35_,13_85_145_88_57_
09:33:23,15.55,1,767,15.65_15.70_15.75_15.80_15.85_,27_53_3_74_40_,15.55_15.50_15.45_15.40_15.35_,11_109_121_88_58_
09:34:24,15.55,2,770,15.60_15.65_15.70_15.75_15.80_,23_42_22_3_74_,15.55_15.50_15.45_15.40_15.35_,3_94_147_88_58_
09:34:30,15.55,2,770,15.60_15.65_15.70_15.75_15.80_,23_42_22_3_74_,15.55_15.50_15.45_15.40_15.35_,4_94_147_88_58_
09:35:36,15.55,1,788,15.60_15.65_15.70_15.75_15.80_,33_36_21_3_75_,15.55_15.50_15.45_15.40_15.35_,4_84_150_88_58_
09:35:41,15.55,1,789,15.60_15.65_15.70_15.75_15.80_,33_36_21_3_75_,15.55_15.50_15.45_15.40_15.35_,3_83_150_88_58_
09:35:46,15.55,1,789,15.60_15.65_15.70_15.75_15.80_,33_36_21_3_75_,15.55_15.50_15.45_15.40_15.35_,3_83_350_88_58_
09:35:57,15.55,1,789,15.60_15.65_15.70_15.75_15.80_,33_36_21_3_75_,15.55_15.50_15.45_15.40_15.35_,4_83_350_88_58_
09:36:02,15.55,1,789,15.60_15.65_15.70_15.75_15.80_,33_36_24_3_75_,15.55_15.50_15.45_15.40_15.35_,5_83_351_88_58_
09:36:07,15.55,1,790,15.60_15.65_15.70_15.75_15.80_,33_36_24_3_75_,15.55_15.50_15.45_15.40_15.35_,4_83_351_88_58_
09:36:12,15.55,1,790,15.60_15.65_15.70_15.75_15.80_,33_36_24_5_75_,15.55_15.50_15.45_15.40_15.35_,5_83_351_88_58_
09:36:17,15.55,3,793,15.60_15.65_15.70_15.75_15.80_,33_33_24_5_75_,15.55_15.50_15.45_15.40_15.35_,3_83_351_88_58_
09:36:22,15.55,3,793,15.60_15.65_15.70_15.75_15.80_,33_33_24_5_75_,15.55_15.50_15.45_15.40_15.35_,3_84_351_88_58_
09:36:27,15.55,3,793,15.60_15.65_15.70_15.75_15.80_,33_33_24_5_75_,15.55_15.50_15.45_15.40_15.35_,3_84_352_88_58_
09:37:03,15.55,1,795,15.60_15.65_15.70_15.75_15.80_,39_27_24_5_75_,15.55_15.50_15.45_15.40_15.35_,23_86_350_88_58_
09:37:14,15.55,1,796,15.60_15.65_15.70_15.75_15.80_,39_40_24_5_75_,15.55_15.50_15.45_15.40_15.35_,24_86_350_88_58_
09:38:00,15.55,13,814,15.60_15.65_15.70_15.75_15.80_,39_28_24_5_76_,15.55_15.50_15.45_15.40_15.35_,6_86_351_88_58_
09:39:22,15.55,6,829,15.60_15.65_15.70_15.75_15.80_,38_28_24_5_76_,15.55_15.50_15.45_15.40_15.35_,44_92_351_89_58_
09:39:37,15.60,1,860,15.60_15.65_15.70_15.75_15.80_,11_39_34_5_76_,15.55_15.50_15.45_15.40_15.35_,47_92_351_89_58_
09:39:53,15.60,3,867,15.60_15.65_15.70_15.75_15.80_,8_39_34_5_76_,15.55_15.50_15.45_15.40_15.35_,44_94_351_90_58_
09:39:58,15.60,3,867,15.60_15.65_15.70_15.75_15.80_,20_27_34_5_76_,15.55_15.50_15.45_15.40_15.35_,49_94_351_90_58_
09:40:03,15.60,1,868,15.60_15.65_15.70_15.75_15.80_,24_17_34_5_76_,15.55_15.50_15.45_15.40_15.35_,49_94_351_90_58_
09:40:39,15.60,10,878,15.60_15.65_15.70_15.75_15.80_,15_17_34_5_76_,15.55_15.50_15.45_15.40_15.35_,50_94_351_90_58_
09:40:59,15.60,5,883,15.60_15.65_15.70_15.75_15.80_,10_17_34_5_76_,15.55_15.50_15.45_15.40_15.35_,50_94_351_90_58_
09:41:04,15.60,5,883,15.60_15.65_15.70_15.75_15.80_,6_21_34_5_76_,15.55_15.50_15.45_15.40_15.35_,61_84_351_90_58_
09:41:10,15.60,5,883,15.60_15.65_15.70_15.75_15.80_,8_20_35_5_76_,15.55_15.50_15.45_15.40_15.35_,61_84_351_90_58_
09:42:01,15.60,5,896,15.65_15.70_15.75_15.80_15.85_,26_30_21_76_41_,15.60_15.55_15.50_15.45_15.40_,11_61_150_292_90_
09:42:16,15.65,28,924,15.70_15.75_15.80_15.85_15.90_,39_6_91_41_87_,15.65_15.60_15.55_15.50_15.45_,2_41_90_119_292_
09:42:42,15.65,28,924,15.70_15.75_15.80_15.85_15.90_,30_16_95_41_86_,15.65_15.60_15.55_15.50_15.45_,17_41_90_121_292_
09:43:07,15.65,2,926,15.70_15.75_15.80_15.85_15.90_,31_16_95_41_86_,15.65_15.60_15.55_15.50_15.45_,16_56_80_119_292_
09:43:23,15.65,2,926,15.70_15.75_15.80_15.85_15.90_,33_16_95_41_86_,15.65_15.60_15.55_15.50_15.45_,16_56_80_179_152_
09:43:33,15.65,2,926,15.70_15.75_15.80_15.85_15.90_,33_16_95_41_86_,15.65_15.60_15.55_15.50_15.45_,16_56_80_179_154_
09:43:38,15.65,2,926,15.70_15.75_15.80_15.85_15.90_,34_16_95_41_86_,15.65_15.60_15.55_15.50_15.45_,16_56_80_179_154_
09:43:48,15.65,2,926,15.70_15.75_15.80_15.85_15.90_,36_16_95_41_86_,15.65_15.60_15.55_15.50_15.45_,19_56_80_179_154_
09:44:09,15.65,2,926,15.70_15.75_15.80_15.85_15.90_,36_29_95_41_96_,15.65_15.60_15.55_15.50_15.45_,19_56_80_181_154_
09:45:00,15.65,2,926,15.70_15.75_15.80_15.85_15.90_,39_28_95_41_96_,15.65_15.60_15.55_15.50_15.45_,19_56_80_181_156_
09:46:02,15.65,2,926,15.70_15.75_15.80_15.85_15.90_,43_29_95_41_96_,15.65_15.60_15.55_15.50_15.45_,19_56_80_181_156_
09:46:17,15.65,2,926,15.70_15.75_15.80_15.85_15.90_,56_31_96_41_96_,15.65_15.60_15.55_15.50_15.45_,19_56_80_181_156_
09:46:22,15.65,2,926,15.70_15.75_15.80_15.85_15.90_,55_31_96_51_96_,15.65_15.60_15.55_15.50_15.45_,19_56_80_181_156_
09:46:27,15.65,2,926,15.70_15.75_15.80_15.85_15.90_,56_31_96_51_96_,15.65_15.60_15.55_15.50_15.45_,19_56_80_181_156_
09:47:18,15.65,1,944,15.70_15.75_15.80_15.85_15.90_,69_21_96_51_96_,15.65_15.60_15.55_15.50_15.45_,2_58_80_181_156_
09:47:39,15.65,1,944,15.70_15.75_15.80_15.85_15.90_,70_21_96_51_96_,15.65_15.60_15.55_15.50_15.45_,2_58_80_181_156_
09:49:16,15.65,1,951,15.70_15.75_15.80_15.85_15.90_,70_36_80_51_96_,15.60_15.55_15.50_15.45_15.40_,59_50_213_157_88_
09:49:32,15.65,1,951,15.70_15.75_15.80_15.85_15.90_,72_36_80_51_96_,15.60_15.55_15.50_15.45_15.40_,59_50_213_157_88_
09:49:37,15.65,1,951,15.65_15.70_15.75_15.80_15.85_,1_71_36_80_51_,15.60_15.55_15.50_15.45_15.40_,59_50_213_157_88_
09:50:28,15.60,1,973,15.65_15.70_15.75_15.80_15.85_,45_32_34_79_51_,15.60_15.55_15.50_15.45_15.40_,27_71_213_157_88_
09:50:54,15.60,3,976,15.65_15.70_15.75_15.80_15.85_,45_32_34_79_51_,15.60_15.55_15.50_15.45_15.40_,39_71_213_157_88_
09:50:59,15.60,3,976,15.65_15.70_15.75_15.80_15.85_,43_32_21_79_51_,15.60_15.55_15.50_15.45_15.40_,39_71_213_157_88_
09:51:09,15.60,1,977,15.65_15.70_15.75_15.80_15.85_,56_32_21_79_51_,15.60_15.55_15.50_15.45_15.40_,38_66_213_157_88_
09:51:19,15.60,1,977,15.65_15.70_15.75_15.80_15.85_,59_32_21_79_51_,15.60_15.55_15.50_15.45_15.40_,38_67_213_157_88_
09:51:45,15.60,1,977,15.65_15.70_15.75_15.80_15.85_,60_32_21_79_51_,15.60_15.55_15.50_15.45_15.40_,40_68_213_157_88_
09:52:52,15.60,1,984,15.65_15.70_15.75_15.80_15.85_,74_31_21_78_51_,15.60_15.55_15.50_15.45_15.40_,36_68_186_184_88_
09:53:58,15.60,4,1000,15.65_15.70_15.75_15.80_15.85_,83_22_21_78_51_,15.60_15.55_15.50_15.45_15.40_,20_68_215_157_88_
09:54:03,15.60,4,1000,15.65_15.70_15.75_15.80_15.85_,83_22_21_78_51_,15.60_15.55_15.50_15.45_15.40_,20_73_215_157_88_
09:54:24,15.60,2,1032,15.65_15.70_15.75_15.80_15.85_,44_32_21_78_53_,15.60_15.55_15.50_15.45_15.40_,48_73_188_184_88_
09:54:29,15.60,1,1033,15.65_15.70_15.75_15.80_15.85_,43_32_21_78_53_,15.60_15.55_15.50_15.45_15.40_,47_73_215_157_88_
09:54:44,15.60,1,1033,15.65_15.70_15.75_15.80_15.85_,45_32_21_78_53_,15.60_15.55_15.50_15.45_15.40_,47_73_215_157_88_
09:54:54,15.60,1,1033,15.65_15.70_15.75_15.80_15.85_,50_32_21_78_53_,15.60_15.55_15.50_15.45_15.40_,48_73_215_157_88_
09:56:42,15.60,13,1046,15.65_15.70_15.75_15.80_15.85_,55_41_21_84_53_,15.60_15.55_15.50_15.45_15.40_,48_73_215_157_88_
09:57:03,15.60,7,1053,15.65_15.70_15.75_15.80_15.85_,55_25_21_84_53_,15.60_15.55_15.50_15.45_15.40_,41_75_215_157_88_
09:57:08,15.60,7,1053,15.65_15.70_15.75_15.80_15.85_,55_42_21_84_53_,15.60_15.55_15.50_15.45_15.40_,41_75_215_157_87_
09:57:18,15.60,7,1053,15.65_15.70_15.75_15.80_15.85_,54_42_21_84_53_,15.60_15.55_15.50_15.45_15.40_,41_75_215_157_87_
09:57:23,15.60,7,1053,15.65_15.70_15.75_15.80_15.85_,55_42_21_84_53_,15.60_15.55_15.50_15.45_15.40_,41_75_215_157_87_
09:57:28,15.60,1,1054,15.65_15.70_15.75_15.80_15.85_,56_42_21_84_53_,15.60_15.55_15.50_15.45_15.40_,41_75_215_157_87_
09:59:16,15.60,1,1078,15.65_15.70_15.75_15.80_15.85_,70_34_21_84_53_,15.60_15.55_15.50_15.45_15.40_,17_75_220_157_87_
10:02:00,15.55,8,1116,15.60_15.65_15.70_15.75_15.80_,49_46_28_6_83_,15.55_15.50_15.45_15.40_15.35_,51_172_218_87_59_
10:02:05,15.55,8,1116,15.60_15.65_15.70_15.75_15.80_,51_46_28_6_83_,15.55_15.50_15.45_15.40_15.35_,51_172_218_87_59_
10:02:10,15.55,1,1117,15.60_15.65_15.70_15.75_15.80_,51_46_28_6_83_,15.55_15.50_15.45_15.40_15.35_,50_172_218_87_59_
10:02:15,15.55,1,1117,15.60_15.65_15.70_15.75_15.80_,51_46_28_6_83_,15.55_15.50_15.45_15.40_15.35_,54_172_218_87_59_
10:02:21,15.55,1,1117,15.60_15.65_15.70_15.75_15.80_,51_46_29_6_83_,15.55_15.50_15.45_15.40_15.35_,54_172_218_87_59_
10:02:26,15.55,1,1117,15.60_15.65_15.70_15.75_15.80_,51_46_29_6_83_,15.55_15.50_15.45_15.40_15.35_,54_172_223_87_59_
10:02:41,15.55,1,1117,15.60_15.65_15.70_15.75_15.80_,48_46_29_6_83_,15.55_15.50_15.45_15.40_15.35_,54_172_223_87_59_
10:02:57,15.55,1,1117,15.60_15.65_15.70_15.75_15.80_,48_46_29_6_83_,15.55_15.50_15.45_15.40_15.35_,55_172_223_87_59_
10:03:48,15.55,1,1128,15.60_15.65_15.70_15.75_15.80_,45_46_29_6_83_,15.55_15.50_15.45_15.40_15.35_,81_173_220_87_62_
10:03:53,15.55,1,1129,15.60_15.65_15.70_15.75_15.80_,45_46_29_6_83_,15.55_15.50_15.45_15.40_15.35_,80_173_220_87_62_
10:03:58,15.55,1,1129,15.60_15.65_15.70_15.75_15.80_,45_46_29_6_83_,15.55_15.50_15.45_15.40_15.35_,79_173_220_87_62_
10:04:03,15.55,1,1130,15.60_15.65_15.70_15.75_15.80_,45_46_29_6_83_,15.55_15.50_15.45_15.40_15.35_,78_173_220_87_62_
10:04:08,15.55,2,1132,15.60_15.65_15.70_15.75_15.80_,45_46_29_6_83_,15.55_15.50_15.45_15.40_15.35_,76_173_220_87_62_
10:05:56,15.55,1,1143,15.60_15.65_15.70_15.75_15.80_,45_46_29_6_83_,15.55_15.50_15.45_15.40_15.35_,87_180_220_87_62_
10:07:43,15.55,3,1160,15.60_15.65_15.70_15.75_15.80_,52_47_29_6_83_,15.55_15.50_15.45_15.40_15.35_,70_181_220_88_62_
10:09:31,15.55,2,1177,15.60_15.65_15.70_15.75_15.80_,55_45_29_4_83_,15.55_15.50_15.45_15.40_15.35_,54_180_220_88_62_
10:11:24,15.55,2,1186,15.60_15.65_15.70_15.75_15.80_,60_43_29_4_83_,15.55_15.50_15.45_15.40_15.35_,48_182_220_88_62_
10:11:40,15.55,2,1186,15.60_15.65_15.70_15.75_15.80_,60_43_29_4_83_,15.55_15.50_15.45_15.40_15.35_,50_182_220_88_62_
10:11:45,15.55,5,1191,15.60_15.65_15.70_15.75_15.80_,60_43_29_4_83_,15.55_15.50_15.45_15.40_15.35_,45_182_220_88_62_
10:11:50,15.55,2,1193,15.60_15.65_15.70_15.75_15.80_,60_43_29_4_83_,15.55_15.50_15.45_15.40_15.35_,43_182_220_88_62_
10:11:55,15.55,1,1194,15.60_15.65_15.70_15.75_15.80_,61_43_29_4_83_,15.55_15.50_15.45_15.40_15.35_,42_182_220_88_62_
10:12:21,15.55,1,1198,15.60_15.65_15.70_15.75_15.80_,61_44_29_4_83_,15.55_15.50_15.45_15.40_15.35_,67_182_220_88_92_
10:13:02,15.55,1,1198,15.60_15.65_15.70_15.75_15.80_,61_44_29_4_83_,15.55_15.50_15.45_15.40_15.35_,70_182_219_88_92_
10:14:08,15.55,1,1207,15.60_15.65_15.70_15.75_15.80_,77_44_29_4_83_,15.55_15.50_15.45_15.40_15.35_,65_182_220_88_92_
10:14:13,15.55,1,1208,15.60_15.65_15.70_15.75_15.80_,79_44_29_4_83_,15.55_15.50_15.45_15.40_15.35_,64_182_220_88_92_
10:14:39,15.55,1,1211,15.60_15.65_15.70_15.75_15.80_,79_44_29_4_83_,15.55_15.50_15.45_15.40_15.35_,61_182_220_88_92_
10:15:05,15.55,1,1211,15.60_15.65_15.70_15.75_15.80_,78_44_29_4_83_,15.55_15.50_15.45_15.40_15.35_,61_182_220_86_92_
10:16:06,15.55,1,1226,15.60_15.65_15.70_15.75_15.80_,79_44_29_4_83_,15.55_15.50_15.45_15.40_15.35_,47_192_220_86_92_
10:16:27,15.55,1,1226,15.60_15.65_15.70_15.75_15.80_,82_43_29_4_83_,15.55_15.50_15.45_15.40_15.35_,68_192_221_86_92_
10:16:37,15.55,1,1226,15.60_15.65_15.70_15.75_15.80_,83_43_29_4_83_,15.55_15.50_15.45_15.40_15.35_,68_192_221_86_92_
10:16:47,15.55,1,1226,15.60_15.65_15.70_15.75_15.80_,83_43_29_4_83_,15.55_15.50_15.45_15.40_15.35_,90_192_221_86_92_
10:16:57,15.55,1,1229,15.60_15.65_15.70_15.75_15.80_,83_43_29_4_83_,15.55_15.50_15.45_15.40_15.35_,87_192_221_86_92_
10:17:03,15.55,1,1230,15.60_15.65_15.70_15.75_15.80_,82_43_29_4_83_,15.55_15.50_15.45_15.40_15.35_,86_192_221_86_92_
10:17:08,15.55,2,1232,15.60_15.65_15.70_15.75_15.80_,82_43_29_4_83_,15.55_15.50_15.45_15.40_15.35_,84_192_221_86_92_
10:17:13,15.55,2,1232,15.60_15.65_15.70_15.75_15.80_,83_43_29_4_83_,15.55_15.50_15.45_15.40_15.35_,94_192_221_86_92_
10:17:18,15.55,1,1233,15.60_15.65_15.70_15.75_15.80_,85_43_29_4_83_,15.55_15.50_15.45_15.40_15.35_,93_192_221_86_92_
10:17:59,15.55,1,1238,15.60_15.65_15.70_15.75_15.80_,85_43_29_4_83_,15.55_15.50_15.45_15.40_15.35_,89_192_248_86_92_
10:18:25,15.55,2,1242,15.60_15.65_15.70_15.75_15.80_,84_43_29_4_83_,15.55_15.50_15.45_15.40_15.35_,85_192_248_86_92_
10:18:30,15.55,2,1244,15.60_15.65_15.70_15.75_15.80_,84_43_29_4_83_,15.55_15.50_15.45_15.40_15.35_,83_192_248_86_92_
10:18:35,15.55,2,1244,15.60_15.65_15.70_15.75_15.80_,85_43_29_4_83_,15.55_15.50_15.45_15.40_15.35_,83_192_248_86_92_
10:18:40,15.55,2,1244,15.60_15.65_15.70_15.75_15.80_,86_42_29_4_83_,15.55_15.50_15.45_15.40_15.35_,83_192_248_86_92_
10:18:45,15.55,2,1244,15.60_15.65_15.70_15.75_15.80_,87_42_29_4_83_,15.55_15.50_15.45_15.40_15.35_,83_192_248_86_92_
10:19:36,15.55,1,1251,15.60_15.65_15.70_15.75_15.80_,88_42_29_4_83_,15.55_15.50_15.45_15.40_15.35_,83_192_248_86_92_
10:20:53,15.55,1,1266,15.60_15.65_15.70_15.75_15.80_,109_59_29_4_83_,15.55_15.50_15.45_15.40_15.35_,119_193_248_86_92_
10:21:04,15.55,1,1266,15.60_15.65_15.70_15.75_15.80_,109_59_29_4_83_,15.55_15.50_15.45_15.40_15.35_,119_194_248_86_92_
10:21:09,15.55,1,1266,15.60_15.65_15.70_15.75_15.80_,110_59_29_4_83_,15.55_15.50_15.45_15.40_15.35_,119_194_248_86_92_
10:21:14,15.60,20,1286,15.60_15.65_15.70_15.75_15.80_,92_59_29_4_83_,15.55_15.50_15.45_15.40_15.35_,129_194_248_86_92_
10:21:24,15.55,1,1297,15.60_15.65_15.70_15.75_15.80_,93_57_29_4_83_,15.55_15.50_15.45_15.40_15.35_,118_194_248_86_92_
10:21:29,15.55,1,1298,15.60_15.65_15.70_15.75_15.80_,91_57_29_4_83_,15.55_15.50_15.45_15.40_15.35_,117_194_248_86_92_
10:21:39,15.55,1,1298,15.60_15.65_15.70_15.75_15.80_,91_57_29_4_83_,15.55_15.50_15.45_15.40_15.35_,118_194_248_86_92_
10:21:45,15.55,1,1298,15.60_15.65_15.70_15.75_15.80_,92_58_29_4_83_,15.55_15.50_15.45_15.40_15.35_,118_194_248_86_92_
10:22:10,15.60,1,1420,15.65_15.70_15.75_15.80_15.85_,31_48_4_83_79_,15.60_15.55_15.50_15.45_15.40_,29_107_180_248_86_
10:22:15,15.60,1,1420,15.65_15.70_15.75_15.80_15.85_,22_48_19_83_79_,15.60_15.55_15.50_15.45_15.40_,29_107_241_187_86_
10:23:37,15.65,1,1466,15.65_15.70_15.75_15.80_15.85_,4_35_33_83_78_,15.60_15.55_15.50_15.45_15.40_,59_94_231_187_92_
10:23:53,15.65,4,1470,15.70_15.75_15.80_15.85_15.90_,35_33_83_78_76_,15.65_15.60_15.55_15.50_15.45_,5_59_118_208_187_
10:25:25,15.65,1,1471,15.70_15.75_15.80_15.85_15.90_,29_27_98_78_76_,15.65_15.60_15.55_15.50_15.45_,13_54_150_175_191_
10:26:26,15.65,3,1474,15.70_15.75_15.80_15.85_15.90_,29_29_99_79_76_,15.65_15.60_15.55_15.50_15.45_,6_53_150_177_191_
10:26:37,15.65,2,1476,15.70_15.75_15.80_15.85_15.90_,29_29_99_79_76_,15.65_15.60_15.55_15.50_15.45_,4_53_150_177_191_
10:27:02,15.65,2,1476,15.70_15.75_15.80_15.85_15.90_,28_29_99_79_76_,15.65_15.60_15.55_15.50_15.45_,4_53_150_178_191_
10:27:13,15.65,1,1477,15.70_15.75_15.80_15.85_15.90_,28_29_99_79_76_,15.65_15.60_15.55_15.50_15.45_,3_53_150_178_191_
10:27:28,15.65,1,1477,15.70_15.75_15.80_15.85_15.90_,28_29_99_79_76_,15.65_15.60_15.55_15.50_15.45_,3_54_150_178_191_
10:27:33,15.65,1,1477,15.70_15.75_15.80_15.85_15.90_,29_29_99_79_76_,15.65_15.60_15.55_15.50_15.45_,3_54_150_178_191_
10:27:38,15.65,1,1477,15.70_15.75_15.80_15.85_15.90_,43_15_99_79_76_,15.65_15.60_15.55_15.50_15.45_,3_54_150_178_191_
10:27:43,15.65,1,1477,15.70_15.75_15.80_15.85_15.90_,50_15_99_79_76_,15.65_15.60_15.55_15.50_15.45_,3_54_150_178_191_
10:27:54,15.65,2,1479,15.70_15.75_15.80_15.85_15.90_,50_15_99_79_76_,15.65_15.60_15.55_15.50_15.45_,1_54_150_178_191_
10:29:31,15.65,1,1492,15.70_15.75_15.80_15.85_15.90_,52_14_96_78_76_,15.65_15.60_15.55_15.50_15.45_,5_52_151_178_191_
10:29:41,15.65,1,1493,15.70_15.75_15.80_15.85_15.90_,51_14_96_78_76_,15.65_15.60_15.55_15.50_15.45_,4_52_151_178_191_
10:29:47,15.65,1,1493,15.70_15.75_15.80_15.85_15.90_,51_14_96_78_76_,15.65_15.60_15.55_15.50_15.45_,5_52_151_178_191_
10:29:57,15.65,1,1493,15.70_15.75_15.80_15.85_15.90_,51_14_96_78_76_,15.65_15.60_15.55_15.50_15.45_,10_52_153_178_191_
10:30:43,15.65,1,1493,15.70_15.75_15.80_15.85_15.90_,51_14_96_78_76_,15.65_15.60_15.55_15.50_15.45_,7_52_153_178_191_
10:31:29,15.60,4,1505,15.65_15.70_15.75_15.80_15.85_,23_33_23_81_79_,15.60_15.55_15.50_15.45_15.40_,42_110_234_191_89_
10:31:34,15.60,4,1505,15.65_15.70_15.75_15.80_15.85_,23_33_26_80_79_,15.60_15.55_15.50_15.45_15.40_,42_110_234_191_89_
10:31:39,15.60,4,1505,15.65_15.70_15.75_15.80_15.85_,24_33_25_80_79_,15.60_15.55_15.50_15.45_15.40_,42_110_234_191_89_
10:32:20,15.60,4,1505,15.65_15.70_15.75_15.80_15.85_,36_33_24_80_79_,15.60_15.55_15.50_15.45_15.40_,48_111_234_191_89_
10:33:17,15.60,1,1511,15.65_15.70_15.75_15.80_15.85_,40_54_27_80_79_,15.60_15.55_15.50_15.45_15.40_,46_111_234_191_89_
10:34:03,15.60,1,1511,15.65_15.70_15.75_15.80_15.85_,40_54_27_80_79_,15.60_15.55_15.50_15.45_15.40_,46_112_234_191_89_
10:34:18,15.60,1,1511,15.65_15.70_15.75_15.80_15.85_,40_54_27_80_79_,15.60_15.55_15.50_15.45_15.40_,47_112_234_191_89_
10:34:38,15.60,1,1511,15.65_15.70_15.75_15.80_15.85_,41_54_27_80_79_,15.60_15.55_15.50_15.45_15.40_,47_112_234_191_89_
10:35:14,15.60,2,1519,15.65_15.70_15.75_15.80_15.85_,41_54_27_80_79_,15.60_15.55_15.50_15.45_15.40_,40_112_234_191_89_
10:35:19,15.60,2,1519,15.65_15.70_15.75_15.80_15.85_,41_54_27_80_79_,15.60_15.55_15.50_15.45_15.40_,41_112_234_191_89_
10:35:25,15.60,1,1520,15.65_15.70_15.75_15.80_15.85_,40_54_27_80_79_,15.60_15.55_15.50_15.45_15.40_,40_112_234_191_89_
10:36:16,15.60,1,1527,15.65_15.70_15.75_15.80_15.85_,59_41_27_80_79_,15.60_15.55_15.50_15.45_15.40_,68_102_233_191_89_
10:36:21,15.60,1,1528,15.65_15.70_15.75_15.80_15.85_,59_38_27_80_79_,15.60_15.55_15.50_15.45_15.40_,67_102_233_191_89_
10:36:47,15.60,1,1528,15.65_15.70_15.75_15.80_15.85_,59_38_28_80_79_,15.60_15.55_15.50_15.45_15.40_,67_102_233_191_89_
10:36:52,15.60,1,1528,15.65_15.70_15.75_15.80_15.85_,60_38_28_80_79_,15.60_15.55_15.50_15.45_15.40_,67_102_233_191_89_
10:36:57,15.60,1,1528,15.65_15.70_15.75_15.80_15.85_,61_38_28_80_79_,15.60_15.55_15.50_15.45_15.40_,67_102_233_191_89_
10:38:40,15.60,1,1537,15.65_15.70_15.75_15.80_15.85_,77_23_28_80_79_,15.60_15.55_15.50_15.45_15.40_,70_102_233_191_89_
10:39:26,15.60,2,1543,15.65_15.70_15.75_15.80_15.85_,74_22_28_80_79_,15.60_15.55_15.50_15.45_15.40_,67_102_233_191_89_
10:39:31,15.60,6,1549,15.65_15.70_15.75_15.80_15.85_,72_21_28_80_79_,15.60_15.55_15.50_15.45_15.40_,60_102_233_191_89_
10:39:36,15.60,2,1551,15.65_15.70_15.75_15.80_15.85_,72_21_28_80_79_,15.60_15.55_15.50_15.45_15.40_,58_102_233_191_89_
10:39:46,15.60,1,1552,15.65_15.70_15.75_15.80_15.85_,72_21_28_80_79_,15.60_15.55_15.50_15.45_15.40_,57_102_233_191_89_
10:40:02,15.60,1,1556,15.65_15.70_15.75_15.80_15.85_,72_21_28_80_79_,15.60_15.55_15.50_15.45_15.40_,53_102_233_191_89_
10:40:07,15.60,1,1557,15.65_15.70_15.75_15.80_15.85_,72_21_28_80_79_,15.60_15.55_15.50_15.45_15.40_,57_102_233_191_89_
10:40:43,15.60,1,1558,15.65_15.70_15.75_15.80_15.85_,72_21_28_80_79_,15.60_15.55_15.50_15.45_15.40_,59_102_233_191_89_
10:40:48,15.60,2,1560,15.65_15.70_15.75_15.80_15.85_,72_21_28_80_79_,15.60_15.55_15.50_15.45_15.40_,57_102_233_191_89_
10:40:53,15.60,2,1560,15.65_15.70_15.75_15.80_15.85_,73_21_28_80_79_,15.60_15.55_15.50_15.45_15.40_,57_102_233_191_89_
10:41:19,15.60,1,1563,15.65_15.70_15.75_15.80_15.85_,75_21_28_80_79_,15.60_15.55_15.50_15.45_15.40_,54_102_233_191_89_
10:42:36,15.55,3,1644,15.65_15.70_15.75_15.80_15.85_,66_53_13_80_79_,15.55_15.50_15.45_15.40_15.35_,62_218_222_89_89_
10:42:46,15.55,1,1645,15.65_15.70_15.75_15.80_15.85_,69_53_13_80_79_,15.55_15.50_15.45_15.40_15.35_,61_218_222_89_89_
10:43:47,15.55,2,1697,15.60_15.65_15.70_15.75_15.80_,40_17_27_13_80_,15.55_15.50_15.45_15.40_15.35_,16_190_253_89_89_
10:45:45,15.55,1,1723,15.60_15.65_15.70_15.75_15.80_,40_16_27_13_80_,15.55_15.50_15.45_15.40_15.35_,12_190_226_89_90_
10:46:01,15.55,1,1724,15.60_15.65_15.70_15.75_15.80_,40_16_27_13_80_,15.55_15.50_15.45_15.40_15.35_,11_190_223_89_93_
10:46:21,15.55,1,1724,15.60_15.65_15.70_15.75_15.80_,40_11_27_13_80_,15.55_15.50_15.45_15.40_15.35_,11_190_223_89_93_
10:46:52,15.55,2,1726,15.60_15.65_15.70_15.75_15.80_,46_11_27_13_80_,15.55_15.50_15.45_15.40_15.35_,10_191_223_86_93_
10:47:22,15.55,2,1726,15.60_15.65_15.70_15.75_15.80_,46_11_27_13_80_,15.55_15.50_15.45_15.40_15.35_,13_191_223_86_93_
10:47:43,15.60,2,1728,15.60_15.65_15.70_15.75_15.80_,44_11_27_13_80_,15.55_15.50_15.45_15.40_15.35_,13_191_223_86_93_
10:47:48,15.55,1,1729,15.60_15.65_15.70_15.75_15.80_,43_11_27_13_80_,15.55_15.50_15.45_15.40_15.35_,12_191_223_86_93_
10:48:09,15.55,1,1729,15.60_15.65_15.70_15.75_15.80_,43_11_30_13_80_,15.55_15.50_15.45_15.40_15.35_,12_191_223_86_93_
10:50:07,15.55,2,1739,15.60_15.65_15.70_15.75_15.80_,27_25_30_13_80_,15.55_15.50_15.45_15.40_15.35_,35_191_223_86_93_
10:50:17,15.55,1,1740,15.60_15.65_15.70_15.75_15.80_,27_25_30_13_80_,15.55_15.50_15.45_15.40_15.35_,34_191_223_86_93_
10:50:32,15.55,1,1740,15.60_15.65_15.70_15.75_15.80_,27_25_30_13_80_,15.55_15.50_15.45_15.40_15.35_,37_191_223_86_93_
10:53:37,15.55,1,1748,15.60_15.65_15.70_15.75_15.80_,20_25_30_22_80_,15.55_15.50_15.45_15.40_15.35_,39_192_221_86_93_
10:57:38,15.60,1,1758,15.60_15.65_15.70_15.75_15.80_,14_25_30_22_82_,15.55_15.50_15.45_15.40_15.35_,42_199_221_86_93_
10:57:43,15.60,1,1758,15.60_15.65_15.70_15.75_15.80_,14_25_30_22_82_,15.55_15.50_15.45_15.40_15.35_,44_199_221_86_93_
10:59:56,15.60,1,1758,15.60_15.65_15.70_15.75_15.80_,24_25_30_22_82_,15.55_15.50_15.45_15.40_15.35_,44_199_221_86_93_
11:00:02,15.60,1,1758,15.60_15.65_15.70_15.75_15.80_,24_25_30_22_82_,15.55_15.50_15.45_15.40_15.35_,42_199_221_86_93_
11:00:07,15.60,1,1758,15.60_15.65_15.70_15.75_15.80_,38_11_30_22_82_,15.55_15.50_15.45_15.40_15.35_,42_199_221_86_93_
11:00:17,15.55,5,1763,15.60_15.65_15.70_15.75_15.80_,38_11_30_22_82_,15.55_15.50_15.45_15.40_15.35_,37_199_221_86_93_
11:01:44,15.55,1,1769,15.60_15.65_15.70_15.75_15.80_,35_11_30_22_82_,15.55_15.50_15.45_15.40_15.35_,36_207_221_86_93_
11:03:27,15.60,15,1784,15.60_15.65_15.70_15.75_15.80_,21_11_30_22_82_,15.55_15.50_15.45_15.40_15.35_,50_206_222_86_93_
11:03:52,15.60,15,1784,15.60_15.65_15.70_15.75_15.80_,21_11_30_22_82_,15.55_15.50_15.45_15.40_15.35_,50_207_222_86_93_
11:04:49,15.60,10,1794,15.60_15.65_15.70_15.75_15.80_,12_14_30_22_82_,15.55_15.50_15.45_15.40_15.35_,55_207_222_86_93_
11:06:47,15.55,1,1797,15.60_15.65_15.70_15.75_15.80_,15_14_30_22_97_,15.55_15.50_15.45_15.40_15.35_,49_207_222_91_93_
11:07:02,15.55,1,1797,15.60_15.65_15.70_15.75_15.80_,16_14_30_22_97_,15.55_15.50_15.45_15.40_15.35_,49_207_222_91_93_
11:07:07,15.55,1,1797,15.60_15.65_15.70_15.75_15.80_,16_14_30_22_97_,15.55_15.50_15.45_15.40_15.35_,54_207_222_91_93_
11:07:12,15.60,1,1798,15.60_15.65_15.70_15.75_15.80_,15_14_30_22_97_,15.55_15.50_15.45_15.40_15.35_,54_207_222_91_93_
11:07:17,15.60,1,1798,15.60_15.65_15.70_15.75_15.80_,15_14_30_22_97_,15.55_15.50_15.45_15.40_15.35_,59_207_222_91_93_
11:07:23,15.60,1,1798,15.60_15.65_15.70_15.75_15.80_,15_14_30_22_98_,15.55_15.50_15.45_15.40_15.35_,59_207_222_91_93_
11:08:09,15.60,10,1808,15.60_15.65_15.70_15.75_15.80_,24_15_30_23_98_,15.55_15.50_15.45_15.40_15.35_,61_207_222_91_93_
11:08:55,15.60,20,1828,15.60_15.65_15.70_15.75_15.80_,6_15_30_25_98_,15.55_15.50_15.45_15.40_15.35_,58_207_222_91_93_
11:09:00,15.60,20,1828,15.60_15.65_15.70_15.75_15.80_,20_16_30_25_98_,15.55_15.50_15.45_15.40_15.35_,61_207_222_91_93_
11:09:21,15.60,5,1833,15.60_15.65_15.70_15.75_15.80_,16_17_30_25_88_,15.55_15.50_15.45_15.40_15.35_,66_207_222_91_93_
11:10:02,15.60,5,1838,15.60_15.65_15.70_15.75_15.80_,12_17_30_25_88_,15.55_15.50_15.45_15.40_15.35_,66_207_222_91_93_
11:10:17,15.60,5,1838,15.60_15.65_15.70_15.75_15.80_,12_17_30_25_88_,15.55_15.50_15.45_15.40_15.35_,67_207_222_91_93_
11:10:28,15.60,5,1843,15.60_15.65_15.70_15.75_15.80_,7_17_30_25_88_,15.55_15.50_15.45_15.40_15.35_,67_207_222_91_93_
11:11:19,15.60,4,1848,15.65_15.70_15.75_15.80_15.85_,31_16_38_88_80_,15.60_15.55_15.50_15.45_15.40_,2_77_258_160_94_
11:11:39,15.60,4,1848,15.65_15.70_15.75_15.80_15.85_,31_16_38_88_80_,15.60_15.55_15.50_15.45_15.40_,4_77_258_160_94_
11:11:44,15.60,4,1848,15.65_15.70_15.75_15.80_15.85_,31_16_38_88_80_,15.60_15.55_15.50_15.45_15.40_,3_77_258_160_94_
11:11:50,15.60,4,1848,15.65_15.70_15.75_15.80_15.85_,31_16_38_88_80_,15.60_15.55_15.50_15.45_15.40_,5_77_258_160_94_
11:12:00,15.60,4,1848,15.65_15.70_15.75_15.80_15.85_,31_16_38_88_80_,15.60_15.55_15.50_15.45_15.40_,5_77_258_170_94_
11:12:20,15.60,4,1848,15.65_15.70_15.75_15.80_15.85_,31_16_38_88_80_,15.60_15.55_15.50_15.45_15.40_,7_77_258_170_94_
11:13:17,15.60,4,1848,15.65_15.70_15.75_15.80_15.85_,32_16_38_88_80_,15.60_15.55_15.50_15.45_15.40_,8_77_258_170_94_
11:13:32,15.65,2,1850,15.65_15.70_15.75_15.80_15.85_,30_16_38_88_80_,15.60_15.55_15.50_15.45_15.40_,8_77_258_170_94_
11:13:37,15.65,2,1850,15.65_15.70_15.75_15.80_15.85_,30_17_38_88_80_,15.60_15.55_15.50_15.45_15.40_,12_72_258_170_97_
11:14:03,15.65,2,1850,15.65_15.70_15.75_15.80_15.85_,31_17_38_88_80_,15.60_15.55_15.50_15.45_15.40_,12_67_258_170_97_
11:14:44,15.65,2,1850,15.65_15.70_15.75_15.80_15.85_,31_17_38_88_80_,15.60_15.55_15.50_15.45_15.40_,9_67_258_170_147_
11:14:49,15.65,2,1850,15.65_15.70_15.75_15.80_15.85_,31_17_38_88_80_,15.60_15.55_15.50_15.45_15.40_,29_67_258_170_147_
11:14:54,15.65,2,1850,15.65_15.70_15.75_15.80_15.85_,31_17_38_88_80_,15.60_15.55_15.50_15.45_15.40_,33_67_258_170_147_
11:15:14,15.65,2,1850,15.65_15.70_15.75_15.80_15.85_,31_17_38_88_80_,15.60_15.55_15.50_15.45_15.40_,33_67_258_220_147_
11:15:55,15.65,2,1852,15.65_15.70_15.75_15.80_15.85_,31_17_38_88_80_,15.60_15.55_15.50_15.45_15.40_,36_67_258_220_147_
11:17:28,15.65,2,1852,15.65_15.70_15.75_15.80_15.85_,31_17_38_88_80_,15.60_15.55_15.50_15.45_15.40_,36_72_259_220_147_
11:17:58,15.65,2,1852,15.65_15.70_15.75_15.80_15.85_,34_17_41_88_80_,15.60_15.55_15.50_15.45_15.40_,36_77_260_220_147_
11:18:24,15.65,2,1852,15.65_15.70_15.75_15.80_15.85_,34_17_41_88_80_,15.60_15.55_15.50_15.45_15.40_,36_97_259_220_147_
11:19:36,15.65,2,1852,15.65_15.70_15.75_15.80_15.85_,34_17_41_88_80_,15.60_15.55_15.50_15.45_15.40_,39_97_259_220_147_
11:19:41,15.65,2,1852,15.65_15.70_15.75_15.80_15.85_,34_17_41_88_80_,15.60_15.55_15.50_15.45_15.40_,49_97_259_220_147_
11:20:12,15.65,2,1852,15.65_15.70_15.75_15.80_15.85_,34_17_41_88_80_,15.60_15.55_15.50_15.45_15.40_,63_97_259_220_147_
11:20:17,15.60,1,1853,15.65_15.70_15.75_15.80_15.85_,20_31_41_88_80_,15.60_15.55_15.50_15.45_15.40_,58_97_259_220_147_
11:20:22,15.60,1,1853,15.65_15.70_15.75_15.80_15.85_,20_31_41_88_80_,15.60_15.55_15.50_15.45_15.40_,63_97_259_220_147_
11:20:27,15.60,1,1853,15.65_15.70_15.75_15.80_15.85_,20_31_41_88_80_,15.60_15.55_15.50_15.45_15.40_,58_97_259_220_147_
11:20:37,15.65,5,1858,15.65_15.70_15.75_15.80_15.85_,15_31_41_88_80_,15.60_15.55_15.50_15.45_15.40_,58_97_253_220_147_
11:21:03,15.60,1,1859,15.65_15.70_15.75_15.80_15.85_,15_31_41_88_80_,15.60_15.55_15.50_15.45_15.40_,58_107_253_220_147_
11:21:13,15.60,1,1859,15.65_15.70_15.75_15.80_15.85_,15_31_41_88_80_,15.60_15.55_15.50_15.45_15.40_,56_107_253_220_147_
11:21:18,15.65,1,1860,15.65_15.70_15.75_15.80_15.85_,14_31_41_88_80_,15.60_15.55_15.50_15.45_15.40_,56_107_253_220_147_
11:21:24,15.65,1,1860,15.65_15.70_15.75_15.80_15.85_,14_31_41_88_80_,15.60_15.55_15.50_15.45_15.40_,56_110_253_220_147_
11:21:29,15.65,9,1869,15.65_15.70_15.75_15.80_15.85_,3_31_41_88_80_,15.60_15.55_15.50_15.45_15.40_,56_110_253_220_147_
11:21:34,15.65,9,1869,15.65_15.70_15.75_15.80_15.85_,3_31_41_88_80_,15.60_15.55_15.50_15.45_15.40_,70_96_253_220_147_
11:22:05,15.65,1,1870,15.65_15.70_15.75_15.80_15.85_,2_31_41_88_80_,15.60_15.55_15.50_15.45_15.40_,69_96_253_220_147_
11:22:30,15.65,1,1872,15.70_15.75_15.80_15.85_15.90_,31_28_102_80_78_,15.65_15.60_15.55_15.50_15.45_,9_70_165_192_220_
11:23:22,15.65,1,1872,15.70_15.75_15.80_15.85_15.90_,31_29_102_80_78_,15.65_15.60_15.55_15.50_15.45_,12_60_215_199_220_
11:23:37,15.65,1,1872,15.70_15.75_15.80_15.85_15.90_,31_30_102_80_78_,15.65_15.60_15.55_15.50_15.45_,12_60_215_199_220_
11:23:52,15.65,1,1872,15.70_15.75_15.80_15.85_15.90_,32_30_102_80_78_,15.65_15.60_15.55_15.50_15.45_,12_60_215_259_220_
11:24:43,15.65,1,1872,15.70_15.75_15.80_15.85_15.90_,31_31_102_80_78_,15.65_15.60_15.55_15.50_15.45_,12_60_215_259_220_
11:24:54,15.65,1,1872,15.70_15.75_15.80_15.85_15.90_,31_31_102_80_78_,15.65_15.60_15.55_15.50_15.45_,12_60_215_258_220_
11:25:09,15.65,1,1872,15.70_15.75_15.80_15.85_15.90_,32_30_102_80_78_,15.65_15.60_15.55_15.50_15.45_,12_60_216_258_220_
11:25:30,15.65,1,1872,15.70_15.75_15.80_15.85_15.90_,33_30_102_80_78_,15.65_15.60_15.55_15.50_15.45_,12_60_216_258_220_
11:26:21,15.65,1,1872,15.70_15.75_15.80_15.85_15.90_,33_30_102_80_78_,15.65_15.60_15.55_15.50_15.45_,13_60_216_258_223_
11:26:57,15.65,2,1874,15.70_15.75_15.80_15.85_15.90_,33_30_100_80_78_,15.65_15.60_15.55_15.50_15.45_,11_60_216_258_223_
11:27:17,15.65,2,1874,15.70_15.75_15.80_15.85_15.90_,33_30_100_80_78_,15.65_15.60_15.55_15.50_15.45_,11_61_216_258_223_
11:27:33,15.70,3,1877,15.70_15.75_15.80_15.85_15.90_,30_30_100_80_78_,15.65_15.60_15.55_15.50_15.45_,11_61_216_258_223_
11:28:19,15.70,20,1897,15.70_15.75_15.80_15.85_15.90_,20_30_101_80_78_,15.65_15.60_15.55_15.50_15.45_,16_41_216_259_223_
11:28:29,15.70,1,1898,15.70_15.75_15.80_15.85_15.90_,20_30_101_80_78_,15.65_15.60_15.55_15.50_15.45_,16_41_216_259_223_
11:30:53,15.65,1,1901,15.70_15.75_15.80_15.85_15.90_,21_31_101_80_78_,15.65_15.60_15.55_15.50_15.45_,10_41_216_259_223_
11:32:04,15.70,1,1902,15.70_15.75_15.80_15.85_15.90_,20_41_101_77_78_,15.65_15.60_15.55_15.50_15.45_,10_41_218_259_223_
11:33:01,15.70,1,1903,15.70_15.75_15.80_15.85_15.90_,19_44_101_77_78_,15.65_15.60_15.55_15.50_15.45_,10_41_217_258_223_
11:33:32,15.70,1,1903,15.70_15.75_15.80_15.85_15.90_,20_44_101_77_78_,15.65_15.60_15.55_15.50_15.45_,10_41_217_258_223_
11:33:47,15.70,1,1904,15.70_15.75_15.80_15.85_15.90_,19_44_101_77_78_,15.65_15.60_15.55_15.50_15.45_,10_40_217_258_223_
11:34:38,15.65,1,1905,15.70_15.75_15.80_15.85_15.90_,19_44_101_77_78_,15.65_15.60_15.55_15.50_15.45_,9_40_218_258_223_
11:34:43,15.65,2,1907,15.70_15.75_15.80_15.85_15.90_,19_44_101_77_78_,15.65_15.60_15.55_15.50_15.45_,7_40_218_258_223_
11:35:50,15.65,1,1909,15.70_15.75_15.80_15.85_15.90_,19_46_101_77_78_,15.65_15.60_15.55_15.50_15.45_,6_40_204_258_223_
11:36:31,15.70,1,1910,15.70_15.75_15.80_15.85_15.90_,18_46_101_77_78_,15.65_15.60_15.55_15.50_15.45_,6_40_204_258_223_
11:36:36,15.70,1,1910,15.70_15.75_15.80_15.85_15.90_,30_46_101_77_78_,15.65_15.60_15.55_15.50_15.45_,6_40_204_258_223_
11:37:37,15.65,2,1912,15.70_15.75_15.80_15.85_15.90_,31_56_101_78_78_,15.65_15.60_15.55_15.50_15.45_,5_40_204_259_223_
11:38:19,15.65,5,1917,15.65_15.70_15.75_15.80_15.85_,13_31_70_87_78_,15.60_15.55_15.50_15.45_15.40_,26_159_317_223_94_
11:38:24,15.65,1,1918,15.65_15.70_15.75_15.80_15.85_,12_31_70_87_78_,15.60_15.55_15.50_15.45_15.40_,26_159_317_223_94_
11:38:34,15.65,1,1918,15.65_15.70_15.75_15.80_15.85_,16_27_70_87_78_,15.60_15.55_15.50_15.45_15.40_,26_159_317_223_94_
11:39:56,15.60,1,1919,15.65_15.70_15.75_15.80_15.85_,32_12_69_87_78_,15.60_15.55_15.50_15.45_15.40_,50_89_316_223_94_
11:40:32,15.60,1,1919,15.65_15.70_15.75_15.80_15.85_,31_22_59_88_78_,15.60_15.55_15.50_15.45_15.40_,47_89_316_223_94_
11:40:47,15.60,1,1920,15.65_15.70_15.75_15.80_15.85_,30_22_59_88_78_,15.60_15.55_15.50_15.45_15.40_,46_89_316_223_94_
11:41:59,15.60,1,1922,15.65_15.70_15.75_15.80_15.85_,31_31_50_88_78_,15.60_15.55_15.50_15.45_15.40_,69_115_316_223_144_
11:42:15,15.60,1,1922,15.65_15.70_15.75_15.80_15.85_,31_31_50_88_78_,15.60_15.55_15.50_15.45_15.40_,66_115_316_223_144_
11:42:20,15.60,1,1923,15.65_15.70_15.75_15.80_15.85_,31_31_50_88_78_,15.60_15.55_15.50_15.45_15.40_,65_115_316_223_144_
11:43:16,15.60,1,1923,15.65_15.70_15.75_15.80_15.85_,31_31_51_88_78_,15.60_15.55_15.50_15.45_15.40_,63_115_316_223_144_
11:43:21,15.65,10,1933,15.65_15.70_15.75_15.80_15.85_,21_31_51_88_78_,15.60_15.55_15.50_15.45_15.40_,63_115_316_223_144_
11:43:32,15.65,10,1933,15.65_15.70_15.75_15.80_15.85_,20_31_51_88_78_,15.60_15.55_15.50_15.45_15.40_,62_115_316_223_144_
11:43:37,15.65,10,1933,15.65_15.70_15.75_15.80_15.85_,20_31_51_88_78_,15.60_15.55_15.50_15.45_15.40_,62_125_316_223_144_
11:44:07,15.65,1,1934,15.65_15.70_15.75_15.80_15.85_,19_31_51_88_78_,15.60_15.55_15.50_15.45_15.40_,62_125_316_223_144_
11:46:05,15.60,1,1936,15.65_15.70_15.75_15.80_15.85_,20_30_51_88_78_,15.60_15.55_15.50_15.45_15.40_,59_125_316_223_144_
11:46:41,15.60,2,1938,15.65_15.70_15.75_15.80_15.85_,21_30_51_88_78_,15.60_15.55_15.50_15.45_15.40_,54_123_314_218_144_
11:47:38,15.60,2,1938,15.65_15.70_15.75_15.80_15.85_,5_30_51_88_78_,15.60_15.55_15.50_15.45_15.40_,52_117_314_215_144_
11:48:13,15.60,1,1939,15.65_15.70_15.75_15.80_15.85_,5_30_51_88_78_,15.60_15.55_15.50_15.45_15.40_,51_117_314_215_144_
11:48:19,15.60,5,1944,15.65_15.70_15.75_15.80_15.85_,5_30_51_88_78_,15.60_15.55_15.50_15.45_15.40_,47_117_309_215_147_
11:48:24,15.60,47,1991,15.60_15.65_15.70_15.75_15.80_,3_5_30_51_88_,15.55_15.50_15.45_15.40_15.35_,117_309_215_147_89_
11:48:29,15.60,47,1991,15.60_15.65_15.70_15.75_15.80_,4_5_44_37_88_,15.55_15.50_15.45_15.40_15.35_,117_247_276_147_89_
11:48:44,15.60,5,1996,15.65_15.70_15.75_15.80_15.85_,1_44_37_88_78_,15.55_15.50_15.45_15.40_15.35_,117_279_244_147_89_
11:48:49,15.60,5,1996,15.65_15.70_15.75_15.80_15.85_,2_44_37_88_78_,15.55_15.50_15.45_15.40_15.35_,117_279_244_147_89_
11:48:55,15.60,5,1996,15.65_15.70_15.75_15.80_15.85_,2_44_37_88_78_,15.60_15.55_15.50_15.45_15.40_,1_117_279_244_147_
11:49:00,15.60,5,1996,15.65_15.70_15.75_15.80_15.85_,2_30_51_88_78_,15.60_15.55_15.50_15.45_15.40_,1_117_308_215_147_
11:49:41,15.60,1,1998,15.65_15.70_15.75_15.80_15.85_,8_30_51_88_78_,15.60_15.55_15.50_15.45_15.40_,1_117_308_215_147_
11:49:46,15.60,1,1999,15.65_15.70_15.75_15.80_15.85_,8_30_51_88_78_,15.55_15.50_15.45_15.40_15.35_,117_308_215_147_89_
11:49:51,15.60,1,1999,15.65_15.70_15.75_15.80_15.85_,8_44_37_88_78_,15.55_15.50_15.45_15.40_15.35_,117_277_244_147_89_
11:49:56,15.60,1,1999,15.60_15.65_15.70_15.75_15.80_,1_8_44_37_88_,15.55_15.50_15.45_15.40_15.35_,117_277_244_147_89_
11:50:17,15.60,1,2000,15.60_15.65_15.70_15.75_15.80_,8_1_45_37_88_,15.55_15.50_15.45_15.40_15.35_,116_248_274_147_89_
11:51:08,15.60,1,2000,15.60_15.65_15.70_15.75_15.80_,8_1_45_37_88_,15.55_15.50_15.45_15.40_15.35_,116_249_274_147_89_
11:51:23,15.55,3,2003,15.60_15.65_15.70_15.75_15.80_,8_1_45_37_88_,15.55_15.50_15.45_15.40_15.35_,113_249_274_147_89_
11:52:45,15.60,1,2009,15.60_15.65_15.70_15.75_15.80_,3_11_35_37_88_,15.55_15.50_15.45_15.40_15.35_,103_244_280_147_89_
11:53:57,15.60,1,2014,15.65_15.70_15.75_15.80_15.85_,11_20_52_88_78_,15.60_15.55_15.50_15.45_15.40_,5_103_301_221_147_
11:54:18,15.60,1,2015,15.65_15.70_15.75_15.80_15.85_,11_21_52_88_78_,15.60_15.55_15.50_15.45_15.40_,4_108_300_221_147_
11:54:28,15.60,1,2016,15.65_15.70_15.75_15.80_15.85_,11_21_52_88_78_,15.60_15.55_15.50_15.45_15.40_,3_108_300_221_147_
11:54:33,15.60,1,2016,15.65_15.70_15.75_15.80_15.85_,12_21_52_88_78_,15.60_15.55_15.50_15.45_15.40_,3_108_300_221_147_
11:56:21,15.60,1,2016,15.65_15.70_15.75_15.80_15.85_,12_21_52_88_78_,15.60_15.55_15.50_15.45_15.40_,67_108_300_216_147_
11:56:46,15.60,1,2016,15.65_15.70_15.75_15.80_15.85_,12_21_52_88_78_,15.60_15.55_15.50_15.45_15.40_,67_108_273_216_147_
11:56:51,15.60,1,2016,15.65_15.70_15.75_15.80_15.85_,12_21_52_88_78_,15.60_15.55_15.50_15.45_15.40_,66_108_273_216_147_
11:56:57,15.65,1,2017,15.65_15.70_15.75_15.80_15.85_,11_21_37_88_78_,15.60_15.55_15.50_15.45_15.40_,66_108_269_216_147_
11:57:12,15.65,1,2017,15.65_15.70_15.75_15.80_15.85_,11_21_37_88_78_,15.60_15.55_15.50_15.45_15.40_,66_108_245_216_147_
11:57:43,15.65,1,2017,15.65_15.70_15.75_15.80_15.85_,11_21_37_88_78_,15.60_15.55_15.50_15.45_15.40_,68_108_243_216_147_
11:58:54,15.65,1,2017,15.65_15.70_15.75_15.80_15.85_,13_21_37_88_78_,15.60_15.55_15.50_15.45_15.40_,69_108_243_216_147_
12:00:11,15.65,10,2027,15.65_15.70_15.75_15.80_15.85_,3_21_37_88_78_,15.60_15.55_15.50_15.45_15.40_,69_108_243_216_147_
12:01:33,15.70,24,2051,15.75_15.80_15.85_15.90_15.95_,37_88_78_78_62_,15.70_15.60_15.55_15.50_15.45_,26_69_108_243_216_
12:01:39,15.75,7,2058,15.75_15.80_15.85_15.90_15.95_,30_88_78_78_62_,15.70_15.60_15.55_15.50_15.45_,26_70_110_246_216_
12:01:49,15.70,1,2059,15.75_15.80_15.85_15.90_15.95_,30_88_78_78_62_,15.70_15.60_15.55_15.50_15.45_,25_70_110_246_216_
12:02:09,15.70,1,2059,15.75_15.80_15.85_15.90_15.95_,30_88_78_78_62_,15.70_15.65_15.60_15.55_15.50_,26_3_69_110_249_
12:02:40,15.70,10,2069,15.75_15.80_15.85_15.90_15.95_,32_88_78_78_62_,15.70_15.65_15.60_15.55_15.50_,16_3_71_110_249_
12:03:57,15.70,2,2087,15.75_15.80_15.85_15.90_15.95_,40_88_79_78_62_,15.60_15.55_15.50_15.45_15.40_,70_109_252_216_141_
12:04:12,15.70,2,2087,15.70_15.75_15.80_15.85_15.90_,2_41_88_79_78_,15.60_15.55_15.50_15.45_15.40_,70_108_252_216_141_
12:04:23,15.70,2,2087,15.70_15.75_15.80_15.85_15.90_,2_41_88_79_78_,15.60_15.55_15.50_15.45_15.40_,71_108_252_216_141_
12:04:28,15.70,2,2087,15.70_15.75_15.80_15.85_15.90_,2_42_88_78_78_,15.65_15.60_15.55_15.50_15.45_,2_71_108_252_216_
12:04:33,15.70,2,2087,15.70_15.75_15.80_15.85_15.90_,3_41_88_78_78_,15.65_15.60_15.55_15.50_15.45_,2_71_109_251_216_
12:06:26,15.60,2,2092,15.70_15.75_15.80_15.85_15.90_,3_41_89_78_78_,15.65_15.60_15.55_15.50_15.45_,3_68_109_254_216_
12:06:31,15.60,2,2092,15.70_15.75_15.80_15.85_15.90_,4_41_89_78_78_,15.65_15.60_15.55_15.50_15.45_,3_68_109_254_216_
12:07:37,15.60,2,2092,15.70_15.75_15.80_15.85_15.90_,4_40_89_79_78_,15.65_15.60_15.55_15.50_15.45_,3_65_109_254_215_
12:09:00,15.60,2,2092,15.70_15.75_15.80_15.85_15.90_,5_39_89_79_78_,15.65_15.60_15.55_15.50_15.45_,3_65_109_254_215_
12:09:20,15.60,2,2092,15.70_15.75_15.80_15.85_15.90_,5_39_89_79_78_,15.65_15.60_15.55_15.50_15.45_,4_65_109_254_215_
12:09:36,15.60,2,2092,15.70_15.75_15.80_15.85_15.90_,19_39_89_79_78_,15.65_15.60_15.55_15.50_15.45_,4_79_109_254_215_
12:09:41,15.60,2,2092,15.70_15.75_15.80_15.85_15.90_,20_39_89_79_78_,15.65_15.60_15.55_15.50_15.45_,4_79_109_254_215_
12:10:06,15.60,2,2092,15.70_15.75_15.80_15.85_15.90_,20_39_89_79_78_,15.65_15.60_15.55_15.50_15.45_,4_79_109_254_216_
12:10:32,15.60,2,2092,15.70_15.75_15.80_15.85_15.90_,21_39_89_79_78_,15.65_15.60_15.55_15.50_15.45_,4_79_109_254_216_
12:10:37,15.60,2,2092,15.70_15.75_15.80_15.85_15.90_,21_39_90_79_78_,15.65_15.60_15.55_15.50_15.45_,4_79_109_254_216_
12:10:47,15.60,2,2092,15.70_15.75_15.80_15.85_15.90_,21_39_90_79_78_,15.65_15.60_15.55_15.50_15.45_,4_80_109_254_216_
12:11:34,15.60,2,2092,15.70_15.75_15.80_15.85_15.90_,21_39_90_79_78_,15.65_15.60_15.55_15.50_15.45_,5_79_109_254_216_
12:12:15,15.60,2,2092,15.70_15.75_15.80_15.85_15.90_,21_39_90_79_78_,15.65_15.60_15.55_15.50_15.45_,5_84_109_254_216_
12:12:46,15.65,1,2093,15.70_15.75_15.80_15.85_15.90_,21_41_90_79_78_,15.65_15.60_15.55_15.50_15.45_,9_84_109_254_216_
12:13:01,15.65,1,2093,15.70_15.75_15.80_15.85_15.90_,21_41_90_79_78_,15.65_15.60_15.55_15.50_15.45_,9_89_109_254_216_
12:13:06,15.65,1,2093,15.70_15.75_15.80_15.85_15.90_,21_41_90_79_78_,15.65_15.60_15.55_15.50_15.45_,14_89_109_254_216_
12:13:11,15.65,1,2094,15.70_15.75_15.80_15.85_15.90_,20_41_90_79_78_,15.65_15.60_15.55_15.50_15.45_,13_89_109_254_216_
12:13:22,15.65,1,2094,15.70_15.75_15.80_15.85_15.90_,20_41_90_79_78_,15.65_15.60_15.55_15.50_15.45_,12_89_109_251_216_
12:13:27,15.65,1,2094,15.70_15.75_15.80_15.85_15.90_,20_41_90_79_78_,15.65_15.60_15.55_15.50_15.45_,12_89_109_251_166_
12:13:42,15.65,2,2096,15.70_15.75_15.80_15.85_15.90_,20_41_90_79_78_,15.65_15.60_15.55_15.50_15.45_,10_89_109_251_166_
12:14:03,15.65,2,2096,15.70_15.75_15.80_15.85_15.90_,20_41_90_79_78_,15.65_15.60_15.55_15.50_15.45_,10_89_109_251_216_
12:14:08,15.65,1,2097,15.70_15.75_15.80_15.85_15.90_,20_41_90_79_78_,15.65_15.60_15.55_15.50_15.45_,9_89_109_251_216_
12:16:36,15.65,1,2098,15.70_15.75_15.80_15.85_15.90_,24_41_90_79_77_,15.65_15.60_15.55_15.50_15.45_,8_91_109_251_217_
12:17:17,15.65,1,2098,15.70_15.75_15.80_15.85_15.90_,24_41_90_79_77_,15.65_15.60_15.55_15.50_15.45_,9_91_109_250_217_
12:18:55,15.65,2,2101,15.70_15.75_15.80_15.85_15.90_,24_41_90_79_77_,15.65_15.60_15.55_15.50_15.45_,5_91_109_251_217_
12:19:20,15.65,1,2102,15.70_15.75_15.80_15.85_15.90_,23_41_90_79_77_,15.65_15.60_15.55_15.50_15.45_,5_91_109_251_217_
12:19:51,15.65,1,2102,15.70_15.75_15.80_15.85_15.90_,23_41_90_79_77_,15.65_15.60_15.55_15.50_15.45_,5_91_110_251_217_
12:20:32,15.65,2,2104,15.70_15.75_15.80_15.85_15.90_,23_41_90_79_77_,15.65_15.60_15.55_15.50_15.45_,3_91_110_251_217_
12:20:37,15.65,2,2104,15.70_15.75_15.80_15.85_15.90_,23_42_90_79_77_,15.65_15.60_15.55_15.50_15.45_,3_91_110_251_217_
12:21:23,15.65,2,2104,15.70_15.75_15.80_15.85_15.90_,26_42_90_79_77_,15.65_15.60_15.55_15.50_15.45_,3_91_110_251_217_
12:23:22,15.65,2,2104,15.70_15.75_15.80_15.85_15.90_,26_42_90_79_77_,15.65_15.60_15.55_15.50_15.45_,36_91_110_251_167_
12:23:37,15.65,1,2105,15.70_15.75_15.80_15.85_15.90_,26_41_90_79_77_,15.65_15.60_15.55_15.50_15.45_,35_91_110_251_167_
12:24:38,15.65,1,2107,15.70_15.75_15.80_15.85_15.90_,26_41_90_79_77_,15.65_15.60_15.55_15.50_15.45_,33_91_110_251_167_
12:25:04,15.65,1,2108,15.70_15.75_15.80_15.85_15.90_,26_41_90_79_77_,15.65_15.60_15.55_15.50_15.45_,32_91_110_251_167_
12:26:26,15.65,3,2113,15.70_15.75_15.80_15.85_15.90_,23_43_90_79_77_,15.65_15.60_15.55_15.50_15.45_,40_91_110_251_167_
12:27:02,15.65,3,2113,15.70_15.75_15.80_15.85_15.90_,23_43_90_79_77_,15.65_15.60_15.55_15.50_15.45_,41_91_110_251_167_
12:27:12,15.65,3,2113,15.70_15.75_15.80_15.85_15.90_,24_43_90_79_77_,15.65_15.60_15.55_15.50_15.45_,41_91_110_251_167_
12:27:43,15.65,3,2113,15.70_15.75_15.80_15.85_15.90_,24_53_90_79_77_,15.65_15.60_15.55_15.50_15.45_,42_91_110_251_167_
12:28:24,15.65,1,2114,15.70_15.75_15.80_15.85_15.90_,24_53_90_79_77_,15.65_15.60_15.55_15.50_15.45_,35_92_110_251_167_
12:28:50,15.65,5,2119,15.70_15.75_15.80_15.85_15.90_,24_53_90_79_77_,15.65_15.60_15.55_15.50_15.45_,28_92_111_251_167_
12:29:15,15.65,5,2119,15.70_15.75_15.80_15.85_15.90_,24_53_90_79_77_,15.65_15.60_15.55_15.50_15.45_,28_82_111_251_167_
12:29:56,15.65,5,2119,15.70_15.75_15.80_15.85_15.90_,24_53_90_79_77_,15.65_15.60_15.55_15.50_15.45_,35_82_111_251_167_
12:30:07,15.65,5,2119,15.70_15.75_15.80_15.85_15.90_,24_53_90_79_77_,15.65_15.60_15.55_15.50_15.45_,30_82_111_251_167_
12:30:17,15.65,4,2123,15.70_15.75_15.80_15.85_15.90_,24_53_90_79_77_,15.65_15.60_15.55_15.50_15.45_,27_82_111_251_167_
12:31:08,15.65,4,2123,15.70_15.75_15.80_15.85_15.90_,24_53_90_79_77_,15.65_15.60_15.55_15.50_15.45_,27_87_111_251_167_
12:32:05,15.65,1,2132,15.70_15.75_15.80_15.85_15.90_,25_53_90_79_77_,15.65_15.60_15.55_15.50_15.45_,18_87_111_251_167_
12:33:16,15.65,1,2132,15.70_15.75_15.80_15.85_15.90_,26_52_90_79_77_,15.65_15.60_15.55_15.50_15.45_,18_87_111_251_168_
12:33:47,15.65,1,2132,15.70_15.75_15.80_15.85_15.90_,26_52_90_79_77_,15.65_15.60_15.55_15.50_15.45_,19_87_111_251_168_
12:34:08,15.65,1,2133,15.70_15.75_15.80_15.85_15.90_,26_52_90_79_77_,15.65_15.60_15.55_15.50_15.45_,18_87_111_251_168_
12:34:28,15.65,1,2134,15.70_15.75_15.80_15.85_15.90_,26_51_90_79_77_,15.65_15.60_15.55_15.50_15.45_,17_87_111_251_168_
12:35:09,15.70,1,2135,15.70_15.75_15.80_15.85_15.90_,25_51_90_79_77_,15.65_15.60_15.55_15.50_15.45_,19_87_111_251_168_
12:35:24,15.70,1,2135,15.70_15.75_15.80_15.85_15.90_,25_51_90_79_77_,15.65_15.60_15.55_15.50_15.45_,16_87_112_251_168_
12:35:50,15.65,1,2136,15.70_15.75_15.80_15.85_15.90_,24_51_90_79_77_,15.65_15.60_15.55_15.50_15.45_,15_87_112_251_168_
12:36:10,15.70,6,2142,15.70_15.75_15.80_15.85_15.90_,18_51_90_79_77_,15.65_15.60_15.55_15.50_15.45_,15_87_112_251_168_
12:36:21,15.70,6,2142,15.70_15.75_15.80_15.85_15.90_,18_51_90_79_77_,15.65_15.60_15.55_15.50_15.45_,18_87_112_251_169_
12:36:26,15.65,5,2147,15.70_15.75_15.80_15.85_15.90_,18_51_90_79_77_,15.65_15.60_15.55_15.50_15.45_,13_87_112_251_169_
12:36:31,15.65,2,2149,15.70_15.75_15.80_15.85_15.90_,18_51_90_79_77_,15.65_15.60_15.55_15.50_15.45_,8_87_112_251_169_
12:36:41,15.65,2,2149,15.70_15.75_15.80_15.85_15.90_,18_51_90_79_77_,15.65_15.60_15.55_15.50_15.45_,13_87_112_251_169_
12:37:38,15.65,2,2149,15.70_15.75_15.80_15.85_15.90_,20_51_90_79_77_,15.65_15.60_15.55_15.50_15.45_,36_87_112_251_169_
12:38:34,15.65,2,2149,15.70_15.75_15.80_15.85_15.90_,19_52_90_79_77_,15.65_15.60_15.55_15.50_15.45_,36_87_112_251_169_
12:39:41,15.65,2,2149,15.70_15.75_15.80_15.85_15.90_,20_51_90_79_77_,15.65_15.60_15.55_15.50_15.45_,36_87_112_251_169_
12:40:22,15.65,1,2150,15.70_15.75_15.80_15.85_15.90_,19_51_90_79_77_,15.65_15.60_15.55_15.50_15.45_,35_87_112_251_169_
12:40:27,15.70,19,2169,15.75_15.80_15.85_15.90_15.95_,51_90_79_77_62_,15.70_15.65_15.60_15.55_15.50_,11_65_87_104_251_
12:40:53,15.70,1,2171,15.75_15.80_15.85_15.90_15.95_,65_90_79_77_62_,15.70_15.65_15.60_15.55_15.50_,13_76_74_107_245_
12:41:08,15.70,1,2171,15.75_15.80_15.85_15.90_15.95_,65_90_79_77_62_,15.70_15.65_15.60_15.55_15.50_,13_87_74_107_245_
12:41:13,15.70,1,2171,15.75_15.80_15.85_15.90_15.95_,65_90_79_77_62_,15.70_15.65_15.60_15.55_15.50_,17_87_74_107_245_
12:41:34,15.70,8,2179,15.75_15.80_15.85_15.90_15.95_,65_90_79_77_62_,15.70_15.65_15.60_15.55_15.50_,9_87_74_107_245_
12:41:39,15.70,8,2179,15.75_15.80_15.85_15.90_15.95_,65_90_79_77_62_,15.70_15.65_15.60_15.55_15.50_,5_87_74_107_245_
12:44:58,15.70,5,2187,15.75_15.80_15.85_15.90_15.95_,70_85_79_77_62_,15.65_15.60_15.55_15.50_15.45_,92_127_158_248_169_
12:45:34,15.70,5,2187,15.70_15.75_15.80_15.85_15.90_,11_69_85_79_77_,15.65_15.60_15.55_15.50_15.45_,96_127_155_250_169_
12:46:36,15.70,2,2203,15.70_15.75_15.80_15.85_15.90_,3_67_85_78_77_,15.65_15.60_15.55_15.50_15.45_,87_128_156_246_169_
12:49:40,15.70,5,2213,15.70_15.75_15.80_15.85_15.90_,5_69_85_83_77_,15.65_15.60_15.55_15.50_15.45_,90_143_155_248_169_
12:49:45,15.70,5,2213,15.70_15.75_15.80_15.85_15.90_,10_69_85_83_77_,15.65_15.60_15.55_15.50_15.45_,90_143_155_248_169_
12:49:50,15.70,10,2223,15.70_15.75_15.80_15.85_15.90_,1_69_85_83_77_,15.65_15.60_15.55_15.50_15.45_,90_144_155_248_169_
12:49:56,15.70,10,2223,15.70_15.75_15.80_15.85_15.90_,2_69_85_83_77_,15.65_15.60_15.55_15.50_15.45_,90_144_155_248_169_
12:50:01,15.70,10,2223,15.70_15.75_15.80_15.85_15.90_,2_69_98_83_77_,15.65_15.60_15.55_15.50_15.45_,90_144_155_248_169_
12:50:06,15.70,10,2223,15.70_15.75_15.80_15.85_15.90_,3_69_98_83_77_,15.65_15.60_15.55_15.50_15.45_,90_144_155_248_169_
12:50:21,15.70,10,2223,15.70_15.75_15.80_15.85_15.90_,3_72_98_83_77_,15.65_15.60_15.55_15.50_15.45_,95_144_155_248_169_
12:51:07,15.70,10,2223,15.70_15.75_15.80_15.85_15.90_,10_72_98_83_77_,15.65_15.60_15.55_15.50_15.45_,95_144_155_248_169_
12:52:09,15.70,1,2224,15.70_15.75_15.80_15.85_15.90_,10_72_98_83_78_,15.65_15.60_15.55_15.50_15.45_,97_144_155_249_169_
12:52:45,15.70,10,2234,15.70_15.75_15.80_15.85_15.90_,10_73_98_83_78_,15.65_15.60_15.55_15.50_15.45_,97_134_158_247_169_
12:52:50,15.70,10,2234,15.70_15.75_15.80_15.85_15.90_,30_73_98_83_78_,15.65_15.60_15.55_15.50_15.45_,97_134_155_250_169_
12:52:55,15.70,10,2234,15.70_15.75_15.80_15.85_15.90_,30_73_98_83_78_,15.65_15.60_15.55_15.50_15.45_,83_148_155_250_169_
12:53:00,15.70,10,2234,15.70_15.75_15.80_15.85_15.90_,40_73_98_83_78_,15.65_15.60_15.55_15.50_15.45_,83_148_155_250_169_
12:53:41,15.70,1,2235,15.70_15.75_15.80_15.85_15.90_,40_73_98_83_78_,15.65_15.60_15.55_15.50_15.45_,80_148_155_250_169_
12:54:12,15.70,1,2235,15.70_15.75_15.80_15.85_15.90_,40_74_98_83_78_,15.65_15.60_15.55_15.50_15.45_,80_148_155_250_169_
12:55:08,15.70,1,2236,15.70_15.75_15.80_15.85_15.90_,55_60_98_83_78_,15.65_15.60_15.55_15.50_15.45_,79_99_106_250_169_
12:55:18,15.70,1,2236,15.70_15.75_15.80_15.85_15.90_,56_60_98_83_78_,15.65_15.60_15.55_15.50_15.45_,79_99_106_250_169_
12:55:23,15.70,1,2236,15.70_15.75_15.80_15.85_15.90_,56_60_98_83_78_,15.65_15.60_15.55_15.50_15.45_,76_99_106_250_169_
12:56:35,15.70,2,2248,15.70_15.75_15.80_15.85_15.90_,45_60_98_83_78_,15.65_15.60_15.55_15.50_15.45_,78_98_106_250_170_
12:57:06,15.70,5,2253,15.70_15.75_15.80_15.85_15.90_,40_60_98_83_78_,15.65_15.60_15.55_15.50_15.45_,78_98_106_250_170_
12:58:07,15.70,10,2263,15.70_15.75_15.80_15.85_15.90_,17_74_98_83_78_,15.65_15.60_15.55_15.50_15.45_,77_98_106_250_170_
12:58:43,15.70,2,2265,15.70_15.75_15.80_15.85_15.90_,15_74_98_83_78_,15.65_15.60_15.55_15.50_15.45_,77_98_106_250_170_
12:59:09,15.70,2,2265,15.70_15.75_15.80_15.85_15.90_,15_74_98_83_78_,15.65_15.60_15.55_15.50_15.45_,76_98_106_250_170_
12:59:50,15.70,5,2280,15.70_15.75_15.80_15.85_15.90_,2_74_98_83_78_,15.65_15.60_15.55_15.50_15.45_,76_98_106_250_170_
13:01:12,15.70,1,2281,15.70_15.75_15.80_15.85_15.90_,3_74_108_83_78_,15.65_15.60_15.55_15.50_15.45_,76_98_106_250_170_
13:01:22,15.70,1,2281,15.70_15.75_15.80_15.85_15.90_,3_74_109_83_78_,15.65_15.60_15.55_15.50_15.45_,76_98_106_250_170_
13:01:27,15.70,2,2283,15.70_15.75_15.80_15.85_15.90_,1_74_109_83_78_,15.65_15.60_15.55_15.50_15.45_,76_98_106_250_170_
13:03:05,15.70,1,2297,15.70_15.75_15.80_15.85_15.90_,23_60_96_83_78_,15.65_15.60_15.55_15.50_15.45_,64_98_106_250_170_
13:03:25,15.65,4,2301,15.70_15.75_15.80_15.85_15.90_,33_60_96_83_78_,15.65_15.60_15.55_15.50_15.45_,60_98_106_250_170_
13:03:31,15.65,4,2301,15.70_15.75_15.80_15.85_15.90_,36_60_96_83_78_,15.65_15.60_15.55_15.50_15.45_,64_98_106_250_170_
13:05:13,15.65,2,2309,15.70_15.75_15.80_15.85_15.90_,55_60_96_83_78_,15.65_15.60_15.55_15.50_15.45_,61_98_106_250_170_
13:05:39,15.65,2,2309,15.70_15.75_15.80_15.85_15.90_,59_60_96_83_78_,15.65_15.60_15.55_15.50_15.45_,61_98_106_250_170_
13:05:59,15.65,2,2309,15.70_15.75_15.80_15.85_15.90_,59_59_96_83_78_,15.65_15.60_15.55_15.50_15.45_,61_98_106_250_170_
13:06:04,15.65,2,2309,15.70_15.75_15.80_15.85_15.90_,60_59_96_83_78_,15.65_15.60_15.55_15.50_15.45_,61_98_106_250_170_
13:06:35,15.65,30,2364,15.70_15.75_15.80_15.85_15.90_,56_59_96_83_78_,15.65_15.60_15.55_15.50_15.45_,6_98_106_250_170_
13:07:16,15.65,1,2365,15.70_15.75_15.80_15.85_15.90_,40_59_96_83_78_,15.65_15.60_15.55_15.50_15.45_,5_106_106_250_170_
13:08:02,15.65,1,2371,15.70_15.75_15.80_15.85_15.90_,37_59_97_83_78_,15.65_15.60_15.55_15.50_15.45_,4_106_106_247_170_
13:08:33,15.65,1,2371,15.70_15.75_15.80_15.85_15.90_,38_59_97_83_78_,15.65_15.60_15.55_15.50_15.45_,4_106_106_247_170_
13:08:38,15.65,1,2371,15.70_15.75_15.80_15.85_15.90_,39_59_97_83_78_,15.65_15.60_15.55_15.50_15.45_,4_106_106_247_170_
13:08:54,15.65,1,2371,15.70_15.75_15.80_15.85_15.90_,39_59_97_83_78_,15.65_15.60_15.55_15.50_15.45_,4_106_106_249_170_
13:09:19,15.65,1,2373,15.65_15.70_15.75_15.80_15.85_,5_39_59_97_83_,15.60_15.55_15.50_15.45_15.40_,106_107_249_174_99_
13:09:25,15.65,1,2373,15.65_15.70_15.75_15.80_15.85_,5_39_59_97_83_,15.60_15.55_15.50_15.45_15.40_,106_106_250_174_99_
13:09:30,15.65,5,2378,15.70_15.75_15.80_15.85_15.90_,39_59_97_83_78_,15.65_15.60_15.55_15.50_15.45_,1_106_106_250_174_
13:09:35,15.65,1,2379,15.70_15.75_15.80_15.85_15.90_,38_59_97_83_78_,15.60_15.55_15.50_15.45_15.40_,106_107_249_174_99_
13:09:40,15.65,1,2379,15.70_15.75_15.80_15.85_15.90_,38_59_97_83_78_,15.60_15.55_15.50_15.45_15.40_,106_106_250_174_99_
13:10:06,15.65,1,2379,15.70_15.75_15.80_15.85_15.90_,38_59_97_83_78_,15.65_15.60_15.55_15.50_15.45_,1_106_106_251_174_
13:10:11,15.70,38,2417,15.75_15.80_15.85_15.90_15.95_,59_97_83_78_62_,15.70_15.65_15.60_15.55_15.50_,13_1_106_107_250_
13:10:16,15.70,38,2417,15.75_15.80_15.85_15.90_15.95_,74_97_83_81_61_,15.70_15.65_15.60_15.55_15.50_,13_1_107_109_247_
13:10:42,15.70,2,2419,15.75_15.80_15.85_15.90_15.95_,76_97_83_81_61_,15.70_15.65_15.60_15.55_15.50_,12_4_107_109_247_
13:10:47,15.70,2,2419,15.75_15.80_15.85_15.90_15.95_,76_97_83_81_61_,15.70_15.65_15.60_15.55_15.50_,12_7_107_109_247_
13:11:23,15.70,2,2433,15.70_15.75_15.80_15.85_15.90_,17_61_96_83_81_,15.65_15.60_15.55_15.50_15.45_,6_106_107_249_174_
13:11:33,15.70,2,2433,15.70_15.75_15.80_15.85_15.90_,18_60_96_83_81_,15.65_15.60_15.55_15.50_15.45_,6_106_107_249_174_
13:11:38,15.70,2,2433,15.70_15.75_15.80_15.85_15.90_,18_60_96_83_81_,15.65_15.60_15.55_15.50_15.45_,5_106_107_249_174_
13:12:04,15.65,1,2434,15.70_15.75_15.80_15.85_15.90_,17_60_96_83_81_,15.65_15.60_15.55_15.50_15.45_,4_106_107_249_174_
13:12:09,15.65,1,2434,15.70_15.75_15.80_15.85_15.90_,18_60_96_83_81_,15.65_15.60_15.55_15.50_15.45_,4_106_107_249_174_
13:12:34,15.65,4,2438,15.65_15.70_15.75_15.80_15.85_,6_20_60_101_83_,15.60_15.55_15.50_15.45_15.40_,106_107_249_174_99_
13:12:45,15.65,6,2444,15.70_15.75_15.80_15.85_15.90_,19_60_101_83_81_,15.65_15.60_15.55_15.50_15.45_,5_106_106_251_174_
13:12:50,15.65,6,2444,15.70_15.75_15.80_15.85_15.90_,19_60_101_83_81_,15.65_15.60_15.55_15.50_15.45_,5_106_107_250_174_
13:12:55,15.65,6,2444,15.70_15.75_15.80_15.85_15.90_,19_60_101_83_81_,15.65_15.60_15.55_15.50_15.45_,6_106_107_250_174_
13:13:10,15.60,8,2452,15.70_15.75_15.80_15.85_15.90_,19_60_101_83_81_,15.65_15.60_15.55_15.50_15.45_,5_105_107_249_174_
13:14:37,15.60,8,2452,15.70_15.75_15.80_15.85_15.90_,21_60_101_83_81_,15.65_15.60_15.55_15.50_15.45_,20_107_107_249_174_
13:14:53,15.60,8,2452,15.70_15.75_15.80_15.85_15.90_,21_60_101_83_81_,15.65_15.60_15.55_15.50_15.45_,20_107_107_373_295_
13:14:58,15.60,8,2452,15.70_15.75_15.80_15.85_15.90_,41_60_101_83_81_,15.65_15.60_15.55_15.50_15.45_,20_107_107_373_295_
13:15:39,15.65,1,2453,15.70_15.75_15.80_15.85_15.90_,42_60_101_83_81_,15.65_15.60_15.55_15.50_15.45_,21_107_107_373_295_
13:15:44,15.65,21,2474,15.65_15.70_15.75_15.80_15.85_,29_43_60_101_83_,15.60_15.55_15.50_15.45_15.40_,107_107_373_295_99_
13:16:04,15.60,5,2479,15.65_15.70_15.75_15.80_15.85_,34_40_60_101_83_,15.60_15.55_15.50_15.45_15.40_,102_106_374_295_99_
13:16:30,15.65,5,2484,15.65_15.70_15.75_15.80_15.85_,31_38_60_101_83_,15.60_15.55_15.50_15.45_15.40_,104_106_375_295_99_
13:17:21,15.65,5,2484,15.65_15.70_15.75_15.80_15.85_,31_39_57_101_83_,15.60_15.55_15.50_15.45_15.40_,79_120_375_295_99_
13:17:32,15.65,3,2487,15.65_15.70_15.75_15.80_15.85_,29_39_57_101_83_,15.60_15.55_15.50_15.45_15.40_,79_120_375_295_99_
13:17:42,15.65,3,2487,15.65_15.70_15.75_15.80_15.85_,29_41_57_101_83_,15.60_15.55_15.50_15.45_15.40_,79_120_375_295_99_
13:17:47,15.65,2,2489,15.65_15.70_15.75_15.80_15.85_,27_41_57_101_83_,15.60_15.55_15.50_15.45_15.40_,79_120_375_295_99_
13:20:57,15.70,4,2545,15.70_15.75_15.80_15.85_15.90_,38_58_101_82_81_,15.65_15.60_15.55_15.50_15.45_,30_125_110_373_295_
13:21:12,15.65,30,2575,15.65_15.70_15.75_15.80_15.85_,20_38_58_101_82_,15.60_15.55_15.50_15.45_15.40_,125_109_375_295_99_
13:21:17,15.65,21,2596,15.70_15.75_15.80_15.85_15.90_,37_58_101_82_81_,15.65_15.60_15.55_15.50_15.45_,22_82_109_375_295_
13:21:23,15.65,21,2596,15.70_15.75_15.80_15.85_15.90_,39_58_101_82_81_,15.65_15.60_15.55_15.50_15.45_,22_82_110_374_295_
13:22:14,15.65,1,2597,15.70_15.75_15.80_15.85_15.90_,39_58_101_82_81_,15.65_15.60_15.55_15.50_15.45_,26_82_110_374_295_
13:22:29,15.65,1,2597,15.70_15.75_15.80_15.85_15.90_,39_58_131_82_81_,15.65_15.60_15.55_15.50_15.45_,26_82_160_374_295_
13:23:21,15.70,2,2599,15.70_15.75_15.80_15.85_15.90_,37_58_131_82_81_,15.65_15.60_15.55_15.50_15.45_,26_82_160_374_295_
13:24:38,15.70,3,2614,15.70_15.75_15.80_15.85_15.90_,23_58_131_82_81_,15.65_15.60_15.55_15.50_15.45_,24_82_160_371_295_
13:24:43,15.65,1,2615,15.70_15.75_15.80_15.85_15.90_,23_58_131_82_81_,15.65_15.60_15.55_15.50_15.45_,23_82_160_371_295_
13:25:34,15.65,1,2615,15.65_15.70_15.75_15.80_15.85_,2_67_58_101_82_,15.60_15.55_15.50_15.45_15.40_,45_276_371_295_96_
13:25:44,15.65,1,2615,15.65_15.70_15.75_15.80_15.85_,2_67_58_101_82_,15.60_15.55_15.50_15.45_15.40_,44_276_371_295_96_
13:25:49,15.65,1,2615,15.65_15.70_15.75_15.80_15.85_,6_67_58_101_82_,15.60_15.55_15.50_15.45_15.40_,46_276_371_295_96_
13:27:22,15.65,1,2615,15.65_15.70_15.75_15.80_15.85_,16_68_58_166_96_,15.60_15.55_15.50_15.45_15.40_,248_462_1344_1135_996_
13:27:37,15.65,1,2615,15.65_15.70_15.75_15.80_15.85_,16_73_58_166_96_,15.60_15.55_15.50_15.45_15.40_,248_462_1344_1135_996_
13:27:42,15.65,1,2615,15.65_15.70_15.75_15.80_15.85_,16_73_58_166_96_,15.60_15.55_15.50_15.45_15.40_,252_462_1345_1135_996_
13:27:52,15.65,1,2615,15.65_15.70_15.75_15.80_15.85_,16_73_58_166_96_,15.60_15.55_15.50_15.45_15.40_,252_461_1345_1135_996_
13:29:15,15.65,1,2615,15.65_15.70_15.75_15.80_15.85_,18_73_58_166_96_,15.60_15.55_15.50_15.45_15.40_,307_508_1392_1182_1043_
13:29:25,15.65,1,2615,15.70_15.75_15.80_15.85_15.90_,73_58_166_96_81_,15.65_15.60_15.55_15.50_15.45_,71_318_508_1392_1182_
13:29:30,15.65,1,2615,15.70_15.75_15.80_15.85_15.90_,73_58_166_96_81_,15.65_15.60_15.55_15.50_15.45_,70_318_508_1392_1182_
13:29:35,15.65,1,2615,15.70_15.75_15.80_15.85_15.90_,72_58_166_96_81_,15.65_15.60_15.55_15.50_15.45_,70_321_508_1392_1182_
13:29:40,15.65,1,2615,15.70_15.75_15.80_15.85_15.90_,72_58_166_96_81_,15.65_15.60_15.55_15.50_15.45_,61_274_508_1392_1182_
13:30:00,15.65,85,2700,15.70_15.75_15.80_15.85_15.90_,72_58_166_96_81_,15.65_15.60_15.55_15.50_15.45_,82_274_508_1393_1182_
