09:00:41,52.70,7,817,52.80_52.90_53.00_53.10_53.20_,26_87_437_75_495_,52.70_52.60_52.50_52.40_52.30_,207_472_173_274_314_
09:03:10,52.70,101,1243,52.80_52.90_53.00_53.10_53.20_,130_133_449_76_506_,52.70_52.60_52.50_52.40_52.30_,123_385_175_279_339_
09:03:35,52.70,2,1263,52.80_52.90_53.00_53.10_53.20_,223_133_451_76_507_,52.70_52.60_52.50_52.40_52.30_,201_385_175_259_337_
09:04:31,52.80,107,1726,52.90_53.00_53.10_53.20_53.30_,98_452_75_507_35_,52.80_52.70_52.60_52.50_52.40_,48_128_417_149_224_
09:07:05,53.00,30,2086,53.00_53.10_53.20_53.30_53.40_,369_75_581_535_61_,52.90_52.80_52.70_52.60_52.50_,202_151_105_443_173_
09:09:03,53.10,1,2531,53.10_53.20_53.30_53.40_53.50_,77_565_575_67_688_,53.00_52.90_52.80_52.70_52.60_,345_228_144_113_475_
09:11:01,52.90,9,2943,53.00_53.10_53.20_53.30_53.40_,90_162_617_537_580_,52.90_52.80_52.70_52.60_52.50_,153_158_186_453_214_
09:12:33,53.00,4,3104,53.00_53.10_53.20_53.30_53.40_,160_131_618_537_609_,52.90_52.80_52.70_52.60_52.50_,148_202_239_453_235_
09:12:38,53.00,1,3105,53.00_53.10_53.20_53.30_53.40_,189_131_618_537_609_,52.90_52.80_52.70_52.60_52.50_,148_202_239_453_235_
09:14:06,52.90,14,3232,53.00_53.10_53.20_53.30_53.40_,437_636_610_542_621_,52.90_52.80_52.70_52.60_52.50_,114_184_239_453_235_
09:15:38,52.90,2,3301,53.00_53.10_53.20_53.30_53.40_,456_634_615_562_616_,52.90_52.80_52.70_52.60_52.50_,200_232_239_453_240_
09:15:43,53.00,1,3302,53.00_53.10_53.20_53.30_53.40_,463_634_612_562_616_,52.90_52.80_52.70_52.60_52.50_,200_232_239_453_240_
09:15:48,52.90,2,3304,53.00_53.10_53.20_53.30_53.40_,466_634_612_562_616_,52.90_52.80_52.70_52.60_52.50_,199_232_239_453_240_
09:16:55,53.00,1,3396,53.00_53.10_53.20_53.30_53.40_,458_628_614_565_618_,52.90_52.80_52.70_52.60_52.50_,209_206_287_453_240_
09:19:29,52.90,2,3542,53.00_53.10_53.20_53.30_53.40_,542_616_610_565_638_,52.90_52.80_52.70_52.60_52.50_,353_259_289_468_255_
09:19:39,53.00,200,3742,53.00_53.10_53.20_53.30_53.40_,342_117_610_565_638_,52.90_52.80_52.70_52.60_52.50_,373_259_289_468_255_
09:19:44,53.00,10,3752,53.00_53.10_53.20_53.30_53.40_,334_117_610_565_638_,52.90_52.80_52.70_52.60_52.50_,373_259_289_468_255_
09:28:01,53.10,2,4622,53.20_53.30_53.40_53.50_53.60_,453_59_220_818_401_,53.10_53.00_52.90_52.80_52.70_,435_278_356_275_319_
09:29:44,53.10,1,4782,53.20_53.30_53.40_53.50_53.60_,335_55_221_817_401_,53.10_53.00_52.90_52.80_52.70_,516_278_348_275_318_
09:30:24,53.20,56,5082,53.20_53.30_53.40_53.50_53.60_,38_59_223_837_401_,53.10_53.00_52.90_52.80_52.70_,636_278_348_275_318_
09:33:29,53.30,55,5296,53.40_53.50_53.60_53.70_53.80_,180_877_447_444_339_,53.30_53.20_53.10_53.00_52.90_,440_375_265_240_363_
09:36:44,53.40,1,5672,53.40_53.50_53.60_53.70_53.80_,452_1006_497_450_341_,53.30_53.20_53.10_53.00_52.90_,183_478_284_242_368_
09:37:51,53.30,2,5848,53.40_53.50_53.60_53.70_53.80_,505_1009_497_450_341_,53.30_53.20_53.10_53.00_52.90_,60_506_278_242_370_
09:39:13,53.30,3,5993,53.40_53.50_53.60_53.70_53.80_,519_1015_507_450_341_,53.30_53.20_53.10_53.00_52.90_,50_518_305_242_340_
09:40:09,53.30,3,6041,53.40_53.50_53.60_53.70_53.80_,516_1005_509_450_342_,53.30_53.20_53.10_53.00_52.90_,35_555_305_242_341_
09:40:19,53.30,10,6051,53.40_53.50_53.60_53.70_53.80_,516_1005_509_450_342_,53.30_53.20_53.10_53.00_52.90_,25_565_305_242_341_
09:40:55,53.20,2,6086,53.30_53.40_53.50_53.60_53.70_,143_621_1061_454_448_,53.20_53.10_53.00_52.90_52.80_,576_304_242_315_255_
09:41:00,53.30,1,6087,53.30_53.40_53.50_53.60_53.70_,147_621_1061_454_448_,53.20_53.10_53.00_52.90_52.80_,588_307_242_315_255_
09:41:06,53.30,1,6087,53.30_53.40_53.50_53.60_53.70_,147_623_1061_454_448_,53.20_53.10_53.00_52.90_52.80_,588_307_242_315_255_
09:41:31,53.20,2,6239,53.30_53.40_53.50_53.60_53.70_,154_623_1069_454_448_,53.20_53.10_53.00_52.90_52.80_,520_307_242_315_255_
09:41:36,53.20,2,6239,53.30_53.40_53.50_53.60_53.70_,153_623_1069_454_448_,53.20_53.10_53.00_52.90_52.80_,520_308_242_315_255_
09:41:41,53.20,2,6239,53.30_53.40_53.50_53.60_53.70_,153_623_1069_456_448_,53.20_53.10_53.00_52.90_52.80_,540_308_243_316_255_
09:41:52,53.20,1,6240,53.30_53.40_53.50_53.60_53.70_,168_623_1069_456_448_,53.20_53.10_53.00_52.90_52.80_,550_308_243_316_255_
09:41:57,53.20,2,6242,53.30_53.40_53.50_53.60_53.70_,178_623_1074_456_448_,53.20_53.10_53.00_52.90_52.80_,554_308_243_316_255_
09:42:02,53.20,2,6242,53.30_53.40_53.50_53.60_53.70_,179_623_1074_456_448_,53.20_53.10_53.00_52.90_52.80_,584_308_243_316_255_
09:42:22,53.20,1,6244,53.30_53.40_53.50_53.60_53.70_,191_623_1072_456_448_,53.20_53.10_53.00_52.90_52.80_,599_337_243_316_255_
09:45:58,53.30,1,6377,53.30_53.40_53.50_53.60_53.70_,319_623_1148_462_450_,53.20_53.10_53.00_52.90_52.80_,662_305_244_329_257_
09:46:03,53.20,1,6378,53.30_53.40_53.50_53.60_53.70_,319_623_1148_462_450_,53.20_53.10_53.00_52.90_52.80_,661_305_245_329_257_
09:46:49,53.30,26,6426,53.30_53.40_53.50_53.60_53.70_,298_630_1166_444_450_,53.20_53.10_53.00_52.90_52.80_,654_305_245_330_257_
09:46:54,53.20,1,6427,53.30_53.40_53.50_53.60_53.70_,298_630_1166_444_450_,53.20_53.10_53.00_52.90_52.80_,653_305_245_330_257_
09:48:37,53.30,2,6487,53.30_53.40_53.50_53.60_53.70_,282_683_1190_444_450_,53.20_53.10_53.00_52.90_52.80_,796_331_245_296_240_
09:48:42,53.20,3,6490,53.30_53.40_53.50_53.60_53.70_,283_683_1190_444_450_,53.20_53.10_53.00_52.90_52.80_,793_331_245_296_240_
09:48:47,53.30,1,6491,53.30_53.40_53.50_53.60_53.70_,282_683_1190_444_450_,53.20_53.10_53.00_52.90_52.80_,793_331_245_296_240_
09:48:52,53.30,3,6494,53.30_53.40_53.50_53.60_53.70_,279_690_1190_444_450_,53.20_53.10_53.00_52.90_52.80_,824_305_245_296_240_
09:48:57,53.20,1,6495,53.30_53.40_53.50_53.60_53.70_,279_690_1190_444_450_,53.20_53.10_53.00_52.90_52.80_,828_305_245_296_241_
09:49:33,53.20,1,6518,53.30_53.40_53.50_53.60_53.70_,266_690_1192_444_447_,53.20_53.10_53.00_52.90_52.80_,799_330_245_296_243_
09:49:38,53.30,2,6520,53.30_53.40_53.50_53.60_53.70_,264_690_1192_444_447_,53.20_53.10_53.00_52.90_52.80_,799_330_245_296_243_
09:50:55,53.30,12,6585,53.30_53.40_53.50_53.60_53.70_,344_719_1192_445_447_,53.20_53.10_53.00_52.90_52.80_,865_329_245_296_243_
09:52:37,53.10,1,7560,53.20_53.30_53.40_53.50_53.60_,36_364_818_1013_446_,53.10_53.00_52.90_52.80_52.70_,324_246_348_213_346_
09:53:28,53.20,12,7624,53.20_53.30_53.40_53.50_53.60_,21_365_820_1013_446_,53.10_53.00_52.90_52.80_52.70_,328_273_348_213_346_
09:54:04,53.20,5,7644,53.20_53.30_53.40_53.50_53.60_,37_365_821_1013_445_,53.10_53.00_52.90_52.80_52.70_,333_282_348_216_346_
09:55:21,53.10,4,7723,53.30_53.40_53.50_53.60_53.70_,470_921_1018_450_445_,53.10_53.00_52.90_52.80_52.70_,342_310_349_216_346_
09:55:57,53.20,55,7788,53.20_53.30_53.40_53.50_53.60_,16_521_933_1018_446_,53.10_53.00_52.90_52.80_52.70_,351_270_349_216_348_
09:56:54,53.10,1,7867,53.20_53.30_53.40_53.50_53.60_,26_521_935_1020_446_,53.10_53.00_52.90_52.80_52.70_,328_273_358_177_357_
09:57:14,53.20,2,7882,53.20_53.30_53.40_53.50_53.60_,19_522_935_1020_450_,53.10_53.00_52.90_52.80_52.70_,337_373_358_177_357_
10:01:25,53.30,1,8171,53.30_53.40_53.50_53.60_53.70_,699_1048_1245_499_444_,53.20_53.10_53.00_52.90_52.80_,32_304_372_359_207_
10:04:45,53.20,1,8380,53.30_53.40_53.50_53.60_53.70_,715_1049_1251_498_444_,53.20_53.10_53.00_52.90_52.80_,208_274_363_359_213_
10:04:50,53.20,12,8392,53.30_53.40_53.50_53.60_53.70_,715_1049_1251_498_444_,53.20_53.10_53.00_52.90_52.80_,207_274_363_359_213_
10:05:26,53.30,13,8417,53.30_53.40_53.50_53.60_53.70_,706_1048_1283_498_444_,53.20_53.10_53.00_52.90_52.80_,341_315_363_359_214_
10:09:58,53.30,1,8711,53.30_53.40_53.50_53.60_53.70_,692_1057_1384_524_487_,53.20_53.10_53.00_52.90_52.80_,477_317_363_359_219_
10:10:39,53.30,1,8726,53.30_53.40_53.50_53.60_53.70_,741_1056_1384_524_487_,53.20_53.10_53.00_52.90_52.80_,499_346_363_359_219_
10:10:49,53.30,1,8728,53.30_53.40_53.50_53.60_53.70_,724_1056_1384_524_487_,53.20_53.10_53.00_52.90_52.80_,507_346_363_359_219_
10:14:09,53.30,1,8912,53.30_53.40_53.50_53.60_53.70_,760_1016_1370_527_487_,53.20_53.10_53.00_52.90_52.80_,701_317_363_309_254_
10:14:20,53.30,2,8914,53.30_53.40_53.50_53.60_53.70_,758_1016_1370_527_487_,53.20_53.10_53.00_52.90_52.80_,711_317_363_309_254_
10:15:47,53.20,11,8995,53.30_53.40_53.50_53.60_53.70_,718_1015_1370_527_487_,53.20_53.10_53.00_52.90_52.80_,846_318_363_309_258_
10:16:08,53.30,13,9015,53.30_53.40_53.50_53.60_53.70_,705_1015_1370_527_487_,53.20_53.10_53.00_52.90_52.80_,862_315_363_309_258_
10:16:18,53.20,19,9084,53.30_53.40_53.50_53.60_53.70_,705_1016_1369_527_487_,53.20_53.10_53.00_52.90_52.80_,801_315_363_309_258_
10:17:04,53.20,2,9128,53.30_53.40_53.50_53.60_53.70_,706_1017_1384_527_487_,53.20_53.10_53.00_52.90_52.80_,827_341_363_309_258_
10:18:36,53.20,3,9236,53.30_53.40_53.50_53.60_53.70_,649_1017_1384_527_487_,53.20_53.10_53.00_52.90_52.80_,844_316_363_279_261_
10:18:52,53.30,1,9258,53.30_53.40_53.50_53.60_53.70_,648_1017_1384_527_487_,53.20_53.10_53.00_52.90_52.80_,885_316_363_279_261_
10:23:03,53.20,1,9495,53.30_53.40_53.50_53.60_53.70_,581_1032_1387_527_487_,53.20_53.10_53.00_52.90_52.80_,970_343_364_280_266_
10:25:27,53.30,7,9655,53.30_53.40_53.50_53.60_53.70_,519_1038_1392_527_497_,53.20_53.10_53.00_52.90_52.80_,966_346_365_280_269_
10:28:36,53.30,3,9861,53.30_53.40_53.50_53.60_53.70_,414_1035_1413_527_496_,53.20_53.10_53.00_52.90_52.80_,1129_316_340_310_241_
10:28:41,53.30,1,9862,53.30_53.40_53.50_53.60_53.70_,414_1035_1413_527_496_,53.20_53.10_53.00_52.90_52.80_,1130_316_340_310_241_
10:28:52,53.30,12,9885,53.30_53.40_53.50_53.60_53.70_,392_1035_1413_527_496_,53.20_53.10_53.00_52.90_52.80_,1130_343_340_310_244_
10:30:49,53.20,2,9985,53.30_53.40_53.50_53.60_53.70_,442_1036_1420_530_497_,53.20_53.10_53.00_52.90_52.80_,1234_318_340_310_244_
10:32:52,53.30,6,10092,53.30_53.40_53.50_53.60_53.70_,395_1083_1392_530_497_,53.20_53.10_53.00_52.90_52.80_,1204_318_340_310_247_
10:33:08,53.30,4,10101,53.30_53.40_53.50_53.60_53.70_,389_1083_1392_530_497_,53.20_53.10_53.00_52.90_52.80_,1202_347_340_310_249_
10:33:23,53.30,1,10121,53.30_53.40_53.50_53.60_53.70_,371_1083_1392_530_497_,53.20_53.10_53.00_52.90_52.80_,1202_347_340_310_249_
10:34:35,53.30,33,10247,53.30_53.40_53.50_53.60_53.70_,381_1111_1392_530_499_,53.20_53.10_53.00_52.90_52.80_,1444_292_340_260_199_
10:34:40,53.30,33,10247,53.30_53.40_53.50_53.60_53.70_,382_1111_1392_530_499_,53.20_53.10_53.00_52.90_52.80_,1444_292_340_260_199_
10:35:21,53.30,12,10284,53.30_53.40_53.50_53.60_53.70_,342_1111_1392_530_501_,53.20_53.10_53.00_52.90_52.80_,1440_318_340_260_202_
10:36:58,53.30,1,10382,53.30_53.40_53.50_53.60_53.70_,320_1111_1393_530_503_,53.20_53.10_53.00_52.90_52.80_,1443_291_340_260_202_
10:37:14,53.30,25,10407,53.30_53.40_53.50_53.60_53.70_,298_1111_1393_530_503_,53.20_53.10_53.00_52.90_52.80_,1443_291_340_260_202_
10:37:19,53.20,1,10408,53.30_53.40_53.50_53.60_53.70_,298_1111_1393_530_503_,53.20_53.10_53.00_52.90_52.80_,1442_291_340_260_202_
10:38:00,53.30,4,10438,53.30_53.40_53.50_53.60_53.70_,335_1112_1394_540_503_,53.20_53.10_53.00_52.90_52.80_,1449_291_340_260_205_
10:38:15,53.30,6,10458,53.30_53.40_53.50_53.60_53.70_,318_1112_1394_540_503_,53.20_53.10_53.00_52.90_52.80_,1453_291_340_260_205_
10:38:20,53.30,6,10458,53.30_53.40_53.50_53.60_53.70_,328_1112_1394_540_503_,53.20_53.10_53.00_52.90_52.80_,1453_291_340_260_205_
10:40:33,53.30,1,10577,53.30_53.40_53.50_53.60_53.70_,342_1165_1393_540_503_,53.20_53.10_53.00_52.90_52.80_,1478_321_340_260_209_
10:43:22,53.20,2,10741,53.30_53.40_53.50_53.60_53.70_,363_1199_1392_540_503_,53.20_53.10_53.00_52.90_52.80_,1516_348_340_260_212_
10:44:24,53.20,5,10852,53.30_53.40_53.50_53.60_53.70_,332_1188_1392_540_503_,53.20_53.10_53.00_52.90_52.80_,1487_321_341_260_215_
10:51:14,53.40,1,11465,53.40_53.50_53.60_53.70_53.80_,1213_1358_595_503_409_,53.30_53.20_53.10_53.00_52.90_,174_1553_322_371_312_
10:53:37,53.40,10,11683,53.40_53.50_53.60_53.70_53.80_,1152_1360_695_502_409_,53.30_53.20_53.10_53.00_52.90_,24_1561_322_372_312_
10:54:03,53.40,1,11689,53.40_53.50_53.60_53.70_53.80_,1153_1360_695_502_409_,53.30_53.20_53.10_53.00_52.90_,50_1543_322_372_312_
10:54:13,53.30,32,11723,53.40_53.50_53.60_53.70_53.80_,1253_1360_695_502_409_,53.30_53.20_53.10_53.00_52.90_,17_1543_322_372_312_
10:54:59,53.30,4,11764,53.30_53.40_53.50_53.60_53.70_,35_1194_1417_640_502_,53.20_53.10_53.00_52.90_52.80_,1554_334_372_260_260_
10:55:15,53.20,3,11778,53.30_53.40_53.50_53.60_53.70_,26_1194_1417_640_502_,53.20_53.10_53.00_52.90_52.80_,1550_338_372_260_260_
10:56:01,53.30,3,11798,53.30_53.40_53.50_53.60_53.70_,196_1223_1416_640_502_,53.20_53.10_53.00_52.90_52.80_,1539_350_373_260_260_
10:56:52,53.20,4,11840,53.30_53.40_53.50_53.60_53.70_,176_1224_1379_640_502_,53.20_53.10_53.00_52.90_52.80_,1537_346_373_260_260_
10:58:04,53.30,20,11917,53.30_53.40_53.50_53.60_53.70_,214_1224_1341_640_502_,53.20_53.10_53.00_52.90_52.80_,1519_329_373_260_262_
10:58:09,53.20,4,11921,53.30_53.40_53.50_53.60_53.70_,214_1224_1341_640_502_,53.20_53.10_53.00_52.90_52.80_,1515_329_373_260_262_
11:01:29,53.20,3,12166,53.30_53.40_53.50_53.60_53.70_,204_1242_1347_640_502_,53.20_53.10_53.00_52.90_52.80_,1587_379_373_261_268_
11:04:03,53.20,2,12271,53.30_53.40_53.50_53.60_53.70_,154_1247_1349_639_543_,53.20_53.10_53.00_52.90_52.80_,1675_381_372_231_270_
11:04:44,53.30,1,12302,53.30_53.40_53.50_53.60_53.70_,138_1247_1349_639_543_,53.20_53.10_53.00_52.90_52.80_,1666_381_372_231_270_
11:05:35,53.30,29,12369,53.30_53.40_53.50_53.60_53.70_,93_1247_1348_639_543_,53.20_53.10_53.00_52.90_52.80_,1669_381_372_231_270_
11:08:50,53.30,1,12509,53.30_53.40_53.50_53.60_53.70_,402_1247_1353_639_543_,53.20_53.10_53.00_52.90_52.80_,1844_377_372_231_277_
11:09:10,53.20,3,12523,53.30_53.40_53.50_53.60_53.70_,395_1247_1353_638_543_,53.20_53.10_53.00_52.90_52.80_,1819_375_372_231_277_
11:09:15,53.20,3,12523,53.30_53.40_53.50_53.60_53.70_,396_1247_1353_638_543_,53.20_53.10_53.00_52.90_52.80_,1819_375_372_231_277_
11:09:31,53.30,13,12541,53.30_53.40_53.50_53.60_53.70_,538_1247_1353_638_543_,53.20_53.10_53.00_52.90_52.80_,1818_375_372_231_277_
11:14:02,53.30,1,12676,53.30_53.40_53.50_53.60_53.70_,542_1256_1353_638_543_,53.20_53.10_53.00_52.90_52.80_,1811_407_377_231_282_
11:17:58,53.20,8,12837,53.30_53.40_53.50_53.60_53.70_,643_1257_1353_638_543_,53.20_53.10_53.00_52.90_52.80_,1763_405_377_231_287_
11:18:09,53.20,4,12854,53.30_53.40_53.50_53.60_53.70_,630_1258_1353_638_543_,53.20_53.10_53.00_52.90_52.80_,1760_405_377_231_287_
11:20:37,53.20,1,12930,53.30_53.40_53.50_53.60_53.70_,620_1254_1354_638_543_,53.20_53.10_53.00_52.90_52.80_,1836_407_377_232_290_
11:21:18,53.30,1,12953,53.30_53.40_53.50_53.60_53.70_,616_1254_1354_638_542_,53.20_53.10_53.00_52.90_52.80_,1830_407_377_232_293_
11:22:04,53.20,2,12968,53.30_53.40_53.50_53.60_53.70_,610_1254_1355_638_542_,53.20_53.10_53.00_52.90_52.80_,1827_407_377_232_293_
11:22:25,53.30,2,12990,53.30_53.40_53.50_53.60_53.70_,593_1254_1356_638_542_,53.20_53.10_53.00_52.90_52.80_,1829_407_377_232_293_
11:24:33,53.30,2,13073,53.30_53.40_53.50_53.60_53.70_,594_1257_1357_638_542_,53.20_53.10_53.00_52.90_52.80_,1907_405_377_232_295_
11:24:58,53.30,2,13088,53.30_53.40_53.50_53.60_53.70_,593_1257_1357_638_556_,53.20_53.10_53.00_52.90_52.80_,1906_405_377_232_295_
11:27:48,53.20,13,13191,53.30_53.40_53.50_53.60_53.70_,700_1256_1358_639_557_,53.20_53.10_53.00_52.90_52.80_,1892_406_376_232_299_
11:31:38,53.30,1,13326,53.30_53.40_53.50_53.60_53.70_,1238_1246_1384_639_557_,53.20_53.10_53.00_52.90_52.80_,1978_404_381_232_301_
11:31:48,53.30,1,13328,53.30_53.40_53.50_53.60_53.70_,1239_1246_1384_639_557_,53.20_53.10_53.00_52.90_52.80_,1978_404_381_232_301_
11:32:40,53.30,3,13360,53.30_53.40_53.50_53.60_53.70_,1274_1247_1384_639_557_,53.20_53.10_53.00_52.90_52.80_,1978_404_381_232_304_
11:34:38,53.30,1,13429,53.30_53.40_53.50_53.60_53.70_,1326_1246_1386_639_558_,53.20_53.10_53.00_52.90_52.80_,2113_454_376_232_307_
11:36:20,53.20,7,13478,53.30_53.40_53.50_53.60_53.70_,1310_1246_1384_639_559_,53.20_53.10_53.00_52.90_52.80_,2101_456_376_252_307_
11:38:13,53.20,7,13537,53.30_53.40_53.50_53.60_53.70_,1297_1246_1394_639_559_,53.20_53.10_53.00_52.90_52.80_,2087_456_376_252_309_
11:38:34,53.20,1,13542,53.30_53.40_53.50_53.60_53.70_,1294_1246_1394_639_559_,53.20_53.10_53.00_52.90_52.80_,2084_456_376_252_309_
11:38:39,53.20,2,13544,53.30_53.40_53.50_53.60_53.70_,1294_1246_1394_639_559_,53.20_53.10_53.00_52.90_52.80_,2083_456_376_252_312_
11:38:49,53.20,1,13545,53.30_53.40_53.50_53.60_53.70_,1294_1246_1394_639_559_,53.20_53.10_53.00_52.90_52.80_,2093_456_376_252_312_
11:38:59,53.20,2,13547,53.30_53.40_53.50_53.60_53.70_,1294_1246_1396_639_559_,53.20_53.10_53.00_52.90_52.80_,2093_456_376_252_312_
11:39:40,53.20,2,13569,53.30_53.40_53.50_53.60_53.70_,1353_1246_1396_639_559_,53.20_53.10_53.00_52.90_52.80_,2094_456_376_252_312_
11:40:42,53.20,4,13588,53.30_53.40_53.50_53.60_53.70_,1354_1246_1396_639_559_,53.20_53.10_53.00_52.90_52.80_,2097_456_376_252_312_
11:43:25,53.20,2,14218,53.30_53.40_53.50_53.60_53.70_,1041_1245_1398_639_559_,53.20_53.10_53.00_52.90_52.80_,2050_434_376_252_317_
11:45:39,53.20,2,14376,53.30_53.40_53.50_53.60_53.70_,1061_1244_1408_637_559_,53.20_53.10_53.00_52.90_52.80_,2063_486_376_253_318_
11:45:59,53.20,3,14392,53.30_53.40_53.50_53.60_53.70_,1050_1244_1408_637_559_,53.20_53.10_53.00_52.90_52.80_,2262_486_376_253_318_
11:46:15,53.30,1,14394,53.30_53.40_53.50_53.60_53.70_,1054_1244_1408_637_559_,53.20_53.10_53.00_52.90_52.80_,2261_486_376_253_318_
11:47:06,53.30,1,14428,53.30_53.40_53.50_53.60_53.70_,1059_1244_1411_637_559_,53.20_53.10_53.00_52.90_52.80_,2250_486_376_253_318_
11:47:11,53.20,11,14439,53.30_53.40_53.50_53.60_53.70_,1059_1244_1411_637_559_,53.20_53.10_53.00_52.90_52.80_,2239_486_376_253_321_
11:49:19,53.20,7,14590,53.30_53.40_53.50_53.60_53.70_,1054_1226_1411_637_559_,53.20_53.10_53.00_52.90_52.80_,2207_484_376_253_323_
11:49:45,53.30,1,14616,53.30_53.40_53.50_53.60_53.70_,1046_1226_1411_637_559_,53.20_53.10_53.00_52.90_52.80_,2199_484_376_253_316_
11:50:26,53.20,5,14653,53.30_53.40_53.50_53.60_53.70_,1036_1226_1411_637_559_,53.20_53.10_53.00_52.90_52.80_,2180_474_376_253_316_
11:51:02,53.20,4,14674,53.30_53.40_53.50_53.60_53.70_,1032_1226_1411_637_559_,53.20_53.10_53.00_52.90_52.80_,2177_474_376_253_316_
11:55:28,53.20,4,15426,53.30_53.40_53.50_53.60_53.70_,1051_1236_1413_637_558_,53.20_53.10_53.00_52.90_52.80_,2189_428_316_253_321_
11:56:25,53.30,2,15461,53.30_53.40_53.50_53.60_53.70_,1083_1231_1411_637_558_,53.20_53.10_53.00_52.90_52.80_,2280_428_316_252_324_
11:58:02,53.20,2,15507,53.30_53.40_53.50_53.60_53.70_,1068_1231_1411_637_559_,53.20_53.10_53.00_52.90_52.80_,2280_428_317_252_324_
11:58:53,53.30,1,15552,53.30_53.40_53.50_53.60_53.70_,1121_1231_1411_637_559_,53.20_53.10_53.00_52.90_52.80_,2321_427_317_252_327_
11:59:44,53.20,2,15565,53.30_53.40_53.50_53.60_53.70_,1116_1236_1411_637_559_,53.20_53.10_53.00_52.90_52.80_,2322_427_317_252_327_
12:01:32,53.30,1,15613,53.30_53.40_53.50_53.60_53.70_,1104_1226_1421_637_559_,53.20_53.10_53.00_52.90_52.80_,2322_428_317_232_329_
12:03:40,53.30,1,15674,53.30_53.40_53.50_53.60_53.70_,1086_1230_1451_637_559_,53.20_53.10_53.00_52.90_52.80_,2379_428_319_232_338_
12:04:00,53.20,1,15678,53.30_53.40_53.50_53.60_53.70_,1088_1230_1451_627_559_,53.20_53.10_53.00_52.90_52.80_,2377_428_319_232_338_
12:04:52,53.30,1,15693,53.30_53.40_53.50_53.60_53.70_,1084_1223_1453_627_558_,53.20_53.10_53.00_52.90_52.80_,2384_428_319_232_341_
12:09:34,53.30,4,15862,53.30_53.40_53.50_53.60_53.70_,1157_1226_1524_627_558_,53.20_53.10_53.00_52.90_52.80_,2625_426_319_232_353_
12:10:10,53.30,2,15872,53.30_53.40_53.50_53.60_53.70_,1186_1231_1524_627_558_,53.20_53.10_53.00_52.90_52.80_,2626_426_319_232_353_
12:10:56,53.20,5,15886,53.30_53.40_53.50_53.60_53.70_,1182_1232_1524_627_559_,53.20_53.10_53.00_52.90_52.80_,2621_426_319_232_353_
12:14:36,53.30,1,16019,53.30_53.40_53.50_53.60_53.70_,1245_1233_1533_627_559_,53.20_53.10_53.00_52.90_52.80_,2676_425_324_232_358_
12:14:41,53.20,10,16029,53.30_53.40_53.50_53.60_53.70_,1245_1233_1533_627_559_,53.20_53.10_53.00_52.90_52.80_,2669_425_324_232_358_
12:14:46,53.20,2,16031,53.30_53.40_53.50_53.60_53.70_,1245_1233_1533_627_559_,53.20_53.10_53.00_52.90_52.80_,2667_425_324_232_358_
12:14:51,53.30,2,16033,53.30_53.40_53.50_53.60_53.70_,1241_1233_1533_627_559_,53.20_53.10_53.00_52.90_52.80_,2667_425_324_232_358_
12:15:33,53.30,1,16055,53.30_53.40_53.50_53.60_53.70_,1238_1233_1532_627_559_,53.20_53.10_53.00_52.90_52.80_,2660_425_324_233_358_
12:18:57,53.30,2,16176,53.30_53.40_53.50_53.60_53.70_,1209_1245_1535_627_559_,53.20_53.10_53.00_52.90_52.80_,2777_395_304_203_364_
12:19:13,53.30,1,16178,53.30_53.40_53.50_53.60_53.70_,1208_1245_1535_627_559_,53.20_53.10_53.00_52.90_52.80_,2782_395_304_203_364_
12:19:59,53.30,15,16204,53.30_53.40_53.50_53.60_53.70_,1203_1245_1535_627_559_,53.20_53.10_53.00_52.90_52.80_,2779_395_304_203_364_
12:22:02,53.30,2,16263,53.30_53.40_53.50_53.60_53.70_,1390_1244_1335_627_559_,53.20_53.10_53.00_52.90_52.80_,2772_393_304_203_366_
12:24:51,53.30,2,16347,53.30_53.40_53.50_53.60_53.70_,1378_1248_1335_627_559_,53.20_53.10_53.00_52.90_52.80_,2769_398_304_202_371_
12:25:42,53.30,1,16363,53.30_53.40_53.50_53.60_53.70_,1376_1248_1336_627_559_,53.20_53.10_53.00_52.90_52.80_,2765_398_304_202_371_
12:26:28,53.20,2,16407,53.30_53.40_53.50_53.60_53.70_,1358_1248_1336_627_561_,53.20_53.10_53.00_52.90_52.80_,2748_398_303_202_371_
12:28:41,53.20,2,16612,53.30_53.40_53.50_53.60_53.70_,1398_1249_1335_627_561_,53.20_53.10_53.00_52.90_52.80_,2855_396_303_202_374_
12:36:28,53.20,5,16918,53.30_53.40_53.50_53.60_53.70_,1555_1241_1338_627_561_,53.20_53.10_53.00_52.90_52.80_,3090_399_303_202_355_
12:37:50,53.30,2,17000,53.30_53.40_53.50_53.60_53.70_,1538_1238_1338_627_561_,53.20_53.10_53.00_52.90_52.80_,3079_397_303_202_357_
12:37:55,53.30,3,17003,53.30_53.40_53.50_53.60_53.70_,1535_1238_1338_627_561_,53.20_53.10_53.00_52.90_52.80_,3079_397_303_202_357_
12:39:12,53.30,13,17066,53.30_53.40_53.50_53.60_53.70_,1500_1238_1338_627_561_,53.20_53.10_53.00_52.90_52.80_,3113_398_303_172_357_
12:39:22,53.20,100,17266,53.30_53.40_53.50_53.60_53.70_,1497_1238_1338_627_561_,53.20_53.10_53.00_52.90_52.80_,2919_400_303_172_357_
12:41:05,53.20,8,17411,53.30_53.40_53.50_53.60_53.70_,1576_1188_1337_628_561_,53.20_53.10_53.00_52.90_52.80_,3063_250_303_172_360_
12:41:56,53.20,4,17476,53.30_53.40_53.50_53.60_53.70_,1555_1189_1337_628_561_,53.20_53.10_53.00_52.90_52.80_,3058_244_304_172_363_
12:42:06,53.20,8,17486,53.30_53.40_53.50_53.60_53.70_,1554_1189_1337_628_561_,53.20_53.10_53.00_52.90_52.80_,3066_244_304_172_363_
12:42:27,53.30,5,17510,53.30_53.40_53.50_53.60_53.70_,1539_1190_1337_628_561_,53.20_53.10_53.00_52.90_52.80_,3061_244_304_172_363_
12:42:47,53.30,2,17519,53.30_53.40_53.50_53.60_53.70_,1539_1190_1337_628_561_,53.20_53.10_53.00_52.90_52.80_,3144_244_304_172_363_
12:45:21,53.30,5,17646,53.30_53.40_53.50_53.60_53.70_,1535_1190_1339_628_561_,53.20_53.10_53.00_52.90_52.80_,3189_242_274_172_365_
12:46:43,53.30,3,17729,53.30_53.40_53.50_53.60_53.70_,1573_1181_1339_628_561_,53.20_53.10_53.00_52.90_52.80_,3189_242_274_172_368_
12:48:51,53.30,1,17852,53.30_53.40_53.50_53.60_53.70_,1567_1181_1329_628_561_,53.20_53.10_53.00_52.90_52.80_,3181_244_274_172_371_
12:58:00,53.20,6,18671,53.30_53.40_53.50_53.60_53.70_,1563_976_1166_576_560_,53.20_53.10_53.00_52.90_52.80_,3494_185_274_209_380_
12:58:10,53.30,10,18690,53.30_53.40_53.50_53.60_53.70_,1549_978_1166_576_560_,53.20_53.10_53.00_52.90_52.80_,3499_185_274_209_380_
12:58:20,53.30,1,18695,53.30_53.40_53.50_53.60_53.70_,1544_978_1166_576_560_,53.20_53.10_53.00_52.90_52.80_,3499_185_274_209_380_
12:58:51,53.30,8,18947,53.30_53.40_53.50_53.60_53.70_,1549_978_1166_576_561_,53.20_53.10_53.00_52.90_52.80_,3352_185_274_209_380_
13:01:30,53.20,1,19112,53.30_53.40_53.50_53.60_53.70_,1475_982_1166_576_561_,53.20_53.10_53.00_52.90_52.80_,3380_182_273_209_383_
13:01:35,53.30,6,19118,53.30_53.40_53.50_53.60_53.70_,1471_982_1166_576_561_,53.20_53.10_53.00_52.90_52.80_,3390_182_273_209_386_
13:04:44,53.30,5,19556,53.30_53.40_53.50_53.60_53.70_,1420_1041_1164_576_560_,53.20_53.10_53.00_52.90_52.80_,3461_86_273_209_388_
13:04:54,53.20,21,19591,53.30_53.40_53.50_53.60_53.70_,1410_1041_1164_576_560_,53.20_53.10_53.00_52.90_52.80_,3446_86_273_209_388_
13:12:46,53.20,5,21225,53.30_53.40_53.50_53.60_53.70_,1966_1010_1145_575_868_,53.20_53.10_53.00_52.90_52.80_,2843_181_273_190_378_
13:12:51,53.30,5,21230,53.30_53.40_53.50_53.60_53.70_,1961_1012_1145_575_868_,53.20_53.10_53.00_52.90_52.80_,2843_181_273_190_378_
13:12:56,53.30,3,21233,53.30_53.40_53.50_53.60_53.70_,1960_1012_1145_575_868_,53.20_53.10_53.00_52.90_52.80_,2843_181_273_190_378_
13:16:11,53.20,13,22001,53.30_53.40_53.50_53.60_53.70_,1915_1032_1145_575_867_,53.20_53.10_53.00_52.90_52.80_,2326_227_273_189_380_
13:24:02,53.20,217,23352,53.30_53.40_53.50_53.60_53.70_,1686_1018_1147_575_867_,53.20_53.10_53.00_52.90_52.80_,2284_84_235_169_452_
13:29:42,53.20,71,24036,53.30_53.40_53.50_53.60_53.70_,3598_1016_1561_475_867_,53.20_53.10_53.00_52.90_52.80_,2178_13_264_196_423_
13:30:00,53.20,1505,25541,53.30_53.40_53.50_53.60_53.70_,3618_1015_1556_465_867_,53.20_53.10_53.00_52.90_52.80_,2176_13_264_196_423_
