09:00:17,74.70,17,17,75.00_75.10_75.20_75.40_75.50_,9_1_5_5_2_,74.60_74.50_74.40_74.30_74.20_,11_16_5_12_15_
09:00:53,74.80,2,19,75.00_75.10_75.20_75.40_75.50_,6_1_5_5_2_,74.80_74.60_74.50_74.40_74.30_,1_16_15_5_12_
09:01:34,75.00,1,21,75.00_75.10_75.20_75.40_75.50_,5_1_5_5_2_,74.70_74.60_74.50_74.40_74.30_,2_16_15_5_12_
09:01:39,75.00,1,21,75.00_75.10_75.20_75.40_75.50_,5_1_5_5_2_,74.70_74.60_74.50_74.40_74.30_,1_16_15_5_12_
09:01:44,75.00,1,21,75.00_75.10_75.20_75.40_75.50_,5_1_5_5_2_,74.70_74.60_74.50_74.40_74.30_,1_16_15_5_13_
09:02:04,75.00,1,22,75.00_75.10_75.20_75.40_75.50_,4_1_5_5_2_,74.70_74.60_74.50_74.40_74.30_,1_16_15_5_13_
09:02:20,74.70,1,23,75.00_75.10_75.20_75.40_75.50_,4_1_5_5_2_,74.70_74.60_74.50_74.40_74.30_,1_16_16_5_12_
09:02:25,74.70,1,23,75.00_75.10_75.20_75.40_75.50_,4_1_5_5_2_,74.70_74.60_74.50_74.40_74.30_,1_16_16_5_13_
09:02:35,74.70,1,23,74.70_75.00_75.10_75.20_75.40_,1_4_1_5_5_,74.60_74.50_74.40_74.30_74.20_,16_16_5_13_15_
09:02:40,74.60,19,42,74.70_75.00_75.10_75.20_75.40_,1_4_1_5_5_,74.60_74.50_74.40_74.30_74.20_,2_16_5_12_16_
09:02:50,74.70,1,43,74.80_75.00_75.10_75.20_75.40_,1_4_1_5_5_,74.70_74.60_74.50_74.40_74.30_,1_2_15_5_13_
09:04:02,75.00,101,671,75.00_75.20_75.40_75.50_75.60_,33_5_5_2_5_,74.60_74.50_74.40_74.30_74.20_,4_1_5_12_16_
09:04:43,75.70,2,724,75.70_75.80_75.90_76.00_76.10_,2_5_6_22_5_,75.40_75.00_74.70_74.60_74.40_,12_24_1_3_5_
09:05:24,75.90,6,753,76.00_76.10_76.20_76.30_76.40_,22_5_5_3_6_,75.80_75.70_75.50_75.40_75.20_,12_6_4_12_1_
09:05:29,76.00,3,756,76.00_76.10_76.20_76.30_76.40_,20_5_5_3_6_,75.80_75.70_75.50_75.40_75.20_,12_6_4_12_1_
09:05:34,76.00,2,758,76.00_76.10_76.20_76.30_76.40_,18_5_5_3_6_,75.80_75.70_75.50_75.40_75.20_,12_6_2_12_1_
09:06:31,76.00,6,777,75.90_76.00_76.10_76.20_76.30_,1_13_5_5_6_,75.80_75.70_75.50_75.40_75.20_,13_1_1_10_2_
09:07:37,75.90,8,811,76.00_76.10_76.20_76.30_76.40_,19_10_5_6_6_,75.90_75.70_75.50_75.40_75.20_,3_2_1_10_3_
09:07:48,75.70,2,816,75.80_75.90_76.00_76.10_76.20_,2_4_19_10_5_,75.50_75.40_75.20_75.10_74.70_,1_10_3_8_2_
09:10:26,75.70,2,829,75.80_75.90_76.00_76.10_76.20_,5_3_41_10_10_,75.60_75.50_75.30_75.20_75.10_,7_7_1_1_8_
09:10:37,75.70,1,830,75.80_75.90_76.00_76.10_76.20_,3_5_41_10_10_,75.70_75.60_75.50_75.30_75.20_,1_7_7_1_2_
09:12:09,75.50,1,840,75.70_75.80_75.90_76.00_76.10_,4_3_9_41_10_,75.50_75.30_75.20_75.10_75.00_,5_1_1_7_2_
09:13:00,75.50,3,846,75.60_75.70_75.80_75.90_76.00_,4_3_3_8_49_,75.30_75.20_75.10_75.00_74.80_,1_1_7_1_3_
09:13:15,75.50,3,846,75.50_75.60_75.70_75.80_75.90_,1_4_3_3_8_,75.30_75.20_75.10_75.00_74.80_,3_3_7_1_3_
09:13:20,75.50,1,847,75.60_75.70_75.80_75.90_76.00_,3_3_3_8_49_,75.30_75.20_75.10_75.00_74.80_,3_3_7_1_3_
09:13:25,75.50,1,847,75.60_75.70_75.80_75.90_76.00_,4_3_3_8_49_,75.30_75.20_75.10_75.00_74.80_,3_3_7_1_3_
09:14:22,75.60,4,852,75.60_75.70_75.80_75.90_76.00_,6_3_3_8_49_,75.30_75.20_75.10_75.00_74.80_,3_3_7_1_3_
09:17:16,75.60,1,853,75.50_75.60_75.70_75.80_75.90_,1_6_3_3_7_,75.40_75.30_75.20_75.10_75.00_,2_5_3_7_1_
09:17:21,75.60,1,854,75.60_75.70_75.80_75.90_76.00_,6_3_3_7_60_,75.40_75.30_75.20_75.10_75.00_,3_4_3_7_2_
09:18:23,75.60,1,854,75.60_75.70_75.80_75.90_76.00_,6_3_3_7_65_,75.50_75.40_75.30_75.20_75.10_,7_1_4_3_8_
09:18:33,75.60,1,854,75.60_75.70_75.80_75.90_76.00_,6_3_3_7_65_,75.50_75.30_75.20_75.10_75.00_,7_4_3_8_1_
09:20:36,75.50,4,867,75.50_75.60_75.70_75.80_75.90_,1_4_9_3_9_,75.30_75.20_75.10_75.00_74.80_,4_3_7_2_8_
09:20:41,75.50,4,867,75.50_75.60_75.70_75.80_75.90_,1_3_9_8_9_,75.30_75.20_75.10_75.00_74.80_,5_3_7_1_3_
09:20:46,75.50,4,867,75.50_75.60_75.70_75.80_75.90_,2_3_9_8_9_,75.30_75.20_75.10_75.00_74.80_,4_3_7_1_3_
09:21:37,75.50,1,868,75.50_75.60_75.70_75.80_75.90_,1_3_9_8_19_,75.30_75.20_75.10_75.00_74.80_,4_3_7_1_3_
09:24:42,75.20,1,880,75.30_75.60_75.70_75.80_75.90_,4_3_8_8_19_,75.20_75.10_75.00_74.90_74.80_,4_7_1_1_5_
09:25:48,75.10,7,892,75.10_75.20_75.30_75.60_75.70_,3_3_1_3_8_,75.00_74.90_74.80_74.70_74.60_,1_1_4_7_2_
09:25:53,75.10,7,892,75.10_75.20_75.30_75.60_75.70_,4_2_1_3_8_,75.00_74.90_74.80_74.70_74.60_,1_1_4_6_3_
09:25:58,75.10,7,892,75.10_75.20_75.30_75.60_75.70_,4_2_1_3_8_,75.00_74.90_74.80_74.70_74.60_,4_1_4_6_3_
09:26:14,75.10,2,894,75.10_75.20_75.30_75.60_75.70_,2_2_1_3_8_,75.00_74.90_74.80_74.70_74.60_,4_1_4_6_8_
09:26:19,75.10,2,894,75.10_75.20_75.30_75.60_75.70_,3_2_1_3_8_,75.00_74.90_74.80_74.70_74.60_,4_1_4_6_8_
09:27:36,75.20,2,899,75.30_75.60_75.70_75.80_75.90_,1_3_8_8_23_,75.20_75.10_75.00_74.90_74.80_,2_5_1_1_5_
09:28:38,75.60,1,902,75.60_75.70_75.80_75.90_76.00_,1_8_8_23_67_,75.20_75.10_75.00_74.90_74.80_,2_5_1_1_4_
09:29:08,75.60,1,902,75.60_75.70_75.80_75.90_76.00_,1_8_8_24_67_,75.20_75.10_75.00_74.90_74.80_,3_5_1_1_4_
09:29:34,75.60,1,902,75.60_75.70_75.80_75.90_76.00_,1_8_8_24_67_,75.20_75.10_75.00_74.90_74.80_,4_5_1_1_4_
09:29:39,75.60,1,903,75.60_75.70_75.80_75.90_76.00_,2_8_8_24_67_,75.40_75.20_75.10_75.00_74.90_,2_3_5_1_1_
09:29:44,75.60,1,903,75.60_75.70_75.80_75.90_76.00_,2_8_8_24_67_,75.40_75.20_75.10_75.00_74.90_,1_3_5_1_2_
09:29:59,75.60,1,903,75.60_75.70_75.80_75.90_76.00_,2_8_8_24_67_,75.40_75.20_75.10_75.00_74.90_,1_2_5_1_2_
09:30:45,75.60,1,903,75.60_75.70_75.80_75.90_76.00_,2_8_8_28_66_,75.40_75.20_75.10_75.00_74.90_,1_2_5_1_2_
09:31:01,75.60,1,903,75.60_75.70_75.80_75.90_76.00_,2_8_12_24_66_,75.40_75.20_75.10_75.00_74.90_,1_2_5_1_2_
09:32:33,75.60,1,904,75.60_75.70_75.80_75.90_76.00_,1_9_13_24_65_,75.40_75.20_75.10_75.00_74.90_,1_2_5_1_2_
09:32:43,75.40,1,905,75.60_75.70_75.80_75.90_76.00_,1_9_13_24_65_,75.20_75.10_75.00_74.90_74.80_,2_5_1_2_3_
09:32:48,75.40,1,905,75.60_75.70_75.80_75.90_76.00_,1_9_13_24_65_,75.20_75.10_75.00_74.90_74.80_,2_5_1_1_3_
09:34:31,75.60,1,909,75.60_75.70_75.80_75.90_76.00_,2_12_9_24_65_,75.50_75.20_75.10_75.00_74.90_,4_2_5_1_1_
09:34:36,75.60,1,909,75.60_75.70_75.80_75.90_76.00_,2_12_9_24_65_,75.50_75.20_75.10_75.00_74.90_,4_1_5_1_1_
09:34:41,75.60,1,909,75.60_75.70_75.80_75.90_76.00_,2_12_9_25_65_,75.50_75.20_75.10_75.00_74.90_,4_1_5_1_1_
09:35:32,75.60,1,909,75.60_75.70_75.80_75.90_76.00_,1_12_9_25_65_,75.50_75.20_75.10_75.00_74.90_,4_1_5_1_1_
09:37:46,75.50,1,911,75.60_75.70_75.80_75.90_76.00_,1_12_9_25_65_,75.50_75.20_75.10_75.00_74.90_,3_1_5_1_1_
09:38:01,75.60,3,915,75.60_75.70_75.80_75.90_76.00_,1_8_19_25_65_,75.50_75.20_75.10_75.00_74.90_,2_1_5_1_1_
09:38:17,75.50,1,916,75.60_75.70_75.80_75.90_76.00_,1_9_19_25_65_,75.50_75.20_75.10_75.00_74.90_,1_1_5_1_1_
09:39:28,75.50,1,917,75.60_75.70_75.80_75.90_76.00_,2_9_19_25_65_,75.20_75.10_75.00_74.90_74.80_,3_5_1_1_3_
09:40:45,75.50,1,917,75.60_75.70_75.80_75.90_76.00_,2_10_19_25_65_,75.50_75.30_75.20_75.10_75.00_,2_2_2_6_1_
09:41:06,75.50,1,919,75.60_75.70_75.80_75.90_76.00_,2_10_19_25_65_,75.50_75.30_75.20_75.10_75.00_,1_2_2_6_1_
09:41:57,75.50,1,919,75.60_75.70_75.80_75.90_76.00_,2_10_19_25_65_,75.50_75.30_75.20_75.10_75.00_,3_2_2_6_1_
09:42:38,75.50,1,919,75.60_75.70_75.80_75.90_76.00_,2_10_19_25_69_,75.50_75.30_75.20_75.10_75.00_,4_2_2_6_1_
09:42:48,75.50,1,920,75.60_75.70_75.80_75.90_76.00_,3_9_19_25_69_,75.50_75.30_75.20_75.10_75.00_,3_2_2_6_1_
09:42:58,75.50,1,920,75.60_75.70_75.80_75.90_76.00_,3_9_19_25_69_,75.50_75.40_75.30_75.20_75.10_,3_1_2_2_6_
09:43:19,75.60,1,921,75.60_75.70_75.80_75.90_76.00_,2_9_19_25_69_,75.50_75.40_75.30_75.20_75.10_,3_1_2_2_6_
09:44:46,75.60,1,924,75.60_75.70_75.80_75.90_76.00_,2_9_18_25_69_,75.50_75.40_75.30_75.20_75.10_,3_1_2_2_6_
09:45:58,75.60,1,924,75.60_75.70_75.80_75.90_76.00_,3_9_18_25_69_,75.50_75.40_75.30_75.20_75.10_,3_1_2_2_6_
09:46:54,75.60,1,924,75.60_75.70_75.80_75.90_76.00_,3_9_8_25_69_,75.50_75.40_75.30_75.20_75.10_,3_1_2_2_6_
09:47:00,75.60,1,925,75.60_75.70_75.80_75.90_76.00_,2_9_8_25_69_,75.50_75.40_75.30_75.20_75.10_,3_1_2_2_6_
09:47:36,75.60,1,925,75.60_75.70_75.80_75.90_76.00_,2_9_8_25_70_,75.50_75.40_75.30_75.20_75.10_,4_1_2_2_6_
09:48:01,75.60,1,925,75.60_75.70_75.80_75.90_76.00_,1_9_9_25_70_,75.50_75.40_75.30_75.20_75.10_,4_2_2_2_6_
09:48:52,75.60,1,925,75.60_75.70_75.80_75.90_76.00_,2_8_9_25_70_,75.50_75.40_75.30_75.20_75.10_,4_2_2_2_6_
09:49:18,75.60,1,925,75.60_75.70_75.80_75.90_76.00_,2_8_9_25_71_,75.50_75.40_75.30_75.20_75.10_,4_2_2_2_6_
09:49:23,75.60,1,926,75.60_75.70_75.80_75.90_76.00_,2_8_9_25_71_,75.50_75.40_75.30_75.20_75.10_,4_2_2_2_6_
09:50:19,75.50,4,930,75.50_75.60_75.70_75.80_75.90_,2_2_8_9_25_,75.40_75.30_75.20_75.10_75.00_,2_2_2_6_1_
09:50:45,75.40,1,931,75.50_75.60_75.70_75.80_75.90_,2_2_8_9_25_,75.40_75.30_75.20_75.10_75.00_,1_2_2_6_1_
09:50:50,75.40,1,931,75.50_75.60_75.70_75.80_75.90_,2_2_8_9_25_,75.30_75.20_75.10_75.00_74.90_,2_2_6_1_1_
09:50:55,75.40,1,931,75.50_75.60_75.70_75.80_75.90_,2_2_8_9_25_,75.30_75.20_75.10_75.00_74.90_,2_3_6_1_1_
09:53:13,75.40,2,936,75.40_75.50_75.60_75.70_75.80_,1_3_4_8_9_,75.20_75.10_75.00_74.90_74.80_,4_6_1_1_4_
09:54:20,75.40,1,937,75.40_75.50_75.60_75.70_75.80_,1_3_4_8_9_,75.30_75.20_75.10_75.00_74.90_,2_3_6_1_1_
09:54:25,75.40,1,937,75.40_75.50_75.60_75.70_75.80_,1_3_4_8_9_,75.30_75.20_75.10_75.00_74.90_,1_3_6_1_1_
09:54:51,75.40,1,937,75.40_75.50_75.60_75.70_75.80_,2_2_4_8_9_,75.30_75.20_75.10_75.00_74.90_,1_3_6_3_1_
09:56:08,75.40,1,938,75.40_75.50_75.60_75.70_75.80_,1_2_4_8_9_,75.30_75.20_75.10_75.00_74.90_,1_3_6_3_1_
09:56:54,75.40,1,939,75.50_75.60_75.70_75.80_75.90_,3_4_8_9_25_,75.30_75.20_75.10_75.00_74.90_,1_3_6_3_1_
09:59:32,75.40,1,940,75.40_75.50_75.60_75.70_75.80_,5_3_3_8_9_,75.30_75.20_75.10_75.00_74.90_,1_3_6_3_1_
10:02:01,75.40,1,941,75.40_75.50_75.60_75.70_75.80_,5_2_3_8_9_,75.30_75.20_75.10_75.00_74.90_,1_3_6_4_1_
10:02:52,75.40,1,941,75.40_75.50_75.60_75.70_75.80_,5_3_3_8_9_,75.30_75.20_75.10_75.00_74.90_,1_3_6_4_1_
10:03:27,75.40,1,941,75.40_75.50_75.60_75.70_75.80_,5_3_3_8_12_,75.30_75.20_75.10_75.00_74.90_,1_3_6_4_1_
10:03:38,75.40,1,941,75.40_75.50_75.60_75.70_75.80_,5_3_4_8_12_,75.30_75.20_75.10_75.00_74.90_,1_3_6_4_1_
10:04:34,75.40,1,942,75.40_75.50_75.60_75.70_75.80_,4_3_4_8_12_,75.30_75.20_75.10_75.00_74.90_,1_3_6_4_1_
10:05:20,75.40,1,942,75.40_75.50_75.60_75.70_75.80_,4_5_4_8_12_,75.30_75.20_75.10_75.00_74.90_,1_3_6_4_1_
10:06:22,75.40,1,942,75.40_75.50_75.60_75.70_75.80_,5_5_4_8_12_,75.30_75.20_75.10_75.00_74.90_,1_3_6_4_1_
10:06:53,75.40,1,942,75.40_75.50_75.60_75.70_75.80_,6_4_4_8_12_,75.30_75.20_75.10_75.00_74.90_,1_3_6_4_1_
10:09:31,75.20,1,946,75.30_75.40_75.50_75.60_75.70_,3_3_5_4_8_,75.20_75.10_75.00_74.90_74.80_,3_6_4_1_5_
10:09:52,75.20,1,946,75.30_75.40_75.50_75.60_75.70_,5_2_4_4_8_,75.20_75.10_75.00_74.90_74.80_,3_6_4_1_5_
10:10:02,75.20,2,948,75.30_75.40_75.50_75.60_75.70_,5_2_4_4_8_,75.20_75.10_75.00_74.90_74.80_,1_6_4_1_5_
10:12:00,75.20,1,950,75.20_75.30_75.40_75.50_75.60_,2_3_1_4_4_,75.10_75.00_74.90_74.80_74.70_,6_4_1_5_3_
10:13:12,75.20,1,950,75.20_75.30_75.40_75.50_75.60_,2_3_1_4_3_,75.10_75.00_74.90_74.80_74.70_,6_4_1_5_3_
10:13:37,75.20,1,951,75.20_75.30_75.40_75.50_75.60_,2_2_1_4_3_,75.10_75.00_74.90_74.80_74.70_,5_4_1_5_3_
10:17:07,75.20,2,959,75.30_75.40_75.50_75.60_75.70_,3_1_4_3_8_,75.10_75.00_74.90_74.80_74.70_,2_4_1_5_5_
10:17:43,75.20,2,959,75.30_75.40_75.50_75.60_75.70_,3_1_4_3_8_,75.20_75.00_74.90_74.80_74.70_,2_4_1_5_5_
10:18:34,75.20,2,959,75.30_75.40_75.50_75.60_75.70_,3_1_4_3_8_,75.20_75.00_74.90_74.80_74.70_,1_4_1_5_5_
10:20:07,75.20,2,959,75.30_75.40_75.50_75.60_75.70_,3_1_4_3_8_,75.20_75.10_75.00_74.90_74.80_,1_1_4_1_5_
10:20:48,75.20,2,959,75.30_75.40_75.50_75.60_75.70_,3_2_4_3_8_,75.20_75.10_75.00_74.90_74.80_,1_1_4_1_5_
10:22:45,75.00,3,963,75.20_75.30_75.40_75.50_75.60_,5_11_6_9_5_,75.00_74.90_74.80_74.70_74.60_,2_1_5_5_4_
10:23:06,75.00,3,963,75.20_75.30_75.40_75.50_75.60_,5_11_6_9_5_,75.00_74.90_74.80_74.70_74.60_,3_1_5_5_4_
10:24:02,75.00,1,964,75.20_75.30_75.40_75.50_75.60_,5_11_6_9_15_,75.00_74.90_74.80_74.70_74.60_,2_1_5_5_4_
10:25:24,75.20,1,969,75.20_75.30_75.40_75.50_75.60_,3_11_6_9_15_,75.00_74.90_74.80_74.70_74.60_,2_1_5_5_4_
10:25:35,75.20,1,969,75.20_75.30_75.40_75.50_75.60_,3_11_6_9_15_,75.00_74.90_74.80_74.70_74.60_,2_2_5_5_4_
10:25:45,75.20,1,969,75.20_75.30_75.40_75.50_75.60_,3_11_6_9_15_,75.00_74.90_74.80_74.70_74.60_,2_2_5_5_6_
10:25:50,75.20,1,969,75.20_75.30_75.40_75.50_75.60_,4_10_6_9_15_,75.00_74.90_74.80_74.70_74.60_,2_2_5_5_6_
10:26:16,75.20,1,970,75.20_75.30_75.40_75.50_75.60_,12_10_6_9_15_,75.00_74.90_74.80_74.70_74.60_,2_2_5_6_6_
10:26:41,75.20,1,970,75.20_75.30_75.40_75.50_75.60_,12_10_6_9_15_,75.00_74.90_74.80_74.70_74.60_,2_2_5_6_4_
10:26:51,75.20,1,970,75.20_75.30_75.40_75.50_75.60_,12_11_6_9_15_,75.00_74.90_74.80_74.70_74.60_,2_2_5_6_4_
10:27:43,75.20,1,970,75.20_75.30_75.40_75.50_75.60_,12_11_6_9_15_,75.00_74.90_74.80_74.70_74.60_,2_2_5_6_5_
10:29:25,75.00,2,973,75.10_75.20_75.30_75.40_75.50_,7_11_10_6_21_,74.90_74.80_74.70_74.60_74.50_,2_5_4_5_10_
10:29:41,75.00,2,973,75.10_75.20_75.30_75.40_75.50_,7_11_10_6_21_,74.90_74.80_74.70_74.60_74.50_,2_5_4_5_15_
10:29:51,75.00,2,973,75.00_75.10_75.20_75.30_75.40_,1_7_11_10_6_,74.90_74.80_74.70_74.60_74.50_,2_5_4_5_15_
10:29:56,75.00,2,973,75.00_75.10_75.20_75.30_75.40_,2_7_11_10_6_,74.90_74.80_74.70_74.60_74.50_,2_5_4_5_15_
10:30:27,75.00,1,975,75.00_75.10_75.20_75.30_75.40_,1_7_11_10_6_,74.90_74.80_74.70_74.60_74.50_,2_5_4_5_15_
10:30:37,75.00,1,975,75.00_75.10_75.20_75.30_75.40_,1_7_11_13_6_,74.90_74.80_74.70_74.60_74.50_,2_5_4_5_15_
10:30:52,75.00,1,975,75.00_75.10_75.20_75.30_75.40_,3_6_10_13_6_,74.90_74.80_74.70_74.60_74.50_,2_5_4_5_15_
10:31:02,75.00,1,975,75.00_75.10_75.20_75.30_75.40_,3_6_13_10_6_,74.90_74.80_74.70_74.60_74.50_,2_5_4_5_15_
10:34:53,74.90,2,982,75.00_75.10_75.20_75.30_75.40_,5_9_10_12_6_,74.80_74.70_74.60_74.50_74.40_,6_4_5_15_6_
10:35:14,74.80,6,988,74.80_75.00_75.10_75.20_75.30_,4_9_6_10_12_,74.70_74.60_74.50_74.40_74.30_,4_5_15_6_12_
10:35:34,74.80,4,995,75.00_75.10_75.20_75.30_75.40_,9_6_10_24_6_,74.80_74.70_74.60_74.50_74.40_,2_2_5_15_5_
10:35:44,75.00,1,996,75.00_75.10_75.20_75.30_75.40_,8_6_10_12_18_,74.80_74.70_74.60_74.50_74.40_,2_2_5_14_5_
10:36:00,75.00,1,996,75.00_75.10_75.20_75.30_75.40_,7_6_10_9_18_,74.80_74.70_74.60_74.50_74.40_,2_2_5_14_5_
10:36:05,75.00,1,996,74.90_75.00_75.10_75.20_75.30_,3_4_6_10_9_,74.80_74.70_74.60_74.50_74.40_,2_2_5_14_5_
10:36:25,74.80,1,997,74.90_75.00_75.10_75.20_75.30_,5_4_6_10_9_,74.80_74.70_74.60_74.50_74.40_,1_2_5_14_5_
10:38:08,74.60,1,1012,74.60_74.80_74.90_75.00_75.10_,3_5_2_5_5_,74.50_74.40_74.30_74.20_74.10_,16_10_12_15_10_
10:39:25,74.80,1,1019,74.80_74.90_75.00_75.10_75.20_,4_3_5_5_10_,74.70_74.60_74.50_74.40_74.30_,3_7_17_10_12_
10:39:40,74.70,3,1022,74.70_74.80_74.90_75.00_75.10_,1_4_3_6_5_,74.60_74.50_74.40_74.30_74.20_,7_17_10_12_15_
10:39:50,74.70,3,1022,74.70_74.80_74.90_75.00_75.10_,2_4_2_6_5_,74.60_74.50_74.40_74.30_74.20_,7_17_10_12_15_
10:39:55,74.60,7,1029,74.60_74.70_74.80_74.90_75.00_,3_2_4_2_6_,74.50_74.40_74.30_74.20_74.10_,17_10_12_15_10_
10:40:47,74.60,5,1035,74.70_74.80_75.00_75.10_75.20_,1_3_6_5_22_,74.60_74.50_74.40_74.30_74.20_,3_15_10_12_15_
10:41:58,74.70,1,1037,74.80_74.90_75.00_75.10_75.20_,1_1_6_5_10_,74.70_74.60_74.50_74.40_74.30_,5_4_21_11_12_
10:42:34,74.70,2,1039,74.90_75.00_75.10_75.20_75.30_,1_6_5_10_7_,74.70_74.60_74.50_74.40_74.30_,10_8_21_11_12_
10:43:10,74.80,1,1041,75.00_75.10_75.20_75.30_75.40_,6_5_10_7_19_,74.70_74.60_74.50_74.40_74.30_,9_8_24_11_12_
10:43:26,74.70,5,1046,75.00_75.10_75.20_75.30_75.40_,6_5_10_7_19_,74.70_74.60_74.50_74.40_74.30_,4_8_24_11_14_
10:44:53,75.00,1,1047,74.90_75.00_75.10_75.20_75.30_,3_7_5_10_7_,74.70_74.60_74.50_74.40_74.30_,4_8_24_11_14_
10:45:49,75.00,1,1047,74.90_75.00_75.10_75.20_75.30_,3_7_5_10_7_,74.80_74.70_74.60_74.50_74.40_,1_4_8_23_11_
10:47:47,74.90,1,1048,74.90_75.00_75.10_75.20_75.30_,3_7_5_10_7_,74.80_74.70_74.60_74.50_74.40_,1_4_9_23_11_
10:48:18,74.90,1,1048,74.90_75.00_75.10_75.20_75.30_,2_7_5_10_7_,74.80_74.70_74.60_74.50_74.40_,1_4_9_23_11_
10:49:09,74.90,1,1048,74.90_75.00_75.10_75.20_75.30_,2_7_5_10_7_,74.80_74.70_74.60_74.50_74.40_,1_4_8_23_11_
10:50:31,74.90,2,1050,74.90_75.00_75.10_75.20_75.30_,2_7_5_10_7_,74.80_74.70_74.60_74.50_74.40_,1_4_10_19_11_
10:50:51,74.90,2,1050,74.90_75.00_75.10_75.20_75.30_,3_7_5_10_7_,74.80_74.70_74.60_74.50_74.40_,1_4_10_19_11_
10:51:12,74.90,1,1051,74.90_75.00_75.10_75.20_75.30_,2_7_5_10_7_,74.80_74.70_74.60_74.50_74.40_,1_4_10_19_11_
10:51:17,74.90,1,1051,74.90_75.00_75.10_75.20_75.30_,2_6_5_10_7_,74.80_74.70_74.60_74.50_74.40_,1_4_10_19_11_
10:54:01,74.70,1,1060,74.70_74.80_74.90_75.00_75.10_,5_1_1_5_5_,74.60_74.50_74.40_74.30_74.20_,10_18_11_14_15_
10:54:57,74.80,1,1078,75.00_75.10_75.20_75.30_75.40_,5_5_10_7_19_,74.70_74.60_74.50_74.40_74.30_,3_1_17_11_14_
10:57:41,75.00,1,1080,75.00_75.10_75.20_75.30_75.40_,3_6_10_7_19_,74.70_74.50_74.40_74.30_74.20_,4_18_11_14_15_
10:59:08,75.00,1,1082,75.00_75.10_75.20_75.30_75.40_,7_6_10_7_19_,74.70_74.60_74.50_74.40_74.30_,3_1_18_11_14_
10:59:29,75.00,1,1082,74.90_75.00_75.10_75.20_75.30_,2_7_6_10_7_,74.70_74.60_74.50_74.40_74.30_,3_1_18_11_14_
10:59:54,75.00,1,1082,74.90_75.00_75.10_75.20_75.30_,2_8_6_10_7_,74.70_74.60_74.50_74.40_74.30_,3_1_18_11_14_
11:00:15,75.00,1,1082,74.90_75.00_75.10_75.20_75.30_,3_13_6_10_7_,74.70_74.60_74.50_74.40_74.30_,3_1_20_11_14_
11:00:20,75.00,1,1082,74.90_75.00_75.10_75.20_75.30_,3_13_6_10_7_,74.70_74.60_74.50_74.40_74.30_,3_1_21_11_14_
11:00:51,75.00,1,1082,74.90_75.00_75.10_75.20_75.30_,3_13_6_10_7_,74.70_74.60_74.50_74.40_74.30_,3_2_21_11_14_
11:01:21,74.90,2,1084,74.90_75.00_75.10_75.20_75.30_,1_13_6_10_7_,74.70_74.60_74.50_74.40_74.30_,2_2_21_11_14_
11:02:48,74.90,2,1084,74.90_75.00_75.10_75.20_75.30_,2_14_5_10_7_,74.70_74.60_74.50_74.40_74.30_,2_2_21_11_14_
11:04:36,74.90,2,1084,74.90_75.00_75.10_75.20_75.30_,2_14_5_10_7_,74.70_74.60_74.50_74.40_74.30_,2_3_21_11_14_
11:08:37,74.80,3,1087,74.90_75.00_75.10_75.20_75.30_,3_13_5_10_7_,74.70_74.60_74.50_74.40_74.30_,2_3_20_11_14_
11:09:03,74.70,2,1089,74.70_74.90_75.00_75.10_75.20_,1_3_13_5_10_,74.60_74.50_74.40_74.30_74.20_,3_21_11_12_15_
11:09:13,74.70,2,1089,74.70_74.90_75.00_75.10_75.20_,3_3_13_5_10_,74.60_74.50_74.40_74.30_74.20_,3_21_11_12_15_
11:10:09,74.80,1,1094,74.90_75.00_75.10_75.20_75.30_,1_13_5_10_7_,74.70_74.60_74.50_74.40_74.30_,2_3_22_11_12_
11:10:50,74.80,1,1094,74.80_74.90_75.00_75.10_75.20_,1_1_13_5_10_,74.70_74.60_74.50_74.40_74.30_,2_3_22_11_13_
11:13:24,74.70,2,1096,74.80_74.90_75.00_75.10_75.20_,5_1_13_5_10_,74.60_74.50_74.40_74.30_74.20_,3_22_11_13_15_
11:14:05,74.70,2,1096,74.80_74.90_75.00_75.10_75.20_,5_1_13_5_10_,74.60_74.50_74.40_74.30_74.20_,3_20_11_13_15_
11:14:26,74.70,2,1096,74.80_74.90_75.00_75.10_75.20_,5_3_13_5_22_,74.60_74.50_74.40_74.30_74.20_,3_20_11_13_15_
11:16:19,74.80,1,1099,74.80_74.90_75.00_75.10_75.20_,3_7_8_5_10_,74.60_74.50_74.40_74.30_74.20_,2_20_11_13_15_
11:18:52,74.80,1,1099,74.80_74.90_75.00_75.10_75.20_,3_7_8_5_10_,74.70_74.60_74.50_74.40_74.30_,2_2_20_11_13_
11:19:49,74.80,1,1099,74.80_74.90_75.00_75.10_75.20_,4_6_8_5_10_,74.70_74.60_74.50_74.40_74.30_,2_2_20_11_13_
11:23:49,74.70,3,1106,74.80_74.90_75.00_75.10_75.20_,3_6_8_5_10_,74.70_74.50_74.40_74.30_74.20_,5_22_11_13_15_
11:24:00,74.70,3,1106,74.80_74.90_75.00_75.10_75.20_,3_6_7_5_10_,74.70_74.50_74.40_74.30_74.20_,5_23_11_13_15_
11:24:10,74.70,1,1107,74.80_74.90_75.00_75.10_75.20_,3_6_7_5_10_,74.70_74.50_74.40_74.30_74.20_,4_23_11_13_15_
11:24:41,74.70,1,1108,74.80_74.90_75.00_75.10_75.20_,3_6_7_5_10_,74.70_74.50_74.40_74.30_74.20_,3_23_11_13_15_
11:25:01,74.70,1,1108,74.80_74.90_75.00_75.10_75.20_,3_6_7_5_10_,74.70_74.50_74.40_74.30_74.20_,3_23_12_13_15_
11:26:08,74.70,1,1108,74.80_74.90_75.00_75.10_75.20_,4_5_7_5_10_,74.70_74.50_74.40_74.30_74.20_,4_23_13_14_15_
11:27:51,74.70,1,1108,74.80_74.90_75.00_75.10_75.20_,4_6_7_5_10_,74.70_74.50_74.40_74.30_74.20_,4_23_13_14_15_
11:30:09,74.70,1,1108,74.80_74.90_75.00_75.10_75.20_,4_6_7_5_10_,74.70_74.50_74.40_74.30_74.20_,4_24_13_14_15_
11:30:35,74.70,1,1108,74.80_74.90_75.00_75.10_75.20_,4_6_8_5_10_,74.70_74.50_74.40_74.30_74.20_,4_24_13_14_15_
11:31:26,74.70,1,1111,74.80_74.90_75.00_75.10_75.20_,4_6_8_5_10_,74.70_74.50_74.40_74.30_74.20_,1_24_13_14_15_
11:31:31,74.70,1,1112,74.70_74.80_74.90_75.00_75.10_,1_4_6_8_5_,74.50_74.40_74.30_74.20_74.10_,24_13_14_15_10_
11:32:07,74.70,1,1113,74.70_74.80_74.90_75.00_75.10_,7_3_5_10_5_,74.50_74.40_74.30_74.20_74.10_,24_13_14_15_10_
11:32:43,74.70,1,1113,74.70_74.80_74.90_75.00_75.10_,8_3_5_10_5_,74.50_74.40_74.30_74.20_74.10_,24_13_14_15_10_
11:33:08,74.70,1,1114,74.70_74.80_74.90_75.00_75.10_,7_3_5_10_5_,74.50_74.40_74.30_74.20_74.10_,24_13_14_15_10_
11:33:13,74.70,1,1114,74.70_74.80_74.90_75.00_75.10_,7_4_5_10_5_,74.50_74.40_74.30_74.20_74.10_,24_13_14_15_10_
11:34:15,74.70,7,1121,74.80_74.90_75.00_75.10_75.20_,4_5_10_5_10_,74.70_74.50_74.40_74.30_74.20_,11_24_13_14_15_
11:34:20,74.80,1,1122,74.80_74.90_75.00_75.10_75.20_,3_5_10_5_10_,74.70_74.50_74.40_74.30_74.20_,12_24_13_14_15_
11:34:25,74.80,1,1122,74.80_74.90_75.00_75.10_75.20_,3_5_10_5_10_,74.70_74.50_74.40_74.30_74.20_,11_24_13_14_15_
11:35:27,74.80,1,1125,74.90_75.00_75.10_75.20_75.30_,5_10_5_10_7_,74.70_74.50_74.40_74.30_74.20_,11_24_13_14_15_
11:37:04,74.80,1,1125,74.90_75.00_75.10_75.20_75.30_,5_10_5_10_7_,74.70_74.60_74.50_74.40_74.30_,11_1_24_13_14_
11:39:48,74.80,1,1125,74.90_75.00_75.10_75.20_75.30_,5_11_5_10_7_,74.70_74.60_74.50_74.40_74.30_,11_1_24_13_14_
11:39:58,74.80,1,1125,74.90_75.00_75.10_75.20_75.30_,5_11_5_10_7_,74.70_74.60_74.50_74.40_74.30_,11_1_29_13_14_
11:40:13,74.80,1,1125,74.90_75.00_75.10_75.20_75.30_,5_11_5_10_7_,74.70_74.60_74.50_74.40_74.30_,13_1_29_13_14_
11:41:10,74.80,1,1126,74.90_75.00_75.10_75.20_75.30_,5_11_5_10_7_,74.70_74.60_74.50_74.40_74.30_,13_1_29_13_14_
11:42:01,74.70,1,1127,74.90_75.00_75.10_75.20_75.30_,5_11_5_10_7_,74.70_74.60_74.50_74.40_74.30_,12_1_29_13_14_
11:42:16,74.70,1,1127,74.90_75.00_75.10_75.20_75.30_,5_11_5_10_7_,74.70_74.60_74.50_74.40_74.30_,13_1_29_13_14_
11:43:23,74.90,4,1132,75.00_75.10_75.20_75.30_75.40_,11_5_10_7_19_,74.90_74.70_74.60_74.50_74.40_,1_14_1_28_13_
11:45:37,74.90,2,1137,75.00_75.10_75.20_75.30_75.40_,9_5_10_7_7_,74.90_74.80_74.70_74.60_74.50_,1_1_13_2_28_
11:45:42,74.90,2,1137,75.00_75.10_75.20_75.30_75.40_,9_6_10_7_7_,74.90_74.80_74.70_74.60_74.50_,1_1_13_2_28_
11:46:53,75.00,1,1139,75.00_75.10_75.20_75.30_75.40_,8_6_10_7_19_,74.80_74.70_74.60_74.50_74.40_,1_13_2_28_13_
11:49:42,75.00,1,1141,75.00_75.10_75.20_75.30_75.40_,7_6_10_7_19_,74.80_74.70_74.60_74.50_74.40_,1_13_1_28_14_
11:49:53,75.00,1,1141,75.00_75.10_75.20_75.30_75.40_,8_5_10_7_19_,74.80_74.70_74.60_74.50_74.40_,1_13_1_28_14_
11:50:54,75.00,2,1143,75.00_75.10_75.20_75.30_75.40_,8_5_10_7_19_,74.80_74.70_74.60_74.50_74.40_,1_13_1_28_14_
11:51:51,75.00,2,1143,75.00_75.10_75.20_75.30_75.40_,8_6_10_7_19_,74.80_74.70_74.60_74.50_74.40_,1_13_1_28_14_
11:52:52,75.00,2,1143,75.00_75.10_75.20_75.30_75.40_,8_6_10_7_19_,74.80_74.70_74.60_74.50_74.40_,1_13_1_28_15_
11:53:54,75.00,3,1146,75.00_75.10_75.20_75.30_75.40_,5_6_10_7_19_,74.80_74.70_74.60_74.50_74.40_,1_13_1_28_15_
11:56:02,75.00,1,1147,75.00_75.10_75.20_75.30_75.40_,5_5_10_7_19_,74.80_74.70_74.60_74.50_74.40_,1_13_1_28_15_
11:58:10,75.00,1,1147,75.00_75.10_75.20_75.30_75.40_,5_6_10_7_19_,74.80_74.70_74.60_74.50_74.40_,3_13_1_28_15_
11:59:37,75.00,1,1147,75.00_75.10_75.20_75.30_75.40_,5_6_10_7_19_,74.80_74.70_74.60_74.50_74.40_,7_13_1_28_15_
11:59:53,75.00,1,1147,74.90_75.00_75.10_75.20_75.30_,1_5_5_10_7_,74.80_74.70_74.60_74.50_74.40_,7_13_1_28_15_
12:00:34,75.00,1,1147,74.90_75.00_75.10_75.20_75.30_,1_5_5_12_7_,74.80_74.70_74.60_74.50_74.40_,7_14_1_28_14_
12:00:49,75.00,1,1147,74.90_75.00_75.10_75.20_75.30_,2_4_5_12_7_,74.80_74.70_74.60_74.50_74.40_,7_14_1_28_14_
12:01:35,75.00,1,1147,74.90_75.00_75.10_75.20_75.30_,2_4_5_12_5_,74.80_74.70_74.60_74.50_74.40_,7_14_1_23_14_
12:01:40,75.00,1,1147,74.90_75.00_75.10_75.20_75.30_,2_4_5_12_5_,74.80_74.70_74.60_74.50_74.40_,7_14_1_23_9_
12:01:51,74.80,1,1148,74.90_75.00_75.10_75.20_75.30_,2_3_5_12_5_,74.80_74.70_74.60_74.50_74.40_,6_14_1_23_9_
12:02:37,74.80,2,1151,74.90_75.00_75.10_75.20_75.30_,2_3_5_12_5_,74.80_74.70_74.60_74.50_74.40_,3_14_1_23_9_
12:03:02,74.80,2,1151,74.90_75.00_75.10_75.20_75.30_,2_3_5_12_7_,74.80_74.70_74.60_74.50_74.40_,3_14_1_23_9_
12:03:38,74.80,1,1153,74.90_75.00_75.10_75.20_75.30_,2_4_5_12_7_,74.80_74.70_74.60_74.50_74.40_,1_14_1_23_9_
12:04:04,74.80,1,1153,74.90_75.00_75.10_75.20_75.30_,2_4_7_10_7_,74.80_74.70_74.60_74.50_74.40_,1_14_1_23_9_
12:05:00,74.80,1,1154,74.90_75.00_75.10_75.20_75.30_,2_4_7_11_7_,74.70_74.60_74.50_74.40_74.30_,25_1_24_9_14_
12:05:36,74.80,1,1154,74.90_75.00_75.10_75.20_75.30_,2_4_7_11_7_,74.80_74.70_74.60_74.50_74.40_,2_25_1_23_9_
12:06:12,74.90,1,1156,74.90_75.00_75.10_75.20_75.30_,3_4_5_11_7_,74.80_74.70_74.60_74.50_74.40_,1_25_1_23_9_
12:09:17,74.70,1,1168,74.80_75.00_75.10_75.20_75.30_,11_4_5_10_19_,74.70_74.60_74.50_74.40_74.30_,16_1_25_9_14_
12:09:52,74.70,1,1168,74.80_74.90_75.00_75.10_75.20_,11_1_4_5_10_,74.70_74.60_74.50_74.40_74.30_,16_1_25_9_14_
12:10:28,74.80,2,1170,74.80_74.90_75.00_75.10_75.20_,9_2_3_5_10_,74.70_74.60_74.50_74.40_74.30_,21_1_25_9_14_
12:10:33,74.80,2,1170,74.80_74.90_75.00_75.10_75.20_,9_2_3_5_10_,74.70_74.60_74.50_74.40_74.30_,22_1_25_9_14_
12:13:23,74.70,3,1183,74.80_74.90_75.00_75.10_75.20_,8_2_5_5_10_,74.70_74.60_74.50_74.40_74.30_,9_1_25_9_14_
12:15:41,74.80,1,1192,74.80_74.90_75.00_75.10_75.20_,7_2_5_5_10_,74.70_74.60_74.50_74.40_74.30_,10_1_25_9_14_
12:16:33,74.80,7,1199,74.90_75.00_75.10_75.20_75.30_,2_5_5_10_17_,74.80_74.70_74.60_74.50_74.40_,8_10_1_25_9_
12:16:38,74.90,2,1201,75.00_75.10_75.20_75.30_75.40_,5_5_10_5_19_,74.90_74.80_74.70_74.60_74.50_,1_9_9_1_24_
12:16:43,75.00,1,1202,75.00_75.10_75.20_75.30_75.40_,4_5_10_5_7_,74.90_74.80_74.70_74.60_74.50_,2_8_9_1_24_
12:18:36,75.50,2,1239,75.50_75.60_75.70_75.80_75.90_,6_4_11_14_19_,75.40_75.30_75.20_75.10_75.00_,8_52_22_3_11_
12:20:28,75.40,1,1269,75.30_75.40_75.50_75.60_75.70_,19_10_11_12_7_,74.70_74.60_74.50_74.40_74.30_,10_1_27_9_28_
12:20:44,75.40,1,1269,75.30_75.40_75.50_75.60_75.70_,19_10_11_12_7_,75.20_74.80_74.70_74.60_74.50_,5_2_10_1_26_
12:21:04,75.40,1,1269,75.10_75.30_75.40_75.60_75.70_,9_19_10_12_19_,74.80_74.70_74.60_74.50_74.40_,2_10_2_26_9_
12:21:40,75.10,2,1271,75.00_75.10_75.30_75.40_75.50_,1_10_10_10_12_,74.80_74.70_74.60_74.50_74.40_,3_10_2_26_9_
12:21:50,75.10,2,1271,75.00_75.10_75.30_75.40_75.50_,1_11_10_10_12_,74.80_74.70_74.60_74.50_74.40_,3_10_2_26_9_
12:22:16,75.10,2,1271,75.10_75.30_75.40_75.50_75.70_,11_10_10_12_19_,74.80_74.70_74.60_74.50_74.40_,3_10_2_26_9_
12:23:28,75.10,2,1271,75.00_75.10_75.30_75.40_75.50_,3_11_10_10_12_,74.80_74.70_74.60_74.50_74.40_,3_10_2_26_9_
12:23:33,75.10,2,1271,75.00_75.10_75.30_75.40_75.50_,3_11_10_10_12_,74.90_74.80_74.70_74.60_74.50_,1_6_10_2_26_
12:24:45,75.10,2,1271,75.00_75.10_75.30_75.40_75.50_,3_11_10_10_12_,74.90_74.80_74.70_74.60_74.50_,1_7_10_2_26_
12:25:05,74.90,1,1272,75.00_75.10_75.30_75.40_75.50_,3_11_10_10_12_,74.80_74.70_74.60_74.50_74.40_,7_11_2_26_9_
12:25:16,74.90,1,1272,75.00_75.10_75.30_75.40_75.50_,3_11_11_10_12_,74.80_74.70_74.60_74.50_74.40_,7_11_2_26_9_
12:25:21,74.90,1,1272,75.00_75.10_75.20_75.30_75.40_,3_11_1_11_10_,74.80_74.70_74.60_74.50_74.40_,7_11_2_26_9_
12:25:31,74.90,1,1272,75.00_75.10_75.20_75.30_75.40_,1_11_1_11_10_,74.80_74.70_74.60_74.50_74.40_,7_11_2_26_9_
12:27:50,74.80,1,1274,75.00_75.10_75.20_75.30_75.40_,13_11_1_11_22_,74.80_74.70_74.60_74.50_74.40_,2_11_2_26_9_
12:29:32,74.70,1,1277,74.90_75.00_75.10_75.20_75.30_,4_12_10_1_11_,74.70_74.60_74.50_74.40_74.30_,10_2_27_9_15_
12:29:37,74.70,1,1277,74.90_75.00_75.10_75.20_75.30_,3_12_10_1_11_,74.70_74.60_74.50_74.40_74.30_,10_2_27_9_14_
12:29:53,74.70,10,1287,74.90_75.00_75.10_75.20_75.30_,3_12_10_1_12_,74.70_74.60_74.50_74.40_74.30_,4_2_26_9_14_
12:29:58,74.70,4,1291,74.70_74.90_75.00_75.10_75.20_,6_3_12_10_1_,74.60_74.50_74.40_74.30_74.20_,2_28_9_14_15_
12:30:03,74.70,4,1291,74.70_74.90_75.00_75.10_75.20_,8_1_12_10_1_,74.60_74.50_74.40_74.30_74.20_,2_28_10_14_15_
12:30:59,74.70,4,1291,74.70_74.80_75.00_75.10_75.20_,9_1_11_10_13_,74.60_74.50_74.40_74.30_74.20_,4_28_10_14_15_
12:31:20,74.70,4,1291,74.70_74.80_75.00_75.10_75.20_,11_1_11_10_13_,74.60_74.50_74.40_74.30_74.20_,4_28_10_14_15_
12:31:51,74.70,4,1291,74.70_75.00_75.10_75.20_75.30_,13_11_10_13_13_,74.60_74.50_74.40_74.30_74.20_,4_28_10_14_15_
12:32:06,74.70,4,1291,74.70_75.00_75.10_75.20_75.30_,13_11_22_1_13_,74.60_74.50_74.40_74.30_74.20_,4_28_10_14_15_
12:32:11,74.70,4,1291,74.70_75.00_75.10_75.20_75.30_,13_11_22_1_13_,74.60_74.50_74.40_74.30_74.20_,5_28_10_14_15_
12:32:27,74.70,4,1291,74.70_75.00_75.10_75.20_75.30_,12_11_10_13_13_,74.60_74.50_74.40_74.30_74.20_,5_28_10_14_15_
12:33:28,74.70,4,1291,74.70_75.00_75.10_75.20_75.30_,12_11_10_13_13_,74.60_74.50_74.40_74.30_74.20_,12_28_10_14_15_
12:33:59,74.70,4,1291,74.70_75.00_75.10_75.20_75.30_,13_11_10_13_13_,74.60_74.50_74.40_74.30_74.20_,12_28_10_14_15_
12:35:52,74.70,4,1291,74.70_74.80_75.00_75.10_75.20_,13_1_11_10_13_,74.60_74.50_74.40_74.30_74.20_,12_29_10_14_15_
12:36:54,74.70,4,1291,74.70_74.80_75.00_75.10_75.20_,13_1_11_10_13_,74.60_74.50_74.40_74.30_74.20_,11_29_10_14_15_
12:37:19,74.70,4,1291,74.70_74.80_75.00_75.10_75.20_,13_1_11_10_13_,74.60_74.50_74.40_74.30_74.20_,13_29_10_14_15_
12:38:00,74.70,4,1291,74.70_74.80_75.00_75.10_75.20_,12_1_11_10_13_,74.60_74.50_74.40_74.30_74.20_,13_29_10_14_15_
12:38:05,74.70,4,1291,74.70_74.80_75.00_75.10_75.20_,11_1_11_10_13_,74.60_74.50_74.40_74.30_74.20_,13_29_10_14_15_
12:38:36,74.70,4,1291,74.70_74.80_75.00_75.10_75.20_,11_9_11_10_13_,74.60_74.50_74.40_74.30_74.20_,13_29_10_14_15_
12:39:53,74.70,1,1298,74.70_74.80_75.00_75.10_75.20_,10_10_11_10_1_,74.60_74.50_74.40_74.30_74.20_,6_29_10_14_15_
12:39:58,74.70,1,1298,74.70_74.80_75.00_75.10_75.20_,10_10_11_22_1_,74.60_74.50_74.40_74.30_74.20_,6_29_10_14_15_
12:43:03,74.70,1,1298,74.70_74.80_75.00_75.10_75.20_,10_10_11_22_1_,74.60_74.50_74.40_74.30_74.20_,8_29_10_13_15_
12:43:08,74.70,1,1298,74.70_74.80_75.00_75.10_75.20_,10_10_11_22_1_,74.60_74.50_74.40_74.30_74.20_,8_28_10_13_15_
12:45:06,74.70,5,1303,74.70_74.80_75.00_75.10_75.20_,6_10_11_10_13_,74.60_74.50_74.40_74.30_74.20_,8_28_10_13_15_
12:45:16,74.70,5,1303,74.70_74.80_75.00_75.10_75.20_,6_10_11_10_13_,74.60_74.50_74.40_74.30_74.20_,9_28_10_13_15_
12:46:12,74.60,1,1308,74.70_74.80_75.00_75.10_75.20_,5_10_11_10_13_,74.60_74.50_74.40_74.30_74.20_,6_26_10_13_15_
12:47:14,74.60,1,1309,74.70_74.80_75.00_75.10_75.20_,5_10_11_10_13_,74.60_74.50_74.40_74.30_74.20_,6_26_10_13_15_
12:47:29,74.60,1,1309,74.70_74.80_75.00_75.10_75.20_,5_10_11_10_13_,74.60_74.50_74.40_74.30_74.20_,6_27_10_13_15_
12:48:21,74.60,1,1309,74.70_74.80_75.00_75.10_75.20_,5_10_11_10_13_,74.60_74.50_74.40_74.30_74.20_,7_27_10_13_15_
12:50:14,74.70,2,1312,74.70_74.80_75.00_75.10_75.20_,2_10_11_10_13_,74.60_74.50_74.40_74.30_74.20_,7_27_10_13_15_
12:50:19,74.70,2,1312,74.70_74.80_75.00_75.10_75.20_,3_9_11_10_13_,74.60_74.50_74.40_74.30_74.20_,7_27_10_13_15_
12:50:29,74.70,3,1315,74.80_75.00_75.10_75.20_75.30_,9_11_10_13_13_,74.70_74.60_74.50_74.40_74.30_,1_7_27_10_13_
12:50:34,74.70,3,1315,74.80_75.00_75.10_75.20_75.30_,9_11_10_13_13_,74.70_74.60_74.50_74.40_74.30_,1_7_27_9_13_
12:50:49,74.70,3,1315,74.80_75.00_75.10_75.20_75.30_,9_11_10_1_25_,74.70_74.60_74.50_74.40_74.30_,1_7_27_9_13_
12:53:02,74.60,2,1322,74.80_74.90_75.00_75.10_75.20_,8_2_11_10_18_,74.60_74.50_74.40_74.30_74.20_,4_27_10_13_15_
12:53:18,74.60,2,1322,74.80_74.90_75.00_75.10_75.20_,8_2_11_10_6_,74.60_74.50_74.40_74.30_74.20_,5_29_10_13_15_
12:53:44,74.80,4,1336,74.80_75.00_75.10_75.20_75.30_,6_11_10_6_25_,74.70_74.60_74.50_74.40_74.30_,1_5_27_9_13_
12:53:49,74.80,4,1336,74.80_75.00_75.10_75.20_75.30_,6_11_10_6_25_,74.70_74.60_74.50_74.40_74.30_,2_5_30_9_13_
12:53:54,74.70,1,1337,74.80_75.00_75.10_75.20_75.30_,8_11_10_6_25_,74.70_74.60_74.50_74.40_74.30_,1_5_30_9_13_
12:54:25,74.80,1,1338,74.80_75.00_75.10_75.20_75.30_,7_11_10_6_25_,74.70_74.60_74.50_74.40_74.30_,1_5_30_9_13_
12:54:30,74.80,1,1339,74.80_75.00_75.10_75.20_75.30_,6_11_10_6_25_,74.70_74.60_74.50_74.40_74.30_,1_5_30_9_13_
12:56:07,74.70,1,1340,74.80_75.00_75.10_75.20_75.30_,6_11_10_6_25_,74.60_74.50_74.40_74.30_74.20_,5_31_10_13_15_
12:56:43,74.70,1,1340,74.80_75.00_75.10_75.20_75.30_,6_11_10_6_25_,74.60_74.50_74.40_74.30_74.20_,6_31_10_13_15_
12:57:35,74.70,1,1340,74.80_75.00_75.10_75.20_75.30_,7_11_10_6_25_,74.60_74.50_74.40_74.30_74.20_,5_31_10_13_15_
12:58:16,74.60,1,1341,74.80_75.00_75.10_75.20_75.30_,7_11_10_6_25_,74.60_74.50_74.40_74.30_74.20_,4_31_10_13_15_
12:58:21,74.60,1,1341,74.80_74.90_75.00_75.10_75.20_,7_1_11_10_6_,74.60_74.50_74.40_74.30_74.20_,4_31_10_13_15_
13:01:46,74.60,2,1361,74.80_74.90_75.00_75.10_75.20_,2_2_12_10_6_,74.60_74.50_74.40_74.30_74.20_,6_32_9_13_15_
13:03:23,74.90,1,1372,75.00_75.10_75.20_75.30_75.40_,12_10_6_13_22_,74.70_74.60_74.50_74.40_74.30_,6_7_29_9_13_
13:03:59,75.00,11,1387,75.00_75.10_75.20_75.30_75.40_,1_10_6_13_22_,74.70_74.60_74.50_74.40_74.30_,5_8_29_9_13_
13:05:16,75.00,11,1387,74.90_75.00_75.10_75.20_75.30_,1_5_11_6_13_,74.70_74.60_74.50_74.40_74.30_,9_8_32_9_13_
13:06:23,74.80,1,1389,75.00_75.10_75.20_75.30_75.40_,5_11_6_13_22_,74.80_74.70_74.60_74.50_74.40_,6_3_8_31_9_
13:08:11,75.00,4,1406,75.00_75.10_75.20_75.30_75.40_,4_11_6_12_22_,74.90_74.70_74.60_74.50_74.40_,7_2_8_31_9_
13:08:26,75.00,1,1411,75.10_75.20_75.30_75.40_75.50_,11_6_12_10_12_,75.00_74.90_74.70_74.60_74.50_,3_5_2_8_31_
13:08:52,75.00,1,1411,75.10_75.20_75.30_75.40_75.50_,11_6_12_10_12_,75.00_74.90_74.70_74.60_74.50_,5_5_2_8_31_
13:10:14,75.00,1,1411,75.10_75.20_75.30_75.40_75.50_,11_6_12_10_12_,75.00_74.90_74.70_74.60_74.50_,8_5_2_7_31_
13:10:29,75.10,3,1414,75.10_75.20_75.30_75.40_75.50_,8_6_12_10_12_,75.00_74.90_74.70_74.60_74.50_,7_6_2_7_31_
13:11:51,75.10,7,1423,75.10_75.20_75.30_75.40_75.50_,2_6_13_10_12_,75.00_74.90_74.70_74.60_74.50_,8_6_2_7_31_
13:12:22,75.10,2,1425,75.20_75.30_75.40_75.60_75.70_,6_13_10_16_22_,75.10_75.00_74.90_74.70_74.60_,12_1_1_2_7_
13:12:58,75.10,9,1438,75.10_75.20_75.30_75.40_75.50_,18_3_14_11_12_,75.00_74.90_74.70_74.60_74.50_,2_1_2_7_31_
13:13:19,75.10,9,1438,75.10_75.20_75.30_75.40_75.50_,18_8_13_11_12_,75.00_74.90_74.70_74.60_74.50_,1_1_2_7_31_
13:13:24,75.00,4,1442,75.10_75.20_75.30_75.40_75.50_,18_8_13_11_12_,75.00_74.90_74.70_74.60_74.50_,1_1_2_8_32_
13:13:29,75.00,1,1443,75.10_75.20_75.30_75.40_75.50_,18_8_13_11_12_,74.90_74.70_74.60_74.50_74.40_,1_2_8_32_9_
13:13:34,74.90,1,1444,75.10_75.20_75.30_75.40_75.60_,18_8_13_23_4_,74.90_74.70_74.60_74.50_74.40_,1_2_8_32_9_
13:13:54,74.90,1,1445,74.90_75.00_75.10_75.20_75.30_,3_2_20_10_6_,74.70_74.60_74.50_74.40_74.30_,3_8_32_9_13_
13:14:15,74.90,1,1446,74.90_75.00_75.10_75.20_75.30_,2_3_20_10_6_,74.70_74.60_74.50_74.40_74.30_,5_8_32_9_13_
13:14:41,74.90,1,1446,74.90_75.00_75.10_75.20_75.30_,2_3_20_10_6_,74.70_74.60_74.50_74.40_74.30_,7_8_32_9_13_
13:16:03,74.90,3,1451,75.00_75.10_75.20_75.30_75.40_,6_20_10_7_14_,74.80_74.70_74.60_74.50_74.40_,5_2_8_32_9_
13:17:50,74.80,1,1458,74.90_75.00_75.10_75.20_75.30_,6_6_20_10_7_,74.70_74.60_74.50_74.40_74.30_,8_8_32_9_13_
13:17:56,74.80,1,1458,74.90_75.00_75.10_75.20_75.30_,6_6_21_10_7_,74.70_74.60_74.50_74.40_74.30_,8_8_32_9_13_
13:19:33,74.70,1,1469,74.90_75.00_75.10_75.20_75.30_,3_6_22_10_6_,74.80_74.70_74.60_74.50_74.40_,5_1_8_35_9_
13:19:43,74.80,1,1471,74.90_75.00_75.10_75.20_75.30_,2_6_22_10_6_,74.80_74.70_74.60_74.50_74.40_,4_1_8_35_9_
13:19:59,74.80,1,1471,74.90_75.00_75.10_75.20_75.30_,2_6_22_10_6_,74.80_74.70_74.60_74.50_74.40_,4_2_8_35_9_
13:21:52,75.00,1,1481,75.00_75.10_75.20_75.30_75.40_,20_22_10_6_2_,74.80_74.70_74.60_74.50_74.40_,5_3_8_35_9_
13:22:02,75.00,1,1482,75.00_75.10_75.20_75.30_75.40_,19_22_10_6_2_,74.80_74.70_74.60_74.50_74.40_,4_3_8_35_9_
13:22:07,75.00,1,1483,75.00_75.10_75.20_75.30_75.40_,18_22_10_6_2_,74.80_74.70_74.60_74.50_74.40_,4_3_8_35_9_
13:22:17,75.00,1,1483,74.90_75.00_75.10_75.20_75.30_,2_18_22_10_6_,74.80_74.70_74.60_74.50_74.40_,4_3_8_35_9_
13:22:33,74.90,1,1485,75.00_75.10_75.20_75.30_75.40_,18_22_10_6_2_,74.80_74.70_74.60_74.50_74.40_,8_2_8_35_9_
13:22:53,74.90,1,1486,74.90_75.00_75.10_75.20_75.30_,2_18_22_10_6_,74.80_74.70_74.60_74.50_74.40_,8_2_8_35_9_
13:23:24,74.80,1,1487,74.90_75.00_75.10_75.20_75.30_,4_18_21_10_6_,74.80_74.70_74.60_74.50_74.40_,8_2_8_35_9_
13:23:39,74.90,4,1491,75.00_75.10_75.20_75.30_75.40_,18_21_10_6_14_,74.80_74.70_74.60_74.50_74.40_,7_2_8_35_9_
13:25:48,75.00,1,1507,75.00_75.10_75.20_75.30_75.40_,17_2_10_6_13_,74.80_74.70_74.60_74.50_74.40_,9_11_2_35_9_
13:26:13,75.00,1,1507,75.00_75.10_75.20_75.30_75.40_,19_2_11_6_13_,74.80_74.70_74.60_74.50_74.40_,7_11_2_35_9_
13:28:32,75.00,1,1507,75.00_75.10_75.20_75.30_75.40_,20_2_11_6_13_,74.80_74.70_74.60_74.50_74.40_,47_11_3_35_8_
13:29:07,75.00,1,1507,75.00_75.10_75.20_75.30_75.40_,32_2_11_6_13_,74.80_74.70_74.60_74.50_74.40_,49_11_3_35_20_
13:29:23,75.00,1,1507,75.00_75.10_75.20_75.30_75.40_,31_2_11_6_13_,74.80_74.70_74.60_74.50_74.40_,49_11_3_35_20_
13:29:33,75.00,1,1507,75.00_75.10_75.20_75.30_75.40_,31_2_11_6_13_,74.80_74.70_74.60_74.50_74.40_,48_11_3_35_20_
13:29:43,75.00,1,1507,75.00_75.10_75.20_75.30_75.40_,31_2_11_6_13_,74.80_74.70_74.60_74.50_74.40_,51_11_3_35_20_
13:30:00,74.80,103,1610,75.00_75.10_75.20_75.30_75.40_,31_2_11_6_13_,74.80_74.70_74.60_74.50_74.40_,51_11_3_35_20_
