13:00:51,43.50,1,4023,43.55_43.60_43.65_43.70_43.75_,17_25_32_21_115_,43.50_43.45_43.40_43.35_43.30_,11_9_14_3_40_
13:01:52,43.45,1,4037,43.50_43.55_43.60_43.65_43.70_,12_16_22_30_123_,43.45_43.40_43.30_43.25_43.20_,11_5_5_36_26_
13:02:03,43.45,10,4047,43.50_43.55_43.60_43.65_43.70_,13_23_21_23_123_,43.45_43.40_43.30_43.25_43.20_,2_5_5_36_26_
13:02:08,43.45,2,4049,43.45_43.50_43.55_43.60_43.65_,3_13_24_21_23_,43.40_43.30_43.25_43.20_43.15_,5_5_36_26_1_
13:02:13,43.45,2,4049,43.45_43.50_43.55_43.60_43.65_,9_10_21_21_126_,43.40_43.35_43.30_43.25_43.20_,5_1_2_13_40_
13:02:18,43.45,2,4049,43.45_43.50_43.55_43.60_43.65_,9_10_21_21_125_,43.40_43.35_43.30_43.25_43.20_,5_1_2_13_44_
13:02:28,43.45,2,4049,43.45_43.50_43.55_43.60_43.65_,7_10_21_21_125_,43.40_43.35_43.30_43.25_43.20_,8_1_2_13_44_
13:03:15,43.45,2,4049,43.45_43.50_43.55_43.60_43.65_,13_13_18_19_125_,43.40_43.35_43.30_43.25_43.20_,11_1_2_13_51_
13:04:32,43.25,12,4080,43.25_43.40_43.45_43.50_43.55_,14_10_3_111_11_,43.20_43.15_43.10_43.05_43.00_,8_2_6_16_48_
13:05:08,43.20,5,4086,43.25_43.30_43.35_43.40_43.45_,22_2_4_2_104_,43.20_43.15_43.10_43.05_43.00_,7_2_6_9_76_
13:05:33,43.20,2,4092,43.25_43.30_43.35_43.40_43.45_,22_2_4_7_104_,43.20_43.15_43.10_43.05_43.00_,5_5_6_10_81_
13:07:42,43.15,1,4117,43.20_43.25_43.35_43.40_43.45_,40_20_4_7_104_,43.15_43.10_43.05_43.00_42.95_,13_13_17_47_52_
13:08:38,43.15,1,4123,43.20_43.25_43.35_43.40_43.45_,42_18_4_7_104_,43.15_43.10_43.05_43.00_42.95_,17_14_27_46_51_
13:08:48,43.15,1,4126,43.20_43.25_43.35_43.40_43.45_,42_18_4_7_104_,43.15_43.10_43.05_43.00_42.95_,15_14_27_46_51_
13:09:04,43.20,2,4128,43.20_43.25_43.35_43.40_43.45_,44_16_4_7_104_,43.15_43.10_43.05_43.00_42.95_,23_14_27_47_51_
13:09:34,43.20,1,4131,43.20_43.25_43.35_43.40_43.45_,42_16_4_7_104_,43.15_43.10_43.05_43.00_42.95_,24_13_27_47_51_
13:11:48,43.10,1,4171,43.15_43.20_43.25_43.35_43.40_,42_25_4_4_115_,43.10_43.05_43.00_42.95_42.90_,23_28_41_22_73_
13:12:49,43.15,6,4197,43.15_43.20_43.25_43.35_43.40_,30_24_4_4_115_,43.10_43.05_43.00_42.95_42.90_,55_18_41_53_47_
13:12:54,43.15,13,4210,43.15_43.20_43.25_43.35_43.40_,19_24_4_4_115_,43.10_43.05_43.00_42.95_42.90_,56_18_41_34_66_
13:12:59,43.15,14,4224,43.15_43.20_43.25_43.35_43.40_,8_24_4_4_115_,43.10_43.05_43.00_42.95_42.90_,58_18_41_34_66_
13:13:05,43.15,14,4238,43.15_43.20_43.25_43.35_43.40_,3_24_4_4_115_,43.10_43.05_43.00_42.95_42.90_,46_18_41_34_66_
13:13:15,43.15,7,4245,43.15_43.20_43.25_43.35_43.40_,20_24_4_4_115_,43.10_43.05_43.00_42.95_42.90_,45_18_41_34_66_
13:14:01,43.15,13,4275,43.15_43.20_43.25_43.40_43.45_,1_24_4_115_1_,43.10_43.05_43.00_42.95_42.90_,44_18_42_35_66_
13:18:48,43.20,2,4351,43.20_43.25_43.30_43.40_43.45_,5_13_1_16_111_,43.15_43.10_43.05_43.00_42.95_,18_28_31_54_42_
13:22:13,43.20,1,4407,43.25_43.30_43.35_43.40_43.45_,15_10_2_15_121_,43.20_43.15_43.10_43.05_43.00_,11_9_22_42_68_
13:23:51,43.25,1,4441,43.25_43.30_43.35_43.40_43.45_,10_8_4_15_116_,43.20_43.15_43.10_43.05_43.00_,13_8_29_32_77_
13:24:21,43.25,1,4460,43.30_43.35_43.40_43.45_43.50_,27_8_15_13_126_,43.25_43.20_43.15_43.10_43.05_,11_8_13_36_55_
13:24:42,43.30,2,4466,43.30_43.35_43.40_43.45_43.50_,27_11_15_13_126_,43.25_43.20_43.15_43.10_43.05_,8_8_13_36_55_
13:24:52,43.30,1,4467,43.30_43.35_43.40_43.45_43.50_,27_11_15_13_126_,43.25_43.20_43.15_43.10_43.05_,8_9_13_36_48_
13:24:57,43.30,1,4467,43.30_43.35_43.40_43.45_43.50_,27_11_15_13_126_,43.25_43.20_43.15_43.10_43.05_,9_9_12_36_48_
13:28:13,43.30,1,4467,42.90_43.05_43.25_43.30_43.35_,58_3_1_5_3_,42.85_42.80_42.75_42.70_42.65_,55_97_149_42_75_
13:28:18,43.30,1,4467,42.90_43.05_43.25_43.30_43.35_,93_3_1_5_3_,42.85_42.80_42.75_42.70_42.65_,55_97_149_42_75_
13:29:19,43.30,1,4467,42.90_43.25_43.30_43.35_43.40_,3_1_5_3_11_,42.85_42.80_42.75_42.70_42.65_,67_97_151_43_75_
13:30:00,42.90,675,5142,43.25_43.30_43.35_43.40_43.45_,1_5_3_11_11_,42.90_42.85_42.80_42.75_42.70_,114_78_100_151_42_
09:00:59,42.65,2,98,42.65_42.70_42.75_42.80_42.85_,7_13_8_12_5_,42.40_42.30_42.25_42.20_42.15_,6_8_24_42_9_
09:01:04,42.65,2,98,42.65_42.70_42.75_42.80_42.85_,6_14_8_12_5_,42.60_42.50_42.40_42.30_42.25_,2_2_7_8_20_
09:01:24,42.60,3,103,42.65_42.70_42.75_42.80_42.85_,12_14_8_12_132_,42.60_42.55_42.50_42.40_42.30_,2_4_2_4_7_
09:01:24,42.60,3,103,42.65_42.70_42.75_42.80_42.85_,12_14_8_12_132_,42.60_42.55_42.50_42.40_42.30_,2_4_2_4_7_
09:01:29,42.60,2,105,42.65_42.70_42.75_42.80_42.85_,14_12_8_12_132_,42.60_42.50_42.40_42.30_42.25_,4_2_4_7_21_
09:01:35,42.60,1,106,42.65_42.70_42.75_42.80_42.85_,12_13_10_12_132_,42.60_42.50_42.40_42.30_42.25_,3_2_4_6_21_
09:01:40,42.60,3,109,42.60_42.65_42.70_42.75_42.80_,3_12_13_10_12_,42.50_42.40_42.30_42.25_42.20_,2_4_6_20_43_
09:01:45,42.60,1,110,42.60_42.65_42.70_42.75_42.80_,6_12_12_8_139_,42.50_42.40_42.30_42.25_42.20_,3_4_6_20_43_
09:01:55,42.60,1,110,42.60_42.65_42.70_42.75_42.80_,6_15_11_8_139_,42.50_42.45_42.40_42.30_42.25_,4_1_3_6_20_
09:02:00,42.60,1,110,42.55_42.60_42.65_42.70_42.75_,3_4_14_11_8_,42.50_42.45_42.40_42.30_42.25_,2_1_3_11_20_
09:02:41,42.50,2,117,42.55_42.60_42.65_42.70_42.75_,2_5_12_11_135_,42.50_42.45_42.40_42.30_42.25_,4_1_3_12_20_
09:02:46,42.50,1,118,42.55_42.60_42.65_42.70_42.75_,5_4_12_11_135_,42.50_42.45_42.40_42.30_42.25_,3_1_3_12_20_
09:02:51,42.55,3,121,42.55_42.60_42.65_42.70_42.75_,2_4_12_11_135_,42.50_42.45_42.40_42.35_42.30_,3_1_3_2_12_
09:02:56,42.50,1,122,42.60_42.65_42.70_42.75_42.80_,5_12_11_135_12_,42.50_42.45_42.40_42.35_42.30_,3_1_5_2_12_
09:03:02,42.50,1,123,42.60_42.65_42.70_42.75_42.80_,5_12_12_8_139_,42.50_42.45_42.40_42.35_42.30_,2_1_5_2_12_
09:03:07,42.50,1,124,42.60_42.65_42.70_42.75_42.80_,5_12_12_8_139_,42.50_42.45_42.40_42.35_42.30_,1_2_5_2_12_
09:04:49,42.35,8,160,42.40_42.45_42.55_42.65_42.70_,55_1_1_11_17_,42.30_42.25_42.20_42.15_42.10_,11_4_23_8_52_
09:04:54,42.35,2,162,42.40_42.45_42.55_42.60_42.65_,57_2_1_4_11_,42.35_42.30_42.25_42.20_42.15_,1_11_4_23_8_
09:05:05,42.35,1,163,42.40_42.45_42.50_42.55_42.60_,54_2_2_1_4_,42.35_42.30_42.25_42.20_42.15_,3_11_6_23_8_
09:05:05,42.35,1,163,42.40_42.45_42.50_42.55_42.60_,54_2_2_1_4_,42.35_42.30_42.25_42.20_42.15_,3_11_6_23_8_
09:05:10,42.35,1,163,42.40_42.45_42.50_42.55_42.60_,55_2_2_1_131_,42.35_42.30_42.25_42.20_42.15_,3_11_6_24_8_
09:05:45,42.35,1,167,42.40_42.45_42.50_42.55_42.60_,55_2_3_3_136_,42.35_42.30_42.25_42.20_42.15_,10_12_6_24_8_
09:06:21,42.35,12,181,42.40_42.45_42.55_42.60_42.65_,104_1_3_4_11_,42.30_42.25_42.20_42.15_42.10_,12_7_24_8_53_
09:06:26,42.35,1,182,42.35_42.40_42.45_42.55_42.60_,3_104_1_3_4_,42.30_42.25_42.20_42.15_42.10_,14_7_24_8_53_
09:07:23,42.35,1,195,42.40_42.55_42.65_42.70_42.75_,101_3_10_17_125_,42.35_42.30_42.25_42.20_42.15_,9_11_7_17_9_
09:09:00,42.35,1,238,42.40_42.55_42.65_42.70_42.75_,92_3_10_17_125_,42.35_42.30_42.25_42.20_42.15_,16_15_16_20_10_
09:10:02,42.35,1,249,42.40_42.55_42.65_42.70_42.75_,92_3_6_17_129_,42.35_42.30_42.25_42.20_42.15_,14_8_16_20_14_
09:10:07,42.35,1,250,42.40_42.55_42.65_42.70_42.75_,92_3_6_17_129_,42.35_42.30_42.25_42.20_42.15_,14_8_16_20_14_
09:10:12,42.35,1,251,42.40_42.55_42.65_42.70_42.75_,92_3_6_17_129_,42.35_42.30_42.25_42.20_42.15_,14_8_16_20_14_
09:10:22,42.35,1,251,42.40_42.55_42.65_42.70_42.75_,92_3_6_17_129_,42.35_42.30_42.25_42.20_42.15_,13_8_16_20_14_
09:10:48,42.35,2,253,42.40_42.45_42.55_42.65_42.70_,92_1_3_6_17_,42.35_42.30_42.25_42.20_42.15_,14_8_20_20_10_
09:10:53,42.35,2,253,42.40_42.45_42.55_42.65_42.70_,92_1_3_6_134_,42.35_42.30_42.25_42.20_42.15_,14_8_20_20_10_
09:11:24,42.35,19,338,42.35_42.40_42.45_42.55_42.65_,8_29_2_3_6_,42.30_42.25_42.20_42.15_42.10_,12_16_20_10_51_
09:12:35,42.35,2,395,42.40_42.45_42.50_42.55_42.65_,2_5_3_3_129_,42.35_42.30_42.25_42.20_42.15_,4_12_16_20_10_
09:12:41,42.35,2,395,42.40_42.45_42.55_42.65_42.70_,6_4_3_129_11_,42.35_42.30_42.25_42.20_42.15_,7_12_16_20_10_
09:12:46,42.35,2,395,42.40_42.45_42.55_42.65_42.70_,6_4_3_6_134_,42.35_42.30_42.25_42.20_42.15_,7_12_16_20_10_
09:12:51,42.40,2,397,42.40_42.45_42.55_42.65_42.70_,5_4_3_6_134_,42.35_42.30_42.25_42.20_42.15_,17_13_16_20_10_
09:12:56,42.40,2,399,42.40_42.45_42.55_42.65_42.70_,4_4_3_6_134_,42.35_42.30_42.25_42.20_42.15_,18_13_16_20_10_
09:14:49,42.45,1,427,42.50_42.55_42.60_42.65_42.70_,13_8_5_3_138_,42.40_42.35_42.30_42.25_42.20_,14_17_7_15_20_
09:14:54,42.45,1,427,42.50_42.55_42.60_42.65_42.70_,13_7_5_3_138_,42.40_42.35_42.30_42.25_42.20_,15_18_7_15_20_
09:14:54,42.45,1,427,42.50_42.55_42.60_42.65_42.70_,13_7_5_3_138_,42.40_42.35_42.30_42.25_42.20_,15_18_7_15_20_
09:15:04,42.40,7,434,42.50_42.55_42.60_42.65_42.70_,13_7_5_3_138_,42.40_42.35_42.30_42.25_42.20_,5_18_7_15_20_
09:16:31,42.40,1,444,42.50_42.55_42.60_42.65_42.70_,35_4_5_3_142_,42.45_42.40_42.35_42.30_42.25_,7_12_21_17_15_
09:16:46,42.50,2,448,42.50_42.55_42.60_42.65_42.70_,31_5_5_3_142_,42.45_42.40_42.35_42.30_42.25_,19_15_21_17_15_
09:16:51,42.45,19,467,42.45_42.50_42.55_42.60_42.65_,1_31_5_5_3_,42.40_42.35_42.30_42.25_42.20_,15_21_17_15_21_
09:17:12,42.40,17,485,42.40_42.45_42.50_42.55_42.60_,3_1_31_4_5_,42.35_42.30_42.25_42.20_42.15_,17_22_15_21_9_
09:17:12,42.40,17,485,42.40_42.45_42.50_42.55_42.60_,3_1_31_4_5_,42.35_42.30_42.25_42.20_42.15_,17_22_15_21_9_
09:17:22,42.45,3,496,42.45_42.50_42.55_42.60_42.65_,1_28_1_5_134_,42.40_42.35_42.30_42.25_42.20_,2_17_22_15_21_
09:17:27,42.45,3,496,42.45_42.50_42.55_42.60_42.65_,1_26_4_5_134_,42.40_42.35_42.30_42.25_42.20_,5_17_22_15_21_
09:17:32,42.45,3,496,42.45_42.50_42.55_42.60_42.65_,2_26_4_5_134_,42.40_42.35_42.30_42.25_42.20_,8_17_22_15_21_
09:20:06,42.55,5,539,42.60_42.65_42.70_42.75_42.80_,6_6_11_6_142_,42.50_42.45_42.40_42.35_42.30_,21_14_11_18_28_
09:20:11,42.65,6,545,42.65_42.70_42.75_42.80_42.85_,3_11_6_142_5_,42.50_42.45_42.40_42.35_42.30_,21_14_11_18_29_
09:20:22,42.70,1,546,42.70_42.75_42.80_42.85_42.90_,13_7_11_5_133_,42.55_42.50_42.45_42.40_42.35_,9_20_10_11_18_
09:21:54,42.70,4,560,42.70_42.75_42.80_42.85_42.90_,1_10_11_8_133_,42.65_42.60_42.55_42.50_42.45_,10_12_22_11_2_
09:21:59,42.70,4,560,42.70_42.75_42.80_42.85_42.90_,1_8_13_9_133_,42.65_42.60_42.55_42.50_42.45_,10_12_22_11_2_
09:21:59,42.70,4,560,42.70_42.75_42.80_42.85_42.90_,1_8_13_9_133_,42.65_42.60_42.55_42.50_42.45_,10_12_22_11_2_
09:22:04,42.70,4,560,42.70_42.75_42.80_42.85_42.90_,1_8_13_9_133_,42.65_42.60_42.55_42.50_42.45_,14_11_19_11_2_
09:22:09,42.65,3,563,42.70_42.75_42.80_42.85_42.90_,1_8_13_9_133_,42.65_42.60_42.55_42.50_42.45_,22_11_19_11_2_
09:22:55,42.70,3,573,42.75_42.80_42.85_42.90_42.95_,10_13_9_2_131_,42.70_42.65_42.60_42.55_42.50_,7_15_16_15_13_
09:23:57,42.80,1,586,42.80_42.85_42.90_43.00_43.05_,12_12_2_15_4_,42.75_42.70_42.65_42.60_42.55_,7_10_17_10_15_
09:24:02,42.80,1,586,42.80_42.85_42.90_43.00_43.05_,12_12_2_15_4_,42.75_42.70_42.65_42.60_42.55_,12_7_15_10_15_
09:24:27,42.80,4,594,42.80_42.85_42.90_43.00_43.05_,2_12_6_15_127_,42.75_42.70_42.65_42.60_42.55_,15_7_15_10_15_
09:24:33,42.80,4,594,42.80_42.85_42.90_43.00_43.05_,2_12_6_15_127_,42.75_42.70_42.65_42.60_42.55_,15_8_15_10_15_
09:24:43,42.80,2,596,42.80_42.85_42.90_43.00_43.05_,1_12_6_15_127_,42.75_42.70_42.65_42.60_42.55_,15_8_15_10_15_
09:28:23,42.90,3,643,42.95_43.00_43.05_43.10_43.20_,1_3_3_5_141_,42.90_42.85_42.80_42.75_42.70_,9_9_14_2_16_
09:28:28,42.90,3,643,42.95_43.00_43.05_43.10_43.20_,2_2_3_5_141_,42.90_42.85_42.80_42.75_42.70_,11_9_13_2_16_
09:28:33,42.90,3,643,42.95_43.00_43.05_43.10_43.20_,3_3_3_5_146_,42.90_42.85_42.80_42.75_42.70_,11_9_13_2_16_
09:29:50,42.90,2,651,42.95_43.00_43.05_43.10_43.15_,1_7_3_11_128_,42.90_42.85_42.80_42.75_42.70_,9_7_7_6_16_
09:31:18,42.85,1,670,42.90_42.95_43.00_43.10_43.15_,8_34_8_5_127_,42.85_42.80_42.75_42.70_42.65_,6_7_2_19_26_
09:31:23,42.85,1,670,42.90_42.95_43.00_43.10_43.15_,8_34_8_5_127_,42.85_42.80_42.75_42.70_42.65_,6_7_2_23_22_
09:31:23,42.85,1,670,42.90_42.95_43.00_43.10_43.15_,8_34_8_5_127_,42.85_42.80_42.75_42.70_42.65_,6_7_2_23_22_
09:31:23,42.85,1,670,42.90_42.95_43.00_43.10_43.15_,8_34_8_5_127_,42.85_42.80_42.75_42.70_42.65_,6_7_2_23_22_
09:31:38,42.85,1,670,42.90_42.95_43.00_43.10_43.15_,11_33_8_5_127_,42.85_42.80_42.75_42.70_42.65_,6_7_2_23_22_
09:31:38,42.85,1,670,42.90_42.95_43.00_43.10_43.15_,11_33_8_5_127_,42.85_42.80_42.75_42.70_42.65_,6_7_2_23_22_
09:31:48,42.85,1,671,42.90_42.95_43.00_43.10_43.15_,11_33_8_5_127_,42.85_42.80_42.75_42.70_42.65_,5_7_2_23_22_
09:32:55,42.90,2,686,42.90_42.95_43.00_43.10_43.15_,6_36_4_5_127_,42.80_42.75_42.70_42.65_42.60_,9_2_10_28_9_
09:33:00,42.90,2,686,42.90_42.95_43.00_43.10_43.15_,8_36_4_5_127_,42.80_42.75_42.70_42.65_42.60_,9_2_10_28_9_
09:33:05,42.90,2,686,42.90_42.95_43.00_43.10_43.15_,8_36_3_5_127_,42.80_42.75_42.70_42.65_42.60_,9_2_10_28_9_
09:33:10,42.80,9,695,42.80_42.90_42.95_43.00_43.10_,11_9_36_3_5_,42.75_42.70_42.65_42.60_42.55_,2_10_28_9_19_
09:33:15,42.80,9,695,42.80_42.85_42.90_42.95_43.00_,16_3_4_34_3_,42.75_42.70_42.65_42.60_42.55_,3_12_22_15_19_
09:33:20,42.80,9,695,42.80_42.85_42.90_42.95_43.00_,16_3_8_30_130_,42.75_42.70_42.65_42.60_42.55_,3_12_22_15_19_
09:34:32,42.75,1,699,42.80_42.85_42.90_42.95_43.00_,18_1_6_30_129_,42.75_42.70_42.65_42.60_42.55_,2_9_23_15_19_
09:34:32,42.75,1,699,42.80_42.85_42.90_42.95_43.00_,18_1_6_30_129_,42.75_42.70_42.65_42.60_42.55_,2_9_23_15_19_
09:34:52,42.75,3,702,42.75_42.80_42.90_43.00_43.10_,14_24_6_129_6_,42.70_42.65_42.60_42.55_42.50_,10_24_9_25_24_
09:34:57,42.70,10,712,42.75_42.80_42.85_42.90_43.00_,15_23_4_2_6_,42.65_42.60_42.55_42.50_42.45_,24_9_25_24_2_
09:37:16,42.70,1,724,42.70_42.75_42.80_42.90_42.95_,52_10_25_5_127_,42.65_42.60_42.55_42.50_42.45_,17_11_19_26_6_
09:37:21,42.70,1,724,42.70_42.75_42.80_42.90_42.95_,52_9_25_5_127_,42.65_42.60_42.55_42.50_42.45_,17_12_17_26_6_
09:38:43,42.60,4,747,42.65_42.70_42.75_42.80_42.85_,25_52_18_20_131_,42.60_42.55_42.50_42.45_42.40_,16_19_15_4_10_
09:38:43,42.60,4,747,42.65_42.70_42.75_42.80_42.85_,25_52_18_20_131_,42.60_42.55_42.50_42.45_42.40_,16_19_15_4_10_
09:38:43,42.60,4,747,42.65_42.70_42.75_42.80_42.85_,25_52_18_20_131_,42.60_42.55_42.50_42.45_42.40_,16_19_15_4_10_
09:38:59,42.60,4,747,42.65_42.70_42.75_42.80_42.85_,25_52_18_20_131_,42.60_42.55_42.50_42.45_42.40_,17_19_15_4_10_
09:39:04,42.60,4,747,42.65_42.70_42.75_42.80_42.85_,25_52_18_20_131_,42.60_42.55_42.50_42.45_42.40_,18_19_15_4_10_
09:44:42,43.00,1,856,43.10_43.20_43.30_43.35_43.40_,10_22_12_118_7_,42.90_42.85_42.80_42.75_42.70_,11_3_4_6_4_
09:45:28,43.10,5,872,43.20_43.30_43.35_43.40_43.45_,19_2_5_7_129_,43.10_43.05_43.00_42.95_42.90_,7_4_3_6_2_
09:45:33,43.20,1,873,43.20_43.30_43.35_43.40_43.45_,18_2_5_7_129_,43.10_43.05_43.00_42.95_42.90_,8_4_3_6_2_
09:45:38,43.20,1,873,43.20_43.30_43.35_43.40_43.45_,18_2_5_7_129_,43.15_43.10_43.05_43.00_42.95_,1_8_4_2_6_
09:45:43,43.20,1,873,43.20_43.25_43.30_43.35_43.40_,18_2_2_5_7_,43.15_43.10_43.05_43.00_42.95_,3_6_4_4_4_
09:45:48,43.15,3,876,43.20_43.25_43.30_43.35_43.40_,18_2_2_5_135_,43.15_43.10_43.05_43.00_42.95_,1_7_4_4_4_
09:45:53,43.15,3,876,43.20_43.25_43.30_43.35_43.40_,20_2_2_5_135_,43.15_43.10_43.05_43.00_42.95_,4_4_4_4_4_
09:45:59,43.15,3,876,43.20_43.25_43.30_43.35_43.40_,19_2_2_5_135_,43.15_43.10_43.05_43.00_42.95_,4_4_4_4_4_
09:46:04,43.15,3,876,43.20_43.25_43.30_43.35_43.40_,19_2_2_5_135_,43.15_43.10_43.05_43.00_42.80_,7_8_4_2_2_
09:48:48,42.90,1,938,42.90_43.00_43.05_43.10_43.15_,4_2_2_2_21_,42.85_42.80_42.70_42.65_42.60_,5_9_7_6_21_
09:49:13,42.90,2,945,43.00_43.05_43.10_43.15_43.20_,3_2_2_21_9_,42.90_42.85_42.80_42.70_42.65_,10_4_12_2_7_
09:49:24,43.00,3,948,43.05_43.10_43.15_43.20_43.30_,2_2_21_138_2_,43.00_42.90_42.85_42.80_42.70_,7_11_4_11_2_
09:49:24,43.00,3,948,43.05_43.10_43.15_43.20_43.30_,2_2_21_138_2_,43.00_42.90_42.85_42.80_42.70_,7_11_4_11_2_
09:49:29,43.00,1,949,43.10_43.15_43.20_43.30_43.35_,2_19_13_131_1_,43.00_42.90_42.80_42.70_42.65_,9_12_13_2_7_
09:49:34,43.00,1,949,43.10_43.15_43.20_43.30_43.35_,1_19_13_2_130_,43.00_42.90_42.80_42.70_42.65_,9_12_13_2_7_
09:49:39,43.00,1,949,43.10_43.15_43.20_43.30_43.35_,3_19_13_2_130_,43.00_42.90_42.80_42.70_42.65_,10_12_13_2_7_
09:49:44,43.00,1,949,43.10_43.15_43.20_43.30_43.35_,5_19_13_2_130_,43.00_42.90_42.80_42.70_42.65_,10_12_13_2_7_
09:51:11,42.95,1,965,43.00_43.05_43.10_43.15_43.20_,2_2_7_21_138_,42.95_42.90_42.85_42.80_42.70_,2_9_4_10_12_
09:54:00,42.70,1,1007,42.90_42.95_43.00_43.10_43.15_,15_32_1_16_142_,42.70_42.65_42.60_42.55_42.50_,9_12_24_10_17_
09:55:07,42.70,1,1008,42.90_42.95_43.00_43.10_43.15_,18_28_6_16_142_,42.70_42.65_42.60_42.55_42.50_,18_8_25_12_17_
09:55:22,42.70,1,1008,42.90_42.95_43.00_43.10_43.15_,18_31_2_16_142_,42.70_42.65_42.60_42.55_42.50_,15_13_25_12_19_
09:55:32,42.70,1,1008,42.90_42.95_43.00_43.10_43.15_,18_33_2_16_142_,42.70_42.65_42.60_42.55_42.50_,16_13_25_12_19_
09:55:32,42.70,1,1008,42.90_42.95_43.00_43.10_43.15_,18_33_2_16_142_,42.70_42.65_42.60_42.55_42.50_,16_13_25_12_19_
09:55:43,42.70,1,1008,42.90_42.95_43.00_43.05_43.10_,18_33_2_2_16_,42.70_42.65_42.60_42.55_42.50_,16_14_25_12_19_
09:55:43,42.70,1,1008,42.90_42.95_43.00_43.05_43.10_,18_33_2_2_16_,42.70_42.65_42.60_42.55_42.50_,16_14_25_12_19_
09:55:53,42.70,1,1008,42.90_42.95_43.00_43.05_43.10_,18_33_2_2_14_,42.70_42.65_42.60_42.55_42.50_,16_14_26_12_19_
09:57:04,42.70,1,1008,42.85_42.90_42.95_43.00_43.05_,2_16_32_2_2_,42.70_42.65_42.60_42.55_42.50_,24_18_44_12_24_
09:57:10,42.85,4,1012,42.85_42.90_42.95_43.00_43.05_,6_11_27_6_131_,42.70_42.65_42.60_42.55_42.50_,22_18_44_12_23_
09:57:15,42.70,2,1014,42.85_42.90_42.95_43.00_43.05_,4_13_31_2_131_,42.70_42.65_42.60_42.55_42.50_,16_23_44_12_28_
09:57:20,42.70,1,1015,42.80_42.85_42.90_42.95_43.00_,3_4_10_31_3_,42.70_42.65_42.60_42.55_42.50_,15_23_44_12_28_
09:57:25,42.80,1,1016,42.80_42.85_42.90_42.95_43.00_,6_1_10_30_132_,42.70_42.65_42.60_42.55_42.50_,15_24_43_12_28_
09:57:30,42.70,1,1017,42.80_42.90_42.95_43.00_43.05_,7_9_30_132_2_,42.70_42.65_42.60_42.55_42.50_,14_25_43_12_28_
09:58:21,42.80,2,1019,42.80_42.85_42.90_42.95_43.00_,12_1_7_30_2_,42.70_42.65_42.60_42.55_42.50_,18_19_50_13_28_
09:58:27,42.80,2,1019,42.80_42.85_42.90_42.95_43.00_,12_1_7_30_131_,42.70_42.65_42.60_42.55_42.50_,18_20_50_13_28_
09:59:02,42.80,2,1019,42.80_42.85_42.90_42.95_43.00_,12_1_7_30_131_,42.70_42.65_42.60_42.55_42.50_,23_21_67_13_28_
09:59:23,42.70,1,1021,42.80_42.85_42.90_42.95_43.00_,11_1_11_26_131_,42.70_42.65_42.60_42.55_42.50_,22_21_67_13_28_
10:00:04,42.70,1,1021,42.80_42.85_42.90_42.95_43.00_,11_1_7_30_131_,42.75_42.70_42.65_42.60_42.55_,1_23_18_67_12_
10:00:04,42.70,1,1021,42.80_42.85_42.90_42.95_43.00_,11_1_7_30_131_,42.75_42.70_42.65_42.60_42.55_,1_23_18_67_12_
10:00:35,42.80,10,1038,42.85_42.90_42.95_43.00_43.05_,1_12_26_131_2_,42.75_42.70_42.65_42.60_42.55_,9_17_17_68_12_
10:00:40,42.75,3,1041,42.85_42.90_42.95_43.00_43.05_,1_9_32_2_131_,42.75_42.70_42.65_42.60_42.55_,6_17_17_68_12_
10:03:49,42.75,1,1062,42.90_42.95_43.00_43.05_43.10_,8_33_6_2_139_,42.75_42.70_42.65_42.60_42.55_,11_17_19_68_12_
10:05:01,42.75,1,1062,42.85_42.90_42.95_43.00_43.05_,4_7_34_5_131_,42.80_42.75_42.70_42.65_42.60_,7_14_16_20_68_
10:07:09,42.80,2,1075,42.85_42.90_42.95_43.00_43.05_,10_10_33_10_131_,42.80_42.75_42.70_42.65_42.60_,13_19_16_19_68_
10:07:09,42.80,2,1075,42.85_42.90_42.95_43.00_43.05_,10_10_33_10_131_,42.80_42.75_42.70_42.65_42.60_,13_19_16_19_68_
10:07:45,42.80,2,1077,42.85_42.90_42.95_43.00_43.05_,11_9_32_9_131_,42.80_42.75_42.70_42.65_42.60_,11_19_16_19_68_
10:07:55,42.80,2,1077,42.85_42.90_42.95_43.00_43.05_,12_9_32_9_131_,42.80_42.75_42.70_42.65_42.60_,11_19_16_19_68_
10:07:55,42.80,2,1077,42.85_42.90_42.95_43.00_43.05_,12_9_32_9_131_,42.80_42.75_42.70_42.65_42.60_,11_19_16_19_68_
10:07:55,42.80,2,1077,42.85_42.90_42.95_43.00_43.05_,12_9_32_9_131_,42.80_42.75_42.70_42.65_42.60_,11_19_16_19_68_
10:07:55,42.80,2,1077,42.85_42.90_42.95_43.00_43.05_,12_9_32_9_131_,42.80_42.75_42.70_42.65_42.60_,11_19_16_19_68_
10:08:26,42.80,2,1077,42.85_42.90_42.95_43.00_43.05_,12_10_32_9_131_,42.80_42.75_42.70_42.65_42.60_,11_19_16_19_68_
10:09:07,42.85,1,1080,42.85_42.90_42.95_43.00_43.05_,13_10_32_10_131_,42.80_42.75_42.70_42.65_42.60_,13_18_16_19_68_
10:09:07,42.85,1,1080,42.85_42.90_42.95_43.00_43.05_,13_10_32_10_131_,42.80_42.75_42.70_42.65_42.60_,13_18_16_19_68_
10:09:17,42.80,2,1082,42.85_42.90_42.95_43.00_43.05_,13_10_32_10_131_,42.80_42.75_42.70_42.65_42.60_,11_18_16_19_68_
10:09:23,42.80,2,1082,42.85_42.90_42.95_43.00_43.05_,13_10_32_10_131_,42.80_42.75_42.70_42.65_42.60_,11_19_16_19_68_
10:09:23,42.80,2,1082,42.85_42.90_42.95_43.00_43.05_,13_10_32_10_131_,42.80_42.75_42.70_42.65_42.60_,11_19_16_19_68_
10:09:33,42.85,1,1083,42.85_42.90_42.95_43.00_43.05_,13_9_32_10_131_,42.80_42.75_42.70_42.65_42.60_,12_19_16_19_68_
10:09:48,42.85,1,1084,42.85_42.90_42.95_43.00_43.05_,12_9_32_10_131_,42.80_42.75_42.70_42.65_42.60_,12_19_16_20_68_
10:10:19,42.85,1,1086,42.85_42.90_42.95_43.00_43.05_,12_9_32_10_131_,42.80_42.75_42.70_42.65_42.60_,12_19_16_20_68_
10:10:39,42.80,1,1087,42.85_42.90_42.95_43.00_43.05_,12_9_32_10_131_,42.80_42.75_42.70_42.65_42.60_,16_19_16_20_68_
10:12:12,42.80,1,1095,42.85_42.90_42.95_43.00_43.05_,8_12_32_16_131_,42.80_42.75_42.70_42.65_42.60_,20_18_15_19_68_
10:12:47,42.80,2,1100,42.85_42.90_42.95_43.00_43.05_,10_11_32_16_131_,42.80_42.75_42.70_42.65_42.60_,15_19_15_19_68_
10:13:18,42.80,1,1101,42.85_42.90_42.95_43.00_43.05_,16_10_32_15_131_,42.80_42.75_42.70_42.65_42.60_,16_20_15_19_68_
10:13:23,42.80,10,1111,42.85_42.90_42.95_43.00_43.05_,16_10_32_15_131_,42.80_42.75_42.70_42.65_42.60_,6_20_15_19_68_
10:13:28,42.80,10,1111,42.85_42.90_42.95_43.00_43.05_,16_10_32_15_131_,42.80_42.75_42.70_42.65_42.60_,6_21_15_19_68_
10:13:33,42.80,10,1111,42.85_42.90_42.95_43.00_43.05_,16_10_32_15_131_,42.80_42.75_42.70_42.65_42.60_,7_21_15_19_68_
10:13:38,42.80,10,1111,42.85_42.90_42.95_43.00_43.05_,16_11_32_15_131_,42.80_42.75_42.70_42.65_42.60_,7_21_15_19_68_
10:13:38,42.80,10,1111,42.85_42.90_42.95_43.00_43.05_,16_11_32_15_131_,42.80_42.75_42.70_42.65_42.60_,7_21_15_19_68_
10:15:05,42.80,8,1119,42.80_42.85_42.90_42.95_43.00_,15_8_15_26_145_,42.75_42.70_42.65_42.60_42.55_,22_15_11_74_12_
10:15:31,42.75,1,1122,42.80_42.85_42.90_42.95_43.00_,15_8_15_26_143_,42.75_42.70_42.65_42.60_42.55_,21_15_11_74_12_
10:15:41,42.75,1,1122,42.80_42.85_42.90_42.95_43.00_,16_8_15_26_143_,42.75_42.70_42.65_42.60_42.55_,21_15_11_74_12_
10:15:51,42.75,1,1126,42.80_42.85_42.90_42.95_43.00_,18_6_15_26_143_,42.75_42.70_42.65_42.60_42.55_,20_16_11_74_12_
10:15:57,42.75,1,1127,42.80_42.85_42.90_42.95_43.00_,18_6_15_26_143_,42.75_42.70_42.65_42.60_42.55_,19_17_11_74_12_
10:16:12,42.75,1,1127,42.80_42.85_42.90_42.95_43.00_,18_6_15_26_143_,42.75_42.70_42.65_42.60_42.55_,30_17_11_74_12_
10:16:38,42.75,2,1129,42.80_42.85_42.90_42.95_43.00_,17_6_15_26_143_,42.75_42.70_42.65_42.60_42.55_,28_17_11_74_12_
10:16:53,42.75,2,1129,42.80_42.85_42.90_42.95_43.00_,17_6_15_26_146_,42.75_42.70_42.65_42.60_42.55_,29_17_11_74_12_
10:18:30,42.75,3,1147,42.80_42.85_42.90_42.95_43.00_,14_6_15_26_146_,42.75_42.70_42.65_42.60_42.55_,34_18_12_74_12_
10:22:11,42.75,1,1174,42.85_42.90_42.95_43.00_43.05_,13_15_11_19_131_,42.75_42.70_42.65_42.60_42.55_,29_18_12_75_12_
10:22:46,42.75,1,1175,42.85_42.90_42.95_43.00_43.05_,13_18_11_19_131_,42.75_42.70_42.65_42.60_42.55_,29_18_12_75_12_
10:22:46,42.75,1,1175,42.85_42.90_42.95_43.00_43.05_,13_18_11_19_131_,42.75_42.70_42.65_42.60_42.55_,29_18_12_75_12_
10:22:57,42.75,1,1175,42.85_42.90_42.95_43.00_43.05_,13_18_11_19_131_,42.75_42.70_42.65_42.60_42.55_,29_19_12_75_12_
10:23:02,42.75,1,1175,42.85_42.90_42.95_43.00_43.05_,13_18_11_19_131_,42.75_42.70_42.65_42.60_42.55_,30_18_12_75_12_
10:23:07,42.75,1,1175,42.85_42.90_42.95_43.00_43.05_,17_18_11_19_131_,42.75_42.70_42.65_42.60_42.55_,31_18_12_75_12_
10:23:12,42.85,1,1176,42.85_42.90_42.95_43.00_43.05_,16_18_11_19_131_,42.75_42.70_42.65_42.60_42.55_,30_18_12_75_12_
10:23:17,42.75,1,1177,42.85_42.90_42.95_43.00_43.05_,16_18_11_19_131_,42.75_42.70_42.65_42.60_42.55_,29_18_12_75_12_
10:23:22,42.85,10,1187,42.85_42.90_42.95_43.00_43.05_,6_18_11_19_131_,42.75_42.70_42.65_42.60_42.55_,29_18_12_75_12_
10:23:27,42.75,3,1190,42.85_42.90_42.95_43.00_43.05_,4_20_11_19_131_,42.75_42.70_42.65_42.60_42.55_,26_18_18_69_12_
10:23:33,42.75,1,1191,42.85_42.90_42.95_43.00_43.05_,4_20_11_19_131_,42.75_42.70_42.65_42.60_42.55_,25_18_18_69_12_
10:23:33,42.75,1,1191,42.85_42.90_42.95_43.00_43.05_,4_20_11_19_131_,42.75_42.70_42.65_42.60_42.55_,25_18_18_69_12_
10:24:39,42.80,5,1196,42.80_42.85_42.90_42.95_43.00_,5_10_25_10_148_,42.75_42.70_42.65_42.60_42.55_,28_18_12_74_12_
10:25:10,42.85,5,1201,42.85_42.90_42.95_43.00_43.05_,16_27_15_19_131_,42.80_42.75_42.70_42.65_42.60_,11_21_14_13_75_
10:25:15,42.80,10,1211,42.85_42.90_42.95_43.00_43.05_,16_27_15_19_131_,42.80_42.75_42.70_42.65_42.60_,6_21_14_13_75_
10:26:32,42.80,4,1227,42.80_42.85_42.90_42.95_43.00_,17_17_19_15_148_,42.75_42.70_42.65_42.60_42.55_,21_16_14_74_12_
10:26:52,42.80,4,1227,42.80_42.85_42.90_42.95_43.00_,18_17_19_15_148_,42.75_42.70_42.65_42.60_42.55_,21_16_14_74_12_
10:29:26,42.65,13,1289,42.70_42.75_42.80_42.85_42.90_,22_18_25_21_147_,42.60_42.55_42.50_42.45_42.40_,74_13_29_8_16_
10:31:04,42.60,2,1302,42.65_42.70_42.75_42.80_42.85_,12_13_16_15_149_,42.60_42.55_42.50_42.45_42.40_,66_3_28_8_18_
10:31:29,42.60,2,1302,42.65_42.70_42.75_42.80_42.85_,12_16_16_15_149_,42.60_42.55_42.50_42.45_42.40_,68_3_28_13_18_
10:32:05,42.65,1,1303,42.65_42.70_42.75_42.80_42.85_,12_16_16_15_149_,42.60_42.55_42.50_42.45_42.40_,71_2_30_13_16_
10:32:36,42.65,2,1307,42.65_42.70_42.75_42.80_42.85_,6_22_20_15_149_,42.60_42.55_42.50_42.45_42.40_,70_9_30_13_16_
10:32:46,42.65,2,1307,42.65_42.70_42.75_42.80_42.85_,7_21_20_15_149_,42.60_42.55_42.50_42.45_42.40_,70_9_30_13_16_
10:33:17,42.65,1,1308,42.65_42.70_42.75_42.80_42.85_,12_15_20_15_149_,42.60_42.55_42.50_42.45_42.40_,74_9_30_13_15_
10:33:37,42.65,1,1311,42.65_42.70_42.75_42.80_42.85_,7_15_20_15_149_,42.60_42.55_42.50_42.45_42.40_,73_9_28_13_16_
10:34:54,42.65,1,1316,42.70_42.75_42.80_42.85_42.90_,23_14_21_20_144_,42.65_42.60_42.55_42.50_42.45_,9_68_9_38_7_
10:36:11,42.70,1,1324,42.70_42.75_42.80_42.85_42.90_,19_14_21_20_144_,42.65_42.60_42.55_42.50_42.45_,16_65_7_38_7_
10:36:57,42.70,1,1325,42.70_42.75_42.80_42.85_42.90_,19_15_21_21_144_,42.65_42.60_42.55_42.50_42.45_,16_65_7_38_8_
10:37:07,42.70,1,1326,42.70_42.75_42.80_42.85_42.90_,19_15_21_21_144_,42.65_42.60_42.55_42.50_42.45_,16_64_7_38_8_
10:39:16,42.65,2,1330,42.70_42.75_42.80_42.85_42.90_,19_16_21_21_144_,42.65_42.60_42.55_42.50_42.45_,27_63_8_38_8_
10:39:26,42.65,2,1330,42.70_42.75_42.80_42.85_42.90_,21_16_21_21_144_,42.65_42.60_42.55_42.50_42.45_,28_63_8_38_8_
10:40:07,42.70,1,1335,42.70_42.75_42.80_42.85_42.90_,17_16_21_21_144_,42.65_42.60_42.55_42.50_42.45_,31_62_8_38_8_
10:40:07,42.70,1,1335,42.70_42.75_42.80_42.85_42.90_,17_16_21_21_144_,42.65_42.60_42.55_42.50_42.45_,31_62_8_38_8_
10:40:23,42.70,1,1335,42.70_42.75_42.80_42.85_42.90_,17_16_21_21_144_,42.65_42.60_42.55_42.50_42.45_,31_59_9_38_8_
10:40:28,42.70,1,1335,42.70_42.75_42.80_42.85_42.90_,17_16_21_21_144_,42.65_42.60_42.55_42.50_42.45_,32_59_9_38_8_
10:40:28,42.70,1,1335,42.70_42.75_42.80_42.85_42.90_,17_16_21_21_144_,42.65_42.60_42.55_42.50_42.45_,32_59_9_38_8_
10:40:38,42.70,1,1335,42.70_42.75_42.80_42.85_42.90_,18_16_21_21_144_,42.65_42.60_42.55_42.50_42.45_,32_59_9_38_8_
10:40:48,42.70,1,1335,42.70_42.75_42.80_42.85_42.90_,19_16_21_21_144_,42.65_42.60_42.55_42.50_42.45_,33_59_9_38_8_
10:44:13,42.70,2,1365,42.70_42.75_42.80_42.85_42.90_,5_21_21_11_144_,42.65_42.60_42.55_42.50_42.45_,29_62_8_38_8_
10:45:35,42.70,2,1369,42.70_42.75_42.80_42.85_42.90_,16_18_15_11_144_,42.65_42.60_42.55_42.50_42.45_,29_63_8_32_8_
10:45:35,42.70,2,1369,42.70_42.75_42.80_42.85_42.90_,16_18_15_11_144_,42.65_42.60_42.55_42.50_42.45_,29_63_8_32_8_
10:45:50,42.65,3,1372,42.70_42.75_42.80_42.85_42.90_,16_18_15_11_144_,42.65_42.60_42.55_42.50_42.45_,23_63_8_32_8_
10:45:56,42.65,1,1373,42.70_42.75_42.80_42.85_42.90_,16_18_15_11_144_,42.65_42.60_42.55_42.50_42.45_,22_63_8_32_8_
10:46:01,42.65,1,1373,42.70_42.75_42.80_42.85_42.90_,16_18_15_17_144_,42.65_42.60_42.55_42.50_42.45_,23_62_8_32_8_
10:46:32,42.70,1,1374,42.70_42.75_42.80_42.85_42.90_,25_18_15_17_144_,42.65_42.60_42.55_42.50_42.45_,25_62_8_32_8_
10:48:09,42.70,1,1378,42.70_42.75_42.80_42.85_42.90_,25_24_15_17_144_,42.65_42.60_42.55_42.50_42.45_,26_61_8_32_14_
10:49:00,42.70,1,1384,42.70_42.75_42.80_42.85_42.90_,21_24_15_17_145_,42.65_42.60_42.55_42.50_42.45_,26_61_8_32_14_
10:49:11,42.70,1,1384,42.70_42.75_42.80_42.85_42.90_,21_24_15_17_145_,42.65_42.60_42.55_42.50_42.45_,27_61_8_32_14_
10:49:11,42.70,1,1384,42.70_42.75_42.80_42.85_42.90_,21_24_15_17_145_,42.65_42.60_42.55_42.50_42.45_,27_61_8_32_14_
10:49:11,42.70,1,1384,42.70_42.75_42.80_42.85_42.90_,21_24_15_17_145_,42.65_42.60_42.55_42.50_42.45_,27_61_8_32_14_
10:49:26,42.70,1,1385,42.70_42.75_42.80_42.85_42.90_,20_24_15_17_145_,42.65_42.60_42.55_42.50_42.45_,28_61_8_32_14_
10:49:26,42.70,1,1385,42.70_42.75_42.80_42.85_42.90_,20_24_15_17_145_,42.65_42.60_42.55_42.50_42.45_,28_61_8_32_14_
10:49:36,42.70,1,1385,42.70_42.75_42.80_42.85_42.90_,20_24_15_18_145_,42.65_42.60_42.55_42.50_42.45_,28_61_8_32_14_
10:50:43,42.70,2,1388,42.70_42.75_42.80_42.85_42.90_,25_24_15_18_145_,42.65_42.60_42.55_42.50_42.45_,27_61_8_32_14_
10:50:43,42.70,2,1388,42.70_42.75_42.80_42.85_42.90_,25_24_15_18_145_,42.65_42.60_42.55_42.50_42.45_,27_61_8_32_14_
10:50:58,42.70,2,1388,42.70_42.75_42.80_42.85_42.90_,25_24_15_18_145_,42.65_42.60_42.55_42.50_42.45_,28_61_8_32_14_
10:50:58,42.70,2,1388,42.70_42.75_42.80_42.85_42.90_,25_24_15_18_145_,42.65_42.60_42.55_42.50_42.45_,28_61_8_32_14_
10:51:03,42.70,2,1390,42.70_42.75_42.80_42.85_42.90_,23_24_15_18_145_,42.65_42.60_42.55_42.50_42.45_,27_60_8_32_14_
10:51:13,42.70,2,1392,42.70_42.75_42.80_42.85_42.90_,21_24_15_18_145_,42.65_42.60_42.55_42.50_42.45_,27_60_8_32_14_
10:52:41,42.65,2,1398,42.70_42.75_42.80_42.85_42.90_,26_25_15_18_145_,42.65_42.60_42.55_42.50_42.45_,25_59_8_34_14_
10:53:01,42.70,1,1400,42.70_42.75_42.80_42.85_42.90_,24_27_15_18_145_,42.65_42.60_42.55_42.50_42.45_,27_58_8_34_14_
10:53:01,42.70,1,1400,42.70_42.75_42.80_42.85_42.90_,24_27_15_18_145_,42.65_42.60_42.55_42.50_42.45_,27_58_8_34_14_
10:53:01,42.70,1,1400,42.70_42.75_42.80_42.85_42.90_,24_27_15_18_145_,42.65_42.60_42.55_42.50_42.45_,27_58_8_34_14_
10:53:16,42.70,1,1400,42.70_42.75_42.80_42.85_42.90_,25_26_15_16_145_,42.65_42.60_42.55_42.50_42.45_,27_58_8_34_14_
10:53:21,42.70,1,1401,42.70_42.75_42.80_42.85_42.90_,25_25_15_16_145_,42.65_42.60_42.55_42.50_42.45_,27_58_8_34_14_
10:53:21,42.70,1,1401,42.70_42.75_42.80_42.85_42.90_,25_25_15_16_145_,42.65_42.60_42.55_42.50_42.45_,27_58_8_34_14_
10:53:47,42.70,1,1402,42.70_42.75_42.80_42.85_42.90_,24_25_15_16_145_,42.65_42.60_42.55_42.50_42.45_,27_58_8_34_14_
10:53:47,42.70,1,1402,42.70_42.75_42.80_42.85_42.90_,24_25_15_16_145_,42.65_42.60_42.55_42.50_42.45_,27_58_8_34_14_
10:54:18,42.70,1,1402,42.70_42.75_42.80_42.85_42.90_,24_25_15_16_145_,42.65_42.60_42.55_42.50_42.45_,28_59_8_40_8_
10:54:18,42.70,1,1402,42.70_42.75_42.80_42.85_42.90_,24_25_15_16_145_,42.65_42.60_42.55_42.50_42.45_,28_59_8_40_8_
10:55:14,42.70,2,1407,42.70_42.75_42.80_42.85_42.90_,27_25_15_16_145_,42.65_42.60_42.55_42.50_42.45_,25_59_8_40_8_
10:55:19,42.70,3,1410,42.70_42.75_42.80_42.85_42.90_,24_25_15_16_145_,42.65_42.60_42.55_42.50_42.45_,26_59_8_40_8_
10:56:10,42.70,1,1414,42.70_42.75_42.80_42.85_42.90_,20_25_15_16_145_,42.65_42.60_42.55_42.50_42.45_,26_58_8_40_8_
10:56:57,42.65,1,1441,42.65_42.70_42.75_42.80_42.85_,17_39_20_15_145_,42.60_42.55_42.50_42.45_42.40_,62_9_32_14_15_
10:57:07,42.65,1,1441,42.65_42.70_42.75_42.80_42.85_,18_38_20_15_145_,42.60_42.55_42.50_42.45_42.40_,63_9_32_14_15_
10:57:48,42.65,1,1442,42.65_42.70_42.75_42.80_42.85_,47_38_20_15_145_,42.60_42.55_42.50_42.45_42.40_,64_9_32_14_15_
10:58:08,42.65,2,1449,42.65_42.70_42.75_42.80_42.85_,46_34_20_15_145_,42.60_42.55_42.50_42.45_42.40_,59_9_32_14_15_
10:59:00,42.60,1,1457,42.65_42.70_42.75_42.80_42.85_,43_43_14_15_145_,42.60_42.55_42.50_42.45_42.40_,59_9_32_14_15_
11:00:22,42.60,1,1460,42.65_42.70_42.75_42.80_42.85_,48_37_14_15_145_,42.60_42.55_42.50_42.45_42.40_,59_11_33_8_21_
11:01:54,42.55,2,1535,42.60_42.65_42.70_42.75_42.80_,17_53_21_14_144_,42.55_42.50_42.45_42.40_42.35_,1_33_5_19_18_
11:01:59,42.55,1,1536,42.60_42.65_42.70_42.75_42.80_,24_47_20_14_144_,42.55_42.50_42.45_42.40_42.35_,1_33_5_19_18_
11:01:59,42.55,1,1536,42.60_42.65_42.70_42.75_42.80_,24_47_20_14_144_,42.55_42.50_42.45_42.40_42.35_,1_33_5_19_18_
11:02:04,42.55,1,1537,42.60_42.65_42.70_42.75_42.80_,24_47_20_14_144_,42.55_42.50_42.45_42.40_42.35_,2_33_5_19_18_
11:02:04,42.55,1,1537,42.60_42.65_42.70_42.75_42.80_,24_47_20_14_144_,42.55_42.50_42.45_42.40_42.35_,2_33_5_19_18_
11:02:04,42.55,1,1537,42.60_42.65_42.70_42.75_42.80_,24_47_20_14_144_,42.55_42.50_42.45_42.40_42.35_,2_33_5_19_18_
11:02:04,42.55,1,1537,42.60_42.65_42.70_42.75_42.80_,24_47_20_14_144_,42.55_42.50_42.45_42.40_42.35_,2_33_5_19_18_
11:02:30,42.55,2,1540,42.60_42.65_42.70_42.75_42.80_,24_47_20_14_144_,42.50_42.45_42.40_42.35_42.30_,33_5_19_18_29_
11:03:41,42.55,1,1547,42.60_42.65_42.70_42.75_42.80_,24_40_21_14_144_,42.55_42.50_42.45_42.40_42.35_,6_35_7_19_21_
11:04:43,42.55,1,1548,42.60_42.65_42.70_42.75_42.80_,23_41_20_14_144_,42.55_42.50_42.45_42.40_42.35_,11_32_8_19_21_
11:06:20,42.60,1,1550,42.60_42.65_42.70_42.75_42.80_,23_41_20_14_144_,42.55_42.50_42.45_42.40_42.35_,28_32_8_25_15_
11:08:39,42.60,17,1575,42.60_42.65_42.70_42.75_42.80_,1_44_20_14_144_,42.55_42.50_42.45_42.40_42.35_,38_38_6_25_15_
11:08:44,42.60,1,1576,42.65_42.70_42.75_42.80_42.85_,45_20_14_144_16_,42.60_42.55_42.50_42.45_42.40_,1_38_38_6_25_
11:08:49,42.60,1,1576,42.65_42.70_42.75_42.80_42.85_,39_26_14_15_145_,42.60_42.55_42.50_42.45_42.40_,5_29_38_9_25_
11:08:54,42.65,1,1577,42.65_42.70_42.75_42.80_42.85_,38_26_14_15_145_,42.60_42.55_42.50_42.45_42.40_,6_29_38_9_25_
11:10:21,42.65,2,1585,42.65_42.70_42.75_42.80_42.85_,32_28_14_15_146_,42.60_42.55_42.50_42.45_42.40_,29_14_34_9_25_
11:11:07,42.65,1,1587,42.65_42.70_42.75_42.80_42.85_,33_27_14_15_146_,42.60_42.55_42.50_42.45_42.40_,30_13_34_9_25_
11:13:46,42.65,1,1598,42.65_42.70_42.75_42.80_42.85_,30_9_14_15_146_,42.60_42.55_42.50_42.45_42.40_,36_13_34_9_25_
11:13:46,42.65,1,1598,42.65_42.70_42.75_42.80_42.85_,30_9_14_15_146_,42.60_42.55_42.50_42.45_42.40_,36_13_34_9_25_
11:13:56,42.65,1,1599,42.65_42.70_42.75_42.80_42.85_,42_18_14_15_146_,42.60_42.55_42.50_42.45_42.40_,36_13_34_9_25_
11:17:32,42.65,1,1620,42.65_42.70_42.75_42.80_42.85_,36_19_14_16_144_,42.60_42.55_42.50_42.45_42.40_,12_15_34_10_25_
11:18:28,42.65,1,1620,42.65_42.70_42.75_42.80_42.85_,38_19_14_16_144_,42.60_42.55_42.50_42.45_42.40_,15_14_34_10_25_
11:18:33,42.65,3,1623,42.65_42.70_42.75_42.80_42.85_,35_19_14_16_144_,42.60_42.55_42.50_42.45_42.40_,15_14_34_10_25_
11:18:38,42.60,1,1624,42.65_42.70_42.75_42.80_42.85_,35_19_14_16_144_,42.60_42.55_42.50_42.45_42.40_,14_15_34_10_25_
11:18:43,42.60,1,1624,42.65_42.70_42.75_42.80_42.85_,35_19_14_16_144_,42.60_42.55_42.50_42.45_42.40_,15_15_34_10_25_
11:20:47,42.60,2,1652,42.65_42.70_42.75_42.80_42.85_,27_23_14_15_144_,42.60_42.55_42.50_42.45_42.40_,1_16_49_10_26_
11:21:02,42.60,1,1654,42.65_42.70_42.75_42.80_42.85_,27_23_15_15_144_,42.60_42.55_42.50_42.45_42.40_,1_15_49_10_26_
11:21:07,42.60,1,1654,42.65_42.70_42.75_42.80_42.85_,27_23_15_15_144_,42.60_42.55_42.50_42.45_42.40_,3_15_49_10_26_
11:23:15,42.60,1,1658,42.65_42.70_42.75_42.80_42.85_,27_22_16_15_144_,42.60_42.55_42.50_42.45_42.40_,5_17_49_10_26_
11:23:21,42.60,1,1658,42.65_42.70_42.75_42.80_42.85_,27_22_16_15_144_,42.60_42.55_42.50_42.45_42.40_,5_17_49_9_26_
11:24:07,42.60,1,1659,42.65_42.70_42.75_42.80_42.85_,27_22_16_15_144_,42.60_42.55_42.50_42.45_42.40_,7_16_48_9_26_
11:25:18,42.60,1,1662,42.65_42.70_42.75_42.80_42.85_,26_23_16_15_144_,42.60_42.55_42.50_42.45_42.40_,11_14_48_9_26_
11:25:29,42.60,1,1662,42.65_42.70_42.75_42.80_42.85_,26_23_16_15_144_,42.60_42.55_42.50_42.45_42.40_,10_14_48_9_26_
11:25:54,42.60,10,1672,42.65_42.70_42.75_42.80_42.85_,26_23_16_15_144_,42.55_42.50_42.45_42.40_42.35_,14_48_9_26_13_
11:25:54,42.60,10,1672,42.65_42.70_42.75_42.80_42.85_,26_23_16_15_144_,42.55_42.50_42.45_42.40_42.35_,14_48_9_26_13_
11:26:30,42.55,1,1677,42.60_42.65_42.70_42.75_42.80_,10_30_22_16_16_,42.55_42.50_42.45_42.40_42.35_,13_48_9_26_14_
11:26:35,42.55,2,1679,42.60_42.65_42.70_42.75_42.80_,16_29_22_15_145_,42.55_42.50_42.45_42.40_42.35_,11_48_6_26_14_
11:26:40,42.55,1,1680,42.60_42.65_42.70_42.75_42.80_,17_34_16_15_145_,42.55_42.50_42.45_42.40_42.35_,10_48_6_26_14_
11:26:46,42.55,1,1680,42.60_42.65_42.70_42.75_42.80_,16_36_15_15_144_,42.55_42.50_42.45_42.40_42.35_,10_48_6_26_14_
11:26:46,42.55,1,1680,42.60_42.65_42.70_42.75_42.80_,16_36_15_15_144_,42.55_42.50_42.45_42.40_42.35_,10_48_6_26_14_
11:26:56,42.55,1,1680,42.60_42.65_42.70_42.75_42.80_,18_31_15_15_144_,42.55_42.50_42.45_42.40_42.35_,11_48_7_26_13_
11:28:54,42.50,1,1733,42.55_42.60_42.65_42.70_42.75_,20_15_13_10_144_,42.50_42.45_42.40_42.35_42.30_,25_8_17_17_32_
11:29:04,42.50,1,1733,42.55_42.60_42.65_42.70_42.75_,20_15_13_10_144_,42.50_42.45_42.40_42.35_42.30_,26_8_17_17_32_
11:30:06,42.50,2,1735,42.55_42.60_42.65_42.70_42.75_,24_5_22_10_144_,42.50_42.45_42.40_42.35_42.30_,31_8_17_24_26_
11:30:21,42.50,2,1735,42.55_42.60_42.65_42.70_42.75_,24_5_23_10_144_,42.50_42.45_42.40_42.35_42.30_,31_8_17_24_26_
11:30:26,42.55,2,1737,42.55_42.60_42.65_42.70_42.75_,22_5_23_10_144_,42.50_42.45_42.40_42.35_42.30_,31_9_17_24_26_
11:30:31,42.50,1,1738,42.55_42.60_42.65_42.70_42.75_,22_5_23_10_144_,42.50_42.45_42.40_42.35_42.30_,30_10_17_24_26_
11:30:31,42.50,1,1738,42.55_42.60_42.65_42.70_42.75_,22_5_23_10_144_,42.50_42.45_42.40_42.35_42.30_,30_10_17_24_26_
11:30:52,42.50,1,1738,42.55_42.60_42.65_42.70_42.75_,25_5_23_10_144_,42.50_42.45_42.40_42.35_42.30_,30_10_18_24_26_
11:31:33,42.55,1,1742,42.55_42.60_42.65_42.70_42.75_,24_5_23_10_144_,42.50_42.45_42.40_42.35_42.30_,30_9_18_24_26_
11:32:24,42.50,1,1747,42.55_42.60_42.65_42.70_42.75_,20_7_23_10_145_,42.50_42.45_42.40_42.35_42.30_,29_9_18_25_26_
11:33:05,42.50,1,1748,42.55_42.60_42.65_42.70_42.75_,20_7_23_10_145_,42.50_42.45_42.40_42.35_42.30_,30_9_18_25_26_
11:33:15,42.50,1,1748,42.55_42.60_42.65_42.70_42.75_,20_7_23_10_145_,42.50_42.45_42.40_42.35_42.30_,32_9_17_25_26_
11:33:15,42.50,1,1748,42.55_42.60_42.65_42.70_42.75_,20_7_23_10_145_,42.50_42.45_42.40_42.35_42.30_,32_9_17_25_26_
11:33:26,42.50,1,1749,42.55_42.60_42.65_42.70_42.75_,20_7_23_10_145_,42.50_42.45_42.40_42.35_42.30_,31_9_17_25_27_
11:34:12,42.55,2,1781,42.60_42.65_42.70_42.75_42.80_,7_22_10_16_144_,42.55_42.50_42.45_42.40_42.35_,3_18_13_25_19_
11:34:17,42.55,2,1781,42.60_42.65_42.70_42.75_42.80_,7_22_10_16_144_,42.55_42.50_42.45_42.40_42.35_,4_18_13_25_19_
11:34:22,42.55,2,1781,42.60_42.65_42.70_42.75_42.80_,7_22_10_16_144_,42.55_42.50_42.45_42.40_42.35_,6_16_13_25_19_
11:34:27,42.60,1,1782,42.60_42.65_42.70_42.75_42.80_,6_22_10_16_144_,42.55_42.50_42.45_42.40_42.35_,8_15_12_25_19_
11:34:32,42.55,1,1783,42.60_42.65_42.70_42.75_42.80_,6_22_10_16_144_,42.55_42.50_42.45_42.40_42.35_,9_15_12_25_19_
11:34:42,42.60,1,1784,42.60_42.65_42.70_42.75_42.80_,3_19_16_16_144_,42.55_42.50_42.45_42.40_42.35_,15_15_7_25_19_
11:37:21,42.55,1,1802,42.65_42.70_42.75_42.80_42.85_,20_20_16_16_146_,42.55_42.50_42.45_42.40_42.35_,21_24_10_25_16_
11:37:42,42.55,1,1804,42.65_42.70_42.75_42.80_42.85_,19_20_16_16_146_,42.55_42.50_42.45_42.40_42.35_,20_24_16_19_16_
11:38:43,42.55,1,1820,42.60_42.65_42.70_42.75_42.80_,7_19_19_16_144_,42.55_42.50_42.45_42.40_42.35_,17_24_7_25_16_
11:39:04,42.55,1,1820,42.60_42.65_42.70_42.75_42.80_,9_17_19_16_144_,42.55_42.50_42.45_42.40_42.35_,20_24_7_25_16_
11:39:19,42.55,1,1822,42.60_42.65_42.70_42.75_42.80_,8_17_19_16_144_,42.55_42.50_42.45_42.40_42.35_,18_24_7_25_16_
11:39:29,42.55,1,1822,42.60_42.65_42.70_42.75_42.80_,8_18_19_16_144_,42.55_42.50_42.45_42.40_42.35_,18_24_7_25_16_
11:40:00,42.55,1,1822,42.60_42.65_42.70_42.75_42.80_,9_18_19_16_144_,42.55_42.50_42.45_42.40_42.35_,22_23_7_25_16_
11:41:02,42.55,2,1848,42.60_42.65_42.70_42.75_42.80_,24_23_10_16_144_,42.55_42.50_42.45_42.40_42.35_,4_24_7_19_22_
11:41:02,42.55,2,1848,42.60_42.65_42.70_42.75_42.80_,24_23_10_16_144_,42.55_42.50_42.45_42.40_42.35_,4_24_7_19_22_
11:41:02,42.55,2,1848,42.60_42.65_42.70_42.75_42.80_,24_23_10_16_144_,42.55_42.50_42.45_42.40_42.35_,4_24_7_19_22_
11:41:53,42.55,2,1848,42.60_42.65_42.70_42.75_42.80_,24_23_10_16_144_,42.55_42.50_42.45_42.40_42.35_,6_24_7_19_22_
11:43:00,42.55,2,1848,42.60_42.65_42.70_42.75_42.80_,28_17_16_16_145_,42.55_42.50_42.45_42.40_42.35_,21_24_7_25_16_
11:43:00,42.55,2,1848,42.60_42.65_42.70_42.75_42.80_,28_17_16_16_145_,42.55_42.50_42.45_42.40_42.35_,21_24_7_25_16_
11:44:47,42.55,1,1852,42.60_42.65_42.70_42.75_42.80_,26_17_16_16_145_,42.55_42.50_42.45_42.40_42.35_,27_28_8_25_17_
11:44:47,42.55,1,1852,42.60_42.65_42.70_42.75_42.80_,26_17_16_16_145_,42.55_42.50_42.45_42.40_42.35_,27_28_8_25_17_
11:46:14,42.60,1,1855,42.60_42.65_42.70_42.75_42.80_,26_24_10_16_145_,42.55_42.50_42.45_42.40_42.35_,32_18_8_25_17_
11:46:14,42.60,1,1855,42.60_42.65_42.70_42.75_42.80_,26_24_10_16_145_,42.55_42.50_42.45_42.40_42.35_,32_18_8_25_17_
11:46:24,42.60,1,1855,42.60_42.65_42.70_42.75_42.80_,26_24_10_16_145_,42.55_42.50_42.45_42.40_42.35_,32_18_8_25_16_
11:46:24,42.60,1,1855,42.60_42.65_42.70_42.75_42.80_,26_24_10_16_145_,42.55_42.50_42.45_42.40_42.35_,32_18_8_25_16_
11:46:29,42.60,1,1855,42.60_42.65_42.70_42.75_42.80_,26_24_10_16_145_,42.55_42.50_42.45_42.40_42.35_,33_18_8_25_16_
11:46:55,42.60,3,1858,42.60_42.65_42.70_42.75_42.80_,23_24_10_16_145_,42.55_42.50_42.45_42.40_42.35_,34_18_8_26_16_
11:48:58,42.60,1,1877,42.60_42.65_42.70_42.75_42.80_,20_24_10_16_145_,42.55_42.50_42.45_42.40_42.35_,27_18_8_20_22_
11:50:20,42.60,1,1880,42.60_42.65_42.70_42.75_42.80_,21_24_10_16_145_,42.55_42.50_42.45_42.40_42.35_,29_18_8_26_16_
11:50:25,42.60,1,1880,42.60_42.65_42.70_42.75_42.80_,21_18_16_16_145_,42.55_42.50_42.45_42.40_42.35_,30_18_8_26_16_
11:50:25,42.60,1,1880,42.60_42.65_42.70_42.75_42.80_,21_18_16_16_145_,42.55_42.50_42.45_42.40_42.35_,30_18_8_26_16_
11:50:25,42.60,1,1880,42.60_42.65_42.70_42.75_42.80_,21_18_16_16_145_,42.55_42.50_42.45_42.40_42.35_,30_18_8_26_16_
11:50:25,42.60,1,1880,42.60_42.65_42.70_42.75_42.80_,21_18_16_16_145_,42.55_42.50_42.45_42.40_42.35_,30_18_8_26_16_
11:50:46,42.60,1,1880,42.60_42.65_42.70_42.75_42.80_,21_19_16_16_145_,42.55_42.50_42.45_42.40_42.35_,31_18_8_26_16_
11:51:32,42.50,1,1913,42.60_42.65_42.70_42.75_42.80_,23_23_11_16_145_,42.50_42.45_42.40_42.35_42.30_,19_8_20_22_28_
11:52:03,42.50,1,1913,42.60_42.65_42.70_42.75_42.80_,24_23_10_17_145_,42.50_42.45_42.40_42.35_42.30_,19_9_20_22_29_
11:52:39,42.50,1,1914,42.55_42.60_42.65_42.70_42.75_,13_17_19_10_146_,42.50_42.45_42.40_42.35_42.30_,19_9_18_25_28_
11:52:49,42.50,1,1915,42.55_42.60_42.65_42.70_42.75_,14_18_18_10_145_,42.50_42.45_42.40_42.35_42.30_,20_9_18_26_28_
11:54:46,42.55,3,1955,42.55_42.60_42.65_42.70_42.75_,1_16_13_16_16_,42.50_42.45_42.40_42.35_42.30_,24_8_27_20_27_
11:55:22,42.50,1,1956,42.55_42.60_42.65_42.70_42.75_,8_14_18_10_145_,42.50_42.45_42.40_42.35_42.30_,26_9_18_26_27_
11:55:53,42.50,1,1970,42.55_42.60_42.65_42.70_42.75_,8_14_18_12_145_,42.50_42.45_42.40_42.35_42.30_,21_10_19_26_27_
11:55:58,42.50,1,1970,42.55_42.60_42.65_42.70_42.75_,9_14_18_12_145_,42.50_42.45_42.40_42.35_42.30_,21_10_19_26_27_
11:57:00,42.55,1,1974,42.55_42.60_42.65_42.70_42.75_,10_10_18_12_145_,42.50_42.45_42.40_42.35_42.30_,17_19_19_26_27_
11:57:46,42.55,1,1974,42.55_42.60_42.65_42.70_42.75_,10_10_18_12_145_,42.50_42.45_42.40_42.35_42.30_,19_19_20_26_27_
11:57:51,42.55,1,1975,42.55_42.60_42.65_42.70_42.75_,9_10_18_12_145_,42.50_42.45_42.40_42.35_42.30_,19_19_20_26_27_
11:57:56,42.50,1,1976,42.55_42.60_42.65_42.70_42.75_,12_10_18_12_145_,42.50_42.45_42.40_42.35_42.30_,21_19_20_26_27_
11:58:17,42.50,1,1976,42.55_42.60_42.65_42.70_42.75_,15_20_18_12_145_,42.50_42.45_42.40_42.35_42.30_,23_19_20_26_28_
11:59:08,42.50,1,1976,42.55_42.60_42.65_42.70_42.75_,15_20_18_12_145_,42.50_42.45_42.40_42.35_42.30_,33_19_20_26_28_
11:59:49,42.55,1,1985,42.55_42.60_42.65_42.70_42.75_,8_20_18_12_145_,42.50_42.45_42.40_42.35_42.30_,33_20_20_26_28_
12:01:11,42.50,1,2017,42.55_42.60_42.65_42.70_42.75_,8_20_18_12_145_,42.50_42.45_42.40_42.35_42.30_,12_19_19_28_29_
12:01:16,42.50,1,2017,42.55_42.60_42.65_42.70_42.75_,8_20_18_12_145_,42.50_42.45_42.40_42.35_42.30_,13_19_19_28_30_
12:01:26,42.50,1,2017,42.55_42.60_42.65_42.70_42.75_,8_20_18_12_145_,42.50_42.45_42.40_42.35_42.30_,13_20_18_28_30_
12:01:31,42.50,1,2017,42.55_42.60_42.65_42.70_42.75_,8_21_18_12_145_,42.50_42.45_42.40_42.35_42.30_,13_20_18_28_30_
12:01:37,42.50,1,2017,42.55_42.60_42.65_42.70_42.75_,10_21_18_12_145_,42.50_42.45_42.40_42.35_42.30_,13_20_18_28_30_
12:03:29,42.55,3,2035,42.60_42.65_42.70_42.75_42.80_,17_19_12_16_145_,42.55_42.50_42.45_42.40_42.35_,10_8_19_18_24_
12:03:29,42.55,3,2035,42.60_42.65_42.70_42.75_42.80_,17_19_12_16_145_,42.55_42.50_42.45_42.40_42.35_,10_8_19_18_24_
12:03:50,42.55,3,2035,42.60_42.65_42.70_42.75_42.80_,17_19_12_16_145_,42.55_42.50_42.45_42.40_42.35_,10_8_14_18_24_
12:03:50,42.55,3,2035,42.60_42.65_42.70_42.75_42.80_,17_19_12_16_145_,42.55_42.50_42.45_42.40_42.35_,10_8_14_18_24_
12:04:00,42.55,3,2035,42.60_42.65_42.70_42.75_42.80_,19_19_12_16_145_,42.55_42.50_42.45_42.40_42.35_,13_8_12_18_24_
12:04:00,42.55,3,2035,42.60_42.65_42.70_42.75_42.80_,19_19_12_16_145_,42.55_42.50_42.45_42.40_42.35_,13_8_12_18_24_
12:08:27,42.55,1,2063,42.60_42.65_42.70_42.75_42.80_,10_14_18_16_146_,42.55_42.50_42.45_42.40_42.35_,35_14_12_25_19_
12:11:26,42.55,1,2072,42.60_42.65_42.70_42.75_42.80_,8_19_18_16_146_,42.55_42.50_42.45_42.40_42.35_,38_13_7_25_17_
12:11:31,42.55,1,2072,42.60_42.65_42.70_42.75_42.80_,8_19_18_16_146_,42.55_42.50_42.45_42.40_42.35_,38_14_7_25_17_
12:11:31,42.55,1,2072,42.60_42.65_42.70_42.75_42.80_,8_19_18_16_146_,42.55_42.50_42.45_42.40_42.35_,38_14_7_25_17_
12:11:41,42.60,2,2074,42.60_42.65_42.70_42.75_42.80_,6_19_18_16_146_,42.55_42.50_42.45_42.40_42.35_,38_14_7_25_17_
12:11:47,42.60,2,2074,42.60_42.65_42.70_42.75_42.80_,4_21_18_16_146_,42.55_42.50_42.45_42.40_42.35_,38_14_7_25_17_
12:11:47,42.60,2,2074,42.60_42.65_42.70_42.75_42.80_,4_21_18_16_146_,42.55_42.50_42.45_42.40_42.35_,38_14_7_25_17_
12:11:47,42.60,2,2074,42.60_42.65_42.70_42.75_42.80_,4_21_18_16_146_,42.55_42.50_42.45_42.40_42.35_,38_14_7_25_17_
12:12:02,42.60,4,2078,42.65_42.70_42.75_42.80_42.85_,21_18_16_146_18_,42.60_42.55_42.50_42.45_42.40_,2_39_12_7_25_
12:12:07,42.60,2,2080,42.65_42.70_42.75_42.80_42.85_,21_19_16_17_147_,42.60_42.55_42.50_42.45_42.40_,8_28_11_7_25_
12:12:12,42.60,2,2080,42.65_42.70_42.75_42.80_42.85_,21_19_16_17_147_,42.60_42.55_42.50_42.45_42.40_,10_27_11_7_25_
12:12:17,42.60,2,2080,42.65_42.70_42.75_42.80_42.85_,21_19_16_17_147_,42.60_42.55_42.50_42.45_42.40_,14_25_11_7_25_
12:12:22,42.60,2,2080,42.65_42.70_42.75_42.80_42.85_,21_19_16_17_147_,42.60_42.55_42.50_42.45_42.40_,15_24_11_7_25_
12:14:20,42.60,1,2087,42.65_42.70_42.75_42.80_42.85_,25_18_15_18_143_,42.60_42.55_42.50_42.45_42.40_,22_25_12_13_19_
12:14:46,42.65,1,2088,42.65_42.70_42.75_42.80_42.85_,24_18_15_18_143_,42.60_42.55_42.50_42.45_42.40_,26_25_22_13_18_
12:14:56,42.60,26,2114,42.60_42.65_42.70_42.75_42.80_,14_24_18_15_18_,42.55_42.50_42.45_42.40_42.35_,25_22_13_18_17_
12:15:27,42.55,1,2126,42.60_42.65_42.70_42.75_42.80_,23_24_10_15_149_,42.55_42.50_42.45_42.40_42.35_,12_25_7_18_23_
12:18:31,42.55,1,2162,42.60_42.65_42.70_42.75_42.80_,11_21_10_16_148_,42.55_42.50_42.45_42.40_42.35_,8_25_7_24_17_
12:22:32,42.60,1,2173,42.60_42.65_42.70_42.75_42.80_,10_21_10_16_148_,42.55_42.50_42.45_42.40_42.35_,19_24_11_24_16_
12:24:09,42.55,19,2199,42.55_42.60_42.65_42.70_42.75_,6_15_20_10_16_,42.50_42.45_42.40_42.35_42.30_,23_10_18_22_28_
12:24:40,42.50,2,2206,42.55_42.60_42.65_42.70_42.75_,11_21_11_10_145_,42.50_42.45_42.40_42.35_42.30_,17_11_18_16_34_
12:24:45,42.50,2,2206,42.55_42.60_42.65_42.70_42.75_,13_19_11_10_145_,42.50_42.45_42.40_42.35_42.30_,17_11_18_16_34_
12:24:50,42.50,2,2206,42.55_42.60_42.65_42.70_42.75_,14_18_11_10_145_,42.50_42.45_42.40_42.35_42.30_,20_11_18_16_34_
12:24:50,42.50,2,2206,42.55_42.60_42.65_42.70_42.75_,14_18_11_10_145_,42.50_42.45_42.40_42.35_42.30_,20_11_18_16_34_
12:24:50,42.50,2,2206,42.55_42.60_42.65_42.70_42.75_,14_18_11_10_145_,42.50_42.45_42.40_42.35_42.30_,20_11_18_16_34_
12:25:06,42.50,2,2206,42.55_42.60_42.65_42.70_42.75_,20_12_11_10_145_,42.50_42.45_42.40_42.35_42.30_,20_11_18_16_34_
12:27:45,42.50,6,2230,42.55_42.60_42.65_42.70_42.75_,16_10_11_10_145_,42.45_42.40_42.35_42.30_42.25_,10_17_17_35_19_
12:27:50,42.45,2,2232,42.55_42.60_42.65_42.70_42.75_,16_10_11_10_145_,42.45_42.40_42.35_42.30_42.25_,9_18_17_35_19_
12:27:50,42.45,2,2232,42.55_42.60_42.65_42.70_42.75_,16_10_11_10_145_,42.45_42.40_42.35_42.30_42.25_,9_18_17_35_19_
12:27:55,42.45,1,2233,42.55_42.60_42.65_42.70_42.75_,16_10_11_10_145_,42.45_42.40_42.35_42.30_42.25_,8_18_17_35_19_
12:29:48,42.45,1,2237,42.50_42.55_42.60_42.65_42.70_,16_12_2_11_140_,42.45_42.40_42.35_42.30_42.25_,10_18_19_34_21_
12:29:48,42.45,1,2237,42.50_42.55_42.60_42.65_42.70_,16_12_2_11_140_,42.45_42.40_42.35_42.30_42.25_,10_18_19_34_21_
12:30:03,42.45,1,2240,42.50_42.55_42.65_42.70_42.75_,18_10_11_11_145_,42.45_42.40_42.35_42.30_42.25_,7_19_19_34_21_
12:30:24,42.45,1,2240,42.50_42.55_42.65_42.70_42.75_,17_10_11_11_145_,42.45_42.40_42.35_42.30_42.25_,8_19_19_34_21_
12:30:34,42.45,1,2240,42.50_42.55_42.65_42.70_42.75_,18_9_11_11_145_,42.45_42.40_42.35_42.30_42.25_,8_19_19_34_21_
12:30:34,42.45,1,2240,42.50_42.55_42.65_42.70_42.75_,18_9_11_11_145_,42.45_42.40_42.35_42.30_42.25_,8_19_19_34_21_
12:30:34,42.45,1,2240,42.50_42.55_42.65_42.70_42.75_,18_9_11_11_145_,42.45_42.40_42.35_42.30_42.25_,8_19_19_34_21_
12:30:34,42.45,1,2240,42.50_42.55_42.65_42.70_42.75_,18_9_11_11_145_,42.45_42.40_42.35_42.30_42.25_,8_19_19_34_21_
12:32:01,42.45,1,2247,42.50_42.55_42.65_42.70_42.75_,16_9_11_11_145_,42.45_42.40_42.35_42.30_42.25_,10_19_20_34_21_
12:32:42,42.45,1,2248,42.50_42.55_42.65_42.70_42.75_,19_9_11_11_145_,42.45_42.40_42.35_42.30_42.25_,12_20_20_28_27_
12:32:47,42.45,1,2248,42.50_42.55_42.65_42.70_42.75_,19_9_11_11_145_,42.45_42.40_42.35_42.30_42.25_,12_20_20_30_27_
12:38:15,42.50,1,2273,42.50_42.55_42.60_42.65_42.70_,27_3_2_11_140_,42.45_42.40_42.35_42.30_42.25_,14_19_20_30_27_
12:38:15,42.50,1,2273,42.50_42.55_42.60_42.65_42.70_,27_3_2_11_140_,42.45_42.40_42.35_42.30_42.25_,14_19_20_30_27_
12:38:30,42.50,1,2273,42.50_42.55_42.60_42.65_42.70_,27_3_2_11_140_,42.45_42.40_42.35_42.30_42.25_,15_19_20_30_27_
12:38:35,42.50,1,2273,42.50_42.55_42.60_42.65_42.70_,27_3_2_11_140_,42.45_42.40_42.35_42.30_42.25_,16_19_20_30_21_
12:39:11,42.45,2,2280,42.50_42.55_42.60_42.65_42.70_,22_3_2_11_140_,42.45_42.40_42.35_42.30_42.25_,23_18_20_30_21_
12:40:08,42.45,1,2289,42.50_42.55_42.60_42.65_42.70_,18_3_2_11_140_,42.45_42.40_42.35_42.30_42.25_,20_16_20_30_21_
12:40:18,42.45,1,2290,42.50_42.55_42.60_42.65_42.70_,18_3_3_11_140_,42.45_42.40_42.35_42.30_42.25_,19_17_20_30_21_
12:41:35,42.50,1,2295,42.50_42.55_42.60_42.65_42.70_,21_5_3_11_140_,42.45_42.40_42.35_42.30_42.25_,22_19_20_30_28_
12:41:35,42.50,1,2295,42.50_42.55_42.60_42.65_42.70_,21_5_3_11_140_,42.45_42.40_42.35_42.30_42.25_,22_19_20_30_28_
12:41:45,42.50,1,2295,42.50_42.55_42.60_42.65_42.70_,21_5_3_11_140_,42.45_42.40_42.35_42.30_42.25_,22_19_20_29_28_
12:42:31,42.45,1,2305,42.50_42.55_42.60_42.65_42.70_,24_4_3_11_140_,42.45_42.40_42.35_42.30_42.25_,12_30_20_29_22_
12:42:31,42.45,1,2305,42.50_42.55_42.60_42.65_42.70_,24_4_3_11_140_,42.45_42.40_42.35_42.30_42.25_,12_30_20_29_22_
12:42:37,42.45,1,2305,42.50_42.55_42.60_42.65_42.70_,24_5_3_11_140_,42.45_42.40_42.35_42.30_42.25_,12_31_20_29_22_
12:42:37,42.45,1,2305,42.50_42.55_42.60_42.65_42.70_,24_5_3_11_140_,42.45_42.40_42.35_42.30_42.25_,12_31_20_29_22_
12:42:37,42.45,1,2305,42.50_42.55_42.60_42.65_42.70_,24_5_3_11_140_,42.45_42.40_42.35_42.30_42.25_,12_31_20_29_22_
12:43:43,42.45,1,2317,42.50_42.55_42.60_42.65_42.70_,19_4_3_11_140_,42.45_42.40_42.35_42.30_42.25_,7_31_20_29_23_
12:43:43,42.45,1,2317,42.50_42.55_42.60_42.65_42.70_,19_4_3_11_140_,42.45_42.40_42.35_42.30_42.25_,7_31_20_29_23_
12:43:53,42.45,1,2317,42.50_42.55_42.60_42.65_42.70_,19_4_3_11_140_,42.45_42.40_42.35_42.30_42.25_,8_31_20_29_23_
12:44:04,42.45,1,2317,42.50_42.55_42.60_42.65_42.70_,19_4_3_11_140_,42.45_42.40_42.35_42.30_42.25_,8_31_20_29_24_
12:44:04,42.45,1,2317,42.50_42.55_42.60_42.65_42.70_,19_4_3_11_140_,42.45_42.40_42.35_42.30_42.25_,8_31_20_29_24_
12:44:04,42.45,1,2317,42.50_42.55_42.60_42.65_42.70_,19_4_3_11_140_,42.45_42.40_42.35_42.30_42.25_,8_31_20_29_24_
12:44:04,42.45,1,2317,42.50_42.55_42.60_42.65_42.70_,19_4_3_11_140_,42.45_42.40_42.35_42.30_42.25_,8_31_20_29_24_
12:44:04,42.45,1,2317,42.50_42.55_42.60_42.65_42.70_,19_4_3_11_140_,42.45_42.40_42.35_42.30_42.25_,8_31_20_29_24_
12:44:24,42.50,1,2318,42.50_42.55_42.60_42.65_42.70_,15_10_3_11_140_,42.45_42.40_42.35_42.30_42.25_,8_31_20_29_24_
12:44:34,42.45,5,2324,42.50_42.55_42.60_42.65_42.70_,15_10_3_11_140_,42.45_42.40_42.35_42.30_42.25_,2_31_20_29_24_
12:44:45,42.40,1,2328,42.45_42.50_42.55_42.60_42.65_,3_13_10_3_11_,42.40_42.35_42.30_42.25_42.20_,32_20_29_24_24_
12:44:50,42.40,1,2329,42.45_42.50_42.55_42.60_42.65_,2_21_2_3_140_,42.40_42.35_42.30_42.25_42.20_,30_21_29_18_30_
12:45:05,42.45,1,2330,42.45_42.50_42.55_42.60_42.65_,6_17_2_3_140_,42.40_42.35_42.30_42.25_42.20_,21_21_29_18_30_
12:45:10,42.40,2,2332,42.45_42.50_42.55_42.60_42.65_,6_17_2_3_140_,42.40_42.35_42.30_42.25_42.20_,19_21_29_18_30_
12:45:15,42.40,1,2333,42.45_42.50_42.55_42.60_42.65_,7_16_2_3_140_,42.40_42.35_42.30_42.25_42.20_,18_21_29_18_30_
12:45:15,42.40,1,2333,42.45_42.50_42.55_42.60_42.65_,7_16_2_3_140_,42.40_42.35_42.30_42.25_42.20_,18_21_29_18_30_
12:45:26,42.40,1,2333,42.45_42.50_42.55_42.60_42.65_,6_16_2_3_140_,42.40_42.35_42.30_42.25_42.20_,18_21_29_18_30_
12:45:26,42.40,1,2333,42.45_42.50_42.55_42.60_42.65_,6_16_2_3_140_,42.40_42.35_42.30_42.25_42.20_,18_21_29_18_30_
12:45:36,42.40,1,2333,42.45_42.50_42.55_42.60_42.65_,7_16_2_3_140_,42.40_42.35_42.30_42.25_42.20_,19_21_29_18_30_
12:45:41,42.40,1,2333,42.45_42.50_42.55_42.60_42.65_,7_16_2_3_140_,42.40_42.35_42.30_42.25_42.20_,20_21_29_18_30_
12:46:07,42.40,1,2334,42.45_42.50_42.55_42.60_42.65_,15_9_2_3_140_,42.40_42.35_42.30_42.25_42.20_,19_22_29_38_26_
12:46:07,42.40,1,2334,42.45_42.50_42.55_42.60_42.65_,15_9_2_3_140_,42.40_42.35_42.30_42.25_42.20_,19_22_29_38_26_
12:46:07,42.40,1,2334,42.45_42.50_42.55_42.60_42.65_,15_9_2_3_140_,42.40_42.35_42.30_42.25_42.20_,19_22_29_38_26_
12:46:07,42.40,1,2334,42.45_42.50_42.55_42.60_42.65_,15_9_2_3_140_,42.40_42.35_42.30_42.25_42.20_,19_22_29_38_26_
12:48:20,42.30,1,2388,42.40_42.45_42.50_42.55_42.60_,33_1_1_2_132_,42.30_42.25_42.20_42.15_42.10_,25_39_22_12_35_
12:49:32,42.35,1,2390,42.40_42.45_42.55_42.60_42.65_,28_7_2_3_140_,42.35_42.30_42.25_42.20_42.15_,11_23_43_21_12_
12:49:32,42.35,1,2390,42.40_42.45_42.55_42.60_42.65_,28_7_2_3_140_,42.35_42.30_42.25_42.20_42.15_,11_23_43_21_12_
12:50:23,42.35,1,2397,42.40_42.45_42.55_42.60_42.65_,27_7_2_3_140_,42.35_42.30_42.25_42.20_42.15_,10_23_44_21_12_
12:52:05,42.40,2,2406,42.40_42.45_42.55_42.60_42.65_,23_7_2_3_140_,42.35_42.30_42.25_42.20_42.15_,13_24_30_26_27_
12:52:16,42.35,1,2407,42.40_42.45_42.55_42.60_42.65_,24_7_2_3_140_,42.35_42.30_42.25_42.20_42.15_,14_24_30_26_27_
12:52:26,42.35,1,2408,42.40_42.45_42.55_42.60_42.65_,24_7_2_3_140_,42.35_42.30_42.25_42.20_42.15_,16_25_30_26_27_
12:52:36,42.40,2,2410,42.40_42.45_42.55_42.60_42.65_,23_7_2_3_140_,42.35_42.30_42.25_42.20_42.15_,26_25_30_26_27_
12:52:41,42.40,2,2412,42.40_42.45_42.55_42.60_42.65_,21_7_2_3_140_,42.35_42.30_42.25_42.20_42.15_,27_25_30_26_27_
12:54:39,42.45,2,2449,42.55_42.60_42.65_42.70_42.75_,11_3_11_18_145_,42.40_42.35_42.30_42.25_42.20_,24_25_29_33_28_
12:57:07,42.45,1,2452,42.50_42.55_42.60_42.65_42.70_,17_8_3_12_147_,42.45_42.40_42.35_42.30_42.25_,14_42_22_29_34_
12:57:43,42.45,1,2454,42.50_42.55_42.60_42.65_42.70_,18_7_3_12_147_,42.45_42.40_42.35_42.30_42.25_,13_42_22_28_34_
12:58:55,42.45,1,2462,42.50_42.55_42.60_42.65_42.70_,18_8_3_12_147_,42.45_42.40_42.35_42.30_42.25_,13_42_21_28_29_
12:59:26,42.45,1,2463,42.50_42.55_42.60_42.65_42.70_,21_8_3_12_147_,42.45_42.40_42.35_42.30_42.25_,15_43_21_32_25_
13:00:12,42.50,1,2468,42.50_42.55_42.60_42.65_42.70_,18_8_3_12_147_,42.45_42.40_42.35_42.30_42.25_,15_41_20_32_25_
13:00:27,42.45,1,2469,42.50_42.55_42.60_42.65_42.70_,18_2_3_12_147_,42.45_42.40_42.35_42.30_42.25_,15_41_20_38_19_
