13:00:51,19.45,1,1087,19.45_19.50_19.55_19.60_19.65_,34_23_73_42_19_,19.40_19.35_19.30_19.25_19.20_,29_40_102_13_64_
13:01:52,19.40,3,1090,19.45_19.50_19.55_19.60_19.65_,31_26_73_42_19_,19.40_19.35_19.30_19.25_19.20_,28_57_85_13_64_
13:02:03,19.40,3,1090,19.45_19.50_19.55_19.60_19.65_,31_26_73_42_19_,19.40_19.35_19.30_19.25_19.20_,29_57_85_13_64_
13:03:20,19.40,6,1096,19.45_19.50_19.55_19.60_19.65_,34_23_73_42_19_,19.40_19.35_19.30_19.25_19.20_,28_58_83_13_64_
13:04:32,19.40,1,1098,19.45_19.50_19.55_19.60_19.65_,33_23_73_42_19_,19.40_19.35_19.30_19.25_19.20_,28_59_83_13_64_
13:05:08,19.40,2,1100,19.45_19.50_19.55_19.60_19.65_,33_23_73_42_19_,19.40_19.35_19.30_19.25_19.20_,27_59_83_13_64_
13:05:28,19.45,1,1116,19.45_19.50_19.55_19.60_19.65_,17_27_73_42_19_,19.40_19.35_19.30_19.25_19.20_,28_59_83_13_64_
13:07:32,19.40,1,1123,19.45_19.50_19.55_19.60_19.65_,14_27_73_42_19_,19.40_19.35_19.30_19.25_19.20_,25_58_98_13_64_
13:08:33,19.40,10,1152,19.45_19.50_19.55_19.60_19.65_,6_27_95_17_17_,19.35_19.30_19.25_19.20_19.15_,56_96_10_65_11_
13:08:53,19.45,1,1153,19.45_19.50_19.55_19.60_19.65_,10_27_95_17_17_,19.35_19.30_19.25_19.20_19.15_,57_96_10_65_11_
13:09:04,19.40,1,1154,19.45_19.50_19.55_19.60_19.65_,10_27_95_17_17_,19.40_19.35_19.30_19.25_19.20_,9_58_96_10_65_
13:09:19,19.40,1,1154,19.45_19.50_19.55_19.60_19.65_,11_27_72_40_17_,19.40_19.35_19.30_19.25_19.20_,11_57_96_10_64_
13:11:48,19.45,1,1155,19.45_19.50_19.55_19.60_19.65_,29_27_73_41_17_,19.40_19.35_19.30_19.25_19.20_,21_77_81_10_64_
13:12:24,19.45,1,1155,19.45_19.50_19.55_19.60_19.65_,31_27_73_41_17_,19.40_19.35_19.30_19.25_19.20_,22_77_81_10_64_
13:13:05,19.40,2,1157,19.45_19.50_19.55_19.60_19.65_,31_25_73_41_17_,19.40_19.35_19.30_19.25_19.20_,20_77_81_10_64_
13:13:10,19.40,2,1159,19.45_19.50_19.55_19.60_19.65_,31_28_73_41_17_,19.40_19.35_19.30_19.25_19.20_,18_77_81_10_64_
13:13:15,19.40,5,1164,19.45_19.50_19.55_19.60_19.65_,31_28_73_41_17_,19.40_19.35_19.30_19.25_19.20_,13_77_81_10_64_
13:13:20,19.40,1,1165,19.45_19.50_19.55_19.60_19.65_,31_28_73_41_17_,19.40_19.35_19.30_19.25_19.20_,13_77_81_10_64_
13:13:46,19.40,1,1165,19.45_19.50_19.55_19.60_19.65_,49_28_72_41_17_,19.40_19.35_19.30_19.25_19.20_,13_77_81_10_64_
13:18:48,19.40,1,1202,19.45_19.50_19.55_19.60_19.65_,64_23_72_41_17_,19.40_19.35_19.30_19.25_19.20_,26_81_83_80_64_
13:22:13,19.40,2,1214,19.45_19.50_19.55_19.60_19.65_,55_21_78_41_17_,19.40_19.35_19.30_19.25_19.20_,40_82_88_134_164_
13:23:56,19.40,9,1246,19.45_19.50_19.55_19.60_19.65_,34_22_78_41_17_,19.40_19.35_19.30_19.25_19.20_,19_82_88_134_164_
13:24:21,19.40,3,1250,19.45_19.50_19.55_19.60_19.65_,34_21_113_76_52_,19.40_19.35_19.30_19.25_19.20_,8_82_123_169_199_
13:24:37,19.40,2,1252,19.45_19.50_19.55_19.60_19.65_,34_21_113_76_50_,19.40_19.35_19.30_19.25_19.20_,6_82_123_169_199_
13:24:52,19.40,2,1252,19.45_19.50_19.55_19.60_19.65_,34_21_113_76_50_,19.40_19.35_19.30_19.25_19.20_,6_65_123_169_199_
13:28:07,19.40,2,1252,19.45_19.50_19.55_19.60_19.65_,34_11_108_76_51_,19.40_19.35_19.30_19.25_19.20_,16_51_259_211_99_
13:29:24,19.40,2,1252,19.45_19.50_19.55_19.60_19.65_,35_11_108_76_51_,19.40_19.35_19.30_19.25_19.20_,16_90_259_211_99_
13:30:00,19.40,74,1326,19.45_19.50_19.55_19.60_19.65_,35_11_108_76_51_,19.40_19.35_19.30_19.25_19.20_,15_90_259_211_99_
09:00:58,20.30,20,564,20.30_20.35_20.40_20.45_20.50_,31_28_14_8_105_,20.25_20.20_20.15_20.10_20.05_,9_101_13_89_60_
09:01:08,20.30,15,612,20.35_20.40_20.45_20.50_20.60_,35_15_54_124_21_,20.30_20.25_20.20_20.15_20.10_,11_8_41_13_83_
09:01:24,20.20,36,710,20.30_20.35_20.40_20.45_20.50_,64_42_19_44_124_,20.20_20.15_20.10_20.05_20.00_,30_14_79_60_108_
09:01:29,20.20,13,723,20.25_20.30_20.35_20.40_20.45_,1_91_70_45_8_,20.20_20.15_20.10_20.05_20.00_,18_3_79_60_108_
09:01:34,20.25,3,726,20.25_20.30_20.35_20.40_20.45_,6_86_83_39_8_,20.20_20.15_20.10_20.05_20.00_,17_13_79_60_103_
09:01:34,20.25,3,726,20.25_20.30_20.35_20.40_20.45_,6_86_83_39_8_,20.20_20.15_20.10_20.05_20.00_,17_13_79_60_103_
09:01:44,20.20,17,749,20.25_20.30_20.35_20.40_20.45_,18_69_83_39_14_,20.20_20.15_20.10_20.05_20.00_,9_12_79_61_103_
09:01:44,20.20,17,749,20.25_20.30_20.35_20.40_20.45_,18_69_83_39_14_,20.20_20.15_20.10_20.05_20.00_,9_12_79_61_103_
09:01:54,20.20,30,790,20.20_20.25_20.30_20.35_20.40_,6_18_102_56_17_,20.15_20.10_20.05_20.00_19.95_,16_79_60_103_76_
09:01:59,20.20,31,821,20.25_20.30_20.35_20.40_20.45_,18_102_56_17_14_,20.15_20.10_20.05_20.00_19.95_,22_79_60_100_76_
09:02:40,20.20,5,880,20.20_20.25_20.30_20.35_20.40_,15_30_112_62_32_,20.15_20.10_20.05_20.00_19.95_,20_79_35_72_50_
09:02:45,20.20,4,884,20.20_20.25_20.30_20.35_20.40_,20_30_117_62_32_,20.15_20.10_20.05_20.00_19.95_,20_71_35_72_50_
09:02:51,20.20,4,884,20.20_20.25_20.30_20.35_20.40_,20_35_118_62_32_,20.15_20.10_20.05_20.00_19.95_,20_72_19_72_50_
09:02:56,20.20,3,887,20.20_20.25_20.30_20.35_20.40_,24_35_118_63_32_,20.15_20.10_20.05_20.00_19.95_,20_72_19_62_50_
09:03:01,20.20,1,888,20.20_20.25_20.30_20.35_20.40_,23_35_118_63_32_,20.15_20.10_20.05_20.00_19.95_,20_72_19_62_40_
09:03:06,20.20,1,888,20.20_20.25_20.30_20.35_20.40_,28_36_115_63_32_,20.15_20.10_20.05_20.00_19.95_,20_72_19_62_40_
09:04:53,20.05,5,1057,20.05_20.10_20.15_20.20_20.25_,4_27_87_57_96_,20.00_19.95_19.90_19.85_19.80_,51_42_133_66_71_
09:04:59,20.05,13,1070,20.05_20.10_20.15_20.20_20.25_,2_27_86_57_96_,20.00_19.95_19.90_19.85_19.80_,51_43_133_66_71_
09:05:04,20.05,6,1076,20.05_20.10_20.15_20.20_20.25_,8_4_86_57_96_,20.00_19.95_19.90_19.85_19.80_,51_43_133_66_71_
09:05:09,20.15,14,1090,20.15_20.20_20.25_20.30_20.35_,84_57_96_36_80_,20.05_20.00_19.95_19.90_19.85_,1_71_43_133_66_
09:05:09,20.15,14,1090,20.15_20.20_20.25_20.30_20.35_,84_57_96_36_80_,20.05_20.00_19.95_19.90_19.85_,1_71_43_133_66_
09:05:50,20.15,10,1115,20.15_20.20_20.25_20.30_20.35_,34_46_144_53_80_,20.10_20.05_20.00_19.95_19.90_,12_62_70_23_135_
09:06:21,20.15,10,1136,20.15_20.20_20.25_20.30_20.35_,23_77_114_59_100_,20.10_20.05_20.00_19.95_19.90_,13_66_70_23_136_
09:06:26,20.15,10,1136,20.15_20.20_20.25_20.30_20.35_,34_77_114_59_100_,20.10_20.05_20.00_19.95_19.90_,13_66_70_23_136_
09:07:22,20.15,2,1237,20.15_20.20_20.25_20.30_20.35_,14_121_102_44_100_,20.10_20.05_20.00_19.95_19.90_,2_35_81_25_136_
09:09:04,20.10,3,1295,20.10_20.15_20.20_20.25_20.30_,14_22_130_103_41_,20.05_20.00_19.95_19.90_19.85_,35_100_33_136_67_
09:10:01,20.10,12,1330,20.15_20.20_20.25_20.30_20.35_,24_132_103_41_101_,20.10_20.05_20.00_19.95_19.90_,11_55_104_33_136_
09:10:06,20.10,1,1331,20.15_20.20_20.25_20.30_20.35_,24_86_120_60_101_,20.10_20.05_20.00_19.95_19.90_,10_55_104_33_136_
09:10:06,20.10,1,1331,20.15_20.20_20.25_20.30_20.35_,24_86_120_60_101_,20.10_20.05_20.00_19.95_19.90_,10_55_104_33_136_
09:10:06,20.10,1,1331,20.15_20.20_20.25_20.30_20.35_,24_86_120_60_101_,20.10_20.05_20.00_19.95_19.90_,10_55_104_33_136_
09:10:37,20.10,4,1335,20.15_20.20_20.25_20.30_20.35_,27_87_120_60_101_,20.10_20.05_20.00_19.95_19.90_,16_55_104_34_137_
09:10:52,20.10,4,1335,20.15_20.20_20.25_20.30_20.35_,28_86_120_60_101_,20.10_20.05_20.00_19.95_19.90_,16_55_105_34_137_
09:11:28,20.15,10,1372,20.20_20.25_20.30_20.35_20.40_,87_121_60_103_30_,20.15_20.10_20.05_20.00_19.95_,3_32_57_105_32_
09:12:29,20.10,2,1413,20.15_20.20_20.25_20.30_20.35_,5_83_136_59_103_,20.10_20.05_20.00_19.95_19.90_,24_42_105_32_117_
09:12:40,20.10,11,1424,20.15_20.20_20.25_20.30_20.35_,15_83_136_59_102_,20.10_20.05_20.00_19.95_19.90_,13_42_105_32_117_
09:12:45,20.10,11,1424,20.15_20.20_20.25_20.30_20.35_,17_83_136_59_102_,20.10_20.05_20.00_19.95_19.90_,13_42_105_32_117_
09:12:50,20.10,11,1424,20.15_20.20_20.25_20.30_20.35_,17_85_136_57_102_,20.10_20.05_20.00_19.95_19.90_,14_42_105_32_117_
09:12:55,20.10,11,1424,20.15_20.20_20.25_20.30_20.35_,18_85_136_57_102_,20.10_20.05_20.00_19.95_19.90_,14_42_105_32_117_
09:14:53,20.15,10,1481,20.15_20.20_20.25_20.30_20.35_,14_87_136_92_115_,20.10_20.05_20.00_19.95_19.90_,24_42_95_32_117_
09:14:58,20.15,10,1481,20.15_20.20_20.25_20.30_20.35_,14_87_136_92_116_,20.10_20.05_20.00_19.95_19.90_,24_42_95_32_117_
09:14:58,20.15,10,1481,20.15_20.20_20.25_20.30_20.35_,14_87_136_92_116_,20.10_20.05_20.00_19.95_19.90_,24_42_95_32_117_
09:15:03,20.15,5,1486,20.15_20.20_20.25_20.30_20.35_,13_87_137_92_116_,20.10_20.05_20.00_19.95_19.90_,24_42_95_32_117_
09:16:30,20.20,3,1556,20.20_20.25_20.30_20.35_20.40_,47_86_111_136_38_,20.15_20.10_20.05_20.00_19.95_,23_22_42_86_32_
09:16:46,20.25,10,1615,20.25_20.30_20.35_20.40_20.45_,76_78_161_57_40_,20.20_20.15_20.10_20.05_20.00_,31_33_24_42_86_
09:16:51,20.20,6,1621,20.25_20.30_20.35_20.40_20.45_,76_78_161_57_40_,20.20_20.15_20.10_20.05_20.00_,30_33_29_42_86_
09:17:11,20.20,3,1637,20.25_20.30_20.35_20.40_20.45_,76_81_163_57_42_,20.20_20.15_20.10_20.05_20.00_,22_29_28_42_186_
09:17:16,20.20,1,1638,20.25_20.30_20.35_20.40_20.45_,74_82_163_57_42_,20.20_20.15_20.10_20.05_20.00_,21_29_28_42_186_
09:17:21,20.20,22,1660,20.25_20.30_20.35_20.40_20.45_,74_82_163_57_42_,20.15_20.10_20.05_20.00_19.95_,29_29_42_186_32_
09:17:26,20.25,6,1666,20.25_20.30_20.35_20.40_20.45_,72_121_143_38_42_,20.15_20.10_20.05_20.00_19.95_,29_29_42_186_32_
09:17:31,20.25,6,1666,20.25_20.30_20.35_20.40_20.45_,82_126_143_38_43_,20.15_20.10_20.05_20.00_19.95_,29_29_42_186_32_
09:20:00,20.45,15,2179,20.45_20.50_20.55_20.60_20.65_,78_160_25_59_10_,20.30_20.20_20.15_20.10_20.05_,2_32_39_30_33_
09:20:11,20.40,6,2185,20.45_20.50_20.55_20.60_20.65_,78_160_25_49_10_,20.40_20.30_20.20_20.15_20.10_,1_3_32_39_29_
09:20:21,20.40,10,2204,20.40_20.45_20.50_20.55_20.60_,6_116_186_6_49_,20.30_20.25_20.20_20.15_20.10_,4_10_32_39_29_
09:21:53,20.40,8,2301,20.40_20.45_20.50_20.55_20.60_,22_98_218_47_65_,20.35_20.30_20.25_20.20_20.15_,12_39_10_39_40_
09:21:58,20.35,4,2305,20.40_20.45_20.50_20.55_20.60_,23_98_218_47_66_,20.35_20.30_20.25_20.20_20.15_,9_42_10_39_40_
09:22:03,20.35,8,2313,20.40_20.45_20.50_20.55_20.60_,25_98_218_47_66_,20.35_20.30_20.25_20.20_20.15_,4_42_10_39_40_
09:22:08,20.35,4,2317,20.40_20.45_20.50_20.55_20.60_,32_108_220_47_66_,20.30_20.25_20.20_20.15_20.10_,42_10_39_40_30_
09:22:14,20.35,3,2320,20.35_20.40_20.45_20.50_20.55_,10_32_139_210_28_,20.30_20.25_20.20_20.15_20.10_,42_10_39_40_30_
09:22:54,20.35,4,2340,20.40_20.45_20.50_20.55_20.60_,44_99_209_48_67_,20.30_20.25_20.20_20.15_20.10_,42_11_44_40_130_
09:23:56,20.30,3,2379,20.35_20.40_20.45_20.50_20.55_,43_112_143_192_31_,20.30_20.25_20.20_20.15_20.10_,7_10_44_40_130_
09:24:01,20.30,2,2381,20.35_20.40_20.45_20.50_20.55_,44_112_128_192_31_,20.30_20.25_20.20_20.15_20.10_,2_10_44_40_130_
09:24:32,20.25,1,2388,20.30_20.35_20.40_20.45_20.50_,8_40_159_99_175_,20.25_20.20_20.15_20.10_20.05_,6_49_41_130_36_
09:24:32,20.25,1,2388,20.30_20.35_20.40_20.45_20.50_,8_40_159_99_175_,20.25_20.20_20.15_20.10_20.05_,6_49_41_130_36_
09:24:42,20.20,10,2398,20.25_20.30_20.35_20.40_20.45_,3_9_41_158_99_,20.20_20.15_20.10_20.05_20.00_,43_44_129_36_89_
09:28:17,20.25,1,2458,20.25_20.30_20.35_20.40_20.45_,7_18_64_136_79_,20.20_20.15_20.10_20.05_20.00_,33_52_127_32_96_
09:28:33,20.25,1,2458,20.25_20.30_20.35_20.40_20.45_,8_18_64_136_79_,20.20_20.15_20.10_20.05_20.00_,33_47_127_32_96_
09:28:33,20.25,1,2458,20.25_20.30_20.35_20.40_20.45_,8_18_64_136_79_,20.20_20.15_20.10_20.05_20.00_,33_47_127_32_96_
09:29:50,20.20,24,2506,20.20_20.25_20.30_20.35_20.40_,16_33_25_69_140_,20.15_20.10_20.05_20.00_19.95_,48_132_32_96_31_
09:31:17,20.10,10,2557,20.15_20.20_20.25_20.30_20.35_,16_38_79_68_39_,20.10_20.05_20.00_19.95_19.90_,26_132_92_26_121_
09:31:22,20.10,10,2557,20.15_20.20_20.25_20.30_20.35_,16_38_79_68_39_,20.10_20.05_20.00_19.95_19.90_,21_132_91_26_121_
09:31:27,20.10,3,2560,20.15_20.20_20.25_20.30_20.35_,17_37_79_68_39_,20.10_20.05_20.00_19.95_19.90_,18_132_91_26_121_
09:31:32,20.10,5,2565,20.15_20.20_20.25_20.30_20.35_,18_37_78_68_39_,20.10_20.05_20.00_19.95_19.90_,13_132_91_26_121_
09:31:37,20.10,2,2567,20.15_20.20_20.25_20.30_20.35_,18_37_78_68_39_,20.10_20.05_20.00_19.95_19.90_,11_132_91_26_121_
09:31:42,20.10,3,2570,20.15_20.20_20.25_20.30_20.35_,18_37_78_68_40_,20.10_20.05_20.00_19.95_19.90_,8_132_91_26_121_
09:31:47,20.10,3,2570,20.15_20.20_20.25_20.30_20.35_,18_38_78_68_40_,20.10_20.05_20.00_19.95_19.90_,8_132_91_26_121_
09:32:59,20.15,2,2584,20.15_20.20_20.25_20.30_20.35_,19_41_78_71_42_,20.10_20.05_20.00_19.95_19.90_,25_45_89_136_116_
09:33:04,20.15,2,2584,20.15_20.20_20.25_20.30_20.35_,14_41_82_67_42_,20.10_20.05_20.00_19.95_19.90_,25_45_89_136_116_
09:33:09,20.15,9,2593,20.15_20.20_20.25_20.30_20.35_,5_41_82_67_44_,20.10_20.05_20.00_19.95_19.90_,25_45_89_136_116_
09:33:09,20.15,9,2593,20.15_20.20_20.25_20.30_20.35_,5_41_82_67_44_,20.10_20.05_20.00_19.95_19.90_,25_45_89_136_116_
09:33:14,20.15,9,2593,20.15_20.20_20.25_20.30_20.35_,5_42_82_67_44_,20.10_20.05_20.00_19.95_19.90_,26_45_89_136_116_
09:33:20,20.15,2,2595,20.15_20.20_20.25_20.30_20.35_,3_42_82_67_44_,20.10_20.05_20.00_19.95_19.90_,26_45_89_136_116_
09:34:31,20.15,6,2609,20.20_20.25_20.30_20.35_20.40_,42_82_67_44_128_,20.15_20.10_20.05_20.00_19.95_,9_26_43_91_140_
09:34:36,20.15,6,2609,20.20_20.25_20.30_20.35_20.40_,42_36_80_67_128_,20.15_20.10_20.05_20.00_19.95_,9_26_43_91_140_
09:34:52,20.15,6,2609,20.20_20.25_20.30_20.35_20.40_,47_36_80_67_127_,20.15_20.10_20.05_20.00_19.95_,9_26_46_91_140_
09:34:57,20.15,6,2609,20.20_20.25_20.30_20.35_20.40_,47_41_80_67_127_,20.15_20.10_20.05_20.00_19.95_,10_26_46_93_140_
09:37:10,20.15,5,2629,20.15_20.20_20.25_20.30_20.35_,14_50_87_66_58_,20.10_20.05_20.00_19.95_19.90_,36_52_104_141_121_
09:37:25,20.15,1,2638,20.15_20.20_20.25_20.30_20.35_,5_50_87_66_58_,20.10_20.05_20.00_19.95_19.90_,37_52_104_141_121_
09:38:42,20.15,1,2646,20.15_20.20_20.25_20.30_20.35_,5_49_87_66_58_,20.10_20.05_20.00_19.95_19.90_,39_54_104_141_121_
09:38:47,20.15,2,2648,20.15_20.20_20.25_20.30_20.35_,3_49_83_70_58_,20.10_20.05_20.00_19.95_19.90_,39_54_104_141_121_
09:38:53,20.15,1,2649,20.15_20.20_20.25_20.30_20.35_,2_49_83_70_58_,20.10_20.05_20.00_19.95_19.90_,39_54_104_141_121_
09:38:58,20.15,1,2649,20.15_20.20_20.25_20.30_20.35_,7_49_83_70_58_,20.10_20.05_20.00_19.95_19.90_,39_54_104_141_121_
09:38:58,20.15,1,2649,20.15_20.20_20.25_20.30_20.35_,7_49_83_70_58_,20.10_20.05_20.00_19.95_19.90_,39_54_104_141_121_
09:44:41,20.15,9,2694,20.15_20.20_20.25_20.30_20.35_,6_59_42_87_108_,20.10_20.05_20.00_19.95_19.90_,40_59_111_141_116_
09:45:27,20.15,8,2703,20.20_20.25_20.30_20.35_20.40_,59_84_67_85_170_,20.15_20.10_20.05_20.00_19.95_,1_40_66_112_141_
09:45:37,20.20,6,2714,20.20_20.25_20.30_20.35_20.40_,53_42_109_85_170_,20.10_20.05_20.00_19.95_19.90_,36_71_112_141_116_
09:45:42,20.20,6,2714,20.20_20.25_20.30_20.35_20.40_,53_42_109_85_170_,20.10_20.05_20.00_19.95_19.90_,36_71_117_141_116_
09:45:47,20.20,6,2714,20.20_20.25_20.30_20.35_20.40_,53_42_109_85_171_,20.15_20.10_20.05_20.00_19.95_,5_36_71_117_141_
09:45:53,20.20,6,2714,20.20_20.25_20.30_20.35_20.40_,53_42_86_108_171_,20.15_20.10_20.05_20.00_19.95_,5_36_71_117_141_
09:45:53,20.20,6,2714,20.20_20.25_20.30_20.35_20.40_,53_42_86_108_171_,20.15_20.10_20.05_20.00_19.95_,5_36_71_117_141_
09:46:03,20.15,5,2719,20.20_20.25_20.30_20.35_20.40_,104_42_86_108_171_,20.15_20.10_20.05_20.00_19.95_,3_36_71_117_141_
09:46:03,20.15,5,2719,20.20_20.25_20.30_20.35_20.40_,104_42_86_108_171_,20.15_20.10_20.05_20.00_19.95_,3_36_71_117_141_
09:48:42,20.15,1,2741,20.20_20.25_20.30_20.35_20.40_,115_42_104_88_172_,20.10_20.05_20.00_19.95_19.90_,43_75_106_150_121_
09:49:13,20.15,1,2741,20.20_20.25_20.30_20.35_20.40_,114_43_91_111_172_,20.15_20.10_20.05_20.00_19.95_,23_44_75_106_150_
09:49:18,20.15,2,2743,20.20_20.25_20.30_20.35_20.40_,114_43_91_111_172_,20.15_20.10_20.05_20.00_19.95_,21_44_75_106_150_
09:49:18,20.15,2,2743,20.20_20.25_20.30_20.35_20.40_,114_43_91_111_172_,20.15_20.10_20.05_20.00_19.95_,21_44_75_106_150_
09:49:28,20.15,2,2743,20.20_20.25_20.30_20.35_20.40_,114_43_91_111_172_,20.15_20.10_20.05_20.00_19.95_,21_44_75_115_141_
09:49:33,20.15,2,2745,20.20_20.25_20.30_20.35_20.40_,114_43_91_111_172_,20.15_20.10_20.05_20.00_19.95_,20_43_75_115_141_
09:49:38,20.15,2,2745,20.20_20.25_20.30_20.35_20.40_,114_43_91_111_175_,20.15_20.10_20.05_20.00_19.95_,24_43_75_106_150_
09:49:43,20.15,2,2745,20.20_20.25_20.30_20.35_20.40_,114_43_91_111_175_,20.15_20.10_20.05_20.00_19.95_,26_45_75_106_150_
09:51:11,20.15,2,2748,20.20_20.25_20.30_20.35_20.40_,115_43_91_111_175_,20.15_20.10_20.05_20.00_19.95_,24_45_85_115_141_
09:53:34,20.20,1,2816,20.20_20.25_20.30_20.35_20.40_,104_43_91_111_175_,20.15_20.10_20.05_20.00_19.95_,24_45_85_105_60_
09:54:56,20.15,24,2840,20.15_20.20_20.25_20.30_20.35_,18_105_75_72_89_,20.10_20.05_20.00_19.95_19.90_,48_85_105_60_121_
09:55:26,20.15,2,2859,20.15_20.20_20.25_20.30_20.35_,1_105_75_75_89_,20.10_20.05_20.00_19.95_19.90_,49_74_105_60_121_
09:55:26,20.15,2,2859,20.15_20.20_20.25_20.30_20.35_,1_105_75_75_89_,20.10_20.05_20.00_19.95_19.90_,49_74_105_60_121_
09:55:37,20.15,2,2859,20.15_20.20_20.25_20.30_20.35_,2_105_75_75_89_,20.10_20.05_20.00_19.95_19.90_,49_74_105_60_121_
09:55:37,20.15,2,2859,20.15_20.20_20.25_20.30_20.35_,2_105_75_75_89_,20.10_20.05_20.00_19.95_19.90_,49_74_105_60_121_
09:55:47,20.15,2,2859,20.15_20.20_20.25_20.30_20.35_,2_106_75_75_89_,20.10_20.05_20.00_19.95_19.90_,49_74_105_60_121_
09:55:52,20.15,2,2861,20.20_20.25_20.30_20.35_20.40_,106_75_84_80_175_,20.15_20.10_20.05_20.00_19.95_,8_49_74_105_60_
09:57:04,20.15,3,2872,20.15_20.20_20.25_20.30_20.35_,29_106_49_84_80_,20.10_20.05_20.00_19.95_19.90_,49_67_105_60_121_
09:57:14,20.15,1,2873,20.15_20.20_20.25_20.30_20.35_,28_106_49_84_79_,20.10_20.05_20.00_19.95_19.90_,49_67_105_60_121_
09:57:14,20.15,1,2873,20.15_20.20_20.25_20.30_20.35_,28_106_49_84_79_,20.10_20.05_20.00_19.95_19.90_,49_67_105_60_121_
09:57:14,20.15,1,2873,20.15_20.20_20.25_20.30_20.35_,28_106_49_84_79_,20.10_20.05_20.00_19.95_19.90_,49_67_105_60_121_
09:57:29,20.15,1,2873,20.15_20.20_20.25_20.30_20.35_,28_106_49_84_79_,20.10_20.05_20.00_19.95_19.90_,49_65_105_60_121_
09:57:29,20.15,1,2873,20.15_20.20_20.25_20.30_20.35_,28_106_49_84_79_,20.10_20.05_20.00_19.95_19.90_,49_65_105_60_121_
09:58:15,20.15,4,2908,20.20_20.25_20.30_20.35_20.40_,106_17_94_111_175_,20.15_20.10_20.05_20.00_19.95_,5_99_116_155_60_
09:58:26,20.15,4,2908,20.20_20.25_20.30_20.35_20.40_,105_17_94_111_175_,20.15_20.10_20.05_20.00_19.95_,5_98_116_155_110_
09:59:12,20.10,3,2918,20.20_20.25_20.30_20.35_20.40_,103_17_94_111_175_,20.10_20.05_20.00_19.95_19.90_,96_116_155_110_171_
09:59:17,20.10,3,2918,20.20_20.25_20.30_20.35_20.40_,103_17_117_88_175_,20.10_20.05_20.00_19.95_19.90_,99_113_155_110_171_
10:00:03,20.10,3,2918,20.20_20.25_20.30_20.35_20.40_,103_17_117_88_175_,20.10_20.05_20.00_19.95_19.90_,99_113_165_101_171_
10:00:08,20.15,2,2920,20.15_20.20_20.25_20.30_20.35_,8_103_17_117_88_,20.10_20.05_20.00_19.95_19.90_,99_113_165_101_171_
10:00:39,20.20,1,2933,20.20_20.25_20.30_20.35_20.40_,103_17_94_113_175_,20.15_20.10_20.05_20.00_19.95_,38_99_113_156_116_
10:00:44,20.20,1,2933,20.20_20.25_20.30_20.35_20.40_,103_17_94_113_178_,20.15_20.10_20.05_20.00_19.95_,38_99_113_156_116_
10:03:49,20.15,1,3054,20.20_20.25_20.30_20.35_20.40_,10_18_90_102_163_,20.15_20.10_20.05_20.00_19.95_,104_121_123_171_101_
10:05:00,20.20,3,3067,20.25_20.30_20.35_20.40_20.45_,15_48_121_186_85_,20.15_20.10_20.05_20.00_19.95_,108_120_113_170_91_
10:07:08,20.20,9,3121,20.20_20.25_20.30_20.35_20.40_,10_31_156_97_145_,20.15_20.10_20.05_20.00_19.95_,119_113_110_171_101_
10:07:19,20.20,4,3125,20.20_20.25_20.30_20.35_20.40_,7_31_156_97_145_,20.15_20.10_20.05_20.00_19.95_,119_113_110_171_101_
10:07:39,20.20,4,3125,20.20_20.25_20.30_20.35_20.40_,12_31_156_98_145_,20.15_20.10_20.05_20.00_19.95_,119_113_110_174_100_
10:07:54,20.20,4,3125,20.20_20.25_20.30_20.35_20.40_,12_31_157_98_145_,20.15_20.10_20.05_20.00_19.95_,119_113_110_174_100_
10:08:00,20.20,4,3125,20.20_20.25_20.30_20.35_20.40_,13_31_157_98_145_,20.15_20.10_20.05_20.00_19.95_,119_113_110_174_100_
10:08:00,20.20,4,3125,20.20_20.25_20.30_20.35_20.40_,13_31_157_98_145_,20.15_20.10_20.05_20.00_19.95_,119_113_110_174_100_
10:08:15,20.20,4,3125,20.20_20.25_20.30_20.35_20.40_,14_31_157_98_145_,20.15_20.10_20.05_20.00_19.95_,119_113_110_179_100_
10:08:25,20.20,4,3125,20.20_20.25_20.30_20.35_20.40_,15_31_157_113_130_,20.15_20.10_20.05_20.00_19.95_,119_113_110_179_100_
10:09:01,20.20,1,3126,20.20_20.25_20.30_20.35_20.40_,20_31_157_113_130_,20.15_20.10_20.05_20.00_19.95_,119_113_110_179_100_
10:09:01,20.20,1,3126,20.20_20.25_20.30_20.35_20.40_,20_31_157_113_130_,20.15_20.10_20.05_20.00_19.95_,119_113_110_179_100_
10:09:17,20.20,1,3126,20.20_20.25_20.30_20.35_20.40_,22_31_157_113_130_,20.15_20.10_20.05_20.00_19.95_,119_113_110_179_100_
10:09:17,20.20,1,3126,20.20_20.25_20.30_20.35_20.40_,22_31_157_113_130_,20.15_20.10_20.05_20.00_19.95_,119_113_110_179_100_
10:09:27,20.20,1,3127,20.20_20.25_20.30_20.35_20.40_,22_31_157_113_130_,20.15_20.10_20.05_20.00_19.95_,119_113_110_179_100_
10:09:27,20.20,1,3127,20.20_20.25_20.30_20.35_20.40_,22_31_157_113_130_,20.15_20.10_20.05_20.00_19.95_,119_113_110_179_100_
10:09:27,20.20,1,3127,20.20_20.25_20.30_20.35_20.40_,22_31_157_113_130_,20.15_20.10_20.05_20.00_19.95_,119_113_110_179_100_
10:10:08,20.20,6,3133,20.20_20.25_20.30_20.35_20.40_,18_31_157_113_130_,20.15_20.10_20.05_20.00_19.95_,119_113_110_179_100_
10:10:39,20.20,1,3145,20.20_20.25_20.30_20.35_20.40_,18_31_157_113_128_,20.15_20.10_20.05_20.00_19.95_,114_113_110_179_100_
10:11:45,20.15,3,3152,20.20_20.25_20.30_20.35_20.40_,21_30_157_113_133_,20.15_20.10_20.05_20.00_19.95_,111_113_110_179_100_
10:12:42,20.15,2,3154,20.20_20.25_20.30_20.35_20.40_,21_30_157_113_133_,20.15_20.10_20.05_20.00_19.95_,111_108_105_175_96_
10:13:07,20.15,2,3154,20.20_20.25_20.30_20.35_20.40_,61_30_157_113_133_,20.15_20.10_20.05_20.00_19.95_,111_108_105_175_96_
10:13:22,20.15,2,3156,20.20_20.25_20.30_20.35_20.40_,61_30_157_113_133_,20.15_20.10_20.05_20.00_19.95_,109_108_105_175_96_
10:13:22,20.15,2,3156,20.20_20.25_20.30_20.35_20.40_,61_30_157_113_133_,20.15_20.10_20.05_20.00_19.95_,109_108_105_175_96_
10:13:22,20.15,2,3156,20.20_20.25_20.30_20.35_20.40_,61_30_157_113_133_,20.15_20.10_20.05_20.00_19.95_,109_108_105_175_96_
10:13:38,20.15,5,3161,20.20_20.25_20.30_20.35_20.40_,61_30_157_113_134_,20.15_20.10_20.05_20.00_19.95_,104_108_105_175_96_
10:13:43,20.15,5,3161,20.20_20.25_20.30_20.35_20.40_,63_32_157_113_134_,20.15_20.10_20.05_20.00_19.95_,104_108_105_175_96_
10:15:10,20.20,1,3183,20.20_20.25_20.30_20.35_20.40_,63_33_158_113_134_,20.15_20.10_20.05_20.00_19.95_,88_108_105_158_102_
10:15:30,20.20,1,3183,20.20_20.25_20.30_20.35_20.40_,64_33_158_113_134_,20.15_20.10_20.05_20.00_19.95_,88_103_105_158_102_
10:15:30,20.20,1,3183,20.20_20.25_20.30_20.35_20.40_,64_33_158_113_134_,20.15_20.10_20.05_20.00_19.95_,88_103_105_158_102_
10:15:46,20.15,2,3185,20.20_20.25_20.30_20.35_20.40_,62_33_158_113_129_,20.15_20.10_20.05_20.00_19.95_,87_103_105_158_102_
10:15:56,20.15,1,3186,20.20_20.25_20.30_20.35_20.40_,62_33_158_113_129_,20.15_20.10_20.05_20.00_19.95_,86_103_105_158_102_
10:16:16,20.15,1,3186,20.20_20.25_20.30_20.35_20.40_,62_33_158_118_129_,20.15_20.10_20.05_20.00_19.95_,96_103_106_158_102_
10:16:26,20.15,1,3186,20.20_20.25_20.30_20.35_20.40_,63_33_158_118_129_,20.15_20.10_20.05_20.00_19.95_,96_103_106_158_102_
10:16:52,20.15,1,3186,20.20_20.25_20.30_20.35_20.40_,65_33_158_118_129_,20.15_20.10_20.05_20.00_19.95_,96_103_106_158_102_
10:18:29,20.20,1,3189,20.20_20.25_20.30_20.35_20.40_,64_35_158_116_123_,20.15_20.10_20.05_20.00_19.95_,93_103_106_158_102_
10:21:59,20.15,5,3199,20.20_20.25_20.30_20.35_20.40_,97_51_159_118_125_,20.15_20.10_20.05_20.00_19.95_,108_103_106_158_102_
10:22:35,20.15,5,3204,20.20_20.25_20.30_20.35_20.40_,97_51_157_118_120_,20.15_20.10_20.05_20.00_19.95_,103_103_107_158_102_
10:22:51,20.15,5,3204,20.20_20.25_20.30_20.35_20.40_,97_51_159_118_120_,20.15_20.10_20.05_20.00_19.95_,103_103_107_158_102_
10:22:51,20.15,5,3204,20.20_20.25_20.30_20.35_20.40_,97_51_159_118_120_,20.15_20.10_20.05_20.00_19.95_,103_103_107_158_102_
10:22:51,20.15,5,3204,20.20_20.25_20.30_20.35_20.40_,97_51_159_118_120_,20.15_20.10_20.05_20.00_19.95_,103_103_107_158_102_
10:23:06,20.15,5,3204,20.20_20.25_20.30_20.35_20.40_,105_51_158_118_120_,20.15_20.10_20.05_20.00_19.95_,103_103_107_158_102_
10:23:11,20.15,5,3204,20.20_20.25_20.30_20.35_20.40_,105_51_157_118_120_,20.15_20.10_20.05_20.00_19.95_,103_103_107_158_102_
10:23:11,20.15,5,3204,20.20_20.25_20.30_20.35_20.40_,105_51_157_118_120_,20.15_20.10_20.05_20.00_19.95_,103_103_107_158_102_
10:23:21,20.15,5,3204,20.20_20.25_20.30_20.35_20.40_,115_51_157_118_120_,20.15_20.10_20.05_20.00_19.95_,103_103_107_158_102_
10:23:27,20.15,5,3204,20.20_20.25_20.30_20.35_20.40_,116_51_157_118_120_,20.15_20.10_20.05_20.00_19.95_,103_103_107_158_102_
10:23:32,20.15,1,3205,20.20_20.25_20.30_20.35_20.40_,116_51_157_118_120_,20.15_20.10_20.05_20.00_19.95_,102_103_107_158_102_
10:23:37,20.15,1,3206,20.20_20.25_20.30_20.35_20.40_,116_51_157_118_120_,20.15_20.10_20.05_20.00_19.95_,101_103_107_158_102_
10:24:08,20.15,1,3206,20.20_20.25_20.30_20.35_20.40_,119_51_157_118_122_,20.15_20.10_20.05_20.00_19.95_,102_103_107_158_102_
10:24:59,20.15,1,3206,20.20_20.25_20.30_20.35_20.40_,119_51_157_119_123_,20.15_20.10_20.05_20.00_19.95_,102_103_107_158_102_
10:24:59,20.15,1,3206,20.20_20.25_20.30_20.35_20.40_,119_51_157_119_123_,20.15_20.10_20.05_20.00_19.95_,102_103_107_158_102_
10:26:41,20.15,1,3236,20.20_20.25_20.30_20.35_20.40_,129_60_157_109_123_,20.15_20.10_20.05_20.00_19.95_,72_103_107_157_102_
10:26:52,20.15,5,3241,20.20_20.25_20.30_20.35_20.40_,131_60_157_109_123_,20.15_20.10_20.05_20.00_19.95_,67_103_107_157_102_
10:29:31,20.15,1,3316,20.20_20.25_20.30_20.35_20.40_,186_58_172_95_123_,20.15_20.10_20.05_20.00_19.95_,33_104_107_157_102_
10:31:13,20.15,2,3345,20.20_20.25_20.30_20.35_20.40_,182_60_167_98_163_,20.15_20.10_20.05_20.00_19.95_,4_104_105_156_101_
10:31:29,20.10,1,3350,20.15_20.20_20.25_20.30_20.35_,21_171_103_147_74_,20.10_20.05_20.00_19.95_19.90_,103_105_156_101_172_
10:32:10,20.10,1,3361,20.15_20.20_20.25_20.30_20.35_,23_172_107_147_74_,20.10_20.05_20.00_19.95_19.90_,94_105_156_101_172_
10:32:40,20.10,1,3361,20.15_20.20_20.25_20.30_20.35_,38_174_109_147_74_,20.10_20.05_20.00_19.95_19.90_,94_105_156_101_172_
10:32:45,20.10,1,3362,20.15_20.20_20.25_20.30_20.35_,38_174_109_147_74_,20.10_20.05_20.00_19.95_19.90_,93_105_156_101_172_
10:33:11,20.10,1,3362,20.15_20.20_20.25_20.30_20.35_,40_175_109_145_74_,20.10_20.05_20.00_19.95_19.90_,93_104_156_101_172_
10:33:36,20.10,50,3412,20.15_20.20_20.25_20.30_20.35_,40_175_109_145_74_,20.10_20.05_20.00_19.95_19.90_,43_104_155_86_187_
10:34:43,20.10,1,3432,20.15_20.20_20.25_20.30_20.35_,43_173_109_145_74_,20.10_20.05_20.00_19.95_19.90_,26_104_155_86_187_
10:36:20,20.10,1,3438,20.15_20.20_20.25_20.30_20.35_,46_173_109_145_72_,20.10_20.05_20.00_19.95_19.90_,22_104_145_86_187_
10:36:56,20.10,2,3440,20.15_20.20_20.25_20.30_20.35_,47_173_109_148_72_,20.10_20.05_20.00_19.95_19.90_,20_104_145_86_187_
10:37:22,20.10,1,3452,20.15_20.20_20.25_20.30_20.35_,47_173_109_148_72_,20.10_20.05_20.00_19.95_19.90_,8_104_145_86_187_
10:39:15,20.10,2,3474,20.10_20.15_20.20_20.25_20.30_,22_32_218_104_111_,20.05_20.00_19.95_19.90_19.85_,105_146_88_200_84_
10:39:20,20.05,3,3477,20.10_20.15_20.20_20.25_20.30_,22_32_218_104_111_,20.05_20.00_19.95_19.90_19.85_,102_146_88_200_84_
10:40:17,20.05,1,3479,20.10_20.15_20.20_20.25_20.30_,30_33_218_104_111_,20.05_20.00_19.95_19.90_19.85_,99_146_88_200_84_
10:40:22,20.05,1,3479,20.10_20.15_20.20_20.25_20.30_,32_33_218_104_111_,20.05_20.00_19.95_19.90_19.85_,99_146_88_200_84_
10:40:22,20.05,1,3479,20.10_20.15_20.20_20.25_20.30_,32_33_218_104_111_,20.05_20.00_19.95_19.90_19.85_,99_146_88_200_84_
10:40:22,20.05,1,3479,20.10_20.15_20.20_20.25_20.30_,32_33_218_104_111_,20.05_20.00_19.95_19.90_19.85_,99_146_88_200_84_
10:40:22,20.05,1,3479,20.10_20.15_20.20_20.25_20.30_,32_33_218_104_111_,20.05_20.00_19.95_19.90_19.85_,99_146_88_200_84_
10:40:22,20.05,1,3479,20.10_20.15_20.20_20.25_20.30_,32_33_218_104_111_,20.05_20.00_19.95_19.90_19.85_,99_146_88_200_84_
10:40:58,20.05,1,3480,20.10_20.15_20.20_20.25_20.30_,33_33_218_104_111_,20.05_20.00_19.95_19.90_19.85_,98_146_88_200_84_
10:44:23,20.10,5,3551,20.15_20.20_20.25_20.30_20.35_,29_179_88_149_71_,20.10_20.05_20.00_19.95_19.90_,43_98_152_88_201_
10:45:34,20.10,5,3551,20.15_20.20_20.25_20.30_20.35_,41_179_103_134_71_,20.10_20.05_20.00_19.95_19.90_,43_98_151_88_200_
10:45:45,20.10,5,3551,20.15_20.20_20.25_20.30_20.35_,41_179_103_134_71_,20.10_20.05_20.00_19.95_19.90_,43_98_151_88_201_
10:45:50,20.10,5,3551,20.15_20.20_20.25_20.30_20.35_,41_179_103_134_72_,20.10_20.05_20.00_19.95_19.90_,43_98_151_88_201_
10:45:50,20.10,5,3551,20.15_20.20_20.25_20.30_20.35_,41_179_103_134_72_,20.10_20.05_20.00_19.95_19.90_,43_98_151_88_201_
10:46:00,20.10,5,3551,20.15_20.20_20.25_20.30_20.35_,43_179_103_134_72_,20.10_20.05_20.00_19.95_19.90_,43_98_151_88_201_
10:46:31,20.10,5,3551,20.15_20.20_20.25_20.30_20.35_,43_181_107_134_72_,20.10_20.05_20.00_19.95_19.90_,44_98_151_88_201_
10:48:24,20.10,1,3560,20.15_20.20_20.25_20.30_20.35_,46_178_107_134_72_,20.10_20.05_20.00_19.95_19.90_,35_98_151_88_187_
10:49:10,20.10,1,3560,20.15_20.20_20.25_20.30_20.35_,49_178_92_149_72_,20.10_20.05_20.00_19.95_19.90_,35_98_150_88_187_
10:49:10,20.10,1,3560,20.15_20.20_20.25_20.30_20.35_,49_178_92_149_72_,20.10_20.05_20.00_19.95_19.90_,35_98_150_88_187_
10:49:10,20.10,1,3560,20.15_20.20_20.25_20.30_20.35_,49_178_92_149_72_,20.10_20.05_20.00_19.95_19.90_,35_98_150_88_187_
10:49:10,20.10,1,3560,20.15_20.20_20.25_20.30_20.35_,49_178_92_149_72_,20.10_20.05_20.00_19.95_19.90_,35_98_150_88_187_
10:49:10,20.10,1,3560,20.15_20.20_20.25_20.30_20.35_,49_178_92_149_72_,20.10_20.05_20.00_19.95_19.90_,35_98_150_88_187_
10:49:30,20.10,1,3560,20.15_20.20_20.25_20.30_20.35_,49_180_92_149_72_,20.10_20.05_20.00_19.95_19.90_,35_98_150_88_187_
10:49:30,20.10,1,3560,20.15_20.20_20.25_20.30_20.35_,49_180_92_149_72_,20.10_20.05_20.00_19.95_19.90_,35_98_150_88_187_
10:50:47,20.10,1,3560,20.15_20.20_20.25_20.30_20.35_,48_180_92_149_72_,20.10_20.05_20.00_19.95_19.90_,65_88_150_88_187_
10:50:47,20.10,1,3560,20.15_20.20_20.25_20.30_20.35_,48_180_92_149_72_,20.10_20.05_20.00_19.95_19.90_,65_88_150_88_187_
10:50:47,20.10,1,3560,20.15_20.20_20.25_20.30_20.35_,48_180_92_149_72_,20.10_20.05_20.00_19.95_19.90_,65_88_150_88_187_
10:50:47,20.10,1,3560,20.15_20.20_20.25_20.30_20.35_,48_180_92_149_72_,20.10_20.05_20.00_19.95_19.90_,65_88_150_88_187_
10:50:47,20.10,1,3560,20.15_20.20_20.25_20.30_20.35_,48_180_92_149_72_,20.10_20.05_20.00_19.95_19.90_,65_88_150_88_187_
10:50:47,20.10,1,3560,20.15_20.20_20.25_20.30_20.35_,48_180_92_149_72_,20.10_20.05_20.00_19.95_19.90_,65_88_150_88_187_
10:52:30,20.10,2,3562,20.15_20.20_20.25_20.30_20.35_,48_183_92_149_72_,20.10_20.05_20.00_19.95_19.90_,63_88_151_88_187_
10:52:45,20.10,2,3562,20.15_20.20_20.25_20.30_20.35_,48_183_92_149_72_,20.10_20.05_20.00_19.95_19.90_,63_90_151_88_187_
10:52:45,20.10,2,3562,20.15_20.20_20.25_20.30_20.35_,48_183_92_149_72_,20.10_20.05_20.00_19.95_19.90_,63_90_151_88_187_
10:52:45,20.10,2,3562,20.15_20.20_20.25_20.30_20.35_,48_183_92_149_72_,20.10_20.05_20.00_19.95_19.90_,63_90_151_88_187_
10:52:45,20.10,2,3562,20.15_20.20_20.25_20.30_20.35_,48_183_92_149_72_,20.10_20.05_20.00_19.95_19.90_,63_90_151_88_187_
10:52:45,20.10,2,3562,20.15_20.20_20.25_20.30_20.35_,48_183_92_149_72_,20.10_20.05_20.00_19.95_19.90_,63_90_151_88_187_
10:52:45,20.10,2,3562,20.15_20.20_20.25_20.30_20.35_,48_183_92_149_72_,20.10_20.05_20.00_19.95_19.90_,63_90_151_88_187_
10:53:41,20.10,1,3564,20.15_20.20_20.25_20.30_20.35_,48_183_92_149_72_,20.10_20.05_20.00_19.95_19.90_,61_90_151_88_187_
10:53:41,20.10,1,3564,20.15_20.20_20.25_20.30_20.35_,48_183_92_149_72_,20.10_20.05_20.00_19.95_19.90_,61_90_151_88_187_
10:54:07,20.10,1,3564,20.15_20.20_20.25_20.30_20.35_,48_183_92_149_72_,20.10_20.05_20.00_19.95_19.90_,61_90_152_88_187_
10:54:07,20.10,1,3564,20.15_20.20_20.25_20.30_20.35_,48_183_92_149_72_,20.10_20.05_20.00_19.95_19.90_,61_90_152_88_187_
10:55:03,20.10,1,3565,20.15_20.20_20.25_20.30_20.35_,68_183_92_149_72_,20.10_20.05_20.00_19.95_19.90_,60_90_152_88_187_
10:55:29,20.10,1,3565,20.15_20.20_20.25_20.30_20.35_,69_183_92_149_72_,20.10_20.05_20.00_19.95_19.90_,60_90_152_88_187_
10:56:15,20.10,2,3569,20.15_20.20_20.25_20.30_20.35_,69_189_92_149_72_,20.10_20.05_20.00_19.95_19.90_,56_90_152_88_187_
10:56:40,20.15,1,3570,20.15_20.20_20.25_20.30_20.35_,68_189_92_149_72_,20.10_20.05_20.00_19.95_19.90_,56_90_152_88_187_
10:57:11,20.10,12,3612,20.15_20.20_20.25_20.30_20.35_,68_189_87_149_72_,20.10_20.05_20.00_19.95_19.90_,14_90_152_88_187_
10:57:42,20.10,12,3612,20.15_20.20_20.25_20.30_20.35_,88_189_87_146_72_,20.10_20.05_20.00_19.95_19.90_,14_90_152_88_187_
10:57:57,20.10,12,3612,20.15_20.20_20.25_20.30_20.35_,88_189_87_146_73_,20.10_20.05_20.00_19.95_19.90_,15_90_152_88_187_
10:58:59,20.10,10,3622,20.15_20.20_20.25_20.30_20.35_,93_189_87_146_73_,20.10_20.05_20.00_19.95_19.90_,55_90_152_88_187_
11:00:16,20.10,10,3622,20.15_20.20_20.25_20.30_20.35_,93_186_87_149_73_,20.10_20.05_20.00_19.95_19.90_,54_90_152_88_187_
11:01:53,20.10,10,3622,20.15_20.20_20.25_20.30_20.35_,93_176_88_146_76_,20.10_20.05_20.00_19.95_19.90_,54_90_152_88_187_
11:01:53,20.10,10,3622,20.15_20.20_20.25_20.30_20.35_,93_176_88_146_76_,20.10_20.05_20.00_19.95_19.90_,54_90_152_88_187_
11:01:53,20.10,10,3622,20.15_20.20_20.25_20.30_20.35_,93_176_88_146_76_,20.10_20.05_20.00_19.95_19.90_,54_90_152_88_187_
11:02:03,20.10,15,3637,20.15_20.20_20.25_20.30_20.35_,93_176_88_146_76_,20.10_20.05_20.00_19.95_19.90_,39_90_152_88_187_
11:02:03,20.10,15,3637,20.15_20.20_20.25_20.30_20.35_,93_176_88_146_76_,20.10_20.05_20.00_19.95_19.90_,39_90_152_88_187_
11:02:14,20.10,15,3637,20.15_20.20_20.25_20.30_20.35_,93_168_88_146_76_,20.10_20.05_20.00_19.95_19.90_,41_90_152_88_187_
11:02:14,20.10,15,3637,20.15_20.20_20.25_20.30_20.35_,93_168_88_146_76_,20.10_20.05_20.00_19.95_19.90_,41_90_152_88_187_
11:02:29,20.10,2,3639,20.15_20.20_20.25_20.30_20.35_,92_168_88_146_76_,20.10_20.05_20.00_19.95_19.90_,39_90_152_88_187_
11:03:00,20.10,1,3640,20.15_20.20_20.25_20.30_20.35_,92_168_88_146_76_,20.10_20.05_20.00_19.95_19.90_,39_95_152_88_187_
11:03:00,20.10,1,3640,20.15_20.20_20.25_20.30_20.35_,92_168_88_146_76_,20.10_20.05_20.00_19.95_19.90_,39_95_152_88_187_
11:06:14,20.10,1,3672,20.15_20.20_20.25_20.30_20.35_,92_168_88_146_76_,20.10_20.05_20.00_19.95_19.90_,7_95_152_88_187_
11:08:38,20.10,4,3693,20.10_20.15_20.20_20.25_20.30_,8_79_202_94_108_,20.05_20.00_19.95_19.90_19.85_,95_152_88_187_102_
11:08:43,20.10,4,3693,20.10_20.15_20.20_20.25_20.30_,9_84_202_94_108_,20.05_20.00_19.95_19.90_19.85_,95_152_88_187_102_
11:08:53,20.10,4,3693,20.10_20.15_20.20_20.25_20.30_,9_84_202_94_108_,20.05_20.00_19.95_19.90_19.85_,95_152_88_187_102_
11:08:53,20.10,4,3693,20.10_20.15_20.20_20.25_20.30_,9_84_202_94_108_,20.05_20.00_19.95_19.90_19.85_,95_152_88_187_102_
11:10:15,20.10,1,3696,20.10_20.15_20.20_20.25_20.30_,7_84_202_94_109_,20.05_20.00_19.95_19.90_19.85_,96_152_88_172_116_
11:11:07,20.10,2,3699,20.10_20.15_20.20_20.25_20.30_,6_84_202_94_109_,20.05_20.00_19.95_19.90_19.85_,96_152_88_172_115_
11:13:20,20.10,1,3703,20.10_20.15_20.20_20.25_20.30_,7_84_202_94_112_,20.05_20.00_19.95_19.90_19.85_,98_152_88_187_100_
11:13:20,20.10,1,3703,20.10_20.15_20.20_20.25_20.30_,7_84_202_94_112_,20.05_20.00_19.95_19.90_19.85_,98_152_88_187_100_
11:13:20,20.10,1,3703,20.10_20.15_20.20_20.25_20.30_,7_84_202_94_112_,20.05_20.00_19.95_19.90_19.85_,98_152_88_187_100_
11:17:36,20.05,1,3715,20.10_20.15_20.20_20.25_20.30_,12_85_202_94_112_,20.05_20.00_19.95_19.90_19.85_,84_152_88_175_115_
11:18:27,20.10,1,3716,20.10_20.15_20.20_20.25_20.30_,11_85_202_94_112_,20.05_20.00_19.95_19.90_19.85_,86_153_88_190_100_
11:18:27,20.10,1,3716,20.10_20.15_20.20_20.25_20.30_,11_85_202_94_112_,20.05_20.00_19.95_19.90_19.85_,86_153_88_190_100_
11:18:27,20.10,1,3716,20.10_20.15_20.20_20.25_20.30_,11_85_202_94_112_,20.05_20.00_19.95_19.90_19.85_,86_153_88_190_100_
11:18:48,20.10,1,3716,20.10_20.15_20.20_20.25_20.30_,12_84_202_94_112_,20.05_20.00_19.95_19.90_19.85_,86_153_88_190_100_
11:20:35,20.10,1,3717,20.10_20.15_20.20_20.25_20.30_,12_83_202_94_112_,20.05_20.00_19.95_19.90_19.85_,87_153_88_191_100_
11:20:35,20.10,1,3717,20.10_20.15_20.20_20.25_20.30_,12_83_202_94_112_,20.05_20.00_19.95_19.90_19.85_,87_153_88_191_100_
11:20:35,20.10,1,3717,20.10_20.15_20.20_20.25_20.30_,12_83_202_94_112_,20.05_20.00_19.95_19.90_19.85_,87_153_88_191_100_
11:23:14,20.05,1,3725,20.10_20.15_20.20_20.25_20.30_,9_83_202_94_112_,20.05_20.00_19.95_19.90_19.85_,84_153_88_176_115_
11:23:14,20.05,1,3725,20.10_20.15_20.20_20.25_20.30_,9_83_202_94_112_,20.05_20.00_19.95_19.90_19.85_,84_153_88_176_115_
11:24:06,20.05,1,3725,20.10_20.15_20.20_20.25_20.30_,11_83_202_94_112_,20.05_20.00_19.95_19.90_19.85_,84_148_88_191_100_
11:24:26,20.10,1,3726,20.10_20.15_20.20_20.25_20.30_,10_83_202_94_112_,20.05_20.00_19.95_19.90_19.85_,84_148_88_191_100_
11:25:48,20.10,1,3726,20.10_20.15_20.20_20.25_20.30_,10_83_202_97_112_,20.05_20.00_19.95_19.90_19.85_,84_148_88_191_100_
11:25:48,20.10,1,3726,20.10_20.15_20.20_20.25_20.30_,10_83_202_97_112_,20.05_20.00_19.95_19.90_19.85_,84_148_88_191_100_
11:25:48,20.10,1,3726,20.10_20.15_20.20_20.25_20.30_,10_83_202_97_112_,20.05_20.00_19.95_19.90_19.85_,84_148_88_191_100_
11:26:34,20.10,1,3726,20.10_20.15_20.20_20.25_20.30_,10_83_202_97_112_,20.05_20.00_19.95_19.90_19.85_,85_150_88_176_115_
11:26:34,20.10,1,3726,20.10_20.15_20.20_20.25_20.30_,10_83_202_97_112_,20.05_20.00_19.95_19.90_19.85_,85_150_88_176_115_
11:26:34,20.10,1,3726,20.10_20.15_20.20_20.25_20.30_,10_83_202_97_112_,20.05_20.00_19.95_19.90_19.85_,85_150_88_176_115_
11:26:34,20.10,1,3726,20.10_20.15_20.20_20.25_20.30_,10_83_202_97_112_,20.05_20.00_19.95_19.90_19.85_,85_150_88_176_115_
11:26:34,20.10,1,3726,20.10_20.15_20.20_20.25_20.30_,10_83_202_97_112_,20.05_20.00_19.95_19.90_19.85_,85_150_88_176_115_
11:26:34,20.10,1,3726,20.10_20.15_20.20_20.25_20.30_,10_83_202_97_112_,20.05_20.00_19.95_19.90_19.85_,85_150_88_176_115_
11:28:48,20.05,1,3728,20.10_20.15_20.20_20.25_20.30_,28_84_202_97_112_,20.05_20.00_19.95_19.90_19.85_,83_151_88_176_115_
11:28:48,20.05,1,3728,20.10_20.15_20.20_20.25_20.30_,28_84_202_97_112_,20.05_20.00_19.95_19.90_19.85_,83_151_88_176_115_
11:30:10,20.05,2,3733,20.10_20.15_20.20_20.25_20.30_,27_84_202_97_112_,20.05_20.00_19.95_19.90_19.85_,81_152_88_177_115_
11:30:10,20.05,2,3733,20.10_20.15_20.20_20.25_20.30_,27_84_202_97_112_,20.05_20.00_19.95_19.90_19.85_,81_152_88_177_115_
11:30:10,20.05,2,3733,20.10_20.15_20.20_20.25_20.30_,27_84_202_97_112_,20.05_20.00_19.95_19.90_19.85_,81_152_88_177_115_
11:30:30,20.05,2,3733,20.10_20.15_20.20_20.25_20.30_,28_83_202_97_112_,20.05_20.00_19.95_19.90_19.85_,81_152_88_177_115_
11:30:30,20.05,2,3733,20.10_20.15_20.20_20.25_20.30_,28_83_202_97_112_,20.05_20.00_19.95_19.90_19.85_,81_152_88_177_115_
11:30:46,20.05,2,3733,20.10_20.15_20.20_20.25_20.30_,28_83_202_97_112_,20.05_20.00_19.95_19.90_19.85_,81_152_88_176_115_
11:30:46,20.05,2,3733,20.10_20.15_20.20_20.25_20.30_,28_83_202_97_112_,20.05_20.00_19.95_19.90_19.85_,81_152_88_176_115_
11:32:23,20.05,1,3734,20.10_20.15_20.20_20.25_20.30_,28_80_203_97_112_,20.05_20.00_19.95_19.90_19.85_,81_153_88_176_115_
11:32:49,20.05,1,3734,20.10_20.15_20.20_20.25_20.30_,28_82_203_97_112_,20.05_20.00_19.95_19.90_19.85_,81_153_88_176_115_
11:32:49,20.05,1,3734,20.10_20.15_20.20_20.25_20.30_,28_82_203_97_112_,20.05_20.00_19.95_19.90_19.85_,81_153_88_176_115_
11:33:24,20.05,1,3735,20.10_20.15_20.20_20.25_20.30_,26_82_203_97_112_,20.05_20.00_19.95_19.90_19.85_,80_153_88_176_115_
11:33:24,20.05,1,3735,20.10_20.15_20.20_20.25_20.30_,26_82_203_97_112_,20.05_20.00_19.95_19.90_19.85_,80_153_88_176_115_
11:34:11,20.10,1,3737,20.10_20.15_20.20_20.25_20.30_,30_82_203_97_112_,20.05_20.00_19.95_19.90_19.85_,80_153_88_176_115_
11:34:21,20.10,1,3737,20.10_20.15_20.20_20.25_20.30_,30_82_202_97_112_,20.05_20.00_19.95_19.90_19.85_,80_153_88_176_115_
11:34:21,20.10,1,3737,20.10_20.15_20.20_20.25_20.30_,30_82_202_97_112_,20.05_20.00_19.95_19.90_19.85_,80_153_88_176_115_
11:34:21,20.10,1,3737,20.10_20.15_20.20_20.25_20.30_,30_82_202_97_112_,20.05_20.00_19.95_19.90_19.85_,80_153_88_176_115_
11:34:21,20.10,1,3737,20.10_20.15_20.20_20.25_20.30_,30_82_202_97_112_,20.05_20.00_19.95_19.90_19.85_,80_153_88_176_115_
11:34:57,20.10,1,3738,20.10_20.15_20.20_20.25_20.30_,31_82_202_97_112_,20.05_20.00_19.95_19.90_19.85_,80_153_88_176_115_
11:37:30,20.10,1,3739,20.10_20.15_20.20_20.25_20.30_,31_84_202_97_112_,20.05_20.00_19.95_19.90_19.85_,80_153_88_191_100_
11:37:41,20.10,1,3739,20.10_20.15_20.20_20.25_20.30_,31_84_202_97_112_,20.05_20.00_19.95_19.90_19.85_,81_153_88_191_100_
11:38:53,20.05,1,3776,20.10_20.15_20.20_20.25_20.30_,1_84_202_97_112_,20.05_20.00_19.95_19.90_19.85_,80_153_88_191_100_
11:38:53,20.05,1,3776,20.10_20.15_20.20_20.25_20.30_,1_84_202_97_112_,20.05_20.00_19.95_19.90_19.85_,80_153_88_191_100_
11:38:53,20.05,1,3776,20.10_20.15_20.20_20.25_20.30_,1_84_202_97_112_,20.05_20.00_19.95_19.90_19.85_,80_153_88_191_100_
11:39:34,20.10,1,3827,20.15_20.20_20.25_20.30_20.35_,35_160_116_135_83_,20.05_20.00_19.95_19.90_19.85_,80_153_88_191_100_
11:40:04,20.05,30,3892,20.15_20.20_20.25_20.30_20.35_,6_160_124_127_83_,20.05_20.00_19.95_19.90_19.85_,51_153_88_191_100_
11:41:11,20.00,50,3992,20.15_20.20_20.25_20.30_20.35_,12_162_140_112_83_,20.00_19.95_19.90_19.85_19.80_,126_88_191_100_77_
11:41:16,20.00,50,3992,20.15_20.20_20.25_20.30_20.35_,14_204_97_112_83_,20.00_19.95_19.90_19.85_19.80_,126_88_191_100_77_
11:41:16,20.00,50,3992,20.15_20.20_20.25_20.30_20.35_,14_204_97_112_83_,20.00_19.95_19.90_19.85_19.80_,126_88_191_100_77_
11:41:52,20.05,2,3994,20.15_20.20_20.25_20.30_20.35_,33_162_133_112_83_,20.05_20.00_19.95_19.90_19.85_,5_126_88_191_100_
11:43:14,20.05,5,3999,20.15_20.20_20.25_20.30_20.35_,35_162_123_112_83_,20.05_20.00_19.95_19.90_19.85_,1_127_78_191_100_
11:43:14,20.05,5,3999,20.15_20.20_20.25_20.30_20.35_,35_162_123_112_83_,20.05_20.00_19.95_19.90_19.85_,1_127_78_191_100_
11:44:41,20.05,1,4000,20.10_20.15_20.20_20.25_20.30_,7_34_203_91_112_,20.05_20.00_19.95_19.90_19.85_,9_126_78_191_100_
11:44:41,20.05,1,4000,20.10_20.15_20.20_20.25_20.30_,7_34_203_91_112_,20.05_20.00_19.95_19.90_19.85_,9_126_78_191_100_
11:46:08,20.05,1,4000,20.10_20.15_20.20_20.25_20.30_,13_36_203_91_112_,20.05_20.00_19.95_19.90_19.85_,64_126_78_191_101_
11:46:18,20.05,1,4000,20.10_20.15_20.20_20.25_20.30_,13_36_203_91_112_,20.05_20.00_19.95_19.90_19.85_,62_126_78_191_101_
11:46:18,20.05,1,4000,20.10_20.15_20.20_20.25_20.30_,13_36_203_91_112_,20.05_20.00_19.95_19.90_19.85_,62_126_78_191_101_
11:46:18,20.05,1,4000,20.10_20.15_20.20_20.25_20.30_,13_36_203_91_112_,20.05_20.00_19.95_19.90_19.85_,62_126_78_191_101_
11:46:18,20.05,1,4000,20.10_20.15_20.20_20.25_20.30_,13_36_203_91_112_,20.05_20.00_19.95_19.90_19.85_,62_126_78_191_101_
11:46:54,20.10,3,4003,20.10_20.15_20.20_20.25_20.30_,10_36_203_96_112_,20.05_20.00_19.95_19.90_19.85_,62_126_78_200_101_
11:48:57,20.10,1,4011,20.10_20.15_20.20_20.25_20.30_,9_49_203_96_113_,20.05_20.00_19.95_19.90_19.85_,60_128_78_200_101_
11:50:14,20.10,9,4020,20.15_20.20_20.25_20.30_20.35_,59_162_115_136_83_,20.10_20.05_20.00_19.95_19.90_,2_62_138_78_200_
11:50:14,20.10,9,4020,20.15_20.20_20.25_20.30_20.35_,59_162_115_136_83_,20.10_20.05_20.00_19.95_19.90_,2_62_138_78_200_
11:50:14,20.10,9,4020,20.15_20.20_20.25_20.30_20.35_,59_162_115_136_83_,20.10_20.05_20.00_19.95_19.90_,2_62_138_78_200_
11:50:14,20.10,9,4020,20.15_20.20_20.25_20.30_20.35_,59_162_115_136_83_,20.10_20.05_20.00_19.95_19.90_,2_62_138_78_200_
11:50:14,20.10,9,4020,20.15_20.20_20.25_20.30_20.35_,59_162_115_136_83_,20.10_20.05_20.00_19.95_19.90_,2_62_138_78_200_
11:50:14,20.10,9,4020,20.15_20.20_20.25_20.30_20.35_,59_162_115_136_83_,20.10_20.05_20.00_19.95_19.90_,2_62_138_78_200_
11:51:26,20.10,1,4021,20.15_20.20_20.25_20.30_20.35_,59_162_100_151_83_,20.10_20.05_20.00_19.95_19.90_,1_62_138_78_200_
11:52:02,20.10,1,4022,20.10_20.15_20.20_20.25_20.30_,60_60_193_96_113_,20.05_20.00_19.95_19.90_19.85_,62_138_78_200_101_
11:52:38,20.05,50,4072,20.10_20.15_20.20_20.25_20.30_,62_60_193_95_116_,20.05_20.00_19.95_19.90_19.85_,14_138_78_200_101_
11:52:38,20.05,50,4072,20.10_20.15_20.20_20.25_20.30_,62_60_193_95_116_,20.05_20.00_19.95_19.90_19.85_,14_138_78_200_101_
11:54:40,20.05,2,4101,20.05_20.10_20.15_20.20_20.25_,24_63_102_183_72_,20.00_19.95_19.90_19.85_19.80_,139_79_183_116_79_
11:55:26,20.05,3,4106,20.05_20.10_20.15_20.20_20.25_,19_63_102_183_72_,20.00_19.95_19.90_19.85_19.80_,138_80_183_116_79_
11:55:52,20.05,6,4112,20.05_20.10_20.15_20.20_20.25_,13_63_102_183_78_,20.00_19.95_19.90_19.85_19.80_,138_80_183_116_79_
11:55:52,20.05,6,4112,20.05_20.10_20.15_20.20_20.25_,13_63_102_183_78_,20.00_19.95_19.90_19.85_19.80_,138_80_183_116_79_
11:57:19,20.05,1,4116,20.05_20.10_20.15_20.20_20.25_,12_65_102_182_83_,20.00_19.95_19.90_19.85_19.80_,139_79_176_100_79_
11:57:50,20.05,1,4175,20.05_20.10_20.15_20.20_20.25_,3_66_102_196_68_,20.00_19.95_19.90_19.85_19.80_,82_79_176_100_79_
11:57:50,20.05,1,4175,20.05_20.10_20.15_20.20_20.25_,3_66_102_196_68_,20.00_19.95_19.90_19.85_19.80_,82_79_176_100_79_
11:58:00,20.05,1,4176,20.05_20.10_20.15_20.20_20.25_,2_66_102_196_68_,20.00_19.95_19.90_19.85_19.80_,82_79_176_100_79_
11:58:41,20.05,2,4178,20.10_20.15_20.20_20.25_20.30_,69_60_237_68_116_,20.00_19.95_19.90_19.85_19.80_,81_79_176_100_79_
11:59:07,20.00,10,4188,20.10_20.15_20.20_20.25_20.30_,59_61_237_68_116_,20.00_19.95_19.90_19.85_19.80_,72_78_176_100_79_
11:59:48,20.00,10,4188,20.10_20.15_20.20_20.25_20.30_,64_61_222_84_116_,20.00_19.95_19.90_19.85_19.80_,72_78_176_100_80_
12:01:15,20.00,5,4193,20.05_20.10_20.15_20.20_20.25_,5_75_84_195_69_,20.00_19.95_19.90_19.85_19.80_,68_78_174_98_100_
12:01:20,20.00,5,4193,20.05_20.10_20.15_20.20_20.25_,5_76_84_195_68_,20.00_19.95_19.90_19.85_19.80_,68_78_174_98_100_
12:01:25,20.00,5,4193,20.05_20.10_20.15_20.20_20.25_,15_76_84_195_68_,20.00_19.95_19.90_19.85_19.80_,68_78_174_98_100_
12:01:25,20.00,5,4193,20.05_20.10_20.15_20.20_20.25_,15_76_84_195_68_,20.00_19.95_19.90_19.85_19.80_,68_78_174_98_100_
12:01:25,20.00,5,4193,20.05_20.10_20.15_20.20_20.25_,15_76_84_195_68_,20.00_19.95_19.90_19.85_19.80_,68_78_174_98_100_
12:03:33,20.00,2,4265,20.00_20.05_20.10_20.15_20.20_,2_28_117_58_169_,19.95_19.90_19.85_19.80_19.75_,91_174_83_116_30_
12:03:33,20.00,2,4265,20.00_20.05_20.10_20.15_20.20_,2_28_117_58_169_,19.95_19.90_19.85_19.80_19.75_,91_174_83_116_30_
12:03:49,20.00,2,4265,20.00_20.05_20.10_20.15_20.20_,2_28_117_58_169_,19.95_19.90_19.85_19.80_19.75_,92_174_83_116_30_
12:03:54,20.00,2,4267,20.05_20.10_20.15_20.20_20.25_,28_117_58_169_68_,20.00_19.95_19.90_19.85_19.80_,8_92_174_83_116_
12:03:59,20.00,2,4267,20.05_20.10_20.15_20.20_20.25_,28_75_77_192_68_,20.00_19.95_19.90_19.85_19.80_,8_92_174_83_116_
12:04:04,20.00,2,4267,20.05_20.10_20.15_20.20_20.25_,28_75_77_192_68_,20.00_19.95_19.90_19.85_19.80_,10_92_174_83_116_
12:08:05,20.00,10,4291,20.00_20.05_20.10_20.15_20.20_,29_27_107_74_154_,19.95_19.90_19.85_19.80_19.75_,93_173_93_101_40_
12:11:25,20.00,1,4335,20.00_20.05_20.10_20.15_20.20_,32_28_107_74_154_,19.95_19.90_19.85_19.80_19.75_,55_173_93_100_40_
12:11:25,20.00,1,4335,20.00_20.05_20.10_20.15_20.20_,32_28_107_74_154_,19.95_19.90_19.85_19.80_19.75_,55_173_93_100_40_
12:11:25,20.00,1,4335,20.00_20.05_20.10_20.15_20.20_,32_28_107_74_154_,19.95_19.90_19.85_19.80_19.75_,55_173_93_100_40_
12:11:25,20.00,1,4335,20.00_20.05_20.10_20.15_20.20_,32_28_107_74_154_,19.95_19.90_19.85_19.80_19.75_,55_173_93_100_40_
12:11:25,20.00,1,4335,20.00_20.05_20.10_20.15_20.20_,32_28_107_74_154_,19.95_19.90_19.85_19.80_19.75_,55_173_93_100_40_
12:11:25,20.00,1,4335,20.00_20.05_20.10_20.15_20.20_,32_28_107_74_154_,19.95_19.90_19.85_19.80_19.75_,55_173_93_100_40_
12:11:25,20.00,1,4335,20.00_20.05_20.10_20.15_20.20_,32_28_107_74_154_,19.95_19.90_19.85_19.80_19.75_,55_173_93_100_40_
12:12:06,20.00,1,4335,20.00_20.05_20.10_20.15_20.20_,32_28_107_74_154_,19.95_19.90_19.85_19.80_19.75_,55_173_83_100_40_
12:12:06,20.00,1,4335,20.00_20.05_20.10_20.15_20.20_,32_28_107_74_154_,19.95_19.90_19.85_19.80_19.75_,55_173_83_100_40_
12:12:06,20.00,1,4335,20.00_20.05_20.10_20.15_20.20_,32_28_107_74_154_,19.95_19.90_19.85_19.80_19.75_,55_173_83_100_40_
12:12:06,20.00,1,4335,20.00_20.05_20.10_20.15_20.20_,32_28_107_74_154_,19.95_19.90_19.85_19.80_19.75_,55_173_83_100_40_
12:12:06,20.00,1,4335,20.00_20.05_20.10_20.15_20.20_,32_28_107_74_154_,19.95_19.90_19.85_19.80_19.75_,55_173_83_100_40_
12:13:48,20.00,11,4350,20.00_20.05_20.10_20.15_20.20_,28_28_117_74_154_,19.95_19.90_19.85_19.80_19.75_,52_174_83_100_40_
12:14:55,20.00,10,4382,20.05_20.10_20.15_20.20_20.25_,28_75_68_192_65_,20.00_19.95_19.90_19.85_19.80_,18_52_174_83_100_
12:15:00,20.00,10,4382,20.05_20.10_20.15_20.20_20.25_,27_75_68_192_65_,20.00_19.95_19.90_19.85_19.80_,18_51_174_83_100_
12:15:31,20.00,10,4382,20.05_20.10_20.15_20.20_20.25_,27_75_68_192_61_,20.00_19.95_19.90_19.85_19.80_,43_51_174_83_99_
12:18:56,20.00,6,4410,20.05_20.10_20.15_20.20_20.25_,29_74_83_192_56_,20.00_19.95_19.90_19.85_19.80_,22_47_174_83_195_
12:22:31,20.00,1,4438,20.00_20.05_20.10_20.15_20.20_,4_33_113_89_154_,19.95_19.90_19.85_19.80_19.75_,51_174_82_295_41_
12:23:53,20.00,1,4443,20.05_20.10_20.15_20.20_20.25_,33_71_97_177_56_,20.00_19.95_19.90_19.85_19.80_,5_50_174_82_295_
12:24:34,20.00,5,4448,20.00_20.05_20.10_20.15_20.20_,7_33_113_86_154_,19.95_19.90_19.85_19.80_19.75_,50_174_82_295_41_
12:24:34,20.00,5,4448,20.00_20.05_20.10_20.15_20.20_,7_33_113_86_154_,19.95_19.90_19.85_19.80_19.75_,50_174_82_295_41_
12:24:34,20.00,5,4448,20.00_20.05_20.10_20.15_20.20_,7_33_113_86_154_,19.95_19.90_19.85_19.80_19.75_,50_174_82_295_41_
12:24:34,20.00,5,4448,20.00_20.05_20.10_20.15_20.20_,7_33_113_86_154_,19.95_19.90_19.85_19.80_19.75_,50_174_82_295_41_
12:25:00,19.95,1,4449,20.00_20.05_20.10_20.15_20.20_,14_33_113_86_154_,19.95_19.90_19.85_19.80_19.75_,49_174_82_295_41_
12:25:05,19.95,1,4449,20.00_20.05_20.10_20.15_20.20_,14_33_113_86_154_,19.95_19.90_19.85_19.80_19.75_,49_174_82_280_56_
12:27:44,19.95,3,4456,20.00_20.05_20.10_20.15_20.20_,19_33_113_86_153_,19.95_19.90_19.85_19.80_19.75_,52_174_82_280_57_
12:27:49,19.95,3,4456,20.00_20.05_20.10_20.15_20.20_,19_33_113_86_153_,19.95_19.90_19.85_19.80_19.75_,51_174_82_280_57_
12:27:49,19.95,3,4456,20.00_20.05_20.10_20.15_20.20_,19_33_113_86_153_,19.95_19.90_19.85_19.80_19.75_,51_174_82_280_57_
12:27:49,19.95,3,4456,20.00_20.05_20.10_20.15_20.20_,19_33_113_86_153_,19.95_19.90_19.85_19.80_19.75_,51_174_82_280_57_
12:29:47,19.95,1,4457,20.00_20.05_20.10_20.15_20.20_,23_31_113_86_153_,19.95_19.90_19.85_19.80_19.75_,63_169_72_80_57_
12:29:47,19.95,1,4457,20.00_20.05_20.10_20.15_20.20_,23_31_113_86_153_,19.95_19.90_19.85_19.80_19.75_,63_169_72_80_57_
12:30:02,19.95,1,4457,20.00_20.05_20.10_20.15_20.20_,20_34_113_86_153_,19.95_19.90_19.85_19.80_19.75_,63_169_72_80_57_
12:30:28,19.95,2,4459,20.00_20.05_20.10_20.15_20.20_,20_34_113_86_153_,19.95_19.90_19.85_19.80_19.75_,61_170_73_80_57_
12:30:33,19.95,2,4459,20.00_20.05_20.10_20.15_20.20_,13_34_113_86_153_,19.95_19.90_19.85_19.80_19.75_,61_170_73_80_57_
12:30:33,19.95,2,4459,20.00_20.05_20.10_20.15_20.20_,13_34_113_86_153_,19.95_19.90_19.85_19.80_19.75_,61_170_73_80_57_
12:30:43,20.00,5,4464,20.00_20.05_20.10_20.15_20.20_,8_34_113_86_153_,19.95_19.90_19.85_19.80_19.75_,61_170_73_80_57_
12:30:48,20.00,5,4464,20.00_20.05_20.10_20.15_20.20_,14_34_113_86_153_,19.95_19.90_19.85_19.80_19.75_,61_170_73_80_57_
12:32:00,20.00,4,4473,20.05_20.10_20.15_20.20_20.25_,40_74_128_153_56_,19.95_19.90_19.85_19.80_19.75_,59_170_73_80_57_
12:32:46,20.00,2,4476,20.00_20.05_20.10_20.15_20.20_,4_36_101_86_153_,19.95_19.90_19.85_19.80_19.75_,58_170_73_95_42_
12:32:51,20.00,2,4476,20.00_20.05_20.10_20.15_20.20_,9_36_101_86_153_,19.95_19.90_19.85_19.80_19.75_,58_170_73_95_42_
12:38:09,20.00,3,4499,20.05_20.10_20.15_20.20_20.25_,42_72_108_176_56_,20.00_19.95_19.90_19.85_19.80_,50_59_170_73_96_
12:38:24,20.00,3,4499,20.05_20.10_20.15_20.20_20.25_,42_72_108_176_56_,20.00_19.95_19.90_19.85_19.80_,50_58_170_73_96_
12:38:34,20.00,3,4499,20.05_20.10_20.15_20.20_20.25_,43_71_108_176_56_,20.00_19.95_19.90_19.85_19.80_,50_58_170_73_97_
12:38:34,20.00,3,4499,20.05_20.10_20.15_20.20_20.25_,43_71_108_176_56_,20.00_19.95_19.90_19.85_19.80_,50_58_170_73_97_
12:39:26,20.00,15,4515,20.05_20.10_20.15_20.20_20.25_,38_71_108_176_56_,20.00_19.95_19.90_19.85_19.80_,35_58_170_73_97_
12:40:07,20.00,1,4519,20.00_20.05_20.10_20.15_20.20_,6_37_103_89_153_,19.95_19.90_19.85_19.80_19.75_,58_170_73_97_41_
12:40:07,20.00,1,4519,20.00_20.05_20.10_20.15_20.20_,6_37_103_89_153_,19.95_19.90_19.85_19.80_19.75_,58_170_73_97_41_
12:41:19,20.00,1,4520,20.00_20.05_20.10_20.15_20.20_,15_36_123_89_153_,19.95_19.90_19.85_19.80_19.75_,58_170_73_82_56_
12:41:19,20.00,1,4520,20.00_20.05_20.10_20.15_20.20_,15_36_123_89_153_,19.95_19.90_19.85_19.80_19.75_,58_170_73_82_56_
12:41:19,20.00,1,4520,20.00_20.05_20.10_20.15_20.20_,15_36_123_89_153_,19.95_19.90_19.85_19.80_19.75_,58_170_73_82_56_
12:42:36,20.00,3,4524,20.00_20.05_20.10_20.15_20.20_,16_44_123_89_153_,19.95_19.90_19.85_19.80_19.75_,58_170_73_82_56_
12:42:36,20.00,3,4524,20.00_20.05_20.10_20.15_20.20_,16_44_123_89_153_,19.95_19.90_19.85_19.80_19.75_,58_170_73_82_56_
12:42:36,20.00,3,4524,20.00_20.05_20.10_20.15_20.20_,16_44_123_89_153_,19.95_19.90_19.85_19.80_19.75_,58_170_73_82_56_
12:42:36,20.00,3,4524,20.00_20.05_20.10_20.15_20.20_,16_44_123_89_153_,19.95_19.90_19.85_19.80_19.75_,58_170_73_82_56_
12:42:51,19.95,10,4534,20.00_20.05_20.10_20.15_20.20_,16_44_123_89_153_,19.95_19.90_19.85_19.80_19.75_,48_170_73_82_56_
12:43:47,19.95,3,4539,20.00_20.05_20.10_20.15_20.20_,32_52_121_99_153_,19.95_19.90_19.85_19.80_19.75_,37_170_73_82_56_
12:43:52,19.95,3,4539,20.00_20.05_20.10_20.15_20.20_,45_52_121_99_153_,19.95_19.90_19.85_19.80_19.75_,29_170_73_82_56_
12:43:52,19.95,3,4539,20.00_20.05_20.10_20.15_20.20_,45_52_121_99_153_,19.95_19.90_19.85_19.80_19.75_,29_170_73_82_56_
12:43:52,19.95,3,4539,20.00_20.05_20.10_20.15_20.20_,45_52_121_99_153_,19.95_19.90_19.85_19.80_19.75_,29_170_73_82_56_
12:44:13,19.95,5,4544,20.00_20.05_20.10_20.15_20.20_,45_52_121_99_153_,19.95_19.90_19.85_19.80_19.75_,24_170_73_82_56_
12:44:13,19.95,5,4544,20.00_20.05_20.10_20.15_20.20_,45_52_121_99_153_,19.95_19.90_19.85_19.80_19.75_,24_170_73_82_56_
12:44:13,19.95,5,4544,20.00_20.05_20.10_20.15_20.20_,45_52_121_99_153_,19.95_19.90_19.85_19.80_19.75_,24_170_73_82_56_
12:44:23,19.95,4,4548,20.00_20.05_20.10_20.15_20.20_,43_51_121_99_153_,19.95_19.90_19.85_19.80_19.75_,20_170_73_82_56_
12:44:23,19.95,4,4548,20.00_20.05_20.10_20.15_20.20_,43_51_121_99_153_,19.95_19.90_19.85_19.80_19.75_,20_170_73_82_56_
12:44:38,19.95,10,4560,20.00_20.05_20.10_20.15_20.20_,45_51_121_99_153_,19.95_19.90_19.85_19.80_19.75_,8_170_73_82_56_
12:44:49,19.95,3,4565,20.00_20.05_20.10_20.15_20.20_,45_51_136_84_153_,19.95_19.90_19.85_19.80_19.75_,3_170_73_82_56_
12:44:49,19.95,3,4565,20.00_20.05_20.10_20.15_20.20_,45_51_136_84_153_,19.95_19.90_19.85_19.80_19.75_,3_170_73_82_56_
12:45:04,19.95,3,4568,19.95_20.00_20.05_20.10_20.15_,11_45_41_159_61_,19.90_19.85_19.80_19.75_19.70_,170_73_82_56_15_
12:45:09,19.95,3,4568,19.95_20.00_20.05_20.10_20.15_,13_45_84_126_58_,19.90_19.85_19.80_19.75_19.70_,171_73_79_56_17_
12:45:09,19.95,3,4568,19.95_20.00_20.05_20.10_20.15_,13_45_84_126_58_,19.90_19.85_19.80_19.75_19.70_,171_73_79_56_17_
12:45:19,19.95,3,4568,19.95_20.00_20.05_20.10_20.15_,13_44_84_126_58_,19.90_19.85_19.80_19.75_19.70_,171_73_79_56_17_
12:45:30,19.95,14,4582,20.00_20.05_20.10_20.15_20.20_,44_42_135_81_153_,19.95_19.90_19.85_19.80_19.75_,6_171_73_79_56_
12:45:35,19.95,14,4582,20.00_20.05_20.10_20.15_20.20_,44_32_135_81_153_,19.95_19.90_19.85_19.80_19.75_,6_171_73_79_56_
12:45:35,19.95,14,4582,20.00_20.05_20.10_20.15_20.20_,44_32_135_81_153_,19.95_19.90_19.85_19.80_19.75_,6_171_73_79_56_
12:45:35,19.95,14,4582,20.00_20.05_20.10_20.15_20.20_,44_32_135_81_153_,19.95_19.90_19.85_19.80_19.75_,6_171_73_79_56_
12:46:11,19.95,2,4584,20.00_20.05_20.10_20.15_20.20_,44_32_135_81_153_,19.95_19.90_19.85_19.80_19.75_,6_171_73_78_56_
12:46:11,19.95,2,4584,20.00_20.05_20.10_20.15_20.20_,44_32_135_81_153_,19.95_19.90_19.85_19.80_19.75_,6_171_73_78_56_
12:46:11,19.95,2,4584,20.00_20.05_20.10_20.15_20.20_,44_32_135_81_153_,19.95_19.90_19.85_19.80_19.75_,6_171_73_78_56_
12:46:11,19.95,2,4584,20.00_20.05_20.10_20.15_20.20_,44_32_135_81_153_,19.95_19.90_19.85_19.80_19.75_,6_171_73_78_56_
12:48:24,19.95,1,4593,19.95_20.00_20.05_20.10_20.15_,10_43_74_126_60_,19.90_19.85_19.80_19.75_19.70_,170_73_72_47_17_
12:49:46,19.95,3,4610,19.95_20.00_20.05_20.10_20.15_,5_46_32_129_83_,19.90_19.85_19.80_19.75_19.70_,171_73_72_57_39_
12:49:46,19.95,3,4610,19.95_20.00_20.05_20.10_20.15_,5_46_32_129_83_,19.90_19.85_19.80_19.75_19.70_,171_73_72_57_39_
12:49:51,19.95,3,4610,19.95_20.00_20.05_20.10_20.15_,6_47_73_120_60_,19.90_19.85_19.80_19.75_19.70_,171_73_72_57_39_
12:52:04,19.95,2,4620,20.00_20.05_20.10_20.15_20.20_,48_29_114_98_156_,19.95_19.90_19.85_19.80_19.75_,117_173_73_72_58_
12:52:04,19.95,2,4620,20.00_20.05_20.10_20.15_20.20_,48_29_114_98_156_,19.95_19.90_19.85_19.80_19.75_,117_173_73_72_58_
12:52:20,19.95,2,4620,20.00_20.05_20.10_20.15_20.20_,48_29_114_98_156_,19.95_19.90_19.85_19.80_19.75_,117_173_73_72_57_
12:52:20,19.95,2,4620,20.00_20.05_20.10_20.15_20.20_,48_29_114_98_156_,19.95_19.90_19.85_19.80_19.75_,117_173_73_72_57_
12:52:20,19.95,2,4620,20.00_20.05_20.10_20.15_20.20_,48_29_114_98_156_,19.95_19.90_19.85_19.80_19.75_,117_173_73_72_57_
12:54:43,20.00,10,4632,20.00_20.05_20.10_20.15_20.20_,35_33_114_102_153_,19.95_19.90_19.85_19.80_19.75_,130_173_73_72_57_
12:57:12,20.00,3,4664,20.00_20.05_20.10_20.15_20.20_,10_35_114_102_152_,19.95_19.90_19.85_19.80_19.75_,125_203_73_87_22_
12:57:53,20.00,1,4668,20.00_20.05_20.10_20.15_20.20_,8_33_114_102_152_,19.95_19.90_19.85_19.80_19.75_,126_203_73_87_22_
12:58:59,20.00,8,4687,20.00_20.05_20.10_20.15_20.20_,2_32_125_98_152_,19.95_19.90_19.85_19.80_19.75_,119_203_73_89_22_
12:59:25,20.00,2,4689,20.05_20.10_20.15_20.20_20.25_,32_83_130_152_57_,19.95_19.90_19.85_19.80_19.75_,120_203_73_89_22_
13:00:21,20.05,10,4735,20.10_20.15_20.20_20.25_20.30_,83_55_206_80_420_,20.05_20.00_19.95_19.90_19.85_,6_11_120_203_73_
13:00:52,20.05,2,4739,20.10_20.15_20.20_20.25_20.30_,83_55_206_80_420_,20.05_20.00_19.95_19.90_19.85_,2_11_120_203_88_
