09:00:36,106.50,1,2,107.00_107.50_108.00_108.50_109.00_,2_7_9_6_7_,105.50_105.00_104.50_104.00_103.50_,1_19_10_20_13_
09:00:41,106.50,1,2,107.00_107.50_108.00_108.50_109.00_,2_7_9_6_7_,105.50_105.00_104.50_104.00_103.50_,3_19_10_20_13_
09:00:46,106.50,1,2,107.00_107.50_108.00_108.50_109.00_,2_7_9_6_7_,105.50_105.00_104.50_104.00_103.50_,4_19_10_20_13_
09:00:51,106.50,1,2,107.00_107.50_108.00_108.50_109.00_,2_6_9_6_7_,105.50_105.00_104.50_104.00_103.50_,5_19_10_20_23_
09:01:02,106.50,1,2,107.00_107.50_108.00_108.50_109.00_,2_6_9_6_7_,105.50_105.00_104.50_104.00_103.50_,7_19_10_20_23_
09:01:12,106.50,1,2,107.00_107.50_108.00_108.50_109.00_,2_6_9_6_7_,105.50_105.00_104.50_104.00_103.50_,7_20_10_20_23_
09:01:22,106.50,1,2,107.00_107.50_108.00_108.50_109.00_,2_6_8_6_7_,105.50_105.00_104.50_104.00_103.50_,7_20_10_20_23_
09:01:27,107.00,1,3,107.00_107.50_108.00_108.50_109.00_,1_6_8_6_7_,105.50_105.00_104.50_104.00_103.50_,7_20_10_20_23_
09:01:38,107.00,1,3,107.00_107.50_108.00_108.50_109.00_,1_6_8_6_7_,105.50_105.00_104.50_104.00_103.50_,9_20_10_20_23_
09:01:43,107.00,1,3,107.00_107.50_108.00_108.50_109.00_,1_6_8_7_7_,105.50_105.00_104.50_104.00_103.50_,9_20_10_20_23_
09:02:29,107.00,1,4,107.00_107.50_108.00_108.50_109.00_,2_6_8_7_8_,105.50_105.00_104.50_104.00_103.50_,9_20_10_20_23_
09:02:50,107.00,1,4,107.00_107.50_108.00_108.50_109.00_,3_6_8_7_8_,105.50_105.00_104.50_104.00_103.50_,10_20_10_20_23_
09:03:00,107.00,1,4,107.00_107.50_108.00_108.50_109.00_,4_6_8_7_8_,105.50_105.00_104.50_104.00_103.50_,10_20_10_20_23_
09:03:10,107.00,1,4,107.00_107.50_108.00_108.50_109.00_,4_6_8_7_8_,106.00_105.50_105.00_104.50_104.00_,1_10_20_10_20_
09:03:15,107.00,1,4,107.00_107.50_108.00_108.50_109.00_,5_6_8_7_8_,106.00_105.50_105.00_104.50_104.00_,3_8_20_10_20_
09:03:20,107.00,1,4,107.00_107.50_108.00_108.50_109.00_,5_6_8_7_8_,106.00_105.50_105.00_104.50_104.00_,5_6_20_10_20_
09:03:25,107.00,1,4,107.00_107.50_108.00_108.50_109.00_,5_6_9_7_8_,106.00_105.50_105.00_104.50_104.00_,5_6_20_10_20_
09:05:23,106.50,1,7,107.00_107.50_108.00_108.50_109.00_,2_6_11_7_9_,106.50_106.00_105.50_105.00_104.50_,2_1_5_20_10_
09:06:04,107.00,1,10,107.50_108.00_108.50_109.00_110.00_,6_11_7_11_36_,107.00_106.00_105.50_105.00_104.50_,8_2_5_20_10_
09:06:15,107.00,1,10,107.50_108.00_108.50_109.00_110.00_,6_11_7_11_38_,107.00_106.00_105.50_105.00_104.50_,8_2_5_20_10_
09:06:35,107.00,1,11,107.50_108.00_108.50_109.00_110.00_,6_11_7_9_38_,107.00_106.00_105.50_105.00_104.50_,7_2_5_20_10_
09:07:01,107.00,1,11,107.50_108.00_108.50_109.00_110.00_,6_10_7_9_38_,107.00_106.00_105.50_105.00_104.50_,7_2_5_20_10_
09:07:47,107.00,1,18,107.00_107.50_108.00_108.50_109.00_,8_4_10_7_10_,106.00_105.50_105.00_104.50_104.00_,2_6_20_10_21_
09:08:07,107.00,1,18,107.00_107.50_108.00_108.50_109.00_,13_4_10_7_10_,106.00_105.50_105.00_104.50_104.00_,3_9_20_10_21_
09:08:17,107.00,1,18,107.00_107.50_108.00_108.50_109.00_,13_4_10_7_10_,106.00_105.50_105.00_104.50_104.00_,4_9_20_10_21_
09:08:43,107.00,1,19,107.00_107.50_108.00_108.50_109.00_,12_4_13_7_10_,106.00_105.50_105.00_104.50_104.00_,7_9_20_10_21_
09:08:53,107.00,1,20,107.00_107.50_108.00_108.50_109.00_,11_4_13_7_10_,106.00_105.50_105.00_104.50_104.00_,7_9_20_10_21_
09:09:04,107.00,1,20,107.00_107.50_108.00_108.50_109.00_,11_7_10_7_10_,106.00_105.50_105.00_104.50_104.00_,7_9_20_10_21_
09:09:34,107.00,5,25,107.00_107.50_108.00_108.50_109.00_,6_7_10_7_10_,106.50_106.00_105.50_105.00_104.50_,5_7_9_20_10_
09:09:39,107.00,5,25,107.00_107.50_108.00_108.50_109.00_,6_4_13_7_10_,106.50_106.00_105.50_105.00_104.50_,5_7_9_20_10_
09:10:10,107.00,5,25,107.00_107.50_108.00_108.50_109.00_,6_4_13_7_10_,106.50_106.00_105.50_105.00_104.50_,6_8_9_20_10_
09:10:15,107.00,1,26,107.00_107.50_108.00_108.50_109.00_,5_4_13_7_10_,106.50_106.00_105.50_105.00_104.50_,6_8_9_20_10_
09:10:31,107.00,1,26,107.00_107.50_108.00_108.50_109.00_,5_4_13_7_10_,106.50_106.00_105.50_105.00_104.50_,6_8_10_20_10_
09:10:41,107.00,1,26,107.00_107.50_108.00_108.50_109.00_,5_4_13_7_10_,106.50_106.00_105.50_105.00_104.50_,6_7_10_20_10_
09:11:12,107.00,1,26,107.00_107.50_108.00_108.50_109.00_,5_4_13_7_10_,106.50_106.00_105.50_105.00_104.50_,6_7_10_22_10_
09:12:08,107.00,3,34,107.00_107.50_108.00_108.50_109.00_,2_4_13_7_5_,106.50_106.00_105.50_105.00_104.50_,6_7_10_22_10_
09:12:34,107.00,3,34,107.00_107.50_108.00_108.50_109.00_,2_4_13_7_5_,106.50_106.00_105.50_105.00_104.50_,6_7_10_23_10_
09:12:55,107.00,2,36,107.50_108.00_108.50_109.00_110.00_,4_13_7_5_41_,107.00_106.50_106.00_105.50_105.00_,2_6_7_9_23_
09:13:20,107.00,2,36,107.50_108.00_108.50_109.00_110.00_,4_13_7_5_41_,107.00_106.50_106.00_105.50_105.00_,3_8_4_9_23_
09:14:27,107.50,2,38,107.50_108.00_108.50_109.00_110.00_,2_15_7_5_41_,107.00_106.50_106.00_105.50_105.00_,4_8_4_10_23_
09:14:58,107.00,2,40,107.50_108.00_108.50_109.00_110.00_,2_15_7_5_41_,107.00_106.50_106.00_105.50_105.00_,2_8_4_10_23_
09:15:08,107.00,1,41,107.50_108.00_108.50_109.00_110.00_,2_15_7_5_41_,107.00_106.50_106.00_105.50_105.00_,1_8_4_10_23_
09:15:13,107.00,1,41,107.50_108.00_108.50_109.00_110.00_,4_15_7_5_41_,107.00_106.50_106.00_105.50_105.00_,2_8_4_10_23_
09:15:28,107.00,1,41,107.50_108.00_108.50_109.00_110.00_,4_15_7_5_41_,107.00_106.50_106.00_105.50_105.00_,3_8_4_10_23_
09:15:38,107.00,1,41,107.50_108.00_108.50_109.00_110.00_,4_16_7_5_41_,107.00_106.50_106.00_105.50_105.00_,3_8_5_10_23_
09:16:14,107.00,1,43,107.50_108.00_108.50_109.00_110.00_,3_16_7_5_41_,107.00_106.50_106.00_105.50_105.00_,1_8_5_10_23_
09:16:35,107.00,1,44,107.50_108.00_108.50_109.00_110.00_,3_16_7_5_41_,107.00_106.50_106.00_105.50_105.00_,1_8_5_10_23_
09:18:07,107.00,1,45,107.50_108.00_108.50_109.00_110.00_,11_13_7_5_41_,106.50_106.00_105.50_105.00_104.50_,7_8_10_24_10_
09:19:24,107.00,1,45,107.50_108.00_108.50_109.00_110.00_,11_13_7_6_41_,107.00_106.50_106.00_105.50_105.00_,1_8_8_10_24_
09:19:29,107.00,1,45,107.50_108.00_108.50_109.00_110.00_,8_16_7_6_41_,107.00_106.50_106.00_105.50_105.00_,1_8_8_10_24_
09:20:36,107.00,2,57,107.00_107.50_108.00_108.50_109.00_,7_14_20_13_12_,106.00_105.50_105.00_104.50_104.00_,5_13_24_10_21_
09:21:17,107.00,5,62,107.00_107.50_108.00_108.50_109.00_,2_14_20_13_12_,106.00_105.50_105.00_104.50_104.00_,5_13_24_10_21_
09:21:22,107.00,5,62,107.00_107.50_108.00_108.50_109.00_,2_14_20_13_12_,106.00_105.50_105.00_104.50_104.00_,9_13_24_10_21_
09:21:33,107.00,2,64,107.50_108.00_108.50_109.00_109.50_,14_20_13_12_6_,107.00_106.00_105.50_105.00_104.50_,3_9_13_19_10_
09:21:38,107.50,2,66,107.50_108.00_108.50_109.00_109.50_,12_20_13_12_6_,107.00_106.00_105.50_105.00_104.50_,5_10_10_19_10_
09:21:43,107.50,2,66,107.50_108.00_108.50_109.00_109.50_,12_20_13_12_6_,107.00_106.00_105.50_105.00_104.50_,5_10_7_19_10_
09:21:48,107.50,2,66,107.50_108.00_108.50_109.00_109.50_,12_20_13_12_6_,107.00_106.00_105.50_105.00_104.50_,5_10_8_19_10_
09:22:19,107.50,2,66,107.50_108.00_108.50_109.00_109.50_,12_20_13_12_6_,107.00_106.00_105.50_105.00_104.50_,6_8_8_19_10_
09:22:50,107.50,12,78,108.00_108.50_109.00_109.50_110.00_,20_13_12_6_47_,107.50_107.00_106.00_105.50_105.00_,3_6_8_8_19_
09:22:55,108.00,17,95,108.00_108.50_109.00_109.50_110.00_,3_13_12_6_47_,107.50_107.00_106.50_106.00_105.50_,5_4_3_5_8_
09:23:00,108.00,3,98,108.50_109.00_109.50_110.00_110.50_,13_12_6_47_4_,108.00_107.50_107.00_106.50_106.00_,4_6_3_3_5_
09:23:05,108.00,3,98,108.50_109.00_109.50_110.00_110.50_,13_12_6_47_4_,108.00_107.50_107.00_106.00_105.50_,9_4_6_5_8_
09:23:10,108.50,2,100,108.50_109.00_109.50_110.00_110.50_,11_12_6_47_4_,108.00_107.50_107.00_106.00_105.50_,9_4_6_5_8_
09:23:15,108.50,5,105,108.50_109.00_109.50_110.00_110.50_,7_12_6_47_4_,108.00_107.50_107.00_106.00_105.50_,12_4_6_5_8_
09:23:20,108.50,5,110,108.50_109.00_109.50_110.00_110.50_,2_12_6_47_4_,108.00_107.50_107.00_106.00_105.50_,12_4_6_5_8_
09:23:26,108.50,2,112,109.00_109.50_110.00_110.50_111.00_,12_6_47_4_1_,108.00_107.50_107.00_106.00_105.50_,11_4_6_5_8_
09:23:31,108.50,2,112,109.00_109.50_110.00_110.50_111.00_,12_6_47_4_1_,108.50_108.00_107.50_107.00_106.00_,1_12_6_4_5_
09:23:36,108.50,2,112,109.00_109.50_110.00_110.50_111.00_,12_6_47_4_1_,108.50_108.00_107.50_107.00_106.00_,4_10_6_4_5_
09:23:46,108.50,2,112,109.00_109.50_110.00_110.50_111.00_,11_6_47_4_1_,108.50_108.00_107.50_107.00_106.00_,3_10_6_4_5_
09:23:56,109.00,4,116,109.00_109.50_110.00_110.50_111.00_,7_6_47_4_1_,108.50_108.00_107.50_107.00_106.00_,4_9_6_5_5_
09:24:01,109.00,1,117,109.00_109.50_110.00_110.50_111.00_,6_6_47_4_1_,108.50_108.00_107.50_107.00_106.00_,4_9_6_5_5_
09:24:06,109.00,1,117,109.00_109.50_110.00_110.50_111.00_,6_7_48_4_1_,108.50_108.00_107.50_107.00_106.50_,4_9_6_5_2_
09:24:12,109.00,1,118,109.00_109.50_110.00_110.50_111.00_,5_7_48_4_11_,108.50_108.00_107.50_107.00_106.50_,4_9_6_5_2_
09:24:17,109.00,1,118,109.00_109.50_110.00_110.50_111.00_,5_7_48_4_11_,108.50_108.00_107.50_107.00_106.50_,5_9_6_5_2_
09:24:27,109.00,1,118,109.00_109.50_110.00_110.50_111.00_,6_7_48_4_11_,108.50_108.00_107.50_107.00_106.50_,5_14_6_5_3_
09:24:32,109.00,1,118,109.00_109.50_110.00_110.50_111.00_,6_7_50_4_11_,108.50_108.00_107.50_107.00_106.50_,5_14_11_5_3_
09:24:37,109.00,1,119,109.00_109.50_110.00_110.50_111.00_,5_7_50_4_11_,108.50_108.00_107.50_107.00_106.50_,5_14_11_5_3_
09:24:42,108.50,2,121,109.00_109.50_110.00_110.50_111.00_,5_7_50_4_11_,108.50_108.00_107.50_107.00_106.50_,6_11_11_5_3_
09:24:53,109.00,1,125,109.00_109.50_110.00_110.50_111.00_,1_7_50_4_11_,108.50_108.00_107.50_107.00_106.50_,5_11_11_2_3_
09:24:58,109.00,1,126,109.00_109.50_110.00_110.50_111.00_,1_8_50_4_11_,108.50_108.00_107.50_107.00_106.50_,5_11_11_2_3_
09:25:13,109.50,4,140,109.50_110.00_110.50_111.00_111.50_,4_50_4_11_4_,108.50_108.00_107.50_107.00_106.50_,5_14_8_2_3_
09:26:35,109.50,1,142,109.00_109.50_110.00_110.50_111.00_,5_11_50_10_17_,108.50_108.00_107.50_107.00_106.50_,6_11_11_2_3_
09:26:40,109.50,1,142,109.00_109.50_110.00_110.50_111.00_,6_11_50_10_17_,108.50_108.00_107.50_107.00_106.50_,6_11_11_2_3_
09:26:45,109.50,1,142,109.00_109.50_110.00_110.50_111.00_,6_12_50_10_17_,108.50_108.00_107.50_107.00_106.50_,5_11_11_2_3_
09:26:50,109.00,1,143,109.00_109.50_110.00_110.50_111.00_,5_12_50_10_17_,108.50_108.00_107.50_107.00_106.50_,13_11_11_2_3_
09:27:00,109.00,1,143,109.00_109.50_110.00_110.50_111.00_,5_11_50_10_17_,108.50_108.00_107.50_107.00_106.50_,13_14_5_2_3_
09:27:16,109.00,1,143,109.00_109.50_110.00_110.50_111.00_,5_12_50_10_17_,108.50_108.00_107.50_107.00_106.50_,13_14_5_2_3_
09:27:21,109.00,3,146,109.00_109.50_110.00_110.50_111.00_,2_12_50_10_17_,108.50_108.00_107.50_107.00_106.50_,13_14_5_2_3_
09:27:26,109.00,3,146,109.00_109.50_110.00_110.50_111.00_,2_17_51_10_17_,108.50_108.00_107.50_107.00_106.50_,13_14_5_2_3_
09:27:36,109.00,3,146,109.00_109.50_110.00_110.50_111.00_,2_16_51_11_17_,108.50_108.00_107.50_107.00_106.50_,13_14_5_2_3_
09:27:41,109.00,1,147,109.00_109.50_110.00_110.50_111.00_,1_17_51_11_17_,108.50_108.00_107.50_107.00_106.50_,13_14_5_2_3_
09:27:47,108.50,10,157,109.00_109.50_110.00_110.50_111.00_,1_17_51_11_17_,108.50_108.00_107.50_107.00_106.50_,3_14_5_2_3_
09:27:52,108.50,1,158,109.00_109.50_110.00_110.50_111.00_,3_17_51_11_17_,108.50_108.00_107.50_107.00_106.50_,2_14_5_2_3_
09:27:57,108.50,1,158,109.00_109.50_110.00_110.50_111.00_,3_17_51_11_17_,108.50_108.00_107.50_107.00_106.50_,2_11_8_2_3_
09:28:02,108.50,1,158,109.00_109.50_110.00_110.50_111.00_,5_17_51_11_17_,108.50_108.00_107.50_107.00_106.50_,2_11_8_2_3_
09:28:07,108.50,1,158,109.00_109.50_110.00_110.50_111.00_,5_17_51_11_17_,108.50_108.00_107.50_107.00_106.50_,2_11_9_2_3_
09:28:27,108.50,1,159,109.00_109.50_110.00_110.50_111.00_,5_17_51_11_17_,108.50_108.00_107.50_107.00_106.50_,1_11_9_2_3_
09:29:24,108.50,1,159,109.00_109.50_110.00_110.50_111.00_,6_17_52_11_17_,108.50_108.00_107.50_107.00_106.50_,1_11_9_2_3_
09:30:05,108.50,2,161,108.50_109.00_109.50_110.00_110.50_,2_6_17_52_11_,108.00_107.50_107.00_106.50_106.00_,6_4_4_3_8_
09:31:01,108.00,1,167,108.00_108.50_109.00_109.50_110.00_,3_8_14_17_56_,107.50_107.00_106.50_106.00_105.50_,3_6_3_8_9_
09:31:52,108.00,3,170,108.50_109.00_109.50_110.00_110.50_,8_14_17_56_11_,108.00_107.50_107.00_106.50_106.00_,2_3_6_3_8_
09:32:08,108.00,3,170,108.50_109.00_109.50_110.00_110.50_,8_14_17_56_11_,108.00_107.50_107.00_106.50_106.00_,3_3_6_3_8_
09:32:44,108.50,1,171,108.50_109.00_109.50_110.00_110.50_,7_14_17_56_11_,108.00_107.50_107.00_106.50_106.00_,4_2_7_3_9_
09:33:04,108.50,1,171,108.50_109.00_109.50_110.00_110.50_,7_14_17_56_11_,108.00_107.50_107.00_106.50_106.00_,5_2_7_3_9_
09:33:20,108.50,3,174,108.50_109.00_109.50_110.00_110.50_,4_14_17_56_11_,108.00_107.50_107.00_106.50_106.00_,5_2_7_3_9_
09:33:25,108.50,3,174,108.50_109.00_109.50_110.00_110.50_,4_14_17_56_11_,108.00_107.50_107.00_106.50_106.00_,5_5_4_3_9_
09:33:30,108.50,4,178,109.00_109.50_110.00_110.50_111.00_,14_17_56_11_17_,108.50_108.00_107.50_107.00_106.50_,1_5_5_4_3_
09:33:35,109.00,4,182,109.00_109.50_110.00_110.50_111.00_,13_17_56_11_17_,108.50_108.00_107.50_107.00_106.50_,1_6_4_4_3_
09:33:40,109.00,1,183,109.00_109.50_110.00_110.50_111.00_,12_17_56_11_17_,108.50_108.00_107.50_107.00_106.50_,1_6_4_4_3_
09:33:55,109.00,1,183,109.00_109.50_110.00_110.50_111.00_,12_17_56_11_17_,108.50_108.00_107.50_107.00_106.50_,3_6_4_4_3_
09:34:01,109.00,1,184,109.00_109.50_110.00_110.50_111.00_,13_17_56_11_17_,108.50_108.00_107.50_107.00_106.50_,4_6_3_4_3_
09:34:21,109.00,1,184,109.00_109.50_110.00_110.50_111.00_,15_17_56_11_17_,108.50_108.00_107.50_107.00_106.50_,4_6_3_4_3_
09:34:31,109.00,1,184,109.00_109.50_110.00_110.50_111.00_,16_17_56_11_17_,108.50_108.00_107.50_107.00_106.50_,5_5_3_4_3_
09:35:02,109.00,1,184,109.00_109.50_110.00_110.50_111.00_,16_17_56_11_17_,108.50_108.00_107.50_107.00_106.50_,5_5_4_4_3_
09:35:12,109.00,1,184,109.00_109.50_110.00_110.50_111.00_,16_17_56_11_18_,108.50_108.00_107.50_107.00_106.50_,5_5_4_4_3_
09:35:48,108.50,2,186,109.00_109.50_110.00_110.50_111.00_,16_16_55_11_18_,108.50_108.00_107.50_107.00_106.50_,3_9_1_3_3_
09:35:53,108.50,2,188,109.00_109.50_110.00_110.50_111.00_,16_16_55_11_18_,108.50_108.00_107.50_107.00_106.50_,1_9_1_3_3_
09:35:58,108.50,2,188,109.00_109.50_110.00_110.50_111.00_,16_16_55_11_18_,108.50_108.00_107.50_107.00_106.50_,1_6_4_3_3_
09:36:08,109.00,1,190,109.00_109.50_110.00_110.50_111.00_,15_16_55_11_18_,108.00_107.50_107.00_106.50_106.00_,6_4_3_3_9_
09:36:39,109.00,1,190,109.00_109.50_110.00_110.50_111.00_,15_16_55_11_18_,108.00_107.50_107.00_106.50_106.00_,5_4_3_3_9_
09:36:44,109.00,1,191,109.00_109.50_110.00_110.50_111.00_,14_16_50_11_18_,108.00_107.50_107.00_106.50_106.00_,5_4_3_3_9_
09:36:49,109.00,1,191,109.00_109.50_110.00_110.50_111.00_,16_16_50_11_18_,108.00_107.50_107.00_106.50_106.00_,5_4_3_3_9_
09:38:01,109.00,2,194,109.00_109.50_110.00_110.50_111.00_,21_17_50_12_19_,108.50_108.00_107.50_107.00_106.50_,3_11_1_4_3_
09:38:57,109.00,2,194,109.00_109.50_110.00_110.50_111.00_,22_17_51_12_19_,108.50_108.00_107.50_107.00_106.50_,3_11_1_4_3_
09:39:08,109.00,2,194,109.00_109.50_110.00_110.50_111.00_,22_17_51_12_19_,108.50_108.00_107.50_107.00_106.50_,3_9_3_4_3_
09:39:13,109.00,2,194,109.00_109.50_110.00_110.50_111.00_,22_17_51_12_19_,108.50_108.00_107.00_106.50_106.00_,3_12_4_3_9_
09:39:33,109.00,2,196,109.00_109.50_110.00_110.50_111.00_,20_17_51_12_19_,108.50_108.00_107.00_106.50_106.00_,3_10_4_3_9_
09:40:40,108.50,3,199,109.00_109.50_110.00_110.50_111.00_,20_17_52_12_19_,108.00_107.00_106.50_106.00_105.50_,10_5_3_9_9_
09:40:45,108.50,3,199,109.00_109.50_110.00_110.50_111.00_,20_18_52_12_19_,108.00_107.00_106.50_106.00_105.50_,10_5_3_9_9_
09:40:50,109.00,1,200,109.00_109.50_110.00_110.50_111.00_,19_18_52_12_19_,108.00_107.00_106.50_106.00_105.50_,10_5_3_9_9_
09:41:06,109.00,1,200,109.00_109.50_110.00_110.50_111.00_,20_18_52_12_19_,108.50_108.00_107.00_106.50_106.00_,1_9_5_3_9_
09:41:16,109.00,1,200,109.00_109.50_110.00_110.50_111.00_,20_19_52_12_19_,108.50_108.00_107.00_106.50_106.00_,1_9_5_3_9_
09:41:21,109.00,15,215,109.00_109.50_110.00_110.50_111.00_,5_19_52_12_19_,108.50_108.00_107.00_106.50_106.00_,1_9_5_3_9_
09:41:42,109.00,3,218,109.00_109.50_110.00_110.50_111.00_,2_19_52_12_19_,108.50_108.00_107.00_106.50_106.00_,1_9_5_3_9_
09:41:47,109.00,3,218,109.00_109.50_110.00_110.50_111.00_,3_19_52_12_19_,108.50_108.00_107.00_106.50_106.00_,1_9_5_3_9_
09:42:02,109.00,1,219,109.00_109.50_110.00_110.50_111.00_,2_19_52_12_19_,108.50_108.00_107.00_106.50_106.00_,1_13_4_3_9_
09:42:07,109.00,1,220,109.00_109.50_110.00_110.50_111.00_,1_19_52_12_19_,108.50_108.00_107.00_106.50_106.00_,1_13_4_3_9_
09:42:23,109.00,1,220,109.00_109.50_110.00_110.50_111.00_,1_19_52_12_20_,108.50_108.00_107.00_106.50_106.00_,1_13_4_3_9_
09:42:33,109.00,1,220,109.00_109.50_110.00_110.50_111.00_,1_19_52_12_21_,108.50_108.00_107.00_106.50_106.00_,1_13_4_3_9_
09:42:43,109.00,1,220,109.00_109.50_110.00_110.50_111.00_,6_19_52_12_21_,108.50_108.00_107.50_107.00_106.50_,1_13_1_4_3_
09:42:48,109.00,1,220,109.00_109.50_110.00_110.50_111.00_,7_19_52_12_21_,108.50_108.00_107.50_107.00_106.50_,1_13_1_4_3_
09:44:10,109.00,1,221,109.00_109.50_110.00_110.50_111.00_,8_18_54_12_22_,108.50_108.00_107.50_107.00_106.50_,4_13_1_4_3_
09:45:07,109.00,1,221,109.00_109.50_110.00_110.50_111.00_,8_18_53_12_22_,108.50_108.00_107.50_107.00_106.50_,4_13_1_4_3_
09:46:03,108.50,1,223,109.00_109.50_110.00_110.50_111.00_,10_19_54_12_22_,108.50_108.00_107.50_107.00_106.50_,4_12_1_6_3_
09:46:13,108.50,2,225,109.00_109.50_110.00_110.50_111.00_,10_19_54_12_22_,108.50_108.00_107.50_107.00_106.50_,2_12_1_6_3_
09:46:23,108.50,2,225,109.00_109.50_110.00_110.50_111.00_,12_21_54_12_22_,108.50_108.00_107.50_107.00_106.50_,2_12_1_6_3_
09:47:04,108.50,1,226,109.00_109.50_110.00_110.50_111.00_,14_21_53_12_22_,108.50_108.00_107.50_107.00_106.50_,2_12_1_7_3_
09:48:41,108.50,1,228,109.00_109.50_110.00_110.50_111.00_,16_20_53_12_22_,108.00_107.50_107.00_106.50_106.00_,12_1_7_3_7_
09:49:02,108.50,1,228,108.50_109.00_109.50_110.00_110.50_,1_16_20_53_12_,108.00_107.50_107.00_106.50_106.00_,12_1_7_3_7_
09:49:07,108.50,1,228,108.50_109.00_109.50_110.00_110.50_,2_16_20_53_12_,108.00_107.50_107.00_106.50_106.00_,12_1_7_3_7_
09:49:17,108.50,1,228,108.50_109.00_109.50_110.00_110.50_,2_17_20_53_12_,108.00_107.50_107.00_106.50_106.00_,12_1_7_3_7_
09:49:33,108.50,1,228,108.50_109.00_109.50_110.00_110.50_,2_20_20_53_12_,108.00_107.50_107.00_106.50_106.00_,12_1_7_3_7_
09:50:34,108.50,1,229,108.50_109.00_109.50_110.00_110.50_,1_20_21_53_12_,108.00_107.50_107.00_106.50_106.00_,11_1_7_3_7_
09:51:26,108.00,5,239,108.50_109.00_109.50_110.00_110.50_,7_20_21_53_12_,107.50_107.00_106.50_106.00_105.50_,4_6_3_8_9_
09:51:41,107.50,1,240,108.50_109.00_109.50_110.00_110.50_,7_20_21_53_12_,107.50_107.00_106.50_106.00_105.50_,3_6_3_8_9_
09:52:32,107.50,1,240,108.50_109.00_109.50_110.00_110.50_,6_20_21_53_12_,107.50_107.00_106.50_106.00_105.50_,3_6_2_8_13_
09:53:13,107.50,1,242,108.00_108.50_109.00_109.50_110.00_,2_7_20_21_53_,107.50_107.00_106.50_106.00_105.50_,2_6_2_8_13_
09:53:29,107.50,1,242,108.00_108.50_109.00_109.50_110.00_,2_7_20_21_53_,107.50_107.00_106.50_106.00_105.50_,3_6_2_8_13_
09:53:34,107.50,1,242,108.00_108.50_109.00_109.50_110.00_,5_7_20_21_53_,107.50_107.00_106.50_106.00_105.50_,3_6_2_8_13_
09:53:39,107.50,1,242,108.00_108.50_109.00_109.50_110.00_,5_7_20_21_53_,107.50_107.00_106.50_106.00_105.50_,2_9_2_8_13_
09:53:44,107.50,1,242,108.00_108.50_109.00_109.50_110.00_,5_7_20_20_53_,107.50_107.00_106.50_106.00_105.50_,2_9_2_8_13_
09:53:54,107.50,2,244,107.50_108.00_108.50_109.00_109.50_,1_5_7_20_20_,107.00_106.50_106.00_105.50_105.00_,9_2_8_13_18_
09:54:20,107.00,2,247,108.00_108.50_109.00_109.50_110.00_,2_9_20_20_53_,107.00_106.50_106.00_105.50_105.00_,6_2_9_13_18_
09:54:56,107.00,2,247,108.00_108.50_109.00_109.50_110.00_,2_9_20_20_53_,107.00_106.50_106.00_105.50_105.00_,7_2_9_14_18_
09:55:11,107.00,2,247,108.00_108.50_109.00_109.50_110.00_,2_9_20_20_53_,107.00_106.50_106.00_105.50_105.00_,6_2_9_16_18_
09:55:36,107.00,2,247,107.50_108.00_108.50_109.00_109.50_,1_3_8_20_20_,107.00_106.50_106.00_105.50_105.00_,11_2_9_16_18_
09:56:58,107.00,2,247,107.50_108.00_108.50_109.00_109.50_,1_3_8_20_21_,107.00_106.50_106.00_105.50_105.00_,10_2_10_16_18_
09:57:49,107.50,1,248,108.00_108.50_109.00_109.50_110.00_,3_8_20_21_53_,107.00_106.50_106.00_105.50_105.00_,10_2_10_16_18_
09:58:10,107.50,1,248,108.00_108.50_109.00_109.50_110.00_,3_8_21_21_53_,107.00_106.50_106.00_105.50_105.00_,12_2_11_16_18_
09:59:22,107.50,1,248,108.00_108.50_109.00_109.50_110.00_,3_8_21_21_53_,107.00_106.50_106.00_105.50_105.00_,14_2_11_16_18_
09:59:27,107.00,1,249,108.00_108.50_109.00_109.50_110.00_,3_8_21_21_53_,107.00_106.50_106.00_105.50_105.00_,13_2_11_16_18_
10:00:39,107.00,1,249,108.00_108.50_109.00_109.50_110.00_,8_13_21_21_53_,107.00_106.50_106.00_105.50_105.00_,15_2_11_16_18_
10:01:04,107.00,2,251,108.00_108.50_109.00_109.50_110.00_,8_13_21_21_53_,107.00_106.50_106.00_105.50_105.00_,13_2_11_16_18_
10:01:09,107.00,2,251,108.00_108.50_109.00_109.50_110.00_,8_13_21_21_53_,107.00_106.50_106.00_105.50_105.00_,13_2_10_16_19_
10:01:35,108.00,1,252,108.00_108.50_109.00_109.50_110.00_,7_13_21_21_53_,107.00_106.50_106.00_105.50_105.00_,13_3_10_16_19_
10:02:11,108.00,1,252,108.00_108.50_109.00_109.50_110.00_,7_14_21_21_53_,107.00_106.50_106.00_105.50_105.00_,13_3_10_16_19_
10:04:09,108.00,1,252,108.00_108.50_109.00_109.50_110.00_,7_14_21_21_53_,107.50_107.00_106.50_106.00_105.50_,2_12_3_10_16_
10:04:29,108.00,1,252,108.00_108.50_109.00_109.50_110.00_,7_14_21_21_53_,107.50_107.00_106.50_106.00_105.50_,2_12_3_10_17_
10:04:50,108.00,1,252,108.00_108.50_109.00_109.50_110.00_,7_14_21_21_53_,107.50_107.00_106.50_106.00_105.50_,2_11_3_10_17_
10:06:07,108.00,1,252,108.00_108.50_109.00_109.50_110.00_,7_15_21_21_53_,107.50_107.00_106.50_106.00_105.50_,3_9_3_10_17_
10:06:53,108.00,1,253,108.00_108.50_109.00_109.50_110.00_,6_15_21_22_53_,107.50_107.00_106.50_106.00_105.50_,3_9_3_11_17_
10:07:18,108.00,1,254,108.00_108.50_109.00_109.50_110.00_,6_15_21_22_53_,107.50_107.00_106.50_106.00_105.50_,3_9_3_11_17_
10:07:29,108.00,1,254,108.00_108.50_109.00_109.50_110.00_,6_16_21_22_53_,107.50_107.00_106.50_106.00_105.50_,3_9_3_11_17_
10:10:13,108.00,1,254,108.00_108.50_109.00_109.50_110.00_,6_16_21_22_53_,107.50_107.00_106.50_106.00_105.50_,4_9_3_11_17_
10:10:38,108.00,1,254,108.00_108.50_109.00_109.50_110.00_,6_16_21_22_54_,107.50_107.00_106.50_106.00_105.50_,4_9_3_11_17_
10:12:36,107.50,4,258,108.00_108.50_109.00_109.50_110.00_,6_16_21_22_54_,107.00_106.50_106.00_105.50_105.00_,9_3_11_17_18_
10:12:46,107.50,4,258,108.00_108.50_109.00_109.50_110.00_,6_16_21_22_54_,107.50_107.00_106.50_106.00_105.50_,1_9_3_11_17_
10:13:07,107.50,4,258,108.00_108.50_109.00_109.50_110.00_,6_15_21_22_54_,107.50_107.00_106.50_106.00_105.50_,1_9_3_11_17_
10:13:12,107.50,4,258,108.00_108.50_109.00_109.50_110.00_,7_15_21_22_54_,107.50_107.00_106.50_106.00_105.50_,1_9_3_11_17_
10:13:22,107.50,4,258,108.00_108.50_109.00_109.50_110.00_,7_15_21_22_54_,107.50_107.00_106.50_106.00_105.50_,1_9_4_11_17_
10:15:10,107.50,1,259,108.00_108.50_109.00_109.50_110.00_,7_15_21_22_54_,107.00_106.50_106.00_105.50_105.00_,9_4_11_17_18_
10:17:23,107.50,1,259,108.00_108.50_109.00_109.50_110.00_,7_15_21_22_44_,107.00_106.50_106.00_105.50_105.00_,9_4_11_17_18_
10:17:59,107.00,3,262,108.00_108.50_109.00_109.50_110.00_,7_15_31_32_34_,107.00_106.50_106.00_105.50_105.00_,7_4_10_17_19_
10:18:24,107.00,3,262,108.00_108.50_109.00_109.50_110.00_,7_15_31_32_34_,107.00_106.50_106.00_105.50_105.00_,9_4_10_17_19_
10:19:11,107.00,3,262,107.50_108.00_108.50_109.00_109.50_,2_7_15_31_32_,107.00_106.50_106.00_105.50_105.00_,9_4_10_17_19_
10:19:31,107.50,1,263,107.50_108.00_108.50_109.00_109.50_,1_7_15_31_32_,107.00_106.50_106.00_105.50_105.00_,9_4_10_17_19_
10:20:28,107.50,1,264,108.00_108.50_109.00_109.50_110.00_,7_15_31_32_34_,107.00_106.50_106.00_105.50_105.00_,9_4_10_17_19_
10:21:50,107.50,1,264,108.00_108.50_109.00_109.50_110.00_,7_15_31_32_34_,107.00_106.50_106.00_105.50_105.00_,10_4_11_17_19_
10:23:01,107.00,1,265,108.00_108.50_109.00_109.50_110.00_,7_15_31_32_34_,107.00_106.50_106.00_105.50_105.00_,9_4_11_17_19_
10:24:59,107.00,1,265,108.00_108.50_109.00_109.50_110.00_,7_15_31_32_34_,107.00_106.50_106.00_105.50_105.00_,10_4_11_17_19_
10:26:11,107.00,1,265,108.00_108.50_109.00_109.50_110.00_,7_15_31_32_34_,107.00_106.50_106.00_105.50_105.00_,10_4_11_17_20_
10:27:58,107.00,1,265,107.50_108.00_108.50_109.00_109.50_,2_7_15_31_32_,107.00_106.50_106.00_105.50_105.00_,10_4_11_17_20_
10:29:10,107.50,1,267,108.00_108.50_109.00_109.50_110.00_,7_15_31_32_34_,107.00_106.50_106.00_105.50_105.00_,9_5_11_17_20_
10:30:42,108.00,2,274,108.50_109.00_109.50_110.00_110.50_,15_31_32_34_12_,108.00_107.50_107.00_106.50_106.00_,12_5_3_5_12_
10:30:53,108.00,1,275,108.50_109.00_109.50_110.00_110.50_,15_31_32_34_12_,108.00_107.50_107.00_106.50_106.00_,12_5_2_5_12_
10:30:58,108.00,1,275,108.50_109.00_109.50_110.00_110.50_,13_31_32_34_12_,108.00_107.50_107.00_106.50_106.00_,12_5_2_5_12_
10:31:08,108.00,10,285,108.50_109.00_109.50_110.00_110.50_,13_31_32_34_12_,108.00_107.50_107.00_106.50_106.00_,2_5_2_6_12_
10:31:54,109.00,5,311,109.00_109.50_110.00_110.50_111.00_,18_32_34_12_23_,108.50_108.00_107.00_106.50_106.00_,2_7_3_6_11_
10:31:59,109.00,5,311,109.00_109.50_110.00_110.50_111.00_,18_32_35_12_23_,108.50_108.00_107.00_106.50_106.00_,2_7_3_6_11_
10:32:04,109.00,5,311,109.00_109.50_110.00_110.50_111.00_,18_32_35_12_23_,108.50_108.00_107.00_106.50_106.00_,2_8_3_6_11_
10:32:09,109.00,5,311,109.00_109.50_110.00_110.50_111.00_,18_32_35_12_23_,108.50_108.00_107.50_107.00_106.50_,2_8_1_3_6_
10:32:15,109.50,25,336,109.50_110.00_110.50_111.00_111.50_,25_35_12_23_10_,108.50_108.00_107.50_107.00_106.50_,2_8_1_5_6_
10:32:20,109.50,25,336,109.50_110.00_110.50_111.00_111.50_,25_35_12_23_10_,109.00_108.50_108.00_107.50_107.00_,1_2_7_1_5_
10:32:25,109.50,25,336,109.50_110.00_110.50_111.00_111.50_,25_35_12_23_10_,109.00_108.50_108.00_107.50_107.00_,1_7_2_1_5_
10:32:30,109.50,1,337,109.50_110.00_110.50_111.00_111.50_,25_35_12_23_10_,109.00_108.50_108.00_107.50_107.00_,1_7_2_1_5_
10:32:35,109.50,1,337,109.50_110.00_110.50_111.00_111.50_,25_35_12_23_10_,109.00_108.50_108.00_107.50_107.00_,3_5_2_1_6_
10:32:40,109.50,1,337,109.50_110.00_110.50_111.00_111.50_,25_35_12_23_10_,109.00_108.50_108.00_107.50_107.00_,6_5_2_1_4_
10:32:50,109.50,1,337,109.50_110.00_110.50_111.00_111.50_,25_35_12_23_10_,109.00_108.50_108.00_107.50_107.00_,6_5_2_2_4_
10:32:56,109.50,4,341,109.50_110.00_110.50_111.00_111.50_,21_35_12_23_10_,109.00_108.50_108.00_107.50_107.00_,6_5_2_2_4_
10:33:01,109.50,1,342,109.50_110.00_110.50_111.00_111.50_,20_35_12_23_10_,109.00_108.50_108.00_107.50_107.00_,7_5_1_2_4_
10:33:11,109.50,1,343,109.50_110.00_110.50_111.00_111.50_,19_35_12_23_10_,109.00_108.50_108.00_107.50_107.00_,7_5_1_2_4_
10:33:16,109.50,1,344,109.50_110.00_110.50_111.00_111.50_,18_35_12_23_10_,109.00_108.50_108.00_107.50_107.00_,7_5_3_2_4_
10:33:26,109.50,1,345,109.50_110.00_110.50_111.00_111.50_,17_35_12_23_10_,109.00_108.50_108.00_107.50_107.00_,7_5_3_2_4_
10:33:47,109.50,1,345,109.50_110.00_110.50_111.00_111.50_,17_36_12_23_10_,109.00_108.50_108.00_107.50_107.00_,7_5_3_2_4_
10:34:02,109.50,17,362,110.00_110.50_111.00_111.50_112.00_,36_12_23_10_17_,109.50_109.00_108.50_108.00_107.50_,3_7_5_3_2_
10:34:13,110.00,1,380,110.00_110.50_111.00_111.50_112.00_,20_12_23_10_17_,109.50_109.00_108.00_107.50_107.00_,5_11_3_2_4_
10:34:18,109.50,1,381,110.00_110.50_111.00_111.50_112.00_,20_12_23_10_17_,109.50_109.00_108.00_107.50_107.00_,4_11_3_2_4_
10:34:28,109.50,4,385,109.50_110.00_110.50_111.00_111.50_,5_20_12_23_10_,109.00_108.00_107.50_107.00_106.50_,11_4_2_4_5_
10:34:33,109.50,4,385,109.50_110.00_110.50_111.00_111.50_,5_21_12_23_10_,109.00_108.00_107.50_107.00_106.50_,6_4_2_4_4_
10:34:43,109.50,4,385,109.50_110.00_110.50_111.00_111.50_,5_21_12_23_10_,109.00_108.50_108.00_107.50_107.00_,7_1_4_2_4_
10:34:59,109.50,4,385,109.50_110.00_110.50_111.00_111.50_,5_21_12_23_10_,109.00_108.50_108.00_107.50_107.00_,7_1_4_3_4_
10:35:39,109.50,1,386,109.50_110.00_110.50_111.00_111.50_,6_21_12_23_10_,109.00_108.50_108.00_107.50_107.00_,7_1_8_3_4_
10:35:55,109.50,1,386,109.50_110.00_110.50_111.00_111.50_,6_21_12_24_11_,109.00_108.50_108.00_107.50_107.00_,7_1_9_5_4_
10:36:10,109.50,1,386,109.50_110.00_110.50_111.00_111.50_,6_22_12_24_11_,109.00_108.50_108.00_107.50_107.00_,7_1_9_4_4_
10:36:36,109.50,1,386,109.50_110.00_110.50_111.00_111.50_,6_32_12_24_11_,109.00_108.50_108.00_107.50_107.00_,7_1_9_4_4_
10:36:41,109.00,1,387,109.50_110.00_110.50_111.00_111.50_,6_32_12_24_11_,109.00_108.50_108.00_107.50_107.00_,6_1_9_4_4_
10:37:12,109.00,1,387,109.50_110.00_110.50_111.00_111.50_,10_31_12_30_11_,109.00_108.50_108.00_107.50_107.00_,11_1_9_4_4_
10:37:37,109.00,1,387,109.50_110.00_110.50_111.00_111.50_,10_32_12_31_11_,109.00_108.50_108.00_107.50_107.00_,12_1_8_4_4_
10:38:39,109.00,2,389,109.50_110.00_110.50_111.00_111.50_,10_32_12_31_11_,109.00_108.50_108.00_107.50_107.00_,10_1_9_4_4_
10:38:49,109.00,2,389,109.50_110.00_110.50_111.00_111.50_,10_33_12_31_11_,109.00_108.50_108.00_107.50_107.00_,10_1_9_4_4_
10:39:30,109.00,1,390,109.50_110.00_110.50_111.00_111.50_,10_33_12_31_11_,109.00_108.50_108.00_107.50_107.00_,9_1_9_4_4_
10:39:35,109.00,1,390,109.50_110.00_110.50_111.00_111.50_,10_33_12_31_11_,109.00_108.50_108.00_107.50_107.00_,8_1_9_4_4_
10:40:06,109.00,1,399,109.50_110.00_110.50_111.00_111.50_,10_33_12_31_11_,108.50_108.00_107.50_107.00_106.50_,1_9_4_4_4_
10:40:42,108.00,2,401,109.50_110.00_110.50_111.00_111.50_,10_33_12_31_11_,108.00_107.50_107.00_106.50_106.00_,8_4_4_4_11_
10:40:58,108.00,2,401,109.00_109.50_110.00_110.50_111.00_,2_10_33_12_31_,108.00_107.50_107.00_106.50_106.00_,8_4_4_4_11_
10:41:03,108.00,2,401,109.00_109.50_110.00_110.50_111.00_,3_9_33_12_31_,108.00_107.50_107.00_106.50_106.00_,8_4_4_4_11_
10:41:08,108.00,2,401,109.00_109.50_110.00_110.50_111.00_,3_10_33_12_31_,108.00_107.50_107.00_106.50_106.00_,8_4_7_4_11_
10:41:13,108.00,2,403,109.00_109.50_110.00_110.50_111.00_,3_10_33_12_31_,108.00_107.50_107.00_106.50_106.00_,6_4_7_4_11_
10:41:44,108.00,2,403,108.50_109.00_109.50_110.00_110.50_,1_5_10_33_12_,108.00_107.50_107.00_106.50_106.00_,12_7_7_4_11_
10:42:25,108.00,2,403,109.00_109.50_110.00_110.50_111.00_,5_10_33_12_31_,108.00_107.50_107.00_106.50_106.00_,12_7_7_5_11_
10:43:01,108.50,1,405,109.00_109.50_110.00_110.50_111.00_,8_12_34_12_31_,108.00_107.50_107.00_106.50_106.00_,13_8_8_5_11_
10:43:21,108.50,1,405,109.00_109.50_110.00_110.50_111.00_,7_12_34_12_31_,108.00_107.50_107.00_106.50_106.00_,13_8_8_6_11_
10:44:12,108.50,1,405,109.00_109.50_110.00_110.50_111.00_,7_12_34_12_31_,108.00_107.50_107.00_106.50_106.00_,18_8_8_6_11_
10:44:17,108.50,1,405,109.00_109.50_110.00_110.50_111.00_,7_13_34_12_31_,108.00_107.50_107.00_106.50_106.00_,18_8_8_6_11_
10:44:28,108.50,1,405,109.00_109.50_110.00_110.50_111.00_,7_13_34_12_31_,108.00_107.50_107.00_106.50_106.00_,21_8_8_6_11_
10:45:29,108.50,1,405,109.00_109.50_110.00_110.50_111.00_,9_13_35_12_31_,108.00_107.50_107.00_106.50_106.00_,21_8_8_6_11_
10:46:10,108.50,1,405,109.00_109.50_110.00_110.50_111.00_,9_13_35_12_31_,108.00_107.50_107.00_106.50_106.00_,21_8_8_6_11_
10:46:30,108.00,1,406,109.00_109.50_110.00_110.50_111.00_,9_13_35_12_31_,108.00_107.50_107.00_106.50_106.00_,21_8_8_6_11_
10:46:51,108.00,1,406,109.00_109.50_110.00_110.50_111.00_,9_13_35_12_31_,108.00_107.50_107.00_106.50_106.00_,25_8_8_6_11_
10:47:16,108.00,1,406,109.00_109.50_110.00_110.50_111.00_,9_13_35_12_32_,108.00_107.50_107.00_106.50_106.00_,25_8_9_6_11_
10:48:18,108.00,1,406,109.00_109.50_110.00_110.50_111.00_,9_13_35_12_32_,108.00_107.50_107.00_106.50_106.00_,25_8_8_6_11_
10:48:23,108.00,1,406,109.00_109.50_110.00_110.50_111.00_,9_13_35_12_32_,108.00_107.50_107.00_106.50_106.00_,25_8_8_6_12_
10:49:45,108.00,12,418,109.00_109.50_110.00_110.50_111.00_,9_13_35_14_32_,108.00_107.50_107.00_106.50_106.00_,13_8_8_6_12_
10:50:51,108.00,12,418,109.00_109.50_110.00_110.50_111.00_,9_13_35_14_32_,108.00_107.50_107.00_106.50_106.00_,18_8_5_6_12_
10:52:18,108.00,12,418,109.00_109.50_110.00_110.50_111.00_,9_13_35_14_32_,108.00_107.50_107.00_106.50_106.00_,19_8_5_6_12_
10:53:00,108.00,1,420,109.00_109.50_110.00_110.50_111.00_,9_13_35_14_32_,108.00_107.50_107.00_106.50_106.00_,17_8_5_6_12_
10:54:06,109.00,1,421,109.00_109.50_110.00_110.50_111.00_,8_13_35_14_32_,108.50_108.00_107.50_107.00_106.50_,1_17_8_5_6_
10:54:16,109.00,1,421,109.00_109.50_110.00_110.50_111.00_,8_13_35_14_32_,108.50_108.00_107.50_107.00_106.50_,2_16_8_5_6_
10:54:22,108.50,1,422,109.00_109.50_110.00_110.50_111.00_,8_13_35_14_32_,108.50_108.00_107.50_107.00_106.50_,1_16_8_5_6_
10:54:27,108.50,1,422,109.00_109.50_110.00_110.50_111.00_,8_13_35_14_32_,108.50_108.00_107.50_107.00_106.50_,1_17_8_5_6_
10:55:02,108.50,1,422,109.00_109.50_110.00_110.50_111.00_,8_13_37_14_32_,108.50_108.00_107.50_107.00_106.50_,1_17_8_5_6_
10:55:18,108.50,1,422,109.00_109.50_110.00_110.50_111.00_,8_14_37_14_32_,108.50_108.00_107.50_107.00_106.50_,1_17_8_5_6_
10:55:38,108.50,1,422,109.00_109.50_110.00_110.50_111.00_,8_14_37_14_32_,108.50_108.00_107.50_107.00_106.50_,1_18_8_5_6_
10:56:55,108.50,1,422,109.00_109.50_110.00_110.50_111.00_,8_14_38_14_32_,108.50_108.00_107.50_107.00_106.50_,2_15_8_6_6_
10:57:51,108.50,1,422,109.00_109.50_110.00_110.50_111.00_,8_13_38_14_32_,108.50_108.00_107.50_107.00_106.50_,2_16_8_6_6_
10:58:07,108.50,1,423,109.00_109.50_110.00_110.50_111.00_,8_13_38_14_32_,108.50_108.00_107.50_107.00_106.50_,1_16_8_6_6_
10:58:27,108.50,1,424,109.00_109.50_110.00_110.50_111.00_,8_13_38_14_32_,108.00_107.50_107.00_106.50_106.00_,17_8_6_6_12_
10:58:58,109.00,8,432,109.50_110.00_110.50_111.00_111.50_,13_38_14_32_11_,109.00_108.00_107.50_107.00_106.50_,2_17_8_6_6_
10:59:03,109.00,8,432,109.50_110.00_110.50_111.00_111.50_,13_38_14_32_11_,109.00_108.00_107.50_107.00_106.50_,2_17_8_7_6_
10:59:24,109.00,8,432,109.50_110.00_110.50_111.00_111.50_,13_38_14_32_11_,109.00_108.50_108.00_107.50_107.00_,2_6_14_8_7_
10:59:34,109.00,8,432,109.50_110.00_110.50_111.00_111.50_,13_38_14_32_11_,109.00_108.50_108.00_107.50_107.00_,2_6_17_7_7_
10:59:39,109.00,8,432,109.50_110.00_110.50_111.00_111.50_,13_38_14_32_11_,109.00_108.50_108.00_107.50_107.00_,7_6_17_7_7_
10:59:44,109.50,5,437,109.50_110.00_110.50_111.00_111.50_,8_38_14_32_11_,109.00_108.50_108.00_107.50_107.00_,7_6_17_7_7_
11:00:05,109.50,1,438,109.50_110.00_110.50_111.00_111.50_,7_38_14_32_11_,109.00_108.50_108.00_107.50_107.00_,7_6_17_7_7_
11:00:30,109.50,5,444,109.50_110.00_110.50_111.00_111.50_,1_38_14_32_11_,109.00_108.50_108.00_107.50_107.00_,7_6_17_7_7_
11:00:35,109.50,5,444,109.50_110.00_110.50_111.00_111.50_,1_38_14_32_11_,109.00_108.50_108.00_107.50_107.00_,7_6_17_8_7_
11:00:40,109.50,1,445,110.00_110.50_111.00_111.50_112.00_,38_14_32_11_21_,109.50_109.00_108.50_108.00_107.50_,2_7_6_17_8_
11:00:56,109.50,1,445,110.00_110.50_111.00_111.50_112.00_,39_14_32_11_21_,109.50_109.00_108.50_108.00_107.50_,2_4_6_17_8_
11:01:01,109.50,1,446,110.00_110.50_111.00_111.50_112.00_,39_14_32_11_21_,109.50_109.00_108.50_108.00_107.50_,1_4_6_17_8_
11:01:06,109.50,1,446,110.00_110.50_111.00_111.50_112.00_,39_14_32_11_21_,109.50_109.00_108.50_108.00_107.50_,1_2_9_17_8_
11:01:32,109.50,1,446,110.00_110.50_111.00_111.50_112.00_,40_14_32_11_21_,109.50_109.00_108.50_108.00_107.50_,1_7_4_17_8_
11:01:47,109.50,1,446,110.00_110.50_111.00_111.50_112.00_,40_14_32_11_21_,109.50_109.00_108.50_108.00_107.50_,2_7_4_17_8_
11:02:02,109.50,3,449,109.50_110.00_110.50_111.00_111.50_,2_40_14_32_11_,109.00_108.50_108.00_107.50_107.00_,7_4_17_8_7_
11:02:08,109.50,3,449,109.50_110.00_110.50_111.00_111.50_,7_40_14_32_11_,109.00_108.50_108.00_107.50_107.00_,2_9_17_8_7_
11:02:18,109.00,1,450,109.50_110.00_110.50_111.00_111.50_,9_40_14_32_11_,109.00_108.50_108.00_107.50_107.00_,1_9_17_8_7_
11:02:28,109.00,1,450,109.50_110.00_110.50_111.00_111.50_,9_40_14_32_11_,109.00_108.50_108.00_107.50_107.00_,1_9_19_8_7_
11:02:49,109.00,1,450,109.50_110.00_110.50_111.00_111.50_,9_42_14_32_11_,109.00_108.50_108.00_107.50_107.00_,1_10_20_8_7_
11:03:09,109.00,1,450,109.50_110.00_110.50_111.00_111.50_,10_42_14_32_11_,109.00_108.50_108.00_107.50_107.00_,1_10_21_8_7_
11:03:30,109.00,1,451,109.50_110.00_110.50_111.00_111.50_,10_42_14_32_11_,108.50_108.00_107.50_107.00_106.50_,10_21_8_7_6_
11:03:50,109.00,1,451,109.50_110.00_110.50_111.00_111.50_,11_42_14_32_11_,108.50_108.00_107.50_107.00_106.50_,10_21_8_7_6_
11:04:52,109.00,1,451,109.50_110.00_110.50_111.00_111.50_,11_43_14_32_11_,108.50_108.00_107.50_107.00_106.50_,10_21_8_7_6_
11:06:08,109.00,1,451,109.50_110.00_110.50_111.00_111.50_,10_43_14_32_11_,108.50_108.00_107.50_107.00_106.50_,14_21_8_7_6_
11:06:29,109.00,1,451,109.50_110.00_110.50_111.00_111.50_,10_43_14_33_11_,108.50_108.00_107.50_107.00_106.50_,14_22_8_7_6_
11:07:35,109.00,1,451,109.50_110.00_110.50_111.00_111.50_,9_43_14_33_11_,108.50_108.00_107.50_107.00_106.50_,14_22_8_7_6_
11:08:11,109.00,1,451,109.50_110.00_110.50_111.00_111.50_,9_43_14_33_11_,108.50_108.00_107.50_107.00_106.50_,14_22_8_8_6_
11:08:27,109.00,1,451,109.50_110.00_110.50_111.00_111.50_,9_44_14_33_11_,108.50_108.00_107.50_107.00_106.50_,14_22_8_8_6_
11:08:52,108.50,2,453,109.00_109.50_110.00_110.50_111.00_,1_9_45_14_33_,108.50_108.00_107.50_107.00_106.50_,12_23_8_8_6_
11:09:44,109.00,1,454,109.50_110.00_110.50_111.00_111.50_,9_45_14_33_11_,108.50_108.00_107.50_107.00_106.50_,12_23_8_8_6_
11:10:04,108.50,1,455,109.50_110.00_110.50_111.00_111.50_,9_46_14_33_11_,108.50_108.00_107.50_107.00_106.50_,11_23_8_8_6_
11:10:30,108.50,1,455,109.50_110.00_110.50_111.00_111.50_,9_46_14_33_11_,108.50_108.00_107.50_107.00_106.50_,11_24_8_8_6_
11:10:45,108.50,1,456,109.50_110.00_110.50_111.00_111.50_,9_46_14_33_11_,108.50_108.00_107.50_107.00_106.50_,10_24_8_8_6_
11:11:06,108.50,1,456,109.50_110.00_110.50_111.00_111.50_,9_48_14_33_11_,108.50_108.00_107.50_107.00_106.50_,10_24_8_8_6_
11:11:42,108.50,1,456,109.50_110.00_110.50_111.00_111.50_,10_48_14_33_11_,108.50_108.00_107.50_107.00_106.50_,10_24_8_8_6_
11:12:43,108.50,1,456,109.50_110.00_110.50_111.00_111.50_,11_48_14_33_11_,108.50_108.00_107.50_107.00_106.50_,10_24_8_8_6_
11:13:04,108.50,1,456,109.50_110.00_110.50_111.00_111.50_,11_48_14_33_11_,109.00_108.50_108.00_107.50_107.00_,1_9_24_8_8_
11:13:19,108.50,1,456,109.50_110.00_110.50_111.00_111.50_,11_48_14_33_11_,109.00_108.50_108.00_107.50_107.00_,1_10_24_8_8_
11:13:29,109.00,1,457,109.50_110.00_110.50_111.00_111.50_,11_48_14_33_11_,108.50_108.00_107.50_107.00_106.50_,10_24_8_8_6_
11:14:26,109.00,1,457,109.00_109.50_110.00_110.50_111.00_,1_15_48_14_33_,108.50_108.00_107.50_107.00_106.50_,11_25_8_8_6_
11:14:31,109.00,1,457,109.00_109.50_110.00_110.50_111.00_,2_15_48_14_33_,108.50_108.00_107.50_107.00_106.50_,11_25_8_8_6_
11:14:51,109.00,1,457,109.00_109.50_110.00_110.50_111.00_,10_15_48_14_33_,108.50_108.00_107.50_107.00_106.50_,11_25_8_8_6_
11:14:56,109.00,1,457,109.00_109.50_110.00_110.50_111.00_,10_15_48_14_33_,108.50_108.00_107.50_107.00_106.50_,6_30_8_8_6_
11:15:12,109.00,3,460,109.00_109.50_110.00_110.50_111.00_,7_15_48_14_33_,108.50_108.00_107.50_107.00_106.50_,6_30_8_8_6_
11:17:04,109.00,3,460,109.00_109.50_110.00_110.50_111.00_,7_15_48_14_33_,108.50_108.00_107.50_107.00_106.50_,5_30_8_8_6_
11:17:55,108.50,1,461,109.00_109.50_110.00_110.50_111.00_,7_15_48_14_33_,108.50_108.00_107.50_107.00_106.50_,4_30_8_8_6_
11:18:26,108.50,1,461,109.00_109.50_110.00_110.50_111.00_,7_15_48_14_33_,108.50_108.00_107.50_107.00_106.50_,4_31_8_8_6_
11:19:43,109.00,4,465,109.00_109.50_110.00_110.50_111.00_,3_15_48_14_33_,108.50_108.00_107.50_107.00_106.50_,4_27_8_8_6_
11:19:48,109.00,4,465,109.00_109.50_110.00_110.50_111.00_,3_15_48_14_33_,108.50_108.00_107.50_107.00_106.50_,9_27_8_8_6_
11:20:19,109.00,4,465,109.00_109.50_110.00_110.50_111.00_,4_15_48_14_33_,108.50_108.00_107.50_107.00_106.50_,9_27_8_8_6_
11:22:27,109.00,1,467,109.00_109.50_110.00_110.50_111.00_,3_15_48_14_33_,108.50_108.00_107.50_107.00_106.50_,10_28_8_8_6_
11:23:34,109.00,1,467,109.00_109.50_110.00_110.50_111.00_,4_15_48_14_33_,108.50_108.00_107.50_107.00_106.50_,7_28_8_8_6_
11:23:44,109.00,1,467,109.00_109.50_110.00_110.50_111.00_,4_15_48_14_33_,108.50_108.00_107.50_107.00_106.50_,7_29_8_8_6_
11:24:09,108.50,5,473,109.00_109.50_110.00_110.50_111.00_,3_15_48_14_33_,108.50_108.00_107.50_107.00_106.50_,7_30_8_9_6_
11:26:17,108.00,1,479,109.00_109.50_110.00_110.50_111.00_,8_16_48_14_33_,108.00_107.50_107.00_106.50_106.00_,34_9_9_6_12_
11:26:28,108.00,1,479,109.00_109.50_110.00_110.50_111.00_,8_16_48_14_33_,108.00_107.50_107.00_106.50_106.00_,35_9_9_5_12_
11:26:33,108.00,1,479,109.00_109.50_110.00_110.50_111.00_,8_16_48_14_33_,108.00_107.50_107.00_106.50_106.00_,35_8_9_5_12_
11:26:43,108.00,1,479,109.00_109.50_110.00_110.50_111.00_,9_16_48_14_33_,108.00_107.50_107.00_106.50_106.00_,35_8_9_5_12_
11:26:48,108.00,1,479,108.50_109.00_109.50_110.00_110.50_,2_9_16_48_14_,108.00_107.50_107.00_106.50_106.00_,35_8_9_5_12_
11:26:53,108.00,1,479,108.50_109.00_109.50_110.00_110.50_,2_9_17_48_14_,108.00_107.50_107.00_106.50_106.00_,35_8_9_5_12_
11:26:58,108.50,1,480,108.50_109.00_109.50_110.00_110.50_,1_9_17_48_14_,108.00_107.50_107.00_106.50_106.00_,35_8_9_5_12_
11:27:34,108.00,20,500,108.50_109.00_109.50_110.00_110.50_,1_9_17_48_14_,108.00_107.50_107.00_106.50_106.00_,15_8_11_6_12_
11:28:00,108.00,20,500,108.50_109.00_109.50_110.00_110.50_,1_9_17_48_14_,108.00_107.50_107.00_106.50_106.00_,14_8_11_6_12_
11:28:10,108.00,20,500,108.50_109.00_109.50_110.00_110.50_,1_12_17_48_14_,108.00_107.50_107.00_106.50_106.00_,15_8_11_6_12_
11:28:15,108.00,20,500,108.50_109.00_109.50_110.00_110.50_,1_13_17_48_14_,108.00_107.50_107.00_106.50_106.00_,15_8_11_6_12_
11:30:03,108.00,20,500,108.50_109.00_109.50_110.00_110.50_,1_13_17_48_14_,108.00_107.50_107.00_106.50_106.00_,20_8_11_6_12_
11:30:13,108.00,20,500,108.50_109.00_109.50_110.00_110.50_,1_13_17_48_14_,108.00_107.50_107.00_106.50_106.00_,20_8_12_6_12_
11:30:23,108.00,20,500,108.50_109.00_109.50_110.00_110.50_,1_13_17_48_14_,108.00_107.50_107.00_106.50_106.00_,21_8_12_6_12_
11:30:49,108.00,2,502,108.50_109.00_109.50_110.00_110.50_,1_23_17_48_14_,108.00_107.50_107.00_106.50_106.00_,13_13_12_6_12_
11:32:32,108.00,2,502,108.50_109.00_109.50_110.00_110.50_,11_23_17_48_14_,108.00_107.50_107.00_106.50_106.00_,13_13_12_6_12_
11:33:03,108.00,2,502,108.50_109.00_109.50_110.00_110.50_,11_23_17_48_14_,108.00_107.50_107.00_106.50_106.00_,13_13_11_6_13_
11:33:39,108.00,1,503,108.50_109.00_109.50_110.00_110.50_,11_23_17_48_14_,108.00_107.50_107.00_106.50_106.00_,12_13_10_6_13_
11:34:20,108.00,1,503,108.50_109.00_109.50_110.00_110.50_,11_22_17_48_14_,108.00_107.50_107.00_106.50_106.00_,12_13_10_6_13_
11:36:28,108.00,3,506,108.50_109.00_109.50_110.00_110.50_,11_22_17_48_14_,108.00_107.50_107.00_106.50_106.00_,9_13_10_6_13_
11:36:38,108.00,3,506,108.50_109.00_109.50_110.00_110.50_,11_22_17_48_14_,108.00_107.50_107.00_106.50_106.00_,9_13_10_7_13_
11:39:22,108.00,3,506,108.50_109.00_109.50_110.00_110.50_,11_22_17_49_14_,108.00_107.50_107.00_106.50_106.00_,10_13_10_7_13_
11:39:32,108.00,3,506,108.50_109.00_109.50_110.00_110.50_,11_22_17_49_14_,108.00_107.50_107.00_106.50_106.00_,15_13_10_7_13_
11:41:15,108.00,3,506,108.50_109.00_109.50_110.00_110.50_,11_22_17_48_14_,108.00_107.50_107.00_106.50_106.00_,15_13_10_7_13_
11:41:25,108.00,1,507,108.50_109.00_109.50_110.00_110.50_,11_22_17_48_14_,108.00_107.50_107.00_106.50_106.00_,14_12_10_7_13_
11:41:30,108.00,1,507,108.50_109.00_109.50_110.00_110.50_,11_23_17_48_14_,108.00_107.50_107.00_106.50_106.00_,14_12_10_7_13_
11:43:02,108.00,2,509,108.50_109.00_109.50_110.00_110.50_,11_23_17_48_14_,108.00_107.50_107.00_106.50_106.00_,12_12_10_7_13_
11:44:50,108.00,2,511,108.50_109.00_109.50_110.00_110.50_,11_23_17_48_14_,108.00_107.50_107.00_106.50_106.00_,10_12_10_7_13_
11:46:12,108.00,2,511,108.50_109.00_109.50_110.00_110.50_,11_23_17_48_14_,108.00_107.50_107.00_106.50_106.00_,15_12_10_7_13_
11:47:34,108.50,1,512,108.50_109.00_109.50_110.00_110.50_,10_23_17_48_14_,108.00_107.50_107.00_106.50_106.00_,15_12_10_7_13_
11:49:21,108.50,1,515,108.50_109.00_109.50_110.00_110.50_,8_23_17_51_14_,108.00_107.50_107.00_106.50_106.00_,13_12_10_7_13_
11:50:23,108.50,1,515,108.50_109.00_109.50_110.00_110.50_,8_23_17_51_14_,108.00_107.50_107.00_106.50_106.00_,16_12_10_7_13_
11:51:09,108.00,8,523,108.50_109.00_109.50_110.00_110.50_,8_23_17_51_14_,108.00_107.50_107.00_106.50_106.00_,8_12_10_7_13_
11:52:26,108.50,1,524,108.50_109.00_109.50_110.00_110.50_,7_23_17_51_14_,108.00_107.50_107.00_106.50_106.00_,8_12_10_7_13_
11:53:02,108.50,1,524,108.50_109.00_109.50_110.00_110.50_,7_23_17_51_14_,108.00_107.50_107.00_106.50_106.00_,13_12_10_7_13_
11:53:38,108.00,1,525,108.50_109.00_109.50_110.00_110.50_,7_23_17_51_14_,108.00_107.50_107.00_106.50_106.00_,12_12_10_7_13_
11:57:59,108.50,1,527,108.50_109.00_109.50_110.00_110.50_,6_23_17_51_14_,108.00_107.50_107.00_106.50_106.00_,12_12_10_7_13_
12:00:38,108.50,1,527,108.50_109.00_109.50_110.00_110.50_,6_23_17_51_14_,108.00_107.50_107.00_106.50_106.00_,13_12_10_7_13_
12:00:48,108.50,1,527,108.50_109.00_109.50_110.00_110.50_,6_23_17_51_14_,108.00_107.50_107.00_106.50_106.00_,15_12_10_7_13_
12:02:16,108.50,1,528,108.50_109.00_109.50_110.00_110.50_,5_23_17_51_14_,108.00_107.50_107.00_106.50_106.00_,15_12_10_7_13_
12:04:19,108.00,2,530,108.50_109.00_109.50_110.00_110.50_,5_23_17_51_14_,108.00_107.50_107.00_106.50_106.00_,13_12_10_7_13_
12:06:16,108.00,1,531,108.50_109.00_109.50_110.00_110.50_,5_23_17_56_14_,108.00_107.50_107.00_106.50_106.00_,17_12_10_7_13_
12:07:13,108.50,1,532,108.50_109.00_109.50_110.00_110.50_,4_23_17_56_14_,108.00_107.50_107.00_106.50_106.00_,17_12_10_7_13_
12:08:40,108.50,3,536,109.00_109.50_110.00_110.50_111.00_,23_17_56_14_35_,108.50_108.00_107.50_107.00_106.50_,2_16_12_10_7_
12:09:06,108.50,3,536,109.00_109.50_110.00_110.50_111.00_,23_17_56_14_35_,108.50_108.00_107.50_107.00_106.50_,4_19_7_10_7_
12:09:31,108.50,3,536,109.00_109.50_110.00_110.50_111.00_,23_17_56_14_35_,108.50_108.00_107.50_107.00_106.50_,5_18_7_10_7_
12:12:20,109.00,1,537,109.00_109.50_110.00_110.50_111.00_,22_17_56_14_35_,108.50_108.00_107.50_107.00_106.50_,5_18_7_11_7_
12:12:36,108.50,1,538,109.00_109.50_110.00_110.50_111.00_,22_17_56_14_35_,108.50_108.00_107.50_107.00_106.50_,4_18_7_11_7_
12:12:46,108.00,6,544,109.00_109.50_110.00_110.50_111.00_,22_17_56_14_35_,108.00_107.50_107.00_106.50_106.00_,16_7_11_7_12_
12:13:07,108.00,6,544,108.50_109.00_109.50_110.00_110.50_,2_24_17_56_14_,108.00_107.50_107.00_106.50_106.00_,17_7_11_6_12_
12:14:08,108.00,6,544,108.50_109.00_109.50_110.00_110.50_,2_24_17_56_14_,108.00_107.50_107.00_106.50_106.00_,12_12_11_6_12_
12:15:35,108.00,6,544,108.50_109.00_109.50_110.00_110.50_,2_24_17_56_14_,108.00_107.50_107.00_106.50_106.00_,13_12_11_6_12_
12:17:59,108.50,1,546,109.00_109.50_110.00_110.50_111.00_,24_17_56_14_35_,108.50_108.00_107.50_107.00_106.50_,3_17_7_11_6_
12:18:35,108.50,1,546,109.00_109.50_110.00_110.50_111.00_,24_17_56_14_35_,108.50_108.00_107.50_107.00_106.50_,3_18_7_11_6_
12:19:46,108.50,1,546,109.00_109.50_110.00_110.50_111.00_,24_17_56_14_35_,108.50_108.00_107.50_107.00_106.50_,3_13_12_11_6_
12:19:56,108.50,1,546,109.00_109.50_110.00_110.50_111.00_,24_17_56_15_35_,108.50_108.00_107.50_107.00_106.50_,3_13_12_11_6_
12:20:38,108.50,1,547,109.00_109.50_110.00_110.50_111.00_,24_17_56_15_35_,108.50_108.00_107.50_107.00_106.50_,2_13_12_11_6_
12:22:30,109.00,1,548,109.00_109.50_110.00_110.50_111.00_,23_17_56_15_35_,108.50_108.00_107.50_107.00_106.50_,7_18_7_11_6_
12:23:42,109.00,3,551,109.00_109.50_110.00_110.50_111.00_,20_17_56_15_35_,108.50_108.00_107.50_107.00_106.50_,7_18_7_11_6_
12:24:13,109.00,3,551,109.00_109.50_110.00_110.50_111.00_,19_17_56_15_35_,108.50_108.00_107.50_107.00_106.50_,7_18_7_11_6_
12:24:59,108.50,1,552,109.00_109.50_110.00_110.50_111.00_,19_17_56_15_35_,108.50_108.00_107.50_107.00_106.50_,6_18_7_11_6_
12:25:30,108.50,1,552,109.00_109.50_110.00_110.50_111.00_,19_17_56_15_35_,108.50_108.00_107.50_107.00_106.50_,7_18_7_11_6_
12:26:47,108.50,1,552,109.00_109.50_110.00_110.50_111.00_,19_16_56_15_35_,108.50_108.00_107.50_107.00_106.50_,7_18_7_11_6_
12:26:57,109.00,1,553,109.00_109.50_110.00_110.50_111.00_,18_16_56_15_35_,108.50_108.00_107.50_107.00_106.50_,6_18_7_11_6_
12:27:12,108.50,1,554,109.00_109.50_110.00_110.50_111.00_,19_16_56_15_35_,108.50_108.00_107.50_107.00_106.50_,5_18_7_11_6_
12:27:22,108.50,1,554,109.00_109.50_110.00_110.50_111.00_,19_16_56_15_35_,108.50_108.00_107.50_107.00_106.50_,7_18_7_11_6_
12:28:14,108.50,1,554,109.00_109.50_110.00_110.50_111.00_,19_16_56_15_35_,108.50_108.00_107.50_107.00_106.50_,8_18_6_11_6_
12:28:50,108.50,1,555,109.00_109.50_110.00_110.50_111.00_,19_16_56_15_35_,108.50_108.00_107.50_107.00_106.50_,8_18_6_10_6_
12:29:10,108.50,1,556,109.00_109.50_110.00_110.50_111.00_,19_16_56_15_35_,108.50_108.00_107.50_107.00_106.50_,7_18_6_10_6_
12:30:12,108.50,1,556,109.00_109.50_110.00_110.50_111.00_,19_17_56_15_35_,108.50_108.00_107.50_107.00_106.50_,7_18_6_10_6_
12:30:43,108.50,2,558,109.00_109.50_110.00_110.50_111.00_,19_17_56_15_35_,108.50_108.00_107.50_107.00_106.50_,5_18_6_10_6_
12:31:29,108.50,2,558,109.00_109.50_110.00_110.50_111.00_,20_17_56_15_35_,108.50_108.00_107.50_107.00_106.50_,5_18_6_10_6_
12:31:55,108.50,2,560,109.00_109.50_110.00_110.50_111.00_,20_17_56_15_35_,108.50_108.00_107.50_107.00_106.50_,3_18_6_10_6_
12:32:10,108.50,3,563,109.00_109.50_110.00_110.50_111.00_,20_18_56_15_35_,108.00_107.50_107.00_106.50_106.00_,18_6_10_6_12_
12:32:36,108.50,3,563,109.00_109.50_110.00_110.50_111.00_,20_18_56_15_35_,108.00_107.50_107.00_106.50_106.00_,19_6_10_6_12_
12:33:58,108.00,1,564,109.00_109.50_110.00_110.50_111.00_,20_18_56_15_35_,108.00_107.50_107.00_106.50_106.00_,19_6_10_6_12_
12:36:21,108.00,1,565,109.00_109.50_110.00_110.50_111.00_,20_18_56_15_35_,108.00_107.50_107.00_106.50_106.00_,18_6_10_6_12_
12:38:14,108.00,1,565,109.00_109.50_110.00_110.50_111.00_,20_18_56_15_35_,108.00_107.50_107.00_106.50_106.00_,18_6_10_5_12_
12:40:48,108.00,1,566,109.00_109.50_110.00_110.50_111.00_,20_18_56_15_35_,108.00_107.50_107.00_106.50_106.00_,17_6_9_5_13_
12:43:06,108.00,1,566,108.50_109.00_109.50_110.00_110.50_,3_20_18_56_15_,108.00_107.50_107.00_106.50_106.00_,17_6_9_5_13_
12:44:13,108.00,1,567,108.50_109.00_109.50_110.00_110.50_,3_20_18_56_15_,108.00_107.50_107.00_106.50_106.00_,16_6_9_5_13_
12:45:35,108.50,1,570,109.00_109.50_110.00_110.50_111.00_,20_18_56_15_35_,108.50_108.00_107.50_107.00_106.50_,4_15_6_9_5_
12:46:26,108.50,1,570,109.00_109.50_110.00_110.50_111.00_,20_18_56_15_35_,108.50_108.00_107.50_107.00_106.50_,5_15_6_9_5_
12:46:57,108.50,1,570,109.00_109.50_110.00_110.50_111.00_,21_18_56_15_35_,108.50_108.00_107.50_107.00_106.50_,5_15_6_9_5_
12:48:44,108.50,1,570,109.00_109.50_110.00_110.50_111.00_,21_18_56_15_35_,108.50_108.00_107.50_107.00_106.50_,7_15_6_9_5_
12:50:17,108.50,1,570,109.00_109.50_110.00_110.50_111.00_,21_18_56_15_35_,108.50_108.00_107.50_107.00_106.50_,8_15_6_9_5_
12:51:59,108.50,1,571,109.00_109.50_110.00_110.50_111.00_,21_18_56_15_35_,108.50_108.00_107.50_107.00_106.50_,7_15_6_9_5_
12:53:01,108.50,7,578,108.50_109.00_109.50_110.00_110.50_,3_21_18_56_15_,108.00_107.50_107.00_106.50_106.00_,15_6_9_5_13_
12:53:47,108.00,1,580,108.50_109.00_109.50_110.00_110.50_,10_21_11_56_15_,108.00_107.50_107.00_106.50_106.00_,17_11_9_5_13_
13:00:01,108.00,7,588,108.50_109.00_109.50_110.00_110.50_,10_21_11_56_15_,108.00_107.50_107.00_106.50_106.00_,9_11_9_5_13_
13:00:52,108.00,7,588,108.50_109.00_109.50_110.00_110.50_,10_21_11_56_15_,108.00_107.50_107.00_106.50_106.00_,14_11_9_5_13_
13:03:16,108.00,7,588,108.50_109.00_109.50_110.00_110.50_,10_21_11_56_15_,108.00_107.50_107.00_106.50_106.00_,14_12_9_5_13_
13:03:21,108.00,7,588,108.50_109.00_109.50_110.00_110.50_,10_21_11_56_15_,108.00_107.50_107.00_106.50_106.00_,14_12_10_5_13_
13:03:52,108.00,7,588,108.50_109.00_109.50_110.00_110.50_,10_21_11_56_15_,108.00_107.50_107.00_106.50_106.00_,14_11_9_5_13_
13:04:28,108.00,7,588,108.50_109.00_109.50_110.00_110.50_,10_21_11_56_15_,108.00_107.50_107.00_106.50_106.00_,15_12_13_5_13_
13:05:19,108.00,7,588,108.50_109.00_109.50_110.00_110.50_,10_21_10_56_15_,108.00_107.50_107.00_106.50_106.00_,15_12_13_5_13_
13:05:44,108.00,7,588,108.50_109.00_109.50_110.00_110.50_,10_21_10_56_15_,108.00_107.50_107.00_106.50_106.00_,15_10_13_5_13_
13:05:55,108.00,1,599,108.50_109.00_109.50_110.00_110.50_,10_21_10_56_15_,108.00_107.50_107.00_106.50_106.00_,4_10_13_5_13_
13:06:00,108.00,1,599,108.50_109.00_109.50_110.00_110.50_,11_21_10_56_15_,108.00_107.50_107.00_106.50_106.00_,4_10_13_5_13_
13:06:25,108.00,1,600,108.50_109.00_109.50_110.00_110.50_,10_21_10_56_15_,108.00_107.50_107.00_106.50_106.00_,12_10_12_5_13_
13:08:34,108.00,1,601,108.50_109.00_109.50_110.00_110.50_,10_21_10_56_15_,108.00_107.50_107.00_106.50_106.00_,11_10_12_5_13_
13:10:32,108.00,1,602,108.50_109.00_109.50_110.00_110.50_,10_20_10_56_15_,108.00_107.50_107.00_106.50_106.00_,10_10_12_5_13_
13:10:42,108.00,1,603,108.50_109.00_109.50_110.00_110.50_,10_19_10_56_15_,108.00_107.50_107.00_106.50_106.00_,10_10_12_5_13_
13:11:13,108.00,1,604,108.50_109.00_109.50_110.00_110.50_,10_19_10_56_15_,108.00_107.50_107.00_106.50_106.00_,8_10_12_5_13_
13:12:04,108.00,1,605,108.50_109.00_109.50_110.00_110.50_,10_19_10_56_15_,108.00_107.50_107.00_106.50_106.00_,7_10_12_5_13_
13:12:30,108.00,1,605,108.50_109.00_109.50_110.00_110.50_,12_19_10_56_15_,108.00_107.50_107.00_106.50_106.00_,7_10_12_5_13_
13:13:21,108.00,1,606,108.50_109.00_109.50_110.00_110.50_,12_19_10_56_15_,108.00_107.50_107.00_106.50_106.00_,6_10_12_5_13_
13:15:55,108.00,1,606,108.50_109.00_109.50_110.00_110.50_,12_19_10_56_15_,108.00_107.50_107.00_106.50_106.00_,6_10_12_4_13_
13:17:02,108.00,1,606,108.50_109.00_109.50_110.00_110.50_,12_19_10_56_15_,108.00_107.50_107.00_106.50_106.00_,7_10_12_4_13_
13:18:03,108.00,1,606,108.50_109.00_109.50_110.00_110.50_,12_19_10_56_15_,108.00_107.50_107.00_106.50_106.00_,7_12_12_4_13_
13:18:13,108.00,1,606,108.50_109.00_109.50_110.00_110.50_,12_19_9_56_15_,108.00_107.50_107.00_106.50_106.00_,7_12_12_4_13_
13:20:22,108.00,1,607,108.50_109.00_109.50_110.00_110.50_,12_19_9_56_15_,108.00_107.50_107.00_106.50_106.00_,6_12_12_4_13_
13:20:58,108.00,1,607,108.50_109.00_109.50_110.00_110.50_,12_19_9_56_15_,108.00_107.50_107.00_106.50_106.00_,7_12_12_4_13_
13:22:35,108.00,1,607,108.50_109.00_109.50_110.00_110.50_,12_19_9_57_15_,108.00_107.50_107.00_106.50_106.00_,8_12_12_4_13_
13:22:50,108.00,1,607,108.50_109.00_109.50_110.00_110.50_,12_18_9_57_15_,108.00_107.50_107.00_106.50_106.00_,8_12_12_4_13_
13:23:11,108.00,1,607,108.50_109.00_109.50_110.00_110.50_,12_18_9_57_15_,108.00_107.50_107.00_106.50_106.00_,8_12_13_4_13_
13:24:23,108.50,1,609,108.50_109.00_109.50_110.00_110.50_,11_20_13_61_15_,108.00_107.50_107.00_106.50_106.00_,6_14_18_6_13_
13:24:43,108.50,1,609,108.50_109.00_109.50_110.00_110.50_,11_20_13_61_15_,108.00_107.50_107.00_106.50_106.00_,7_14_18_6_13_
13:24:58,108.50,1,609,108.50_109.00_109.50_110.00_110.50_,11_20_13_61_15_,108.00_107.50_107.00_106.50_106.00_,7_9_18_6_12_
13:26:07,108.50,1,609,108.50_109.00_109.50_110.00_110.50_,3_20_13_61_15_,108.00_107.50_107.00_106.50_106.00_,8_9_18_6_14_
13:26:53,108.50,1,609,108.50_109.00_109.50_110.00_110.50_,3_20_13_61_15_,108.00_107.50_107.00_106.50_106.00_,7_9_18_6_14_
13:27:13,108.50,1,609,108.50_109.00_109.50_110.00_110.50_,4_19_13_61_15_,108.00_107.50_107.00_106.50_106.00_,6_9_18_6_14_
13:28:30,108.50,1,609,108.50_109.00_109.50_110.00_110.50_,4_19_13_61_15_,108.00_107.50_107.00_106.50_106.00_,6_10_18_5_14_
13:28:51,108.50,1,609,108.50_109.00_109.50_110.00_110.50_,4_19_13_61_15_,108.00_107.50_107.00_106.50_106.00_,5_10_18_5_14_
13:29:01,108.50,1,609,108.50_109.00_109.50_110.00_110.50_,4_19_13_61_15_,108.00_107.50_107.00_106.50_106.00_,20_10_18_5_14_
13:30:00,108.00,12,621,108.50_109.00_109.50_110.00_110.50_,4_19_13_61_15_,108.00_107.50_107.00_106.50_106.00_,20_10_18_5_14_
