09:00:30,52.50,2,34,52.50_52.60_52.70_52.80_53.00_,1_15_2_7_17_,52.30_52.20_52.10_51.90_51.80_,2_3_2_1_10_
09:00:50,52.50,2,34,52.50_52.60_52.70_52.80_53.00_,2_14_2_7_17_,52.30_52.20_52.10_51.90_51.80_,2_3_2_1_10_
09:00:55,52.50,2,34,52.50_52.60_52.70_52.80_53.00_,1_14_2_7_17_,52.30_52.20_52.10_51.90_51.80_,2_3_2_1_10_
09:01:06,52.50,2,34,52.50_52.60_52.70_52.80_53.00_,1_14_2_7_17_,52.30_52.20_52.10_51.90_51.80_,3_3_2_1_10_
09:01:11,52.50,2,34,52.50_52.60_52.70_52.80_53.00_,1_14_2_7_17_,52.30_52.20_52.10_51.90_51.80_,3_3_15_1_10_
09:01:21,52.50,2,34,52.50_52.60_52.70_52.80_53.00_,1_14_2_7_17_,52.30_52.20_52.10_51.90_51.80_,4_3_15_1_10_
09:01:31,52.50,1,35,52.50_52.60_52.70_52.80_53.00_,2_14_2_7_17_,52.30_52.20_52.10_51.90_51.80_,5_3_15_1_10_
09:02:07,52.50,1,36,52.50_52.60_52.70_52.80_53.00_,2_14_2_7_17_,52.30_52.20_52.10_51.90_51.80_,6_3_15_1_10_
09:02:33,52.50,1,36,52.50_52.60_52.70_52.80_53.00_,2_14_2_7_18_,52.40_52.30_52.20_52.10_51.90_,3_6_3_15_1_
09:02:38,52.50,1,36,52.50_52.60_52.70_52.80_52.90_,2_14_2_7_2_,52.40_52.30_52.20_52.10_51.90_,4_5_5_35_1_
09:02:59,52.50,1,37,52.50_52.60_52.70_52.80_52.90_,1_14_2_7_2_,52.40_52.30_52.20_52.10_51.90_,5_5_5_35_1_
09:03:04,52.50,1,37,52.50_52.60_52.70_52.80_52.90_,1_14_2_7_2_,52.40_52.30_52.20_52.10_51.90_,5_4_5_35_1_
09:03:50,52.50,1,39,52.60_52.70_52.80_53.00_53.10_,14_3_7_20_15_,52.50_52.40_52.30_52.20_52.10_,2_3_6_44_2_
09:04:05,52.50,1,39,52.60_52.70_52.80_52.90_53.00_,15_3_7_1_19_,52.50_52.30_52.20_52.10_51.90_,3_6_44_3_1_
09:05:02,52.50,1,44,52.60_52.70_52.80_52.90_53.00_,14_3_9_26_19_,52.30_52.20_52.10_51.90_51.80_,6_5_42_1_10_
09:05:32,52.50,1,44,52.50_52.60_52.70_52.80_52.90_,1_14_3_9_26_,52.40_52.30_52.20_52.10_51.90_,2_6_5_42_1_
09:05:37,52.50,1,44,52.50_52.60_52.70_52.80_52.90_,3_14_3_9_26_,52.40_52.30_52.20_52.10_51.90_,3_5_5_42_1_
09:05:42,52.50,1,44,52.50_52.60_52.70_52.80_52.90_,3_14_4_9_26_,52.40_52.30_52.20_52.10_51.90_,3_5_5_42_1_
09:05:48,52.40,2,46,52.50_52.60_52.70_52.80_52.90_,3_14_4_9_26_,52.40_52.30_52.20_52.10_51.90_,1_5_5_42_1_
09:05:53,52.40,2,46,52.50_52.60_52.70_52.80_52.90_,3_15_4_7_27_,52.40_52.30_52.20_52.10_51.90_,1_5_5_41_1_
09:06:29,52.40,2,46,52.50_52.60_52.70_52.80_52.90_,3_15_4_7_27_,52.40_52.30_52.20_52.10_51.90_,2_5_12_34_1_
09:06:49,52.40,2,46,52.50_52.60_52.70_52.80_52.90_,4_15_4_7_27_,52.40_52.30_52.20_52.10_51.90_,2_5_12_34_1_
09:06:54,52.40,2,46,52.50_52.60_52.70_52.80_52.90_,4_15_4_7_27_,52.40_52.30_52.20_52.10_51.90_,3_5_12_34_1_
09:07:40,52.40,2,51,52.50_52.60_52.70_52.80_52.90_,7_16_3_9_25_,52.40_52.30_52.20_52.10_52.00_,1_5_3_27_16_
09:08:11,52.40,2,53,52.40_52.50_52.60_52.70_52.80_,11_10_16_3_9_,52.30_52.20_52.10_52.00_51.90_,5_3_28_16_2_
09:08:27,52.30,5,58,52.30_52.40_52.50_52.60_52.70_,2_11_11_15_3_,52.20_52.10_52.00_51.90_51.80_,3_28_16_2_10_
09:08:32,52.30,5,58,52.30_52.40_52.50_52.60_52.70_,2_11_11_15_5_,52.20_52.10_52.00_51.90_51.80_,3_3_24_18_10_
09:08:52,52.20,1,59,52.30_52.40_52.50_52.60_52.70_,2_12_10_15_5_,52.20_52.10_52.00_51.90_51.80_,3_3_24_18_10_
09:09:23,52.30,1,61,52.30_52.40_52.50_52.60_52.70_,10_12_10_15_5_,52.20_52.10_52.00_51.90_51.80_,4_3_24_18_10_
09:10:09,52.20,1,66,52.30_52.40_52.50_52.60_52.70_,14_14_10_16_5_,52.10_51.90_51.80_51.70_51.60_,3_26_26_1_7_
09:10:30,52.20,1,66,52.20_52.30_52.40_52.50_52.60_,3_14_14_10_16_,52.10_51.90_51.80_51.70_51.60_,3_26_26_1_7_
09:10:35,52.20,1,66,52.20_52.30_52.40_52.50_52.60_,4_13_14_10_18_,52.10_51.90_51.80_51.70_51.60_,4_25_26_1_7_
09:11:52,52.20,1,66,52.20_52.30_52.40_52.50_52.60_,4_13_14_10_18_,52.10_51.90_51.80_51.70_51.60_,4_25_26_2_7_
09:11:57,52.20,1,66,52.20_52.30_52.40_52.50_52.60_,4_13_14_10_18_,52.10_51.90_51.80_51.70_51.60_,4_24_26_2_7_
09:12:02,52.20,1,66,52.20_52.30_52.40_52.50_52.60_,3_13_14_10_18_,52.10_51.90_51.80_51.70_51.60_,5_24_26_2_7_
09:12:17,52.20,1,66,52.20_52.30_52.40_52.50_52.60_,3_13_14_10_18_,52.10_51.90_51.80_51.70_51.60_,6_24_26_2_7_
09:12:22,52.20,2,68,52.20_52.30_52.40_52.50_52.60_,1_13_14_10_18_,52.10_51.90_51.80_51.70_51.60_,6_24_26_2_7_
09:12:28,52.20,1,69,52.30_52.40_52.50_52.60_52.70_,13_14_10_18_3_,52.20_52.10_51.90_51.80_51.70_,2_6_24_26_2_
09:12:38,52.20,2,71,52.30_52.40_52.50_52.60_52.70_,13_14_14_15_6_,52.20_52.10_52.00_51.90_51.80_,2_4_24_16_10_
09:13:14,52.20,3,74,52.30_52.40_52.50_52.60_52.70_,13_14_14_15_6_,52.10_52.00_51.90_51.80_51.70_,4_25_16_10_2_
09:13:19,52.20,3,74,52.30_52.40_52.50_52.60_52.70_,13_14_14_16_5_,52.10_52.00_51.90_51.80_51.70_,4_1_24_26_2_
09:13:24,52.20,3,74,52.30_52.40_52.50_52.60_52.70_,13_14_15_16_5_,52.10_52.00_51.90_51.80_51.70_,4_1_24_26_2_
09:13:34,52.20,3,74,52.30_52.40_52.50_52.60_52.70_,13_14_15_16_5_,52.10_52.00_51.90_51.80_51.70_,6_1_24_26_2_
09:13:44,52.20,3,74,52.30_52.40_52.50_52.60_52.70_,13_14_15_16_5_,52.10_52.00_51.90_51.80_51.70_,7_2_24_26_2_
09:14:41,52.30,1,77,52.30_52.40_52.50_52.60_52.70_,12_14_15_16_4_,52.10_52.00_51.90_51.80_51.70_,5_2_33_10_2_
09:14:46,52.30,1,77,52.30_52.40_52.50_52.60_52.70_,12_14_15_16_4_,52.10_52.00_51.90_51.80_51.70_,5_3_17_26_2_
09:15:01,52.30,1,77,52.30_52.40_52.50_52.60_52.70_,12_14_15_16_4_,52.10_52.00_51.90_51.80_51.70_,6_3_17_26_2_
09:15:42,52.30,1,77,52.30_52.40_52.50_52.60_52.70_,12_14_15_17_4_,52.10_52.00_51.90_51.80_51.70_,8_3_17_26_2_
09:15:47,52.30,1,77,52.30_52.40_52.50_52.60_52.70_,12_14_16_17_4_,52.10_52.00_51.90_51.80_51.70_,8_3_17_26_2_
09:15:52,52.30,1,77,52.30_52.40_52.50_52.60_52.70_,12_14_16_17_4_,52.20_52.10_52.00_51.90_51.80_,48_8_3_17_26_
09:15:58,52.20,2,79,52.30_52.40_52.50_52.60_52.70_,12_14_16_17_4_,52.20_52.10_52.00_51.90_51.80_,48_5_20_16_10_
09:16:03,52.20,2,79,52.30_52.40_52.50_52.60_52.70_,12_14_16_17_4_,52.20_52.10_52.00_51.90_51.80_,49_5_20_16_10_
09:16:08,52.20,2,79,52.30_52.40_52.50_52.60_52.70_,12_14_16_16_5_,52.20_52.10_52.00_51.90_51.80_,49_5_20_16_10_
09:16:13,52.20,5,84,52.30_52.40_52.50_52.60_52.70_,12_14_16_16_5_,52.20_52.10_52.00_51.90_51.80_,44_5_20_16_10_
09:16:23,52.20,5,84,52.30_52.40_52.50_52.60_52.70_,12_15_15_16_5_,52.20_52.10_52.00_51.90_51.80_,44_5_20_16_10_
09:17:14,52.20,5,84,52.30_52.40_52.50_52.60_52.70_,12_15_15_16_5_,52.20_52.10_52.00_51.90_51.80_,45_5_20_16_10_
09:17:40,52.20,2,86,52.30_52.40_52.50_52.60_52.70_,12_15_15_16_5_,52.20_52.10_52.00_51.90_51.80_,43_5_20_16_10_
09:17:50,52.20,2,86,52.30_52.40_52.50_52.60_52.70_,12_15_15_16_5_,52.20_52.10_52.00_51.90_51.80_,48_5_20_16_10_
09:17:55,52.20,2,86,52.30_52.40_52.50_52.60_52.70_,12_15_15_16_5_,52.20_52.10_52.00_51.90_51.80_,48_15_20_16_10_
09:18:00,52.30,2,88,52.30_52.40_52.50_52.60_52.70_,10_15_15_17_5_,52.20_52.10_52.00_51.90_51.80_,49_15_20_16_10_
09:18:05,52.30,2,88,52.30_52.40_52.50_52.60_52.70_,10_15_15_18_4_,52.20_52.10_52.00_51.90_51.80_,49_15_20_16_10_
09:18:36,52.30,1,89,52.30_52.40_52.50_52.60_52.70_,9_15_15_18_4_,52.20_52.10_52.00_51.90_51.80_,49_15_20_16_10_
09:18:52,52.30,1,89,52.30_52.40_52.50_52.60_52.70_,12_15_15_18_4_,52.20_52.10_52.00_51.90_51.80_,48_15_20_16_10_
09:19:58,52.20,1,95,52.30_52.40_52.50_52.60_52.70_,13_15_15_17_9_,52.20_52.10_52.00_51.90_51.80_,47_16_20_16_10_
09:20:03,52.20,1,95,52.30_52.40_52.50_52.60_52.70_,13_15_15_16_10_,52.20_52.10_52.00_51.90_51.80_,48_16_20_16_10_
09:20:14,52.20,5,100,52.30_52.40_52.50_52.60_52.70_,13_15_15_16_10_,52.20_52.10_52.00_51.90_51.80_,43_16_20_16_10_
09:20:19,52.30,16,116,52.40_52.50_52.60_52.70_52.80_,15_15_16_10_8_,52.30_52.20_52.10_52.00_51.90_,4_43_16_20_16_
09:20:24,52.30,2,118,52.40_52.50_52.60_52.70_52.80_,15_15_16_9_9_,52.30_52.20_52.10_52.00_51.80_,6_38_33_19_10_
09:20:29,52.30,5,123,52.40_52.50_52.60_52.70_52.80_,14_15_16_9_9_,52.30_52.20_52.10_52.00_51.80_,4_37_33_19_10_
09:20:34,52.30,3,126,52.40_52.50_52.60_52.70_52.80_,14_15_16_9_9_,52.30_52.20_52.10_52.00_51.80_,1_37_33_19_10_
09:20:39,52.30,3,126,52.40_52.50_52.60_52.70_52.80_,19_18_16_9_9_,52.30_52.20_52.10_52.00_51.80_,2_37_33_19_10_
09:20:45,52.40,1,127,52.40_52.50_52.60_52.70_52.80_,18_18_16_9_9_,52.30_52.20_52.10_52.00_51.80_,8_37_33_19_10_
09:20:50,52.40,1,127,52.40_52.50_52.60_52.70_52.80_,18_18_16_9_9_,52.30_52.20_52.10_52.00_51.80_,8_37_18_34_10_
09:20:55,52.40,1,127,52.40_52.50_52.60_52.70_52.80_,18_18_16_9_9_,52.30_52.20_52.10_52.00_51.80_,9_37_18_34_10_
09:21:05,52.30,2,129,52.40_52.50_52.60_52.70_52.80_,18_18_16_9_9_,52.30_52.20_52.10_52.00_51.80_,7_37_18_34_10_
09:21:10,52.30,3,132,52.40_52.50_52.60_52.70_52.80_,18_18_16_9_9_,52.30_52.20_52.10_52.00_51.80_,4_37_33_19_10_
09:21:36,52.40,1,133,52.40_52.50_52.60_52.70_52.80_,17_18_16_9_9_,52.30_52.20_52.10_52.00_51.80_,4_36_33_19_10_
09:21:46,52.30,4,137,52.40_52.50_52.60_52.70_52.80_,17_16_16_9_9_,52.20_52.10_52.00_51.80_51.70_,36_33_19_10_2_
09:21:51,52.30,4,137,52.40_52.50_52.60_52.70_52.80_,18_16_16_9_9_,52.20_52.10_52.00_51.90_51.80_,36_16_20_16_10_
09:22:01,52.30,1,138,52.30_52.40_52.50_52.60_52.70_,2_18_16_16_9_,52.20_52.10_52.00_51.90_51.80_,41_16_20_16_10_
09:22:07,52.30,1,138,52.30_52.40_52.50_52.60_52.70_,2_18_16_17_9_,52.20_52.10_52.00_51.90_51.80_,41_16_20_16_10_
09:22:12,52.30,1,138,52.30_52.40_52.50_52.60_52.70_,2_18_16_17_10_,52.20_52.10_52.00_51.90_51.80_,43_16_20_16_10_
09:22:53,52.20,2,142,52.30_52.40_52.50_52.60_52.70_,2_19_16_16_11_,52.20_52.10_52.00_51.90_51.80_,47_16_20_16_10_
09:22:58,52.30,1,143,52.30_52.40_52.50_52.60_52.70_,1_19_16_16_11_,52.20_52.10_52.00_51.90_51.80_,47_16_20_16_10_
09:23:03,52.30,1,143,52.30_52.40_52.50_52.60_52.70_,4_19_16_17_10_,52.20_52.10_52.00_51.90_51.80_,48_16_20_16_10_
09:23:13,52.30,1,143,52.30_52.40_52.50_52.60_52.70_,7_19_16_17_10_,52.20_52.10_52.00_51.90_51.80_,48_16_20_16_10_
09:23:29,52.30,2,145,52.30_52.40_52.50_52.60_52.70_,5_19_16_17_10_,52.20_52.10_52.00_51.90_51.80_,48_16_20_16_10_
09:23:39,52.30,2,145,52.30_52.40_52.50_52.60_52.70_,6_19_16_17_10_,52.20_52.10_52.00_51.90_51.80_,48_16_20_16_10_
09:23:49,52.30,2,147,52.30_52.40_52.50_52.60_52.70_,4_19_16_17_10_,52.20_52.10_52.00_51.90_51.80_,48_16_20_16_10_
09:23:59,52.30,2,147,52.30_52.40_52.50_52.60_52.70_,4_19_17_17_10_,52.20_52.10_52.00_51.90_51.80_,48_17_20_16_10_
09:24:25,52.30,2,147,52.30_52.40_52.50_52.60_52.70_,4_19_17_17_11_,52.20_52.10_52.00_51.90_51.80_,50_17_20_16_10_
09:25:16,52.30,2,147,52.30_52.40_52.50_52.60_52.70_,5_19_16_17_11_,52.20_52.10_52.00_51.90_51.80_,53_16_20_16_10_
09:26:23,52.30,2,147,52.30_52.40_52.50_52.60_52.70_,5_19_16_17_11_,52.20_52.10_52.00_51.90_51.80_,52_16_20_16_10_
09:26:53,52.30,2,147,52.30_52.40_52.50_52.60_52.70_,11_20_16_17_11_,52.20_52.10_52.00_51.90_51.80_,52_16_20_16_10_
09:27:03,52.30,2,147,52.30_52.40_52.50_52.60_52.70_,11_20_16_17_11_,52.20_52.10_52.00_51.90_51.80_,53_16_20_16_10_
09:27:34,52.30,1,148,52.30_52.40_52.50_52.60_52.70_,10_20_16_17_11_,52.20_52.10_52.00_51.90_51.80_,53_16_20_16_10_
09:27:44,52.30,1,148,52.30_52.40_52.50_52.60_52.70_,10_20_16_17_11_,52.20_52.10_52.00_51.90_51.80_,53_17_20_16_10_
09:27:55,52.30,1,148,52.30_52.40_52.50_52.60_52.70_,10_20_16_17_11_,52.20_52.10_52.00_51.90_51.80_,53_17_21_16_10_
09:28:00,52.30,1,148,52.30_52.40_52.50_52.60_52.70_,10_20_16_17_11_,52.20_52.10_52.00_51.90_51.80_,53_17_21_17_10_
09:28:56,52.30,1,150,52.30_52.40_52.50_52.60_52.70_,9_23_16_17_11_,52.20_52.10_52.00_51.90_51.80_,52_17_21_17_10_
09:29:06,52.30,1,150,52.30_52.40_52.50_52.60_52.70_,12_23_16_17_11_,52.20_52.10_52.00_51.90_51.80_,52_17_21_17_10_
09:29:12,52.30,1,150,52.30_52.40_52.50_52.60_52.70_,12_23_52_17_11_,52.20_52.10_52.00_51.90_51.80_,53_17_21_17_10_
09:29:27,52.30,1,150,52.30_52.40_52.50_52.60_52.70_,11_23_52_17_11_,52.20_52.10_52.00_51.90_51.80_,53_17_21_17_10_
09:29:42,52.30,1,151,52.30_52.40_52.50_52.60_52.70_,10_23_52_17_11_,52.20_52.10_52.00_51.90_51.80_,53_17_21_17_10_
09:30:23,52.30,1,152,52.30_52.40_52.50_52.60_52.70_,10_23_52_17_11_,52.20_52.10_52.00_51.90_51.80_,52_17_21_17_10_
09:30:34,52.30,1,152,52.30_52.40_52.50_52.60_52.70_,10_23_52_17_11_,52.20_52.10_52.00_51.90_51.80_,54_18_21_17_10_
09:31:20,52.20,2,154,52.30_52.40_52.50_52.60_52.70_,12_23_52_17_11_,52.20_52.10_52.00_51.90_51.80_,52_18_21_17_10_
09:31:25,52.20,2,154,52.30_52.40_52.50_52.60_52.70_,11_23_52_16_12_,52.20_52.10_52.00_51.90_51.80_,52_18_21_17_10_
09:31:30,52.20,2,154,52.30_52.40_52.50_52.60_52.70_,11_23_52_17_11_,52.20_52.10_52.00_51.90_51.80_,52_18_21_17_10_
09:31:51,52.20,2,154,52.30_52.40_52.50_52.60_52.70_,11_23_52_17_11_,52.20_52.10_52.00_51.90_51.80_,55_18_21_17_10_
09:32:11,52.20,1,155,52.30_52.40_52.50_52.60_52.70_,11_23_52_17_11_,52.20_52.10_52.00_51.90_51.80_,56_17_21_17_10_
09:32:32,52.20,1,155,52.30_52.40_52.50_52.60_52.70_,11_23_52_17_11_,52.20_52.10_52.00_51.90_51.80_,56_17_20_17_10_
09:32:42,52.20,1,155,52.30_52.40_52.50_52.60_52.70_,11_23_52_17_11_,52.20_52.10_52.00_51.90_51.80_,57_17_20_17_10_
09:33:23,52.30,4,211,52.30_52.40_52.50_52.60_52.70_,7_22_52_17_11_,52.20_52.10_52.00_51.90_51.80_,6_17_20_17_10_
09:33:33,52.20,6,217,52.20_52.30_52.40_52.50_52.60_,4_10_22_53_17_,52.10_52.00_51.90_51.80_51.70_,17_3_18_26_2_
09:33:38,52.20,2,219,52.20_52.30_52.40_52.50_52.60_,2_10_22_53_17_,52.10_52.00_51.90_51.80_51.70_,19_3_18_26_2_
09:33:43,52.20,2,219,52.20_52.30_52.40_52.50_52.60_,2_10_22_53_17_,52.10_52.00_51.90_51.80_51.70_,22_3_18_26_2_
09:33:53,52.20,2,219,52.20_52.30_52.40_52.50_52.60_,2_11_22_53_17_,52.10_52.00_51.90_51.80_51.70_,22_3_18_26_2_
09:34:04,52.20,2,219,52.20_52.30_52.40_52.50_52.60_,2_11_22_54_17_,52.10_52.00_51.90_51.80_51.70_,22_3_18_29_2_
09:34:09,52.20,1,220,52.20_52.30_52.40_52.50_52.60_,1_11_22_54_17_,52.10_52.00_51.90_51.80_51.70_,22_3_18_29_2_
09:34:14,52.20,1,220,52.20_52.30_52.40_52.50_52.60_,1_11_22_54_17_,52.10_52.00_51.90_51.80_51.70_,23_3_19_29_2_
09:34:19,52.20,1,220,52.20_52.30_52.40_52.50_52.60_,1_13_22_54_17_,52.10_52.00_51.90_51.80_51.70_,24_3_19_29_2_
09:34:45,52.10,2,223,52.30_52.40_52.50_52.60_52.70_,13_22_53_17_15_,52.10_52.00_51.90_51.80_51.70_,24_3_19_29_2_
09:34:55,52.10,2,223,52.30_52.40_52.50_52.60_52.70_,13_22_54_17_15_,52.10_52.00_51.90_51.80_51.70_,24_3_19_29_2_
09:35:05,52.10,2,223,52.30_52.40_52.50_52.60_52.70_,14_22_54_17_15_,52.10_52.00_51.90_51.80_51.70_,24_3_19_29_2_
09:35:10,52.10,2,223,52.30_52.40_52.50_52.60_52.70_,14_22_54_17_15_,52.10_52.00_51.90_51.80_51.70_,24_3_35_13_2_
09:35:15,52.10,2,223,52.30_52.40_52.50_52.60_52.70_,14_22_53_17_15_,52.10_52.00_51.90_51.80_51.70_,26_3_35_13_2_
09:35:20,52.10,2,223,52.30_52.40_52.50_52.60_52.70_,14_22_53_17_15_,52.10_52.00_51.90_51.80_51.70_,26_3_19_29_2_
09:35:26,52.10,5,228,52.30_52.40_52.50_52.60_52.70_,14_22_53_17_15_,52.10_52.00_51.90_51.80_51.70_,21_3_19_29_2_
09:35:31,52.10,5,228,52.30_52.40_52.50_52.60_52.70_,14_22_53_17_15_,52.10_52.00_51.90_51.80_51.70_,22_3_35_13_2_
09:35:41,52.10,5,228,52.30_52.40_52.50_52.60_52.70_,14_22_54_17_15_,52.10_52.00_51.90_51.80_51.70_,22_3_35_13_2_
09:35:46,52.10,5,228,52.30_52.40_52.50_52.60_52.70_,12_22_54_17_15_,52.10_52.00_51.90_51.80_51.70_,22_3_35_13_2_
09:36:01,52.10,1,230,52.30_52.40_52.50_52.60_52.70_,12_22_54_17_15_,52.10_52.00_51.90_51.80_51.70_,20_3_35_13_2_
09:36:06,52.10,1,230,52.30_52.40_52.50_52.60_52.70_,12_22_55_17_15_,52.10_52.00_51.90_51.80_51.70_,20_3_35_13_2_
09:36:27,52.10,2,232,52.30_52.40_52.50_52.60_52.70_,12_22_55_17_15_,52.10_52.00_51.90_51.80_51.70_,18_3_35_13_2_
09:36:37,52.10,2,232,52.20_52.30_52.40_52.50_52.60_,5_12_22_57_17_,52.10_52.00_51.90_51.80_51.70_,18_3_35_13_2_
09:36:42,52.10,2,232,52.20_52.30_52.40_52.50_52.60_,6_11_22_57_18_,52.10_52.00_51.90_51.80_51.70_,18_3_19_29_2_
09:36:53,52.20,2,234,52.20_52.30_52.40_52.50_52.60_,4_11_22_57_18_,52.10_52.00_51.90_51.80_51.70_,18_3_19_29_2_
09:36:58,52.20,2,234,52.20_52.30_52.40_52.50_52.60_,4_11_22_58_17_,52.10_52.00_51.90_51.80_51.70_,18_3_19_29_2_
09:37:03,52.10,2,236,52.20_52.30_52.40_52.50_52.60_,4_11_22_58_17_,52.10_52.00_51.90_51.80_51.70_,16_3_19_29_2_
09:37:34,52.20,1,238,52.20_52.30_52.40_52.50_52.60_,5_11_22_58_17_,52.10_52.00_51.90_51.80_51.70_,20_4_19_29_2_
09:38:20,52.10,2,240,52.20_52.30_52.40_52.50_52.60_,5_11_22_63_17_,52.10_52.00_51.90_51.80_51.70_,18_4_19_29_2_
09:39:01,52.10,2,240,52.20_52.30_52.40_52.50_52.60_,5_11_22_63_17_,52.10_52.00_51.90_51.80_51.70_,18_5_19_29_2_
09:39:11,52.10,2,240,52.20_52.30_52.40_52.50_52.60_,5_11_22_63_17_,52.10_52.00_51.90_51.80_51.70_,18_15_19_29_2_
09:39:21,52.10,2,240,52.20_52.30_52.40_52.50_52.60_,5_11_22_63_17_,52.10_52.00_51.90_51.80_51.70_,29_15_19_29_2_
09:40:02,52.10,2,242,52.20_52.30_52.40_52.50_52.60_,5_11_22_63_17_,52.10_52.00_51.90_51.80_51.70_,30_15_19_29_2_
09:40:23,52.10,2,242,52.20_52.30_52.40_52.50_52.60_,4_11_22_63_17_,52.10_52.00_51.90_51.80_51.70_,31_15_19_29_2_
09:40:33,52.10,2,242,52.20_52.30_52.40_52.50_52.60_,4_12_22_63_17_,52.10_52.00_51.90_51.80_51.70_,31_15_19_29_2_
09:40:38,52.10,2,242,52.20_52.30_52.40_52.50_52.60_,4_12_21_63_17_,52.10_52.00_51.90_51.80_51.70_,31_15_19_29_2_
09:40:43,52.20,1,243,52.20_52.30_52.40_52.50_52.60_,3_12_21_63_17_,52.10_52.00_51.90_51.80_51.70_,30_15_19_29_2_
09:41:34,52.20,3,250,52.30_52.40_52.50_52.60_52.70_,11_21_62_17_15_,52.20_52.10_52.00_51.90_51.80_,8_20_32_18_13_
09:41:40,52.20,3,250,52.30_52.40_52.50_52.60_52.70_,11_21_62_17_15_,52.20_52.10_52.00_51.90_51.80_,10_19_32_18_13_
09:41:45,52.20,3,250,52.30_52.40_52.50_52.60_52.70_,11_21_62_17_15_,52.20_52.10_52.00_51.90_51.80_,12_17_32_18_13_
09:41:50,52.20,3,250,52.30_52.40_52.50_52.60_52.70_,11_21_62_17_15_,52.20_52.10_52.00_51.90_51.80_,13_17_32_18_13_
09:42:31,52.30,1,251,52.30_52.40_52.50_52.60_52.70_,15_21_62_17_15_,52.20_52.10_52.00_51.90_51.80_,13_17_32_18_13_
09:42:57,52.30,1,251,52.30_52.40_52.50_52.60_52.70_,15_21_62_17_15_,52.20_52.10_52.00_51.90_51.80_,12_17_32_18_13_
09:43:02,52.20,10,261,52.30_52.40_52.50_52.60_52.70_,15_21_62_17_15_,52.20_52.10_52.00_51.90_51.80_,2_17_32_18_13_
09:43:07,52.20,2,263,52.30_52.40_52.50_52.60_52.70_,15_21_62_17_15_,52.20_52.10_52.00_51.90_51.80_,2_17_32_18_13_
09:43:12,52.20,2,263,52.30_52.40_52.50_52.60_52.70_,15_21_62_17_15_,52.20_52.10_52.00_51.90_51.80_,3_17_32_18_13_
09:43:27,52.20,2,263,52.30_52.40_52.50_52.60_52.70_,15_21_65_17_15_,52.20_52.10_52.00_51.90_51.80_,3_17_32_18_13_
09:45:25,52.20,5,268,52.30_52.40_52.50_52.60_52.70_,19_21_65_19_15_,52.10_52.00_51.90_51.80_51.70_,19_18_19_29_2_
09:45:35,52.20,5,268,52.30_52.40_52.50_52.60_52.70_,19_21_65_19_15_,52.10_52.00_51.90_51.80_51.70_,19_18_20_29_2_
09:45:56,52.20,5,268,52.30_52.40_52.50_52.60_52.70_,19_21_66_19_15_,52.10_52.00_51.90_51.80_51.70_,19_18_20_29_2_
09:46:06,52.20,5,268,52.30_52.40_52.50_52.60_52.70_,19_21_66_19_15_,52.20_52.10_52.00_51.90_51.80_,1_19_18_20_29_
09:46:11,52.20,5,268,52.30_52.40_52.50_52.60_52.70_,19_23_66_19_15_,52.20_52.10_52.00_51.90_51.80_,1_18_35_19_13_
09:46:16,52.20,5,268,52.30_52.40_52.50_52.60_52.70_,19_23_66_19_15_,52.20_52.10_52.00_51.90_51.80_,2_18_35_19_13_
09:46:26,52.20,5,268,52.30_52.40_52.50_52.60_52.70_,19_24_65_19_15_,52.20_52.10_52.00_51.90_51.80_,4_17_35_19_13_
09:46:32,52.20,3,271,52.30_52.40_52.50_52.60_52.70_,19_24_65_19_15_,52.20_52.10_52.00_51.90_51.80_,1_18_35_18_13_
09:46:37,52.20,3,271,52.30_52.40_52.50_52.60_52.70_,19_24_65_19_15_,52.20_52.10_52.00_51.90_51.80_,2_18_35_18_13_
09:46:47,52.30,1,272,52.30_52.40_52.50_52.60_52.70_,18_24_65_19_15_,52.20_52.10_52.00_51.90_51.80_,2_18_35_18_13_
09:46:52,52.30,1,272,52.30_52.40_52.50_52.60_52.70_,19_24_65_19_15_,52.20_52.10_52.00_51.90_51.80_,2_18_35_18_13_
09:47:02,52.30,1,272,52.30_52.40_52.50_52.60_52.70_,18_24_65_19_15_,52.20_52.10_52.00_51.90_51.80_,3_18_35_18_13_
09:48:24,52.20,1,276,52.20_52.30_52.40_52.50_52.60_,3_19_24_66_19_,52.10_52.00_51.90_51.80_51.70_,20_18_19_29_2_
09:50:07,52.20,1,276,52.20_52.30_52.40_52.50_52.60_,3_19_24_66_19_,52.10_52.00_51.90_51.80_51.70_,23_17_19_29_2_
09:50:58,52.20,1,276,52.20_52.30_52.40_52.50_52.60_,3_19_23_66_19_,52.10_52.00_51.90_51.80_51.70_,23_17_19_29_2_
09:51:34,52.20,1,278,52.20_52.30_52.40_52.50_52.60_,1_19_23_66_19_,52.10_52.00_51.90_51.80_51.70_,23_17_19_29_2_
09:51:44,52.10,2,280,52.20_52.30_52.40_52.50_52.60_,1_20_23_66_19_,52.10_52.00_51.90_51.80_51.70_,21_17_19_29_2_
09:51:54,52.10,2,280,52.20_52.30_52.40_52.50_52.60_,4_20_23_66_19_,52.10_52.00_51.90_51.80_51.70_,21_17_19_29_2_
09:52:51,52.20,1,282,52.20_52.30_52.40_52.50_52.60_,2_17_26_66_19_,52.10_52.00_51.90_51.80_51.70_,22_17_19_29_2_
09:53:16,52.20,1,282,52.20_52.30_52.40_52.50_52.60_,2_17_26_66_19_,52.10_52.00_51.90_51.80_51.70_,21_17_19_29_2_
09:53:32,52.10,2,284,52.20_52.30_52.40_52.50_52.60_,7_20_23_66_19_,52.10_52.00_51.90_51.80_51.70_,19_18_19_29_2_
09:53:37,52.10,2,284,52.20_52.30_52.40_52.50_52.60_,7_20_23_68_19_,52.10_52.00_51.90_51.80_51.70_,19_18_19_29_2_
09:53:52,52.10,2,284,52.20_52.30_52.40_52.50_52.60_,12_20_23_68_19_,52.10_52.00_51.90_51.80_51.70_,20_18_19_29_2_
09:54:28,52.10,2,284,52.20_52.30_52.40_52.50_52.60_,12_20_23_70_19_,52.10_52.00_51.90_51.80_51.70_,22_18_19_29_2_
09:55:40,52.20,1,285,52.20_52.30_52.40_52.50_52.60_,11_20_23_70_19_,52.10_52.00_51.90_51.80_51.70_,21_18_19_29_2_
09:55:55,52.20,1,286,52.20_52.30_52.40_52.50_52.60_,10_20_23_70_19_,52.10_52.00_51.90_51.80_51.70_,21_18_19_29_2_
09:56:52,52.20,1,286,52.20_52.30_52.40_52.50_52.60_,10_20_23_70_21_,52.10_52.00_51.90_51.80_51.70_,21_18_19_29_2_
09:57:22,52.20,1,286,52.20_52.30_52.40_52.50_52.60_,10_20_23_70_21_,52.10_52.00_51.90_51.80_51.70_,22_18_19_29_2_
09:57:53,52.20,1,286,52.20_52.30_52.40_52.50_52.60_,10_20_23_70_21_,52.10_52.00_51.90_51.80_51.70_,23_18_19_29_2_
09:58:03,52.20,1,286,52.20_52.30_52.40_52.50_52.60_,10_20_23_70_21_,52.10_52.00_51.90_51.80_51.70_,25_17_19_29_2_
09:58:34,52.20,1,286,52.20_52.30_52.40_52.50_52.60_,10_16_23_70_22_,52.10_52.00_51.90_51.80_51.70_,25_17_19_29_2_
09:58:44,52.10,8,294,52.20_52.30_52.40_52.50_52.60_,10_16_23_70_22_,52.10_52.00_51.90_51.80_51.70_,17_17_19_29_2_
09:58:49,52.10,8,294,52.20_52.30_52.40_52.50_52.60_,10_16_23_70_22_,52.10_52.00_51.90_51.80_51.70_,18_17_19_29_2_
09:59:10,52.10,8,294,52.20_52.30_52.40_52.50_52.60_,10_16_23_70_22_,52.10_52.00_51.90_51.80_51.70_,19_17_19_29_2_
09:59:51,52.10,11,305,52.20_52.30_52.40_52.50_52.60_,13_17_26_70_22_,52.10_52.00_51.90_51.80_51.70_,8_17_19_29_2_
10:00:01,52.10,3,308,52.20_52.30_52.40_52.50_52.60_,13_17_26_70_22_,52.10_52.00_51.90_51.80_51.70_,5_14_22_29_2_
10:00:06,52.10,1,309,52.20_52.30_52.40_52.50_52.60_,13_17_26_70_22_,52.10_52.00_51.90_51.80_51.70_,5_14_22_29_2_
10:00:16,52.10,2,311,52.20_52.30_52.40_52.50_52.60_,13_17_26_70_22_,52.10_52.00_51.90_51.80_51.70_,5_19_19_29_2_
10:00:52,52.20,1,312,52.20_52.30_52.40_52.50_52.60_,12_16_26_70_22_,52.10_52.00_51.90_51.80_51.70_,4_19_19_29_2_
10:00:58,52.20,1,312,52.20_52.30_52.40_52.50_52.60_,12_16_26_70_22_,52.10_52.00_51.90_51.80_51.70_,5_19_19_29_2_
10:01:03,52.20,1,312,52.20_52.30_52.40_52.50_52.60_,12_16_26_70_22_,52.10_52.00_51.90_51.80_51.70_,4_22_19_29_2_
10:01:08,52.20,1,312,52.20_52.30_52.40_52.50_52.60_,12_16_26_70_22_,52.10_52.00_51.90_51.80_51.70_,5_22_19_29_2_
10:02:04,52.10,2,314,52.20_52.30_52.40_52.50_52.60_,12_16_26_70_22_,52.10_52.00_51.90_51.80_51.70_,3_23_19_29_2_
10:02:25,52.10,2,314,52.20_52.30_52.40_52.50_52.60_,12_16_26_70_22_,52.10_52.00_51.90_51.80_51.70_,3_24_19_29_2_
10:03:16,52.10,2,318,52.10_52.20_52.30_52.40_52.50_,3_12_16_27_70_,52.00_51.90_51.80_51.70_51.60_,22_7_30_18_9_
10:03:57,52.10,2,318,52.20_52.30_52.40_52.50_52.60_,12_16_26_70_22_,52.10_52.00_51.90_51.80_51.70_,2_22_27_30_2_
10:04:02,52.10,2,318,52.20_52.30_52.40_52.50_52.60_,12_16_26_70_22_,52.10_52.00_51.90_51.80_51.70_,3_26_22_30_2_
10:04:07,52.10,2,318,52.20_52.30_52.40_52.50_52.60_,12_16_26_70_22_,52.10_52.00_51.90_51.80_51.70_,5_26_22_30_2_
10:04:18,52.10,2,318,52.20_52.30_52.40_52.50_52.60_,12_16_26_70_22_,52.10_52.00_51.90_51.80_51.70_,6_25_22_30_2_
10:04:43,52.10,2,318,52.20_52.30_52.40_52.50_52.60_,12_15_26_70_22_,52.10_52.00_51.90_51.80_51.70_,6_25_22_30_2_
10:04:54,52.10,2,318,52.20_52.30_52.40_52.50_52.60_,12_15_26_70_22_,52.10_52.00_51.90_51.80_51.70_,6_26_23_30_2_
10:05:04,52.20,1,320,52.20_52.30_52.40_52.50_52.60_,10_15_26_70_22_,52.10_52.00_51.90_51.80_51.70_,5_26_26_30_2_
10:05:19,52.20,1,320,52.20_52.30_52.40_52.50_52.60_,10_15_26_70_22_,52.10_52.00_51.90_51.80_51.70_,9_26_26_30_2_
10:06:10,52.20,1,320,52.20_52.30_52.40_52.50_52.60_,10_15_26_70_22_,52.10_52.00_51.90_51.80_51.70_,10_26_26_30_2_
10:06:20,52.10,1,321,52.20_52.30_52.40_52.50_52.60_,10_15_26_70_22_,52.10_52.00_51.90_51.80_51.70_,9_26_26_30_2_
10:06:46,52.20,1,322,52.20_52.30_52.40_52.50_52.60_,9_15_26_70_22_,52.10_52.00_51.90_51.80_51.70_,10_26_26_30_2_
10:08:49,52.10,2,330,52.20_52.30_52.40_52.50_52.60_,4_15_26_70_23_,52.10_52.00_51.90_51.80_51.70_,11_25_26_30_2_
10:09:40,52.20,1,331,52.20_52.30_52.40_52.50_52.60_,3_15_26_70_23_,52.10_52.00_51.90_51.80_51.70_,11_25_26_30_2_
10:10:01,52.20,2,333,52.20_52.30_52.40_52.50_52.60_,4_15_26_70_23_,52.10_52.00_51.90_51.80_51.70_,11_25_26_30_2_
10:10:11,52.20,2,333,52.20_52.30_52.40_52.50_52.60_,5_15_26_70_23_,52.10_52.00_51.90_51.80_51.70_,11_25_26_30_2_
10:10:52,52.20,1,336,52.20_52.30_52.40_52.50_52.60_,4_15_26_70_23_,52.10_52.00_51.90_51.80_51.70_,11_25_26_30_2_
10:10:58,52.20,1,336,52.20_52.30_52.40_52.50_52.60_,4_16_26_70_23_,52.10_52.00_51.90_51.80_51.70_,11_25_26_30_2_
10:11:08,52.20,2,338,52.20_52.30_52.40_52.50_52.60_,2_16_26_70_23_,52.10_52.00_51.90_51.80_51.70_,11_26_26_30_2_
10:11:28,52.20,1,340,52.30_52.40_52.50_52.60_52.70_,13_31_69_23_15_,52.20_52.10_52.00_51.90_51.80_,6_10_46_23_13_
10:11:54,52.30,1,341,52.30_52.40_52.50_52.60_52.70_,11_31_69_23_15_,52.20_52.10_52.00_51.90_51.80_,9_13_40_23_13_
10:11:59,52.30,1,341,52.30_52.40_52.50_52.60_52.70_,11_31_69_23_15_,52.20_52.10_52.00_51.90_51.80_,8_13_40_23_13_
10:12:15,52.20,2,344,52.30_52.40_52.50_52.60_52.70_,10_31_69_23_15_,52.20_52.10_52.00_51.90_51.80_,6_13_40_23_13_
10:12:25,52.20,2,344,52.30_52.40_52.50_52.60_52.70_,10_31_69_23_15_,52.20_52.10_52.00_51.90_51.80_,7_13_40_23_13_
10:12:45,52.30,3,357,52.40_52.50_52.60_52.70_52.80_,31_69_22_15_13_,52.30_52.20_52.10_52.00_51.90_,1_3_33_36_6_
10:13:16,52.30,2,359,52.30_52.40_52.50_52.60_52.70_,7_31_69_23_15_,52.20_52.10_52.00_51.90_51.80_,5_13_39_23_13_
10:13:31,52.30,7,366,52.40_52.50_52.60_52.70_52.80_,31_69_22_16_12_,52.20_52.10_52.00_51.90_51.80_,5_13_39_23_13_
10:13:47,52.30,7,366,52.40_52.50_52.60_52.70_52.80_,31_69_22_16_12_,52.20_52.10_52.00_51.90_51.80_,6_13_39_23_13_
10:13:57,52.30,2,368,52.30_52.40_52.50_52.60_52.70_,5_31_70_22_15_,52.20_52.10_52.00_51.90_51.80_,5_33_36_6_13_
10:14:02,52.30,5,373,52.40_52.50_52.60_52.70_52.80_,36_70_23_15_12_,52.30_52.20_52.10_52.00_51.90_,5_7_13_39_23_
10:14:07,52.30,5,373,52.40_52.50_52.60_52.70_52.80_,36_70_22_15_13_,52.30_52.20_52.10_52.00_51.90_,7_6_33_36_6_
10:14:12,52.30,5,373,52.40_52.50_52.60_52.70_52.80_,36_70_22_16_13_,52.30_52.20_52.10_52.00_51.90_,7_6_33_36_6_
10:14:17,52.40,1,374,52.40_52.50_52.60_52.70_52.80_,35_70_22_16_13_,52.30_52.20_52.10_52.00_51.90_,8_5_33_36_6_
10:14:23,52.40,1,374,52.40_52.50_52.60_52.70_52.80_,30_75_22_16_13_,52.30_52.20_52.10_52.00_51.90_,8_5_30_39_6_
10:14:28,52.40,1,374,52.40_52.50_52.60_52.70_52.80_,30_75_22_16_13_,52.30_52.20_52.10_52.00_51.90_,9_5_30_39_6_
10:14:33,52.40,1,374,52.40_52.50_52.60_52.70_52.80_,30_75_22_16_13_,52.30_52.20_52.10_52.00_51.90_,9_6_29_39_6_
10:14:48,52.30,9,383,52.30_52.40_52.50_52.60_52.70_,1_30_75_22_16_,52.20_52.10_52.00_51.90_51.80_,6_29_39_6_13_
10:14:53,52.30,9,383,52.30_52.40_52.50_52.60_52.70_,1_31_74_23_16_,52.20_52.10_52.00_51.90_51.80_,7_12_39_23_13_
10:15:04,52.30,1,384,52.40_52.50_52.60_52.70_52.80_,36_69_22_16_13_,52.30_52.20_52.10_52.00_51.90_,2_7_32_36_6_
10:16:20,52.30,2,386,52.40_52.50_52.60_52.70_52.80_,31_74_22_16_13_,52.30_52.20_52.10_52.00_51.90_,8_6_32_36_6_
10:16:51,52.30,3,389,52.40_52.50_52.60_52.70_52.80_,28_74_22_16_13_,52.30_52.20_52.10_52.00_51.90_,5_6_32_36_6_
10:17:27,52.30,2,401,52.40_52.50_52.60_52.70_52.80_,18_74_22_16_13_,52.30_52.20_52.10_52.00_51.90_,5_11_32_36_6_
10:17:42,52.30,2,401,52.40_52.50_52.60_52.70_52.80_,18_74_22_16_13_,52.30_52.20_52.10_52.00_51.90_,7_11_32_36_6_
10:17:53,52.30,2,401,52.40_52.50_52.60_52.70_52.80_,18_74_22_16_13_,52.30_52.20_52.10_52.00_51.90_,7_13_32_36_6_
10:17:58,52.40,10,411,52.40_52.50_52.60_52.70_52.80_,8_74_22_16_13_,52.30_52.20_52.10_52.00_51.90_,9_13_32_36_6_
10:18:03,52.40,10,411,52.40_52.50_52.60_52.70_52.80_,8_74_22_16_13_,52.30_52.20_52.10_52.00_51.90_,9_18_24_39_3_
10:18:08,52.40,2,413,52.40_52.50_52.60_52.70_52.80_,6_74_22_16_13_,52.30_52.20_52.10_52.00_51.90_,7_18_24_39_3_
10:18:18,52.40,2,413,52.40_52.50_52.60_52.70_52.80_,6_74_22_16_13_,52.30_52.20_52.10_52.00_51.90_,8_18_24_39_3_
10:18:23,52.40,2,413,52.40_52.50_52.60_52.70_52.80_,6_74_25_16_13_,52.30_52.20_52.10_52.00_51.90_,8_18_24_39_3_
10:18:29,52.40,2,415,52.40_52.50_52.60_52.70_52.80_,4_74_25_16_13_,52.30_52.20_52.10_52.00_51.90_,9_18_24_39_3_
10:18:34,52.40,2,415,52.40_52.50_52.60_52.70_52.80_,6_74_25_16_13_,52.30_52.20_52.10_52.00_51.90_,10_18_24_39_3_
10:18:39,52.40,2,415,52.40_52.50_52.60_52.70_52.80_,6_74_25_16_13_,52.30_52.20_52.10_52.00_51.90_,10_18_24_39_4_
10:18:49,52.40,1,418,52.40_52.50_52.60_52.70_52.80_,3_74_25_16_13_,52.30_52.20_52.10_52.00_51.90_,10_18_24_39_4_
10:19:20,52.50,1,422,52.50_52.60_52.70_52.80_52.90_,73_25_15_14_27_,52.30_52.20_52.10_52.00_51.90_,9_18_27_36_4_
10:19:30,52.50,1,422,52.50_52.60_52.70_52.80_52.90_,73_25_16_13_27_,52.30_52.20_52.10_52.00_51.90_,10_18_27_36_4_
10:19:56,52.50,1,422,52.40_52.50_52.60_52.70_52.80_,10_73_25_17_12_,52.30_52.20_52.10_52.00_51.90_,16_17_9_55_4_
10:20:01,52.50,1,422,52.40_52.50_52.60_52.70_52.80_,10_73_25_17_12_,52.30_52.20_52.10_52.00_51.90_,17_17_9_55_4_
10:20:11,52.50,1,422,52.40_52.50_52.60_52.70_52.80_,10_74_25_17_12_,52.30_52.20_52.10_52.00_51.90_,17_17_9_55_4_
10:20:27,52.40,1,423,52.40_52.50_52.60_52.70_52.80_,9_74_25_17_12_,52.30_52.20_52.10_52.00_51.90_,17_17_9_55_4_
10:20:32,52.40,1,423,52.40_52.50_52.60_52.70_52.80_,9_74_25_17_12_,52.30_52.20_52.10_52.00_51.90_,17_17_24_40_4_
10:20:47,52.40,1,423,52.40_52.50_52.60_52.70_52.80_,9_74_25_17_12_,52.30_52.20_52.10_52.00_51.90_,19_17_24_40_4_
10:20:57,52.40,1,423,52.40_52.50_52.60_52.70_52.80_,12_74_25_17_12_,52.30_52.20_52.10_52.00_51.90_,19_17_24_40_4_
10:21:03,52.40,1,423,52.40_52.50_52.60_52.70_52.80_,12_74_25_17_12_,52.30_52.20_52.10_52.00_51.90_,17_17_24_40_4_
10:21:08,52.40,1,423,52.40_52.50_52.60_52.70_52.80_,12_74_25_17_12_,52.30_52.20_52.10_52.00_51.90_,18_17_24_40_4_
10:21:18,52.40,1,423,52.40_52.50_52.60_52.70_52.80_,17_74_25_17_12_,52.30_52.20_52.10_52.00_51.90_,18_17_24_40_4_
10:21:33,52.40,1,423,52.40_52.50_52.60_52.70_52.80_,17_74_25_17_12_,52.30_52.20_52.10_52.00_51.90_,18_18_24_40_4_
10:21:54,52.30,1,429,52.40_52.50_52.60_52.70_52.80_,24_74_25_17_12_,52.30_52.20_52.10_52.00_51.90_,13_18_27_37_4_
10:22:55,52.30,1,429,52.40_52.50_52.60_52.70_52.80_,25_73_25_17_12_,52.30_52.20_52.10_52.00_51.90_,12_18_27_37_4_
10:23:06,52.30,1,429,52.40_52.50_52.60_52.70_52.80_,25_73_25_17_12_,52.30_52.20_52.10_52.00_51.90_,11_18_27_37_4_
10:23:21,52.30,1,429,52.40_52.50_52.60_52.70_52.80_,25_73_25_17_12_,52.30_52.20_52.10_52.00_51.90_,11_13_32_37_4_
10:24:02,52.40,1,431,52.40_52.50_52.60_52.70_52.80_,26_73_25_17_12_,52.30_52.20_52.10_52.00_51.90_,21_14_29_40_4_
10:24:17,52.40,10,441,52.40_52.50_52.60_52.70_52.80_,16_73_25_17_12_,52.30_52.20_52.10_52.00_51.90_,21_19_24_40_4_
10:24:33,52.40,5,446,52.40_52.50_52.60_52.70_52.80_,16_73_25_17_12_,52.30_52.20_52.10_52.00_51.90_,16_19_24_40_4_
10:24:48,52.40,5,451,52.40_52.50_52.60_52.70_52.80_,11_73_25_17_12_,52.30_52.20_52.10_52.00_51.90_,16_19_24_40_4_
10:24:58,52.40,5,451,52.40_52.50_52.60_52.70_52.80_,11_73_25_17_12_,52.30_52.20_52.10_52.00_51.90_,17_19_24_40_4_
10:25:09,52.40,5,451,52.40_52.50_52.60_52.70_52.80_,11_74_25_17_12_,52.30_52.20_52.10_52.00_51.90_,17_19_24_40_4_
10:25:14,52.30,1,452,52.40_52.50_52.60_52.70_52.80_,11_74_25_17_12_,52.30_52.20_52.10_52.00_51.90_,16_19_24_40_4_
10:25:19,52.30,1,452,52.40_52.50_52.60_52.70_52.80_,11_74_25_17_12_,52.30_52.20_52.10_52.00_51.90_,17_19_27_37_4_
10:25:34,52.30,1,452,52.40_52.50_52.60_52.70_52.80_,11_74_25_17_12_,52.30_52.20_52.10_52.00_51.90_,18_19_27_37_4_
10:25:39,52.30,1,452,52.40_52.50_52.60_52.70_52.80_,11_74_25_17_12_,52.30_52.20_52.10_52.00_51.90_,19_19_27_37_4_
10:26:15,52.30,1,452,52.40_52.50_52.60_52.70_52.80_,19_74_25_17_12_,52.30_52.20_52.10_52.00_51.90_,20_18_27_37_4_
10:26:41,52.30,1,452,52.40_52.50_52.60_52.70_52.80_,19_74_25_17_12_,52.30_52.20_52.10_52.00_51.90_,22_18_27_37_4_
10:27:06,52.40,1,453,52.40_52.50_52.60_52.70_52.80_,18_74_25_17_12_,52.30_52.20_52.10_52.00_51.90_,21_18_27_37_4_
10:27:11,52.40,1,453,52.40_52.50_52.60_52.70_52.80_,18_74_25_17_12_,52.30_52.20_52.10_52.00_51.90_,21_18_24_40_4_
10:27:32,52.30,1,454,52.40_52.50_52.60_52.70_52.80_,18_75_25_17_12_,52.30_52.20_52.10_52.00_51.90_,20_18_27_37_4_
10:27:37,52.30,1,454,52.40_52.50_52.60_52.70_52.80_,19_75_25_17_12_,52.30_52.20_52.10_52.00_51.90_,22_18_27_37_4_
10:27:53,52.30,1,454,52.40_52.50_52.60_52.70_52.80_,19_75_25_17_12_,52.30_52.20_52.10_52.00_51.90_,23_18_27_37_4_
10:27:58,52.40,1,455,52.40_52.50_52.60_52.70_52.80_,21_75_25_17_12_,52.30_52.20_52.10_52.00_51.90_,23_18_27_37_4_
10:28:03,52.40,1,455,52.40_52.50_52.60_52.70_52.80_,21_75_25_17_12_,52.30_52.20_52.10_52.00_51.90_,23_18_24_40_4_
10:28:23,52.40,1,455,52.40_52.50_52.60_52.70_52.80_,21_75_25_17_12_,52.30_52.20_52.10_52.00_51.90_,24_18_27_37_4_
10:28:49,52.40,1,455,52.40_52.50_52.60_52.70_52.80_,21_75_26_17_12_,52.30_52.20_52.10_52.00_51.90_,24_18_27_37_4_
10:29:40,52.40,1,455,52.40_52.50_52.60_52.70_52.80_,21_76_26_17_12_,52.30_52.20_52.10_52.00_51.90_,23_18_24_41_4_
10:30:47,52.40,1,456,52.40_52.50_52.60_52.70_52.80_,20_76_26_17_12_,52.30_52.20_52.10_52.00_51.90_,22_18_24_41_4_
10:30:57,52.30,2,458,52.40_52.50_52.60_52.70_52.80_,20_76_26_17_12_,52.30_52.20_52.10_52.00_51.90_,20_18_24_46_4_
10:31:02,52.30,1,459,52.40_52.50_52.60_52.70_52.80_,20_76_26_17_12_,52.30_52.20_52.10_52.00_51.90_,19_18_28_42_4_
10:31:13,52.40,1,460,52.40_52.50_52.60_52.70_52.80_,19_76_26_17_12_,52.30_52.20_52.10_52.00_51.90_,19_18_28_42_4_
10:31:23,52.40,1,460,52.40_52.50_52.60_52.70_52.80_,19_76_26_17_12_,52.30_52.20_52.10_52.00_51.90_,20_18_24_46_4_
10:31:28,52.40,1,460,52.40_52.50_52.60_52.70_52.80_,19_77_26_17_12_,52.30_52.20_52.10_52.00_51.90_,20_18_24_46_12_
10:31:33,52.40,1,460,52.40_52.50_52.60_52.70_52.80_,19_77_26_17_12_,52.30_52.20_52.10_52.00_51.90_,21_17_24_46_12_
10:32:14,52.40,1,460,52.40_52.50_52.60_52.70_52.80_,19_77_26_17_12_,52.30_52.20_52.10_52.00_51.90_,22_17_24_46_12_
10:32:45,52.30,2,463,52.40_52.50_52.60_52.70_52.80_,18_77_26_17_12_,52.30_52.20_52.10_52.00_51.90_,21_17_28_42_12_
10:33:05,52.30,2,463,52.40_52.50_52.60_52.70_52.80_,18_77_26_17_12_,52.30_52.20_52.10_52.00_51.90_,21_18_28_42_12_
10:33:10,52.30,2,463,52.40_52.50_52.60_52.70_52.80_,18_77_26_17_12_,52.30_52.20_52.10_52.00_51.90_,22_18_28_42_12_
10:33:16,52.40,1,464,52.40_52.50_52.60_52.70_52.80_,17_77_26_17_12_,52.30_52.20_52.10_52.00_51.90_,21_18_28_42_12_
10:33:21,52.40,1,464,52.40_52.50_52.60_52.70_52.80_,17_77_26_17_12_,52.30_52.20_52.10_52.00_51.90_,21_18_24_46_12_
10:33:41,52.40,1,464,52.40_52.50_52.60_52.70_52.80_,17_77_26_17_12_,52.30_52.20_52.10_52.00_51.90_,20_18_24_46_12_
10:34:12,52.40,1,464,52.40_52.50_52.60_52.70_52.80_,17_77_26_17_12_,52.30_52.20_52.10_52.00_51.90_,20_18_27_46_12_
10:34:22,52.30,2,466,52.40_52.50_52.60_52.70_52.80_,17_77_26_17_12_,52.30_52.20_52.10_52.00_51.90_,18_18_27_46_12_
10:34:27,52.30,2,466,52.40_52.50_52.60_52.70_52.80_,17_77_26_17_12_,52.30_52.20_52.10_52.00_51.90_,18_18_31_42_12_
10:34:48,52.30,2,466,52.40_52.50_52.60_52.70_52.80_,17_77_26_17_14_,52.30_52.20_52.10_52.00_51.90_,19_18_31_42_12_
10:34:53,52.30,2,466,52.40_52.50_52.60_52.70_52.80_,17_77_26_17_14_,52.30_52.20_52.10_52.00_51.90_,20_18_31_42_12_
10:35:08,52.30,20,486,52.40_52.50_52.60_52.70_52.80_,17_78_26_18_13_,52.20_52.10_52.00_51.90_51.80_,15_15_63_12_14_
10:35:29,52.30,20,486,52.40_52.50_52.60_52.70_52.80_,17_77_26_19_13_,52.20_52.10_52.00_51.90_51.80_,14_15_63_12_14_
10:36:05,52.20,2,488,52.40_52.50_52.60_52.70_52.80_,17_77_26_19_13_,52.20_52.10_52.00_51.90_51.80_,13_15_63_12_14_
10:36:25,52.20,2,488,52.40_52.50_52.60_52.70_52.80_,17_77_26_19_13_,52.20_52.10_52.00_51.90_51.80_,14_15_63_12_14_
10:36:56,52.20,2,488,52.40_52.50_52.60_52.70_52.80_,17_77_26_18_13_,52.20_52.10_52.00_51.90_51.80_,14_15_63_12_14_
10:37:01,52.20,2,488,52.40_52.50_52.60_52.70_52.80_,18_77_26_18_13_,52.20_52.10_52.00_51.90_51.80_,14_15_63_12_14_
10:37:06,52.20,2,488,52.40_52.50_52.60_52.70_52.80_,18_77_26_17_14_,52.20_52.10_52.00_51.90_51.80_,14_15_63_12_14_
10:37:11,52.40,1,489,52.40_52.50_52.60_52.70_52.80_,18_77_26_17_14_,52.20_52.10_52.00_51.90_51.80_,14_15_63_12_14_
10:38:08,52.30,3,494,52.40_52.50_52.60_52.70_52.80_,18_77_26_17_14_,52.30_52.20_52.10_52.00_51.90_,2_11_36_41_12_
10:38:13,52.30,3,494,52.40_52.50_52.60_52.70_52.80_,18_77_26_17_14_,52.30_52.20_52.10_52.00_51.90_,2_12_36_41_12_
10:38:18,52.30,2,496,52.30_52.40_52.50_52.60_52.70_,3_18_77_26_17_,52.20_52.10_52.00_51.90_51.80_,11_36_41_12_14_
10:38:23,52.30,2,496,52.30_52.40_52.50_52.60_52.70_,4_17_77_27_17_,52.20_52.10_52.00_51.90_51.80_,11_15_46_28_14_
10:38:28,52.30,2,496,52.30_52.40_52.50_52.60_52.70_,4_18_77_27_16_,52.20_52.10_52.00_51.90_51.80_,11_15_46_28_14_
10:38:59,52.30,2,496,52.30_52.40_52.50_52.60_52.70_,4_18_77_27_16_,52.20_52.10_52.00_51.90_51.80_,12_15_46_28_14_
10:39:55,52.30,1,497,52.30_52.40_52.50_52.60_52.70_,3_18_77_27_17_,52.20_52.10_52.00_51.90_51.80_,12_15_46_28_14_
10:40:00,52.30,1,497,52.30_52.40_52.50_52.60_52.70_,3_18_77_27_17_,52.20_52.10_52.00_51.90_51.80_,13_15_46_28_14_
10:40:21,52.30,1,497,52.30_52.40_52.50_52.60_52.70_,3_18_77_27_17_,52.20_52.10_52.00_51.90_51.80_,16_15_46_28_14_
10:40:31,52.30,1,498,52.30_52.40_52.50_52.60_52.70_,1_18_77_27_17_,52.20_52.10_52.00_51.90_51.80_,16_15_46_28_14_
10:40:36,52.30,1,498,52.30_52.40_52.50_52.60_52.70_,2_18_77_27_17_,52.20_52.10_52.00_51.90_51.80_,16_15_46_28_14_
10:40:46,52.30,1,498,52.30_52.40_52.50_52.60_52.70_,2_19_77_27_17_,52.20_52.10_52.00_51.90_51.80_,16_15_46_28_14_
10:40:52,52.30,1,498,52.30_52.40_52.50_52.60_52.70_,2_19_77_27_17_,52.20_52.10_52.00_51.90_51.80_,16_16_46_28_14_
10:41:53,52.30,1,500,52.40_52.50_52.60_52.70_52.80_,20_77_27_17_13_,52.30_52.20_52.10_52.00_51.90_,1_16_16_46_28_
10:41:58,52.30,1,500,52.40_52.50_52.60_52.70_52.80_,19_77_26_17_14_,52.30_52.20_52.10_52.00_51.90_,3_12_37_41_12_
10:42:04,52.30,1,500,52.40_52.50_52.60_52.70_52.80_,19_77_26_17_14_,52.30_52.20_52.10_52.00_51.90_,5_12_37_41_12_
10:42:19,52.30,1,500,52.40_52.50_52.60_52.70_52.80_,18_77_26_17_14_,52.30_52.20_52.10_52.00_51.90_,6_10_37_41_12_
10:42:24,52.30,1,500,52.40_52.50_52.60_52.70_52.80_,19_77_26_17_14_,52.30_52.20_52.10_52.00_51.90_,6_10_37_41_12_
10:43:56,52.40,11,514,52.40_52.50_52.60_52.70_52.80_,12_77_26_17_14_,52.30_52.20_52.10_52.00_51.90_,1_9_37_41_12_
10:44:37,52.20,11,525,52.20_52.40_52.50_52.60_52.70_,4_26_73_27_16_,52.10_52.00_51.90_51.80_51.70_,17_28_33_30_2_
10:44:53,52.20,11,525,52.20_52.40_52.50_52.60_52.70_,4_26_73_27_16_,52.10_52.00_51.90_51.80_51.70_,18_28_33_30_2_
10:44:58,52.20,11,525,52.20_52.40_52.50_52.60_52.70_,9_26_73_27_16_,52.10_52.00_51.90_51.80_51.70_,18_28_33_30_2_
10:45:03,52.20,11,525,52.20_52.40_52.50_52.60_52.70_,9_26_73_27_16_,52.10_52.00_51.90_51.80_51.70_,13_33_33_30_2_
10:45:08,52.20,1,526,52.20_52.40_52.50_52.60_52.70_,8_26_73_27_16_,52.10_52.00_51.90_51.80_51.70_,13_33_33_30_2_
10:45:34,52.20,2,528,52.20_52.40_52.50_52.60_52.70_,6_26_73_27_16_,52.10_52.00_51.90_51.80_51.70_,14_33_33_30_2_
10:45:54,52.20,2,528,52.20_52.40_52.50_52.60_52.70_,6_26_73_27_16_,52.10_52.00_51.90_51.80_51.70_,16_33_33_30_2_
10:46:45,52.20,2,534,52.40_52.50_52.60_52.70_52.80_,26_73_27_16_13_,52.10_52.00_51.90_51.80_51.70_,16_33_33_30_2_
10:46:50,52.20,2,534,52.40_52.50_52.60_52.70_52.80_,26_72_27_17_13_,52.10_52.00_51.90_51.80_51.70_,17_54_28_14_2_
10:47:01,52.20,2,534,52.40_52.50_52.60_52.70_52.80_,26_72_26_18_13_,52.20_52.10_52.00_51.90_51.80_,5_12_70_12_14_
10:47:06,52.20,2,534,52.40_52.50_52.60_52.70_52.80_,26_72_26_18_13_,52.20_52.10_52.00_51.90_51.80_,6_17_65_12_14_
10:47:21,52.20,2,534,52.40_52.50_52.60_52.70_52.80_,27_72_26_18_13_,52.20_52.10_52.00_51.90_51.80_,6_17_65_12_14_
10:47:36,52.20,2,534,52.40_52.50_52.60_52.70_52.80_,27_72_26_18_13_,52.20_52.10_52.00_51.90_51.80_,16_17_65_12_14_
10:47:57,52.40,1,535,52.40_52.50_52.60_52.70_52.80_,26_74_27_17_13_,52.20_52.10_52.00_51.90_51.80_,5_17_65_12_14_
10:48:58,52.40,1,535,52.40_52.50_52.60_52.70_52.80_,26_74_27_17_13_,52.20_52.10_52.00_51.90_51.80_,11_17_65_12_14_
10:49:14,52.40,1,535,52.40_52.50_52.60_52.70_52.80_,26_74_27_17_13_,52.20_52.10_52.00_51.90_51.80_,11_18_65_12_14_
10:49:29,52.40,1,535,52.40_52.50_52.60_52.70_52.80_,26_74_27_17_13_,52.20_52.10_52.00_51.90_51.80_,12_18_65_12_14_
10:49:45,52.20,2,537,52.40_52.50_52.60_52.70_52.80_,26_74_27_17_13_,52.20_52.10_52.00_51.90_51.80_,10_18_65_12_14_
10:49:50,52.20,2,537,52.40_52.50_52.60_52.70_52.80_,26_74_26_18_13_,52.20_52.10_52.00_51.90_51.80_,12_33_50_12_14_
10:50:31,52.20,2,537,52.30_52.40_52.50_52.60_52.70_,5_27_74_28_17_,52.20_52.10_52.00_51.90_51.80_,12_19_49_28_14_
10:51:02,52.30,4,542,52.40_52.50_52.60_52.70_52.80_,27_74_28_17_13_,52.30_52.20_52.10_52.00_51.90_,1_12_19_48_28_
10:51:12,52.30,4,542,52.40_52.50_52.60_52.70_52.80_,22_79_27_17_14_,52.30_52.20_52.10_52.00_51.90_,4_9_39_43_12_
10:51:17,52.30,4,542,52.40_52.50_52.60_52.70_52.80_,22_79_27_17_14_,52.30_52.20_52.10_52.00_51.90_,4_8_39_43_12_
10:51:58,52.40,1,543,52.40_52.50_52.60_52.70_52.80_,21_79_27_17_14_,52.30_52.20_52.10_52.00_51.90_,5_7_39_43_12_
10:52:08,52.40,1,543,52.40_52.50_52.60_52.70_52.80_,21_79_27_17_14_,52.30_52.20_52.10_52.00_51.90_,6_7_39_43_12_
10:53:15,52.40,1,543,52.40_52.50_52.60_52.70_52.80_,21_79_27_17_14_,52.30_52.20_52.10_52.00_51.90_,7_7_39_43_12_
10:54:01,52.40,1,543,52.40_52.50_52.60_52.70_52.80_,22_78_27_17_14_,52.30_52.20_52.10_52.00_51.90_,7_7_39_43_12_
10:54:22,52.40,1,544,52.40_52.50_52.60_52.70_52.80_,21_78_27_17_14_,52.30_52.20_52.10_52.00_51.90_,7_7_39_43_12_
10:54:27,52.40,1,544,52.40_52.50_52.60_52.70_52.80_,21_78_27_17_14_,52.30_52.20_52.10_52.00_51.90_,7_7_35_47_12_
10:54:32,52.40,1,544,52.40_52.50_52.60_52.70_52.80_,21_78_28_17_14_,52.30_52.20_52.10_52.00_51.90_,7_7_35_47_12_
10:54:47,52.40,1,544,52.40_52.50_52.60_52.70_52.80_,21_78_28_17_14_,52.30_52.20_52.10_52.00_51.90_,9_7_35_47_12_
10:55:23,52.40,1,544,52.40_52.50_52.60_52.70_52.80_,26_78_28_17_14_,52.30_52.20_52.10_52.00_51.90_,9_8_35_47_12_
10:55:28,52.40,1,545,52.40_52.50_52.60_52.70_52.80_,25_78_28_17_14_,52.30_52.20_52.10_52.00_51.90_,9_8_39_43_12_
10:56:04,52.40,1,545,52.40_52.50_52.60_52.70_52.80_,24_78_28_17_14_,52.30_52.20_52.10_52.00_51.90_,19_7_39_43_12_
10:56:14,52.30,19,564,52.30_52.40_52.50_52.60_52.70_,1_24_78_28_17_,52.20_52.10_52.00_51.90_51.80_,7_35_48_12_14_
10:56:24,52.30,1,565,52.40_52.50_52.60_52.70_52.80_,29_73_29_17_13_,52.30_52.20_52.10_52.00_51.90_,1_8_18_49_28_
10:56:30,52.30,1,565,52.40_52.50_52.60_52.70_52.80_,29_73_28_17_14_,52.30_52.20_52.10_52.00_51.90_,1_8_39_44_12_
10:56:35,52.20,2,567,52.40_52.50_52.60_52.70_52.80_,24_78_28_17_14_,52.20_52.10_52.00_51.90_51.80_,7_39_44_12_14_
10:56:45,52.20,2,567,52.40_52.50_52.60_52.70_52.80_,24_78_28_17_14_,52.30_52.20_52.10_52.00_51.90_,1_6_39_44_12_
10:56:55,52.30,1,568,52.30_52.40_52.50_52.60_52.70_,4_24_78_28_17_,52.20_52.10_52.00_51.90_51.80_,6_39_44_12_14_
10:57:05,52.30,1,568,52.30_52.40_52.50_52.60_52.70_,4_29_73_29_17_,52.20_52.10_52.00_51.90_51.80_,6_19_49_28_14_
10:57:16,52.30,1,568,52.30_52.40_52.50_52.60_52.70_,9_29_73_29_17_,52.20_52.10_52.00_51.90_51.80_,7_19_49_28_14_
10:57:36,52.30,1,569,52.30_52.40_52.50_52.60_52.70_,8_29_73_29_17_,52.20_52.10_52.00_51.90_51.80_,8_19_49_28_14_
10:57:46,52.30,1,569,52.30_52.40_52.50_52.60_52.70_,8_29_73_29_17_,52.20_52.10_52.00_51.90_51.80_,9_19_49_28_14_
10:58:32,52.30,1,569,52.30_52.40_52.50_52.60_52.70_,8_29_73_29_17_,52.20_52.10_52.00_51.90_51.80_,10_19_49_28_14_
10:59:29,52.30,1,569,52.30_52.40_52.50_52.60_52.70_,8_29_73_29_17_,52.20_52.10_52.00_51.90_51.80_,11_19_49_28_14_
11:00:20,52.40,1,578,52.40_52.50_52.60_52.70_52.80_,28_73_28_17_14_,52.30_52.20_52.10_52.00_51.90_,8_8_35_48_12_
11:00:36,52.40,1,579,52.40_52.50_52.60_52.70_52.80_,27_73_28_17_14_,52.30_52.20_52.10_52.00_51.90_,7_8_35_48_12_
11:00:41,52.40,1,579,52.40_52.50_52.60_52.70_52.80_,27_73_28_17_16_,52.30_52.20_52.10_52.00_51.90_,7_8_35_48_12_
11:01:06,52.40,1,579,52.40_52.50_52.60_52.70_52.80_,27_73_28_17_16_,52.30_52.20_52.10_52.00_51.90_,8_8_35_48_12_
11:01:37,52.40,1,579,52.40_52.50_52.60_52.70_52.80_,28_73_28_17_16_,52.30_52.20_52.10_52.00_51.90_,8_8_35_48_12_
11:01:47,52.40,1,579,52.40_52.50_52.60_52.70_52.80_,23_78_28_17_16_,52.30_52.20_52.10_52.00_51.90_,8_8_35_48_12_
11:01:52,52.40,1,579,52.40_52.50_52.60_52.70_52.80_,23_78_28_17_16_,52.30_52.20_52.10_52.00_51.90_,8_8_39_44_12_
11:01:58,52.30,1,580,52.40_52.50_52.60_52.70_52.80_,23_78_28_17_16_,52.30_52.20_52.10_52.00_51.90_,7_8_39_44_12_
11:02:23,52.30,1,580,52.40_52.50_52.60_52.70_52.80_,24_78_28_17_16_,52.30_52.20_52.10_52.00_51.90_,5_8_39_44_12_
11:02:33,52.30,1,580,52.40_52.50_52.60_52.70_52.80_,25_78_28_17_16_,52.30_52.20_52.10_52.00_51.90_,5_8_39_44_12_
11:02:49,52.40,1,581,52.40_52.50_52.60_52.70_52.80_,24_78_28_17_16_,52.30_52.20_52.10_52.00_51.90_,6_8_35_48_12_
11:02:54,52.40,1,581,52.40_52.50_52.60_52.70_52.80_,24_78_28_17_16_,52.30_52.20_52.10_52.00_51.90_,7_8_35_48_12_
11:02:59,52.40,1,581,52.40_52.50_52.60_52.70_52.80_,24_78_28_17_16_,52.30_52.20_52.10_52.00_51.90_,7_8_39_44_12_
11:03:25,52.30,2,583,52.40_52.50_52.60_52.70_52.80_,24_78_28_17_16_,52.30_52.20_52.10_52.00_51.90_,5_8_39_44_12_
11:03:40,52.30,1,584,52.40_52.50_52.60_52.70_52.80_,24_78_28_17_16_,52.30_52.20_52.10_52.00_51.90_,6_8_39_44_12_
11:04:01,52.30,1,584,52.40_52.50_52.60_52.70_52.80_,24_78_28_17_16_,52.30_52.20_52.10_52.00_51.90_,10_8_39_44_11_
11:04:36,52.40,1,585,52.40_52.50_52.60_52.70_52.80_,23_78_28_17_16_,52.30_52.20_52.10_52.00_51.90_,10_8_35_48_11_
11:04:52,52.40,10,595,52.40_52.50_52.60_52.70_52.80_,13_78_28_17_16_,52.30_52.20_52.10_52.00_51.90_,10_8_35_48_11_
11:04:57,52.30,9,604,52.30_52.40_52.50_52.60_52.70_,1_13_78_28_17_,52.20_52.10_52.00_51.90_51.80_,8_35_48_11_14_
11:05:28,52.30,1,607,52.40_52.50_52.60_52.70_52.80_,23_73_29_17_15_,52.20_52.10_52.00_51.90_51.80_,4_18_65_11_14_
11:05:48,52.30,1,607,52.30_52.40_52.50_52.60_52.70_,3_23_73_29_17_,52.20_52.10_52.00_51.90_51.80_,4_18_49_27_14_
11:06:29,52.30,3,610,52.40_52.50_52.60_52.70_52.80_,23_73_29_17_15_,52.30_52.20_52.10_52.00_51.90_,2_4_18_49_27_
11:06:34,52.30,3,610,52.40_52.50_52.60_52.70_52.80_,23_73_28_17_16_,52.30_52.20_52.10_52.00_51.90_,3_3_39_44_11_
11:06:39,52.40,1,611,52.40_52.50_52.60_52.70_52.80_,17_78_28_17_16_,52.30_52.20_52.10_52.00_51.90_,3_5_39_44_11_
11:07:41,52.40,4,616,52.40_52.50_52.60_52.70_52.80_,12_78_28_18_16_,52.30_52.20_52.10_52.00_51.90_,6_4_36_48_11_
11:08:12,52.40,4,616,52.40_52.50_52.60_52.70_52.80_,12_78_28_18_16_,52.30_52.20_52.10_52.00_51.90_,7_4_36_48_11_
11:08:17,52.40,3,619,52.40_52.50_52.60_52.70_52.80_,9_78_28_18_16_,52.30_52.20_52.10_52.00_51.90_,7_4_36_48_11_
11:08:22,52.40,1,620,52.40_52.50_52.60_52.70_52.80_,8_78_28_18_16_,52.30_52.20_52.10_52.00_51.90_,7_4_36_48_11_
11:08:37,52.40,1,620,52.40_52.50_52.60_52.70_52.80_,18_78_28_18_16_,52.30_52.20_52.10_52.00_51.90_,8_3_36_48_11_
11:08:42,52.40,1,621,52.40_52.50_52.60_52.70_52.80_,17_78_28_18_16_,52.30_52.20_52.10_52.00_51.90_,8_3_36_48_11_
11:08:47,52.40,1,622,52.40_52.50_52.60_52.70_52.80_,16_78_28_18_16_,52.30_52.20_52.10_52.00_51.90_,8_3_36_48_11_
11:08:53,52.40,1,622,52.40_52.50_52.60_52.70_52.80_,16_78_28_18_16_,52.30_52.20_52.10_52.00_51.90_,7_3_36_48_11_
11:09:44,52.40,1,622,52.40_52.50_52.60_52.70_52.80_,18_78_28_18_16_,52.30_52.20_52.10_52.00_51.90_,9_6_36_48_11_
11:10:40,52.40,1,622,52.40_52.50_52.60_52.70_52.80_,18_79_28_18_16_,52.30_52.20_52.10_52.00_51.90_,9_6_36_48_11_
11:11:52,52.40,1,623,52.40_52.50_52.60_52.70_52.80_,17_79_28_18_16_,52.30_52.20_52.10_52.00_51.90_,9_6_36_48_11_
11:12:33,52.40,1,624,52.40_52.50_52.60_52.70_52.80_,16_79_28_18_16_,52.30_52.20_52.10_52.00_51.90_,12_5_36_48_11_
11:12:54,52.40,1,625,52.40_52.50_52.60_52.70_52.80_,15_79_28_18_16_,52.30_52.20_52.10_52.00_51.90_,11_5_36_48_11_
11:12:59,52.40,1,625,52.40_52.50_52.60_52.70_52.80_,15_79_28_18_16_,52.30_52.20_52.10_52.00_51.90_,12_5_36_48_11_
11:13:25,52.30,1,626,52.40_52.50_52.60_52.70_52.80_,15_79_28_18_16_,52.30_52.20_52.10_52.00_51.90_,10_5_40_44_11_
11:13:40,52.30,1,626,52.40_52.50_52.60_52.70_52.80_,17_79_28_18_16_,52.30_52.20_52.10_52.00_51.90_,12_5_40_44_11_
11:14:21,52.30,1,626,52.40_52.50_52.60_52.70_52.80_,18_79_28_18_16_,52.30_52.20_52.10_52.00_51.90_,12_5_40_44_11_
11:14:57,52.30,1,626,52.40_52.50_52.60_52.70_52.80_,18_79_28_18_16_,52.30_52.20_52.10_52.00_51.90_,14_10_35_44_11_
11:17:36,52.40,1,629,52.40_52.50_52.60_52.70_52.80_,18_79_28_18_16_,52.30_52.20_52.10_52.00_51.90_,9_11_31_48_11_
11:19:59,52.40,3,634,52.40_52.50_52.60_52.70_52.80_,16_80_28_17_16_,52.30_52.20_52.10_52.00_51.90_,11_11_31_48_11_
11:20:14,52.40,3,634,52.40_52.50_52.60_52.70_52.80_,16_80_29_17_16_,52.30_52.20_52.10_52.00_51.90_,12_11_31_48_11_
11:20:25,52.30,2,636,52.40_52.50_52.60_52.70_52.80_,16_80_29_17_16_,52.30_52.20_52.10_52.00_51.90_,10_11_31_48_11_
11:20:30,52.30,2,636,52.40_52.50_52.60_52.70_52.80_,16_80_29_17_16_,52.30_52.20_52.10_52.00_51.90_,10_11_35_44_11_
11:20:40,52.30,2,636,52.40_52.50_52.60_52.70_52.80_,16_80_29_17_16_,52.30_52.20_52.10_52.00_51.90_,11_11_35_44_11_
11:21:37,52.40,1,639,52.40_52.50_52.60_52.70_52.80_,13_80_29_18_15_,52.30_52.20_52.10_52.00_51.90_,12_10_31_48_11_
11:21:47,52.40,1,640,52.40_52.50_52.60_52.70_52.80_,12_80_29_18_15_,52.30_52.20_52.10_52.00_51.90_,12_10_31_48_11_
11:21:52,52.40,1,640,52.40_52.50_52.60_52.70_52.80_,12_80_29_17_16_,52.30_52.20_52.10_52.00_51.90_,11_10_31_48_11_
11:22:02,52.40,1,640,52.40_52.50_52.60_52.70_52.80_,17_80_29_17_16_,52.30_52.20_52.10_52.00_51.90_,11_10_31_48_11_
11:22:08,52.40,1,640,52.40_52.50_52.60_52.70_52.80_,17_80_29_17_16_,52.30_52.20_52.10_52.00_51.90_,11_11_31_48_11_
11:22:13,52.40,1,640,52.40_52.50_52.60_52.70_52.80_,17_85_29_17_16_,52.30_52.20_52.10_52.00_51.90_,11_11_31_48_11_
11:22:23,52.40,1,640,52.40_52.50_52.60_52.70_52.80_,17_85_29_17_16_,52.30_52.20_52.10_52.00_51.90_,10_11_31_48_11_
11:23:04,52.40,1,641,52.40_52.50_52.60_52.70_52.80_,21_85_29_17_16_,52.30_52.20_52.10_52.00_51.90_,11_12_31_48_11_
11:23:50,52.30,2,643,52.40_52.50_52.60_52.70_52.80_,21_85_29_17_16_,52.30_52.20_52.10_52.00_51.90_,9_12_31_48_11_
11:23:55,52.30,2,643,52.40_52.50_52.60_52.70_52.80_,21_85_29_17_16_,52.30_52.20_52.10_52.00_51.90_,10_12_35_44_11_
11:25:12,52.30,2,643,52.40_52.50_52.60_52.70_52.80_,22_85_29_17_16_,52.30_52.20_52.10_52.00_51.90_,10_12_35_44_11_
11:25:58,52.30,2,643,52.40_52.50_52.60_52.70_52.80_,22_85_29_17_16_,52.30_52.20_52.10_52.00_51.90_,11_12_35_44_11_
11:26:24,52.30,2,643,52.40_52.50_52.60_52.70_52.80_,23_85_29_17_16_,52.30_52.20_52.10_52.00_51.90_,11_12_35_44_11_
11:26:55,52.30,10,653,52.40_52.50_52.60_52.70_52.80_,23_85_29_17_16_,52.30_52.20_52.10_52.00_51.90_,1_12_35_44_11_
11:27:00,52.30,1,654,52.40_52.50_52.60_52.70_52.80_,23_85_29_17_16_,52.30_52.20_52.10_52.00_51.90_,2_12_35_44_11_
11:27:05,52.30,1,654,52.40_52.50_52.60_52.70_52.80_,33_85_29_17_16_,52.30_52.20_52.10_52.00_51.90_,3_12_35_44_11_
11:27:15,52.30,2,656,52.40_52.50_52.60_52.70_52.80_,33_85_29_17_16_,52.30_52.20_52.10_52.00_51.90_,1_12_35_44_11_
11:28:42,52.40,1,658,52.40_52.50_52.60_52.70_52.80_,30_85_30_17_15_,52.20_52.10_52.00_51.90_51.80_,10_20_57_11_14_
11:29:18,52.20,2,660,52.40_52.50_52.60_52.70_52.80_,31_85_30_17_15_,52.20_52.10_52.00_51.90_51.80_,10_35_42_11_14_
11:29:23,52.20,2,660,52.40_52.50_52.60_52.70_52.80_,31_85_30_17_15_,52.20_52.10_52.00_51.90_51.80_,9_35_42_11_14_
11:29:39,52.20,2,660,52.40_52.50_52.60_52.70_52.80_,31_85_29_17_16_,52.30_52.20_52.10_52.00_51.90_,3_5_41_37_11_
11:29:59,52.40,1,661,52.40_52.50_52.60_52.70_52.80_,30_85_29_18_15_,52.30_52.20_52.10_52.00_51.90_,3_11_32_41_11_
11:30:35,52.40,1,661,52.40_52.50_52.60_52.70_52.80_,30_85_27_18_15_,52.30_52.20_52.10_52.00_51.90_,3_11_32_41_11_
11:30:46,52.30,2,663,52.40_52.50_52.60_52.70_52.80_,30_85_27_17_16_,52.30_52.20_52.10_52.00_51.90_,1_11_36_37_11_
11:31:01,52.30,2,663,52.40_52.50_52.60_52.70_52.80_,30_86_27_17_16_,52.30_52.20_52.10_52.00_51.90_,1_11_36_37_11_
11:31:32,52.30,2,663,52.40_52.50_52.60_52.70_52.80_,30_86_27_17_16_,52.30_52.20_52.10_52.00_51.90_,2_11_36_37_11_
11:32:28,52.30,2,665,52.40_52.50_52.60_52.70_52.80_,30_85_28_18_15_,52.20_52.10_52.00_51.90_51.80_,6_20_56_11_14_
11:32:59,52.30,2,665,52.40_52.50_52.60_52.70_52.80_,30_84_28_18_15_,52.20_52.10_52.00_51.90_51.80_,6_20_56_11_14_
11:33:04,52.30,2,665,52.30_52.40_52.50_52.60_52.70_,5_30_84_28_18_,52.20_52.10_52.00_51.90_51.80_,6_20_56_11_14_
11:33:09,52.30,2,665,52.30_52.40_52.50_52.60_52.70_,5_30_84_28_18_,52.20_52.10_52.00_51.90_51.80_,6_20_49_18_14_
11:33:30,52.30,2,665,52.30_52.40_52.50_52.60_52.70_,5_32_83_28_17_,52.20_52.10_52.00_51.90_51.80_,6_20_49_18_14_
11:33:45,52.30,2,665,52.30_52.40_52.50_52.60_52.70_,5_31_83_28_17_,52.20_52.10_52.00_51.90_51.80_,6_20_49_18_14_
11:34:36,52.30,1,673,52.40_52.50_52.60_52.70_52.80_,30_83_27_17_16_,52.30_52.20_52.10_52.00_51.90_,3_6_41_35_11_
11:35:22,52.30,1,675,52.40_52.50_52.60_52.70_52.80_,30_83_27_17_16_,52.30_52.20_52.10_52.00_51.90_,1_7_41_35_11_
11:35:38,52.30,1,675,52.40_52.50_52.60_52.70_52.80_,30_83_27_17_16_,52.30_52.20_52.10_52.00_51.90_,2_7_41_35_11_
11:37:25,52.30,4,679,52.30_52.40_52.50_52.60_52.70_,4_30_83_28_17_,52.20_52.10_52.00_51.90_51.80_,9_20_49_18_14_
11:37:51,52.30,4,679,52.30_52.40_52.50_52.60_52.70_,4_30_83_28_17_,52.20_52.10_52.00_51.90_51.80_,11_20_49_18_14_
11:37:56,52.30,4,679,52.30_52.40_52.50_52.60_52.70_,5_30_83_28_17_,52.20_52.10_52.00_51.90_51.80_,11_20_49_18_14_
11:38:01,52.30,4,679,52.30_52.40_52.50_52.60_52.70_,5_30_83_29_16_,52.20_52.10_52.00_51.90_51.80_,11_20_49_18_14_
11:38:52,52.30,4,679,52.30_52.40_52.50_52.60_52.70_,5_35_75_29_16_,52.20_52.10_52.00_51.90_51.80_,11_20_49_18_14_
11:39:08,52.30,4,679,52.30_52.40_52.50_52.60_52.70_,5_34_75_29_16_,52.20_52.10_52.00_51.90_51.80_,11_20_49_18_14_
11:39:23,52.30,4,679,52.30_52.40_52.50_52.60_52.70_,5_34_75_29_16_,52.20_52.10_52.00_51.90_51.80_,10_21_49_18_14_
11:39:59,52.30,4,679,52.30_52.40_52.50_52.60_52.70_,5_33_75_29_16_,52.20_52.10_52.00_51.90_51.80_,9_21_49_18_14_
11:40:35,52.30,4,679,52.30_52.40_52.50_52.60_52.70_,10_33_75_29_16_,52.20_52.10_52.00_51.90_51.80_,9_21_49_18_14_
11:41:26,52.30,4,679,52.30_52.40_52.50_52.60_52.70_,10_33_75_29_16_,52.20_52.10_52.00_51.90_51.80_,10_21_49_18_14_
11:42:23,52.30,4,679,52.30_52.40_52.50_52.60_52.70_,10_33_75_29_16_,52.20_52.10_52.00_51.90_51.80_,10_21_49_18_19_
11:42:38,52.30,4,679,52.30_52.40_52.50_52.60_52.70_,10_33_75_29_16_,52.20_52.10_52.00_51.90_51.80_,13_21_49_18_19_
11:42:48,52.30,4,679,52.30_52.40_52.50_52.60_52.70_,10_33_75_29_16_,52.20_52.10_52.00_51.90_51.80_,15_21_49_18_19_
11:44:05,52.30,4,679,52.30_52.40_52.50_52.60_52.70_,10_35_75_29_16_,52.20_52.10_52.00_51.90_51.80_,16_21_49_18_19_
11:45:12,52.30,4,679,52.30_52.40_52.50_52.60_52.70_,10_35_81_28_17_,52.20_52.10_52.00_51.90_51.80_,17_21_49_18_19_
11:46:23,52.30,1,680,52.30_52.40_52.50_52.60_52.70_,10_35_81_29_16_,52.20_52.10_52.00_51.90_51.80_,17_21_49_18_19_
11:46:44,52.20,2,682,52.30_52.40_52.50_52.60_52.70_,10_35_81_29_16_,52.20_52.10_52.00_51.90_51.80_,15_21_49_18_19_
11:46:49,52.20,2,682,52.30_52.40_52.50_52.60_52.70_,10_35_81_28_17_,52.20_52.10_52.00_51.90_51.80_,15_16_54_18_19_
11:47:45,52.20,2,684,52.30_52.40_52.50_52.60_52.70_,10_35_76_28_17_,52.20_52.10_52.00_51.90_51.80_,14_16_54_18_19_
11:48:31,52.20,5,689,52.30_52.40_52.50_52.60_52.70_,10_35_76_28_17_,52.20_52.10_52.00_51.90_51.80_,9_16_54_18_19_
11:48:37,52.20,5,689,52.30_52.40_52.50_52.60_52.70_,10_35_76_28_17_,52.20_52.10_52.00_51.90_51.80_,9_17_54_18_19_
11:48:57,52.20,5,689,52.30_52.40_52.50_52.60_52.70_,10_35_76_28_17_,52.20_52.10_52.00_51.90_51.80_,10_17_54_18_19_
11:49:07,52.20,5,689,52.30_52.40_52.50_52.60_52.70_,9_35_76_28_17_,52.20_52.10_52.00_51.90_51.80_,10_16_54_18_19_
11:49:33,52.30,1,692,52.30_52.40_52.50_52.60_52.70_,8_35_76_29_16_,52.20_52.10_52.00_51.90_51.80_,8_16_54_18_19_
11:50:50,52.30,1,692,52.30_52.40_52.50_52.60_52.70_,8_35_76_29_16_,52.20_52.10_52.00_51.90_51.80_,9_16_54_18_19_
11:50:55,52.30,1,692,52.30_52.40_52.50_52.60_52.70_,8_35_76_29_16_,52.20_52.10_52.00_51.90_51.80_,10_16_50_22_19_
11:52:48,52.20,2,696,52.30_52.40_52.50_52.60_52.70_,8_36_76_28_17_,52.20_52.10_52.00_51.90_51.80_,5_21_49_18_19_
11:52:58,52.20,2,696,52.30_52.40_52.50_52.60_52.70_,8_36_76_28_17_,52.20_52.10_52.00_51.90_51.80_,6_21_49_18_19_
11:53:39,52.20,2,696,52.30_52.40_52.50_52.60_52.70_,8_36_76_28_17_,52.20_52.10_52.00_51.90_51.80_,11_21_49_18_19_
11:54:31,52.20,2,698,52.30_52.40_52.50_52.60_52.70_,8_36_76_28_17_,52.20_52.10_52.00_51.90_51.80_,9_21_49_18_19_
11:54:51,52.30,1,699,52.30_52.40_52.50_52.60_52.70_,7_36_76_28_17_,52.20_52.10_52.00_51.90_51.80_,9_21_49_18_19_
11:54:56,52.30,1,699,52.30_52.40_52.50_52.60_52.70_,7_36_76_29_16_,52.20_52.10_52.00_51.90_51.80_,9_21_49_18_19_
11:55:22,52.30,1,699,52.30_52.40_52.50_52.60_52.70_,7_36_76_29_16_,52.20_52.10_52.00_51.90_51.80_,10_21_49_18_19_
11:55:58,52.30,1,699,52.30_52.40_52.50_52.60_52.70_,7_36_76_29_16_,52.20_52.10_52.00_51.90_51.80_,11_21_49_18_19_
11:56:03,52.30,1,699,52.30_52.40_52.50_52.60_52.70_,7_37_76_29_16_,52.20_52.10_52.00_51.90_51.80_,11_21_49_18_19_
11:56:13,52.20,2,701,52.30_52.40_52.50_52.60_52.70_,7_37_76_29_16_,52.20_52.10_52.00_51.90_51.80_,9_21_49_18_19_
11:56:18,52.20,2,701,52.30_52.40_52.50_52.60_52.70_,7_37_76_28_17_,52.20_52.10_52.00_51.90_51.80_,9_21_49_18_19_
11:56:54,52.20,2,701,52.30_52.40_52.50_52.60_52.70_,8_37_76_28_17_,52.20_52.10_52.00_51.90_51.80_,11_21_49_18_19_
11:59:02,52.20,2,703,52.30_52.40_52.50_52.60_52.70_,8_37_76_28_17_,52.20_52.10_52.00_51.90_51.80_,9_21_49_19_19_
11:59:38,52.20,2,705,52.30_52.40_52.50_52.60_52.70_,8_37_76_28_17_,52.20_52.10_52.00_51.90_51.80_,8_21_49_19_19_
12:00:14,52.20,2,705,52.30_52.40_52.50_52.60_52.70_,8_37_76_28_17_,52.20_52.10_52.00_51.90_51.80_,8_20_49_19_19_
12:00:39,52.20,2,705,52.30_52.40_52.50_52.60_52.70_,8_37_76_28_17_,52.20_52.10_52.00_51.90_51.80_,8_23_49_19_19_
12:00:44,52.20,2,707,52.30_52.40_52.50_52.60_52.70_,8_37_76_28_17_,52.20_52.10_52.00_51.90_51.80_,6_23_49_19_19_
12:01:00,52.20,2,709,52.30_52.40_52.50_52.60_52.70_,9_36_76_28_17_,52.20_52.10_52.00_51.90_51.80_,4_23_49_19_19_
12:01:05,52.20,2,711,52.30_52.40_52.50_52.60_52.70_,9_36_76_28_17_,52.20_52.10_52.00_51.90_51.80_,2_23_49_19_19_
12:01:10,52.20,2,711,52.30_52.40_52.50_52.60_52.70_,9_36_76_28_17_,52.20_52.10_52.00_51.90_51.80_,3_23_49_19_19_
12:01:46,52.30,5,716,52.30_52.40_52.50_52.60_52.70_,3_36_76_28_17_,52.20_52.10_52.00_51.90_51.80_,3_22_49_19_19_
12:01:51,52.30,5,716,52.30_52.40_52.50_52.60_52.70_,3_36_76_29_16_,52.20_52.10_52.00_51.90_51.80_,3_22_49_19_19_
12:02:12,52.30,5,716,52.30_52.40_52.50_52.60_52.70_,3_36_76_29_16_,52.20_52.10_52.00_51.90_51.80_,3_23_49_19_19_
12:02:37,52.30,5,716,52.30_52.40_52.50_52.60_52.70_,18_36_76_29_16_,52.20_52.10_52.00_51.90_51.80_,3_23_49_19_19_
12:03:03,52.20,3,719,52.20_52.30_52.40_52.50_52.60_,1_18_36_76_29_,52.10_52.00_51.90_51.80_51.70_,18_54_19_19_2_
12:03:18,52.20,3,719,52.20_52.30_52.40_52.50_52.60_,1_18_36_77_28_,52.10_52.00_51.90_51.80_51.70_,20_33_33_20_2_
12:03:23,52.20,3,719,52.20_52.30_52.40_52.50_52.60_,1_18_36_77_28_,52.10_52.00_51.90_51.80_51.70_,21_33_33_20_2_
12:03:29,52.20,3,719,52.20_52.30_52.40_52.50_52.60_,1_18_35_77_28_,52.10_52.00_51.90_51.80_51.70_,20_33_33_20_2_
12:04:30,52.20,3,719,52.20_52.30_52.40_52.50_52.60_,2_18_35_77_28_,52.10_52.00_51.90_51.80_51.70_,20_33_33_20_2_
12:04:35,52.20,3,719,52.20_52.30_52.40_52.50_52.60_,2_18_35_77_28_,52.10_52.00_51.90_51.80_51.70_,21_33_33_20_2_
12:04:45,52.10,2,721,52.20_52.30_52.40_52.50_52.60_,2_18_35_77_28_,52.10_52.00_51.90_51.80_51.70_,19_37_33_20_2_
12:04:56,52.10,2,721,52.20_52.30_52.40_52.50_52.60_,2_23_30_77_28_,52.10_52.00_51.90_51.80_51.70_,18_37_34_18_2_
12:05:21,52.10,2,721,52.20_52.30_52.40_52.50_52.60_,2_23_30_77_28_,52.10_52.00_51.90_51.80_51.70_,19_37_34_18_2_
12:06:33,52.10,2,723,52.20_52.30_52.40_52.50_52.60_,2_23_30_77_28_,52.10_52.00_51.90_51.80_51.70_,19_37_34_18_2_
12:07:04,52.10,2,723,52.20_52.30_52.40_52.50_52.60_,2_23_30_77_28_,52.10_52.00_51.90_51.80_51.70_,19_38_34_18_2_
12:07:24,52.10,2,723,52.20_52.30_52.40_52.50_52.60_,2_23_30_77_28_,52.10_52.00_51.90_51.80_51.70_,21_39_34_18_2_
12:07:50,52.10,2,723,52.20_52.30_52.40_52.50_52.60_,2_23_30_77_28_,52.10_52.00_51.90_51.80_51.70_,23_39_34_18_2_
12:08:15,52.10,2,725,52.20_52.30_52.40_52.50_52.60_,2_23_30_77_28_,52.10_52.00_51.90_51.80_51.70_,20_39_34_18_2_
12:09:22,52.10,1,726,52.20_52.30_52.40_52.50_52.60_,8_23_30_77_28_,52.10_52.00_51.90_51.80_51.70_,18_39_34_18_2_
12:11:10,52.10,1,726,52.20_52.30_52.40_52.50_52.60_,13_23_30_77_28_,52.10_52.00_51.90_51.80_51.70_,18_33_39_18_2_
12:12:37,52.10,1,726,52.20_52.30_52.40_52.50_52.60_,13_23_30_77_28_,52.10_52.00_51.90_51.80_51.70_,19_33_39_18_2_
12:12:52,52.10,1,726,52.20_52.30_52.40_52.50_52.60_,13_23_30_77_28_,52.10_52.00_51.90_51.80_51.70_,20_33_39_18_2_
12:13:07,52.10,1,726,52.20_52.30_52.40_52.50_52.60_,13_23_30_77_28_,52.10_52.00_51.90_51.80_51.70_,20_38_34_18_2_
12:13:43,52.10,1,726,52.20_52.30_52.40_52.50_52.60_,13_23_31_77_28_,52.10_52.00_51.90_51.80_51.70_,20_38_34_18_2_
12:13:59,52.10,1,726,52.20_52.30_52.40_52.50_52.60_,13_24_31_77_28_,52.10_52.00_51.90_51.80_51.70_,20_38_34_18_2_
12:14:29,52.10,7,733,52.20_52.30_52.40_52.50_52.60_,13_24_31_77_28_,52.10_52.00_51.90_51.80_51.70_,13_38_34_18_2_
12:14:40,52.20,10,743,52.20_52.30_52.40_52.50_52.60_,5_24_31_77_28_,52.10_52.00_51.90_51.80_51.70_,13_38_34_18_2_
12:14:45,52.20,10,743,52.20_52.30_52.40_52.50_52.60_,5_24_31_78_27_,52.10_52.00_51.90_51.80_51.70_,13_38_33_19_2_
12:14:50,52.20,10,743,52.20_52.30_52.40_52.50_52.60_,5_24_31_78_27_,52.10_52.00_51.90_51.80_51.70_,14_38_33_19_2_
12:14:55,52.20,1,744,52.20_52.30_52.40_52.50_52.60_,4_34_31_78_27_,52.10_52.00_51.90_51.80_51.70_,13_38_33_19_2_
12:15:10,52.20,1,744,52.20_52.30_52.40_52.50_52.60_,4_34_31_78_27_,52.10_52.00_51.90_51.80_51.70_,13_39_33_19_2_
12:16:22,52.20,1,744,52.20_52.30_52.40_52.50_52.60_,5_34_31_78_27_,52.10_52.00_51.90_51.80_51.70_,13_39_33_19_2_
12:16:48,52.20,1,744,52.20_52.30_52.40_52.50_52.60_,5_34_31_78_27_,52.10_52.00_51.90_51.80_51.70_,14_39_33_19_2_
12:17:13,52.20,1,744,52.20_52.30_52.40_52.50_52.60_,5_34_31_78_27_,52.10_52.00_51.90_51.80_51.70_,15_39_33_19_2_
12:17:18,52.20,1,745,52.20_52.30_52.40_52.50_52.60_,4_34_31_78_27_,52.10_52.00_51.90_51.80_51.70_,15_39_33_19_2_
12:17:59,52.20,1,746,52.20_52.30_52.40_52.50_52.60_,3_34_31_78_27_,52.10_52.00_51.90_51.80_51.70_,15_36_33_19_2_
12:18:20,52.20,1,746,52.20_52.30_52.40_52.50_52.60_,8_34_31_77_28_,52.10_52.00_51.90_51.80_51.70_,15_36_33_19_2_
12:18:35,52.20,1,746,52.20_52.30_52.40_52.50_52.60_,9_33_31_78_27_,52.10_52.00_51.90_51.80_51.70_,16_36_33_19_2_
12:18:40,52.20,1,746,52.20_52.30_52.40_52.50_52.60_,9_33_31_78_27_,52.10_52.00_51.90_51.80_51.70_,15_36_33_19_2_
12:20:13,52.20,1,746,52.20_52.30_52.40_52.50_52.60_,9_33_31_78_27_,52.10_52.00_51.90_51.80_51.70_,15_37_33_19_2_
12:20:18,52.20,1,746,52.20_52.30_52.40_52.50_52.60_,9_33_31_78_27_,52.10_52.00_51.90_51.80_51.70_,16_37_33_19_2_
12:23:17,52.20,1,746,52.20_52.30_52.40_52.50_52.60_,9_33_31_78_27_,52.10_52.00_51.90_51.80_51.70_,17_37_33_19_2_
12:23:27,52.20,1,747,52.20_52.30_52.40_52.50_52.60_,8_33_31_78_27_,52.10_52.00_51.90_51.80_51.70_,17_37_33_19_2_
12:23:43,52.20,1,747,52.20_52.30_52.40_52.50_52.60_,7_33_31_78_27_,52.10_52.00_51.90_51.80_51.70_,17_36_33_19_2_
12:24:39,52.20,1,747,52.20_52.30_52.40_52.50_52.60_,8_33_30_78_27_,52.10_52.00_51.90_51.80_51.70_,17_36_33_19_2_
12:25:05,52.20,1,747,52.20_52.30_52.40_52.50_52.60_,8_33_30_78_27_,52.10_52.00_51.90_51.80_51.70_,17_36_33_20_2_
12:26:11,52.20,1,747,52.20_52.30_52.40_52.50_52.60_,9_33_30_78_27_,52.10_52.00_51.90_51.80_51.70_,17_37_33_20_2_
12:26:37,52.20,1,747,52.20_52.30_52.40_52.50_52.60_,9_33_30_78_27_,52.10_52.00_51.90_51.80_51.70_,18_37_34_19_2_
12:26:57,52.20,5,752,52.20_52.30_52.40_52.50_52.60_,4_33_30_78_27_,52.10_52.00_51.90_51.80_51.70_,19_37_34_19_2_
12:27:02,52.20,4,756,52.30_52.40_52.50_52.60_52.70_,33_30_78_27_16_,52.20_52.10_52.00_51.90_51.80_,1_19_37_33_20_
12:27:23,52.20,4,756,52.30_52.40_52.50_52.60_52.70_,28_35_76_29_16_,52.20_52.10_52.00_51.90_51.80_,12_10_58_13_19_
12:28:04,52.20,4,756,52.30_52.40_52.50_52.60_52.70_,28_35_76_29_16_,52.20_52.10_52.00_51.90_51.80_,16_6_58_13_19_
12:28:19,52.20,4,756,52.30_52.40_52.50_52.60_52.70_,28_35_76_29_16_,52.20_52.10_52.00_51.90_51.80_,17_6_58_13_19_
12:28:34,52.20,4,756,52.30_52.40_52.50_52.60_52.70_,28_35_76_29_16_,52.20_52.10_52.00_51.90_51.80_,18_6_58_13_19_
12:28:40,52.20,4,756,52.30_52.40_52.50_52.60_52.70_,28_35_76_29_16_,52.20_52.10_52.00_51.90_51.80_,19_6_59_12_19_
12:28:50,52.20,4,756,52.30_52.40_52.50_52.60_52.70_,29_35_76_29_16_,52.20_52.10_52.00_51.90_51.80_,19_6_59_12_19_
12:29:10,52.20,4,756,52.30_52.40_52.50_52.60_52.70_,41_35_76_29_16_,52.20_52.10_52.00_51.90_51.80_,19_7_59_12_19_
12:30:07,52.20,4,756,52.30_52.40_52.50_52.60_52.70_,41_35_76_29_16_,52.20_52.10_52.00_51.90_51.80_,20_7_59_12_19_
12:30:12,52.30,1,757,52.30_52.40_52.50_52.60_52.70_,40_35_76_29_16_,52.20_52.10_52.00_51.90_51.80_,20_7_59_12_19_
12:30:17,52.20,2,759,52.30_52.40_52.50_52.60_52.70_,40_35_76_29_16_,52.20_52.10_52.00_51.90_51.80_,18_7_58_13_19_
12:30:22,52.20,2,759,52.30_52.40_52.50_52.60_52.70_,39_35_76_29_16_,52.20_52.10_52.00_51.90_51.80_,17_7_59_12_19_
12:30:27,52.20,2,759,52.30_52.40_52.50_52.60_52.70_,39_35_76_29_16_,52.20_52.10_52.00_51.90_51.80_,19_7_59_12_19_
12:30:38,52.20,4,763,52.30_52.40_52.50_52.60_52.70_,39_35_76_29_16_,52.20_52.10_52.00_51.90_51.80_,16_7_59_12_19_
12:31:34,52.20,4,763,52.30_52.40_52.50_52.60_52.70_,40_35_74_29_16_,52.20_52.10_52.00_51.90_51.80_,16_7_59_12_19_
12:31:44,52.30,2,765,52.30_52.40_52.50_52.60_52.70_,38_35_74_29_16_,52.20_52.10_52.00_51.90_51.80_,16_7_59_12_19_
12:31:49,52.30,2,765,52.30_52.40_52.50_52.60_52.70_,38_35_74_29_16_,52.20_52.10_52.00_51.90_51.80_,16_7_58_13_19_
12:32:00,52.20,2,767,52.30_52.40_52.50_52.60_52.70_,38_36_74_29_16_,52.20_52.10_52.00_51.90_51.80_,14_7_58_13_19_
12:32:05,52.30,1,768,52.30_52.40_52.50_52.60_52.70_,42_36_74_29_16_,52.20_52.10_52.00_51.90_51.80_,15_7_59_12_19_
12:32:10,52.30,1,768,52.30_52.40_52.50_52.60_52.70_,44_36_74_29_16_,52.20_52.10_52.00_51.90_51.80_,15_7_58_13_19_
12:32:25,52.30,1,768,52.30_52.40_52.50_52.60_52.70_,44_36_74_29_16_,52.20_52.10_52.00_51.90_51.80_,14_7_58_13_19_
12:32:46,52.30,1,768,52.30_52.40_52.50_52.60_52.70_,44_36_74_29_16_,52.20_52.10_52.00_51.90_51.80_,19_7_58_13_19_
12:34:44,52.30,1,768,52.30_52.40_52.50_52.60_52.70_,43_36_74_29_16_,52.20_52.10_52.00_51.90_51.80_,21_6_58_13_19_
12:35:14,52.30,1,768,52.30_52.40_52.50_52.60_52.70_,43_36_74_29_16_,52.20_52.10_52.00_51.90_51.80_,22_6_58_13_19_
12:35:24,52.20,2,770,52.30_52.40_52.50_52.60_52.70_,43_36_74_29_16_,52.20_52.10_52.00_51.90_51.80_,20_6_58_13_19_
12:35:30,52.20,2,770,52.30_52.40_52.50_52.60_52.70_,43_36_74_29_16_,52.20_52.10_52.00_51.90_51.80_,20_6_59_12_19_
12:35:40,52.20,2,770,52.30_52.40_52.50_52.60_52.70_,43_36_74_29_15_,52.20_52.10_52.00_51.90_51.80_,20_6_59_12_19_
12:36:46,52.20,2,770,52.30_52.40_52.50_52.60_52.70_,43_36_79_29_15_,52.20_52.10_52.00_51.90_51.80_,20_6_59_12_19_
12:36:57,52.20,2,772,52.30_52.40_52.50_52.60_52.70_,43_36_79_29_15_,52.20_52.10_52.00_51.90_51.80_,18_6_59_12_19_
12:37:02,52.20,2,772,52.30_52.40_52.50_52.60_52.70_,43_36_79_29_15_,52.20_52.10_52.00_51.90_51.80_,19_6_59_12_19_
12:37:12,52.20,2,774,52.30_52.40_52.50_52.60_52.70_,43_36_79_29_15_,52.20_52.10_52.00_51.90_51.80_,17_7_59_12_19_
12:37:48,52.20,2,774,52.30_52.40_52.50_52.60_52.70_,43_36_79_29_15_,52.20_52.10_52.00_51.90_51.80_,18_7_59_12_19_
12:37:58,52.20,2,774,52.30_52.40_52.50_52.60_52.70_,44_36_79_29_15_,52.20_52.10_52.00_51.90_51.80_,18_7_59_12_19_
12:38:13,52.20,18,792,52.20_52.30_52.40_52.50_52.60_,2_44_36_79_29_,52.10_52.00_51.90_51.80_51.70_,7_59_12_19_2_
12:38:24,52.20,18,792,52.20_52.30_52.40_52.50_52.60_,4_49_31_81_27_,52.10_52.00_51.90_51.80_51.70_,8_36_34_19_2_
12:38:54,52.10,7,799,52.20_52.30_52.40_52.50_52.60_,4_50_30_81_27_,52.10_52.00_51.90_51.80_51.70_,3_36_34_19_2_
12:39:35,52.10,7,799,52.20_52.30_52.40_52.50_52.60_,7_50_30_81_27_,52.10_52.00_51.90_51.80_51.70_,3_36_34_19_2_
12:40:11,52.10,7,799,52.20_52.30_52.40_52.50_52.60_,7_50_30_81_27_,52.10_52.00_51.90_51.80_51.70_,4_36_34_19_2_
12:40:37,52.10,2,801,52.20_52.30_52.40_52.50_52.60_,7_50_30_81_27_,52.10_52.00_51.90_51.80_51.70_,3_36_34_19_2_
12:40:57,52.10,2,801,52.20_52.30_52.40_52.50_52.60_,8_50_30_81_27_,52.10_52.00_51.90_51.80_51.70_,3_36_34_19_2_
12:41:03,52.10,2,801,52.20_52.30_52.40_52.50_52.60_,8_50_30_82_27_,52.10_52.00_51.90_51.80_51.70_,3_36_34_19_2_
12:41:39,52.10,2,804,52.20_52.30_52.40_52.50_52.60_,13_50_30_82_27_,52.00_51.90_51.80_51.70_51.60_,36_34_19_2_51_
12:41:44,52.00,2,806,52.20_52.30_52.40_52.50_52.60_,13_50_31_81_27_,52.00_51.90_51.80_51.70_51.60_,35_27_26_2_51_
12:41:49,52.00,2,806,52.20_52.30_52.40_52.50_52.60_,13_50_31_81_27_,52.00_51.90_51.80_51.70_51.60_,30_36_22_2_51_
12:42:19,52.00,2,806,52.20_52.30_52.40_52.50_52.60_,14_50_31_81_27_,52.00_51.90_51.80_51.70_51.60_,30_36_22_2_51_
12:43:11,52.00,2,806,52.10_52.20_52.30_52.40_52.50_,1_14_50_31_81_,52.00_51.90_51.80_51.70_51.60_,30_36_22_2_51_
12:43:16,52.00,2,806,52.10_52.20_52.30_52.40_52.50_,1_14_50_31_81_,52.00_51.90_51.80_51.70_51.60_,30_32_26_2_51_
12:43:21,52.00,2,806,52.10_52.20_52.30_52.40_52.50_,1_14_50_31_81_,52.00_51.90_51.80_51.70_51.60_,30_32_26_2_52_
12:43:26,52.00,2,806,52.10_52.20_52.30_52.40_52.50_,2_13_50_31_81_,52.00_51.90_51.80_51.70_51.60_,30_32_26_2_52_
12:43:31,52.00,2,806,52.10_52.20_52.30_52.40_52.50_,2_14_49_31_81_,52.00_51.90_51.80_51.70_51.60_,30_32_26_2_52_
12:43:47,52.00,2,808,52.10_52.20_52.30_52.40_52.50_,2_14_49_32_81_,52.00_51.90_51.80_51.70_51.60_,30_32_26_2_52_
12:43:57,52.00,2,808,52.10_52.20_52.30_52.40_52.50_,7_14_49_32_81_,52.00_51.90_51.80_51.70_51.60_,30_32_26_2_52_
12:44:07,52.00,2,808,52.10_52.20_52.30_52.40_52.50_,7_14_49_32_78_,52.00_51.90_51.80_51.70_51.60_,30_32_26_2_52_
12:44:12,52.00,2,808,52.10_52.20_52.30_52.40_52.50_,7_14_49_27_78_,52.00_51.90_51.80_51.70_51.60_,30_32_26_2_52_
12:45:50,52.10,1,811,52.10_52.20_52.30_52.40_52.50_,4_14_49_28_77_,52.00_51.90_51.80_51.70_51.60_,28_17_41_2_52_
12:45:55,52.10,1,811,52.10_52.20_52.30_52.40_52.50_,4_19_44_28_77_,52.00_51.90_51.80_51.70_51.60_,28_17_41_2_52_
12:46:46,52.10,1,811,52.10_52.20_52.30_52.40_52.50_,4_19_44_28_77_,52.00_51.90_51.80_51.70_51.60_,29_17_41_2_52_
12:47:17,52.10,1,811,52.10_52.20_52.30_52.40_52.50_,7_19_42_28_77_,52.00_51.90_51.80_51.70_51.60_,30_17_41_2_52_
12:47:22,52.00,2,813,52.10_52.20_52.30_52.40_52.50_,7_19_42_28_77_,52.00_51.90_51.80_51.70_51.60_,28_17_41_2_52_
12:47:32,52.10,1,814,52.10_52.20_52.30_52.40_52.50_,6_19_42_28_77_,52.00_51.90_51.80_51.70_51.60_,28_17_41_2_52_
12:47:58,52.00,2,816,52.10_52.20_52.30_52.40_52.50_,6_19_42_28_77_,52.00_51.90_51.80_51.70_51.60_,26_17_41_2_52_
12:48:03,52.00,2,816,52.10_52.20_52.30_52.40_52.50_,6_19_42_27_78_,52.00_51.90_51.80_51.70_51.60_,26_32_26_2_52_
12:48:13,52.00,2,816,52.10_52.20_52.30_52.40_52.50_,6_19_42_27_78_,52.00_51.90_51.80_51.70_51.60_,26_33_26_2_52_
12:48:23,52.00,2,818,52.10_52.20_52.30_52.40_52.50_,6_19_42_27_78_,52.00_51.90_51.80_51.70_51.60_,24_33_26_2_52_
12:49:04,52.00,2,822,52.10_52.20_52.30_52.40_52.50_,6_19_37_27_79_,52.00_51.90_51.80_51.70_51.60_,20_33_26_2_52_
12:49:30,52.00,3,825,52.10_52.20_52.30_52.40_52.50_,6_19_37_27_79_,52.00_51.90_51.80_51.70_51.60_,17_33_26_2_52_
12:50:00,52.00,3,825,52.10_52.20_52.30_52.40_52.50_,6_20_37_27_79_,52.00_51.90_51.80_51.70_51.60_,17_33_26_3_52_
12:51:38,52.00,1,831,52.10_52.20_52.30_52.40_52.50_,5_20_37_27_79_,52.00_51.90_51.80_51.70_51.60_,14_32_26_3_53_
12:53:15,52.00,1,831,52.10_52.20_52.30_52.40_52.50_,5_15_37_27_74_,52.00_51.90_51.80_51.70_51.60_,17_32_26_3_53_
12:53:31,52.00,1,831,52.10_52.20_52.30_52.40_52.50_,5_14_37_27_74_,52.00_51.90_51.80_51.70_51.60_,16_32_26_3_53_
12:54:22,52.00,1,831,52.10_52.20_52.30_52.40_52.50_,5_14_37_28_73_,52.00_51.90_51.80_51.70_51.60_,17_32_26_3_53_
12:54:43,52.00,1,831,52.10_52.20_52.30_52.40_52.50_,5_14_37_28_73_,52.00_51.90_51.80_51.70_51.60_,19_33_27_3_54_
12:55:23,52.00,1,832,52.10_52.20_52.30_52.40_52.50_,5_14_37_28_72_,52.00_51.90_51.80_51.70_51.60_,26_34_27_3_54_
12:55:28,52.00,4,836,52.10_52.20_52.30_52.40_52.50_,5_14_37_27_73_,52.00_51.90_51.80_51.70_51.60_,22_34_27_3_54_
12:58:12,52.00,1,839,52.10_52.20_52.30_52.40_52.50_,5_14_37_28_72_,52.00_51.90_51.80_51.70_51.60_,20_34_27_3_54_
12:58:43,52.00,1,839,52.10_52.20_52.30_52.40_52.50_,5_14_37_28_72_,52.00_51.90_51.80_51.70_51.60_,21_34_27_3_54_
12:58:53,52.00,1,839,52.10_52.20_52.30_52.40_52.50_,5_14_37_28_72_,52.00_51.90_51.80_51.70_51.60_,28_34_27_3_54_
12:59:09,52.00,2,841,52.10_52.20_52.30_52.40_52.50_,5_14_37_28_72_,52.00_51.90_51.80_51.70_51.60_,27_34_26_3_54_
12:59:24,52.00,2,843,52.10_52.20_52.30_52.40_52.50_,5_14_37_28_72_,52.00_51.90_51.80_51.70_51.60_,24_34_26_3_54_
12:59:50,52.00,2,843,52.10_52.20_52.30_52.40_52.50_,5_14_37_28_72_,52.00_51.90_51.80_51.70_51.60_,25_33_26_3_54_
13:01:27,52.00,2,845,52.10_52.20_52.30_52.40_52.50_,7_14_37_28_72_,52.00_51.90_51.80_51.70_51.60_,25_33_26_3_54_
13:01:53,52.00,2,845,52.10_52.20_52.30_52.40_52.50_,7_14_37_28_72_,52.00_51.90_51.80_51.70_51.60_,26_33_28_3_54_
13:02:44,52.00,2,847,52.10_52.20_52.30_52.40_52.50_,7_14_37_28_72_,52.00_51.90_51.80_51.70_51.60_,24_33_28_3_54_
13:03:00,52.00,5,852,52.10_52.20_52.30_52.40_52.50_,7_14_37_28_72_,52.00_51.90_51.80_51.70_51.60_,19_33_28_3_54_
13:03:05,52.00,5,852,52.10_52.20_52.30_52.40_52.50_,7_14_37_28_72_,52.00_51.90_51.80_51.70_51.60_,19_33_29_3_54_
13:03:10,52.00,5,852,52.10_52.20_52.30_52.40_52.50_,7_14_37_28_72_,52.00_51.90_51.80_51.70_51.60_,21_33_30_3_54_
13:05:08,52.00,3,875,52.10_52.20_52.30_52.40_52.50_,7_14_37_28_72_,52.00_51.90_51.80_51.70_51.60_,11_34_31_3_55_
13:05:18,52.10,7,882,52.20_52.30_52.40_52.50_52.60_,14_37_28_72_24_,52.10_52.00_51.90_51.80_51.70_,9_11_34_31_3_
13:05:23,52.10,7,882,52.20_52.30_52.40_52.50_52.60_,13_37_26_74_24_,52.10_52.00_51.90_51.80_51.70_,11_8_42_23_3_
13:05:28,52.10,7,882,52.20_52.30_52.40_52.50_52.60_,14_37_26_74_24_,52.10_52.00_51.90_51.80_51.70_,18_7_42_23_3_
13:05:33,52.10,7,882,52.20_52.30_52.40_52.50_52.60_,14_37_26_74_24_,52.10_52.00_51.90_51.80_51.70_,23_7_42_23_3_
13:05:44,52.20,1,883,52.20_52.30_52.40_52.50_52.60_,7_42_26_74_24_,52.10_52.00_51.90_51.80_51.70_,23_6_42_24_3_
13:05:49,52.20,1,883,52.20_52.30_52.40_52.50_52.60_,7_42_27_73_24_,52.10_52.00_51.90_51.80_51.70_,23_6_42_24_3_
13:05:59,52.20,1,884,52.20_52.30_52.40_52.50_52.60_,6_42_27_73_24_,52.10_52.00_51.90_51.80_51.70_,24_6_42_24_3_
13:06:45,52.10,2,886,52.20_52.30_52.40_52.50_52.60_,6_42_27_73_24_,52.10_52.00_51.90_51.80_51.70_,22_6_42_24_3_
13:06:50,52.10,2,886,52.20_52.30_52.40_52.50_52.60_,6_42_26_74_24_,52.10_52.00_51.90_51.80_51.70_,22_6_42_24_3_
13:07:26,52.10,2,886,52.20_52.30_52.40_52.50_52.60_,7_42_26_74_24_,52.10_52.00_51.90_51.80_51.70_,23_6_42_24_3_
13:08:12,52.10,2,886,52.20_52.30_52.40_52.50_52.60_,7_42_26_74_24_,52.10_52.00_51.90_51.80_51.70_,24_6_42_24_3_
13:08:23,52.10,2,886,52.20_52.30_52.40_52.50_52.60_,8_42_26_74_24_,52.10_52.00_51.90_51.80_51.70_,24_6_42_24_3_
13:08:48,52.10,2,886,52.20_52.30_52.40_52.50_52.60_,8_42_26_74_24_,52.10_52.00_51.90_51.80_51.70_,24_6_42_22_3_
13:08:59,52.10,2,886,52.20_52.30_52.40_52.50_52.60_,8_42_26_74_24_,52.10_52.00_51.90_51.80_51.70_,24_6_42_21_3_
13:09:09,52.10,2,886,52.20_52.30_52.40_52.50_52.60_,8_42_26_74_24_,52.10_52.00_51.90_51.80_51.70_,24_6_41_21_3_
13:10:11,52.10,2,886,52.20_52.30_52.40_52.50_52.60_,8_42_26_74_24_,52.10_52.00_51.90_51.80_51.70_,25_6_41_21_3_
13:10:26,52.20,1,887,52.20_52.30_52.40_52.50_52.60_,7_42_27_73_24_,52.10_52.00_51.90_51.80_51.70_,25_6_42_21_3_
13:10:52,52.20,1,888,52.20_52.30_52.40_52.50_52.60_,6_42_27_73_24_,52.10_52.00_51.90_51.80_51.70_,25_6_42_21_3_
13:12:24,52.20,1,888,52.20_52.30_52.40_52.50_52.60_,6_42_27_73_24_,52.10_52.00_51.90_51.80_51.70_,25_7_42_21_3_
13:14:01,52.20,1,888,52.20_52.30_52.40_52.50_52.60_,11_42_27_73_24_,52.10_52.00_51.90_51.80_51.70_,25_7_42_21_3_
13:15:08,52.20,1,889,52.20_52.30_52.40_52.50_52.60_,10_42_27_73_24_,52.10_52.00_51.90_51.80_51.70_,25_7_42_21_3_
13:16:20,52.10,5,894,52.20_52.30_52.40_52.50_52.60_,10_42_27_73_24_,52.10_52.00_51.90_51.80_51.70_,20_7_42_21_3_
13:16:56,52.10,1,895,52.20_52.30_52.40_52.50_52.60_,10_42_27_73_24_,52.10_52.00_51.90_51.80_51.70_,20_7_42_21_3_
13:17:26,52.10,4,899,52.20_52.30_52.40_52.50_52.60_,9_42_27_73_24_,52.10_52.00_51.90_51.80_51.70_,16_7_43_20_3_
13:20:00,52.10,1,902,52.20_52.30_52.40_52.50_52.60_,11_43_27_72_24_,52.10_52.00_51.90_51.80_51.70_,14_7_43_20_3_
13:21:53,52.10,1,908,52.20_52.30_52.40_52.50_52.60_,8_43_27_72_24_,52.10_52.00_51.90_51.80_51.70_,8_8_42_20_3_
13:22:34,52.10,1,908,52.20_52.30_52.40_52.50_52.60_,8_43_34_72_24_,52.10_52.00_51.90_51.80_51.70_,8_8_42_57_3_
13:24:42,52.20,1,916,52.20_52.30_52.40_52.50_52.60_,2_28_23_75_37_,52.10_52.00_51.90_51.80_51.70_,7_7_41_66_19_
13:24:58,52.20,2,918,52.30_52.40_52.50_52.60_52.70_,23_22_75_38_25_,52.20_52.10_52.00_51.90_51.80_,4_4_32_11_66_
13:25:30,52.20,2,918,52.30_52.40_52.50_52.60_52.70_,21_21_75_38_25_,52.20_52.10_52.00_51.90_51.80_,3_4_31_39_80_
13:25:45,52.20,2,918,52.30_52.40_52.50_52.60_52.70_,23_21_75_38_25_,52.20_52.10_52.00_51.90_51.80_,3_4_31_39_80_
13:26:00,52.20,2,918,52.20_52.30_52.40_52.50_52.60_,3_23_21_75_38_,52.10_52.00_51.90_51.80_51.70_,3_31_67_108_47_
13:26:06,52.20,2,918,52.20_52.30_52.40_52.50_52.60_,3_23_21_75_38_,52.00_51.90_51.80_51.70_51.60_,31_67_108_47_67_
13:26:11,52.20,2,918,52.20_52.30_52.40_52.50_52.60_,3_23_21_75_38_,52.00_51.90_51.80_51.70_51.60_,34_67_108_47_67_
13:27:02,52.20,2,918,52.20_52.30_52.40_52.50_52.60_,3_23_21_75_38_,52.10_52.00_51.90_51.80_51.70_,3_32_67_108_47_
13:28:34,52.20,2,918,52.20_52.30_52.40_52.50_52.60_,3_23_21_75_38_,52.00_51.90_51.80_51.70_51.60_,33_67_108_47_65_
13:29:05,52.20,2,918,52.20_52.30_52.40_52.50_52.60_,3_23_21_75_38_,52.10_52.00_51.90_51.80_51.70_,10_84_120_108_47_
13:29:15,52.20,2,918,52.20_52.30_52.40_52.50_52.60_,3_23_21_75_38_,52.10_52.00_51.90_51.80_51.70_,12_84_120_108_47_
13:30:00,52.10,25,943,52.20_52.30_52.40_52.50_52.60_,3_23_21_75_38_,52.10_52.00_51.90_51.80_51.70_,13_84_120_108_47_
