13:00:52,77.70,1,2815,77.80_77.90_78.00_78.10_78.20_,23_23_65_6_50_,77.70_77.60_77.50_77.40_77.30_,5_4_37_53_17_
13:02:09,77.70,1,2824,77.70_77.80_77.90_78.00_78.10_,3_15_23_66_44_,77.60_77.50_77.40_77.30_77.20_,6_37_19_49_9_
13:02:19,77.70,1,2824,77.70_77.80_77.90_78.00_78.10_,12_14_23_53_44_,77.60_77.50_77.40_77.30_77.20_,8_37_19_49_9_
13:03:36,77.70,1,2831,77.70_77.80_77.90_78.00_78.10_,8_14_10_53_44_,77.60_77.50_77.40_77.30_77.20_,6_36_19_49_9_
13:03:51,77.60,1,2832,77.70_77.80_77.90_78.00_78.10_,8_14_10_53_44_,77.60_77.50_77.40_77.30_77.20_,6_36_19_49_9_
13:04:12,77.60,1,2832,77.70_77.80_77.90_78.00_78.10_,22_14_10_53_44_,77.60_77.50_77.40_77.30_77.20_,6_36_12_49_16_
13:04:58,77.60,1,2835,77.70_77.80_77.90_78.00_78.10_,11_13_10_53_44_,77.60_77.50_77.40_77.30_77.20_,6_36_12_49_16_
13:08:54,77.60,1,2866,77.80_77.90_78.00_78.10_78.20_,28_19_27_6_53_,77.60_77.50_77.40_77.30_77.20_,30_30_44_16_7_
13:09:04,77.60,1,2866,77.70_77.80_77.90_78.00_78.10_,1_28_19_27_6_,77.60_77.50_77.40_77.30_77.20_,30_30_44_16_7_
13:09:09,77.70,2,2868,77.80_77.90_78.00_78.10_78.20_,23_19_27_43_13_,77.70_77.60_77.50_77.40_77.30_,2_29_30_20_39_
13:09:19,77.70,2,2868,77.80_77.90_78.00_78.10_78.20_,27_19_27_6_52_,77.70_77.60_77.50_77.40_77.30_,9_25_29_38_15_
13:09:24,77.70,2,2868,77.80_77.90_78.00_78.10_78.20_,27_19_27_6_52_,77.70_77.60_77.50_77.40_77.30_,10_24_29_38_15_
13:10:10,77.70,2,2872,77.80_77.90_78.00_78.10_78.20_,34_20_27_6_52_,77.70_77.60_77.50_77.40_77.30_,15_24_28_38_15_
13:10:36,77.70,2,2876,77.80_77.90_78.00_78.10_78.20_,33_19_27_6_52_,77.70_77.60_77.50_77.40_77.30_,14_24_28_38_15_
13:13:51,77.70,1,2924,77.80_77.90_78.00_78.10_78.20_,27_19_25_5_53_,77.70_77.60_77.50_77.40_77.30_,5_21_24_38_14_
13:14:01,77.70,1,2927,77.80_77.90_78.00_78.10_78.20_,26_19_25_5_53_,77.70_77.60_77.50_77.40_77.30_,3_21_24_38_14_
13:14:27,77.70,3,2931,77.80_77.90_78.00_78.10_78.20_,20_19_25_5_53_,77.70_77.60_77.50_77.40_77.30_,1_21_24_38_14_
13:14:42,77.70,2,2934,77.80_77.90_78.00_78.10_78.20_,20_19_25_49_14_,77.60_77.50_77.40_77.30_77.20_,22_24_14_38_5_
13:15:03,77.70,1,2938,77.80_77.90_78.00_78.10_78.20_,29_18_25_12_53_,77.70_77.60_77.50_77.40_77.30_,3_20_23_37_15_
13:15:28,77.70,2,2940,77.80_77.90_78.00_78.10_78.20_,22_17_25_12_53_,77.70_77.60_77.50_77.40_77.30_,1_20_23_37_15_
13:16:09,77.60,1,2946,77.70_77.80_77.90_78.00_78.10_,3_23_16_25_42_,77.60_77.50_77.40_77.30_77.20_,20_23_13_39_6_
13:16:20,77.70,2,2948,77.70_77.80_77.90_78.00_78.10_,2_21_16_25_63_,77.60_77.50_77.40_77.30_77.20_,31_23_13_39_6_
13:18:28,77.70,1,2976,77.70_77.80_77.90_78.00_78.10_,5_11_17_25_62_,77.60_77.50_77.40_77.30_77.20_,19_16_6_38_13_
13:18:33,77.70,1,2977,77.70_77.80_77.90_78.00_78.10_,4_11_17_25_62_,77.60_77.50_77.40_77.30_77.20_,20_17_5_38_13_
13:18:38,77.70,4,2981,77.80_77.90_78.00_78.10_78.20_,11_17_25_62_14_,77.60_77.50_77.40_77.30_77.20_,20_17_5_38_13_
13:20:25,77.60,1,3000,77.70_77.80_77.90_78.00_78.10_,5_7_17_25_62_,77.60_77.50_77.40_77.30_77.20_,14_18_13_39_6_
13:20:51,77.60,2,3007,77.70_77.80_77.90_78.00_78.10_,1_7_16_25_25_,77.60_77.50_77.40_77.30_77.20_,7_18_36_16_6_
13:22:18,77.50,5,3024,77.60_77.70_77.80_77.90_78.00_,10_10_8_17_85_,77.50_77.40_77.30_77.20_77.10_,23_6_15_37_9_
13:24:52,77.60,1,3054,77.60_77.70_77.80_77.90_78.00_,14_2_7_7_97_,77.50_77.40_77.30_77.20_77.10_,12_11_7_30_10_
13:24:58,77.50,1,3055,77.60_77.70_77.80_77.90_78.00_,14_2_7_7_97_,77.50_77.40_77.30_77.20_77.10_,11_11_7_30_10_
13:25:34,77.50,1,3055,77.60_77.70_77.80_77.90_78.00_,2_2_7_7_99_,77.00_76.90_76.80_76.70_76.60_,108_222_69_36_79_
13:25:44,77.50,1,3055,77.60_77.70_77.80_77.90_78.00_,2_2_6_6_99_,77.00_76.90_76.80_76.70_76.60_,115_222_69_36_79_
13:25:55,77.50,1,3055,77.60_77.70_77.80_77.90_78.00_,2_2_5_6_124_,77.00_76.90_76.80_76.70_76.60_,142_239_86_53_96_
13:26:00,77.50,1,3055,77.60_77.70_77.80_77.90_78.00_,2_2_5_6_129_,77.00_76.90_76.80_76.70_76.60_,137_239_86_53_96_
13:26:05,77.50,1,3055,77.60_77.70_77.80_77.90_78.00_,2_2_5_6_129_,77.10_77.00_76.90_76.80_76.70_,10_147_239_86_53_
13:26:10,77.50,1,3055,77.60_77.70_77.80_77.90_78.00_,2_2_5_6_129_,77.10_77.00_76.90_76.80_76.70_,5_147_239_86_53_
13:26:15,77.50,1,3055,77.60_77.70_77.80_77.90_78.00_,4_2_5_6_129_,77.10_77.00_76.90_76.80_76.70_,5_148_239_86_53_
13:27:06,77.50,1,3055,77.50_77.60_77.70_77.80_77.90_,1_3_1_5_5_,77.10_77.00_76.90_76.80_76.70_,17_148_239_85_53_
13:27:47,77.50,1,3055,77.50_77.60_77.70_77.80_77.90_,1_2_3_5_5_,77.10_77.00_76.90_76.80_76.70_,17_149_239_85_53_
13:27:58,77.50,1,3055,77.20_77.50_77.60_77.70_77.80_,2_1_2_3_5_,77.10_77.00_76.90_76.80_76.70_,26_149_239_84_53_
13:28:13,77.50,1,3055,77.50_77.60_77.70_77.80_77.90_,1_2_3_5_5_,77.10_77.00_76.90_76.80_76.70_,21_151_239_85_96_
13:28:38,77.50,1,3055,77.50_77.60_77.70_77.80_77.90_,2_2_3_5_5_,77.10_77.00_76.90_76.80_76.70_,30_151_239_85_96_
13:29:45,77.50,1,3055,77.50_77.60_77.70_77.80_77.90_,2_2_6_24_5_,77.30_77.20_77.10_77.00_76.90_,39_44_52_151_239_
13:30:00,77.30,239,3294,77.50_77.60_77.70_77.80_77.90_,16_8_6_30_5_,77.30_77.20_77.10_77.00_76.90_,40_44_52_151_239_
09:00:04,78.10,32,32,78.20_78.30_78.40_78.50_78.60_,2_6_4_22_1_,78.10_77.90_77.40_77.30_77.20_,1_1_2_18_1_
09:00:14,78.10,1,34,78.20_78.30_78.40_78.50_78.60_,5_6_4_18_1_,78.00_77.90_77.40_77.30_77.20_,1_1_2_18_1_
09:00:19,78.00,1,35,78.20_78.30_78.40_78.50_78.60_,5_6_4_18_1_,78.00_77.90_77.40_77.30_77.20_,1_2_3_19_1_
09:00:30,78.00,1,36,78.10_78.20_78.30_78.40_78.50_,1_8_6_4_18_,78.00_77.90_77.40_77.30_77.20_,2_3_3_19_1_
09:00:30,78.00,1,36,78.10_78.20_78.30_78.40_78.50_,1_8_6_4_18_,78.00_77.90_77.40_77.30_77.20_,2_3_3_19_1_
09:00:40,78.20,1,38,78.20_78.30_78.40_78.50_78.60_,8_6_5_18_1_,78.00_77.90_77.40_77.30_77.20_,5_6_3_19_1_
09:01:11,78.00,1,40,78.10_78.20_78.30_78.40_78.50_,14_7_6_4_55_,78.00_77.90_77.80_77.70_77.60_,7_7_2_1_2_
09:01:21,78.00,5,45,78.10_78.20_78.30_78.40_78.50_,15_3_6_4_58_,78.00_77.90_77.80_77.70_77.60_,2_7_2_5_2_
09:01:26,78.00,2,47,78.00_78.10_78.20_78.30_78.40_,1_17_3_7_5_,77.90_77.80_77.70_77.60_77.40_,7_2_5_2_2_
09:02:32,78.00,1,64,78.10_78.20_78.30_78.40_78.50_,19_2_8_6_58_,78.00_77.90_77.80_77.70_77.60_,15_12_8_2_34_
09:02:38,78.00,2,66,78.10_78.20_78.30_78.40_78.50_,19_2_8_6_58_,78.00_77.90_77.80_77.70_77.60_,14_12_8_2_34_
09:02:43,78.10,1,67,78.10_78.20_78.30_78.40_78.50_,18_2_8_6_58_,78.00_77.90_77.80_77.70_77.60_,14_12_8_2_34_
09:03:24,78.00,1,72,78.10_78.20_78.30_78.40_78.50_,18_2_8_6_58_,78.00_77.90_77.80_77.70_77.60_,12_13_4_4_34_
09:03:44,77.90,6,91,78.00_78.10_78.20_78.30_78.40_,1_17_2_8_45_,77.90_77.80_77.70_77.60_77.50_,16_5_5_3_43_
09:03:49,77.90,6,91,78.00_78.10_78.20_78.30_78.40_,3_15_2_8_56_,77.90_77.80_77.70_77.60_77.50_,17_6_5_3_43_
09:04:25,78.00,1,95,78.00_78.10_78.20_78.30_78.40_,14_14_3_6_45_,77.90_77.80_77.70_77.60_77.50_,23_10_2_5_43_
09:04:30,78.00,1,96,78.00_78.10_78.20_78.30_78.40_,16_13_2_6_45_,77.90_77.80_77.70_77.60_77.50_,23_11_2_5_45_
09:04:35,78.00,1,96,78.00_78.10_78.20_78.30_78.40_,21_8_2_8_45_,77.90_77.80_77.70_77.60_77.50_,23_11_2_5_45_
09:04:40,78.00,1,97,78.00_78.10_78.20_78.30_78.40_,21_7_2_8_45_,77.90_77.80_77.70_77.60_77.50_,23_10_1_6_45_
09:05:01,78.00,1,100,78.00_78.10_78.20_78.30_78.40_,28_7_2_9_45_,77.90_77.80_77.70_77.60_77.50_,22_10_4_2_45_
09:05:11,77.90,3,103,78.00_78.10_78.20_78.30_78.40_,28_7_2_9_45_,77.90_77.80_77.70_77.60_77.50_,23_10_1_5_45_
09:05:57,77.90,1,119,78.00_78.10_78.20_78.30_78.40_,30_8_2_9_50_,77.90_77.80_77.70_77.60_77.50_,13_12_14_9_45_
09:07:29,78.00,2,136,78.00_78.10_78.20_78.30_78.40_,18_9_5_7_49_,77.90_77.80_77.70_77.60_77.50_,9_11_14_6_45_
09:08:10,78.00,2,154,78.00_78.10_78.20_78.30_78.40_,1_9_5_7_49_,77.90_77.80_77.70_77.60_77.50_,9_10_16_7_45_
09:09:43,78.20,10,197,78.30_78.40_78.50_78.60_78.70_,4_10_20_1_43_,78.20_78.10_78.00_77.90_77.80_,26_8_15_6_50_
09:10:03,78.40,4,211,78.40_78.50_78.60_78.70_78.80_,10_20_2_4_49_,78.30_78.20_78.10_78.00_77.90_,17_21_7_17_49_
09:11:15,78.30,3,233,78.40_78.50_78.60_78.70_78.80_,8_21_2_5_50_,78.30_78.20_78.10_78.00_77.90_,17_17_6_22_49_
09:11:51,78.40,1,251,78.40_78.50_78.60_78.70_78.80_,13_21_2_7_55_,78.30_78.20_78.10_78.00_77.90_,13_24_4_23_49_
09:12:47,78.30,1,273,78.40_78.50_78.60_78.70_78.80_,18_21_2_7_54_,78.30_78.20_78.10_78.00_77.90_,1_22_8_23_49_
09:12:52,78.30,1,273,78.40_78.50_78.60_78.70_78.80_,17_21_1_7_54_,78.30_78.20_78.10_78.00_77.90_,2_22_8_23_49_
09:13:23,78.30,3,284,78.40_78.50_78.60_78.70_78.80_,14_21_2_7_55_,78.30_78.20_78.10_78.00_77.90_,6_23_9_22_45_
09:13:33,78.30,3,284,78.40_78.50_78.60_78.70_78.80_,14_21_1_7_55_,78.30_78.20_78.10_78.00_77.90_,8_23_9_21_45_
09:13:38,78.40,2,286,78.40_78.50_78.60_78.70_78.80_,12_21_1_7_55_,78.30_78.20_78.10_78.00_77.90_,8_23_9_21_45_
09:13:43,78.40,2,286,78.40_78.50_78.60_78.70_78.80_,15_21_1_7_55_,78.30_78.20_78.10_78.00_77.90_,8_23_9_21_45_
09:13:48,78.30,1,287,78.40_78.50_78.60_78.70_78.80_,16_21_1_7_55_,78.30_78.20_78.10_78.00_77.90_,7_23_9_21_45_
09:14:09,78.30,2,293,78.40_78.50_78.60_78.70_78.80_,16_21_1_7_55_,78.30_78.20_78.10_78.00_77.90_,9_18_8_22_45_
09:14:29,78.30,3,296,78.40_78.50_78.60_78.70_78.80_,13_21_1_7_55_,78.30_78.20_78.10_78.00_77.90_,3_21_9_22_45_
09:16:01,78.30,1,313,78.40_78.50_78.60_78.70_78.80_,11_21_1_17_56_,78.30_78.20_78.10_78.00_77.90_,11_19_10_22_44_
09:16:06,78.30,1,313,78.40_78.50_78.60_78.70_78.80_,11_21_1_17_61_,78.30_78.20_78.10_78.00_77.90_,12_19_9_22_45_
09:17:39,78.30,3,326,78.40_78.50_78.60_78.70_78.80_,5_9_1_17_60_,78.30_78.20_78.10_78.00_77.90_,8_18_11_24_49_
09:18:40,78.40,1,342,78.40_78.50_78.60_78.70_78.80_,1_9_2_17_60_,78.30_78.20_78.10_78.00_77.90_,15_18_10_24_49_
09:20:28,78.60,1,378,78.60_78.70_78.80_78.90_79.00_,9_16_23_6_70_,78.50_78.40_78.30_78.20_78.10_,11_14_25_8_54_
09:21:29,78.70,3,404,78.70_78.80_78.90_79.00_79.10_,16_23_8_32_40_,78.60_78.50_78.40_78.30_78.20_,25_22_7_11_50_
09:21:35,78.70,3,404,78.70_78.80_78.90_79.00_79.10_,16_23_9_32_40_,78.60_78.50_78.40_78.30_78.20_,25_22_7_11_50_
09:21:40,78.70,2,406,78.70_78.80_78.90_79.00_79.10_,15_23_9_32_40_,78.60_78.50_78.40_78.30_78.20_,26_23_7_11_50_
09:21:45,78.70,4,410,78.70_78.80_78.90_79.00_79.10_,11_23_9_32_40_,78.60_78.50_78.40_78.30_78.20_,26_22_6_8_52_
09:21:50,78.70,4,410,78.70_78.80_78.90_79.00_79.10_,15_22_9_32_40_,78.60_78.50_78.40_78.30_78.20_,28_22_5_11_52_
09:22:20,78.60,1,418,78.70_78.80_78.90_79.00_79.10_,10_22_10_34_40_,78.60_78.50_78.40_78.30_78.20_,26_22_7_13_50_
09:22:20,78.60,1,418,78.70_78.80_78.90_79.00_79.10_,10_22_10_34_40_,78.60_78.50_78.40_78.30_78.20_,26_22_7_13_50_
09:22:41,78.70,10,431,78.70_78.80_78.90_79.00_79.10_,2_22_10_38_40_,78.60_78.50_78.40_78.30_78.20_,14_19_4_7_50_
09:23:06,78.80,2,446,78.80_78.90_79.00_79.10_79.20_,20_10_38_1_43_,78.70_78.60_78.50_78.40_78.30_,32_11_11_6_48_
09:24:03,79.00,1,503,79.00_79.10_79.20_79.30_79.40_,44_1_5_13_43_,78.90_78.80_78.70_78.60_78.50_,19_21_5_8_53_
09:25:50,79.80,9,735,79.80_79.90_80.00_80.20_80.30_,9_5_28_6_45_,79.70_79.60_79.50_79.40_79.30_,9_12_8_2_49_
09:25:55,79.70,2,737,79.80_79.90_80.00_80.20_80.30_,11_5_29_5_45_,79.70_79.60_79.50_79.40_79.30_,7_12_8_2_49_
09:26:06,79.80,3,746,79.80_79.90_80.00_80.20_80.30_,15_5_29_8_46_,79.70_79.60_79.50_79.40_79.30_,4_14_7_4_49_
09:26:16,79.70,7,761,79.80_79.90_80.00_80.20_80.30_,16_5_28_7_47_,79.70_79.60_79.50_79.40_79.30_,1_21_7_4_49_
09:27:02,79.50,2,799,79.60_79.70_79.80_79.90_80.00_,5_18_24_8_80_,79.40_79.20_79.10_79.00_78.90_,3_6_5_75_14_
09:27:07,79.40,1,800,79.50_79.60_79.70_79.80_79.90_,4_17_14_24_8_,79.40_79.30_79.20_79.10_79.00_,2_1_4_7_74_
09:27:17,79.40,1,801,79.50_79.60_79.70_79.80_79.90_,14_18_15_25_48_,79.40_79.30_79.20_79.10_79.00_,3_1_5_3_76_
09:27:28,79.40,1,805,79.40_79.50_79.60_79.70_79.80_,10_15_16_14_60_,79.30_79.20_79.10_79.00_78.90_,1_7_2_33_62_
09:27:53,79.20,5,818,79.40_79.50_79.60_79.70_79.80_,15_13_15_15_81_,79.10_79.00_78.90_78.80_78.70_,3_32_18_54_4_
09:28:04,79.30,1,819,79.20_79.30_79.40_79.50_79.60_,1_1_15_13_15_,79.10_79.00_78.90_78.80_78.70_,9_31_20_11_51_
09:28:45,79.20,1,846,79.30_79.40_79.50_79.60_79.70_,13_8_5_15_55_,79.20_79.10_79.00_78.90_78.80_,3_7_38_22_58_
09:29:15,79.20,1,858,79.20_79.30_79.40_79.50_79.60_,2_9_7_5_54_,79.10_79.00_78.90_78.80_78.70_,14_38_20_24_50_
09:29:36,79.30,1,867,79.30_79.40_79.50_79.60_79.70_,2_7_6_15_55_,79.20_79.10_79.00_78.90_78.80_,12_18_41_22_68_
09:30:32,79.40,5,887,79.40_79.50_79.60_79.70_79.80_,1_8_15_15_65_,79.30_79.20_79.10_79.00_78.90_,7_9_19_47_76_
09:31:44,79.50,2,918,79.50_79.60_79.70_79.80_79.90_,5_15_14_17_48_,79.40_79.30_79.20_79.10_79.00_,4_9_12_24_91_
09:32:04,79.50,1,922,79.50_79.60_79.70_79.80_79.90_,12_14_14_17_50_,79.40_79.30_79.20_79.10_79.00_,14_9_12_36_91_
09:32:25,79.40,4,928,79.50_79.60_79.70_79.80_79.90_,8_14_14_19_49_,79.40_79.30_79.20_79.10_79.00_,12_10_12_36_91_
09:34:27,79.40,2,977,79.40_79.50_79.60_79.70_79.80_,2_19_14_17_58_,79.30_79.20_79.10_79.00_78.90_,2_19_22_54_56_
09:35:03,79.30,3,986,79.30_79.40_79.50_79.60_79.70_,1_2_20_14_63_,79.20_79.10_79.00_78.90_78.80_,25_20_52_14_49_
09:35:08,79.30,1,987,79.40_79.50_79.60_79.70_79.80_,2_20_14_63_19_,79.20_79.10_79.00_78.90_78.80_,25_20_52_14_49_
09:38:13,79.50,5,1045,79.50_79.60_79.70_79.80_79.90_,28_14_21_21_50_,79.30_79.20_79.10_79.00_78.90_,3_20_25_49_53_
09:38:54,79.20,1,1051,79.40_79.50_79.60_79.70_79.80_,4_27_14_21_60_,79.20_79.10_79.00_78.90_78.80_,19_23_50_9_60_
09:38:59,79.20,1,1051,79.40_79.50_79.60_79.70_79.80_,4_27_14_21_65_,79.20_79.10_79.00_78.90_78.80_,20_23_50_9_60_
09:40:36,79.50,1,1078,79.50_79.60_79.70_79.80_79.90_,31_14_19_27_51_,79.40_79.30_79.20_79.10_79.00_,13_7_25_10_104_
09:40:46,79.50,1,1078,79.50_79.60_79.70_79.80_79.90_,34_14_19_27_51_,79.40_79.30_79.20_79.10_79.00_,13_7_25_10_104_
09:41:22,79.40,17,1097,79.40_79.50_79.60_79.70_79.80_,3_41_14_19_27_,79.30_79.20_79.10_79.00_78.90_,7_25_10_104_7_
09:41:33,79.30,3,1100,79.40_79.50_79.60_79.70_79.80_,6_32_14_19_67_,79.30_79.20_79.10_79.00_78.90_,6_25_8_49_64_
09:43:00,79.40,1,1113,79.40_79.50_79.60_79.70_79.80_,11_35_34_17_67_,79.30_79.20_79.10_79.00_78.90_,5_23_8_52_64_
09:43:00,79.40,1,1113,79.40_79.50_79.60_79.70_79.80_,11_35_34_17_67_,79.30_79.20_79.10_79.00_78.90_,5_23_8_52_64_
09:43:05,79.40,1,1113,79.40_79.50_79.60_79.70_79.80_,11_35_34_17_67_,79.30_79.20_79.10_79.00_78.90_,12_16_8_52_64_
09:43:10,79.40,1,1113,79.40_79.50_79.60_79.70_79.80_,11_35_34_17_67_,79.30_79.20_79.10_79.00_78.90_,13_15_8_52_64_
09:43:10,79.40,1,1113,79.40_79.50_79.60_79.70_79.80_,11_35_34_17_67_,79.30_79.20_79.10_79.00_78.90_,13_15_8_52_64_
09:43:10,79.40,1,1113,79.40_79.50_79.60_79.70_79.80_,11_35_34_17_67_,79.30_79.20_79.10_79.00_78.90_,13_15_8_52_64_
09:43:30,79.30,3,1116,79.40_79.50_79.60_79.70_79.80_,9_36_34_17_67_,79.30_79.20_79.10_79.00_78.90_,11_15_8_52_64_
09:44:06,79.40,1,1118,79.40_79.50_79.60_79.70_79.80_,12_35_34_17_67_,79.30_79.20_79.10_79.00_78.90_,13_15_8_53_64_
09:46:09,79.40,1,1137,79.40_79.50_79.60_79.70_79.80_,21_35_37_21_64_,79.30_79.20_79.10_79.00_78.90_,1_19_11_51_58_
09:46:40,79.40,1,1142,79.40_79.50_79.60_79.70_79.80_,17_35_37_22_64_,79.20_79.10_79.00_78.90_78.80_,18_9_53_8_59_
09:46:45,79.40,1,1142,79.40_79.50_79.60_79.70_79.80_,20_35_37_21_64_,79.20_79.10_79.00_78.90_78.80_,18_9_53_8_59_
09:49:03,79.30,1,1153,79.30_79.40_79.50_79.60_79.70_,2_23_35_37_62_,79.20_79.10_79.00_78.90_78.80_,14_16_54_7_65_
09:49:08,79.30,1,1153,79.30_79.40_79.50_79.60_79.70_,2_23_35_37_62_,79.20_79.10_79.00_78.90_78.80_,15_16_54_7_65_
09:49:19,79.30,1,1154,79.30_79.40_79.50_79.60_79.70_,1_17_35_37_62_,79.20_79.10_79.00_78.90_78.80_,16_16_54_7_65_
09:50:05,79.40,2,1158,79.40_79.50_79.60_79.70_79.80_,31_37_37_22_66_,79.30_79.20_79.10_79.00_78.90_,7_13_17_54_59_
09:53:09,79.40,6,1208,79.50_79.60_79.70_79.80_79.90_,49_35_21_31_50_,79.40_79.30_79.20_79.10_79.00_,10_9_21_8_87_
09:53:40,79.50,1,1214,79.50_79.60_79.70_79.80_79.90_,50_35_21_31_50_,79.40_79.30_79.20_79.10_79.00_,11_9_21_8_87_
09:54:10,79.30,1,1228,79.40_79.50_79.60_79.70_79.80_,75_61_38_20_65_,79.30_79.20_79.10_79.00_78.90_,4_21_8_42_57_
09:54:41,79.30,1,1232,79.30_79.40_79.50_79.60_79.70_,6_78_51_35_58_,79.20_79.10_79.00_78.90_78.80_,20_8_42_7_68_
09:54:51,79.20,10,1242,79.30_79.40_79.50_79.60_79.70_,10_78_51_35_58_,79.20_79.10_79.00_78.90_78.80_,10_8_42_7_68_
09:55:27,79.20,4,1249,79.30_79.40_79.50_79.60_79.70_,10_73_51_39_58_,79.20_79.10_79.00_78.90_78.80_,4_8_42_7_67_
09:55:53,79.20,1,1250,79.30_79.40_79.50_79.60_79.70_,13_73_51_39_58_,79.20_79.10_79.00_78.90_78.80_,4_17_42_10_70_
09:56:18,79.20,1,1250,79.30_79.40_79.50_79.60_79.70_,14_74_51_39_58_,79.20_79.10_79.00_78.90_78.80_,7_17_44_10_70_
09:56:44,79.20,1,1254,79.30_79.40_79.50_79.60_79.70_,16_74_51_39_59_,79.20_79.10_79.00_78.90_78.80_,3_17_44_10_70_
09:57:20,79.20,2,1256,79.30_79.40_79.50_79.60_79.70_,17_74_51_39_59_,79.20_79.10_79.00_78.90_78.80_,2_17_44_10_71_
09:57:20,79.20,2,1256,79.30_79.40_79.50_79.60_79.70_,17_74_51_39_59_,79.20_79.10_79.00_78.90_78.80_,2_17_44_10_71_
09:58:21,79.30,1,1265,79.30_79.40_79.50_79.60_79.70_,12_74_51_39_59_,79.20_79.10_79.00_78.90_78.80_,4_19_46_10_71_
09:58:26,79.30,1,1265,79.30_79.40_79.50_79.60_79.70_,12_74_51_39_59_,79.20_79.10_79.00_78.90_78.80_,5_19_46_10_71_
10:00:09,79.10,2,1281,79.30_79.40_79.50_79.60_79.70_,13_74_50_39_60_,79.10_79.00_78.90_78.80_78.70_,14_45_18_14_61_
10:00:50,79.10,5,1293,79.30_79.40_79.50_79.60_79.70_,8_74_56_37_57_,79.10_79.00_78.90_78.80_78.70_,13_54_13_14_61_
10:01:05,79.10,1,1294,79.30_79.40_79.50_79.60_79.70_,12_74_56_37_57_,79.10_79.00_78.90_78.80_78.70_,12_54_13_15_61_
10:02:22,79.10,10,1307,79.30_79.40_79.50_79.60_79.70_,12_74_56_37_57_,79.10_79.00_78.90_78.80_78.70_,4_45_19_21_61_
10:02:32,79.10,3,1310,79.20_79.30_79.40_79.50_79.60_,1_9_74_56_37_,79.10_79.00_78.90_78.80_78.70_,5_45_19_21_61_
10:03:54,79.10,3,1317,79.30_79.40_79.50_79.60_79.70_,18_80_49_37_57_,79.10_79.00_78.90_78.80_78.70_,3_46_19_21_67_
10:03:59,79.30,2,1319,79.30_79.40_79.50_79.60_79.70_,17_80_49_37_57_,79.10_79.00_78.90_78.80_78.70_,3_46_19_21_67_
10:04:04,79.30,2,1319,79.20_79.30_79.40_79.50_79.60_,5_18_80_49_37_,79.10_79.00_78.90_78.80_78.70_,3_46_19_21_67_
10:06:02,79.20,2,1330,79.20_79.30_79.40_79.50_79.60_,10_30_80_45_78_,79.10_79.00_78.90_78.80_78.70_,6_55_19_20_68_
10:06:02,79.20,2,1330,79.20_79.30_79.40_79.50_79.60_,10_30_80_45_78_,79.10_79.00_78.90_78.80_78.70_,6_55_19_20_68_
10:06:12,79.20,2,1330,79.20_79.30_79.40_79.50_79.60_,10_31_80_45_78_,79.10_79.00_78.90_78.80_78.70_,6_55_19_20_68_
10:06:18,79.20,2,1330,79.20_79.30_79.40_79.50_79.60_,10_30_80_45_78_,79.10_79.00_78.90_78.80_78.70_,6_55_19_20_68_
10:06:18,79.20,2,1330,79.20_79.30_79.40_79.50_79.60_,10_30_80_45_78_,79.10_79.00_78.90_78.80_78.70_,6_55_19_20_68_
10:06:23,79.20,2,1330,79.20_79.30_79.40_79.50_79.60_,9_30_80_45_78_,79.10_79.00_78.90_78.80_78.70_,6_55_19_20_68_
10:06:38,79.20,2,1336,79.20_79.30_79.40_79.50_79.60_,3_30_80_45_79_,79.10_79.00_78.90_78.80_78.70_,2_55_19_20_68_
10:06:38,79.20,2,1336,79.20_79.30_79.40_79.50_79.60_,3_30_80_45_79_,79.10_79.00_78.90_78.80_78.70_,2_55_19_20_68_
10:06:48,79.20,2,1336,79.20_79.30_79.40_79.50_79.60_,6_30_80_45_79_,79.10_79.00_78.90_78.80_78.70_,2_55_19_20_68_
10:06:54,79.20,2,1336,79.20_79.30_79.40_79.50_79.60_,7_30_80_45_79_,79.10_79.00_78.90_78.80_78.70_,2_56_19_20_68_
10:07:29,79.10,3,1340,79.20_79.30_79.40_79.50_79.60_,3_30_80_45_79_,79.10_79.00_78.90_78.80_78.70_,1_56_20_19_68_
10:07:35,79.10,3,1340,79.20_79.30_79.40_79.50_79.60_,3_30_80_45_79_,79.10_79.00_78.90_78.80_78.70_,2_56_20_19_68_
10:07:35,79.10,3,1340,79.20_79.30_79.40_79.50_79.60_,3_30_80_45_79_,79.10_79.00_78.90_78.80_78.70_,2_56_20_19_68_
10:07:40,79.10,3,1340,79.20_79.30_79.40_79.50_79.60_,5_29_80_45_79_,79.10_79.00_78.90_78.80_78.70_,2_56_20_19_68_
10:07:50,79.10,3,1340,79.20_79.30_79.40_79.50_79.60_,9_29_80_45_79_,79.10_79.00_78.90_78.80_78.70_,2_56_20_19_68_
10:07:50,79.10,3,1340,79.20_79.30_79.40_79.50_79.60_,9_29_80_45_79_,79.10_79.00_78.90_78.80_78.70_,2_56_20_19_68_
10:07:50,79.10,3,1340,79.20_79.30_79.40_79.50_79.60_,9_29_80_45_79_,79.10_79.00_78.90_78.80_78.70_,2_56_20_19_68_
10:11:25,79.20,2,1369,79.20_79.30_79.40_79.50_79.60_,11_35_74_35_80_,79.10_79.00_78.90_78.80_78.70_,8_54_14_19_74_
10:11:51,79.10,3,1372,79.20_79.30_79.40_79.50_79.60_,11_36_74_35_80_,79.10_79.00_78.90_78.80_78.70_,5_54_14_20_74_
10:11:51,79.10,3,1372,79.20_79.30_79.40_79.50_79.60_,11_36_74_35_80_,79.10_79.00_78.90_78.80_78.70_,5_54_14_20_74_
10:11:51,79.10,3,1372,79.20_79.30_79.40_79.50_79.60_,11_36_74_35_80_,79.10_79.00_78.90_78.80_78.70_,5_54_14_20_74_
10:12:06,79.10,3,1372,79.20_79.30_79.40_79.50_79.60_,11_36_74_35_80_,79.10_79.00_78.90_78.80_78.70_,5_54_14_20_72_
10:13:33,79.00,3,1383,79.20_79.30_79.40_79.50_79.60_,6_30_80_35_79_,79.00_78.90_78.80_78.70_78.60_,52_14_20_72_9_
10:13:38,79.00,3,1383,79.10_79.20_79.30_79.40_79.50_,1_5_37_74_35_,79.00_78.90_78.80_78.70_78.60_,52_13_21_9_71_
10:13:43,79.10,1,1384,79.20_79.30_79.40_79.50_79.60_,5_37_74_73_38_,79.10_79.00_78.90_78.80_78.70_,1_52_13_21_8_
10:13:53,79.10,1,1385,79.20_79.30_79.40_79.50_79.60_,6_37_74_34_63_,79.10_79.00_78.90_78.80_78.70_,4_55_14_20_71_
10:14:19,79.10,1,1386,79.20_79.30_79.40_79.50_79.60_,9_37_74_34_63_,79.10_79.00_78.90_78.80_78.70_,3_56_14_24_71_
10:15:31,79.10,2,1391,79.20_79.30_79.40_79.50_79.60_,9_37_74_34_63_,79.00_78.90_78.80_78.70_78.60_,58_20_26_9_72_
10:15:36,79.00,3,1394,79.20_79.30_79.40_79.50_79.60_,6_37_74_34_63_,79.00_78.90_78.80_78.70_78.60_,55_20_26_9_72_
10:16:12,79.20,2,1396,79.20_79.30_79.40_79.50_79.60_,8_46_72_34_61_,79.00_78.90_78.80_78.70_78.60_,56_20_26_9_72_
10:16:12,79.20,2,1396,79.20_79.30_79.40_79.50_79.60_,8_46_72_34_61_,79.00_78.90_78.80_78.70_78.60_,56_20_26_9_72_
10:16:12,79.20,2,1396,79.20_79.30_79.40_79.50_79.60_,8_46_72_34_61_,79.00_78.90_78.80_78.70_78.60_,56_20_26_9_72_
10:16:12,79.20,2,1396,79.20_79.30_79.40_79.50_79.60_,8_46_72_34_61_,79.00_78.90_78.80_78.70_78.60_,56_20_26_9_72_
10:17:18,79.00,1,1402,79.20_79.30_79.40_79.50_79.60_,8_46_73_34_61_,79.00_78.90_78.80_78.70_78.60_,53_20_27_9_72_
10:19:01,79.20,2,1423,79.20_79.30_79.40_79.50_79.60_,8_40_79_32_63_,79.10_79.00_78.90_78.80_78.70_,23_47_16_25_74_
10:19:11,79.20,2,1423,79.20_79.30_79.40_79.50_79.60_,8_40_79_32_63_,79.10_79.00_78.90_78.80_78.70_,23_47_21_26_68_
10:20:43,79.20,1,1443,79.30_79.40_79.50_79.60_79.70_,40_73_38_22_47_,79.20_79.10_79.00_78.90_78.80_,20_15_42_21_84_
10:22:10,79.20,1,1466,79.30_79.40_79.50_79.60_79.70_,37_79_32_26_49_,79.10_79.00_78.90_78.80_78.70_,14_41_22_26_67_
10:23:01,79.10,3,1470,79.20_79.30_79.40_79.50_79.60_,5_31_73_42_72_,79.10_79.00_78.90_78.80_78.70_,18_47_16_19_68_
10:23:06,79.20,1,1471,79.20_79.30_79.40_79.50_79.60_,4_31_73_42_72_,79.10_79.00_78.90_78.80_78.70_,18_47_16_19_68_
10:23:06,79.20,1,1471,79.20_79.30_79.40_79.50_79.60_,4_31_73_42_72_,79.10_79.00_78.90_78.80_78.70_,18_47_16_19_68_
10:23:12,79.10,1,1472,79.20_79.30_79.40_79.50_79.60_,4_31_73_42_72_,79.10_79.00_78.90_78.80_78.70_,17_47_16_19_68_
10:23:22,79.10,1,1473,79.20_79.30_79.40_79.50_79.60_,4_31_73_42_72_,79.10_79.00_78.90_78.80_78.70_,16_47_16_19_68_
10:23:27,79.20,1,1474,79.20_79.30_79.40_79.50_79.60_,3_31_73_42_72_,79.10_79.00_78.90_78.80_78.70_,16_47_16_19_68_
10:23:27,79.20,1,1474,79.20_79.30_79.40_79.50_79.60_,3_31_73_42_72_,79.10_79.00_78.90_78.80_78.70_,16_47_16_19_68_
10:24:03,79.10,1,1488,79.10_79.30_79.40_79.50_79.60_,3_31_73_69_32_,79.00_78.90_78.80_78.70_78.60_,49_22_20_3_72_
10:24:13,79.10,1,1488,79.10_79.30_79.40_79.50_79.60_,3_31_73_38_66_,79.00_78.90_78.80_78.70_78.60_,49_22_20_3_72_
10:24:18,79.10,8,1496,79.20_79.30_79.40_79.50_79.60_,1_31_73_38_66_,79.10_79.00_78.90_78.80_78.70_,3_49_22_21_3_
10:24:23,79.10,8,1496,79.20_79.30_79.40_79.50_79.60_,5_31_73_32_72_,79.10_79.00_78.90_78.80_78.70_,4_48_23_20_65_
10:24:28,79.10,8,1496,79.20_79.30_79.40_79.50_79.60_,5_31_73_31_72_,79.10_79.00_78.90_78.80_78.70_,14_48_23_20_65_
10:25:35,79.10,3,1499,79.20_79.30_79.40_79.50_79.60_,7_32_73_31_72_,79.10_79.00_78.90_78.80_78.70_,23_53_23_19_64_
10:25:35,79.10,3,1499,79.20_79.30_79.40_79.50_79.60_,7_32_73_31_72_,79.10_79.00_78.90_78.80_78.70_,23_53_23_19_64_
10:26:16,79.20,1,1501,79.20_79.30_79.40_79.50_79.60_,8_32_73_37_66_,79.10_79.00_78.90_78.80_78.70_,23_53_23_19_64_
10:26:21,79.10,1,1502,79.20_79.30_79.40_79.50_79.60_,8_32_73_38_66_,79.10_79.00_78.90_78.80_78.70_,22_53_23_19_64_
10:26:52,79.10,1,1509,79.20_79.30_79.40_79.50_79.60_,5_32_73_38_66_,79.10_79.00_78.90_78.80_78.70_,20_53_23_19_64_
10:26:57,79.10,1,1509,79.20_79.30_79.40_79.50_79.60_,6_32_73_38_66_,79.10_79.00_78.90_78.80_78.70_,22_53_23_19_64_
10:26:57,79.10,1,1509,79.20_79.30_79.40_79.50_79.60_,6_32_73_38_66_,79.10_79.00_78.90_78.80_78.70_,22_53_23_19_64_
10:27:12,79.20,1,1510,79.20_79.30_79.40_79.50_79.60_,5_32_73_38_66_,79.10_79.00_78.90_78.80_78.70_,22_53_23_19_64_
10:27:12,79.20,1,1510,79.20_79.30_79.40_79.50_79.60_,5_32_73_38_66_,79.10_79.00_78.90_78.80_78.70_,22_53_23_19_64_
10:27:22,79.20,2,1512,79.20_79.30_79.40_79.50_79.60_,3_32_73_38_66_,79.10_79.00_78.90_78.80_78.70_,22_53_24_19_64_
10:27:28,79.20,2,1512,79.20_79.30_79.40_79.50_79.60_,3_32_73_38_66_,79.10_79.00_78.90_78.80_78.70_,27_53_24_19_64_
10:27:33,79.20,3,1515,79.30_79.40_79.50_79.60_79.70_,32_73_38_66_9_,79.20_79.10_79.00_78.90_78.80_,5_27_53_24_19_
10:27:38,79.30,8,1523,79.30_79.40_79.50_79.60_79.70_,29_73_32_34_47_,79.20_79.10_79.00_78.90_78.80_,10_22_54_23_80_
10:27:43,79.30,2,1525,79.30_79.40_79.50_79.60_79.70_,27_73_37_26_48_,79.20_79.10_79.00_78.90_78.80_,13_21_54_23_79_
10:27:43,79.30,2,1525,79.30_79.40_79.50_79.60_79.70_,27_73_37_26_48_,79.20_79.10_79.00_78.90_78.80_,13_21_54_23_79_
10:27:48,79.30,2,1525,79.30_79.40_79.50_79.60_79.70_,27_73_39_26_48_,79.20_79.10_79.00_78.90_78.80_,13_21_54_23_79_
10:27:48,79.30,2,1525,79.30_79.40_79.50_79.60_79.70_,27_73_39_26_48_,79.20_79.10_79.00_78.90_78.80_,13_21_54_23_79_
10:28:03,79.30,2,1525,79.30_79.40_79.50_79.60_79.70_,31_73_39_26_48_,79.20_79.10_79.00_78.90_78.80_,20_22_47_22_79_
10:28:09,79.30,2,1525,79.30_79.40_79.50_79.60_79.70_,31_73_39_26_48_,79.20_79.10_79.00_78.90_78.80_,21_19_46_22_79_
10:28:09,79.30,2,1525,79.30_79.40_79.50_79.60_79.70_,31_73_39_26_48_,79.20_79.10_79.00_78.90_78.80_,21_19_46_22_79_
10:28:19,79.30,1,1526,79.30_79.40_79.50_79.60_79.70_,30_73_39_26_48_,79.20_79.10_79.00_78.90_78.80_,22_18_46_22_79_
10:28:24,79.30,1,1526,79.30_79.40_79.50_79.60_79.70_,31_73_39_26_48_,79.20_79.10_79.00_78.90_78.80_,22_18_46_22_79_
10:28:24,79.30,1,1526,79.30_79.40_79.50_79.60_79.70_,31_73_39_26_48_,79.20_79.10_79.00_78.90_78.80_,22_18_46_22_79_
10:28:34,79.20,3,1529,79.30_79.40_79.50_79.60_79.70_,28_73_39_26_48_,79.20_79.10_79.00_78.90_78.80_,19_18_46_22_79_
10:28:39,79.20,3,1529,79.30_79.40_79.50_79.60_79.70_,28_73_39_26_48_,79.20_79.10_79.00_78.90_78.80_,19_19_46_22_79_
10:28:44,79.20,3,1529,79.30_79.40_79.50_79.60_79.70_,27_73_39_26_48_,79.20_79.10_79.00_78.90_78.80_,19_19_46_22_79_
10:28:50,79.30,1,1530,79.30_79.40_79.50_79.60_79.70_,26_73_39_26_48_,79.20_79.10_79.00_78.90_78.80_,19_19_46_22_79_
10:28:55,79.30,1,1530,79.30_79.40_79.50_79.60_79.70_,30_73_39_26_48_,79.20_79.10_79.00_78.90_78.80_,19_19_46_22_79_
10:29:00,79.30,1,1531,79.30_79.40_79.50_79.60_79.70_,29_73_39_26_48_,79.20_79.10_79.00_78.90_78.80_,19_18_46_22_79_
10:31:13,79.30,2,1553,79.30_79.40_79.50_79.60_79.70_,16_73_34_32_48_,79.20_79.10_79.00_78.90_78.80_,26_25_51_16_78_
10:32:35,79.20,3,1564,79.30_79.40_79.50_79.60_79.70_,12_73_34_32_48_,79.20_79.10_79.00_78.90_78.80_,22_23_52_21_78_
10:32:40,79.30,1,1565,79.30_79.40_79.50_79.60_79.70_,11_73_34_32_48_,79.20_79.10_79.00_78.90_78.80_,28_22_52_21_78_
10:33:11,79.20,2,1569,79.30_79.40_79.50_79.60_79.70_,13_73_34_32_48_,79.20_79.10_79.00_78.90_78.80_,26_33_49_15_78_
10:33:41,79.30,8,1581,79.30_79.40_79.50_79.60_79.70_,3_73_31_32_48_,79.20_79.10_79.00_78.90_78.80_,25_35_48_15_78_
10:34:17,79.30,2,1583,79.30_79.40_79.50_79.60_79.70_,8_73_31_32_47_,79.20_79.10_79.00_78.90_78.80_,47_32_42_15_78_
10:34:17,79.30,2,1583,79.30_79.40_79.50_79.60_79.70_,8_73_31_32_47_,79.20_79.10_79.00_78.90_78.80_,47_32_42_15_78_
10:34:58,79.30,5,1593,79.30_79.40_79.50_79.60_79.70_,4_73_31_32_47_,79.20_79.10_79.00_78.90_78.80_,46_40_42_15_78_
10:35:19,79.30,5,1593,79.30_79.40_79.50_79.60_79.70_,4_73_31_32_48_,79.20_79.10_79.00_78.90_78.80_,51_41_42_15_78_
10:35:24,79.20,1,1594,79.30_79.40_79.50_79.60_79.70_,4_73_31_32_48_,79.20_79.10_79.00_78.90_78.80_,50_41_42_15_78_
10:35:29,79.20,1,1594,79.30_79.40_79.50_79.60_79.70_,4_73_31_32_48_,79.20_79.10_79.00_78.90_78.80_,51_43_40_16_78_
10:35:34,79.20,3,1597,79.30_79.40_79.50_79.60_79.70_,1_73_31_32_48_,79.20_79.10_79.00_78.90_78.80_,48_43_40_16_78_
10:35:39,79.30,1,1598,79.40_79.50_79.60_79.70_79.80_,73_32_32_48_36_,79.20_79.10_79.00_78.90_78.80_,48_43_40_16_78_
10:35:44,79.30,1,1598,79.40_79.50_79.60_79.70_79.80_,73_32_32_10_76_,79.30_79.20_79.10_79.00_78.90_,1_48_42_40_17_
10:36:51,79.40,8,1613,79.40_79.50_79.60_79.70_79.80_,71_32_32_41_76_,79.30_79.20_79.10_79.00_78.90_,18_43_35_39_80_
10:40:11,79.40,10,1652,79.40_79.50_79.60_79.70_79.80_,53_32_32_41_76_,79.30_79.20_79.10_79.00_78.90_,19_45_35_40_77_
10:40:57,79.30,1,1659,79.40_79.50_79.60_79.70_79.80_,49_31_32_41_76_,79.30_79.20_79.10_79.00_78.90_,16_42_35_39_77_
10:40:57,79.30,1,1659,79.40_79.50_79.60_79.70_79.80_,49_31_32_41_76_,79.30_79.20_79.10_79.00_78.90_,16_42_35_39_77_
10:41:07,79.40,1,1660,79.40_79.50_79.60_79.70_79.80_,48_31_32_41_76_,79.30_79.20_79.10_79.00_78.90_,16_42_35_39_77_
10:41:23,79.30,1,1661,79.40_79.50_79.60_79.70_79.80_,49_31_32_41_76_,79.30_79.20_79.10_79.00_78.90_,15_42_35_39_77_
10:41:53,79.40,8,1672,79.40_79.50_79.60_79.70_79.80_,41_31_32_41_76_,79.30_79.20_79.10_79.00_78.90_,12_42_35_40_77_
10:41:53,79.40,8,1672,79.40_79.50_79.60_79.70_79.80_,41_31_32_41_76_,79.30_79.20_79.10_79.00_78.90_,12_42_35_40_77_
10:42:34,79.30,3,1679,79.40_79.50_79.60_79.70_79.80_,34_31_32_41_76_,79.30_79.20_79.10_79.00_78.90_,12_42_32_40_77_
10:42:44,79.30,1,1680,79.40_79.50_79.60_79.70_79.80_,33_31_32_41_76_,79.30_79.20_79.10_79.00_78.90_,11_42_32_40_77_
10:43:31,79.40,2,1693,79.40_79.50_79.60_79.70_79.80_,27_31_32_41_76_,79.30_79.20_79.10_79.00_78.90_,23_42_32_40_77_
10:44:37,79.40,2,1705,79.40_79.50_79.60_79.70_79.80_,21_31_26_47_82_,79.30_79.20_79.10_79.00_78.90_,21_43_40_39_77_
10:44:37,79.40,2,1705,79.40_79.50_79.60_79.70_79.80_,21_31_26_47_82_,79.30_79.20_79.10_79.00_78.90_,21_43_40_39_77_
10:44:37,79.40,2,1705,79.40_79.50_79.60_79.70_79.80_,21_31_26_47_82_,79.30_79.20_79.10_79.00_78.90_,21_43_40_39_77_
10:45:18,79.30,1,1713,79.40_79.50_79.60_79.70_79.80_,25_32_32_47_77_,79.30_79.20_79.10_79.00_78.90_,13_43_40_40_77_
10:45:33,79.30,3,1716,79.40_79.50_79.60_79.70_79.80_,22_32_32_47_77_,79.30_79.20_79.10_79.00_78.90_,10_43_40_40_77_
10:46:50,79.30,3,1732,79.40_79.50_79.60_79.70_79.80_,14_33_32_47_77_,79.30_79.20_79.10_79.00_78.90_,26_41_31_38_77_
10:47:26,79.30,1,1735,79.40_79.50_79.60_79.70_79.80_,19_32_32_47_77_,79.30_79.20_79.10_79.00_78.90_,27_41_32_38_77_
10:47:37,79.30,3,1738,79.40_79.50_79.60_79.70_79.80_,16_32_32_47_77_,79.30_79.20_79.10_79.00_78.90_,24_41_32_38_77_
10:47:42,79.30,3,1738,79.40_79.50_79.60_79.70_79.80_,16_32_32_47_77_,79.30_79.20_79.10_79.00_78.90_,27_41_36_39_77_
10:49:24,79.40,1,1764,79.50_79.60_79.70_79.80_79.90_,43_26_47_45_52_,79.40_79.30_79.20_79.10_79.00_,13_25_42_36_105_
10:49:30,79.40,1,1764,79.50_79.60_79.70_79.80_79.90_,43_26_47_45_52_,79.40_79.30_79.20_79.10_79.00_,14_25_43_36_105_
10:49:35,79.40,1,1764,79.50_79.60_79.70_79.80_79.90_,43_26_47_45_52_,79.40_79.30_79.20_79.10_79.00_,14_26_41_37_105_
10:49:40,79.40,1,1764,79.50_79.60_79.70_79.80_79.90_,52_26_47_45_52_,79.40_79.30_79.20_79.10_79.00_,15_26_47_37_99_
10:49:45,79.50,1,1765,79.50_79.60_79.70_79.80_79.90_,51_26_47_45_52_,79.40_79.30_79.20_79.10_79.00_,18_26_48_36_99_
10:49:50,79.50,1,1765,79.50_79.60_79.70_79.80_79.90_,51_26_47_45_52_,79.40_79.30_79.20_79.10_79.00_,18_18_48_37_99_
10:49:55,79.50,3,1768,79.50_79.60_79.70_79.80_79.90_,48_26_47_45_52_,79.40_79.30_79.20_79.10_79.00_,18_18_48_39_99_
10:50:00,79.50,3,1768,79.50_79.60_79.70_79.80_79.90_,50_26_47_45_52_,79.40_79.30_79.20_79.10_79.00_,18_29_42_34_99_
10:50:11,79.40,1,1769,79.50_79.60_79.70_79.80_79.90_,50_47_47_43_52_,79.40_79.30_79.20_79.10_79.00_,17_30_42_33_99_
10:50:16,79.40,1,1769,79.50_79.60_79.70_79.80_79.90_,51_47_47_43_52_,79.40_79.30_79.20_79.10_79.00_,22_30_38_32_99_
10:50:26,79.40,1,1770,79.50_79.60_79.70_79.80_79.90_,50_47_47_43_52_,79.40_79.30_79.20_79.10_79.00_,24_34_35_33_99_
10:50:31,79.40,1,1770,79.50_79.60_79.70_79.80_79.90_,52_47_47_43_52_,79.40_79.30_79.20_79.10_79.00_,25_35_35_33_99_
10:50:36,79.40,1,1770,79.50_79.60_79.70_79.80_79.90_,51_47_47_43_52_,79.40_79.30_79.20_79.10_79.00_,25_35_36_32_99_
10:50:41,79.40,3,1773,79.50_79.60_79.70_79.80_79.90_,48_47_47_43_53_,79.40_79.30_79.20_79.10_79.00_,23_36_36_32_99_
10:50:46,79.40,3,1773,79.50_79.60_79.70_79.80_79.90_,49_47_47_43_53_,79.40_79.30_79.20_79.10_79.00_,23_36_30_32_105_
10:51:58,79.50,2,1781,79.50_79.60_79.70_79.80_79.90_,50_47_46_43_53_,79.40_79.30_79.20_79.10_79.00_,25_35_28_30_105_
10:52:03,79.40,1,1782,79.50_79.60_79.70_79.80_79.90_,50_47_46_43_53_,79.40_79.30_79.20_79.10_79.00_,25_35_26_31_105_
10:52:08,79.40,3,1785,79.50_79.60_79.70_79.80_79.90_,51_47_46_43_53_,79.40_79.30_79.20_79.10_79.00_,24_36_26_31_104_
10:52:13,79.40,3,1785,79.50_79.60_79.70_79.80_79.90_,51_47_47_43_53_,79.40_79.30_79.20_79.10_79.00_,25_36_26_31_104_
10:52:18,79.50,7,1792,79.50_79.60_79.70_79.80_79.90_,45_47_47_43_53_,79.40_79.30_79.20_79.10_79.00_,28_36_27_30_104_
10:52:18,79.50,7,1792,79.50_79.60_79.70_79.80_79.90_,45_47_47_43_53_,79.40_79.30_79.20_79.10_79.00_,28_36_27_30_104_
10:52:24,79.50,7,1792,79.50_79.60_79.70_79.80_79.90_,44_47_47_43_53_,79.40_79.30_79.20_79.10_79.00_,28_36_26_31_104_
10:53:51,79.40,4,1813,79.50_79.60_79.70_79.80_79.90_,35_47_67_63_53_,79.40_79.30_79.20_79.10_79.00_,35_30_27_32_104_
10:53:56,79.40,4,1813,79.50_79.60_79.70_79.80_79.90_,35_47_68_63_53_,79.40_79.30_79.20_79.10_79.00_,35_30_27_32_104_
10:53:56,79.40,4,1813,79.50_79.60_79.70_79.80_79.90_,35_47_68_63_53_,79.40_79.30_79.20_79.10_79.00_,35_30_27_32_104_
10:54:06,79.40,4,1813,79.50_79.60_79.70_79.80_79.90_,38_47_68_63_53_,79.40_79.30_79.20_79.10_79.00_,39_28_28_31_104_
10:55:28,79.40,1,1832,79.50_79.60_79.70_79.80_79.90_,15_47_68_65_54_,79.40_79.30_79.20_79.10_79.00_,43_29_27_33_101_
10:55:33,79.40,1,1832,79.50_79.60_79.70_79.80_79.90_,15_47_68_65_54_,79.40_79.30_79.20_79.10_79.00_,43_35_27_33_101_
10:56:45,79.50,1,1857,79.60_79.70_79.80_79.90_80.00_,49_62_65_22_100_,79.50_79.40_79.30_79.20_79.10_,5_36_33_31_94_
10:57:36,79.60,2,1877,79.60_79.70_79.80_79.90_80.00_,48_68_65_20_102_,79.50_79.40_79.30_79.20_79.10_,1_34_27_31_93_
10:57:41,79.40,3,1880,79.60_79.70_79.80_79.90_80.00_,45_68_65_20_102_,79.40_79.30_79.20_79.10_79.00_,32_27_31_93_26_
10:57:36,79.60,2,1877,79.60_79.70_79.80_79.90_80.00_,48_68_65_20_102_,79.50_79.40_79.30_79.20_79.10_,1_34_27_31_93_
10:57:52,79.60,1,1882,79.60_79.70_79.80_79.90_80.00_,30_68_65_20_105_,79.50_79.40_79.30_79.20_79.10_,1_26_33_31_93_
10:57:57,79.60,1,1882,79.60_79.70_79.80_79.90_80.00_,30_68_65_20_105_,79.40_79.30_79.20_79.10_79.00_,26_33_31_93_26_
10:58:02,79.60,1,1882,79.60_79.70_79.80_79.90_80.00_,33_68_65_20_105_,79.40_79.30_79.20_79.10_79.00_,26_32_31_27_93_
10:58:07,79.60,1,1882,79.60_79.70_79.80_79.90_80.00_,50_68_65_20_102_,79.40_79.30_79.20_79.10_79.00_,26_32_31_27_93_
10:58:23,79.60,5,1887,79.60_79.70_79.80_79.90_80.00_,28_68_65_20_106_,79.40_79.30_79.20_79.10_79.00_,26_32_31_28_93_
10:59:40,79.50,5,1902,79.50_79.60_79.70_79.80_79.90_,12_15_69_66_64_,79.40_79.30_79.20_79.10_79.00_,30_32_31_28_93_
10:59:40,79.50,5,1902,79.50_79.60_79.70_79.80_79.90_,12_15_69_66_64_,79.40_79.30_79.20_79.10_79.00_,30_32_31_28_93_
10:59:50,79.50,5,1902,79.50_79.60_79.70_79.80_79.90_,13_15_49_46_64_,79.40_79.30_79.20_79.10_79.00_,30_32_31_28_93_
11:00:00,79.50,5,1902,79.50_79.60_79.70_79.80_79.90_,16_15_49_46_64_,79.40_79.30_79.20_79.10_79.00_,30_32_31_28_93_
11:00:15,79.50,2,1904,79.50_79.60_79.70_79.80_79.90_,15_15_49_46_64_,79.40_79.30_79.20_79.10_79.00_,30_32_31_28_93_
11:01:32,79.40,2,1912,79.50_79.60_79.70_79.80_79.90_,27_17_49_45_64_,79.40_79.30_79.20_79.10_79.00_,25_32_27_28_99_
11:01:37,79.50,7,1919,79.50_79.60_79.70_79.80_79.90_,20_17_49_45_64_,79.40_79.30_79.20_79.10_79.00_,25_32_27_28_99_
11:01:43,79.50,7,1919,79.50_79.60_79.70_79.80_79.90_,23_17_49_45_64_,79.40_79.30_79.20_79.10_79.00_,25_32_27_28_99_
11:01:48,79.40,1,1920,79.50_79.60_79.70_79.80_79.90_,23_17_49_45_64_,79.40_79.30_79.20_79.10_79.00_,23_33_27_28_99_
11:01:48,79.40,1,1920,79.50_79.60_79.70_79.80_79.90_,23_17_49_45_64_,79.40_79.30_79.20_79.10_79.00_,23_33_27_28_99_
11:01:53,79.40,2,1922,79.50_79.60_79.70_79.80_79.90_,28_17_49_45_64_,79.40_79.30_79.20_79.10_79.00_,21_33_27_28_99_
11:01:58,79.40,2,1924,79.50_79.60_79.70_79.80_79.90_,32_22_48_44_64_,79.40_79.30_79.20_79.10_79.00_,20_33_27_28_99_
11:02:03,79.40,2,1924,79.50_79.60_79.70_79.80_79.90_,32_22_48_44_64_,79.40_79.30_79.20_79.10_79.00_,21_33_26_28_99_
11:02:08,79.40,2,1924,79.50_79.60_79.70_79.80_79.90_,32_22_48_44_64_,79.40_79.30_79.20_79.10_79.00_,23_33_26_28_99_
11:03:25,79.40,1,1934,79.50_79.60_79.70_79.80_79.90_,53_23_48_44_61_,79.40_79.30_79.20_79.10_79.00_,16_33_26_28_99_
11:04:11,79.50,1,1955,79.50_79.60_79.70_79.80_79.90_,46_29_48_40_61_,79.40_79.30_79.20_79.10_79.00_,2_26_26_28_99_
11:05:59,79.40,1,1970,79.50_79.60_79.70_79.80_79.90_,33_23_48_47_64_,79.40_79.30_79.20_79.10_79.00_,4_26_31_28_99_
11:06:04,79.40,1,1970,79.50_79.60_79.70_79.80_79.90_,36_23_48_47_62_,79.40_79.30_79.20_79.10_79.00_,4_26_31_28_99_
11:08:22,79.40,2,1994,79.40_79.50_79.60_79.70_79.80_,9_27_29_49_84_,79.30_79.20_79.10_79.00_78.90_,19_31_22_33_80_
11:11:02,79.40,7,2021,79.40_79.50_79.60_79.70_79.80_,22_38_28_43_82_,79.30_79.20_79.10_79.00_78.90_,11_33_15_34_86_
11:11:53,79.40,1,2026,79.40_79.50_79.60_79.70_79.80_,8_39_28_43_87_,79.30_79.20_79.10_79.00_78.90_,6_33_15_34_86_
11:12:08,79.30,1,2027,79.40_79.50_79.60_79.70_79.80_,10_39_28_43_87_,79.30_79.20_79.10_79.00_78.90_,5_33_15_34_86_
11:12:23,79.30,1,2028,79.40_79.50_79.60_79.70_79.80_,11_39_28_43_87_,79.30_79.20_79.10_79.00_78.90_,4_34_15_34_86_
11:12:29,79.30,1,2029,79.40_79.50_79.60_79.70_79.80_,12_39_28_43_87_,79.30_79.20_79.10_79.00_78.90_,5_34_15_34_86_
11:12:34,79.30,1,2029,79.40_79.50_79.60_79.70_79.80_,12_40_28_43_87_,79.30_79.20_79.10_79.00_78.90_,6_34_15_34_86_
11:12:44,79.30,3,2032,79.40_79.50_79.60_79.70_79.80_,9_40_28_43_87_,79.30_79.20_79.10_79.00_78.90_,4_34_15_34_86_
11:12:54,79.40,1,2033,79.40_79.50_79.60_79.70_79.80_,9_40_28_43_87_,79.30_79.20_79.10_79.00_78.90_,4_34_15_34_86_
11:13:04,79.40,1,2033,79.40_79.50_79.60_79.70_79.80_,12_40_28_43_87_,79.30_79.20_79.10_79.00_78.90_,11_34_15_34_86_
11:13:04,79.40,1,2033,79.40_79.50_79.60_79.70_79.80_,12_40_28_43_87_,79.30_79.20_79.10_79.00_78.90_,11_34_15_34_86_
11:13:40,79.30,3,2038,79.40_79.50_79.60_79.70_79.80_,7_40_28_43_87_,79.30_79.20_79.10_79.00_78.90_,14_34_16_34_86_
11:13:56,79.30,1,2042,79.40_79.50_79.60_79.70_79.80_,4_36_28_49_87_,79.30_79.20_79.10_79.00_78.90_,13_34_16_34_86_
11:14:32,79.30,1,2050,79.40_79.50_79.60_79.70_79.80_,25_37_28_49_82_,79.30_79.20_79.10_79.00_78.90_,13_34_15_34_86_
11:15:23,79.40,1,2052,79.40_79.50_79.60_79.70_79.80_,25_146_28_43_83_,79.30_79.20_79.10_79.00_78.90_,15_34_16_27_86_
11:18:48,79.30,1,2092,79.30_79.40_79.50_79.60_79.70_,1_23_145_23_81_,79.20_79.10_79.00_78.90_78.80_,24_16_26_16_83_
11:18:48,79.30,1,2092,79.30_79.40_79.50_79.60_79.70_,1_23_145_23_81_,79.20_79.10_79.00_78.90_78.80_,24_16_26_16_83_
11:20:36,79.30,1,2103,79.40_79.50_79.60_79.70_79.80_,17_146_29_42_79_,79.20_79.10_79.00_78.90_78.80_,21_22_28_16_80_
11:20:41,79.30,1,2103,79.40_79.50_79.60_79.70_79.80_,19_146_29_42_79_,79.20_79.10_79.00_78.90_78.80_,21_22_28_16_80_
11:21:12,79.30,2,2107,79.30_79.40_79.50_79.60_79.70_,1_25_146_23_80_,79.20_79.10_79.00_78.90_78.80_,21_22_27_16_81_
11:23:05,79.40,1,2112,79.40_79.50_79.60_79.70_79.80_,21_146_29_42_80_,79.30_79.20_79.10_79.00_78.90_,11_18_15_31_87_
11:23:20,79.30,1,2120,79.40_79.50_79.60_79.70_79.80_,14_146_29_42_80_,79.30_79.20_79.10_79.00_78.90_,10_18_15_31_87_
11:23:46,79.30,1,2123,79.40_79.50_79.60_79.70_79.80_,13_146_29_42_80_,79.30_79.20_79.10_79.00_78.90_,9_22_15_37_87_
11:25:23,79.30,1,2125,79.40_79.50_79.60_79.70_79.80_,55_140_24_42_78_,79.30_79.20_79.10_79.00_78.90_,21_22_17_36_87_
11:25:49,79.30,1,2126,79.40_79.50_79.60_79.70_79.80_,60_140_24_42_78_,79.30_79.20_79.10_79.00_78.90_,24_22_17_36_87_
11:26:04,79.30,1,2127,79.40_79.50_79.60_79.70_79.80_,60_140_24_43_79_,79.30_79.20_79.10_79.00_78.90_,24_23_18_37_87_
11:26:10,79.30,1,2127,79.40_79.50_79.60_79.70_79.80_,60_140_24_43_79_,79.30_79.20_79.10_79.00_78.90_,24_23_19_37_87_
11:26:15,79.30,1,2128,79.40_79.50_79.60_79.70_79.80_,60_140_24_43_79_,79.30_79.20_79.10_79.00_78.90_,23_23_19_37_87_
11:26:20,79.40,2,2130,79.40_79.50_79.60_79.70_79.80_,58_140_24_43_79_,79.30_79.20_79.10_79.00_78.90_,20_26_19_37_87_
11:26:25,79.40,7,2137,79.40_79.50_79.60_79.70_79.80_,52_140_24_43_79_,79.30_79.20_79.10_79.00_78.90_,20_26_19_37_87_
11:27:57,79.30,1,2145,79.40_79.50_79.60_79.70_79.80_,49_140_24_43_79_,79.30_79.20_79.10_79.00_78.90_,21_23_18_37_87_
11:28:28,79.30,1,2150,79.40_79.50_79.60_79.70_79.80_,49_140_24_43_79_,79.30_79.20_79.10_79.00_78.90_,14_23_18_37_87_
11:28:33,79.30,1,2151,79.40_79.50_79.60_79.70_79.80_,48_140_24_43_79_,79.30_79.20_79.10_79.00_78.90_,13_23_18_37_87_
11:28:33,79.30,1,2151,79.40_79.50_79.60_79.70_79.80_,48_140_24_43_79_,79.30_79.20_79.10_79.00_78.90_,13_23_18_37_87_
11:28:44,79.30,1,2152,79.40_79.50_79.60_79.70_79.80_,48_140_24_43_79_,79.30_79.20_79.10_79.00_78.90_,14_23_18_37_87_
11:28:54,79.40,2,2154,79.40_79.50_79.60_79.70_79.80_,46_140_24_43_79_,79.30_79.20_79.10_79.00_78.90_,15_23_18_37_87_
11:29:20,79.40,1,2156,79.40_79.50_79.60_79.70_79.80_,48_140_21_53_79_,79.30_79.20_79.10_79.00_78.90_,14_23_18_37_87_
11:29:30,79.40,7,2163,79.40_79.50_79.60_79.70_79.80_,41_140_21_53_79_,79.30_79.20_79.10_79.00_78.90_,14_23_18_37_87_
11:30:52,79.30,2,2177,79.40_79.50_79.60_79.70_79.80_,48_140_21_53_79_,79.30_79.20_79.10_79.00_78.90_,3_23_18_37_87_
11:30:52,79.30,2,2177,79.40_79.50_79.60_79.70_79.80_,48_140_21_53_79_,79.30_79.20_79.10_79.00_78.90_,3_23_18_37_87_
11:30:52,79.30,2,2177,79.40_79.50_79.60_79.70_79.80_,48_140_21_53_79_,79.30_79.20_79.10_79.00_78.90_,3_23_18_37_87_
11:32:34,79.40,7,2196,79.40_79.50_79.60_79.70_79.80_,40_140_22_91_40_,79.20_79.10_79.00_78.90_78.80_,19_17_30_25_81_
11:32:40,79.40,7,2196,79.30_79.40_79.50_79.60_79.70_,1_35_140_22_53_,79.20_79.10_79.00_78.90_78.80_,20_18_31_25_80_
11:32:50,79.30,1,2198,79.30_79.40_79.50_79.60_79.70_,3_15_140_22_91_,79.20_79.10_79.00_78.90_78.80_,19_17_30_25_81_
11:32:55,79.30,1,2198,79.30_79.40_79.50_79.60_79.70_,3_15_140_22_91_,79.20_79.10_79.00_78.90_78.80_,19_24_30_25_81_
11:32:55,79.30,1,2198,79.30_79.40_79.50_79.60_79.70_,3_15_140_22_91_,79.20_79.10_79.00_78.90_78.80_,19_24_30_25_81_
11:33:00,79.30,1,2198,79.30_79.40_79.50_79.60_79.70_,3_15_140_22_91_,79.20_79.10_79.00_78.90_78.80_,20_24_30_25_81_
11:34:43,79.30,1,2210,79.30_79.40_79.50_79.60_79.70_,10_15_140_22_91_,79.20_79.10_79.00_78.90_78.80_,8_25_30_25_81_
11:35:24,79.20,1,2211,79.30_79.40_79.50_79.60_79.70_,13_19_140_22_91_,79.20_79.10_79.00_78.90_78.80_,9_30_30_26_81_
11:35:49,79.30,7,2220,79.30_79.40_79.50_79.60_79.70_,4_20_139_22_91_,79.20_79.10_79.00_78.90_78.80_,8_30_36_27_74_
11:35:54,79.30,1,2221,79.30_79.40_79.50_79.60_79.70_,5_20_139_22_91_,79.20_79.10_79.00_78.90_78.80_,8_30_36_27_74_
11:36:35,79.20,2,2224,79.30_79.40_79.50_79.60_79.70_,4_20_139_22_91_,79.20_79.10_79.00_78.90_78.80_,7_30_36_27_74_
11:36:41,79.30,2,2226,79.30_79.40_79.50_79.60_79.70_,2_20_139_22_91_,79.20_79.10_79.00_78.90_78.80_,7_30_36_27_74_
11:36:41,79.30,2,2226,79.30_79.40_79.50_79.60_79.70_,2_20_139_22_91_,79.20_79.10_79.00_78.90_78.80_,7_30_36_27_74_
11:36:51,79.30,2,2226,79.30_79.40_79.50_79.60_79.70_,8_20_139_22_91_,79.20_79.10_79.00_78.90_78.80_,7_30_41_27_74_
11:40:06,79.20,2,2243,79.40_79.50_79.60_79.70_79.80_,52_139_23_53_82_,79.30_79.20_79.10_79.00_78.90_,25_10_32_44_87_
11:40:06,79.20,2,2243,79.40_79.50_79.60_79.70_79.80_,52_139_23_53_82_,79.30_79.20_79.10_79.00_78.90_,25_10_32_44_87_
11:40:11,79.20,2,2243,79.40_79.50_79.60_79.70_79.80_,52_139_23_53_82_,79.30_79.20_79.10_79.00_78.90_,27_10_32_44_87_
11:40:11,79.20,2,2243,79.40_79.50_79.60_79.70_79.80_,52_139_23_53_82_,79.30_79.20_79.10_79.00_78.90_,27_10_32_44_87_
11:40:37,79.40,1,2246,79.40_79.50_79.60_79.70_79.80_,49_139_23_53_82_,79.30_79.20_79.10_79.00_78.90_,35_11_32_44_86_
11:41:59,79.40,9,2272,79.40_79.50_79.60_79.70_79.80_,32_139_23_53_83_,79.30_79.20_79.10_79.00_78.90_,29_10_32_44_86_
11:41:59,79.40,9,2272,79.40_79.50_79.60_79.70_79.80_,32_139_23_53_83_,79.30_79.20_79.10_79.00_78.90_,29_10_32_44_86_
11:42:14,79.40,9,2272,79.40_79.50_79.60_79.70_79.80_,32_139_23_54_83_,79.30_79.20_79.10_79.00_78.90_,29_10_32_44_86_
11:42:14,79.40,9,2272,79.40_79.50_79.60_79.70_79.80_,32_139_23_54_83_,79.30_79.20_79.10_79.00_78.90_,29_10_32_44_86_
11:42:29,79.30,1,2273,79.40_79.50_79.60_79.70_79.80_,31_139_23_54_83_,79.30_79.20_79.10_79.00_78.90_,28_10_32_44_86_
11:42:29,79.30,1,2273,79.40_79.50_79.60_79.70_79.80_,31_139_23_54_83_,79.30_79.20_79.10_79.00_78.90_,28_10_32_44_86_
11:43:05,79.40,1,2274,79.40_79.50_79.60_79.70_79.80_,32_139_23_54_83_,79.30_79.20_79.10_79.00_78.90_,31_10_32_44_86_
11:43:21,79.30,1,2275,79.40_79.50_79.60_79.70_79.80_,33_139_23_54_83_,79.30_79.20_79.10_79.00_78.90_,29_11_32_44_86_
11:43:52,79.30,2,2277,79.40_79.50_79.60_79.70_79.80_,33_139_23_54_83_,79.30_79.20_79.10_79.00_78.90_,35_11_32_43_86_
11:46:15,79.40,1,2293,79.40_79.50_79.60_79.70_79.80_,6_137_23_59_87_,79.30_79.20_79.10_79.00_78.90_,34_19_24_43_86_
11:47:01,79.50,2,2312,79.50_79.60_79.70_79.80_79.90_,142_23_59_49_63_,79.40_79.30_79.20_79.10_79.00_,13_21_13_31_103_
11:48:34,79.40,3,2326,79.50_79.60_79.70_79.80_79.90_,134_23_59_49_63_,79.40_79.30_79.20_79.10_79.00_,7_24_13_30_108_
11:48:39,79.40,1,2327,79.50_79.60_79.70_79.80_79.90_,134_23_59_49_63_,79.40_79.30_79.20_79.10_79.00_,6_24_13_30_108_
11:48:44,79.40,1,2328,79.50_79.60_79.70_79.80_79.90_,132_23_59_49_63_,79.30_79.20_79.10_79.00_78.90_,29_13_30_108_18_
11:48:49,79.40,1,2329,79.50_79.60_79.70_79.80_79.90_,134_23_59_49_63_,79.40_79.30_79.20_79.10_79.00_,10_29_13_23_47_
11:48:54,79.40,1,2330,79.50_79.60_79.70_79.80_79.90_,134_23_59_49_63_,79.40_79.30_79.20_79.10_79.00_,9_29_13_30_107_
11:49:09,79.40,3,2333,79.50_79.60_79.70_79.80_79.90_,135_23_59_49_63_,79.40_79.30_79.20_79.10_79.00_,7_29_13_30_107_
11:49:25,79.40,8,2341,79.50_79.60_79.70_79.80_79.90_,133_23_59_49_63_,79.40_79.30_79.20_79.10_79.00_,2_29_13_30_107_
11:49:25,79.40,8,2341,79.50_79.60_79.70_79.80_79.90_,133_23_59_49_63_,79.40_79.30_79.20_79.10_79.00_,2_29_13_30_107_
11:49:25,79.40,8,2341,79.50_79.60_79.70_79.80_79.90_,133_23_59_49_63_,79.40_79.30_79.20_79.10_79.00_,2_29_13_30_107_
11:49:25,79.40,8,2341,79.50_79.60_79.70_79.80_79.90_,133_23_59_49_63_,79.40_79.30_79.20_79.10_79.00_,2_29_13_30_107_
11:49:45,79.50,2,2343,79.50_79.60_79.70_79.80_79.90_,133_24_59_49_63_,79.40_79.30_79.20_79.10_79.00_,2_29_13_30_107_
11:50:21,79.40,1,2344,79.50_79.60_79.70_79.80_79.90_,134_23_59_49_63_,79.40_79.30_79.20_79.10_79.00_,7_24_14_30_107_
11:50:26,79.40,1,2345,79.50_79.60_79.70_79.80_79.90_,134_23_59_49_63_,79.40_79.30_79.20_79.10_79.00_,6_24_14_30_107_
11:50:26,79.40,1,2345,79.50_79.60_79.70_79.80_79.90_,134_23_59_49_63_,79.40_79.30_79.20_79.10_79.00_,6_24_14_30_107_
11:50:37,79.40,1,2349,79.50_79.60_79.70_79.80_79.90_,131_17_59_55_64_,79.40_79.30_79.20_79.10_79.00_,1_26_14_30_107_
11:50:37,79.40,1,2349,79.50_79.60_79.70_79.80_79.90_,131_17_59_55_64_,79.40_79.30_79.20_79.10_79.00_,1_26_14_30_107_
11:50:37,79.40,1,2349,79.50_79.60_79.70_79.80_79.90_,131_17_59_55_64_,79.40_79.30_79.20_79.10_79.00_,1_26_14_30_107_
11:50:37,79.40,1,2349,79.50_79.60_79.70_79.80_79.90_,131_17_59_55_64_,79.40_79.30_79.20_79.10_79.00_,1_26_14_30_107_
11:50:57,79.40,1,2350,79.50_79.60_79.70_79.80_79.90_,133_23_59_49_64_,79.30_79.20_79.10_79.00_78.90_,26_14_29_47_79_
11:51:02,79.40,1,2350,79.50_79.60_79.70_79.80_79.90_,134_23_59_49_64_,79.30_79.20_79.10_79.00_78.90_,19_21_29_47_79_
11:51:33,79.40,1,2361,79.40_79.50_79.60_79.70_79.80_,1_126_23_59_87_,79.30_79.20_79.10_79.00_78.90_,17_20_29_49_79_
11:51:33,79.40,1,2361,79.40_79.50_79.60_79.70_79.80_,1_126_23_59_87_,79.30_79.20_79.10_79.00_78.90_,17_20_29_49_79_
11:52:29,79.30,3,2366,79.40_79.50_79.60_79.70_79.80_,1_123_23_59_86_,79.30_79.20_79.10_79.00_78.90_,15_20_24_49_85_
11:52:29,79.30,3,2366,79.40_79.50_79.60_79.70_79.80_,1_123_23_59_86_,79.30_79.20_79.10_79.00_78.90_,15_20_24_49_85_
11:52:55,79.30,3,2366,79.40_79.50_79.60_79.70_79.80_,4_123_23_59_86_,79.30_79.20_79.10_79.00_78.90_,15_20_24_49_85_
11:54:07,79.40,1,2369,79.40_79.50_79.60_79.70_79.80_,13_120_27_59_86_,79.30_79.20_79.10_79.00_78.90_,21_19_22_51_85_
11:54:17,79.40,7,2376,79.40_79.50_79.60_79.70_79.80_,6_120_27_59_86_,79.30_79.20_79.10_79.00_78.90_,31_19_22_51_85_
11:55:24,79.30,2,2380,79.40_79.50_79.60_79.70_79.80_,16_120_27_59_85_,79.30_79.20_79.10_79.00_78.90_,41_20_23_53_85_
11:55:29,79.30,2,2380,79.40_79.50_79.60_79.70_79.80_,16_120_27_59_85_,79.30_79.20_79.10_79.00_78.90_,44_20_23_53_85_
11:55:34,79.40,1,2381,79.40_79.50_79.60_79.70_79.80_,15_120_27_59_85_,79.30_79.20_79.10_79.00_78.90_,44_20_23_53_85_
11:55:39,79.40,1,2381,79.40_79.50_79.60_79.70_79.80_,15_120_27_59_85_,79.30_79.20_79.10_79.00_78.90_,43_20_23_53_85_
11:55:39,79.40,1,2381,79.40_79.50_79.60_79.70_79.80_,15_120_27_59_85_,79.30_79.20_79.10_79.00_78.90_,43_20_23_53_85_
11:55:49,79.40,1,2381,79.40_79.50_79.60_79.70_79.80_,17_120_27_59_85_,79.30_79.20_79.10_79.00_78.90_,43_20_23_53_85_
11:59:14,79.30,1,2436,79.30_79.40_79.50_79.60_79.70_,17_112_128_28_91_,79.20_79.10_79.00_78.90_78.80_,23_23_49_26_67_
11:59:25,79.30,1,2436,79.30_79.40_79.50_79.60_79.70_,17_112_28_28_91_,79.20_79.10_79.00_78.90_78.80_,23_23_43_26_73_
11:59:30,79.20,2,2438,79.30_79.40_79.50_79.60_79.70_,15_112_24_28_91_,79.20_79.10_79.00_78.90_78.80_,21_23_43_26_73_
11:59:30,79.20,2,2438,79.30_79.40_79.50_79.60_79.70_,15_112_24_28_91_,79.20_79.10_79.00_78.90_78.80_,21_23_43_26_73_
11:59:30,79.20,2,2438,79.30_79.40_79.50_79.60_79.70_,15_112_24_28_91_,79.20_79.10_79.00_78.90_78.80_,21_23_43_26_73_
11:59:45,79.20,1,2439,79.30_79.40_79.50_79.60_79.70_,14_112_24_28_91_,79.20_79.10_79.00_78.90_78.80_,20_23_43_26_73_
12:00:31,79.30,7,2449,79.30_79.40_79.50_79.60_79.70_,9_112_24_28_91_,79.20_79.10_79.00_78.90_78.80_,29_24_46_26_73_
12:00:37,79.30,7,2449,79.30_79.40_79.50_79.60_79.70_,9_112_24_28_91_,79.20_79.10_79.00_78.90_78.80_,29_24_54_26_73_
12:00:37,79.30,7,2449,79.30_79.40_79.50_79.60_79.70_,9_112_24_28_91_,79.20_79.10_79.00_78.90_78.80_,29_24_54_26_73_
12:00:37,79.30,7,2449,79.30_79.40_79.50_79.60_79.70_,9_112_24_28_91_,79.20_79.10_79.00_78.90_78.80_,29_24_54_26_73_
12:00:37,79.30,7,2449,79.30_79.40_79.50_79.60_79.70_,9_112_24_28_91_,79.20_79.10_79.00_78.90_78.80_,29_24_54_26_73_
12:02:09,79.20,1,2453,79.30_79.40_79.50_79.60_79.70_,14_112_24_29_91_,79.20_79.10_79.00_78.90_78.80_,25_22_54_25_73_
12:02:09,79.20,1,2453,79.30_79.40_79.50_79.60_79.70_,14_112_24_29_91_,79.20_79.10_79.00_78.90_78.80_,25_22_54_25_73_
12:03:05,79.30,1,2459,79.30_79.40_79.50_79.60_79.70_,10_112_24_29_91_,79.20_79.10_79.00_78.90_78.80_,23_30_46_25_73_
12:03:05,79.30,1,2459,79.30_79.40_79.50_79.60_79.70_,10_112_24_29_91_,79.20_79.10_79.00_78.90_78.80_,23_30_46_25_73_
12:03:51,79.30,7,2470,79.40_79.50_79.60_79.70_79.80_,118_24_29_53_84_,79.30_79.20_79.10_79.00_78.90_,5_18_32_50_85_
12:04:07,79.30,1,2473,79.40_79.50_79.60_79.70_79.80_,117_24_29_53_84_,79.30_79.20_79.10_79.00_78.90_,3_19_31_50_85_
12:04:07,79.30,1,2473,79.40_79.50_79.60_79.70_79.80_,117_24_29_53_84_,79.30_79.20_79.10_79.00_78.90_,3_19_31_50_85_
12:04:07,79.30,1,2473,79.40_79.50_79.60_79.70_79.80_,117_24_29_53_84_,79.30_79.20_79.10_79.00_78.90_,3_19_31_50_85_
12:04:32,79.30,1,2474,79.40_79.50_79.60_79.70_79.80_,116_24_29_53_84_,79.30_79.20_79.10_79.00_78.90_,2_21_29_50_85_
12:04:38,79.30,1,2474,79.40_79.50_79.60_79.70_79.80_,116_24_28_52_83_,79.30_79.20_79.10_79.00_78.90_,2_20_28_49_84_
12:04:38,79.30,1,2474,79.40_79.50_79.60_79.70_79.80_,116_24_28_52_83_,79.30_79.20_79.10_79.00_78.90_,2_20_28_49_84_
12:04:38,79.30,1,2474,79.40_79.50_79.60_79.70_79.80_,116_24_28_52_83_,79.30_79.20_79.10_79.00_78.90_,2_20_28_49_84_
12:04:38,79.30,1,2474,79.40_79.50_79.60_79.70_79.80_,116_24_28_52_83_,79.30_79.20_79.10_79.00_78.90_,2_20_28_49_84_
12:04:58,79.30,1,2474,79.40_79.50_79.60_79.70_79.80_,118_24_28_52_83_,79.30_79.20_79.10_79.00_78.90_,2_20_28_49_84_
12:05:03,79.30,1,2474,79.40_79.50_79.60_79.70_79.80_,118_24_28_52_83_,79.30_79.20_79.10_79.00_78.90_,2_28_20_49_84_
12:05:08,79.30,1,2474,79.40_79.50_79.60_79.70_79.80_,118_24_28_52_83_,79.30_79.20_79.10_79.00_78.90_,2_28_21_49_84_
12:06:15,79.40,1,2480,79.40_79.50_79.60_79.70_79.80_,115_18_28_58_84_,79.30_79.20_79.10_79.00_78.90_,13_18_23_49_84_
12:06:46,79.40,7,2489,79.40_79.50_79.60_79.70_79.80_,110_18_28_58_84_,79.30_79.20_79.10_79.00_78.90_,13_35_28_49_78_
12:06:46,79.40,7,2489,79.40_79.50_79.60_79.70_79.80_,110_18_28_58_84_,79.30_79.20_79.10_79.00_78.90_,13_35_28_49_78_
12:06:46,79.40,7,2489,79.40_79.50_79.60_79.70_79.80_,110_18_28_58_84_,79.30_79.20_79.10_79.00_78.90_,13_35_28_49_78_
12:07:01,79.40,7,2489,79.40_79.50_79.60_79.70_79.80_,110_18_28_58_84_,79.30_79.20_79.10_79.00_78.90_,13_36_28_49_78_
12:07:01,79.40,7,2489,79.40_79.50_79.60_79.70_79.80_,110_18_28_58_84_,79.30_79.20_79.10_79.00_78.90_,13_36_28_49_78_
12:07:11,79.30,1,2490,79.40_79.50_79.60_79.70_79.80_,109_18_28_58_84_,79.30_79.20_79.10_79.00_78.90_,12_36_28_49_78_
12:07:17,79.30,1,2491,79.40_79.50_79.60_79.70_79.80_,109_18_28_58_84_,79.30_79.20_79.10_79.00_78.90_,12_36_28_50_78_
12:07:58,79.40,2,2500,79.40_79.50_79.60_79.70_79.80_,106_18_28_27_84_,79.30_79.20_79.10_79.00_78.90_,6_35_28_50_78_
12:07:58,79.40,2,2500,79.40_79.50_79.60_79.70_79.80_,106_18_28_27_84_,79.30_79.20_79.10_79.00_78.90_,6_35_28_50_78_
12:07:58,79.40,2,2500,79.40_79.50_79.60_79.70_79.80_,106_18_28_27_84_,79.30_79.20_79.10_79.00_78.90_,6_35_28_50_78_
12:08:18,79.40,2,2500,79.40_79.50_79.60_79.70_79.80_,106_18_28_27_80_,79.30_79.20_79.10_79.00_78.90_,6_35_28_50_78_
12:08:18,79.40,2,2500,79.40_79.50_79.60_79.70_79.80_,106_18_28_27_80_,79.30_79.20_79.10_79.00_78.90_,6_35_28_50_78_
12:08:33,79.30,2,2502,79.40_79.50_79.60_79.70_79.80_,104_18_28_27_80_,79.30_79.20_79.10_79.00_78.90_,4_35_28_50_78_
12:10:16,79.40,2,2518,79.40_79.50_79.60_79.70_79.80_,90_18_28_27_80_,79.30_79.20_79.10_79.00_78.90_,27_29_28_50_78_
12:11:38,79.30,2,2525,79.40_79.50_79.60_79.70_79.80_,87_18_21_27_86_,79.30_79.20_79.10_79.00_78.90_,25_29_27_50_78_
12:12:04,79.30,2,2525,79.40_79.50_79.60_79.70_79.80_,89_18_21_27_86_,79.30_79.20_79.10_79.00_78.90_,37_35_27_44_78_
12:12:09,79.30,1,2526,79.40_79.50_79.60_79.70_79.80_,89_18_21_27_86_,79.30_79.20_79.10_79.00_78.90_,36_35_27_44_78_
12:12:45,79.30,1,2530,79.40_79.50_79.60_79.70_79.80_,86_18_21_27_86_,79.30_79.20_79.10_79.00_78.90_,32_36_27_44_78_
12:16:25,79.30,2,2568,79.40_79.50_79.60_79.70_79.80_,62_18_21_27_86_,79.30_79.20_79.10_79.00_78.90_,34_37_27_43_78_
12:17:01,79.40,1,2570,79.40_79.50_79.60_79.70_79.80_,63_18_21_27_86_,79.30_79.20_79.10_79.00_78.90_,33_37_28_43_78_
12:17:06,79.40,1,2570,79.40_79.50_79.60_79.70_79.80_,62_18_21_27_86_,79.30_79.20_79.10_79.00_78.90_,33_37_28_43_78_
12:17:11,79.40,1,2571,79.40_79.50_79.60_79.70_79.80_,61_18_21_27_86_,79.30_79.20_79.10_79.00_78.90_,33_37_28_43_78_
12:17:11,79.40,1,2571,79.40_79.50_79.60_79.70_79.80_,61_18_21_27_86_,79.30_79.20_79.10_79.00_78.90_,33_37_28_43_78_
12:17:11,79.40,1,2571,79.40_79.50_79.60_79.70_79.80_,61_18_21_27_86_,79.30_79.20_79.10_79.00_78.90_,33_37_28_43_78_
12:17:27,79.40,1,2572,79.40_79.50_79.60_79.70_79.80_,61_18_21_27_86_,79.30_79.20_79.10_79.00_78.90_,33_37_28_43_78_
12:17:52,79.30,2,2574,79.40_79.50_79.60_79.70_79.80_,61_19_21_27_86_,79.30_79.20_79.10_79.00_78.90_,31_37_28_43_78_
12:18:03,79.30,2,2576,79.40_79.50_79.60_79.70_79.80_,61_19_21_27_86_,79.30_79.20_79.10_79.00_78.90_,28_32_28_49_78_
12:18:03,79.30,2,2576,79.40_79.50_79.60_79.70_79.80_,61_19_21_27_86_,79.30_79.20_79.10_79.00_78.90_,28_32_28_49_78_
12:18:13,79.30,1,2577,79.40_79.50_79.60_79.70_79.80_,60_19_21_27_86_,79.30_79.20_79.10_79.00_78.90_,27_32_28_49_78_
12:18:44,79.30,2,2582,79.40_79.50_79.60_79.70_79.80_,56_19_21_27_86_,79.30_79.20_79.10_79.00_78.90_,27_32_28_49_78_
12:19:04,79.40,7,2589,79.40_79.50_79.60_79.70_79.80_,51_19_21_27_86_,79.30_79.20_79.10_79.00_78.90_,27_32_29_49_78_
12:19:14,79.40,7,2589,79.40_79.50_79.60_79.70_79.80_,55_19_21_27_86_,79.30_79.20_79.10_79.00_78.90_,27_32_29_49_78_
12:19:14,79.40,7,2589,79.40_79.50_79.60_79.70_79.80_,55_19_21_27_86_,79.30_79.20_79.10_79.00_78.90_,27_32_29_49_78_
12:19:14,79.40,7,2589,79.40_79.50_79.60_79.70_79.80_,55_19_21_27_86_,79.30_79.20_79.10_79.00_78.90_,27_32_29_49_78_
12:19:30,79.40,7,2589,79.40_79.50_79.60_79.70_79.80_,57_19_21_27_86_,79.30_79.20_79.10_79.00_78.90_,27_32_29_49_78_
12:19:35,79.30,6,2595,79.40_79.50_79.60_79.70_79.80_,55_19_21_27_86_,79.30_79.20_79.10_79.00_78.90_,22_32_29_49_78_
12:19:40,79.30,6,2595,79.40_79.50_79.60_79.70_79.80_,55_19_21_27_86_,79.30_79.20_79.10_79.00_78.90_,24_32_27_49_78_
12:20:21,79.40,1,2598,79.40_79.50_79.60_79.70_79.80_,53_19_21_27_86_,79.30_79.20_79.10_79.00_78.90_,27_31_28_50_78_
12:20:36,79.30,2,2600,79.40_79.50_79.60_79.70_79.80_,52_19_21_27_86_,79.30_79.20_79.10_79.00_78.90_,25_31_28_50_78_
12:23:41,79.40,2,2627,79.40_79.50_79.60_79.70_79.80_,38_20_22_27_85_,79.30_79.20_79.10_79.00_78.90_,36_30_28_49_70_
12:23:56,79.30,3,2630,79.40_79.50_79.60_79.70_79.80_,39_20_22_27_85_,79.30_79.20_79.10_79.00_78.90_,37_30_28_44_70_
12:25:18,79.40,7,2643,79.40_79.50_79.60_79.70_79.80_,45_52_28_27_79_,79.30_79.20_79.10_79.00_78.90_,34_29_27_44_70_
12:28:38,79.40,7,2683,79.40_79.50_79.60_79.70_79.80_,40_65_28_27_78_,79.30_79.20_79.10_79.00_78.90_,1_30_20_43_16_
12:28:54,79.40,2,2685,79.40_79.50_79.60_79.70_79.80_,39_65_28_27_78_,79.30_79.20_79.10_79.00_78.90_,1_30_20_44_78_
12:28:54,79.40,2,2685,79.40_79.50_79.60_79.70_79.80_,39_65_28_27_78_,79.30_79.20_79.10_79.00_78.90_,1_30_20_44_78_
12:29:09,79.30,1,2686,79.40_79.50_79.60_79.70_79.80_,39_65_28_27_78_,79.30_79.20_79.10_79.00_78.90_,10_30_21_44_78_
12:29:09,79.30,1,2686,79.40_79.50_79.60_79.70_79.80_,39_65_28_27_78_,79.30_79.20_79.10_79.00_78.90_,10_30_21_44_78_
12:30:21,79.30,2,2688,79.40_79.50_79.60_79.70_79.80_,50_65_28_27_78_,79.30_79.20_79.10_79.00_78.90_,23_30_27_44_72_
12:30:41,79.30,2,2690,79.40_79.50_79.60_79.70_79.80_,49_65_28_27_78_,79.30_79.20_79.10_79.00_78.90_,21_30_27_44_72_
12:30:46,79.30,1,2691,79.40_79.50_79.60_79.70_79.80_,49_65_28_27_78_,79.30_79.20_79.10_79.00_78.90_,20_30_27_44_72_
12:31:02,79.30,1,2692,79.40_79.50_79.60_79.70_79.80_,51_65_28_27_78_,79.30_79.20_79.10_79.00_78.90_,6_30_27_44_72_
12:31:07,79.30,1,2692,79.40_79.50_79.60_79.70_79.80_,50_65_28_27_78_,79.30_79.20_79.10_79.00_78.90_,6_30_27_44_72_
12:31:58,79.30,1,2705,79.40_79.50_79.60_79.70_79.80_,42_65_28_27_78_,79.30_79.20_79.10_79.00_78.90_,2_30_28_44_72_
12:32:24,79.30,1,2705,79.40_79.50_79.60_79.70_79.80_,42_65_28_27_78_,79.30_79.20_79.10_79.00_78.90_,4_29_27_44_72_
12:33:10,79.30,1,2710,79.30_79.40_79.50_79.60_79.70_,4_38_65_29_66_,79.20_79.10_79.00_78.90_78.80_,29_42_43_10_67_
12:33:25,79.30,1,2715,79.40_79.50_79.60_79.70_79.80_,38_65_29_27_78_,79.30_79.20_79.10_79.00_78.90_,5_29_42_44_72_
12:34:01,79.40,2,2718,79.40_79.50_79.60_79.70_79.80_,39_65_29_27_78_,79.30_79.20_79.10_79.00_78.90_,13_28_35_44_72_
12:35:03,79.30,1,2726,79.40_79.50_79.60_79.70_79.80_,35_63_29_27_78_,79.30_79.20_79.10_79.00_78.90_,30_29_34_44_72_
12:35:03,79.30,1,2726,79.40_79.50_79.60_79.70_79.80_,35_63_29_27_78_,79.30_79.20_79.10_79.00_78.90_,30_29_34_44_72_
12:35:03,79.30,1,2726,79.40_79.50_79.60_79.70_79.80_,35_63_29_27_78_,79.30_79.20_79.10_79.00_78.90_,30_29_34_44_72_
12:35:18,79.30,1,2726,79.40_79.50_79.60_79.70_79.80_,35_63_29_27_78_,79.30_79.20_79.10_79.00_78.90_,30_29_35_44_72_
12:35:23,79.30,1,2726,79.40_79.50_79.60_79.70_79.80_,36_63_29_27_78_,79.30_79.20_79.10_79.00_78.90_,30_29_35_44_72_
12:35:23,79.30,1,2726,79.40_79.50_79.60_79.70_79.80_,36_63_29_27_78_,79.30_79.20_79.10_79.00_78.90_,30_29_35_44_72_
12:35:33,79.30,2,2728,79.40_79.50_79.60_79.70_79.80_,34_63_29_27_78_,79.30_79.20_79.10_79.00_78.90_,28_29_35_44_72_
12:35:39,79.30,2,2728,79.40_79.50_79.60_79.70_79.80_,35_63_29_27_78_,79.30_79.20_79.10_79.00_78.90_,28_29_35_44_72_
12:36:19,79.30,2,2728,79.40_79.50_79.60_79.70_79.80_,53_64_28_27_78_,79.30_79.20_79.10_79.00_78.90_,43_20_27_41_72_
12:38:07,79.30,3,2754,79.40_79.50_79.60_79.70_79.80_,42_65_30_30_78_,79.30_79.20_79.10_79.00_78.90_,33_22_27_41_72_
12:38:07,79.30,3,2754,79.40_79.50_79.60_79.70_79.80_,42_65_30_30_78_,79.30_79.20_79.10_79.00_78.90_,33_22_27_41_72_
12:39:24,79.30,1,2760,79.40_79.50_79.60_79.70_79.80_,42_65_30_30_78_,79.30_79.20_79.10_79.00_78.90_,30_22_27_41_72_
12:40:56,79.40,7,2772,79.40_79.50_79.60_79.70_79.80_,34_65_30_30_78_,79.30_79.20_79.10_79.00_78.90_,28_22_26_42_72_
12:40:56,79.40,7,2772,79.40_79.50_79.60_79.70_79.80_,34_65_30_30_78_,79.30_79.20_79.10_79.00_78.90_,28_22_26_42_72_
12:41:37,79.40,2,2774,79.40_79.50_79.60_79.70_79.80_,32_65_30_30_78_,79.30_79.20_79.10_79.00_78.90_,28_22_26_42_72_
12:42:03,79.40,1,2776,79.40_79.50_79.60_79.70_79.80_,32_65_30_30_78_,79.30_79.20_79.10_79.00_78.90_,30_20_26_42_72_
12:42:23,79.30,1,2777,79.40_79.50_79.60_79.70_79.80_,32_65_30_30_78_,79.30_79.20_79.10_79.00_78.90_,29_20_26_42_72_
12:42:49,79.30,2,2779,79.40_79.50_79.60_79.70_79.80_,33_65_30_30_78_,79.30_79.20_79.10_79.00_78.90_,28_20_26_42_72_
12:45:28,79.40,1,2797,79.40_79.50_79.60_79.70_79.80_,53_56_30_30_76_,79.30_79.20_79.10_79.00_78.90_,40_19_26_42_72_
12:46:14,79.40,1,2807,79.40_79.50_79.60_79.70_79.80_,48_56_30_27_76_,79.30_79.20_79.10_79.00_78.90_,36_19_26_41_72_
12:46:29,79.40,1,2807,79.40_79.50_79.60_79.70_79.80_,50_57_30_27_76_,79.30_79.20_79.10_79.00_78.90_,36_19_26_41_72_
12:46:35,79.40,1,2807,79.40_79.50_79.60_79.70_79.80_,50_57_30_26_76_,79.30_79.20_79.10_79.00_78.90_,36_19_26_41_72_
12:46:40,79.30,2,2809,79.40_79.50_79.60_79.70_79.80_,48_57_30_26_76_,79.30_79.20_79.10_79.00_78.90_,34_19_26_41_72_
12:47:05,79.30,1,2819,79.40_79.50_79.60_79.70_79.80_,41_58_30_26_76_,79.30_79.20_79.10_79.00_78.90_,33_19_26_41_72_
12:47:16,79.30,1,2819,79.40_79.50_79.60_79.70_79.80_,41_58_30_26_76_,79.30_79.20_79.10_79.00_78.90_,34_19_26_41_72_
12:47:16,79.30,1,2819,79.40_79.50_79.60_79.70_79.80_,41_58_30_26_76_,79.30_79.20_79.10_79.00_78.90_,34_19_26_41_72_
12:47:16,79.30,1,2819,79.40_79.50_79.60_79.70_79.80_,41_58_30_26_76_,79.30_79.20_79.10_79.00_78.90_,34_19_26_41_72_
12:47:16,79.30,1,2819,79.40_79.50_79.60_79.70_79.80_,41_58_30_26_76_,79.30_79.20_79.10_79.00_78.90_,34_19_26_41_72_
12:47:41,79.30,2,2821,79.40_79.50_79.60_79.70_79.80_,39_58_30_26_76_,79.30_79.20_79.10_79.00_78.90_,32_19_26_41_72_
12:47:46,79.30,1,2822,79.40_79.50_79.60_79.70_79.80_,38_58_30_26_76_,79.30_79.20_79.10_79.00_78.90_,31_19_26_41_72_
12:48:17,79.40,5,2827,79.40_79.50_79.60_79.70_79.80_,36_58_30_26_76_,79.30_79.20_79.10_79.00_78.90_,31_19_26_41_72_
12:49:14,79.40,1,2830,79.40_79.50_79.60_79.70_79.80_,39_58_30_26_76_,79.30_79.20_79.10_79.00_78.90_,34_19_18_42_72_
12:49:29,79.40,2,2832,79.40_79.50_79.60_79.70_79.80_,37_58_30_26_76_,79.30_79.20_79.10_79.00_78.90_,34_19_18_42_72_
12:51:42,79.40,2,2849,79.40_79.50_79.60_79.70_79.80_,24_60_32_27_79_,79.30_79.20_79.10_79.00_78.90_,43_18_18_43_73_
12:52:02,79.40,2,2849,79.40_79.50_79.60_79.70_79.80_,28_59_32_27_79_,79.30_79.20_79.10_79.00_78.90_,43_18_18_43_73_
12:52:13,79.40,2,2851,79.40_79.50_79.60_79.70_79.80_,27_59_32_27_79_,79.30_79.20_79.10_79.00_78.90_,43_18_18_43_73_
12:52:18,79.40,2,2851,79.40_79.50_79.60_79.70_79.80_,27_60_32_27_79_,79.30_79.20_79.10_79.00_78.90_,43_18_18_43_73_
12:53:35,79.30,2,2863,79.40_79.50_79.60_79.70_79.80_,20_60_32_27_79_,79.30_79.20_79.10_79.00_78.90_,37_18_18_43_73_
12:53:50,79.30,2,2863,79.40_79.50_79.60_79.70_79.80_,21_60_32_27_79_,79.30_79.20_79.10_79.00_78.90_,37_18_18_43_73_
12:55:07,79.30,3,2881,79.40_79.50_79.60_79.70_79.80_,17_59_32_30_78_,79.30_79.20_79.10_79.00_78.90_,32_4_13_43_79_
12:55:22,79.30,3,2881,79.40_79.50_79.60_79.70_79.80_,17_59_32_30_79_,79.30_79.20_79.10_79.00_78.90_,33_5_13_43_79_
12:55:53,79.30,1,2886,79.40_79.50_79.60_79.70_79.80_,23_59_32_30_79_,79.30_79.20_79.10_79.00_78.90_,31_5_12_43_79_
12:56:03,79.30,1,2887,79.40_79.50_79.60_79.70_79.80_,31_59_33_30_79_,79.30_79.20_79.10_79.00_78.90_,31_6_12_43_79_
12:56:08,79.30,1,2887,79.40_79.50_79.60_79.70_79.80_,31_59_34_30_75_,79.30_79.20_79.10_79.00_78.90_,31_6_12_43_79_
12:56:19,79.40,8,2895,79.40_79.50_79.60_79.70_79.80_,23_59_34_30_75_,79.30_79.20_79.10_79.00_78.90_,31_10_12_43_79_
12:56:19,79.40,8,2895,79.40_79.50_79.60_79.70_79.80_,23_59_34_30_75_,79.30_79.20_79.10_79.00_78.90_,31_10_12_43_79_
12:56:19,79.40,8,2895,79.40_79.50_79.60_79.70_79.80_,23_59_34_30_75_,79.30_79.20_79.10_79.00_78.90_,31_10_12_43_79_
