09:01:37,75.70,1,89,75.70_75.80_75.90_76.00_76.10_,2_10_5_28_2_,75.60_75.50_75.40_75.20_75.10_,1_1_5_21_15_
09:01:47,75.70,1,92,75.70_75.80_75.90_76.00_76.10_,1_10_5_28_2_,75.60_75.50_75.40_75.20_75.10_,1_11_5_10_23_
09:02:08,76.00,35,143,76.10_76.20_76.30_76.40_76.50_,1_4_5_1_21_,76.00_75.80_75.70_75.60_75.50_,7_1_2_11_1_
09:02:28,76.30,14,177,76.40_76.50_76.60_76.70_76.80_,1_21_5_2_2_,76.30_76.20_76.10_76.00_75.80_,10_5_12_19_1_
09:04:36,77.10,5,355,77.10_77.20_77.30_77.40_77.50_,1_7_4_1_8_,77.00_76.90_76.80_76.50_76.30_,9_4_20_31_13_
09:04:57,76.80,16,393,76.90_77.00_77.10_77.20_77.30_,3_14_2_8_4_,76.80_76.50_76.40_76.30_76.10_,4_15_8_21_1_
09:05:48,76.60,3,429,76.60_76.70_76.80_76.90_77.00_,10_8_11_8_26_,76.50_76.40_76.30_76.10_76.00_,8_1_23_2_43_
09:06:29,76.60,1,455,76.60_76.70_76.80_76.90_77.00_,10_9_12_8_36_,76.50_76.40_76.30_76.10_76.00_,8_1_23_2_53_
09:07:00,76.50,1,471,76.60_76.70_76.80_76.90_77.00_,8_9_12_8_36_,76.50_76.40_76.30_76.10_76.00_,4_2_23_2_53_
09:07:36,76.60,1,499,76.70_76.80_76.90_77.00_77.10_,6_12_6_35_2_,76.60_76.50_76.40_76.30_76.10_,1_14_2_23_29_
09:08:07,76.50,3,507,76.70_76.80_76.90_77.00_77.10_,7_12_11_35_2_,76.50_76.40_76.30_76.10_76.00_,13_8_23_20_49_
09:08:32,76.60,1,511,76.70_76.80_76.90_77.00_77.10_,7_12_6_36_2_,76.60_76.50_76.40_76.30_76.10_,3_11_8_23_28_
09:08:58,76.70,2,515,76.70_76.80_76.90_77.00_77.10_,13_11_7_37_2_,76.60_76.50_76.40_76.30_76.10_,9_11_8_23_28_
09:09:49,76.60,1,536,76.70_76.80_76.90_77.00_77.10_,7_11_12_27_2_,76.60_76.50_76.40_76.30_76.10_,5_11_8_23_29_
09:09:59,76.70,2,540,76.70_76.80_76.90_77.00_77.10_,6_10_12_27_2_,76.60_76.50_76.40_76.30_76.10_,5_11_8_23_29_
09:11:16,77.80,9,688,77.90_78.00_78.10_78.20_78.30_,4_20_2_4_15_,77.80_77.70_77.50_77.20_77.10_,2_10_12_9_19_
09:11:41,78.30,14,752,78.30_78.40_78.50_78.60_78.70_,12_6_7_7_2_,78.20_78.00_77.90_77.80_77.70_,3_1_6_8_9_
09:12:17,78.40,9,831,78.40_78.50_78.60_78.70_78.80_,3_6_7_5_8_,78.30_78.20_78.00_77.90_77.80_,9_1_6_5_25_
09:14:20,78.10,1,934,78.20_78.30_78.40_78.50_78.60_,10_24_8_11_10_,78.00_77.90_77.80_77.70_77.60_,50_7_9_38_1_
09:14:41,78.30,4,954,78.30_78.40_78.50_78.60_78.70_,22_7_12_10_5_,78.20_78.10_78.00_77.90_77.80_,13_13_52_9_25_
09:14:46,78.30,12,966,78.30_78.40_78.50_78.60_78.70_,10_7_12_9_6_,78.20_78.10_78.00_77.90_77.80_,15_13_52_9_44_
09:14:51,78.30,12,978,78.40_78.50_78.60_78.70_78.80_,7_22_9_6_8_,78.20_78.10_78.00_77.90_77.80_,12_17_52_9_44_
09:15:58,78.80,5,1122,78.90_79.00_79.10_79.20_79.30_,1_9_2_2_2_,78.80_78.70_78.40_78.30_78.20_,8_2_4_11_21_
09:16:03,79.00,9,1131,79.00_79.10_79.20_79.30_79.40_,3_2_2_3_9_,78.80_78.70_78.50_78.40_78.30_,9_2_5_4_11_
09:16:08,79.00,15,1146,79.10_79.20_79.30_79.40_79.50_,6_2_2_12_10_,79.00_78.80_78.70_78.50_78.40_,4_9_2_5_3_
09:16:18,79.20,17,1177,79.30_79.40_79.50_79.60_79.70_,6_10_11_2_2_,79.20_79.10_78.90_78.80_78.70_,3_6_6_8_2_
09:17:50,80.20,3,1372,80.20_80.40_80.50_80.60_80.70_,3_3_7_5_5_,80.10_80.00_79.90_79.70_79.60_,3_15_40_2_21_
09:18:00,80.50,11,1393,80.50_80.60_80.70_80.80_80.90_,3_6_9_10_1_,80.00_79.90_79.80_79.70_79.60_,9_40_1_2_5_
09:18:36,80.20,11,1429,80.40_80.50_80.60_80.70_80.80_,3_11_7_4_10_,80.00_79.90_79.80_79.70_79.60_,26_40_1_2_21_
09:21:46,81.60,7,2012,81.70_,229_,81.60_81.50_81.40_81.30_81.20_,1_13_2_1_1_
09:22:32,81.70,2,2314,-,-,81.70_81.50_81.40_81.30_81.20_,345_13_10_19_1_
09:22:37,81.70,1,2315,-,-,81.70_81.50_81.40_81.30_81.20_,457_13_10_2_18_
09:23:08,81.70,20,2368,-,-,81.70_81.50_81.40_81.30_81.20_,637_15_10_3_17_
09:23:44,81.70,18,2470,-,-,81.70_81.50_81.40_81.30_81.20_,36_13_10_3_18_
09:24:15,81.60,9,2536,81.60_81.70_,1_25_,81.50_81.40_81.30_81.20_81.10_,3_10_7_11_19_
09:24:20,81.60,3,2539,81.60_81.70_,2_36_,81.50_81.40_81.30_81.20_81.10_,3_10_6_11_19_
09:24:25,81.50,1,2540,81.60_81.70_,2_37_,81.50_81.40_81.30_81.20_81.10_,3_10_6_11_19_
09:29:17,81.00,6,2640,81.20_81.30_81.40_81.50_81.60_,6_6_4_39_28_,80.90_80.80_80.70_80.60_80.50_,2_6_1_7_17_
09:29:22,80.90,1,2641,81.20_81.30_81.40_81.50_81.60_,6_6_4_39_28_,80.90_80.80_80.60_80.50_80.40_,4_6_7_18_1_
09:29:53,80.80,3,2652,80.90_81.00_81.20_81.30_81.40_,3_6_6_5_6_,80.80_80.60_80.50_80.40_80.30_,2_6_17_2_20_
09:30:28,80.80,1,2657,80.80_80.90_81.00_81.20_81.40_,7_7_6_5_6_,80.60_80.50_80.40_80.30_80.20_,7_7_5_8_17_
09:30:34,80.80,1,2657,80.80_80.90_81.00_81.20_81.40_,7_7_6_5_6_,80.60_80.50_80.40_80.30_80.20_,9_7_5_8_17_
09:32:01,80.60,4,2690,80.70_80.80_80.90_81.00_81.20_,4_7_6_1_5_,80.60_80.50_80.40_80.30_80.20_,1_7_4_12_28_
09:32:06,80.60,4,2690,80.70_80.80_80.90_81.00_81.20_,4_7_6_1_5_,80.60_80.50_80.40_80.30_80.20_,2_7_4_12_28_
09:33:48,80.70,1,2710,80.90_81.00_81.20_81.40_81.50_,3_22_5_4_59_,80.80_80.70_80.60_80.50_80.40_,3_7_17_2_28_
09:36:37,81.50,3,2797,81.50_81.60_81.70_,99_26_174_,81.40_81.30_81.20_81.00_80.90_,2_5_15_5_23_
09:36:43,81.50,2,2799,81.50_81.60_81.70_,99_26_174_,81.40_81.30_81.20_81.00_80.90_,3_5_15_5_23_
09:36:48,81.40,3,2802,81.40_81.50_81.60_81.70_,1_99_26_175_,81.30_81.20_81.00_80.90_80.80_,5_15_5_23_3_
09:37:29,81.30,5,2828,81.30_81.40_81.50_81.60_81.70_,1_5_93_26_185_,81.20_81.00_80.90_80.80_80.60_,10_4_8_18_12_
09:37:34,81.30,1,2829,81.40_81.50_81.60_81.70_,5_93_26_185_,81.20_81.00_80.90_80.80_80.70_,10_4_7_3_8_
09:37:39,81.30,1,2829,81.30_81.40_81.50_81.60_81.70_,1_6_93_26_190_,81.20_81.00_80.90_80.80_80.70_,10_4_8_2_16_
09:37:49,81.30,1,2831,81.30_81.40_81.50_81.60_81.70_,10_6_88_26_190_,81.20_81.00_80.90_80.80_80.70_,10_4_7_3_16_
09:37:54,81.30,3,2834,81.30_81.40_81.50_81.60_81.70_,9_6_88_26_190_,81.20_81.00_80.90_80.80_80.70_,10_4_7_3_16_
09:37:59,81.20,2,2836,81.30_81.40_81.50_81.60_81.70_,9_7_88_26_191_,81.20_81.00_80.90_80.80_80.70_,8_4_7_3_16_
09:40:38,81.00,1,2878,81.00_81.20_81.30_81.40_81.50_,1_7_7_13_78_,80.90_80.80_80.70_80.60_80.50_,4_6_3_13_11_
09:41:40,81.20,1,2888,81.20_81.30_81.40_81.50_81.60_,6_8_13_78_20_,81.00_80.90_80.80_80.70_80.60_,1_1_6_5_30_
09:42:31,81.00,2,2896,81.20_81.30_81.40_81.50_81.60_,9_4_13_80_21_,80.90_80.80_80.70_80.60_80.50_,2_7_4_14_28_
09:42:36,81.20,1,2897,81.20_81.30_81.40_81.50_81.60_,8_4_13_80_21_,80.90_80.80_80.70_80.60_80.50_,2_7_4_15_25_
09:43:02,81.00,3,2901,81.10_81.20_81.30_81.40_81.50_,3_8_4_12_80_,81.00_80.90_80.80_80.70_80.60_,1_1_7_4_31_
09:43:07,81.10,1,2902,81.10_81.20_81.30_81.40_81.50_,2_8_4_12_80_,81.00_80.90_80.80_80.70_80.60_,1_1_7_4_31_
09:43:12,81.00,1,2903,81.00_81.10_81.20_81.30_81.40_,5_2_8_4_12_,80.90_80.80_80.70_80.60_80.50_,1_7_4_31_9_
09:43:17,81.00,1,2904,81.00_81.10_81.20_81.30_81.40_,5_2_8_4_12_,80.90_80.80_80.70_80.60_80.50_,1_7_4_14_26_
09:43:22,81.00,1,2904,81.00_81.10_81.20_81.30_81.40_,8_2_8_4_12_,80.90_80.80_80.70_80.60_80.50_,1_7_4_14_26_
09:43:33,81.00,1,2905,81.00_81.10_81.20_81.30_81.40_,8_2_8_4_12_,80.90_80.80_80.70_80.60_80.50_,1_7_4_14_26_
09:43:43,81.00,1,2905,81.00_81.10_81.20_81.30_81.40_,9_2_8_4_12_,80.90_80.80_80.70_80.60_80.50_,1_7_4_14_26_
09:46:12,81.20,1,2947,81.20_81.30_81.40_81.50_81.60_,6_5_12_82_22_,81.10_80.80_80.70_80.60_80.50_,1_7_11_21_17_
09:46:22,81.20,1,2947,81.20_81.30_81.40_81.50_81.60_,6_5_12_82_22_,81.10_80.90_80.80_80.70_80.60_,1_2_7_11_21_
09:46:27,81.20,4,2951,81.20_81.30_81.40_81.50_81.60_,2_5_12_82_22_,81.10_80.90_80.80_80.70_80.60_,1_2_7_11_21_
09:46:32,81.20,1,2952,81.20_81.30_81.40_81.50_81.60_,1_5_14_82_22_,81.10_80.90_80.80_80.70_80.60_,1_2_7_11_29_
09:46:53,81.20,1,2954,81.30_81.40_81.50_81.60_81.70_,6_15_82_22_208_,81.20_81.10_80.90_80.80_80.70_,2_1_2_8_26_
09:47:03,81.20,5,2964,81.30_81.40_81.50_81.60_81.70_,1_15_82_22_203_,81.20_81.10_80.90_80.80_80.70_,1_1_2_9_25_
09:47:24,81.30,1,2967,81.40_81.50_81.60_81.70_,15_82_22_203_,81.20_81.10_81.00_80.90_80.80_,6_1_5_7_25_
09:48:30,81.40,2,3000,81.50_81.60_81.70_,76_21_225_,81.40_81.30_81.20_81.10_81.00_,16_1_3_8_28_
09:48:35,81.40,2,3002,81.50_81.60_81.70_,77_21_225_,81.40_81.30_81.20_81.10_81.00_,15_1_3_8_28_
09:48:41,81.50,2,3004,81.50_81.60_81.70_,75_21_225_,81.40_81.30_81.20_81.10_81.00_,15_1_3_8_28_
09:48:46,81.50,6,3010,81.50_81.60_81.70_,69_21_225_,81.40_81.30_81.20_81.10_81.00_,16_1_3_8_28_
09:48:51,81.50,8,3018,81.50_81.60_81.70_,62_21_225_,81.40_81.30_81.20_81.10_81.00_,16_1_3_8_28_
09:48:56,81.50,1,3019,81.50_81.60_81.70_,61_21_227_,81.40_81.20_81.10_81.00_80.90_,17_3_8_28_7_
09:49:06,81.40,1,3020,81.50_81.60_81.70_,61_21_227_,81.40_81.20_81.10_81.00_80.90_,17_3_8_12_23_
09:49:37,81.50,2,3026,81.50_81.60_81.70_,58_21_231_,81.40_81.20_81.10_81.00_80.90_,14_3_8_12_23_
09:50:59,81.60,1,3264,81.60_81.70_,5_101_,81.50_81.40_81.20_81.10_81.00_,15_7_5_3_21_
09:52:41,81.60,1,3454,81.60_81.70_,9_102_,81.50_81.40_81.30_81.20_81.10_,11_7_1_2_20_
09:55:36,81.50,11,3555,81.50_81.70_,1_71_,81.40_81.20_81.10_81.00_80.90_,7_2_4_23_7_
09:56:01,81.50,1,3568,81.70_,69_,81.50_81.40_81.20_81.10_81.00_,1_8_3_4_22_
09:56:47,81.60,1,3572,81.60_81.70_,5_71_,81.50_81.40_81.20_81.10_81.00_,7_7_2_5_22_
09:57:39,81.60,1,3588,81.60_81.70_,3_77_,81.50_81.40_81.20_81.10_81.00_,5_1_2_5_23_
09:58:35,81.60,1,3594,81.60_81.70_,2_82_,81.50_81.40_81.20_81.10_81.00_,6_1_2_5_24_
10:00:43,81.70,8,3627,81.70_,82_,81.60_81.40_81.30_81.20_81.10_,12_6_5_8_20_
10:01:19,81.70,71,3712,-,-,81.70_81.60_81.40_81.30_81.20_,30_18_7_7_8_
10:01:40,81.70,2,3714,-,-,81.70_81.60_81.40_81.30_81.20_,308_18_7_7_23_
10:01:45,81.70,1,3715,-,-,81.70_81.60_81.40_81.30_81.20_,372_19_7_7_23_
10:01:50,81.70,5,3720,-,-,81.70_81.60_81.40_81.30_81.20_,412_19_7_7_23_
10:01:55,81.70,3,3723,-,-,81.70_81.60_81.40_81.30_81.20_,411_19_7_7_23_
10:04:45,81.70,1,3733,-,-,81.70_81.60_81.40_81.30_81.20_,444_18_7_7_24_
10:06:43,81.70,1,3744,-,-,81.70_81.60_81.40_81.30_81.20_,484_18_7_7_24_
10:06:48,81.70,4,3748,-,-,81.70_81.60_81.40_81.30_81.20_,480_18_7_7_24_
10:08:25,81.70,1,3764,-,-,81.70_81.60_81.40_81.30_81.20_,467_17_7_7_24_
10:08:41,81.70,1,3765,-,-,81.70_81.60_81.40_81.30_81.20_,466_17_7_7_24_
10:09:01,81.70,1,3768,-,-,81.70_81.60_81.40_81.30_81.20_,464_17_7_7_24_
10:09:06,81.70,2,3770,-,-,81.70_81.60_81.40_81.30_81.20_,462_17_7_7_24_
10:09:17,81.70,10,3780,-,-,81.70_81.60_81.40_81.30_81.20_,452_17_7_7_24_
10:09:52,81.70,2,3788,-,-,81.70_81.60_81.40_81.30_81.20_,415_17_7_7_24_
10:10:03,81.70,1,3790,-,-,81.70_81.60_81.40_81.30_81.20_,412_17_7_7_24_
10:10:59,81.70,1,3798,-,-,81.70_81.60_81.40_81.30_81.20_,404_17_7_7_24_
10:12:06,81.70,2,3804,-,-,81.70_81.60_81.40_81.30_81.20_,399_17_7_7_24_
10:12:26,81.70,1,3805,-,-,81.70_81.60_81.40_81.30_81.20_,388_17_7_7_24_
10:12:52,81.70,5,3810,-,-,81.70_81.60_81.40_81.30_81.20_,381_17_7_7_24_
10:13:07,81.70,5,3810,-,-,81.70_81.60_81.40_81.30_81.20_,381_18_7_7_24_
10:13:23,81.70,2,3812,-,-,81.70_81.60_81.40_81.30_81.20_,380_18_7_7_24_
10:14:45,81.70,1,3828,-,-,81.70_81.60_81.40_81.30_81.20_,359_18_7_7_24_
10:14:55,81.70,1,3829,-,-,81.70_81.60_81.40_81.30_81.20_,358_18_7_7_24_
10:15:00,81.70,3,3832,-,-,81.70_81.60_81.40_81.30_81.20_,355_18_7_7_24_
10:15:11,81.70,3,3832,-,-,81.70_81.60_81.40_81.30_81.20_,354_18_7_7_24_
10:15:16,81.70,10,3842,-,-,81.70_81.60_81.40_81.30_81.20_,344_18_7_7_24_
10:15:31,81.70,3,3848,-,-,81.70_81.60_81.40_81.30_81.20_,308_18_7_7_24_
10:15:47,81.70,1,3850,-,-,81.70_81.60_81.40_81.30_81.20_,297_18_7_7_24_
10:16:43,81.70,2,3859,-,-,81.70_81.60_81.40_81.30_81.20_,288_18_7_7_24_
10:17:45,81.70,2,3861,-,-,81.70_81.60_81.40_81.30_81.20_,286_18_7_7_24_
10:18:05,81.70,6,3867,-,-,81.70_81.60_81.40_81.30_81.20_,280_18_7_7_24_
10:22:11,81.60,1,4053,81.70_,6_,81.60_81.40_81.30_81.20_81.10_,13_7_5_11_20_
10:22:16,81.70,5,4058,81.70_,2_,81.60_81.40_81.30_81.20_81.10_,13_7_5_11_20_
10:22:58,81.60,1,4072,81.70_,11_,81.60_81.40_81.30_81.20_81.10_,11_7_5_11_21_
10:23:13,81.70,12,4084,-,-,81.70_81.60_81.40_81.30_81.20_,13_12_7_5_11_
10:23:18,81.70,12,4084,-,-,81.70_81.60_81.40_81.30_81.20_,13_12_7_6_26_
10:24:10,81.70,2,4123,81.70_,1_,81.60_81.40_81.30_81.20_81.10_,10_7_7_9_20_
10:24:45,81.70,2,4136,81.70_,12_,81.50_81.40_81.30_81.20_81.10_,1_7_7_9_21_
10:24:56,81.70,2,4136,81.70_,12_,81.50_81.40_81.30_81.20_81.10_,3_7_7_9_21_
10:25:01,81.70,2,4136,81.70_,12_,81.50_81.40_81.30_81.20_81.10_,4_7_7_9_21_
10:25:26,81.70,2,4136,81.70_,14_,81.60_81.50_81.40_81.30_81.20_,1_4_7_7_26_
10:25:37,81.60,1,4137,81.70_,14_,81.60_81.50_81.40_81.30_81.20_,1_4_7_7_26_
10:26:54,81.70,1,4141,81.70_,13_,81.60_81.50_81.40_81.30_81.20_,1_5_8_7_26_
10:27:30,81.50,3,4151,81.70_,26_,81.50_81.40_81.30_81.20_81.10_,10_8_6_10_5_
10:28:16,81.50,1,4156,81.60_81.70_,5_27_,81.50_81.40_81.30_81.20_81.10_,11_8_6_11_21_
10:28:36,81.60,2,4165,81.60_81.70_,2_32_,81.50_81.40_81.30_81.20_81.10_,6_8_6_10_22_
10:28:41,81.60,1,4166,81.60_81.70_,1_32_,81.50_81.40_81.30_81.20_81.10_,6_8_6_10_22_
10:30:55,81.50,2,4175,81.60_81.70_,8_48_,81.40_81.30_81.20_81.10_81.00_,14_6_10_22_9_
10:31:00,81.50,2,4175,81.60_81.70_,8_48_,81.40_81.30_81.20_81.10_81.00_,14_6_10_6_25_
10:34:10,81.60,8,4185,81.60_81.70_,8_44_,81.50_81.40_81.30_81.20_81.10_,17_16_9_10_22_
10:36:02,81.50,1,4189,81.60_81.70_,11_44_,81.50_81.40_81.30_81.20_81.10_,14_19_6_10_22_
10:37:09,81.50,7,4213,81.70_,39_,81.50_81.40_81.30_81.20_81.10_,14_19_6_10_22_
10:39:22,81.70,1,4262,-,-,81.70_81.60_81.50_81.40_81.30_,170_6_20_19_24_
10:39:43,81.70,1,4264,-,-,81.70_81.60_81.50_81.40_81.30_,243_6_16_19_24_
10:39:53,81.70,1,4264,-,-,81.70_81.60_81.50_81.40_81.30_,244_6_16_19_24_
10:45:47,81.70,1,4285,-,-,81.70_81.60_81.50_81.40_81.30_,226_6_17_18_24_
10:46:43,81.70,1,4285,-,-,81.70_81.60_81.50_81.40_81.30_,227_6_17_18_25_
10:47:04,81.70,25,4310,-,-,81.70_81.60_81.50_81.40_81.30_,202_6_17_18_25_
10:47:40,81.70,1,4311,-,-,81.70_81.60_81.50_81.40_81.30_,118_7_17_18_25_
10:49:27,81.70,1,4314,-,-,81.70_81.60_81.50_81.40_81.30_,77_6_16_18_25_
10:49:33,81.70,1,4314,-,-,81.70_81.60_81.50_81.40_81.30_,59_6_16_18_25_
10:54:15,81.70,1,4327,-,-,81.70_81.60_81.50_81.40_81.30_,73_7_16_16_24_
10:57:35,81.70,1,4340,-,-,81.70_81.60_81.50_81.40_81.30_,42_7_16_16_24_
10:59:07,81.70,1,4350,-,-,81.70_81.60_81.50_81.40_81.30_,11_7_16_16_24_
11:01:26,81.60,1,4376,-,-,81.60_81.50_81.40_81.30_81.20_,16_16_16_10_24_
11:01:41,81.60,1,4376,81.70_,3_,81.60_81.50_81.40_81.30_81.20_,16_16_16_10_24_
11:03:34,81.70,1,4401,-,-,81.60_81.50_81.40_81.30_81.20_,7_19_16_10_24_
11:04:56,81.70,1,4404,-,-,81.70_81.60_81.50_81.40_81.30_,3_9_19_16_27_
11:06:13,81.70,1,4406,-,-,81.70_81.60_81.50_81.40_81.30_,4_11_19_16_27_
11:06:54,81.70,2,4408,-,-,81.70_81.60_81.50_81.40_81.30_,3_11_19_17_27_
11:07:04,81.70,1,4409,-,-,81.70_81.60_81.50_81.40_81.30_,2_11_19_17_27_
11:07:46,81.70,1,4411,-,-,81.60_81.50_81.40_81.30_81.20_,11_19_17_10_24_
11:08:16,81.70,3,4414,-,-,81.70_81.60_81.50_81.40_81.30_,3_11_20_17_10_
11:08:22,81.70,3,4414,-,-,81.70_81.60_81.50_81.40_81.30_,3_11_20_17_27_
11:08:37,81.70,3,4417,81.70_,12_,81.60_81.50_81.40_81.30_81.20_,11_21_17_10_24_
11:09:02,81.70,3,4417,81.70_,12_,81.60_81.50_81.40_81.30_81.20_,11_21_17_11_25_
11:09:13,81.70,3,4420,81.70_,9_,81.60_81.50_81.40_81.30_81.20_,11_21_17_11_25_
11:11:11,81.70,1,4434,81.70_,8_,81.60_81.50_81.40_81.30_81.20_,5_20_17_11_26_
11:12:07,81.70,1,4435,81.70_,10_,81.60_81.50_81.40_81.30_81.20_,5_20_17_11_26_
11:13:24,81.60,1,4442,81.70_,9_,81.60_81.50_81.40_81.30_81.20_,5_20_16_11_26_
11:13:44,81.60,1,4442,81.70_,10_,81.60_81.50_81.40_81.30_81.20_,6_20_16_11_26_
11:14:51,81.60,1,4445,81.70_,11_,81.60_81.50_81.40_81.30_81.20_,5_18_16_11_26_
11:16:23,81.70,1,4451,81.70_,8_,81.60_81.50_81.40_81.30_81.20_,4_19_16_11_26_
11:17:56,81.70,1,4466,-,-,81.70_81.60_81.50_81.40_81.30_,8_6_19_16_29_
11:18:47,81.70,5,4471,-,-,81.70_81.60_81.50_81.40_81.30_,3_5_19_16_29_
11:20:04,81.70,1,4490,-,-,81.70_81.60_81.50_81.40_81.30_,4_8_19_16_29_
11:20:09,81.70,4,4494,81.70_,2_,81.60_81.50_81.40_81.30_81.20_,8_19_16_29_8_
11:20:14,81.70,4,4494,81.70_,2_,81.60_81.50_81.40_81.30_81.20_,8_19_16_12_25_
11:22:38,81.70,1,4503,-,-,81.60_81.50_81.40_81.30_81.20_,17_19_16_13_25_
11:23:29,81.70,1,4505,81.70_,8_,81.60_81.50_81.40_81.30_81.20_,16_19_16_13_25_
11:24:30,81.60,1,4507,81.70_,9_,81.60_81.50_81.40_81.30_81.20_,14_19_16_13_25_
11:25:06,81.70,1,4508,81.70_,10_,81.60_81.50_81.40_81.30_81.20_,14_19_16_13_25_
11:26:39,81.60,2,4518,81.70_,14_,81.60_81.50_81.40_81.30_81.20_,9_19_16_13_25_
11:27:51,81.60,5,4523,81.70_,15_,81.60_81.50_81.40_81.30_81.20_,7_19_16_13_25_
11:29:23,81.70,5,4531,81.70_,8_,81.60_81.50_81.40_81.30_81.20_,11_19_16_13_25_
11:32:43,81.70,5,4539,81.70_,9_,81.60_81.50_81.40_81.30_81.20_,20_20_16_13_25_
11:34:05,81.70,1,4543,81.70_,10_,81.60_81.50_81.40_81.30_81.20_,21_20_16_13_25_
11:38:22,81.70,1,4559,-,-,81.70_81.60_81.50_81.40_81.30_,69_20_20_16_30_
11:39:54,81.70,1,4560,-,-,81.70_81.60_81.50_81.40_81.30_,72_20_20_16_30_
11:40:09,81.70,1,4560,-,-,81.70_81.60_81.50_81.40_81.30_,83_19_20_16_30_
11:42:17,81.70,1,4565,-,-,81.70_81.60_81.50_81.40_81.30_,84_19_20_16_30_
11:43:19,81.70,20,4587,-,-,81.70_81.60_81.50_81.40_81.30_,75_19_20_16_30_
11:43:39,81.70,11,4598,-,-,81.70_81.60_81.50_81.40_81.30_,64_19_20_16_30_
11:44:21,81.70,1,4600,-,-,81.70_81.60_81.50_81.40_81.30_,51_19_20_16_30_
11:44:36,81.70,1,4601,-,-,81.70_81.60_81.50_81.40_81.30_,50_19_25_16_30_
11:48:16,81.70,1,4603,-,-,81.70_81.60_81.50_81.40_81.30_,59_19_25_16_30_
11:50:55,81.70,6,4609,-,-,81.70_81.60_81.50_81.40_81.30_,54_19_25_17_29_
11:51:41,81.70,5,4614,-,-,81.70_81.60_81.50_81.40_81.30_,49_19_25_17_29_
11:53:34,81.70,5,4614,-,-,81.70_81.60_81.50_81.40_81.30_,52_19_25_16_29_
11:55:07,81.70,5,4614,-,-,81.70_81.60_81.50_81.40_81.30_,51_20_25_16_29_
11:55:58,81.70,5,4614,-,-,81.70_81.60_81.50_81.40_81.30_,52_20_25_16_29_
12:02:27,81.70,1,4647,-,-,81.70_81.60_81.50_81.40_81.30_,36_25_25_16_29_
12:03:49,81.70,1,4647,-,-,81.70_81.60_81.50_81.40_81.30_,37_25_25_16_29_
12:10:14,81.70,2,4660,-,-,81.70_81.60_81.50_81.40_81.30_,29_21_25_16_29_
12:13:39,81.70,1,4667,-,-,81.70_81.60_81.50_81.40_81.30_,23_21_25_16_29_
12:16:59,81.60,1,4697,81.70_,17_,81.60_81.50_81.40_81.30_81.20_,24_25_16_13_25_
12:18:06,81.70,4,4702,81.70_,18_,81.60_81.50_81.40_81.30_81.20_,23_25_16_13_25_
12:19:48,81.60,1,4705,81.70_,16_,81.60_81.50_81.40_81.30_81.20_,22_25_16_15_25_
12:26:38,81.60,1,4760,81.60_81.70_,4_38_,81.50_81.40_81.30_81.20_81.10_,23_16_13_10_20_
12:28:46,81.50,6,4780,81.60_81.70_,5_36_,81.50_81.40_81.30_81.20_81.10_,5_15_14_10_20_
12:29:22,81.50,2,4785,81.50_81.60_81.70_,1_5_41_,81.40_81.30_81.20_81.10_81.00_,15_14_10_20_8_
12:29:27,81.50,2,4785,81.50_81.60_81.70_,1_5_41_,81.40_81.30_81.20_81.10_81.00_,15_14_9_5_24_
12:30:29,81.50,1,4788,81.50_81.60_81.70_,1_2_43_,81.40_81.30_81.20_81.10_81.00_,15_14_9_6_24_
12:30:44,81.60,1,4790,81.60_81.70_,1_44_,81.50_81.40_81.30_81.20_81.10_,1_15_14_10_21_
12:32:57,81.40,3,4799,81.50_81.60_81.70_,4_32_44_,81.40_81.30_81.20_81.10_81.00_,8_11_11_8_19_
12:33:07,81.40,1,4800,81.50_81.60_81.70_,4_32_44_,81.40_81.30_81.20_81.10_81.00_,7_11_11_8_19_
12:34:25,81.40,1,4809,81.40_81.50_81.60_81.70_,2_3_32_46_,81.30_81.20_81.10_81.00_80.90_,11_11_7_4_23_
12:34:55,81.30,1,4810,81.40_81.50_81.60_81.70_,2_3_32_46_,81.30_81.20_81.10_81.00_80.90_,10_11_7_4_23_
12:35:26,81.40,2,4813,81.50_81.60_81.70_,3_32_46_,81.40_81.30_81.20_81.10_81.00_,1_9_11_7_4_
12:35:31,81.30,3,4816,81.50_81.60_81.70_,3_32_46_,81.30_81.20_81.10_81.00_80.90_,7_11_8_19_7_
12:36:28,81.30,2,4819,81.40_81.50_81.60_81.70_,5_4_33_44_,81.30_81.20_81.10_81.00_80.90_,5_11_7_4_23_
12:36:53,81.30,1,4825,81.30_81.40_81.50_81.60_81.70_,2_5_4_3_44_,81.20_81.10_81.00_80.90_80.80_,11_7_3_8_17_
12:38:46,81.00,1,4851,81.10_81.20_81.30_81.40_81.50_,2_9_2_5_3_,81.00_80.90_80.80_80.70_80.60_,1_3_2_8_31_
12:38:56,81.00,1,4851,81.10_81.20_81.30_81.40_81.50_,2_9_2_5_3_,81.00_80.90_80.80_80.70_80.60_,3_3_2_8_31_
12:40:08,80.80,2,4870,80.80_80.90_81.00_81.10_81.20_,1_1_3_1_9_,80.70_80.60_80.50_80.40_80.30_,5_15_8_6_26_
12:43:02,80.80,3,4892,81.00_81.10_81.20_81.30_81.40_,4_1_9_2_7_,80.80_80.70_80.60_80.50_80.40_,13_4_5_10_21_
12:43:54,80.90,8,4900,80.90_81.00_81.10_81.20_81.30_,2_6_1_9_2_,80.80_80.70_80.60_80.50_80.40_,8_1_6_26_5_
12:44:04,80.80,5,4905,80.90_81.00_81.10_81.20_81.30_,2_6_1_9_2_,80.80_80.70_80.60_80.50_80.40_,3_1_5_11_21_
12:44:45,80.80,5,4905,80.90_81.00_81.10_81.20_81.30_,2_6_1_9_2_,80.80_80.70_80.60_80.50_80.40_,2_1_6_11_21_
12:48:31,80.70,2,4924,81.00_81.10_81.30_81.40_81.50_,5_1_2_6_7_,80.70_80.60_80.50_80.40_80.30_,5_11_10_5_24_
12:49:37,80.80,1,4931,81.00_81.10_81.30_81.40_81.50_,5_1_2_8_7_,80.60_80.50_80.40_80.30_80.20_,12_9_5_9_21_
12:52:37,80.70,4,4938,80.90_81.00_81.10_81.30_81.40_,4_5_1_2_8_,80.80_80.70_80.60_80.50_80.40_,3_4_5_10_21_
12:54:14,80.70,2,4947,80.80_80.90_81.00_81.10_81.30_,1_2_8_1_2_,80.70_80.60_80.50_80.40_80.30_,2_6_10_6_24_
12:54:45,80.70,2,4947,80.80_80.90_81.00_81.10_81.40_,6_2_8_1_8_,80.70_80.60_80.50_80.40_80.30_,2_6_10_6_24_
12:56:58,80.70,1,4953,80.80_81.00_81.10_81.30_81.40_,6_9_1_1_8_,80.60_80.50_80.40_80.30_80.20_,6_10_6_24_5_
12:57:04,80.70,1,4953,80.70_80.80_81.00_81.10_81.30_,1_6_9_10_1_,80.60_80.50_80.40_80.30_80.20_,6_10_5_9_21_
12:59:06,80.70,4,4958,80.80_81.00_81.10_81.30_81.40_,6_9_1_1_8_,80.60_80.50_80.40_80.30_80.20_,11_10_7_11_23_
12:59:17,80.80,3,4961,80.80_81.00_81.10_81.30_81.40_,3_9_1_1_8_,80.60_80.50_80.40_80.30_80.20_,11_10_7_11_23_
13:00:44,81.00,1,4965,81.00_81.10_81.40_81.50_81.60_,8_1_8_7_3_,80.80_80.70_80.60_80.50_80.40_,8_5_6_11_23_
13:02:57,81.10,2,4984,81.40_81.50_81.60_81.70_,8_7_5_70_,80.90_80.80_80.70_80.60_80.50_,5_1_2_19_11_
13:03:33,81.40,1,4994,81.50_81.60_81.70_,6_5_70_,81.40_81.10_81.00_80.90_80.70_,4_1_1_8_10_
13:05:47,81.60,1,5019,81.70_,63_,81.60_81.50_81.10_81.00_80.90_,2_4_9_2_8_
13:06:43,81.70,1,5022,81.70_,65_,81.60_81.50_81.30_81.20_81.10_,3_7_1_2_16_
13:07:29,81.70,3,5025,81.70_,73_,81.60_81.50_81.30_81.20_81.10_,3_7_1_4_16_
13:07:45,81.70,3,5025,81.70_,74_,81.60_81.50_81.30_81.20_81.10_,3_7_1_4_16_
13:09:22,81.60,10,5042,81.60_81.70_,1_116_,81.50_81.20_81.00_80.80_80.70_,3_5_9_2_12_
13:10:44,81.60,5,5049,81.70_,72_,81.60_81.50_81.30_81.20_81.10_,1_4_1_4_16_
13:11:56,81.60,2,5057,81.60_81.70_,4_74_,81.50_81.20_81.00_80.80_80.70_,6_6_9_2_12_
13:15:01,81.60,1,5075,81.60_81.70_,1_82_,81.30_81.20_81.10_81.00_80.90_,7_7_1_5_16_
13:16:33,81.40,1,5076,81.50_81.60_81.70_,1_3_83_,81.40_81.30_81.20_81.10_81.00_,4_7_7_1_20_
13:16:48,81.40,1,5076,81.50_81.60_81.70_,1_3_83_,81.40_81.30_81.20_81.10_81.00_,5_7_7_1_20_
13:17:45,81.60,1,5080,81.70_,84_,81.60_81.40_81.30_81.20_81.10_,1_5_8_7_8_
13:19:22,81.70,2,5093,81.70_,76_,81.40_81.30_81.20_81.00_80.80_,1_4_7_12_11_
13:20:59,81.70,8,5128,81.70_,46_,81.50_81.40_81.30_81.20_81.00_,5_3_4_7_20_
13:22:11,81.70,8,5152,81.70_,27_,81.40_81.30_81.20_81.00_80.80_,5_4_8_12_11_
13:23:49,81.70,1,5157,81.70_,24_,81.50_81.40_81.30_81.20_81.00_,2_11_4_7_21_
13:25:35,81.70,1,5163,-,-,81.70_81.60_81.50_81.40_81.30_,28_5_1_10_5_
13:29:21,81.70,1,5163,81.70_,4_,81.60_81.50_81.40_81.30_81.20_,5_2_20_5_19_
13:29:51,81.70,1,5163,81.70_,9_,81.60_81.50_81.40_81.30_81.20_,5_2_20_5_19_
13:30:00,81.70,75,5238,81.70_,9_,81.60_81.50_81.40_81.30_81.20_,5_2_20_5_19_
